# alpha=0.2642160250891023, beta=0.0018605817556909033
1.115934935028505030e-08 1.382202025162640322e-09 3.155973753466155773e-09 -8.502178354192214613e-09 1.200244013230932586e-08 -9.464806257290009902e-09 1.023310932460157877e-08 -1.213721435445857738e-08 8.143511278670024321e-09 1.523076124897257636e-09 -4.107300995684969301e-09 -9.227827941244892651e-09 -9.053470433098606805e-10 4.692941411040510910e-09 1.669220395991066219e-08 -1.170376050392194936e-08 4.761409649322054654e-09 3.298237221559383023e-08
1.382202025162641770e-09 5.327281670039864426e-08 -1.016880679134981455e-08 -3.957661417872962997e-08 5.858082365752858216e-08 -5.598180681573001981e-08 -6.564413052107211405e-09 -8.109639132489685368e-08 -3.400729861926526206e-08 -7.221340735299826421e-11 -8.236708816492498501e-09 -7.264099342606149283e-09 -1.267646364363998385e-08 1.949871512818181346e-08 7.604382384684404139e-08 -2.139791922687319375e-08 6.627956889322225260e-08 7.252839208906746513e-08
3.155973753466154946e-09 -1.016880679134981455e-08 1.313234753216535817e-07 3.552914265288916985e-08 -8.643804286526947693e-08 -7.170364997390597776e-08 7.340205175402690073e-08 -6.945172391634880969e-08 -3.106553577790150330e-07 4.852982865832442897e-09 -1.162106462469309884e-09 -7.031519519005673549e-09 5.602590253000810116e-09 -2.375282602009634153e-08 -8.101032380181679579e-08 -3.834035418525133820e-08 -2.429617349713902250e-08 9.810456295617192823e-08
-8.502178354192217922e-09 -3.957661417872962997e-08 3.552914265288916985e-08 2.583636503587532320e-07 -1.838915548260936972e-07 9.426277429282282607e-08 -1.475001720948218502e-08 1.423685627028588822e-07 1.866538682437391529e-07 -5.019716141605361818e-09 1.558542829711661330e-08 2.448029552657587849e-08 -1.433517225706500765e-08 -5.151893491399635957e-08 -2.359817719780392367e-07 -9.607392564644944718e-09 -3.775606348619473554e-08 -1.098955144991469643e-07
1.200244013230932586e-08 5.858082365752858216e-08 -8.643804286526947693e-08 -1.838915548260936972e-07 8.218093239367686277e-07 -1.685829984584134511e-07 -6.510921859631078547e-08 -6.125702841498004865e-07 -4.282941389806878720e-07 1.693534897995689546e-08 -3.568260243432329864e-08 -4.697248741094610606e-08 5.224572673307658433e-08 9.352674489813558194e-08 3.472747233210019741e-07 1.968274337335702654e-07 -4.980561485904422399e-08 1.303261144818992403e-07
-9.464806257290008248e-09 -5.598180681573001981e-08 -7.170364997390597776e-08 9.426277429282282607e-08 -1.685829984584134511e-07 1.149874139425822407e-06 -5.215453398712000030e-07 5.262023097533387668e-07 2.102276648949671707e-07 -4.879233343804252754e-09 2.337304556506066341e-08 2.677556823497971681e-08 1.050915157512793086e-09 -1.383837912803710949e-07 -2.827262198488299147e-07 5.135502635820212103e-08 -1.591891860043635663e-07 7.998428191709176725e-08
1.023310932460157711e-08 -6.564413052107216368e-09 7.340205175402690073e-08 -1.475001720948217179e-08 -6.510921859631082518e-08 -5.215453398712000030e-07 1.758295908215794502e-06 -4.894866680667744207e-07 -8.909744854537942028e-07 -4.549840143996072192e-09 -6.152788657226488258e-09 2.054674276296197497e-08 -9.015668253927628716e-10 1.105510613717154108e-07 -2.154023494722656095e-07 -2.025515074129009120e-07 1.618624103494790860e-08 2.886364096934219532e-07
-1.213721435445857407e-08 -8.109639132489684045e-08 -6.945172391634882293e-08 1.423685627028588822e-07 -6.125702841498003806e-07 5.262023097533387668e-07 -4.894866680667744207e-07 2.599695771490174874e-06 1.205010131937097657e-06 -4.441287476141983484e-08 4.933367531183989367e-08 1.444883893186291528e-08 -1.103561647529452140e-07 -1.061810745014031848e-07 -3.151650134693836230e-07 -6.946324220757737061e-08 -1.405898763938146450e-07 -3.575321471864293101e-07
8.143511278670024321e-09 -3.400729861926526206e-08 -3.106553577790150330e-07 1.866538682437391529e-07 -4.282941389806878720e-07 2.102276648949671178e-07 -8.909744854537944146e-07 1.205010131937097445e-06 6.936887901826825781e-06 -8.945442085753172514e-08 6.503433920983609149e-08 2.157215323205508051e-08 -2.417960402277405206e-07 -4.995962669033187708e-08 9.419624834288918568e-08 1.125427076624540653e-07 -4.850827244427221596e-08 -1.171888302228314000e-06
1.523076124897257429e-09 -7.221340735299878119e-11 4.852982865832442897e-09 -5.019716141605360991e-09 1.693534897995689546e-08 -4.879233343804252754e-09 -4.549840143996072192e-09 -4.441287476141982822e-08 -8.945442085753171191e-08 8.281828469707910674e-09 -3.325679119271584179e-09 -4.293043202017150731e-09 9.863999955054633380e-09 -9.100598047487996394e-10 9.325372695340331611e-09 -4.772224010151735286e-09 -1.402766654541199305e-09 2.668851752076745951e-08
-4.107300995684969301e-09 -8.236708816492498501e-09 -1.162106462469310918e-09 1.558542829711661330e-08 -3.568260243432329864e-08 2.337304556506066672e-08 -6.152788657226490739e-09 4.933367531183989367e-08 6.503433920983609149e-08 -3.325679119271584593e-09 1.872372247573011253e-08 8.724654367451466339e-09 -6.828931799940831013e-09 -9.648763914505439310e-09 -3.418530005174607098e-08 1.426567763342872101e-08 -1.221639151375530955e-08 -3.008574105164739956e-08
-9.227827941244892651e-09 -7.264099342606149283e-09 -7.031519519005671895e-09 2.448029552657588179e-08 -4.697248741094610606e-08 2.677556823497971681e-08 2.054674276296197497e-08 1.444883893186291694e-08 2.157215323205507720e-08 -4.293043202017150731e-09 8.724654367451466339e-09 5.364622980521631332e-08 -5.029861796080498960e-09 -3.002825953955819238e-09 -5.682785603092047267e-08 2.555949666177582039e-08 -3.629187490166627906e-08 -5.465170548143473422e-08
-9.053470433098610941e-10 -1.267646364363998385e-08 5.602590253000810943e-09 -1.433517225706501096e-08 5.224572673307658433e-08 1.050915157512788536e-09 -9.015668253927570813e-10 -1.103561647529452140e-07 -2.417960402277405206e-07 9.863999955054635034e-09 -6.828931799940831013e-09 -5.029861796080499787e-09 1.217491662336296405e-07 -2.221750919784850642e-08 1.403419681492353436e-08 -1.382206031487505560e-08 -3.201368936425128044e-08 1.857833812568495683e-08
4.692941411040510910e-09 1.949871512818181346e-08 -2.375282602009633822e-08 -5.151893491399635295e-08 9.352674489813556871e-08 -1.383837912803710949e-07 1.105510613717153975e-07 -1.061810745014031848e-07 -4.995962669033187708e-08 -9.100598047487991224e-10 -9.648763914505439310e-09 -3.002825953955819652e-09 -2.221750919784850311e-08 2.263616228000899355e-07 6.708101239762653519e-08 -4.798886118005080497e-09 5.657803687311144100e-09 -2.120903476575454004e-08
1.669220395991066219e-08 7.604382384684404139e-08 -8.101032380181679579e-08 -2.359817719780392367e-07 3.472747233210019741e-07 -2.827262198488299147e-07 -2.154023494722656359e-07 -3.151650134693836760e-07 9.419624834288918568e-08 9.325372695340331611e-09 -3.418530005174608422e-08 -5.682785603092047929e-08 1.403419681492353270e-08 6.708101239762654843e-08 7.668616850016455174e-07 4.474419800013462903e-08 1.320210462817513713e-07 -5.726970609785763191e-08
-1.170376050392194936e-08 -2.139791922687319044e-08 -3.834035418525133820e-08 -9.607392564644934791e-09 1.968274337335702654e-07 5.135502635820208794e-08 -2.025515074129009384e-07 -6.946324220757737061e-08 1.125427076624540653e-07 -4.772224010151735286e-09 1.426567763342872101e-08 2.555949666177582039e-08 -1.382206031487505891e-08 -4.798886118005079670e-09 4.474419800013462903e-08 7.164175924870537970e-07 -1.530631970185235770e-07 -8.238379595149671585e-08
4.761409649322056308e-09 6.627956889322223936e-08 -2.429617349713900596e-08 -3.775606348619472231e-08 -4.980561485904422399e-08 -1.591891860043635398e-07 1.618624103494790199e-08 -1.405898763938146715e-07 -4.850827244427221596e-08 -1.402766654541197650e-09 -1.221639151375530790e-08 -3.629187490166627245e-08 -3.201368936425128044e-08 5.657803687311140791e-09 1.320210462817513713e-07 -1.530631970185235770e-07 1.123460939381162915e-06 1.338929350825816318e-07
3.298237221559383023e-08 7.252839208906746513e-08 9.810456295617192823e-08 -1.098955144991469775e-07 1.303261144818992139e-07 7.998428191709175401e-08 2.886364096934219532e-07 -3.575321471864292572e-07 -1.171888302228313789e-06 2.668851752076745951e-08 -3.008574105164739956e-08 -5.465170548143473422e-08 1.857833812568495021e-08 -2.120903476575454334e-08 -5.726970609785765176e-08 -8.238379595149671585e-08 1.338929350825816318e-07 2.403736927504715778e-06
