# alpha=0.2167752012565815, beta=0.0029824255286824333
9.279912622143439360e-09 -2.575497625673903752e-09 -1.079062542477079340e-09 2.775603262170924201e-09 -5.342061513231882047e-08 3.614625228958787817e-08 -6.380160664833013312e-09 1.340362110928215805e-08 2.726872105440552303e-08 -3.665174418175109198e-09 2.796787806525919473e-10 -6.822538895766448635e-09 2.938062950140802886e-09 1.057666194199274439e-08 7.397620277189911480e-09 1.716221651081697100e-08 7.513741971057330006e-09 -7.512482841714708114e-08
-2.575497625673903752e-09 5.957325004982454965e-08 -4.376120427174092403e-08 9.451092566956572524e-09 -3.305749065984377475e-08 -1.617380608109721157e-08 -7.154738308791525527e-08 -2.495076379476438053e-08 2.561028395301947332e-08 5.251906020394078114e-10 -5.577737898033312298e-09 -4.818810551146961192e-09 4.396004019457813133e-09 -5.384531428878283136e-08 -1.055208480909982023e-08 -2.751762723021441524e-10 -9.311369764787778832e-08 7.293599787110721292e-08
-1.079062542477079340e-09 -4.376120427174092403e-08 1.412056942809622603e-07 -5.901801411557489012e-08 6.192179135757712896e-08 -2.433380335597609610e-08 -3.867388191374200428e-08 1.099297443648945444e-07 -9.407108600716002579e-08 4.145075201967650134e-09 -4.848951353622149773e-09 1.123719481445997823e-08 -2.341589277469372432e-08 4.448542692695619793e-08 -6.616413758395000969e-08 3.341216718057169996e-08 2.046774575327353011e-08 -1.068894826125295001e-08
2.775603262170924615e-09 9.451092566956574178e-09 -5.901801411557489012e-08 2.401886378301469892e-07 -1.773615546577955368e-07 6.291495286058799150e-08 -1.544971069247691555e-07 1.207797664361674054e-08 -5.521556455189661486e-08 -5.314074684714873032e-09 7.994628836655197515e-09 -6.670906859105856372e-09 -2.743986744920138803e-08 -7.946284324898896525e-10 1.087251724202271314e-07 -3.366721481797518590e-08 -5.977743957497158694e-08 -8.510890681049909386e-08
-5.342061513231882047e-08 -3.305749065984376813e-08 6.192179135757712896e-08 -1.773615546577955368e-07 1.058779786001205831e-06 -4.625795853782610720e-07 5.916939406408067471e-08 2.503393409171270859e-07 -5.642657299083375141e-07 4.012555049312615766e-08 1.955700605843447828e-09 9.984988108241898174e-08 -2.481212891307362316e-08 -9.751324912223575909e-08 -4.292312502381217080e-08 -1.923262573035845264e-07 2.814542929263987704e-08 6.831591203957667428e-07
3.614625228958787817e-08 -1.617380608109722150e-08 -2.433380335597610272e-08 6.291495286058796503e-08 -4.625795853782610720e-07 9.259797362800386009e-07 1.381274079568287169e-07 2.288956648511452516e-07 9.648267657164187022e-08 -1.623514821306448105e-08 3.759679292926130664e-08 -5.664721229157647320e-08 1.829539174778678126e-09 1.248658780499996985e-08 8.568389272525215522e-08 -5.868012026842270800e-08 7.814652224402224263e-09 -4.910134049709849568e-07
-6.380160664833014966e-09 -7.154738308791526851e-08 -3.867388191374201090e-08 -1.544971069247691290e-07 5.916939406408070780e-08 1.381274079568287169e-07 2.052854865004700538e-06 -7.541578529554277683e-07 8.000892670408807226e-08 1.161364030991557129e-08 3.645781885637182581e-08 -2.254372302252252098e-08 1.079624189155582751e-07 4.799288859758266648e-08 9.340842012808186358e-08 -1.833321714813041864e-07 3.215138887853270142e-07 -8.020564880939850972e-08
1.340362110928215474e-08 -2.495076379476437722e-08 1.099297443648945444e-07 1.207797664361675047e-08 2.503393409171270330e-07 2.288956648511452516e-07 -7.541578529554276624e-07 4.938370774486154650e-06 -6.791934154381644616e-07 3.146476116899012462e-08 1.007661815108551379e-07 2.014011252864192361e-07 -8.765792998162833251e-08 6.809164733821501664e-08 4.668443481049190361e-09 -7.312737214648218842e-07 3.227392193043310129e-07 -4.319937433902537721e-07
2.726872105440551310e-08 2.561028395301947663e-08 -9.407108600716002579e-08 -5.521556455189661486e-08 -5.642657299083375141e-07 9.648267657164184375e-08 8.000892670408811197e-08 -6.791934154381644616e-07 3.066701967870377857e-06 -3.404274408622637275e-08 -3.899286042573731348e-08 -9.358798180303243237e-08 7.738387624032221286e-08 1.549582876600319077e-07 6.681365523939897111e-08 5.430700168316584227e-08 2.133509026922533241e-07 -6.036812150170074455e-07
-3.665174418175109198e-09 5.251906020394080182e-10 4.145075201967650134e-09 -5.314074684714872205e-09 4.012555049312615766e-08 -1.623514821306448436e-08 1.161364030991556633e-08 3.146476116899013124e-08 -3.404274408622637275e-08 8.853223844382208810e-09 1.061314059373492598e-09 6.031436676231328015e-09 -1.240754513597980802e-09 -7.070835621847714990e-09 -2.148897315038676097e-09 -1.929008979973051930e-08 -5.268288314956240752e-09 3.681860509482314492e-08
2.796787806525920507e-10 -5.577737898033313125e-09 -4.848951353622149773e-09 7.994628836655199169e-09 1.955700605843446173e-09 3.759679292926130664e-08 3.645781885637183243e-08 1.007661815108551379e-07 -3.899286042573731348e-08 1.061314059373492598e-09 2.404493650730999610e-08 3.532075107225761957e-09 -8.020356498551785752e-10 -2.973464963382999916e-09 1.522169968172819981e-08 -3.726801613915628846e-08 1.124702109183745931e-08 -1.130501176932995419e-08
-6.822538895766448635e-09 -4.818810551146962019e-09 1.123719481445997823e-08 -6.670906859105853891e-09 9.984988108241896850e-08 -5.664721229157647320e-08 -2.254372302252252098e-08 2.014011252864192361e-07 -9.358798180303243237e-08 6.031436676231328015e-09 3.532075107225761957e-09 6.730815641118137735e-08 -1.026670615807266903e-08 4.328969403262692339e-10 -6.459012764763762618e-10 -5.634740063637279936e-08 2.481558489291129081e-08 4.477676121078331954e-08
2.938062950140803299e-09 4.396004019457811478e-09 -2.341589277469372432e-08 -2.743986744920138803e-08 -2.481212891307362316e-08 1.829539174778674817e-09 1.079624189155582619e-07 -8.765792998162833251e-08 7.738387624032221286e-08 -1.240754513597980802e-09 -8.020356498551785752e-10 -1.026670615807266903e-08 1.305719523633089721e-07 -4.307372972644155187e-09 2.556249678665156269e-09 1.217654365825139600e-08 2.726626003044978651e-08 -3.753328210599092002e-08
1.057666194199274439e-08 -5.384531428878283136e-08 4.448542692695619793e-08 -7.946284324898857234e-10 -9.751324912223574586e-08 1.248658780499995827e-08 4.799288859758265324e-08 6.809164733821502988e-08 1.549582876600319077e-07 -7.070835621847714990e-09 -2.973464963383001983e-09 4.328969403262694924e-10 -4.307372972644160150e-09 3.603134034343517567e-07 3.746331562443759937e-08 6.273226138695526525e-08 1.741460736992450241e-07 -2.964726935151782849e-07
7.397620277189909825e-09 -1.055208480909982023e-08 -6.616413758395000969e-08 1.087251724202271314e-07 -4.292312502381215757e-08 8.568389272525215522e-08 9.340842012808186358e-08 4.668443481049192015e-09 6.681365523939897111e-08 -2.148897315038676097e-09 1.522169968172819981e-08 -6.459012764763741939e-10 2.556249678665156269e-09 3.746331562443759937e-08 6.134630810323108607e-07 -1.467560429199408723e-07 1.897063128469262062e-08 -1.896395130258036441e-07
1.716221651081697100e-08 -2.751762723021414123e-10 3.341216718057169334e-08 -3.366721481797519914e-08 -1.923262573035845264e-07 -5.868012026842274109e-08 -1.833321714813041864e-07 -7.312737214648218842e-07 5.430700168316584227e-08 -1.929008979973051930e-08 -3.726801613915628846e-08 -5.634740063637279936e-08 1.217654365825140097e-08 6.273226138695526525e-08 -1.467560429199408723e-07 1.149921222850429657e-06 -8.821039386443366747e-08 -2.012183737169519258e-07
7.513741971057328352e-09 -9.311369764787778832e-08 2.046774575327353342e-08 -5.977743957497158694e-08 2.814542929263990020e-08 7.814652224402156434e-09 3.215138887853269613e-07 3.227392193043310129e-07 2.133509026922533241e-07 -5.268288314956241580e-09 1.124702109183746096e-08 2.481558489291128419e-08 2.726626003044978321e-08 1.741460736992450241e-07 1.897063128469261070e-08 -8.821039386443366747e-08 1.658542264724262808e-06 -4.011547319057929709e-07
-7.512482841714708114e-08 7.293599787110721292e-08 -1.068894826125295001e-08 -8.510890681049908063e-08 6.831591203957667428e-07 -4.910134049709849568e-07 -8.020564880939850972e-08 -4.319937433902537721e-07 -6.036812150170074455e-07 3.681860509482314492e-08 -1.130501176932995419e-08 4.477676121078331954e-08 -3.753328210599091341e-08 -2.964726935151782849e-07 -1.896395130258036177e-07 -2.012183737169519258e-07 -4.011547319057930238e-07 3.389352902981008298e-06
