# alpha=0.24040206000446135, beta=0.0012595473385119391
9.524977995455956620e-09 3.226804645387501004e-09 -5.234211840740816948e-09 4.275591061165130095e-09 -2.286596679757905121e-08 5.477995255400876418e-08 -3.680077407099474861e-09 -7.050604173288028664e-09 -3.636511736726279474e-08 9.499925973844500908e-10 2.520791061845766791e-10 6.968697226282046694e-10 -2.598651894421520627e-10 -1.222299502299850927e-08 -2.430648949421874943e-09 5.486406056706848920e-09 5.210418946540736014e-09 1.345342675985110002e-08
3.226804645387501004e-09 2.125874856840017651e-08 -1.135429736979527573e-08 -4.318066748258960129e-09 -4.531515601653529004e-08 3.138104494498364109e-08 1.373823152096998277e-08 -9.677049129318828189e-09 -2.390254253831143299e-08 1.331861444867787293e-09 -2.247632979078522102e-09 1.784385705769921799e-09 2.560732629077350790e-09 -1.544719202703856978e-08 -1.194538205719128221e-08 9.266582549699297981e-09 1.737959000825199469e-09 -7.281556532262839295e-09
-5.234211840740816948e-09 -1.135429736979527573e-08 9.935867608368370443e-08 -6.955822706445855493e-08 -2.881570431583751909e-08 -6.715142826995275635e-08 6.530003725409053241e-08 1.230511070785193443e-07 -4.427073639108650870e-08 -4.274083415644078189e-09 -5.369167702142519868e-09 -9.642573565151392443e-09 9.505815956022148770e-09 8.538732830032324496e-09 -9.594680858379937721e-09 3.912311308834896948e-08 -1.048396366760109047e-08 1.755760101381054066e-08
4.275591061165129268e-09 -4.318066748258959302e-09 -6.955822706445855493e-08 2.509978970840363148e-07 -2.498402877747105756e-08 -1.138139671965942579e-07 -9.950852259164602298e-08 2.236963934632689570e-08 7.042254879869429520e-08 4.599824765655307342e-09 5.021891760792708995e-09 9.899891932271524753e-09 -2.421649002727969260e-08 -2.495299598925148001e-08 7.688662254841305415e-09 -5.995328002622432947e-08 -1.323662240916430596e-08 -3.286671313480293470e-08
-2.286596679757905121e-08 -4.531515601653529004e-08 -2.881570431583751909e-08 -2.498402877747105094e-08 8.973466114167458879e-07 8.449712180778664945e-08 -1.500575717137774973e-07 2.426601123109451726e-08 5.171224946447234641e-08 6.533612327881771584e-09 1.954214023158948719e-08 4.060877771276133897e-08 -6.762750705676633510e-08 4.941327197486751454e-08 -3.141108590800699095e-08 3.674817728730510149e-09 -1.145315586271046881e-07 3.793945102456785442e-08
5.477995255400876418e-08 3.138104494498364109e-08 -6.715142826995275635e-08 -1.138139671965942579e-07 8.449712180778664945e-08 1.717414357218057144e-06 -2.204068167573200785e-07 3.906455804246853539e-07 -7.889653669689756503e-07 2.275833437599145835e-08 2.921459433541376123e-08 3.463240816891712323e-08 -9.932220029949653511e-08 -3.256466058258896160e-08 -1.728720877756218617e-07 1.943768699647844984e-07 -2.073682925255213244e-07 3.048285052646372204e-07
-3.680077407099474861e-09 1.373823152096998277e-08 6.530003725409053241e-08 -9.950852259164603621e-08 -1.500575717137774973e-07 -2.204068167573200785e-07 8.492608867800832055e-07 5.011380891990444038e-09 -3.321801544814359811e-07 -9.366002129228555951e-09 -1.235184270675311395e-08 1.303412454583145170e-08 4.470458966750852804e-09 -3.204931962764163045e-08 -2.474225438498561226e-08 9.471391401955238181e-09 1.290695196832542358e-07 -8.389615495514545506e-08
-7.050604173288032800e-09 -9.677049129318831497e-09 1.230511070785193443e-07 2.236963934632689901e-08 2.426601123109449741e-08 3.906455804246852480e-07 5.011380891990461408e-09 2.327980142031950669e-06 -9.736504588141650584e-07 1.308433625433547565e-08 -9.111146816956045879e-10 5.385696870917067226e-08 -7.715028017326116762e-08 -1.293257929140571152e-08 -1.967195150164573388e-07 -3.156054214758680245e-08 -2.502633246886402277e-07 2.498807518018456282e-07
-3.636511736726279474e-08 -2.390254253831143630e-08 -4.427073639108650870e-08 7.042254879869430843e-08 5.171224946447235303e-08 -7.889653669689756503e-07 -3.321801544814360341e-07 -9.736504588141652702e-07 3.395686347486969060e-06 -1.640764826704208944e-08 -2.520638718244832527e-09 1.789335090425562704e-08 -2.551895423124449476e-08 3.072427961957563765e-07 4.292297853987600303e-08 -2.195893642171486142e-07 1.128125985563048792e-07 -5.907517360460280516e-07
9.499925973844502976e-10 1.331861444867787499e-09 -4.274083415644079017e-09 4.599824765655307342e-09 6.533612327881770757e-09 2.275833437599145835e-08 -9.366002129228555951e-09 1.308433625433547565e-08 -1.640764826704208944e-08 4.186076804176464585e-09 9.117052454319537801e-10 1.200555705555397016e-09 -2.893371638402464194e-09 -3.866693385109867056e-09 -6.825825854286914926e-09 9.416419706749733099e-11 -3.676429847562633168e-09 6.471031147967930418e-09
2.520791061845768342e-10 -2.247632979078521274e-09 -5.369167702142519868e-09 5.021891760792709823e-09 1.954214023158949050e-08 2.921459433541376784e-08 -1.235184270675311560e-08 -9.111146816956045879e-10 -2.520638718244832527e-09 9.117052454319537801e-10 1.072184137290036940e-08 4.382190492432756020e-10 -5.138167429221343641e-09 6.840365306189366502e-10 -5.043823144111116998e-09 -1.074656609240571770e-09 -5.057496830640152700e-09 8.404392063571675147e-09
6.968697226282050830e-10 1.784385705769921592e-09 -9.642573565151392443e-09 9.899891932271526407e-09 4.060877771276133897e-08 3.463240816891712323e-08 1.303412454583145170e-08 5.385696870917067226e-08 1.789335090425562704e-08 1.200555705555397223e-09 4.382190492432754469e-10 3.769459677892495163e-08 -1.900340774781035194e-08 2.440525228411828214e-09 -2.160858507315291708e-08 -1.323376946531063143e-08 3.529736636740767949e-09 -6.207790769970816284e-09
-2.598651894421523212e-10 2.560732629077351203e-09 9.505815956022150424e-09 -2.421649002727969260e-08 -6.762750705676634833e-08 -9.932220029949653511e-08 4.470458966750856112e-09 -7.715028017326116762e-08 -2.551895423124449476e-08 -2.893371638402464194e-09 -5.138167429221343641e-09 -1.900340774781035194e-08 9.294964524838807521e-08 -1.747037405613903132e-08 4.532080655442935004e-08 -8.027871848420054094e-09 9.958782537447765195e-09 -2.185552983550091731e-08
-1.222299502299850927e-08 -1.544719202703856978e-08 8.538732830032326150e-09 -2.495299598925148001e-08 4.941327197486751454e-08 -3.256466058258896160e-08 -3.204931962764164368e-08 -1.293257929140571814e-08 3.072427961957563765e-07 -3.866693385109866229e-09 6.840365306189364434e-10 2.440525228411829455e-09 -1.747037405613903132e-08 2.250688258438176787e-07 -3.579037217051745761e-08 -1.394479824889470093e-08 -3.423853935334206376e-09 -7.374181632687063017e-08
-2.430648949421875357e-09 -1.194538205719128552e-08 -9.594680858379937721e-09 7.688662254841307069e-09 -3.141108590800699757e-08 -1.728720877756218617e-07 -2.474225438498561226e-08 -1.967195150164573388e-07 4.292297853987601627e-08 -6.825825854286914926e-09 -5.043823144111116171e-09 -2.160858507315291377e-08 4.532080655442935004e-08 -3.579037217051745761e-08 2.977766341407978161e-07 -1.577550556911750268e-08 -1.632071364400467755e-08 -1.486092702480741350e-09
5.486406056706848920e-09 9.266582549699299635e-09 3.912311308834897610e-08 -5.995328002622434270e-08 3.674817728730516353e-09 1.943768699647844984e-07 9.471391401955244798e-09 -3.156054214758678922e-08 -2.195893642171486142e-07 9.416419706749743439e-11 -1.074656609240571770e-09 -1.323376946531063309e-08 -8.027871848420054094e-09 -1.394479824889470093e-08 -1.577550556911750268e-08 5.241170146840518226e-07 -1.109731057386774958e-07 7.952422351187604517e-08
5.210418946540733533e-09 1.737959000825198642e-09 -1.048396366760109213e-08 -1.323662240916430265e-08 -1.145315586271046881e-07 -2.073682925255213509e-07 1.290695196832542358e-07 -2.502633246886402277e-07 1.128125985563048659e-07 -3.676429847562633168e-09 -5.057496830640151045e-09 3.529736636740769604e-09 9.958782537447765195e-09 -3.423853935334202653e-09 -1.632071364400467755e-08 -1.109731057386774958e-07 9.035740192143704909e-07 -6.664919808175795639e-08
1.345342675985110168e-08 -7.281556532262837641e-09 1.755760101381054728e-08 -3.286671313480291484e-08 3.793945102456785442e-08 3.048285052646372204e-07 -8.389615495514546829e-08 2.498807518018456282e-07 -5.907517360460279458e-07 6.471031147967931245e-09 8.404392063571675147e-09 -6.207790769970817938e-09 -2.185552983550091400e-08 -7.374181632687063017e-08 -1.486092702480738662e-09 7.952422351187603194e-08 -6.664919808175795639e-08 1.214255823001259231e-06
