# alpha=-0.4219225904354902, beta=0.8219225904354902
1.596527828262747872e-08 5.012845674162629329e-09 2.100244218548558131e-09 -5.402323289785426028e-09 1.039757508637117908e-07 -7.035362122674838815e-08 1.241808979761809663e-08 -2.608827258312807905e-08 -5.307474913387149914e-08 7.133749044863967548e-09 -5.443556040485888898e-10 1.327911711100889575e-08 -5.718528335345320844e-09 -2.058599221155401645e-08 -1.439843253433636468e-08 -3.340385249735197004e-08 -1.462444715961772681e-08 1.462199644057397636e-07
5.012845674162629329e-09 1.059971700425524478e-07 8.517505950809947212e-08 -1.839522895230090508e-08 6.434177900261476463e-08 3.148004992905355667e-08 1.392569677543642344e-07 4.856316973808557154e-08 -4.984683342287232424e-08 -1.022210003728984515e-09 1.085628618525833452e-08 9.379140320350961687e-09 -8.556206580378644234e-09 1.048023683329257565e-07 2.053815626207478489e-08 5.355921016937701316e-10 1.812327807280807108e-07 -1.419597120860273887e-07
2.100244218548558131e-09 8.517505950809947212e-08 2.488099199749301444e-07 1.148703045996856681e-07 -1.205221006026014378e-07 4.736234259078813045e-08 7.527329853532712303e-08 -2.139628621700534023e-07 1.830962031779716897e-07 -8.067808755919700779e-09 9.437805174007739175e-09 -2.187162700282010930e-08 4.557575811065471620e-08 -8.658465754777016255e-08 1.287792337939430292e-07 -6.503210721139843372e-08 -3.983760254188199055e-08 2.080454181694294812e-08
-5.402323289785427682e-09 -1.839522895230090839e-08 1.148703045996856681e-07 4.135670090199593980e-07 3.452094434746182856e-07 -1.224551504701237024e-07 3.007069959599837343e-07 -2.350809116150874211e-08 1.074693686964663219e-07 1.034310264156420284e-08 -1.556042614090027977e-08 1.298398657333673428e-08 5.340786163851863774e-08 1.546633031483106836e-09 -2.116183314658312675e-07 6.552852174236851398e-08 1.163484199708810245e-07 1.656525756749967188e-07
1.039757508637117908e-07 6.434177900261476463e-08 -1.205221006026014378e-07 3.452094434746182856e-07 1.892688394727368937e-06 9.003464225336303628e-07 -1.151649444830455467e-07 -4.872504908098232692e-07 1.098264271359638143e-06 -7.809876825657354128e-08 -3.806497518860785925e-09 -1.943438190197080363e-07 4.829333634354313889e-08 1.897958919329378799e-07 8.354385554553094793e-08 3.743361427871229256e-07 -5.478113901974292249e-08 -1.329673616198576031e-06
-7.035362122674838815e-08 3.148004992905357652e-08 4.736234259078814369e-08 -1.224551504701236759e-07 9.003464225336303628e-07 1.600377091224251520e-06 -2.688456679429123988e-07 -4.455133765007487669e-07 -1.877900266971648182e-07 3.159944380377925234e-08 -7.317689557120886759e-08 1.102558706552483790e-07 -3.560941950237919592e-09 -2.430339559989607271e-08 -1.667717052858113045e-07 1.142126415161952451e-07 -1.521012685380748269e-08 9.556888729107729056e-07
1.241808979761809828e-08 1.392569677543642608e-07 7.527329853532713627e-08 3.007069959599836814e-07 -1.151649444830456129e-07 -2.688456679429123988e-07 3.602095737836775262e-06 1.467862712486171931e-06 -1.557261781664575497e-07 -2.260432547423058229e-08 -7.096004194364108951e-08 4.387820175272062501e-08 -2.101337385202908051e-07 -9.341144080224530901e-08 -1.818064167878627531e-07 3.568304135028770177e-07 -6.257817869892287119e-07 1.561090702121683605e-07
-2.608827258312807244e-08 4.856316973808556492e-08 -2.139628621700534023e-07 -2.350809116150876196e-08 -4.872504908098231633e-07 -4.455133765007487669e-07 1.467862712486171931e-06 8.780642406467884201e-06 1.321954926519520224e-06 -6.124175395939702013e-08 -1.961272695626755327e-07 -3.919991032410067525e-07 1.706138925286249776e-07 -1.325308617656618365e-07 -9.086471863054718412e-09 1.423321953292252525e-06 -6.281667213531271454e-07 8.408153617507318537e-07
-5.307474913387147929e-08 -4.984683342287233086e-08 1.830962031779716897e-07 1.074693686964663219e-07 1.098264271359638143e-06 -1.877900266971647653e-07 -1.557261781664576556e-07 1.321954926519520224e-06 5.050543694211866306e-06 6.625943690575634317e-08 7.589414556623367802e-08 1.821559084575690151e-07 -1.506168848281249028e-07 -3.016046197165437903e-07 -1.300434290069196401e-07 -1.057009782305538856e-07 -4.152576725283178483e-07 1.174980996722690274e-06
7.133749044863967548e-09 -1.022210003728984929e-09 -8.067808755919700779e-09 1.034310264156420284e-08 -7.809876825657354128e-08 3.159944380377925896e-08 -2.260432547423057236e-08 -6.124175395939703336e-08 6.625943690575634317e-08 6.246445844368602360e-09 -2.065699280179421378e-09 -1.173934735953050947e-08 2.414955010707861468e-09 1.376239193791522654e-08 4.182527874430749786e-09 3.754546004735133618e-08 1.025398588086825294e-08 -7.166226186288673444e-08
-5.443556040485890965e-10 1.085628618525833782e-08 9.437805174007739175e-09 -1.556042614090028308e-08 -3.806497518860782616e-09 -7.317689557120886759e-08 -7.096004194364110275e-08 -1.961272695626755062e-07 7.589414556623367802e-08 -2.065699280179421378e-09 1.711393060005527681e-08 -6.874689864037939819e-09 1.561050143406265971e-09 5.787433399426427161e-09 -2.962690807489608421e-08 7.253697756328146826e-08 -2.189075247649704210e-08 2.200362321414097222e-08
1.327911711100889575e-08 9.379140320350963342e-09 -2.187162700282010930e-08 1.298398657333672766e-08 -1.943438190197080098e-07 1.102558706552483790e-07 4.387820175272062501e-08 -3.919991032410067525e-07 1.821559084575690151e-07 -1.173934735953050947e-08 -6.874689864037939819e-09 5.109716705486884335e-08 1.998270665806844969e-08 -8.425733081796040605e-10 1.257156437437413789e-09 1.096723292285860087e-07 -4.830006292461491402e-08 -8.715169895750003433e-08
-5.718528335345321671e-09 -8.556206580378639271e-09 4.557575811065471620e-08 5.340786163851863774e-08 4.829333634354313889e-08 -3.560941950237913388e-09 -2.101337385202907787e-07 1.706138925286249776e-07 -1.506168848281249028e-07 2.414955010707861468e-09 1.561050143406265971e-09 1.998270665806844969e-08 6.536331066817201487e-08 8.383698652129205801e-09 -4.975382239159824678e-09 -2.369993806053167157e-08 -5.306995909517469478e-08 7.305328064238121993e-08
-2.058599221155401645e-08 1.048023683329257565e-07 -8.658465754777016255e-08 1.546633031483099185e-09 1.897958919329378535e-07 -2.430339559989604955e-08 -9.341144080224529577e-08 -1.325308617656618630e-07 -3.016046197165437903e-07 1.376239193791522654e-08 5.787433399426431297e-09 -8.425733081796045775e-10 8.383698652129215727e-09 3.087428834855412285e-07 -7.291710067820860941e-08 -1.220995670853141171e-07 -3.389509598119883742e-07 5.770426050406601333e-07
-1.439843253433636137e-08 2.053815626207478489e-08 1.287792337939430292e-07 -2.116183314658312675e-07 8.354385554553090822e-08 -1.667717052858113045e-07 -1.818064167878627267e-07 -9.086471863054720066e-09 -1.300434290069196401e-07 4.182527874430749786e-09 -2.962690807489608421e-08 1.257156437437409860e-09 -4.975382239159824678e-09 -7.291710067820860941e-08 5.010798906883782323e-07 2.856400982765250166e-07 -3.692367875770129598e-08 3.691067710741783156e-07
-3.340385249735197004e-08 5.355921016937647549e-10 -6.503210721139842048e-08 6.552852174236854045e-08 3.743361427871229256e-07 1.142126415161953112e-07 3.568304135028770177e-07 1.423321953292252525e-06 -1.057009782305538856e-07 3.754546004735133618e-08 7.253697756328146826e-08 1.096723292285860087e-07 -2.369993806053168150e-08 -1.220995670853141171e-07 2.856400982765250166e-07 1.044712922548218994e-06 1.716891861563281719e-07 3.916434028880658545e-07
-1.462444715961772350e-08 1.812327807280807108e-07 -3.983760254188199717e-08 1.163484199708810245e-07 -5.478113901974296881e-08 -1.521012685380735035e-08 -6.257817869892286060e-07 -6.281667213531271454e-07 -4.152576725283178483e-07 1.025398588086825460e-08 -2.189075247649704210e-08 -4.830006292461490078e-08 -5.306995909517468155e-08 -3.389509598119883742e-07 -3.692367875770127613e-08 1.716891861563281454e-07 1.170726946000141442e-06 7.807915419753668268e-07
1.462199644057397636e-07 -1.419597120860273887e-07 2.080454181694294812e-08 1.656525756749966924e-07 -1.329673616198576031e-06 9.556888729107729056e-07 1.561090702121683605e-07 8.408153617507318537e-07 1.174980996722690274e-06 -7.166226186288673444e-08 2.200362321414097222e-08 -8.715169895750003433e-08 7.305328064238120669e-08 5.770426050406601333e-07 3.691067710741782626e-07 3.916434028880658545e-07 7.807915419753669327e-07 2.868695563692480196e-06
