# alpha=-0.2560866123082669, beta=0.6560866123082668
1.540731662147681677e-08 -3.437331070301679148e-09 5.575707539171080006e-09 -4.554543461270535336e-09 2.435781113621348064e-08 -5.835396115866627629e-08 3.920176708131394475e-09 7.510606761981793661e-09 3.873768682598655254e-08 -1.011972967193377595e-09 -2.685255040464550754e-10 -7.423355959792803758e-10 2.768195747567710052e-10 1.302045992302398123e-08 2.589231785936212273e-09 -5.844355663106799361e-09 -5.550362325105134002e-09 -1.433116872128182052e-08
-3.437331070301679148e-09 3.387570389544758997e-08 1.209508582629274078e-08 4.599790389741626181e-09 4.827165287302339750e-08 -3.342843855208723473e-08 -1.463455500026314976e-08 1.030840887395862224e-08 2.546201619102940674e-08 -1.418756085009652787e-09 2.394275304104609868e-09 -1.900804387589004059e-09 -2.727802515483814389e-09 1.645501322162616233e-08 1.272473465367685297e-08 -9.871162222084772689e-09 -1.851348664997821796e-09 7.756627146388500334e-09
5.575707539171080006e-09 1.209508582629274078e-08 1.608473845709310182e-07 7.409641467621294785e-08 3.069572739677268685e-08 7.153258910091974121e-08 -6.956040777559616334e-08 -1.310793308174440330e-07 4.715909217489759485e-08 4.552937452428344415e-09 5.719468326232824797e-09 1.027168402045740354e-08 -1.012600393423586279e-08 -9.095825401029338377e-09 1.022066664967802139e-08 -4.167562246996791997e-08 1.116796893982144860e-08 -1.870311162809292431e-08
-4.554543461270534508e-09 4.599790389741624526e-09 7.409641467621294785e-08 4.063442424703981127e-07 2.661406184005278254e-08 1.212395321911931657e-07 1.060007574220552253e-07 -2.382910179160802159e-08 -7.501712735588270609e-08 -4.899931146290822467e-09 -5.349535059626095785e-09 -1.054579061055595291e-08 2.579644655693840495e-08 2.658100437954065337e-08 -8.190293668815527681e-09 6.386481205027838294e-08 1.410021940370923436e-08 3.501103619595899434e-08
2.435781113621348064e-08 4.827165287302339750e-08 3.069572739677268685e-08 2.661406184005277592e-08 1.469845310025846287e-06 -9.000996777296124883e-08 1.598477783038670927e-07 -2.584919867279851714e-08 -5.508611190748928202e-08 -6.959884816094013573e-09 -2.081712814386020298e-08 -4.325821631581489634e-08 7.203972869741345230e-08 -5.263714222280796926e-08 3.346043947774895665e-08 -3.914573872551224494e-09 1.220039414415026189e-07 -4.041473473869850814e-08
-5.835396115866627629e-08 -3.342843855208723473e-08 7.153258910091974121e-08 1.212395321911931657e-07 -9.000996777296124883e-08 2.816339806012708263e-06 2.347868193474864011e-07 -4.161324711705789606e-07 8.404398367130635836e-07 -2.424315645222953151e-08 -3.112064219906249961e-08 -3.689193047634678006e-08 1.058022789040542384e-07 3.468927682819772287e-08 1.841507819038439156e-07 -2.070586006602539830e-07 2.208976226411078052e-07 -3.247164323249350597e-07
3.920176708131394475e-09 -1.463455500026314976e-08 -6.956040777559616334e-08 1.060007574220552386e-07 1.598477783038670927e-07 2.347868193474864011e-07 1.342276491518822929e-06 -5.338338430179830956e-09 3.538525852715615312e-07 9.977068233531960645e-09 1.315771401658653722e-08 -1.388450997168685095e-08 -4.762125134190179752e-09 3.414031348181991248e-08 2.635651336017146470e-08 -1.008933341888730836e-08 -1.374904027333474654e-07 8.936979203819595690e-08
7.510606761981796969e-09 1.030840887395862555e-08 -1.310793308174440330e-07 -2.382910179160802490e-08 -2.584919867279849729e-08 -4.161324711705788547e-07 -5.338338430179848327e-09 3.747128455641735531e-06 1.037174338545526993e-06 -1.393799764283562217e-08 9.705585395375658329e-10 -5.737075907614061612e-08 8.218379612819229995e-08 1.377633959992969408e-08 2.095540869098829963e-07 3.361964669120468532e-08 2.665912555130699385e-07 -2.661837224223035958e-07
3.873768682598655254e-08 2.546201619102941005e-08 4.715909217489759485e-08 -7.501712735588271932e-08 -5.508611190748929526e-08 8.404398367130635836e-07 3.538525852715615842e-07 1.037174338545527204e-06 5.418389544472323202e-06 1.747813251090460319e-08 2.685092757509615778e-09 -1.906076684962204832e-08 2.718388743677087907e-08 -3.272882388463325853e-07 -4.572340255425971577e-08 2.339160337488462931e-07 -1.201728312537773667e-07 6.292941532882343229e-07
-1.011972967193377802e-09 -1.418756085009652994e-09 4.552937452428345243e-09 -4.899931146290822467e-09 -6.959884816094012746e-09 -2.424315645222953151e-08 9.977068233531960645e-09 -1.393799764283562217e-08 1.747813251090460319e-08 3.122765272462196341e-09 -9.711876334254926657e-10 -1.278883564963366954e-09 3.082143892666961018e-09 4.118968072940783187e-09 7.271163230456838266e-09 -1.003077520521077339e-10 3.916291170857025256e-09 -6.893220652076067109e-09
-2.685255040464553339e-10 2.394275304104609040e-09 5.719468326232824797e-09 -5.349535059626096613e-09 -2.081712814386020629e-08 -3.112064219906250622e-08 1.315771401658653887e-08 9.705585395375658329e-10 2.685092757509615778e-09 -9.711876334254926657e-10 7.460874677192891316e-09 -4.668097759544051211e-10 5.473396901830009290e-09 -7.286651279862275021e-10 5.372897312250473624e-09 1.144770433539545360e-09 5.387463111149704872e-09 -8.952719839549684722e-09
-7.423355959792807893e-10 -1.900804387589004059e-09 1.027168402045740354e-08 -1.054579061055595457e-08 -4.325821631581489634e-08 -3.689193047634678006e-08 -1.388450997168685095e-08 -5.737075907614061612e-08 -1.906076684962204832e-08 -1.278883564963367161e-09 -4.668097759544049143e-10 3.488083974005153931e-08 2.024324713506661712e-08 -2.599752423025185066e-09 2.301839405226403512e-08 1.409718032523137112e-08 -3.760027254452579072e-09 6.612805681327573418e-09
2.768195747567712637e-10 -2.727802515483814802e-09 -1.012600393423586444e-08 2.579644655693840495e-08 7.203972869741346554e-08 1.058022789040542384e-07 -4.762125134190183061e-09 8.218379612819229995e-08 2.718388743677087907e-08 3.082143892666961018e-09 5.473396901830009290e-09 2.024324713506661712e-08 8.779622251847639645e-08 1.861019372176699950e-08 -4.827767206897780902e-08 8.551634314899983171e-09 -1.060852341565790317e-08 2.328145023246397011e-08
1.302045992302398123e-08 1.645501322162616233e-08 -9.095825401029340031e-09 2.658100437954065337e-08 -5.263714222280796926e-08 3.468927682819772287e-08 3.414031348181992571e-08 1.377633959992970235e-08 -3.272882388463325853e-07 4.118968072940782360e-09 -7.286651279862272953e-10 -2.599752423025186721e-09 1.861019372176699950e-08 2.388715532719073596e-07 3.812544352668940567e-08 1.485459876182186181e-08 3.647236447648548461e-09 7.855295386510537814e-08
2.589231785936212687e-09 1.272473465367685628e-08 1.022066664967802139e-08 -8.190293668815530990e-09 3.346043947774896327e-08 1.841507819038439156e-07 2.635651336017146470e-08 2.095540869098829963e-07 -4.572340255425972900e-08 7.271163230456838266e-09 5.372897312250472797e-09 2.301839405226403181e-08 -4.827767206897780902e-08 3.812544352668940567e-08 2.552068215154549941e-07 1.680474692509093998e-08 1.738552601200216446e-08 1.583049853014020313e-09
-5.844355663106799361e-09 -9.871162222084774343e-09 -4.167562246996792659e-08 6.386481205027839618e-08 -3.914573872551231112e-09 -2.070586006602539830e-07 -1.008933341888731498e-08 3.361964669120467209e-08 2.339160337488462931e-07 -1.003077520521078373e-10 1.144770433539545360e-09 1.409718032523137442e-08 8.551634314899983171e-09 1.485459876182186181e-08 1.680474692509093998e-08 4.618682658221577588e-07 1.182133244008708610e-07 -8.471262265898982396e-08
-5.550362325105131521e-09 -1.851348664997820969e-09 1.116796893982145026e-08 1.410021940370923105e-08 1.220039414415026189e-07 2.208976226411078317e-07 -1.374904027333474654e-07 2.665912555130699385e-07 -1.201728312537773667e-07 3.916291170857025256e-09 5.387463111149703218e-09 -3.760027254452580727e-09 -1.060852341565790317e-08 3.647236447648544739e-09 1.738552601200216446e-08 1.182133244008708610e-07 7.838218595498111050e-07 7.099759190708803009e-08
-1.433116872128182217e-08 7.756627146388498680e-09 -1.870311162809293093e-08 3.501103619595897448e-08 -4.041473473869850814e-08 -3.247164323249350597e-07 8.936979203819598337e-08 -2.661837224223035958e-07 6.292941532882342171e-07 -6.893220652076067936e-09 -8.952719839549684722e-09 6.612805681327575072e-09 2.328145023246396680e-08 7.855295386510537814e-08 1.583049853014017625e-09 -8.471262265898981073e-08 7.099759190708803009e-08 7.311426366978191477e-07
