# alpha=-0.07067646595259697, beta=0.4706764659525968
1.512884662433882346e-08 2.147093847059769414e-09 2.340621810851875601e-10 -1.646525804334982901e-09 4.317120484198614154e-10 -1.594123193238252261e-08 -1.684529510514485519e-09 1.465275443720532999e-08 1.031914165230231300e-09 3.851061163074509190e-10 -8.792391317766810828e-10 7.950710868064043631e-10 -1.701603168691936961e-09 -3.015566307199623114e-09 3.551164253443369750e-09 -1.801245548750428280e-09 -1.429304454728123838e-09 -8.896097401596083991e-10
2.147093847059769414e-09 7.029858369919913136e-08 1.065782855225493669e-08 -2.183886939333529589e-08 1.584136747302445394e-09 4.734689495771907617e-10 3.021187894559900848e-08 1.455172620467357190e-09 2.729714298305024747e-08 5.137583035250048150e-10 2.062982290212096047e-09 -8.101249831309692421e-10 -2.093351484261342511e-09 1.037171677946875107e-08 1.590790352613620612e-10 -6.848913269727729332e-10 -2.372814478471707283e-08 -7.249416367273556593e-09
2.340621810851877152e-10 1.065782855225493669e-08 3.709834089748443742e-07 5.826996572138576441e-08 -3.362632147638958630e-08 7.452535799855787572e-09 1.862378458015160205e-08 -2.530728115827119800e-09 -2.570856074399982728e-08 3.669916965189214570e-10 -1.750736874392393583e-09 7.495971512831188210e-09 1.032830433539474834e-08 -5.554577076243701993e-09 1.323365145009033489e-08 -4.839025889249474216e-08 5.926400174373527837e-08 1.978511963284382154e-08
-1.646525804334982694e-09 -2.183886939333529589e-08 5.826996572138576441e-08 1.028568871605392697e-06 6.839731810913106557e-08 -1.776589690417265664e-08 5.665506872356153216e-08 1.912834479546489463e-07 -1.018027359010806505e-08 2.123845734904295603e-09 -3.961207680874793147e-10 3.223144969185249958e-09 2.268405060383913903e-09 2.019199717226145324e-08 -2.345894077588389697e-09 -1.529658115503322123e-08 -1.125179271981783816e-07 -1.558651003069462627e-08
4.317120484198612603e-10 1.584136747302442705e-09 -3.362632147638958630e-08 6.839731810913106557e-08 9.307640044052649488e-07 1.063323996625327405e-07 6.093145405802912600e-08 3.145666298676477617e-08 -1.332919383104610408e-07 -2.269245985769960806e-09 3.953183279542806442e-09 -9.645295620955265091e-10 4.336035582873780139e-09 1.007781775722159028e-09 -1.767684144941272822e-08 -3.753523304655328458e-08 3.796678133246450626e-08 2.687977431733497496e-08
-1.594123193238252261e-08 4.734689495771947942e-10 7.452535799855784263e-09 -1.776589690417265002e-08 1.063323996625327405e-07 3.767873109603283684e-06 8.540855539118298381e-08 -2.109321217164645270e-08 6.855884551746406118e-07 2.053019042651411021e-08 -1.442441866332263639e-08 6.505471750014622913e-09 -4.279361327171814898e-08 -4.394285105070817064e-08 1.336298052102716346e-07 2.082485222235153393e-08 -7.403219145474800656e-09 -1.024582058606014283e-07
-1.684529510514485932e-09 3.021187894559900848e-08 1.862378458015159874e-08 5.665506872356153216e-08 6.093145405802913924e-08 8.540855539118298381e-08 3.652426263951558553e-06 1.605586175326294734e-07 -6.694223369845818319e-08 -9.923803047142851304e-09 -3.335245270591019367e-10 -3.789446339900830361e-09 4.979696845594702314e-09 -3.809170406609994270e-08 -4.584255519797439295e-08 1.034420389281639463e-07 9.507809855671956225e-08 -2.910508881643713764e-08
1.465275443720532668e-08 1.455172620467357396e-09 -2.530728115827119800e-09 1.912834479546489198e-07 3.145666298676478279e-08 -2.109321217164645601e-08 1.605586175326294470e-07 6.606877395960594296e-06 5.086767269674278361e-07 1.156873899688672254e-08 -1.144496222151932576e-08 -1.604186694799152483e-08 -4.492336542824742912e-08 4.037903265982052492e-08 7.299163811914600337e-08 1.190221905150947175e-07 2.077645362259286271e-08 4.473158184396971405e-08
1.031914165230230680e-09 2.729714298305024747e-08 -2.570856074399982728e-08 -1.018027359010807664e-08 -1.332919383104610408e-07 6.855884551746406118e-07 -6.694223369845818319e-08 5.086767269674278361e-07 1.098805453744244388e-05 -3.072494488827932335e-08 1.396074542579886166e-08 -1.587797608308813253e-08 8.363281006723229142e-08 1.005589587077451236e-09 -2.010796860604716645e-07 -8.476153538486949253e-08 -4.405068313063630001e-08 1.413664885022559882e-07
3.851061163074509190e-10 5.137583035250047116e-10 3.669916965189214570e-10 2.123845734904295190e-09 -2.269245985769961219e-09 2.053019042651411021e-08 -9.923803047142849650e-09 1.156873899688672254e-08 -3.072494488827932335e-08 8.173587732693382502e-09 9.821678193308480442e-10 -6.329297784015020633e-10 2.384530708225780195e-09 2.945497735434525683e-10 -6.411662248850613160e-09 -3.154656327786041300e-10 2.407060054173515973e-09 1.158509232793224988e-09
-8.792391317766810828e-10 2.062982290212096047e-09 -1.750736874392394410e-09 -3.961207680874795732e-10 3.953183279542806442e-09 -1.442441866332263639e-08 -3.335245270591018850e-10 -1.144496222151932576e-08 1.396074542579886166e-08 9.821678193308480442e-10 1.422486090452437056e-08 1.091901113121178381e-09 -1.120604607193700332e-09 -1.071712176614820838e-09 6.218676913180902741e-09 -1.728994420050339198e-09 -1.797072137869657646e-09 3.929071055397767379e-09
7.950710868064042597e-10 -8.101249831309690353e-10 7.495971512831188210e-09 3.223144969185248303e-09 -9.645295620955267159e-10 6.505471750014623740e-09 -3.789446339900832016e-09 -1.604186694799152483e-08 -1.587797608308813253e-08 -6.329297784015020633e-10 1.091901113121178381e-09 3.676721296450325067e-08 3.274375761638558509e-09 -3.928035725033592524e-09 -7.055028864537937734e-09 1.116742616018585841e-08 -7.770575430601177057e-09 -2.163300884514903112e-09
-1.701603168691936754e-09 -2.093351484261342511e-09 1.032830433539474834e-08 2.268405060383912249e-09 4.336035582873780966e-09 -4.279361327171814236e-08 4.979696845594702314e-09 -4.492336542824742912e-08 8.363281006723227819e-08 2.384530708225779781e-09 -1.120604607193700125e-09 3.274375761638558096e-09 1.182244878092403688e-07 7.132636148291380590e-09 1.564177525643884406e-08 1.306468195657267149e-08 -5.925474405447933904e-09 -7.294322956867976612e-09
-3.015566307199622700e-09 1.037171677946875107e-08 -5.554577076243701993e-09 2.019199717226144993e-08 1.007781775722159028e-09 -4.394285105070817064e-08 -3.809170406609994270e-08 4.037903265982052492e-08 1.005589587077450202e-09 2.945497735434526717e-10 -1.071712176614820838e-09 -3.928035725033592524e-09 7.132636148291380590e-09 2.084378345525633561e-07 -1.157947928759962583e-09 6.010460426789360901e-09 2.685432517877470220e-08 -1.072063180331547946e-08
3.551164253443369750e-09 1.590790352613615442e-10 1.323365145009033158e-08 -2.345894077588390524e-09 -1.767684144941272491e-08 1.336298052102716346e-07 -4.584255519797439295e-08 7.299163811914600337e-08 -2.010796860604716909e-07 -6.411662248850612333e-09 6.218676913180901914e-09 -7.055028864537938561e-09 1.564177525643884737e-08 -1.157947928759962376e-09 3.844255472860018412e-07 1.218682793521774060e-08 -6.098356822869090348e-09 8.717613624669826894e-10
-1.801245548750428073e-09 -6.848913269727735536e-10 -4.839025889249474216e-08 -1.529658115503321461e-08 -3.753523304655328458e-08 2.082485222235153062e-08 1.034420389281639463e-07 1.190221905150947175e-07 -8.476153538486949253e-08 -3.154656327786041300e-10 -1.728994420050339198e-09 1.116742616018585841e-08 1.306468195657267149e-08 6.010460426789359247e-09 1.218682793521773895e-08 7.330859001226709231e-07 1.289738491575974105e-08 2.525716532542353562e-08
-1.429304454728124044e-09 -2.372814478471706952e-08 5.926400174373527175e-08 -1.125179271981783816e-07 3.796678133246449965e-08 -7.403219145474805619e-09 9.507809855671956225e-08 2.077645362259286602e-08 -4.405068313063629339e-08 2.407060054173515973e-09 -1.797072137869657646e-09 -7.770575430601177057e-09 -5.925474405447933077e-09 2.685432517877470220e-08 -6.098356822869089521e-09 1.289738491575973278e-08 1.092259026808804579e-06 1.086268080261363949e-08
-8.896097401596080889e-10 -7.249416367273555766e-09 1.978511963284382154e-08 -1.558651003069462958e-08 2.687977431733497496e-08 -1.024582058606014283e-07 -2.910508881643713433e-08 4.473158184396971405e-08 1.413664885022559882e-07 1.158509232793225402e-09 3.929071055397767379e-09 -2.163300884514903112e-09 -7.294322956867978267e-09 -1.072063180331547781e-08 8.717613624669833098e-10 2.525716532542353562e-08 1.086268080261364280e-08 6.918700911148023193e-07
