# alpha=0.08217626656392713, beta=0.3178237334360734
2.038866234506058580e-08 -2.331103673027194792e-09 6.870533876399634727e-10 -5.938039033554042218e-09 -1.493825020786567187e-08 2.359502165531153679e-08 -2.830619905570904863e-08 -9.564907072437192327e-09 1.674981033439302358e-08 -1.770206255214103187e-10 -6.231124206072862872e-10 7.186728546117111438e-10 -1.575523312411759656e-09 2.292725503410991767e-09 -3.811701870669533467e-09 5.159290241900215961e-09 -1.111003193152181511e-08 -5.153902565718486917e-09
-2.331103673027195206e-09 5.862516117021465779e-08 -8.530596482563567884e-09 1.684670073498958726e-09 1.645054405495416728e-08 -3.289072014514014430e-08 -1.837931548373502352e-08 7.258946175243958375e-08 1.345656888148994705e-08 4.394591072424585624e-10 1.338408029416638985e-09 1.785908374010544736e-09 5.634487383801602528e-09 -1.720442014292484347e-08 -4.815033425796185042e-10 9.877005660133095530e-09 -5.942691308065409550e-09 5.176104933185239463e-09
6.870533876399635761e-10 -8.530596482563567884e-09 2.393327949974742939e-07 6.062641047844857002e-09 -4.421088181544660864e-08 1.003638223796474469e-07 3.196564615450353061e-08 -7.418114507961793810e-08 -3.606037236063646606e-08 -7.768572820725387906e-10 -5.476233355341440691e-09 -9.025994230450907936e-09 -9.207273768510520100e-09 3.575150124704673240e-08 1.810742822932700251e-08 -3.002438145725356802e-08 5.488884141865293118e-08 -4.887068235813312614e-08
-5.938039033554041391e-09 1.684670073498960380e-09 6.062641047844857002e-09 4.546049988985727111e-07 4.198665214409437528e-09 5.035706279826178818e-08 1.167419542026344670e-07 -1.160294488000676009e-07 -1.189210828813847419e-07 6.987844069045826555e-10 -4.796705029465492908e-09 -2.873365698630382310e-09 -8.915122658874072337e-09 1.956862819452965476e-08 3.231328452407006836e-08 -3.131972510863912917e-08 8.979531497374026691e-08 -3.796206801060344090e-09
-1.493825020786567187e-08 1.645054405495416728e-08 -4.421088181544660864e-08 4.198665214409439182e-09 1.342486856663712177e-06 -2.539342546054437693e-07 1.616275528025892800e-08 9.316347415633726553e-08 -1.614030798969647733e-07 1.515939194325718627e-09 1.474610817457849968e-08 3.746253672516138124e-10 1.636166896028779489e-08 -6.496718561778079150e-08 -2.278528305269946450e-08 1.911336128935484215e-08 4.670552728104139185e-10 1.278105151693349818e-07
2.359502165531153679e-08 -3.289072014514014430e-08 1.003638223796474469e-07 5.035706279826178818e-08 -2.539342546054437164e-07 3.537818156197089359e-06 -1.580463335066485237e-07 -5.898877020390909134e-07 -1.506123277191384042e-07 -8.522838154411720376e-10 -3.433211208051886787e-08 -1.484787477812812680e-08 -4.052979576151614732e-08 1.247378081081627788e-07 5.891237770215393333e-08 -1.032813421588066802e-07 1.451555686394686361e-07 -1.190687870420082026e-07
-2.830619905570904863e-08 -1.837931548373502352e-08 3.196564615450353723e-08 1.167419542026344670e-07 1.616275528025890153e-08 -1.580463335066486031e-07 4.795840296478485898e-06 -4.650714098798996758e-07 -3.767975787002251320e-07 2.149985240089847768e-09 -4.051683528958711152e-09 -2.494701169745850121e-08 8.769690558734630127e-09 9.198970895964158832e-08 1.197024605313270619e-07 -1.727548306340278311e-07 2.060886525618638951e-07 -3.159833338237385964e-08
-9.564907072437193981e-09 7.258946175243958375e-08 -7.418114507961793810e-08 -1.160294488000676141e-07 9.316347415633726553e-08 -5.898877020390909134e-07 -4.650714098798996758e-07 9.789644840731788470e-06 7.819535694300784513e-07 -2.151659322520818712e-09 3.999649066991409003e-08 3.279114703058515815e-08 4.174369099117238529e-08 -2.140019316785596035e-07 -1.651712225355361327e-07 2.878214868783901430e-07 -2.417901073704575498e-07 -7.395273697793694842e-08
1.674981033439302358e-08 1.345656888148995036e-08 -3.606037236063645945e-08 -1.189210828813847684e-07 -1.614030798969647733e-07 -1.506123277191383513e-07 -3.767975787002252379e-07 7.819535694300782395e-07 5.585455954149724325e-06 -6.188577340383601996e-09 2.110265215226933483e-08 2.739229351163118905e-08 -1.511168873948577255e-09 -8.517548744119863028e-08 -9.034050370449269292e-08 1.912245068506403296e-07 -1.960783379081836129e-07 -9.879410733660543926e-09
-1.770206255214103445e-10 4.394591072424585624e-10 -7.768572820725387906e-10 6.987844069045826555e-10 1.515939194325718420e-09 -8.522838154411723478e-10 2.149985240089848181e-09 -2.151659322520818712e-09 -6.188577340383601996e-09 2.191276365018815200e-09 -1.584524709819080779e-10 -4.321516091036549784e-10 1.116879370107601163e-09 -1.404261795862638693e-10 -6.517970966042773493e-10 -7.209104807690144230e-10 4.223589267407321118e-10 -1.269428208201079572e-09
-6.231124206072863906e-10 1.338408029416638985e-09 -5.476233355341439037e-09 -4.796705029465492908e-09 1.474610817457849802e-08 -3.433211208051887449e-08 -4.051683528958707843e-09 3.999649066991408341e-08 2.110265215226933483e-08 -1.584524709819080779e-10 1.894309552307529370e-08 5.769194176410650548e-10 1.415405353181677788e-09 -9.030748069682383686e-09 -5.350556990880635309e-09 1.191951984730150374e-08 -3.454941026722172230e-09 9.361929826820105988e-09
7.186728546117112472e-10 1.785908374010544943e-09 -9.025994230450907936e-09 -2.873365698630383137e-09 3.746253672516140192e-10 -1.484787477812812680e-08 -2.494701169745850121e-08 3.279114703058515815e-08 2.739229351163118905e-08 -4.321516091036549784e-10 5.769194176410650548e-10 2.856909297549347315e-08 -1.741764690226921281e-09 -6.310393797487093679e-09 -2.656915299473585271e-09 1.099219632097152642e-08 -2.064970001526449980e-08 6.735881893900645918e-09
-1.575523312411759656e-09 5.634487383801602528e-09 -9.207273768510520100e-09 -8.915122658874072337e-09 1.636166896028779489e-08 -4.052979576151614732e-08 8.769690558734633435e-09 4.174369099117238529e-08 -1.511168873948577876e-09 1.116879370107601163e-09 1.415405353181677995e-09 -1.741764690226921281e-09 7.052887376066803693e-08 -1.600040551378313806e-08 -6.894036098135640267e-09 1.976118999561641929e-09 -1.120925209397373507e-08 1.305145600557786529e-09
2.292725503410991767e-09 -1.720442014292484347e-08 3.575150124704673240e-08 1.956862819452965807e-08 -6.496718561778079150e-08 1.247378081081627788e-07 9.198970895964158832e-08 -2.140019316785596035e-07 -8.517548744119861704e-08 -1.404261795862638176e-10 -9.030748069682383686e-09 -6.310393797487092025e-09 -1.600040551378313806e-08 3.979009499956414741e-07 1.920877615430797724e-08 -4.552450416536623541e-08 5.212137147495036870e-08 -5.165029973276648408e-08
-3.811701870669533467e-09 -4.815033425796190212e-10 1.810742822932700251e-08 3.231328452407006174e-08 -2.278528305269946450e-08 5.891237770215394656e-08 1.197024605313270884e-07 -1.651712225355361327e-07 -9.034050370449269292e-08 -6.517970966042773493e-10 -5.350556990880636136e-09 -2.656915299473585271e-09 -6.894036098135640267e-09 1.920877615430797724e-08 4.150304020931751665e-07 -6.126264905095524689e-08 6.056735139955281805e-08 -9.826970064009506856e-09
5.159290241900215961e-09 9.877005660133095530e-09 -3.002438145725356802e-08 -3.131972510863912917e-08 1.911336128935484546e-08 -1.032813421588066802e-07 -1.727548306340278311e-07 2.878214868783900901e-07 1.912245068506403296e-07 -7.209104807690142162e-10 1.191951984730150374e-08 1.099219632097152642e-08 1.976118999561641929e-09 -4.552450416536623541e-08 -6.126264905095524689e-08 6.236501652779170346e-07 -7.357713153849678544e-08 7.888792902167221998e-09
-1.111003193152181511e-08 -5.942691308065411204e-09 5.488884141865293118e-08 8.979531497374026691e-08 4.670552728104001666e-10 1.451555686394686361e-07 2.060886525618638951e-07 -2.417901073704574969e-07 -1.960783379081836129e-07 4.223589267407319567e-10 -3.454941026722174711e-09 -2.064970001526449980e-08 -1.120925209397373507e-08 5.212137147495037532e-08 6.056735139955281805e-08 -7.357713153849678544e-08 1.460694327566663042e-06 -4.009258269836257090e-08
-5.153902565718487744e-09 5.176104933185239463e-09 -4.887068235813311953e-08 -3.796206801060344090e-09 1.278105151693349818e-07 -1.190687870420081893e-07 -3.159833338237385964e-08 -7.395273697793693519e-08 -9.879410733660527383e-09 -1.269428208201079572e-09 9.361929826820105988e-09 6.735881893900645090e-09 1.305145600557785082e-09 -5.165029973276649070e-08 -9.826970064009505202e-09 7.888792902167221998e-09 -4.009258269836255767e-08 1.841794722894640017e-06
