# alpha=0.08855994131325884, beta=0.3114400586867415
1.883157803716417999e-08 -9.250684198415055610e-10 1.276746883576858132e-09 -1.229199118990291433e-11 1.220022248269963645e-08 -1.905906118514204713e-09 -1.487335430366870800e-09 6.175840743610982140e-10 5.070474345724494397e-09 2.736772458688319591e-10 8.595153653731733066e-10 -3.309464179304207385e-10 -1.932576879632224454e-09 -3.311932464256832170e-10 2.484974531666148620e-09 -3.358596386938584504e-09 -1.649373181796733653e-09 7.794125202407458269e-09
-9.250684198415055610e-10 3.658257063695169604e-08 -1.526958766863085619e-09 3.668721934213497814e-09 -4.278475620065670101e-09 -1.258792712364363089e-08 -2.138224496048983501e-08 4.115368182635605246e-08 -3.905150985842564979e-08 -1.299140552635336833e-10 -8.794645845135894010e-10 4.718104230068264007e-09 5.950669114601269967e-10 1.039466035417629995e-09 4.911520386219013558e-09 -9.048274927569715300e-10 -8.315555939284071751e-09 -1.138803078960830767e-08
1.276746883576858132e-09 -1.526958766863085619e-09 1.777291061443641962e-07 -3.881858171122176948e-08 1.339055398627325938e-08 6.977861397378519888e-08 -1.919010369706483901e-08 1.105350277482188335e-07 -1.500199712350856731e-07 1.406827594480520783e-09 -1.035140939166275618e-09 -2.508314293740917164e-09 8.594875121802666204e-09 -1.542627328281249975e-09 -2.419627116249828214e-08 9.394590587084086353e-11 -1.440049549253815824e-08 6.299092433322991190e-09
-1.229199118990321322e-11 3.668721934213497814e-09 -3.881858171122176948e-08 8.295106942737721632e-07 -4.946325627848847822e-08 -2.499088726860660653e-07 1.511474171523430320e-08 -2.260641398539462778e-07 1.990878103947979156e-07 -3.641391355402486971e-09 4.169116445449015098e-09 1.105743546951647623e-08 -2.876013200474230570e-09 -3.464287548786455609e-09 3.068703864584949423e-08 1.304762418957221685e-08 7.656954071262627768e-09 -1.035953742752635682e-07
1.220022248269963810e-08 -4.278475620065670101e-09 1.339055398627325938e-08 -4.946325627848847822e-08 8.527632193190473454e-07 9.540869503857522668e-08 3.396171283950083662e-08 3.138387568860591800e-08 -3.464694565725543859e-08 2.898212896221876290e-09 3.472691343337265664e-09 -1.029078583214241601e-08 1.911464553464342148e-09 -3.464620742097707000e-08 3.616136574926001280e-09 -2.949847731840122957e-09 -1.471112226907319204e-08 5.697407570643238522e-08
-1.905906118514204713e-09 -1.258792712364363089e-08 6.977861397378521211e-08 -2.499088726860660653e-07 9.540869503857522668e-08 5.201005124375360325e-06 5.034546465917981408e-08 1.727924785101986920e-07 -1.978571191401130710e-07 2.138367125671257070e-08 -2.396306187655688000e-08 -1.032926083694376465e-07 4.214904463983591327e-08 -1.770355334726820994e-09 -2.606866176777224404e-07 -1.315904081597752161e-08 1.669439279426013345e-07 1.441553930602540914e-07
-1.487335430366870593e-09 -2.138224496048984162e-08 -1.919010369706483901e-08 1.511474171523429658e-08 3.396171283950083662e-08 5.034546465917983393e-08 2.099010082613046534e-06 -3.623502489540696008e-07 2.326938775046709744e-07 5.502872245733475540e-09 1.058172295594275529e-08 -1.850112776751972993e-08 1.677273192810362967e-08 -2.877213255257302757e-08 -6.123826179925389921e-08 -5.227116008715647094e-08 3.612928454109190273e-08 3.494980623369791264e-09
6.175840743610980072e-10 4.115368182635605246e-08 1.105350277482188335e-07 -2.260641398539462778e-07 3.138387568860591800e-08 1.727924785101986390e-07 -3.623502489540696008e-07 6.011562143329527756e-06 -1.333928285849596340e-06 -1.133164374676209240e-10 -1.478130070691116851e-08 4.128284051802499042e-08 -1.367021343475875876e-09 2.124545195989622039e-08 1.249427578908616856e-08 -1.049496461922153601e-08 -2.160584413427600346e-07 7.676053342044724474e-08
5.070474345724493570e-09 -3.905150985842565641e-08 -1.500199712350856731e-07 1.990878103947979420e-07 -3.464694565725545182e-08 -1.978571191401130710e-07 2.326938775046710274e-07 -1.333928285849596764e-06 1.186418195175698923e-05 4.155801913545100570e-09 2.410730021790094133e-08 -7.335641280502934857e-08 -3.776913389993671762e-08 -2.222645670503293905e-08 7.623984228276563978e-08 -1.002197106075713666e-08 2.123233118949119127e-07 -6.634738026894816151e-08
2.736772458688319591e-10 -1.299140552635336058e-10 1.406827594480520783e-09 -3.641391355402486971e-09 2.898212896221876290e-09 2.138367125671256408e-08 5.502872245733475540e-09 -1.133164374676207948e-10 4.155801913545100570e-09 4.637478890729816712e-09 -3.917620033767146066e-11 -2.510417001440742222e-09 1.280992543249151055e-09 -1.643294703970449174e-10 -4.347848460179119964e-09 -1.714915564129734549e-09 2.379646579561473727e-09 2.794625293842277627e-10
8.595153653731733066e-10 -8.794645845135894010e-10 -1.035140939166276032e-09 4.169116445449015098e-09 3.472691343337265250e-09 -2.396306187655688000e-08 1.058172295594275363e-08 -1.478130070691117347e-08 2.410730021790094133e-08 -3.917620033767144773e-11 1.665082643531584984e-08 3.589669492383611589e-10 -2.229010734016265122e-09 -2.121386914200495880e-09 9.366419066885489009e-09 -2.384093352856710863e-09 -9.607490189786108153e-09 -1.074357959882707946e-10
-3.309464179304207385e-10 4.718104230068264007e-09 -2.508314293740917164e-09 1.105743546951647789e-08 -1.029078583214241601e-08 -1.032926083694376730e-07 -1.850112776751973324e-08 4.128284051802499703e-08 -7.335641280502933533e-08 -2.510417001440742222e-09 3.589669492383613657e-10 8.370842266745672776e-08 -2.563155858476408824e-09 4.097667995864293557e-09 2.100518424535623301e-08 -4.186224534009208111e-09 -2.311100719525917307e-08 -1.679639741761025299e-08
-1.932576879632224041e-09 5.950669114601273069e-10 8.594875121802666204e-09 -2.876013200474231811e-09 1.911464553464340908e-09 4.214904463983591327e-08 1.677273192810362636e-08 -1.367021343475871947e-09 -3.776913389993671762e-08 1.280992543249151055e-09 -2.229010734016265536e-09 -2.563155858476408824e-09 8.189849725637833054e-08 -5.683628518705818206e-09 -3.026972907292043318e-08 1.895566457397624289e-09 1.352516743072249953e-08 -3.492503723539578171e-08
-3.311932464256832170e-10 1.039466035417630202e-09 -1.542627328281250802e-09 -3.464287548786455195e-09 -3.464620742097707000e-08 -1.770355334726821615e-09 -2.877213255257302757e-08 2.124545195989622039e-08 -2.222645670503293243e-08 -1.643294703970449433e-10 -2.121386914200495880e-09 4.097667995864293557e-09 -5.683628518705818206e-09 1.437118644543070673e-07 -1.903701549602844563e-09 -1.855530012674457670e-08 6.616352332617553126e-09 3.716880039345075886e-09
2.484974531666148620e-09 4.911520386219013558e-09 -2.419627116249828214e-08 3.068703864584949423e-08 3.616136574926002934e-09 -2.606866176777224404e-07 -6.123826179925389921e-08 1.249427578908615698e-08 7.623984228276563978e-08 -4.347848460179119964e-09 9.366419066885490663e-09 2.100518424535623301e-08 -3.026972907292043318e-08 -1.903701549602844563e-09 6.397715615494161310e-07 2.136717969492037458e-08 -6.758179639428703794e-08 3.621217049432363851e-08
-3.358596386938584504e-09 -9.048274927569715300e-10 9.394590587084079890e-11 1.304762418957221188e-08 -2.949847731840122957e-09 -1.315904081597751996e-08 -5.227116008715647094e-08 -1.049496461922153766e-08 -1.002197106075713666e-08 -1.714915564129734549e-09 -2.384093352856710863e-09 -4.186224534009208939e-09 1.895566457397624703e-09 -1.855530012674457009e-08 2.136717969492037458e-08 5.501344924557243780e-07 -3.852552294301799474e-09 1.860608880548407825e-08
-1.649373181796734066e-09 -8.315555939284071751e-09 -1.440049549253816155e-08 7.656954071262631077e-09 -1.471112226907319204e-08 1.669439279426013345e-07 3.612928454109190273e-08 -2.160584413427600346e-07 2.123233118949119127e-07 2.379646579561474141e-09 -9.607490189786109807e-09 -2.311100719525916976e-08 1.352516743072250284e-08 6.616352332617553126e-09 -6.758179639428703794e-08 -3.852552294301800302e-09 8.135005048278402929e-07 -5.325267919017484541e-08
7.794125202407458269e-09 -1.138803078960830767e-08 6.299092433322989536e-09 -1.035953742752635682e-07 5.697407570643237198e-08 1.441553930602541178e-07 3.494980623369781752e-09 7.676053342044724474e-08 -6.634738026894814827e-08 2.794625293842278661e-10 -1.074357959882716089e-10 -1.679639741761025299e-08 -3.492503723539577509e-08 3.716880039345076299e-09 3.621217049432363851e-08 1.860608880548408156e-08 -5.325267919017484541e-08 1.695153536858367410e-06
