# alpha=-0.2807602586647109, beta=0.6807602586647106
1.630142783499856319e-08 -1.468750421102130619e-09 -3.353589196807361957e-09 9.034553423213117666e-09 -1.275398869170960973e-08 1.005745753730105683e-08 -1.087386891067836390e-08 1.289720197886430895e-08 -8.653427937489203983e-09 -1.618445537692092591e-09 4.364485044286964773e-09 9.805640512620903222e-09 9.620365380006304395e-10 -4.986796103747802930e-09 -1.773740824345603244e-08 1.243660684594290942e-08 -5.059551570732671227e-09 -3.504760678881258500e-08
-1.468750421102132273e-09 7.863932019866721328e-08 1.080553998981721134e-08 4.205475587692464702e-08 -6.224893890267638502e-08 5.948718120637001873e-08 6.975452400625949778e-09 8.617434842369732145e-08 3.613671030594422565e-08 7.673514473866847383e-11 8.752461161598635706e-09 7.718950467552006055e-09 1.347021707083034811e-08 -2.071965279612267500e-08 -8.080540779422328385e-08 2.273777805489852495e-08 -7.042975118701128192e-08 -7.706985265785848194e-08
-3.353589196807361130e-09 1.080553998981721134e-08 1.927997612218427059e-07 -3.775384660334899210e-08 9.185047449389316307e-08 7.619346823149246637e-08 -7.799821767067788288e-08 7.380053486494007468e-08 3.301074511896135669e-07 -5.156858764516794685e-09 1.234873285557851794e-09 7.471807352700281119e-09 -5.953403803173685327e-09 2.524014043119136768e-08 8.608289166957184768e-08 4.074108583958021334e-08 2.581751032443639864e-08 -1.042475090694236017e-07
9.034553423213119320e-09 4.205475587692464702e-08 -3.775384660334899210e-08 3.759712074700391051e-07 1.954061661544518153e-07 -1.001651617610296280e-07 1.567360891772783512e-08 -1.512831573205981383e-07 -1.983414454562640266e-07 5.334032263430165976e-09 -1.656133036829659371e-08 -2.601316139667219406e-08 1.523278790353265848e-08 5.474486071655241192e-08 2.507580806969145952e-07 1.020897207364122473e-08 4.012020901067782476e-08 1.167767665358939086e-07
-1.275398869170960973e-08 -6.224893890267638502e-08 9.185047449389316307e-08 1.954061661544518153e-07 1.212923979275891673e-06 1.791390444152470243e-07 6.918611786848574658e-08 6.509271773739473606e-07 4.551123392468189601e-07 -1.799577810841102547e-08 3.791691547063493524e-08 4.991373142932824106e-08 -5.551716156034697842e-08 -9.938304491869377233e-08 -3.690197864207513573e-07 -2.091520421167205702e-07 5.292425887515547424e-08 -1.384866553811990587e-07
1.005745753730105517e-08 5.948718120637001873e-08 7.619346823149246637e-08 -1.001651617610296280e-07 1.791390444152470243e-07 1.685393752451856486e-06 5.542025866078029802e-07 -5.591511587781022987e-07 -2.233913463594210698e-07 5.184752950658427101e-09 -2.483657952395396531e-08 -2.845215562156901463e-08 -1.116719590942505803e-09 1.470488741997309264e-07 3.004294935906496909e-07 -5.457068881117070308e-08 1.691570260514577534e-07 -8.499260282407475216e-08
-1.087386891067836225e-08 6.975452400625955568e-09 -7.799821767067788288e-08 1.567360891772782188e-08 6.918611786848579952e-08 5.542025866078029802e-07 2.566760251101672382e-06 5.201365189450931237e-07 9.467640235496923253e-07 4.834734362840545147e-09 6.538053603408999167e-09 -2.183330405830260653e-08 9.580196167716647498e-10 -1.174733613372390956e-07 2.288900506107648621e-07 2.152345361905859789e-07 -1.719976378514056649e-08 -3.067097577380103210e-07
1.289720197886430399e-08 8.617434842369730822e-08 7.380053486494008791e-08 -1.512831573205981383e-07 6.509271773739472547e-07 -5.591511587781022987e-07 5.201365189450931237e-07 3.765893401868433139e-06 -1.280463424662318301e-06 4.719384527056813056e-08 -5.242276821310153625e-08 -1.535357196652450578e-08 1.172662610106016561e-07 1.128297419971309561e-07 3.348994848964627150e-07 7.381277438910828936e-08 1.493930962312216218e-07 3.799194923591772143e-07
-8.653427937489203983e-09 3.613671030594422565e-08 3.301074511896135669e-07 -1.983414454562640266e-07 4.551123392468189601e-07 -2.233913463594210433e-07 9.467640235496925371e-07 -1.280463424662318089e-06 1.019053208192527836e-05 9.505572695748802846e-08 -6.910654981083973550e-08 -2.292292195124833164e-08 2.569364169926848606e-07 5.308791435962188430e-08 -1.000944702013296139e-07 -1.195897171773809877e-07 5.154568166044923574e-08 1.245267628066140625e-06
-1.618445537692092177e-09 7.673514473866902959e-11 -5.156858764516794685e-09 5.334032263430165149e-09 -1.799577810841102547e-08 5.184752950658427101e-09 4.834734362840545147e-09 4.719384527056812394e-08 9.505572695748801523e-08 7.373665373616001113e-09 3.533920887075783119e-09 4.561857742923207549e-09 -1.048164727296876252e-08 9.670443951893658758e-10 -9.909293159662223513e-09 5.071043086975150435e-09 1.490602731769967743e-09 -2.835965411250672710e-08
4.364485044286964773e-09 8.752461161598635706e-09 1.234873285557852828e-09 -1.656133036829659371e-08 3.791691547063493524e-08 -2.483657952395396861e-08 6.538053603409002475e-09 -5.242276821310153625e-08 -6.910654981083973550e-08 3.533920887075783532e-09 1.439628900827334119e-08 -9.270960064363277088e-09 7.256534337417585825e-09 1.025293394493280788e-08 3.632585753200346213e-08 -1.515894178272544953e-08 1.298133692002463850e-08 3.196959925852896322e-08
9.805640512620903222e-09 7.718950467552006055e-09 7.471807352700279465e-09 -2.601316139667219737e-08 4.991373142932824106e-08 -2.845215562156901463e-08 -2.183330405830260653e-08 -1.535357196652450909e-08 -2.292292195124832833e-08 4.561857742923207549e-09 -9.270960064363277088e-09 4.379966764964505272e-08 5.344813201391070524e-09 3.190851846603289282e-09 6.038620690482960683e-08 -2.715993812896087849e-08 3.856433833406956507e-08 5.807379382935121185e-08
9.620365380006308531e-10 1.347021707083034811e-08 -5.953403803173686155e-09 1.523278790353266179e-08 -5.551716156034697842e-08 -1.116719590942500840e-09 9.580196167716585459e-10 1.172662610106016561e-07 2.569364169926848606e-07 -1.048164727296876417e-08 7.256534337417585825e-09 5.344813201391071352e-09 9.445384235671818737e-08 2.360868772880052101e-08 -1.491296648861708504e-08 1.468754678288291338e-08 3.401826858793968371e-08 -1.974164517829205277e-08
-4.986796103747802930e-09 -2.071965279612267500e-08 2.524014043119136437e-08 5.474486071655240530e-08 -9.938304491869374586e-08 1.470488741997309264e-07 -1.174733613372390824e-07 1.128297419971309561e-07 5.308791435962188430e-08 9.670443951893654622e-10 1.025293394493280788e-08 3.190851846603289695e-09 2.360868772880051439e-08 1.604182223273137658e-07 -7.128137812949448587e-08 5.099374677744208679e-09 -6.012074499220636310e-09 2.253706634506361015e-08
-1.773740824345603244e-08 -8.080540779422328385e-08 8.608289166957184768e-08 2.507580806969145952e-07 -3.690197864207513573e-07 3.004294935906496909e-07 2.288900506107648885e-07 3.348994848964627680e-07 -1.000944702013296139e-07 -9.909293159662223513e-09 3.632585753200346875e-08 6.038620690482962006e-08 -1.491296648861708174e-08 -7.128137812949449911e-08 8.380450914164157405e-07 -4.754591474921473048e-08 -1.402877175627417946e-07 6.085572399427361108e-08
1.243660684594290942e-08 2.273777805489852164e-08 4.074108583958021334e-08 1.020897207364121480e-08 -2.091520421167205702e-07 -5.457068881117067000e-08 2.152345361905860054e-07 7.381277438910828936e-08 -1.195897171773809877e-07 5.071043086975150435e-09 -1.515894178272544953e-08 -2.715993812896087849e-08 1.468754678288291669e-08 5.099374677744207852e-09 -4.754591474921473048e-08 5.332682264017214493e-07 1.626474502160723130e-07 8.754236558256733542e-08
-5.059551570732672882e-09 -7.042975118701125545e-08 2.581751032443637879e-08 4.012020901067781153e-08 5.292425887515547424e-08 1.691570260514577005e-07 -1.719976378514055657e-08 1.493930962312216483e-07 5.154568166044923574e-08 1.490602731769966089e-09 1.298133692002463685e-08 3.856433833406955845e-08 3.401826858793968371e-08 -6.012074499220633001e-09 -1.402877175627417946e-07 1.626474502160723130e-07 7.336263888142469080e-07 -1.422768171403902271e-07
-3.504760678881258500e-08 -7.706985265785848194e-08 -1.042475090694236017e-07 1.167767665358939218e-07 -1.384866553811990323e-07 -8.499260282407473892e-08 -3.067097577380103210e-07 3.799194923591771614e-07 1.245267628066140413e-06 -2.835965411250672710e-08 3.196959925852896322e-08 5.807379382935121185e-08 -1.974164517829204615e-08 2.253706634506361677e-08 6.085572399427362432e-08 8.754236558256733542e-08 -1.422768171403902271e-07 1.906263549531369901e-06
