# lambda=0.34807321367773386
9.882413484027719498e+07 2.486296203394375276e+06 5.635686057147510583e+05 -1.710582746631737100e+06 9.114534339412309928e+05 -5.231937845451743342e+05 1.239630949742010096e+06 7.483294352410715073e+05 2.716111975254414938e+04 1.071772039970496669e+07 1.378033356415767968e+07 7.839326558347756974e+06 -2.928816080950036179e+06 5.216669744377613999e+06 7.690324610309046693e+05 2.137405977438275702e+06 2.495019432289869059e+06 1.853223533384044655e+06
2.486296203394375276e+06 1.407643224787729792e+07 3.054597030015850905e+06 -5.180090446414424805e+05 -5.073999626466922346e+05 7.236957586626110133e+05 -7.439271593606293027e+04 5.995085503988534037e+04 1.583303883390077317e+04 1.074050492513448559e+07 9.295273576076749712e+06 8.075952073664343916e+06 -9.332059303411811125e+05 -1.173906641687525669e+06 1.082626302271956811e+06 7.226913583434117027e+05 6.977873186441218713e+05 6.898055857215389842e+05
5.635686057147510583e+05 3.054597030015850905e+06 4.877548238459529355e+06 -6.201205915510461200e+05 1.276145855933209532e+05 1.060184243373956851e+05 -1.790044721272107563e+05 -3.190027412183512206e+04 -9.307309985833075189e+04 5.956052356666490436e+06 8.347908587070204085e+05 2.650156587534122169e+06 -1.181153180410046829e+06 -1.163652649198375642e+06 1.425509153186733311e+05 9.514500519819562032e+04 3.831435979337046156e+05 2.734721690905251889e+05
-1.710582746631737100e+06 -5.180090446414424805e+05 -6.201205915510461200e+05 1.951444607435398269e+06 -3.722184679443385448e+03 1.585979179574130831e+04 -4.762625359702752758e+04 -1.854518949329026509e+05 -1.511239193698503914e+04 -4.709370430381037295e+05 -2.080503836880268937e+05 1.173407160298381932e+06 1.282680937612524955e+06 8.782350338087057753e+04 -1.897434144835857733e+05 -2.008850551027071560e+04 -3.832160069912580075e+05 -1.512101025020426023e+05
9.114534339412309928e+05 -5.073999626466922346e+05 1.276145855933209532e+05 -3.722184679443385448e+03 9.735887254329269053e+05 -1.650945925832315406e+05 -4.378120651271688985e+04 2.922734222603439048e+04 -5.311860828844346543e+04 2.884233483419018448e+05 8.922410590765316738e+05 8.562379558922286378e+05 -9.768151750942398212e+04 3.269576636866265471e+04 -2.164245094147440250e+04 -9.706544942263604753e+03 -1.135641214687135944e+05 -1.648014274502607877e+05
-5.231937845451743342e+05 7.236957586626110133e+05 1.060184243373956851e+05 1.585979179574130831e+04 -1.650945925832315406e+05 6.590545164626666810e+05 3.937179487130833149e+04 -7.623634520256731776e+04 1.141923069235012554e+04 6.281127620712799253e+05 2.378131827097711212e+05 2.479102928208130761e+05 -3.907879948179099592e+05 -1.155044922362616344e+05 1.017643890732124273e+05 -5.890674594619506388e+04 9.203273356254051032e+04 -2.573029029788415573e+04
1.239630949742010096e+06 -7.439271593606293027e+04 -1.790044721272107563e+05 -4.762625359702752758e+04 -4.378120651271688985e+04 3.937179487130833149e+04 2.217665747818400851e+05 1.562025907024300432e+04 -3.238057927115843268e+04 -4.992312845813069725e+05 -1.779059345943008666e+05 -4.491052017429393018e+05 -1.753771182836596563e+05 7.054503075748981792e+04 -1.412260990931156848e+05 3.571299234419469576e+04 4.673406256415108510e+04 5.370743351576803980e+04
7.483294352410715073e+05 5.995085503988534037e+04 -3.190027412183512206e+04 -1.854518949329026509e+05 2.922734222603439048e+04 -7.623634520256731776e+04 1.562025907024300432e+04 2.076254655252136290e+05 6.985719723999955932e+03 -6.405781498100880999e+05 -3.098973568132222863e+05 5.670444836003223463e+04 -1.451288313473644375e+05 4.588227682709799410e+04 5.492906145458078390e+04 8.823157394737575669e+04 1.090895702291483030e+05 4.707569342580658849e+04
2.716111975254414938e+04 1.583303883390077317e+04 -9.307309985833075189e+04 -1.511239193698503914e+04 -5.311860828844346543e+04 1.141923069235012554e+04 -3.238057927115843268e+04 6.985719723999955932e+03 1.105061641154110839e+05 -2.668836093760027434e+05 1.949031972365099591e+03 2.746828634460716858e+05 4.857547536788175785e+04 2.241982019949301321e+04 9.631329056672121806e+04 -1.062621928067139379e+04 7.132441536610781441e+03 5.189270082041263231e+04
1.071772039970496669e+07 1.074050492513448559e+07 5.956052356666490436e+06 -4.709370430381037295e+05 2.884233483419018448e+05 6.281127620712799253e+05 -4.992312845813069725e+05 -6.405781498100880999e+05 -2.668836093760027434e+05 1.454115267188051641e+08 4.350061616106946021e+07 1.308703448324387707e+07 -3.103830417141832411e+06 -4.043862005537815392e+06 -1.792720964827104937e+06 4.788826939309674199e+05 2.643169245041669812e+06 3.141917722324911039e+06
1.378033356415767968e+07 9.295273576076749712e+06 8.347908587070204085e+05 -2.080503836880268937e+05 8.922410590765316738e+05 2.378131827097711212e+05 -1.779059345943008666e+05 -3.098973568132222863e+05 1.949031972365099591e+03 4.350061616106946021e+07 6.835076295241396129e+07 1.028111661503072642e+07 8.993076125608582515e+05 1.376464746983969817e+06 1.034014989990518661e+06 1.759477832588622347e+06 1.209915363503449596e+06 1.279735614432608010e+06
7.839326558347756974e+06 8.075952073664343916e+06 2.650156587534122169e+06 1.173407160298381932e+06 8.562379558922286378e+05 2.479102928208130761e+05 -4.491052017429393018e+05 5.670444836003223463e+04 2.746828634460716858e+05 1.308703448324387707e+07 1.028111661503072642e+07 4.317259253898684680e+07 4.176001014575961977e+06 4.836086738943862729e+05 2.883538493134082295e+06 2.262456373427025974e+06 1.430624487468494102e+06 1.440211286462915130e+06
-2.928816080950036179e+06 -9.332059303411811125e+05 -1.181153180410046829e+06 1.282680937612524955e+06 -9.768151750942398212e+04 -3.907879948179099592e+05 -1.753771182836596563e+05 -1.451288313473644375e+05 4.857547536788175785e+04 -3.103830417141832411e+06 8.993076125608582515e+05 4.176001014575961977e+06 1.239644087722229585e+07 1.221021018149580574e+06 5.983748326783369703e+04 1.801798835413528432e+05 -4.919335044496419723e+05 -4.283694379348224029e+05
5.216669744377613999e+06 -1.173906641687525669e+06 -1.163652649198375642e+06 8.782350338087057753e+04 3.269576636866265471e+04 -1.155044922362616344e+05 7.054503075748981792e+04 4.588227682709799410e+04 2.241982019949301321e+04 -4.043862005537815392e+06 1.376464746983969817e+06 4.836086738943862729e+05 1.221021018149580574e+06 4.630969317897536792e+06 5.553733124082778522e+04 5.049575619368765038e+05 2.495111279994086653e+05 -3.991108272051568492e+05
7.690324610309046693e+05 1.082626302271956811e+06 1.425509153186733311e+05 -1.897434144835857733e+05 -2.164245094147440250e+04 1.017643890732124273e+05 -1.412260990931156848e+05 5.492906145458078390e+04 9.631329056672121806e+04 -1.792720964827104937e+06 1.034014989990518661e+06 2.883538493134082295e+06 5.983748326783369703e+04 5.553733124082778522e+04 1.847759934518977534e+06 2.621606615750433994e+05 1.842300051634178963e+05 1.474532093353720556e+05
2.137405977438275702e+06 7.226913583434117027e+05 9.514500519819562032e+04 -2.008850551027071560e+04 -9.706544942263604753e+03 -5.890674594619506388e+04 3.571299234419469576e+04 8.823157394737575669e+04 -1.062621928067139379e+04 4.788826939309674199e+05 1.759477832588622347e+06 2.262456373427025974e+06 1.801798835413528432e+05 5.049575619368765038e+05 2.621606615750433994e+05 1.358734797302857507e+06 4.900112501685090247e+05 2.924894531877004774e+05
2.495019432289869059e+06 6.977873186441218713e+05 3.831435979337046156e+05 -3.832160069912580075e+05 -1.135641214687135944e+05 9.203273356254051032e+04 4.673406256415108510e+04 1.090895702291483030e+05 7.132441536610781441e+03 2.643169245041669812e+06 1.209915363503449596e+06 1.430624487468494102e+06 -4.919335044496419723e+05 2.495111279994086653e+05 1.842300051634178963e+05 4.900112501685090247e+05 1.043857793182078865e+06 3.290603479945650324e+05
1.853223533384044655e+06 6.898055857215389842e+05 2.734721690905251889e+05 -1.512101025020426023e+05 -1.648014274502607877e+05 -2.573029029788415573e+04 5.370743351576803980e+04 4.707569342580658849e+04 5.189270082041263231e+04 3.141917722324911039e+06 1.279735614432608010e+06 1.440211286462915130e+06 -4.283694379348224029e+05 -3.991108272051568492e+05 1.474532093353720556e+05 2.924894531877004774e+05 3.290603479945650324e+05 8.742181137946767267e+05
