# lambda=0.9177979824890611
2.895110047436362505e+07 7.543468971799453720e+04 1.076772827992218809e+05 -2.213606801807291340e+05 -1.157792036414746253e+05 -1.099060187983090145e+04 -5.413819145209858834e+04 1.902263280897842196e+04 -2.571618433864975304e+04 -1.230797885693850927e+06 2.910414561253505526e+05 -4.708989349275364075e+05 -5.604908535529455403e+05 1.395574394820864254e+05 -1.766928207796391216e+05 -1.608801017122231424e+05 -3.873771831872566690e+04 -1.902728052691387129e+05
7.543468971799453720e+04 1.552498133700222522e+07 4.607330900842993287e+04 4.317209069887403166e+04 1.056548383295760432e+05 8.768115392385789164e+03 2.748253080503347883e+04 4.421513112436377560e+04 4.224895399180266395e+04 1.073730237811171915e+06 1.109543594695242587e+06 1.040695440158507699e+05 2.421038545655104099e+05 1.995343772702983988e+05 -5.849564225792697107e+04 1.839628823081342271e+05 3.682403077700053836e+04 -4.358568552345433091e+03
1.076772827992218809e+05 4.607330900842993287e+04 5.881578948993681930e+06 9.782800796935588005e+04 -1.385555588066471682e+04 1.101907267522598522e+04 -8.266820505193920326e+03 2.367224367468972559e+04 1.712627894114523951e+04 3.661647054482510430e+05 -3.649452718448040287e+03 -1.599470846300222001e+04 -1.816640489103600339e+04 -7.875075316508591641e+04 -2.669138939100516291e+04 -5.510846990270102106e+04 2.322355604850735108e+04 4.130343260594387539e+04
-2.213606801807291340e+05 4.317209069887403166e+04 9.782800796935588005e+04 1.709542480171869276e+06 3.948330973367292245e+03 -2.410525053931112325e+03 1.641360902865096068e+04 7.148308281595221160e+03 1.102037893649622856e+04 3.576929829374134424e+05 -2.134408289306030492e+05 1.496861260209135944e+05 4.567360318466498939e+03 -3.271363600385296013e+04 2.460245690488985929e+04 -5.350315615088619234e+04 -1.142080738188177565e+04 4.694863285294714296e+04
-1.157792036414746253e+05 1.056548383295760432e+05 -1.385555588066471682e+04 3.948330973367292245e+03 8.126546428137574112e+05 8.367505931013185545e+03 1.454023389631248938e+04 3.998887057541661761e+03 3.903145161945621567e+03 1.131195976110363117e+05 9.580477100529920426e+04 4.663818421603073512e+04 8.956194614459705190e+04 6.798709146993234754e+04 -2.064116711787010354e+04 4.144965293808367278e+04 1.189482977086275923e+03 2.046512850040754347e+04
-1.099060187983090145e+04 8.768115392385789164e+03 1.101907267522598522e+04 -2.410525053931112325e+03 8.367505931013185545e+03 5.211327840078628506e+05 -3.384912027273323929e+02 9.832347035254229922e+03 4.141241151620237360e+03 1.692717870057462715e+05 1.782408147529036796e+05 -1.386001388085703657e+05 -9.317416985602751083e+04 9.763961059583632959e+03 1.729454190733232099e+04 -3.706069107197749872e+03 -5.547381248464449527e+03 -1.305407451570834019e+04
-5.413819145209858834e+04 2.748253080503347883e+04 -8.266820505193920326e+03 1.641360902865096068e+04 1.454023389631248938e+04 -3.384912027273323929e+02 3.072467395433518686e+05 7.728545913125072730e+03 1.039693270979608133e+04 1.191216231397102238e+05 1.283798552418495237e+05 2.866721804207983223e+04 1.112853647738687687e+04 1.345354725269326809e+04 1.371747469880738890e+03 5.056257179733306089e+02 -4.949841707682894594e+03 1.327250744012914402e+04
1.902263280897842196e+04 4.421513112436377560e+04 2.367224367468972559e+04 7.148308281595221160e+03 3.998887057541661761e+03 9.832347035254229922e+03 7.728545913125072730e+03 2.520447479869585659e+05 1.314825171242320357e+04 1.934171630359677656e+05 1.240421393283702928e+05 -3.140287040397544479e+04 -3.318993722153441195e+04 -1.842208898467321706e+04 2.980846393043645094e+03 1.286583349115578130e+04 1.469573767011913333e+04 1.854679303327271191e+04
-2.571618433864975304e+04 4.224895399180266395e+04 1.712627894114523951e+04 1.102037893649622856e+04 3.903145161945621567e+03 4.141241151620237360e+03 1.039693270979608133e+04 1.314825171242320357e+04 2.028479094782356115e+05 1.325095990570458234e+05 1.216297493766575499e+05 3.090282820181926127e+03 -3.095348657212452963e+04 -1.298488794007256911e+04 4.037325114450745787e+03 2.940240089990280012e+03 9.033927647992502898e+03 1.855336427736631231e+04
-1.230797885693850927e+06 1.073730237811171915e+06 3.661647054482510430e+05 3.576929829374134424e+05 1.131195976110363117e+05 1.692717870057462715e+05 1.191216231397102238e+05 1.934171630359677656e+05 1.325095990570458234e+05 2.262319101924613714e+08 3.875235308549630921e+06 -3.641713445832763682e+05 -2.253537420346665895e+05 9.373078087798165507e+04 5.244381896268489072e+05 4.497066785774519667e+05 1.817759745985080372e+05 -1.047733613580289093e+05
2.910414561253505526e+05 1.109543594695242587e+06 -3.649452718448040287e+03 -2.134408289306030492e+05 9.580477100529920426e+04 1.782408147529036796e+05 1.283798552418495237e+05 1.240421393283702928e+05 1.216297493766575499e+05 3.875235308549630921e+06 8.566799341958019137e+07 2.046449823508748086e+05 3.470741849112251075e+05 4.448700522866046522e+05 1.565660373861113912e+05 4.197222234508743859e+05 1.105185126043141499e+05 -1.305739284844035137e+05
-4.708989349275364075e+05 1.040695440158507699e+05 -1.599470846300222001e+04 1.496861260209135944e+05 4.663818421603073512e+04 -1.386001388085703657e+05 2.866721804207983223e+04 -3.140287040397544479e+04 3.090282820181926127e+03 -3.641713445832763682e+05 2.046449823508748086e+05 4.192008586028023809e+07 1.021132575378466398e+06 1.729202765413617890e+05 -5.498323873567940900e+05 1.865576496420779149e+05 -3.045959233267778836e+04 2.650681052174504148e+05
-5.604908535529455403e+05 2.421038545655104099e+05 -1.816640489103600339e+04 4.567360318466498939e+03 8.956194614459705190e+04 -9.317416985602751083e+04 1.112853647738687687e+04 -3.318993722153441195e+04 -3.095348657212452963e+04 -2.253537420346665895e+05 3.470741849112251075e+05 1.021132575378466398e+06 1.561024386631678045e+07 2.186881332282351796e+05 -1.201031190303636831e+05 1.195139466266991512e+05 -4.079149939515618826e+02 3.225097160461889143e+04
1.395574394820864254e+05 1.995343772702983988e+05 -7.875075316508591641e+04 -3.271363600385296013e+04 6.798709146993234754e+04 9.763961059583632959e+03 1.345354725269326809e+04 -1.842208898467321706e+04 -1.298488794007256911e+04 9.373078087798165507e+04 4.448700522866046522e+05 1.729202765413617890e+05 2.186881332282351796e+05 3.680104982928695157e+06 -1.059203915758304065e+05 2.869964708461381633e+03 -5.823226242938051291e+04 -5.098536344884731807e+04
-1.766928207796391216e+05 -5.849564225792697107e+04 -2.669138939100516291e+04 2.460245690488985929e+04 -2.064116711787010354e+04 1.729454190733232099e+04 1.371747469880738890e+03 2.980846393043645094e+03 4.037325114450745787e+03 5.244381896268489072e+05 1.565660373861113912e+05 -5.498323873567940900e+05 -1.201031190303636831e+05 -1.059203915758304065e+05 2.942211985667416360e+06 -2.360440916116931476e+04 2.958625671584136580e+04 -4.094608387600578862e+04
-1.608801017122231424e+05 1.839628823081342271e+05 -5.510846990270102106e+04 -5.350315615088619234e+04 4.144965293808367278e+04 -3.706069107197749872e+03 5.056257179733306089e+02 1.286583349115578130e+04 2.940240089990280012e+03 4.497066785774519667e+05 4.197222234508743859e+05 1.865576496420779149e+05 1.195139466266991512e+05 2.869964708461381633e+03 -2.360440916116931476e+04 2.400368414876000956e+06 2.522915097408716247e+04 2.836304400912392521e+04
-3.873771831872566690e+04 3.682403077700053836e+04 2.322355604850735108e+04 -1.142080738188177565e+04 1.189482977086275923e+03 -5.547381248464449527e+03 -4.949841707682894594e+03 1.469573767011913333e+04 9.033927647992502898e+03 1.817759745985080372e+05 1.105185126043141499e+05 -3.045959233267778836e+04 -4.079149939515618826e+02 -5.823226242938051291e+04 2.958625671584136580e+04 2.522915097408716247e+04 9.187148679043808952e+05 3.060339032859596773e+04
-1.902728052691387129e+05 -4.358568552345433091e+03 4.130343260594387539e+04 4.694863285294714296e+04 2.046512850040754347e+04 -1.305407451570834019e+04 1.327250744012914402e+04 1.854679303327271191e+04 1.855336427736631231e+04 -1.047733613580289093e+05 -1.305739284844035137e+05 2.650681052174504148e+05 3.225097160461889143e+04 -5.098536344884731807e+04 -4.094608387600578862e+04 2.836304400912392521e+04 3.060339032859596773e+04 1.311845034689395456e+06
