# lambda=0.25449838903583605
5.208160771275190264e+07 7.270144587179378606e+06 -1.993314890242319321e+06 1.182725873671484645e+06 -3.026464373929598369e+05 7.358730281272534048e+05 -6.373120979669719236e+05 -3.375210536152584828e+05 8.642195296645842609e+04 3.839993007044799626e+07 1.473533300233024918e+07 4.939194334928484634e+06 1.895534617306134896e+06 7.586187062909023836e+06 -9.010244687177232699e+05 -2.596360341837046726e+05 4.147193593157143332e+05 5.411277042840092909e+05
7.270144587179378606e+06 2.122535953494291008e+07 2.321541735563433263e+06 2.395486578113063297e+05 3.909139039769556839e+05 1.283375924586119596e+06 2.064458573106427793e+05 1.138988033737305668e+05 2.347821241727860470e+05 1.976846495041484013e+07 2.429174003421450779e+07 3.727144803363011219e+06 1.216407916748636169e+06 2.978490049196223728e+06 9.777201817847345956e+05 -6.381649845061427914e+05 2.650002930744723417e+05 -5.917434466345504625e+05
-1.993314890242319321e+06 2.321541735563433263e+06 4.777201307647713460e+06 7.664777361861724639e+05 2.359938386519910709e+05 1.279707645682317961e+05 2.742495822037679318e+04 2.628735447683024686e+05 3.366432786964016850e+05 -7.409933330021983944e+06 2.138592420249405317e+06 3.673933596143091563e+06 2.260283472928825766e+06 -3.178221933465334223e+04 9.554396807929767529e+05 -1.937157613599288015e+04 1.527505320655663963e+05 2.948270066859596991e+05
1.182725873671484645e+06 2.395486578113063297e+05 7.664777361861724639e+05 2.705041493162447121e+06 2.458981718955061515e+05 2.917652144779317896e+05 -1.783507950417446409e+03 3.115342040069698123e+05 3.348259823771200026e+05 -1.235519469697233289e+06 1.152403147605012171e+06 1.589496888235390419e+06 1.358494627345218323e+06 3.674168143186934758e+05 1.905646984000543889e+05 5.503623763982626406e+04 -4.677790503570510191e+05 8.242392630939307855e+04
-3.026464373929598369e+05 3.909139039769556839e+05 2.359938386519910709e+05 2.458981718955061515e+05 6.026138080419604667e+05 1.254871034092603659e+05 3.141982240086943420e+04 8.753332752584991977e+04 1.116204222352611105e+05 1.565578440382687375e+06 1.696587041596603347e+06 1.386286810783886758e+05 5.015155631237165071e+05 2.853346718702634462e+04 4.690223669126666209e+04 -8.259411542163522972e+04 2.784714102018931226e+04 1.611373298470989102e+05
7.358730281272534048e+05 1.283375924586119596e+06 1.279707645682317961e+05 2.917652144779317896e+05 1.254871034092603659e+05 5.817229396234160522e+05 9.558603239953287994e+04 7.479708090670965612e+04 1.007742398658534366e+05 1.026614125737226219e+06 5.733543933895285008e+05 2.996368656401473563e+05 9.170450088215346914e+05 1.037774351363047608e+05 9.656043865180433204e+04 7.889166674566823349e+04 2.901800930205909026e+04 3.845242607176127785e+04
-6.373120979669719236e+05 2.064458573106427793e+05 2.742495822037679318e+04 -1.783507950417446409e+03 3.141982240086943420e+04 9.558603239953287994e+04 3.176872670211846125e+05 4.654386077297043084e+04 -1.762461111898602667e+03 -1.534765423640048830e+05 -6.076959079402242787e+05 -1.876264759911067958e+05 -8.667377993650094140e+03 -6.065156272425947100e+04 2.082085703540383838e+05 4.478400093802943011e+05 4.211970019507339020e+04 3.644881233618547412e+04
-3.375210536152584828e+05 1.138988033737305668e+05 2.628735447683024686e+05 3.115342040069698123e+05 8.753332752584991977e+04 7.479708090670965612e+04 4.654386077297043084e+04 1.418581816136793350e+05 5.675508563581093767e+04 -1.648757804592323257e+06 -1.531365405378950527e+05 3.808866135662126180e+04 2.461528523205497186e+05 -1.348927532500237576e+05 1.628234808312404202e+05 1.002063812526105321e+05 -5.229750458957302180e+04 8.342661390569356445e+04
8.642195296645842609e+04 2.347821241727860470e+05 3.366432786964016850e+05 3.348259823771200026e+05 1.116204222352611105e+05 1.007742398658534366e+05 -1.762461111898602667e+03 5.675508563581093767e+04 1.834443714167986764e+05 2.519375897181675828e+04 7.286301518134790240e+05 7.445531610367572866e+05 4.945990974073685938e+05 5.296445610384861357e+04 8.247164537185059453e+04 2.642767198003785234e+04 -5.961670765756809124e+04 1.010324871040944563e+05
3.839993007044799626e+07 1.976846495041484013e+07 -7.409933330021983944e+06 -1.235519469697233289e+06 1.565578440382687375e+06 1.026614125737226219e+06 -1.534765423640048830e+05 -1.648757804592323257e+06 2.519375897181675828e+04 2.994787049780520201e+08 8.414287597273907065e+07 1.342617826474022493e+07 -9.274322263843450695e+06 1.597430014030653797e+07 -6.503248131925489753e+06 4.642757931159176864e+06 -3.519059527156762783e+02 -2.603475595437023148e+05
1.473533300233024918e+07 2.429174003421450779e+07 2.138592420249405317e+06 1.152403147605012171e+06 1.696587041596603347e+06 5.733543933895285008e+05 -6.076959079402242787e+05 -1.531365405378950527e+05 7.286301518134790240e+05 8.414287597273907065e+07 1.033124303052443564e+08 9.099453655151521787e+06 -5.553843638190760277e+06 7.441932299753302708e+06 -2.970542747743842483e+04 -1.724165609371398168e+05 -8.814182561378906248e+05 -1.450476596953594126e+06
4.939194334928484634e+06 3.727144803363011219e+06 3.673933596143091563e+06 1.589496888235390419e+06 1.386286810783886758e+05 2.996368656401473563e+05 -1.876264759911067958e+05 3.808866135662126180e+04 7.445531610367572866e+05 1.342617826474022493e+07 9.099453655151521787e+06 2.121936647436124831e+07 4.892651833495350555e+06 3.604423362532584462e+06 8.821372142298311228e+05 8.255441562022271683e+04 3.836745730953202583e+05 9.823438014708653791e+05
1.895534617306134896e+06 1.216407916748636169e+06 2.260283472928825766e+06 1.358494627345218323e+06 5.015155631237165071e+05 9.170450088215346914e+05 -8.667377993650094140e+03 2.461528523205497186e+05 4.945990974073685938e+05 -9.274322263843450695e+06 -5.553843638190760277e+06 4.892651833495350555e+06 1.137775232220262662e+07 1.760605897176483180e+06 2.093527247599607508e+05 -1.329820743270966690e+06 -5.530384148532362451e+04 5.082282810322198202e+05
7.586187062909023836e+06 2.978490049196223728e+06 -3.178221933465334223e+04 3.674168143186934758e+05 2.853346718702634462e+04 1.037774351363047608e+05 -6.065156272425947100e+04 -1.348927532500237576e+05 5.296445610384861357e+04 1.597430014030653797e+07 7.441932299753302708e+06 3.604423362532584462e+06 1.760605897176483180e+06 5.152204903855072334e+06 -2.076775084054055042e+05 -3.902832975091427215e+04 3.528022987202478544e+04 -1.136293464666575710e+04
-9.010244687177232699e+05 9.777201817847345956e+05 9.554396807929767529e+05 1.905646984000543889e+05 4.690223669126666209e+04 9.656043865180433204e+04 2.082085703540383838e+05 1.628234808312404202e+05 8.247164537185059453e+04 -6.503248131925489753e+06 -2.970542747743842483e+04 8.821372142298311228e+05 2.093527247599607508e+05 -2.076775084054055042e+05 1.222994996550555108e+06 3.496947463494372205e+05 7.837193734532674716e+04 2.666649260272799875e+05
-2.596360341837046726e+05 -6.381649845061427914e+05 -1.937157613599288015e+04 5.503623763982626406e+04 -8.259411542163522972e+04 7.889166674566823349e+04 4.478400093802943011e+05 1.002063812526105321e+05 2.642767198003785234e+04 4.642757931159176864e+06 -1.724165609371398168e+05 8.255441562022271683e+04 -1.329820743270966690e+06 -3.902832975091427215e+04 3.496947463494372205e+05 3.675548464988220017e+06 4.382225984575643670e+05 4.210674825000481214e+05
4.147193593157143332e+05 2.650002930744723417e+05 1.527505320655663963e+05 -4.677790503570510191e+05 2.784714102018931226e+04 2.901800930205909026e+04 4.211970019507339020e+04 -5.229750458957302180e+04 -5.961670765756809124e+04 -3.519059527156762783e+02 -8.814182561378906248e+05 3.836745730953202583e+05 -5.530384148532362451e+04 3.528022987202478544e+04 7.837193734532674716e+04 4.382225984575643670e+05 7.907106491622350877e+05 1.866215688256470312e+05
5.411277042840092909e+05 -5.917434466345504625e+05 2.948270066859596991e+05 8.242392630939307855e+04 1.611373298470989102e+05 3.845242607176127785e+04 3.644881233618547412e+04 8.342661390569356445e+04 1.010324871040944563e+05 -2.603475595437023148e+05 -1.450476596953594126e+06 9.823438014708653791e+05 5.082282810322198202e+05 -1.136293464666575710e+04 2.666649260272799875e+05 4.210674825000481214e+05 1.866215688256470312e+05 9.317894309923433466e+05
