# lambda=0.7846901993059947
4.798011538507698476e+07 1.080918273476689588e+06 -1.756814322319597122e+05 -2.531649537825016596e+05 6.666225200301693803e+03 -4.118393520909966901e+05 -2.338769454212141500e+04 1.251182134552393691e+05 -1.301259929442141729e+05 6.450103348926258273e+06 4.099944159632088151e+06 -2.504076900169383269e+06 -1.483491196534425020e+06 -5.221241532104663784e+05 -3.402376826528143138e+05 -2.520803601763173356e+05 2.581863828686202469e+05 -2.040158618905933690e+05
1.080918273476689588e+06 2.574387411717441678e+07 9.050862894621638115e+05 -2.842961091215705383e+05 2.588920812564895605e+05 -3.770680702173759346e+04 6.861995094930383493e+04 8.537746478950936580e+04 1.148509505888488638e+05 -2.709459681026348379e+06 1.610623628716912121e+06 -1.407075611361926422e+06 -1.583526761333914241e+06 -8.465900194262602599e+04 1.806869998186920711e+05 2.077087109150195320e+05 1.396259674614082905e+05 -5.696520513465131080e+04
-1.756814322319597122e+05 9.050862894621638115e+05 4.640132812224000692e+06 -6.949924149738920096e+04 -5.294452227694421163e+04 1.839094185025154002e+04 -4.142773555510567348e+03 8.429784952476147737e+04 7.766027757485302573e+04 -8.842696272568847053e+05 2.276532814926592982e+05 -3.357984630932855071e+05 -2.204412785501692561e+05 -3.488877557719126344e+04 2.076984893622532836e+05 -4.997263827615094669e+03 8.847226786239976354e+04 2.006684881570136349e+04
-2.531649537825016596e+05 -2.842961091215705383e+05 -6.949924149738920096e+04 1.285768059886725154e+06 -2.576313818014637945e+04 4.089226825520267448e+04 4.559617719194685196e+04 6.054455779673744473e+03 1.798965345105370216e+04 -5.407009551062376704e+05 2.778068421811810549e+04 2.800699407199358102e+05 4.000527045399797498e+05 5.212991846528342285e+04 1.811020645251951646e+04 5.225294037414502964e+04 1.035820223430591432e+05 7.757459036429371918e+04
6.666225200301693803e+03 2.588920812564895605e+05 -5.294452227694421163e+04 -2.576313818014637945e+04 8.672162249691148754e+05 6.574075559025067196e+04 8.415672914988752382e+03 -1.993288850407109567e+04 6.784677575597186660e+03 8.777002726686287206e+05 5.855532362831933424e+05 -4.767787970672496886e+04 -7.907933656099857762e+04 1.580200170011996524e+05 -1.713000752206987818e+04 2.223151793274931333e+04 -5.519745895956602180e+04 -1.913561874441877808e+04
-4.118393520909966901e+05 -3.770680702173759346e+04 1.839094185025154002e+04 4.089226825520267448e+04 6.574075559025067196e+04 6.910942251466852613e+05 3.279380985592395155e+04 -1.635467974498521653e+04 1.411870029480523954e+04 1.045028939200921886e+05 2.294742157279809471e+05 2.451753430960388214e+05 1.570107470463794598e+05 9.924107790530039347e+04 1.187137307933652337e+05 7.171923982707087998e+04 -1.119373810932681954e+04 5.085761584348501492e+04
-2.338769454212141500e+04 6.861995094930383493e+04 -4.142773555510567348e+03 4.559617719194685196e+04 8.415672914988752382e+03 3.279380985592395155e+04 4.613478525180376600e+05 4.416647561356813640e+03 1.385165922604135085e+04 -8.108523082115523284e+05 -1.059183198143010814e+05 2.152019467085867363e+05 -1.485866703922062879e+05 4.548417815683479830e+02 -4.602480328732477210e+04 4.920350707952369703e+04 1.469631039298927681e+04 -6.848628942047563214e+03
1.251182134552393691e+05 8.537746478950936580e+04 8.429784952476147737e+04 6.054455779673744473e+03 -1.993288850407109567e+04 -1.635467974498521653e+04 4.416647561356813640e+03 1.306698306044932106e+05 1.282977706860248418e+03 -2.859144966255387990e+05 2.181466290363041117e+04 -6.944266168494458725e+03 -9.561717592587052786e+04 -6.230402709922529175e+04 -3.003848826350411764e+04 -2.252683492268908594e+04 2.313372565792221940e+04 -4.932897738236299119e+03
-1.301259929442141729e+05 1.148509505888488638e+05 7.766027757485302573e+04 1.798965345105370216e+04 6.784677575597186660e+03 1.411870029480523954e+04 1.385165922604135085e+04 1.282977706860248418e+03 1.939056332527458435e+05 2.855262553548658616e+05 -1.359457758300580099e+04 -2.782493663046704023e+04 -1.928455250050456743e+04 1.455512999343402407e+04 -1.590628794928238494e+04 1.285315296921867230e+04 1.553556639007125159e+04 1.294847882622974248e+04
6.450103348926258273e+06 -2.709459681026348379e+06 -8.842696272568847053e+05 -5.407009551062376704e+05 8.777002726686287206e+05 1.045028939200921886e+05 -8.108523082115523284e+05 -2.859144966255387990e+05 2.855262553548658616e+05 2.385856203013336360e+08 3.157866105165577494e+06 -6.940148913860948756e+06 1.933104438110367162e+06 2.350556971658824012e+06 1.753058559265359771e+06 -3.241949104410333675e+05 -7.977279493125096196e+05 3.103643368841065094e+05
4.099944159632088151e+06 1.610623628716912121e+06 2.276532814926592982e+05 2.778068421811810549e+04 5.855532362831933424e+05 2.294742157279809471e+05 -1.059183198143010814e+05 2.181466290363041117e+04 -1.359457758300580099e+04 3.157866105165577494e+06 5.755982455503126234e+07 8.051234180600384716e+05 -1.979309210762778763e+06 4.424992562760615838e+05 4.416153768046770710e+04 -3.307436329279500933e+04 9.487134956507763127e+04 -2.439958633988999063e+05
-2.504076900169383269e+06 -1.407075611361926422e+06 -3.357984630932855071e+05 2.800699407199358102e+05 -4.767787970672496886e+04 2.451753430960388214e+05 2.152019467085867363e+05 -6.944266168494458725e+03 -2.782493663046704023e+04 -6.940148913860948756e+06 8.051234180600384716e+05 2.151952910354793444e+07 -1.173701607508443063e+06 -4.592327317726566689e+05 -4.831036664729937329e+05 4.058412027200728771e+05 -2.924132752577686333e+05 -1.058690613439500303e+05
-1.483491196534425020e+06 -1.583526761333914241e+06 -2.204412785501692561e+05 4.000527045399797498e+05 -7.907933656099857762e+04 1.570107470463794598e+05 -1.485866703922062879e+05 -9.561717592587052786e+04 -1.928455250050456743e+04 1.933104438110367162e+06 -1.979309210762778763e+06 -1.173701607508443063e+06 1.430500778259246051e+07 6.434370112201340962e+05 4.696214077045352897e+05 -8.805228497358126333e+04 2.564664641162902990e+05 3.550748482473948970e+05
-5.221241532104663784e+05 -8.465900194262602599e+04 -3.488877557719126344e+04 5.212991846528342285e+04 1.580200170011996524e+05 9.924107790530039347e+04 4.548417815683479830e+02 -6.230402709922529175e+04 1.455512999343402407e+04 2.350556971658824012e+06 4.424992562760615838e+05 -4.592327317726566689e+05 6.434370112201340962e+05 4.344821119261704385e+06 2.392357517475933128e+05 -3.940061152495787974e+04 5.763251980423357600e+04 4.511647020240226993e+03
-3.402376826528143138e+05 1.806869998186920711e+05 2.076984893622532836e+05 1.811020645251951646e+04 -1.713000752206987818e+04 1.187137307933652337e+05 -4.602480328732477210e+04 -3.003848826350411764e+04 -1.590628794928238494e+04 1.753058559265359771e+06 4.416153768046770710e+04 -4.831036664729937329e+05 4.696214077045352897e+05 2.392357517475933128e+05 3.188155501177784987e+06 2.117565069250160304e+05 -2.395536694387265015e+04 8.511516260425763903e+04
-2.520803601763173356e+05 2.077087109150195320e+05 -4.997263827615094669e+03 5.225294037414502964e+04 2.223151793274931333e+04 7.171923982707087998e+04 4.920350707952369703e+04 -2.252683492268908594e+04 1.285315296921867230e+04 -3.241949104410333675e+05 -3.307436329279500933e+04 4.058412027200728771e+05 -8.805228497358126333e+04 -3.940061152495787974e+04 2.117565069250160304e+05 1.836713469920350239e+06 -5.351153490369874635e+04 9.925352720547154604e+03
2.581863828686202469e+05 1.396259674614082905e+05 8.847226786239976354e+04 1.035820223430591432e+05 -5.519745895956602180e+04 -1.119373810932681954e+04 1.469631039298927681e+04 2.313372565792221940e+04 1.553556639007125159e+04 -7.977279493125096196e+05 9.487134956507763127e+04 -2.924132752577686333e+05 2.564664641162902990e+05 5.763251980423357600e+04 -2.395536694387265015e+04 -5.351153490369874635e+04 8.416101334845256060e+05 3.438800294442680024e+04
-2.040158618905933690e+05 -5.696520513465131080e+04 2.006684881570136349e+04 7.757459036429371918e+04 -1.913561874441877808e+04 5.085761584348501492e+04 -6.848628942047563214e+03 -4.932897738236299119e+03 1.294847882622974248e+04 3.103643368841065094e+05 -2.439958633988999063e+05 -1.058690613439500303e+05 3.550748482473948970e+05 4.511647020240226993e+03 8.511516260425763903e+04 9.925352720547154604e+03 3.438800294442680024e+04 7.912663810746847885e+05
