# lambda=0.5130580007169794
6.652252314603427052e+07 7.101381114754958078e+06 9.832465307377383579e+05 -6.798908702620604308e+05 1.049267298280226300e+06 1.914817228326864424e+05 5.493836718514406130e+03 4.937920155583891756e+04 9.481419412761213607e+03 2.924609283424437791e+07 1.748743545804883540e+07 -4.282465611732455436e+05 -2.800682486742392648e+06 -2.946885821567181963e+06 -9.632110989800252719e+05 4.207244990163549664e+04 -1.495847817517147341e+05 2.446925428847028525e+05
7.101381114754958078e+06 1.147404629519430920e+07 -1.055634671100278065e+05 -8.031430826904400601e+04 2.155520705880260502e+05 -1.472804538090050482e+04 1.196222632611394074e+05 3.358469083866581786e+04 1.219099803889609611e+05 5.029614452555302531e+06 6.773997364637807012e+06 -3.818100166467281058e+06 -3.275426445525878109e+06 -1.387711142034408404e+06 -6.471462781940259738e+05 7.502841274990575039e+04 -2.078414932928801572e+05 -4.034250282169592683e+05
9.832465307377383579e+05 -1.055634671100278065e+05 4.175176628072501160e+06 5.830011342633331660e+05 2.612009808867731772e+05 1.095263146953137766e+05 9.356109863292162481e+04 5.514522541208485563e+03 -9.768434186776487331e+04 8.600439146380535094e+05 -9.172758188290324761e+05 2.861833708301872946e+06 -7.811927587927071727e+04 -3.438955193687257124e+05 1.161867535521377722e+05 -1.586617311310732039e+05 1.307097224093800614e+05 -5.469216562614581534e+01
-6.798908702620604308e+05 -8.031430826904400601e+04 5.830011342633331660e+05 3.185143499944246840e+06 2.373258383298970148e+04 3.025673480248484411e+05 -3.814671653661403070e+03 -7.367472681212094903e+04 -2.096481453192007029e+04 -9.734994375627296977e+05 -1.250335921054738807e+06 2.812911655994675821e+05 8.634664646453696769e+05 2.833269218358297949e+05 5.347740660869842395e+05 2.373677420552590338e+05 2.603010279716657533e+05 -2.108018535033025182e+04
1.049267298280226300e+06 2.155520705880260502e+05 2.612009808867731772e+05 2.373258383298970148e+04 1.084309776939043077e+06 -2.566358541984862677e+04 4.681739344088521193e+02 9.616540566781609959e+04 -1.766048201615383005e+04 2.125155484496036952e+05 9.361874016961338930e+05 5.958721211421310436e+05 -8.158891237935441313e+05 2.671871667246185825e+05 -1.117260989492234658e+05 2.543596044656048180e+05 -2.459615496921748127e+04 -8.282529319192899857e+04
1.914817228326864424e+05 -1.472804538090050482e+04 1.095263146953137766e+05 3.025673480248484411e+05 -2.566358541984862677e+04 6.001135631186558167e+05 5.314377243902231567e+04 -9.520860267602309250e+03 2.378654758877061340e+03 -4.505132179509356502e+05 -4.440723656969696749e+05 3.809608670413693762e+05 3.561947591265547089e+05 1.906902854955460352e+05 1.947625852923670027e+05 1.663634679828764056e+05 4.773483015920612524e+04 5.935987056306618115e+02
5.493836718514406130e+03 1.196222632611394074e+05 9.356109863292162481e+04 -3.814671653661403070e+03 4.681739344088521193e+02 5.314377243902231567e+04 3.188044877430019551e+05 3.643601238761758577e+04 -3.553356376893916604e+03 -8.497452541943059769e+05 -3.486770245010906947e+05 -6.394071236551531183e+04 6.402807596127389843e+04 -2.401656453173798582e+03 3.105561793293062510e+04 9.926004143698539701e+04 1.506084618110085466e+04 1.772711348381688731e+04
4.937920155583891756e+04 3.358469083866581786e+04 5.514522541208485563e+03 -7.367472681212094903e+04 9.616540566781609959e+04 -9.520860267602309250e+03 3.643601238761758577e+04 2.293231972785397083e+05 5.641772956437301218e+03 -5.589996117171455408e+05 3.177540224804480677e+05 2.629933717775333207e+05 -7.342766802107139665e+04 2.524528776650750078e+05 6.814412195970494940e+04 1.185254880094478285e+05 4.336075790950972441e+04 5.354865549355964322e+04
9.481419412761213607e+03 1.219099803889609611e+05 -9.768434186776487331e+04 -2.096481453192007029e+04 -1.766048201615383005e+04 2.378654758877061340e+03 -3.553356376893916604e+03 5.641772956437301218e+03 8.292793367209007556e+04 -2.182160588630615166e+04 2.129845761415449088e+05 -2.476273251378080458e+05 1.439048610884993395e+05 1.393509327922056546e+05 8.033128282763874449e+04 1.171487352186545322e+05 5.178285872050981197e+03 -1.343877314461064634e+04
2.924609283424437791e+07 5.029614452555302531e+06 8.600439146380535094e+05 -9.734994375627296977e+05 2.125155484496036952e+05 -4.505132179509356502e+05 -8.497452541943059769e+05 -5.589996117171455408e+05 -2.182160588630615166e+04 2.530300645182379186e+08 1.308253814651150070e+07 1.590795558297204087e+06 2.380979170265856665e+06 -4.456736564453823958e+05 4.190591215682925191e+06 -1.242744274303901941e+06 4.430958760979284998e+05 -1.414149028837404330e+05
1.748743545804883540e+07 6.773997364637807012e+06 -9.172758188290324761e+05 -1.250335921054738807e+06 9.361874016961338930e+05 -4.440723656969696749e+05 -3.486770245010906947e+05 3.177540224804480677e+05 2.129845761415449088e+05 1.308253814651150070e+07 8.346832627154158056e+07 3.593434652630350552e+06 -3.138212416906415485e+06 -1.435711466126341373e+06 -9.823887635149704292e+05 -5.944029395306196529e+05 4.263148252070894814e+05 1.723075880869279499e+05
-4.282465611732455436e+05 -3.818100166467281058e+06 2.861833708301872946e+06 2.812911655994675821e+05 5.958721211421310436e+05 3.809608670413693762e+05 -6.394071236551531183e+04 2.629933717775333207e+05 -2.476273251378080458e+05 1.590795558297204087e+06 3.593434652630350552e+06 3.673716566171191633e+07 2.299793376399713103e+06 -4.870623693955817726e+05 -3.797373344022781821e+05 -1.051227691774081206e+06 3.738584947175735142e+05 7.358949684350170428e+05
-2.800682486742392648e+06 -3.275426445525878109e+06 -7.811927587927071727e+04 8.634664646453696769e+05 -8.158891237935441313e+05 3.561947591265547089e+05 6.402807596127389843e+04 -7.342766802107139665e+04 1.439048610884993395e+05 2.380979170265856665e+06 -3.138212416906415485e+06 2.299793376399713103e+06 1.359743493915545009e+07 1.560733899101081304e+06 1.928206442249428947e+06 8.557230805669769179e+05 4.701927894194807741e+05 4.433258497788430541e+05
-2.946885821567181963e+06 -1.387711142034408404e+06 -3.438955193687257124e+05 2.833269218358297949e+05 2.671871667246185825e+05 1.906902854955460352e+05 -2.401656453173798582e+03 2.524528776650750078e+05 1.393509327922056546e+05 -4.456736564453823958e+05 -1.435711466126341373e+06 -4.870623693955817726e+05 1.560733899101081304e+06 7.716060193681527860e+06 1.542397467699026922e+06 1.128671783371518366e+06 3.716939066623183317e+05 5.225898927016694506e+04
-9.632110989800252719e+05 -6.471462781940259738e+05 1.161867535521377722e+05 5.347740660869842395e+05 -1.117260989492234658e+05 1.947625852923670027e+05 3.105561793293062510e+04 6.814412195970494940e+04 8.033128282763874449e+04 4.190591215682925191e+06 -9.823887635149704292e+05 -3.797373344022781821e+05 1.928206442249428947e+06 1.542397467699026922e+06 4.237425055108617991e+06 6.175261985291901510e+05 3.050197902805148624e+05 -1.184749512871497427e+04
4.207244990163549664e+04 7.502841274990575039e+04 -1.586617311310732039e+05 2.373677420552590338e+05 2.543596044656048180e+05 1.663634679828764056e+05 9.926004143698539701e+04 1.185254880094478285e+05 1.171487352186545322e+05 -1.242744274303901941e+06 -5.944029395306196529e+05 -1.051227691774081206e+06 8.557230805669769179e+05 1.128671783371518366e+06 6.175261985291901510e+05 2.700064407232079189e+06 1.220789601780891680e+05 -2.211093376526161228e+04
-1.495847817517147341e+05 -2.078414932928801572e+05 1.307097224093800614e+05 2.603010279716657533e+05 -2.459615496921748127e+04 4.773483015920612524e+04 1.506084618110085466e+04 4.336075790950972441e+04 5.178285872050981197e+03 4.430958760979284998e+05 4.263148252070894814e+05 3.738584947175735142e+05 4.701927894194807741e+05 3.716939066623183317e+05 3.050197902805148624e+05 1.220789601780891680e+05 9.489880322383366292e+05 2.227963144892608107e+05
2.446925428847028525e+05 -4.034250282169592683e+05 -5.469216562614581534e+01 -2.108018535033025182e+04 -8.282529319192899857e+04 5.935987056306618115e+02 1.772711348381688731e+04 5.354865549355964322e+04 -1.343877314461064634e+04 -1.414149028837404330e+05 1.723075880869279499e+05 7.358949684350170428e+05 4.433258497788430541e+05 5.225898927016694506e+04 -1.184749512871497427e+04 -2.211093376526161228e+04 2.227963144892608107e+05 6.319457735383771360e+05
