# lambda=0.8964624065540102
4.773190096505259722e+07 6.199984385525500329e+03 -4.594120422311695293e+05 -2.892215579618615448e+05 -1.500946907402882061e+05 -8.649711404237389797e+04 8.623176566788213677e+03 1.390678685265380482e+05 1.282671390518303233e+05 4.363887550453281030e+06 2.940798524829354719e+05 -6.097975663795049768e+05 -2.459421415653417353e+05 -3.993026078206223319e+05 -1.494566837374304596e+05 -8.573047297077701660e+04 3.168535000373215880e+05 3.061593734342987300e+05
6.199984385525500329e+03 1.184196432614411972e+07 3.147836163856710773e+05 1.278446448780695391e+04 2.526098727599713675e+04 -3.204062597709049442e+04 -1.223468252294323611e+04 3.907950403565564920e+04 6.069453026649459844e+02 -4.251663643291560584e+05 4.288160038978204830e+04 -1.890496019255010760e+05 3.610252139425237547e+05 2.904352636681340300e+04 -1.461041663352753967e+05 7.817452011902091908e+04 -1.156293834943006732e+04 -1.235049725476513413e+04
-4.594120422311695293e+05 3.147836163856710773e+05 6.834156703608091921e+06 1.070913162472687836e+05 -3.484085992962515593e+04 1.520211558335009067e+04 -1.303782489707633249e+04 -2.208607544183367281e+03 -2.000393240066242242e+03 -5.179714805309973890e+05 1.871957568534361199e+05 5.975453659673747607e+05 -8.942235042218319722e+04 3.087882774126956429e+04 -8.786342734940419905e+04 9.587666871497039392e+04 -4.076244757248732640e+04 1.149248832069162199e+04
-2.892215579618615448e+05 1.278446448780695391e+04 1.070913162472687836e+05 1.625042184928939445e+06 1.294829613566606895e+03 -1.211227710643191131e+03 2.603695706137736852e+04 -1.723054918454816288e+04 -8.319110323631632127e+03 -3.553594287153701298e+05 3.881833813648025971e+05 -3.788201509029792214e+04 5.280845165631809505e+04 7.763259604072436923e+04 -1.742860963657913089e+04 6.947633583600296697e+04 -7.023079430077670258e+04 -3.093236925795326897e+04
-1.500946907402882061e+05 2.526098727599713675e+04 -3.484085992962515593e+04 1.294829613566606895e+03 7.217905803875735728e+05 -1.329270425059618901e+03 2.140636719371883373e+03 1.980957212543103651e+03 3.600625758508813306e+02 1.439242183825005486e+05 1.610014472846291901e+05 -1.245181632278876787e+05 5.709876393663881754e+04 5.353562244928762084e+04 -2.609963328164574705e+03 -2.553038482696552819e+04 -3.099798143965376221e+04 3.392692037489065115e+03
-8.649711404237389797e+04 -3.204062597709049442e+04 1.520211558335009067e+04 -1.211227710643191131e+03 -1.329270425059618901e+03 3.812399054489753325e+05 -1.704886370343150702e+03 -8.917099907866931972e+03 -2.760768056889352465e+03 -4.445061934438830940e+04 1.239420291729294404e+05 -3.649338217440648441e+04 -6.102154855477748788e+04 -3.220886469251940434e+04 -1.259404715077837864e+04 -6.331235367981688796e+03 -1.073312692800159857e+04 -6.443668796557980386e+03
8.623176566788213677e+03 -1.223468252294323611e+04 -1.303782489707633249e+04 2.603695706137736852e+04 2.140636719371883373e+03 -1.704886370343150702e+03 3.919347618224438629e+05 2.556644311328177537e+03 4.807279698987655138e+03 6.346014534252038720e+04 1.266126323341267125e+05 -1.413305817476005177e+05 3.533753273427185832e+03 1.200717181859956509e+04 2.724636673842861273e+04 4.144601181055879715e+04 1.679059537734141486e+04 3.846579795482403370e+03
1.390678685265380482e+05 3.907950403565564920e+04 -2.208607544183367281e+03 -1.723054918454816288e+04 1.980957212543103651e+03 -8.917099907866931972e+03 2.556644311328177537e+03 1.575141657503702154e+05 8.054451159486859979e+03 5.842160629416477605e+04 -2.843116635121428408e+04 -2.180909973912281203e+04 1.393555103329110170e+04 -8.410249300315497749e+03 1.419011615851470378e+04 3.151254362138013221e+03 2.369153908596037218e+04 1.332932134198733183e+04
1.282671390518303233e+05 6.069453026649459844e+02 -2.000393240066242242e+03 -8.319110323631632127e+03 3.600625758508813306e+02 -2.760768056889352465e+03 4.807279698987655138e+03 8.054451159486859979e+03 1.374960846682705451e+05 1.749978009795177204e+05 -5.185956879382230545e+04 1.537467070414356022e+04 2.515343612066970309e+03 -1.650689967945228273e+04 1.189081076673641110e+04 -9.289681736238745771e+02 1.443318255827125358e+04 1.835239605737629972e+04
4.363887550453281030e+06 -4.251663643291560584e+05 -5.179714805309973890e+05 -3.553594287153701298e+05 1.439242183825005486e+05 -4.445061934438830940e+04 6.346014534252038720e+04 5.842160629416477605e+04 1.749978009795177204e+05 2.065964346965872645e+08 2.009948407886721427e+06 -1.707294173449889524e+06 2.118491046934829210e+05 -4.438888949303678819e+05 2.521960973716091539e+05 -6.802914416036497569e+05 4.524636843971558119e+04 5.166906966922046850e+05
2.940798524829354719e+05 4.288160038978204830e+04 1.871957568534361199e+05 3.881833813648025971e+05 1.610014472846291901e+05 1.239420291729294404e+05 1.266126323341267125e+05 -2.843116635121428408e+04 -5.185956879382230545e+04 2.009948407886721427e+06 8.343524508848211169e+07 -1.283842833656773437e+06 -2.250025188288191566e+05 -3.144239860170116881e+05 -4.824425594502802705e+05 2.539025665411132795e+05 -4.671806911745060643e+04 2.153593484203461267e+05
-6.097975663795049768e+05 -1.890496019255010760e+05 5.975453659673747607e+05 -3.788201509029792214e+04 -1.245181632278876787e+05 -3.649338217440648441e+04 -1.413305817476005177e+05 -2.180909973912281203e+04 1.537467070414356022e+04 -1.707294173449889524e+06 -1.283842833656773437e+06 2.836787582562370226e+07 -4.003307173027899698e+05 -1.940383054005754529e+05 7.862239273738041811e+04 8.913269825989467790e+04 3.561973736455638573e+04 8.811370181541408238e+04
-2.459421415653417353e+05 3.610252139425237547e+05 -8.942235042218319722e+04 5.280845165631809505e+04 5.709876393663881754e+04 -6.102154855477748788e+04 3.533753273427185832e+03 1.393555103329110170e+04 2.515343612066970309e+03 2.118491046934829210e+05 -2.250025188288191566e+05 -4.003307173027899698e+05 1.152659012091471814e+07 3.049461852883829270e+05 2.530132417958352598e+05 1.074827039361389143e+04 -5.462676991608493699e+04 1.748616695734222594e+04
-3.993026078206223319e+05 2.904352636681340300e+04 3.087882774126956429e+04 7.763259604072436923e+04 5.353562244928762084e+04 -3.220886469251940434e+04 1.200717181859956509e+04 -8.410249300315497749e+03 -1.650689967945228273e+04 -4.438888949303678819e+05 -3.144239860170116881e+05 -1.940383054005754529e+05 3.049461852883829270e+05 2.988609243018350098e+06 9.789201080337456369e+04 7.483684340135726416e+03 -5.419994982343522861e+04 -3.444456211929026904e+04
-1.494566837374304596e+05 -1.461041663352753967e+05 -8.786342734940419905e+04 -1.742860963657913089e+04 -2.609963328164574705e+03 -1.259404715077837864e+04 2.724636673842861273e+04 1.419011615851470378e+04 1.189081076673641110e+04 2.521960973716091539e+05 -4.824425594502802705e+05 7.862239273738041811e+04 2.530132417958352598e+05 9.789201080337456369e+04 3.194006896350230090e+06 6.359431444238723634e+04 4.524927526503831177e+04 3.562622506474208785e+04
-8.573047297077701660e+04 7.817452011902091908e+04 9.587666871497039392e+04 6.947633583600296697e+04 -2.553038482696552819e+04 -6.331235367981688796e+03 4.144601181055879715e+04 3.151254362138013221e+03 -9.289681736238745771e+02 -6.802914416036497569e+05 2.539025665411132795e+05 8.913269825989467790e+04 1.074827039361389143e+04 7.483684340135726416e+03 6.359431444238723634e+04 1.686603944253066322e+06 3.705503929673843231e+04 3.295282121267467301e+04
3.168535000373215880e+05 -1.156293834943006732e+04 -4.076244757248732640e+04 -7.023079430077670258e+04 -3.099798143965376221e+04 -1.073312692800159857e+04 1.679059537734141486e+04 2.369153908596037218e+04 1.443318255827125358e+04 4.524636843971558119e+04 -4.671806911745060643e+04 3.561973736455638573e+04 -5.462676991608493699e+04 -5.419994982343522861e+04 4.524927526503831177e+04 3.705503929673843231e+04 1.162224629622081527e+06 3.176973231469007078e+04
3.061593734342987300e+05 -1.235049725476513413e+04 1.149248832069162199e+04 -3.093236925795326897e+04 3.392692037489065115e+03 -6.443668796557980386e+03 3.846579795482403370e+03 1.332932134198733183e+04 1.835239605737629972e+04 5.166906966922046850e+05 2.153593484203461267e+05 8.811370181541408238e+04 1.748616695734222594e+04 -3.444456211929026904e+04 3.562622506474208785e+04 3.295282121267467301e+04 3.176973231469007078e+04 1.107705284866186790e+06
