# lambda=0.8098205721772721
2.706500638866471872e+07 -5.771574535107110860e+05 2.302889610719457851e+05 6.455482781179927988e+05 -3.255939910271482659e+05 7.449788506076671183e+04 1.250174644539090950e+05 -9.674933891030521772e+04 7.380877734670897189e+04 6.627358680484507931e+05 -1.472445507509757008e+05 -1.294930758765371516e+06 4.450075380898233852e+05 -5.230503248958449694e+05 4.504367153456741944e+05 -8.430969338402299036e+04 1.404152256641763088e+05 2.187945685717861634e+05
-5.771574535107110860e+05 1.787029162374606356e+07 2.694364937063102843e+05 -2.016207401339849166e+05 2.943540792087443988e+05 1.503636916136643267e+05 -1.353982098346145358e+05 2.604738109733870078e+04 2.009039604047810280e+04 1.536038142009285744e+06 3.064890125394259114e+06 7.291421170561283361e+05 -5.309695612087730551e+05 8.884928475997255009e+04 1.971901628206833266e+05 2.026795616652013268e+04 1.954498857621053321e+04 -1.763733905510292971e+05
2.302889610719457851e+05 2.694364937063102843e+05 5.668846157068030909e+06 3.986368477313947369e+04 4.828260239817211550e+04 1.573601307354573219e+05 2.844688214331010022e+04 5.188098616025886440e+04 4.519863020400140522e+04 1.691297628887004917e+06 1.790188017167406855e+06 4.852122308501651278e+05 -1.393640224068010411e+03 3.567197126534018753e+04 3.771607415421953774e+05 2.145810486229475064e+05 -3.630822274343425670e+04 -1.229369255482455192e+05
6.455482781179927988e+05 -2.016207401339849166e+05 3.986368477313947369e+04 1.611045700347754173e+06 8.720319149731742800e+04 4.296461423751262191e+04 4.457955238357269991e+04 -2.406687712771748920e+04 4.030453923701514213e+03 1.732012834569506231e+05 -7.169757253008192638e+05 -1.753647375307368347e+05 9.686864002389338566e+04 3.574554633788701904e+04 1.444216515893435571e+05 7.363709566064873070e+04 1.117939205147786561e+05 4.737163454116126377e+04
-3.255939910271482659e+05 2.943540792087443988e+05 4.828260239817211550e+04 8.720319149731742800e+04 1.794051403672348475e+06 4.430428267888184928e+04 2.742924054041064301e+04 -2.505964174291360905e+04 -3.936241179904274304e+03 2.889027567635740852e+05 -2.445464130721824476e+05 2.247186978788150591e+05 -1.138107187774235499e+05 2.800367770953742438e+05 6.896805972308218770e+04 2.173280553324757202e+05 5.692807012362862588e+04 -5.069672853570071311e+04
7.449788506076671183e+04 1.503636916136643267e+05 1.573601307354573219e+05 4.296461423751262191e+04 4.430428267888184928e+04 4.538511692464444786e+05 5.203788109983568120e+02 3.702082329142768231e+03 4.997850673762387487e+03 3.832791441225102753e+05 4.871593286859845975e+05 1.980213397300087381e+05 3.026753656740408769e+04 1.010466278222547844e+05 1.310350716611128300e+05 5.087836197912922216e+04 2.038484044843471565e+04 6.308735981608506336e+02
1.250174644539090950e+05 -1.353982098346145358e+05 2.844688214331010022e+04 4.457955238357269991e+04 2.742924054041064301e+04 5.203788109983568120e+02 2.250557259576811921e+05 -4.467004322095585849e+03 -3.638131112317668340e+03 3.288421676355411910e+04 -1.734429258981127641e+05 -2.160722785228590874e+04 2.176962154350988567e+04 -3.376717936817290320e+04 -1.486847043313311951e+04 7.017396057478441799e+04 5.716969790731446665e+03 -5.544737868917349260e+03
-9.674933891030521772e+04 2.604738109733870078e+04 5.188098616025886440e+04 -2.406687712771748920e+04 -2.505964174291360905e+04 3.702082329142768231e+03 -4.467004322095585849e+03 1.825073637946102244e+05 2.083784567659504773e+03 1.387802585835985956e+05 9.249278300966252573e+04 1.148790808334784961e+05 8.516144443669216707e+04 -2.362876701468038664e+04 -2.522075677303594784e+04 2.817354992647959079e+04 5.113041362850760379e+03 2.645207471931828695e+04
7.380877734670897189e+04 2.009039604047810280e+04 4.519863020400140522e+04 4.030453923701514213e+03 -3.936241179904274304e+03 4.997850673762387487e+03 -3.638131112317668340e+03 2.083784567659504773e+03 7.391607297717021720e+04 1.639427763738173235e+04 1.321811882264866144e+05 5.322130371998296323e+04 -6.194747649310285453e+01 1.686699363637582792e+04 1.428729466491418498e+04 -1.083253604552734578e+04 4.566614694589730789e+03 6.396133358702906662e+03
6.627358680484507931e+05 1.536038142009285744e+06 1.691297628887004917e+06 1.732012834569506231e+05 2.889027567635740852e+05 3.832791441225102753e+05 3.288421676355411910e+04 1.387802585835985956e+05 1.639427763738173235e+04 1.206673720926529467e+08 4.941212225237893872e+06 -2.663351608573492151e+06 -2.634622909787135199e+06 3.944673588872978580e+05 7.521692806769951712e+05 1.377870211255467497e+06 -3.878515549499889021e+05 4.059221589833009057e+05
-1.472445507509757008e+05 3.064890125394259114e+06 1.790188017167406855e+06 -7.169757253008192638e+05 -2.445464130721824476e+05 4.871593286859845975e+05 -1.734429258981127641e+05 9.249278300966252573e+04 1.321811882264866144e+05 4.941212225237893872e+06 8.690411781474722922e+07 1.210513750395725714e+06 -1.104737544038570020e+06 -5.788437392532485537e+05 1.235838647911971493e+05 -1.846179258956620761e+05 -1.694635479690434295e+05 -3.064457625836635707e+05
-1.294930758765371516e+06 7.291421170561283361e+05 4.852122308501651278e+05 -1.753647375307368347e+05 2.247186978788150591e+05 1.980213397300087381e+05 -2.160722785228590874e+04 1.148790808334784961e+05 5.322130371998296323e+04 -2.663351608573492151e+06 1.210513750395725714e+06 2.292971563546160981e+07 4.790525295595899224e+05 6.208415216443995014e+05 -2.610344031610195816e+05 1.253060871525290422e+05 1.206547700685214077e+05 -7.824365631797364040e+04
4.450075380898233852e+05 -5.309695612087730551e+05 -1.393640224068010411e+03 9.686864002389338566e+04 -1.138107187774235499e+05 3.026753656740408769e+04 2.176962154350988567e+04 8.516144443669216707e+04 -6.194747649310285453e+01 -2.634622909787135199e+06 -1.104737544038570020e+06 4.790525295595899224e+05 8.289432609359143302e+06 1.257871389300076698e+05 -4.809637095973574469e+04 1.442194775534502696e+05 2.488742465530579793e+05 2.017695658461780986e+05
-5.230503248958449694e+05 8.884928475997255009e+04 3.567197126534018753e+04 3.574554633788701904e+04 2.800367770953742438e+05 1.010466278222547844e+05 -3.376717936817290320e+04 -2.362876701468038664e+04 1.686699363637582792e+04 3.944673588872978580e+05 -5.788437392532485537e+05 6.208415216443995014e+05 1.257871389300076698e+05 4.746329148131444119e+06 3.119389830502694240e+05 1.874227592754446669e+05 1.381462871429442312e+05 9.215100299929983157e+04
4.504367153456741944e+05 1.971901628206833266e+05 3.771607415421953774e+05 1.444216515893435571e+05 6.896805972308218770e+04 1.310350716611128300e+05 -1.486847043313311951e+04 -2.522075677303594784e+04 1.428729466491418498e+04 7.521692806769951712e+05 1.235838647911971493e+05 -2.610344031610195816e+05 -4.809637095973574469e+04 3.119389830502694240e+05 3.651923813441629522e+06 6.052335687752918602e+04 8.335039928623825836e+04 2.654415985408038978e+04
-8.430969338402299036e+04 2.026795616652013268e+04 2.145810486229475064e+05 7.363709566064873070e+04 2.173280553324757202e+05 5.087836197912922216e+04 7.017396057478441799e+04 2.817354992647959079e+04 -1.083253604552734578e+04 1.377870211255467497e+06 -1.846179258956620761e+05 1.253060871525290422e+05 1.442194775534502696e+05 1.874227592754446669e+05 6.052335687752918602e+04 2.504183299992969260e+06 4.279768743581577291e+04 5.416670246531986049e+04
1.404152256641763088e+05 1.954498857621053321e+04 -3.630822274343425670e+04 1.117939205147786561e+05 5.692807012362862588e+04 2.038484044843471565e+04 5.716969790731446665e+03 5.113041362850760379e+03 4.566614694589730789e+03 -3.878515549499889021e+05 -1.694635479690434295e+05 1.206547700685214077e+05 2.488742465530579793e+05 1.381462871429442312e+05 8.335039928623825836e+04 4.279768743581577291e+04 1.074624632793259108e+06 8.343750737209012732e+04
2.187945685717861634e+05 -1.763733905510292971e+05 -1.229369255482455192e+05 4.737163454116126377e+04 -5.069672853570071311e+04 6.308735981608506336e+02 -5.544737868917349260e+03 2.645207471931828695e+04 6.396133358702906662e+03 4.059221589833009057e+05 -3.064457625836635707e+05 -7.824365631797364040e+04 2.017695658461780986e+05 9.215100299929983157e+04 2.654415985408038978e+04 5.416670246531986049e+04 8.343750737209012732e+04 8.985399622821074445e+05
