# lambda=0.8567141082859591
6.278133059108050168e+07 1.023719751093847328e+06 -7.985837534622388193e+05 6.721708593652864693e+03 3.375522595522113988e+04 3.982604160482983389e+03 3.717545233545758674e+04 3.177217453867122458e+04 1.781585421363996284e+05 4.161287253236090764e+06 1.988752625714680878e+06 -2.137144293131003622e+06 -5.653537422029626323e+05 -9.863981691205404932e+05 -2.179646058348801453e+05 -5.081319826944783563e+04 -9.187595621564614703e+04 -4.427637912922413670e+04
1.023719751093847328e+06 2.549242855055002496e+07 -5.035956457252633409e+05 -4.146104357084540970e+04 4.988525013723776647e+04 -9.324451031867118218e+03 1.091039998116549395e+05 7.912977444420337270e+04 4.994292354067206179e+04 3.763241565412882250e+06 2.983014340572730638e+06 -3.994804686768972897e+05 -1.657966484246625623e+04 -1.088830513911943563e+05 -7.249831350434610795e+04 1.749835787597473827e+05 -2.023827320401679317e+05 9.999162745955805804e+03
-7.985837534622388193e+05 -5.035956457252633409e+05 4.112883940505191684e+06 2.284740673171837407e+05 -3.382039319221463666e+04 4.550297757994867425e+04 -6.500281217313688103e+03 -1.714802697570442615e+04 -5.867359788951138398e+03 4.701167890776298009e+05 -4.673173697536869440e+05 8.354138311746048566e+04 1.591021889768502733e+05 -1.964525390826797811e+05 1.320468951491961780e+05 -4.383532840961220245e+03 2.102595093698992787e+04 5.906578978311226092e+04
6.721708593652864693e+03 -4.146104357084540970e+04 2.284740673171837407e+05 2.384576861853743903e+06 1.972058478083700902e+04 4.984691045936245064e+04 2.768448629547862220e+04 -1.936693934292329141e+04 -7.311618641089368793e+03 -1.148843996895151795e+05 -2.403276186890081444e+05 -2.088925496030791328e+04 2.506342931439023232e+05 -5.290397621827296098e+04 -2.016664578161698228e+04 -2.542999383704697175e+04 -3.384072585012803756e+04 3.043104635150262038e+04
3.375522595522113988e+04 4.988525013723776647e+04 -3.382039319221463666e+04 1.972058478083700902e+04 1.605302311791701475e+06 1.739727508130717251e+04 1.650539692867960548e+04 -3.831877589986831026e+03 8.317197292891873985e+02 -1.441185839164716890e+05 1.587784889858482347e+05 5.041870730903566437e+04 1.336863336690829019e+05 3.739672352522288566e+04 -5.623135380780047126e+04 -3.966230439674156514e+04 -4.432851198108611425e+04 -1.020097277105612375e+04
3.982604160482983389e+03 -9.324451031867118218e+03 4.550297757994867425e+04 4.984691045936245064e+04 1.739727508130717251e+04 5.630684714051429182e+05 1.454247221270949376e+04 7.126105700967897974e+03 -2.881277952623289821e+03 1.805796173804187856e+05 2.352769120892503415e+05 3.462963154713169206e+04 1.854451480934588471e+05 2.986108610349384253e+04 1.682373615334098213e+04 -2.580230419298355628e+04 4.164854521868831398e+03 -6.490854364850305501e+03
3.717545233545758674e+04 1.091039998116549395e+05 -6.500281217313688103e+03 2.768448629547862220e+04 1.650539692867960548e+04 1.454247221270949376e+04 2.753152806244431413e+05 1.832705709175280572e+04 1.734867710373078580e+03 1.549624400583541137e+05 2.713057435726091499e+05 -5.275091993068077136e+04 1.258316300230807974e+05 3.475012603143429442e+04 -8.529492471321053699e+02 3.478284962796378386e+04 -1.081817876374763728e+04 -6.042997949575820940e+02
3.177217453867122458e+04 7.912977444420337270e+04 -1.714802697570442615e+04 -1.936693934292329141e+04 -3.831877589986831026e+03 7.126105700967897974e+03 1.832705709175280572e+04 1.907281663841663103e+05 3.339292732808112760e+03 2.077692177194295509e+05 1.401269136542956112e+05 -1.026729356941227161e+05 6.058127176398065058e+04 1.051199681219528429e+04 3.655604975058484706e+04 3.870304172876429948e+04 -8.774738789336230127e+01 7.646803230277587318e+03
1.781585421363996284e+05 4.994292354067206179e+04 -5.867359788951138398e+03 -7.311618641089368793e+03 8.317197292891873985e+02 -2.881277952623289821e+03 1.734867710373078580e+03 3.339292732808112760e+03 9.728573980890121311e+04 4.644172714958459837e+05 1.468594155596990022e+05 -5.904953472138241341e+04 5.395724351823027973e+04 -2.359024522327154773e+04 1.858334354297829350e+03 8.448006669542453892e+03 -1.623959990285653703e+03 4.023229625256761665e+03
4.161287253236090764e+06 3.763241565412882250e+06 4.701167890776298009e+05 -1.148843996895151795e+05 -1.441185839164716890e+05 1.805796173804187856e+05 1.549624400583541137e+05 2.077692177194295509e+05 4.644172714958459837e+05 4.074613827511862516e+08 3.645089214151149150e+06 -3.092694985645916779e+06 9.562631600709919585e+05 -1.675606170276566409e+06 1.529028680131504312e+06 3.453344947336504993e+04 -3.343413513636085554e+05 2.775475634312751936e+05
1.988752625714680878e+06 2.983014340572730638e+06 -4.673173697536869440e+05 -2.403276186890081444e+05 1.587784889858482347e+05 2.352769120892503415e+05 2.713057435726091499e+05 1.401269136542956112e+05 1.468594155596990022e+05 3.645089214151149150e+06 8.775404249248073995e+07 5.339349754801156232e+05 2.044058061917344574e+06 7.559127539192801341e+05 1.795673892859535990e+05 4.657208358330526971e+05 3.560279899356233655e+05 1.229994933850285597e+05
-2.137144293131003622e+06 -3.994804686768972897e+05 8.354138311746048566e+04 -2.088925496030791328e+04 5.041870730903566437e+04 3.462963154713169206e+04 -5.275091993068077136e+04 -1.026729356941227161e+05 -5.904953472138241341e+04 -3.092694985645916779e+06 5.339349754801156232e+05 2.534468935998943076e+07 2.212281328283518378e+05 -8.273934055566968163e+04 -5.013541308381125418e+04 -4.867389778527493763e+04 1.915766009483305097e+05 -2.469803052984315582e+04
-5.653537422029626323e+05 -1.657966484246625623e+04 1.591021889768502733e+05 2.506342931439023232e+05 1.336863336690829019e+05 1.854451480934588471e+05 1.258316300230807974e+05 6.058127176398065058e+04 5.395724351823027973e+04 9.562631600709919585e+05 2.044058061917344574e+06 2.212281328283518378e+05 1.791967256552014127e+07 1.527875586692861689e+05 2.712229474474319723e+05 2.506626017181368370e+05 1.008198353706967282e+03 1.597631601814224268e+05
-9.863981691205404932e+05 -1.088830513911943563e+05 -1.964525390826797811e+05 -5.290397621827296098e+04 3.739672352522288566e+04 2.986108610349384253e+04 3.475012603143429442e+04 1.051199681219528429e+04 -2.359024522327154773e+04 -1.675606170276566409e+06 7.559127539192801341e+05 -8.273934055566968163e+04 1.527875586692861689e+05 6.101909493230257183e+06 7.946554321934396285e+04 5.204716274916374823e+04 7.780506040269981895e+04 -7.314002351548371371e+04
-2.179646058348801453e+05 -7.249831350434610795e+04 1.320468951491961780e+05 -2.016664578161698228e+04 -5.623135380780047126e+04 1.682373615334098213e+04 -8.529492471321053699e+02 3.655604975058484706e+04 1.858334354297829350e+03 1.529028680131504312e+06 1.795673892859535990e+05 -5.013541308381125418e+04 2.712229474474319723e+05 7.946554321934396285e+04 3.510625141771925148e+06 1.094620611192971119e+05 4.385253208071361587e+04 8.321033492583670886e+04
-5.081319826944783563e+04 1.749835787597473827e+05 -4.383532840961220245e+03 -2.542999383704697175e+04 -3.966230439674156514e+04 -2.580230419298355628e+04 3.478284962796378386e+04 3.870304172876429948e+04 8.448006669542453892e+03 3.453344947336504993e+04 4.657208358330526971e+05 -4.867389778527493763e+04 2.506626017181368370e+05 5.204716274916374823e+04 1.094620611192971119e+05 1.852837105613232357e+06 8.113534632799043902e+04 5.180042556161609537e+04
-9.187595621564614703e+04 -2.023827320401679317e+05 2.102595093698992787e+04 -3.384072585012803756e+04 -4.432851198108611425e+04 4.164854521868831398e+03 -1.081817876374763728e+04 -8.774738789336230127e+01 -1.623959990285653703e+03 -3.343413513636085554e+05 3.560279899356233655e+05 1.915766009483305097e+05 1.008198353706967282e+03 7.780506040269981895e+04 4.385253208071361587e+04 8.113534632799043902e+04 1.297738337200481445e+06 1.839445076735178372e+04
-4.427637912922413670e+04 9.999162745955805804e+03 5.906578978311226092e+04 3.043104635150262038e+04 -1.020097277105612375e+04 -6.490854364850305501e+03 -6.042997949575820940e+02 7.646803230277587318e+03 4.023229625256761665e+03 2.775475634312751936e+05 1.229994933850285597e+05 -2.469803052984315582e+04 1.597631601814224268e+05 -7.314002351548371371e+04 8.321033492583670886e+04 5.180042556161609537e+04 1.839445076735178372e+04 5.814701632294154260e+05
