# lambda=0.5693423295857283
7.265477510578253865e+07 5.237591810860985424e+05 8.757699714369465364e+05 -6.099776265288015129e+05 -1.603256873831538251e+05 2.367301176205788215e+05 -2.595773237604960159e+05 -2.654542431807756075e+05 -1.903531521840505302e+05 -1.807139936438251287e+07 -1.008086494419462164e+06 -1.846772650077848462e+06 -2.337845196435362450e+05 -1.772266428505004384e+06 -3.395336899956109934e+06 -1.559727830103677697e+06 -2.933363946868582861e+05 -4.344821930308168521e+05
5.237591810860985424e+05 1.267074758348291367e+07 1.394660686721651815e+06 1.478811096610259847e+05 -3.812542229812756996e+05 -1.853334649672287924e+05 -1.599930112987951143e+05 6.505264535402919137e+04 -4.544623335396451694e+03 1.019754294266987965e+07 2.334546920752952807e+06 -7.982597227233350277e+05 1.100316359047284350e+06 8.902199386741622584e+05 7.825645258418325102e+05 -3.064460154937119805e+05 -1.501703437769151060e+05 8.480968356998752279e+04
8.757699714369465364e+05 1.394660686721651815e+06 4.772019323304858990e+06 3.839910736627798760e+05 -2.286508000669807661e+05 -1.702621866736350930e+05 -8.385783252582259593e+04 -3.365993753014477079e+03 3.144783321090386380e+03 1.232379829990800354e+05 -1.966726207800298289e+05 -2.912887298586209454e+03 1.815345815881095768e+05 -1.110257006581259629e+05 -1.575042832094308978e+05 -3.399803108363764477e+05 -1.098476667355128739e+05 -6.166729193501544069e+04
-6.099776265288015129e+05 1.478811096610259847e+05 3.839910736627798760e+05 1.560643262898154557e+06 -5.647362889920392627e+04 -7.171938796595149324e+04 1.004866133955371188e+05 1.672138830607627824e+04 1.114425647933724758e+04 -2.319862618809745647e+06 -1.106670889910001308e+06 1.605599871023580199e+05 5.205220937690193532e+05 -2.648631474726748420e+05 -5.254757755675106637e+03 -6.115487084435601719e+04 4.845430499429134943e+04 1.403793577184513560e+05
-1.603256873831538251e+05 -3.812542229812756996e+05 -2.286508000669807661e+05 -5.647362889920392627e+04 6.265776815135090146e+05 -5.319788198956617998e+04 -5.905034683132304053e+04 -3.123100930243371295e+03 -1.267220780611198734e+03 2.509422832172275055e+06 1.201842373750191880e+06 6.318962866517552175e+05 -1.677019352894910262e+05 2.584480105451142008e+05 3.793046377598011168e+04 5.793228691597723082e+04 -5.769371119183494011e+04 -2.388005809266892902e+04
2.367301176205788215e+05 -1.853334649672287924e+05 -1.702621866736350930e+05 -7.171938796595149324e+04 -5.319788198956617998e+04 7.285824051036194433e+05 9.653199504917953163e+04 4.321217013428830978e+04 5.799540915627781033e+03 -3.073658667223240715e+06 6.637669917598300381e+05 2.423469527942370623e+05 3.688499634410244180e+05 1.864095082135130360e+05 1.649832026745078620e+05 1.126797321108363831e+05 9.718942969974581501e+04 -9.086305118012045568e+04
-2.595773237604960159e+05 -1.599930112987951143e+05 -8.385783252582259593e+04 1.004866133955371188e+05 -5.905034683132304053e+04 9.653199504917953163e+04 4.693082308923624223e+05 2.510600493459748031e+04 -1.031521364484198421e+04 -3.134743221241381019e+06 -8.301311114410881419e+05 2.857533370192843722e+05 2.997043090428520809e+05 -1.021342081750131365e+04 2.083951336140518542e+05 7.180432473527171533e+04 1.382966869601788931e+05 -3.111302086995344507e+04
-2.654542431807756075e+05 6.505264535402919137e+04 -3.365993753014477079e+03 1.672138830607627824e+04 -3.123100930243371295e+03 4.321217013428830978e+04 2.510600493459748031e+04 1.005194829449991666e+05 1.348094679422655099e+04 -2.076396614410165930e+05 3.003765762733566226e+05 1.037711708023794490e+05 3.181358099088066228e+04 4.766685236720919784e+04 1.152908320575658436e+05 3.933407949743012432e+04 -3.169478845443827959e+04 1.094004188099001476e+04
-1.903531521840505302e+05 -4.544623335396451694e+03 3.144783321090386380e+03 1.114425647933724758e+04 -1.267220780611198734e+03 5.799540915627781033e+03 -1.031521364484198421e+04 1.348094679422655099e+04 7.811514523677135003e+04 6.193197035021602642e+05 3.510905745699333493e+05 -1.890212250400002813e+04 -1.354562750135504466e+05 -3.723872268609682942e+04 1.711331885417539888e+04 9.095868826007252210e+03 -1.196460802757135980e+03 4.528712886860452272e+04
-1.807139936438251287e+07 1.019754294266987965e+07 1.232379829990800354e+05 -2.319862618809745647e+06 2.509422832172275055e+06 -3.073658667223240715e+06 -3.134743221241381019e+06 -2.076396614410165930e+05 6.193197035021602642e+05 3.746611689459364414e+08 3.519390711395692080e+07 -2.092314740831599105e+06 -7.195629245421428233e+06 5.190269723175412975e+06 7.357188278283812106e+05 -1.343237399548213230e+06 -2.812492334039169364e+06 1.321148051562696695e+06
-1.008086494419462164e+06 2.334546920752952807e+06 -1.966726207800298289e+05 -1.106670889910001308e+06 1.201842373750191880e+06 6.637669917598300381e+05 -8.301311114410881419e+05 3.003765762733566226e+05 3.510905745699333493e+05 3.519390711395692080e+07 9.168727406060396135e+07 4.066184276246678550e+06 1.255723867660366232e+06 6.452707007664517500e+06 1.357002044313321356e+06 1.377192313116176287e+06 -9.081670191177654779e+05 1.190106444999701853e+04
-1.846772650077848462e+06 -7.982597227233350277e+05 -2.912887298586209454e+03 1.605599871023580199e+05 6.318962866517552175e+05 2.423469527942370623e+05 2.857533370192843722e+05 1.037711708023794490e+05 -1.890212250400002813e+04 -2.092314740831599105e+06 4.066184276246678550e+06 1.701203793159311265e+07 1.191684547356583877e+06 1.659815013658615295e+06 1.513660438957119826e+06 4.046003390521093970e+05 -1.830806227260990418e+05 2.208989160733780591e+04
-2.337845196435362450e+05 1.100316359047284350e+06 1.815345815881095768e+05 5.205220937690193532e+05 -1.677019352894910262e+05 3.688499634410244180e+05 2.997043090428520809e+05 3.181358099088066228e+04 -1.354562750135504466e+05 -7.195629245421428233e+06 1.255723867660366232e+06 1.191684547356583877e+06 9.560323162466278300e+06 6.546355655871480703e+05 2.398578790709435998e+05 -3.640691251205690787e+04 1.071252337561624699e+04 -3.837691255283537903e+05
-1.772266428505004384e+06 8.902199386741622584e+05 -1.110257006581259629e+05 -2.648631474726748420e+05 2.584480105451142008e+05 1.864095082135130360e+05 -1.021342081750131365e+04 4.766685236720919784e+04 -3.723872268609682942e+04 5.190269723175412975e+06 6.452707007664517500e+06 1.659815013658615295e+06 6.546355655871480703e+05 6.923909642865334637e+06 1.278979093324515037e+06 5.902625595846078359e+05 3.139435095398864360e+05 1.400554341367037268e+05
-3.395336899956109934e+06 7.825645258418325102e+05 -1.575042832094308978e+05 -5.254757755675106637e+03 3.793046377598011168e+04 1.649832026745078620e+05 2.083951336140518542e+05 1.152908320575658436e+05 1.711331885417539888e+04 7.357188278283812106e+05 1.357002044313321356e+06 1.513660438957119826e+06 2.398578790709435998e+05 1.278979093324515037e+06 4.169617114870678633e+06 3.596811032825756702e+05 4.212923379410564085e+05 2.840330208194847801e+05
-1.559727830103677697e+06 -3.064460154937119805e+05 -3.399803108363764477e+05 -6.115487084435601719e+04 5.793228691597723082e+04 1.126797321108363831e+05 7.180432473527171533e+04 3.933407949743012432e+04 9.095868826007252210e+03 -1.343237399548213230e+06 1.377192313116176287e+06 4.046003390521093970e+05 -3.640691251205690787e+04 5.902625595846078359e+05 3.596811032825756702e+05 1.338579232134896563e+06 2.227755944830375665e+05 -2.001073928453710323e+04
-2.933363946868582861e+05 -1.501703437769151060e+05 -1.098476667355128739e+05 4.845430499429134943e+04 -5.769371119183494011e+04 9.718942969974581501e+04 1.382966869601788931e+05 -3.169478845443827959e+04 -1.196460802757135980e+03 -2.812492334039169364e+06 -9.081670191177654779e+05 -1.830806227260990418e+05 1.071252337561624699e+04 3.139435095398864360e+05 4.212923379410564085e+05 2.227755944830375665e+05 1.328941178475630470e+06 1.247868054710789438e+05
-4.344821930308168521e+05 8.480968356998752279e+04 -6.166729193501544069e+04 1.403793577184513560e+05 -2.388005809266892902e+04 -9.086305118012045568e+04 -3.111302086995344507e+04 1.094004188099001476e+04 4.528712886860452272e+04 1.321148051562696695e+06 1.190106444999701853e+04 2.208989160733780591e+04 -3.837691255283537903e+05 1.400554341367037268e+05 2.840330208194847801e+05 -2.001073928453710323e+04 1.247868054710789438e+05 8.371064229679647833e+05
