# lambda=0.48428865893762346
6.846127232428956032e+07 -5.207766109053039923e+06 -3.869634068966011982e+06 1.792207919242729549e+05 8.990408494051648304e+05 6.056125695019616614e+03 5.139069882375597808e+04 4.353610085730855935e+05 9.357894614318839740e+04 4.778763843840458989e+07 5.347608716461965814e+06 2.986958436586666503e+05 -3.275024034320944920e+06 -4.359205892747093923e+06 -2.423980314519578591e+06 -8.272146618893705308e+05 1.305807908363714116e+06 -6.061777718071442796e+05
-5.207766109053039923e+06 2.043171342024000734e+07 8.616267292456883006e+05 6.964600107079116860e+05 7.849800743460614467e+05 2.847509083805305418e+05 -2.371807046028606419e+04 -4.352862507200750770e+03 -9.259696314948305371e+04 3.153903483171674423e+06 6.088474762232890353e+06 2.308667288999311626e+06 -1.183578499087513890e+06 -2.364522411325881840e+05 -5.803734084373570513e+05 3.469709072721874691e+05 3.243793214398759301e+05 3.368200934118902660e+05
-3.869634068966011982e+06 8.616267292456883006e+05 5.271538974076196551e+06 6.964252926077637821e+05 -1.519275918924552752e+04 -2.347738552771279938e+05 -1.365881136792264879e+05 1.009357768710266682e+05 5.518737366839982860e+04 -2.126799295050879475e+06 -8.319486681868247688e+05 -2.801024221251275158e+05 1.473556772124214098e+06 3.291553834202693542e+05 -5.502591171980349827e+03 3.606942453779467614e+05 1.747370584451017494e+05 3.871049554839232587e+05
1.792207919242729549e+05 6.964600107079116860e+05 6.964252926077637821e+05 2.523412425802134909e+06 4.374786661452617845e+05 -1.793602242979650327e+04 -7.607649850808524934e+04 -8.867303328294852690e+04 2.046802750353902957e+04 2.437579646311805118e+06 7.271037997456529411e+05 1.175166472297248198e+06 1.034447202569169109e+06 -2.191586909351533104e+05 2.480898515826033690e+04 -4.054534843396689394e+04 2.097552069560639502e+05 2.321226859809052839e+05
8.990408494051648304e+05 7.849800743460614467e+05 -1.519275918924552752e+04 4.374786661452617845e+05 1.211690721942633158e+06 1.272541070779394213e+05 -5.861753414272450755e+04 -2.328243636542968670e+04 -6.551533549130273605e+04 2.538557172499706969e+06 -7.845889910907205194e+04 4.483469670820622559e+04 1.259464950339597635e+04 1.757239136635071191e+05 2.671204246151708139e+04 -1.412098106180105424e+04 1.587367566740508482e+05 1.283450394004006230e+05
6.056125695019616614e+03 2.847509083805305418e+05 -2.347738552771279938e+05 -1.793602242979650327e+04 1.272541070779394213e+05 4.983150997809617547e+05 3.096034496093001053e+03 -5.700117268334563050e+03 -1.954015167628886502e+03 1.716453802838665200e+06 -3.496211080257041031e+05 -4.933836156948978169e+04 3.592085790709390130e+04 1.624799011585150147e+05 6.351433227138732764e+04 6.775856193912150047e+04 3.096782231327058980e+04 3.527856357732163451e+04
5.139069882375597808e+04 -2.371807046028606419e+04 -1.365881136792264879e+05 -7.607649850808524934e+04 -5.861753414272450755e+04 3.096034496093001053e+03 3.419302984687825665e+05 2.396517439680071766e+04 1.272636235998899247e+04 -1.143877699064194923e+06 -9.799197565094259335e+04 -2.770488241307505523e+05 -2.655475543519684579e+05 -1.001631640359926096e+05 -2.168532709279367191e+04 -1.039316991320299421e+05 -4.167079941101057921e+04 -1.360661007896074734e+05
4.353610085730855935e+05 -4.352862507200750770e+03 1.009357768710266682e+05 -8.867303328294852690e+04 -2.328243636542968670e+04 -5.700117268334563050e+03 2.396517439680071766e+04 3.151817457784923608e+05 -1.209388299642329730e+04 -8.498424396642139181e+05 -2.799577969807966147e+05 -1.026666594564431580e+05 -4.958726150902635418e+05 1.134955430966571657e+04 -9.104499267636305012e+04 -5.994196042300366389e+04 2.966693363042574492e+04 -9.769727404687744274e+04
9.357894614318839740e+04 -9.259696314948305371e+04 5.518737366839982860e+04 2.046802750353902957e+04 -6.551533549130273605e+04 -1.954015167628886502e+03 1.272636235998899247e+04 -1.209388299642329730e+04 1.091229328081451386e+05 8.208391596787949093e+05 3.569869826743075973e+05 -2.294393619461453054e+05 5.245753895508885762e+04 -1.056535161760629999e+05 1.076907403634691218e+04 3.466040601473293646e+04 3.529250153275349294e+04 4.887317190224086517e+04
4.778763843840458989e+07 3.153903483171674423e+06 -2.126799295050879475e+06 2.437579646311805118e+06 2.538557172499706969e+06 1.716453802838665200e+06 -1.143877699064194923e+06 -8.498424396642139181e+05 8.208391596787949093e+05 3.561979865411381721e+08 1.644612207517550699e+07 6.354964539138284512e+06 1.061187069285492180e+06 -8.091029074383353814e+06 -5.370494397687112913e+06 -7.323175210507898591e+05 3.846631424902476836e+06 1.998579474928772775e+06
5.347608716461965814e+06 6.088474762232890353e+06 -8.319486681868247688e+05 7.271037997456529411e+05 -7.845889910907205194e+04 -3.496211080257041031e+05 -9.799197565094259335e+04 -2.799577969807966147e+05 3.569869826743075973e+05 1.644612207517550699e+07 5.721107698402853310e+07 4.753076471250614151e+06 -4.366715887245926075e+06 -3.077341609909481369e+06 -1.148723020817566663e+06 1.795547801547063864e+05 1.153137537089925900e+05 7.112319097394086421e+05
2.986958436586666503e+05 2.308667288999311626e+06 -2.801024221251275158e+05 1.175166472297248198e+06 4.483469670820622559e+04 -4.933836156948978169e+04 -2.770488241307505523e+05 -1.026666594564431580e+05 -2.294393619461453054e+05 6.354964539138284512e+06 4.753076471250614151e+06 2.456217243142931163e+07 2.221780337694737129e+06 -1.513594703944812529e+06 -1.916444472835636931e+06 -1.460645819163231179e+06 -1.813328893914729706e+05 2.638918194418435451e+05
-3.275024034320944920e+06 -1.183578499087513890e+06 1.473556772124214098e+06 1.034447202569169109e+06 1.259464950339597635e+04 3.592085790709390130e+04 -2.655475543519684579e+05 -4.958726150902635418e+05 5.245753895508885762e+04 1.061187069285492180e+06 -4.366715887245926075e+06 2.221780337694737129e+06 1.916466291325332969e+07 1.595487272295575356e+06 -6.394470747607715894e+05 1.017048500363618019e+06 2.259975769001220469e+05 1.064872959588390542e+06
-4.359205892747093923e+06 -2.364522411325881840e+05 3.291553834202693542e+05 -2.191586909351533104e+05 1.757239136635071191e+05 1.624799011585150147e+05 -1.001631640359926096e+05 1.134955430966571657e+04 -1.056535161760629999e+05 -8.091029074383353814e+06 -3.077341609909481369e+06 -1.513594703944812529e+06 1.595487272295575356e+06 5.213273981511049904e+06 2.503641794566570607e+05 5.203265714742521523e+05 1.004714633165493578e+05 -4.254547851520810946e+04
-2.423980314519578591e+06 -5.803734084373570513e+05 -5.502591171980349827e+03 2.480898515826033690e+04 2.671204246151708139e+04 6.351433227138732764e+04 -2.168532709279367191e+04 -9.104499267636305012e+04 1.076907403634691218e+04 -5.370494397687112913e+06 -1.148723020817566663e+06 -1.916444472835636931e+06 -6.394470747607715894e+05 2.503641794566570607e+05 2.818935372361049987e+06 4.163447837763410062e+05 -1.650897200126117095e+05 -3.313377276085480844e+04
-8.272146618893705308e+05 3.469709072721874691e+05 3.606942453779467614e+05 -4.054534843396689394e+04 -1.412098106180105424e+04 6.775856193912150047e+04 -1.039316991320299421e+05 -5.994196042300366389e+04 3.466040601473293646e+04 -7.323175210507898591e+05 1.795547801547063864e+05 -1.460645819163231179e+06 1.017048500363618019e+06 5.203265714742521523e+05 4.163447837763410062e+05 2.061017553449814208e+06 -4.196114282079738041e+04 2.475612693385797029e+05
1.305807908363714116e+06 3.243793214398759301e+05 1.747370584451017494e+05 2.097552069560639502e+05 1.587367566740508482e+05 3.096782231327058980e+04 -4.167079941101057921e+04 2.966693363042574492e+04 3.529250153275349294e+04 3.846631424902476836e+06 1.153137537089925900e+05 -1.813328893914729706e+05 2.259975769001220469e+05 1.004714633165493578e+05 -1.650897200126117095e+05 -4.196114282079738041e+04 8.842462769331675954e+05 8.102345407947372587e+04
-6.061777718071442796e+05 3.368200934118902660e+05 3.871049554839232587e+05 2.321226859809052839e+05 1.283450394004006230e+05 3.527856357732163451e+04 -1.360661007896074734e+05 -9.769727404687744274e+04 4.887317190224086517e+04 1.998579474928772775e+06 7.112319097394086421e+05 2.638918194418435451e+05 1.064872959588390542e+06 -4.254547851520810946e+04 -3.313377276085480844e+04 2.475612693385797029e+05 8.102345407947372587e+04 8.535881046500995290e+05
