# lambda=0.6975992356486519
4.005546903336437047e+07 9.604225312459373381e+05 -1.710370036621931649e+05 -2.940798765922873863e+05 -3.415755892192749307e+05 3.725437380115144188e+05 1.380513646244482079e+05 9.177588193892283016e+04 9.861193058722830028e+04 1.265417882206734829e+07 5.434262210643676110e+06 -8.900775214092730312e+05 -1.978113609366960591e+05 2.765863388718680362e+05 -1.036768890390477027e+05 -4.805494780129929422e+05 2.732916968466154067e+05 -3.371562351764946943e+05
9.604225312459373381e+05 1.884535912673426419e+07 1.009396050656205509e+06 9.714531297433697619e+05 -8.430037408204414533e+03 3.302634981863952125e+05 -1.209676978045190117e+04 3.110436475221510409e+04 -2.198334385030625344e+04 -3.841305434696373064e+06 3.451634026345739141e+06 1.180592078825155739e+06 1.091642407079251483e+06 5.867434971605350729e+05 6.749255107524280902e+04 2.323227068539166430e+04 2.766584099435914541e+05 3.769098158842728590e+05
-1.710370036621931649e+05 1.009396050656205509e+06 3.589485640681965742e+06 7.599112294760177610e+04 -2.392860530704830308e+04 2.494817645937374909e+05 -2.974589907746670360e+04 -4.898812328971195529e+04 -1.446209484114606494e+04 3.632812098850432667e+05 6.093582005480342777e+05 1.135520011658775155e+06 2.693257687970489496e+05 3.081528591804725002e+05 6.909726986004874925e+04 1.337606764749888098e+05 -2.277816530855244855e+04 -5.544651777091917029e+04
-2.940798765922873863e+05 9.714531297433697619e+05 7.599112294760177610e+04 3.267488618171377573e+06 2.518387497149994888e+05 1.203994102007273032e+05 -1.034586924995495210e+05 6.151380376871487533e+04 4.155551698538568598e+04 -2.017179446621086216e+06 2.206519548023633542e+05 -1.824236964914803975e+05 3.854182427589282161e+05 3.951947801756780245e+05 -9.619036514814515249e+04 1.115895560280420032e+05 1.428486201298921951e+05 2.701553963801510981e+05
-3.415755892192749307e+05 -8.430037408204414533e+03 -2.392860530704830308e+04 2.518387497149994888e+05 1.191744862045460148e+06 8.111162568095432653e+04 -5.755112926265399437e+04 -5.779798080988674883e+03 2.636726267008716968e+04 -9.446230575730704004e+05 9.148726100278908852e+05 -9.845167066680519201e+04 -6.441993110234395863e+04 2.548166121409310144e+05 5.382785825721205765e+04 7.911136452573179668e+03 -8.589693902933034406e+04 5.201742453954860684e+04
3.725437380115144188e+05 3.302634981863952125e+05 2.494817645937374909e+05 1.203994102007273032e+05 8.111162568095432653e+04 9.620483826021871064e+05 4.805869059711451882e+03 -2.598967370507905434e+04 8.922964032114370639e+03 3.876383844904597499e+05 5.291161269489348633e+05 5.440761411146457540e+05 2.578169801546155650e+05 4.010003055542015354e+05 5.632898368923430826e+04 1.503194156509197201e+05 4.469130927661559690e+04 2.735295549742280855e+04
1.380513646244482079e+05 -1.209676978045190117e+04 -2.974589907746670360e+04 -1.034586924995495210e+05 -5.755112926265399437e+04 4.805869059711451882e+03 1.776707081768460048e+05 6.212338455362595596e+03 4.724495031576398105e+03 5.800167183136274107e+05 9.562974320607917616e+04 4.729168692464219930e+04 5.228591298353129969e+04 5.654053536992376394e+03 4.260657218242113231e+03 1.966156758987200374e+04 4.342965609636476438e+04 2.724791917433747130e+03
9.177588193892283016e+04 3.110436475221510409e+04 -4.898812328971195529e+04 6.151380376871487533e+04 -5.779798080988674883e+03 -2.598967370507905434e+04 6.212338455362595596e+03 1.423608034423011122e+05 1.505787406925124196e+04 -2.447479660131133569e+05 1.714962149832409632e+05 -2.240718566473942192e+05 1.029484506624700734e+05 -3.852065578640947933e+04 -1.563576977897573124e+04 -9.588514271457746872e+03 5.403613508092550182e+04 4.017808954040567914e+04
9.861193058722830028e+04 -2.198334385030625344e+04 -1.446209484114606494e+04 4.155551698538568598e+04 2.636726267008716968e+04 8.922964032114370639e+03 4.724495031576398105e+03 1.505787406925124196e+04 9.911473835479310947e+04 -5.830814365367879509e+04 8.165945390677869727e+04 -1.028759351379963191e+05 -2.028383008765589329e+04 2.748310864330374170e+04 -6.366665709634490668e+03 9.860131262560675168e+03 1.914069968758114192e+04 7.479837016265267266e+03
1.265417882206734829e+07 -3.841305434696373064e+06 3.632812098850432667e+05 -2.017179446621086216e+06 -9.446230575730704004e+05 3.876383844904597499e+05 5.800167183136274107e+05 -2.447479660131133569e+05 -5.830814365367879509e+04 2.235028575952290297e+08 2.438702536643985659e+06 6.081695803714632988e+06 2.893652222532212269e+06 1.857455598105773097e+06 -1.703818162296854891e+06 -1.516043756176263327e+06 9.328495482685834868e+05 2.421387707665199414e+05
5.434262210643676110e+06 3.451634026345739141e+06 6.093582005480342777e+05 2.206519548023633542e+05 9.148726100278908852e+05 5.291161269489348633e+05 9.562974320607917616e+04 1.714962149832409632e+05 8.165945390677869727e+04 2.438702536643985659e+06 6.504929394091315567e+07 -1.700839309561120579e+06 1.418669608559789369e+06 1.031396828207930899e+06 9.883979739764337428e+05 3.437532235739030875e+05 6.806278464577917475e+05 2.968980384371518157e+05
-8.900775214092730312e+05 1.180592078825155739e+06 1.135520011658775155e+06 -1.824236964914803975e+05 -9.845167066680519201e+04 5.440761411146457540e+05 4.729168692464219930e+04 -2.240718566473942192e+05 -1.028759351379963191e+05 6.081695803714632988e+06 -1.700839309561120579e+06 3.267192240764572471e+07 1.367760281845040852e+06 8.220289588126880117e+05 1.491480477530007192e+05 1.139032895545574836e+06 -4.478453244724690448e+05 -8.105015122558799339e+04
-1.978113609366960591e+05 1.091642407079251483e+06 2.693257687970489496e+05 3.854182427589282161e+05 -6.441993110234395863e+04 2.578169801546155650e+05 5.228591298353129969e+04 1.029484506624700734e+05 -2.028383008765589329e+04 2.893652222532212269e+06 1.418669608559789369e+06 1.367760281845040852e+06 7.934595396444614045e+06 7.202341196186777670e+05 -8.878325617759035958e+04 1.178765312782245892e+05 3.476838043519719504e+05 5.050550473718705471e+05
2.765863388718680362e+05 5.867434971605350729e+05 3.081528591804725002e+05 3.951947801756780245e+05 2.548166121409310144e+05 4.010003055542015354e+05 5.654053536992376394e+03 -3.852065578640947933e+04 2.748310864330374170e+04 1.857455598105773097e+06 1.031396828207930899e+06 8.220289588126880117e+05 7.202341196186777670e+05 4.561041972237493843e+06 1.560830347485783859e+05 3.488194244693383807e+05 9.695744713247088657e+04 1.851893732664760901e+05
-1.036768890390477027e+05 6.749255107524280902e+04 6.909726986004874925e+04 -9.619036514814515249e+04 5.382785825721205765e+04 5.632898368923430826e+04 4.260657218242113231e+03 -1.563576977897573124e+04 -6.366665709634490668e+03 -1.703818162296854891e+06 9.883979739764337428e+05 1.491480477530007192e+05 -8.878325617759035958e+04 1.560830347485783859e+05 2.466998210758718662e+06 2.798228483157776645e+05 1.850133948023322446e+05 -1.609335927914871536e+04
-4.805494780129929422e+05 2.323227068539166430e+04 1.337606764749888098e+05 1.115895560280420032e+05 7.911136452573179668e+03 1.503194156509197201e+05 1.966156758987200374e+04 -9.588514271457746872e+03 9.860131262560675168e+03 -1.516043756176263327e+06 3.437532235739030875e+05 1.139032895545574836e+06 1.178765312782245892e+05 3.488194244693383807e+05 2.798228483157776645e+05 1.955568040684220847e+06 6.217188072788892896e+04 -4.134257135281923547e+04
2.732916968466154067e+05 2.766584099435914541e+05 -2.277816530855244855e+04 1.428486201298921951e+05 -8.589693902933034406e+04 4.469130927661559690e+04 4.342965609636476438e+04 5.403613508092550182e+04 1.914069968758114192e+04 9.328495482685834868e+05 6.806278464577917475e+05 -4.478453244724690448e+05 3.476838043519719504e+05 9.695744713247088657e+04 1.850133948023322446e+05 6.217188072788892896e+04 1.450071205053943442e+06 2.016529369306825683e+05
-3.371562351764946943e+05 3.769098158842728590e+05 -5.544651777091917029e+04 2.701553963801510981e+05 5.201742453954860684e+04 2.735295549742280855e+04 2.724791917433747130e+03 4.017808954040567914e+04 7.479837016265267266e+03 2.421387707665199414e+05 2.968980384371518157e+05 -8.105015122558799339e+04 5.050550473718705471e+05 1.851893732664760901e+05 -1.609335927914871536e+04 -4.134257135281923547e+04 2.016529369306825683e+05 9.380393159595128382e+05
