# lambda=0.7874122198326471
5.284451563907920569e+07 1.338785650216585258e+06 -1.913910159548059455e+05 5.971131768896196736e+05 -6.364957851018846122e+04 1.296684204191945319e+05 2.717418742579483660e+05 4.857123183641763717e+03 -8.456882880460881279e+04 5.213438219301905483e+06 3.299300171400896739e+06 -9.534677438672820572e+05 -2.603860024941692827e+05 -4.686041755293586757e+05 -6.772758661532570841e+05 5.907998390361961210e+05 6.558411651228179689e+05 1.083988314566850022e+05
1.338785650216585258e+06 1.213972004072142765e+07 6.422805646297849307e+04 -2.139928407993105648e+05 1.400477565275426023e+05 -9.116159488377052185e+04 -2.127312930366036380e+04 -6.649038950035582820e+04 -5.633156531405848364e+04 3.750282632419715170e+06 1.977294151120978873e+06 6.411627861633260036e+05 5.809721888927485561e+05 -7.313893802870760555e+04 -4.501957655326885870e+05 6.082311486432466336e+04 -2.341859986545924621e+05 6.011981505006941734e+04
-1.913910159548059455e+05 6.422805646297849307e+04 1.993838832373433746e+06 1.510083824747342442e+05 1.420928253601197794e+05 2.736617062571804126e+04 3.241676050333432158e+03 8.413651871070173001e+03 3.042152637798194701e+04 1.460497924487944925e+06 1.451722976824167126e+05 2.203793644054359756e+05 -3.990848715414095204e+04 2.496378928304837900e+05 4.555809200583959318e+04 -3.421965083804518508e+04 -3.405522131980724953e+04 -2.477509792982908948e+03
5.971131768896196736e+05 -2.139928407993105648e+05 1.510083824747342442e+05 2.838377077662684023e+06 1.819890917448444816e+05 3.795574194288994022e+03 5.902621147545267740e+04 4.047262022965391225e+04 3.545179723214936530e+04 -1.150757949670639355e+06 6.898573632034178590e+05 -1.665091546509414038e+05 3.289998911911498872e+05 1.752548309643361135e+05 1.941668288112094524e+04 -2.324541377388513865e+04 2.062801376976603060e+05 7.848129960078639851e+04
-6.364957851018846122e+04 1.400477565275426023e+05 1.420928253601197794e+05 1.819890917448444816e+05 1.193125423216796480e+06 2.257023197616457765e+04 3.671695497345807235e+04 1.733671557230327380e+04 -2.198194862932919477e+03 -7.298731984964151634e+05 -1.631148706684665231e+05 -5.942839556103779469e+05 1.119590440238303563e+05 2.542984711991288350e+05 -2.335737227043158418e+04 -2.987094333044076120e+04 -4.178051723620185658e+04 -1.285874094960350703e+04
1.296684204191945319e+05 -9.116159488377052185e+04 2.736617062571804126e+04 3.795574194288994022e+03 2.257023197616457765e+04 5.250855739815554116e+05 4.423339899844657339e+04 1.844369100229705873e+04 -2.408356108931516701e+03 -2.579653622026135272e+05 -3.909992643917067326e+05 -1.421213588358623674e+05 -2.377327548369914293e+05 -1.508750847093413176e+05 2.436847551254023347e+04 4.407312393221043021e+04 2.135082707473823393e+04 -5.270350410742837994e+04
2.717418742579483660e+05 -2.127312930366036380e+04 3.241676050333432158e+03 5.902621147545267740e+04 3.671695497345807235e+04 4.423339899844657339e+04 3.100193469065512763e+05 2.815476984176387487e+04 -7.786001893949330224e+03 -1.055869233102069702e+05 -7.790069587964052334e+04 -2.345568964378632372e+05 -9.679610090558080992e+04 -4.317640508816101647e+04 6.090008722892701917e+04 4.468855874328207574e+04 3.582192371755059139e+04 -6.239229604465215743e+03
4.857123183641763717e+03 -6.649038950035582820e+04 8.413651871070173001e+03 4.047262022965391225e+04 1.733671557230327380e+04 1.844369100229705873e+04 2.815476984176387487e+04 2.326154080503263685e+05 1.009849296472163041e+04 -1.130238315378694533e+05 2.027006240516353864e+05 -3.981778650647939503e+04 2.404803493441146929e+04 1.038010955358319507e+03 1.026918391180781873e+04 2.288928879423695253e+04 7.585717287893513276e+04 2.107325571098480577e+04
-8.456882880460881279e+04 -5.633156531405848364e+04 3.042152637798194701e+04 3.545179723214936530e+04 -2.198194862932919477e+03 -2.408356108931516701e+03 -7.786001893949330224e+03 1.009849296472163041e+04 1.180513978464055981e+05 6.447086643426703813e+04 1.512582816146868281e+05 1.487073901428168756e+05 7.716764047183835646e+04 2.898672174751162675e+04 -4.406059410610731675e+02 -7.134188962525525312e+03 2.236791340816040974e+04 6.226901068028611007e+03
5.213438219301905483e+06 3.750282632419715170e+06 1.460497924487944925e+06 -1.150757949670639355e+06 -7.298731984964151634e+05 -2.579653622026135272e+05 -1.055869233102069702e+05 -1.130238315378694533e+05 6.447086643426703813e+04 2.727363988081505895e+08 5.806208899862389080e+06 5.374525996648147702e+06 2.525479963315214496e+06 -6.491631901563929860e+05 -1.248095665583945811e+06 4.726015088779298239e+05 5.512713172783674672e+05 -5.854448861540267244e+05
3.299300171400896739e+06 1.977294151120978873e+06 1.451722976824167126e+05 6.898573632034178590e+05 -1.631148706684665231e+05 -3.909992643917067326e+05 -7.790069587964052334e+04 2.027006240516353864e+05 1.512582816146868281e+05 5.806208899862389080e+06 7.385257151189517975e+07 4.441644007807678543e+06 3.295224218508959748e+06 9.675622560194510734e+05 -5.063409809031154728e+05 6.097727737501460360e+05 9.280123917393900920e+05 6.427417728802561760e+05
-9.534677438672820572e+05 6.411627861633260036e+05 2.203793644054359756e+05 -1.665091546509414038e+05 -5.942839556103779469e+05 -1.421213588358623674e+05 -2.345568964378632372e+05 -3.981778650647939503e+04 1.487073901428168756e+05 5.374525996648147702e+06 4.441644007807678543e+06 2.844776076367495209e+07 1.302040753955248976e+06 -5.541824599234244670e+04 -2.575953705231905042e+04 6.674238268022683042e+04 2.207904592136673455e+05 1.541280920591481263e+05
-2.603860024941692827e+05 5.809721888927485561e+05 -3.990848715414095204e+04 3.289998911911498872e+05 1.119590440238303563e+05 -2.377327548369914293e+05 -9.679610090558080992e+04 2.404803493441146929e+04 7.716764047183835646e+04 2.525479963315214496e+06 3.295224218508959748e+06 1.302040753955248976e+06 1.453172080611379817e+07 1.312541859287520405e+06 -9.879110680426776526e+04 1.867270158301837218e+05 2.780752120114050340e+05 2.964709363615275361e+05
-4.686041755293586757e+05 -7.313893802870760555e+04 2.496378928304837900e+05 1.752548309643361135e+05 2.542984711991288350e+05 -1.508750847093413176e+05 -4.317640508816101647e+04 1.038010955358319507e+03 2.898672174751162675e+04 -6.491631901563929860e+05 9.675622560194510734e+05 -5.541824599234244670e+04 1.312541859287520405e+06 8.824772957722652704e+06 1.750518709291412233e+04 -1.802633974728679459e+05 -1.561681875293322264e+04 2.207111774941300682e+05
-6.772758661532570841e+05 -4.501957655326885870e+05 4.555809200583959318e+04 1.941668288112094524e+04 -2.335737227043158418e+04 2.436847551254023347e+04 6.090008722892701917e+04 1.026918391180781873e+04 -4.406059410610731675e+02 -1.248095665583945811e+06 -5.063409809031154728e+05 -2.575953705231905042e+04 -9.879110680426776526e+04 1.750518709291412233e+04 3.180718494828641415e+06 1.614969955997093348e+05 -4.699683727817668114e+04 6.998598001765630033e+04
5.907998390361961210e+05 6.082311486432466336e+04 -3.421965083804518508e+04 -2.324541377388513865e+04 -2.987094333044076120e+04 4.407312393221043021e+04 4.468855874328207574e+04 2.288928879423695253e+04 -7.134188962525525312e+03 4.726015088779298239e+05 6.097727737501460360e+05 6.674238268022683042e+04 1.867270158301837218e+05 -1.802633974728679459e+05 1.614969955997093348e+05 1.730216488242770545e+06 1.003612330771695124e+05 3.428934264674042788e+04
6.558411651228179689e+05 -2.341859986545924621e+05 -3.405522131980724953e+04 2.062801376976603060e+05 -4.178051723620185658e+04 2.135082707473823393e+04 3.582192371755059139e+04 7.585717287893513276e+04 2.236791340816040974e+04 5.512713172783674672e+05 9.280123917393900920e+05 2.207904592136673455e+05 2.780752120114050340e+05 -1.561681875293322264e+04 -4.699683727817668114e+04 1.003612330771695124e+05 1.556237307687728200e+06 8.660034170352348883e+04
1.083988314566850022e+05 6.011981505006941734e+04 -2.477509792982908948e+03 7.848129960078639851e+04 -1.285874094960350703e+04 -5.270350410742837994e+04 -6.239229604465215743e+03 2.107325571098480577e+04 6.226901068028611007e+03 -5.854448861540267244e+05 6.427417728802561760e+05 1.541280920591481263e+05 2.964709363615275361e+05 2.207111774941300682e+05 6.998598001765630033e+04 3.428934264674042788e+04 8.660034170352348883e+04 6.568691591477810871e+05
