# lambda=0.973389076682069
5.314294921872998029e+07 -1.810974207978265185e+05 1.641316292735457828e+05 9.423455901238038496e+04 5.692261983519900241e+04 1.143301844110670354e+05 1.725545479784466079e+04 -1.507167182624829366e+03 -2.625015385657434763e+03 -5.419125948659559945e+05 -5.506628616898613982e+05 3.116919395694012055e+05 1.735414319316088804e+05 -6.374673556697239110e+04 2.258446421666382230e+04 -2.457183912085190605e+04 2.349458230502890001e+04 1.522709429946677483e+04
-1.810974207978265185e+05 7.958169929281868041e+06 -4.833959991096057638e+04 1.677573889774196505e+04 1.752659672636264304e+03 1.184759917135471369e+03 1.303752733593374978e+04 -6.295723366177408025e+02 -1.228948273423341334e+03 -5.919139442313346808e+04 1.231775452911286411e+05 -6.914198550725597306e+04 -1.278571913406845852e+04 3.919276722934391000e+04 -2.893878254907234805e+03 4.038286766794668438e+03 -3.046100486198095496e+03 -1.811787673997897946e+04
1.641316292735457828e+05 -4.833959991096057638e+04 4.346902015411305241e+06 3.101134211115354265e+04 1.510137196025304365e+04 2.618163769583249450e+04 1.278777324345612669e+03 5.909415189950525019e+03 -7.913914008906061781e+02 -1.380153955526626378e+05 -9.870888145516581426e+04 1.487293431805565197e+05 1.115356280049935012e+05 4.972427330959042592e+04 2.094691867814166471e+04 1.616060986336302813e+04 1.262801970781967793e+04 2.528869164123602968e+04
9.423455901238038496e+04 1.677573889774196505e+04 3.101134211115354265e+04 2.295682559270892758e+06 1.146473454677500740e+04 5.344233467452258083e+03 -6.025623279766869018e+03 2.203139521293156122e+03 1.763844801763835221e+03 2.848300141125743903e+04 -7.146077966375928372e+04 7.507339440993295284e+04 6.832998559584331815e+04 2.280238842935302091e+04 -5.883615414329674422e+03 3.990954647839990685e+03 3.657454311830283586e+03 7.440921142194847562e+03
5.692261983519900241e+04 1.752659672636264304e+03 1.510137196025304365e+04 1.146473454677500740e+04 1.027745190499596298e+06 9.590380744617015807e+03 7.868475605941154072e+02 5.765891631532821521e+03 1.424779273870100269e+03 -7.542741674644676095e+04 -6.488576875917870893e+03 5.423832791414246458e+03 5.039599791164316412e+04 2.391009345035818114e+04 -5.350688090880619711e+03 2.596629168919424046e+03 1.152873163490855586e+04 3.278172094796952933e+03
1.143301844110670354e+05 1.184759917135471369e+03 2.618163769583249450e+04 5.344233467452258083e+03 9.590380744617015807e+03 1.044907339477294590e+06 7.037058360965827887e+03 2.470253146736087274e+03 2.205395864485386028e+03 -2.171762138714630273e+05 -8.748111448300526536e+04 1.820674211849207131e+04 1.010910129230524217e+04 -7.389170243967384522e+03 1.036048498674151779e+04 -2.144590368172170827e+02 7.097707573505281289e+03 1.684079698294588070e+03
1.725545479784466079e+04 1.303752733593374978e+04 1.278777324345612669e+03 -6.025623279766869018e+03 7.868475605941154072e+02 7.037058360965827887e+03 4.578461591705183382e+05 -7.173971017231804126e+02 5.056596758046607079e+02 -9.925843996147545113e+04 -1.626602827220107611e+04 -1.328726574415683535e+04 -9.032072893431753982e+03 5.177104366094092256e+03 -5.959575481438393581e+03 1.604615409432308297e+03 5.059826533449667295e+03 -4.030385357931963881e+03
-1.507167182624829366e+03 -6.295723366177408025e+02 5.909415189950525019e+03 2.203139521293156122e+03 5.765891631532821521e+03 2.470253146736087274e+03 -7.173971017231804126e+02 2.214582982345501077e+05 1.272926504677254798e+03 4.698604790493202745e+04 -9.243618046796334966e+03 -7.047651690166039771e+03 1.289507763277675622e+03 1.906183305245635438e+03 6.161512392902400279e+03 2.709299279932301033e+03 8.895297792143253446e+02 -8.968194522782059721e+02
-2.625015385657434763e+03 -1.228948273423341334e+03 -7.913914008906061781e+02 1.763844801763835221e+03 1.424779273870100269e+03 2.205395864485386028e+03 5.056596758046607079e+02 1.272926504677254798e+03 1.273364100670005428e+05 -2.298704026873137991e+04 -1.577480905989464190e+04 -8.051279588471469651e+03 -6.580235316267657254e+03 1.715881140194034060e+03 1.378004481707982222e+03 3.284446345558573285e+03 1.511313265948626622e+03 9.631950249960409565e+02
-5.419125948659559945e+05 -5.919139442313346808e+04 -1.380153955526626378e+05 2.848300141125743903e+04 -7.542741674644676095e+04 -2.171762138714630273e+05 -9.925843996147545113e+04 4.698604790493202745e+04 -2.298704026873137991e+04 2.502425306100006402e+08 5.141530700262741302e+05 4.433691023795648362e+05 -3.270319535278037074e+05 2.245372821149315496e+04 1.405525061310694146e+05 3.894972966932404961e+04 -2.002181329784771660e+05 -1.445639731862236222e+05
-5.506628616898613982e+05 1.231775452911286411e+05 -9.870888145516581426e+04 -7.146077966375928372e+04 -6.488576875917870893e+03 -8.748111448300526536e+04 -1.626602827220107611e+04 -9.243618046796334966e+03 -1.577480905989464190e+04 5.141530700262741302e+05 6.422849507190719247e+07 3.408403044701075123e+04 1.103712948855994618e+05 -2.613333197592428769e+04 8.537892075211950578e+04 4.751285764198859397e+04 -2.752942109989329037e+04 2.014292364680609535e+04
3.116919395694012055e+05 -6.914198550725597306e+04 1.487293431805565197e+05 7.507339440993295284e+04 5.423832791414246458e+03 1.820674211849207131e+04 -1.328726574415683535e+04 -7.047651690166039771e+03 -8.051279588471469651e+03 4.433691023795648362e+05 3.408403044701075123e+04 2.378735628450236842e+07 1.946908651176216081e+05 9.361759392006447888e+04 7.297637124748399947e+04 9.969501173611610284e+03 8.043655426036283643e+03 2.745436096302921942e+04
1.735414319316088804e+05 -1.278571913406845852e+04 1.115356280049935012e+05 6.832998559584331815e+04 5.039599791164316412e+04 1.010910129230524217e+04 -9.032072893431753982e+03 1.289507763277675622e+03 -6.580235316267657254e+03 -3.270319535278037074e+05 1.103712948855994618e+05 1.946908651176216081e+05 1.138540208737663552e+07 8.090411643910792191e+04 3.975399477179465975e+03 2.221571120119241823e+04 3.289949866492619185e+04 5.239367067997768754e+04
-6.374673556697239110e+04 3.919276722934391000e+04 4.972427330959042592e+04 2.280238842935302091e+04 2.391009345035818114e+04 -7.389170243967384522e+03 5.177104366094092256e+03 1.906183305245635438e+03 1.715881140194034060e+03 2.245372821149315496e+04 -2.613333197592428769e+04 9.361759392006447888e+04 8.090411643910792191e+04 5.631268083226748742e+06 -1.376721761941917612e+04 3.486570131116102129e+04 2.553449145331141335e+04 1.707476902939825959e+04
2.258446421666382230e+04 -2.893878254907234805e+03 2.094691867814166471e+04 -5.883615414329674422e+03 -5.350688090880619711e+03 1.036048498674151779e+04 -5.959575481438393581e+03 6.161512392902400279e+03 1.378004481707982222e+03 1.405525061310694146e+05 8.537892075211950578e+04 7.297637124748399947e+04 3.975399477179465975e+03 -1.376721761941917612e+04 2.706365975912738591e+06 2.313701303804303825e+04 -6.255592184566634387e+03 9.484928377196612928e+03
-2.457183912085190605e+04 4.038286766794668438e+03 1.616060986336302813e+04 3.990954647839990685e+03 2.596629168919424046e+03 -2.144590368172170827e+02 1.604615409432308297e+03 2.709299279932301033e+03 3.284446345558573285e+03 3.894972966932404961e+04 4.751285764198859397e+04 9.969501173611610284e+03 2.221571120119241823e+04 3.486570131116102129e+04 2.313701303804303825e+04 1.915440774430663791e+06 5.654843975197505642e+03 1.282062036970898589e+04
2.349458230502890001e+04 -3.046100486198095496e+03 1.262801970781967793e+04 3.657454311830283586e+03 1.152873163490855586e+04 7.097707573505281289e+03 5.059826533449667295e+03 8.895297792143253446e+02 1.511313265948626622e+03 -2.002181329784771660e+05 -2.752942109989329037e+04 8.043655426036283643e+03 3.289949866492619185e+04 2.553449145331141335e+04 -6.255592184566634387e+03 5.654843975197505642e+03 8.757563295326801017e+05 1.013047964348446112e+04
1.522709429946677483e+04 -1.811787673997897946e+04 2.528869164123602968e+04 7.440921142194847562e+03 3.278172094796952933e+03 1.684079698294588070e+03 -4.030385357931963881e+03 -8.968194522782059721e+02 9.631950249960409565e+02 -1.445639731862236222e+05 2.014292364680609535e+04 2.745436096302921942e+04 5.239367067997768754e+04 1.707476902939825959e+04 9.484928377196612928e+03 1.282062036970898589e+04 1.013047964348446112e+04 9.192144432637139689e+05
