# lambda=0.4781529189328096
4.420394642534574866e+07 1.800878216953927418e+06 -1.309372254157199059e+05 5.246420206697523827e+05 -6.115726530327448854e+05 2.918091609052571002e+05 5.124338840400920890e+04 -4.353814627109967405e+05 -1.339385906798072256e+03 1.529605862773937918e+07 -1.764033970257461071e+06 -5.520567223638170399e+06 2.364320375399834011e+06 -1.375677882680993760e+06 1.822323979946147650e+06 2.361967221100517781e+04 5.162676804773798794e+05 1.093045527280021459e+06
1.800878216953927418e+06 1.650534202158677951e+07 1.097686703390572919e+06 7.623876588825699873e+05 1.020939220110475319e+06 -2.865167458816638100e+05 -1.965423812248194299e+05 2.272428098353353562e+05 -8.998119492510511191e+04 1.261305079665194452e+07 8.812435659981082426e+05 1.014947323870701599e+06 -9.128544321798480814e+05 -3.429377510210203473e+05 -2.593816457729867834e+05 -3.935610022108119447e+05 4.602588811668445123e+04 6.927882269270998659e+05
-1.309372254157199059e+05 1.097686703390572919e+06 5.229400631401554681e+06 8.583662935713323532e+05 2.976054287417984451e+05 -3.224717848130823695e+05 -1.128800110309744487e+05 2.905981124358276720e+05 -8.646456817362348374e+04 5.804010053860391490e+05 -3.225799416386969388e+06 2.448253426530139521e+06 -3.289227963320135023e+05 7.705726512650685618e+05 6.114704483458587492e+04 -1.950588667807898310e+05 8.429925615627269144e+04 -7.441430471098035014e+03
5.246420206697523827e+05 7.623876588825699873e+05 8.583662935713323532e+05 1.682984569989113836e+06 9.507663426516322943e+04 -2.093245788334301906e+05 -8.728560868375531572e+04 7.714798650895484025e+04 -3.366664588005973928e+04 1.055035927157247206e+06 -5.751505373457679525e+05 1.411835867083506659e+06 5.041272846613088623e+05 4.160037967667122721e+05 -8.617145661519665737e+04 8.308857514288922539e+04 -6.896903135330774239e+04 -4.431226192972307763e+04
-6.115726530327448854e+05 1.020939220110475319e+06 2.976054287417984451e+05 9.507663426516322943e+04 1.031906460508443182e+06 7.286616642979750759e+04 -5.256300991993546631e+03 6.225325387828999374e+04 2.220426425587451376e+04 4.075356992695950903e+06 1.145513262896056985e+06 1.718600643269426073e+05 -7.444965149798959028e+05 1.918162620136919941e+03 1.450131939212085854e+05 -1.041113840110398451e+05 -4.110032114550787082e+04 1.384241257935996873e+04
2.918091609052571002e+05 -2.865167458816638100e+05 -3.224717848130823695e+05 -2.093245788334301906e+05 7.286616642979750759e+04 4.393228681046259589e+05 4.944342603383820824e+04 -5.703660939327448432e+04 5.753091505493180011e+04 7.004751762865477940e+05 6.058830036308256676e+05 -7.140728992915013805e+05 -5.148533894662291859e+05 -4.981261918664232362e+05 1.511051189263876295e+05 -8.394216430621250765e+03 -6.762351349720508733e+04 -2.001594000582646686e+03
5.124338840400920890e+04 -1.965423812248194299e+05 -1.128800110309744487e+05 -8.728560868375531572e+04 -5.256300991993546631e+03 4.944342603383820824e+04 2.555917320508430130e+05 -4.847578926586166745e+03 2.692124272490514159e+03 -4.707526776048811735e+05 7.589937610767924925e+05 -4.954582169489493826e+05 -4.684412807855542051e+05 -1.715744212110937224e+05 1.950729109278185060e+05 2.195000547952943016e+05 -8.764982546972738419e+03 -1.017113245019963651e+05
-4.353814627109967405e+05 2.272428098353353562e+05 2.905981124358276720e+05 7.714798650895484025e+04 6.225325387828999374e+04 -5.703660939327448432e+04 -4.847578926586166745e+03 2.174463432364461478e+05 -4.003126051348545843e+03 -1.106930492723644013e+06 -8.832388100891264621e+05 6.228255195101215941e+04 5.748603874931161408e+04 2.250090403521514672e+05 4.073031992310034548e+04 1.061613125955971627e+05 6.083036368030295125e+04 2.287420185494212637e+04
-1.339385906798072256e+03 -8.998119492510511191e+04 -8.646456817362348374e+04 -3.366664588005973928e+04 2.220426425587451376e+04 5.753091505493180011e+04 2.692124272490514159e+03 -4.003126051348545843e+03 1.280067433747150062e+05 3.952591227228512289e+05 4.452802750889736344e+05 -1.186241073166243732e+05 -3.898358062327020889e+03 -1.275053474657655897e+05 1.047647707504739665e+05 -8.943752564913822425e+03 3.149428274039668759e+04 5.122835032578633400e+04
1.529605862773937918e+07 1.261305079665194452e+07 5.804010053860391490e+05 1.055035927157247206e+06 4.075356992695950903e+06 7.004751762865477940e+05 -4.707526776048811735e+05 -1.106930492723644013e+06 3.952591227228512289e+05 2.629517682860053182e+08 4.386475225615607947e+07 -4.661911129475600086e+06 -5.305634214197387919e+06 -7.297674407589983195e+06 -8.288619383277524030e+05 -4.712764719396872446e+06 1.275928730309976265e+06 7.055630917614850914e+05
-1.764033970257461071e+06 8.812435659981082426e+05 -3.225799416386969388e+06 -5.751505373457679525e+05 1.145513262896056985e+06 6.058830036308256676e+05 7.589937610767924925e+05 -8.832388100891264621e+05 4.452802750889736344e+05 4.386475225615607947e+07 1.034127740915077329e+08 2.474014802695724182e+06 -2.615481881278902292e+06 -4.038329321954017971e+06 -1.248258703448801534e+06 1.374282268401107518e+06 -4.821324509208769887e+05 3.406351940084567759e+05
-5.520567223638170399e+06 1.014947323870701599e+06 2.448253426530139521e+06 1.411835867083506659e+06 1.718600643269426073e+05 -7.140728992915013805e+05 -4.954582169489493826e+05 6.228255195101215941e+04 -1.186241073166243732e+05 -4.661911129475600086e+06 2.474014802695724182e+06 2.767460782280968875e+07 4.194152363151542842e+06 5.039091356795313768e+06 -1.278747135290747043e+06 -2.618540176532870973e+05 2.622907595271347091e+05 4.861711230332445120e+05
2.364320375399834011e+06 -9.128544321798480814e+05 -3.289227963320135023e+05 5.041272846613088623e+05 -7.444965149798959028e+05 -5.148533894662291859e+05 -4.684412807855542051e+05 5.748603874931161408e+04 -3.898358062327020889e+03 -5.305634214197387919e+06 -2.615481881278902292e+06 4.194152363151542842e+06 1.960032183830329403e+07 4.802991327551416121e+06 -5.147234225137130124e+05 1.041845915999765741e+06 1.053262241897094296e+06 1.468515890183741692e+06
-1.375677882680993760e+06 -3.429377510210203473e+05 7.705726512650685618e+05 4.160037967667122721e+05 1.918162620136919941e+03 -4.981261918664232362e+05 -1.715744212110937224e+05 2.250090403521514672e+05 -1.275053474657655897e+05 -7.297674407589983195e+06 -4.038329321954017971e+06 5.039091356795313768e+06 4.802991327551416121e+06 1.119223456786690280e+07 1.530532116117764963e+05 4.272878959030676633e+05 6.342265524564411025e+05 6.156708206235477701e+05
1.822323979946147650e+06 -2.593816457729867834e+05 6.114704483458587492e+04 -8.617145661519665737e+04 1.450131939212085854e+05 1.511051189263876295e+05 1.950729109278185060e+05 4.073031992310034548e+04 1.047647707504739665e+05 -8.288619383277524030e+05 -1.248258703448801534e+06 -1.278747135290747043e+06 -5.147234225137130124e+05 1.530532116117764963e+05 3.338899306506428402e+06 2.359681083872575837e+05 3.116647469184821239e+05 4.823165471671125124e+04
2.361967221100517781e+04 -3.935610022108119447e+05 -1.950588667807898310e+05 8.308857514288922539e+04 -1.041113840110398451e+05 -8.394216430621250765e+03 2.195000547952943016e+05 1.061613125955971627e+05 -8.943752564913822425e+03 -4.712764719396872446e+06 1.374282268401107518e+06 -2.618540176532870973e+05 1.041845915999765741e+06 4.272878959030676633e+05 2.359681083872575837e+05 2.459467493010594510e+06 1.185829478679130698e+05 1.080869373690394568e+05
5.162676804773798794e+05 4.602588811668445123e+04 8.429925615627269144e+04 -6.896903135330774239e+04 -4.110032114550787082e+04 -6.762351349720508733e+04 -8.764982546972738419e+03 6.083036368030295125e+04 3.149428274039668759e+04 1.275928730309976265e+06 -4.821324509208769887e+05 2.622907595271347091e+05 1.053262241897094296e+06 6.342265524564411025e+05 3.116647469184821239e+05 1.185829478679130698e+05 1.034021066717896843e+06 2.914055938563375385e+05
1.093045527280021459e+06 6.927882269270998659e+05 -7.441430471098035014e+03 -4.431226192972307763e+04 1.384241257935996873e+04 -2.001594000582646686e+03 -1.017113245019963651e+05 2.287420185494212637e+04 5.122835032578633400e+04 7.055630917614850914e+05 3.406351940084567759e+05 4.861711230332445120e+05 1.468515890183741692e+06 6.156708206235477701e+05 4.823165471671125124e+04 1.080869373690394568e+05 2.914055938563375385e+05 1.107904988115174230e+06
