# lambda=0.625372404382792
5.230229242025566101e+07 2.129320675103558227e+06 -1.729612076137750410e+06 2.866081811324837618e+05 -1.229849752945565153e+06 1.620483966560431872e+05 1.820996348544522771e+05 2.767965531438111793e+05 2.265953411392147609e+04 7.966350112549820915e+06 4.362407232265237719e+06 5.230930374055101536e+06 2.338931066009429749e+06 -2.162672740935216716e+05 1.300845403476118576e+06 1.855140773783722194e+06 9.660620823989588534e+05 -2.706534135629408993e+05
2.129320675103558227e+06 1.883786999406472594e+07 3.457733244969686493e+05 3.203320488134763218e+04 -3.207883290043747984e+05 -5.417909380706273805e+04 1.115459866446633678e+05 -1.085593661917491845e+05 6.305115425585609046e+04 4.407073371026369743e+06 5.018996943796113133e+06 -6.322317134476733627e+05 1.783514691515437327e+06 -1.615876697308783885e+06 7.702106401151418686e+05 9.282953135457070312e+05 7.065651951800966344e+04 2.767797230874138768e+05
-1.729612076137750410e+06 3.457733244969686493e+05 4.215770496149133891e+06 2.076013000264354923e+05 2.294562718105585664e+05 9.231134543519173167e+04 -1.855799678281138767e+04 5.906672884379419884e+03 1.524290985238394751e+04 -3.449371430705429986e+06 -1.269163961561000207e+06 -4.790880842477341503e+04 6.261822622053454397e+05 4.344830097691301489e+05 4.143987813394456753e+05 -4.748211246986148035e+04 9.077491349969345902e+04 4.566970986970233935e+04
2.866081811324837618e+05 3.203320488134763218e+04 2.076013000264354923e+05 1.627177173243221128e+06 9.140116457306436496e+04 1.189544297957638264e+04 -6.178290622401167639e+04 -8.545238389100537461e+03 1.729407268499992279e+04 -6.999363266246449202e+05 3.162948497587622842e+05 2.974859382314686172e+03 1.230362446542412908e+04 -5.084670795548948081e+04 1.185056447940867656e+05 6.044258338095724866e+03 4.821467718704581057e+04 -3.781679231400459685e+04
-1.229849752945565153e+06 -3.207883290043747984e+05 2.294562718105585664e+05 9.140116457306436496e+04 8.732547063618097454e+05 -2.112260174481454305e+04 4.622635967014131893e+04 -6.810678094892476111e+03 1.216021525644738540e+04 -7.087029708813118050e+05 -2.993416846000481164e+05 -2.181157153485682793e+05 -2.004028321447967901e+05 2.763502739298450178e+05 1.571376990112564526e+05 -7.230241930992601556e+04 3.274211024496663958e+04 6.347895164929585735e+04
1.620483966560431872e+05 -5.417909380706273805e+04 9.231134543519173167e+04 1.189544297957638264e+04 -2.112260174481454305e+04 4.225922130781754386e+05 -3.415699229144828678e+03 3.260005692543607802e+04 4.735795821657204215e+03 8.397562134619329299e+03 -4.113273463943521492e+05 3.520590030370270251e+05 4.051657793325800594e+04 -2.222406397987359378e+05 6.634037538015565951e+04 -9.924803198034749948e+04 8.278812774668588827e+04 2.230293990387051599e+04
1.820996348544522771e+05 1.115459866446633678e+05 -1.855799678281138767e+04 -6.178290622401167639e+04 4.622635967014131893e+04 -3.415699229144828678e+03 2.454608771566912474e+05 2.701261775264225071e+04 5.179101652473745162e+03 -3.759609305402156315e+05 2.560460067928070785e+05 -1.331847725523404079e+05 -2.885080576732936242e+04 1.352646016613157408e+05 9.766240493870266073e+04 6.836447150839224923e+04 5.394867051561795961e+04 3.918392260626293864e+04
2.767965531438111793e+05 -1.085593661917491845e+05 5.906672884379419884e+03 -8.545238389100537461e+03 -6.810678094892476111e+03 3.260005692543607802e+04 2.701261775264225071e+04 3.108150367716093897e+05 3.004566287977169122e+04 -2.027796844713207101e+05 -9.328082843873804450e+03 -5.866514761783551512e+04 8.081467479754095257e+04 5.882718501064303564e+04 5.902741827915922477e+04 6.835373478355075349e+04 1.112659540416027157e+05 1.644121774444750918e+04
2.265953411392147609e+04 6.305115425585609046e+04 1.524290985238394751e+04 1.729407268499992279e+04 1.216021525644738540e+04 4.735795821657204215e+03 5.179101652473745162e+03 3.004566287977169122e+04 1.290637284081292892e+05 -6.811509094560716767e+04 1.327833643274771166e+05 -1.978656393562906014e+05 -1.069286082713712531e+05 -3.104657307682397004e+04 1.787814379135073250e+04 4.403861771904378111e+04 1.794439445504826654e+04 2.445389180805257274e+04
7.966350112549820915e+06 4.407073371026369743e+06 -3.449371430705429986e+06 -6.999363266246449202e+05 -7.087029708813118050e+05 8.397562134619329299e+03 -3.759609305402156315e+05 -2.027796844713207101e+05 -6.811509094560716767e+04 2.084103802275670469e+08 1.770649524510210007e+07 7.486239973405854777e+06 -3.528297867424249998e+05 -3.755297517858556006e+06 2.848346559703270905e+06 6.966926688803320285e+05 -1.181866279490181245e+06 -5.734086597558455542e+05
4.362407232265237719e+06 5.018996943796113133e+06 -1.269163961561000207e+06 3.162948497587622842e+05 -2.993416846000481164e+05 -4.113273463943521492e+05 2.560460067928070785e+05 -9.328082843873804450e+03 1.327833643274771166e+05 1.770649524510210007e+07 6.587753230272562802e+07 4.900070543424565112e+05 1.386259750984908547e+06 -2.040552418711759383e+05 3.899747164460829808e+05 7.082361105620532762e+05 -2.074335987588344142e+04 -2.793405831960853538e+05
5.230930374055101536e+06 -6.322317134476733627e+05 -4.790880842477341503e+04 2.974859382314686172e+03 -2.181157153485682793e+05 3.520590030370270251e+05 -1.331847725523404079e+05 -5.866514761783551512e+04 -1.978656393562906014e+05 7.486239973405854777e+06 4.900070543424565112e+05 3.065958763778304309e+07 3.101283794711705763e+06 -5.002019297048425069e+05 4.540816777493954869e+05 5.887303344307777006e+05 -7.314608874291958055e+05 5.207367643615794805e+04
2.338931066009429749e+06 1.783514691515437327e+06 6.261822622053454397e+05 1.230362446542412908e+04 -2.004028321447967901e+05 4.051657793325800594e+04 -2.885080576732936242e+04 8.081467479754095257e+04 -1.069286082713712531e+05 -3.528297867424249998e+05 1.386259750984908547e+06 3.101283794711705763e+06 1.369601004287429713e+07 -1.392529834713513847e+05 5.135468410912208492e+05 4.640090502246228280e+05 -2.120690356708120962e+05 -3.097990068013884957e+04
-2.162672740935216716e+05 -1.615876697308783885e+06 4.344830097691301489e+05 -5.084670795548948081e+04 2.763502739298450178e+05 -2.222406397987359378e+05 1.352646016613157408e+05 5.882718501064303564e+04 -3.104657307682397004e+04 -3.755297517858556006e+06 -2.040552418711759383e+05 -5.002019297048425069e+05 -1.392529834713513847e+05 5.890295876696183346e+06 5.967715413277229527e+05 -6.805520396146515850e+03 1.287303045993193373e+05 -2.574268479123635552e+04
1.300845403476118576e+06 7.702106401151418686e+05 4.143987813394456753e+05 1.185056447940867656e+05 1.571376990112564526e+05 6.634037538015565951e+04 9.766240493870266073e+04 5.902741827915922477e+04 1.787814379135073250e+04 2.848346559703270905e+06 3.899747164460829808e+05 4.540816777493954869e+05 5.135468410912208492e+05 5.967715413277229527e+05 3.860353670729924925e+06 3.165496497265092912e+05 1.937962348001925275e+05 1.338314283169583068e+05
1.855140773783722194e+06 9.282953135457070312e+05 -4.748211246986148035e+04 6.044258338095724866e+03 -7.230241930992601556e+04 -9.924803198034749948e+04 6.836447150839224923e+04 6.835373478355075349e+04 4.403861771904378111e+04 6.966926688803320285e+05 7.082361105620532762e+05 5.887303344307777006e+05 4.640090502246228280e+05 -6.805520396146515850e+03 3.165496497265092912e+05 2.370026202431085054e+06 9.901501716971365386e+04 8.195376678869592433e+04
9.660620823989588534e+05 7.065651951800966344e+04 9.077491349969345902e+04 4.821467718704581057e+04 3.274211024496663958e+04 8.278812774668588827e+04 5.394867051561795961e+04 1.112659540416027157e+05 1.794439445504826654e+04 -1.181866279490181245e+06 -2.074335987588344142e+04 -7.314608874291958055e+05 -2.120690356708120962e+05 1.287303045993193373e+05 1.937962348001925275e+05 9.901501716971365386e+04 1.252823617522199173e+06 -1.146384132968508311e+04
-2.706534135629408993e+05 2.767797230874138768e+05 4.566970986970233935e+04 -3.781679231400459685e+04 6.347895164929585735e+04 2.230293990387051599e+04 3.918392260626293864e+04 1.644121774444750918e+04 2.445389180805257274e+04 -5.734086597558455542e+05 -2.793405831960853538e+05 5.207367643615794805e+04 -3.097990068013884957e+04 -2.574268479123635552e+04 1.338314283169583068e+05 8.195376678869592433e+04 -1.146384132968508311e+04 3.535704750437607290e+05
