# lambda=0.601789652493132
4.173718973911854625e+07 -1.991527892506337957e+06 2.484022754052182660e+06 2.689745160245979670e+06 1.180233847736221738e+06 4.839563731505498872e+05 -9.821139473410694336e+04 2.267275708618057834e+05 1.426190268862017256e+05 -6.966206091752958018e+05 -2.603344190525498241e+06 -2.667040703931928147e+06 1.036424171910058474e+06 1.541465553214680869e+06 7.606000064736834611e+04 -4.871088933348321589e+05 -3.024844283364432049e+05 2.193592860702259932e+05
-1.991527892506337957e+06 2.491886134237263352e+07 2.056919809963018401e+06 -1.979040692287335696e+05 -1.034576337238106353e+05 3.103847074056069832e+05 3.332236098467264674e+05 -2.054694026193158352e+05 7.988770144614930905e+04 -2.758482917473508976e+06 9.577178639054756612e+06 2.708577123965908308e+06 -1.324437914396772627e+06 -2.107077459794572089e+06 7.606762819069969701e+05 1.831065283954064944e+04 -1.876011220062452485e+05 -8.415863182407854765e+04
2.484022754052182660e+06 2.056919809963018401e+06 6.874320487890060060e+06 6.184971739033480408e+05 3.917745462766035926e+05 4.736485908182962448e+05 1.743990239534547072e+04 -1.645795293786488037e+04 3.763056931623598211e+04 -2.027598869509763550e+06 -8.837399932061254513e+05 -4.406349785781681421e+05 -7.492337797114021669e+04 -7.103307846077347640e+05 1.373852162328119448e+05 -6.952291992758608831e+04 -1.145722875089360605e+05 -4.431272937198258587e+05
2.689745160245979670e+06 -1.979040692287335696e+05 6.184971739033480408e+05 3.663843936789221130e+06 3.427217177967588650e+05 8.110451452996749140e+04 4.388231314069705695e+04 1.170698425861645519e+05 6.205179987375972269e+04 1.885687047204618575e+06 5.111787998060311656e+05 -1.620689997395183891e+06 9.696501655183952535e+05 4.853856222002600553e+05 1.755579039398764144e+05 -1.663563678445366968e+05 2.032393274261888291e+05 4.777181943450217659e+04
1.180233847736221738e+06 -1.034576337238106353e+05 3.917745462766035926e+05 3.427217177967588650e+05 1.438408024893291062e+06 1.213524417343349487e+05 6.891750536856512190e+04 1.351991063850963656e+04 8.729919759625874576e+04 7.098001266163816908e+05 -1.687320272662864998e+06 -2.326773513512770878e+05 3.925675484686599229e+05 1.236798383974624739e+05 2.137480923204850842e+04 9.689958492221079359e+04 2.004037701285060757e+04 5.242324107742220076e+04
4.839563731505498872e+05 3.103847074056069832e+05 4.736485908182962448e+05 8.110451452996749140e+04 1.213524417343349487e+05 5.860650603008595062e+05 8.636322750505457225e+04 4.986198701640360377e+04 2.628804615328829095e+04 9.429581034389869310e+05 -2.957416228010478080e+05 -3.786042813624397968e+05 -3.446486784376191208e+05 -3.248152980738428960e+04 1.120677498951973103e+05 2.711355912819693913e+04 -2.525002810232444244e+04 -1.177704924771349906e+05
-9.821139473410694336e+04 3.332236098467264674e+05 1.743990239534547072e+04 4.388231314069705695e+04 6.891750536856512190e+04 8.636322750505457225e+04 3.437645167765347869e+05 5.500368223302446859e+04 4.424123492226943927e+04 1.431059687989598140e+06 5.365681254651267081e+05 1.000740294401514111e+05 -1.115221181098645175e+05 -5.687361575028349034e+04 1.251603833286904410e+05 2.383015151449131736e+04 8.677949790975483484e+04 1.565616469415968822e+04
2.267275708618057834e+05 -2.054694026193158352e+05 -1.645795293786488037e+04 1.170698425861645519e+05 1.351991063850963656e+04 4.986198701640360377e+04 5.500368223302446859e+04 1.864567765171194915e+05 1.228001087715836729e+04 1.054890616030615056e+06 9.649550018813442148e+04 -3.165279200067718048e+05 1.461131336153822303e+04 1.183762687724958378e+05 5.829348837515832565e+04 1.012523884289636408e+04 7.167696905080118449e+04 1.533438315732012597e+04
1.426190268862017256e+05 7.988770144614930905e+04 3.763056931623598211e+04 6.205179987375972269e+04 8.729919759625874576e+04 2.628804615328829095e+04 4.424123492226943927e+04 1.228001087715836729e+04 1.112241584381855209e+05 4.399676354485005868e+04 -1.391934601811925822e+05 -1.157890443526369490e+05 2.274443511071205648e+04 -2.183683466573075202e+04 -1.514064928052915548e+03 5.131012536816303327e+04 5.616710862064976936e+03 5.241011252116923424e+04
-6.966206091752958018e+05 -2.758482917473508976e+06 -2.027598869509763550e+06 1.885687047204618575e+06 7.098001266163816908e+05 9.429581034389869310e+05 1.431059687989598140e+06 1.054890616030615056e+06 4.399676354485005868e+04 2.746728426329630613e+08 2.362454460709513351e+07 -9.329929377211345360e+06 -8.696075253723593429e+06 1.742803038530862657e+06 9.144313723834836856e+05 2.021855449577853549e+06 2.420531591713413596e+06 -4.340478655218601343e+05
-2.603344190525498241e+06 9.577178639054756612e+06 -8.837399932061254513e+05 5.111787998060311656e+05 -1.687320272662864998e+06 -2.957416228010478080e+05 5.365681254651267081e+05 9.649550018813442148e+04 -1.391934601811925822e+05 2.362454460709513351e+07 9.706480275650118291e+07 6.213087058542028535e+05 -4.020759496822996065e+06 -2.310505275923332199e+06 1.506248181139877066e+06 -6.083473243096130900e+05 4.619938109666819801e+05 -7.203361151971251820e+04
-2.667040703931928147e+06 2.708577123965908308e+06 -4.406349785781681421e+05 -1.620689997395183891e+06 -2.326773513512770878e+05 -3.786042813624397968e+05 1.000740294401514111e+05 -3.165279200067718048e+05 -1.157890443526369490e+05 -9.329929377211345360e+06 6.213087058542028535e+05 2.862754550587896630e+07 1.789101977500250796e+06 -9.566886944559729891e+05 3.080717240762566507e+04 -6.058908188138147816e+05 6.954498639037282555e+04 1.277378996682064171e+05
1.036424171910058474e+06 -1.324437914396772627e+06 -7.492337797114021669e+04 9.696501655183952535e+05 3.925675484686599229e+05 -3.446486784376191208e+05 -1.115221181098645175e+05 1.461131336153822303e+04 2.274443511071205648e+04 -8.696075253723593429e+06 -4.020759496822996065e+06 1.789101977500250796e+06 1.272011710673590191e+07 8.987234533024004195e+05 -4.213500065938094631e+05 -5.044375076119668083e+05 1.764619343461312819e+05 3.005611602976347785e+05
1.541465553214680869e+06 -2.107077459794572089e+06 -7.103307846077347640e+05 4.853856222002600553e+05 1.236798383974624739e+05 -3.248152980738428960e+04 -5.687361575028349034e+04 1.183762687724958378e+05 -2.183683466573075202e+04 1.742803038530862657e+06 -2.310505275923332199e+06 -9.566886944559729891e+05 8.987234533024004195e+05 4.450640127829115838e+06 -5.692317464122616366e+04 -1.453444627285629977e+05 6.642770550735789584e+04 1.498229203640860505e+05
7.606000064736834611e+04 7.606762819069969701e+05 1.373852162328119448e+05 1.755579039398764144e+05 2.137480923204850842e+04 1.120677498951973103e+05 1.251603833286904410e+05 5.829348837515832565e+04 -1.514064928052915548e+03 9.144313723834836856e+05 1.506248181139877066e+06 3.080717240762566507e+04 -4.213500065938094631e+05 -5.692317464122616366e+04 2.060633299489776138e+06 1.658335128835902724e+05 1.467884787002957892e+05 -5.325167356588316034e+04
-4.871088933348321589e+05 1.831065283954064944e+04 -6.952291992758608831e+04 -1.663563678445366968e+05 9.689958492221079359e+04 2.711355912819693913e+04 2.383015151449131736e+04 1.012523884289636408e+04 5.131012536816303327e+04 2.021855449577853549e+06 -6.083473243096130900e+05 -6.058908188138147816e+05 -5.044375076119668083e+05 -1.453444627285629977e+05 1.658335128835902724e+05 1.310284828024567571e+06 -2.545032727424719997e+04 9.086168618771346519e+04
-3.024844283364432049e+05 -1.876011220062452485e+05 -1.145722875089360605e+05 2.032393274261888291e+05 2.004037701285060757e+04 -2.525002810232444244e+04 8.677949790975483484e+04 7.167696905080118449e+04 5.616710862064976936e+03 2.420531591713413596e+06 4.619938109666819801e+05 6.954498639037282555e+04 1.764619343461312819e+05 6.642770550735789584e+04 1.467884787002957892e+05 -2.545032727424719997e+04 9.409636754099151585e+05 4.839258538496946130e+04
2.193592860702259932e+05 -8.415863182407854765e+04 -4.431272937198258587e+05 4.777181943450217659e+04 5.242324107742220076e+04 -1.177704924771349906e+05 1.565616469415968822e+04 1.533438315732012597e+04 5.241011252116923424e+04 -4.340478655218601343e+05 -7.203361151971251820e+04 1.277378996682064171e+05 3.005611602976347785e+05 1.498229203640860505e+05 -5.325167356588316034e+04 9.086168618771346519e+04 4.839258538496946130e+04 7.931333295094298664e+05
