# lambda=0.4158655308168142
4.245298575478513539e+07 1.467421269690678688e+06 7.768141839807356009e+05 1.022767301287345705e+06 9.944083865436492488e+05 5.591698220689096488e+05 -6.082760611930851592e+05 -2.172679941832433906e+04 -1.976259609869928099e+05 3.291424298725626618e+07 1.472418289155156352e+06 -1.291078245235569542e+06 -3.989948533918571193e+06 -1.694489726040785434e+06 9.416208988752722507e+04 -1.083472242925975297e+05 -5.082581930654830649e+04 -5.104053895782394684e+05
1.467421269690678688e+06 1.461825537145916745e+07 4.586351939635826857e+05 -1.230788098124313401e+05 3.098232184630854172e+05 4.301065210376234027e+05 -2.286278605122175941e+05 -4.560440215223729610e+05 -5.084681488574673131e+04 5.275614910805865191e+06 -5.304876154654149432e+05 1.019747687973806169e+06 2.672756550783523708e+05 1.496410000310105272e+06 5.066940829202822642e+05 1.042602581690198509e+06 7.835143110649377340e+05 -2.876112920479537570e+05
7.768141839807356009e+05 4.586351939635826857e+05 5.339205427407925949e+06 1.936112436875523708e+05 1.953671291419376212e+05 -7.287464168860806967e+04 -1.131071413435969589e+05 -1.731497573859177355e+05 4.293241729384565406e+04 5.920433368678566068e+06 1.696000169133746764e+06 1.017076582058958593e+06 1.216425432840884896e+06 1.122803042145121377e+06 7.971179031639733876e+04 -2.825132402234133333e+05 -9.778140954041968143e+03 -1.643845932186304417e+05
1.022767301287345705e+06 -1.230788098124313401e+05 1.936112436875523708e+05 1.910025536279581022e+06 -1.530982086627481622e+05 1.371543327348850726e+05 8.583075098518205050e+04 2.012389426907262896e+04 -4.357873280599925783e+04 2.059988208422781900e+06 4.578625219378349138e+05 4.389180475698143127e+05 4.016002424533733865e+05 -8.800785458149219630e+05 3.654673203216541879e+04 -1.887315908031349827e+05 -3.348294500296433689e+05 -7.576196577928430634e+04
9.944083865436492488e+05 3.098232184630854172e+05 1.953671291419376212e+05 -1.530982086627481622e+05 8.688989149375434499e+05 1.344444676441874471e+05 5.291350962694550253e+04 -4.532063467453571502e+04 4.899268893404640403e+04 3.259390355573717505e+06 -1.506933040094607277e+05 2.385481710874343116e+05 -3.414501066945066559e+05 3.104504698940738454e+05 4.494322847058494226e+05 8.122561452517964062e+04 2.556078678513095074e+05 -6.829824245401530789e+03
5.591698220689096488e+05 4.301065210376234027e+05 -7.287464168860806967e+04 1.371543327348850726e+05 1.344444676441874471e+05 7.526390762552424567e+05 5.559483165086158260e+04 -3.451516921411368094e+04 -1.418780384498626881e+04 3.368668156733784359e+06 -2.301664882488579024e+05 1.071419757279164391e+06 -3.373656026708532008e+05 9.766129154207551619e+04 4.901870545449795900e+05 2.769320891445400775e+05 1.566762934735953168e+05 -4.809428289217709971e+04
-6.082760611930851592e+05 -2.286278605122175941e+05 -1.131071413435969589e+05 8.583075098518205050e+04 5.291350962694550253e+04 5.559483165086158260e+04 4.158488999735179241e+05 5.352150587147037731e+04 2.129405105234548319e+04 -4.590730177128514624e+05 -3.489257266133715748e+05 4.436950389292871696e+05 -6.569950514328569989e+04 -2.213442810534142191e+05 6.471871879774683475e+04 -4.785516489185939281e+04 4.643126386490154800e+03 6.008437146740446769e+04
-2.172679941832433906e+04 -4.560440215223729610e+05 -1.731497573859177355e+05 2.012389426907262896e+04 -4.532063467453571502e+04 -3.451516921411368094e+04 5.352150587147037731e+04 1.716466568502912123e+05 -1.153098512980835767e+04 -1.220945909143856261e+06 -3.882958071977292420e+05 -2.612492987686596753e+05 -3.751456856921280996e+04 -2.297098658367601456e+05 -3.858874926215400046e+04 -1.770051382379322604e+05 -6.012263195609331160e+04 5.396660227319954720e+04
-1.976259609869928099e+05 -5.084681488574673131e+04 4.293241729384565406e+04 -4.357873280599925783e+04 4.899268893404640403e+04 -1.418780384498626881e+04 2.129405105234548319e+04 -1.153098512980835767e+04 7.225801097847540223e+04 -1.377491247239088698e+05 -1.809589739199463656e+04 -3.900692377999334713e+05 1.033066276064031990e+05 2.737325419467094980e+04 -1.060739568362355931e+04 6.516208422886788867e+03 3.783011484831040434e+04 -2.908647967536245051e+04
3.291424298725626618e+07 5.275614910805865191e+06 5.920433368678566068e+06 2.059988208422781900e+06 3.259390355573717505e+06 3.368668156733784359e+06 -4.590730177128514624e+05 -1.220945909143856261e+06 -1.377491247239088698e+05 2.001217476940629184e+08 -2.879725704729058314e+06 1.481091521193271689e+07 -3.237536508155154064e+06 5.598741025189876091e+05 5.692562830182137899e+06 1.779872604823415633e+06 1.857502508579150075e+06 -3.020011851382862078e+05
1.472418289155156352e+06 -5.304876154654149432e+05 1.696000169133746764e+06 4.578625219378349138e+05 -1.506933040094607277e+05 -2.301664882488579024e+05 -3.489257266133715748e+05 -3.882958071977292420e+05 -1.809589739199463656e+04 -2.879725704729058314e+06 4.851768995242964476e+07 5.751446319437055849e+06 5.794086379186175764e+06 9.610142457280404633e+05 -1.137496836374934064e+06 1.964312969455247221e+05 -1.061788341562865302e+06 1.163625459004798206e+06
-1.291078245235569542e+06 1.019747687973806169e+06 1.017076582058958593e+06 4.389180475698143127e+05 2.385481710874343116e+05 1.071419757279164391e+06 4.436950389292871696e+05 -2.612492987686596753e+05 -3.900692377999334713e+05 1.481091521193271689e+07 5.751446319437055849e+06 2.701112504612050951e+07 1.206855217684002826e+06 1.160377594050543616e+06 2.642265080189875793e+06 1.194743638294473058e+06 4.717923507532496587e+05 5.007576335759455105e+05
-3.989948533918571193e+06 2.672756550783523708e+05 1.216425432840884896e+06 4.016002424533733865e+05 -3.414501066945066559e+05 -3.373656026708532008e+05 -6.569950514328569989e+04 -3.751456856921280996e+04 1.033066276064031990e+05 -3.237536508155154064e+06 5.794086379186175764e+06 1.206855217684002826e+06 1.230392128216901980e+07 -3.742860921376118204e+05 1.962805528513722820e+05 -4.943312532623062725e+05 -1.959775027909991040e+05 6.363969142904229229e+05
-1.694489726040785434e+06 1.496410000310105272e+06 1.122803042145121377e+06 -8.800785458149219630e+05 3.104504698940738454e+05 9.766129154207551619e+04 -2.213442810534142191e+05 -2.297098658367601456e+05 2.737325419467094980e+04 5.598741025189876091e+05 9.610142457280404633e+05 1.160377594050543616e+06 -3.742860921376118204e+05 5.708628820086478256e+06 7.036730008399487815e+03 3.449579975125354249e+05 3.604079083359807846e+05 -5.765891134840446466e+04
9.416208988752722507e+04 5.066940829202822642e+05 7.971179031639733876e+04 3.654673203216541879e+04 4.494322847058494226e+05 4.901870545449795900e+05 6.471871879774683475e+04 -3.858874926215400046e+04 -1.060739568362355931e+04 5.692562830182137899e+06 -1.137496836374934064e+06 2.642265080189875793e+06 1.962805528513722820e+05 7.036730008399487815e+03 3.864046399314898066e+06 6.784220925718988292e+05 4.837559298328179866e+05 1.310089837175520224e+05
-1.083472242925975297e+05 1.042602581690198509e+06 -2.825132402234133333e+05 -1.887315908031349827e+05 8.122561452517964062e+04 2.769320891445400775e+05 -4.785516489185939281e+04 -1.770051382379322604e+05 6.516208422886788867e+03 1.779872604823415633e+06 1.964312969455247221e+05 1.194743638294473058e+06 -4.943312532623062725e+05 3.449579975125354249e+05 6.784220925718988292e+05 1.739559929703774396e+06 1.977212411775751971e+05 -2.276388784440928430e+05
-5.082581930654830649e+04 7.835143110649377340e+05 -9.778140954041968143e+03 -3.348294500296433689e+05 2.556078678513095074e+05 1.566762934735953168e+05 4.643126386490154800e+03 -6.012263195609331160e+04 3.783011484831040434e+04 1.857502508579150075e+06 -1.061788341562865302e+06 4.717923507532496587e+05 -1.959775027909991040e+05 3.604079083359807846e+05 4.837559298328179866e+05 1.977212411775751971e+05 7.979391790013273712e+05 -3.688184039635889349e+04
-5.104053895782394684e+05 -2.876112920479537570e+05 -1.643845932186304417e+05 -7.576196577928430634e+04 -6.829824245401530789e+03 -4.809428289217709971e+04 6.008437146740446769e+04 5.396660227319954720e+04 -2.908647967536245051e+04 -3.020011851382862078e+05 1.163625459004798206e+06 5.007576335759455105e+05 6.363969142904229229e+05 -5.765891134840446466e+04 1.310089837175520224e+05 -2.276388784440928430e+05 -3.688184039635889349e+04 8.096138897949118400e+05
