# lambda=0.46673580369416234
7.614455447931160033e+07 2.883256133211833891e+06 1.539136410116993356e+06 6.048087525018624729e+05 2.269871007622203033e+05 8.177305667587881908e+05 5.078168686487909872e+05 7.071114247091288689e+02 3.722835275927874318e+04 2.014171511583765596e+07 -2.144179305058109574e+06 2.897274891968051903e+06 2.224578798588561360e+06 -1.128897990830412833e+06 -1.220220527222731849e+06 2.151381942869995546e+05 5.433676804229622940e+05 -4.190331185826573055e+05
2.883256133211833891e+06 1.975078774025420472e+07 2.572512053317805752e+06 2.147089487651850097e+06 3.828506620223656064e+05 6.539512249886790523e+05 -2.263801429139649845e+05 -1.881550015516845451e+05 -2.158483578852969367e+04 -2.729168187751897611e+06 1.350277566366398335e+07 8.240818877993234433e+06 1.843467045215066755e+06 -3.749779150772590074e+05 -2.029255238407553639e+06 -8.120354471047280822e+05 -9.291491642886612681e+04 2.659457407689961838e+05
1.539136410116993356e+06 2.572512053317805752e+06 5.133907124639726244e+06 1.194494089550518664e+06 2.748801159217671375e+05 7.861594804427897907e+04 -5.576472437040433579e+04 -2.459935174118191571e+04 -7.071765694238440483e+04 -1.541476288772784173e+06 4.678553769003326073e+06 2.076136980608588783e+06 1.182891247506418033e+06 -7.627946208332895767e+05 -8.476901691910151858e+05 -4.868301613789852127e+05 -9.062006301888966118e+04 1.123082215759105020e+05
6.048087525018624729e+05 2.147089487651850097e+06 1.194494089550518664e+06 2.750866265819550026e+06 1.691327569892414031e+05 1.697735423731793999e+05 -3.253675455051991230e+04 6.275143348051898101e+03 5.496254233435664355e+04 -1.074667758044219809e+06 3.642945028630229179e+06 2.145201700672113337e+06 1.316216443277808372e+06 1.744663987499515933e+05 -8.055910191827138187e+05 -1.005780650807337661e+05 -2.182395580992935575e+05 1.888230561682267580e+05
2.269871007622203033e+05 3.828506620223656064e+05 2.748801159217671375e+05 1.691327569892414031e+05 9.021739021154291695e+05 1.147276894721547869e+05 -5.826829705491229834e+04 2.602912897383985182e+04 2.029076874820020748e+04 1.104518941485687857e+06 -3.152625644204672426e+05 1.495667187001131475e+06 1.358271472992687777e+05 4.107212654331158265e+05 1.213284494368146989e+05 -3.881643145620606811e+04 -8.446003317452083866e+04 1.588859731057377394e+04
8.177305667587881908e+05 6.539512249886790523e+05 7.861594804427897907e+04 1.697735423731793999e+05 1.147276894721547869e+05 7.908805623173647327e+05 5.494322097771939298e+04 7.207859269864963426e+04 1.550636689545858644e+04 2.461878100693282613e+05 4.662745642443982651e+05 4.015803467790366267e+05 -5.318773192259356438e+04 5.410532574838972650e+05 9.066385338844300713e+04 8.193416357226771652e+04 -1.226542154912055557e+05 -1.770013037297441406e+04
5.078168686487909872e+05 -2.263801429139649845e+05 -5.576472437040433579e+04 -3.253675455051991230e+04 -5.826829705491229834e+04 5.494322097771939298e+04 3.347122082742892089e+05 4.094059941912969225e+04 -1.276800798161675630e+04 -3.501107888859513332e+05 -3.106902410991262295e+05 -4.528233036637182813e+05 1.836573248186551209e+05 -1.826668011452550854e+04 -6.605142970102546678e+04 1.173241548316663248e+05 -1.666424894676471740e+04 -1.012732159460762341e+04
7.071114247091288689e+02 -1.881550015516845451e+05 -2.459935174118191571e+04 6.275143348051898101e+03 2.602912897383985182e+04 7.207859269864963426e+04 4.094059941912969225e+04 2.080019207415026031e+05 3.339351448415168852e+04 -3.599102048221165896e+05 -8.015100833768753801e+05 -1.388410158569791529e+05 -1.660691030230148463e+05 1.902955413793102780e+05 1.327501576559021196e+05 1.138671164760651154e+05 2.956393350410064522e+04 -1.714200943724347599e+04
3.722835275927874318e+04 -2.158483578852969367e+04 -7.071765694238440483e+04 5.496254233435664355e+04 2.029076874820020748e+04 1.550636689545858644e+04 -1.276800798161675630e+04 3.339351448415168852e+04 1.523719479361941048e+05 2.021084974466473504e+05 -5.742338681799514452e+05 3.122474278698349954e+05 9.532292545831453754e+04 4.012775250444266567e+04 3.281511708059666853e+04 2.866549423561006188e+04 2.581794033177859092e+04 3.270949698192891810e+04
2.014171511583765596e+07 -2.729168187751897611e+06 -1.541476288772784173e+06 -1.074667758044219809e+06 1.104518941485687857e+06 2.461878100693282613e+05 -3.501107888859513332e+05 -3.599102048221165896e+05 2.021084974466473504e+05 1.827150387246043682e+08 2.858211994140884653e+07 1.073911719303431734e+07 -4.790677109366773628e+06 6.200426669309769757e+06 1.004908553743793978e+06 -1.307526948461272521e+06 3.125991659394199960e+05 -6.749308438657961087e+05
-2.144179305058109574e+06 1.350277566366398335e+07 4.678553769003326073e+06 3.642945028630229179e+06 -3.152625644204672426e+05 4.662745642443982651e+05 -3.106902410991262295e+05 -8.015100833768753801e+05 -5.742338681799514452e+05 2.858211994140884653e+07 1.365562072940538228e+08 7.932654726800600067e+06 -1.727946907030638540e+06 -2.030121585010558774e+05 -3.329840074810315389e+06 -1.863984979105984559e+06 -1.251676648450209759e+06 4.059063643668714212e+05
2.897274891968051903e+06 8.240818877993234433e+06 2.076136980608588783e+06 2.145201700672113337e+06 1.495667187001131475e+06 4.015803467790366267e+05 -4.528233036637182813e+05 -1.388410158569791529e+05 3.122474278698349954e+05 1.073911719303431734e+07 7.932654726800600067e+06 4.342785057738231868e+07 4.835191514529508539e+06 2.569205948641245719e+06 -7.023796701820457820e+05 -3.218130437703402713e+05 4.947932321656245040e+05 5.242964087694999762e+05
2.224578798588561360e+06 1.843467045215066755e+06 1.182891247506418033e+06 1.316216443277808372e+06 1.358271472992687777e+05 -5.318773192259356438e+04 1.836573248186551209e+05 -1.660691030230148463e+05 9.532292545831453754e+04 -4.790677109366773628e+06 -1.727946907030638540e+06 4.835191514529508539e+06 1.320392671732445620e+07 -4.356243161088873749e+05 -1.681313172872716095e+06 -4.824290209627156146e+05 4.310625255916367169e+05 8.019644465953233885e+04
-1.128897990830412833e+06 -3.749779150772590074e+05 -7.627946208332895767e+05 1.744663987499515933e+05 4.107212654331158265e+05 5.410532574838972650e+05 -1.826668011452550854e+04 1.902955413793102780e+05 4.012775250444266567e+04 6.200426669309769757e+06 -2.030121585010558774e+05 2.569205948641245719e+06 -4.356243161088873749e+05 6.017740082583729178e+06 4.979713396654980606e+05 3.210085067510465160e+05 -1.610385564004653716e+05 1.087021849625685427e+05
-1.220220527222731849e+06 -2.029255238407553639e+06 -8.476901691910151858e+05 -8.055910191827138187e+05 1.213284494368146989e+05 9.066385338844300713e+04 -6.605142970102546678e+04 1.327501576559021196e+05 3.281511708059666853e+04 1.004908553743793978e+06 -3.329840074810315389e+06 -7.023796701820457820e+05 -1.681313172872716095e+06 4.979713396654980606e+05 2.915704694839200471e+06 3.972037607461514999e+05 4.541941078851218481e+04 -1.636336207752573246e+05
2.151381942869995546e+05 -8.120354471047280822e+05 -4.868301613789852127e+05 -1.005780650807337661e+05 -3.881643145620606811e+04 8.193416357226771652e+04 1.173241548316663248e+05 1.138671164760651154e+05 2.866549423561006188e+04 -1.307526948461272521e+06 -1.863984979105984559e+06 -3.218130437703402713e+05 -4.824290209627156146e+05 3.210085067510465160e+05 3.972037607461514999e+05 1.173459749565527774e+06 -1.551358448597330062e+04 -3.928327535983882990e+04
5.433676804229622940e+05 -9.291491642886612681e+04 -9.062006301888966118e+04 -2.182395580992935575e+05 -8.446003317452083866e+04 -1.226542154912055557e+05 -1.666424894676471740e+04 2.956393350410064522e+04 2.581794033177859092e+04 3.125991659394199960e+05 -1.251676648450209759e+06 4.947932321656245040e+05 4.310625255916367169e+05 -1.610385564004653716e+05 4.541941078851218481e+04 -1.551358448597330062e+04 7.451985517345953267e+05 -1.026530358553386031e+05
-4.190331185826573055e+05 2.659457407689961838e+05 1.123082215759105020e+05 1.888230561682267580e+05 1.588859731057377394e+04 -1.770013037297441406e+04 -1.012732159460762341e+04 -1.714200943724347599e+04 3.270949698192891810e+04 -6.749308438657961087e+05 4.059063643668714212e+05 5.242964087694999762e+05 8.019644465953233885e+04 1.087021849625685427e+05 -1.636336207752573246e+05 -3.928327535983882990e+04 -1.026530358553386031e+05 4.314164061104854336e+05
