# lambda=0.23446162243352697
7.533518272036480904e+07 1.992168403464738745e+06 -3.033692466728771105e+06 1.643024354079333600e+06 2.791855810991749167e+06 8.548319979230352910e+05 5.841703863499354338e+05 -1.661601864582518101e+04 8.388522296532476321e+04 2.302013954574675485e+07 1.064607633350216970e+07 -6.715447997803326696e+06 5.661150441571662202e+06 -1.532711051627168898e+06 6.351997153261362109e+05 -1.010702585880875587e+06 -4.179489514015560853e+05 -4.276343448691329104e+05
1.992168403464738745e+06 1.893242772334431112e+07 2.025039572872428107e+05 6.027764967188772280e+05 5.986173119188776473e+05 -6.459779694046698569e+04 4.012490368695439538e+05 5.564518635712418472e+05 -1.870490915927268798e+05 3.769929513742006570e+07 3.041435181671131402e+07 1.626566311920130625e+06 -2.100161193758047651e+06 1.075602704171971651e+06 -1.304800488581849728e+06 1.412474543345435988e+06 4.288712371855682577e+05 -4.953805529619000154e+05
-3.033692466728771105e+06 2.025039572872428107e+05 6.296273747271164320e+06 7.150437284317662707e+05 -2.351278985454630165e+05 -4.507762031158252503e+05 1.410591471790343930e+05 -3.256320687553868265e+04 9.490100974423617299e+04 6.635354409328707494e+06 -2.693549714226598851e+06 8.206295764999300241e+06 2.977639121512708953e+05 1.481090701417957433e+06 4.285471032322834362e+05 5.051763834496638738e+05 2.600059045341352976e+04 -1.698936742344123486e+05
1.643024354079333600e+06 6.027764967188772280e+05 7.150437284317662707e+05 1.843760741855543572e+06 2.940537011318057775e+05 -1.253603629599700507e+05 1.337429110017789353e+05 1.086234054765980982e+05 7.421974710723157841e+03 4.785653465039262548e+06 4.111121918939734343e+06 1.829454720612493344e+06 4.101547291381365503e+05 3.553031060987131787e+05 -2.842102458440925693e+05 2.695488438132336596e+05 -1.621250777495613193e+03 2.006116643904579396e+05
2.791855810991749167e+06 5.986173119188776473e+05 -2.351278985454630165e+05 2.940537011318057775e+05 7.499835370258982293e+05 8.676350268350310216e+03 -3.899363864623162954e+04 -2.453027795480408167e+04 1.887449820981843368e+04 3.694298431140712928e+06 3.284522732429964002e+06 -1.198789750504090916e+05 -9.209064422261525760e+04 -4.596769893479991588e+05 -3.238266641756459139e+05 -1.325954031007874291e+05 -5.295429036642672145e+04 -2.551771291142031623e+04
8.548319979230352910e+05 -6.459779694046698569e+04 -4.507762031158252503e+05 -1.253603629599700507e+05 8.676350268350310216e+03 3.340150463786886539e+05 -4.524151148661115440e+04 -1.832055665178260824e+04 9.202414824341743952e+03 5.433554302824746119e+05 1.127866797045811079e+06 -1.711869779990914103e+05 1.588020558251709153e+05 -2.677825519988310989e+05 9.136210528190909827e+04 -2.253451679936907021e+05 3.055841250719190430e+04 4.771541440350702760e+04
5.841703863499354338e+05 4.012490368695439538e+05 1.410591471790343930e+05 1.337429110017789353e+05 -3.899363864623162954e+04 -4.524151148661115440e+04 2.983211461439654813e+05 5.436456833930777793e+04 -2.915935591518156434e+04 2.427185416558323894e+06 2.503562908091081190e+05 -2.576441361306709005e+05 1.509373735138291959e+05 2.038521139216622978e+05 -1.575025497712072683e+04 9.423119295163619972e+04 -1.052006502253017607e+04 1.519144747491568160e+04
-1.661601864582518101e+04 5.564518635712418472e+05 -3.256320687553868265e+04 1.086234054765980982e+05 -2.453027795480408167e+04 -1.832055665178260824e+04 5.436456833930777793e+04 2.077447507315705589e+05 4.708279626775840006e+04 2.131237393437695224e+06 8.433669217974225758e+05 3.012654318496740889e+05 -1.370041008312394843e+05 5.882692929107414966e+04 -3.440590976671676617e+04 1.929957968155824346e+05 1.159786196099812369e+05 2.664049764135035002e+04
8.388522296532476321e+04 -1.870490915927268798e+05 9.490100974423617299e+04 7.421974710723157841e+03 1.887449820981843368e+04 9.202414824341743952e+03 -2.915935591518156434e+04 4.708279626775840006e+04 1.277747599319682195e+05 6.923700949454249348e+05 -3.523795827133711427e+05 4.594504898718278855e+05 -1.208856350654875423e+05 -1.366630646717693307e+05 -1.652173288728087573e+04 2.148214479606705208e+04 7.908671634473328595e+04 5.372720884854500764e+04
2.302013954574675485e+07 3.769929513742006570e+07 6.635354409328707494e+06 4.785653465039262548e+06 3.694298431140712928e+06 5.433554302824746119e+05 2.427185416558323894e+06 2.131237393437695224e+06 6.923700949454249348e+05 2.629180166601165831e+08 9.704955572368872166e+07 2.439111138325765729e+07 -1.985096434436765732e+06 -2.611342706278749276e+06 -6.672543247523950413e+06 2.399063137064539827e+06 2.740715973922835663e+06 -2.385334153296747245e+06
1.064607633350216970e+07 3.041435181671131402e+07 -2.693549714226598851e+06 4.111121918939734343e+06 3.284522732429964002e+06 1.127866797045811079e+06 2.503562908091081190e+05 8.433669217974225758e+05 -3.523795827133711427e+05 9.704955572368872166e+07 1.682420745242098272e+08 -3.554196830329144723e+04 -4.157390909433018416e+06 -9.046954854174850043e+05 -3.076205219068115111e+06 2.403497940153748728e+06 3.452221845392007963e+05 -4.880967711034165695e+05
-6.715447997803326696e+06 1.626566311920130625e+06 8.206295764999300241e+06 1.829454720612493344e+06 -1.198789750504090916e+05 -1.711869779990914103e+05 -2.576441361306709005e+05 3.012654318496740889e+05 4.594504898718278855e+05 2.439111138325765729e+07 -3.554196830329144723e+04 3.391147426611527056e+07 2.293659330763995240e+05 2.634705629402795341e+06 1.814401005259846570e+05 5.270942157405025791e+05 5.614033056318616727e+05 -1.614928222798065981e+05
5.661150441571662202e+06 -2.100161193758047651e+06 2.977639121512708953e+05 4.101547291381365503e+05 -9.209064422261525760e+04 1.588020558251709153e+05 1.509373735138291959e+05 -1.370041008312394843e+05 -1.208856350654875423e+05 -1.985096434436765732e+06 -4.157390909433018416e+06 2.293659330763995240e+05 9.712118251695018262e+06 2.295172138855841011e+06 -1.128963003138277447e+06 -2.598638334029891994e+05 6.473995634852520197e+03 -4.333086929205812630e+05
-1.532711051627168898e+06 1.075602704171971651e+06 1.481090701417957433e+06 3.553031060987131787e+05 -4.596769893479991588e+05 -2.677825519988310989e+05 2.038521139216622978e+05 5.882692929107414966e+04 -1.366630646717693307e+05 -2.611342706278749276e+06 -9.046954854174850043e+05 2.634705629402795341e+06 2.295172138855841011e+06 6.879198278693396598e+06 7.641565822372134426e+04 7.262919788997272262e+05 4.838229788327480492e+04 -2.864413601229280466e+05
6.351997153261362109e+05 -1.304800488581849728e+06 4.285471032322834362e+05 -2.842102458440925693e+05 -3.238266641756459139e+05 9.136210528190909827e+04 -1.575025497712072683e+04 -3.440590976671676617e+04 -1.652173288728087573e+04 -6.672543247523950413e+06 -3.076205219068115111e+06 1.814401005259846570e+05 -1.128963003138277447e+06 7.641565822372134426e+04 3.121758861460804939e+06 1.223761173481829319e+05 2.221361942930938385e+05 3.142532289828154608e+05
-1.010702585880875587e+06 1.412474543345435988e+06 5.051763834496638738e+05 2.695488438132336596e+05 -1.325954031007874291e+05 -2.253451679936907021e+05 9.423119295163619972e+04 1.929957968155824346e+05 2.148214479606705208e+04 2.399063137064539827e+06 2.403497940153748728e+06 5.270942157405025791e+05 -2.598638334029891994e+05 7.262919788997272262e+05 1.223761173481829319e+05 1.113682553668592125e+06 2.245624835622347309e+05 -1.009978672028301080e+05
-4.179489514015560853e+05 4.288712371855682577e+05 2.600059045341352976e+04 -1.621250777495613193e+03 -5.295429036642672145e+04 3.055841250719190430e+04 -1.052006502253017607e+04 1.159786196099812369e+05 7.908671634473328595e+04 2.740715973922835663e+06 3.452221845392007963e+05 5.614033056318616727e+05 6.473995634852520197e+03 4.838229788327480492e+04 2.221361942930938385e+05 2.245624835622347309e+05 6.601912471947949380e+05 7.651296043362394266e+04
-4.276343448691329104e+05 -4.953805529619000154e+05 -1.698936742344123486e+05 2.006116643904579396e+05 -2.551771291142031623e+04 4.771541440350702760e+04 1.519144747491568160e+04 2.664049764135035002e+04 5.372720884854500764e+04 -2.385334153296747245e+06 -4.880967711034165695e+05 -1.614928222798065981e+05 -4.333086929205812630e+05 -2.864413601229280466e+05 3.142532289828154608e+05 -1.009978672028301080e+05 7.651296043362394266e+04 6.144746343477031915e+05
