# lambda=0.8052998165004962
7.577451502200447023e+07 3.065555694257483352e+06 3.451969424280014937e+05 3.740049834251788561e+05 -8.797909160945423355e+04 9.610457285317368223e+04 -1.972537429272492591e+04 -1.317375033193498093e+05 -1.497942212282107503e+05 -5.403396178419915028e+06 -6.011213902038109489e+06 -1.102332196636017761e+05 -2.326807869825594593e+06 -7.857087659951929236e+05 2.148001698086476536e+05 -6.750215364455593517e+05 -4.859541149777528481e+05 -3.189073589709373191e+05
3.065555694257483352e+06 1.697911467112640664e+07 1.133355304497754667e+06 3.426692864368759911e+05 2.275851092973523191e+04 4.362592230422738066e+04 -1.674811428419111326e+04 -9.621349298757502402e+04 -3.767146076418679877e+04 -6.757963266111036064e+05 2.231494215611734428e+06 5.573069119734896813e+05 -1.330639697096831864e+06 -4.585939716139481752e+05 2.484878151274569391e+05 -2.740212559781048913e+05 1.643227036374085292e+05 1.522466787972868478e+05
3.451969424280014937e+05 1.133355304497754667e+06 5.858967789970514365e+06 2.532421576985640568e+05 1.207876068729241233e+05 1.753398128729266318e+04 -2.735588856160562864e+04 -4.173400610814771790e+04 -2.393753917371882380e+03 -1.749961618465984240e+06 1.243595471952126827e+06 1.049171402335202089e+06 -4.482213162268057349e+05 -3.367785388469128520e+05 -1.728893839559027983e+05 -1.228177373531454505e+05 1.364095319905071619e+03 3.191028748207890385e+04
3.740049834251788561e+05 3.426692864368759911e+05 2.532421576985640568e+05 1.802175815277012996e+06 1.760887637464778963e+05 -1.863890818825614815e+03 -2.442051829479491062e+03 -1.528396754739464632e+04 6.148930506033886559e+03 -1.303178429595728870e+06 4.210408118572180974e+05 1.410217133248098544e+05 -2.393731199389821631e+04 1.464691036228822777e+05 1.701508771777526636e+04 -4.078051118955769925e+04 -4.818140765445268335e+04 -1.248918569736059726e+04
-8.797909160945423355e+04 2.275851092973523191e+04 1.207876068729241233e+05 1.760887637464778963e+05 1.590200501663273433e+06 -3.451819989475729381e+04 -9.967163939960653806e+03 7.733203966525364194e+03 -1.399826021199727802e+04 -9.234225617220666027e+04 5.581599203656736063e+05 -1.688921097134884039e+05 -1.641416604061877297e+05 3.495650920065552928e+05 8.546445033569603402e+04 -1.447181352884114131e+04 -3.758082414687505661e+04 -3.278821873096493800e+04
9.610457285317368223e+04 4.362592230422738066e+04 1.753398128729266318e+04 -1.863890818825614815e+03 -3.451819989475729381e+04 4.580503227198171080e+05 2.378722734234017116e+04 1.919058047828405324e+04 3.468327773587182037e+03 3.519591023057062412e+05 -2.972428355035561253e+05 -4.571013061838621798e+04 6.022881475174657680e+04 -4.270615698462610453e+04 1.494259032779606605e+04 -1.622537545960219722e+04 -7.888686003323122350e+03 -3.696970206494236481e+04
-1.972537429272492591e+04 -1.674811428419111326e+04 -2.735588856160562864e+04 -2.442051829479491062e+03 -9.967163939960653806e+03 2.378722734234017116e+04 1.337282025807473110e+05 1.385511983618629347e+04 6.341304568534039390e+03 -4.534264890058393939e+04 -6.037536791221374733e+04 -2.046245369154800937e+04 7.022993013359754514e+03 2.003868046487854735e+04 1.832598337230535617e+04 9.874676863967033569e+03 2.424780242751159676e+04 -7.348383045148516430e+03
-1.317375033193498093e+05 -9.621349298757502402e+04 -4.173400610814771790e+04 -1.528396754739464632e+04 7.733203966525364194e+03 1.919058047828405324e+04 1.385511983618629347e+04 1.652622814110527979e+05 1.590139834665542730e+04 -2.473497788303211564e+05 2.452324004242036244e+04 5.383674245569945197e+04 8.569058365668848273e+04 7.768924164158803251e+03 2.470418228183850078e+04 1.906897699356586600e+04 1.935515596972994535e+04 -7.518611146558136170e+03
-1.497942212282107503e+05 -3.767146076418679877e+04 -2.393753917371882380e+03 6.148930506033886559e+03 -1.399826021199727802e+04 3.468327773587182037e+03 6.341304568534039390e+03 1.590139834665542730e+04 1.095934090257458884e+05 -2.940610786416126648e+05 1.287685670523553999e+05 1.078322427290649648e+05 4.704074312324982748e+04 -2.828148588986149844e+04 1.995367000188644306e+04 1.487025487757100927e+04 9.755890737756453746e+03 2.133546403587096574e+04
-5.403396178419915028e+06 -6.757963266111036064e+05 -1.749961618465984240e+06 -1.303178429595728870e+06 -9.234225617220666027e+04 3.519591023057062412e+05 -4.534264890058393939e+04 -2.473497788303211564e+05 -2.940610786416126648e+05 2.310638205053715408e+08 3.226465310873391107e+06 -5.794814993199650198e+06 2.387530987626744263e+03 1.136313100844852859e+06 7.444373147769366624e+05 -4.843074643106576405e+05 8.747760978221446567e+04 3.032714314414460678e+05
-6.011213902038109489e+06 2.231494215611734428e+06 1.243595471952126827e+06 4.210408118572180974e+05 5.581599203656736063e+05 -2.972428355035561253e+05 -6.037536791221374733e+04 2.452324004242036244e+04 1.287685670523553999e+05 3.226465310873391107e+06 7.655764049326550961e+07 3.264157734835659619e+06 -5.260989986267184140e+05 6.537451484443650115e+05 1.597942963554694325e+04 6.242703581724808464e+04 9.029286402059382526e+05 7.760307125593916280e+05
-1.102332196636017761e+05 5.573069119734896813e+05 1.049171402335202089e+06 1.410217133248098544e+05 -1.688921097134884039e+05 -4.571013061838621798e+04 -2.046245369154800937e+04 5.383674245569945197e+04 1.078322427290649648e+05 -5.794814993199650198e+06 3.264157734835659619e+06 3.007742442696776241e+07 1.212632361288373824e+06 -6.964710797841084423e+05 -6.389054300661187153e+05 2.660952299583154308e+04 4.660552712418802548e+04 -1.448978005928629318e+04
-2.326807869825594593e+06 -1.330639697096831864e+06 -4.482213162268057349e+05 -2.393731199389821631e+04 -1.641416604061877297e+05 6.022881475174657680e+04 7.022993013359754514e+03 8.569058365668848273e+04 4.704074312324982748e+04 2.387530987626744263e+03 -5.260989986267184140e+05 1.212632361288373824e+06 1.274900245947915129e+07 1.094359037772236043e+05 -2.501744880568342051e+05 1.637339238745478215e+05 -4.962782216584630805e+04 -1.646660987432029506e+05
-7.857087659951929236e+05 -4.585939716139481752e+05 -3.367785388469128520e+05 1.464691036228822777e+05 3.495650920065552928e+05 -4.270615698462610453e+04 2.003868046487854735e+04 7.768924164158803251e+03 -2.828148588986149844e+04 1.136313100844852859e+06 6.537451484443650115e+05 -6.964710797841084423e+05 1.094359037772236043e+05 7.225511415612151846e+06 5.834264743246240541e+05 4.192987862866339856e+04 -6.767360773036196770e+04 -1.433604839697340140e+04
2.148001698086476536e+05 2.484878151274569391e+05 -1.728893839559027983e+05 1.701508771777526636e+04 8.546445033569603402e+04 1.494259032779606605e+04 1.832598337230535617e+04 2.470418228183850078e+04 1.995367000188644306e+04 7.444373147769366624e+05 1.597942963554694325e+04 -6.389054300661187153e+05 -2.501744880568342051e+05 5.834264743246240541e+05 3.411429108697200194e+06 3.659886297720474977e+04 -3.253001468746655883e+04 4.724389986400213820e+04
-6.750215364455593517e+05 -2.740212559781048913e+05 -1.228177373531454505e+05 -4.078051118955769925e+04 -1.447181352884114131e+04 -1.622537545960219722e+04 9.874676863967033569e+03 1.906897699356586600e+04 1.487025487757100927e+04 -4.843074643106576405e+05 6.242703581724808464e+04 2.660952299583154308e+04 1.637339238745478215e+05 4.192987862866339856e+04 3.659886297720474977e+04 8.697229380586111220e+05 8.740201157377244090e+04 1.100295702601995981e+04
-4.859541149777528481e+05 1.643227036374085292e+05 1.364095319905071619e+03 -4.818140765445268335e+04 -3.758082414687505661e+04 -7.888686003323122350e+03 2.424780242751159676e+04 1.935515596972994535e+04 9.755890737756453746e+03 8.747760978221446567e+04 9.029286402059382526e+05 4.660552712418802548e+04 -4.962782216584630805e+04 -6.767360773036196770e+04 -3.253001468746655883e+04 8.740201157377244090e+04 1.320482037889834028e+06 8.549929849750123685e+04
-3.189073589709373191e+05 1.522466787972868478e+05 3.191028748207890385e+04 -1.248918569736059726e+04 -3.278821873096493800e+04 -3.696970206494236481e+04 -7.348383045148516430e+03 -7.518611146558136170e+03 2.133546403587096574e+04 3.032714314414460678e+05 7.760307125593916280e+05 -1.448978005928629318e+04 -1.646660987432029506e+05 -1.433604839697340140e+04 4.724389986400213820e+04 1.100295702601995981e+04 8.549929849750123685e+04 6.956728080370291136e+05
