# lambda=0.5771182432191211
4.163388938425575197e+07 -9.347310698797834339e+05 -5.464277613734459737e+05 1.244808895514639327e+06 -1.566043799402156845e+06 -2.057063978094324702e+05 -3.857150321804858977e+05 4.155586789932143438e+04 -1.603954025488683837e+05 1.408680557284970209e+07 2.890015302024174482e+06 -1.973672275329141645e+06 -4.186912410251508001e+06 -2.582564446540841833e+06 -1.736858576997735538e+06 4.135604599401971063e+04 2.842306438701805891e+05 -9.376384394369083748e+04
-9.347310698797834339e+05 1.481645730402804539e+07 2.123201391706909053e+05 2.410856190827645769e+05 -1.958817456692903361e+05 -4.546551359771308489e+04 -1.327876593961928156e+05 3.794993827853530529e+05 -4.805193605120834400e+04 -5.033129916191789322e+06 2.916854105584178586e+06 2.365963320373354480e+06 3.295731281238653464e+05 1.205286365956295776e+05 -5.353461808471375844e+05 -2.426908314683338685e+05 -1.764088062008229463e+04 -1.153403494264833280e+05
-5.464277613734459737e+05 2.123201391706909053e+05 3.880678554735915735e+06 2.212863942955570237e+05 1.774194629247688281e+05 -1.069155490406939207e+05 1.086970678118752548e+05 2.331720066991373824e+04 9.169377396643839893e+04 1.228448531001547817e+06 1.026585490514259072e+04 3.532403073643222917e+06 3.936452288182443590e+05 3.759559780986575061e+04 -2.572870188964596891e+05 -1.023257674501401198e+05 -1.031295288565763940e+03 3.098670331380126299e+05
1.244808895514639327e+06 2.410856190827645769e+05 2.212863942955570237e+05 1.831931471224328037e+06 -3.059527185109373750e+04 -6.755641708473936887e+04 2.225215260017015225e+03 6.917469302619383961e+04 2.025944320136999158e+04 1.223761531030634884e+06 1.402383398331797449e+06 2.801328833147190162e+05 -3.043747257297564065e+05 -7.606039837627789530e+04 -2.023516400913938705e+05 8.494538507164290058e+04 2.221958802258837095e+05 -5.189644562688817678e+04
-1.566043799402156845e+06 -1.958817456692903361e+05 1.774194629247688281e+05 -3.059527185109373750e+04 1.516008156353535596e+06 4.552065270600536314e+04 1.323229767966282816e+04 -6.885304356390113298e+02 -2.248836656051532191e+04 -4.046458374621394323e+05 -4.661008235223772353e+05 5.652542519188886508e+05 4.677368481221777038e+05 3.604563867659813841e+05 4.347619537759243394e+05 -1.438202202923965524e+05 -2.935734771677834215e+04 -2.040675732974568018e+04
-2.057063978094324702e+05 -4.546551359771308489e+04 -1.069155490406939207e+05 -6.755641708473936887e+04 4.552065270600536314e+04 3.336493580529325409e+05 4.424508680278812972e+04 1.127765331504025562e+04 -2.399445613049481381e+03 -1.084859461521647638e+06 -3.667806898478128714e+05 8.152385299704576028e+04 -3.842339393582679913e+05 3.562430120164848631e+04 2.173172244724482880e+05 -8.426411516748279610e+03 2.358268627470718275e+04 -3.379881694945006893e+04
-3.857150321804858977e+05 -1.327876593961928156e+05 1.086970678118752548e+05 2.225215260017015225e+03 1.323229767966282816e+04 4.424508680278812972e+04 3.213838267389676184e+05 1.735913358138227341e+04 2.192378695183771197e+04 -7.621922261113348650e+05 -1.489448707620228233e+05 1.437738900677997735e+05 1.102254611028392719e+04 -1.901820182381455961e+05 1.498703127898335515e+05 1.600088497076342755e+05 1.117443040414554416e+05 -2.988536436020864494e+04
4.155586789932143438e+04 3.794993827853530529e+05 2.331720066991373824e+04 6.917469302619383961e+04 -6.885304356390113298e+02 1.127765331504025562e+04 1.735913358138227341e+04 2.095504075399363064e+05 1.963491061043819354e+04 -6.490998996839366155e+05 8.948608534947008593e+05 1.358710723044315528e+05 -1.324539936058317253e+05 -4.412160124251256639e+04 1.061375184695499775e+05 4.851749918621663528e+04 4.917486541907764331e+04 -1.292422732942937910e+04
-1.603954025488683837e+05 -4.805193605120834400e+04 9.169377396643839893e+04 2.025944320136999158e+04 -2.248836656051532191e+04 -2.399445613049481381e+03 2.192378695183771197e+04 1.963491061043819354e+04 1.359333220893026155e+05 2.190554137147502333e+05 3.381883057154467097e+05 3.221186285943810435e+04 -3.017978368241837597e+04 -5.523752666451923869e+04 -2.435019898108969937e+04 6.430067603583043092e+04 -1.155436859429276410e+04 7.143479719209468385e+03
1.408680557284970209e+07 -5.033129916191789322e+06 1.228448531001547817e+06 1.223761531030634884e+06 -4.046458374621394323e+05 -1.084859461521647638e+06 -7.621922261113348650e+05 -6.490998996839366155e+05 2.190554137147502333e+05 2.109888501255705357e+08 2.232074973836770654e+07 -1.540950825848502340e+06 4.831505073464506306e+06 1.976372551475669257e+06 -3.322693386674714275e+06 -3.131872966797183035e+05 -1.296899845152768306e+06 6.717179387117755832e+05
2.890015302024174482e+06 2.916854105584178586e+06 1.026585490514259072e+04 1.402383398331797449e+06 -4.661008235223772353e+05 -3.667806898478128714e+05 -1.489448707620228233e+05 8.948608534947008593e+05 3.381883057154467097e+05 2.232074973836770654e+07 6.924117005287589133e+07 -2.683961201554142870e+06 5.718356705929994350e+05 3.483426051067929948e+05 2.792060054077192908e+05 1.081593863084763754e+06 3.612115062280271668e+05 7.345873606039916631e+05
-1.973672275329141645e+06 2.365963320373354480e+06 3.532403073643222917e+06 2.801328833147190162e+05 5.652542519188886508e+05 8.152385299704576028e+04 1.437738900677997735e+05 1.358710723044315528e+05 3.221186285943810435e+04 -1.540950825848502340e+06 -2.683961201554142870e+06 3.606529098355092108e+07 9.840043967114783591e+05 6.426879838069027755e+05 -4.013760868997967918e+05 -5.001740794864953496e+05 -3.633832507427858654e+05 3.595930174848732422e+05
-4.186912410251508001e+06 3.295731281238653464e+05 3.936452288182443590e+05 -3.043747257297564065e+05 4.677368481221777038e+05 -3.842339393582679913e+05 1.102254611028392719e+04 -1.324539936058317253e+05 -3.017978368241837597e+04 4.831505073464506306e+06 5.718356705929994350e+05 9.840043967114783591e+05 1.531417816264835000e+07 1.127319800716622500e+06 -1.677214466919199622e+05 -3.615356517198034562e+05 -2.655324866015666048e+05 4.426578608333178563e+05
-2.582564446540841833e+06 1.205286365956295776e+05 3.759559780986575061e+04 -7.606039837627789530e+04 3.604563867659813841e+05 3.562430120164848631e+04 -1.901820182381455961e+05 -4.412160124251256639e+04 -5.523752666451923869e+04 1.976372551475669257e+06 3.483426051067929948e+05 6.426879838069027755e+05 1.127319800716622500e+06 6.062263091709238477e+06 2.832952246939894976e+05 -4.023995747000351548e+05 -3.122655728899650858e+05 4.890893518320087460e+05
-1.736858576997735538e+06 -5.353461808471375844e+05 -2.572870188964596891e+05 -2.023516400913938705e+05 4.347619537759243394e+05 2.173172244724482880e+05 1.498703127898335515e+05 1.061375184695499775e+05 -2.435019898108969937e+04 -3.322693386674714275e+06 2.792060054077192908e+05 -4.013760868997967918e+05 -1.677214466919199622e+05 2.832952246939894976e+05 3.650825690662742592e+06 1.446302656977563456e+05 2.600976998978949559e+05 -4.310641113580288948e+04
4.135604599401971063e+04 -2.426908314683338685e+05 -1.023257674501401198e+05 8.494538507164290058e+04 -1.438202202923965524e+05 -8.426411516748279610e+03 1.600088497076342755e+05 4.851749918621663528e+04 6.430067603583043092e+04 -3.131872966797183035e+05 1.081593863084763754e+06 -5.001740794864953496e+05 -3.615356517198034562e+05 -4.023995747000351548e+05 1.446302656977563456e+05 1.416086994333353126e+06 1.743364655528868316e+05 -1.559760709670527431e+05
2.842306438701805891e+05 -1.764088062008229463e+04 -1.031295288565763940e+03 2.221958802258837095e+05 -2.935734771677834215e+04 2.358268627470718275e+04 1.117443040414554416e+05 4.917486541907764331e+04 -1.155436859429276410e+04 -1.296899845152768306e+06 3.612115062280271668e+05 -3.633832507427858654e+05 -2.655324866015666048e+05 -3.122655728899650858e+05 2.600976998978949559e+05 1.743364655528868316e+05 1.342398750819861656e+06 8.553422728921349335e+04
-9.376384394369083748e+04 -1.153403494264833280e+05 3.098670331380126299e+05 -5.189644562688817678e+04 -2.040675732974568018e+04 -3.379881694945006893e+04 -2.988536436020864494e+04 -1.292422732942937910e+04 7.143479719209468385e+03 6.717179387117755832e+05 7.345873606039916631e+05 3.595930174848732422e+05 4.426578608333178563e+05 4.890893518320087460e+05 -4.310641113580288948e+04 -1.559760709670527431e+05 8.553422728921349335e+04 1.216408241495992290e+06
