# lambda=0.980515839915118
6.676270056061222404e+07 1.166645758263041644e+05 7.392236402154820098e+04 2.486152342128616874e+04 -1.254035516825762670e+03 2.755403688049450284e+04 3.155935034345918029e+04 1.245389814007692257e+04 5.423486519656579731e+03 1.792775523042168061e+05 1.888566689635060029e+05 1.268122901698027708e+05 2.152766959678556887e+05 8.885850174853020872e+04 2.728442567780845638e+04 6.550741988381257397e+04 7.263224807209514256e+04 -1.629737437780887376e+03
1.166645758263041644e+05 1.900196237850965559e+07 1.455992407171210507e+05 1.798267047924814324e+04 3.314567402763332666e+03 -8.161814596523551018e+02 8.085828356040972722e+03 1.149835053083835555e+04 -2.364672517303570658e+03 5.094298805060480954e+05 3.285541465986983385e+05 2.473969079051610606e+05 1.735674683699959132e+05 -3.668121200755419704e+04 1.121048183703278846e+04 5.954867838163606939e+04 4.402356254793163680e+04 3.020526108385691623e+04
7.392236402154820098e+04 1.455992407171210507e+05 1.224410927075576596e+07 3.717632883933845005e+04 1.458757245323765710e+04 -7.780029205444509898e+03 2.346162913269190540e+03 3.697446236934984881e+03 2.347058746008919570e+03 3.589132424387309584e+05 -1.249527196003520112e+04 2.702589089187110658e+05 7.989931112923778710e+04 -3.804268954360412317e+04 -2.690566603173833209e+04 7.399588533312220534e+03 5.396800341263409791e+03 1.581099493455397715e+04
2.486152342128616874e+04 1.798267047924814324e+04 3.717632883933845005e+04 1.824097213912917767e+06 2.889035924171259467e+03 -4.033935181177656887e+03 -3.091524878636372705e+03 4.118297131264305335e+02 -1.868278892596639253e+03 6.694488807704643114e+04 4.327319865380351985e+04 3.028074572275152241e+04 2.019145842200605694e+04 1.533174573242621591e+04 1.150966911001228800e+04 -2.292263079391967494e+03 -2.237405987973305855e+03 1.315846863446500038e+03
-1.254035516825762670e+03 3.314567402763332666e+03 1.458757245323765710e+04 2.889035924171259467e+03 1.003089788498552516e+06 -7.137935503583508989e+02 1.191683979084467637e+03 9.052894110279152073e+02 9.842378983859780419e+02 -3.921204928123252466e+04 4.272858579611872847e+04 1.282400671430822968e+03 9.490038183238464626e+03 2.317849577558910823e+03 -9.558606605711315751e+02 -7.404935550253868314e+03 -3.748216774496474955e+03 3.347108258058410229e+03
2.755403688049450284e+04 -8.161814596523551018e+02 -7.780029205444509898e+03 -4.033935181177656887e+03 -7.137935503583508989e+02 5.095383083232270437e+05 2.442751516372612969e+03 -9.690030410985493745e+02 1.168891660080760403e+03 3.940885815136578913e+03 -1.683471371041685416e+04 6.200796513661755853e+03 1.737588403275023666e+04 -2.524204493654250200e+03 7.729888361636830268e+03 4.014095473305599171e+03 -1.565241975986640000e+03 -4.396528431607519451e+03
3.155935034345918029e+04 8.085828356040972722e+03 2.346162913269190540e+03 -3.091524878636372705e+03 1.191683979084467637e+03 2.442751516372612969e+03 3.205741128149103024e+05 5.865175315289005766e+02 1.078015677376076383e+03 9.535632356166828686e+03 -2.319269093191174761e+04 4.529667062374401212e+03 7.513802618950406213e+03 4.745668620142771942e+03 -3.358070478299494425e+03 -3.192637990937163522e+03 -2.334332095141382069e+03 -2.535603300239568398e+03
1.245389814007692257e+04 1.149835053083835555e+04 3.697446236934984881e+03 4.118297131264305335e+02 9.052894110279152073e+02 -9.690030410985493745e+02 5.865175315289005766e+02 1.650627244175862870e+05 3.367199454269654098e+02 1.840363802065593700e+04 1.071362908135480575e+04 -2.610210170897126318e+03 3.403179197818564717e+03 -3.038438826566382886e+03 -1.640610876339983179e+03 4.532142299846723290e+02 2.266576931513335694e+03 1.409887463744452361e+03
5.423486519656579731e+03 -2.364672517303570658e+03 2.347058746008919570e+03 -1.868278892596639253e+03 9.842378983859780419e+02 1.168891660080760403e+03 1.078015677376076383e+03 3.367199454269654098e+02 9.510781149532072595e+04 -6.456417162850955719e+03 -1.071999083475506995e+04 -4.817251377778735332e+03 -1.692522838142738465e+03 -2.499348001816039869e+03 -2.380234874919579852e+03 -4.812626644826419238e+02 -5.105759153930610239e+01 -7.646290368404354467e+02
1.792775523042168061e+05 5.094298805060480954e+05 3.589132424387309584e+05 6.694488807704643114e+04 -3.921204928123252466e+04 3.940885815136578913e+03 9.535632356166828686e+03 1.840363802065593700e+04 -6.456417162850955719e+03 2.360881684532535970e+08 1.135286923236904840e+05 4.702172123555890867e+05 4.738907983935994707e+04 -1.615741334591077757e+05 -3.160507270527945002e+04 8.021449188161628263e+04 5.015792604615219170e+04 4.571648423492846632e+04
1.888566689635060029e+05 3.285541465986983385e+05 -1.249527196003520112e+04 4.327319865380351985e+04 4.272858579611872847e+04 -1.683471371041685416e+04 -2.319269093191174761e+04 1.071362908135480575e+04 -1.071999083475506995e+04 1.135286923236904840e+05 1.193699898961598873e+08 1.764414911199846247e+05 2.090921513726614940e+05 2.231960755095911372e+04 4.615899978424488654e+04 2.396996335945179453e+04 9.972048556531604845e+04 3.188323243451724920e+04
1.268122901698027708e+05 2.473969079051610606e+05 2.702589089187110658e+05 3.028074572275152241e+04 1.282400671430822968e+03 6.200796513661755853e+03 4.529667062374401212e+03 -2.610210170897126318e+03 -4.817251377778735332e+03 4.702172123555890867e+05 1.764414911199846247e+05 2.862836265837110579e+07 1.696200318479047273e+05 -7.377433088504789339e+04 -5.131954235377629630e+03 2.946959834598215093e+04 2.027619714572208250e+04 8.924182778469890764e+03
2.152766959678556887e+05 1.735674683699959132e+05 7.989931112923778710e+04 2.019145842200605694e+04 9.490038183238464626e+03 1.737588403275023666e+04 7.513802618950406213e+03 3.403179197818564717e+03 -1.692522838142738465e+03 4.738907983935994707e+04 2.090921513726614940e+05 1.696200318479047273e+05 1.250445139650704153e+07 3.109860356585258342e+04 3.202263863692932500e+04 3.414586662026648264e+04 1.385641877193922483e+04 -4.550119228255460257e+03
8.885850174853020872e+04 -3.668121200755419704e+04 -3.804268954360412317e+04 1.533174573242621591e+04 2.317849577558910823e+03 -2.524204493654250200e+03 4.745668620142771942e+03 -3.038438826566382886e+03 -2.499348001816039869e+03 -1.615741334591077757e+05 2.231960755095911372e+04 -7.377433088504789339e+04 3.109860356585258342e+04 6.748171512119009160e+06 2.046538233302018853e+04 3.519438834781989499e+03 -2.908985818601094252e+03 7.121925528238064544e+03
2.728442567780845638e+04 1.121048183703278846e+04 -2.690566603173833209e+04 1.150966911001228800e+04 -9.558606605711315751e+02 7.729888361636830268e+03 -3.358070478299494425e+03 -1.640610876339983179e+03 -2.380234874919579852e+03 -3.160507270527945002e+04 4.615899978424488654e+04 -5.131954235377629630e+03 3.202263863692932500e+04 2.046538233302018853e+04 2.801441134897428099e+06 2.303284698774676872e+04 6.643251741837046893e+02 9.469742959322878960e+03
6.550741988381257397e+04 5.954867838163606939e+04 7.399588533312220534e+03 -2.292263079391967494e+03 -7.404935550253868314e+03 4.014095473305599171e+03 -3.192637990937163522e+03 4.532142299846723290e+02 -4.812626644826419238e+02 8.021449188161628263e+04 2.396996335945179453e+04 2.946959834598215093e+04 3.414586662026648264e+04 3.519438834781989499e+03 2.303284698774676872e+04 2.028069419923624722e+06 1.521526210637935401e+04 1.070163057377004770e+04
7.263224807209514256e+04 4.402356254793163680e+04 5.396800341263409791e+03 -2.237405987973305855e+03 -3.748216774496474955e+03 -1.565241975986640000e+03 -2.334332095141382069e+03 2.266576931513335694e+03 -5.105759153930610239e+01 5.015792604615219170e+04 9.972048556531604845e+04 2.027619714572208250e+04 1.385641877193922483e+04 -2.908985818601094252e+03 6.643251741837046893e+02 1.521526210637935401e+04 1.026708515698827803e+06 1.004683320115874812e+04
-1.629737437780887376e+03 3.020526108385691623e+04 1.581099493455397715e+04 1.315846863446500038e+03 3.347108258058410229e+03 -4.396528431607519451e+03 -2.535603300239568398e+03 1.409887463744452361e+03 -7.646290368404354467e+02 4.571648423492846632e+04 3.188323243451724920e+04 8.924182778469890764e+03 -4.550119228255460257e+03 7.121925528238064544e+03 9.469742959322878960e+03 1.070163057377004770e+04 1.004683320115874812e+04 1.190412762259164825e+06
