# lambda=0.515737413155063
4.521621893789555132e+07 -2.022494261854010634e+06 1.556303307902227971e+04 2.294221612326171016e+05 2.510286488069296756e+05 -4.554045693402279285e+05 3.071594157221162459e+05 -1.089780854311772564e+05 7.988311672691796957e+03 6.665788855508996174e+06 2.590820279751429334e+06 1.862808635668519419e+06 4.032875900163681712e+06 1.278937391608488047e+06 -1.243608780484016985e+06 1.083451874700788874e+06 9.834759048244007863e+05 4.090707287586071761e+05
-2.022494261854010634e+06 2.293090400815489516e+07 -2.161967917876373394e+05 -6.260625179014053429e+05 -2.381691558978501998e+05 1.844209382975526387e+05 3.825520602236317354e+05 2.539669900058236453e+04 -3.296332641108944081e+05 1.025182927080335654e+07 1.427864104049819522e+06 5.322991280691549182e+06 -3.335229609161293134e+06 -5.459195759346405976e+05 8.741297735751260770e+05 -1.178409384631253779e+06 -3.620011585533896578e+05 2.754518340774935205e+05
1.556303307902227971e+04 -2.161967917876373394e+05 6.758926864841557108e+06 8.207680909214440035e+05 -1.266557646704894578e+05 -5.119786809727519721e+04 3.509143441172321764e+04 5.175147969216714409e+04 1.698340550881210584e+04 1.226151972217421746e+06 2.191272244543236215e+06 -1.539292424466777011e+05 7.110878857445922913e+05 -1.745376553159464966e+05 -8.176705716942317667e+04 4.220006916381189949e+05 1.197633874107555894e+05 1.339152666696736123e+05
2.294221612326171016e+05 -6.260625179014053429e+05 8.207680909214440035e+05 2.445459867517110426e+06 1.193130023314006758e+04 9.207756275471726258e+04 5.593800014762124192e+04 5.509428853106733732e+04 8.122383152107894421e+04 1.779719081844188622e+05 1.496743285828221124e+06 5.137828104118780466e+05 6.402085276788144838e+05 -5.872101706061218865e+05 -1.950673049397967407e+05 1.519024041564979416e+05 1.953335295774772530e+05 9.594465250925200962e+03
2.510286488069296756e+05 -2.381691558978501998e+05 -1.266557646704894578e+05 1.193130023314006758e+04 9.677704620072495891e+05 1.973979907421494136e+05 8.665357331967545906e+04 5.129688823325924750e+04 7.232578625565173752e+03 -1.204165921180751408e+06 2.765604302052370622e+05 7.071607122162397718e+05 2.477846444181973930e+05 3.931367202244920190e+05 3.531845596377194743e+05 7.021215087416364440e+03 9.807632611049972184e+04 6.851625478986979579e+04
-4.554045693402279285e+05 1.844209382975526387e+05 -5.119786809727519721e+04 9.207756275471726258e+04 1.973979907421494136e+05 7.246919653102761367e+05 6.090661395050999272e+04 5.158567070017012884e+04 -1.474067488745181799e+04 8.800693922419809969e+05 8.350917379964536522e+05 5.058784926851438358e+05 -2.077553333969523082e+05 -1.599256645332380722e+05 1.278519777920171327e+05 4.373877535784446081e+04 1.242699070246504270e+05 1.478233562250536306e+04
3.071594157221162459e+05 3.825520602236317354e+05 3.509143441172321764e+04 5.593800014762124192e+04 8.665357331967545906e+04 6.090661395050999272e+04 4.590683395298616961e+05 3.936222878023063822e+04 1.301374975104384066e+04 -3.557709981210237602e+05 6.382909235678999539e+04 6.644430938078268664e+05 3.559166617536685080e+05 2.405776582442407380e+05 1.523956891884164070e+05 1.573159818170750223e+05 1.913086483433791436e+05 9.205720288079784950e+04
-1.089780854311772564e+05 2.539669900058236453e+04 5.175147969216714409e+04 5.509428853106733732e+04 5.129688823325924750e+04 5.158567070017012884e+04 3.936222878023063822e+04 2.217765783237208670e+05 2.797423092655055007e+04 3.330073962723289151e+05 7.568656475893975003e+05 4.294454526198513340e+05 -1.411622965441447741e+05 -2.859623159001874592e+04 2.371988558080203657e+05 1.277816487758392759e+05 4.888552847764472244e+04 3.950376719100247283e+04
7.988311672691796957e+03 -3.296332641108944081e+05 1.698340550881210584e+04 8.122383152107894421e+04 7.232578625565173752e+03 -1.474067488745181799e+04 1.301374975104384066e+04 2.797423092655055007e+04 1.260067463598574686e+05 -4.348438658230609726e+05 -2.051720685297220771e+05 -2.432041859805494314e+05 -3.742767505939451803e+04 2.612035104338180827e+04 5.857005202177688625e+04 8.611226339119693148e+04 5.768345902251273219e+04 5.346524180025968235e+04
6.665788855508996174e+06 1.025182927080335654e+07 1.226151972217421746e+06 1.779719081844188622e+05 -1.204165921180751408e+06 8.800693922419809969e+05 -3.557709981210237602e+05 3.330073962723289151e+05 -4.348438658230609726e+05 1.791781585506620705e+08 1.675532956146913208e+07 1.842344164166485891e+07 -2.086573424655569019e+06 -6.140432129395895638e+06 -1.366176061888463795e+06 1.198778738936606329e+06 6.839171643094951287e+05 8.412822923996901372e+05
2.590820279751429334e+06 1.427864104049819522e+06 2.191272244543236215e+06 1.496743285828221124e+06 2.765604302052370622e+05 8.350917379964536522e+05 6.382909235678999539e+04 7.568656475893975003e+05 -2.051720685297220771e+05 1.675532956146913208e+07 7.753843581878733635e+07 1.086922582585850917e+07 4.273572407697814517e+06 -2.044836118919285480e+06 -1.320898022643196164e+06 -8.049937964353227289e+05 5.496057882372762542e+05 5.136604323970405967e+05
1.862808635668519419e+06 5.322991280691549182e+06 -1.539292424466777011e+05 5.137828104118780466e+05 7.071607122162397718e+05 5.058784926851438358e+05 6.644430938078268664e+05 4.294454526198513340e+05 -2.432041859805494314e+05 1.842344164166485891e+07 1.086922582585850917e+07 3.747961276595177501e+07 1.174827136166085955e+06 -1.585313139529524604e+06 1.309385261412052438e+06 4.119648217451812234e+05 4.975698281919770525e+05 4.877353114487458370e+05
4.032875900163681712e+06 -3.335229609161293134e+06 7.110878857445922913e+05 6.402085276788144838e+05 2.477846444181973930e+05 -2.077553333969523082e+05 3.559166617536685080e+05 -1.411622965441447741e+05 -3.742767505939451803e+04 -2.086573424655569019e+06 4.273572407697814517e+06 1.174827136166085955e+06 1.416101071103360131e+07 6.881502661487230798e+05 -5.673826019281026674e+05 3.149580865686340840e+05 3.355595513370871195e+05 -2.501366791285343061e+05
1.278937391608488047e+06 -5.459195759346405976e+05 -1.745376553159464966e+05 -5.872101706061218865e+05 3.931367202244920190e+05 -1.599256645332380722e+05 2.405776582442407380e+05 -2.859623159001874592e+04 2.612035104338180827e+04 -6.140432129395895638e+06 -2.044836118919285480e+06 -1.585313139529524604e+06 6.881502661487230798e+05 4.932271399212243967e+06 3.882746351854722598e+05 -1.376149084930780809e+05 1.625770959075405553e+05 1.470134475609630754e+05
-1.243608780484016985e+06 8.741297735751260770e+05 -8.176705716942317667e+04 -1.950673049397967407e+05 3.531845596377194743e+05 1.278519777920171327e+05 1.523956891884164070e+05 2.371988558080203657e+05 5.857005202177688625e+04 -1.366176061888463795e+06 -1.320898022643196164e+06 1.309385261412052438e+06 -5.673826019281026674e+05 3.882746351854722598e+05 4.623955238910514861e+06 4.794364615826107911e+05 -1.592895711193053285e+05 1.196891438356709550e+05
1.083451874700788874e+06 -1.178409384631253779e+06 4.220006916381189949e+05 1.519024041564979416e+05 7.021215087416364440e+03 4.373877535784446081e+04 1.573159818170750223e+05 1.277816487758392759e+05 8.611226339119693148e+04 1.198778738936606329e+06 -8.049937964353227289e+05 4.119648217451812234e+05 3.149580865686340840e+05 -1.376149084930780809e+05 4.794364615826107911e+05 2.319218181662697811e+06 1.714572726109569194e+05 8.293199582409631694e+04
9.834759048244007863e+05 -3.620011585533896578e+05 1.197633874107555894e+05 1.953335295774772530e+05 9.807632611049972184e+04 1.242699070246504270e+05 1.913086483433791436e+05 4.888552847764472244e+04 5.768345902251273219e+04 6.839171643094951287e+05 5.496057882372762542e+05 4.975698281919770525e+05 3.355595513370871195e+05 1.625770959075405553e+05 -1.592895711193053285e+05 1.714572726109569194e+05 1.271924430478310678e+06 2.567190251010857755e+05
4.090707287586071761e+05 2.754518340774935205e+05 1.339152666696736123e+05 9.594465250925200962e+03 6.851625478986979579e+04 1.478233562250536306e+04 9.205720288079784950e+04 3.950376719100247283e+04 5.346524180025968235e+04 8.412822923996901372e+05 5.136604323970405967e+05 4.877353114487458370e+05 -2.501366791285343061e+05 1.470134475609630754e+05 1.196891438356709550e+05 8.293199582409631694e+04 2.567190251010857755e+05 5.904583059750462417e+05
