# lambda=0.7325726590919688
4.287867234088461846e+07 -3.245052180706499494e+05 -5.470621901908362051e+05 -7.216698578930953518e+05 1.055264443948024855e+05 3.030534056555057759e+05 8.676035316304498701e+04 -2.148151875042621396e+04 -1.686464540427082684e+05 1.072748122618507408e+07 2.581867266999134328e+06 3.122728189194192644e+06 8.056387431870182627e+04 -4.472717896804346819e+05 2.830752043971036910e+05 8.523476198374609230e+05 6.026308658004764002e+05 -6.953719775849692815e+04
-3.245052180706499494e+05 1.462219552760417387e+07 -3.122791563511774802e+04 9.558653258320051827e+04 3.036252301011238160e+04 8.878392765437366324e+04 3.375480508350160380e+04 4.524596812172758655e+04 9.332890045699645998e+04 -1.771517403935629118e+05 2.839687060535434168e+06 -1.227423889058731729e+06 2.399565712889661081e+05 -6.518274525926628849e+05 -5.205613187609551824e+05 3.687165422681402997e+05 2.950681141325952485e+05 -2.548674107282079422e+04
-5.470621901908362051e+05 -3.122791563511774802e+04 6.444012561250112951e+06 2.445537503513720876e+05 -1.700562239881524874e+05 2.592364091064135428e+05 -1.925427342407467222e+04 2.696757201382210769e+04 4.031727697361644096e+04 -4.966492327955595101e+05 -1.383356211315071443e+06 1.188085991073295474e+06 1.274749643861309160e+06 5.268752995748771355e+05 4.411829409234395716e+05 -7.903068317862797994e+04 -1.166465500113573798e+05 -8.654879858437106304e+04
-7.216698578930953518e+05 9.558653258320051827e+04 2.445537503513720876e+05 1.711712308278261917e+06 8.501637343408860033e+04 3.258399624558794312e+04 6.561289013754413463e+04 1.056516081854955883e+04 5.596876327521737949e+03 -6.846469080181651516e+05 -1.227409223263092106e+06 -4.192401008358178660e+05 2.582427731112537440e+05 2.437870395512048271e+05 3.041868729412456159e+05 8.036622964516600769e+04 -1.145034539087521844e+05 -3.990140069685700291e+04
1.055264443948024855e+05 3.036252301011238160e+04 -1.700562239881524874e+05 8.501637343408860033e+04 1.458094384739753557e+06 2.212731706477348416e+04 -3.404231090270252480e+03 4.091187680640899634e+04 -3.049103095942763048e+03 2.619172380138612061e+05 -4.797013069216819713e+05 -2.062686362695833959e+05 7.824369577505701454e+04 -1.941450195911294140e+05 -1.456644312079173687e+05 7.155142969688550511e+04 1.678263053324409993e+05 -7.074283749075420201e+04
3.030534056555057759e+05 8.878392765437366324e+04 2.592364091064135428e+05 3.258399624558794312e+04 2.212731706477348416e+04 7.927459334999851417e+05 3.980194017127184634e+04 5.491697905776546395e+04 2.526191033626600620e+04 2.904579690428596587e+04 1.317238502000368026e+05 1.723737881122793187e+05 3.081711781974145561e+05 8.128809817353311519e+04 1.125630321238654287e+05 9.946860206617698714e+04 9.609130905978950614e+04 4.315071225747330755e+04
8.676035316304498701e+04 3.375480508350160380e+04 -1.925427342407467222e+04 6.561289013754413463e+04 -3.404231090270252480e+03 3.980194017127184634e+04 4.700845846630135784e+05 2.531143406410134412e+04 1.249596341868788659e+04 2.778693962134752655e+05 -1.817076207044422044e+05 1.588071997734050274e+04 7.225730957412342832e+04 5.437204581474389124e+04 5.494252523438732896e+04 1.581888726074561418e+05 3.339075107788218884e+04 2.833008059181710996e+04
-2.148151875042621396e+04 4.524596812172758655e+04 2.696757201382210769e+04 1.056516081854955883e+04 4.091187680640899634e+04 5.491697905776546395e+04 2.531143406410134412e+04 2.272731476157926954e+05 1.407859186273748310e+04 -6.595628648633807898e+05 6.846238348359368683e+04 -5.653918917487731960e+03 3.413679617564653017e+04 -1.349858297142154152e+04 -6.438792476326784526e+04 2.327378307673879317e+04 8.912326024108284037e+04 3.370109097653344361e+04
-1.686464540427082684e+05 9.332890045699645998e+04 4.031727697361644096e+04 5.596876327521737949e+03 -3.049103095942763048e+03 2.526191033626600620e+04 1.249596341868788659e+04 1.407859186273748310e+04 9.390438340413596598e+04 -3.133704666775234509e+05 9.055229222621096415e+04 4.909929849763654602e+03 5.104117107252700225e+04 -3.040246932476982693e+04 -9.541436604954946233e+03 2.033943221778068983e+04 4.279774476120668260e+04 3.084141633562500283e+04
1.072748122618507408e+07 -1.771517403935629118e+05 -4.966492327955595101e+05 -6.846469080181651516e+05 2.619172380138612061e+05 2.904579690428596587e+04 2.778693962134752655e+05 -6.595628648633807898e+05 -3.133704666775234509e+05 2.915958244251189232e+08 -1.579571414601833560e+06 6.760285239010941237e+06 1.019749074371788884e+06 1.323350974432816962e+06 3.359627064957286930e+05 7.935088516711222474e+04 4.596861530180760310e+05 -3.297133979118571151e+05
2.581867266999134328e+06 2.839687060535434168e+06 -1.383356211315071443e+06 -1.227409223263092106e+06 -4.797013069216819713e+05 1.317238502000368026e+05 -1.817076207044422044e+05 6.846238348359368683e+04 9.055229222621096415e+04 -1.579571414601833560e+06 5.676005430438210815e+07 -9.407917322596010054e+05 -1.046286719629881321e+06 -8.301291367851351388e+05 -2.067875674861206790e+05 2.817721235637347563e+05 1.071230463469155366e+06 3.450807477707165526e+05
3.122728189194192644e+06 -1.227423889058731729e+06 1.188085991073295474e+06 -4.192401008358178660e+05 -2.062686362695833959e+05 1.723737881122793187e+05 1.588071997734050274e+04 -5.653918917487731960e+03 4.909929849763654602e+03 6.760285239010941237e+06 -9.407917322596010054e+05 1.836388050431361422e+07 9.455885768602292519e+05 4.695969412264552666e+05 5.247842981159476039e+04 -2.816737778470576741e+05 -6.975156472205370665e+04 -8.269668364102308988e+04
8.056387431870182627e+04 2.399565712889661081e+05 1.274749643861309160e+06 2.582427731112537440e+05 7.824369577505701454e+04 3.081711781974145561e+05 7.225730957412342832e+04 3.413679617564653017e+04 5.104117107252700225e+04 1.019749074371788884e+06 -1.046286719629881321e+06 9.455885768602292519e+05 9.227786068877734244e+06 5.095950993942093337e+05 6.199168031266301405e+05 2.353160389796620293e+05 6.407108325731204241e+04 -1.326403652844432800e+05
-4.472717896804346819e+05 -6.518274525926628849e+05 5.268752995748771355e+05 2.437870395512048271e+05 -1.941450195911294140e+05 8.128809817353311519e+04 5.437204581474389124e+04 -1.349858297142154152e+04 -3.040246932476982693e+04 1.323350974432816962e+06 -8.301291367851351388e+05 4.695969412264552666e+05 5.095950993942093337e+05 4.961955000040927902e+06 6.585784811666681198e+05 2.663172303127127179e+03 -3.220503799664236722e+05 1.611515184775495800e+04
2.830752043971036910e+05 -5.205613187609551824e+05 4.411829409234395716e+05 3.041868729412456159e+05 -1.456644312079173687e+05 1.125630321238654287e+05 5.494252523438732896e+04 -6.438792476326784526e+04 -9.541436604954946233e+03 3.359627064957286930e+05 -2.067875674861206790e+05 5.247842981159476039e+04 6.199168031266301405e+05 6.585784811666681198e+05 5.154756615884984843e+06 8.941129029170062859e+04 -2.575185280865409295e+05 -2.951858320892236952e+04
8.523476198374609230e+05 3.687165422681402997e+05 -7.903068317862797994e+04 8.036622964516600769e+04 7.155142969688550511e+04 9.946860206617698714e+04 1.581888726074561418e+05 2.327378307673879317e+04 2.033943221778068983e+04 7.935088516711222474e+04 2.817721235637347563e+05 -2.816737778470576741e+05 2.353160389796620293e+05 2.663172303127127179e+03 8.941129029170062859e+04 2.375885150352245662e+06 1.816541297070385772e+05 2.319164837263444497e+04
6.026308658004764002e+05 2.950681141325952485e+05 -1.166465500113573798e+05 -1.145034539087521844e+05 1.678263053324409993e+05 9.609130905978950614e+04 3.339075107788218884e+04 8.912326024108284037e+04 4.279774476120668260e+04 4.596861530180760310e+05 1.071230463469155366e+06 -6.975156472205370665e+04 6.407108325731204241e+04 -3.220503799664236722e+05 -2.575185280865409295e+05 1.816541297070385772e+05 1.668779779554952169e+06 6.715939113933029876e+04
-6.953719775849692815e+04 -2.548674107282079422e+04 -8.654879858437106304e+04 -3.990140069685700291e+04 -7.074283749075420201e+04 4.315071225747330755e+04 2.833008059181710996e+04 3.370109097653344361e+04 3.084141633562500283e+04 -3.297133979118571151e+05 3.450807477707165526e+05 -8.269668364102308988e+04 -1.326403652844432800e+05 1.611515184775495800e+04 -2.951858320892236952e+04 2.319164837263444497e+04 6.715939113933029876e+04 5.434577834822038421e+05
