# lambda=0.9004709362448725
2.532439891683132946e+07 6.249284141023861594e+04 3.718979516244603437e+05 1.972712895498546422e+05 4.355918830683710985e+04 8.386608007507734874e+04 -9.836220819144425332e+04 1.414971074866347044e+04 2.854414868733988624e+04 -2.819712452030480374e+06 -4.400115811499342090e+05 8.081298369379981887e+04 1.028522445627720881e+05 2.698848699974141782e+05 9.850913795193975602e+03 1.488255269321052583e+04 1.412616254239839618e+05 -1.483672353095313883e+04
6.249284141023861594e+04 1.681249485775947943e+07 1.759354530736336019e+05 -6.909188904168880254e+04 -1.322801648236508772e+05 7.330507440094857884e+04 -1.914392327675672641e+04 5.105700609228329654e+02 6.649227481209869438e+03 -1.546268953466035193e+06 1.721420018877512775e+06 3.528686456812125980e+05 -4.178962334828991879e+04 -3.491841707650839089e+04 -2.526125673274178407e+05 -1.737854337476329965e+04 -9.393127841827520751e+04 2.824449396354044802e+04
3.718979516244603437e+05 1.759354530736336019e+05 5.238505921867893077e+06 1.434119485052130767e+05 -6.073477787010569955e+03 1.926472031958133812e+04 -4.898182962702096120e+03 4.144210025845873315e+04 6.990076444535079645e+02 -8.553937399092067499e+05 -1.796734372513424605e+05 -3.466189371617665893e+04 3.078205061579775065e+05 7.655902330395573517e+04 -7.349579324725398328e+04 -1.847402541526341111e+03 4.893166959144449356e+04 1.085220881145519888e+04
1.972712895498546422e+05 -6.909188904168880254e+04 1.434119485052130767e+05 2.620575460706199519e+06 7.931281076177964860e+04 2.438430924161412986e+04 9.996036187967891237e+03 2.439713616995202756e+04 -4.494575149258434976e+03 -3.927948958134709392e+05 -4.730105969468469848e+05 -1.031510453658089100e+05 1.185639486078732589e+05 1.982183982335200126e+05 -1.354305563284190066e+04 3.721043401444423216e+04 8.007885328275828215e+04 2.928867491057791267e+04
4.355918830683710985e+04 -1.322801648236508772e+05 -6.073477787010569955e+03 7.931281076177964860e+04 7.340682042185412720e+05 1.944812935735372594e+04 9.369522205213448615e+03 3.383894816894314317e+03 4.503567342266414926e+03 -2.165413637850109080e+04 -3.068599933184899273e+05 -8.541899003453085606e+04 3.096196966895672449e+04 1.233635806683538540e+05 3.175683230630336402e+04 3.322526782921758422e+04 4.949972581407590769e+04 1.950395709150521043e+03
8.386608007507734874e+04 7.330507440094857884e+04 1.926472031958133812e+04 2.438430924161412986e+04 1.944812935735372594e+04 4.042860863626430510e+05 2.083898007676290945e+03 -3.548492537549108420e+03 9.822078446961787677e+02 -3.867672422455964843e+05 6.981438477055527619e+04 -5.755886436096757825e+04 -3.036442038223497002e+04 5.994237638421458541e+04 -8.364020540913254081e+03 -6.808973711149796145e+03 3.202111921639007051e+04 1.816888740639893877e+04
-9.836220819144425332e+04 -1.914392327675672641e+04 -4.898182962702096120e+03 9.996036187967891237e+03 9.369522205213448615e+03 2.083898007676290945e+03 3.028620104616492172e+05 3.188806970151405039e+03 -2.076699174351211695e+03 -4.509947976700631261e+04 -1.436488838723871741e+05 -8.502395775895730185e+04 1.175846488475753540e+04 3.213012257842107829e+03 7.419452646578636177e+02 2.407976811619045293e+03 1.463237043542976426e+04 4.166446194738014128e+03
1.414971074866347044e+04 5.105700609228329654e+02 4.144210025845873315e+04 2.439713616995202756e+04 3.383894816894314317e+03 -3.548492537549108420e+03 3.188806970151405039e+03 2.713164707486666739e+05 6.355328384645767983e+03 2.289036583260324551e+05 -1.392471419408000074e+05 -1.570757325004253835e+04 5.088206300393307902e+04 -1.432060751300881384e+04 -2.831242654480365218e+03 -1.092470713953722679e+03 2.512285470972558323e+04 1.092815198520121521e+04
2.854414868733988624e+04 6.649227481209869438e+03 6.990076444535079645e+02 -4.494575149258434976e+03 4.503567342266414926e+03 9.822078446961787677e+02 -2.076699174351211695e+03 6.355328384645767983e+03 1.313218163487666461e+05 -1.150720881428708672e+05 -4.213843550425115973e+04 2.092467082866546843e+04 5.329301821040240611e+04 2.106455952433486163e+04 4.050539453763078200e+03 1.117113947569103220e+04 5.058668274506733724e+03 -1.549696640512913746e+03
-2.819712452030480374e+06 -1.546268953466035193e+06 -8.553937399092067499e+05 -3.927948958134709392e+05 -2.165413637850109080e+04 -3.867672422455964843e+05 -4.509947976700631261e+04 2.289036583260324551e+05 -1.150720881428708672e+05 3.105470239246613383e+08 1.265846270270656096e+06 6.930101367575860422e+03 -1.427509623836708255e+06 -1.395590684651941061e+06 1.083082324093353818e+05 -5.527110264091276331e+05 -3.054726366306827404e+05 -8.003239733822694689e+04
-4.400115811499342090e+05 1.721420018877512775e+06 -1.796734372513424605e+05 -4.730105969468469848e+05 -3.068599933184899273e+05 6.981438477055527619e+04 -1.436488838723871741e+05 -1.392471419408000074e+05 -4.213843550425115973e+04 1.265846270270656096e+06 6.268206717915450037e+07 1.932581861127168639e+06 -5.914944242997023975e+05 -4.873016787490264978e+05 -1.373759651540660416e+05 -1.323646925528059946e+05 -2.471753480451949581e+05 -4.972712991188725573e+04
8.081298369379981887e+04 3.528686456812125980e+05 -3.466189371617665893e+04 -1.031510453658089100e+05 -8.541899003453085606e+04 -5.755886436096757825e+04 -8.502395775895730185e+04 -1.570757325004253835e+04 2.092467082866546843e+04 6.930101367575860422e+03 1.932581861127168639e+06 2.520601459082817659e+07 -2.017083852535021651e+04 -9.732290937998247682e+04 -1.296160161808966513e+05 -7.484989315154017822e+04 -2.267686327859226367e+04 -3.441317985922373191e+04
1.028522445627720881e+05 -4.178962334828991879e+04 3.078205061579775065e+05 1.185639486078732589e+05 3.096196966895672449e+04 -3.036442038223497002e+04 1.175846488475753540e+04 5.088206300393307902e+04 5.329301821040240611e+04 -1.427509623836708255e+06 -5.914944242997023975e+05 -2.017083852535021651e+04 1.374718336541691981e+07 2.095253586708580842e+05 6.747016375987156061e+04 1.713065112406655389e+05 1.056138389571497828e+05 2.338871701300649511e+04
2.698848699974141782e+05 -3.491841707650839089e+04 7.655902330395573517e+04 1.982183982335200126e+05 1.233635806683538540e+05 5.994237638421458541e+04 3.213012257842107829e+03 -1.432060751300881384e+04 2.106455952433486163e+04 -1.395590684651941061e+06 -4.873016787490264978e+05 -9.732290937998247682e+04 2.095253586708580842e+05 5.363090698836398311e+06 1.024469442927701130e+04 9.441454690769892477e+04 7.516935713262380159e+04 2.891628406151370200e+03
9.850913795193975602e+03 -2.526125673274178407e+05 -7.349579324725398328e+04 -1.354305563284190066e+04 3.175683230630336402e+04 -8.364020540913254081e+03 7.419452646578636177e+02 -2.831242654480365218e+03 4.050539453763078200e+03 1.083082324093353818e+05 -1.373759651540660416e+05 -1.296160161808966513e+05 6.747016375987156061e+04 1.024469442927701130e+04 1.875360363121453673e+06 3.663791185498193227e+04 4.330489139525200881e+04 -1.224037801619725724e+04
1.488255269321052583e+04 -1.737854337476329965e+04 -1.847402541526341111e+03 3.721043401444423216e+04 3.322526782921758422e+04 -6.808973711149796145e+03 2.407976811619045293e+03 -1.092470713953722679e+03 1.117113947569103220e+04 -5.527110264091276331e+05 -1.323646925528059946e+05 -7.484989315154017822e+04 1.713065112406655389e+05 9.441454690769892477e+04 3.663791185498193227e+04 1.415379619835667778e+06 1.658380031957129904e+04 -4.008928697970370558e+04
1.412616254239839618e+05 -9.393127841827520751e+04 4.893166959144449356e+04 8.007885328275828215e+04 4.949972581407590769e+04 3.202111921639007051e+04 1.463237043542976426e+04 2.512285470972558323e+04 5.058668274506733724e+03 -3.054726366306827404e+05 -2.471753480451949581e+05 -2.267686327859226367e+04 1.056138389571497828e+05 7.516935713262380159e+04 4.330489139525200881e+04 1.658380031957129904e+04 1.178941183936660876e+06 4.060566114278311579e+04
-1.483672353095313883e+04 2.824449396354044802e+04 1.085220881145519888e+04 2.928867491057791267e+04 1.950395709150521043e+03 1.816888740639893877e+04 4.166446194738014128e+03 1.092815198520121521e+04 -1.549696640512913746e+03 -8.003239733822694689e+04 -4.972712991188725573e+04 -3.441317985922373191e+04 2.338871701300649511e+04 2.891628406151370200e+03 -1.224037801619725724e+04 -4.008928697970370558e+04 4.060566114278311579e+04 5.832980711882011965e+05
