# lambda=0.29232472242281654
4.947782072740857303e+07 -1.186906020395131549e+06 6.350135954915985465e+06 1.861878324854689999e+05 9.583795070605004439e+05 -8.685954295571328839e+05 1.533058825427460484e+06 1.205139038613475394e+06 5.249174789110178826e+05 4.246483917339835316e+07 8.895946179195884615e+06 8.869054770859614015e+06 3.613127316863360815e+06 -9.805400888610954280e+04 8.133640828552298481e+05 7.651744117889171466e+05 1.805173547946827020e+06 4.468068142914730124e+05
-1.186906020395131549e+06 1.353944081474002451e+07 2.015903036585505353e+06 -1.129529762110350886e+06 4.328279835538499756e+05 2.332616155438212154e+05 2.432084801109489636e+05 -1.055339493926849682e+05 -8.948951118321437389e+04 -2.590651943154954351e+06 -1.766040434640856925e+06 -8.923375037276442163e+05 -4.529234740052869543e+06 -2.049238737076740013e+06 -4.172423625369639485e+05 -4.122655987007096992e+05 -3.678571939839610714e+05 4.250712754550878162e+04
6.350135954915985465e+06 2.015903036585505353e+06 5.734569169963588007e+06 7.860641709605083452e+04 5.845014334781899815e+05 1.800033024383938464e+05 4.527093241018434637e+05 1.397761230640704453e+05 -7.620370768578506249e+04 3.600697259383033495e+06 -1.067049603455991717e+06 3.488311176028419286e+06 -4.045707995887209108e+04 -7.163231157051650807e+05 -1.776931710840618762e+05 1.195747081232627388e+05 -4.994126172674257396e+04 -1.413746314035773103e+05
1.861878324854689999e+05 -1.129529762110350886e+06 7.860641709605083452e+04 1.780807887624636060e+06 -2.124977203964756700e+04 3.824298979300979408e+04 5.678729790484996556e+03 -5.623258390702766337e+04 5.589041393488675385e+04 -7.147398609022124438e+05 1.963884473314114148e+06 1.269751990637922281e+05 8.933047691065089311e+05 -2.361722719859648787e+05 3.936091866546590463e+05 2.047789968754441070e+05 1.083352615518767416e+05 -9.921751092531022732e+04
9.583795070605004439e+05 4.328279835538499756e+05 5.845014334781899815e+05 -2.124977203964756700e+04 1.588145515149692539e+06 2.509089632151314290e+05 3.058396729327297726e+04 7.606243662731844233e+04 6.542614895171291573e+04 -2.936565146101393271e+06 -1.594140176622373052e+06 -1.277201567020421149e+06 -1.209476976885215263e+05 9.223392277221918339e+05 -6.649666532775746600e+04 3.390556398589105229e+05 1.613644252004762238e+05 1.606804479616225872e+05
-8.685954295571328839e+05 2.332616155438212154e+05 1.800033024383938464e+05 3.824298979300979408e+04 2.509089632151314290e+05 6.468367174157307018e+05 -1.437566617144143383e+05 6.908831197663399507e+04 8.251146140355276293e+04 -2.837618943743207026e+06 -2.891313583442000672e+05 2.235462858302683162e+04 -5.523316738743843744e+05 4.627094078530158185e+03 1.464936385380164138e+05 3.897138836121978238e+04 2.166069786611430172e+05 -1.920988454032071968e+04
1.533058825427460484e+06 2.432084801109489636e+05 4.527093241018434637e+05 5.678729790484996556e+03 3.058396729327297726e+04 -1.437566617144143383e+05 4.497784258128531510e+05 -6.792985131309060307e+02 -1.716162576873383296e+04 1.635016967095142230e+06 -9.405046413060740451e+04 8.489181511497619795e+05 2.155182626171678712e+05 -1.635009357050114777e+05 1.066635219175394741e+05 5.364980279072753547e+03 -2.858277282612826675e+05 8.518605116286239354e+04
1.205139038613475394e+06 -1.055339493926849682e+05 1.397761230640704453e+05 -5.623258390702766337e+04 7.606243662731844233e+04 6.908831197663399507e+04 -6.792985131309060307e+02 2.323328100195318111e+05 6.663739614970902039e+04 1.120701268566234037e+06 2.953134639256317168e+05 2.960889030802474008e+05 -1.466454871612273273e+05 -1.591561253668443824e+05 -8.966506167335763166e+03 1.390469776683402870e+03 1.446552063982803666e+05 3.322174313471013738e+04
5.249174789110178826e+05 -8.948951118321437389e+04 -7.620370768578506249e+04 5.589041393488675385e+04 6.542614895171291573e+04 8.251146140355276293e+04 -1.716162576873383296e+04 6.663739614970902039e+04 1.336919501931860577e+05 8.432107312435582280e+05 3.441507253531990573e+05 -8.726449372849763313e+04 1.510564969179084001e+05 -4.602907643553515663e+04 1.365159423833981855e+05 6.235592499829545886e+03 1.377365519751046086e+05 6.464752832293329993e+04
4.246483917339835316e+07 -2.590651943154954351e+06 3.600697259383033495e+06 -7.147398609022124438e+05 -2.936565146101393271e+06 -2.837618943743207026e+06 1.635016967095142230e+06 1.120701268566234037e+06 8.432107312435582280e+05 2.111569442354588211e+08 2.994128538709525019e+07 1.916456861278923927e+06 5.137227290464246646e+06 -6.878653216129668988e+06 -4.615745553832864389e+05 -1.032190194796641124e+06 1.925678913977657910e+06 7.235012990044457838e+05
8.895946179195884615e+06 -1.766040434640856925e+06 -1.067049603455991717e+06 1.963884473314114148e+06 -1.594140176622373052e+06 -2.891313583442000672e+05 -9.405046413060740451e+04 2.953134639256317168e+05 3.441507253531990573e+05 2.994128538709525019e+07 4.579269974440263212e+07 1.303347171188972890e+07 2.978369636908282526e+06 -4.063314840267796535e+06 -1.054765189665660029e+06 -1.050809789286503103e+06 1.067523456489460776e+06 6.627284431966138072e+05
8.869054770859614015e+06 -8.923375037276442163e+05 3.488311176028419286e+06 1.269751990637922281e+05 -1.277201567020421149e+06 2.235462858302683162e+04 8.489181511497619795e+05 2.960889030802474008e+05 -8.726449372849763313e+04 1.916456861278923927e+06 1.303347171188972890e+07 4.301805227251374722e+07 1.962089320261319168e+06 -4.232577979838791303e+06 -1.188991745143446606e+06 1.509535283479115151e+03 -5.410746880700073671e+05 6.142986102836786304e+05
3.613127316863360815e+06 -4.529234740052869543e+06 -4.045707995887209108e+04 8.933047691065089311e+05 -1.209476976885215263e+05 -5.523316738743843744e+05 2.155182626171678712e+05 -1.466454871612273273e+05 1.510564969179084001e+05 5.137227290464246646e+06 2.978369636908282526e+06 1.962089320261319168e+06 8.588465922669135034e+06 9.245121459650397301e+05 2.612581743256085319e+05 8.008760173443127132e+04 1.177251154305317614e+05 6.391261850475994870e+05
-9.805400888610954280e+04 -2.049238737076740013e+06 -7.163231157051650807e+05 -2.361722719859648787e+05 9.223392277221918339e+05 4.627094078530158185e+03 -1.635009357050114777e+05 -1.591561253668443824e+05 -4.602907643553515663e+04 -6.878653216129668988e+06 -4.063314840267796535e+06 -4.232577979838791303e+06 9.245121459650397301e+05 5.491034634750831872e+06 -5.679943183980793401e+04 7.722384896951693809e+05 3.046082113907425082e+05 -3.024053692408362404e+05
8.133640828552298481e+05 -4.172423625369639485e+05 -1.776931710840618762e+05 3.936091866546590463e+05 -6.649666532775746600e+04 1.464936385380164138e+05 1.066635219175394741e+05 -8.966506167335763166e+03 1.365159423833981855e+05 -4.615745553832864389e+05 -1.054765189665660029e+06 -1.188991745143446606e+06 2.612581743256085319e+05 -5.679943183980793401e+04 3.320262174317389261e+06 2.137146353759905614e+05 1.175847698032885673e+05 -5.302446334860112984e+04
7.651744117889171466e+05 -4.122655987007096992e+05 1.195747081232627388e+05 2.047789968754441070e+05 3.390556398589105229e+05 3.897138836121978238e+04 5.364980279072753547e+03 1.390469776683402870e+03 6.235592499829545886e+03 -1.032190194796641124e+06 -1.050809789286503103e+06 1.509535283479115151e+03 8.008760173443127132e+04 7.722384896951693809e+05 2.137146353759905614e+05 9.948782167679250706e+05 2.263521480616403860e+05 -7.968706366662433720e+04
1.805173547946827020e+06 -3.678571939839610714e+05 -4.994126172674257396e+04 1.083352615518767416e+05 1.613644252004762238e+05 2.166069786611430172e+05 -2.858277282612826675e+05 1.446552063982803666e+05 1.377365519751046086e+05 1.925678913977657910e+06 1.067523456489460776e+06 -5.410746880700073671e+05 1.177251154305317614e+05 3.046082113907425082e+05 1.175847698032885673e+05 2.263521480616403860e+05 1.288248080971632618e+06 -1.116356123255049461e+05
4.468068142914730124e+05 4.250712754550878162e+04 -1.413746314035773103e+05 -9.921751092531022732e+04 1.606804479616225872e+05 -1.920988454032071968e+04 8.518605116286239354e+04 3.322174313471013738e+04 6.464752832293329993e+04 7.235012990044457838e+05 6.627284431966138072e+05 6.142986102836786304e+05 6.391261850475994870e+05 -3.024053692408362404e+05 -5.302446334860112984e+04 -7.968706366662433720e+04 -1.116356123255049461e+05 7.414596778844657820e+05
