# lambda=0.94264384380447
2.595527345757756755e+07 1.973926510525571357e+05 3.619951716449796368e+04 8.130750477625851636e+04 -3.654709605206205015e+04 -6.905055696607797290e+04 3.080671183678332454e+04 -2.307632187444014562e+04 -2.063237263656531650e+04 4.936019186437658500e+05 -2.748151749020876596e+05 3.260126689571178285e+05 1.968251783248542051e+05 -8.879998489265586250e+04 8.624490848517965787e+03 1.742797051428455161e+05 7.072111566396789567e+04 -7.495979069468751550e+04
1.973926510525571357e+05 1.806365145038412511e+07 1.283546367829703668e+05 4.191245775691805466e+04 4.072914474725105538e+04 3.983572791185368260e+04 3.752961986327845079e+04 1.056157486340384094e+04 -2.968586497629954829e+04 -3.068960060200610897e+05 1.157252392111880938e+06 -1.250473016410946002e+05 -2.642829496243757312e+05 -1.913282508860888483e+05 -1.486618292318403110e+04 -7.234797418150684098e+04 -3.165721400360146731e+02 -3.976896708006448171e+04
3.619951716449796368e+04 1.283546367829703668e+05 4.759595772028961219e+06 5.530019992702754098e+04 -6.059385114472351233e+03 8.320964123964477039e+03 8.709283537175395395e+03 -7.098135581317119431e+03 -6.495245746683290236e+03 -2.397036255849553563e+05 2.602708223016158445e+05 5.321225550102908164e+04 1.268237259528501454e+04 -1.061132809247539553e+05 -2.285605873886398331e+04 -1.780755772308095038e+04 -1.116830202668683341e+04 1.552381948799987549e+04
8.130750477625851636e+04 4.191245775691805466e+04 5.530019992702754098e+04 1.660013507788260700e+06 4.831303820866080059e+03 1.689459743048239761e+04 8.644266458158392197e+03 1.100776397390323109e+04 -3.144495222005086362e+03 -1.360371524803336943e+05 -1.336282505316831521e+05 6.167833570644972497e+04 1.111903991399059887e+05 -3.178185195769040001e+04 -1.820988082964770729e+04 -1.448340768889382161e+04 2.337957039562731097e+03 1.469500266150631796e+04
-3.654709605206205015e+04 4.072914474725105538e+04 -6.059385114472351233e+03 4.831303820866080059e+03 1.661209709264548495e+06 2.361072916067804908e+04 -5.199872151220685737e+03 -1.551788787861051424e+04 -3.469251873434440654e+02 -2.342680844441931695e+05 1.208197749221989943e+04 -5.713747992263834021e+04 -7.880454128699018838e+03 7.437844791400087706e+04 7.127436489078214800e+04 5.824004090508551599e+03 -1.910788505999116387e+04 -2.132198261516746788e+04
-6.905055696607797290e+04 3.983572791185368260e+04 8.320964123964477039e+03 1.689459743048239761e+04 2.361072916067804908e+04 6.799722601461695740e+05 5.093962713782758328e+03 5.315318091371504124e+03 2.164398369689385163e+03 -6.633934338753580232e+04 8.427348471558025631e+04 -6.897246926080668345e+04 4.030673466654946424e+03 3.111594319294879097e+04 2.661059670450563863e+04 -1.354316625084941734e+04 -1.333818309240500639e+04 1.629036810645121659e+04
3.080671183678332454e+04 3.752961986327845079e+04 8.709283537175395395e+03 8.644266458158392197e+03 -5.199872151220685737e+03 5.093962713782758328e+03 2.027833074276264233e+05 1.545149282965048769e+03 1.108976617701917348e+03 -9.676508134316725773e+04 1.121458053755128822e+04 -3.456295934427813336e+04 1.545648982113282727e+04 -1.051213206279833503e+04 4.285237280967332481e+03 -2.289756789767155624e+03 1.218376031813359305e+03 5.559747562283666412e+03
-2.307632187444014562e+04 1.056157486340384094e+04 -7.098135581317119431e+03 1.100776397390323109e+04 -1.551788787861051424e+04 5.315318091371504124e+03 1.545149282965048769e+03 2.573256328883958049e+05 1.720961021185674326e+03 4.084346188200238885e+03 3.570670414256544609e+04 3.756024078618165368e+04 1.420914585728181009e+04 -1.408469211092478690e+04 -9.927899640046340210e+03 -9.271105394394471659e+03 1.265738340427536241e+04 1.274241423683516041e+04
-2.063237263656531650e+04 -2.968586497629954829e+04 -6.495245746683290236e+03 -3.144495222005086362e+03 -3.469251873434440654e+02 2.164398369689385163e+03 1.108976617701917348e+03 1.720961021185674326e+03 8.713830796389558236e+04 -2.368628568686143626e+04 -4.479778703843439143e+04 -2.989392795661970922e+03 1.167799182807736543e+04 5.018081484928809004e+03 1.638103504829010717e+03 6.763250571278696043e+03 5.233422518926616249e+03 3.549504106225395390e+03
4.936019186437658500e+05 -3.068960060200610897e+05 -2.397036255849553563e+05 -1.360371524803336943e+05 -2.342680844441931695e+05 -6.633934338753580232e+04 -9.676508134316725773e+04 4.084346188200238885e+03 -2.368628568686143626e+04 1.315664967130251378e+08 -6.584685524816097459e+05 -3.391063724255070556e+05 -6.106812412989520817e+04 -1.204350042735083407e+05 -1.817156344632362016e+05 -6.105652436798093549e+04 2.250055781634667437e+04 -5.146437248750594881e+04
-2.748151749020876596e+05 1.157252392111880938e+06 2.602708223016158445e+05 -1.336282505316831521e+05 1.208197749221989943e+04 8.427348471558025631e+04 1.121458053755128822e+04 3.570670414256544609e+04 -4.479778703843439143e+04 -6.584685524816097459e+05 6.828519056885856390e+07 2.001292154768877081e+05 -5.534761485032399651e+05 -2.992447135902548907e+05 -1.171070785240823170e+05 -1.463007993036237021e+05 -5.145655506005563802e+04 6.311390658500037534e+04
3.260126689571178285e+05 -1.250473016410946002e+05 5.321225550102908164e+04 6.167833570644972497e+04 -5.713747992263834021e+04 -6.897246926080668345e+04 -3.456295934427813336e+04 3.756024078618165368e+04 -2.989392795661970922e+03 -3.391063724255070556e+05 2.001292154768877081e+05 3.050598936718098447e+07 5.382968432167867431e+05 2.318046079082775977e+05 9.470102100329302630e+03 -1.335306551502365801e+04 1.049422331634557777e+05 -5.160335769057132711e+04
1.968251783248542051e+05 -2.642829496243757312e+05 1.268237259528501454e+04 1.111903991399059887e+05 -7.880454128699018838e+03 4.030673466654946424e+03 1.545648982113282727e+04 1.420914585728181009e+04 1.167799182807736543e+04 -6.106812412989520817e+04 -5.534761485032399651e+05 5.382968432167867431e+05 1.318778324413559958e+07 1.552339132718739565e+05 -1.024870069538284588e+04 -2.532500970712562776e+04 2.107172154880769085e+04 5.310275958104562960e+03
-8.879998489265586250e+04 -1.913282508860888483e+05 -1.061132809247539553e+05 -3.178185195769040001e+04 7.437844791400087706e+04 3.111594319294879097e+04 -1.051213206279833503e+04 -1.408469211092478690e+04 5.018081484928809004e+03 -1.204350042735083407e+05 -2.992447135902548907e+05 2.318046079082775977e+05 1.552339132718739565e+05 7.581364026822473854e+06 1.891596730282572680e+05 9.144000285664267722e+03 -1.106081118831312779e+04 -4.570218763312079682e+04
8.624490848517965787e+03 -1.486618292318403110e+04 -2.285605873886398331e+04 -1.820988082964770729e+04 7.127436489078214800e+04 2.661059670450563863e+04 4.285237280967332481e+03 -9.927899640046340210e+03 1.638103504829010717e+03 -1.817156344632362016e+05 -1.171070785240823170e+05 9.470102100329302630e+03 -1.024870069538284588e+04 1.891596730282572680e+05 3.214266004326684866e+06 1.337952307499769267e+04 -6.058285322504061696e+03 -2.180676639511026224e+04
1.742797051428455161e+05 -7.234797418150684098e+04 -1.780755772308095038e+04 -1.448340768889382161e+04 5.824004090508551599e+03 -1.354316625084941734e+04 -2.289756789767155624e+03 -9.271105394394471659e+03 6.763250571278696043e+03 -6.105652436798093549e+04 -1.463007993036237021e+05 -1.335306551502365801e+04 -2.532500970712562776e+04 9.144000285664267722e+03 1.337952307499769267e+04 1.358797861760595581e+06 1.640938925986572576e+04 -8.766372326825992786e+03
7.072111566396789567e+04 -3.165721400360146731e+02 -1.116830202668683341e+04 2.337957039562731097e+03 -1.910788505999116387e+04 -1.333818309240500639e+04 1.218376031813359305e+03 1.265738340427536241e+04 5.233422518926616249e+03 2.250055781634667437e+04 -5.145655506005563802e+04 1.049422331634557777e+05 2.107172154880769085e+04 -1.106081118831312779e+04 -6.058285322504061696e+03 1.640938925986572576e+04 7.956523150408965303e+05 -1.151126283770857299e+03
-7.495979069468751550e+04 -3.976896708006448171e+04 1.552381948799987549e+04 1.469500266150631796e+04 -2.132198261516746788e+04 1.629036810645121659e+04 5.559747562283666412e+03 1.274241423683516041e+04 3.549504106225395390e+03 -5.146437248750594881e+04 6.311390658500037534e+04 -5.160335769057132711e+04 5.310275958104562960e+03 -4.570218763312079682e+04 -2.180676639511026224e+04 -8.766372326825992786e+03 -1.151126283770857299e+03 7.717075892543942900e+05
