# lambda=0.9130925416437742
4.750595879985228181e+07 8.416700937214968726e+05 -1.138521760217990959e+04 1.233727229243947659e+05 -1.859868022233289666e+05 -1.994459005117335983e+04 3.808961771067108202e+04 8.269839789438089065e+04 4.105998234725165094e+04 2.862595849359623156e+06 1.174626612299086293e+06 2.354804136168699188e+05 -5.245200558317422401e+05 2.403352123072872637e+05 4.628647819907412049e+05 2.447123806758552382e+05 4.100784649255239638e+05 -9.975654972304169860e+03
8.416700937214968726e+05 1.394837306221440062e+07 2.350495944451741525e+05 1.722665605420891952e+05 7.379282408783804385e+03 7.433582574956949975e+04 4.604621215796856995e+04 1.499062321876612805e+04 6.245569177906107143e+03 2.546924099178999662e+06 9.946465203716433607e+05 -1.417087003625342040e+05 -1.838682014282124874e+04 1.538677453246616642e+05 2.457326037012965826e+05 -2.550195611885490871e+04 -1.877728169761924437e+04 5.839791039836791606e+04
-1.138521760217990959e+04 2.350495944451741525e+05 4.717293568729024380e+06 1.183709351871918043e+05 1.656217916062213408e+04 1.628096080863769384e+04 2.624510595773678506e+04 2.053772626715095248e+04 7.414700804538918419e+03 1.225542495579904644e+05 5.128327396526559605e+05 -2.887597988381430696e+04 8.844840403729568061e+04 -1.552273275912225108e+04 1.016618215414173756e+05 3.629962139040847251e+04 -2.485004140248485055e+04 -1.094139388133405555e+04
1.233727229243947659e+05 1.722665605420891952e+05 1.183709351871918043e+05 1.922885210553017911e+06 1.714432453087459726e+04 1.887766245733410688e+04 2.962155706333133367e+03 -1.226335769423716192e+04 9.341038215563987706e+02 6.903600091362233507e+05 6.040114121395132679e+04 6.030497113617196737e+04 5.169980787582680932e+04 7.030427072036566096e+04 4.089076227615121752e+04 -3.253822926188815836e+04 -3.259718978613310537e+04 -2.606864455115800592e+04
-1.859868022233289666e+05 7.379282408783804385e+03 1.656217916062213408e+04 1.714432453087459726e+04 1.014248865727736615e+06 2.509515876152320925e+04 6.170616655831237040e+03 1.326317513634612988e+04 4.956252325643135919e+03 -1.147830303260656656e+05 3.256505432754399226e+04 3.150537985901479988e+04 -1.861461541715175190e+04 9.892308707810836495e+03 4.878678834730178096e+03 -6.536224063667516020e+04 1.207619869772705442e+03 1.658991054680831439e+04
-1.994459005117335983e+04 7.433582574956949975e+04 1.628096080863769384e+04 1.887766245733410688e+04 2.509515876152320925e+04 8.256477686531917425e+05 1.019183991135722317e+04 4.654110199355216537e+03 9.866046579919435317e+03 1.445195029357298336e+05 1.758923377869143733e+05 -5.694477649506765738e+04 9.985536145544545434e+03 4.430841299851505755e+04 3.244857844146279967e+04 -7.616046794586895885e+03 -1.051847432672197101e+04 2.679151551572215976e+04
3.808961771067108202e+04 4.604621215796856995e+04 2.624510595773678506e+04 2.962155706333133367e+03 6.170616655831237040e+03 1.019183991135722317e+04 1.680776788644770277e+05 1.525958681056253909e+03 -2.104044720095233956e+01 9.287237311030062847e+04 5.255483195468251506e+04 3.555979583491473477e+02 9.856766166021525351e+03 1.952199071762386438e+03 1.274054884625311206e+04 5.343072683873561800e+03 -2.965222056200967472e+03 7.853132508314395636e+03
8.269839789438089065e+04 1.499062321876612805e+04 2.053772626715095248e+04 -1.226335769423716192e+04 1.326317513634612988e+04 4.654110199355216537e+03 1.525958681056253909e+03 2.286426185011702473e+05 3.627686802121466826e+03 -1.526320101434975513e+05 1.719695574055097532e+05 -3.338358795815086523e+03 1.625009307789683589e+04 9.898857965739201973e+03 2.557255365053168498e+04 -6.392710831492118814e+03 1.879439675194587107e+04 1.121366572821700902e+04
4.105998234725165094e+04 6.245569177906107143e+03 7.414700804538918419e+03 9.341038215563987706e+02 4.956252325643135919e+03 9.866046579919435317e+03 -2.104044720095233956e+01 3.627686802121466826e+03 9.141504393473474192e+04 -1.271005675711288059e+05 4.256083172772372927e+04 -1.612254143273016052e+04 -2.240214499408592746e+04 1.053075223785190974e+04 1.730241249239496392e+04 9.115907019875384094e+02 1.980530584962676949e+04 5.950331557573815189e+03
2.862595849359623156e+06 2.546924099178999662e+06 1.225542495579904644e+05 6.903600091362233507e+05 -1.147830303260656656e+05 1.445195029357298336e+05 9.287237311030062847e+04 -1.526320101434975513e+05 -1.271005675711288059e+05 2.715241051661943793e+08 2.104359602812572557e+05 -1.187273561830149963e+06 -1.440778598548833397e+05 3.068063401909658569e+05 1.154563514208692650e+05 1.417919000980625278e+05 -2.488341455195831659e+05 -7.249810790924551839e+04
1.174626612299086293e+06 9.946465203716433607e+05 5.128327396526559605e+05 6.040114121395132679e+04 3.256505432754399226e+04 1.758923377869143733e+05 5.255483195468251506e+04 1.719695574055097532e+05 4.256083172772372927e+04 2.104359602812572557e+05 7.009717330902802944e+07 -1.693058778936893505e+05 5.488548504983256571e+05 6.431629323482443579e+05 3.629216896007637843e+05 2.373145966317998827e+05 3.549361505620718235e+05 8.408057809068702045e+04
2.354804136168699188e+05 -1.417087003625342040e+05 -2.887597988381430696e+04 6.030497113617196737e+04 3.150537985901479988e+04 -5.694477649506765738e+04 3.555979583491473477e+02 -3.338358795815086523e+03 -1.612254143273016052e+04 -1.187273561830149963e+06 -1.693058778936893505e+05 2.630372403317894414e+07 -2.126522857356916938e+05 2.311412302671437283e+04 -2.274691118876523251e+04 -2.280971453566111450e+05 1.180308703790092986e+05 1.157196562783590889e+04
-5.245200558317422401e+05 -1.838682014282124874e+04 8.844840403729568061e+04 5.169980787582680932e+04 -1.861461541715175190e+04 9.985536145544545434e+03 9.856766166021525351e+03 1.625009307789683589e+04 -2.240214499408592746e+04 -1.440778598548833397e+05 5.488548504983256571e+05 -2.126522857356916938e+05 1.142284982862882689e+07 2.986627017223324510e+05 -1.983263259926373576e+04 -6.894089944312188891e+04 -9.982980148227942118e+04 7.602485687196960498e+04
2.403352123072872637e+05 1.538677453246616642e+05 -1.552273275912225108e+04 7.030427072036566096e+04 9.892308707810836495e+03 4.430841299851505755e+04 1.952199071762386438e+03 9.898857965739201973e+03 1.053075223785190974e+04 3.068063401909658569e+05 6.431629323482443579e+05 2.311412302671437283e+04 2.986627017223324510e+05 4.520492224953471683e+06 8.198870032773457933e+04 -5.076314309378369944e+04 2.449983268238033270e+04 3.053506502207745871e+04
4.628647819907412049e+05 2.457326037012965826e+05 1.016618215414173756e+05 4.089076227615121752e+04 4.878678834730178096e+03 3.244857844146279967e+04 1.274054884625311206e+04 2.557255365053168498e+04 1.730241249239496392e+04 1.154563514208692650e+05 3.629216896007637843e+05 -2.274691118876523251e+04 -1.983263259926373576e+04 8.198870032773457933e+04 3.532589482978330925e+06 6.476523206739126908e+04 4.912218072632054100e+04 1.979737204512528115e+04
2.447123806758552382e+05 -2.550195611885490871e+04 3.629962139040847251e+04 -3.253822926188815836e+04 -6.536224063667516020e+04 -7.616046794586895885e+03 5.343072683873561800e+03 -6.392710831492118814e+03 9.115907019875384094e+02 1.417919000980625278e+05 2.373145966317998827e+05 -2.280971453566111450e+05 -6.894089944312188891e+04 -5.076314309378369944e+04 6.476523206739126908e+04 2.053800785096013686e+06 4.998635199004384776e+04 -2.656042836567156701e+04
4.100784649255239638e+05 -1.877728169761924437e+04 -2.485004140248485055e+04 -3.259718978613310537e+04 1.207619869772705442e+03 -1.051847432672197101e+04 -2.965222056200967472e+03 1.879439675194587107e+04 1.980530584962676949e+04 -2.488341455195831659e+05 3.549361505620718235e+05 1.180308703790092986e+05 -9.982980148227942118e+04 2.449983268238033270e+04 4.912218072632054100e+04 4.998635199004384776e+04 2.068376344792645192e+06 5.024132525451390393e+03
-9.975654972304169860e+03 5.839791039836791606e+04 -1.094139388133405555e+04 -2.606864455115800592e+04 1.658991054680831439e+04 2.679151551572215976e+04 7.853132508314395636e+03 1.121366572821700902e+04 5.950331557573815189e+03 -7.249810790924551839e+04 8.408057809068702045e+04 1.157196562783590889e+04 7.602485687196960498e+04 3.053506502207745871e+04 1.979737204512528115e+04 -2.656042836567156701e+04 5.024132525451390393e+03 6.560956881947659422e+05
