# lambda=0.40899846809333257
5.333967147076588869e+07 -7.354457410688498057e+05 -1.810961425372088561e+06 -7.721576711369547411e+03 7.468850678418708267e+05 7.502468305030176416e+05 5.022973681507229339e+05 3.374707779140309431e+05 -1.301311720128741727e+05 3.341557799254812673e+07 4.306172367151834187e+05 3.631240976346533746e+06 2.969708871916200151e+05 -1.942656404211345827e+06 -1.544266441069851862e+06 -6.317827264565688092e+05 -4.605028344507505535e+05 1.178694986039104406e+05
-7.354457410688498057e+05 1.523918536875338480e+07 -6.782160755718976725e+05 4.654120726785280276e+05 1.415594699623349006e+05 -5.733392086157657905e+05 -1.172584424134128494e+05 -1.201654279483854189e+05 -1.749016148095538374e+05 -4.635622297902177088e+06 3.661255647973573767e+06 5.463111644034706987e+06 8.603588079455147963e+05 7.615167209589787526e+05 4.802838565343480441e+05 3.286190624711485580e+05 -9.503875359956190223e+05 2.664189057800056180e+05
-1.810961425372088561e+06 -6.782160755718976725e+05 5.365852031220065430e+06 4.714883190611735918e+05 -2.436529685883444618e+05 2.001143879939773469e+05 1.230153620594133827e+05 1.774807823352290143e+05 -9.784203531383200607e+04 3.415252160792405717e+06 -1.142286224072933197e+06 -2.442916286307238042e+05 -6.938647880881750025e+05 -4.977369839352936833e+05 1.275790404891645303e+05 1.345077032442893833e+05 -1.043389810731578473e+04 -3.975848781365920440e+05
-7.721576711369547411e+03 4.654120726785280276e+05 4.714883190611735918e+05 1.581595421870119404e+06 2.422505242367367027e+05 -3.551704904727044050e+04 -2.748568234742332788e+04 9.424852780525953858e+04 5.026893074144959974e+04 -1.364324665097468998e+06 -3.246997402079846361e+05 -5.751798634443000192e+05 8.894840199061621679e+05 7.635838072320325591e+04 4.259610844177188119e+05 6.021544486707614851e+04 -6.514134650519982097e+04 2.054614562609032873e+04
7.468850678418708267e+05 1.415594699623349006e+05 -2.436529685883444618e+05 2.422505242367367027e+05 1.300556040085011162e+06 1.199034043623134057e+05 -3.513128922427218640e+04 -3.125527628235931843e+04 7.125787982590211323e+04 -4.272875588986011571e+05 6.023910829645941267e+05 -8.115814239564844174e+05 4.647196579092535540e+05 9.074781756518220063e+05 3.054387903273746488e+05 1.413823823929578939e+05 -1.966716831822976019e+04 1.400112050849574152e+05
7.502468305030176416e+05 -5.733392086157657905e+05 2.001143879939773469e+05 -3.551704904727044050e+04 1.199034043623134057e+05 4.522703791641944554e+05 8.752874420207283401e+04 5.324229910850422129e+03 4.113596876716738916e+04 1.788246692877392052e+06 -1.895926150532370084e+05 -7.980140769565470691e+04 -1.677758136856197671e+05 2.073748932024237583e+05 -5.671509738498661318e+04 -3.501676757779596664e+04 9.178104298339260276e+04 -9.258400604073113936e+04
5.022973681507229339e+05 -1.172584424134128494e+05 1.230153620594133827e+05 -2.748568234742332788e+04 -3.513128922427218640e+04 8.752874420207283401e+04 3.752040082910227356e+05 6.591493488142635033e+04 1.067670729960521021e+04 -6.399329157195676817e+05 -6.832043311603813199e+05 4.820462684834488318e+05 -4.523453639904119191e+05 4.007294856412827357e+04 1.123590633428088186e+05 1.834726891334062966e+05 3.018199006495931826e+04 1.097652475287804373e+04
3.374707779140309431e+05 -1.201654279483854189e+05 1.774807823352290143e+05 9.424852780525953858e+04 -3.125527628235931843e+04 5.324229910850422129e+03 6.591493488142635033e+04 2.001768598753967090e+05 1.021938673673286644e+03 6.497928602032368071e+05 -2.674598144257932436e+05 -1.620415932032976125e+05 4.308585922190992278e+04 -1.318474037516290809e+04 9.290343090509316244e+04 4.291434882072135224e+04 8.598898536797516863e+04 1.154492399211109841e+04
-1.301311720128741727e+05 -1.749016148095538374e+05 -9.784203531383200607e+04 5.026893074144959974e+04 7.125787982590211323e+04 4.113596876716738916e+04 1.067670729960521021e+04 1.021938673673286644e+03 1.577515624865008576e+05 -6.478517777930105804e+05 -3.075547396163677913e+05 1.575452620660257235e+05 1.874045038513311010e+05 8.399073956543722306e+04 1.692684773027643969e+05 9.867878297858531005e+04 1.570142064020585676e+05 3.286644153906820429e+04
3.341557799254812673e+07 -4.635622297902177088e+06 3.415252160792405717e+06 -1.364324665097468998e+06 -4.272875588986011571e+05 1.788246692877392052e+06 -6.399329157195676817e+05 6.497928602032368071e+05 -6.478517777930105804e+05 3.010486536656202078e+08 3.199597830581091344e+07 8.006937647219000384e+06 -3.390737454056977760e+06 -4.790991512168264017e+06 5.330503140297770733e+05 -5.683249300344525836e+06 1.552263353718180209e+06 -1.540866794012766331e+06
4.306172367151834187e+05 3.661255647973573767e+06 -1.142286224072933197e+06 -3.246997402079846361e+05 6.023910829645941267e+05 -1.895926150532370084e+05 -6.832043311603813199e+05 -2.674598144257932436e+05 -3.075547396163677913e+05 3.199597830581091344e+07 4.450587375816674531e+07 2.309732623340634629e+06 -2.248038391262474004e+06 2.199000622678585351e+06 1.899636457885148702e+06 -1.710065698963102186e+06 -4.737851320070241927e+05 6.252192889981889311e+04
3.631240976346533746e+06 5.463111644034706987e+06 -2.442916286307238042e+05 -5.751798634443000192e+05 -8.115814239564844174e+05 -7.980140769565470691e+04 4.820462684834488318e+05 -1.620415932032976125e+05 1.575452620660257235e+05 8.006937647219000384e+06 2.309732623340634629e+06 3.065809101093391329e+07 1.145523175848135492e+06 -1.560419854333960917e+06 6.263202403429812985e+05 6.085783684320349712e+05 5.379933294657999650e+05 -9.108617737550196762e+04
2.969708871916200151e+05 8.603588079455147963e+05 -6.938647880881750025e+05 8.894840199061621679e+05 4.647196579092535540e+05 -1.677758136856197671e+05 -4.523453639904119191e+05 4.308585922190992278e+04 1.874045038513311010e+05 -3.390737454056977760e+06 -2.248038391262474004e+06 1.145523175848135492e+06 1.005634493873304315e+07 -1.345391044212706911e+05 1.463406665797165806e+04 3.155217608011016273e+05 2.964275792693484691e+05 -1.826524979205392883e+05
-1.942656404211345827e+06 7.615167209589787526e+05 -4.977369839352936833e+05 7.635838072320325591e+04 9.074781756518220063e+05 2.073748932024237583e+05 4.007294856412827357e+04 -1.318474037516290809e+04 8.399073956543722306e+04 -4.790991512168264017e+06 2.199000622678585351e+06 -1.560419854333960917e+06 -1.345391044212706911e+05 4.372812639325057156e+06 5.353745993883734336e+05 -7.125751631873573388e+03 3.215359762709045026e+04 1.510320202161343768e+05
-1.544266441069851862e+06 4.802838565343480441e+05 1.275790404891645303e+05 4.259610844177188119e+05 3.054387903273746488e+05 -5.671509738498661318e+04 1.123590633428088186e+05 9.290343090509316244e+04 1.692684773027643969e+05 5.330503140297770733e+05 1.899636457885148702e+06 6.263202403429812985e+05 1.463406665797165806e+04 5.353745993883734336e+05 2.879456386049804278e+06 5.559228646347497124e+05 3.588458960910465103e+05 -5.224490171829741485e+03
-6.317827264565688092e+05 3.286190624711485580e+05 1.345077032442893833e+05 6.021544486707614851e+04 1.413823823929578939e+05 -3.501676757779596664e+04 1.834726891334062966e+05 4.291434882072135224e+04 9.867878297858531005e+04 -5.683249300344525836e+06 -1.710065698963102186e+06 6.085783684320349712e+05 3.155217608011016273e+05 -7.125751631873573388e+03 5.559228646347497124e+05 1.776496338462177897e+06 2.085985131446152809e+05 6.337764741797233000e+04
-4.605028344507505535e+05 -9.503875359956190223e+05 -1.043389810731578473e+04 -6.514134650519982097e+04 -1.966716831822976019e+04 9.178104298339260276e+04 3.018199006495931826e+04 8.598898536797516863e+04 1.570142064020585676e+05 1.552263353718180209e+06 -4.737851320070241927e+05 5.379933294657999650e+05 2.964275792693484691e+05 3.215359762709045026e+04 3.588458960910465103e+05 2.085985131446152809e+05 1.267911936452970374e+06 1.490526841355137913e+04
1.178694986039104406e+05 2.664189057800056180e+05 -3.975848781365920440e+05 2.054614562609032873e+04 1.400112050849574152e+05 -9.258400604073113936e+04 1.097652475287804373e+04 1.154492399211109841e+04 3.286644153906820429e+04 -1.540866794012766331e+06 6.252192889981889311e+04 -9.108617737550196762e+04 -1.826524979205392883e+05 1.510320202161343768e+05 -5.224490171829741485e+03 6.337764741797233000e+04 1.490526841355137913e+04 5.026836188051393256e+05
