# lambda=0.6901139012457557
4.840005227111227065e+07 6.356806950159854256e+06 2.039444511853377800e+06 7.838740874069402926e+05 8.902330279692498734e+05 3.768476178490057355e+05 1.283145881979053229e+05 1.798299093813854270e+05 1.008166814647263527e+05 3.974790201528037433e+06 4.189861544962119311e+06 -3.026985491024639341e+05 -9.291377723972672829e+05 7.554373749992474914e+05 4.372836380247639026e+05 -1.852817731408918044e+05 3.808418285823801998e+05 2.398873769901680062e+05
6.356806950159854256e+06 1.984138906406954303e+07 4.056147777167870663e+05 -1.671595639145164023e+04 4.041150338057411718e+05 3.697075365195154445e+05 1.889116187669839419e+05 1.699178873861418688e+05 1.053350683802919375e+05 3.000520025156690273e+06 5.160082322954704985e+06 -2.012804007516187616e+06 -7.188067405449226499e+05 -1.989121934200595424e+05 -3.803722909631532384e+05 1.651011125710311753e+05 2.468135055133431451e+05 -1.763327491027520955e+04
2.039444511853377800e+06 4.056147777167870663e+05 6.132225778813592158e+06 9.322413708141304960e+04 -1.026554286550426623e+05 -7.007792717692659062e+04 -1.093385243677620165e+05 -5.185050294725888307e+03 -1.143757560583106824e+05 -5.346142990842943545e+05 6.857289080538779963e+05 1.137741040768985171e+06 2.479327894560241839e+04 8.454962110293914157e+04 -1.630617114534223801e+05 -3.224204747813917347e+05 -2.375317292466083600e+05 -6.704713817364329589e+04
7.838740874069402926e+05 -1.671595639145164023e+04 9.322413708141304960e+04 1.712542707114957506e+06 1.500760228662121226e+05 1.247532254857315274e+04 5.174650016901708295e+04 1.810981303884324370e+04 1.756912726522479716e+04 7.827600242802223656e+05 5.576270664149731165e+05 8.814202097200355493e+05 6.991289738940846291e+04 -5.666090895778869890e+04 1.366358660679096465e+04 -9.043331956201272260e+04 -1.244293258749677043e+05 -1.596971261510260520e+05
8.902330279692498734e+05 4.041150338057411718e+05 -1.026554286550426623e+05 1.500760228662121226e+05 1.370103052299071569e+06 4.624273671143861429e+04 4.486179441561544081e+04 1.874371197362298699e+04 -1.183642161484973258e+04 1.078793046495894203e+06 1.469202675946170697e+06 6.126609485808010213e+05 -1.746747762716012076e+05 1.798569484392176382e+05 -1.754426267325762310e+05 3.679829873364106606e+04 -3.752217106193142536e+04 -1.368990765964121383e+05
3.768476178490057355e+05 3.697075365195154445e+05 -7.007792717692659062e+04 1.247532254857315274e+04 4.624273671143861429e+04 4.103265116302284878e+05 1.850987714692253212e+04 -2.930072948169436131e+03 -5.068945114701934472e+03 7.288574085662411526e+05 7.152731395181047264e+05 -1.840436177395546401e+05 -1.547544887357060506e+05 1.735500195590255680e+04 -3.290326389099623157e+03 3.631464470385675668e+04 -6.560343077366185753e+03 -1.467080801861792679e+03
1.283145881979053229e+05 1.889116187669839419e+05 -1.093385243677620165e+05 5.174650016901708295e+04 4.486179441561544081e+04 1.850987714692253212e+04 3.069156844502915046e+05 1.005967492715482695e+04 1.141689208137269452e+04 -1.528896371803121001e+05 2.244991317550869135e+05 1.474378432916607417e+05 -4.851956358017208549e+04 -1.211569868314696359e+05 -5.270200169080872729e+04 5.886730489614108228e+04 4.946875648782560893e+04 -1.938837481358670630e+03
1.798299093813854270e+05 1.699178873861418688e+05 -5.185050294725888307e+03 1.810981303884324370e+04 1.874371197362298699e+04 -2.930072948169436131e+03 1.005967492715482695e+04 1.319832860027439601e+05 2.375350106972935828e+04 2.901405836583152413e+05 2.536700834228651074e+05 -8.301746473676605092e+04 4.072861283288447157e+04 -2.846835330270388658e+04 -2.899234683958791356e+04 2.841343265869082643e+03 1.253330311393425654e+04 -7.932940987536622742e+03
1.008166814647263527e+05 1.053350683802919375e+05 -1.143757560583106824e+05 1.756912726522479716e+04 -1.183642161484973258e+04 -5.068945114701934472e+03 1.141689208137269452e+04 2.375350106972935828e+04 1.858974255536319688e+05 8.814544016307810671e+04 1.127086096389613667e+05 -1.615718644139313255e+05 6.981432339268451324e+04 -2.737986575027019353e+04 6.579857309290621197e+04 5.051821931571242749e+04 6.623894077799095248e+04 3.496532161371957773e+04
3.974790201528037433e+06 3.000520025156690273e+06 -5.346142990842943545e+05 7.827600242802223656e+05 1.078793046495894203e+06 7.288574085662411526e+05 -1.528896371803121001e+05 2.901405836583152413e+05 8.814544016307810671e+04 2.648258811962999701e+08 1.129612931027181633e+07 3.084560813326168805e+06 -3.274157244564839173e+06 3.869156997101015440e+04 6.517073229166190140e+05 -1.879539380283452570e+06 -1.518622202641824260e+06 -5.612440040668250294e+05
4.189861544962119311e+06 5.160082322954704985e+06 6.857289080538779963e+05 5.576270664149731165e+05 1.469202675946170697e+06 7.152731395181047264e+05 2.244991317550869135e+05 2.536700834228651074e+05 1.127086096389613667e+05 1.129612931027181633e+07 6.311189323915940523e+07 3.475477902069530450e+06 -1.911619323553575086e+05 5.435445372715257108e+05 -9.787259384448032361e+05 9.942408863636445021e+05 -1.735885636209116492e+05 -4.456440617377304588e+05
-3.026985491024639341e+05 -2.012804007516187616e+06 1.137741040768985171e+06 8.814202097200355493e+05 6.126609485808010213e+05 -1.840436177395546401e+05 1.474378432916607417e+05 -8.301746473676605092e+04 -1.615718644139313255e+05 3.084560813326168805e+06 3.475477902069530450e+06 3.419905342095714062e+07 5.176983941208837205e+05 3.814268959324818570e+05 1.186559536356985045e+05 -3.238813555651301867e+05 -1.297436706338262738e+05 -3.924689821257386357e+05
-9.291377723972672829e+05 -7.188067405449226499e+05 2.479327894560241839e+04 6.991289738940846291e+04 -1.746747762716012076e+05 -1.547544887357060506e+05 -4.851956358017208549e+04 4.072861283288447157e+04 6.981432339268451324e+04 -3.274157244564839173e+06 -1.911619323553575086e+05 5.176983941208837205e+05 8.301259852108852938e+06 -2.782687371866296598e+04 -1.522880582518950396e+05 8.784258710512038670e+04 -1.739038923984245412e+04 2.014859181614673871e+05
7.554373749992474914e+05 -1.989121934200595424e+05 8.454962110293914157e+04 -5.666090895778869890e+04 1.798569484392176382e+05 1.735500195590255680e+04 -1.211569868314696359e+05 -2.846835330270388658e+04 -2.737986575027019353e+04 3.869156997101015440e+04 5.435445372715257108e+05 3.814268959324818570e+05 -2.782687371866296598e+04 3.009963765199945774e+06 2.472897000466110185e+05 6.780309319769908143e+03 2.672434182271888494e+04 6.453462033569617051e+04
4.372836380247639026e+05 -3.803722909631532384e+05 -1.630617114534223801e+05 1.366358660679096465e+04 -1.754426267325762310e+05 -3.290326389099623157e+03 -5.270200169080872729e+04 -2.899234683958791356e+04 6.579857309290621197e+04 6.517073229166190140e+05 -9.787259384448032361e+05 1.186559536356985045e+05 -1.522880582518950396e+05 2.472897000466110185e+05 3.379229062226269394e+06 2.060092597360980872e+05 -9.590921817862601893e+04 2.373460904946907540e+05
-1.852817731408918044e+05 1.651011125710311753e+05 -3.224204747813917347e+05 -9.043331956201272260e+04 3.679829873364106606e+04 3.631464470385675668e+04 5.886730489614108228e+04 2.841343265869082643e+03 5.051821931571242749e+04 -1.879539380283452570e+06 9.942408863636445021e+05 -3.238813555651301867e+05 8.784258710512038670e+04 6.780309319769908143e+03 2.060092597360980872e+05 1.781045380547629669e+06 3.461444267617231526e+04 6.075058646773199143e+04
3.808418285823801998e+05 2.468135055133431451e+05 -2.375317292466083600e+05 -1.244293258749677043e+05 -3.752217106193142536e+04 -6.560343077366185753e+03 4.946875648782560893e+04 1.253330311393425654e+04 6.623894077799095248e+04 -1.518622202641824260e+06 -1.735885636209116492e+05 -1.297436706338262738e+05 -1.739038923984245412e+04 2.672434182271888494e+04 -9.590921817862601893e+04 3.461444267617231526e+04 1.683203571139777545e+06 1.660982788838953129e+05
2.398873769901680062e+05 -1.763327491027520955e+04 -6.704713817364329589e+04 -1.596971261510260520e+05 -1.368990765964121383e+05 -1.467080801861792679e+03 -1.938837481358670630e+03 -7.932940987536622742e+03 3.496532161371957773e+04 -5.612440040668250294e+05 -4.456440617377304588e+05 -3.924689821257386357e+05 2.014859181614673871e+05 6.453462033569617051e+04 2.373460904946907540e+05 6.075058646773199143e+04 1.660982788838953129e+05 9.111172583911927650e+05
