# lambda=0.7678649975449771
3.008078177945052087e+07 1.799834413520806935e+06 2.133367945739929855e+05 2.632016257861760678e+05 2.019808995865593170e+04 1.218731095519478986e+05 -1.958240098927577783e+05 7.050626698770701478e+04 -1.147943005544431253e+04 4.843938625332104042e+06 2.878274785432870965e+06 7.455356550390755292e+05 -1.459896201969509711e+05 5.615402659265018301e+05 -2.753899423362789094e+05 -4.583956866512191482e+05 4.517277720482033328e+05 3.523174091770276427e+05
1.799834413520806935e+06 2.312366071064715087e+07 1.240987050011445826e+05 -1.190672910801955586e+05 3.712869725481061614e+05 3.881508000185146811e+05 -9.522501875378291879e+04 5.692053970280558860e+04 -7.812702595803196891e+04 6.059610866832002997e+06 4.469708076679995283e+06 -5.789998739478137577e+04 2.837802175780516118e+05 3.230466971071652952e+05 4.798650314710622188e+05 -2.597532424208774464e+05 -2.300011365064738493e+05 -8.787561581553050200e+04
2.133367945739929855e+05 1.240987050011445826e+05 8.176714720374486409e+06 1.372640829347874678e+05 2.010122042168117769e+05 1.201965283590086983e+04 -7.852464421317582310e+04 4.407932667935479549e+04 3.272013630032620858e+04 4.963520532563693821e+06 -7.971499163443340221e+05 1.787227518510097871e+05 2.484915513250277145e+05 4.628132799886750290e+05 3.427203023995541735e+05 3.004872621646678308e+05 5.821014457131180825e+04 7.629708819588550250e+04
2.632016257861760678e+05 -1.190672910801955586e+05 1.372640829347874678e+05 1.108817253720038338e+06 4.115665931215408636e+04 1.192668133754259179e+05 -1.674702720327745192e+04 -4.569589087153045512e+03 2.475852281723007036e+04 2.697415349079114967e+05 2.131956267799251364e+05 -2.559585334772950737e+05 1.746400737080868857e+05 6.492475802421358094e+04 -2.819403927040146664e+04 3.752096889973663201e+04 1.104863038065913279e+05 5.638088525375769677e+04
2.019808995865593170e+04 3.712869725481061614e+05 2.010122042168117769e+05 4.115665931215408636e+04 9.861642483226446202e+05 2.601105947696025396e+04 -3.012574038243788527e+04 2.647501663490057035e+04 8.980805014337445755e+03 1.302334381476876792e+06 -1.174538194064676463e+04 2.660264361283844919e+05 -1.179463226160723425e+05 1.059709114194636204e+05 1.238310272668304970e+05 5.853491871542137233e+04 3.907661324225110002e+04 -7.006731129092079937e+04
1.218731095519478986e+05 3.881508000185146811e+05 1.201965283590086983e+04 1.192668133754259179e+05 2.601105947696025396e+04 1.019569646683718078e+06 -8.153541112092681033e+03 -3.790569863423114384e+03 1.496358216907593942e+03 8.114698162868792424e+05 8.838954351200836245e+05 -7.131330787332007894e+05 4.245472898523836193e+04 -5.509104016371900070e+04 7.693521454126368917e+04 -1.893907681221709208e+04 -3.919957496254066791e+04 9.202368127611896853e+03
-1.958240098927577783e+05 -9.522501875378291879e+04 -7.852464421317582310e+04 -1.674702720327745192e+04 -3.012574038243788527e+04 -8.153541112092681033e+03 2.978231484868818079e+05 5.008406590319244060e+03 9.457658756836557586e+03 -5.308496490235745441e+05 -4.879100991756551593e+03 -1.391043987239804410e+05 3.578435278714563174e+04 -7.289309158804056642e+04 -7.894468336593231652e+04 2.551850007952556189e+04 1.338376640211406266e+04 1.566584010472608497e+03
7.050626698770701478e+04 5.692053970280558860e+04 4.407932667935479549e+04 -4.569589087153045512e+03 2.647501663490057035e+04 -3.790569863423114384e+03 5.008406590319244060e+03 2.515095106677602744e+05 4.309606818396297058e+03 -9.561345489276896114e+04 1.559058756730706955e+05 1.350355714524547802e+05 -1.330505005666259094e+05 -2.934703492705879398e+04 -5.376830325371785875e+03 2.864454110028825380e+04 5.359991837235027924e+04 -1.057059263581706728e+04
-1.147943005544431253e+04 -7.812702595803196891e+04 3.272013630032620858e+04 2.475852281723007036e+04 8.980805014337445755e+03 1.496358216907593942e+03 9.457658756836557586e+03 4.309606818396297058e+03 1.035788246579984698e+05 1.739368486452937941e+05 -7.282463075783722161e+04 3.295178731437480747e+04 9.564003548817048795e+03 1.065056007592788046e+04 -6.075848634227032744e+04 4.215583014391291363e+04 3.590240419503478188e+04 1.883889078667269132e+04
4.843938625332104042e+06 6.059610866832002997e+06 4.963520532563693821e+06 2.697415349079114967e+05 1.302334381476876792e+06 8.114698162868792424e+05 -5.308496490235745441e+05 -9.561345489276896114e+04 1.739368486452937941e+05 1.739631622774057984e+08 3.005072520181290805e+06 -1.698790273691127542e+06 -6.156993754352205433e+05 2.277048294095097808e+05 1.306143736663363641e+06 6.979509219054775313e+05 2.161021719535804586e+05 1.076725819407348463e+05
2.878274785432870965e+06 4.469708076679995283e+06 -7.971499163443340221e+05 2.131956267799251364e+05 -1.174538194064676463e+04 8.838954351200836245e+05 -4.879100991756551593e+03 1.559058756730706955e+05 -7.282463075783722161e+04 3.005072520181290805e+06 6.280544401130533218e+07 -6.250181994089676300e+05 -1.231970109293609567e+05 -7.087060525278990390e+05 4.442558371931295260e+05 -1.388458053026220005e+05 -4.065236408793378505e+05 -2.963165597923272871e+05
7.455356550390755292e+05 -5.789998739478137577e+04 1.787227518510097871e+05 -2.559585334772950737e+05 2.660264361283844919e+05 -7.131330787332007894e+05 -1.391043987239804410e+05 1.350355714524547802e+05 3.295178731437480747e+04 -1.698790273691127542e+06 -6.250181994089676300e+05 2.956087050265783072e+07 -1.696714559423035826e+05 5.039756798672332079e+05 5.636489185107666708e+04 4.290340703449217253e+05 3.457191988665351528e+05 1.881807993172626593e+05
-1.459896201969509711e+05 2.837802175780516118e+05 2.484915513250277145e+05 1.746400737080868857e+05 -1.179463226160723425e+05 4.245472898523836193e+04 3.578435278714563174e+04 -1.330505005666259094e+05 9.564003548817048795e+03 -6.156993754352205433e+05 -1.231970109293609567e+05 -1.696714559423035826e+05 1.118067983824091777e+07 2.708328597643983667e+05 2.634217929252723115e+05 1.142167711318922811e+05 4.267042801223044080e+04 5.985651615867590590e+04
5.615402659265018301e+05 3.230466971071652952e+05 4.628132799886750290e+05 6.492475802421358094e+04 1.059709114194636204e+05 -5.509104016371900070e+04 -7.289309158804056642e+04 -2.934703492705879398e+04 1.065056007592788046e+04 2.277048294095097808e+05 -7.087060525278990390e+05 5.039756798672332079e+05 2.708328597643983667e+05 3.306930131242814008e+06 9.369698380500142230e+04 5.076219129715862800e+04 9.744494273809430888e+04 8.973096588633752253e+04
-2.753899423362789094e+05 4.798650314710622188e+05 3.427203023995541735e+05 -2.819403927040146664e+04 1.238310272668304970e+05 7.693521454126368917e+04 -7.894468336593231652e+04 -5.376830325371785875e+03 -6.075848634227032744e+04 1.306143736663363641e+06 4.442558371931295260e+05 5.636489185107666708e+04 2.634217929252723115e+05 9.369698380500142230e+04 2.719277988929360639e+06 1.753400702792073207e+04 -1.046420921934918297e+05 -8.860791270338876348e+04
-4.583956866512191482e+05 -2.597532424208774464e+05 3.004872621646678308e+05 3.752096889973663201e+04 5.853491871542137233e+04 -1.893907681221709208e+04 2.551850007952556189e+04 2.864454110028825380e+04 4.215583014391291363e+04 6.979509219054775313e+05 -1.388458053026220005e+05 4.290340703449217253e+05 1.142167711318922811e+05 5.076219129715862800e+04 1.753400702792073207e+04 1.332240268187907757e+06 1.532629231392990914e+05 -1.159187880185557333e+04
4.517277720482033328e+05 -2.300011365064738493e+05 5.821014457131180825e+04 1.104863038065913279e+05 3.907661324225110002e+04 -3.919957496254066791e+04 1.338376640211406266e+04 5.359991837235027924e+04 3.590240419503478188e+04 2.161021719535804586e+05 -4.065236408793378505e+05 3.457191988665351528e+05 4.267042801223044080e+04 9.744494273809430888e+04 -1.046420921934918297e+05 1.532629231392990914e+05 1.427295615435075713e+06 5.146462007151221769e+04
3.523174091770276427e+05 -8.787561581553050200e+04 7.629708819588550250e+04 5.638088525375769677e+04 -7.006731129092079937e+04 9.202368127611896853e+03 1.566584010472608497e+03 -1.057059263581706728e+04 1.883889078667269132e+04 1.076725819407348463e+05 -2.963165597923272871e+05 1.881807993172626593e+05 5.985651615867590590e+04 8.973096588633752253e+04 -8.860791270338876348e+04 -1.159187880185557333e+04 5.146462007151221769e+04 8.221098933510511415e+05
