# lambda=0.31818744260681586
4.882274312161079049e+07 4.401504765739738941e+06 -1.038060393729224103e+06 3.056788625724652782e+06 1.130169255648486083e+06 -7.071946798671145225e+05 -1.468681730180191516e+05 -5.143501061601248221e+05 -9.318650806194708275e+04 1.444266407220535725e+07 7.680066771273656748e+06 -6.578578419797776267e+06 -9.145403000874638092e+05 1.114475653287199792e+06 -2.628132874970556702e+06 1.520503583008523099e+06 9.955629767747180381e+01 -9.066433776725109201e+05
4.401504765739738941e+06 1.488607654480879009e+07 2.423788777015400992e+05 6.215462383070167853e+05 8.286211951035743114e+05 5.655497593980985694e+05 8.937504629652270523e+04 -3.935955692852618813e+04 -9.236051297818210151e+04 -7.532582819640786387e+06 -2.827709690151720773e+06 6.042725753002577694e+05 1.961918414125427604e+06 1.848699188557670452e+06 2.789554682077700272e+06 6.897430722408029251e+05 -8.678631828217065195e+05 -4.805600333736045868e+05
-1.038060393729224103e+06 2.423788777015400992e+05 5.267026106407461688e+06 -1.685169082387822855e+05 -3.134178062431170838e+05 3.277527066171172773e+05 2.793163053761844640e+05 -5.733716649824719934e+04 1.027440466191398591e+05 -3.083751386247874238e+06 -1.597344893710335949e+06 1.946512941605290398e+06 1.094430033383661881e+06 6.588792018040431140e+04 7.784937743833190762e+05 1.077394813156039454e+05 -3.008781890383008868e+05 4.246852391886912519e+05
3.056788625724652782e+06 6.215462383070167853e+05 -1.685169082387822855e+05 1.511217342552246293e+06 2.298364799705413752e+05 8.023546343645120214e+04 -9.953003237171223736e+04 -1.459222464054019474e+04 1.541393591235738131e+04 2.690367277241584379e+05 -6.373740370147579815e+05 -4.343305279339469271e+05 6.842104331526086899e+05 -3.219829801588439150e+05 -5.733150606726350961e+05 -2.163615901901004836e+05 -8.759333484390807280e+04 -3.053585133934970145e+04
1.130169255648486083e+06 8.286211951035743114e+05 -3.134178062431170838e+05 2.298364799705413752e+05 1.085068674991879147e+06 1.898620385120636784e+05 -7.361663364652202290e+04 -9.585547011076656054e+04 -3.026071130961549352e+04 1.339419307883548550e+06 1.339978058401856106e+06 7.120671261199883884e+04 -1.394566990299698373e+05 3.346440514924598974e+05 6.424023864846898941e+05 3.035095370337782078e+05 -2.862996872426629998e+05 -2.970066604270888492e+05
-7.071946798671145225e+05 5.655497593980985694e+05 3.277527066171172773e+05 8.023546343645120214e+04 1.898620385120636784e+05 6.752851762797612464e+05 8.687885425165516790e+04 -3.368112695904509019e+04 6.523971576601670677e+04 -4.146024801824869064e+04 -1.018217731978225493e+05 4.028415388849122683e+05 -3.442480820876400685e+05 2.685445857660757974e+04 8.395121062766085379e+05 2.680619444954736391e+05 -1.283459495619768713e+05 6.343345638891678391e+04
-1.468681730180191516e+05 8.937504629652270523e+04 2.793163053761844640e+05 -9.953003237171223736e+04 -7.361663364652202290e+04 8.687885425165516790e+04 3.572261911281618522e+05 2.512938872167657610e+04 5.679491672406094585e+04 4.865740398381047416e+05 7.296652655812338344e+04 2.469610259144839802e+04 -1.643404761459425499e+05 -7.449645846234302735e+04 4.019870312041950529e+05 -3.817940207785741950e+04 -1.933963098664542485e+05 1.231285129994687886e+05
-5.143501061601248221e+05 -3.935955692852618813e+04 -5.733716649824719934e+04 -1.459222464054019474e+04 -9.585547011076656054e+04 -3.368112695904509019e+04 2.512938872167657610e+04 2.294907610993361741e+05 6.585095252722616351e+03 -2.772379138401141856e+06 -9.092984505782476626e+05 3.580723699256297550e+05 -4.562064129588508513e+04 -5.033296597051538993e+04 -2.409126254428758984e+05 -1.471064406638650689e+05 1.080937273459947464e+05 1.118511348953650158e+05
-9.318650806194708275e+04 -9.236051297818210151e+04 1.027440466191398591e+05 1.541393591235738131e+04 -3.026071130961549352e+04 6.523971576601670677e+04 5.679491672406094585e+04 6.585095252722616351e+03 1.023551535090564284e+05 1.157229735215121764e+05 -1.921056368600747664e+05 2.495656914789140865e+04 -1.981061274687440891e+05 -2.642333495806929932e+04 1.060285561458609009e+05 -4.683864769713652640e+04 8.188997936605586801e+03 8.266437155171330960e+04
1.444266407220535725e+07 -7.532582819640786387e+06 -3.083751386247874238e+06 2.690367277241584379e+05 1.339419307883548550e+06 -4.146024801824869064e+04 4.865740398381047416e+05 -2.772379138401141856e+06 1.157229735215121764e+05 2.714233757116484046e+08 6.573763696988641471e+07 7.278965442702470347e+06 7.196078335686634295e+06 -3.980036057002984453e+06 3.859817322249275632e+06 1.297071570179107832e+06 -6.801293375775616616e+06 -2.396872612306606025e+06
7.680066771273656748e+06 -2.827709690151720773e+06 -1.597344893710335949e+06 -6.373740370147579815e+05 1.339978058401856106e+06 -1.018217731978225493e+05 7.296652655812338344e+04 -9.092984505782476626e+05 -1.921056368600747664e+05 6.573763696988641471e+07 6.839865304896463454e+07 5.999914599634131417e+06 3.012494219023562036e+06 8.530296793667415841e+03 1.588990734155677455e+04 2.966139386460659094e+06 -1.641844086034820415e+06 -1.972866970398064936e+06
-6.578578419797776267e+06 6.042725753002577694e+05 1.946512941605290398e+06 -4.343305279339469271e+05 7.120671261199883884e+04 4.028415388849122683e+05 2.469610259144839802e+04 3.580723699256297550e+05 2.495656914789140865e+04 7.278965442702470347e+06 5.999914599634131417e+06 2.009028810011479259e+07 4.264840530658893287e+06 1.128141147403712384e+06 1.855808430621744832e+06 -8.074049328969431808e+05 -1.756119593102820450e+06 -3.137630395882198354e+05
-9.145403000874638092e+05 1.961918414125427604e+06 1.094430033383661881e+06 6.842104331526086899e+05 -1.394566990299698373e+05 -3.442480820876400685e+05 -1.643404761459425499e+05 -4.562064129588508513e+04 -1.981061274687440891e+05 7.196078335686634295e+06 3.012494219023562036e+06 4.264840530658893287e+06 1.011924862029776350e+07 9.534775075246992055e+05 6.784337896852858830e+04 -1.554963714308737312e+06 -8.506255607844711049e+05 -1.070092372933484439e+05
1.114475653287199792e+06 1.848699188557670452e+06 6.588792018040431140e+04 -3.219829801588439150e+05 3.346440514924598974e+05 2.685445857660757974e+04 -7.449645846234302735e+04 -5.033296597051538993e+04 -2.642333495806929932e+04 -3.980036057002984453e+06 8.530296793667415841e+03 1.128141147403712384e+06 9.534775075246992055e+05 4.704593181296809576e+06 9.214167522541622166e+05 -1.343122014302359894e+05 -9.471823923720531457e+04 1.631045582050254743e+05
-2.628132874970556702e+06 2.789554682077700272e+06 7.784937743833190762e+05 -5.733150606726350961e+05 6.424023864846898941e+05 8.395121062766085379e+05 4.019870312041950529e+05 -2.409126254428758984e+05 1.060285561458609009e+05 3.859817322249275632e+06 1.588990734155677455e+04 1.855808430621744832e+06 6.784337896852858830e+04 9.214167522541622166e+05 6.568960974327532575e+06 4.762379553214276675e+05 -1.055229221252889140e+06 -1.722630665232924512e+05
1.520503583008523099e+06 6.897430722408029251e+05 1.077394813156039454e+05 -2.163615901901004836e+05 3.035095370337782078e+05 2.680619444954736391e+05 -3.817940207785741950e+04 -1.471064406638650689e+05 -4.683864769713652640e+04 1.297071570179107832e+06 2.966139386460659094e+06 -8.074049328969431808e+05 -1.554963714308737312e+06 -1.343122014302359894e+05 4.762379553214276675e+05 2.208579445277332328e+06 1.566369280703127151e+05 -3.246918149328778964e+05
9.955629767747180381e+01 -8.678631828217065195e+05 -3.008781890383008868e+05 -8.759333484390807280e+04 -2.862996872426629998e+05 -1.283459495619768713e+05 -1.933963098664542485e+05 1.080937273459947464e+05 8.188997936605586801e+03 -6.801293375775616616e+06 -1.641844086034820415e+06 -1.756119593102820450e+06 -8.506255607844711049e+05 -9.471823923720531457e+04 -1.055229221252889140e+06 1.566369280703127151e+05 1.661945399917525705e+06 2.261780690651547629e+05
-9.066433776725109201e+05 -4.805600333736045868e+05 4.246852391886912519e+05 -3.053585133934970145e+04 -2.970066604270888492e+05 6.343345638891678391e+04 1.231285129994687886e+05 1.118511348953650158e+05 8.266437155171330960e+04 -2.396872612306606025e+06 -1.972866970398064936e+06 -3.137630395882198354e+05 -1.070092372933484439e+05 1.631045582050254743e+05 -1.722630665232924512e+05 -3.246918149328778964e+05 2.261780690651547629e+05 7.485347482241013786e+05
