# lambda=0.7967922882435664
5.812434974815790355e+07 3.546787012827941217e+06 8.010171091635328485e+05 1.266685094241926447e+06 -1.070409662819850346e+05 -3.663085858954348951e+05 1.204501203432759212e+05 2.704763037884898367e+05 -3.706255707164140404e+03 9.753139237288312986e+06 4.070169674057302997e+06 -7.406363225996524561e+05 1.668206842364237644e+06 -8.715942616158099845e+05 -3.617635118735600845e+05 -4.700725076815292705e+05 -3.832519577246464905e+05 2.990699192329558427e+05
3.546787012827941217e+06 2.736230084797472507e+07 8.329976147186137969e+05 2.351628170560396393e+05 -2.080776275202437828e+05 -1.781669357812207018e+05 7.642555629759420981e+02 1.887217879980296711e+05 5.935208216048090981e+04 6.778923014364240225e+05 1.471799543891021749e+05 -5.524746280028560432e+05 1.052141744959568605e+06 -1.888841618781188445e+05 -2.499487860280602763e+05 4.498307595092166594e+04 7.430994844340757118e+04 2.272597384406286001e+05
8.010171091635328485e+05 8.329976147186137969e+05 3.103136252146375366e+06 1.201497958726778015e+05 -2.668483030208882155e+03 1.014435354130675478e+04 -9.698789113896142226e+03 7.550819465468630369e+04 1.142293413033324759e+04 -8.403161058288109489e+05 6.164239603995572543e+05 5.422422996823985595e+05 -6.060762830623977061e+04 1.384890113953648834e+05 -5.341217375089553389e+04 1.646452873494628293e+05 1.168655352054760669e+03 6.229712300627327204e+04
1.266685094241926447e+06 2.351628170560396393e+05 1.201497958726778015e+05 5.189986389470250346e+06 1.310569855264488870e+05 5.739364990794782352e+04 4.265898726353166421e+04 3.819914333282977168e+04 8.987491042730240451e+02 1.892016142875119112e+05 1.178418112872792175e+06 2.540385079785363341e+05 4.073849179815548123e+05 -8.649091695496399188e+04 -6.606823810626432532e+04 6.453940954030638386e+04 -2.949757053534045917e+04 1.139721368038855435e+05
-1.070409662819850346e+05 -2.080776275202437828e+05 -2.668483030208882155e+03 1.310569855264488870e+05 5.280794246677128831e+05 4.389612686335996841e+04 1.656438214408090789e+04 5.990333689211353885e+03 -4.609455825457229366e+03 -9.681075129252237093e+04 8.667135999888176229e+03 3.302642816665217979e+05 -3.363607092753777397e+04 3.012641767548479766e+04 7.961943027864840587e+03 4.335699732925742137e+04 2.285970560694636879e+04 2.488243342709655190e+04
-3.663085858954348951e+05 -1.781669357812207018e+05 1.014435354130675478e+04 5.739364990794782352e+04 4.389612686335996841e+04 4.801651837789142737e+05 2.085173182849985460e+04 -1.438131114528393482e+04 2.495664677511920218e+03 -5.161980998105647159e+05 9.137199673569592051e+03 1.505372680333977914e+05 -9.754605431176636193e+04 -5.871789302228407178e+04 -1.470301166253317388e+04 9.934864860153272457e+04 -5.408560528531355885e+03 1.798826186964319277e+04
1.204501203432759212e+05 7.642555629759420981e+02 -9.698789113896142226e+03 4.265898726353166421e+04 1.656438214408090789e+04 2.085173182849985460e+04 2.951802034455417306e+05 9.972577325485835900e+03 4.537497811415020806e+03 3.507661647167518968e+05 -3.492382945691580535e+05 -7.842148946866022015e+04 3.442716041066228354e+04 -4.194222448807345063e+04 -4.503914554983327253e+04 -5.353293989585267809e+03 -8.168409769613973367e+03 2.555546721032959249e+04
2.704763037884898367e+05 1.887217879980296711e+05 7.550819465468630369e+04 3.819914333282977168e+04 5.990333689211353885e+03 -1.438131114528393482e+04 9.972577325485835900e+03 1.751363127902706037e+05 1.981571891375528821e+03 6.811530005709163379e+04 -7.387977260120279971e+04 -1.332025832906987634e+05 4.902542198992728663e+04 3.177050803584491223e+04 -1.692583957304654905e+04 -1.627907887479102828e+04 -6.210701378611218388e+03 2.594779698080461458e+04
-3.706255707164140404e+03 5.935208216048090981e+04 1.142293413033324759e+04 8.987491042730240451e+02 -4.609455825457229366e+03 2.495664677511920218e+03 4.537497811415020806e+03 1.981571891375528821e+03 5.740099089960051060e+04 -1.173545419433398492e+05 -4.011204614322095586e+04 3.472406360168371612e+04 8.619634699418701302e+02 -5.821684765470594357e+03 -1.961606118058299762e+04 2.368375739565491676e+04 2.265095046734408606e+04 1.392830228152375639e+04
9.753139237288312986e+06 6.778923014364240225e+05 -8.403161058288109489e+05 1.892016142875119112e+05 -9.681075129252237093e+04 -5.161980998105647159e+05 3.507661647167518968e+05 6.811530005709163379e+04 -1.173545419433398492e+05 2.352170977397892773e+08 4.803237976706283167e+06 -1.155574233482576092e+05 1.500080668853926938e+06 -2.817328761507322546e+06 -1.611961124101283785e+05 -5.157982656936309068e+05 -5.238502532869575662e+05 -3.243058746753538726e+05
4.070169674057302997e+06 1.471799543891021749e+05 6.164239603995572543e+05 1.178418112872792175e+06 8.667135999888176229e+03 9.137199673569592051e+03 -3.492382945691580535e+05 -7.387977260120279971e+04 -4.011204614322095586e+04 4.803237976706283167e+06 6.006653806257282943e+07 1.882283179070651997e+06 -2.676672175661590300e+05 -1.029373447671885020e+06 -1.885104448475493118e+05 2.213423407634191099e+05 9.577861046503564285e+04 -2.586399005797329010e+05
-7.406363225996524561e+05 -5.524746280028560432e+05 5.422422996823985595e+05 2.540385079785363341e+05 3.302642816665217979e+05 1.505372680333977914e+05 -7.842148946866022015e+04 -1.332025832906987634e+05 3.472406360168371612e+04 -1.155574233482576092e+05 1.882283179070651997e+06 2.451239684217295796e+07 -1.210901352057094336e+05 1.778718763194971543e+05 3.961185819880624331e+04 7.707718330043359892e+05 2.822876441339062294e+05 1.081949878803455504e+05
1.668206842364237644e+06 1.052141744959568605e+06 -6.060762830623977061e+04 4.073849179815548123e+05 -3.363607092753777397e+04 -9.754605431176636193e+04 3.442716041066228354e+04 4.902542198992728663e+04 8.619634699418701302e+02 1.500080668853926938e+06 -2.676672175661590300e+05 -1.210901352057094336e+05 1.133570187137477659e+07 -4.995966111889553140e+05 -2.326979392053823976e+05 3.961542522628186998e+04 -7.197240295251595671e+04 7.831372689334269671e+04
-8.715942616158099845e+05 -1.888841618781188445e+05 1.384890113953648834e+05 -8.649091695496399188e+04 3.012641767548479766e+04 -5.871789302228407178e+04 -4.194222448807345063e+04 3.177050803584491223e+04 -5.821684765470594357e+03 -2.817328761507322546e+06 -1.029373447671885020e+06 1.778718763194971543e+05 -4.995966111889553140e+05 4.556528951222916134e+06 -1.825762131374210730e+04 -1.214752540198040369e+05 -7.607995485633496719e+04 -2.379163868775934679e+04
-3.617635118735600845e+05 -2.499487860280602763e+05 -5.341217375089553389e+04 -6.606823810626432532e+04 7.961943027864840587e+03 -1.470301166253317388e+04 -4.503914554983327253e+04 -1.692583957304654905e+04 -1.961606118058299762e+04 -1.611961124101283785e+05 -1.885104448475493118e+05 3.961185819880624331e+04 -2.326979392053823976e+05 -1.825762131374210730e+04 1.426080156146905851e+06 4.268643315477663418e+04 4.147302682659296988e+04 2.096932038397131328e+04
-4.700725076815292705e+05 4.498307595092166594e+04 1.646452873494628293e+05 6.453940954030638386e+04 4.335699732925742137e+04 9.934864860153272457e+04 -5.353293989585267809e+03 -1.627907887479102828e+04 2.368375739565491676e+04 -5.157982656936309068e+05 2.213423407634191099e+05 7.707718330043359892e+05 3.961542522628186998e+04 -1.214752540198040369e+05 4.268643315477663418e+04 2.430568792419793550e+06 1.282834978375958017e+05 3.390952007720617985e+04
-3.832519577246464905e+05 7.430994844340757118e+04 1.168655352054760669e+03 -2.949757053534045917e+04 2.285970560694636879e+04 -5.408560528531355885e+03 -8.168409769613973367e+03 -6.210701378611218388e+03 2.265095046734408606e+04 -5.238502532869575662e+05 9.577861046503564285e+04 2.822876441339062294e+05 -7.197240295251595671e+04 -7.607995485633496719e+04 4.147302682659296988e+04 1.282834978375958017e+05 1.122308881839500275e+06 2.739521915176193943e+04
2.990699192329558427e+05 2.272597384406286001e+05 6.229712300627327204e+04 1.139721368038855435e+05 2.488243342709655190e+04 1.798826186964319277e+04 2.555546721032959249e+04 2.594779698080461458e+04 1.392830228152375639e+04 -3.243058746753538726e+05 -2.586399005797329010e+05 1.081949878803455504e+05 7.831372689334269671e+04 -2.379163868775934679e+04 2.096932038397131328e+04 3.390952007720617985e+04 2.739521915176193943e+04 5.537918341036241036e+05
