# lambda=0.33195697014930864
4.598215905386011302e+07 8.367912232741734944e+06 -1.723744322685132734e+06 -8.131369423431161558e+05 8.496664036868286785e+05 -4.555190050398783642e+05 4.500491784963217215e+05 4.621019332251746091e+05 3.481675909421331598e+05 1.802054809277193248e+07 5.903685478776955977e+06 -6.627974816714709625e+06 -3.141492793691791594e+05 -3.336216286121393088e+06 2.349951082994169265e+05 6.896989829067435348e+05 8.907309507534505101e+05 4.315203318638917990e+05
8.367912232741734944e+06 1.273233568545978144e+07 1.548663746264210902e+06 -9.619951737067319918e+05 7.961532833955511160e+04 5.185696019487166195e+05 1.061725030912929215e+05 1.150735223498665000e+05 -7.940363571084603609e+04 1.887793691322860867e+07 7.389714134501114488e+06 -1.387671547433075262e+06 -1.104809585277428152e+06 -1.881738612126020249e+06 4.618800001817796146e+05 9.198215895368688507e+05 1.295420742611783789e+06 6.138485360614077217e+04
-1.723744322685132734e+06 1.548663746264210902e+06 7.174201854642137885e+06 2.483675888082063466e+05 -3.438103336833093781e+05 3.648309561564244214e+05 2.111285451750533539e+05 -3.632409424494998530e+04 -1.931148427784930100e+05 3.274108941709292121e+06 2.022671173303686548e+06 2.454936841781720519e+06 9.699672174958077958e+05 -1.012673105973624391e+06 1.346481816348333377e+05 4.353162695880023530e+05 1.560461414057197107e+05 -3.429981035684463568e+05
-8.131369423431161558e+05 -9.619951737067319918e+05 2.483675888082063466e+05 2.185464305037274491e+06 3.418285878027513972e+05 -3.691899437549104914e+04 -1.354253529272066371e+05 -1.520721917684267682e+05 2.499051059854749110e+04 -1.548543923505881568e+06 -2.029068724089894677e+06 -2.029492843292734353e+06 -2.627922545237992890e+05 7.742262814210535726e+05 -8.513931250091110996e+03 -2.008017924068598368e+05 -4.655036623277519830e+05 -4.613063236246981978e+04
8.496664036868286785e+05 7.961532833955511160e+04 -3.438103336833093781e+05 3.418285878027513972e+05 1.370023616336682579e+06 4.889821757949734456e+04 -3.917922051007371920e+04 3.908334809400013182e+04 8.242819691689695173e+04 -1.463883912135207094e+06 -8.495910868816578295e+05 1.713358618632201687e+05 -7.775157798555846093e+05 1.142734638881405954e+04 -2.088416062695757719e+05 -2.789105845469865017e+04 2.283855104649793793e+04 6.569322945259503285e+03
-4.555190050398783642e+05 5.185696019487166195e+05 3.648309561564244214e+05 -3.691899437549104914e+04 4.889821757949734456e+04 8.609810534793923143e+05 -2.332334490331796769e+04 1.693359815838781651e+04 3.100069409668589651e+04 1.376726092942280462e+06 -4.769560584938501124e+05 -6.241386008666097187e+05 -3.612764148645018577e+05 -1.216602626907204394e+05 6.661878716722934041e+05 7.185633365544237313e+04 1.686079544608782817e+04 -5.197101401503886154e+04
4.500491784963217215e+05 1.061725030912929215e+05 2.111285451750533539e+05 -1.354253529272066371e+05 -3.917922051007371920e+04 -2.332334490331796769e+04 2.591314020487358794e+05 -3.438114207223005360e+04 -4.081797635434074618e+04 5.276443258322497131e+05 5.130060756341469823e+05 4.469935848583193660e+02 -3.325581736278407043e+05 -3.688493447598801577e+05 -4.872476564316538133e+04 7.658346151361214288e+04 -3.795043841041160340e+04 -2.696310878620241056e+04
4.621019332251746091e+05 1.150735223498665000e+05 -3.632409424494998530e+04 -1.520721917684267682e+05 3.908334809400013182e+04 1.693359815838781651e+04 -3.438114207223005360e+04 1.627206406425327295e+05 4.112581286939736310e+04 -8.350415145198241808e+05 -3.046593979925282183e+05 1.984486796772126399e+05 1.658604673596245993e+05 -1.917447254708188993e+05 2.278508750626994697e+03 5.658253017470955820e+04 1.219233777811635664e+05 7.307556553544058988e+04
3.481675909421331598e+05 -7.940363571084603609e+04 -1.931148427784930100e+05 2.499051059854749110e+04 8.242819691689695173e+04 3.100069409668589651e+04 -4.081797635434074618e+04 4.112581286939736310e+04 1.405620445591286116e+05 -7.232455660785083892e+05 -4.197373967574412236e+05 -2.222284682123505627e+05 6.957158560979015601e+04 -3.676243715703042108e+04 7.462458355332577776e+04 9.405092603050477919e+03 3.771509940005059616e+04 3.069255052283787882e+04
1.802054809277193248e+07 1.887793691322860867e+07 3.274108941709292121e+06 -1.548543923505881568e+06 -1.463883912135207094e+06 1.376726092942280462e+06 5.276443258322497131e+05 -8.350415145198241808e+05 -7.232455660785083892e+05 1.719948666371169686e+08 3.515834124047194421e+07 7.416685673940271139e+06 4.696770382103193551e+06 4.781746791998202680e+05 2.980083501364791300e+06 1.694920516843757359e+06 -1.408209722043909598e+06 -6.443938611601220910e+05
5.903685478776955977e+06 7.389714134501114488e+06 2.022671173303686548e+06 -2.029068724089894677e+06 -8.495910868816578295e+05 -4.769560584938501124e+05 5.130060756341469823e+05 -3.046593979925282183e+05 -4.197373967574412236e+05 3.515834124047194421e+07 5.262139008932261169e+07 6.528787185351579450e+06 4.001418799583034590e+06 2.555704661090378650e+06 2.933682243962740758e+05 -1.005008291045900085e+06 -4.183099476374118240e+04 3.791130061918421998e+05
-6.627974816714709625e+06 -1.387671547433075262e+06 2.454936841781720519e+06 -2.029492843292734353e+06 1.713358618632201687e+05 -6.241386008666097187e+05 4.469935848583193660e+02 1.984486796772126399e+05 -2.222284682123505627e+05 7.416685673940271139e+06 6.528787185351579450e+06 2.840663195802167431e+07 3.764766828038670588e+06 2.051437026939710602e+06 1.203037682706991063e+03 4.289912632126463577e+05 -3.885544200870050117e+05 -1.987391092834203446e+05
-3.141492793691791594e+05 -1.104809585277428152e+06 9.699672174958077958e+05 -2.627922545237992890e+05 -7.775157798555846093e+05 -3.612764148645018577e+05 -3.325581736278407043e+05 1.658604673596245993e+05 6.957158560979015601e+04 4.696770382103193551e+06 4.001418799583034590e+06 3.764766828038670588e+06 1.067191017778784782e+07 8.225028158426856389e+05 -6.010783744983959332e+04 -8.162578573381643509e+05 -6.358339767433446832e+05 4.492043070044724154e+05
-3.336216286121393088e+06 -1.881738612126020249e+06 -1.012673105973624391e+06 7.742262814210535726e+05 1.142734638881405954e+04 -1.216602626907204394e+05 -3.688493447598801577e+05 -1.917447254708188993e+05 -3.676243715703042108e+04 4.781746791998202680e+05 2.555704661090378650e+06 2.051437026939710602e+06 8.225028158426856389e+05 7.667363688504714519e+06 1.730479136525684735e+06 -4.496140196789449546e+05 -3.111547643647478544e+05 2.313912320755106630e+05
2.349951082994169265e+05 4.618800001817796146e+05 1.346481816348333377e+05 -8.513931250091110996e+03 -2.088416062695757719e+05 6.661878716722934041e+05 -4.872476564316538133e+04 2.278508750626994697e+03 7.462458355332577776e+04 2.980083501364791300e+06 2.933682243962740758e+05 1.203037682706991063e+03 -6.010783744983959332e+04 1.730479136525684735e+06 4.467218071648098528e+06 5.223990807909607538e+05 1.904258143942400638e+05 3.376208294067088282e+05
6.896989829067435348e+05 9.198215895368688507e+05 4.353162695880023530e+05 -2.008017924068598368e+05 -2.789105845469865017e+04 7.185633365544237313e+04 7.658346151361214288e+04 5.658253017470955820e+04 9.405092603050477919e+03 1.694920516843757359e+06 -1.005008291045900085e+06 4.289912632126463577e+05 -8.162578573381643509e+05 -4.496140196789449546e+05 5.223990807909607538e+05 2.163459697680396028e+06 5.533181349207411986e+05 7.026239996797186905e+03
8.907309507534505101e+05 1.295420742611783789e+06 1.560461414057197107e+05 -4.655036623277519830e+05 2.283855104649793793e+04 1.686079544608782817e+04 -3.795043841041160340e+04 1.219233777811635664e+05 3.771509940005059616e+04 -1.408209722043909598e+06 -4.183099476374118240e+04 -3.885544200870050117e+05 -6.358339767433446832e+05 -3.111547643647478544e+05 1.904258143942400638e+05 5.533181349207411986e+05 1.393688840996827232e+06 7.293456037895714690e+04
4.315203318638917990e+05 6.138485360614077217e+04 -3.429981035684463568e+05 -4.613063236246981978e+04 6.569322945259503285e+03 -5.197101401503886154e+04 -2.696310878620241056e+04 7.307556553544058988e+04 3.069255052283787882e+04 -6.443938611601220910e+05 3.791130061918421998e+05 -1.987391092834203446e+05 4.492043070044724154e+05 2.313912320755106630e+05 3.376208294067088282e+05 7.026239996797186905e+03 7.293456037895714690e+04 4.201634386343551450e+05
