# lambda=0.9645605234832674
5.436227501540932804e+07 3.599072031924848561e+05 9.247093104897599551e+04 5.271247055621761683e+04 3.233605740860391961e+04 2.698546810486501272e+03 -4.854712830135371405e+03 -2.755115180878643150e+04 -8.589716561791698268e+02 3.573190656947705429e+05 3.777692295960503398e+05 -6.274892216858039319e+04 3.814564868192453287e+04 1.906086013151639781e+05 3.181381635194572664e+04 9.728244314018423029e+04 1.848326104197929453e+04 1.086952663586669041e+04
3.599072031924848561e+05 2.338921279687618464e+07 6.776650184013518447e+04 4.992113543110272440e+04 -2.299657065306152435e+04 -5.338809391857499577e+04 7.118197316304300330e+03 4.351555541157648804e+03 7.085787872513247748e+03 -3.151826777808032348e+05 1.000293753805242130e+06 -1.433832902113324380e+05 6.215116865502543078e+03 2.189221349342649628e+05 4.751968469446594827e+04 -5.975607198488474387e+04 -5.814578954831642477e+04 2.821967522808586000e+04
9.247093104897599551e+04 6.776650184013518447e+04 5.875034639084385708e+06 3.838369602631757152e+04 2.274919708899598118e+04 -1.364751318106846884e+04 1.120225927280201722e+04 9.543019355698579602e+03 8.849874938031312922e+03 3.144368388101032469e+05 -1.692340834518926276e+05 4.816828898514439788e+04 -7.249527603349920537e+04 1.649225161981823476e+04 -1.337038862653146907e+03 -1.388723555167390259e+04 -3.259856573779109021e+04 1.782589630279899893e+03
5.271247055621761683e+04 4.992113543110272440e+04 3.838369602631757152e+04 2.471978184366745409e+06 1.657074776316715725e+04 4.970334697810975513e+02 2.106370596800469229e+03 -3.071913917076944927e+03 -1.855288805940488828e+03 2.569727379865407420e+05 6.550958703557304398e+04 7.372543030744616408e+04 6.908861259992387204e+04 5.953634945184952085e+04 1.608632766956022533e+04 -1.737705971853155916e+03 -1.649205415520879615e+04 -3.635429343931136827e+03
3.233605740860391961e+04 -2.299657065306152435e+04 2.274919708899598118e+04 1.657074776316715725e+04 9.410945097380088409e+05 3.190452969056629627e+03 2.401712487634838453e+03 1.840234800930467372e+03 3.689012495836396283e+03 1.627265759801536660e+04 -9.526722775640391046e+04 -3.456750621840067470e+04 3.246070039145384362e+04 2.592945051103378137e+04 -1.550027672141934454e+04 1.644763612722243806e+02 9.872831943284816589e+03 4.526738354162951509e+03
2.698546810486501272e+03 -5.338809391857499577e+04 -1.364751318106846884e+04 4.970334697810975513e+02 3.190452969056629627e+03 6.364650568839303451e+05 3.893749477690216168e+02 1.005199577831563857e+02 -2.547853546399853258e+03 8.120199616563407471e+04 -5.813748423099708452e+04 4.983886805097165052e+04 2.618831984893871049e+04 4.352345615909458502e+03 1.873536904940130989e+04 7.618157857227966815e+03 1.060072590959609988e+04 6.822380108504362397e+02
-4.854712830135371405e+03 7.118197316304300330e+03 1.120225927280201722e+04 2.106370596800469229e+03 2.401712487634838453e+03 3.893749477690216168e+02 3.156903218745956547e+05 4.890161395513960656e+02 2.130881070483214444e+03 1.539645107054764812e+05 -3.302595402696535166e+04 3.697030506170218359e+03 1.884267063008628975e+04 1.286315385515702474e+04 -4.146166076482615495e+02 2.220623861863648017e+03 -4.960928257516181475e+03 4.030623456116366924e+03
-2.755115180878643150e+04 4.351555541157648804e+03 9.543019355698579602e+03 -3.071913917076944927e+03 1.840234800930467372e+03 1.005199577831563857e+02 4.890161395513960656e+02 1.484583495228464308e+05 -3.079720496789054778e+02 2.097562377909478164e+04 -1.660390596240968443e+04 -2.080757295620118384e+04 -2.185816170325513303e+04 3.260371855108110140e+03 3.187997529538242361e+03 -1.970555316119009603e+03 -2.032430706409765207e+03 -6.620672969413250257e+02
-8.589716561791698268e+02 7.085787872513247748e+03 8.849874938031312922e+03 -1.855288805940488828e+03 3.689012495836396283e+03 -2.547853546399853258e+03 2.130881070483214444e+03 -3.079720496789054778e+02 1.426411142861612025e+05 -4.466250699723651633e+04 -4.845905325825481123e+04 -2.516212711997668885e+04 -4.669644898977107005e+03 -3.853043417952324035e+03 -1.616658832163259649e+04 -6.726279660347481695e+03 1.425756605960796378e+03 7.533695666899333446e+03
3.573190656947705429e+05 -3.151826777808032348e+05 3.144368388101032469e+05 2.569727379865407420e+05 1.627265759801536660e+04 8.120199616563407471e+04 1.539645107054764812e+05 2.097562377909478164e+04 -4.466250699723651633e+04 1.839898274338573515e+08 -1.003094938724796230e+05 9.646278457737585995e+05 1.713960762185652275e+05 2.856484831104018958e+05 3.580482204423836083e+05 3.089367080768404994e+05 -7.879665979040197271e+04 -4.029479455811397929e+04
3.777692295960503398e+05 1.000293753805242130e+06 -1.692340834518926276e+05 6.550958703557304398e+04 -9.526722775640391046e+04 -5.813748423099708452e+04 -3.302595402696535166e+04 -1.660390596240968443e+04 -4.845905325825481123e+04 -1.003094938724796230e+05 1.230318242129816860e+08 6.456271746241127839e+05 3.219173584334642510e+05 3.315630944045012584e+05 3.542897048919069930e+05 2.538218593879075343e+04 -1.500112040197385941e+05 5.519975942390620912e+04
-6.274892216858039319e+04 -1.433832902113324380e+05 4.816828898514439788e+04 7.372543030744616408e+04 -3.456750621840067470e+04 4.983886805097165052e+04 3.697030506170218359e+03 -2.080757295620118384e+04 -2.516212711997668885e+04 9.646278457737585995e+05 6.456271746241127839e+05 2.406863558959021419e+07 1.727914556828067289e+05 1.421577514510576748e+03 1.820351493436948222e+05 5.662569213481437328e+04 -7.135418185589581844e+04 2.054368291008318920e+03
3.814564868192453287e+04 6.215116865502543078e+03 -7.249527603349920537e+04 6.908861259992387204e+04 3.246070039145384362e+04 2.618831984893871049e+04 1.884267063008628975e+04 -2.185816170325513303e+04 -4.669644898977107005e+03 1.713960762185652275e+05 3.219173584334642510e+05 1.727914556828067289e+05 1.266760989813349210e+07 1.313017481056665129e+05 3.508510214967775391e+04 4.764150055607324612e+04 1.550743511781467714e+04 2.330030206423910204e+04
1.906086013151639781e+05 2.189221349342649628e+05 1.649225161981823476e+04 5.953634945184952085e+04 2.592945051103378137e+04 4.352345615909458502e+03 1.286315385515702474e+04 3.260371855108110140e+03 -3.853043417952324035e+03 2.856484831104018958e+05 3.315630944045012584e+05 1.421577514510576748e+03 1.313017481056665129e+05 5.884871668973764405e+06 5.063295641142131353e+04 3.226999265831798039e+04 -1.456889090079570087e+04 2.298432372968965501e+04
3.181381635194572664e+04 4.751968469446594827e+04 -1.337038862653146907e+03 1.608632766956022533e+04 -1.550027672141934454e+04 1.873536904940130989e+04 -4.146166076482615495e+02 3.187997529538242361e+03 -1.616658832163259649e+04 3.580482204423836083e+05 3.542897048919069930e+05 1.820351493436948222e+05 3.508510214967775391e+04 5.063295641142131353e+04 3.263512391197757795e+06 2.393307800159751423e+04 -2.308839549758436624e+04 -1.251097139822971621e+04
9.728244314018423029e+04 -5.975607198488474387e+04 -1.388723555167390259e+04 -1.737705971853155916e+03 1.644763612722243806e+02 7.618157857227966815e+03 2.220623861863648017e+03 -1.970555316119009603e+03 -6.726279660347481695e+03 3.089367080768404994e+05 2.538218593879075343e+04 5.662569213481437328e+04 4.764150055607324612e+04 3.226999265831798039e+04 2.393307800159751423e+04 1.794740446988813113e+06 6.996213713888829261e+03 9.680030347353127809e+02
1.848326104197929453e+04 -5.814578954831642477e+04 -3.259856573779109021e+04 -1.649205415520879615e+04 9.872831943284816589e+03 1.060072590959609988e+04 -4.960928257516181475e+03 -2.032430706409765207e+03 1.425756605960796378e+03 -7.879665979040197271e+04 -1.500112040197385941e+05 -7.135418185589581844e+04 1.550743511781467714e+04 -1.456889090079570087e+04 -2.308839549758436624e+04 6.996213713888829261e+03 1.342517436861415394e+06 2.018554198171916369e+03
1.086952663586669041e+04 2.821967522808586000e+04 1.782589630279899893e+03 -3.635429343931136827e+03 4.526738354162951509e+03 6.822380108504362397e+02 4.030623456116366924e+03 -6.620672969413250257e+02 7.533695666899333446e+03 -4.029479455811397929e+04 5.519975942390620912e+04 2.054368291008318920e+03 2.330030206423910204e+04 2.298432372968965501e+04 -1.251097139822971621e+04 9.680030347353127809e+02 2.018554198171916369e+03 7.455291449026028858e+05
