# lambda=0.6327193782683664
8.346772550180914998e+07 1.875375848014867166e+06 2.920855940620935056e+06 -1.273224430131741537e+05 1.131668236559781479e+06 -1.015175434371868614e+05 1.305351621011373645e+05 -2.945825514098390704e+05 -2.641276087227803073e+05 1.037575195727686770e+07 -4.483603283877385780e+06 -3.276522253989162389e+06 -4.714230514624878764e+06 -1.695197679697659332e+05 -1.210693570638692938e+06 -2.106593695470552891e+06 -8.837675795966105070e+05 -1.433878758178393124e+06
1.875375848014867166e+06 1.226634957873206213e+07 9.403154920178679458e+04 3.296177398919258267e+05 7.900348635006798431e+05 1.047621988233360898e+05 2.760909647817363148e+05 2.318539060455373547e+05 -6.610700995381321991e+04 8.804198217566525564e+05 2.380758517196747474e+06 -2.695796790627618320e+06 8.695826256559164030e+05 7.422691946859442396e+05 -2.996333197219276917e+05 2.230456917172636022e+05 4.841531541867068154e+05 5.805141041747927375e+03
2.920855940620935056e+06 9.403154920178679458e+04 6.627564898854868487e+06 2.187562473306554311e+05 3.472702874308977625e+05 1.241415613562165381e+05 7.966384599080598855e+04 1.000042951305373717e+05 8.090352375020743057e+04 -1.498485847726434702e+06 -2.426829688814936380e+05 7.227747154304730939e+05 -1.041092452676304616e+06 3.785987523635089747e+05 -3.309284214628672344e+05 9.935434102673448797e+04 -3.435906375693003065e+04 1.420941535059174203e+04
-1.273224430131741537e+05 3.296177398919258267e+05 2.187562473306554311e+05 2.732084338726599701e+06 2.284664649674205866e+05 1.450995248605569650e+05 6.160048592347598606e+04 3.294720669292776438e+04 9.232465297956571158e+04 -7.186679746769980993e+05 3.733670333325004904e+05 -6.127093605188720394e+05 1.387979229848468676e+05 -9.141601946559008866e+03 2.425158561955489567e+05 4.654926242502402747e+05 1.289274143089871068e+05 1.027185110354212811e+05
1.131668236559781479e+06 7.900348635006798431e+05 3.472702874308977625e+05 2.284664649674205866e+05 1.378793139080799650e+06 7.849923152376072539e+04 9.623124907529418124e+04 1.044152541041785589e+05 5.353772900743597711e+04 5.740211344954362139e+05 6.944023813883501571e+05 -9.805345646870379569e+05 -4.070104809315875755e+05 4.165363653644055594e+05 2.012237008972672920e+05 -6.147873260347033465e+03 1.598954508300148300e+05 5.091680036575212580e+04
-1.015175434371868614e+05 1.047621988233360898e+05 1.241415613562165381e+05 1.450995248605569650e+05 7.849923152376072539e+04 3.198555365339596174e+05 8.251719895057062968e+04 3.463382091107995802e+04 2.952650439661691780e+04 2.724296015103288810e+05 5.749423174654901231e+04 -2.987734301740619703e+05 7.506530623134221241e+04 5.335454706546856323e+04 -1.000973104069392684e+04 9.509415176459639042e+04 7.491394838432865799e+04 5.982385928640195198e+04
1.305351621011373645e+05 2.760909647817363148e+05 7.966384599080598855e+04 6.160048592347598606e+04 9.623124907529418124e+04 8.251719895057062968e+04 4.305532322050438961e+05 3.165217156423077176e+04 1.103596820067046974e+04 -1.016337551805978175e+06 -5.867787223580986756e+04 -6.647737530573669355e+05 -6.160478444288072751e+03 1.994261348176444299e+05 -8.734294162100176618e+04 5.364640837379614823e+04 4.305701628943085962e+04 -1.609183188961841188e+04
-2.945825514098390704e+05 2.318539060455373547e+05 1.000042951305373717e+05 3.294720669292776438e+04 1.044152541041785589e+05 3.463382091107995802e+04 3.165217156423077176e+04 2.628469988969473052e+05 3.153742442848860446e+04 3.541668501340469229e+05 5.061991937814137782e+05 -3.955339476245064288e+05 -3.115906512101599947e+04 1.196195981239677058e+05 -5.719680561600761575e+04 6.344084308300911653e+04 8.084901387358666398e+04 2.629176192047995937e+04
-2.641276087227803073e+05 -6.610700995381321991e+04 8.090352375020743057e+04 9.232465297956571158e+04 5.353772900743597711e+04 2.952650439661691780e+04 1.103596820067046974e+04 3.153742442848860446e+04 1.029860498180231807e+05 -1.440406023094168049e+05 5.290272582341079396e+04 -1.267636689264536544e+05 -5.650386443733381748e+04 7.808275130568697932e+04 7.671926164586200321e+04 4.574805757595080649e+04 6.397828225145267788e+04 1.838873359273096139e+04
1.037575195727686770e+07 8.804198217566525564e+05 -1.498485847726434702e+06 -7.186679746769980993e+05 5.740211344954362139e+05 2.724296015103288810e+05 -1.016337551805978175e+06 3.541668501340469229e+05 -1.440406023094168049e+05 3.126178478751194477e+08 2.098538624717297032e+07 -7.736337795948872343e+06 -4.009360732207536697e+06 -2.417541590719761443e+05 -5.753226198146340903e+05 -2.259155323362872470e+06 1.002846153350148234e+06 1.727898898387008579e+06
-4.483603283877385780e+06 2.380758517196747474e+06 -2.426829688814936380e+05 3.733670333325004904e+05 6.944023813883501571e+05 5.749423174654901231e+04 -5.867787223580986756e+04 5.061991937814137782e+05 5.290272582341079396e+04 2.098538624717297032e+07 6.230843899085795879e+07 3.890141056838456425e+05 1.465364774823531741e+06 9.078449300534842769e+05 -4.403975422770481091e+05 -2.054183780159316957e+05 1.099346681112457300e+05 5.770442362749909516e+05
-3.276522253989162389e+06 -2.695796790627618320e+06 7.227747154304730939e+05 -6.127093605188720394e+05 -9.805345646870379569e+05 -2.987734301740619703e+05 -6.647737530573669355e+05 -3.955339476245064288e+05 -1.267636689264536544e+05 -7.736337795948872343e+06 3.890141056838456425e+05 2.728547482409489900e+07 1.596031435132103972e+06 -1.477026417166758329e+06 6.730065541596725816e+05 5.487008466416235751e+04 -5.120639526843834901e+05 3.259677968274040031e+05
-4.714230514624878764e+06 8.695826256559164030e+05 -1.041092452676304616e+06 1.387979229848468676e+05 -4.070104809315875755e+05 7.506530623134221241e+04 -6.160478444288072751e+03 -3.115906512101599947e+04 -5.650386443733381748e+04 -4.009360732207536697e+06 1.465364774823531741e+06 1.596031435132103972e+06 9.591502959854740649e+06 -7.502536880653687695e+04 -3.291469124305858713e+03 6.069436183406130876e+05 1.847515807387406239e+05 3.414694192495662137e+05
-1.695197679697659332e+05 7.422691946859442396e+05 3.785987523635089747e+05 -9.141601946559008866e+03 4.165363653644055594e+05 5.335454706546856323e+04 1.994261348176444299e+05 1.196195981239677058e+05 7.808275130568697932e+04 -2.417541590719761443e+05 9.078449300534842769e+05 -1.477026417166758329e+06 -7.502536880653687695e+04 5.053063357662998140e+06 6.759760509016249853e+04 1.174373514455268305e+05 2.330682121269321651e+05 -2.744657165624797926e+03
-1.210693570638692938e+06 -2.996333197219276917e+05 -3.309284214628672344e+05 2.425158561955489567e+05 2.012237008972672920e+05 -1.000973104069392684e+04 -8.734294162100176618e+04 -5.719680561600761575e+04 7.671926164586200321e+04 -5.753226198146340903e+05 -4.403975422770481091e+05 6.730065541596725816e+05 -3.291469124305858713e+03 6.759760509016249853e+04 3.887923368108648807e+06 1.637316818703284662e+05 4.535277137808096595e+05 2.996421396940536797e+05
-2.106593695470552891e+06 2.230456917172636022e+05 9.935434102673448797e+04 4.654926242502402747e+05 -6.147873260347033465e+03 9.509415176459639042e+04 5.364640837379614823e+04 6.344084308300911653e+04 4.574805757595080649e+04 -2.259155323362872470e+06 -2.054183780159316957e+05 5.487008466416235751e+04 6.069436183406130876e+05 1.174373514455268305e+05 1.637316818703284662e+05 2.243101778735359665e+06 2.179190031574472669e+05 2.187794585152055079e+05
-8.837675795966105070e+05 4.841531541867068154e+05 -3.435906375693003065e+04 1.289274143089871068e+05 1.598954508300148300e+05 7.491394838432865799e+04 4.305701628943085962e+04 8.084901387358666398e+04 6.397828225145267788e+04 1.002846153350148234e+06 1.099346681112457300e+05 -5.120639526843834901e+05 1.847515807387406239e+05 2.330682121269321651e+05 4.535277137808096595e+05 2.179190031574472669e+05 1.719895025764403166e+06 1.535763385296976194e+05
-1.433878758178393124e+06 5.805141041747927375e+03 1.420941535059174203e+04 1.027185110354212811e+05 5.091680036575212580e+04 5.982385928640195198e+04 -1.609183188961841188e+04 2.629176192047995937e+04 1.838873359273096139e+04 1.727898898387008579e+06 5.770442362749909516e+05 3.259677968274040031e+05 3.414694192495662137e+05 -2.744657165624797926e+03 2.996421396940536797e+05 2.187794585152055079e+05 1.535763385296976194e+05 7.990830332666520262e+05
