# lambda=0.29714463205913094
5.352348674160483479e+07 3.052609176750571933e+06 6.296466958003188483e+05 -1.045455320312362048e+06 1.053429927872298285e+06 -5.920772247019314673e+05 4.738793212145473226e+05 4.077123222315997118e+05 1.432171669699159684e+05 4.831510827652339637e+07 1.098635770891472138e+07 -2.108073828056635335e+06 -2.188940373670487199e+06 -1.848141429087776458e+06 -1.620112316855359240e+05 1.083010761411271087e+05 7.482427552231249865e+05 6.896427767390332883e+05
3.052609176750571933e+06 1.395092219380117953e+07 6.170866880282856291e+05 4.635270635766360792e+05 9.672238026222579647e+05 -9.335995679908263264e+04 2.059174276396393252e+05 2.937663729099314660e+05 5.017692316109897220e+05 -4.216546828217919916e+06 1.622001547250256687e+07 3.461583020889301784e+06 -1.950076575155972037e+06 -4.437857587435194873e+05 2.754466399859621888e+05 4.762974650969895301e+05 -3.443099126595361740e+05 5.050273184913071455e+05
6.296466958003188483e+05 6.170866880282856291e+05 4.517134221161727794e+06 3.723789105027980986e+05 1.449715383761216071e+05 -1.689063083994150220e+05 3.595550379332868033e+04 -3.101767266650431793e+03 1.520861159220616682e+05 7.155491059864907293e+05 6.405270281539431773e+06 3.780414463403295726e+06 5.560017283351807855e+05 2.568251072190800332e+05 2.715301647311119013e+05 -1.835550185349357780e+05 -3.028989969631550484e+05 1.727827936818742019e+05
-1.045455320312362048e+06 4.635270635766360792e+05 3.723789105027980986e+05 2.587979001579633914e+06 2.779848137105504866e+05 -1.202740090849244098e+03 -1.961810396392748808e+05 -1.929176309525297984e+04 6.659186301159602590e+04 2.390534086226178799e+06 7.649655893729882082e+05 3.452168933436478022e+06 4.133369174114296329e+05 4.386726820543191861e+05 -1.989998320336006000e+05 -3.344445509753191727e+05 -6.086155704031496134e+04 -1.201367973308555156e+04
1.053429927872298285e+06 9.672238026222579647e+05 1.449715383761216071e+05 2.779848137105504866e+05 8.494807401801712113e+05 1.021528021844384057e+05 8.922898511219370994e+04 6.641283889324725897e+04 1.044694178790638252e+05 -1.215458234159448184e+06 9.179073218286259798e+05 6.585024403652604669e+05 1.358840698961344606e+04 1.085000526945119200e+05 -1.213592824094018870e+05 -3.870219510003546748e+04 -9.809582192710642994e+04 2.337215717949682585e+04
-5.920772247019314673e+05 -9.335995679908263264e+04 -1.689063083994150220e+05 -1.202740090849244098e+03 1.021528021844384057e+05 4.368886097996963654e+05 1.780867746923229424e+04 4.494539089157059789e+04 2.986389695447652048e+04 -1.242531294094041921e+06 -1.635306737663881853e+06 -7.413220690270003397e+05 8.589873175148961309e+04 2.031159288383932726e+05 1.379918779182343860e+05 -1.772234436084182526e+05 5.539513169134374766e+04 -7.586304502178130497e+04
4.738793212145473226e+05 2.059174276396393252e+05 3.595550379332868033e+04 -1.961810396392748808e+05 8.922898511219370994e+04 1.780867746923229424e+04 2.336803915045929607e+05 7.912054494465024618e+04 4.112555842305044644e+04 -1.583765157957309275e+05 3.162876435590137262e+05 7.392774473827739712e+04 -3.728903770705349743e+05 -5.831952609545347514e+04 -1.295509717005390703e+05 4.582768147664906428e+04 4.050192530384231213e+04 2.085145595161468736e+04
4.077123222315997118e+05 2.937663729099314660e+05 -3.101767266650431793e+03 -1.929176309525297984e+04 6.641283889324725897e+04 4.494539089157059789e+04 7.912054494465024618e+04 2.020241556430523924e+05 1.947257913527293204e+04 1.027611163093498726e+04 6.053092912551246118e+05 -1.438865903070637250e+04 -3.489443673298225622e+04 1.958226600463811483e+05 -8.623523482541630801e+04 2.064775848255163146e+04 1.703001481255408435e+05 5.040558299902180443e+04
1.432171669699159684e+05 5.017692316109897220e+05 1.520861159220616682e+05 6.659186301159602590e+04 1.044694178790638252e+05 2.986389695447652048e+04 4.112555842305044644e+04 1.947257913527293204e+04 1.762459491282937815e+05 -3.302694860731742228e+05 8.061680176256917184e+05 4.132695786886371206e+05 -2.595066675130039803e+05 2.922117067729404152e+04 1.659111637097921630e+05 -8.792276000149175161e+03 -6.186843090028158622e+04 3.777002388594821969e+04
4.831510827652339637e+07 -4.216546828217919916e+06 7.155491059864907293e+05 2.390534086226178799e+06 -1.215458234159448184e+06 -1.242531294094041921e+06 -1.583765157957309275e+05 1.027611163093498726e+04 -3.302694860731742228e+05 2.498157294930102229e+08 2.723953377176173404e+07 1.477601075112229958e+07 5.354964529225215316e+06 -5.099921870363973081e+06 -5.024556678302008659e+06 -2.950152297136929352e+06 1.824344089474291774e+06 3.667237955678398430e+04
1.098635770891472138e+07 1.622001547250256687e+07 6.405270281539431773e+06 7.649655893729882082e+05 9.179073218286259798e+05 -1.635306737663881853e+06 3.162876435590137262e+05 6.053092912551246118e+05 8.061680176256917184e+05 2.723953377176173404e+07 8.656363653944127262e+07 1.826311799437610805e+07 -3.693643831059953198e+06 -5.018979579757170868e+05 -7.981770075286113424e+05 -5.142701233935357595e+04 -2.278018565571555519e+05 4.223354293668430764e+05
-2.108073828056635335e+06 3.461583020889301784e+06 3.780414463403295726e+06 3.452168933436478022e+06 6.585024403652604669e+05 -7.413220690270003397e+05 7.392774473827739712e+04 -1.438865903070637250e+04 4.132695786886371206e+05 1.477601075112229958e+07 1.826311799437610805e+07 3.199611608504930884e+07 3.201352012860001530e+06 1.257564370482046215e+05 -1.275873805369044887e+06 -1.176717042991358787e+06 -1.337832587078495184e+06 -1.727549712931377871e+05
-2.188940373670487199e+06 -1.950076575155972037e+06 5.560017283351807855e+05 4.133369174114296329e+05 1.358840698961344606e+04 8.589873175148961309e+04 -3.728903770705349743e+05 -3.489443673298225622e+04 -2.595066675130039803e+05 5.354964529225215316e+06 -3.693643831059953198e+06 3.201352012860001530e+06 1.832954995061927661e+07 2.593932114766792394e+06 -2.495426956992366177e+05 2.825662663455709699e+05 -1.686147399000685837e+05 -5.816634463879134273e+04
-1.848141429087776458e+06 -4.437857587435194873e+05 2.568251072190800332e+05 4.386726820543191861e+05 1.085000526945119200e+05 2.031159288383932726e+05 -5.831952609545347514e+04 1.958226600463811483e+05 2.922117067729404152e+04 -5.099921870363973081e+06 -5.018979579757170868e+05 1.257564370482046215e+05 2.593932114766792394e+06 4.478777671168935485e+06 1.336463220574170700e+05 2.292146992929658445e+05 4.812662288261948270e+05 2.160915992911593275e+04
-1.620112316855359240e+05 2.754466399859621888e+05 2.715301647311119013e+05 -1.989998320336006000e+05 -1.213592824094018870e+05 1.379918779182343860e+05 -1.295509717005390703e+05 -8.623523482541630801e+04 1.659111637097921630e+05 -5.024556678302008659e+06 -7.981770075286113424e+05 -1.275873805369044887e+06 -2.495426956992366177e+05 1.336463220574170700e+05 2.067865150181105826e+06 -1.565463869395561924e+05 -1.787085696108855191e+05 -9.790642642686051840e+04
1.083010761411271087e+05 4.762974650969895301e+05 -1.835550185349357780e+05 -3.344445509753191727e+05 -3.870219510003546748e+04 -1.772234436084182526e+05 4.582768147664906428e+04 2.064775848255163146e+04 -8.792276000149175161e+03 -2.950152297136929352e+06 -5.142701233935357595e+04 -1.176717042991358787e+06 2.825662663455709699e+05 2.292146992929658445e+05 -1.565463869395561924e+05 1.112678645835667150e+06 1.022409508680718282e+05 1.027433782983938290e+05
7.482427552231249865e+05 -3.443099126595361740e+05 -3.028989969631550484e+05 -6.086155704031496134e+04 -9.809582192710642994e+04 5.539513169134374766e+04 4.050192530384231213e+04 1.703001481255408435e+05 -6.186843090028158622e+04 1.824344089474291774e+06 -2.278018565571555519e+05 -1.337832587078495184e+06 -1.686147399000685837e+05 4.812662288261948270e+05 -1.787085696108855191e+05 1.022409508680718282e+05 7.336671710738829570e+05 4.908223871583396976e+04
6.896427767390332883e+05 5.050273184913071455e+05 1.727827936818742019e+05 -1.201367973308555156e+04 2.337215717949682585e+04 -7.586304502178130497e+04 2.085145595161468736e+04 5.040558299902180443e+04 3.777002388594821969e+04 3.667237955678398430e+04 4.223354293668430764e+05 -1.727549712931377871e+05 -5.816634463879134273e+04 2.160915992911593275e+04 -9.790642642686051840e+04 1.027433782983938290e+05 4.908223871583396976e+04 3.894406256684959517e+05
