# lambda=0.5008845885452207
4.817449507125724852e+07 -1.753591002371228300e+06 -4.224876193201263435e+06 -6.632443968926555244e+05 -2.530388957084650610e+04 2.891224119626920437e+05 8.934484359654824948e+05 4.413947078236754751e+05 -4.102406172215455445e+04 2.161477251745768636e+07 1.201498322108424827e+07 7.589677707292944193e+06 6.502642627589705400e+06 2.983347203538943431e+05 1.469778649406363955e+06 8.156077395362383686e+05 8.786624121282361448e+05 1.189122981869308045e+06
-1.753591002371228300e+06 9.861353709118289873e+06 5.596961180934875738e+05 5.573120043012410315e+04 4.490013911633164389e+05 -4.606616723634807568e+04 -1.672012567727352143e+04 -1.675419654565069941e+05 2.243799089228194207e+05 1.909896876841153949e+06 -2.766043126516263932e+06 -5.235033529304479998e+03 -1.457329651171708945e+06 4.969255467199111590e+05 3.570930988691954990e+05 6.712106366408272879e+05 3.576260994265018962e+05 -4.859539148785261204e+04
-4.224876193201263435e+06 5.596961180934875738e+05 4.159418843935695477e+06 3.359198869068334461e+05 7.077480333193368278e+04 -3.222075782346893102e+05 -1.324594393638899492e+05 -1.871535442727238405e+05 1.837006946460163454e+04 -1.506860563481549034e+05 -3.142951712919139303e+06 5.474627680155873531e+05 -9.635535295586650027e+05 -2.475719917794191279e+05 -6.682930176404170925e+05 1.221257651900752353e+04 2.428509724342630216e+04 -2.425250522335699061e+05
-6.632443968926555244e+05 5.573120043012410315e+04 3.359198869068334461e+05 2.255278081377876457e+06 -1.078564777934499580e+05 -1.795000134208361269e+05 1.104082542361504165e+05 7.400162473597054486e+04 -2.429692998416119008e+04 -5.424600563143971376e+05 7.095084174291250529e+05 1.427247551297755213e+06 1.005286821529091219e+06 3.067818297090562992e+05 6.561294114880669804e+04 6.391285051151255175e+04 -3.010762611451594057e+04 -1.335568452449464530e+05
-2.530388957084650610e+04 4.490013911633164389e+05 7.077480333193368278e+04 -1.078564777934499580e+05 1.135843744661639677e+06 8.865496794618175772e+04 -4.904785097517452232e+04 5.688518516442453983e+04 9.173041079323456506e+04 1.004200246167848003e+06 -9.954544411821881076e+05 -4.694252124414737336e+05 -3.021565566379489028e+05 7.011589664599351818e+05 2.447713787633365428e+05 -1.227385730374644845e+04 1.920219375021430315e+05 1.211439957391578719e+04
2.891224119626920437e+05 -4.606616723634807568e+04 -3.222075782346893102e+05 -1.795000134208361269e+05 8.865496794618175772e+04 4.772575089360311395e+05 -4.570462078121921513e+04 4.620317573319484654e+04 1.377600823229688285e+04 2.970869608740693657e+05 1.234464113789857365e+06 -4.200149584805929917e+05 -1.827539616530403728e+05 7.098932275893495535e+04 1.555028611007723666e+05 -2.145893595355632715e+04 8.393959803171928797e+04 1.811040246440980263e+04
8.934484359654824948e+05 -1.672012567727352143e+04 -1.324594393638899492e+05 1.104082542361504165e+05 -4.904785097517452232e+04 -4.570462078121921513e+04 3.962242425777618773e+05 3.844216699166878243e+04 -2.100883169054577229e+04 -2.886500895406960626e+05 3.758782881136647775e+05 6.652185001519124489e+04 6.905591522306562401e+05 -3.897481380883349630e+04 4.169532526322529156e+04 1.319427025555076252e+05 7.440911780441242445e+04 -5.197340729358216777e+04
4.413947078236754751e+05 -1.675419654565069941e+05 -1.871535442727238405e+05 7.400162473597054486e+04 5.688518516442453983e+04 4.620317573319484654e+04 3.844216699166878243e+04 2.381112680058362312e+05 2.515394732614075838e+04 -5.887046828292126302e+05 6.068218105327871162e+05 -3.057633913020617547e+04 2.687775086987122195e+05 4.278002695887088194e+05 9.856922947694800678e+04 -1.139607510532362176e+04 9.453762046703949454e+04 -1.591757895479902618e+04
-4.102406172215455445e+04 2.243799089228194207e+05 1.837006946460163454e+04 -2.429692998416119008e+04 9.173041079323456506e+04 1.377600823229688285e+04 -2.100883169054577229e+04 2.515394732614075838e+04 2.238243829127793433e+05 1.441947392808877164e+06 -4.539114167514774599e+05 -1.997080752226462937e+05 -6.204546138816776511e+04 4.824839345463243080e+04 -4.793520223167912627e+04 7.153919085363761496e+02 1.539713735874944541e+05 2.191352999867966719e+04
2.161477251745768636e+07 1.909896876841153949e+06 -1.506860563481549034e+05 -5.424600563143971376e+05 1.004200246167848003e+06 2.970869608740693657e+05 -2.886500895406960626e+05 -5.887046828292126302e+05 1.441947392808877164e+06 2.180116888921109140e+08 1.232461278584884107e+07 1.250493837399881519e+07 6.932152325319205411e+06 -6.134307396212534979e+06 -8.308106496460502967e+05 -1.023981146780087380e+06 1.146210067680089502e+06 1.603795301254430087e+06
1.201498322108424827e+07 -2.766043126516263932e+06 -3.142951712919139303e+06 7.095084174291250529e+05 -9.954544411821881076e+05 1.234464113789857365e+06 3.758782881136647775e+05 6.068218105327871162e+05 -4.539114167514774599e+05 1.232461278584884107e+07 7.155632268256844580e+07 1.026888609661446325e+07 7.070589083376474679e+06 6.374717423709876603e+05 7.011370612921166467e+05 3.343401435471726581e+05 1.290408093748227257e+05 3.696682686600431916e+05
7.589677707292944193e+06 -5.235033529304479998e+03 5.474627680155873531e+05 1.427247551297755213e+06 -4.694252124414737336e+05 -4.200149584805929917e+05 6.652185001519124489e+04 -3.057633913020617547e+04 -1.997080752226462937e+05 1.250493837399881519e+07 1.026888609661446325e+07 2.885991466885334253e+07 3.216112241415019147e+06 -1.960827797736811626e+05 -8.913775068175002234e+05 8.733004982388317585e+05 5.467830007425716612e+05 1.914289574130169349e+05
6.502642627589705400e+06 -1.457329651171708945e+06 -9.635535295586650027e+05 1.005286821529091219e+06 -3.021565566379489028e+05 -1.827539616530403728e+05 6.905591522306562401e+05 2.687775086987122195e+05 -6.204546138816776511e+04 6.932152325319205411e+06 7.070589083376474679e+06 3.216112241415019147e+06 1.388839413087986037e+07 8.378379234635258326e+05 4.355189633039638284e+05 7.998106880956621899e+04 1.010232204858381883e+05 7.096594151221352513e+04
2.983347203538943431e+05 4.969255467199111590e+05 -2.475719917794191279e+05 3.067818297090562992e+05 7.011589664599351818e+05 7.098932275893495535e+04 -3.897481380883349630e+04 4.278002695887088194e+05 4.824839345463243080e+04 -6.134307396212534979e+06 6.374717423709876603e+05 -1.960827797736811626e+05 8.378379234635258326e+05 8.584364535208050162e+06 1.502139428014492383e+06 -1.604109133896688872e+05 1.922598295695720590e+05 -4.986204152378591243e+04
1.469778649406363955e+06 3.570930988691954990e+05 -6.682930176404170925e+05 6.561294114880669804e+04 2.447713787633365428e+05 1.555028611007723666e+05 4.169532526322529156e+04 9.856922947694800678e+04 -4.793520223167912627e+04 -8.308106496460502967e+05 7.011370612921166467e+05 -8.913775068175002234e+05 4.355189633039638284e+05 1.502139428014492383e+06 3.852649733998763841e+06 1.218837166089501843e+05 1.874667042892718455e+05 2.683071010313763400e+05
8.156077395362383686e+05 6.712106366408272879e+05 1.221257651900752353e+04 6.391285051151255175e+04 -1.227385730374644845e+04 -2.145893595355632715e+04 1.319427025555076252e+05 -1.139607510532362176e+04 7.153919085363761496e+02 -1.023981146780087380e+06 3.343401435471726581e+05 8.733004982388317585e+05 7.998106880956621899e+04 -1.604109133896688872e+05 1.218837166089501843e+05 1.211942429426894290e+06 3.577709516308426973e+05 1.312024234399890338e+04
8.786624121282361448e+05 3.576260994265018962e+05 2.428509724342630216e+04 -3.010762611451594057e+04 1.920219375021430315e+05 8.393959803171928797e+04 7.440911780441242445e+04 9.453762046703949454e+04 1.539713735874944541e+05 1.146210067680089502e+06 1.290408093748227257e+05 5.467830007425716612e+05 1.010232204858381883e+05 1.922598295695720590e+05 1.874667042892718455e+05 3.577709516308426973e+05 1.328459199798228452e+06 8.125085635736110271e+04
1.189122981869308045e+06 -4.859539148785261204e+04 -2.425250522335699061e+05 -1.335568452449464530e+05 1.211439957391578719e+04 1.811040246440980263e+04 -5.197340729358216777e+04 -1.591757895479902618e+04 2.191352999867966719e+04 1.603795301254430087e+06 3.696682686600431916e+05 1.914289574130169349e+05 7.096594151221352513e+04 -4.986204152378591243e+04 2.683071010313763400e+05 1.312024234399890338e+04 8.125085635736110271e+04 6.033888746863773558e+05
