# lambda=0.9643409588202803
4.648104852686750144e+07 3.281854392821103684e+05 1.683823190869867103e+05 -7.748813481113061425e+04 -1.058132045476190251e+04 -6.697206356045358916e+03 -6.567734416372568376e+03 3.695728540077696380e+04 5.533492068763313910e+03 8.995098633262194926e+05 -8.882947425629682839e+05 -2.086663582512174908e+05 2.256423949554409774e+04 2.055573636388084560e+04 -7.575137597326299874e+04 2.034367769763859542e+04 6.449564417360023072e+04 -3.735100560118031717e+04
3.281854392821103684e+05 1.938554551460192725e+07 1.019394825715113548e+05 6.690491712941622245e+04 -2.869307119104723461e+04 7.211342252234206171e+03 2.159410566304765780e+03 2.233976713361734073e+04 -3.044149925623158197e+03 7.579884416179846739e+05 5.488910156853274675e+05 9.637266770534917305e+04 3.014037317804453778e+05 6.751909916261752369e+04 1.032989736123037073e+04 -4.661335198942878196e+04 4.124090919761925034e+04 2.261959506158632212e+04
1.683823190869867103e+05 1.019394825715113548e+05 3.859308452696320601e+06 4.179145548365011200e+04 -6.565993464929834772e+03 -1.369119327402285489e+04 -5.777498046840593815e+03 6.088359694673890772e+03 -8.552448885394107492e+03 4.895672379059199011e+05 -1.162819818542491885e+04 -4.470801250489251834e+04 3.766954853912221006e+04 -3.921352390278530038e+03 -1.429920068320312566e+04 4.939227303804392250e+03 -1.312067966037212727e+03 -1.572480139711646189e+04
-7.748813481113061425e+04 6.690491712941622245e+04 4.179145548365011200e+04 2.406267044868592173e+06 9.362752168451579564e+03 1.111689743811152039e+04 -3.965004184338044979e+03 2.935012531366362964e+03 -1.037573317664633760e+04 2.311934796494818875e+05 1.137444139247264829e+05 5.498653519535076157e+03 4.928629457689936680e+04 3.839417922043387080e+04 6.137789878318947558e+03 -6.788226775113692383e+03 -2.281371213305964920e+04 -1.674789718937064754e+04
-1.058132045476190251e+04 -2.869307119104723461e+04 -6.565993464929834772e+03 9.362752168451579564e+03 9.244605906516778050e+05 5.904456860363363376e+03 -1.472730071505940714e+03 6.211682865913460773e+03 1.117786306966877873e+03 8.966131743520442978e+04 -8.371117711019878334e+04 9.763537819005916845e+02 1.995607516471184135e+04 2.498729189520927321e+04 -8.258564468935743207e+03 2.061328202504568981e+04 -6.052589133463056896e+03 3.630337945802417607e+02
-6.697206356045358916e+03 7.211342252234206171e+03 -1.369119327402285489e+04 1.111689743811152039e+04 5.904456860363363376e+03 5.711872940650345990e+05 2.195958988159793535e+03 3.000447116171620110e+03 8.841389014798826906e+01 1.682759748821914036e+04 8.287516410848835949e+04 2.016858549140126343e+04 1.227608392600810839e+04 1.576408245943677684e+04 1.119693972335168291e+04 3.499431742771836070e+03 -7.998095170945696282e+02 1.669567944831921523e+03
-6.567734416372568376e+03 2.159410566304765780e+03 -5.777498046840593815e+03 -3.965004184338044979e+03 -1.472730071505940714e+03 2.195958988159793535e+03 3.658345161966466694e+05 1.484641707937901629e+03 1.009213287150134420e+03 -5.847454926444555167e+04 -2.652839808268910565e+04 -3.518656678871361510e+04 7.065556046414882985e+03 -1.103439835592473901e+04 -1.906476088035193015e+03 5.929383124663025228e+03 -9.684693779735764565e+02 1.170284288424059241e+03
3.695728540077696380e+04 2.233976713361734073e+04 6.088359694673890772e+03 2.935012531366362964e+03 6.211682865913460773e+03 3.000447116171620110e+03 1.484641707937901629e+03 2.086137120294404740e+05 1.664089959319569061e+03 9.103232114374380035e+04 3.961982303503677485e+03 -1.726473606542377092e+04 2.232497363402656845e+02 1.321220125904063025e+04 -5.033809855330627215e+03 2.135158183922761509e+03 2.219909139162870815e+03 8.472296660764403669e+02
5.533492068763313910e+03 -3.044149925623158197e+03 -8.552448885394107492e+03 -1.037573317664633760e+04 1.117786306966877873e+03 8.841389014798826906e+01 1.009213287150134420e+03 1.664089959319569061e+03 1.133749600022104278e+05 -4.568008454398628237e+04 1.509335725230639582e+04 -1.691871864048263160e+04 -6.587264167038898449e+03 -4.319264050082331778e+03 -1.460925554833151182e+03 3.729770985439383821e+03 4.200903580377496837e+03 4.203384201692237184e+03
8.995098633262194926e+05 7.579884416179846739e+05 4.895672379059199011e+05 2.311934796494818875e+05 8.966131743520442978e+04 1.682759748821914036e+04 -5.847454926444555167e+04 9.103232114374380035e+04 -4.568008454398628237e+04 1.970349713402281702e+08 9.024248215496740304e+05 -9.534932724818190036e+04 1.798108184869305405e+05 1.164648618691193115e+05 -5.745948224178010423e+04 -3.528927833334589377e+04 1.659636234552298629e+04 -5.800794549565336638e+03
-8.882947425629682839e+05 5.488910156853274675e+05 -1.162819818542491885e+04 1.137444139247264829e+05 -8.371117711019878334e+04 8.287516410848835949e+04 -2.652839808268910565e+04 3.961982303503677485e+03 1.509335725230639582e+04 9.024248215496740304e+05 1.210402486589290202e+08 4.120274411344832624e+05 -8.206893704688981234e+04 2.115973975551376134e+04 2.658157676787591117e+04 -1.691145822723790770e+05 1.326637276680551395e+03 8.808671151822585671e+04
-2.086663582512174908e+05 9.637266770534917305e+04 -4.470801250489251834e+04 5.498653519535076157e+03 9.763537819005916845e+02 2.016858549140126343e+04 -3.518656678871361510e+04 -1.726473606542377092e+04 -1.691871864048263160e+04 -9.534932724818190036e+04 4.120274411344832624e+05 2.170728746218478307e+07 1.164268308846798318e+05 1.521847832598869572e+05 -1.128608404270106439e+04 -2.066772437058921787e+04 -2.560645027290507278e+04 1.637411078773667941e+04
2.256423949554409774e+04 3.014037317804453778e+05 3.766954853912221006e+04 4.928629457689936680e+04 1.995607516471184135e+04 1.227608392600810839e+04 7.065556046414882985e+03 2.232497363402656845e+02 -6.587264167038898449e+03 1.798108184869305405e+05 -8.206893704688981234e+04 1.164268308846798318e+05 1.380117253539691307e+07 7.630167058310257562e+04 5.371747568372054957e+04 3.889498079260636587e+04 1.076379757504188274e+04 3.184605605736103098e+04
2.055573636388084560e+04 6.751909916261752369e+04 -3.921352390278530038e+03 3.839417922043387080e+04 2.498729189520927321e+04 1.576408245943677684e+04 -1.103439835592473901e+04 1.321220125904063025e+04 -4.319264050082331778e+03 1.164648618691193115e+05 2.115973975551376134e+04 1.521847832598869572e+05 7.630167058310257562e+04 4.915823855047327466e+06 5.951782266909964392e+02 5.432611736541282880e+03 9.997406678876806836e+03 4.284715882205857270e+03
-7.575137597326299874e+04 1.032989736123037073e+04 -1.429920068320312566e+04 6.137789878318947558e+03 -8.258564468935743207e+03 1.119693972335168291e+04 -1.906476088035193015e+03 -5.033809855330627215e+03 -1.460925554833151182e+03 -5.745948224178010423e+04 2.658157676787591117e+04 -1.128608404270106439e+04 5.371747568372054957e+04 5.951782266909964392e+02 1.697610874761116225e+06 -2.637469163816666423e+03 5.013075116375381185e+03 1.092393015540050692e+04
2.034367769763859542e+04 -4.661335198942878196e+04 4.939227303804392250e+03 -6.788226775113692383e+03 2.061328202504568981e+04 3.499431742771836070e+03 5.929383124663025228e+03 2.135158183922761509e+03 3.729770985439383821e+03 -3.528927833334589377e+04 -1.691145822723790770e+05 -2.066772437058921787e+04 3.889498079260636587e+04 5.432611736541282880e+03 -2.637469163816666423e+03 1.766419722270990256e+06 8.814231168005251675e+03 1.316305071095373205e+04
6.449564417360023072e+04 4.124090919761925034e+04 -1.312067966037212727e+03 -2.281371213305964920e+04 -6.052589133463056896e+03 -7.998095170945696282e+02 -9.684693779735764565e+02 2.219909139162870815e+03 4.200903580377496837e+03 1.659636234552298629e+04 1.326637276680551395e+03 -2.560645027290507278e+04 1.076379757504188274e+04 9.997406678876806836e+03 5.013075116375381185e+03 8.814231168005251675e+03 1.069357496968664927e+06 1.410325677124814683e+04
-3.735100560118031717e+04 2.261959506158632212e+04 -1.572480139711646189e+04 -1.674789718937064754e+04 3.630337945802417607e+02 1.669567944831921523e+03 1.170284288424059241e+03 8.472296660764403669e+02 4.203384201692237184e+03 -5.800794549565336638e+03 8.808671151822585671e+04 1.637411078773667941e+04 3.184605605736103098e+04 4.284715882205857270e+03 1.092393015540050692e+04 1.316305071095373205e+04 1.410325677124814683e+04 8.595334000600759173e+05
