# lambda=0.35862193079072247
8.601379009662923217e+07 3.247751192627087235e+06 6.254602344835841795e+05 -5.081411160183966858e+05 -8.126790998846931616e+05 6.074913137451773509e+05 -3.430700252910342533e+05 -5.242651268567387015e+05 7.994492357669086196e+05 2.316248899485556409e+07 2.077259436982841045e+07 -3.755301092576699797e+06 -1.111802589565612143e+06 -2.463191465526213404e+06 3.167112397677819827e+05 5.011190546244104626e+05 -7.268941254222278949e+05 -8.550378200335801812e+05
3.247751192627087235e+06 2.118505321616740897e+07 8.866182729954944225e+05 -3.390379703882652393e+04 5.798178824215520872e+05 5.383228723889237735e+05 1.837696151080895506e+05 4.726109495450365939e+05 3.081388377359339502e+05 3.626370307746173348e+05 3.383940672310581896e+06 3.734322109112831298e+06 3.502780937121560797e+06 6.786934446262422716e+05 1.925559678792938066e+05 1.078479995683345012e+06 -3.115217086861339048e+05 6.642743383159713994e+04
6.254602344835841795e+05 8.866182729954944225e+05 3.773248753418045118e+06 -2.107602469558740559e+05 2.920922541830016999e+05 2.623881343423380749e+05 2.571424528622900543e+05 -2.959724166350772794e+04 1.040128646742837736e+05 2.930040737617958337e+06 5.359325912333931774e+06 1.164223282065663021e+06 5.891739262918782188e+05 1.928456045666068560e+06 -5.037023403008263558e+05 -4.103107312699400063e+04 5.947007290245166223e+04 1.938711668193522200e+05
-5.081411160183966858e+05 -3.390379703882652393e+04 -2.107602469558740559e+05 1.735180529295130633e+06 2.372934408978599822e+05 -2.045565415146209853e+04 4.554864652551561448e+04 -1.051607528775597348e+04 1.859167252776245368e+04 -1.241761809217861854e+06 1.083507571693619248e+06 7.569866198635656619e+05 8.061810111375310225e+05 -2.276196445169131621e+05 -5.303549814321645536e+05 6.792482160126135568e+04 -1.660600169839529844e+05 2.725259036814590945e+04
-8.126790998846931616e+05 5.798178824215520872e+05 2.920922541830016999e+05 2.372934408978599822e+05 1.695815126310377382e+06 5.094724666638022609e+04 1.751704384985443321e+05 2.118609266911832965e+05 1.467904713383678754e+05 -2.491500443218622357e+06 -1.454936031055201056e+04 -2.826582660044832155e+05 1.044874695159099414e+06 9.110675830514272675e+05 5.357055348604457686e+04 2.828146963888533064e+05 -7.420978925851303211e+04 9.695289404497134092e+04
6.074913137451773509e+05 5.383228723889237735e+05 2.623881343423380749e+05 -2.045565415146209853e+04 5.094724666638022609e+04 2.949059841720183613e+05 2.079239232458769038e+04 2.538305219005963227e+04 2.913498850908905297e+04 2.056268732844992774e+06 1.280388296126611996e+06 2.129577745036560809e+05 6.586633509006568929e+05 2.254991838578354218e+05 -4.266491190769935929e+04 1.625050271423903177e+04 3.947393957003567721e+03 2.171946898977006640e+04
-3.430700252910342533e+05 1.837696151080895506e+05 2.571424528622900543e+05 4.554864652551561448e+04 1.751704384985443321e+05 2.079239232458769038e+04 2.819623391749687144e+05 3.761242331573296542e+04 -5.493404138764330855e+04 -5.764496641338318586e+05 2.140558586045977136e+05 -2.792656821872058208e+05 2.043958398256877845e+05 1.476049601227853855e+05 1.931511589783374075e+04 1.253305446565151942e+05 -7.729779606164898723e+04 2.729404671520091142e+04
-5.242651268567387015e+05 4.726109495450365939e+05 -2.959724166350772794e+04 -1.051607528775597348e+04 2.118609266911832965e+05 2.538305219005963227e+04 3.761242331573296542e+04 2.551813880310551613e+05 4.771250013519373897e+04 -1.338238158790620742e+06 -8.797534051666217856e+05 2.449720585789221223e+05 4.415261357003403828e+05 3.338249140233013895e+04 -1.310980854396442883e+05 3.361121420306063374e+04 -3.074253209522090401e+04 -1.763318336790414105e+04
7.994492357669086196e+05 3.081388377359339502e+05 1.040128646742837736e+05 1.859167252776245368e+04 1.467904713383678754e+05 2.913498850908905297e+04 -5.493404138764330855e+04 4.771250013519373897e+04 2.403175462843763817e+05 2.462856113590194436e+05 7.557829830207822379e+05 2.480506361916518072e+05 3.891309906654274673e+05 2.290908330947509967e+05 -1.366450821732362674e+05 7.196723412024925346e+04 -2.941130139632683495e+04 1.705289459204093146e+04
2.316248899485556409e+07 3.626370307746173348e+05 2.930040737617958337e+06 -1.241761809217861854e+06 -2.491500443218622357e+06 2.056268732844992774e+06 -5.764496641338318586e+05 -1.338238158790620742e+06 2.462856113590194436e+05 1.884422285291747749e+08 5.143686784764679521e+07 -3.268546806290465873e+06 1.849523577386406949e+06 7.958806824833425926e+05 -2.408446447922196239e+06 -2.668242480339141330e+05 -1.694247930168443825e+06 2.491418336220055353e+05
2.077259436982841045e+07 3.383940672310581896e+06 5.359325912333931774e+06 1.083507571693619248e+06 -1.454936031055201056e+04 1.280388296126611996e+06 2.140558586045977136e+05 -8.797534051666217856e+05 7.557829830207822379e+05 5.143686784764679521e+07 9.381977344337475300e+07 -2.257717368699225597e+06 2.258875085680690128e+06 6.842889429965311661e+06 -1.305979331316260155e+06 1.928943469569464680e+06 -1.121399976392759942e+06 7.695451070169135928e+05
-3.755301092576699797e+06 3.734322109112831298e+06 1.164223282065663021e+06 7.569866198635656619e+05 -2.826582660044832155e+05 2.129577745036560809e+05 -2.792656821872058208e+05 2.449720585789221223e+05 2.480506361916518072e+05 -3.268546806290465873e+06 -2.257717368699225597e+06 2.098487046350964904e+07 3.285839976184479892e+06 8.955314822273189202e+04 -2.818789407425759826e+06 -1.179301790693254210e+06 4.260743128106030053e+05 -7.710468447962485952e+05
-1.111802589565612143e+06 3.502780937121560797e+06 5.891739262918782188e+05 8.061810111375310225e+05 1.044874695159099414e+06 6.586633509006568929e+05 2.043958398256877845e+05 4.415261357003403828e+05 3.891309906654274673e+05 1.849523577386406949e+06 2.258875085680690128e+06 3.285839976184479892e+06 9.225518593108268455e+06 5.203333851865939214e+05 -1.025705517242813017e+06 5.660706329043213045e+05 -3.662650248842661968e+05 -1.378298565313767540e+04
-2.463191465526213404e+06 6.786934446262422716e+05 1.928456045666068560e+06 -2.276196445169131621e+05 9.110675830514272675e+05 2.254991838578354218e+05 1.476049601227853855e+05 3.338249140233013895e+04 2.290908330947509967e+05 7.958806824833425926e+05 6.842889429965311661e+06 8.955314822273189202e+04 5.203333851865939214e+05 6.575331935553183779e+06 -4.369789796518282674e+04 5.669867076511051273e+05 2.459233843823266216e+05 3.763780209888518439e+05
3.167112397677819827e+05 1.925559678792938066e+05 -5.037023403008263558e+05 -5.303549814321645536e+05 5.357055348604457686e+04 -4.266491190769935929e+04 1.931511589783374075e+04 -1.310980854396442883e+05 -1.366450821732362674e+05 -2.408446447922196239e+06 -1.305979331316260155e+06 -2.818789407425759826e+06 -1.025705517242813017e+06 -4.369789796518282674e+04 4.465028323733618483e+06 4.614399870100899716e+05 -2.991006931198103121e+04 2.113140512477958509e+03
5.011190546244104626e+05 1.078479995683345012e+06 -4.103107312699400063e+04 6.792482160126135568e+04 2.828146963888533064e+05 1.625050271423903177e+04 1.253305446565151942e+05 3.361121420306063374e+04 7.196723412024925346e+04 -2.668242480339141330e+05 1.928943469569464680e+06 -1.179301790693254210e+06 5.660706329043213045e+05 5.669867076511051273e+05 4.614399870100899716e+05 2.625770288093430456e+06 1.480100379200350144e+05 8.671379208129136532e+04
-7.268941254222278949e+05 -3.115217086861339048e+05 5.947007290245166223e+04 -1.660600169839529844e+05 -7.420978925851303211e+04 3.947393957003567721e+03 -7.729779606164898723e+04 -3.074253209522090401e+04 -2.941130139632683495e+04 -1.694247930168443825e+06 -1.121399976392759942e+06 4.260743128106030053e+05 -3.662650248842661968e+05 2.459233843823266216e+05 -2.991006931198103121e+04 1.480100379200350144e+05 8.993145616345952731e+05 -2.925734247549606152e+04
-8.550378200335801812e+05 6.642743383159713994e+04 1.938711668193522200e+05 2.725259036814590945e+04 9.695289404497134092e+04 2.171946898977006640e+04 2.729404671520091142e+04 -1.763318336790414105e+04 1.705289459204093146e+04 2.491418336220055353e+05 7.695451070169135928e+05 -7.710468447962485952e+05 -1.378298565313767540e+04 3.763780209888518439e+05 2.113140512477958509e+03 8.671379208129136532e+04 -2.925734247549606152e+04 2.853156121708108694e+05
