# lambda=0.6761167828936021
6.366193972085728496e+07 2.623390216630381998e+06 -1.096218028103321325e+06 8.361273998109499225e+05 1.845295397804045642e+05 3.719251478956052451e+05 -1.536933626216464036e+05 3.331640669927992858e+05 2.377876390107804618e+05 1.162560795040043257e+07 3.588301421136571207e+03 1.641410990438880865e+06 2.011464832029982470e+06 3.204745282329420559e+06 1.451663821552844020e+06 1.531383745408843039e+06 -2.035257023358381994e+05 7.021145122754503973e+05
2.623390216630381998e+06 2.451471735616124794e+07 -5.286806866737059318e+05 -4.234015762927807518e+05 2.929687227852428914e+05 4.479457656644125236e+05 -1.157790223863981919e+04 1.336384697724564176e+05 1.502038910041691270e+05 1.059607128949615918e+07 6.677896100679511204e+06 -2.939694908494974487e+06 1.096401616806671082e+05 1.041146570025305031e+06 2.598794327719933644e+05 1.209781447202072159e+05 1.648375406301062612e+05 2.715003472215521033e+05
-1.096218028103321325e+06 -5.286806866737059318e+05 4.765742137498348951e+06 -1.137178094752849429e+05 -8.369040551053021045e+04 -7.744376685331732006e+03 -8.312876173545875645e+04 -8.741414238015105366e+04 3.139785837000556057e+04 1.038011921669194126e+06 -3.122580807164619211e+06 -2.145407072373500851e+05 -9.721775013550423319e+05 -4.671693935496335616e+05 -1.060726269123934762e+05 -1.204530390606997826e+05 -1.178666682171697757e+05 1.539374821105303417e+05
8.361273998109499225e+05 -4.234015762927807518e+05 -1.137178094752849429e+05 1.521187891905694967e+06 8.261666495130200929e+04 -2.827768471513762779e+04 1.178867231437094233e+04 -1.591222009826093199e+04 8.367378874873524182e+03 6.466763394055737881e+05 2.477568977018143341e+05 8.572191490996100765e+04 4.029023940188771812e+05 6.409534781876838679e+04 2.244674973237839731e+04 1.766094320466381614e+05 -1.342764985638599901e+05 1.015359311123244843e+05
1.845295397804045642e+05 2.929687227852428914e+05 -8.369040551053021045e+04 8.261666495130200929e+04 8.034181384431171464e+05 6.851291789054608671e+04 -9.438192437906877785e+02 9.376517925595511770e+03 1.461207169696801793e+04 2.029654729832157027e+06 2.045878656818244199e+05 -6.702327795374070993e+05 -1.713420744706253754e+05 4.275068116621746449e+05 1.637460332545756828e+05 -1.222130008714362475e+03 -3.392063666697806184e+04 4.601732349982014966e+03
3.719251478956052451e+05 4.479457656644125236e+05 -7.744376685331732006e+03 -2.827768471513762779e+04 6.851291789054608671e+04 4.258236064540143125e+05 1.114597914730398224e+04 -3.880284743936365885e+03 -6.533087329935950038e+03 7.074227637632483384e+05 1.126818925859712908e+05 -2.102286767760972361e+04 -3.980439455726355664e+05 8.828721550252800807e+04 1.665584544974201999e+05 -4.731898871894676995e+04 -7.015342859383647738e+04 5.223738403520172142e+03
-1.536933626216464036e+05 -1.157790223863981919e+04 -8.312876173545875645e+04 1.178867231437094233e+04 -9.438192437906877785e+02 1.114597914730398224e+04 4.213403688971818192e+05 2.714149154601321789e+04 -3.105834503403805229e+03 -8.152424821961036650e+05 7.627133712879351806e+05 2.308536220736761461e+05 5.374825474248527462e+04 2.433095081540432511e+04 -5.213314333567443100e+04 1.388066363871801586e+05 -2.030908676887450838e+03 -4.567024400146345215e+03
3.331640669927992858e+05 1.336384697724564176e+05 -8.741414238015105366e+04 -1.591222009826093199e+04 9.376517925595511770e+03 -3.880284743936365885e+03 2.714149154601321789e+04 1.899929561567724741e+05 1.627834274524963075e+04 -2.621342667774168831e+02 -1.509793572029035422e+05 -7.318382918966781290e+04 1.546981433486904425e+05 1.173540626674545056e+05 -2.183890138037418001e+04 5.621233025831895793e+04 3.903592953411683266e+04 2.326222112166452644e+04
2.377876390107804618e+05 1.502038910041691270e+05 3.139785837000556057e+04 8.367378874873524182e+03 1.461207169696801793e+04 -6.533087329935950038e+03 -3.105834503403805229e+03 1.627834274524963075e+04 1.108616685526765214e+05 4.081642628555570263e+05 3.326073841385962442e+05 -9.243638638381725468e+04 3.436557406333086692e+04 6.201025732893444365e+04 -7.280378565294714463e+03 6.455521704249347385e+04 4.327933812676479647e+03 5.485775427441656939e+04
1.162560795040043257e+07 1.059607128949615918e+07 1.038011921669194126e+06 6.466763394055737881e+05 2.029654729832157027e+06 7.074227637632483384e+05 -8.152424821961036650e+05 -2.621342667774168831e+02 4.081642628555570263e+05 2.136819576585651636e+08 4.312641232283223420e+06 -3.690257986408472992e+06 2.725946845204773825e+06 4.413404644555399194e+06 3.369943741307108663e+06 -1.091132176614432363e+06 -5.398773155763759860e+04 9.579150555792558007e+05
3.588301421136571207e+03 6.677896100679511204e+06 -3.122580807164619211e+06 2.477568977018143341e+05 2.045878656818244199e+05 1.126818925859712908e+05 7.627133712879351806e+05 -1.509793572029035422e+05 3.326073841385962442e+05 4.312641232283223420e+06 1.092674524513608664e+08 2.259287572942188417e+05 -1.011150455494031339e+05 -4.289806188964182511e+05 6.371652282289630966e+05 1.530957708944377722e+06 2.722632308168269228e+05 -1.887178306892440378e+04
1.641410990438880865e+06 -2.939694908494974487e+06 -2.145407072373500851e+05 8.572191490996100765e+04 -6.702327795374070993e+05 -2.102286767760972361e+04 2.308536220736761461e+05 -7.318382918966781290e+04 -9.243638638381725468e+04 -3.690257986408472992e+06 2.259287572942188417e+05 3.260519651681972295e+07 1.986989831175181316e+06 -6.299698944264049642e+05 6.436909910464795539e+05 5.476499131948080612e+05 6.390158665705659660e+05 -4.433323870748918125e+04
2.011464832029982470e+06 1.096401616806671082e+05 -9.721775013550423319e+05 4.029023940188771812e+05 -1.713420744706253754e+05 -3.980439455726355664e+05 5.374825474248527462e+04 1.546981433486904425e+05 3.436557406333086692e+04 2.725946845204773825e+06 -1.011150455494031339e+05 1.986989831175181316e+06 2.164753651971935481e+07 1.064216183205061825e+06 -5.767144997276461218e+05 3.822845447451051441e+05 4.069239971286532236e+05 2.163219550502687634e+05
3.204745282329420559e+06 1.041146570025305031e+06 -4.671693935496335616e+05 6.409534781876838679e+04 4.275068116621746449e+05 8.828721550252800807e+04 2.433095081540432511e+04 1.173540626674545056e+05 6.201025732893444365e+04 4.413404644555399194e+06 -4.289806188964182511e+05 -6.299698944264049642e+05 1.064216183205061825e+06 8.991564035953249782e+06 2.158671472374283476e+05 4.583079962617147830e+05 6.470180412324486679e+04 2.852725380505469002e+04
1.451663821552844020e+06 2.598794327719933644e+05 -1.060726269123934762e+05 2.244674973237839731e+04 1.637460332545756828e+05 1.665584544974201999e+05 -5.213314333567443100e+04 -2.183890138037418001e+04 -7.280378565294714463e+03 3.369943741307108663e+06 6.371652282289630966e+05 6.436909910464795539e+05 -5.767144997276461218e+05 2.158671472374283476e+05 3.004225742056374904e+06 7.011852912622311851e+04 9.251192630531298346e+04 4.883391050217034353e+04
1.531383745408843039e+06 1.209781447202072159e+05 -1.204530390606997826e+05 1.766094320466381614e+05 -1.222130008714362475e+03 -4.731898871894676995e+04 1.388066363871801586e+05 5.621233025831895793e+04 6.455521704249347385e+04 -1.091132176614432363e+06 1.530957708944377722e+06 5.476499131948080612e+05 3.822845447451051441e+05 4.583079962617147830e+05 7.011852912622311851e+04 2.121188411202896852e+06 4.949510387674588128e+04 1.601473409781717055e+05
-2.035257023358381994e+05 1.648375406301062612e+05 -1.178666682171697757e+05 -1.342764985638599901e+05 -3.392063666697806184e+04 -7.015342859383647738e+04 -2.030908676887450838e+03 3.903592953411683266e+04 4.327933812676479647e+03 -5.398773155763759860e+04 2.722632308168269228e+05 6.390158665705659660e+05 4.069239971286532236e+05 6.470180412324486679e+04 9.251192630531298346e+04 4.949510387674588128e+04 1.098730318946316838e+06 -3.727230425657483283e+04
7.021145122754503973e+05 2.715003472215521033e+05 1.539374821105303417e+05 1.015359311123244843e+05 4.601732349982014966e+03 5.223738403520172142e+03 -4.567024400146345215e+03 2.326222112166452644e+04 5.485775427441656939e+04 9.579150555792558007e+05 -1.887178306892440378e+04 -4.433323870748918125e+04 2.163219550502687634e+05 2.852725380505469002e+04 4.883391050217034353e+04 1.601473409781717055e+05 -3.727230425657483283e+04 6.606489420862726402e+05
