# lambda=0.5222796649303986
3.653360655248517543e+07 -3.897805302084709983e+05 -2.424705976583044976e+06 -1.085564461504696868e+06 -1.714007577829386282e+05 -4.996634744173641666e+05 4.323881936951535317e+04 -3.743405579366812017e+05 -6.065662974936297542e+04 2.061357973654158413e+07 1.178833886563479900e+06 3.426096812763796188e+06 -5.701165980703497306e+06 5.856793732443136396e+05 -3.441620525785688078e+05 4.101084471237370744e+05 -9.366555006313862978e+05 -7.434548827652615728e+05
-3.897805302084709983e+05 1.127582714928519353e+07 1.409538504871933721e+06 2.832460135843689786e+05 5.835734296977913473e+05 -9.901251780402226723e+04 1.387749673875981534e+05 2.004677311795258138e+05 1.950773222185930354e+05 6.869777414464278845e+05 3.969956962198030204e+06 2.151329224623268237e+05 6.942570102518717758e+05 1.013549618212022353e+06 1.042790814274997101e+06 9.516199829297461547e+05 1.136622488304193103e+05 2.669529770775566576e+05
-2.424705976583044976e+06 1.409538504871933721e+06 5.413802088967633434e+06 6.183698552527863067e+05 2.499054887205738050e+05 1.095835143016876245e+05 1.716090858892672113e+05 -3.341355331723085783e+03 -3.235666375471182255e+04 2.226355021929651964e+06 1.543770406985255424e+06 1.271901040662867017e+06 1.581904100288694259e+06 1.547039013897846220e+06 -3.194075545275527402e+05 3.405989827738068998e+05 1.664469148095018463e+05 4.690261983164547128e+05
-1.085564461504696868e+06 2.832460135843689786e+05 6.183698552527863067e+05 1.930645403785667615e+06 2.275211157953554066e+05 9.321245362824967015e+04 1.121118183400224780e+03 -4.531928172686572361e+04 -9.039013179687473894e+03 -1.755952827746371971e+06 1.035969408128704876e+06 7.302166377157453680e+05 1.294079687538104132e+06 7.184696064887748798e+05 1.122344931915216875e+05 1.437886355000742478e+05 -1.270352884257582627e+05 8.343689209108085197e+04
-1.714007577829386282e+05 5.835734296977913473e+05 2.499054887205738050e+05 2.275211157953554066e+05 8.349834621037874604e+05 7.870519863094406901e+04 -7.693941318510593192e+03 -1.544574237166336570e+04 4.295334927040056209e+04 2.134473464910428040e+06 2.530351962391978130e+06 -1.895589181256824231e+05 7.121238036576530430e+04 5.702206205755437259e+05 1.767094750669195491e+05 3.346894057172640714e+03 -4.366544521628945949e+04 7.019933683957772155e+04
-4.996634744173641666e+05 -9.901251780402226723e+04 1.095835143016876245e+05 9.321245362824967015e+04 7.870519863094406901e+04 5.149996289416378131e+05 1.081254688668649178e+05 3.291111520790369104e+04 6.531339617763216665e+04 -2.007369397280914418e+05 4.311646290759929107e+05 -4.254958064746613381e+05 2.708419945583242807e+05 1.107458488667413330e+05 -1.067995869886899891e+05 -2.566326573459965948e+04 1.065585821881112206e+05 9.832184454840989201e+04
4.323881936951535317e+04 1.387749673875981534e+05 1.716090858892672113e+05 1.121118183400224780e+03 -7.693941318510593192e+03 1.081254688668649178e+05 4.086033915944765322e+05 5.739997344766164315e+04 3.125059000081369595e+04 1.164406977663951926e+06 -3.434627489794780558e+04 1.017596547170194244e+05 4.668246454839257640e+05 2.215931341980450670e+05 -1.656191586317467682e+03 2.223601889273739653e+04 9.149171744743858289e+04 6.945996163718504249e+04
-3.743405579366812017e+05 2.004677311795258138e+05 -3.341355331723085783e+03 -4.531928172686572361e+04 -1.544574237166336570e+04 3.291111520790369104e+04 5.739997344766164315e+04 2.353031509129070328e+05 7.131538022820178594e+04 -1.127813474465459818e+06 -4.353448080670613563e+05 -3.199180979442374337e+03 1.048996316033167677e+05 -9.103207663963497907e+04 1.544912235509922175e+04 1.226999541072269858e+04 4.086100534707072075e+04 3.537244616361761291e+04
-6.065662974936297542e+04 1.950773222185930354e+05 -3.235666375471182255e+04 -9.039013179687473894e+03 4.295334927040056209e+04 6.531339617763216665e+04 3.125059000081369595e+04 7.131538022820178594e+04 2.362350867308611341e+05 -9.038609700017066207e+05 -3.791645430751383537e+05 -1.068729864764964732e+05 2.087980629551494494e+05 2.733688731972011010e+04 7.971164095497868402e+03 -1.023716004620257991e+04 1.151151695715644018e+04 2.954645621937752003e+04
2.061357973654158413e+07 6.869777414464278845e+05 2.226355021929651964e+06 -1.755952827746371971e+06 2.134473464910428040e+06 -2.007369397280914418e+05 1.164406977663951926e+06 -1.127813474465459818e+06 -9.038609700017066207e+05 2.916789708720620871e+08 2.441660259833329543e+07 8.670243419176386669e+06 -7.242257996577547863e+06 8.730659279688185081e+06 8.087439644280531211e+05 4.762746674145850557e+04 1.510019420531873591e+06 5.500931117795575410e+05
1.178833886563479900e+06 3.969956962198030204e+06 1.543770406985255424e+06 1.035969408128704876e+06 2.530351962391978130e+06 4.311646290759929107e+05 -3.434627489794780558e+04 -4.353448080670613563e+05 -3.791645430751383537e+05 2.441660259833329543e+07 1.114105696048523784e+08 1.045532350590166263e+07 -1.803315737742679426e+06 5.073662142258905806e+06 -8.253321619629798224e+05 -5.591359131154083880e+05 -4.236719073884819954e+04 6.923526618960596388e+05
3.426096812763796188e+06 2.151329224623268237e+05 1.271901040662867017e+06 7.302166377157453680e+05 -1.895589181256824231e+05 -4.254958064746613381e+05 1.017596547170194244e+05 -3.199180979442374337e+03 -1.068729864764964732e+05 8.670243419176386669e+06 1.045532350590166263e+07 4.016110912356904894e+07 9.418204392461937387e+05 2.581849404013372026e+06 -1.672510239893654943e+05 7.970119889055913081e+05 1.917364684604610375e+05 7.718346315920468187e+05
-5.701165980703497306e+06 6.942570102518717758e+05 1.581904100288694259e+06 1.294079687538104132e+06 7.121238036576530430e+04 2.708419945583242807e+05 4.668246454839257640e+05 1.048996316033167677e+05 2.087980629551494494e+05 -7.242257996577547863e+06 -1.803315737742679426e+06 9.418204392461937387e+05 2.028895814501723647e+07 1.875198098725844873e+06 5.198193120390081895e+05 3.011064672156377928e+05 -9.846745861867420899e+03 5.839288996270488715e+05
5.856793732443136396e+05 1.013549618212022353e+06 1.547039013897846220e+06 7.184696064887748798e+05 5.702206205755437259e+05 1.107458488667413330e+05 2.215931341980450670e+05 -9.103207663963497907e+04 2.733688731972011010e+04 8.730659279688185081e+06 5.073662142258905806e+06 2.581849404013372026e+06 1.875198098725844873e+06 7.582866968937401660e+06 2.103158778729291516e+05 -5.211673328829076490e+04 1.596164891938547953e+05 3.949945980682859081e+05
-3.441620525785688078e+05 1.042790814274997101e+06 -3.194075545275527402e+05 1.122344931915216875e+05 1.767094750669195491e+05 -1.067995869886899891e+05 -1.656191586317467682e+03 1.544912235509922175e+04 7.971164095497868402e+03 8.087439644280531211e+05 -8.253321619629798224e+05 -1.672510239893654943e+05 5.198193120390081895e+05 2.103158778729291516e+05 3.682498056799039710e+06 3.910829222835965920e+05 1.013895100044499559e+05 7.694659101269017265e+04
4.101084471237370744e+05 9.516199829297461547e+05 3.405989827738068998e+05 1.437886355000742478e+05 3.346894057172640714e+03 -2.566326573459965948e+04 2.223601889273739653e+04 1.226999541072269858e+04 -1.023716004620257991e+04 4.762746674145850557e+04 -5.591359131154083880e+05 7.970119889055913081e+05 3.011064672156377928e+05 -5.211673328829076490e+04 3.910829222835965920e+05 1.863780004476286937e+06 -3.981793827423671610e+04 1.248926648558767629e+05
-9.366555006313862978e+05 1.136622488304193103e+05 1.664469148095018463e+05 -1.270352884257582627e+05 -4.366544521628945949e+04 1.065585821881112206e+05 9.149171744743858289e+04 4.086100534707072075e+04 1.151151695715644018e+04 1.510019420531873591e+06 -4.236719073884819954e+04 1.917364684604610375e+05 -9.846745861867420899e+03 1.596164891938547953e+05 1.013895100044499559e+05 -3.981793827423671610e+04 1.081243692839688156e+06 1.796077250252639351e+05
-7.434548827652615728e+05 2.669529770775566576e+05 4.690261983164547128e+05 8.343689209108085197e+04 7.019933683957772155e+04 9.832184454840989201e+04 6.945996163718504249e+04 3.537244616361761291e+04 2.954645621937752003e+04 5.500931117795575410e+05 6.923526618960596388e+05 7.718346315920468187e+05 5.839288996270488715e+05 3.949945980682859081e+05 7.694659101269017265e+04 1.248926648558767629e+05 1.796077250252639351e+05 6.769434072830029763e+05
