# lambda=0.45917606554638885
5.485694131662300229e+07 6.988089454029646004e+05 -7.795183975042864913e+05 3.393099034919232130e+06 5.578831726819428150e+05 5.517431230915286142e+04 -7.807551027788914507e+05 3.236197821975878906e+05 8.227658190171307069e+04 -2.737558944592704531e+06 1.054162848983208090e+07 -3.395366585802920745e+05 1.241449639240643242e+06 2.796937767533511855e+06 -6.035580629160986282e+05 -1.341863206171178026e+05 3.420514689056141069e+05 -3.021148166820500628e+05
6.988089454029646004e+05 1.072088043123145401e+07 1.583489787577514071e+06 4.848739593538199551e+05 1.263306605180785264e+05 8.299273911831095756e+04 -1.090030423142796790e+05 9.923073289132611535e+04 1.915381262376292216e+04 1.915419667464816943e+06 9.565952882407881320e+06 2.197702229392283596e+06 -2.385724049296960293e+05 -3.552906164805588196e+05 6.270053671109597199e+05 -1.074240604005493224e+06 -1.047836998799807479e+05 -1.187645752908267896e+05
-7.795183975042864913e+05 1.583489787577514071e+06 3.699101901026476175e+06 4.055013166745003546e+05 6.445383346566214459e+04 1.950411411353715812e+04 3.820199609604776924e+04 2.764462642480972863e+04 -7.523865682640927844e+04 -4.108001664139491040e+06 2.643042761273404583e+06 7.155842322030480718e+05 -8.706198293596040457e+05 -8.941360255720556015e+05 3.125768592256860575e+05 -6.196014483433885034e+05 -3.374791429045727709e+05 1.520822386000191327e+05
3.393099034919232130e+06 4.848739593538199551e+05 4.055013166745003546e+05 2.397452293135670945e+06 1.755256866371354263e+05 5.497195351031659084e+04 -9.099072357827558881e+04 1.455682725319094898e+05 4.427826260157467186e+04 1.297943792606836185e+06 2.904930747351110913e+06 1.105560466557514388e+06 1.368981705697110156e+05 2.030020600634054863e+05 -2.443947260218623851e+05 -4.605674526836504810e+05 1.138525685954613982e+04 4.228938959872716805e+04
5.578831726819428150e+05 1.263306605180785264e+05 6.445383346566214459e+04 1.755256866371354263e+05 5.591150239050905220e+05 8.842938288474957517e+04 2.885271607373281586e+04 -2.899559634229872609e+04 7.172412923288719867e+03 2.316574402555532288e+06 1.174571671329146717e+06 1.081898081356291223e+05 -7.881038224102057939e+03 2.775728414703744929e+05 3.996574132361890952e+04 -1.052701164308880107e+05 -1.073985052665998810e+05 4.805988674243634159e+04
5.517431230915286142e+04 8.299273911831095756e+04 1.950411411353715812e+04 5.497195351031659084e+04 8.842938288474957517e+04 4.642643808761301916e+05 7.911773703632148681e+04 2.300053541925752143e+04 6.609616469807989233e+03 5.958084829020637553e+05 -2.282589857729751966e+05 -1.241270790660410566e+05 -4.218823499654040643e+04 9.978502123780843976e+04 3.231051297366269864e+05 6.087500789896292190e+03 -2.368455153477842430e+02 2.438158607437992760e+04
-7.807551027788914507e+05 -1.090030423142796790e+05 3.820199609604776924e+04 -9.099072357827558881e+04 2.885271607373281586e+04 7.911773703632148681e+04 3.144214240229844581e+05 1.750941403060132507e+04 2.425642913891036369e+04 3.223531076697347453e+04 -6.807579092836162308e+05 9.823662096884816492e+03 -1.293052043294067407e+05 -5.460814066183767136e+04 1.410098575689632562e+05 1.450622307487348153e+05 1.414765685978796500e+04 -1.567003099575777378e+04
3.236197821975878906e+05 9.923073289132611535e+04 2.764462642480972863e+04 1.455682725319094898e+05 -2.899559634229872609e+04 2.300053541925752143e+04 1.750941403060132507e+04 1.785534762904729287e+05 2.204632909380920682e+04 -6.241843980534449220e+05 -6.658525886075045855e+04 9.717036156986301648e+04 -6.427622970112332405e+04 -1.191913934833397507e+05 3.566308910610636667e+04 -1.288323613749260403e+04 4.709984054355855915e+04 -4.881787644062225445e+04
8.227658190171307069e+04 1.915381262376292216e+04 -7.523865682640927844e+04 4.427826260157467186e+04 7.172412923288719867e+03 6.609616469807989233e+03 2.425642913891036369e+04 2.204632909380920682e+04 7.205649433715951454e+04 5.488586570118961390e+05 -1.004043688692142860e+04 7.460379500629162976e+03 6.272676592163786700e+04 -2.089971507499293512e+04 -1.936496155141978988e+03 4.767304169218181778e+04 2.919220792742995764e+04 -2.069665549644977546e+03
-2.737558944592704531e+06 1.915419667464816943e+06 -4.108001664139491040e+06 1.297943792606836185e+06 2.316574402555532288e+06 5.958084829020637553e+05 3.223531076697347453e+04 -6.241843980534449220e+05 5.488586570118961390e+05 2.074097204734359384e+08 2.467724727112420276e+07 1.832952332981009409e+07 3.755859427782150451e+06 5.677576902097148122e+05 -1.930628781608390622e+06 -1.931256062253787240e+05 -5.755388465309954481e+05 2.220564890548176772e+05
1.054162848983208090e+07 9.565952882407881320e+06 2.643042761273404583e+06 2.904930747351110913e+06 1.174571671329146717e+06 -2.282589857729751966e+05 -6.807579092836162308e+05 -6.658525886075045855e+04 -1.004043688692142860e+04 2.467724727112420276e+07 9.286664802492615581e+07 1.164425804378497973e+07 1.326063193962250138e+06 4.190359368196573574e+06 -6.435657936455185991e+05 -2.092353926536417566e+06 -1.042021297106636805e+06 -3.253824027845536475e+05
-3.395366585802920745e+05 2.197702229392283596e+06 7.155842322030480718e+05 1.105560466557514388e+06 1.081898081356291223e+05 -1.241270790660410566e+05 9.823662096884816492e+03 9.717036156986301648e+04 7.460379500629162976e+03 1.832952332981009409e+07 1.164425804378497973e+07 1.400792180879129469e+07 3.469092515282824170e+05 3.221069399874626542e+05 -4.102452296618577675e+05 -8.331837210691685323e+05 -4.394607041579128709e+05 -1.631812412140571105e+05
1.241449639240643242e+06 -2.385724049296960293e+05 -8.706198293596040457e+05 1.368981705697110156e+05 -7.881038224102057939e+03 -4.218823499654040643e+04 -1.293052043294067407e+05 -6.427622970112332405e+04 6.272676592163786700e+04 3.755859427782150451e+06 1.326063193962250138e+06 3.469092515282824170e+05 6.528078175853537396e+06 1.083243884538707556e+06 -5.218672246661077952e+05 2.163566481835893937e+05 3.497467134368747356e+05 1.417462916593923001e+05
2.796937767533511855e+06 -3.552906164805588196e+05 -8.941360255720556015e+05 2.030020600634054863e+05 2.775728414703744929e+05 9.978502123780843976e+04 -5.460814066183767136e+04 -1.191913934833397507e+05 -2.089971507499293512e+04 5.677576902097148122e+05 4.190359368196573574e+06 3.221069399874626542e+05 1.083243884538707556e+06 8.701937559838768095e+06 2.000563203647552000e+05 -4.377636355180729151e+04 -7.740256945354818890e+04 -2.422962585430596082e+05
-6.035580629160986282e+05 6.270053671109597199e+05 3.125768592256860575e+05 -2.443947260218623851e+05 3.996574132361890952e+04 3.231051297366269864e+05 1.410098575689632562e+05 3.566308910610636667e+04 -1.936496155141978988e+03 -1.930628781608390622e+06 -6.435657936455185991e+05 -4.102452296618577675e+05 -5.218672246661077952e+05 2.000563203647552000e+05 2.295666256200499833e+06 -1.021171565431561030e+05 -9.711490672553116747e+04 -4.847780455874116160e+04
-1.341863206171178026e+05 -1.074240604005493224e+06 -6.196014483433885034e+05 -4.605674526836504810e+05 -1.052701164308880107e+05 6.087500789896292190e+03 1.450622307487348153e+05 -1.288323613749260403e+04 4.767304169218181778e+04 -1.931256062253787240e+05 -2.092353926536417566e+06 -8.331837210691685323e+05 2.163566481835893937e+05 -4.377636355180729151e+04 -1.021171565431561030e+05 1.632244615052412730e+06 2.255005508631051052e+05 -3.332981981532788632e+04
3.420514689056141069e+05 -1.047836998799807479e+05 -3.374791429045727709e+05 1.138525685954613982e+04 -1.073985052665998810e+05 -2.368455153477842430e+02 1.414765685978796500e+04 4.709984054355855915e+04 2.919220792742995764e+04 -5.755388465309954481e+05 -1.042021297106636805e+06 -4.394607041579128709e+05 3.497467134368747356e+05 -7.740256945354818890e+04 -9.711490672553116747e+04 2.255005508631051052e+05 6.199311905783603434e+05 -7.492707974337816995e+04
-3.021148166820500628e+05 -1.187645752908267896e+05 1.520822386000191327e+05 4.228938959872716805e+04 4.805988674243634159e+04 2.438158607437992760e+04 -1.567003099575777378e+04 -4.881787644062225445e+04 -2.069665549644977546e+03 2.220564890548176772e+05 -3.253824027845536475e+05 -1.631812412140571105e+05 1.417462916593923001e+05 -2.422962585430596082e+05 -4.847780455874116160e+04 -3.332981981532788632e+04 -7.492707974337816995e+04 4.767966783544523641e+05
