# lambda=0.4841530509337663
5.799413594563566148e+07 4.307223904286820441e+06 2.607486651506650960e+05 -4.917524728633165942e+05 1.029668931992331636e+05 -1.115934537967852317e+06 -1.792194441612355586e+05 -2.347899596825966437e+05 -6.208339705118395068e+04 3.135282698667911440e+07 5.732095565282881260e+06 4.723972405511199497e+06 2.350143505284648389e+06 1.688115350361730671e+06 1.084859058123175288e+06 -9.445503037679902045e+05 -2.842707302847348619e+05 3.924909642710281187e+05
4.307223904286820441e+06 1.205945033465220407e+07 2.073236613116484077e+05 -9.366169844229876617e+03 6.510859034588270588e+05 1.822360987581006484e+05 3.602981418434555526e+05 1.260779915990179579e+05 -2.902714669279465306e+04 8.006609536578442901e+06 2.406186751874201465e+06 1.289386355394249986e+05 1.924277119011904811e+06 1.021706822773275664e+06 -4.863018508755784133e+05 -8.140778766563705867e+05 3.342923223185354727e+05 -1.617431356660893362e+05
2.607486651506650960e+05 2.073236613116484077e+05 2.568427345622767229e+06 1.918000883476962626e+05 2.759319550864656412e+04 1.297241901662011805e+05 4.128011820320228435e+04 4.310462044925635564e+04 -6.259267784158735594e+04 -2.013578604545184178e+06 3.034389375108608510e+05 2.414652768855675124e+06 7.999769130536378361e+05 -1.800776561779469484e+05 5.743256063502925681e+05 -6.863605977912554226e+04 -6.473016482386989082e+04 -4.960850200866911473e+04
-4.917524728633165942e+05 -9.366169844229876617e+03 1.918000883476962626e+05 1.861428218294980004e+06 2.363277334590975952e+05 1.177604629501600357e+04 9.914368795350678556e+04 9.955483275078459701e+04 6.975590005609265063e+04 -1.768606156032326166e+06 -3.480965090046341065e+05 4.878856076414496638e+05 8.389095406082138652e+04 -5.699276674379921751e+05 4.423432274865632062e+05 1.484103803384875355e+05 -1.333627118371393881e+05 -1.241479692747477384e+04
1.029668931992331636e+05 6.510859034588270588e+05 2.759319550864656412e+04 2.363277334590975952e+05 8.880773004589888733e+05 4.623687992476631916e+04 1.082871836325267650e+05 5.562502668612232810e+04 5.671584332526394428e+04 -1.164286492858855519e+06 3.595304862962912885e+05 3.854904306552323396e+05 3.250999886715721223e+05 4.253876537653520063e+04 1.789179809313071601e+05 -2.134099179782446299e+05 -7.786359008846431971e+04 -1.388265621085857856e+05
-1.115934537967852317e+06 1.822360987581006484e+05 1.297241901662011805e+05 1.177604629501600357e+04 4.623687992476631916e+04 5.735389539928825106e+05 6.479143822875233309e+04 4.807435532238263113e+04 7.712193635675174301e+04 -1.940763389289160725e+06 4.815807867049107153e+04 3.700348177020729054e+05 3.516332227113033296e+05 -3.145344883213550202e+05 6.628681876202808053e+04 1.528523639794330229e+05 -4.962513587502270093e+04 1.316207811645496076e+04
-1.792194441612355586e+05 3.602981418434555526e+05 4.128011820320228435e+04 9.914368795350678556e+04 1.082871836325267650e+05 6.479143822875233309e+04 2.666546221294290735e+05 2.205217236497365229e+04 2.615530504988212124e+04 8.207852705741275568e+05 -5.343603801304776425e+04 4.496107583109657571e+04 1.424436006471857545e+05 -8.826810195430513704e+04 1.197620672749517689e+05 4.557816290878227301e+04 2.650787936953023745e+04 3.513450735204515240e+03
-2.347899596825966437e+05 1.260779915990179579e+05 4.310462044925635564e+04 9.955483275078459701e+04 5.562502668612232810e+04 4.807435532238263113e+04 2.205217236497365229e+04 9.704754845703212777e+04 2.202880678111524321e+04 -4.037721279886228149e+05 -1.941606457328382239e+05 1.046796353183677857e+05 1.323118595959111990e+05 -2.785568066290208299e+04 8.085193158357210632e+04 6.100796781086141709e+04 6.486826910705784940e+03 8.954096101467924882e+02
-6.208339705118395068e+04 -2.902714669279465306e+04 -6.259267784158735594e+04 6.975590005609265063e+04 5.671584332526394428e+04 7.712193635675174301e+04 2.615530504988212124e+04 2.202880678111524321e+04 2.043866740587908425e+05 -1.344094365733225713e+05 2.472867010361651774e+05 3.285674531485402258e+05 7.045341914761016960e+04 -1.990561579459363711e+05 1.293942710956284718e+05 1.148800586183513515e+05 -6.522048881743182574e+04 5.140471281204846309e+04
3.135282698667911440e+07 8.006609536578442901e+06 -2.013578604545184178e+06 -1.768606156032326166e+06 -1.164286492858855519e+06 -1.940763389289160725e+06 8.207852705741275568e+05 -4.037721279886228149e+05 -1.344094365733225713e+05 2.294890056875800490e+08 -6.443837927027832717e+06 -4.608831689942601137e+06 3.409620097531988751e+06 5.801447928528822958e+06 4.676865456780657172e+06 5.483947278003514512e+05 -3.824143368844324723e+05 6.158895162711013108e+05
5.732095565282881260e+06 2.406186751874201465e+06 3.034389375108608510e+05 -3.480965090046341065e+05 3.595304862962912885e+05 4.815807867049107153e+04 -5.343603801304776425e+04 -1.941606457328382239e+05 2.472867010361651774e+05 -6.443837927027832717e+06 7.319834596331666410e+07 1.522530038179325312e+07 4.241323748217250220e+06 2.406938192386064213e+06 -2.354798463257723488e+05 -1.707896250218958827e+06 2.502504646232582163e+05 1.547769035593008623e+06
4.723972405511199497e+06 1.289386355394249986e+05 2.414652768855675124e+06 4.878856076414496638e+05 3.854904306552323396e+05 3.700348177020729054e+05 4.496107583109657571e+04 1.046796353183677857e+05 3.285674531485402258e+05 -4.608831689942601137e+06 1.522530038179325312e+07 3.142536783542069793e+07 3.179743318774331827e+06 -3.065874068001201958e+05 2.156992407775770407e+06 3.598820324843471171e+05 -1.136740463700404798e+05 6.860947483582915738e+05
2.350143505284648389e+06 1.924277119011904811e+06 7.999769130536378361e+05 8.389095406082138652e+04 3.250999886715721223e+05 3.516332227113033296e+05 1.424436006471857545e+05 1.323118595959111990e+05 7.045341914761016960e+04 3.409620097531988751e+06 4.241323748217250220e+06 3.179743318774331827e+06 8.069300230418434367e+06 6.762873814838941908e+05 1.555115495047607925e+06 1.189068172791728866e+05 -5.820567762367405521e+03 1.846357059974840959e+05
1.688115350361730671e+06 1.021706822773275664e+06 -1.800776561779469484e+05 -5.699276674379921751e+05 4.253876537653520063e+04 -3.145344883213550202e+05 -8.826810195430513704e+04 -2.785568066290208299e+04 -1.990561579459363711e+05 5.801447928528822958e+06 2.406938192386064213e+06 -3.065874068001201958e+05 6.762873814838941908e+05 5.081961565895056352e+06 -5.796453951617721759e+04 -6.638671467818615492e+05 1.706010532986810431e+05 3.294197097256541747e+04
1.084859058123175288e+06 -4.863018508755784133e+05 5.743256063502925681e+05 4.423432274865632062e+05 1.789179809313071601e+05 6.628681876202808053e+04 1.197620672749517689e+05 8.085193158357210632e+04 1.293942710956284718e+05 4.676865456780657172e+06 -2.354798463257723488e+05 2.156992407775770407e+06 1.555115495047607925e+06 -5.796453951617721759e+04 3.715946838726012036e+06 5.056921609228774323e+05 -1.584191366105844209e+05 3.475408878691704740e+04
-9.445503037679902045e+05 -8.140778766563705867e+05 -6.863605977912554226e+04 1.484103803384875355e+05 -2.134099179782446299e+05 1.528523639794330229e+05 4.557816290878227301e+04 6.100796781086141709e+04 1.148800586183513515e+05 5.483947278003514512e+05 -1.707896250218958827e+06 3.598820324843471171e+05 1.189068172791728866e+05 -6.638671467818615492e+05 5.056921609228774323e+05 2.183642365456764586e+06 3.396738808360853909e+03 1.141691967488836781e+04
-2.842707302847348619e+05 3.342923223185354727e+05 -6.473016482386989082e+04 -1.333627118371393881e+05 -7.786359008846431971e+04 -4.962513587502270093e+04 2.650787936953023745e+04 6.486826910705784940e+03 -6.522048881743182574e+04 -3.824143368844324723e+05 2.502504646232582163e+05 -1.136740463700404798e+05 -5.820567762367405521e+03 1.706010532986810431e+05 -1.584191366105844209e+05 3.396738808360853909e+03 7.945969494353599148e+05 4.216887762284338532e+04
3.924909642710281187e+05 -1.617431356660893362e+05 -4.960850200866911473e+04 -1.241479692747477384e+04 -1.388265621085857856e+05 1.316207811645496076e+04 3.513450735204515240e+03 8.954096101467924882e+02 5.140471281204846309e+04 6.158895162711013108e+05 1.547769035593008623e+06 6.860947483582915738e+05 1.846357059974840959e+05 3.294197097256541747e+04 3.475408878691704740e+04 1.141691967488836781e+04 4.216887762284338532e+04 7.071801491772754816e+05
