# alpha=-0.2096199791274087, beta=1.3364163102959636
2.194824012191554599e-08 -2.813631141105033934e-09 4.564001559654537817e-09 -3.728126576711270188e-09 1.993811318733121866e-08 -4.776569930706357729e-08 3.208864970828970666e-09 6.147815453881010429e-09 3.170877630312290732e-08 -8.283515891304161330e-10 -2.198018476875205943e-10 -6.076396213457424603e-10 2.265909684209574929e-10 1.065791183963989145e-08 2.119418535907786361e-09 -4.783903777987742000e-09 -4.543255206709355425e-09 -1.173079397297915910e-08
-2.813631141105033934e-09 3.336003974877515152e-08 9.900445851498560092e-09 3.765163499946727224e-09 3.951281473280684668e-08 -2.736288526912651901e-08 -1.197913114646269169e-08 8.437959460351864601e-09 2.084196145357430772e-08 -1.161324359153182390e-09 1.959836692546526869e-09 -1.555905529227977650e-09 -2.232845759508496653e-09 1.346926923265469456e-08 1.041584559404728159e-08 -8.080050730906086379e-09 -1.515423492920607819e-09 6.349195711050300664e-09
4.564001559654537817e-09 9.900445851498560092e-09 1.165705541940554489e-07 6.065170200754839735e-08 2.512602153706730133e-08 5.855307975340125391e-08 -5.693874855301757764e-08 -1.072951309024767898e-07 3.860212694551099382e-08 3.726811976401071165e-09 4.681677110561304557e-09 8.407898290988135817e-09 -8.288651695635939469e-09 -7.445397920353423456e-09 8.366137965832847786e-09 -3.411362676687034156e-08 9.141553300892130784e-09 -1.530945266431591676e-08
-3.728126576711269361e-09 3.765163499946726397e-09 6.065170200754839735e-08 3.786825407293977022e-07 2.178496969100377701e-08 9.924075287755404119e-08 8.676703697244947308e-08 -1.950533756980985983e-08 -6.140535238760961473e-08 -4.010844047461612062e-09 -4.378867826914369244e-09 -8.632268542823000052e-09 2.111570979867337974e-08 2.175791047021867720e-08 -6.704173921586278170e-09 5.227661238628158778e-08 1.154175015419967933e-08 2.865832231710520776e-08
1.993811318733121866e-08 3.951281473280684668e-08 2.512602153706730133e-08 2.178496969100377040e-08 1.876268831904078975e-06 -7.367775845741773849e-08 1.308435753419414540e-07 -2.115889010132900209e-08 -4.509079769604669203e-08 -5.697021397286449583e-09 -1.703988321636953197e-08 -3.540906070597164923e-08 5.896819942980092499e-08 -4.308619085791725495e-08 2.738907966214380319e-08 -3.204278763581416891e-09 9.986646091301270119e-08 -3.308152572289800781e-08
-4.776569930706357729e-08 -2.736288526912651901e-08 5.855307975340125391e-08 9.924075287755404119e-08 -7.367775845741773849e-08 1.763917455250203647e-06 1.921850100924701964e-07 -3.406256935290710663e-07 6.879429558682479233e-07 -1.984426246922087561e-08 -2.547383601742638040e-08 -3.019793040611042401e-08 8.660457216249477031e-08 2.839494583152393561e-08 1.507368257599994208e-07 -1.694880460846010123e-07 1.808159928000595110e-07 -2.657969940433398825e-07
3.208864970828970666e-09 -1.197913114646269169e-08 -5.693874855301757764e-08 8.676703697244948631e-08 1.308435753419414540e-07 1.921850100924701964e-07 1.991636057594530258e-06 -4.369702813524297942e-09 2.896464241930614151e-07 8.166740213456244500e-09 1.077026132940197480e-08 -1.136518096055637158e-08 -3.898042784171069293e-09 2.794559127849908572e-08 2.157415309856109880e-08 -8.258635004827041404e-09 -1.125429208946309760e-07 7.315374190321444031e-08
6.147815453881013738e-09 8.437959460351867910e-09 -1.072951309024767898e-07 -1.950533756980986314e-08 -2.115889010132898555e-08 -3.406256935290709604e-07 -4.369702813524312004e-09 4.380594575261323586e-06 8.489801994634720798e-07 -1.140896335280529588e-08 7.944517636669333912e-10 -4.696089815733006354e-08 6.727163702046737514e-08 1.127663798337549221e-08 1.715307291083050196e-07 2.751939890242236159e-08 2.182185664158415254e-07 -2.178849797546327950e-07
3.170877630312290732e-08 2.084196145357431102e-08 3.860212694551099382e-08 -6.140535238760962796e-08 -4.509079769604670527e-08 6.879429558682479233e-07 2.896464241930614680e-07 8.489801994634722916e-07 4.779149180860066038e-06 1.430674465602914991e-08 2.197885639983344886e-09 -1.560221174061427625e-08 2.225140106206867580e-08 -2.679021491097286418e-07 -3.742694162208112602e-08 1.914722275796863586e-07 -9.836760364799915730e-08 5.151094236761147576e-07
-8.283515891304163398e-10 -1.161324359153182597e-09 3.726811976401071992e-09 -4.010844047461612062e-09 -5.697021397286448756e-09 -1.984426246922087561e-08 8.166740213456244500e-09 -1.140896335280529588e-08 1.430674465602914991e-08 3.588189165181951710e-09 -7.949667091631767587e-10 -1.046831553503091769e-09 2.522892284860227058e-09 3.371585861883953166e-09 5.951818686896429493e-09 -8.210702114396059512e-11 3.205684460004876284e-09 -5.642453372257610407e-09
-2.198018476875207752e-10 1.959836692546526042e-09 4.681677110561304557e-09 -4.378867826914370071e-09 -1.703988321636953528e-08 -2.547383601742638701e-08 1.077026132940197646e-08 7.944517636669333912e-10 2.197885639983344886e-09 -7.949667091631767587e-10 1.043744882037038490e-08 -3.821076572883926664e-10 4.480255074546870540e-09 -5.964496446830180960e-10 4.397991024583118285e-09 9.370531017660996166e-10 4.409913875347201328e-09 -7.328258705069998509e-09
-6.076396213457427705e-10 -1.555905529227977444e-09 8.407898290988135817e-09 -8.632268542823001706e-09 -3.540906070597164923e-08 -3.019793040611042401e-08 -1.136518096055637158e-08 -4.696089815733006354e-08 -1.560221174061427625e-08 -1.046831553503091976e-09 -3.821076572883925113e-10 3.402198548911385202e-08 1.657013228327459956e-08 -2.128030215007757680e-09 1.884173185505602797e-08 1.153926251315763371e-08 -3.077774458775929679e-09 5.412919388479674635e-09
2.265909684209576997e-10 -2.232845759508497067e-09 -8.288651695635941124e-09 2.111570979867337974e-08 5.896819942980093161e-08 8.660457216249477031e-08 -3.898042784171071774e-09 6.727163702046737514e-08 2.225140106206867580e-08 2.522892284860227058e-09 4.480255074546870540e-09 1.657013228327459956e-08 6.462367531770652983e-08 1.523339460954670805e-08 -3.951774175229823841e-08 6.999949706221712094e-09 -8.683618549672421793e-09 1.905705678167292159e-08
1.065791183963989145e-08 1.346926923265469456e-08 -7.445397920353425110e-09 2.175791047021867720e-08 -4.308619085791725495e-08 2.839494583152393561e-08 2.794559127849909565e-08 1.127663798337549883e-08 -2.679021491097286418e-07 3.371585861883952752e-09 -5.964496446830179926e-10 -2.128030215007758921e-09 1.523339460954670805e-08 2.311904629315070428e-07 3.120762387479887208e-08 1.215924821033141762e-08 2.985449419388225662e-09 6.429960707894502298e-08
2.119418535907786774e-09 1.041584559404728490e-08 8.366137965832847786e-09 -6.704173921586281478e-09 2.738907966214380981e-08 1.507368257599994208e-07 2.157415309856109880e-08 1.715307291083050196e-07 -3.742694162208113926e-08 5.951818686896429493e-09 4.397991024583117458e-09 1.884173185505602466e-08 -3.951774175229823841e-08 3.120762387479887208e-08 1.801551571529919657e-07 1.375554414159913087e-08 1.423094150415011541e-08 1.295807204271154571e-09
-4.783903777987742000e-09 -8.080050730906088033e-09 -3.411362676687034156e-08 5.227661238628159440e-08 -3.204278763581422268e-09 -1.694880460846010123e-07 -8.258635004827046367e-09 2.751939890242234835e-08 1.914722275796863586e-07 -8.210702114396068559e-11 9.370531017660996166e-10 1.153926251315763702e-08 6.999949706221712094e-09 1.215924821033141762e-08 1.375554414159913087e-08 7.175117599697317037e-07 9.676364715100028103e-08 -6.934161076811688725e-08
-4.543255206709353770e-09 -1.515423492920607198e-09 9.141553300892132439e-09 1.154175015419967603e-08 9.986646091301270119e-08 1.808159928000595375e-07 -1.125429208946309760e-07 2.182185664158415254e-07 -9.836760364799915730e-08 3.205684460004876284e-09 4.409913875347199673e-09 -3.077774458775930920e-09 -8.683618549672421793e-09 2.985449419388222353e-09 1.423094150415011541e-08 9.676364715100028103e-08 1.314950009044831057e-06 5.811515720995635456e-08
-1.173079397297915910e-08 6.349195711050299009e-09 -1.530945266431592338e-08 2.865832231710519122e-08 -3.308152572289800781e-08 -2.657969940433398825e-07 7.315374190321445355e-08 -2.178849797546327950e-07 5.151094236761146517e-07 -5.642453372257610407e-09 -7.328258705069998509e-09 5.412919388479676290e-09 1.905705678167291828e-08 6.429960707894502298e-08 1.295807204271152296e-09 -6.934161076811688725e-08 5.811515720995635456e-08 9.725770103405356709e-07
