# alpha=-0.27278981680428827, beta=1.5343092098858713
2.555157322751217181e-08 -1.427054385151237713e-09 -3.258384883191112563e-09 8.778073452945683145e-09 -1.239191848334312841e-08 9.771938564829747808e-09 -1.056517301346478599e-08 1.253106611966698940e-08 -8.407767655663200543e-09 -1.572499839665648022e-09 4.240582628533328726e-09 9.527270318841505119e-09 9.347254921631446207e-10 -4.845227034807135761e-09 -1.723386482234856123e-08 1.208354672170040042e-08 -4.915917062678973153e-09 -3.405264790971145693e-08
-1.427054385151239161e-09 7.452787097025566973e-08 1.049878386746243951e-08 4.086087256784994482e-08 -6.048176732805087130e-08 5.779841256973749965e-08 6.777427801012904121e-09 8.372796360685212798e-08 3.511083310419812750e-08 7.455672742027916316e-11 8.503989447133381130e-09 7.499818863179971940e-09 1.308781401093524803e-08 -2.013144708365801334e-08 -7.851144066406495204e-08 2.209228022381770311e-08 -6.843033631344653982e-08 -7.488193338921873674e-08
-3.258384883191111736e-09 1.049878386746243951e-08 1.553304442162082281e-07 -3.668206087131393725e-08 8.924295136976013121e-08 7.403042844953987939e-08 -7.578394324979856974e-08 7.170542754737785631e-08 3.207361026237140808e-07 -5.010461823722986418e-09 1.199816736691788803e-09 7.259691840411570857e-09 -5.784393918688994217e-09 2.452360357938585624e-08 8.363910319860895206e-08 3.958449602320362543e-08 2.508458264442765423e-08 -1.012880492296177206e-07
8.778073452945684799e-09 4.086087256784994482e-08 -3.668206087131393725e-08 3.597185288810721855e-07 1.898588230443213160e-07 -9.732159479021582921e-08 1.522865424637978123e-08 -1.469884127024683565e-07 -1.927107733410582742e-07 5.182605582747198658e-09 -1.609117436594941875e-08 -2.527467942096789369e-08 1.480034760398781306e-08 5.319072078388016890e-08 2.436393641352065215e-07 9.919151787983171466e-09 3.898124513142918447e-08 1.134616163335498457e-07
-1.239191848334312841e-08 -6.048176732805087130e-08 8.924295136976013121e-08 1.898588230443213160e-07 6.442899604103092395e-07 1.740535050827429783e-07 6.722200823045590075e-08 6.324481474453424252e-07 4.421922541280071013e-07 -1.748489988145566640e-08 3.684050041202735669e-08 4.849674137423176324e-08 -5.394109694715372780e-08 -9.656168129264657017e-08 -3.585437640413708645e-07 -2.032144703264381533e-07 5.142180361180518991e-08 -1.345551878707690798e-07
9.771938564829746154e-09 5.779841256973749965e-08 7.403042844953987939e-08 -9.732159479021582921e-08 1.740535050827429783e-07 1.399872225153553599e-06 5.384694500290662998e-07 -5.432775382613501044e-07 -2.170495380609551574e-07 5.037564127886937881e-09 -2.413149927488693375e-08 -2.764443356979446942e-08 -1.085017281590270779e-09 1.428743357232963729e-07 2.919006661019982190e-07 -5.302149340680231370e-08 1.643548640651516580e-07 -8.257976632578573324e-08
-1.056517301346478434e-08 6.777427801012909911e-09 -7.578394324979856974e-08 1.522865424637976800e-08 6.722200823045594046e-08 5.384694500290662998e-07 2.577873729337984161e-06 5.053704765448923885e-07 9.198865458000570038e-07 4.697482141557948998e-09 6.352446223026399952e-09 -2.121348314260296095e-08 9.308226064364455803e-10 -1.141384356567315529e-07 2.223921407944009425e-07 2.091242898002277627e-07 -1.671148343551251984e-08 -2.980026411977220470e-07
1.253106611966698610e-08 8.372796360685211474e-08 7.170542754737786955e-08 -1.469884127024683565e-07 6.324481474453423193e-07 -5.432775382613501044e-07 5.053704765448923885e-07 3.774417396548687848e-06 -1.244112627262403225e-06 4.585406947150087058e-08 -5.093454965897946115e-08 -1.491770275451063443e-08 1.139372146561803357e-07 1.096266430151323047e-07 3.253920963289074037e-07 7.171731960635906895e-08 1.451520081458830858e-07 3.691340406008272715e-07
-8.407767655663200543e-09 3.511083310419812750e-08 3.207361026237140808e-07 -1.927107733410582742e-07 4.421922541280071013e-07 -2.170495380609551309e-07 9.198865458000572155e-07 -1.244112627262403013e-06 1.028199402465591384e-05 9.235721061896431534e-08 -6.714469901307607449e-08 -2.227216811040071574e-08 2.496423049869285885e-07 5.158081311635164225e-08 -9.725291007781425184e-08 -1.161947107316681412e-07 5.008236252552459288e-08 1.209915996473506510e-06
-1.572499839665647815e-09 7.455672742027969307e-11 -5.010461823722986418e-09 5.182605582747197831e-09 -1.748489988145566640e-08 5.037564127886937881e-09 4.697482141557948998e-09 4.585406947150086396e-08 9.235721061896430211e-08 5.347787792065917159e-09 3.433597176363548656e-09 4.432352156596939263e-09 -1.018408607043965498e-08 9.395911823843830049e-10 -9.627980393451630266e-09 4.927082348768600865e-09 1.448286335328874894e-09 -2.755455806593494279e-08
4.240582628533328726e-09 8.503989447133381130e-09 1.199816736691789837e-09 -1.609117436594941875e-08 3.684050041202735669e-08 -2.413149927488693706e-08 6.352446223026402434e-09 -5.093454965897946115e-08 -6.714469901307607449e-08 3.433597176363549070e-09 1.128998910841935564e-08 -9.007768797427052468e-09 7.050530163893803367e-09 9.961865635281361086e-09 3.529461067083500065e-08 -1.472859788462755632e-08 1.261281257229928466e-08 3.106202126510854799e-08
9.527270318841505119e-09 7.499818863179971940e-09 7.259691840411569203e-09 -2.527467942096789699e-08 4.849674137423176324e-08 -2.764443356979446942e-08 -2.121348314260296095e-08 -1.491770275451063773e-08 -2.227216811040071243e-08 4.432352156596939263e-09 -9.007768797427052468e-09 2.561318154550361817e-08 5.193080463007390895e-09 3.100267448193307365e-09 5.867191602336557978e-08 -2.638890055826224672e-08 3.746954372873889400e-08 5.642514953926389168e-08
9.347254921631450343e-10 1.308781401093524803e-08 -5.784393918688995044e-09 1.480034760398781471e-08 -5.394109694715372780e-08 -1.085017281590266022e-09 9.308226064364396866e-10 1.139372146561803357e-07 2.496423049869285885e-07 -1.018408607043965663e-08 7.050530163893803367e-09 5.193080463007391722e-09 6.071693211225405231e-08 2.293846583258836469e-08 -1.448960552959367122e-08 1.427058521481067317e-08 3.305253136693144108e-08 -1.918120391117319372e-08
-4.845227034807135761e-09 -2.013144708365801334e-08 2.452360357938585293e-08 5.319072078388016228e-08 -9.656168129264655693e-08 1.428743357232963729e-07 -1.141384356567315397e-07 1.096266430151323047e-07 5.158081311635164225e-08 9.395911823843823845e-10 9.961865635281361086e-09 3.100267448193307779e-09 2.293846583258836138e-08 1.407509737025194076e-07 -6.925778660406272602e-08 4.954609640175235074e-09 -5.841399025118751094e-09 2.189726647501742303e-08
-1.723386482234856123e-08 -7.851144066406495204e-08 8.363910319860895206e-08 2.436393641352065215e-07 -3.585437640413708645e-07 2.919006661019982190e-07 2.223921407944009690e-07 3.253920963289074566e-07 -9.725291007781425184e-08 -9.627980393451630266e-09 3.529461067083500727e-08 5.867191602336558640e-08 -1.448960552959366956e-08 -6.925778660406275249e-08 1.016721905538753072e-07 -4.619614412636533000e-08 -1.363051200901395659e-07 5.912810409437339859e-08
1.208354672170040042e-08 2.209228022381769649e-08 3.958449602320362543e-08 9.919151787983161540e-09 -2.032144703264381533e-07 -5.302149340680227400e-08 2.091242898002277891e-07 7.171731960635906895e-08 -1.161947107316681412e-07 4.927082348768600865e-09 -1.472859788462755632e-08 -2.638890055826224672e-08 1.427058521481067647e-08 4.954609640175234247e-09 -4.619614412636533000e-08 4.906673138594594825e-07 1.580300871609921551e-07 8.505714442442265146e-08
-4.915917062678974807e-09 -6.843033631344652659e-08 2.508458264442763768e-08 3.898124513142917124e-08 5.142180361180518991e-08 1.643548640651516316e-07 -1.671148343551251322e-08 1.451520081458831123e-07 5.008236252552459288e-08 1.448286335328873446e-09 1.261281257229928300e-08 3.746954372873888738e-08 3.305253136693144108e-08 -5.841399025118747785e-09 -1.363051200901395659e-07 1.580300871609921551e-07 7.438748298922192406e-07 -1.382377515529143553e-07
-3.405264790971145693e-08 -7.488193338921873674e-08 -1.012880492296177206e-07 1.134616163335498589e-07 -1.345551878707690533e-07 -8.257976632578572001e-08 -2.980026411977220470e-07 3.691340406008272186e-07 1.209915996473506298e-06 -2.755455806593494279e-08 3.106202126510854799e-08 5.642514953926389168e-08 -1.918120391117318710e-08 2.189726647501742634e-08 5.912810409437341182e-08 8.505714442442265146e-08 -1.382377515529143553e-07 2.037194346561885429e-06
