# alpha=-0.35560446507528864, beta=1.9962375086421262
3.036463117369458035e-08 -6.417604065648358288e-09 -1.571028677113971987e-08 4.698334197651703830e-08 -6.504920053576756934e-08 4.619805696687701098e-08 -1.328396941547056234e-08 1.316417260948835658e-07 8.747593478371565360e-08 -1.479801753652835104e-09 1.829575246955258738e-09 1.274850372685933981e-08 -1.239040079602048121e-08 -1.309786436633906686e-08 2.303768497003300969e-08 -6.610062136669385638e-08 -3.362765333179661637e-08 4.968817098089717652e-08
-6.417604065648357461e-09 5.072500906938612545e-08 -1.553071758294322844e-09 5.552524054531806408e-08 -5.735470055436617301e-08 6.132202214998492983e-08 -2.029559734616813387e-08 1.451094904870730150e-08 -4.534506106959823193e-08 -1.898246946631218855e-09 1.315112695179932103e-08 1.608796915888240517e-08 -3.435733741070331799e-09 -5.939588615337326294e-08 1.048044136844405188e-07 -1.235796405943062049e-07 -1.292875525692834080e-07 7.523727728206168319e-09
-1.571028677113971987e-08 -1.553071758294323464e-09 2.290994758853755957e-07 5.074871301606927166e-08 -6.724544600766347188e-08 -6.994760665382183243e-08 9.130932207388054695e-08 -6.417022225934388225e-08 4.115209521931683327e-07 -4.922612600853340431e-09 -4.559158681164694409e-09 3.008865966833566315e-08 -1.149827221781048125e-08 1.161850750357653568e-09 8.979977217120037052e-08 -1.435405852444347080e-07 -5.597225965761059839e-08 -1.481964015412642023e-07
4.698334197651703830e-08 5.552524054531807069e-08 5.074871301606927166e-08 2.889135239144184737e-07 3.079247597908018962e-07 -4.698321994015688989e-07 -2.219021476466943305e-07 -1.023683526198759667e-06 -1.571986329281766047e-07 1.375622470620546401e-08 -3.397756627563894926e-08 -1.237332045171377671e-07 1.366714147674378564e-07 5.160924978211812796e-08 -2.861926974953926255e-08 4.480112863337764621e-07 -3.525767017466905608e-07 8.838551127299560317e-08
-6.504920053576756934e-08 -5.735470055436617301e-08 -6.724544600766347188e-08 3.079247597908018962e-07 1.141898479103798080e-06 6.252894150912011011e-07 -1.946093615182409672e-07 4.747696620057776121e-07 6.766071316659075945e-07 -2.767778084700830465e-08 4.362673868652816456e-08 3.795725460390781837e-08 -6.457014539380290035e-08 3.197551627942274829e-08 -4.399957884399122687e-08 -3.876212889089416719e-07 -3.539079185052272956e-07 2.932953144853193403e-07
4.619805696687700436e-08 6.132202214998492983e-08 -6.994760665382183243e-08 -4.698321994015688989e-07 6.252894150912011011e-07 1.662194382115485422e-06 1.122803031510064373e-07 -6.363440607185820978e-07 3.836276849677274968e-08 6.357386276899240349e-09 -6.154883323739801062e-08 -4.095828470891740899e-08 9.053151535688086204e-08 1.698299255876636158e-08 3.319459080773505562e-07 2.485926528609412973e-07 -3.630698445054626740e-07 -2.791189394650120254e-07
-1.328396941547056234e-08 -2.029559734616813387e-08 9.130932207388054695e-08 -2.219021476466943305e-07 -1.946093615182409672e-07 1.122803031510064373e-07 5.236846902906629845e-06 -4.980071952850057151e-07 2.871676412000734329e-07 1.183992870797805700e-08 -2.001242684897716673e-08 -6.121164206118589230e-08 3.733398955047064043e-08 -7.880552407902071432e-08 1.929977074218512479e-07 6.326432894691723158e-08 -4.441284098767746493e-07 -3.385901017959948303e-07
1.316417260948835658e-07 1.451094904870730150e-08 -6.417022225934388225e-08 -1.023683526198759667e-06 4.747696620057777180e-07 -6.363440607185820978e-07 -4.980071952850058210e-07 4.676408258929139151e-06 5.130200580860452291e-07 4.016998339494141969e-08 -4.081881933523966102e-08 -3.072744880601681905e-07 4.178854673130965831e-07 3.275791015731482009e-09 3.254178705950320305e-07 2.625045511905877530e-08 -5.650591378710615762e-07 -2.639633450882263166e-07
8.747593478371565360e-08 -4.534506106959823855e-08 4.115209521931683856e-07 -1.571986329281766576e-07 6.766071316659077004e-07 3.836276849677269674e-08 2.871676412000734858e-07 5.130200580860452291e-07 7.403159765170802672e-06 2.704582319519395425e-08 4.695466611924286838e-08 -1.499513200405783441e-07 1.286184745101608432e-07 1.355544569715820322e-07 -4.081540273389488715e-07 8.074323790890802566e-07 4.809976862418497202e-07 1.504296424556539704e-06
-1.479801753652834690e-09 -1.898246946631219269e-09 -4.922612600853339604e-09 1.375622470620546236e-08 -2.767778084700830465e-08 6.357386276899242003e-09 1.183992870797806196e-08 4.016998339494140646e-08 2.704582319519394764e-08 7.702566239574080988e-09 2.651707151473406014e-09 3.369459930259551867e-09 -4.907063596889401492e-09 5.102151996615346941e-09 -2.547998563977399630e-09 -1.657488463156944482e-08 -1.669895198804250281e-08 5.919702297593990970e-09
1.829575246955258738e-09 1.315112695179932433e-08 -4.559158681164693582e-09 -3.397756627563894926e-08 4.362673868652816456e-08 -6.154883323739802386e-08 -2.001242684897716673e-08 -4.081881933523966102e-08 4.695466611924286838e-08 2.651707151473406427e-09 6.172932416537563951e-09 1.643470178036082445e-09 1.211689637640108337e-09 3.337019492905352916e-09 1.960242725614949937e-08 4.520533764391045455e-08 3.474275880269243785e-08 -7.303109802207410089e-08
1.274850372685934312e-08 1.608796915888240186e-08 3.008865966833566315e-08 -1.237332045171377671e-07 3.795725460390781837e-08 -4.095828470891740899e-08 -6.121164206118589230e-08 -3.072744880601681905e-07 -1.499513200405783441e-07 3.369459930259552281e-09 1.643470178036082445e-09 2.005216124260658270e-08 4.896567492221729085e-08 1.522764517475771854e-08 -4.545509658052669938e-08 8.019906318364606620e-08 -6.573602908596820587e-08 1.273378885579787875e-07
-1.239040079602048452e-08 -3.435733741070330971e-09 -1.149827221781048291e-08 1.366714147674378564e-07 -6.457014539380291358e-08 9.053151535688086204e-08 3.733398955047064043e-08 4.178854673130965831e-07 1.286184745101608432e-07 -4.907063596889402319e-09 1.211689637640108337e-09 4.896567492221729085e-08 5.073611099816996296e-08 1.154485460270300633e-08 -7.847385808942624822e-10 -4.154726622037529505e-08 6.375956031785860474e-08 -1.064286030917876223e-07
-1.309786436633906686e-08 -5.939588615337326294e-08 1.161850750357657704e-09 5.160924978211812796e-08 3.197551627942274829e-08 1.698299255876635827e-08 -7.880552407902072755e-08 3.275791015731490281e-09 1.355544569715820322e-07 5.102151996615346941e-09 3.337019492905352502e-09 1.522764517475772185e-08 1.154485460270300302e-08 1.259983552102823663e-07 1.921190187163104985e-07 -1.698656617550736060e-07 -1.104917129967452351e-07 -1.769084385710901856e-08
2.303768497003300969e-08 1.048044136844405188e-07 8.979977217120037052e-08 -2.861926974953925593e-08 -4.399957884399119378e-08 3.319459080773505562e-07 1.929977074218512744e-07 3.254178705950320305e-07 -4.081540273389487656e-07 -2.547998563977399630e-09 1.960242725614949937e-08 -4.545509658052671262e-08 -7.847385808942594836e-10 1.921190187163104985e-07 -2.712640809672343194e-08 3.962976780726913247e-07 3.298344250655489620e-07 3.184034045208821752e-07
-6.610062136669385638e-08 -1.235796405943062049e-07 -1.435405852444347345e-07 4.480112863337764092e-07 -3.876212889089416719e-07 2.485926528609412973e-07 6.326432894691724481e-08 2.625045511905881831e-08 8.074323790890802566e-07 -1.657488463156944813e-08 4.520533764391045455e-08 8.019906318364606620e-08 -4.154726622037529505e-08 -1.698656617550736060e-07 3.962976780726913247e-07 5.318246955432187906e-07 -1.938058124793004635e-07 8.964107450525159837e-08
-3.362765333179660975e-08 -1.292875525692834080e-07 -5.597225965761059839e-08 -3.525767017466905608e-07 -3.539079185052272956e-07 -3.630698445054626740e-07 -4.441284098767745434e-07 -5.650591378710614703e-07 4.809976862418496143e-07 -1.669895198804250612e-08 3.474275880269243123e-08 -6.573602908596820587e-08 6.375956031785860474e-08 -1.104917129967452351e-07 3.298344250655489620e-07 -1.938058124793003841e-07 9.002963244301166481e-07 6.353577412189706206e-07
4.968817098089716328e-08 7.523727728206161701e-09 -1.481964015412642287e-07 8.838551127299560317e-08 2.932953144853193403e-07 -2.791189394650120254e-07 -3.385901017959949362e-07 -2.639633450882263166e-07 1.504296424556539704e-06 5.919702297593990142e-09 -7.303109802207410089e-08 1.273378885579787875e-07 -1.064286030917876223e-07 -1.769084385710901856e-08 3.184034045208821752e-07 8.964107450525155866e-08 6.353577412189704089e-07 1.123966232937537639e-06
