# alpha=0.08108428719685434, beta=0.007912207784016967
1.301257557954224767e-08 -8.106383860444282544e-09 5.825339057285158919e-08 6.490726612908547748e-08 -6.118133162434497450e-08 5.808364086459054048e-10 1.571196042399403592e-07 -7.848951440001641204e-08 -9.045351841097504811e-08 -5.862420087861162290e-09 1.041174798731372775e-08 -1.304706723292854897e-08 -4.052623866902764145e-08 -3.482579859060317757e-08 1.907030304434174664e-08 -5.978404708706491484e-08 6.597735908742374062e-08 7.358247004385607151e-08
-8.106383860444282544e-09 4.020731006893393365e-08 -1.995418620693447378e-07 -2.238372427296462499e-07 2.218300943347915909e-07 1.262146416950921609e-08 -3.897809156572828208e-07 2.134481995894854068e-07 4.615812115594394075e-07 1.614279446368985487e-08 -2.793853786643167353e-08 6.141573394202472413e-08 1.318007405124102124e-07 1.162391701224048444e-07 -8.192371305089603009e-08 2.078021433478403923e-07 -2.295175757313124949e-07 -2.441908240843132256e-07
5.825339057285158919e-08 -1.995418620693447378e-07 1.649904391855089307e-06 1.837050568707294320e-06 -1.821669915405961175e-06 -2.270376202699764218e-07 3.642294240479948893e-06 -2.043753280078221117e-06 -4.383728173103088651e-06 -1.369728103781207659e-07 2.413648003418166321e-07 -4.710086695461306035e-07 -1.148324481655113761e-06 -9.516799902302132576e-07 7.031453286042700085e-07 -1.656614402092278617e-06 1.857566792747614400e-06 2.112007702650409124e-06
6.490726612908547748e-08 -2.238372427296462764e-07 1.837050568707294320e-06 2.399975025596203020e-06 -2.418667263915715212e-06 -2.085671460500482033e-07 4.446916662541991210e-06 -2.986833730718552127e-06 -5.739667655231520741e-06 -1.681082076118392100e-07 2.916691549941046730e-07 -5.598037403011127328e-07 -1.454183381621958027e-06 -1.091361501602235812e-06 7.361785992794729278e-07 -2.050855826128045317e-06 2.362479333315033290e-06 2.663045104342244392e-06
-6.118133162434497450e-08 2.218300943347915909e-07 -1.821669915405961175e-06 -2.418667263915715212e-06 2.891634321965230324e-06 -1.145990408142731594e-07 -4.590617371795428472e-06 3.403150604912412294e-06 6.132362631214424283e-06 1.770192882177312924e-07 -3.067439873490206831e-07 5.762923246051063553e-07 1.497944256010588241e-06 1.140799170689659842e-06 -7.398632254712960220e-07 2.079297085756763433e-06 -2.422578311796748088e-06 -2.734252594022101209e-06
5.808364086459038539e-10 1.262146416950922106e-08 -2.270376202699764483e-07 -2.085671460500482298e-07 -1.145990408142731462e-07 9.810642949485895346e-07 -4.894858206569173042e-07 -8.408644694971256339e-08 1.782135975308443930e-07 2.070765980250302864e-08 -3.521223736078867848e-08 6.234708025752215117e-08 1.485265768936620193e-07 6.841926762512537753e-08 -1.709903169177413578e-07 2.745334076721975463e-07 -3.340672181675476098e-07 -3.043017901824499704e-07
1.571196042399403592e-07 -3.897809156572828208e-07 3.642294240479948893e-06 4.446916662541991210e-06 -4.590617371795428472e-06 -4.894858206569171983e-07 9.662444214087621003e-06 -5.701005283474611965e-06 -1.128559655066296970e-05 -3.356579355529557104e-07 6.001922047107155717e-07 -1.052959143853471286e-06 -2.841268230265441877e-06 -2.150604518714930832e-06 1.535748101552462911e-06 -3.966991109484351361e-06 4.556728896063946467e-06 5.192778467833360558e-06
-7.848951440001641204e-08 2.134481995894854068e-07 -2.043753280078221541e-06 -2.986833730718552127e-06 3.403150604912412294e-06 -8.408644694971260309e-08 -5.701005283474611965e-06 5.612678604489582034e-06 8.006958794542157816e-06 2.099867969626213007e-07 -3.515229688052634037e-07 6.588912541640970580e-07 1.865099860301683556e-06 1.246561013762836372e-06 -7.890939662493518031e-07 2.478948040170147197e-06 -2.899432487530813881e-06 -3.330044175560669461e-06
-9.045351841097506135e-08 4.615812115594394604e-07 -4.383728173103088651e-06 -5.739667655231520741e-06 6.132362631214424283e-06 1.782135975308444195e-07 -1.128559655066296970e-05 8.006958794542159510e-06 1.781896816210385673e-05 4.005783561284787744e-07 -6.976399247733499559e-07 1.338671534432054633e-06 3.640652223014304848e-06 2.573607487793583015e-06 -1.801741574911898391e-06 5.000742630097218301e-06 -5.772816225850601402e-06 -6.627708191162952883e-06
-5.862420087861160636e-09 1.614279446368985487e-08 -1.369728103781207659e-07 -1.681082076118392100e-07 1.770192882177312924e-07 2.070765980250302202e-08 -3.356579355529557104e-07 2.099867969626213007e-07 4.005783561284787215e-07 2.770166541646382047e-08 -2.296941599822405216e-08 4.087697212080257537e-08 1.057036637619724030e-07 8.338500497090026928e-08 -6.028449531616960064e-08 1.508400070462293294e-07 -1.736245495676839427e-07 -1.980702268221502679e-07
1.041174798731372775e-08 -2.793853786643167684e-08 2.413648003418166851e-07 2.916691549941047259e-07 -3.067439873490207361e-07 -3.521223736078867186e-08 6.001922047107155717e-07 -3.515229688052634566e-07 -6.976399247733499559e-07 -2.296941599822405878e-08 8.140067571225501129e-08 -7.082776546523610062e-08 -1.842563583051814783e-07 -1.493451542635904007e-07 1.116810502495362921e-07 -2.641513311417252388e-07 3.052772701242425160e-07 3.477708296918596739e-07
-1.304706723292854897e-08 6.141573394202472413e-08 -4.710086695461305506e-07 -5.598037403011126269e-07 5.762923246051063553e-07 6.234708025752215117e-08 -1.052959143853471286e-06 6.588912541640970580e-07 1.338671534432054633e-06 4.087697212080258860e-08 -7.082776546523608738e-08 2.523171447909364318e-07 3.451000643630437280e-07 2.789214647461590282e-07 -2.032434525022734522e-07 5.006442443730518434e-07 -5.744118265797230865e-07 -6.332633774297147052e-07
-4.052623866902764145e-08 1.318007405124102124e-07 -1.148324481655113761e-06 -1.454183381621958027e-06 1.497944256010588453e-06 1.485265768936620193e-07 -2.841268230265441877e-06 1.865099860301683980e-06 3.640652223014304848e-06 1.057036637619724163e-07 -1.842563583051814518e-07 3.451000643630437280e-07 1.170683771300913715e-06 6.768225308717964989e-07 -4.637317298797774502e-07 1.287191402395657855e-06 -1.489786662511769488e-06 -1.672703839010931535e-06
-3.482579859060317757e-08 1.162391701224048444e-07 -9.516799902302133635e-07 -1.091361501602235812e-06 1.140799170689660054e-06 6.841926762512537753e-08 -2.150604518714930832e-06 1.246561013762836372e-06 2.573607487793583015e-06 8.338500497090026928e-08 -1.493451542635904007e-07 2.789214647461590282e-07 6.768225308717964989e-07 1.115306936605633112e-06 -4.370350120335582933e-07 9.739173785869491976e-07 -1.110043564556082017e-06 -1.279667196158513127e-06
1.907030304434174995e-08 -8.192371305089603009e-08 7.031453286042700085e-07 7.361785992794729278e-07 -7.398632254712961278e-07 -1.709903169177413313e-07 1.535748101552462911e-06 -7.890939662493519090e-07 -1.801741574911898391e-06 -6.028449531616960064e-08 1.116810502495362921e-07 -2.032434525022734522e-07 -4.637317298797775561e-07 -4.370350120335582933e-07 1.316316434814479888e-06 -6.878497561623918564e-07 7.553947687352976293e-07 9.079451761269487435e-07
-5.978404708706491484e-08 2.078021433478403923e-07 -1.656614402092278617e-06 -2.050855826128045317e-06 2.079297085756763433e-06 2.745334076721975463e-07 -3.966991109484351361e-06 2.478948040170147197e-06 5.000742630097218301e-06 1.508400070462293294e-07 -2.641513311417252388e-07 5.006442443730518434e-07 1.287191402395657855e-06 9.739173785869491976e-07 -6.878497561623918564e-07 3.453929235529118126e-06 -2.169451842141922646e-06 -2.378311342765190947e-06
6.597735908742374062e-08 -2.295175757313124949e-07 1.857566792747614400e-06 2.362479333315033290e-06 -2.422578311796748088e-06 -3.340672181675476098e-07 4.556728896063946467e-06 -2.899432487530814305e-06 -5.772816225850601402e-06 -1.736245495676839427e-07 3.052772701242424631e-07 -5.744118265797231923e-07 -1.489786662511769488e-06 -1.110043564556082017e-06 7.553947687352976293e-07 -2.169451842141922646e-06 5.341698217822522168e-06 2.737554667510535385e-06
7.358247004385607151e-08 -2.441908240843132256e-07 2.112007702650409124e-06 2.663045104342244392e-06 -2.734252594022102056e-06 -3.043017901824499704e-07 5.192778467833360558e-06 -3.330044175560669885e-06 -6.627708191162952883e-06 -1.980702268221502944e-07 3.477708296918596739e-07 -6.332633774297148111e-07 -1.672703839010931747e-06 -1.279667196158513127e-06 9.079451761269487435e-07 -2.378311342765190947e-06 2.737554667510535385e-06 8.073947529071757073e-06
