# alpha=0.07297983185993337, beta=0.007232675308244542
3.186122738434941814e-08 3.949270220979844342e-09 6.562017408067017101e-08 6.898487136490780287e-08 9.378435312324261017e-09 -2.209169220545548250e-07 -1.014388178976190226e-07 -5.197055708012988429e-07 2.236434243424153874e-07 -1.953633747873065570e-08 -2.724615742885831008e-10 -3.090923992326627228e-08 2.847334358960801079e-08 -6.985771299535325047e-09 9.614080041964029489e-08 -2.454176311020713008e-07 1.944107724829344317e-07 -9.396468400342174826e-08
3.949270220979845169e-09 2.446331073951439159e-08 2.861505583353208527e-08 1.987355439054836967e-08 -1.164421850136322284e-07 -3.492380474994102075e-08 -1.475286439216684869e-07 -3.783271520063116849e-07 3.102829467973969646e-07 -8.912176715808320560e-09 -5.259326593883781083e-09 2.659819779696538323e-09 4.751219545498513215e-09 -3.707007399063728576e-08 5.271673563046562106e-08 -1.498119192971828222e-07 1.122192145639349777e-07 -1.248506833460841385e-08
6.562017408067017101e-08 2.861505583353208527e-08 2.034603902441071748e-07 1.692623695834877107e-07 -1.644942319076386125e-07 -5.216333688721406263e-07 -4.367741065266999938e-07 -1.652596715039629399e-06 9.386189611228600773e-07 -5.211164500172465805e-08 -9.197600360012579466e-09 -5.968222131789421694e-08 7.037195833156618630e-08 -6.481530391419879771e-08 2.794550626964032484e-07 -7.222096499101264235e-07 5.607953607365657646e-07 -2.113801296781917480e-07
6.898487136490781611e-08 1.987355439054837298e-08 1.692623695834877107e-07 3.004834394229268683e-07 -5.542909936181541210e-08 -4.487345857205351720e-07 -2.863699947136332726e-07 -1.414454032653361489e-06 6.043410012559731998e-07 -5.314158990968587499e-08 3.990174961829926540e-10 -8.345340200930669709e-08 6.046860230013974155e-08 -6.158728210294652962e-08 2.585944717469563823e-07 -6.849963970665520792e-07 5.158176078527625138e-07 -2.143983942661209289e-07
9.378435312324242819e-09 -1.164421850136322284e-07 -1.644942319076386125e-07 -5.542909936181538563e-08 1.421230718536134042e-06 1.248881916990160947e-08 1.437443906751575531e-06 2.907221955191573025e-06 -2.786088378595876536e-06 5.433363837283699595e-08 7.940952398185863364e-08 -1.044616563458827761e-07 3.286818802746855117e-08 2.849194641400225409e-07 -4.211055067026513047e-07 1.012889339441974219e-06 -6.424172980718489844e-07 -1.032414947490744304e-07
-2.209169220545548250e-07 -3.492380474994102075e-08 -5.216333688721406263e-07 -4.487345857205351191e-07 1.248881916990151186e-08 2.310753334765305160e-06 8.171121490346753081e-07 4.733614200535534605e-06 -1.885257276035441129e-06 1.408783276786807229e-07 2.364249171283567634e-08 2.346343149756878380e-07 -2.357663439116282573e-07 -4.612386611813569202e-08 -7.317775097384119522e-07 2.005803160040470337e-06 -1.843590345318981002e-06 8.804053127594254625e-07
-1.014388178976190359e-07 -1.475286439216684869e-07 -4.367741065267000467e-07 -2.863699947136332726e-07 1.437443906751575954e-06 8.171121490346754139e-07 2.621171417245741586e-06 5.182625613047023664e-06 -4.412565307834032204e-06 1.376375567295477657e-07 8.682083595072536146e-08 -9.702836348652614642e-09 -9.472942085647106710e-08 3.643318468200770834e-07 -8.551783117217536770e-07 2.050353923324188867e-06 -1.419621559165533207e-06 2.293421880995113731e-07
-5.197055708012988429e-07 -3.783271520063117378e-07 -1.652596715039629399e-06 -1.414454032653361277e-06 2.907221955191573872e-06 4.733614200535534605e-06 5.182625613047023664e-06 1.950597492270975217e-05 -1.052617922996698387e-05 4.945743181984715796e-07 2.291524721504373174e-07 4.503088491954495908e-07 -5.034663304739457143e-07 6.536612552296620163e-07 -2.727635141000651197e-06 7.660282782667150004e-06 -6.475753791552181297e-06 2.009157240626902709e-06
2.236434243424154139e-07 3.102829467973969646e-07 9.386189611228600773e-07 6.043410012559729880e-07 -2.786088378595876959e-06 -1.885257276035441129e-06 -4.412565307834032204e-06 -1.052617922996698387e-05 1.033827304712864560e-05 -2.889943712399280870e-07 -1.464796305973001653e-07 6.651746528776373930e-08 2.375394643508104570e-07 -8.648566862254698729e-07 1.821359351270349491e-06 -4.202036658236436918e-06 2.646992267740855493e-06 -5.043289598330571147e-07
-1.953633747873065901e-08 -8.912176715808320560e-09 -5.211164500172466466e-08 -5.314158990968587499e-08 5.433363837283699595e-08 1.408783276786807229e-07 1.376375567295477657e-07 4.945743181984715796e-07 -2.889943712399280870e-07 3.008369592835168888e-08 3.218996386472913858e-09 1.540431385159664895e-08 -1.776082447776574711e-08 2.229776340697212629e-08 -8.846212728815886073e-08 2.197492867319891141e-07 -1.626292753111690790e-07 6.141443183080895590e-08
-2.724615742885837729e-10 -5.259326593883782737e-09 -9.197600360012581121e-09 3.990174961829931193e-10 7.940952398185863364e-08 2.364249171283567965e-08 8.682083595072537470e-08 2.291524721504373174e-07 -1.464796305973001653e-07 3.218996386472913445e-09 4.400973087236104719e-08 -3.278933522841965868e-09 3.243522669045391063e-09 4.870131516828410201e-09 -2.412242227697822335e-08 7.336817997420561343e-08 -7.139591487894428348e-08 5.913917749318980021e-09
-3.090923992326627228e-08 2.659819779696537910e-09 -5.968222131789423017e-08 -8.345340200930669709e-08 -1.044616563458828026e-07 2.346343149756878380e-07 -9.702836348652617951e-09 4.503088491954495908e-07 6.651746528776372606e-08 1.540431385159664895e-08 -3.278933522841965868e-09 1.583984541504904040e-07 -3.489064964006134177e-08 -3.330395038187492666e-08 -4.998535677168680059e-08 2.253417178735300035e-07 -2.556501531864640483e-07 1.413461697594321958e-07
2.847334358960801409e-08 4.751219545498513215e-09 7.037195833156618630e-08 6.046860230013974155e-08 3.286818802746855117e-08 -2.357663439116282309e-07 -9.472942085647106710e-08 -5.034663304739457143e-07 2.375394643508104570e-07 -1.776082447776574711e-08 3.243522669045391063e-09 -3.489064964006134177e-08 2.777384425857276874e-07 -7.884941166469752697e-09 7.856156235146710831e-08 -2.336198939496799790e-07 1.952067074176744657e-07 -1.191858072212373104e-07
-6.985771299535326701e-09 -3.707007399063728576e-08 -6.481530391419879771e-08 -6.158728210294651638e-08 2.849194641400225938e-07 -4.612386611813569202e-08 3.643318468200770834e-07 6.536612552296620163e-07 -8.648566862254697670e-07 2.229776340697212298e-08 4.870131516828409374e-09 -3.330395038187492666e-08 -7.884941166469754352e-09 6.394052452463356462e-07 -1.570695245544546747e-07 2.869850939606543622e-07 -6.834826937438478481e-08 -5.751683442020626042e-08
9.614080041964029489e-08 5.271673563046562106e-08 2.794550626964032484e-07 2.585944717469563823e-07 -4.211055067026513047e-07 -7.317775097384119522e-07 -8.551783117217536770e-07 -2.727635141000651197e-06 1.821359351270349491e-06 -8.846212728815886073e-08 -2.412242227697822335e-08 -4.998535677168680059e-08 7.856156235146710831e-08 -1.570695245544546747e-07 1.366949079157697248e-06 -1.185303672302078510e-06 8.070622716661565866e-07 -2.325363235956811535e-07
-2.454176311020713008e-07 -1.498119192971828222e-07 -7.222096499101264235e-07 -6.849963970665520792e-07 1.012889339441974219e-06 2.005803160040470337e-06 2.050353923324188867e-06 7.660282782667150004e-06 -4.202036658236436918e-06 2.197492867319891141e-07 7.336817997420561343e-08 2.253417178735300035e-07 -2.336198939496799790e-07 2.869850939606543622e-07 -1.185303672302078510e-06 4.668415935500278783e-06 -2.634777160410033728e-06 8.834638131629559163e-07
1.944107724829344317e-07 1.122192145639349909e-07 5.607953607365659764e-07 5.158176078527625138e-07 -6.424172980718489844e-07 -1.843590345318981002e-06 -1.419621559165532995e-06 -6.475753791552181297e-06 2.646992267740855493e-06 -1.626292753111690790e-07 -7.139591487894428348e-08 -2.556501531864639954e-07 1.952067074176744657e-07 -6.834826937438481128e-08 8.070622716661566925e-07 -2.634777160410033728e-06 5.072448874414236348e-06 -9.216501210998175519e-07
-9.396468400342174826e-08 -1.248506833460841385e-08 -2.113801296781917480e-07 -2.143983942661209024e-07 -1.032414947490744304e-07 8.804053127594253566e-07 2.293421880995113466e-07 2.009157240626902286e-06 -5.043289598330571147e-07 6.141443183080895590e-08 5.913917749318979194e-09 1.413461697594321958e-07 -1.191858072212373104e-07 -5.751683442020626042e-08 -2.325363235956811535e-07 8.834638131629559163e-07 -9.216501210998175519e-07 5.045655839824422494e-06
