# alpha=0.0884162274095743, beta=0.006634960608803484
3.536903266827487009e-08 2.673829486026563545e-08 -8.628869109143805705e-08 2.908604364726521057e-07 -1.250788291877645128e-07 3.511557948780449064e-07 7.782111338861407352e-07 -5.509014280226140674e-07 -8.457425717170062534e-07 -1.091688599581073706e-09 -1.581157536131625665e-08 -2.810346839302876400e-08 -7.957243131563464624e-09 -1.066878505213736017e-07 -9.424215289126768112e-08 -1.325225883430623355e-07 1.777223707964000709e-07 -1.883403553205741194e-07
2.673829486026563545e-08 4.301887160092983211e-08 -9.100241297674861390e-08 2.972969296177903348e-07 -1.510690207761449261e-07 3.449030516864955086e-07 7.820969885641861748e-07 -5.368589236254095975e-07 -8.089993086689879278e-07 -6.368286867848008835e-10 -2.760947545516055761e-08 -2.639487034597439979e-08 2.762130586892437324e-09 -1.059382584759659862e-07 -7.816628551273011437e-08 -1.457633417623367191e-07 1.649981483729856515e-07 -1.961620278661646407e-07
-8.628869109143805705e-08 -9.100241297674861390e-08 3.523006364432327825e-07 -9.254733502974419363e-07 4.342374635029597049e-07 -1.136911376465532957e-06 -2.468103629536453561e-06 1.796323410213307740e-06 2.636560361333329466e-06 2.954307558865785861e-09 8.627558428303343634e-08 6.633757462283045777e-08 -8.894562587415893868e-10 3.192636446909993652e-07 2.271687894092454406e-07 4.437006159970656070e-07 -5.510821603978804745e-07 6.310768491189533516e-07
2.908604364726521057e-07 2.972969296177903348e-07 -9.254733502974419363e-07 3.180388824148300839e-06 -1.489348171644322096e-06 3.568711823479514702e-06 7.904156437871421472e-06 -5.530739303266110010e-06 -8.863850668008428976e-06 -9.583336949725261447e-09 -2.344430812753194367e-07 -2.590764257116257472e-07 -4.034572192316588635e-08 -1.074353251916441549e-06 -8.564574279739174417e-07 -1.338078473028708376e-06 1.722483349899089979e-06 -2.047497595546632866e-06
-1.250788291877645128e-07 -1.510690207761449261e-07 4.342374635029597049e-07 -1.489348171644322096e-06 9.485817162370509241e-07 -1.701172487673870350e-06 -3.679730374675584971e-06 2.531750589564931445e-06 4.031873296874242190e-06 1.649743838314849537e-09 1.225860334713205488e-07 1.156116773103756188e-07 1.825377917845091930e-09 4.949194910578791317e-07 3.956849997502597859e-07 6.381804069001712993e-07 -8.394436662736083331e-07 1.021486531656276508e-06
3.511557948780449064e-07 3.449030516864955086e-07 -1.136911376465532957e-06 3.568711823479514702e-06 -1.701172487673870350e-06 4.746065097748504476e-06 9.419088478792125813e-06 -6.753931069601890371e-06 -1.064004267815785878e-05 -8.166389078809002606e-09 -2.744956396680702239e-07 -2.784545096249897783e-07 -3.542692124442031843e-08 -1.272596451117977969e-06 -1.031837593558856573e-06 -1.657602543930685742e-06 2.139242863732352673e-06 -2.320163754161690811e-06
7.782111338861407352e-07 7.820969885641861748e-07 -2.468103629536453561e-06 7.904156437871421472e-06 -3.679730374675585818e-06 9.419088478792125813e-06 2.138979919038424844e-05 -1.470985092343450708e-05 -2.250691651882175793e-05 -2.311365692648529009e-08 -6.191924978444440238e-07 -6.584403192148971863e-07 -8.790137589208220714e-08 -2.800827133814570830e-06 -2.175883701285761234e-06 -3.721766595681122635e-06 4.525431624420784216e-06 -5.315082708262099630e-06
-5.509014280226140674e-07 -5.368589236254094916e-07 1.796323410213307740e-06 -5.530739303266110010e-06 2.531750589564931445e-06 -6.753931069601890371e-06 -1.470985092343450708e-05 1.189912494492159216e-05 1.596022861218708260e-05 1.109299530957178064e-08 4.762475833262585228e-07 4.725883201452623048e-07 3.493451844926773771e-08 1.940571319171635489e-06 1.451889821730031703e-06 2.567189547402856968e-06 -2.994691678533630316e-06 3.685729192558147428e-06
-8.457425717170062534e-07 -8.089993086689879278e-07 2.636560361333329466e-06 -8.863850668008427282e-06 4.031873296874242190e-06 -1.064004267815785878e-05 -2.250691651882175793e-05 1.596022861218708260e-05 2.783425824250794234e-05 2.730013337458933496e-08 6.370561037478802367e-07 7.431325143254415183e-07 1.452702925649120312e-07 3.073932340750185227e-06 2.567717362521606786e-06 3.793911166202635120e-06 -5.013063394037087656e-06 5.444366873240874491e-06
-1.091688599581073706e-09 -6.368286867848006767e-10 2.954307558865785861e-09 -9.583336949725261447e-09 1.649743838314849537e-09 -8.166389078809002606e-09 -2.311365692648529009e-08 1.109299530957178064e-08 2.730013337458933496e-08 1.302930075995475917e-08 -6.260723749974893231e-10 1.158745265100431984e-09 7.821450432510977024e-10 4.119226867058504762e-09 3.667321025331063349e-09 4.176519692095528939e-09 -1.267756505907990178e-09 3.698831333766133131e-09
-1.581157536131625334e-08 -2.760947545516055099e-08 8.627558428303343634e-08 -2.344430812753194367e-07 1.225860334713205488e-07 -2.744956396680702239e-07 -6.191924978444439179e-07 4.762475833262585228e-07 6.370561037478802367e-07 -6.260723749974893231e-10 7.023659869539014065e-08 1.427477168890387877e-08 -1.129692347951475031e-08 7.471813814145839863e-08 2.910147002937773099e-08 1.192883634578992043e-07 -1.148232631562863896e-07 1.717792703550080973e-07
-2.810346839302876400e-08 -2.639487034597439979e-08 6.633757462283045777e-08 -2.590764257116257472e-07 1.156116773103756188e-07 -2.784545096249898312e-07 -6.584403192148971863e-07 4.725883201452623048e-07 7.431325143254415183e-07 1.158745265100432191e-09 1.427477168890387877e-08 1.217593266145490219e-07 6.917666543570044575e-09 9.222727122839512819e-08 8.144111122339058011e-08 1.158591420015131360e-07 -1.309010835469570454e-07 1.483171035539892932e-07
-7.957243131563464624e-09 2.762130586892437324e-09 -8.894562587415906275e-10 -4.034572192316588635e-08 1.825377917845089862e-09 -3.542692124442031181e-08 -8.790137589208219390e-08 3.493451844926773771e-08 1.452702925649120312e-07 7.821450432510975990e-10 -1.129692347951475031e-08 6.917666543570042920e-09 2.330083188565576539e-07 1.095352370707539233e-08 3.358036344492571461e-08 1.354849290395704615e-10 -1.746923938361569215e-08 1.079062654853504300e-08
-1.066878505213736017e-07 -1.059382584759659862e-07 3.192636446909993652e-07 -1.074353251916441549e-06 4.949194910578791317e-07 -1.272596451117978181e-06 -2.800827133814570830e-06 1.940571319171635489e-06 3.073932340750185227e-06 4.119226867058504762e-09 7.471813814145839863e-08 9.222727122839512819e-08 1.095352370707539398e-08 8.287994603567165536e-07 3.089078997809632458e-07 4.834637898260583430e-07 -6.083880620651548013e-07 7.049191974700538275e-07
-9.424215289126768112e-08 -7.816628551273010114e-08 2.271687894092454141e-07 -8.564574279739174417e-07 3.956849997502597859e-07 -1.031837593558856573e-06 -2.175883701285761234e-06 1.451889821730031491e-06 2.567717362521606786e-06 3.667321025331063349e-09 2.910147002937772768e-08 8.144111122339056688e-08 3.358036344492572123e-08 3.089078997809632458e-07 1.114879895557906646e-06 3.436301827126800080e-07 -5.513102849339233366e-07 5.048460490101204411e-07
-1.325225883430623355e-07 -1.457633417623367191e-07 4.437006159970656070e-07 -1.338078473028708376e-06 6.381804069001712993e-07 -1.657602543930685742e-06 -3.721766595681122635e-06 2.567189547402856968e-06 3.793911166202635544e-06 4.176519692095528939e-09 1.192883634578992308e-07 1.158591420015131360e-07 1.354849290395677732e-10 4.834637898260583430e-07 3.436301827126800610e-07 2.046532334735501570e-06 -8.108387129960018622e-07 8.901628792259974821e-07
1.777223707964000709e-07 1.649981483729856515e-07 -5.510821603978804745e-07 1.722483349899089979e-06 -8.394436662736083331e-07 2.139242863732352673e-06 4.525431624420784216e-06 -2.994691678533630316e-06 -5.013063394037087656e-06 -1.267756505907990178e-09 -1.148232631562863896e-07 -1.309010835469570454e-07 -1.746923938361569546e-08 -6.083880620651548013e-07 -5.513102849339233366e-07 -8.108387129960017563e-07 3.583847506444509821e-06 -1.132703848673028617e-06
-1.883403553205741194e-07 -1.961620278661646407e-07 6.310768491189533516e-07 -2.047497595546632866e-06 1.021486531656276508e-06 -2.320163754161690811e-06 -5.315082708262098783e-06 3.685729192558147428e-06 5.444366873240874491e-06 3.698831333766133545e-09 1.717792703550080973e-07 1.483171035539892932e-07 1.079062654853504631e-08 7.049191974700538275e-07 5.048460490101204411e-07 8.901628792259974821e-07 -1.132703848673028405e-06 5.651883601974907139e-06
