# alpha=0.025440920515394788, beta=0.0035438632284678683
3.526469298319164764e-09 -7.097501982253291973e-10 -8.795814962522187028e-10 3.138424567423452636e-09 6.093656431063388495e-09 1.223638027167938887e-08 2.102712745557119250e-08 7.879023387784189890e-09 -1.390991421591921092e-08 2.005983439070504751e-10 3.621681521848480039e-10 -4.448602405503004999e-10 6.105361042100663607e-10 1.766904729227546843e-09 2.571408562667732450e-09 1.019376972950496785e-08 -1.677169036399315564e-08 -1.391597441797019899e-09
-7.097501982253293007e-10 6.787868575242665853e-09 -1.558129158781124352e-10 -1.461187656660870717e-09 -1.538284189743646511e-08 -1.881938096387883284e-08 -1.897632918704712555e-08 -4.077917441360744541e-08 5.867814614876997301e-08 6.778423581550914919e-10 -1.589989513411586181e-09 -1.390171040499089089e-10 5.312574920117088408e-11 -9.380983682061661503e-09 -2.006683182807671487e-09 -7.804116016716741669e-09 1.384395271544552956e-08 6.273378103309264994e-09
-8.795814962522184960e-10 -1.558129158781124352e-10 1.766052178145329203e-08 -1.052853427998828244e-08 8.814973752535176195e-11 -8.270898048055286640e-09 -2.544952228231008202e-08 -4.023445339804270911e-08 4.914922058686496224e-09 1.131508007179669236e-10 -4.502835222629602245e-10 -4.228276785726841176e-10 -1.703922007499990843e-09 -1.081423625259141926e-09 8.072982393486961952e-10 -4.820813887246884202e-09 1.064133231232034983e-08 9.074532060892561555e-09
3.138424567423452636e-09 -1.461187656660870717e-09 -1.052853427998828244e-08 7.933691579794869855e-08 -2.085586296153005742e-08 -3.156391406870136301e-08 7.208808557183802479e-08 8.605208399848499772e-08 -1.249921128471149716e-07 -3.814024376599232198e-10 1.294878707066017480e-09 -1.863313844639696995e-09 -1.025977839551913555e-08 1.471354217532564717e-10 -5.929348522335667323e-09 1.486380651521822851e-08 -1.741905620879227608e-09 -7.139815891671595816e-08
6.093656431063390149e-09 -1.538284189743646511e-08 8.814973752535128373e-11 -2.085586296153005411e-08 1.675179220281516560e-07 1.478067594332026864e-07 1.058662972344141929e-07 1.578461239459083660e-07 -2.100988324962772724e-07 -2.446470569407488445e-09 5.810888116938296304e-09 3.789019246229668148e-09 8.942608849910932130e-09 4.783869500742679263e-08 1.210564389622323062e-08 5.561077673089667232e-08 -1.150399768715478100e-07 7.345335464622726802e-09
1.223638027167938887e-08 -1.881938096387883615e-08 -8.270898048055286640e-09 -3.156391406870135639e-08 1.478067594332026864e-07 3.705439515723744344e-07 1.930756944849345179e-07 2.186297238934931484e-07 -2.094678514049520216e-07 -2.645451232043208180e-09 9.061525860459295757e-09 -1.964333101116791573e-09 3.308519347030857883e-08 6.946410727580390363e-08 2.110775156985797494e-08 1.113641374142899798e-07 -2.104209302066230329e-07 3.273822894660349492e-08
2.102712745557119250e-08 -1.897632918704712886e-08 -2.544952228231008864e-08 7.208808557183802479e-08 1.058662972344141929e-07 1.930756944849345179e-07 5.819040741374601572e-07 2.680424079124755131e-07 -4.443868419632304090e-07 -3.641964144783776914e-09 1.698969172007127412e-08 -1.901677027541918201e-08 2.467483271252632907e-08 3.208482184748350753e-08 3.811308275739980651e-08 1.534689929372386276e-07 -2.386941584741764262e-07 -8.612227077576716375e-08
7.879023387784189890e-09 -4.077917441360744541e-08 -4.023445339804271573e-08 8.605208399848499772e-08 1.578461239459083396e-07 2.186297238934931484e-07 2.680424079124755131e-07 1.174539189692078967e-06 -7.804228762583597130e-07 -8.382842548916568720e-09 1.326636596400153022e-08 3.014155669868564523e-08 -1.381191728142196679e-08 1.290889622426513481e-07 -2.808109231755056875e-08 8.693756148776076254e-08 -1.785796567296504311e-07 -1.584110310301101500e-07
-1.390991421591921423e-08 5.867814614876997301e-08 4.914922058686492915e-09 -1.249921128471149716e-07 -2.100988324962772459e-07 -2.094678514049520216e-07 -4.443868419632303561e-07 -7.804228762583597130e-07 1.860259051855750618e-06 1.508219475275574960e-08 -2.788642769846694784e-08 4.910850512116872907e-09 3.765649658884201445e-08 -1.450041570340053351e-07 -2.862587573270709476e-08 -1.722835061722132504e-07 2.147484490126740738e-07 2.608449762353282485e-07
2.005983439070504234e-10 6.778423581550914919e-10 1.131508007179669236e-10 -3.814024376599233749e-10 -2.446470569407488445e-09 -2.645451232043207767e-09 -3.641964144783776914e-09 -8.382842548916570374e-09 1.508219475275575290e-08 7.079929830903804670e-09 -5.424870859347033352e-10 4.181938084675707754e-10 -5.898218139161956556e-10 -1.263892512205169711e-09 1.887474994647911107e-11 -1.003231433324582624e-09 1.178777106932204746e-09 3.165366849180454707e-09
3.621681521848480039e-10 -1.589989513411586181e-09 -4.502835222629601212e-10 1.294878707066017687e-09 5.810888116938295477e-09 9.061525860459294102e-09 1.698969172007127412e-08 1.326636596400153022e-08 -2.788642769846694784e-08 -5.424870859347033352e-10 1.900538377599492451e-08 -1.578541578825829960e-09 1.621186311949332348e-09 1.598419512801623549e-09 2.514770345006644099e-09 6.071131823732703535e-09 -1.069782904716238190e-08 -3.143642315058410311e-09
-4.448602405503004482e-10 -1.390171040499088572e-10 -4.228276785726843761e-10 -1.863313844639696995e-09 3.789019246229668975e-09 -1.964333101116791573e-09 -1.901677027541918201e-08 3.014155669868564523e-08 4.910850512116871252e-09 4.181938084675707754e-10 -1.578541578825829960e-09 5.336523152825148802e-08 -3.933604912601794353e-09 6.505475200613901477e-09 -6.919230290313936290e-09 -7.783944323267360646e-09 8.151901263150626494e-09 3.594999263381711736e-09
6.105361042100662573e-10 5.312574920117088408e-11 -1.703922007499990430e-09 -1.025977839551913389e-08 8.942608849910930476e-09 3.308519347030858545e-08 2.467483271252632907e-08 -1.381191728142196679e-08 3.765649658884201445e-08 -5.898218139161955522e-10 1.621186311949332348e-09 -3.933604912601794353e-09 1.268759443930346292e-07 -2.159466468191166911e-09 4.664701466513288511e-09 1.065392724618582200e-08 -2.366282394054715284e-08 1.561896275501448101e-08
1.766904729227547050e-09 -9.380983682061661503e-09 -1.081423625259141926e-09 1.471354217532572730e-10 4.783869500742679263e-08 6.946410727580390363e-08 3.208482184748349429e-08 1.290889622426513481e-07 -1.450041570340053351e-07 -1.263892512205169711e-09 1.598419512801623549e-09 6.505475200613903132e-09 -2.159466468191167325e-09 2.718330729068573948e-07 -2.335983764847274493e-09 2.560656255299751820e-08 -3.356823739715210264e-08 -1.631978082115718515e-08
2.571408562667732450e-09 -2.006683182807671487e-09 8.072982393486961952e-10 -5.929348522335667323e-09 1.210564389622323062e-08 2.110775156985797494e-08 3.811308275739980651e-08 -2.808109231755056875e-08 -2.862587573270708815e-08 1.887474994647917893e-11 2.514770345006644513e-09 -6.919230290313934636e-09 4.664701466513288511e-09 -2.335983764847273666e-09 4.315330833130521147e-07 1.621171290319580831e-08 -3.129271341274746104e-08 8.039552568866543862e-09
1.019376972950496785e-08 -7.804116016716740015e-09 -4.820813887246884202e-09 1.486380651521822851e-08 5.561077673089666571e-08 1.113641374142899533e-07 1.534689929372386276e-07 8.693756148776076254e-08 -1.722835061722132504e-07 -1.003231433324582418e-09 6.071131823732705189e-09 -7.783944323267360646e-09 1.065392724618581869e-08 2.560656255299751820e-08 1.621171290319580831e-08 7.801431405164404925e-07 -1.187604770589582139e-07 -2.381746395281693275e-08
-1.677169036399315564e-08 1.384395271544552956e-08 1.064133231232035148e-08 -1.741905620879229883e-09 -1.150399768715478100e-07 -2.104209302066230329e-07 -2.386941584741763732e-07 -1.785796567296504311e-07 2.147484490126740738e-07 1.178777106932204746e-09 -1.069782904716238190e-08 8.151901263150628148e-09 -2.366282394054714953e-08 -3.356823739715210264e-08 -3.129271341274746104e-08 -1.187604770589582139e-07 1.457111341681338635e-06 -1.264754323421166749e-08
-1.391597441797020726e-09 6.273378103309264994e-09 9.074532060892559900e-09 -7.139815891671595816e-08 7.345335464622730938e-09 3.273822894660350815e-08 -8.612227077576715051e-08 -1.584110310301101500e-07 2.608449762353282485e-07 3.165366849180454707e-09 -3.143642315058410311e-09 3.594999263381711736e-09 1.561896275501448101e-08 -1.631978082115718515e-08 8.039552568866543862e-09 -2.381746395281692945e-08 -1.264754323421166087e-08 2.324911454202975575e-06
