# alpha=0.08204544143014281, beta=0.009876538665810224
8.150584518922139890e-09 -6.304976929696346599e-09 1.218869824365845929e-08 -3.592111603873903705e-08 -6.781678434494763140e-08 6.726762296641761806e-08 1.387587979049272092e-07 -3.379814521863858803e-07 4.176599427842572151e-08 -6.216066502040492797e-10 -4.660899469806734854e-10 -2.009520287120353581e-08 2.539754935756665910e-08 -3.759404102338496717e-08 3.379382101891252244e-08 -8.073444834077068268e-08 1.266426618323373945e-08 -1.192870414777957225e-08
-6.304976929696345772e-09 4.324919660587591271e-08 8.114481122016151733e-09 7.374915092524367720e-08 1.257533192355694119e-07 -3.113970273399432907e-07 -5.128089248716827295e-07 7.429805588286937433e-07 -2.940143969638109796e-07 7.307500963482725456e-10 -3.911904475092532854e-09 6.308551837234343980e-08 -7.950057750434301020e-08 8.093584046018319936e-08 -1.095762444832493955e-07 2.517947192407548999e-07 -6.891904755155394252e-08 2.595453578517822183e-07
1.218869824365845929e-08 8.114481122016151733e-09 2.197235412281448488e-07 -8.516560044097043583e-08 1.235459889345219972e-07 -5.540253570748307924e-07 -2.903677277113736183e-07 3.499970076259746389e-07 -5.312134517162206481e-07 5.573060818987621629e-09 -7.257407147366630801e-09 6.491636749490568587e-08 -1.177170223410019599e-07 2.695990880018036037e-08 -1.204203244395579803e-07 2.273391493831154170e-07 -2.219621066004582682e-07 6.137107210758396004e-07
-3.592111603873903043e-08 7.374915092524366396e-08 -8.516560044097043583e-08 6.596037639176026457e-07 9.130409143604459326e-07 -1.158413825337357407e-06 -2.163270831960455600e-06 4.104770032714306053e-06 -6.441829839313307347e-07 8.205726181961845658e-09 -1.534942256835062026e-08 2.644544563346207165e-07 -2.786760308756352412e-07 4.736600677588151002e-07 -4.810962830934157727e-07 1.086056372203223527e-06 -2.457102802430400680e-07 4.802900607500161500e-07
-6.781678434494763140e-08 1.257533192355694119e-07 1.235459889345219972e-07 9.130409143604459326e-07 2.506687505078754963e-06 -3.192350106667551942e-06 -4.347423901897372397e-06 9.491390905780233201e-06 -2.064361965914832507e-06 3.108743010033455700e-08 -2.979348355903296643e-08 6.721050602809512214e-07 -8.400644848526119624e-07 1.066223573522227912e-06 -1.204962846041875627e-06 2.664538716278785976e-06 -8.158546930139522939e-07 1.661795609053315613e-06
6.726762296641760483e-08 -3.113970273399432377e-07 -5.540253570748307924e-07 -1.158413825337357407e-06 -3.192350106667551942e-06 6.274425025445834999e-06 7.954866508650844777e-06 -1.409442023318909684e-05 4.626547349565349816e-06 -4.605306885905162746e-08 7.026041120261539343e-08 -1.114437393799118290e-06 1.448885163696300975e-06 -1.520081311379163004e-06 1.967306147093106448e-06 -4.460074542654846313e-06 1.734896631625594883e-06 -4.414323514952066502e-06
1.387587979049272092e-07 -5.128089248716827295e-07 -2.903677277113736183e-07 -2.163270831960455600e-06 -4.347423901897372397e-06 7.954866508650844777e-06 1.354591448520747745e-05 -2.187082184885401202e-05 6.662170252105630528e-06 -5.148088439441470355e-08 8.866545569656147789e-08 -1.582532999749464966e-06 1.971509310863815411e-06 -2.245342048112035756e-06 2.808409440977933015e-06 -6.701183813875211977e-06 2.078750928011063290e-06 -5.842490342207629246e-06
-3.379814521863858273e-07 7.429805588286937433e-07 3.499970076259745331e-07 4.104770032714306053e-06 9.491390905780233201e-06 -1.409442023318909684e-05 -2.187082184885401202e-05 4.497579459108555809e-05 -1.086977431937724498e-05 1.294892556712332716e-07 -9.999609503088421560e-08 2.992857721013724916e-06 -3.867658406462109346e-06 4.648128777085806246e-06 -5.392423134825726351e-06 1.258530604687001521e-05 -3.843717044249657596e-06 8.631412215814135045e-06
4.176599427842571489e-08 -2.940143969638109796e-07 -5.312134517162206481e-07 -6.441829839313308406e-07 -2.064361965914832507e-06 4.626547349565349816e-06 6.662170252105630528e-06 -1.086977431937724498e-05 6.534301407652395763e-06 -3.154230257397535539e-08 3.717500023154266365e-08 -8.748903630487414135e-07 1.242884725837649897e-06 -1.041278562010633482e-06 1.653774652426008132e-06 -3.745176402784831401e-06 1.263578539846255831e-06 -4.202743065192917107e-06
-6.216066502040492797e-10 7.307500963482727523e-10 5.573060818987621629e-09 8.205726181961847312e-09 3.108743010033455700e-08 -4.605306885905163408e-08 -5.148088439441471678e-08 1.294892556712332981e-07 -3.154230257397535539e-08 1.912591851489042314e-08 -4.260359495605875040e-10 8.656962682295820974e-09 -1.235625853724666874e-08 1.158043839011918622e-08 -1.519559146366304727e-08 3.587917196224556616e-08 -1.540767461533878090e-08 3.033406358102662669e-08
-4.660899469806735888e-10 -3.911904475092532854e-09 -7.257407147366630801e-09 -1.534942256835062026e-08 -2.979348355903296643e-08 7.026041120261539343e-08 8.866545569656147789e-08 -9.999609503088422883e-08 3.717500023154266365e-08 -4.260359495605875040e-10 5.190850630269316600e-08 -1.210755949759337607e-08 1.058886603192955548e-08 -1.497983783735268759e-08 1.988481722203587349e-08 -4.132262172513797152e-08 1.969588490076452451e-08 -5.701569244149745470e-08
-2.009520287120353581e-08 6.308551837234343980e-08 6.491636749490568587e-08 2.644544563346207165e-07 6.721050602809513273e-07 -1.114437393799118290e-06 -1.582532999749464966e-06 2.992857721013724916e-06 -8.748903630487414135e-07 8.656962682295820974e-09 -1.210755949759337607e-08 3.656021089288434806e-07 -2.948987314045338592e-07 3.396472676021242096e-07 -4.145992654665747590e-07 9.141789514129039489e-07 -2.905855220988122352e-07 7.477923287277719545e-07
2.539754935756665248e-08 -7.950057750434301020e-08 -1.177170223410019335e-07 -2.786760308756352412e-07 -8.400644848526119624e-07 1.448885163696300975e-06 1.971509310863815411e-06 -3.867658406462109346e-06 1.242884725837649897e-06 -1.235625853724666709e-08 1.058886603192955548e-08 -2.948987314045338063e-07 7.291813390661567758e-07 -4.179700679248301257e-07 5.297330392105125478e-07 -1.201541706841990076e-06 4.068401692194022722e-07 -1.052222487303224246e-06
-3.759404102338496056e-08 8.093584046018319936e-08 2.695990880018035375e-08 4.736600677588151002e-07 1.066223573522227912e-06 -1.520081311379163004e-06 -2.245342048112035756e-06 4.648128777085806246e-06 -1.041278562010633482e-06 1.158043839011918622e-08 -1.497983783735268759e-08 3.396472676021242096e-07 -4.179700679248301257e-07 1.208325993033847533e-06 -6.241956015870698751e-07 1.339974105276684863e-06 -4.049364190095860356e-07 8.327881607478938061e-07
3.379382101891252244e-08 -1.095762444832493955e-07 -1.204203244395579803e-07 -4.810962830934157727e-07 -1.204962846041875627e-06 1.967306147093106448e-06 2.808409440977933015e-06 -5.392423134825726351e-06 1.653774652426008132e-06 -1.519559146366304727e-08 1.988481722203587349e-08 -4.145992654665747590e-07 5.297330392105125478e-07 -6.241956015870698751e-07 1.928705248426512255e-06 -1.663187569784627294e-06 5.298190522914522493e-07 -1.342162305602403684e-06
-8.073444834077065621e-08 2.517947192407548469e-07 2.273391493831154170e-07 1.086056372203223527e-06 2.664538716278785129e-06 -4.460074542654846313e-06 -6.701183813875211977e-06 1.258530604687001521e-05 -3.745176402784831401e-06 3.587917196224555954e-08 -4.132262172513795829e-08 9.141789514129039489e-07 -1.201541706841990288e-06 1.339974105276685075e-06 -1.663187569784627294e-06 5.811926047326253729e-06 -1.212004488254992044e-06 3.130595568656314749e-06
1.266426618323373614e-08 -6.891904755155394252e-08 -2.219621066004582682e-07 -2.457102802430400680e-07 -8.158546930139522939e-07 1.734896631625594883e-06 2.078750928011063290e-06 -3.843717044249657596e-06 1.263578539846255831e-06 -1.540767461533878090e-08 1.969588490076452451e-08 -2.905855220988122352e-07 4.068401692194022722e-07 -4.049364190095860356e-07 5.298190522914522493e-07 -1.212004488254992044e-06 4.104146344461882612e-06 -1.402979810342497328e-06
-1.192870414777956563e-08 2.595453578517822183e-07 6.137107210758396004e-07 4.802900607500161500e-07 1.661795609053315613e-06 -4.414323514952066502e-06 -5.842490342207629246e-06 8.631412215814135045e-06 -4.202743065192917107e-06 3.033406358102662669e-08 -5.701569244149745470e-08 7.477923287277719545e-07 -1.052222487303224246e-06 8.327881607478938061e-07 -1.342162305602403684e-06 3.130595568656314749e-06 -1.402979810342497328e-06 1.027510095339967806e-05
