# alpha=0.03846796662985656, beta=0.007582389074895398
4.097530282444223606e-09 8.368098099640838278e-10 -3.764122454687356232e-09 -3.693113617554670346e-09 -5.190657011948439298e-09 -4.051620448306374427e-09 -2.937834669020651136e-09 3.420094907443805276e-08 4.428706073142484552e-09 1.853781891677014184e-12 -7.557681703490807472e-10 1.417365315063047037e-09 2.126587008989379796e-10 6.477739253938526009e-11 1.675384837615345322e-09 -9.859940288510265523e-09 1.495476175007179918e-08 -2.882640030333013292e-08
8.368098099640838278e-10 1.157033154801703898e-08 -2.776471209314987169e-09 9.507310122749581069e-09 2.150066733062387973e-09 -1.978974605455552829e-08 6.338955826139968322e-09 -7.233015127241487827e-09 5.054562082128063706e-08 8.619387181270665175e-11 -1.462627619535919303e-09 1.906498876302130645e-10 3.018490580439502240e-09 -8.080459456397246383e-09 4.922404543789089641e-09 -1.393301914618238867e-09 -4.275776720922524100e-09 -1.253224987234887371e-08
-3.764122454687356232e-09 -2.776471209314987169e-09 5.320287260543038027e-08 -5.998911199287981921e-08 -2.500842115599649274e-08 9.364051745883275079e-08 -8.487967067466394980e-08 9.924381395216504722e-09 -2.382956826248869264e-07 9.877281028409808421e-10 3.973400176593408771e-09 -1.524186320550349516e-08 5.076294996797829161e-09 1.014764786237132683e-08 -2.810594985117247069e-08 -7.826220233181498721e-08 8.485758811237901657e-08 2.853502528909944387e-08
-3.693113617554670346e-09 9.507310122749579414e-09 -5.998911199287980597e-08 3.696324138937773340e-07 1.378422525797165608e-07 -3.286782165609802226e-07 4.728457002097790067e-07 -5.143915438942943429e-07 9.470184654984483528e-07 -3.407545483948400668e-09 -7.944517914224910363e-09 3.446115544878966016e-08 1.151733754844240143e-08 -7.787095723655740189e-08 1.044259419366458923e-07 4.491731115842040769e-07 -5.420868736185528951e-07 1.963424483574119141e-07
-5.190657011948439298e-09 2.150066733062387559e-09 -2.500842115599648943e-08 1.378422525797165608e-07 1.946365342633545091e-07 -1.606157052976106134e-07 2.017602217354284510e-07 -3.144465080181381504e-07 3.459468837324160684e-07 -2.587732666458678311e-09 -2.828509587087371559e-09 1.974166213441163547e-08 1.577966132882935457e-08 -3.526231965962686216e-08 3.987945575165981547e-08 1.928544778747804735e-07 -2.836980227052060722e-07 1.427439212233353530e-07
-4.051620448306374427e-09 -1.978974605455552829e-08 9.364051745883275079e-08 -3.286782165609802226e-07 -1.606157052976106134e-07 7.642534939834147770e-07 -3.227286842198399596e-07 1.658010871738730088e-07 -1.197460244203200202e-06 7.404178508328939804e-09 1.258868535952373494e-08 -4.483398703086895322e-08 -2.404136016785378181e-08 8.999000958435011692e-08 -1.336803943854796549e-07 -3.713584072678424090e-07 5.079643970445658634e-07 3.538839060016764742e-08
-2.937834669020652790e-09 6.338955826139967495e-09 -8.487967067466394980e-08 4.728457002097790067e-07 2.017602217354284510e-07 -3.227286842198399596e-07 1.389158525706974755e-06 -1.139198821508982411e-06 1.231784702040861709e-06 4.307013428832206084e-11 -1.753418022503284238e-08 6.518279729895217921e-08 1.144241876688874125e-08 -8.206862238169848067e-08 1.313498611990253136e-07 7.358583374177853185e-07 -8.694593768009319262e-07 4.854170377249035151e-07
3.420094907443805276e-08 -7.233015127241489481e-09 9.924381395216491487e-09 -5.143915438942943429e-07 -3.144465080181381504e-07 1.658010871738730618e-07 -1.139198821508982411e-06 2.554555429026239031e-06 -9.407675024816779022e-07 1.256655920113492389e-09 3.990955443313723577e-09 -3.771167696107643401e-08 -4.854151184267132824e-08 9.618606051894659800e-08 -7.045090780948035710e-08 -8.431417592298252308e-07 1.107941341748977608e-06 -1.032051030171262714e-06
4.428706073142484552e-09 5.054562082128063706e-08 -2.382956826248869264e-07 9.470184654984483528e-07 3.459468837324160684e-07 -1.197460244203200202e-06 1.231784702040861709e-06 -9.407675024816779022e-07 4.753520763161669294e-06 -6.754033786984324294e-09 -3.048759309741978785e-08 1.004653422167519888e-07 -6.848697547062232674e-09 -2.506084828156462386e-07 3.419317097303800966e-07 1.235059283936149114e-06 -1.395563191659346135e-06 1.348418943637677985e-07
1.853781891677012164e-12 8.619387181270661298e-11 9.877281028409808421e-10 -3.407545483948400255e-09 -2.587732666458678311e-09 7.404178508328938977e-09 4.307013428832243565e-11 1.256655920113492182e-09 -6.754033786984324294e-09 1.433681179666983289e-08 -1.457423241969414962e-10 -3.583551696716225649e-10 -1.917008585904136931e-09 9.347978514578746606e-10 -1.343797993451205337e-09 -5.429805433966211923e-09 9.593580984787645798e-09 -5.141516723170933923e-10
-7.557681703490808506e-10 -1.462627619535919303e-09 3.973400176593408771e-09 -7.944517914224910363e-09 -2.828509587087371146e-09 1.258868535952373659e-08 -1.753418022503284238e-08 3.990955443313725232e-09 -3.048759309741979447e-08 -1.457423241969414962e-10 3.889973970393679969e-08 -2.330103209561205581e-09 8.308086032835424692e-10 2.436093383437636246e-09 -4.298891029979665075e-09 -8.636186848969797380e-09 8.488419216791883160e-09 4.874057471286110466e-09
1.417365315063047037e-09 1.906498876302131679e-10 -1.524186320550349516e-08 3.446115544878966016e-08 1.974166213441163547e-08 -4.483398703086895322e-08 6.518279729895219244e-08 -3.771167696107644063e-08 1.004653422167520021e-07 -3.583551696716226683e-10 -2.330103209561205994e-09 1.116620469362774162e-07 7.542062874740055179e-10 -6.376031456136110572e-09 1.593772334011397457e-08 4.695237909941312783e-08 -6.113956953128258471e-08 8.704935154445031246e-09
2.126587008989379537e-10 3.018490580439502240e-09 5.076294996797829988e-09 1.151733754844240143e-08 1.577966132882935126e-08 -2.404136016785378181e-08 1.144241876688873959e-08 -4.854151184267133485e-08 -6.848697547062222747e-09 -1.917008585904136931e-09 8.308086032835423658e-10 7.542062874740058281e-10 2.707340078558390390e-07 -1.228960329141088951e-08 4.928518587672177666e-09 -8.482274373170293919e-10 -5.831387132297198576e-08 1.855647371315639829e-08
6.477739253938518254e-11 -8.080459456397246383e-09 1.014764786237132352e-08 -7.787095723655740189e-08 -3.526231965962685554e-08 8.999000958435009045e-08 -8.206862238169845420e-08 9.618606051894657153e-08 -2.506084828156461857e-07 9.347978514578746606e-10 2.436093383437636246e-09 -6.376031456136108917e-09 -1.228960329141088786e-08 5.284280246378657906e-07 -3.030319997748556746e-08 -8.826671781865588568e-08 1.188052598244959124e-07 -1.765070688102741281e-08
1.675384837615345322e-09 4.922404543789089641e-09 -2.810594985117247069e-08 1.044259419366458923e-07 3.987945575165981547e-08 -1.336803943854796549e-07 1.313498611990253136e-07 -7.045090780948037034e-08 3.419317097303801495e-07 -1.343797993451205337e-09 -4.298891029979665075e-09 1.593772334011397457e-08 4.928518587672176838e-09 -3.030319997748556746e-08 9.253878383647275124e-07 1.311069018683796289e-07 -1.660982984979788010e-07 7.398729718241186691e-09
-9.859940288510265523e-09 -1.393301914618239073e-09 -7.826220233181498721e-08 4.491731115842040769e-07 1.928544778747804735e-07 -3.713584072678424090e-07 7.358583374177852127e-07 -8.431417592298252308e-07 1.235059283936149114e-06 -5.429805433966211923e-09 -8.636186848969797380e-09 4.695237909941312121e-08 -8.482274373170303225e-10 -8.826671781865588568e-08 1.311069018683796289e-07 2.254893809568003026e-06 -8.365382737873677154e-07 4.212482203659836055e-07
1.495476175007179918e-08 -4.275776720922522445e-09 8.485758811237901657e-08 -5.420868736185528951e-07 -2.836980227052060722e-07 5.079643970445658634e-07 -8.694593768009319262e-07 1.107941341748977608e-06 -1.395563191659346135e-06 9.593580984787647452e-09 8.488419216791883160e-09 -6.113956953128257147e-08 -5.831387132297198576e-08 1.188052598244959124e-07 -1.660982984979788010e-07 -8.365382737873677154e-07 3.731196978194774170e-06 -5.567885290158769005e-07
-2.882640030333013623e-08 -1.253224987234887371e-08 2.853502528909945049e-08 1.963424483574119141e-07 1.427439212233353530e-07 3.538839060016765403e-08 4.854170377249035151e-07 -1.032051030171262714e-06 1.348418943637677985e-07 -5.141516723170932889e-10 4.874057471286110466e-09 8.704935154445027938e-09 1.855647371315639829e-08 -1.765070688102741612e-08 7.398729718241184209e-09 4.212482203659836055e-07 -5.567885290158769005e-07 5.370047631126678783e-06
