# alpha=0.012531807417218599, beta=0.02023945425214485
6.103633321462314545e-09 -3.940373761204799223e-09 8.298518559272707854e-10 -6.440397177321715385e-09 -1.586810148942702818e-08 1.105553504360659173e-08 -1.936391216377632071e-08 2.141275700125850223e-08 -1.133290154312760697e-08 -1.515564413153352584e-11 8.648495684476841325e-10 7.002035998711657214e-10 5.820695973937898573e-10 3.396019992696397639e-09 -6.146018429787049461e-09 1.301320842620705286e-08 -4.822420334140629161e-09 -1.469641209055808276e-08
-3.940373761204799223e-09 3.816433240150187898e-08 1.824641427400072879e-08 1.441267751152906919e-08 9.895242719963559264e-08 -1.221201757426511818e-07 5.216606752763012084e-08 -1.062757946109330734e-07 1.919656780946740072e-08 -1.739838994141626749e-10 -3.495011100947945518e-09 -9.558942057933534243e-09 1.162743589975057119e-09 -3.460822177919469616e-08 2.477508047504649806e-08 -4.658181683118580857e-08 -2.934222458009268700e-09 1.608081115917588679e-07
8.298518559272707854e-10 1.824641427400072879e-08 9.017974744665459432e-08 -2.211398428096143432e-08 8.601047021644620502e-08 -1.617843128280183892e-07 2.109668733733600612e-08 -1.115518376880513709e-07 -7.923760665891013054e-08 1.689820524512267879e-11 -8.407704929042956447e-10 -1.626357206249624000e-08 7.141284189087959575e-09 -4.386309627090124488e-08 1.532367873518787341e-08 -2.268535300336379052e-08 -2.016615255646405075e-08 2.174701677805953868e-07
-6.440397177321715385e-09 1.441267751152906919e-08 -2.211398428096143432e-08 2.174481615955834656e-07 -7.104184843789781143e-10 -8.384267160093164322e-08 2.210303405690438515e-08 5.012500285812013984e-08 1.815398222943334002e-07 3.866191691618238605e-10 -4.997814554263539445e-09 3.129626728084168833e-09 -1.649399137190512737e-08 9.035075573744674037e-09 1.786964357727570356e-08 -5.923020836911710785e-08 2.436428470670755341e-08 1.204694566828407172e-08
-1.586810148942702818e-08 9.895242719963559264e-08 8.601047021644619179e-08 -7.104184843789748056e-10 7.446217987586398884e-07 -4.550241275960603634e-07 2.484908282174176440e-07 -5.342961817540594646e-07 1.954283757503491442e-08 -1.293053751153547983e-09 -1.324026110106208365e-08 -4.502963258713786316e-08 1.762677036452813874e-08 -1.682480948317089920e-07 1.094498979377455976e-07 -1.983430056717764666e-07 -1.958925020874379333e-08 7.088946474782055390e-07
1.105553504360659338e-08 -1.221201757426511818e-07 -1.617843128280183892e-07 -8.384267160093164322e-08 -4.550241275960603634e-07 1.347744907556990426e-06 -2.050306544858642067e-07 4.787765278451291922e-07 5.494188963250833153e-08 4.457283444588064758e-10 1.452212098337329229e-08 6.690338749001427867e-08 -1.655767170365058347e-09 2.009841700459803394e-07 -1.218742524002280812e-07 2.306296493762325453e-07 6.063821449799032232e-08 -1.061382763165441796e-06
-1.936391216377632071e-08 5.216606752763012746e-08 2.109668733733601273e-08 2.210303405690438515e-08 2.484908282174176969e-07 -2.050306544858642332e-07 1.101221928340977417e-06 -3.438640217378626141e-07 -7.938160053588572450e-08 -7.037730856055154731e-11 -6.978409037206481577e-09 -2.189055032352554059e-08 5.363023730060015495e-09 -7.511698906621147695e-08 9.773237823930200056e-08 -1.777480215092487360e-07 4.648952148581589006e-08 2.842338148867959192e-07
2.141275700125850223e-08 -1.062757946109330866e-07 -1.115518376880513709e-07 5.012500285812013984e-08 -5.342961817540594646e-07 4.787765278451291922e-07 -3.438640217378625612e-07 2.113216672225571932e-06 3.403343993816534983e-08 1.055978637647687786e-10 1.413437678379105547e-08 5.249802010270437712e-08 -2.527424348871713243e-08 1.883852316530284349e-07 -1.404528436307718105e-07 2.042215472075481242e-07 -1.781103996479571027e-09 -7.857427325982812389e-07
-1.133290154312760697e-08 1.919656780946740403e-08 -7.923760665891013054e-08 1.815398222943334266e-07 1.954283757503490780e-08 5.494188963250833153e-08 -7.938160053588572450e-08 3.403343993816534983e-08 2.985959710326630772e-06 1.399750119447938384e-09 -1.276796772963129223e-08 2.236494689164618723e-08 -2.944038716846308262e-08 3.694929882984295412e-08 1.228121297763159793e-08 -6.132702154193918441e-08 4.491097893709611812e-08 -1.665859088445319938e-07
-1.515564413153352261e-11 -1.739838994141626491e-10 1.689820524512267233e-11 3.866191691618238605e-10 -1.293053751153547776e-09 4.457283444588065275e-10 -7.037730856055158608e-11 1.055978637647687786e-10 1.399750119447938384e-09 3.722399128113661783e-08 -5.443356536888822137e-11 3.662785957784453514e-11 -5.086656639448556143e-12 5.367358209733450199e-10 -3.711016614737644380e-11 -2.179854248268047202e-10 3.065791448925123839e-10 -1.825349530806396959e-09
8.648495684476841325e-10 -3.495011100947945518e-09 -8.407704929042958514e-10 -4.997814554263539445e-09 -1.324026110106208365e-08 1.452212098337329560e-08 -6.978409037206481577e-09 1.413437678379105547e-08 -1.276796772963129058e-08 -5.443356536888822783e-11 1.011092073419408799e-07 6.456499068959910522e-10 3.929945985087784090e-10 3.445972293791149805e-09 -3.617010427206231970e-09 7.883950141997013822e-09 -4.916067852342016837e-10 -1.690721851821786779e-08
7.002035998711659282e-10 -9.558942057933535897e-09 -1.626357206249624000e-08 3.129626728084168005e-09 -4.502963258713786978e-08 6.690338749001427867e-08 -2.189055032352554059e-08 5.249802010270437712e-08 2.236494689164618723e-08 3.662785957784453514e-11 6.456499068959910522e-10 2.766993229781397360e-07 -2.817168890167095364e-09 1.911488273013627431e-08 -1.067609121770158907e-08 1.951299394418882259e-08 2.633588591085698880e-09 -9.594032828600135903e-08
5.820695973937898573e-10 1.162743589975057119e-09 7.141284189087959575e-09 -1.649399137190512737e-08 1.762677036452814205e-08 -1.655767170365058967e-09 5.363023730060014667e-09 -2.527424348871712581e-08 -2.944038716846308262e-08 -5.086656639448569068e-12 3.929945985087785641e-10 -2.817168890167095364e-09 6.502196861792813864e-07 -7.800579673332663063e-09 1.473684468584218840e-09 1.645302045552032222e-09 -2.765520556395771197e-09 2.431720078857003463e-08
3.396019992696397639e-09 -3.460822177919469616e-08 -4.386309627090124488e-08 9.035075573744672382e-09 -1.682480948317089920e-07 2.009841700459803394e-07 -7.511698906621146372e-08 1.883852316530284349e-07 3.694929882984295412e-08 5.367358209733450199e-10 3.445972293791149805e-09 1.911488273013627431e-08 -7.800579673332663063e-09 1.377146385903162362e-06 -3.762987384809855045e-08 5.891625299875028316e-08 1.566365104036814610e-08 -2.904355664933062261e-07
-6.146018429787049461e-09 2.477508047504649806e-08 1.532367873518787341e-08 1.786964357727570356e-08 1.094498979377456240e-07 -1.218742524002280812e-07 9.773237823930200056e-08 -1.404528436307718370e-07 1.228121297763159131e-08 -3.711016614737645026e-11 -3.617010427206231970e-09 -1.067609121770158907e-08 1.473684468584219047e-09 -3.762987384809855045e-08 2.359894669848841879e-06 -6.485344621622910998e-08 8.733175655317615029e-09 1.625612838213540216e-07
1.301320842620705617e-08 -4.658181683118581519e-08 -2.268535300336379713e-08 -5.923020836911710785e-08 -1.983430056717764666e-07 2.306296493762325982e-07 -1.777480215092487360e-07 2.042215472075481242e-07 -6.132702154193918441e-08 -2.179854248268047202e-10 7.883950141997013822e-09 1.951299394418882259e-08 1.645302045552031809e-09 5.891625299875029639e-08 -6.485344621622910998e-08 4.104875772981505426e-06 -2.823485455994568236e-08 -2.916534663385605719e-07
-4.822420334140628334e-09 -2.934222458009269527e-09 -2.016615255646405075e-08 2.436428470670755341e-08 -1.958925020874379664e-08 6.063821449799032232e-08 4.648952148581588344e-08 -1.781103996479575576e-09 4.491097893709611812e-08 3.065791448925123839e-10 -4.916067852342017871e-10 2.633588591085699294e-09 -2.765520556395770784e-09 1.566365104036814941e-08 8.733175655317615029e-09 -2.823485455994568236e-08 6.995774954649011460e-06 -7.029264390872290758e-08
-1.469641209055808276e-08 1.608081115917588679e-07 2.174701677805953338e-07 1.204694566828407172e-08 7.088946474782055390e-07 -1.061382763165441796e-06 2.842338148867958663e-07 -7.857427325982811330e-07 -1.665859088445319938e-07 -1.825349530806396959e-09 -1.690721851821786448e-08 -9.594032828600135903e-08 2.431720078857002801e-08 -2.904355664933062261e-07 1.625612838213539952e-07 -2.916534663385605719e-07 -7.029264390872290758e-08 1.388414361580140848e-05
