# alpha=0.0015692475577119558, beta=0.009081470594842269
2.217870299924769998e-09 -1.674251797863681152e-10 -5.046765949111650299e-10 -4.788848273670062661e-10 2.817399366014509491e-10 1.248556981483174819e-09 1.731309985903218907e-09 1.790785967063135574e-09 -2.622090785657834895e-09 -4.197358888772178865e-11 3.421748102636043058e-10 -1.818011425630094027e-10 -3.172742883553187396e-12 -8.191573337338968927e-10 1.710446382718596681e-10 -8.984727851925819144e-10 3.239939415285441274e-09 -2.321414844152767830e-09
-1.674251797863681152e-10 6.984189085483221553e-09 3.350380837902673407e-10 -2.771132930581254075e-10 8.870137059025508107e-10 -3.540098082397040618e-10 -2.591635364696954408e-09 -7.261937625996019670e-10 -1.472867924968146011e-10 1.851362678303979479e-11 -8.300339252417865856e-11 1.360429739810812167e-10 -8.286519410451640148e-11 5.594862606429608576e-10 -1.661136265795499515e-10 6.610702739750045806e-10 -1.662718448383951243e-09 1.725576980614187333e-09
-5.046765949111650299e-10 3.350380837902673407e-10 2.117970285355697967e-08 9.544330696358825471e-10 -1.379686493992503339e-10 -2.944821823199329481e-09 -5.536394043202560387e-09 -2.713616947250633875e-09 4.072190074173424677e-09 1.156752772986787525e-10 -7.852827939810153764e-10 3.887020854819349098e-10 6.891817098974439861e-11 2.003909230736865769e-09 -7.178701943421427042e-10 2.046878378186474841e-09 -7.216515330025344705e-09 5.423718041467129636e-09
-4.788848273670062661e-10 -2.771132930581254075e-10 9.544330696358823404e-10 5.895325716578939258e-08 -4.834767847460683299e-09 -2.997285983664532513e-09 7.173145345739334066e-09 -1.086911006345467906e-08 1.580332281324943126e-08 3.647645999218093133e-10 -1.768148006742574500e-09 2.818021344695932800e-11 5.221879691827784220e-10 1.038439944127666128e-09 -7.119366346292785635e-10 -1.678381276057400633e-09 -7.267885045855279903e-09 3.443940003288803528e-09
2.817399366014510008e-10 8.870137059025508107e-10 -1.379686493992502563e-10 -4.834767847460683299e-09 1.117737023681073996e-07 4.408899864459675764e-09 -4.209944499114729625e-09 3.817986733411972869e-09 -1.649970072830544002e-08 -9.186479931382510387e-11 4.805300125494096673e-10 4.951445412028639900e-10 -1.199118844125580359e-09 -3.523906182614902922e-10 -2.556511768095325568e-10 -7.822721690684189344e-10 -1.461045540447982429e-09 2.492076476792159232e-09
1.248556981483174819e-09 -3.540098082397040618e-10 -2.944821823199329481e-09 -2.997285983664532513e-09 4.408899864459675764e-09 1.937461000433162446e-07 1.045242955224553265e-08 1.654444649059114562e-08 -1.899970159200997021e-08 -2.615661422261083377e-10 2.132379942809845867e-09 -1.431599318265382371e-09 1.184992453358504780e-10 -5.464824955736663895e-09 1.819820712413439941e-09 -5.408747678661672192e-09 2.073859880473946941e-08 -1.478166893175636860e-08
1.731309985903219114e-09 -2.591635364696954408e-09 -5.536394043202560387e-09 7.173145345739331584e-09 -4.209944499114728798e-09 1.045242955224553265e-08 3.475615264169353454e-07 4.708213903780001388e-09 1.831212182813237871e-09 -1.109882596750497218e-10 1.095415623345058072e-09 -2.108714138211715428e-09 8.199127558021703767e-10 -8.912733813943488762e-09 2.665434063393759780e-09 -1.340620918757756526e-08 2.494086518872088099e-08 -2.482087463096296921e-08
1.790785967063135574e-09 -7.261937625996019670e-10 -2.713616947250633875e-09 -1.086911006345467906e-08 3.817986733411974523e-09 1.654444649059114562e-08 4.708213903780000561e-09 5.983886854231119040e-07 -3.386183862845349825e-08 -6.669605898658249792e-10 4.496510880411075271e-09 -3.123923695942663010e-09 2.165631620523445553e-09 -8.700888673990333542e-09 4.009217869355155802e-09 -4.986507643542183230e-09 4.013849654293084545e-08 -2.894752587309330521e-08
-2.622090785657834482e-09 -1.472867924968145753e-10 4.072190074173424677e-09 1.580332281324943126e-08 -1.649970072830544002e-08 -1.899970159200997021e-08 1.831212182813238905e-09 -3.386183862845349825e-08 1.064648266958536051e-06 6.416242886703627785e-10 -4.502805451035472013e-09 1.278622247396569759e-09 1.027702605950097584e-09 6.792635406961766697e-09 -1.835933399899102097e-09 4.897822575122751475e-09 -3.067953881076607264e-08 1.578444375958649317e-08
-4.197358888772178865e-11 1.851362678303979479e-11 1.156752772986787267e-10 3.647645999218093133e-10 -9.186479931382511679e-11 -2.615661422261083377e-10 -1.109882596750497218e-10 -6.669605898658248758e-10 6.416242886703627785e-10 1.667889265942306256e-08 -1.224388598663984989e-10 5.722671869435805468e-11 -6.248601854700802908e-12 2.041208124579197866e-10 -9.001644655360505529e-11 4.334703961620626596e-11 -8.898200144310788220e-10 5.814175427125653651e-10
3.421748102636042541e-10 -8.300339252417867149e-11 -7.852827939810153764e-10 -1.768148006742574500e-09 4.805300125494095639e-10 2.132379942809845867e-09 1.095415623345057659e-09 4.496510880411075271e-09 -4.502805451035472013e-09 -1.224388598663985247e-10 4.577342996909899441e-08 -3.798091645991712885e-10 4.378294424922876522e-11 -1.343976664911964074e-09 4.926355828156151931e-10 -5.487307001034350501e-10 6.159208738920048341e-09 -3.964615225742988963e-09
-1.818011425630093769e-10 1.360429739810812167e-10 3.887020854819349098e-10 2.818021344695928277e-11 4.951445412028639900e-10 -1.431599318265382164e-09 -2.108714138211715015e-09 -3.123923695942663010e-09 1.278622247396569759e-09 5.722671869435805468e-11 -3.798091645991712885e-10 1.210574903227632287e-07 -3.018245609263176339e-10 1.067298194037238435e-09 -4.150890599976039275e-10 8.537176949827179162e-10 -4.516300558053221556e-09 3.290574861462340634e-09
-3.172742883553194666e-12 -8.286519410451638856e-11 6.891817098974445031e-11 5.221879691827784220e-10 -1.199118844125579945e-09 1.184992453358503746e-10 8.199127558021703767e-10 2.165631620523445967e-09 1.027702605950097584e-09 -6.248601854700802908e-12 4.378294424922873937e-11 -3.018245609263176339e-10 2.903751308107964538e-07 -5.087863996299562530e-10 2.603030902432027150e-10 -4.734876658505518002e-10 2.114300837756333849e-09 -1.940877993297056269e-09
-8.191573337338968927e-10 5.594862606429608576e-10 2.003909230736865769e-09 1.038439944127666128e-09 -3.523906182614902405e-10 -5.464824955736663895e-09 -8.912733813943490417e-09 -8.700888673990333542e-09 6.792635406961766697e-09 2.041208124579197866e-10 -1.343976664911964074e-09 1.067298194037238642e-09 -5.087863996299562530e-10 5.917807678564887984e-07 -1.397498521077773952e-09 3.578084565445059236e-09 -1.430457354745916115e-08 1.086862266860257819e-08
1.710446382718596681e-10 -1.661136265795499515e-10 -7.178701943421426008e-10 -7.119366346292786669e-10 -2.556511768095325051e-10 1.819820712413439941e-09 2.665434063393759366e-09 4.009217869355154975e-09 -1.835933399899101683e-09 -9.001644655360505529e-11 4.926355828156151931e-10 -4.150890599976039275e-10 2.603030902432027150e-10 -1.397498521077773952e-09 1.042208753116319054e-06 -1.035873592335091090e-09 5.093063054043575571e-09 -3.774193559414684424e-09
-8.984727851925819144e-10 6.610702739750045806e-10 2.046878378186474841e-09 -1.678381276057400426e-09 -7.822721690684188310e-10 -5.408747678661672192e-09 -1.340620918757756526e-08 -4.986507643542182403e-09 4.897822575122751475e-09 4.334703961620627889e-11 -5.487307001034350501e-10 8.537176949827180196e-10 -4.734876658505519036e-10 3.578084565445059236e-09 -1.035873592335091090e-09 1.784829210678696923e-06 -1.157162924739126700e-08 1.030726900368320263e-08
3.239939415285441274e-09 -1.662718448383951243e-09 -7.216515330025344705e-09 -7.267885045855281558e-09 -1.461045540447981809e-09 2.073859880473946941e-08 2.494086518872088099e-08 4.013849654293084545e-08 -3.067953881076607264e-08 -8.898200144310788220e-10 6.159208738920048341e-09 -4.516300558053221556e-09 2.114300837756333849e-09 -1.430457354745916115e-08 5.093063054043575571e-09 -1.157162924739126700e-08 3.181074484591027088e-06 -4.362888165440112953e-08
-2.321414844152768244e-09 1.725576980614187540e-09 5.423718041467129636e-09 3.443940003288803528e-09 2.492076476792158818e-09 -1.478166893175637026e-08 -2.482087463096297252e-08 -2.894752587309330852e-08 1.578444375958649317e-08 5.814175427125653651e-10 -3.964615225742989790e-09 3.290574861462341461e-09 -1.940877993297056269e-09 1.086862266860257819e-08 -3.774193559414684424e-09 1.030726900368320263e-08 -4.362888165440112953e-08 5.623230505414071865e-06
