# alpha=0.0033221113211041042, beta=0.004606274365237388
1.371512042076567591e-09 -5.379129086237021487e-10 1.416411711794438099e-09 -1.565708685258410601e-09 9.470412843037936201e-10 1.871595991303314668e-10 -2.100670093754792141e-09 -7.961417236914050633e-10 2.558617900051946274e-09 -1.730935396731572700e-11 -4.093480756020673580e-11 -4.899711719766442519e-11 2.291362229841531264e-10 -3.638733479390836796e-10 4.047696748674665259e-10 6.804722630396838845e-10 -1.315791048274138096e-09 -1.754867068847304106e-09
-5.379129086237021487e-10 5.757011507891680464e-09 -6.571693284387521696e-09 5.770707505906820084e-09 -3.603688935211591460e-09 -1.882051499954680213e-09 1.436956833971729416e-08 3.903972668309470939e-09 -9.575968959438860410e-09 -1.463020920179283585e-10 8.020174006413183876e-10 4.784987656767176287e-10 -1.160376016956935632e-09 1.428398387713842579e-09 -1.937316857429054577e-09 -3.496358771900085785e-09 5.855183650490302172e-09 2.645893720185272614e-09
1.416411711794438306e-09 -6.571693284387521696e-09 4.417822548412323861e-08 -2.045318792055830018e-08 1.781617289902784710e-08 4.205589051013481806e-09 -6.456531397874195816e-08 -5.305161999680477217e-09 2.782376133665323640e-08 1.066467860161799960e-09 -4.096578057172866625e-09 -2.676916672667964514e-09 4.785884674350118791e-09 -6.337612238619079919e-09 1.023870294175542665e-08 1.316532909092507077e-08 -2.580282555103232734e-08 -9.102878041083056381e-09
-1.565708685258410601e-09 5.770707505906819257e-09 -2.045318792055830018e-08 5.221584032347700993e-08 -1.625711210751560977e-08 -2.459672637243396517e-08 6.260626075405158802e-08 1.315337572783039514e-08 2.138590491756494524e-09 -4.157395453041915274e-10 2.728129848111483508e-09 1.234161639216456548e-09 -2.230978510792809876e-09 4.876374296840937178e-09 -3.897678274998605368e-09 -1.032209429379802311e-08 2.188027238543595556e-08 -5.046164021276194923e-09
9.470412843037936201e-10 -3.603688935211592287e-09 1.781617289902784710e-08 -1.625711210751560977e-08 7.141869935741036213e-08 1.269124618355810451e-08 -5.330513877459738044e-08 -1.003496803734526732e-08 -4.986103925382370429e-09 8.360960265860130614e-10 -2.511471754811627684e-09 5.553591656294701109e-11 2.606676445848750301e-09 -5.377855820684901689e-09 3.073756691697342648e-09 7.412080701460898285e-09 -1.355480341002602110e-08 1.316007787040814057e-09
1.871595991303315185e-10 -1.882051499954681041e-09 4.205589051013482633e-09 -2.459672637243396848e-08 1.269124618355810451e-08 1.455731145104612749e-07 -6.419526361688603666e-08 -2.170562410967370213e-08 -3.622847880628665767e-08 1.558206335698986797e-10 -1.826352716343609944e-09 2.618736804805792707e-10 -1.735155570651450793e-09 -3.431134782126130156e-09 -3.779677625745265732e-09 7.444736143120099057e-09 -1.463915215162740932e-08 2.529557191361003393e-08
-2.100670093754792141e-09 1.436956833971729085e-08 -6.456531397874194492e-08 6.260626075405158802e-08 -5.330513877459738044e-08 -6.419526361688602343e-08 3.818444832679292197e-07 2.943424948843997146e-08 4.299062083970915687e-09 -2.469402506746357839e-09 1.040337045479839239e-08 1.317190103792448686e-09 -7.762035795981598061e-09 1.657890713240072507e-08 -1.567402143810077493e-08 -3.483742925952902624e-08 6.603860059980687815e-08 -1.080044249044418576e-08
-7.961417236914050633e-10 3.903972668309470939e-09 -5.305161999680476390e-09 1.315337572783039514e-08 -1.003496803734526732e-08 -2.170562410967370544e-08 2.943424948843997146e-08 3.220234890395587396e-07 -1.211567911768562380e-08 -2.118674169809584988e-10 4.634870213163503394e-10 6.813574446459247233e-10 -1.241714600662272091e-09 3.839471619043913171e-09 3.135617525938578691e-09 -5.066705499590589007e-09 2.360294241757748246e-09 -7.368006827477991885e-09
2.558617900051946274e-09 -9.575968959438860410e-09 2.782376133665323640e-08 2.138590491756494524e-09 -4.986103925382370429e-09 -3.622847880628665767e-08 4.299062083970915687e-09 -1.211567911768562546e-08 6.729536487347149480e-07 3.298443321397120607e-10 -1.601473119094832897e-09 -5.299526776661070906e-09 6.324772734838742123e-09 -2.601656951211320548e-09 1.034089114635028786e-08 1.463212560753124648e-08 -1.089535144215172489e-08 -4.435825783631981856e-08
-1.730935396731572700e-11 -1.463020920179283585e-10 1.066467860161799960e-09 -4.157395453041914240e-10 8.360960265860130614e-10 1.558206335698985504e-10 -2.469402506746357839e-09 -2.118674169809584471e-10 3.298443321397120607e-10 8.522384615928393682e-09 -1.713947103973951766e-10 -2.988185886285057051e-11 1.805779694549424566e-10 -2.243901756789207575e-10 2.773148625562446068e-10 3.729106316469132617e-10 -6.019104953311220281e-10 -1.174299599162662173e-10
-4.093480756020674873e-11 8.020174006413183876e-10 -4.096578057172866625e-09 2.728129848111483508e-09 -2.511471754811627684e-09 -1.826352716343609944e-09 1.040337045479839405e-08 4.634870213163502360e-10 -1.601473119094832897e-09 -1.713947103973951766e-10 2.349126801401531265e-08 2.154388301045750597e-10 -5.465601867228829228e-10 7.416631919153021162e-10 -1.302563532903035137e-09 -1.809830764278189108e-09 3.717262377822485395e-09 1.660918449583246153e-10
-4.899711719766445750e-11 4.784987656767176287e-10 -2.676916672667964514e-09 1.234161639216456755e-09 5.553591656294701109e-11 2.618736804805794775e-10 1.317190103792448686e-09 6.813574446459247233e-10 -5.299526776661070906e-09 -2.988185886285057051e-11 2.154388301045750080e-10 6.196226036026497590e-08 -4.311156715379315227e-10 2.876177887598578564e-10 -7.918362416218158331e-10 -9.362853925627788514e-10 2.237126846056794799e-09 2.026281630554445029e-10
2.291362229841531781e-10 -1.160376016956935632e-09 4.785884674350118791e-09 -2.230978510792810290e-09 2.606676445848750301e-09 -1.735155570651450793e-09 -7.762035795981599715e-09 -1.241714600662272091e-09 6.324772734838742123e-09 1.805779694549424566e-10 -5.465601867228829228e-10 -4.311156715379315227e-10 1.481763493092568492e-07 -1.056475917385276374e-09 1.522036546019465016e-09 1.992785353741261673e-09 -3.542400087728114820e-09 -2.386199865219458884e-09
-3.638733479390836796e-10 1.428398387713842579e-09 -6.337612238619079919e-09 4.876374296840937178e-09 -5.377855820684901689e-09 -3.431134782126129743e-09 1.657890713240072507e-08 3.839471619043913171e-09 -2.601656951211320961e-09 -2.243901756789207575e-10 7.416631919153020128e-10 2.876177887598578564e-10 -1.056475917385276374e-09 3.010350921345502687e-07 -1.244918428916948347e-09 -3.404667713525406056e-09 4.404162811424306296e-09 2.688729732434921438e-10
4.047696748674665259e-10 -1.937316857429054577e-09 1.023870294175542665e-08 -3.897678274998606195e-09 3.073756691697342235e-09 -3.779677625745266559e-09 -1.567402143810077493e-08 3.135617525938579105e-09 1.034089114635028786e-08 2.773148625562446068e-10 -1.302563532903035137e-09 -7.918362416218158331e-10 1.522036546019465016e-09 -1.244918428916948347e-09 5.336122498842287355e-07 3.653503660985941405e-09 -9.390055711211756168e-09 -6.604850218552554018e-09
6.804722630396838845e-10 -3.496358771900085785e-09 1.316532909092507077e-08 -1.032209429379802311e-08 7.412080701460897458e-09 7.444736143120098230e-09 -3.483742925952902624e-08 -5.066705499590589007e-09 1.463212560753124482e-08 3.729106316469132617e-10 -1.809830764278188694e-09 -9.362853925627786446e-10 1.992785353741261673e-09 -3.404667713525406056e-09 3.653503660985940991e-09 9.102472615262811629e-07 -1.320119667323706268e-08 -2.580670083229130187e-09
-1.315791048274138096e-09 5.855183650490302172e-09 -2.580282555103232734e-08 2.188027238543595556e-08 -1.355480341002601779e-08 -1.463915215162740601e-08 6.603860059980687815e-08 2.360294241757748246e-09 -1.089535144215172489e-08 -6.019104953311220281e-10 3.717262377822485395e-09 2.237126846056794799e-09 -3.542400087728113992e-09 4.404162811424305469e-09 -9.390055711211754514e-09 -1.320119667323706268e-08 1.616661786631420068e-06 1.805327801048681725e-09
-1.754867068847304106e-09 2.645893720185272614e-09 -9.102878041083056381e-09 -5.046164021276194923e-09 1.316007787040813850e-09 2.529557191361003393e-08 -1.080044249044418576e-08 -7.368006827477992712e-09 -4.435825783631981856e-08 -1.174299599162661914e-10 1.660918449583245636e-10 2.026281630554442444e-10 -2.386199865219458884e-09 2.688729732434919887e-10 -6.604850218552554018e-09 -2.580670083229130601e-09 1.805327801048681312e-09 2.862974703444111001e-06
