# alpha=0.05584844912212611, beta=0.006639432489997726
8.969531736211669172e-09 1.444186485147650447e-08 7.039992789499952802e-09 -2.887503848388794394e-08 -1.125033600873446087e-08 -8.552026797419174673e-09 7.833832319531620580e-08 1.527675196351159818e-07 2.025953554009922390e-07 2.017762208998302053e-09 -1.513749767577873221e-08 7.925252490384955830e-10 -1.737107229769013989e-08 -2.167475640444467864e-08 -4.883636991101074107e-10 -3.193677138163412867e-08 -7.887449523786877289e-08 -3.905931459753740747e-08
1.444186485147650447e-08 8.037584283974380569e-08 5.651838643265827280e-09 -9.857025308016350894e-08 -1.579292160759487860e-07 -6.811924903883209908e-08 4.561660712120865971e-07 6.516259421348827070e-07 4.236696613790164553e-07 4.494644970815830571e-09 -5.740716995850150050e-08 1.936696015729215331e-08 -8.236660517491431080e-08 -7.042741082624555858e-08 2.066304958279256908e-08 -1.730776258314745925e-07 -2.866627080402165721e-07 -1.067365111102543226e-08
7.039992789499952802e-09 5.651838643265828934e-09 5.021160474721248948e-08 -2.269804121534914266e-08 9.576616100463461398e-09 3.889880507757132081e-08 3.895030287580949372e-09 1.501467581655829471e-07 1.638987055111475834e-07 1.368059628935577975e-10 -1.327454621867479746e-08 -3.697127713026291521e-09 -1.079384185704819320e-08 -1.774321317890560126e-08 4.711355949324126339e-10 -5.482670483974964030e-09 -9.066295244829470911e-08 -4.368612844032787998e-08
-2.887503848388794394e-08 -9.857025308016350894e-08 -2.269804121534914266e-08 2.354069646988633399e-07 1.148880979454242256e-07 6.942644170110817646e-08 -6.091130687966171142e-07 -9.563177395287265752e-07 -9.216001141194655108e-07 -1.008671448747217053e-08 8.344687277206988782e-08 -2.047587395783217240e-08 1.184351146120321840e-07 1.419006237851641290e-07 -9.467664846544759724e-09 2.412119293980212420e-07 4.595874811158736000e-07 8.522178248127908845e-08
-1.125033600873446253e-08 -1.579292160759487860e-07 9.576616100463461398e-09 1.148880979454242256e-07 7.286055086769543115e-07 1.262608704989974322e-07 -1.040271259536174236e-06 -1.296679094915638365e-06 7.728128274383483985e-08 -1.471595136180413726e-09 1.004775843107294917e-07 -5.544866557941242914e-08 1.343840483571501812e-07 2.087750770106513431e-08 -5.837058577448509522e-08 3.996432988786394486e-07 4.443826787522772106e-07 -1.462138695711242892e-07
-8.552026797419177981e-09 -6.811924903883211231e-08 3.889880507757132081e-08 6.942644170110817646e-08 1.262608704989974322e-07 4.913090405695568471e-07 -5.419444676757633076e-07 -6.797182896854647891e-07 -4.631595549634546576e-07 -1.233914921455834248e-08 7.276932271207784606e-08 -1.251076214159967957e-08 1.118561620173040340e-07 9.789726224423658082e-08 -7.399820755860706682e-08 1.772130237139564123e-07 3.209614998459722186e-07 2.822531619125081586e-08
7.833832319531620580e-08 4.561660712120865971e-07 3.895030287580940273e-09 -6.091130687966171142e-07 -1.040271259536174024e-06 -5.419444676757632017e-07 3.566150127484203715e-06 4.497913443207921511e-06 2.263918479604906727e-06 3.384839612194010742e-08 -3.540412284102934623e-07 1.614867857889252526e-07 -5.354965652479277391e-07 -4.685434193722686510e-07 2.403371578990996428e-07 -1.143919647559328021e-06 -1.769809731724320552e-06 -3.604871799766807545e-08
1.527675196351160083e-07 6.516259421348828128e-07 1.501467581655829471e-07 -9.563177395287265752e-07 -1.296679094915638365e-06 -6.797182896854647891e-07 4.497913443207922358e-06 8.845937368387030007e-06 4.858876988929966084e-06 7.413022091137546918e-08 -6.167646927628459178e-07 1.452659372075180511e-07 -8.330196940382074121e-07 -7.366435743893065649e-07 2.505044176981010582e-07 -1.559245834866382427e-06 -3.027020671656695017e-06 -5.549868958946618032e-07
2.025953554009922390e-07 4.236696613790164553e-07 1.638987055111475834e-07 -9.216001141194655108e-07 7.728128274383489279e-08 -4.631595549634545517e-07 2.263918479604906303e-06 4.858876988929966084e-06 8.190708118512927792e-06 8.298287812863884422e-08 -4.838399086322728858e-07 -1.000470274869076628e-08 -6.237779788837026068e-07 -8.407772594484154821e-07 2.229298298117693379e-08 -8.828800751296402811e-07 -2.523406387409149774e-06 -1.233889630826771946e-06
2.017762208998302466e-09 4.494644970815831398e-09 1.368059628935573581e-10 -1.008671448747217053e-08 -1.471595136180412072e-09 -1.233914921455834413e-08 3.384839612194010742e-08 7.413022091137546918e-08 8.298287812863884422e-08 1.398720625335365177e-08 -6.335860128993905223e-09 -5.582117850149893078e-10 -7.824590803974107374e-09 -9.801267306422745170e-09 1.331240659882987330e-09 -1.127736185974605807e-08 -2.995900808567406036e-08 -1.836271393739754704e-08
-1.513749767577873221e-08 -5.740716995850148727e-08 -1.327454621867479580e-08 8.344687277206987458e-08 1.004775843107294785e-07 7.276932271207784606e-08 -3.540412284102934623e-07 -6.167646927628458119e-07 -4.838399086322728858e-07 -6.335860128993904396e-09 8.865161121335643950e-08 -7.989855791220483090e-09 7.427083722911035008e-08 6.907166562589487979e-08 -1.856998804021007974e-08 1.290141914175676266e-07 2.716054719476682075e-07 5.743305507429718048e-08
7.925252490384957898e-10 1.936696015729215331e-08 -3.697127713026291521e-09 -2.047587395783217240e-08 -5.544866557941241590e-08 -1.251076214159967957e-08 1.614867857889252526e-07 1.452659372075180511e-07 -1.000470274869074147e-08 -5.582117850149893078e-10 -7.989855791220483090e-09 1.069159628630282087e-07 -1.963370946360732606e-08 -1.531328293087400886e-08 2.222732514885181511e-08 -5.115543502636458887e-08 -4.941408455846214497e-08 2.861811092064423690e-08
-1.737107229769014319e-08 -8.236660517491431080e-08 -1.079384185704819485e-08 1.184351146120321840e-07 1.343840483571501812e-07 1.118561620173040340e-07 -5.354965652479277391e-07 -8.330196940382074121e-07 -6.237779788837026068e-07 -7.824590803974107374e-09 7.427083722911036331e-08 -1.963370946360732606e-08 3.317246541215391725e-07 1.078833706868348693e-07 -3.454747516013311471e-08 1.754299792168867101e-07 3.668499562807659898e-07 2.174768610084879794e-08
-2.167475640444468194e-08 -7.042741082624555858e-08 -1.774321317890560126e-08 1.419006237851641290e-07 2.087750770106514093e-08 9.789726224423658082e-08 -4.685434193722686510e-07 -7.366435743893065649e-07 -8.407772594484154821e-07 -9.801267306422745170e-09 6.907166562589489303e-08 -1.531328293087400886e-08 1.078833706868348693e-07 5.817568683568274623e-07 -3.490754910499401114e-08 1.596879712617035554e-07 3.836945300229727360e-07 8.874528237977985673e-08
-4.883636991101077209e-10 2.066304958279256908e-08 4.711355949324139781e-10 -9.467664846544758069e-09 -5.837058577448510183e-08 -7.399820755860706682e-08 2.403371578990996428e-07 2.505044176981010582e-07 2.229298298117694041e-08 1.331240659882987330e-09 -1.856998804021008304e-08 2.222732514885181511e-08 -3.454747516013311471e-08 -3.490754910499401114e-08 8.636835421384098417e-07 -5.146189661016713959e-08 -1.053750430640549735e-07 -7.227841642074692638e-09
-3.193677138163413529e-08 -1.730776258314745925e-07 -5.482670483974959894e-09 2.412119293980212420e-07 3.996432988786394486e-07 1.772130237139564123e-07 -1.143919647559328021e-06 -1.559245834866382215e-06 -8.828800751296402811e-07 -1.127736185974605807e-08 1.290141914175676266e-07 -5.115543502636458887e-08 1.754299792168867101e-07 1.596879712617035289e-07 -5.146189661016713959e-08 1.787988203272714279e-06 6.853665759831274437e-07 2.057412715973362895e-08
-7.887449523786877289e-08 -2.866627080402165191e-07 -9.066295244829469587e-08 4.595874811158736000e-07 4.443826787522771576e-07 3.209614998459721657e-07 -1.769809731724320552e-06 -3.027020671656695017e-06 -2.523406387409149774e-06 -2.995900808567406036e-08 2.716054719476682075e-07 -4.941408455846214497e-08 3.668499562807659898e-07 3.836945300229727360e-07 -1.053750430640549735e-07 6.853665759831273378e-07 3.866981283701451241e-06 2.776647313713893998e-07
-3.905931459753740747e-08 -1.067365111102543888e-08 -4.368612844032787998e-08 8.522178248127910168e-08 -1.462138695711242892e-07 2.822531619125081586e-08 -3.604871799766812178e-08 -5.549868958946618032e-07 -1.233889630826772158e-06 -1.836271393739755035e-08 5.743305507429718048e-08 2.861811092064423690e-08 2.174768610084879794e-08 8.874528237977985673e-08 -7.227841642074703391e-09 2.057412715973364219e-08 2.776647313713894527e-07 4.578484865267815644e-06
