# lambda=0.0020455248199926055
5.142999266183484346e+07 4.773983040736882016e+06 -1.035318984563805425e+05 5.325479437167196302e+05 2.306284021002447116e+05 2.022209352581718122e+05 1.580902473483478243e+05 1.216061855439940991e+05 5.096950650089373084e+04 2.042728304844328761e+07 5.406152119225180708e+06 -4.443518579201211105e+05 2.901448326707083470e+04 2.440674809535804670e+05 4.127229023491506814e+04 1.911394844783470326e+05 3.516736458781412221e+05 -1.221810081321611069e+05
4.773983040736882016e+06 1.674584362957465835e+07 1.859887308292466914e+06 3.292593517692583846e+05 2.771726727070197812e+05 1.243223706998767011e+05 6.363307590266174520e+04 1.400182164117073698e+05 6.070638362669524213e+04 4.220205873069575056e+06 1.018382676086229831e+07 1.649983321677900385e+06 5.433095485593554331e+05 2.919896286177023430e+05 4.635548589827054093e+04 1.466497822236346547e+05 3.757251865395338973e+04 3.135897827936544127e+04
-1.035318984563805425e+05 1.859887308292466914e+06 5.233723290951365605e+06 7.623805779913703445e+05 1.865035547609424102e+05 1.105425238848276495e+05 4.284101816472836799e+04 6.296136822014774225e+04 4.251010111170510208e+04 7.688711930066068890e+05 1.152479780207977397e+06 3.301282355125209782e+06 6.170574683574747760e+05 2.310052272835582844e+05 1.667970018604985380e+05 -5.922201568755131302e+04 -6.352683025212914799e+03 5.594401123198583809e+04
5.325479437167196302e+05 3.292593517692583846e+05 7.623805779913703445e+05 2.156674178595212754e+06 2.941320471345387632e+05 8.212210638641656260e+04 4.469848900890197547e+04 3.670772734667126497e+04 4.929275269987252977e+04 -4.854531198597064940e+05 6.361336796186278807e+05 6.660474016515673138e+05 1.166915531938225729e+06 3.717494213825860061e+05 1.010826004886154988e+05 5.363311265618767357e+04 -3.013424398530914186e+04 6.083490989692776930e+04
2.306284021002447116e+05 2.771726727070197812e+05 1.865035547609424102e+05 2.941320471345387632e+05 1.058545252608164214e+06 1.545943183587588137e+05 3.923666900699884718e+04 3.936408492688614206e+04 4.116902691602334380e+04 5.099293393452963210e+05 9.138580366337619489e+04 1.204755415550637281e+03 1.208246256060491723e+05 6.215210189298329642e+05 1.781396634585686261e+05 3.319245167938338273e+04 3.219551984605853795e+04 1.454178232790036418e+04
2.022209352581718122e+05 1.243223706998767011e+05 1.105425238848276495e+05 8.212210638641656260e+04 1.545943183587588137e+05 5.713871933989510871e+05 8.084646897268632893e+04 3.294174582431068848e+04 2.688745439659891053e+04 -1.108863909784204152e+05 1.240734251428806090e+02 4.453735326659124257e+04 5.037086758588843077e+04 1.146836301382999227e+05 3.137695273340221029e+05 7.040913421817972267e+04 4.891612812901092548e+04 -3.021558111097097594e+02
1.580902473483478243e+05 6.363307590266174520e+04 4.284101816472836799e+04 4.469848900890197547e+04 3.923666900699884718e+04 8.084646897268632893e+04 3.339795253407151322e+05 5.687675422889454785e+04 2.206234343946599984e+04 -2.078931335188857047e+05 -1.139341763818557520e+05 -4.782078566074192349e+04 7.391902313654734462e+04 3.281954944837639778e+04 8.543758200914875488e+04 1.576440534274695965e+05 4.817405962208488199e+04 2.751610671720105893e+04
1.216061855439940991e+05 1.400182164117073698e+05 6.296136822014774225e+04 3.670772734667126497e+04 3.936408492688614206e+04 3.294174582431068848e+04 5.687675422889454785e+04 2.012836004844704294e+05 4.205389427403415175e+04 -8.433072772552495007e+04 -1.393420120538562696e+04 -4.725710166571859736e+04 4.938671059065701229e+03 3.789842990091719548e+04 4.546474309322595946e+04 4.813313480526128114e+04 1.114863022187327588e+05 3.354221198376991379e+04
5.096950650089373084e+04 6.070638362669524213e+04 4.251010111170510208e+04 4.929275269987252977e+04 4.116902691602334380e+04 2.688745439659891053e+04 2.206234343946599984e+04 4.205389427403415175e+04 1.205878054499248974e+05 3.154790779828614541e+04 5.978705620398774772e+04 -3.470075527743201746e+02 3.109768120180558981e+04 5.777708471082285541e+03 2.670720832272155894e+04 3.021896443649145294e+04 3.742534464449378720e+04 6.082434045349622465e+04
2.042728304844328761e+07 4.220205873069575056e+06 7.688711930066068890e+05 -4.854531198597064940e+05 5.099293393452963210e+05 -1.108863909784204152e+05 -2.078931335188857047e+05 -8.433072772552495007e+04 3.154790779828614541e+04 2.432202375899978280e+08 2.377269566733985767e+07 2.286140857093135361e+06 -1.450751745043952251e+05 -7.585963788823689101e+05 2.661932890337481513e+05 3.119783148723352351e+05 -1.567015491551511805e+05 3.545936603409724776e+05
5.406152119225180708e+06 1.018382676086229831e+07 1.152479780207977397e+06 6.361336796186278807e+05 9.138580366337619489e+04 1.240734251428806090e+02 -1.139341763818557520e+05 -1.393420120538562696e+04 5.978705620398774772e+04 2.377269566733985767e+07 7.989302645087051392e+07 8.606052751498453319e+06 1.063735574302876368e+06 5.461796255956848618e+05 -7.673850214769318700e+04 3.781151951869920013e+05 2.632968090437813953e+04 4.299308445525725838e+05
-4.443518579201211105e+05 1.649983321677900385e+06 3.301282355125209782e+06 6.660474016515673138e+05 1.204755415550637281e+03 4.453735326659124257e+04 -4.782078566074192349e+04 -4.725710166571859736e+04 -3.470075527743201746e+02 2.286140857093135361e+06 8.606052751498453319e+06 2.958312589022380114e+07 3.217163981410148088e+06 4.395415585454966640e+05 1.969091277592081169e+05 1.371382902883373317e+05 7.219968006245775905e+04 2.367726264462764666e+05
2.901448326707083470e+04 5.433095485593554331e+05 6.170574683574747760e+05 1.166915531938225729e+06 1.208246256060491723e+05 5.037086758588843077e+04 7.391902313654734462e+04 4.938671059065701229e+03 3.109768120180558981e+04 -1.450751745043952251e+05 1.063735574302876368e+06 3.217163981410148088e+06 1.181414866781773791e+07 1.802309156446197536e+06 1.781258564978967770e+05 2.419475638267642644e+05 2.371318651449326717e+05 4.398348521619737148e+05
2.440674809535804670e+05 2.919896286177023430e+05 2.310052272835582844e+05 3.717494213825860061e+05 6.215210189298329642e+05 1.146836301382999227e+05 3.281954944837639778e+04 3.789842990091719548e+04 5.777708471082285541e+03 -7.585963788823689101e+05 5.461796255956848618e+05 4.395415585454966640e+05 1.802309156446197536e+06 5.605898708824529313e+06 8.578390804512215545e+05 3.049754892984192702e+05 1.699198129252716899e+05 1.111785046368975309e+05
4.127229023491506814e+04 4.635548589827054093e+04 1.667970018604985380e+05 1.010826004886154988e+05 1.781396634585686261e+05 3.137695273340221029e+05 8.543758200914875488e+04 4.546474309322595946e+04 2.670720832272155894e+04 2.661932890337481513e+05 -7.673850214769318700e+04 1.969091277592081169e+05 1.781258564978967770e+05 8.578390804512215545e+05 3.147778140317813028e+06 5.150213011307360721e+05 1.347254139209664136e+05 7.125978502639528597e+04
1.911394844783470326e+05 1.466497822236346547e+05 -5.922201568755131302e+04 5.363311265618767357e+04 3.319245167938338273e+04 7.040913421817972267e+04 1.576440534274695965e+05 4.813313480526128114e+04 3.021896443649145294e+04 3.119783148723352351e+05 3.781151951869920013e+05 1.371382902883373317e+05 2.419475638267642644e+05 3.049754892984192702e+05 5.150213011307360721e+05 1.869917699197664158e+06 3.181014912985843257e+05 6.795876695636996010e+04
3.516736458781412221e+05 3.757251865395338973e+04 -6.352683025212914799e+03 -3.013424398530914186e+04 3.219551984605853795e+04 4.891612812901092548e+04 4.817405962208488199e+04 1.114863022187327588e+05 3.742534464449378720e+04 -1.567015491551511805e+05 2.632968090437813953e+04 7.219968006245775905e+04 2.371318651449326717e+05 1.699198129252716899e+05 1.347254139209664136e+05 3.181014912985843257e+05 1.082832794452517992e+06 2.072839496740416507e+05
-1.221810081321611069e+05 3.135897827936544127e+04 5.594401123198583809e+04 6.083490989692776930e+04 1.454178232790036418e+04 -3.021558111097097594e+02 2.751610671720105893e+04 3.354221198376991379e+04 6.082434045349622465e+04 3.545936603409724776e+05 4.299308445525725838e+05 2.367726264462764666e+05 4.398348521619737148e+05 1.111785046368975309e+05 7.125978502639528597e+04 6.795876695636996010e+04 2.072839496740416507e+05 6.829746968688176712e+05
