# lambda=0.02769789917859462
5.152567102048745751e+07 4.651268023981723934e+06 -1.008706157192288374e+05 5.188588230645366712e+05 2.247001095222345321e+05 1.970228553222573537e+05 1.540265447363701533e+05 1.184803040799789451e+05 4.965933765636975295e+04 1.990220066751275957e+07 5.267187225083191879e+06 -4.329298136387412087e+05 2.826866729540134475e+04 2.377937374653788575e+05 4.021138789310038555e+04 1.862262527303113020e+05 3.426338908186799381e+05 -1.190403508796824754e+05
4.651268023981723934e+06 1.677729699652839079e+07 1.812078989693038631e+06 3.207957551195894484e+05 2.700479617717115907e+05 1.211266698200676474e+05 6.199739058309846587e+04 1.364190545323350816e+05 5.914592879886554874e+04 4.111725673201916274e+06 9.922051957532048225e+06 1.607570575499777915e+06 5.293438013445500983e+05 2.844840485051632277e+05 4.516392024331133871e+04 1.428801562469290802e+05 3.660671877221738396e+04 3.055289717012400797e+04
-1.008706157192288374e+05 1.812078989693038631e+06 5.243490689071392640e+06 7.427836199369115056e+05 1.817094893752696225e+05 1.077010333401544340e+05 4.173979174288477225e+04 6.134294911598801991e+04 4.141738089764645702e+04 7.491073939886279404e+05 1.122855339917470468e+06 3.216423042457821779e+06 6.011960342211911920e+05 2.250672484313637542e+05 1.625094925201088772e+05 -5.769971647003034741e+04 -6.189387597217661096e+03 5.450597296978366649e+04
5.188588230645366712e+05 3.207957551195894484e+05 7.427836199369115056e+05 2.160714131058183964e+06 2.865713962515451130e+05 8.001116137987074035e+04 4.354951638355913019e+04 3.576415688612450322e+04 4.802568473547962640e+04 -4.729745695110583329e+05 6.197818923402065411e+05 6.489266835099323653e+05 1.136920021306593670e+06 3.621936194276124006e+05 9.848427684423557366e+04 5.225447593668658374e+04 -2.935964461534773363e+04 5.927115130717213469e+04
2.247001095222345321e+05 2.700479617717115907e+05 1.817094893752696225e+05 2.865713962515451130e+05 1.060530061339653796e+06 1.506204784423272940e+05 3.822809221618828451e+04 3.835223291565472755e+04 4.011077895312032342e+04 4.968216288889043499e+05 8.903673574000045483e+04 1.173787232433182226e+03 1.177188341046630667e+05 6.055448494292632677e+05 1.735605915181073069e+05 3.233924121985238526e+04 3.136793547392380424e+04 1.416798647508922659e+04
1.970228553222573537e+05 1.211266698200676474e+05 1.077010333401544340e+05 8.001116137987074035e+04 1.506204784423272940e+05 5.724541887256642804e+05 7.876831416779468418e+04 3.209497974737245386e+04 2.619631360522464820e+04 -1.080360613457588915e+05 1.208841233972823943e+02 4.339252262816976145e+04 4.907608672742520866e+04 1.117356926458802773e+05 3.057040959163794178e+05 6.859927062805552850e+04 4.765874128206844034e+04 -2.943889097389681524e+02
1.540265447363701533e+05 6.199739058309846587e+04 4.173979174288477225e+04 4.354951638355913019e+04 3.822809221618828451e+04 7.876831416779468418e+04 3.346034081714742351e+05 5.541473985041437845e+04 2.149523190561056617e+04 -2.025492499848724692e+05 -1.110055035641310969e+05 -4.659155454208738956e+04 7.201893801154317043e+04 3.197592442371929428e+04 8.324141285263776081e+04 1.535918202099177870e+05 4.693574761233470781e+04 2.680880644654135176e+04
1.184803040799789451e+05 1.364190545323350816e+05 6.134294911598801991e+04 3.576415688612450322e+04 3.835223291565472755e+04 3.209497974737245386e+04 5.541473985041437845e+04 2.016621767223972711e+05 4.097290083597174817e+04 -8.216301020799159596e+04 -1.357602319767223707e+04 -4.604236001849779859e+04 4.811722744295836492e+03 3.692425248541314068e+04 4.429607394152469351e+04 4.689587476606469863e+04 1.086205518949463731e+05 3.268001095153540518e+04
4.965933765636975295e+04 5.914592879886554874e+04 4.141738089764645702e+04 4.802568473547962640e+04 4.011077895312032342e+04 2.619631360522464820e+04 2.149523190561056617e+04 4.097290083597174817e+04 1.208164304236001335e+05 3.073697026436074157e+04 5.825023264571187610e+04 -3.380877394256966681e+02 3.029831672204884671e+04 5.629192737828687314e+03 2.602070074847169235e+04 2.944218733118879391e+04 3.646332786397172458e+04 5.926085355080288718e+04
1.990220066751275957e+07 4.111725673201916274e+06 7.491073939886279404e+05 -4.729745695110583329e+05 4.968216288889043499e+05 -1.080360613457588915e+05 -2.025492499848724692e+05 -8.216301020799159596e+04 3.073697026436074157e+04 2.437176524087651372e+08 2.316161960732046887e+07 2.227375710424425546e+06 -1.413460237474380992e+05 -7.390966934937540209e+05 2.593508026559907594e+05 3.039589264894859516e+05 -1.526735429670174490e+05 3.454788464426602586e+05
5.267187225083191879e+06 9.922051957532048225e+06 1.122855339917470468e+06 6.197818923402065411e+05 8.903673574000045483e+04 1.208841233972823943e+02 -1.110055035641310969e+05 -1.357602319767223707e+04 5.825023264571187610e+04 2.316161960732046887e+07 8.005637070939758420e+07 8.384834557260189205e+06 1.036392299785611569e+06 5.321401031813038280e+05 -7.476594244304740278e+04 3.683957613061398733e+05 2.565287765523211783e+04 4.188794917633752921e+05
-4.329298136387412087e+05 1.607570575499777915e+06 3.216423042457821779e+06 6.489266835099323653e+05 1.173787232433182226e+03 4.339252262816976145e+04 -4.659155454208738956e+04 -4.604236001849779859e+04 -3.380877394256966681e+02 2.227375710424425546e+06 8.384834557260189205e+06 2.964360863602913171e+07 3.134466927710121032e+06 4.282431627905814094e+05 1.918475875932662748e+05 1.336131567788748653e+05 7.034379057291026402e+04 2.306863968611305754e+05
2.826866729540134475e+04 5.293438013445500983e+05 6.011960342211911920e+05 1.136920021306593670e+06 1.177188341046630667e+05 4.907608672742520866e+04 7.201893801154317043e+04 4.811722744295836492e+03 3.029831672204884671e+04 -1.413460237474380992e+05 1.036392299785611569e+06 3.134466927710121032e+06 1.183830008798690699e+07 1.755980881619077176e+06 1.735471394647310372e+05 2.357283127118109260e+05 2.310364013453900116e+05 4.285289173079973552e+05
2.377937374653788575e+05 2.844840485051632277e+05 2.250672484313637542e+05 3.621936194276124006e+05 6.055448494292632677e+05 1.117356926458802773e+05 3.197592442371929428e+04 3.692425248541314068e+04 5.629192737828687314e+03 -7.390966934937540209e+05 5.321401031813038280e+05 4.282431627905814094e+05 1.755980881619077176e+06 5.617357542643714696e+06 8.357883659362088656e+05 2.971361082281858544e+05 1.655520318686092796e+05 1.083206662359415786e+05
4.021138789310038555e+04 4.516392024331133871e+04 1.625094925201088772e+05 9.848427684423557366e+04 1.735605915181073069e+05 3.057040959163794178e+05 8.324141285263776081e+04 4.429607394152469351e+04 2.602070074847169235e+04 2.593508026559907594e+05 -7.476594244304740278e+04 1.918475875932662748e+05 1.735471394647310372e+05 8.357883659362088656e+05 3.154212317058083136e+06 5.017827020284304162e+05 1.312623032886954607e+05 6.942805549596669152e+04
1.862262527303113020e+05 1.428801562469290802e+05 -5.769971647003034741e+04 5.225447593668658374e+04 3.233924121985238526e+04 6.859927062805552850e+04 1.535918202099177870e+05 4.689587476606469863e+04 2.944218733118879391e+04 3.039589264894859516e+05 3.683957613061398733e+05 1.336131567788748653e+05 2.357283127118109260e+05 2.971361082281858544e+05 5.017827020284304162e+05 1.873740030213882448e+06 3.099247069444192457e+05 6.621188994517228275e+04
3.426338908186799381e+05 3.660671877221738396e+04 -6.189387597217661096e+03 -2.935964461534773363e+04 3.136793547392380424e+04 4.765874128206844034e+04 4.693574761233470781e+04 1.086205518949463731e+05 3.646332786397172458e+04 -1.526735429670174490e+05 2.565287765523211783e+04 7.034379057291026402e+04 2.310364013453900116e+05 1.655520318686092796e+05 1.312623032886954607e+05 3.099247069444192457e+05 1.085046326472423738e+06 2.019557251830306777e+05
-1.190403508796824754e+05 3.055289717012400797e+04 5.450597296978366649e+04 5.927115130717213469e+04 1.416798647508922659e+04 -2.943889097389681524e+02 2.680880644654135176e+04 3.268001095153540518e+04 5.926085355080288718e+04 3.454788464426602586e+05 4.188794917633752921e+05 2.306863968611305754e+05 4.285289173079973552e+05 1.083206662359415786e+05 6.942805549596669152e+04 6.621188994517228275e+04 2.019557251830306777e+05 6.843712701487920713e+05
