# alpha=-0.0464660218714697, beta=0.18932316472861374
2.789883445152485275e-08 4.957523768353771306e-09 1.494366748058083288e-08 1.417996335440832936e-08 -8.342427548701970969e-09 -3.697025094878144312e-08 -5.126475250888322328e-08 -5.302585911556375485e-08 7.764111353660630393e-08 1.242854060658640284e-09 -1.013192733003639644e-08 5.383201538263331012e-09 9.394613328867316703e-11 2.425556273667352909e-08 -5.064697321897449082e-09 2.660412366583524959e-08 -9.593584835804717700e-08 6.873798362218416799e-08
4.957523768353771306e-09 4.554619327989411136e-08 -9.920606122766662531e-09 8.205430859416621329e-09 -2.626481593436817306e-08 1.048236615793431569e-08 7.673931684460671860e-08 2.150287575089650825e-08 4.361218399163397249e-09 -5.481955876198718802e-10 2.457762278157143569e-09 -4.028284621759485929e-09 2.453670169962314064e-09 -1.656660269825605789e-08 4.918688175018538293e-09 -1.957454428279528539e-08 4.923373078327666082e-08 -5.109499602410156215e-08
1.494366748058083288e-08 -9.920606122766662531e-09 1.633930914394666056e-07 -2.826112914473328286e-08 4.085304609242188416e-09 8.719730330112643035e-08 1.639347504071407707e-07 8.035123827472192050e-08 -1.205791094728320113e-07 -3.425189313524064721e-09 2.325252462626961231e-08 -1.150961778893827655e-08 -2.040693467906586052e-09 -5.933652066957733762e-08 2.125641170333494980e-08 -6.060885360097479259e-08 2.136837859092621390e-07 -1.605983707930395586e-07
1.417996335440832936e-08 8.205430859416621329e-09 -2.826112914473327955e-08 9.146985411143615244e-07 1.431593297307032098e-07 8.875078720853417136e-08 -2.123995840454482633e-07 3.218385164596191805e-07 -4.679424478780244824e-07 -1.080081966328973500e-08 5.235554043052825344e-08 -8.344269251425838459e-10 -1.546218598704941828e-08 -3.074860490871056361e-08 2.108071672516616876e-08 4.969751311619595952e-08 2.152048628913829333e-07 -1.019763839876057799e-07
-8.342427548701972623e-09 -2.626481593436817306e-08 4.085304609242185934e-09 1.431593297307032098e-07 1.011050441963325544e-06 -1.305492154659175920e-07 1.246580708137355455e-07 -1.130520510851519031e-07 4.885624649510353252e-07 2.720151930877113862e-09 -1.422867791846324314e-08 -1.466141971545718778e-08 3.550636874584072547e-08 1.043442132184265165e-08 7.569929368199264640e-09 2.316337886826093468e-08 4.326211865300262540e-08 -7.379134000045058645e-08
-3.697025094878144312e-08 1.048236615793431569e-08 8.719730330112643035e-08 8.875078720853417136e-08 -1.305492154659175920e-07 1.373026432371104809e-06 -3.095004467572904304e-07 -4.898874041289267866e-07 5.625884490863635280e-07 7.745073762125445768e-09 -6.314058771284886644e-08 4.239020472377922756e-08 -3.508808089882637935e-09 1.618155622859495852e-07 -5.388558905801266609e-08 1.601550926103693577e-07 -6.140778622906998318e-07 4.376908847201085286e-07
-5.126475250888323651e-08 7.673931684460670537e-08 1.639347504071407707e-07 -2.123995840454481839e-07 1.246580708137355455e-07 -3.095004467572904304e-07 3.714405603994866095e-06 -1.394120189344631756e-07 -5.422289486431705276e-08 3.286404924572040390e-09 -3.243567661619645403e-08 6.243983416465407482e-08 -2.427793107376227131e-08 2.639094655894333439e-07 -7.892452460923221342e-08 3.969629943103088101e-07 -7.385085811713621779e-07 7.349556147488568354e-07
-5.302585911556375485e-08 2.150287575089650825e-08 8.035123827472192050e-08 3.218385164596191805e-07 -1.130520510851519428e-07 -4.898874041289267866e-07 -1.394120189344631491e-07 4.631646308930824517e-06 1.002662025239684007e-06 1.974895879481262179e-08 -1.331434112404294535e-07 9.250057842506357276e-08 -6.412518263944921828e-08 2.576366497688496788e-07 -1.187144783430906162e-07 1.476524032733988463e-07 -1.188516272710415090e-06 8.571473402866271695e-07
7.764111353660629070e-08 4.361218399163396422e-09 -1.205791094728320113e-07 -4.679424478780244824e-07 4.885624649510353252e-07 5.625884490863635280e-07 -5.422289486431707923e-08 1.002662025239684007e-06 5.549139179863880304e-06 -1.899874120186188146e-08 1.333297958901090867e-07 -3.786049500023007384e-08 -3.043066820831657291e-08 -2.011325388614942582e-07 5.436269191245875735e-08 -1.450264043934907447e-07 9.084329074669355935e-07 -4.673834318603772619e-07
1.242854060658640284e-09 -5.481955876198718802e-10 -3.425189313524064307e-09 -1.080081966328973500e-08 2.720151930877114275e-09 7.745073762125445768e-09 3.286404924572040390e-09 1.974895879481261849e-08 -1.899874120186188146e-08 2.616937692003259090e-09 3.625461586676039084e-09 -1.694505082653490329e-09 1.850234967833727653e-10 -6.044095521755039593e-09 2.665421496943667877e-09 -1.283522463343425497e-09 2.634791180590472004e-08 -1.721599636932313575e-08
-1.013192733003639479e-08 2.457762278157143569e-09 2.325252462626961231e-08 5.235554043052825344e-08 -1.422867791846323983e-08 -6.314058771284886644e-08 -3.243567661619644079e-08 -1.331434112404294535e-07 1.333297958901090867e-07 3.625461586676039911e-09 7.265560654287825125e-08 1.124629499183783831e-08 -1.296429766663642943e-09 3.979566436133153647e-08 -1.458712849561517989e-08 1.624812642673761562e-08 -1.823765323496133673e-07 1.173937769639977221e-07
5.383201538263330185e-09 -4.028284621759485929e-09 -1.150961778893827655e-08 -8.344269251425825017e-10 -1.466141971545718778e-08 4.239020472377922094e-08 6.243983416465406159e-08 9.250057842506357276e-08 -3.786049500023006722e-08 -1.694505082653490329e-09 1.124629499183783831e-08 3.868665309254182315e-08 8.937140975893941444e-09 -3.160310875348675744e-08 1.229094622175400480e-08 -2.527890828453282746e-08 1.337293911832563538e-07 -9.743518333420477777e-08
9.394613328867338675e-11 2.453670169962314064e-09 -2.040693467906587706e-09 -1.546218598704941828e-08 3.550636874584071885e-08 -3.508808089882634626e-09 -2.427793107376227131e-08 -6.412518263944923151e-08 -3.043066820831657291e-08 1.850234967833727653e-10 -1.296429766663642116e-09 8.937140975893941444e-09 5.886659828974763527e-08 1.506536037410316405e-08 -7.707674308626809550e-09 1.402015133250333200e-08 -6.260525848024649861e-08 5.747014156127759426e-08
2.425556273667352909e-08 -1.656660269825605789e-08 -5.933652066957733762e-08 -3.074860490871056361e-08 1.043442132184265000e-08 1.618155622859495852e-07 2.639094655894333968e-07 2.576366497688496788e-07 -2.011325388614942582e-07 -6.044095521755039593e-09 3.979566436133153647e-08 -3.160310875348676406e-08 1.506536037410316405e-08 3.746396940080575863e-07 4.138046704398044930e-08 -1.059484559073349959e-07 4.235639074611129313e-07 -3.218240845111694521e-07
-5.064697321897448254e-09 4.918688175018538293e-09 2.125641170333494980e-08 2.108071672516617207e-08 7.569929368199264640e-09 -5.388558905801266609e-08 -7.892452460923220019e-08 -1.187144783430905897e-07 5.436269191245875073e-08 2.665421496943667877e-09 -1.458712849561517989e-08 1.229094622175400480e-08 -7.707674308626809550e-09 4.138046704398044930e-08 9.996180732409261321e-08 3.067261424813081969e-08 -1.508075498342768839e-07 1.117553184117258669e-07
2.660412366583524959e-08 -1.957454428279528539e-08 -6.060885360097479259e-08 4.969751311619595290e-08 2.316337886826092806e-08 1.601550926103693577e-07 3.969629943103088101e-07 1.476524032733988199e-07 -1.450264043934907447e-07 -1.283522463343426118e-09 1.624812642673761562e-08 -2.527890828453283407e-08 1.402015133250333365e-08 -1.059484559073349959e-07 3.067261424813081969e-08 6.653406511413206509e-07 3.426403788588955355e-07 -3.052021872562806168e-07
-9.593584835804717700e-08 4.923373078327666082e-08 2.136837859092621390e-07 2.152048628913829863e-07 4.326211865300261216e-08 -6.140778622906998318e-07 -7.385085811713621779e-07 -1.188516272710415090e-06 9.084329074669355935e-07 2.634791180590472004e-08 -1.823765323496133673e-07 1.337293911832563538e-07 -6.260525848024649861e-08 4.235639074611129313e-07 -1.508075498342768839e-07 3.426403788588955355e-07 5.712794454789951570e-06 1.291867914159456642e-06
6.873798362218418122e-08 -5.109499602410157539e-08 -1.605983707930395586e-07 -1.019763839876057799e-07 -7.379134000045055998e-08 4.376908847201086345e-07 7.349556147488569413e-07 8.571473402866273813e-07 -4.673834318603773149e-07 -1.721599636932313575e-08 1.173937769639977486e-07 -9.743518333420479101e-08 5.747014156127759426e-08 -3.218240845111694521e-07 1.117553184117258669e-07 -3.052021872562806168e-07 1.291867914159456642e-06 3.330545001972479162e-06
