# alpha=-0.2849199632676993, beta=0.42777710612484593
1.520445764729620416e-08 -2.320379624189050252e-08 1.033171315580526192e-07 -1.188570974222752507e-07 1.900684355802582212e-07 -8.682133119816488332e-08 8.005379876350396627e-09 -1.578597651315027451e-07 7.172218025228200602e-07 -6.299254752623995575e-09 1.230020007325630141e-08 -4.076710918488194297e-09 1.886091680314238228e-08 8.601344301859527785e-09 5.735947245158958325e-09 8.399266548689377386e-08 4.131322505582912245e-08 1.364248651354855030e-08
-2.320379624189050252e-08 3.518660730747174206e-08 1.248427535004567170e-07 -2.163139543696305726e-07 2.065260418325273450e-07 -5.677612887748135915e-08 2.643208444353228604e-07 -1.430355396718023774e-07 4.102167813077110815e-07 -5.570239526278097694e-09 2.394440983943193883e-08 -1.283326681440209179e-08 7.761789426142401357e-08 -9.977900599100806523e-09 4.820656487528869860e-08 1.356841636594968036e-07 -8.066743475349327546e-08 7.948679716437882071e-08
1.033171315580526192e-07 1.248427535004567170e-07 3.882398787256152958e-07 7.785533397162004324e-07 -1.259921039811230749e-06 7.059910936896534631e-07 -4.720185194552583337e-07 1.868899904027366028e-07 -4.533987663882875096e-06 5.386793895620005874e-08 -7.949082605677657645e-08 2.071164788467281544e-08 -1.108860477747602477e-07 -8.488784483798358019e-08 1.286169079768628219e-07 -5.483124449003271379e-07 -3.875546923035686934e-07 5.855151546990897245e-08
-1.188570974222752507e-07 -2.163139543696305726e-07 7.785533397162004324e-07 9.630322879747280868e-07 1.203292614245979509e-06 3.556648208883216321e-07 3.722348728744184057e-07 -1.662824703683729148e-06 2.332285018407888466e-06 -5.260780524871027846e-08 1.355244266310708329e-07 -2.667978593220819448e-07 6.105949585179160216e-07 -1.439732402893106795e-07 2.568410296314692456e-07 5.015145700309485753e-07 -1.341829442621039772e-06 1.957019466096346774e-06
1.900684355802582212e-07 2.065260418325273450e-07 -1.259921039811230749e-06 1.203292614245979509e-06 1.714494544670636603e-06 1.540835712167261143e-06 -1.588123367243450021e-06 1.598964645006123447e-06 -1.045472529762097574e-05 9.120468314126443921e-08 -1.192361985739108263e-07 -1.183983960919373462e-07 -1.047312188265055769e-07 3.407543834057390866e-08 1.322065535196732490e-07 -1.195653233876498171e-06 -1.099982112302721071e-06 1.418691229318905911e-06
-8.682133119816488332e-08 -5.677612887748137238e-08 7.059910936896534631e-07 3.556648208883216321e-07 1.540835712167261143e-06 1.258371703646768995e-06 1.410707359149065318e-06 1.491777935951550627e-06 6.383819171973140862e-06 -6.151069625960951995e-08 2.395494525428070105e-08 2.643782053869771556e-07 -3.265426828297797851e-07 2.906556046019323421e-07 -7.424073831363754527e-07 6.728122386898690208e-07 2.058438447925566328e-06 -2.170341755668785615e-06
8.005379876350413171e-09 2.643208444353228604e-07 -4.720185194552584396e-07 3.722348728744187763e-07 -1.588123367243450021e-06 1.410707359149065318e-06 3.795374592620179166e-06 -1.200661656855651750e-06 3.719988767264079013e-06 5.792634860276422648e-08 -9.243663063616967056e-08 -7.260974924675270398e-08 -4.600860330711961849e-07 3.045567855293468542e-08 3.862732806095104735e-07 -6.883224559298640581e-07 1.385665897252980986e-06 5.727480754055449180e-07
-1.578597651315027451e-07 -1.430355396718023774e-07 1.868899904027365499e-07 -1.662824703683729148e-06 1.598964645006123447e-06 1.491777935951550627e-06 -1.200661656855651962e-06 4.209609259520047020e-06 5.403318242305877469e-06 2.685620466295246532e-09 9.987728980768469781e-08 -2.155003042941114734e-07 4.774921373340894275e-07 -5.623977067028072147e-07 1.360671390047853901e-06 -1.514287446657111156e-07 -8.047397173714621407e-07 9.448529557464332455e-07
7.172218025228200602e-07 4.102167813077110815e-07 -4.533987663882875096e-06 2.332285018407888466e-06 -1.045472529762097744e-05 6.383819171973140862e-06 3.719988767264079437e-06 5.403318242305878316e-06 2.932815638495149161e-05 3.188126592363627883e-07 -3.282531348687366091e-07 -8.716548040921416297e-07 1.276502100668561381e-06 -6.860074597845411135e-07 6.730905941528891672e-07 -3.790634686415450187e-06 -1.096785078062889170e-05 8.985774203092066685e-06
-6.299254752623995575e-09 -5.570239526278097694e-09 5.386793895620005874e-08 -5.260780524871027846e-08 9.120468314126443921e-08 -6.151069625960951995e-08 5.792634860276422648e-08 2.685620466295245705e-09 3.188126592363627883e-07 2.990223626182847966e-09 6.136847796503477856e-09 -3.224245796381540816e-09 7.739120932141240412e-09 9.660446384588693950e-09 -1.812934541856535152e-08 2.829448061850785133e-08 2.537244519504711724e-08 1.227540406528406978e-09
1.230020007325630307e-08 2.394440983943193883e-08 -7.949082605677657645e-08 1.355244266310708329e-07 -1.192361985739108263e-07 2.395494525428069774e-08 -9.243663063616967056e-08 9.987728980768469781e-08 -3.282531348687365561e-07 6.136847796503477856e-09 8.256806255382031828e-09 1.805402876344643873e-08 -4.277325724296665071e-08 -9.077984069160453296e-10 -5.536770899304388230e-09 -4.984052419667320526e-08 5.764817495820455614e-08 -9.973299437325928430e-08
-4.076710918488191816e-09 -1.283326681440209013e-08 2.071164788467281544e-08 -2.667978593220818919e-07 -1.183983960919373462e-07 2.643782053869771556e-07 -7.260974924675269074e-08 -2.155003042941113675e-07 -8.716548040921416297e-07 -3.224245796381540402e-09 1.805402876344643873e-08 4.642437920716014927e-08 1.258611659000187037e-07 -3.234130384485713685e-08 5.708256319083305416e-08 -7.944262422625978959e-08 -4.649102384242009442e-07 6.708941414252004089e-07
1.886091680314238890e-08 7.761789426142401357e-08 -1.108860477747602477e-07 6.105949585179160216e-07 -1.047312188265056166e-07 -3.265426828297797851e-07 -4.600860330711961849e-07 4.774921373340894275e-07 1.276502100668561169e-06 7.739120932141238757e-09 -4.277325724296665071e-08 1.258611659000187302e-07 1.574521767185874707e-07 9.307811841332593865e-08 -1.074785397115277673e-07 -3.697113776813029428e-08 9.438473272880843917e-07 -1.007676211582877147e-06
8.601344301859527785e-09 -9.977900599100803214e-09 -8.488784483798358019e-08 -1.439732402893107060e-07 3.407543834057393513e-08 2.906556046019323950e-07 3.045567855293469866e-08 -5.623977067028072147e-07 -6.860074597845411135e-07 9.660446384588693950e-09 -9.077984069160437787e-10 -3.234130384485714347e-08 9.307811841332593865e-08 6.762820737203363734e-08 1.378345967577690485e-07 -1.424870604863321855e-08 -4.081051145219389795e-07 2.798200648845405662e-07
5.735947245158959980e-09 4.820656487528869198e-08 1.286169079768628219e-07 2.568410296314692456e-07 1.322065535196732490e-07 -7.424073831363754527e-07 3.862732806095105264e-07 1.360671390047853901e-06 6.730905941528891672e-07 -1.812934541856535152e-08 -5.536770899304389057e-09 5.708256319083306740e-08 -1.074785397115277673e-07 1.378345967577690485e-07 2.801413786335478634e-07 1.152541338698223690e-07 4.300081315883387291e-07 -3.061829850670200341e-07
8.399266548689377386e-08 1.356841636594968036e-07 -5.483124449003271379e-07 5.015145700309485753e-07 -1.195653233876498171e-06 6.728122386898690208e-07 -6.883224559298640581e-07 -1.514287446657111156e-07 -3.790634686415450187e-06 2.829448061850785133e-08 -4.984052419667320526e-08 -7.944262422625977635e-08 -3.697113776813024134e-08 -1.424870604863321358e-08 1.152541338698223690e-07 4.217426455212450466e-07 -3.314936882808614049e-07 5.995321052701349353e-07
4.131322505582913568e-08 -8.066743475349327546e-08 -3.875546923035686934e-07 -1.341829442621039560e-06 -1.099982112302721282e-06 2.058438447925566328e-06 1.385665897252980775e-06 -8.047397173714621407e-07 -1.096785078062889170e-05 2.537244519504712055e-08 5.764817495820454952e-08 -4.649102384242009442e-07 9.438473272880842858e-07 -4.081051145219388736e-07 4.300081315883386762e-07 -3.314936882808614578e-07 2.301982909193078501e-06 4.192058168294676770e-06
1.364248651354855527e-08 7.948679716437882071e-08 5.855151546990889304e-08 1.957019466096346350e-06 1.418691229318905699e-06 -2.170341755668785191e-06 5.727480754055449180e-07 9.448529557464330337e-07 8.985774203092066685e-06 1.227540406528407805e-09 -9.973299437325928430e-08 6.708941414252004089e-07 -1.007676211582877147e-06 2.798200648845405662e-07 -3.061829850670199282e-07 5.995321052701349353e-07 4.192058168294676770e-06 2.991554063928847216e-06
