# alpha=-0.08816669191350102, beta=0.23102383477064511
2.167054097676759874e-08 -1.484134012766589309e-09 -8.066703926265204882e-09 -1.594541393271347065e-09 8.004784027758538094e-08 5.088682311578174500e-08 -2.109234227328106711e-07 1.171421328156730745e-08 -1.051903316405816735e-08 -6.550279293087570532e-10 6.043162018872941546e-09 2.044616367378469505e-08 1.372788076996791312e-08 -4.767589305749635677e-08 -2.146554222575468007e-08 2.727325133119671096e-08 -6.580960610211820459e-08 -5.706003820385569233e-08
-1.484134012766588689e-09 6.498238929706078161e-08 2.888868519824188093e-08 1.911236478538691794e-08 4.603846705978098313e-08 1.072157511873243989e-08 -3.327151996174544399e-07 3.104476844819623758e-07 2.797802934335800708e-08 2.254958488397522781e-09 7.845515893311193349e-09 -6.643927524245388218e-09 2.456810406914425779e-08 -5.937861830096757065e-08 6.781183766351558596e-08 -7.160943732924799303e-08 -1.449818080466410346e-07 -1.059234932839535581e-07
-8.066703926265204882e-09 2.888868519824188423e-08 1.784165080240551177e-07 5.053033764783341125e-08 -1.559399446836602110e-07 3.007434956728453902e-07 -3.333859084384991386e-07 -9.946586235704911114e-08 -4.394879214467662069e-08 -1.482251824405481892e-08 -1.130326821803081830e-08 6.392947016455307794e-08 6.654157928132842371e-08 1.383763370263942689e-09 1.602153875362574820e-08 9.701581059065391373e-08 1.119814789322055666e-07 1.565811954951850929e-08
-1.594541393271342929e-09 1.911236478538692125e-08 5.053033764783340463e-08 3.737281641342194735e-07 4.031066282165663779e-07 -5.540559302319785337e-07 9.048647578431436517e-07 -6.121972196960271026e-07 -4.998973762897809764e-08 2.495424799846288265e-08 1.913174451419471889e-08 -7.009781471056738676e-08 -1.147450273073618709e-07 -1.170701262687978086e-08 -1.624330174418633577e-07 4.215384559778647648e-08 7.824337432263950962e-09 3.624642350223035036e-08
8.004784027758538094e-08 4.603846705978096327e-08 -1.559399446836602110e-07 4.031066282165663779e-07 2.691152887298500814e-06 1.073779440894590199e-06 -5.562169703044080843e-07 7.983018914290104605e-07 1.859327625780082273e-07 -6.226142512424505317e-08 -1.002222145248077748e-07 7.286381084875089765e-08 1.884502573194254178e-07 4.479667318577175870e-07 4.118460981695361910e-07 -6.437600864676264387e-08 7.158439757159182320e-07 4.490519370523755937e-07
5.088682311578174500e-08 1.072157511873244485e-08 3.007434956728453902e-07 -5.540559302319785337e-07 1.073779440894590199e-06 3.931208543442009655e-06 3.829321680245484329e-06 -1.395822377730637711e-06 2.371410222563415772e-08 9.970776280844796817e-08 5.400372127904916005e-08 -3.636274918866689924e-07 -4.918873439904347148e-07 1.824109420209332871e-07 -3.100290154643429367e-07 -3.286838016135931813e-07 6.231180258225879135e-08 3.089333146653018747e-07
-2.109234227328106976e-07 -3.327151996174544928e-07 -3.333859084384991386e-07 9.048647578431436517e-07 -5.562169703044080843e-07 3.829321680245484329e-06 1.856882860387469163e-05 5.367309058164226858e-06 4.804524728410281832e-07 -1.389520741449835752e-07 4.078196374812898531e-08 7.087330284607434062e-07 1.237132936677788800e-06 -1.191784473186867613e-06 1.053307571608889611e-06 1.899925325528564152e-07 -1.924729199920079490e-06 -1.955621862813583473e-06
1.171421328156730910e-08 3.104476844819623758e-07 -9.946586235704909791e-08 -6.121972196960271026e-07 7.983018914290104605e-07 -1.395822377730637711e-06 5.367309058164226011e-06 8.901251090358843859e-06 -3.385337909172587400e-07 4.891447719183876844e-08 5.909023391097977559e-09 -1.616262591252505310e-07 -4.829007536691252653e-07 3.632132489235209332e-07 -1.113335789968014570e-06 7.658608062558866043e-07 1.433342764374590173e-06 7.352345795417380669e-07
-1.051903316405816735e-08 2.797802934335801038e-08 -4.394879214467660745e-08 -4.998973762897809764e-08 1.859327625780082273e-07 2.371410222563414449e-08 4.804524728410281832e-07 -3.385337909172588459e-07 1.590081185472319831e-06 2.167293169693851900e-09 4.833564663463400760e-09 2.353027503206044645e-08 -1.129434263326476966e-07 -2.110250711860767899e-09 -1.412021209521553025e-07 6.667789419633568180e-08 8.185517868620513190e-08 3.067635801465463266e-07
-6.550279293087572600e-10 2.254958488397522367e-09 -1.482251824405481727e-08 2.495424799846288265e-08 -6.226142512424505317e-08 9.970776280844798140e-08 -1.389520741449835752e-07 4.891447719183876844e-08 2.167293169693852727e-09 9.018222382912347593e-09 -4.143662464544113735e-09 1.702183518358927157e-08 2.106232642485290133e-08 1.506407469937604600e-09 8.422075685623313313e-09 2.337166640673678586e-08 1.567596288361385379e-08 6.217391527236989035e-09
6.043162018872941546e-09 7.845515893311193349e-09 -1.130326821803081830e-08 1.913174451419472220e-08 -1.002222145248077748e-07 5.400372127904914682e-08 4.078196374812898531e-08 5.909023391097982522e-09 4.833564663463400760e-09 -4.143662464544113735e-09 1.497267221960473890e-08 4.957752997599195428e-09 6.122050565183623656e-09 3.457328387289735191e-08 9.060014815482185157e-09 8.121391432906228539e-09 5.412930668745658488e-08 5.200842204344979291e-08
2.044616367378469174e-08 -6.643927524245386564e-09 6.392947016455306470e-08 -7.009781471056738676e-08 7.286381084875089765e-08 -3.636274918866689924e-07 7.087330284607433003e-07 -1.616262591252505310e-07 2.353027503206044975e-08 1.702183518358927157e-08 4.957752997599195428e-09 1.363911980409087768e-07 -8.567556458982848016e-08 6.053958274994522738e-08 -1.220471443884426538e-09 -1.064149153576967458e-07 4.672938799465308369e-08 5.679263186246444750e-08
1.372788076996791477e-08 2.456810406914426440e-08 6.654157928132843695e-08 -1.147450273073618709e-07 1.884502573194254178e-07 -4.918873439904347148e-07 1.237132936677788800e-06 -4.829007536691253711e-07 -1.129434263326476966e-07 2.106232642485290133e-08 6.122050565183623656e-09 -8.567556458982848016e-08 3.025972641201886261e-07 1.116283325051856950e-07 -1.238891633830881345e-07 -6.874846502592642839e-08 1.206056153012360655e-07 2.266914252504385072e-07
-4.767589305749635677e-08 -5.937861830096757065e-08 1.383763370263949100e-09 -1.170701262687980568e-08 4.479667318577176929e-07 1.824109420209332606e-07 -1.191784473186867613e-06 3.632132489235209332e-07 -2.110250711860781134e-09 1.506407469937607288e-09 3.457328387289735191e-08 6.053958274994521415e-08 1.116283325051856818e-07 5.614065681539080442e-07 -2.026356806627471977e-08 5.936939671692025025e-08 -5.019910897779021318e-07 -4.354324294683193802e-07
-2.146554222575467676e-08 6.781183766351559920e-08 1.602153875362575481e-08 -1.624330174418633841e-07 4.118460981695360851e-07 -3.100290154643429897e-07 1.053307571608889611e-06 -1.113335789968014570e-06 -1.412021209521553025e-07 8.422075685623313313e-09 9.060014815482183503e-09 -1.220471443884434396e-09 -1.238891633830881345e-07 -2.026356806627470654e-08 7.171814136944100088e-07 2.775831895304529560e-07 1.125696022868143626e-07 1.389510785945470929e-07
2.727325133119670434e-08 -7.160943732924799303e-08 9.701581059065390050e-08 4.215384559778647648e-08 -6.437600864676252475e-08 -3.286838016135931813e-07 1.899925325528564417e-07 7.658608062558867102e-07 6.667789419633568180e-08 2.337166640673678586e-08 8.121391432906233502e-09 -1.064149153576967458e-07 -6.874846502592642839e-08 5.936939671692023702e-08 2.775831895304530090e-07 7.787147561223737187e-07 -1.871615133621900166e-07 -4.559940706761935247e-08
-6.580960610211819135e-08 -1.449818080466410346e-07 1.119814789322055666e-07 7.824337432263941036e-09 7.158439757159182320e-07 6.231180258225887076e-08 -1.924729199920079490e-06 1.433342764374590173e-06 8.185517868620511866e-08 1.567596288361385379e-08 5.412930668745657826e-08 4.672938799465309693e-08 1.206056153012360655e-07 -5.019910897779021318e-07 1.125696022868143494e-07 -1.871615133621899902e-07 1.879086930285459375e-06 -6.313743916623691389e-07
-5.706003820385569895e-08 -1.059234932839535713e-07 1.565811954951850929e-08 3.624642350223035036e-08 4.490519370523755937e-07 3.089333146653019806e-07 -1.955621862813583473e-06 7.352345795417381727e-07 3.067635801465463266e-07 6.217391527236987381e-09 5.200842204344977968e-08 5.679263186246445411e-08 2.266914252504385072e-07 -4.354324294683193802e-07 1.389510785945470929e-07 -4.559940706761933924e-08 -6.313743916623691389e-07 1.598635564599249422e-06
