# alpha=0.03560015870305511, beta=0.10725698415408111
7.679816761502307332e-08 -4.620527889506133508e-08 4.872644668742049944e-08 -1.262436320419673762e-07 1.193320153926597260e-07 -8.278220263497362787e-08 1.115503331076672214e-08 6.338439786896100682e-08 -3.624495170877446869e-07 -2.111354997136103121e-09 2.319672946330649037e-08 6.787263474648133768e-09 1.291337312391513423e-08 3.308109509251066614e-08 -1.449898464853622142e-07 -2.113851658030105071e-08 3.084774184138346200e-08 2.134819664218942082e-07
-4.620527889506133508e-08 6.295573341957284538e-07 -1.470233318443014665e-07 3.683260116536448953e-07 -3.039918806351466510e-07 1.262291790400708249e-07 -1.303140355891341848e-07 -5.655781649314986458e-08 1.139116120526633265e-06 3.306261898753072688e-09 -7.675051127640828771e-08 -2.505177998821286250e-08 -3.957218228065431223e-08 -8.675690300722403242e-08 4.164802747819160411e-07 1.044938743033828383e-07 -1.096040058724011455e-07 -6.563524061563629342e-07
4.872644668742049944e-08 -1.470233318443014665e-07 6.565445512615085246e-07 -3.445061274916544364e-07 3.103468606721235169e-07 -1.507960415024028083e-07 1.146635789260754593e-07 9.626623756956576825e-08 -1.115306055449742290e-06 -4.669498786849608855e-09 7.382564848531118897e-08 2.725271085279042156e-08 3.338766584042720532e-08 8.340236521491223863e-08 -4.131423453877673310e-07 -8.390441986282076061e-08 7.605731269841576000e-08 6.847217203928424446e-07
-1.262436320419673762e-07 3.683260116536448953e-07 -3.445061274916544364e-07 4.151949622042050756e-06 -8.816332390898738328e-07 4.891647750327245133e-07 -1.291830570918418976e-07 -3.511263233272022075e-07 2.784117651870615960e-06 1.085925009777521020e-08 -1.802314096861790834e-07 -4.414608240112245448e-08 -1.148489894409676268e-07 -2.555254324746060720e-07 1.072380353898171167e-06 2.323618035964723957e-07 -2.664231184016646720e-07 -1.523311117043254242e-06
1.193320153926597260e-07 -3.039918806351467040e-07 3.103468606721235169e-07 -8.816332390898739386e-07 3.419775740937154228e-06 -5.545047548643506770e-07 1.393509081030971730e-08 4.521749035694162077e-07 -2.396533378256343091e-06 -1.333260510052498095e-08 1.499463065976197910e-07 4.414055093557341388e-08 9.143545819440314542e-08 2.296269766782439650e-07 -9.602008647573858317e-07 -1.349298272143813777e-07 1.948309290627586165e-07 1.344914577011343330e-06
-8.278220263497362787e-08 1.262291790400708249e-07 -1.507960415024028083e-07 4.891647750327245133e-07 -5.545047548643505712e-07 2.924977386261583968e-06 2.069065673812064951e-07 -5.729542726994984332e-07 1.161740872139192777e-06 1.390535946857194088e-08 -6.085320027034882257e-08 -8.170414572502659764e-09 -3.858949425240650187e-08 -1.592364328388618481e-07 5.720535813752119421e-07 -1.348073754899066094e-08 -1.315412300867364785e-07 -6.535593249698814378e-07
1.115503331076672545e-08 -1.303140355891342113e-07 1.146635789260754593e-07 -1.291830570918418976e-07 1.393509081030973550e-08 2.069065673812064951e-07 2.282740906462103611e-06 -4.195194272178124311e-07 -8.434970573102379608e-07 6.748883750781544976e-09 6.717138175508568658e-08 2.189479146962285069e-08 3.112493207829099122e-08 -1.223696697950122867e-08 -1.835900286119707832e-07 -2.035110148077347208e-07 1.036634553072183629e-07 5.143437971356540682e-07
6.338439786896100682e-08 -5.655781649314986458e-08 9.626623756956575501e-08 -3.511263233272021546e-07 4.521749035694161547e-07 -5.729542726994984332e-07 -4.195194272178124311e-07 3.454353890809542569e-06 -6.911654170222655971e-07 -1.496596903356009704e-08 3.201988449033677295e-08 3.131988700510578118e-08 1.164004150169846517e-08 1.306187950892667747e-07 -4.292352066913920970e-07 1.258674069753444777e-07 -3.214501177307751580e-08 4.710605513805312169e-07
-3.624495170877446869e-07 1.139116120526633477e-06 -1.115306055449742290e-06 2.784117651870615960e-06 -2.396533378256343091e-06 1.161740872139192777e-06 -8.434970573102380666e-07 -6.911654170222655971e-07 3.539917507425581732e-05 2.985779710033325611e-08 -5.672707443051904400e-07 -1.826893649079216981e-07 -3.007766154663885966e-07 -6.629116724040237326e-07 3.152963881244058019e-06 7.338052337155298085e-07 -7.707146035675378220e-07 -4.983708026211616282e-06
-2.111354997136103535e-09 3.306261898753072688e-09 -4.669498786849608855e-09 1.085925009777521020e-08 -1.333260510052498095e-08 1.390535946857194253e-08 6.748883750781544976e-09 -1.496596903356009704e-08 2.985779710033325611e-08 2.955037877052893440e-09 -1.663038762045746422e-09 -1.269894665389678215e-09 -8.207896957506699490e-11 -5.080623099333983881e-09 1.542170347348647628e-08 -2.627102524763883501e-09 -2.126277097841299857e-09 -2.022193015806395955e-08
2.319672946330649037e-08 -7.675051127640828771e-08 7.382564848531118897e-08 -1.802314096861790834e-07 1.499463065976198175e-07 -6.085320027034882257e-08 6.717138175508569982e-08 3.201988449033677957e-08 -5.672707443051904400e-07 -1.663038762045746422e-09 1.562105104466380818e-07 1.331037247493041155e-08 1.930087488887934091e-08 4.182462001710775963e-08 -2.071484329905602468e-07 -5.093318291938732414e-08 4.971470081769457392e-08 3.313071346768633926e-07
6.787263474648133768e-09 -2.505177998821286250e-08 2.725271085279042156e-08 -4.414608240112245448e-08 4.414055093557341388e-08 -8.170414572502661418e-09 2.189479146962285069e-08 3.131988700510578780e-08 -1.826893649079216981e-07 -1.269894665389678215e-09 1.331037247493041155e-08 5.699160053279440101e-08 1.036183410846865986e-09 1.309121990945724050e-08 -7.390476237594515375e-08 -3.096890791848557640e-09 4.557340096614060170e-09 1.348867521789594625e-07
1.291337312391513423e-08 -3.957218228065431223e-08 3.338766584042720532e-08 -1.148489894409676268e-07 9.143545819440315865e-08 -3.858949425240650187e-08 3.112493207829099122e-08 1.164004150169847013e-08 -3.007766154663885966e-07 -8.207896957506700783e-11 1.930087488887934091e-08 1.036183410846866399e-09 7.666275954186303252e-08 2.309194508631876680e-08 -1.079611051336148484e-07 -3.921982657203276950e-08 3.055591792477166821e-08 1.496548332448934531e-07
3.308109509251066614e-08 -8.675690300722403242e-08 8.340236521491222540e-08 -2.555254324746060720e-07 2.296269766782439650e-07 -1.592364328388618481e-07 -1.223696697950122867e-08 1.306187950892667747e-07 -6.629116724040237326e-07 -5.080623099333983881e-09 4.182462001710775963e-08 1.309121990945724050e-08 2.309194508631876349e-08 3.217626215009502891e-07 -2.837412921329438856e-07 -3.752032655802042776e-08 6.813658414385374585e-08 3.708833715340349989e-07
-1.449898464853622142e-07 4.164802747819160411e-07 -4.131423453877672781e-07 1.072380353898171167e-06 -9.602008647573856200e-07 5.720535813752119421e-07 -1.835900286119707832e-07 -4.292352066913920970e-07 3.152963881244057596e-06 1.542170347348647297e-08 -2.071484329905602468e-07 -7.390476237594515375e-08 -1.079611051336148352e-07 -2.837412921329438327e-07 5.058575703528974406e-06 2.247902792147763966e-07 -2.780694944286988515e-07 -1.858044624707630725e-06
-2.113851658030105071e-08 1.044938743033828383e-07 -8.390441986282076061e-08 2.323618035964723957e-07 -1.349298272143813777e-07 -1.348073754899067253e-08 -2.035110148077347473e-07 1.258674069753445042e-07 7.338052337155298085e-07 -2.627102524763883501e-09 -5.093318291938732414e-08 -3.096890791848558467e-09 -3.921982657203276950e-08 -3.752032655802042776e-08 2.247902792147764231e-07 6.141580393782602662e-07 -8.621002562747062572e-08 -3.716345306333889715e-07
3.084774184138346200e-08 -1.096040058724011455e-07 7.605731269841576000e-08 -2.664231184016646720e-07 1.948309290627586165e-07 -1.315412300867364785e-07 1.036634553072183629e-07 -3.214501177307751580e-08 -7.707146035675378220e-07 -2.126277097841299444e-09 4.971470081769456730e-08 4.557340096614060170e-09 3.055591792477165498e-08 6.813658414385374585e-08 -2.780694944286988515e-07 -8.621002562747061249e-08 6.994519826804609764e-07 3.665702730483759216e-07
2.134819664218942082e-07 -6.563524061563629342e-07 6.847217203928424446e-07 -1.523311117043254242e-06 1.344914577011343330e-06 -6.535593249698814378e-07 5.143437971356540682e-07 4.710605513805312169e-07 -4.983708026211615435e-06 -2.022193015806395624e-08 3.313071346768633926e-07 1.348867521789594625e-07 1.496548332448934531e-07 3.708833715340349989e-07 -1.858044624707630725e-06 -3.716345306333889186e-07 3.665702730483759216e-07 1.237628225435986850e-05
