# alpha=-0.0184597184559038, beta=0.16131686131304515
9.290246279318299179e-09 -4.015619968092124363e-10 1.806298768418506106e-09 1.772223581810302897e-09 2.490853440830500044e-09 1.944261142928970217e-09 1.409786001478518256e-09 -1.641209416951145462e-08 -2.125214155996225255e-09 -8.895789093372737266e-13 3.626723444162869755e-10 -6.801546054404694505e-10 -1.020490576891011923e-10 -3.108488785202718058e-11 -8.039710730035199727e-10 4.731513975491901104e-09 -7.176378573313584231e-09 1.383299613459809067e-08
-4.015619968092124363e-10 2.286411079171192923e-08 1.332352118271256822e-09 -4.562296464162652224e-09 -1.031757850255901246e-09 9.496554470789045629e-09 -3.041890437851594425e-09 3.470924889815756180e-09 -2.425545229665259004e-08 -4.136206682294192926e-11 7.018747396309292763e-10 -9.148763393623003891e-11 -1.448490553526265987e-09 3.877590099697838447e-09 -2.362126464305581731e-09 6.686072418489125946e-10 2.051827568844692624e-09 6.013881796472255503e-09
1.806298768418506106e-09 1.332352118271256822e-09 1.374719586809757460e-07 2.878712380260720849e-08 1.200085302164267005e-08 -4.493550711915137478e-08 4.073141786673046004e-08 -4.762437489027985576e-09 1.143515396287849549e-07 -4.739835319311362296e-10 -1.906725387341489932e-09 7.314150660061625846e-09 -2.435974257273874265e-09 -4.869576921792375050e-09 1.348727179111441681e-08 3.755587693743586293e-08 -4.072082105285446250e-08 -1.369317328460089759e-08
1.772223581810302897e-09 -4.562296464162651397e-09 2.878712380260720187e-08 1.221052063086999506e-06 -6.614670326697835077e-08 1.577236301228146401e-07 -2.269056376944704687e-07 2.468423446384216346e-07 -4.544480973963190151e-07 1.635187294005627845e-09 3.812355495043300162e-09 -1.653696004706564208e-08 -5.526853305026088383e-09 3.736812918421558966e-08 -5.011113548556774281e-08 -2.155458139388946232e-07 2.601325711318707442e-07 -9.421933715642744707e-08
2.490853440830500044e-09 -1.031757850255901040e-09 1.200085302164266839e-08 -6.614670326697835077e-08 4.106800457059603245e-07 7.707505644681288229e-08 -9.681917749055245617e-08 1.508942248835098319e-07 -1.660103882236704518e-07 1.241781686087277823e-09 1.357323903544529128e-09 -9.473480320895623629e-09 -7.572225177964620415e-09 1.692141670190537275e-08 -1.913705323792568348e-08 -9.254555611904071777e-08 1.361388730531462500e-07 -6.849887914349339779e-08
1.944261142928970217e-09 9.496554470789045629e-09 -4.493550711915137478e-08 1.577236301228146401e-07 7.707505644681288229e-08 2.284207828509606044e-06 1.548686132975556146e-07 -7.956337849521190046e-08 5.746282142444322524e-07 -3.553061485577035849e-09 -6.040963633528886943e-09 2.151459643835531760e-08 1.153678706924717280e-08 -4.318372886083014525e-08 6.414954206378178768e-08 1.782046789828670383e-07 -2.437581337555762166e-07 -1.698191467649932274e-08
1.409786001478518876e-09 -3.041890437851594011e-09 4.073141786673046004e-08 -2.269056376944704687e-07 -9.681917749055245617e-08 1.548686132975556146e-07 4.207715052190094031e-06 5.466701609861419711e-07 -5.910995768701603245e-07 -2.066817205262191490e-11 8.414170507727435115e-09 -3.127943043844193180e-08 -5.490901843701211854e-09 3.938247315765876204e-08 -6.303118332940831319e-08 -3.531181635584264104e-07 4.172296253406266243e-07 -2.329382765749260082e-07
-1.641209416951145462e-08 3.470924889815756594e-09 -4.762437489027979786e-09 2.468423446384216346e-07 1.508942248835098319e-07 -7.956337849521191369e-08 5.466701609861418653e-07 7.789122833106331244e-06 4.514484322859128072e-07 -6.030345899082502743e-10 -1.915149676677953087e-09 1.809679585874333063e-08 2.329373555565481602e-08 -4.615704317431188774e-08 3.380745168153669309e-08 4.046005249915658897e-07 -5.316705567293637133e-07 4.952528848847560068e-07
-2.125214155996225255e-09 -2.425545229665259004e-08 1.143515396287849549e-07 -4.544480973963190151e-07 -1.660103882236704518e-07 5.746282142444322524e-07 -5.910995768701603245e-07 4.514484322859128072e-07 1.454088581369774771e-05 3.241074927329925603e-09 1.463015683651236237e-08 -4.821055268509738379e-08 3.286501460419905483e-09 1.202601135628385762e-07 -1.640836167272139020e-07 -5.926709585974410907e-07 6.696923664652276216e-07 -6.470691393612547445e-08
-8.895789093372727169e-13 -4.136206682294191633e-11 -4.739835319311362296e-10 1.635187294005627638e-09 1.241781686087277823e-09 -3.553061485577035435e-09 -2.066817205262209584e-11 -6.030345899082501709e-10 3.241074927329925603e-09 1.615856353698866235e-09 6.993773020735896832e-11 1.719647831404094063e-10 9.199196597481450090e-10 -4.485837610585577279e-10 6.448516725462856739e-10 2.605614186624518607e-09 -4.603695476475788999e-09 2.467272368703581138e-10
3.626723444162870272e-10 7.018747396309292763e-10 -1.906725387341489932e-09 3.812355495043300162e-09 1.357323903544528921e-09 -6.040963633528887770e-09 8.414170507727435115e-09 -1.915149676677953500e-09 1.463015683651236402e-08 6.993773020735896832e-11 5.007896532157764005e-09 1.118152400296445040e-09 -3.986821828906752995e-10 -1.169014167638539191e-09 2.062919489600555877e-09 4.144268380456269125e-09 -4.073358760690125410e-09 -2.338926034837612995e-09
-6.801546054404694505e-10 -9.148763393623007768e-11 7.314150660061625846e-09 -1.653696004706564208e-08 -9.473480320895623629e-09 2.151459643835531760e-08 -3.127943043844193842e-08 1.809679585874333394e-08 -4.821055268509739041e-08 1.719647831404094580e-10 1.118152400296445247e-09 4.063630664933077782e-08 -3.619228398112630401e-10 3.059682012277388270e-09 -7.648074786938320908e-09 -2.253115448887089334e-08 2.933919671196405951e-08 -4.177258800137259597e-09
-1.020490576891011664e-10 -1.448490553526265987e-09 -2.435974257273874678e-09 -5.526853305026088383e-09 -7.572225177964620415e-09 1.153678706924717280e-08 -5.490901843701211026e-09 2.329373555565481933e-08 3.286501460419900520e-09 9.199196597481450090e-10 -3.986821828906752478e-10 -3.619228398112631435e-10 1.070690295578690050e-07 5.897442380490066162e-09 -2.365060425692073305e-09 4.070410019356808856e-10 2.798322191171868703e-08 -8.904741016734218974e-09
-3.108488785202714827e-11 3.877590099697838447e-09 -4.869576921792374223e-09 3.736812918421558966e-08 1.692141670190537275e-08 -4.318372886083013864e-08 3.938247315765875543e-08 -4.615704317431188112e-08 1.202601135628385762e-07 -4.485837610585577279e-10 -1.169014167638539191e-09 3.059682012277387443e-09 5.897442380490064508e-09 1.402603557462829349e-07 1.454167165319233731e-08 4.235676857155396256e-08 -5.701137438698228184e-08 8.470088442849023585e-09
-8.039710730035199727e-10 -2.362126464305581731e-09 1.348727179111441681e-08 -5.011113548556774281e-08 -1.913705323792568348e-08 6.414954206378178768e-08 -6.303118332940831319e-08 3.380745168153669971e-08 -1.640836167272139285e-07 6.448516725462856739e-10 2.062919489600555877e-09 -7.648074786938320908e-09 -2.365060425692072892e-09 1.454167165319233897e-08 2.084615566274930534e-07 -6.291459383344901092e-08 7.970600202968905386e-08 -3.550446761177561828e-09
4.731513975491901104e-09 6.686072418489126980e-10 3.755587693743586293e-08 -2.155458139388946232e-07 -9.254555611904071777e-08 1.782046789828670383e-07 -3.531181635584263575e-07 4.046005249915658897e-07 -5.926709585974410907e-07 2.605614186624518607e-09 4.144268380456269125e-09 -2.253115448887089003e-08 4.070410019356812992e-10 4.235676857155396256e-08 -6.291459383344901092e-08 2.862452673394984454e-06 4.014316940713265461e-07 -2.021454272025704456e-07
-7.176378573313585058e-09 2.051827568844691797e-09 -4.072082105285446250e-08 2.601325711318707442e-07 1.361388730531462500e-07 -2.437581337555762166e-07 4.172296253406266243e-07 -5.316705567293637133e-07 6.696923664652276216e-07 -4.603695476475789826e-09 -4.073358760690124583e-09 2.933919671196405289e-08 2.798322191171868703e-08 -5.701137438698228184e-08 7.970600202968905386e-08 4.014316940713265461e-07 4.187596824556483557e-06 2.671874909325883567e-07
1.383299613459809233e-08 6.013881796472255503e-09 -1.369317328460090090e-08 -9.421933715642744707e-08 -6.849887914349339779e-08 -1.698191467649932605e-08 -2.329382765749260082e-07 4.952528848847560068e-07 -6.470691393612547445e-08 2.467272368703580621e-10 -2.338926034837612995e-09 -4.177258800137257116e-09 -8.904741016734218974e-09 8.470088442849025239e-09 -3.550446761177560587e-09 -2.021454272025704456e-07 2.671874909325883567e-07 2.620331495278958160e-06
