# alpha=0.012586959503457756, beta=0.13027018335368734
1.390096496761111310e-08 -6.370071193836707734e-10 -2.068152927251613172e-09 -1.508054259246468335e-08 1.384589002864328273e-08 1.903036757541021703e-08 -6.736048866722664349e-09 5.693642757046595967e-09 -3.117344564472169887e-08 4.592023171652283334e-10 -2.949925788232423628e-10 7.264672157803983544e-10 1.816422988827649844e-09 -3.243105932534959349e-09 -8.742648872304197135e-10 2.984630522240566032e-09 -1.032673812328467730e-08 7.244311955103957890e-09
-6.370071193836707734e-10 5.787315620193162387e-08 1.213829372864625124e-09 6.163705779212041631e-09 -1.409354045490678602e-08 -2.822561434516383172e-08 -5.577839873070780518e-10 -1.244648083509454914e-08 1.762084198910282388e-08 -2.210698288853885075e-10 -7.240170514319364824e-11 -5.067802011044206826e-10 3.852158708432113172e-10 1.598548754883042206e-09 4.512790272472674719e-09 -6.519303509306906077e-11 1.179509020914220498e-08 -8.192738323306393050e-09
-2.068152927251613172e-09 1.213829372864625124e-09 2.869490842432394052e-07 5.537955097937299020e-08 -7.189378705931654272e-08 -9.374884363917704499e-08 3.777382374984358398e-08 -4.830886408071507549e-08 1.519819796237004227e-07 -1.563792276745682519e-09 2.342663045226166558e-09 -5.893788010399178131e-09 -9.299007448398397327e-09 1.040333946435988729e-08 1.193040123227197767e-09 -8.192898983520082517e-09 5.336376940162009928e-08 -2.161273957016198999e-08
-1.508054259246468335e-08 6.163705779212042458e-09 5.537955097937298358e-08 3.053259266709475110e-06 -2.546518565718503954e-07 -3.707002532675984293e-07 1.563396860977586746e-07 -1.755579379641492010e-07 6.144897215347001217e-07 -7.189651245947148216e-09 6.197799185893846644e-09 -1.375997969878102590e-08 -4.009935824433297552e-08 4.846984408108504773e-08 -4.185990636704406451e-09 -5.837774922972967307e-08 1.893939000861175118e-07 -1.067138678448914949e-07
1.384589002864328273e-08 -1.409354045490678933e-08 -7.189378705931654272e-08 -2.546518565718504483e-07 3.870068442929383282e-06 4.361350725362933557e-07 -1.587197440457622840e-07 1.013681030237126357e-07 -7.115498528153505085e-07 7.103814408936424091e-09 -9.383764283914474576e-09 2.228750553321536503e-08 3.164656575914691537e-08 -6.237678782297927445e-08 -2.800324674011836914e-08 3.820809334978064119e-08 -2.224179329177340379e-07 1.275507811952694449e-07
1.903036757541021703e-08 -2.822561434516383172e-08 -9.374884363917703176e-08 -3.707002532675984822e-07 4.361350725362933557e-07 8.838353883918851652e-06 -2.439238102114775314e-07 3.678023121299417565e-07 -1.079674618483694831e-06 7.725854801823035793e-09 -8.591988875462481101e-09 1.847527948833155181e-08 5.885431047593568826e-08 -7.066297672949162229e-08 -7.004404766918535370e-09 6.567676896959765378e-08 -3.033057049806037577e-07 1.348705835199445439e-07
-6.736048866722664349e-09 -5.577839873070776382e-10 3.777382374984358398e-08 1.563396860977587011e-07 -1.587197440457622840e-07 -2.439238102114775314e-07 2.035000653027522361e-06 -1.182284964637851918e-07 3.617338321603406117e-07 -3.212933589864761817e-09 5.660044831499299227e-09 -1.281037172579838151e-08 -2.433188741748413938e-08 2.695955766820820072e-08 -9.311260390080697301e-10 -4.239729138855555519e-08 1.068915912186176954e-07 -5.615161939045088797e-08
5.693642757046594313e-09 -1.244648083509454914e-08 -4.830886408071507549e-08 -1.755579379641492010e-07 1.013681030237126357e-07 3.678023121299417565e-07 -1.182284964637851653e-07 6.334607871403677853e-06 -3.983337850093067873e-07 1.677192404203777591e-09 2.399971005088140815e-09 -3.103791737214714120e-09 4.690134583204535275e-08 1.051861354956253212e-08 5.394333713543067543e-08 4.919213774834400900e-08 -1.375524861135625833e-07 -1.607193478446930579e-08
-3.117344564472169225e-08 1.762084198910282057e-08 1.519819796237004227e-07 6.144897215347001217e-07 -7.115498528153505085e-07 -1.079674618483694620e-06 3.617338321603406117e-07 -3.983337850093067873e-07 2.228477682409731928e-05 -1.436934374231239255e-08 1.625032851983443162e-08 -2.929608544055114037e-08 -9.509237362739742833e-08 1.294220745988895462e-07 -5.045761065637303624e-09 -1.011769457989566201e-07 4.510141190735694960e-07 -2.227517327193675747e-07
4.592023171652283334e-10 -2.210698288853885075e-10 -1.563792276745682519e-09 -7.189651245947149871e-09 7.103814408936424091e-09 7.725854801823035793e-09 -3.212933589864761817e-09 1.677192404203778004e-09 -1.436934374231239586e-08 3.512017007210810414e-09 -2.337090985365224214e-10 5.782134130603674717e-10 8.097809252273412387e-10 -1.665653018549914070e-09 -3.684091075176522177e-10 1.338098802881173875e-09 -5.453048105938192013e-09 3.898529326357588643e-09
-2.949925788232423628e-10 -7.240170514319362239e-11 2.342663045226166558e-09 6.197799185893846644e-09 -9.383764283914474576e-09 -8.591988875462481101e-09 5.660044831499299227e-09 2.399971005088140815e-09 1.625032851983443493e-08 -2.337090985365224214e-10 6.367357582338280149e-09 -1.072218537826519615e-09 -5.306768993295375598e-10 1.950017102812793096e-09 1.405446604327051157e-09 -9.126146965379780943e-10 5.869597098323083610e-09 -4.405774027929957500e-09
7.264672157803982510e-10 -5.067802011044207860e-10 -5.893788010399178958e-09 -1.375997969878102590e-08 2.228750553321536503e-08 1.847527948833155181e-08 -1.281037172579838151e-08 -3.103791737214711638e-09 -2.929608544055114037e-08 5.782134130603674717e-10 -1.072218537826519408e-09 3.700444351336841572e-08 4.535855424983365169e-10 -4.374597247669049001e-09 -5.165060387275744995e-09 1.750116721817326580e-09 -1.573955488806877932e-08 1.087724216674024366e-08
1.816422988827649844e-09 3.852158708432113172e-10 -9.299007448398395672e-09 -4.009935824433297552e-08 3.164656575914691537e-08 5.885431047593568826e-08 -2.433188741748413276e-08 4.690134583204535275e-08 -9.509237362739742833e-08 8.097809252273412387e-10 -5.306768993295374564e-10 4.535855424983365169e-10 1.084418267649914172e-07 -4.988066988189528859e-09 7.900364192568298251e-09 1.004758027986149912e-08 -2.442912356871730931e-08 7.695110775369252342e-09
-3.243105932534959349e-09 1.598548754883042206e-09 1.040333946435988729e-08 4.846984408108504773e-08 -6.237678782297927445e-08 -7.066297672949162229e-08 2.695955766820819410e-08 1.051861354956253212e-08 1.294220745988895462e-07 -1.665653018549914070e-09 1.950017102812793096e-09 -4.374597247669049001e-09 -4.988066988189528859e-09 1.896070894154636159e-07 7.087391794942087535e-09 -6.392318281478591442e-09 3.806414424488172044e-08 -3.029087319269697689e-08
-8.742648872304197135e-10 4.512790272472674719e-09 1.193040123227197974e-09 -4.185990636704410587e-09 -2.800324674011836914e-08 -7.004404766918535370e-09 -9.311260390080702471e-10 5.394333713543067543e-08 -5.045761065637304451e-09 -3.684091075176522177e-10 1.405446604327051157e-09 -5.165060387275744995e-09 7.900364192568298251e-09 7.087391794942087535e-09 2.774844692197777122e-07 7.475795114192906669e-09 1.484735712105412081e-08 -1.937888001368637737e-08
2.984630522240566446e-09 -6.519303509306890568e-11 -8.192898983520082517e-09 -5.837774922972968631e-08 3.820809334978064119e-08 6.567676896959765378e-08 -4.239729138855555519e-08 4.919213774834401562e-08 -1.011769457989566201e-07 1.338098802881173875e-09 -9.126146965379780943e-10 1.750116721817326993e-09 1.004758027986149912e-08 -6.392318281478592269e-09 7.475795114192906669e-09 2.867898475194445597e-07 -3.601720111786915306e-08 2.032772053311377735e-08
-1.032673812328467730e-08 1.179509020914220498e-08 5.336376940162009928e-08 1.893939000861175118e-07 -2.224179329177340379e-07 -3.033057049806037577e-07 1.068915912186176954e-07 -1.375524861135625833e-07 4.510141190735696019e-07 -5.453048105938192013e-09 5.869597098323083610e-09 -1.573955488806877932e-08 -2.442912356871730931e-08 3.806414424488172044e-08 1.484735712105412081e-08 -3.601720111786915306e-08 2.133482146955234438e-06 -8.929729086937873713e-08
7.244311955103957890e-09 -8.192738323306391396e-09 -2.161273957016198999e-08 -1.067138678448914949e-07 1.275507811952694714e-07 1.348705835199445439e-07 -5.615161939045088797e-08 -1.607193478446931241e-08 -2.227517327193676011e-07 3.898529326357588643e-09 -4.405774027929958327e-09 1.087724216674024531e-08 7.695110775369252342e-09 -3.029087319269698351e-08 -1.937888001368637737e-08 2.032772053311377735e-08 -8.929729086937873713e-08 1.134692246271597673e-06
