# alpha=-0.1548848296816986, beta=0.29774197253884205
4.965952314274350714e-08 2.746680605577723017e-08 2.582337686786870683e-08 -7.398191357855675801e-08 3.223890055537503377e-07 -9.041526173827678859e-08 -3.817594901559522137e-07 3.041896966233955847e-07 2.076143263231112131e-07 -1.489472610983493668e-08 2.930312468514634367e-08 -2.885458223741841015e-08 9.983855100735180658e-08 -1.967519438198320911e-07 1.671849270503526125e-07 -8.130985699979194976e-08 1.327123299690701785e-07 1.489989070611194918e-07
2.746680605577723017e-08 5.137889945567256797e-08 -4.127997962806391199e-09 8.493240018539947567e-08 -1.125084569767447443e-07 -6.132994930514268707e-08 3.827701216002300403e-07 -2.741959419131694387e-07 1.175226151661071109e-07 1.539370233697647038e-08 -1.572821920207041720e-08 1.257290984948470258e-08 -8.336761083695826845e-08 1.442811679257909346e-07 -1.006874323489442875e-07 5.809401187302595398e-09 5.420335403992444076e-08 -1.839437929876029973e-07
2.582337686786870683e-08 -4.127997962806393681e-09 2.312277872205733675e-07 2.164166996217427949e-07 -4.303657437377538101e-07 5.134588476141414962e-07 2.571757968720472337e-07 3.345919663323027960e-07 -2.124266494085150677e-07 2.117864346879459925e-08 -4.661345745162155488e-08 4.644538154106319527e-08 -1.390100756241364450e-07 2.092576077733347651e-07 -1.096499253134115063e-07 3.848267813060825637e-08 -4.684851005788161476e-07 4.164471974508555704e-07
-7.398191357855675801e-08 8.493240018539947567e-08 2.164166996217427949e-07 3.902521297467484128e-07 5.884155248256325937e-07 -2.849192378943370618e-07 -8.410751003021697638e-07 1.802400255282543898e-07 1.940760536318253844e-07 -4.233595663302574061e-08 5.454939612767814141e-08 -5.705163990828074923e-08 2.717169590559839881e-07 -3.957115597282546603e-07 2.199138138829369828e-07 -1.299552442810119481e-08 3.507239725176235964e-07 -7.955561722424509212e-08
3.223890055537503907e-07 -1.125084569767447311e-07 -4.303657437377538101e-07 5.884155248256325937e-07 2.534948483266844469e-06 1.458067196423996820e-06 2.342957846243861665e-06 -1.038388586952885571e-06 -2.020734504131033240e-06 1.042828688203473388e-07 -2.416713552055236620e-07 2.238479819256184052e-07 -6.990275974139977804e-07 1.384220315341507929e-06 -1.064099738429901840e-06 6.079969271779490371e-07 -1.555617887460169244e-06 -1.530920728215428424e-07
-9.041526173827678859e-08 -6.132994930514268707e-08 5.134588476141413903e-07 -2.849192378943370618e-07 1.458067196423996608e-06 1.939889981564911921e-06 -6.047106969143656476e-09 -1.563773851692827925e-06 1.683187525823129672e-06 -3.604343474546051485e-08 1.493195111425269412e-07 -1.024645673650167807e-07 2.312464464057205842e-07 -4.993814265519418094e-07 3.930360286614884433e-07 -3.394024064163940129e-07 1.540958252600595608e-06 -1.313578950680644220e-06
-3.817594901559522137e-07 3.827701216002300403e-07 2.571757968720471808e-07 -8.410751003021698697e-07 2.342957846243861665e-06 -6.047106969143611808e-09 5.614231481356116076e-06 4.762087354465114452e-06 1.376874018838948955e-06 -2.006231696289970980e-07 2.631460069985984168e-07 -3.093674463303129088e-07 1.217499284003191342e-06 -2.097183681794148447e-06 1.514545993257558939e-06 -4.474041194629252726e-07 2.982313158571049201e-08 2.805250135168848517e-06
3.041896966233955847e-07 -2.741959419131694387e-07 3.345919663323026902e-07 1.802400255282544428e-07 -1.038388586952885995e-06 -1.563773851692827925e-06 4.762087354465114452e-06 7.825140655713198814e-06 1.972856797387729835e-06 1.391612704602055845e-07 -1.439064066229605276e-07 1.391005302097246017e-07 -8.502143308659766522e-07 1.506236414834966998e-06 -1.221138278846381356e-06 4.476163242061371543e-07 1.495563773733195856e-06 -4.072059592946186099e-06
2.076143263231112131e-07 1.175226151661071241e-07 -2.124266494085150677e-07 1.940760536318253315e-07 -2.020734504131033240e-06 1.683187525823129884e-06 1.376874018838948955e-06 1.972856797387729835e-06 8.963462342960680000e-06 2.485148429235196996e-08 -1.338941519360113095e-07 2.627059880613368911e-07 -3.376811469203107915e-07 5.567168836022127320e-07 -5.846254099029601342e-07 9.041870812146657813e-07 -1.901837162594115967e-06 -9.360714150312157728e-08
-1.489472610983493668e-08 1.539370233697647038e-08 2.117864346879459594e-08 -4.233595663302574061e-08 1.042828688203473388e-07 -3.604343474546051485e-08 -2.006231696289970980e-07 1.391612704602055581e-07 2.485148429235197658e-08 8.295429166570443821e-09 1.282122919600862498e-08 -1.093913982713335492e-08 5.042216148271464165e-08 -8.806685220560906501e-08 6.138401155240051965e-08 -2.063774557257817609e-08 2.489232431840762866e-08 6.980060427190706248e-08
2.930312468514634367e-08 -1.572821920207041720e-08 -4.661345745162154827e-08 5.454939612767814141e-08 -2.416713552055236620e-07 1.493195111425269412e-07 2.631460069985984168e-07 -1.439064066229605012e-07 -1.338941519360113359e-07 1.282122919600862498e-08 2.641080699706455975e-08 2.195534218768284752e-08 -7.747022164151428518e-08 1.502895891019830538e-07 -1.184882119931667305e-07 6.644213133664193473e-08 -1.233610593650770940e-07 -4.629530656208179630e-08
-2.885458223741841015e-08 1.257290984948470258e-08 4.644538154106318865e-08 -5.705163990828075585e-08 2.238479819256184052e-07 -1.024645673650167807e-07 -3.093674463303129088e-07 1.391005302097246017e-07 2.627059880613368911e-07 -1.093913982713335492e-08 2.195534218768284752e-08 2.920478395258655630e-08 7.350681631704662116e-08 -1.359531016155131363e-07 1.071073399691019421e-07 -5.210542562461698012e-08 1.156382429811630338e-07 8.649482128408010068e-08
9.983855100735180658e-08 -8.336761083695826845e-08 -1.390100756241364450e-07 2.717169590559840411e-07 -6.990275974139977804e-07 2.312464464057205842e-07 1.217499284003191342e-06 -8.502143308659766522e-07 -3.376811469203108444e-07 5.042216148271464827e-08 -7.747022164151429841e-08 7.350681631704662116e-08 2.990620442255928083e-07 5.310335989107634811e-07 -3.721697829084630390e-07 1.454942215377449282e-07 -2.351028885552177107e-07 -3.770222459891240623e-07
-1.967519438198320911e-07 1.442811679257909346e-07 2.092576077733347651e-07 -3.957115597282546603e-07 1.384220315341507929e-06 -4.993814265519418094e-07 -2.097183681794148447e-06 1.506236414834966998e-06 5.567168836022127320e-07 -8.806685220560906501e-08 1.502895891019830803e-07 -1.359531016155131363e-07 5.310335989107634811e-07 9.442582581609826286e-07 7.668079809798886357e-07 -3.092969195785696571e-07 4.614976805868617994e-07 7.287259295647291915e-07
1.671849270503526125e-07 -1.006874323489443007e-07 -1.096499253134114930e-07 2.199138138829369563e-07 -1.064099738429902052e-06 3.930360286614884433e-07 1.514545993257558939e-06 -1.221138278846381356e-06 -5.846254099029600284e-07 6.138401155240051965e-08 -1.184882119931667172e-07 1.071073399691019421e-07 -3.721697829084630390e-07 7.668079809798886357e-07 6.667257739419692548e-07 3.375561548694401299e-07 -3.618994351291018435e-07 -6.914084219555481495e-07
-8.130985699979194976e-08 5.809401187302594571e-09 3.848267813060824975e-08 -1.299552442810118819e-08 6.079969271779490371e-07 -3.394024064163940129e-07 -4.474041194629252196e-07 4.476163242061370484e-07 9.041870812146657813e-07 -2.063774557257817609e-08 6.644213133664193473e-08 -5.210542562461698012e-08 1.454942215377449282e-07 -3.092969195785696571e-07 3.375561548694401828e-07 3.632475645401572825e-07 3.486987993062906904e-07 2.595500367394038485e-07
1.327123299690701520e-07 5.420335403992444737e-08 -4.684851005788160417e-07 3.507239725176234905e-07 -1.555617887460169244e-06 1.540958252600595819e-06 2.982313158571063097e-08 1.495563773733195856e-06 -1.901837162594115967e-06 2.489232431840762866e-08 -1.233610593650770940e-07 1.156382429811630338e-07 -2.351028885552177107e-07 4.614976805868617464e-07 -3.618994351291018435e-07 3.486987993062907434e-07 1.627292248869493413e-06 1.231259144154395465e-06
1.489989070611194918e-07 -1.839437929876029973e-07 4.164471974508555704e-07 -7.955561722424507888e-08 -1.530920728215430542e-07 -1.313578950680644220e-06 2.805250135168848093e-06 -4.072059592946185252e-06 -9.360714150312159052e-08 6.980060427190707572e-08 -4.629530656208179630e-08 8.649482128408010068e-08 -3.770222459891240623e-07 7.287259295647291915e-07 -6.914084219555481495e-07 2.595500367394038485e-07 1.231259144154395465e-06 2.848118898093943195e-06
