# alpha=-0.07885263008080282, beta=0.2217097729379455
3.548070536067390198e-08 1.483992775440130248e-08 -7.313236544773085625e-10 4.499909199502711690e-08 5.680316989760855671e-08 -5.027262959276364927e-08 -1.513266191362184192e-08 1.048590425005907738e-07 -2.730064445030391020e-07 5.933423136958172645e-09 3.850661779788119430e-09 -8.921366787690135100e-09 -4.278761420761860988e-09 -1.958706172737120806e-08 1.241466544576367297e-08 3.092653166908932678e-08 6.729917360139818841e-08 -7.320616688317820604e-08
1.483992775440130579e-08 4.915146060889988679e-08 1.029059281443195435e-08 -3.045685742604485715e-08 -8.935649647170267799e-09 5.982687525266509097e-08 -4.856818748154612373e-09 -1.488770735124588411e-07 3.139163431899662663e-07 -5.034256844882236625e-09 -1.545522344985672257e-09 4.453511346394698843e-09 8.889263600178286249e-09 1.213972316592807418e-08 -1.521504946142135021e-08 -2.575749300864511467e-08 -6.177872052547780352e-08 5.479341063137953483e-08
-7.313236544773090795e-10 1.029059281443195766e-08 1.213242610984552209e-07 6.136710231211496075e-08 -9.601199205191278040e-08 3.202122830835163003e-08 -3.514434987369986615e-10 4.850475274170675302e-08 -4.659845103671912933e-08 8.881124898567800613e-10 9.761538427966192434e-09 6.164470141534366390e-09 -1.770802033457523011e-08 2.152673786091596318e-08 9.178893731555689540e-09 3.235785714543438746e-08 -5.154189484042610865e-08 1.060441849529812566e-07
4.499909199502710366e-08 -3.045685742604485715e-08 6.136710231211494752e-08 5.541151037639679851e-07 1.726078458018524809e-08 -7.507806916008929768e-08 5.699377988314115418e-08 -7.763528840971358786e-08 1.580422855735888030e-07 -1.336019919630857995e-08 -1.431089239781339968e-08 6.900894171699442471e-09 7.099504823117835661e-08 -1.923276102777958121e-08 1.391748015318811771e-08 -1.183994244365119738e-07 -1.942147943352540155e-08 3.971781698006029841e-08
5.680316989760855671e-08 -8.935649647170262836e-09 -9.601199205191276717e-08 1.726078458018524809e-08 1.114277433140938290e-06 2.563549402777383073e-07 1.009972563504532942e-07 -2.049214605265121729e-07 1.136115542683518385e-06 -1.733065601089719236e-08 -1.075108731660817981e-08 7.119985464104675235e-08 -8.266605791740956857e-08 1.465051671713435132e-07 -3.957578621976211030e-08 -7.323703665051159653e-08 -3.487302419110263929e-07 2.862586938111266323e-07
-5.027262959276365588e-08 5.982687525266509097e-08 3.202122830835163003e-08 -7.507806916008929768e-08 2.563549402777383073e-07 1.050651371475510584e-06 5.703358748296624575e-08 6.222429062333893922e-07 -1.634982555799238846e-06 1.797023269133944662e-08 9.925701325825672010e-09 -4.249332070261351691e-08 6.753250905786336729e-08 -1.272008512547145507e-07 1.279446870644301448e-07 3.163970439376404666e-08 3.446196710467848549e-07 -3.428573102737855832e-07
-1.513266191362183861e-08 -4.856818748154612373e-09 -3.514434987370023321e-10 5.699377988314115418e-08 1.009972563504532942e-07 5.703358748296626560e-08 7.316749341142238133e-07 8.785701201018652181e-09 -2.065759433695960384e-07 3.702103915347677694e-09 1.073170452622723521e-08 7.304251664775116220e-09 -3.422057703480566245e-08 -4.924845497881583978e-08 -2.669303720966636545e-09 7.789653734077177116e-08 5.843964142577636471e-08 2.106950811455423603e-08
1.048590425005907738e-07 -1.488770735124588411e-07 4.850475274170675302e-08 -7.763528840971358786e-08 -2.049214605265121994e-07 6.222429062333893922e-07 8.785701201018665415e-09 2.947451740781948634e-06 2.823517979673186047e-06 -3.143518990997133396e-08 -5.419965072630352467e-09 2.519534270440987191e-08 1.147109637277341291e-08 1.657669095029226018e-07 -1.189852243591775400e-07 -1.230529208733846033e-07 -4.619840833795213700e-07 5.520192744602943292e-07
-2.730064445030391020e-07 3.139163431899662663e-07 -4.659845103671912933e-08 1.580422855735888030e-07 1.136115542683518173e-06 -1.634982555799238634e-06 -2.065759433695960384e-07 2.823517979673185200e-06 1.409413282937541247e-05 9.508661915202173190e-08 7.629632129368672786e-08 -2.018160741203692738e-07 1.145663211730099550e-07 -4.889871192527504671e-07 4.010706664342274812e-07 3.918065375307373952e-07 1.452202385899989146e-06 -1.156092798494182695e-06
5.933423136958172645e-09 -5.034256844882236625e-09 8.881124898567799579e-10 -1.336019919630858161e-08 -1.733065601089719236e-08 1.797023269133944331e-08 3.702103915347676453e-09 -3.143518990997133396e-08 9.508661915202173190e-08 3.892089431433652163e-09 -1.711535594317854328e-09 3.552657867837230654e-09 6.354962383003553186e-10 6.234841581749468339e-09 -5.088908115097360333e-09 -1.011685839055548674e-08 -2.378327194342128216e-08 2.220529890638343581e-08
3.850661779788120257e-09 -1.545522344985672464e-09 9.761538427966192434e-09 -1.431089239781340464e-08 -1.075108731660818312e-08 9.925701325825672010e-09 1.073170452622723521e-08 -5.419965072630348331e-09 7.629632129368672786e-08 -1.711535594317854328e-09 1.647971167396741025e-08 7.243364200885034650e-09 -3.341910951614373541e-10 4.296620211989856480e-09 -1.064347701708374425e-08 -2.203065964968918729e-08 -9.205665573482463084e-09 -2.229364785972330500e-08
-8.921366787690136754e-09 4.453511346394698016e-09 6.164470141534366390e-09 6.900894171699446606e-09 7.119985464104675235e-08 -4.249332070261350367e-08 7.304251664775114566e-09 2.519534270440986860e-08 -2.018160741203692738e-07 3.552657867837230240e-09 7.243364200885034650e-09 3.509081759221102361e-08 1.669330002216765856e-08 -1.265702878718453348e-08 9.608395723178020459e-09 1.760626988564214036e-08 4.980759361810560838e-08 -2.170353998121574334e-08
-4.278761420761860988e-09 8.889263600178286249e-09 -1.770802033457523011e-08 7.099504823117835661e-08 -8.266605791740956857e-08 6.753250905786336729e-08 -3.422057703480566906e-08 1.147109637277342614e-08 1.145663211730099550e-07 6.354962383003554220e-10 -3.341910951614373024e-10 1.669330002216765856e-08 1.111013202815136825e-07 1.357133768322879199e-08 -1.015408180876154079e-08 2.640482651712916661e-08 -3.710294781198565981e-08 1.202760941149112670e-08
-1.958706172737120806e-08 1.213972316592807418e-08 2.152673786091595987e-08 -1.923276102777958121e-08 1.465051671713435132e-07 -1.272008512547145507e-07 -4.924845497881583978e-08 1.657669095029226018e-07 -4.889871192527505730e-07 6.234841581749467512e-09 4.296620211989856480e-09 -1.265702878718453348e-08 1.357133768322879199e-08 1.234518991771321290e-07 3.301275047685608940e-08 2.678261026320298182e-08 1.300304156789894492e-07 -1.280325821821018777e-07
1.241466544576367297e-08 -1.521504946142134690e-08 9.178893731555689540e-09 1.391748015318812432e-08 -3.957578621976211030e-08 1.279446870644301448e-07 -2.669303720966638613e-09 -1.189852243591775268e-07 4.010706664342274812e-07 -5.088908115097359506e-09 -1.064347701708374425e-08 9.608395723178020459e-09 -1.015408180876154079e-08 3.301275047685608940e-08 1.250684861235401869e-07 -1.298207708915220271e-08 -6.960011793492275555e-08 3.653918861641165814e-08
3.092653166908932678e-08 -2.575749300864511467e-08 3.235785714543438746e-08 -1.183994244365119738e-07 -7.323703665051159653e-08 3.163970439376404666e-08 7.789653734077174469e-08 -1.230529208733846033e-07 3.918065375307373952e-07 -1.011685839055548674e-08 -2.203065964968918729e-08 1.760626988564214036e-08 2.640482651712916330e-08 2.678261026320298182e-08 -1.298207708915220436e-08 2.382736860026192170e-07 -7.169579362693973329e-08 -5.062007684166045919e-09
6.729917360139820165e-08 -6.177872052547779029e-08 -5.154189484042610865e-08 -1.942147943352540486e-08 -3.487302419110264988e-07 3.446196710467848549e-07 5.843964142577637795e-08 -4.619840833795213171e-07 1.452202385899989569e-06 -2.378327194342128216e-08 -9.205665573482463084e-09 4.980759361810560838e-08 -3.710294781198565981e-08 1.300304156789894492e-07 -6.960011793492275555e-08 -7.169579362693974653e-08 8.883854209526136838e-07 4.246663165491210113e-07
-7.320616688317820604e-08 5.479341063137951498e-08 1.060441849529812566e-07 3.971781698006029180e-08 2.862586938111266323e-07 -3.428573102737855832e-07 2.106950811455423272e-08 5.520192744602943292e-07 -1.156092798494182695e-06 2.220529890638343581e-08 -2.229364785972331162e-08 -2.170353998121574334e-08 1.202760941149113828e-08 -1.280325821821018777e-07 3.653918861641165152e-08 -5.062007684166050882e-09 4.246663165491210113e-07 1.369360534697547043e-06
