# alpha=-0.1639755002900038, beta=0.30683264314714753
1.728734003974846736e-08 2.655074733459198631e-08 -6.991241310388210613e-08 7.728153579402784633e-08 -4.674484187284582464e-08 -9.237977278640069850e-09 1.036866005601553277e-07 3.929661736941932291e-08 -1.262903646686165459e-07 8.543693158193283591e-10 2.020493866752512482e-09 2.418439970453718333e-09 -1.130989397004946687e-08 1.796035969399115542e-08 -1.997895420209944897e-08 -3.358730908761941491e-08 6.494589571614754446e-08 8.661817071832913283e-08
2.655074733459198631e-08 1.061407871431699215e-07 3.243710369409784152e-07 -2.848353227350199067e-07 1.778738395330113574e-07 9.289584437346731184e-08 -7.092649612576618998e-07 -1.926954907675371548e-07 4.726585442548234674e-07 7.221298870906260324e-09 -3.958663386022260800e-08 -2.361813524777134487e-08 5.727479289941377065e-08 -7.050406130308972662e-08 9.562367729796864413e-08 1.725761491415398217e-07 -2.890049656914887583e-07 -1.305981963113040225e-07
-6.991241310388211936e-08 3.243710369409784152e-07 1.476939078262879514e-06 1.009545255299983895e-06 -8.793853010923082106e-07 -2.075829200163300948e-07 3.186867819205635225e-06 2.618565451105974136e-07 -1.373348074203323219e-06 -5.263959693413324973e-08 2.022022658105027536e-07 1.321294526907957646e-07 -2.362256282086311907e-07 3.128170723448941717e-07 -5.053703127073713476e-07 -6.498251309199069030e-07 1.273597065139898519e-06 4.493073339786223261e-07
7.728153579402784633e-08 -2.848353227350198537e-07 1.009545255299983895e-06 1.178688046144622916e-06 8.024318975002263369e-07 1.214065430858510572e-06 -3.090171260432106666e-06 -6.492351270024746206e-07 -1.055583067230477547e-07 2.052041408080714904e-08 -1.346572746850327881e-07 -6.091676427085868322e-08 1.101184704797659776e-07 -2.406920893487876544e-07 1.923848069305403336e-07 5.094864115822579610e-07 -1.079984462920104785e-06 2.490727100797992683e-07
-4.674484187284582464e-08 1.778738395330113839e-07 -8.793853010923082106e-07 8.024318975002263369e-07 8.754506184913518874e-07 -6.264249572349981232e-07 2.631078839250847216e-06 4.953141978911799710e-07 2.461082145166636856e-07 -4.126871468122893978e-08 1.239632864929348618e-07 -2.741187402307333589e-09 -1.286624778606639316e-07 2.654446264585850923e-07 -1.517170084244218828e-07 -3.658515696000201777e-07 6.690491243842383623e-07 -6.495659368628243552e-08
-9.237977278640073158e-09 9.289584437346733831e-08 -2.075829200163301212e-07 1.214065430858510572e-06 -6.264249572349981232e-07 2.363034680615935771e-06 3.168602569383225167e-06 1.071364029820534670e-06 1.788195025033748907e-06 -7.691122865996463179e-09 9.014661804557457843e-08 -1.292577629677869654e-08 8.564523439389063480e-08 1.693567698612151986e-07 1.865604339262572954e-07 -3.674634037216650755e-07 7.225713005567784154e-07 -1.248559623305288211e-06
1.036866005601553277e-07 -7.092649612576617939e-07 3.186867819205634802e-06 -3.090171260432106666e-06 2.631078839250847216e-06 3.168602569383224743e-06 9.729216238105617163e-06 -1.452839871700520163e-06 -2.121966387816980283e-07 1.218867979795895963e-07 -5.134981071196781862e-07 -6.501495144799226928e-08 3.831249407054759858e-07 -8.183153207501234331e-07 7.736512291269720459e-07 1.719534458511264922e-06 -3.259587510814102742e-06 5.330971149201000630e-07
3.929661736941932291e-08 -1.926954907675371548e-07 2.618565451105973606e-07 -6.492351270024746206e-07 4.953141978911799710e-07 1.071364029820534881e-06 -1.452839871700520163e-06 1.905697343964810359e-06 5.980156450673604363e-07 1.045752605396056265e-08 -2.287717323482508061e-08 -3.363100060867375176e-08 6.128956954799704418e-08 -1.895117949788497005e-07 -1.547703863105345070e-07 2.500866132449044165e-07 -1.165013425845140792e-07 3.636761351134768917e-07
-1.262903646686165459e-07 4.726585442548234674e-07 -1.373348074203323219e-06 -1.055583067230477547e-07 2.461082145166636856e-07 1.788195025033748907e-06 -2.121966387816980283e-07 5.980156450673605422e-07 7.046464794327056554e-06 -1.628072757130120475e-08 7.904682610614389278e-08 2.615783971424715760e-07 -3.121833295673774354e-07 1.284147215199456384e-07 -5.104142020754767487e-07 -7.222244786197293357e-07 5.377817089429973239e-07 2.189471338451752701e-06
8.543693158193283591e-10 7.221298870906260324e-09 -5.263959693413324973e-08 2.052041408080714573e-08 -4.126871468122893978e-08 -7.691122865996456562e-09 1.218867979795895963e-07 1.045752605396056099e-08 -1.628072757130120475e-08 3.317634361090806623e-09 8.459840946911027086e-09 1.474933342993071551e-09 -8.913115793147535545e-09 1.107563466743920522e-08 -1.368793484933579692e-08 -1.840642936897168833e-08 2.970959280465118224e-08 5.796204451061329878e-09
2.020493866752513309e-09 -3.958663386022260800e-08 2.022022658105027536e-07 -1.346572746850327881e-07 1.239632864929348618e-07 9.014661804557457843e-08 -5.134981071196781862e-07 -2.287717323482507399e-08 7.904682610614389278e-08 8.459840946911027086e-09 2.919944911140909523e-08 -1.063380679746456975e-08 2.697756679228213289e-08 -3.660762123424994695e-08 6.429300114371357451e-08 8.933111395981912365e-08 -1.834796908341019699e-07 -8.198097757326046439e-09
2.418439970453719987e-09 -2.361813524777134487e-08 1.321294526907957646e-07 -6.091676427085869646e-08 -2.741187402307333589e-09 -1.292577629677870482e-08 -6.501495144799226928e-08 -3.363100060867375176e-08 2.615783971424715760e-07 1.474933342993071551e-09 -1.063380679746456809e-08 3.334440737101473586e-08 2.127936155366359958e-08 -1.419647514657273127e-08 3.908410384771231816e-08 4.621394373042238906e-08 -1.104219450636723071e-07 -1.000148736702125151e-08
-1.130989397004946852e-08 5.727479289941377065e-08 -2.362256282086311907e-07 1.101184704797659908e-07 -1.286624778606639316e-07 8.564523439389063480e-08 3.831249407054760387e-07 6.128956954799704418e-08 -3.121833295673774354e-07 -8.913115793147535545e-09 2.697756679228213289e-08 2.127936155366359958e-08 5.251355209762076461e-08 5.214640641241858138e-08 -7.512593046107325743e-08 -9.836153691614228792e-08 1.748486942392766511e-07 1.177800136333959325e-07
1.796035969399115542e-08 -7.050406130308972662e-08 3.128170723448941717e-07 -2.406920893487876544e-07 2.654446264585850923e-07 1.693567698612151721e-07 -8.183153207501234331e-07 -1.895117949788497005e-07 1.284147215199456648e-07 1.107563466743920522e-08 -3.660762123424994695e-08 -1.419647514657273127e-08 5.214640641241858138e-08 1.273419285635025449e-07 6.144770673550381566e-08 1.680503865418352734e-07 -2.173842868462081900e-07 -1.327125314012944796e-08
-1.997895420209944897e-08 9.562367729796864413e-08 -5.053703127073713476e-07 1.923848069305403601e-07 -1.517170084244218564e-07 1.865604339262573748e-07 7.736512291269720459e-07 -1.547703863105345335e-07 -5.104142020754767487e-07 -1.368793484933579692e-08 6.429300114371357451e-08 3.908410384771231816e-08 -7.512593046107325743e-08 6.144770673550381566e-08 2.383777834113358214e-07 -1.803326356994033932e-07 4.634820853881628649e-07 3.260076241417911474e-07
-3.358730908761941491e-08 1.725761491415398217e-07 -6.498251309199069030e-07 5.094864115822579610e-07 -3.658515696000200718e-07 -3.674634037216650226e-07 1.719534458511264922e-06 2.500866132449044165e-07 -7.222244786197292298e-07 -1.840642936897168833e-08 8.933111395981909718e-08 4.621394373042238244e-08 -9.836153691614228792e-08 1.680503865418352734e-07 -1.803326356994033667e-07 3.723517389654184811e-07 6.515955125192348596e-07 1.273788344456509255e-07
6.494589571614754446e-08 -2.890049656914887583e-07 1.273597065139898519e-06 -1.079984462920104785e-06 6.690491243842381505e-07 7.225713005567783095e-07 -3.259587510814102742e-06 -1.165013425845140792e-07 5.377817089429973239e-07 2.970959280465118224e-08 -1.834796908341019699e-07 -1.104219450636723071e-07 1.748486942392766246e-07 -2.173842868462081371e-07 4.634820853881628120e-07 6.515955125192348596e-07 1.504939542302855632e-06 -8.910885300075512013e-08
8.661817071832913283e-08 -1.305981963113040225e-07 4.493073339786223261e-07 2.490727100797992683e-07 -6.495659368628242229e-08 -1.248559623305288211e-06 5.330971149201000630e-07 3.636761351134769446e-07 2.189471338451752701e-06 5.796204451061329051e-09 -8.198097757326043130e-09 -1.000148736702123828e-08 1.177800136333959325e-07 -1.327125314012943968e-08 3.260076241417911474e-07 1.273788344456509255e-07 -8.910885300075510689e-08 1.261434335536073854e-06
