# alpha=0.06790405835892403, beta=0.07495308449821787
5.489061739884597595e-08 2.053513012038994423e-08 -6.627010094476942141e-08 2.233821169619634650e-07 -9.606110060868909361e-08 2.696892220702354013e-07 5.976696337220861343e-07 -4.230947622903364523e-07 -6.495340802143210909e-07 -8.384217303496708956e-10 -1.214336064247274238e-08 -2.158358950341002866e-08 -6.111198337821440150e-09 -8.193674668375444880e-08 -7.237839520289585501e-08 -1.017779409546320130e-07 1.364915761712116955e-07 -1.446462358067526552e-07
2.053513012038994423e-08 6.185310001009611342e-08 -6.989026044903260264e-08 2.283253725040671637e-07 -1.160216840681219201e-07 2.648870873148640166e-07 6.006539875060354612e-07 -4.123100560658095983e-07 -6.213150897483270139e-07 -4.890872815886442018e-10 -2.120420071625322084e-08 -2.027137855641185816e-08 2.121328652697105662e-09 -8.136105663806909968e-08 -6.003205710835359228e-08 -1.119468988398580790e-07 1.267193164025495953e-07 -1.506533153277983594e-07
-6.627010094476942141e-08 -6.989026044903260264e-08 5.463411546744546011e-07 -7.107676750005885700e-07 3.334963154076298298e-07 -8.731530253922637321e-07 -1.895514633524924034e-06 1.379584418520635903e-06 2.024890157475971592e-06 2.268921427264033969e-09 6.626003485725491769e-08 5.094755420530835631e-08 -6.831063874905711935e-10 2.451959079927088772e-07 1.744666469641875924e-07 3.407640588756075427e-07 -4.232335655634119325e-07 4.846698445188233253e-07
2.233821169619634650e-07 2.283253725040671637e-07 -7.107676750005885700e-07 5.080932578849462387e-06 -1.143826061426609994e-06 2.740786652264401280e-06 6.070427519475525907e-06 -4.247632537828781475e-06 -6.807476983349045849e-06 -7.360045667781001545e-09 -1.800533356735527930e-07 -1.989718544475995688e-07 -3.098569500497496435e-08 -8.251081057585818654e-07 -6.577631377741552705e-07 -1.027650255879638838e-06 1.322874921726836269e-06 -1.572487316991085854e-06
-9.606110060868909361e-08 -1.160216840681219201e-07 3.334963154076298298e-07 -1.143826061426609994e-06 1.413821845262989396e-06 -1.306508084160731280e-06 -2.826049396448449481e-06 1.944395783679876947e-06 3.096496736718820891e-06 1.267010651283184348e-09 9.414662234190933034e-08 8.879028559645074802e-08 1.401898410415802847e-09 3.801003841532828265e-07 3.038878507033310413e-07 4.901254086868957843e-07 -6.446964926429300116e-07 7.845062279928446929e-07
2.696892220702354013e-07 2.648870873148640166e-07 -8.731530253922637321e-07 2.740786652264401280e-06 -1.306508084160731280e-06 7.457474929671949722e-06 7.233902107007450096e-06 -5.187049288790787968e-06 -8.171600396522190720e-06 -6.271823361342354939e-09 -2.108138797751104620e-07 -2.138543096200163777e-07 -2.720803406951996653e-08 -9.773597699862644320e-07 -7.924558898603846283e-07 -1.273046172367920955e-06 1.642948093565269603e-06 -1.781896147129608469e-06
5.976696337220861343e-07 6.006539875060354612e-07 -1.895514633524924034e-06 6.070427519475525907e-06 -2.826049396448449904e-06 7.233902107007450096e-06 3.419811664877157485e-05 -1.129723134339258357e-05 -1.728541261655332909e-05 -1.775139196511621910e-08 -4.755426095513783434e-07 -5.056851120181967831e-07 -6.750865008926313791e-08 -2.151047773920376051e-06 -1.671088420792996166e-06 -2.858333402314544049e-06 3.475551741203485245e-06 -4.082007307690841323e-06
-4.230947622903364523e-07 -4.123100560658095454e-07 1.379584418520635903e-06 -4.247632537828781475e-06 1.944395783679876947e-06 -5.187049288790787968e-06 -1.129723134339258357e-05 1.857950939612192906e-05 1.225752700444175910e-05 8.519470044645501245e-09 3.657602754489488025e-07 3.629499449488473791e-07 2.682986651908547358e-08 1.490367458184669132e-06 1.115057881046935283e-06 1.971613061907078845e-06 -2.299936611908772042e-06 2.830656515430071848e-06
-6.495340802143210909e-07 -6.213150897483270139e-07 2.024890157475971592e-06 -6.807476983349045002e-06 3.096496736718820467e-06 -8.171600396522190720e-06 -1.728541261655332909e-05 1.225752700444175910e-05 4.378794822057865445e-05 2.096662461390863621e-08 4.892619388340977126e-07 5.707290969044942651e-07 1.115682348495856121e-07 2.360793795134054353e-06 1.972018426280524243e-06 2.913740755359351904e-06 -3.850055122673313517e-06 4.181298125008080662e-06
-8.384217303496708956e-10 -4.890872815886440984e-10 2.268921427264033969e-09 -7.360045667781000718e-09 1.267010651283184348e-09 -6.271823361342354939e-09 -1.775139196511621910e-08 8.519470044645501245e-09 2.096662461390863621e-08 1.397018685253358013e-09 -4.808263859959276378e-10 8.899215495818164029e-10 6.006908937206531791e-10 3.163584669572764386e-09 2.816518960613596818e-09 3.207585815616238135e-09 -9.736426704037343081e-10 2.840719018516666500e-09
-1.214336064247274073e-08 -2.120420071625321753e-08 6.626003485725491769e-08 -1.800533356735527930e-07 9.414662234190933034e-08 -2.108138797751104620e-07 -4.755426095513782904e-07 3.657602754489488025e-07 4.892619388340977126e-07 -4.808263859959275344e-10 6.039200906826373050e-08 1.096308854406834365e-08 -8.676087791845790102e-09 5.738386449497310862e-08 2.235005922669980261e-08 9.161399701282197913e-08 -8.818477999754889961e-08 1.319272484337727857e-07
-2.158358950341002866e-08 -2.027137855641185816e-08 5.094755420530835631e-08 -1.989718544475995688e-07 8.879028559645074802e-08 -2.138543096200164041e-07 -5.056851120181967831e-07 3.629499449488473791e-07 5.707290969044942651e-07 8.899215495818165063e-10 1.096308854406834365e-08 5.432857663044332729e-08 5.312798865599305079e-09 7.083095706817164380e-08 6.254713791068054296e-08 8.898033958677690489e-08 -1.005326180141500907e-07 1.139081993252527742e-07
-6.111198337821440150e-09 2.121328652697105662e-09 -6.831063874905720206e-10 -3.098569500497496435e-08 1.401898410415801192e-09 -2.720803406951996322e-08 -6.750865008926312468e-08 2.682986651908547358e-08 1.115682348495856121e-07 6.006908937206530757e-10 -8.676087791845790102e-09 5.312798865599304251e-09 3.446597523150734701e-08 8.412355229720679038e-09 2.578986941520640800e-08 1.040530318675578092e-10 -1.341645403050301131e-08 8.287249482912612597e-09
-8.193674668375444880e-08 -8.136105663806909968e-08 2.451959079927088772e-07 -8.251081057585818654e-07 3.801003841532828265e-07 -9.773597699862646437e-07 -2.151047773920376051e-06 1.490367458184669132e-06 2.360793795134054353e-06 3.163584669572764386e-09 5.738386449497310862e-08 7.083095706817164380e-08 8.412355229720680693e-09 6.454028732900043230e-07 2.372426495544838340e-07 3.713023543370533741e-07 -4.672447545174430906e-07 5.413810985351890398e-07
-7.237839520289585501e-08 -6.003205710835359228e-08 1.744666469641875659e-07 -6.577631377741552705e-07 3.038878507033310413e-07 -7.924558898603846283e-07 -1.671088420792996166e-06 1.115057881046935072e-06 1.972018426280524243e-06 2.816518960613596818e-09 2.235005922669979931e-08 6.254713791068052973e-08 2.578986941520641131e-08 2.372426495544838340e-07 5.723578296837786070e-07 2.639095182462263738e-07 -4.234087662280682546e-07 3.877240250870877152e-07
-1.017779409546320130e-07 -1.119468988398580790e-07 3.407640588756075427e-07 -1.027650255879638838e-06 4.901254086868957843e-07 -1.273046172367920955e-06 -2.858333402314544049e-06 1.971613061907078845e-06 2.913740755359352328e-06 3.207585815616238549e-09 9.161399701282199237e-08 8.898033958677690489e-08 1.040530318675557542e-10 3.713023543370533741e-07 2.639095182462264267e-07 1.208356551278105042e-06 -6.227277605037600264e-07 6.836490751850889183e-07
1.364915761712116955e-07 1.267193164025495953e-07 -4.232335655634119325e-07 1.322874921726836269e-06 -6.446964926429300116e-07 1.642948093565269603e-06 3.475551741203485245e-06 -2.299936611908772042e-06 -3.850055122673313517e-06 -9.736426704037343081e-10 -8.818477999754889961e-08 -1.005326180141500907e-07 -1.341645403050301297e-08 -4.672447545174430906e-07 -4.234087662280682546e-07 -6.227277605037599205e-07 2.109485255509335593e-06 -8.699216252167562760e-07
-1.446462358067526552e-07 -1.506533153277983594e-07 4.846698445188233253e-07 -1.572487316991085643e-06 7.845062279928446929e-07 -1.781896147129608469e-06 -4.082007307690841323e-06 2.830656515430071848e-06 4.181298125008080662e-06 2.840719018516666914e-09 1.319272484337727857e-07 1.139081993252527742e-07 8.287249482912614252e-09 5.413810985351890398e-07 3.877240250870877152e-07 6.836490751850889183e-07 -8.699216252167561701e-07 2.537118313864043558e-06
