# lambda=0.027697899178594575
5.152567102048730850e+07 4.651268023981738836e+06 -1.008706157192289684e+05 5.188588230645363219e+05 2.247001095222348813e+05 1.970228553222573828e+05 1.540265447363702115e+05 1.184803040799788578e+05 4.965933765636966564e+04 1.990220066751278937e+07 5.267187225083201192e+06 -4.329298136387398117e+05 2.826866729540083543e+04 2.377937374653792940e+05 4.021138789310064021e+04 1.862262527303116221e+05 3.426338908186792978e+05 -1.190403508796825190e+05
4.651268023981738836e+06 1.677729699652841687e+07 1.812078989693041192e+06 3.207957551195910200e+05 2.700479617717124638e+05 1.211266698200676328e+05 6.199739058309844404e+04 1.364190545323353144e+05 5.914592879886548326e+04 4.111725673201913014e+06 9.922051957532064989e+06 1.607570575499783270e+06 5.293438013445478864e+05 2.844840485051637515e+05 4.516392024331158609e+04 1.428801562469290220e+05 3.660671877221742761e+04 3.055289717012408801e+04
-1.008706157192289684e+05 1.812078989693041192e+06 5.243490689071401022e+06 7.427836199369096430e+05 1.817094893752694770e+05 1.077010333401546086e+05 4.173979174288474314e+04 6.134294911598785984e+04 4.141738089764650067e+04 7.491073939886271255e+05 1.122855339917475358e+06 3.216423042457826436e+06 6.011960342211907264e+05 2.250672484313639870e+05 1.625094925201086444e+05 -5.769971647003033286e+04 -6.189387597217696566e+03 5.450597296978373925e+04
5.188588230645363219e+05 3.207957551195910200e+05 7.427836199369096430e+05 2.160714131058183964e+06 2.865713962515465682e+05 8.001116137987056572e+04 4.354951638355918112e+04 3.576415688612454687e+04 4.802568473547962640e+04 -4.729745695110596134e+05 6.197818923402065411e+05 6.489266835099341115e+05 1.136920021306592971e+06 3.621936194276121678e+05 9.848427684423563187e+04 5.225447593668664194e+04 -2.935964461534756265e+04 5.927115130717225838e+04
2.247001095222348813e+05 2.700479617717124638e+05 1.817094893752694770e+05 2.865713962515465682e+05 1.060530061339652166e+06 1.506204784423277597e+05 3.822809221618837910e+04 3.835223291565474210e+04 4.011077895312034525e+04 4.968216288889044081e+05 8.903673573999994551e+04 1.173787232433295003e+03 1.177188341046629212e+05 6.055448494292646646e+05 1.735605915181075688e+05 3.233924121985238526e+04 3.136793547392383698e+04 1.416798647508914291e+04
1.970228553222573828e+05 1.211266698200676328e+05 1.077010333401546086e+05 8.001116137987056572e+04 1.506204784423277597e+05 5.724541887256626505e+05 7.876831416779469873e+04 3.209497974737254845e+04 2.619631360522471005e+04 -1.080360613457589643e+05 1.208841233972156033e+02 4.339252262816972507e+04 4.907608672742539056e+04 1.117356926458803791e+05 3.057040959163790103e+05 6.859927062805547030e+04 4.765874128206845489e+04 -2.943889097389775316e+02
1.540265447363702115e+05 6.199739058309844404e+04 4.173979174288474314e+04 4.354951638355918112e+04 3.822809221618837910e+04 7.876831416779469873e+04 3.346034081714744098e+05 5.541473985041437845e+04 2.149523190561056617e+04 -2.025492499848729349e+05 -1.110055035641310387e+05 -4.659155454208755691e+04 7.201893801154305402e+04 3.197592442371921061e+04 8.324141285263780446e+04 1.535918202099179907e+05 4.693574761233463505e+04 2.680880644654131174e+04
1.184803040799788578e+05 1.364190545323353144e+05 6.134294911598785984e+04 3.576415688612454687e+04 3.835223291565474210e+04 3.209497974737254845e+04 5.541473985041437845e+04 2.016621767223976203e+05 4.097290083597173361e+04 -8.216301020799174148e+04 -1.357602319767205699e+04 -4.604236001849786408e+04 4.811722744295743723e+03 3.692425248541315523e+04 4.429607394152472989e+04 4.689587476606469136e+04 1.086205518949463294e+05 3.268001095153544520e+04
4.965933765636966564e+04 5.914592879886548326e+04 4.141738089764650067e+04 4.802568473547962640e+04 4.011077895312034525e+04 2.619631360522471005e+04 2.149523190561056617e+04 4.097290083597173361e+04 1.208164304236003809e+05 3.073697026436075612e+04 5.825023264571188338e+04 -3.380877394257347532e+02 3.029831672204888673e+04 5.629192737828670033e+03 2.602070074847172873e+04 2.944218733118883029e+04 3.646332786397160817e+04 5.926085355080292356e+04
1.990220066751278937e+07 4.111725673201913014e+06 7.491073939886271255e+05 -4.729745695110596134e+05 4.968216288889044081e+05 -1.080360613457589643e+05 -2.025492499848729349e+05 -8.216301020799174148e+04 3.073697026436075612e+04 2.437176524087650478e+08 2.316161960732050240e+07 2.227375710424427874e+06 -1.413460237474392925e+05 -7.390966934937548358e+05 2.593508026559904974e+05 3.039589264894854859e+05 -1.526735429670175363e+05 3.454788464426596765e+05
5.267187225083201192e+06 9.922051957532064989e+06 1.122855339917475358e+06 6.197818923402065411e+05 8.903673573999994551e+04 1.208841233972156033e+02 -1.110055035641310387e+05 -1.357602319767205699e+04 5.825023264571188338e+04 2.316161960732050240e+07 8.005637070939750969e+07 8.384834557260206901e+06 1.036392299785612617e+06 5.321401031813040609e+05 -7.476594244304712629e+04 3.683957613061380107e+05 2.565287765523218332e+04 4.188794917633747682e+05
-4.329298136387398117e+05 1.607570575499783270e+06 3.216423042457826436e+06 6.489266835099341115e+05 1.173787232433295003e+03 4.339252262816972507e+04 -4.659155454208755691e+04 -4.604236001849786408e+04 -3.380877394257347532e+02 2.227375710424427874e+06 8.384834557260206901e+06 2.964360863602913544e+07 3.134466927710125688e+06 4.282431627905818168e+05 1.918475875932662748e+05 1.336131567788748071e+05 7.034379057290998753e+04 2.306863968611307500e+05
2.826866729540083543e+04 5.293438013445478864e+05 6.011960342211907264e+05 1.136920021306592971e+06 1.177188341046629212e+05 4.907608672742539056e+04 7.201893801154305402e+04 4.811722744295743723e+03 3.029831672204888673e+04 -1.413460237474392925e+05 1.036392299785612617e+06 3.134466927710125688e+06 1.183830008798691072e+07 1.755980881619081134e+06 1.735471394647317939e+05 2.357283127118115081e+05 2.310364013453897787e+05 4.285289173079972388e+05
2.377937374653792940e+05 2.844840485051637515e+05 2.250672484313639870e+05 3.621936194276121678e+05 6.055448494292646646e+05 1.117356926458803791e+05 3.197592442371921061e+04 3.692425248541315523e+04 5.629192737828670033e+03 -7.390966934937548358e+05 5.321401031813040609e+05 4.282431627905818168e+05 1.755980881619081134e+06 5.617357542643701658e+06 8.357883659362107283e+05 2.971361082281864365e+05 1.655520318686091632e+05 1.083206662359414477e+05
4.021138789310064021e+04 4.516392024331158609e+04 1.625094925201086444e+05 9.848427684423563187e+04 1.735605915181075688e+05 3.057040959163790103e+05 8.324141285263780446e+04 4.429607394152472989e+04 2.602070074847172873e+04 2.593508026559904974e+05 -7.476594244304712629e+04 1.918475875932662748e+05 1.735471394647317939e+05 8.357883659362107283e+05 3.154212317058088258e+06 5.017827020284314058e+05 1.312623032886953733e+05 6.942805549596669152e+04
1.862262527303116221e+05 1.428801562469290220e+05 -5.769971647003033286e+04 5.225447593668664194e+04 3.233924121985238526e+04 6.859927062805547030e+04 1.535918202099179907e+05 4.689587476606469136e+04 2.944218733118883029e+04 3.039589264894854859e+05 3.683957613061380107e+05 1.336131567788748071e+05 2.357283127118115081e+05 2.971361082281864365e+05 5.017827020284314058e+05 1.873740030213884311e+06 3.099247069444194203e+05 6.621188994517234096e+04
3.426338908186792978e+05 3.660671877221742761e+04 -6.189387597217696566e+03 -2.935964461534756265e+04 3.136793547392383698e+04 4.765874128206845489e+04 4.693574761233463505e+04 1.086205518949463294e+05 3.646332786397160817e+04 -1.526735429670175363e+05 2.565287765523218332e+04 7.034379057290998753e+04 2.310364013453897787e+05 1.655520318686091632e+05 1.312623032886953733e+05 3.099247069444194203e+05 1.085046326472424669e+06 2.019557251830311434e+05
-1.190403508796825190e+05 3.055289717012408801e+04 5.450597296978373925e+04 5.927115130717225838e+04 1.416798647508914291e+04 -2.943889097389775316e+02 2.680880644654131174e+04 3.268001095153544520e+04 5.926085355080292356e+04 3.454788464426596765e+05 4.188794917633747682e+05 2.306863968611307500e+05 4.285289173079972388e+05 1.083206662359414477e+05 6.942805549596669152e+04 6.621188994517234096e+04 2.019557251830311434e+05 6.843712701487907907e+05
