# lambda=0.20103420502190678
2.169252771263894439e+07 2.749660835593626834e+06 5.042558275795033551e+05 1.132605800322289113e+06 -5.090975683906122576e+05 -9.618676842989370925e+05 4.291345628083571792e+05 -3.214509666360681294e+05 -2.874069864385781111e+05 6.875827731333629228e+06 -3.828149221491971519e+06 4.541325439213327132e+06 2.741755994525269140e+06 -1.236975334991724929e+06 1.201383363902001147e+05 2.427699699633166660e+06 9.851384079082226381e+05 -1.044182747525887331e+06
2.749660835593626834e+06 1.471381290578312986e+07 1.787967869862633757e+06 5.838365461082191905e+05 5.673531085456756409e+05 5.549078970899661072e+05 5.227840315356895444e+05 1.471217322896147380e+05 -4.135212727565926616e+05 -4.275032144579609856e+06 1.612041564120761305e+07 -1.741897006224569865e+06 -3.681436326136699412e+06 -2.665184318660554942e+06 -2.070845127246714837e+05 -1.007800392165872268e+06 -4.409819770166232047e+03 -5.539779250593784964e+05
5.042558275795033551e+05 1.787967869862633757e+06 3.896935191974584013e+06 7.703265199035146507e+05 -8.440665773624701251e+04 1.159102380156637373e+05 1.213194904701660271e+05 -9.887635284094051167e+04 -9.047815484506489884e+04 -3.339048682441877667e+06 3.625547774521519430e+06 7.412416528405793943e+05 1.766642427755638200e+05 -1.478147900336233899e+06 -3.183827221285380074e+05 -2.480575836417097307e+05 -1.555733839082247578e+05 2.162453274595979310e+05
1.132605800322289113e+06 5.838365461082191905e+05 7.703265199035146507e+05 1.363624880696689477e+06 6.729960224077558087e+04 2.353401336879019218e+05 1.204138087496740773e+05 1.533371041176260333e+05 -4.380251905810079188e+04 -1.894984582081817091e+06 -1.861428807286402443e+06 8.591733440545620397e+05 1.548871673685655696e+06 -4.427181718504197197e+05 -2.536619062113803520e+05 -2.017524901546786132e+05 3.256751896641990970e+04 2.046999879774125293e+05
-5.090975683906122576e+05 5.673531085456756409e+05 -8.440665773624701251e+04 6.729960224077558087e+04 1.345385526690524770e+06 3.288952092529474176e+05 -7.243372399157145992e+04 -2.161627007055470604e+05 -4.832634829273662035e+03 -3.263332111863815691e+06 1.683007961529193562e+05 -7.959196553166741505e+05 -1.097739757221578911e+05 1.036084697940021288e+06 9.928451169634071412e+05 8.112782248283700028e+04 -2.661710196419272688e+05 -2.970131877833891776e+05
-9.618676842989370925e+05 5.549078970899661072e+05 1.159102380156637373e+05 2.353401336879019218e+05 3.288952092529474176e+05 5.534931360107559012e+05 7.095841561159896082e+04 7.404187494637306372e+04 3.014986321944178053e+04 -9.241007372819373850e+05 1.173921618488882901e+06 -9.607799299991651205e+05 5.614689763387685525e+04 4.334421261581158033e+05 3.706830785239007673e+05 -1.886550164422222879e+05 -1.857996205613452184e+05 2.269232767322527361e+05
4.291345628083571792e+05 5.227840315356895444e+05 1.213194904701660271e+05 1.204138087496740773e+05 -7.243372399157145992e+04 7.095841561159896082e+04 1.679684441371255671e+05 2.152378239949440103e+04 1.544793869996785543e+04 -1.347928370198013494e+06 1.562180391584331519e+05 -4.814587329589705914e+05 2.153074316105341713e+05 -1.464329987845825381e+05 5.969294733046726469e+04 -3.189609407586795351e+04 1.697186212272500416e+04 7.744675420427965582e+04
-3.214509666360681294e+05 1.471217322896147380e+05 -9.887635284094051167e+04 1.533371041176260333e+05 -2.161627007055470604e+05 7.404187494637306372e+04 2.152378239949440103e+04 2.089288968069933180e+05 2.397282317403761772e+04 5.689455353487349203e+04 4.973909891042472445e+05 5.232105780763419461e+05 1.979320489525340963e+05 -1.961984201149048167e+05 -1.382946967598662595e+05 -1.291456154506976018e+05 1.763161457239967131e+05 1.775006171258491813e+05
-2.874069864385781111e+05 -4.135212727565926616e+05 -9.047815484506489884e+04 -4.380251905810079188e+04 -4.832634829273662035e+03 3.014986321944178053e+04 1.544793869996785543e+04 2.397282317403761772e+04 7.143949725250783376e+04 -3.299477044690162875e+05 -6.240289082902568625e+05 -4.164195702629719744e+04 1.626733143145086360e+05 6.990139731824382034e+04 2.281862585997542919e+04 9.421143653519183863e+04 7.290107741941614950e+04 4.944425425477507815e+04
6.875827731333629228e+06 -4.275032144579609856e+06 -3.339048682441877667e+06 -1.894984582081817091e+06 -3.263332111863815691e+06 -9.241007372819373850e+05 -1.347928370198013494e+06 5.689455353487349203e+04 -3.299477044690162875e+05 1.052267804994609803e+08 -9.172404243897780776e+06 -4.723719481888807379e+06 -8.506731548908273689e+05 -1.677648143026583828e+06 -2.531281487098378129e+06 -8.505115713117640698e+05 3.134306281247800798e+05 -7.168938088764984859e+05
-3.828149221491971519e+06 1.612041564120761305e+07 3.625547774521519430e+06 -1.861428807286402443e+06 1.683007961529193562e+05 1.173921618488882901e+06 1.562180391584331519e+05 4.973909891042472445e+05 -6.240289082902568625e+05 -9.172404243897780776e+06 5.459812462923987210e+07 2.787780917478828691e+06 -7.709870052707039751e+06 -4.168450369504759088e+06 -1.631290454185757320e+06 -2.037956205138094490e+06 -7.167849128564056009e+05 8.791707097134205978e+05
4.541325439213327132e+06 -1.741897006224569865e+06 7.412416528405793943e+05 8.591733440545620397e+05 -7.959196553166741505e+05 -9.607799299991651205e+05 -4.814587329589705914e+05 5.232105780763419461e+05 -4.164195702629719744e+04 -4.723719481888807379e+06 2.787780917478828691e+06 2.438837632442861423e+07 7.498423775274113752e+06 3.229016118263794109e+06 1.319176206180807494e+05 -1.860069312914815964e+05 1.461835316515705315e+06 -7.188298595225488534e+05
2.741755994525269140e+06 -3.681436326136699412e+06 1.766642427755638200e+05 1.548871673685655696e+06 -1.097739757221578911e+05 5.614689763387685525e+04 2.153074316105341713e+05 1.979320489525340963e+05 1.626733143145086360e+05 -8.506731548908273689e+05 -7.709870052707039751e+06 7.498423775274113752e+06 1.054288909283028729e+07 2.162393632202448789e+06 -1.427634249175373116e+05 -3.527749740499251056e+05 2.935270749561180128e+05 7.397163851002135198e+04
-1.236975334991724929e+06 -2.665184318660554942e+06 -1.478147900336233899e+06 -4.427181718504197197e+05 1.036084697940021288e+06 4.334421261581158033e+05 -1.464329987845825381e+05 -1.961984201149048167e+05 6.990139731824382034e+04 -1.677648143026583828e+06 -4.168450369504759088e+06 3.229016118263794109e+06 2.162393632202448789e+06 6.060357212826252915e+06 2.634976235569217242e+06 1.273750533876436239e+05 -1.540760467637805559e+05 -6.366271224671092350e+05
1.201383363902001147e+05 -2.070845127246714837e+05 -3.183827221285380074e+05 -2.536619062113803520e+05 9.928451169634071412e+05 3.706830785239007673e+05 5.969294733046726469e+04 -1.382946967598662595e+05 2.281862585997542919e+04 -2.531281487098378129e+06 -1.631290454185757320e+06 1.319176206180807494e+05 -1.427634249175373116e+05 2.634976235569217242e+06 2.569842188134208787e+06 1.863754825829205220e+05 -8.439133773883889080e+04 -3.037661796821849421e+05
2.427699699633166660e+06 -1.007800392165872268e+06 -2.480575836417097307e+05 -2.017524901546786132e+05 8.112782248283700028e+04 -1.886550164422222879e+05 -3.189609407586795351e+04 -1.291456154506976018e+05 9.421143653519183863e+04 -8.505115713117640698e+05 -2.037956205138094490e+06 -1.860069312914815964e+05 -3.527749740499251056e+05 1.273750533876436239e+05 1.863754825829205220e+05 1.086660110905764392e+06 2.285812300674248545e+05 -1.221147318746289238e+05
9.851384079082226381e+05 -4.409819770166232047e+03 -1.555733839082247578e+05 3.256751896641990970e+04 -2.661710196419272688e+05 -1.857996205613452184e+05 1.697186212272500416e+04 1.763161457239967131e+05 7.290107741941614950e+04 3.134306281247800798e+05 -7.167849128564056009e+05 1.461835316515705315e+06 2.935270749561180128e+05 -1.540760467637805559e+05 -8.439133773883889080e+04 2.285812300674248545e+05 6.362844553258143133e+05 -1.603507953527816062e+04
-1.044182747525887331e+06 -5.539779250593784964e+05 2.162453274595979310e+05 2.046999879774125293e+05 -2.970131877833891776e+05 2.269232767322527361e+05 7.744675420427965582e+04 1.775006171258491813e+05 4.944425425477507815e+04 -7.168938088764984859e+05 8.791707097134205978e+05 -7.188298595225488534e+05 7.397163851002135198e+04 -6.366271224671092350e+05 -3.037661796821849421e+05 -1.221147318746289238e+05 -1.603507953527816062e+04 6.168947622621130431e+05
