# lambda=0.16432212706686505
3.557324602790234983e+07 -1.847169001065242337e+06 -1.079823335989374435e+06 2.459929361651184037e+06 -3.094737784781389404e+06 -4.065067414558580494e+05 -7.622308422681496013e+05 8.212063712171353109e+04 -3.169654086065152078e+05 2.783764380652032793e+07 5.711104349179094657e+06 -3.900272883535123896e+06 -8.273967843378323130e+06 -5.103535276212640107e+06 -3.432293443585997447e+06 8.172575902136899822e+04 5.616824468853224535e+05 -1.852914400029302342e+05
-1.847169001065242337e+06 1.261193898367223516e+07 4.195764878430738463e+05 4.764213970437289099e+05 -3.870917530551260570e+05 -8.984668429391882091e+04 -2.624083611473436467e+05 7.499477854038303485e+05 -9.495784357138886116e+04 -9.946220746379250661e+06 5.764141856499884278e+06 4.675498915012128651e+06 6.512860067150682444e+05 2.381826906521233032e+05 -1.057924468292981619e+06 -4.795935378383329371e+05 -3.486102996137646551e+04 -2.279298558675642998e+05
-1.079823335989374435e+06 4.195764878430738463e+05 3.319979212645934429e+06 4.372951548008600366e+05 3.506075091121405130e+05 -2.112811848067059764e+05 2.148017335024556960e+05 4.607829102612555289e+04 1.812006707803897734e+05 2.427598823864954989e+06 2.028687133792586610e+04 6.980559079672533087e+06 7.779021020279254299e+05 7.429454854842020723e+04 -5.084377967056880007e+05 -2.022110869476273365e+05 -2.037994402206309360e+03 6.123438029488065513e+05
2.459929361651184037e+06 4.764213970437289099e+05 4.372951548008600366e+05 1.561418247181168059e+06 -6.046085292721974110e+04 -1.335016278832092357e+05 4.397359605826945881e+03 1.366995842265335377e+05 4.003570295916833129e+04 2.418336607883007266e+06 2.771320248657386284e+06 5.535846564986072481e+05 -6.014901785045514116e+05 -1.503067723076787952e+05 -3.998772362831647042e+05 1.678648406413505727e+05 4.390924356140681193e+05 -1.025551719809469068e+05
-3.094737784781389404e+06 -3.870917530551260570e+05 3.506075091121405130e+05 -6.046085292721974110e+04 1.281718375193822198e+06 8.995564745441051491e+04 2.614900785301194264e+04 -1.360639565737234079e+03 -4.444039032587048132e+04 -7.996409571217939956e+05 -9.210852407979186391e+05 1.117027309255034896e+06 9.243182711561800679e+05 7.123159648001607275e+05 8.591549267328107962e+05 -2.842103586913571344e+05 -5.801452888786582480e+04 -4.032681780505604547e+04
-4.065067414558580494e+05 -8.984668429391882091e+04 -2.112811848067059764e+05 -1.335016278832092357e+05 8.995564745441051491e+04 2.871758713707865099e+05 8.743493762549501844e+04 2.228633697923641012e+04 -4.741664954752189260e+03 -2.143845253900508862e+06 -7.248137376703863265e+05 1.611033793098478927e+05 -7.593039803748640697e+05 7.039897033994972298e+04 4.294514790170295164e+05 -1.665185489764280646e+04 4.660293046008229430e+04 -6.679153924960696895e+04
-7.622308422681496013e+05 -2.624083611473436467e+05 2.148017335024556960e+05 4.397359605826945881e+03 2.614900785301194264e+04 8.743493762549501844e+04 2.734380276151762228e+05 3.430425549137243797e+04 4.332469621299910796e+04 -1.506206328529165825e+06 -2.943374377987259650e+05 2.841188032082399004e+05 2.178220682270389807e+04 -3.758282354888533591e+05 2.961662502573454985e+05 3.162015221277088858e+05 2.208235300208140106e+05 -5.905796908924525633e+04
8.212063712171353109e+04 7.499477854038303485e+05 4.607829102612555289e+04 1.366995842265335377e+05 -1.360639565737234079e+03 2.228633697923641012e+04 3.430425549137243797e+04 1.778422202136194683e+05 3.880153274775924365e+04 -1.282718903785802657e+06 1.768379464539234061e+06 2.685016482168700313e+05 -2.617489874252845475e+05 -8.719091160948858305e+04 2.097436795292971365e+05 9.587786625891615404e+04 9.717692067875486100e+04 -2.554021456536426922e+04
-3.169654086065152078e+05 -9.495784357138886116e+04 1.812006707803897734e+05 4.003570295916833129e+04 -4.444039032587048132e+04 -4.741664954752189260e+03 4.332469621299910796e+04 3.880153274775924365e+04 1.150832660993656173e+05 4.328864020551373251e+05 6.683108917313410202e+05 6.365547958962283155e+04 -5.963978589498211659e+04 -1.091576499787658249e+05 -4.811965085682251083e+04 1.270677945221188857e+05 -2.283316793674602013e+04 1.411658895510878938e+04
2.783764380652032793e+07 -9.946220746379250661e+06 2.427598823864954989e+06 2.418336607883007266e+06 -7.996409571217939956e+05 -2.143845253900508862e+06 -1.506206328529165825e+06 -1.282718903785802657e+06 4.328864020551373251e+05 1.764083395187546015e+08 4.410915430739945173e+07 -3.045150299796192907e+06 9.547779770860601217e+06 3.905609034812114667e+06 -6.566141237499870360e+06 -6.189051424476578832e+05 -2.562868902775004506e+06 1.327415546385348542e+06
5.711104349179094657e+06 5.764141856499884278e+06 2.028687133792586610e+04 2.771320248657386284e+06 -9.210852407979186391e+05 -7.248137376703863265e+05 -2.943374377987259650e+05 1.768379464539234061e+06 6.683108917313410202e+05 4.410915430739945173e+07 5.789649382474891096e+07 -5.303910495037092827e+06 1.130033181157220388e+06 6.883773126171289477e+05 5.517530065270253690e+05 2.137391940860090777e+06 7.138081942844887963e+05 1.451654967729425291e+06
-3.900272883535123896e+06 4.675498915012128651e+06 6.980559079672533087e+06 5.535846564986072481e+05 1.117027309255034896e+06 1.611033793098478927e+05 2.841188032082399004e+05 2.685016482168700313e+05 6.365547958962283155e+04 -3.045150299796192907e+06 -5.303910495037092827e+06 3.015133617143492028e+07 1.944540496285326080e+06 1.270047994871842675e+06 -7.931794388577742502e+05 -9.884191127642960055e+05 -7.180998876657858491e+05 7.106098174130412517e+05
-8.273967843378323130e+06 6.512860067150682444e+05 7.779021020279254299e+05 -6.014901785045514116e+05 9.243182711561800679e+05 -7.593039803748640697e+05 2.178220682270389807e+04 -2.617489874252845475e+05 -5.963978589498211659e+04 9.547779770860601217e+06 1.130033181157220388e+06 1.944540496285326080e+06 1.280287047053937800e+07 2.227753262164062355e+06 -3.314427722863390227e+05 -7.144487544664898887e+05 -5.247320794517584145e+05 8.747584251311100088e+05
-5.103535276212640107e+06 2.381826906521233032e+05 7.429454854842020723e+04 -1.503067723076787952e+05 7.123159648001607275e+05 7.039897033994972298e+04 -3.758282354888533591e+05 -8.719091160948858305e+04 -1.091576499787658249e+05 3.905609034812114667e+06 6.883773126171289477e+05 1.270047994871842675e+06 2.227753262164062355e+06 5.068638472751807421e+06 5.598339180828249082e+05 -7.952020044902741211e+05 -6.170836777859606082e+05 9.665140258698895341e+05
-3.432293443585997447e+06 -1.057924468292981619e+06 -5.084377967056880007e+05 -3.998772362831647042e+05 8.591549267328107962e+05 4.294514790170295164e+05 2.961662502573454985e+05 2.097436795292971365e+05 -4.811965085682251083e+04 -6.566141237499870360e+06 5.517530065270253690e+05 -7.931794388577742502e+05 -3.314427722863390227e+05 5.598339180828249082e+05 3.052347607750433497e+06 2.858111300901599461e+05 5.139921245600107941e+05 -8.518474346580699785e+04
8.172575902136899822e+04 -4.795935378383329371e+05 -2.022110869476273365e+05 1.678648406413505727e+05 -2.842103586913571344e+05 -1.665185489764280646e+04 3.162015221277088858e+05 9.587786625891615404e+04 1.270677945221188857e+05 -6.189051424476578832e+05 2.137391940860090777e+06 -9.884191127642960055e+05 -7.144487544664898887e+05 -7.952020044902741211e+05 2.858111300901599461e+05 1.184232099944421556e+06 3.445150432048732764e+05 -3.082321455681865336e+05
5.616824468853224535e+05 -3.486102996137646551e+04 -2.037994402206309360e+03 4.390924356140681193e+05 -5.801452888786582480e+04 4.660293046008229430e+04 2.208235300208140106e+05 9.717692067875486100e+04 -2.283316793674602013e+04 -2.562868902775004506e+06 7.138081942844887963e+05 -7.180998876657858491e+05 -5.247320794517584145e+05 -6.170836777859606082e+05 5.139921245600107941e+05 3.445150432048732764e+05 1.122291487224647775e+06 1.690284813139076577e+05
-1.852914400029302342e+05 -2.279298558675642998e+05 6.123438029488065513e+05 -1.025551719809469068e+05 -4.032681780505604547e+04 -6.679153924960696895e+04 -5.905796908924525633e+04 -2.554021456536426922e+04 1.411658895510878938e+04 1.327415546385348542e+06 1.451654967729425291e+06 7.106098174130412517e+05 8.747584251311100088e+05 9.665140258698895341e+05 -8.518474346580699785e+04 -3.082321455681865336e+05 1.690284813139076577e+05 1.016792568624134990e+06
