# lambda=0.12414260920955252
4.398656991798508167e+07 -1.302865828545605065e+06 -9.782549555744659156e+05 8.168581867601138074e+05 -2.543824984211949632e+05 -9.224240349713107571e+05 -6.324627392008114839e+05 -6.274358502307010349e+05 1.417429240177744068e+05 3.461604690554126352e+07 -5.644593891620211303e+06 6.913059978710880503e+06 -3.674446435373499058e+06 4.883024094651542837e+05 3.811445348791079130e+06 2.577269010087116156e+06 7.196036923348333221e+05 -4.715766514506533858e+05
-1.302865828545605065e+06 1.552966290405726247e+07 2.765480622246654239e+06 -5.368936128087524557e+05 1.262803031164425658e+06 9.135516977324655745e+05 -1.935414712945154752e+05 -3.943700732857178664e+05 -2.384854814513336169e+05 -7.007168003388869576e+06 6.149713239756261930e+06 1.133927995143244043e+06 -1.797854999732547440e+06 4.706591490311833331e+05 1.572671645228514215e+06 -4.444011985328138107e+05 8.212568538806736469e+05 2.953856761675130692e+05
-9.782549555744659156e+05 2.765480622246654239e+06 7.479635094649963081e+06 1.219197300508804852e+06 9.772336869894032134e+05 -6.673893183299655902e+03 -1.723947296269323269e+05 6.036628771069295180e+04 8.421260016754818207e+04 -4.143430614787298255e+06 3.313640424211619422e+06 4.829057574004470371e+06 3.433434186389831826e+06 9.188547658008050639e+05 -8.957385778423144075e+04 -4.547969085208073375e+05 -1.779680186457105447e+05 1.977220661541247100e+05
8.168581867601138074e+05 -5.368936128087524557e+05 1.219197300508804852e+06 1.337189654062971938e+06 3.429091939878832200e+05 -1.179126058778304141e+05 -1.412939376313798421e+05 1.127268776596215757e+05 1.049688262594134867e+05 9.254506316558565013e+05 7.377649296622263500e+04 8.998036508494567825e+05 7.520110871156896465e+05 3.369064809882350964e+05 -2.154564946660554779e+04 -1.714975071183684486e+04 -2.328562665653844306e+04 -1.758286951483386802e+05
-2.543824984211949632e+05 1.262803031164425658e+06 9.772336869894032134e+05 3.429091939878832200e+05 9.099103224406476365e+05 2.831440888221136993e+05 4.348228019654173113e+04 -9.421384667925862232e+03 2.711352972697400037e+04 1.540246480120797176e+06 -2.312613498174395063e+05 1.360264894865397830e+06 1.773789790762612538e+05 5.868849452968942933e+05 1.136239647851976188e+05 1.109142405686686543e+05 2.661914381348766983e+04 -2.194056507388204627e+05
-9.224240349713107571e+05 9.135516977324655745e+05 -6.673893183299655902e+03 -1.179126058778304141e+05 2.831440888221136993e+05 4.820682549752286868e+05 1.071556303027170943e+05 7.631400842437248684e+03 -6.792559645550958521e+04 3.731646425068575772e+05 3.550882760621969937e+05 -2.337161746897537669e+05 -2.359523530242611014e+05 1.227487865575691249e+05 -2.935341944189030910e+05 9.254428431166150403e+03 8.597021984728191455e+03 -1.017633832430896291e+05
-6.324627392008114839e+05 -1.935414712945154752e+05 -1.723947296269323269e+05 -1.412939376313798421e+05 4.348228019654173113e+04 1.071556303027170943e+05 2.486949363336612878e+05 9.536350233417509298e+04 3.040890809679077574e+04 6.857070784931124654e+05 -1.898696172247857787e+06 -4.756486892393969465e+05 -8.102711232285432925e+04 1.662004580030908692e+05 -1.809879307356003555e+05 1.249574587902353378e+05 4.132691771960569895e+04 -4.969554102596883604e+04
-6.274358502307010349e+05 -3.943700732857178664e+05 6.036628771069295180e+04 1.127268776596215757e+05 -9.421384667925862232e+03 7.631400842437248684e+03 9.536350233417509298e+04 1.749602252766003076e+05 6.155322077868810993e+03 -7.404208788832065184e+05 -4.487237904759824160e+05 -1.803762879198708106e+05 1.755994258423983119e+05 5.732140051159109862e+04 -1.526040317353805003e+05 1.495417628364346456e+03 1.336919411382499384e+05 -4.104066235867669457e+04
1.417429240177744068e+05 -2.384854814513336169e+05 8.421260016754818207e+04 1.049688262594134867e+05 2.711352972697400037e+04 -6.792559645550958521e+04 3.040890809679077574e+04 6.155322077868810993e+03 1.055655045391331805e+05 -1.179970023988169618e+06 -1.055191009180985624e+06 -3.443797680680022459e+05 6.175252010008240177e+04 6.707279540359126986e+04 -1.258721304638074944e+05 6.107939083814898913e+04 -4.816062265406356892e+04 1.094188817571423715e+05
3.461604690554126352e+07 -7.007168003388869576e+06 -4.143430614787298255e+06 9.254506316558565013e+05 1.540246480120797176e+06 3.731646425068575772e+05 6.857070784931124654e+05 -7.404208788832065184e+05 -1.179970023988169618e+06 3.239860620182130337e+08 2.317491588632242009e+07 1.404542881654054672e+07 -1.916634278412180394e+07 -7.020450131459052674e+06 1.036467242548093013e+07 -5.324090168572167167e+05 -2.905681596217114944e+06 -3.742032104134091176e+06
-5.644593891620211303e+06 6.149713239756261930e+06 3.313640424211619422e+06 7.377649296622263500e+04 -2.312613498174395063e+05 3.550882760621969937e+05 -1.898696172247857787e+06 -4.487237904759824160e+05 -1.055191009180985624e+06 2.317491588632242009e+07 5.423535352464877814e+07 1.500857960206958093e+07 -4.092424047416774556e+06 2.518118633648060262e+06 2.629832193507519551e+06 -1.281281754909155658e+06 -1.577296885251422937e+05 -5.577337677946317708e+05
6.913059978710880503e+06 1.133927995143244043e+06 4.829057574004470371e+06 8.998036508494567825e+05 1.360264894865397830e+06 -2.337161746897537669e+05 -4.756486892393969465e+05 -1.803762879198708106e+05 -3.443797680680022459e+05 1.404542881654054672e+07 1.500857960206958093e+07 2.375334356901097298e+07 -7.703180206236010417e+05 1.381548557043866313e+05 2.113746360311809462e+06 1.054928116559774149e+06 1.455570627850705059e+05 -1.329324287173283054e+06
-3.674446435373499058e+06 -1.797854999732547440e+06 3.433434186389831826e+06 7.520110871156896465e+05 1.773789790762612538e+05 -2.359523530242611014e+05 -8.102711232285432925e+04 1.755994258423983119e+05 6.175252010008240177e+04 -1.916634278412180394e+07 -4.092424047416774556e+06 -7.703180206236010417e+05 1.051701594895300455e+07 1.102623732728635194e+06 -1.385428061286093667e+06 -1.282405086459900194e+05 -1.563704871473675303e+05 -6.164323079633370799e+04
4.883024094651542837e+05 4.706591490311833331e+05 9.188547658008050639e+05 3.369064809882350964e+05 5.868849452968942933e+05 1.227487865575691249e+05 1.662004580030908692e+05 5.732140051159109862e+04 6.707279540359126986e+04 -7.020450131459052674e+06 2.518118633648060262e+06 1.381548557043866313e+05 1.102623732728635194e+06 5.101780524645742029e+06 7.629699548642892623e+05 7.920572133655580692e+05 1.895152248918102705e+05 -5.967064551070810994e+05
3.811445348791079130e+06 1.572671645228514215e+06 -8.957385778423144075e+04 -2.154564946660554779e+04 1.136239647851976188e+05 -2.935341944189030910e+05 -1.809879307356003555e+05 -1.526040317353805003e+05 -1.258721304638074944e+05 1.036467242548093013e+07 2.629832193507519551e+06 2.113746360311809462e+06 -1.385428061286093667e+06 7.629699548642892623e+05 2.237917142705627251e+06 1.346262501835039002e+05 5.314292177115043160e+04 -3.211948873302542488e+05
2.577269010087116156e+06 -4.444011985328138107e+05 -4.547969085208073375e+05 -1.714975071183684486e+04 1.109142405686686543e+05 9.254428431166150403e+03 1.249574587902353378e+05 1.495417628364346456e+03 6.107939083814898913e+04 -5.324090168572167167e+05 -1.281281754909155658e+06 1.054928116559774149e+06 -1.282405086459900194e+05 7.920572133655580692e+05 1.346262501835039002e+05 1.449069995950800134e+06 4.521152719806222012e+05 -2.941628576736009563e+05
7.196036923348333221e+05 8.212568538806736469e+05 -1.779680186457105447e+05 -2.328562665653844306e+04 2.661914381348766983e+04 8.597021984728191455e+03 4.132691771960569895e+04 1.336919411382499384e+05 -4.816062265406356892e+04 -2.905681596217114944e+06 -1.577296885251422937e+05 1.455570627850705059e+05 -1.563704871473675303e+05 1.895152248918102705e+05 5.314292177115043160e+04 4.521152719806222012e+05 7.735792998458585935e+05 1.314069858144481841e+05
-4.715766514506533858e+05 2.953856761675130692e+05 1.977220661541247100e+05 -1.758286951483386802e+05 -2.194056507388204627e+05 -1.017633832430896291e+05 -4.969554102596883604e+04 -4.104066235867669457e+04 1.094188817571423715e+05 -3.742032104134091176e+06 -5.577337677946317708e+05 -1.329324287173283054e+06 -6.164323079633370799e+04 -5.967064551070810994e+05 -3.211948873302542488e+05 -2.941628576736009563e+05 1.314069858144481841e+05 7.170534582286885707e+05
