# lambda=0.14668151921758568
6.567246754612260312e+07 4.613727605083483271e+06 2.462894663276223000e+06 9.678026190845296951e+05 3.632201248863447690e+05 1.308515759636258008e+06 8.125981865516919643e+05 1.131505266726411719e+03 5.957205009945983329e+04 3.223036135195830837e+07 -3.431071952312223148e+06 4.636160136663852260e+06 3.559725580570688471e+06 -1.806439519410844892e+06 -1.952571977872011717e+06 3.442597466302927351e+05 8.694858698123905342e+05 -6.705282421424700879e+05
4.613727605083483271e+06 1.705915779543304443e+07 4.116481272019665688e+06 3.435728767089763656e+06 6.126298137895261170e+05 1.046439400355125079e+06 -3.622488833281075349e+05 -3.010817924547368893e+05 -3.453961359228874790e+04 -4.367159220336073078e+06 2.160686596903144196e+07 1.318679013908372261e+07 2.949878332902708557e+06 -6.000320048435643548e+05 -3.247172806937486399e+06 -1.299402545426974306e+06 -1.486805524885322084e+05 4.255609453168707551e+05
2.462894663276223000e+06 4.116481272019665688e+06 4.449575527545384131e+06 1.911405057492819382e+06 4.398575500484777731e+05 1.257996351810933993e+05 -8.923357354693379602e+04 -3.936338048088041251e+04 -1.131609509969023638e+05 -2.466638889334538020e+06 7.486526232365121134e+06 3.322192013755708002e+06 1.892838426516244654e+06 -1.220608380438037915e+06 -1.356456503847877728e+06 -7.790156860047677765e+05 -1.450083749094164814e+05 1.797133234865961713e+05
9.678026190845296951e+05 3.435728767089763656e+06 1.911405057492819382e+06 2.374602917672479991e+06 2.706427850292578223e+05 2.716681567195333191e+05 -5.206465042088936752e+04 1.004135628370687300e+04 8.794993822873108729e+04 -1.719661407971593319e+06 5.829366267113414593e+06 3.432707968902393710e+06 2.106182683066354133e+06 2.791775696928743273e+05 -1.289090303423817037e+06 -1.609429665244281932e+05 -3.492224856909561786e+05 3.021507998143469449e+05
3.632201248863447690e+05 6.126298137895261170e+05 4.398575500484777731e+05 2.706427850292578223e+05 7.830741646217833040e+05 1.835849066227362782e+05 -9.323973944832397683e+04 4.165128082086353970e+04 3.246887393165861067e+04 1.767428662327484228e+06 -5.044767197619117214e+05 2.393336099834349938e+06 2.173478283097560343e+05 6.572277844121605158e+05 1.941473079691462044e+05 -6.211326121097375290e+04 -1.351512209043565672e+05 2.542460906384677583e+04
1.308515759636258008e+06 1.046439400355125079e+06 1.257996351810933993e+05 2.716681567195333191e+05 1.835849066227362782e+05 6.823288142269792734e+05 8.791902058826961729e+04 1.153386926117035182e+05 2.481297175649629207e+04 3.939447079530268093e+05 7.461230390954648610e+05 6.426006729861743515e+05 -8.510992283911001869e+04 8.657823774723230163e+05 1.450784473648316634e+05 1.311093759303636907e+05 -1.962687717449682532e+05 -2.832338728935560721e+04
8.125981865516919643e+05 -3.622488833281075349e+05 -8.923357354693379602e+04 -5.206465042088936752e+04 -9.323973944832397683e+04 8.791902058826961729e+04 2.899585465281742509e+05 6.551231142211732367e+04 -2.043110572389215667e+04 -5.602401371539860265e+05 -4.971601813232894056e+05 -7.245986065105868038e+05 2.938847019628825365e+05 -2.922996862014269209e+04 -1.056941494224379567e+05 1.877397174863402906e+05 -2.666579097779483345e+04 -1.620553327482209897e+04
1.131505266726411719e+03 -3.010817924547368893e+05 -3.936338048088041251e+04 1.004135628370687300e+04 4.165128082086353970e+04 1.153386926117035182e+05 6.551231142211732367e+04 1.799248628070697596e+05 5.343562017664362793e+04 -5.759209624880906194e+05 -1.282560073256233241e+06 -2.221705592501777865e+05 -2.657403884944562451e+05 3.045070405895586591e+05 2.124240922966317157e+05 1.822078352822774032e+05 4.730760287008474552e+04 -2.743029356157486473e+04
5.957205009945983329e+04 -3.453961359228874790e+04 -1.131609509969023638e+05 8.794993822873108729e+04 3.246887393165861067e+04 2.481297175649629207e+04 -2.043110572389215667e+04 5.343562017664362793e+04 1.313489824653043761e+05 3.234098917368130642e+05 -9.188773133535071975e+05 4.996519598051014473e+05 1.525337993799488177e+05 6.421161038283060043e+04 5.251008045897806005e+04 4.586993869353846094e+04 4.131334106707804312e+04 5.234106933323662088e+04
3.223036135195830837e+07 -4.367159220336073078e+06 -2.466638889334538020e+06 -1.719661407971593319e+06 1.767428662327484228e+06 3.939447079530268093e+05 -5.602401371539860265e+05 -5.759209624880906194e+05 3.234098917368130642e+05 1.559941235968628228e+08 4.573652484997472912e+07 1.718451610212487727e+07 -7.665943712709730491e+06 9.921796179662732407e+06 1.608034153326337459e+06 -2.092277930849761702e+06 5.002148038836104097e+05 -1.080010558200772386e+06
-3.431071952312223148e+06 2.160686596903144196e+07 7.486526232365121134e+06 5.829366267113414593e+06 -5.044767197619117214e+05 7.461230390954648610e+05 -4.971601813232894056e+05 -1.282560073256233241e+06 -9.188773133535071975e+05 4.573652484997472912e+07 1.165555534530179054e+08 1.269367215526077338e+07 -2.765025366027775221e+06 -3.248559117085868493e+05 -5.328342111788677983e+06 -2.982710711858355906e+06 -2.002907420909601962e+06 6.495230780181672890e+05
4.636160136663852260e+06 1.318679013908372261e+07 3.322192013755708002e+06 3.432707968902393710e+06 2.393336099834349938e+06 6.426006729861743515e+05 -7.245986065105868038e+05 -2.221705592501777865e+05 4.996519598051014473e+05 1.718451610212487727e+07 1.269367215526077338e+07 3.706882997183571011e+07 7.737174755126484670e+06 4.111190910807618871e+06 -1.123933609727016883e+06 -5.149586630949767423e+05 7.917580293180638691e+05 8.389684102367099840e+05
3.559725580570688471e+06 2.949878332902708557e+06 1.892838426516244654e+06 2.106182683066354133e+06 2.173478283097560343e+05 -8.510992283911001869e+04 2.938847019628825365e+05 -2.657403884944562451e+05 1.525337993799488177e+05 -7.665943712709730491e+06 -2.765025366027775221e+06 7.737174755126484670e+06 1.127175238400477543e+07 -6.970771377284094924e+05 -2.690403016617264599e+06 -7.719730709562837146e+05 6.897774536678740988e+05 1.283287136002945772e+05
-1.806439519410844892e+06 -6.000320048435643548e+05 -1.220608380438037915e+06 2.791775696928743273e+05 6.572277844121605158e+05 8.657823774723230163e+05 -2.922996862014269209e+04 3.045070405895586591e+05 6.421161038283060043e+04 9.921796179662732407e+06 -3.248559117085868493e+05 4.111190910807618871e+06 -6.970771377284094924e+05 5.137315563515397720e+06 7.968435720609333366e+05 5.136712593806586810e+05 -2.576906104834886792e+05 1.739430173121723637e+05
-1.952571977872011717e+06 -3.247172806937486399e+06 -1.356456503847877728e+06 -1.289090303423817037e+06 1.941473079691462044e+05 1.450784473648316634e+05 -1.056941494224379567e+05 2.124240922966317157e+05 5.251008045897806005e+04 1.608034153326337459e+06 -5.328342111788677983e+06 -1.123933609727016883e+06 -2.690403016617264599e+06 7.968435720609333366e+05 2.489304184054700658e+06 6.355973493607247947e+05 7.267921394418457930e+04 -2.618431795199443295e+05
3.442597466302927351e+05 -1.299402545426974306e+06 -7.790156860047677765e+05 -1.609429665244281932e+05 -6.211326121097375290e+04 1.311093759303636907e+05 1.877397174863402906e+05 1.822078352822774032e+05 4.586993869353846094e+04 -2.092277930849761702e+06 -2.982710711858355906e+06 -5.149586630949767423e+05 -7.719730709562837146e+05 5.136712593806586810e+05 6.355973493607247947e+05 1.002084296356226434e+06 -2.482452119749681515e+04 -6.286029529533589084e+04
8.694858698123905342e+05 -1.486805524885322084e+05 -1.450083749094164814e+05 -3.492224856909561786e+05 -1.351512209043565672e+05 -1.962687717449682532e+05 -2.666579097779483345e+04 4.730760287008474552e+04 4.131334106707804312e+04 5.002148038836104097e+05 -2.002907420909601962e+06 7.917580293180638691e+05 6.897774536678740988e+05 -2.576906104834886792e+05 7.267921394418457930e+04 -2.482452119749681515e+04 6.363188759045385523e+05 -1.642632923991438292e+05
-6.705282421424700879e+05 4.255609453168707551e+05 1.797133234865961713e+05 3.021507998143469449e+05 2.542460906384677583e+04 -2.832338728935560721e+04 -1.620553327482209897e+04 -2.743029356157486473e+04 5.234106933323662088e+04 -1.080010558200772386e+06 6.495230780181672890e+05 8.389684102367099840e+05 1.283287136002945772e+05 1.739430173121723637e+05 -2.618431795199443295e+05 -6.286029529533589084e+04 -1.642632923991438292e+05 3.683740329958064249e+05
