# lambda=0.16525013751000456
8.890952734214743972e+07 2.040708978592520952e+07 6.325364846386133693e+06 4.238572999197631143e+06 5.511334695257038111e+05 -8.163255857441989065e+04 -1.743722503978235181e+06 -1.556480654245104524e+05 -3.767115658458603430e+05 1.376908066426911019e+07 2.470646745012658462e+07 4.087608447518751491e+06 1.520892136890470050e+06 3.725713081429283600e+06 -3.422618040629350580e+06 -3.498754269844805240e+05 6.072134988501367625e+05 -9.492113231402004603e+05
2.040708978592520952e+07 1.205212775003873371e+07 2.148769117572651710e+06 8.297374087435000110e+05 3.649342834164275555e+05 -4.604711768005806953e+05 -3.156034825483169989e+05 -2.512005766173761513e+05 -1.325614369747258315e+05 1.994424529894925072e+05 5.083983779634293169e+06 3.432895117287526373e+06 -3.146037910647589713e+06 -9.467544484824249521e+05 -1.726071419512101915e+06 -5.577041329731594305e+05 1.245716050619056186e+05 -4.091375045842344989e+05
6.325364846386133693e+06 2.148769117572651710e+06 3.553375592368289363e+06 8.894265436758506112e+05 -1.304271830392068368e+05 2.528637232651077502e+05 1.891418901977576024e+05 -1.866654064745321739e+04 -1.043180411983270315e+05 -8.214314746258082800e+06 -1.242285176065982552e+06 8.613922266168356873e+05 6.801128132400852628e+05 4.253237265798202134e+05 -4.491428070471753599e+05 -3.019978378023214827e+04 3.224257572466771817e+05 -2.014718711726141628e+05
4.238572999197631143e+06 8.297374087435000110e+05 8.894265436758506112e+05 1.903661781086470000e+06 2.056714848554433556e+05 -1.307347566560233681e+05 -2.767599701917005586e+05 -9.916058495097128616e+04 4.224226819240616169e+04 -2.153736892275271006e+06 -1.172749587847879011e+05 8.975367101337579079e+05 4.452401910137580126e+05 -5.253231282964265847e+04 -7.467963976541574812e+04 -2.830989561245188816e+05 2.952490615277013858e+05 2.022414243266332778e+05
5.511334695257038111e+05 3.649342834164275555e+05 -1.304271830392068368e+05 2.056714848554433556e+05 9.104078497770999093e+05 -3.191969253724791633e+04 -1.809225328957370366e+05 -3.138232365466760530e+04 1.010598619252505887e+05 7.096726407451208215e+05 2.973056453297667671e+06 -1.184615355498597259e+06 -1.648975623057805642e+05 4.061620499537837459e+05 1.840180893263517282e+04 -2.367746197934244410e+05 1.776494705185145140e+05 -4.532622033468311565e+04
-8.163255857441989065e+04 -4.604711768005806953e+05 2.528637232651077502e+05 -1.307347566560233681e+05 -3.191969253724791633e+04 4.379191387817044742e+05 1.466576130087609636e+05 9.154987523452163441e+04 5.327529717689906101e+04 3.656931642493766849e+05 1.809195123140360520e+05 2.226412627153545327e+05 8.932394513000597944e+05 4.768095694013248431e+05 1.441978127688305685e+05 2.637980922208133852e+05 -1.461141429200727180e+04 4.994785982098367822e+04
-1.743722503978235181e+06 -3.156034825483169989e+05 1.891418901977576024e+05 -2.767599701917005586e+05 -1.809225328957370366e+05 1.466576130087609636e+05 2.924272452542539686e+05 6.792526786348693713e+04 -7.575769370696201804e+03 -2.767668786413093098e+06 2.620762387715567893e+05 -1.502240151837300800e+05 3.884139353221579804e+05 -1.252953338246049098e+05 7.336620138475199929e+04 2.413223738771335920e+05 5.319667718258575042e+04 -7.237230877974069153e+04
-1.556480654245104524e+05 -2.512005766173761513e+05 -1.866654064745321739e+04 -9.916058495097128616e+04 -3.138232365466760530e+04 9.154987523452163441e+04 6.792526786348693713e+04 1.818398634299575351e+05 1.834567500722293335e+04 -5.195459198053463479e+05 5.808548928550738492e+04 2.419314895325571997e+05 -7.643762377633240249e+04 -1.013855285449935327e+05 2.964342393184446701e+04 6.064351286820952373e+04 1.380474114700669816e+03 -2.680364264917096443e+04
-3.767115658458603430e+05 -1.325614369747258315e+05 -1.043180411983270315e+05 4.224226819240616169e+04 1.010598619252505887e+05 5.327529717689906101e+04 -7.575769370696201804e+03 1.834567500722293335e+04 7.927388576375995763e+04 1.227000211668869742e+05 4.696948878263194347e+05 -2.143271870091863966e+05 1.008574786626883579e+05 -5.057297185418146910e+03 -6.017139694336145476e+04 -1.700095944590256477e+04 4.785084053123595368e+04 1.164172827835330390e+05
1.376908066426911019e+07 1.994424529894925072e+05 -8.214314746258082800e+06 -2.153736892275271006e+06 7.096726407451208215e+05 3.656931642493766849e+05 -2.767668786413093098e+06 -5.195459198053463479e+05 1.227000211668869742e+05 1.764107722377288640e+08 1.576939591913861036e+07 -1.076788744078302011e+07 7.394808608411797322e+05 1.024200824966062501e+05 -9.056916303957261145e+06 2.584566447981628298e+05 -4.465108816215083934e+06 -9.498632733797190012e+05
2.470646745012658462e+07 5.083983779634293169e+06 -1.242285176065982552e+06 -1.172749587847879011e+05 2.973056453297667671e+06 1.809195123140360520e+05 2.620762387715567893e+05 5.808548928550738492e+04 4.696948878263194347e+05 1.576939591913861036e+07 8.756442617266555130e+07 -4.770015708261362277e+06 3.317452260334231891e+06 -3.939665603318004287e+05 4.998785653775210376e+05 -1.151926924000774161e+05 6.135642719191071956e+04 -1.365064922216032399e+06
4.087608447518751491e+06 3.432895117287526373e+06 8.613922266168356873e+05 8.975367101337579079e+05 -1.184615355498597259e+06 2.226412627153545327e+05 -1.502240151837300800e+05 2.419314895325571997e+05 -2.143271870091863966e+05 -1.076788744078302011e+07 -4.770015708261362277e+06 2.425324042512641102e+07 1.745760514523080084e+06 2.931313567514086608e+06 1.343775341040565167e+06 -5.235937673559351824e+05 7.366694604899077676e+05 1.048944897847165121e+06
1.520892136890470050e+06 -3.146037910647589713e+06 6.801128132400852628e+05 4.452401910137580126e+05 -1.648975623057805642e+05 8.932394513000597944e+05 3.884139353221579804e+05 -7.643762377633240249e+04 1.008574786626883579e+05 7.394808608411797322e+05 3.317452260334231891e+06 1.745760514523080084e+06 9.585616487315794453e+06 3.714370125341746490e+06 6.296537904620484915e+05 6.031674468063650420e+05 1.020470342558179284e+06 3.013630627390483860e+05
3.725713081429283600e+06 -9.467544484824249521e+05 4.253237265798202134e+05 -5.253231282964265847e+04 4.061620499537837459e+05 4.768095694013248431e+05 -1.252953338246049098e+05 -1.013855285449935327e+05 -5.057297185418146910e+03 1.024200824966062501e+05 -3.939665603318004287e+05 2.931313567514086608e+06 3.714370125341746490e+06 4.195605586141420528e+06 8.936791511124252575e+05 3.957251821356813889e+04 4.970913639875496156e+05 1.630693309871531674e+05
-3.422618040629350580e+06 -1.726071419512101915e+06 -4.491428070471753599e+05 -7.467963976541574812e+04 1.840180893263517282e+04 1.441978127688305685e+05 7.336620138475199929e+04 2.964342393184446701e+04 -6.017139694336145476e+04 -9.056916303957261145e+06 4.998785653775210376e+05 1.343775341040565167e+06 6.296537904620484915e+05 8.936791511124252575e+05 2.040781114438513760e+06 1.323211177738008264e+05 2.170601902593848645e+05 2.531068672975688969e+04
-3.498754269844805240e+05 -5.577041329731594305e+05 -3.019978378023214827e+04 -2.830989561245188816e+05 -2.367746197934244410e+05 2.637980922208133852e+05 2.413223738771335920e+05 6.064351286820952373e+04 -1.700095944590256477e+04 2.584566447981628298e+05 -1.151926924000774161e+05 -5.235937673559351824e+05 6.031674468063650420e+05 3.957251821356813889e+04 1.323211177738008264e+05 8.452908659282797016e+05 6.689415754971379647e+04 -6.420599413832187565e+03
6.072134988501367625e+05 1.245716050619056186e+05 3.224257572466771817e+05 2.952490615277013858e+05 1.776494705185145140e+05 -1.461141429200727180e+04 5.319667718258575042e+04 1.380474114700669816e+03 4.785084053123595368e+04 -4.465108816215083934e+06 6.135642719191071956e+04 7.366694604899077676e+05 1.020470342558179284e+06 4.970913639875496156e+05 2.170601902593848645e+05 6.689415754971379647e+04 7.305175696589804720e+05 1.125254209722723026e+05
-9.492113231402004603e+05 -4.091375045842344989e+05 -2.014718711726141628e+05 2.022414243266332778e+05 -4.532622033468311565e+04 4.994785982098367822e+04 -7.237230877974069153e+04 -2.680364264917096443e+04 1.164172827835330390e+05 -9.498632733797190012e+05 -1.365064922216032399e+06 1.048944897847165121e+06 3.013630627390483860e+05 1.630693309871531674e+05 2.531068672975688969e+04 -6.420599413832187565e+03 1.125254209722723026e+05 6.021884161252721678e+05
