# lambda=0.2327263883535645
3.806874647766560316e+07 -2.695737440401534084e+06 -6.494762415907236747e+06 -1.019583671689921175e+06 -3.889883240258350997e+04 4.444583199463917990e+05 1.373468725970614469e+06 6.785414833141827257e+05 -6.306493303866984934e+04 3.322767478977845982e+07 1.847023625866914541e+07 1.166736047827828117e+07 9.996297408598169684e+06 4.586200968995744479e+05 2.259442098499525804e+06 1.253806798264839454e+06 1.350738660636772867e+06 1.827999424684778089e+06
-2.695737440401534084e+06 7.892318562527650967e+06 8.604023279954119353e+05 8.567373087273807323e+04 6.902349859885354526e+05 -7.081599505637351831e+04 -2.570329611380128335e+04 -2.575567213271741348e+05 3.449318116591716534e+05 2.936021290736938827e+06 -4.252146599653168581e+06 -8.047643873412139328e+03 -2.240304665317402687e+06 7.639072050286913291e+05 5.489474085057561751e+05 1.031829908537237905e+06 5.497667726312237792e+05 -7.470408783327118726e+04
-6.494762415907236747e+06 8.604023279954119353e+05 3.300440518736874685e+06 5.163985301508168923e+05 1.087997639820002514e+05 -4.953190516225527390e+05 -2.036255144700173987e+05 -2.877049527042586124e+05 2.823970011909322784e+04 -2.316446898363951477e+05 -4.831555701662209816e+06 8.415964035911799874e+05 -1.481238967324754689e+06 -3.805842334570084349e+05 -1.027344749360669754e+06 1.877398989932076438e+04 3.733267665856637177e+04 -3.728257402423467720e+05
-1.019583671689921175e+06 8.567373087273807323e+04 5.163985301508168923e+05 1.773631279472097754e+06 -1.658041954962588788e+05 -2.759394328990114736e+05 1.697269570106715837e+05 1.137602497854679532e+05 -3.735086673947946838e+04 -8.339059003790870775e+05 1.090703820079725003e+06 2.194060448275652248e+06 1.545394176563260145e+06 4.716055586868923856e+05 1.008646039986106480e+05 9.825111089968806482e+04 -4.628345768697657331e+04 -2.053125202295591298e+05
-3.889883240258350997e+04 6.902349859885354526e+05 1.087997639820002514e+05 -1.658041954962588788e+05 8.924977528388393112e+05 1.362863495803491387e+05 -7.539963883609295590e+04 8.744771343178348616e+04 1.410141261356603063e+05 1.543723820203561336e+06 -1.530279183504118118e+06 -7.216318508339577820e+05 -4.644952793954241206e+05 1.077868485298692016e+06 3.762789437096723123e+05 -1.886819482257512209e+04 2.951889725728576304e+05 1.862306572925479122e+04
4.444583199463917990e+05 -7.081599505637351831e+04 -4.953190516225527390e+05 -2.759394328990114736e+05 1.362863495803491387e+05 3.780165632856922457e+05 -7.026020165060363070e+04 7.102661368643236347e+04 2.117740175495084623e+04 4.567019575262360158e+05 1.897700846933826571e+06 -6.456751018759717699e+05 -2.809416198780846898e+05 1.091295376009791507e+05 2.390494044461169397e+05 -3.298811239505565754e+04 1.290375673919306573e+05 2.784052262929809876e+04
1.373468725970614469e+06 -2.570329611380128335e+04 -2.036255144700173987e+05 1.697269570106715837e+05 -7.539963883609295590e+04 -7.026020165060363070e+04 3.109021546684735222e+05 5.909587167673632939e+04 -3.229618200065857673e+04 -4.437322343111473601e+05 5.778252585305726388e+05 1.022618395328444458e+05 1.061573741518341005e+06 -5.991469200918558636e+04 6.409684427543714992e+04 2.028311520677775552e+05 1.143866754000026413e+05 -7.989699978905776516e+04
6.785414833141827257e+05 -2.575567213271741348e+05 -2.877049527042586124e+05 1.137602497854679532e+05 8.744771343178348616e+04 7.102661368643236347e+04 5.909587167673632939e+04 1.865566830411450064e+05 3.866833114978022786e+04 -9.049962349809424486e+05 9.328470960979423253e+05 -4.700399470130381087e+04 4.131827731536126812e+05 6.576432031099213054e+05 1.515272158748725487e+05 -1.751880928535083149e+04 1.453295567067002412e+05 -2.446956758501630247e+04
-6.306493303866984934e+04 3.449318116591716534e+05 2.823970011909322784e+04 -3.735086673947946838e+04 1.410141261356603063e+05 2.117740175495084623e+04 -3.229618200065857673e+04 3.866833114978022786e+04 1.738402652182167803e+05 2.216658028370392974e+06 -6.977830059050593991e+05 -3.070046178386154352e+05 -9.538043537227483466e+04 7.417065923525005928e+04 -7.368920072834695748e+04 1.099748316337198730e+03 2.366950993524730438e+05 3.368694478297592286e+04
3.322767478977845982e+07 2.936021290736938827e+06 -2.316446898363951477e+05 -8.339059003790870775e+05 1.543723820203561336e+06 4.567019575262360158e+05 -4.437322343111473601e+05 -9.049962349809424486e+05 2.216658028370392974e+06 1.674015516100051105e+08 1.894621954625586048e+07 1.922342810787655413e+07 1.065656845904226229e+07 -9.430067841669656336e+06 -1.277177729075194569e+06 -1.574132344376626657e+06 1.762030821230387315e+06 2.465461464209985454e+06
1.847023625866914541e+07 -4.252146599653168581e+06 -4.831555701662209816e+06 1.090703820079725003e+06 -1.530279183504118118e+06 1.897700846933826571e+06 5.778252585305726388e+05 9.328470960979423253e+05 -6.977830059050593991e+05 1.894621954625586048e+07 5.495027052457682788e+07 1.578601890887334570e+07 1.086938270781415887e+07 9.799642224348514574e+05 1.077834811208811821e+06 5.139700429407977499e+05 1.983701676736741501e+05 5.682788010475491174e+05
1.166736047827828117e+07 -8.047643873412139328e+03 8.415964035911799874e+05 2.194060448275652248e+06 -7.216318508339577820e+05 -6.456751018759717699e+05 1.022618395328444458e+05 -4.700399470130381087e+04 -3.070046178386154352e+05 1.922342810787655413e+07 1.578601890887334570e+07 2.216097109213073179e+07 4.944022962020651437e+06 -3.014315710671176785e+05 -1.370285155096285278e+06 1.342495967782891355e+06 8.405514198485910892e+05 2.942774038972039125e+05
9.996297408598169684e+06 -2.240304665317402687e+06 -1.481238967324754689e+06 1.545394176563260145e+06 -4.644952793954241206e+05 -2.809416198780846898e+05 1.061573741518341005e+06 4.131827731536126812e+05 -9.538043537227483466e+04 1.065656845904226229e+07 1.086938270781415887e+07 4.944022962020651437e+06 1.066349307787342183e+07 1.287980524657577276e+06 6.695088956294817617e+05 1.229522513640473480e+05 1.552996550765613501e+05 1.090935943838293169e+05
4.586200968995744479e+05 7.639072050286913291e+05 -3.805842334570084349e+05 4.716055586868923856e+05 1.077868485298692016e+06 1.091295376009791507e+05 -5.991469200918558636e+04 6.576432031099213054e+05 7.417065923525005928e+04 -9.430067841669656336e+06 9.799642224348514574e+05 -3.014315710671176785e+05 1.287980524657577276e+06 6.590152810950406827e+06 2.309189252982250415e+06 -2.465943908749569382e+05 2.955546761788157746e+05 -7.665126703362869739e+04
2.259442098499525804e+06 5.489474085057561751e+05 -1.027344749360669754e+06 1.008646039986106480e+05 3.762789437096723123e+05 2.390494044461169397e+05 6.409684427543714992e+04 1.515272158748725487e+05 -7.368920072834695748e+04 -1.277177729075194569e+06 1.077834811208811821e+06 -1.370285155096285278e+06 6.695088956294817617e+05 2.309189252982250415e+06 2.958066517243483104e+06 1.873678057162391196e+05 2.881863632385871606e+05 4.124596310073685017e+05
1.253806798264839454e+06 1.031829908537237905e+06 1.877398989932076438e+04 9.825111089968806482e+04 -1.886819482257512209e+04 -3.298811239505565754e+04 2.028311520677775552e+05 -1.751880928535083149e+04 1.099748316337198730e+03 -1.574132344376626657e+06 5.139700429407977499e+05 1.342495967782891355e+06 1.229522513640473480e+05 -2.465943908749569382e+05 1.873678057162391196e+05 9.310804594674917171e+05 5.499894491333488841e+05 2.016931454713977291e+04
1.350738660636772867e+06 5.497667726312237792e+05 3.733267665856637177e+04 -4.628345768697657331e+04 2.951889725728576304e+05 1.290375673919306573e+05 1.143866754000026413e+05 1.453295567067002412e+05 2.366950993524730438e+05 1.762030821230387315e+06 1.983701676736741501e+05 8.405514198485910892e+05 1.552996550765613501e+05 2.955546761788157746e+05 2.881863632385871606e+05 5.499894491333488841e+05 1.019969456054635928e+06 1.249042537576030154e+05
1.827999424684778089e+06 -7.470408783327118726e+04 -3.728257402423467720e+05 -2.053125202295591298e+05 1.862306572925479122e+04 2.784052262929809876e+04 -7.989699978905776516e+04 -2.446956758501630247e+04 3.368694478297592286e+04 2.465461464209985454e+06 5.682788010475491174e+05 2.942774038972039125e+05 1.090935943838293169e+05 -7.665126703362869739e+04 4.124596310073685017e+05 2.016931454713977291e+04 1.249042537576030154e+05 4.633426736222910113e+05
