# lambda=0.10231270457196599
2.321949843173706159e+07 5.636447051003236556e+05 3.354277170639903750e+06 1.779258476873660926e+06 3.928754925135180238e+05 7.564173896578886779e+05 -8.871630186429627938e+05 1.276211700765879796e+05 2.574496199268602068e+05 -2.543196880838327110e+07 -3.968617721666736063e+06 7.288804498959195334e+05 9.276602207111691823e+05 2.434185652755565476e+06 8.884882293335969734e+04 1.342309268486924120e+05 1.274087806016273331e+06 -1.338175776704083255e+05
5.636447051003236556e+05 1.523566463325476833e+07 1.586823135683716508e+06 -6.231638143652504077e+05 -1.193080884308028966e+06 6.611640007188174641e+05 -1.726657125246814394e+05 4.605009228701122993e+03 5.997169880928918428e+04 -1.394633831034858897e+07 1.552608678047792800e+07 3.182645231771327555e+06 -3.769151697516090935e+05 -3.149413669072521734e+05 -2.278400738433545455e+06 -1.567431362456310599e+05 -8.471989195724261226e+05 2.547469295927929052e+05
3.354277170639903750e+06 1.586823135683716508e+06 4.750471907018016092e+06 1.293482318917894037e+06 -5.477881176374355709e+04 1.737552231317109545e+05 -4.417841834740654303e+04 3.737807379500914249e+05 6.304593433902000470e+03 -7.715094103511125781e+06 -1.620537317051843507e+06 -3.126276933644480305e+05 2.776340369583831169e+06 6.905124993381568929e+05 -6.628841604276264552e+05 -1.666236703632431454e+04 4.413317726407233276e+05 9.787985147075814893e+04
1.779258476873660926e+06 -6.231638143652504077e+05 1.293482318917894037e+06 2.371456164908043575e+06 7.153498676598321181e+05 2.199305789496860816e+05 9.015773234494401549e+04 2.200462694844290381e+05 -4.053813888737598609e+04 -3.542753989410110284e+06 -4.266247339839362539e+06 -9.303552092364282580e+05 1.069369552424700465e+06 1.787800780002400512e+06 -1.221495362680021790e+05 3.356138660593892564e+05 7.222590719956837129e+05 2.641647612785174861e+05
3.928754925135180238e+05 -1.193080884308028966e+06 -5.477881176374355709e+04 7.153498676598321181e+05 6.681935819397604791e+05 1.754094531311011815e+05 8.450698449795939086e+04 3.052052608135084301e+04 4.061924260840726492e+04 -1.953061988834896183e+05 -2.767677169704598840e+06 -7.704236255145306932e+05 2.792567895708623691e+05 1.112659105856278446e+06 2.864259325752819423e+05 2.996702640634037671e+05 4.464552695862955297e+05 1.759129829121470539e+04
7.564173896578886779e+05 6.611640007188174641e+05 1.737552231317109545e+05 2.199305789496860816e+05 1.754094531311011815e+05 3.681230331193293096e+05 1.879540202509364826e+04 -3.200509025902411304e+04 8.858874688330295612e+03 -3.488388482240918092e+06 6.296802550141864922e+05 -5.191434474178316887e+05 -2.738672844068035483e+05 5.406411726152977208e+05 -7.543801473657622410e+04 -6.141250570226279524e+04 2.888096282776395092e+05 1.638715243711561779e+05
-8.871630186429627938e+05 -1.726657125246814394e+05 -4.417841834740654303e+04 9.015773234494401549e+04 8.450698449795939086e+04 1.879540202509364826e+04 2.749042958206387120e+05 2.876096083572178759e+04 -1.873047323973174935e+04 -4.067679177296545822e+05 -1.295619321527232649e+06 -7.668606918177076150e+05 1.060536906762544822e+05 2.897927675694439677e+04 6.691862787185537854e+03 2.171838164572668029e+04 1.319744459186211461e+05 3.757862954787522904e+04
1.276211700765879796e+05 4.605009228701122993e+03 3.737807379500914249e+05 2.200462694844290381e+05 3.052052608135084301e+04 -3.200509025902411304e+04 2.876096083572178759e+04 2.452543911367495602e+05 5.732092048214171518e+04 2.064561829515781254e+06 -1.255918477767059347e+06 -1.416720746339985635e+05 4.589230502175440197e+05 -1.291625475234814221e+05 -2.553596372064769457e+04 -9.853373914540892656e+03 2.265917777875526226e+05 9.856480940841152915e+04
2.574496199268602068e+05 5.997169880928918428e+04 6.304593433902000470e+03 -4.053813888737598609e+04 4.061924260840726492e+04 8.858874688330295612e+03 -1.873047323973174935e+04 5.732092048214171518e+04 1.188116577444073191e+05 -1.037875246554887854e+06 -3.800612280895801377e+05 1.887268949914028344e+05 4.806682950439034612e+05 1.899885998657234595e+05 3.653322627668945643e+04 1.007563982260990742e+05 4.562589127716579242e+04 -1.397725381380651743e+04
-2.543196880838327110e+07 -1.394633831034858897e+07 -7.715094103511125781e+06 -3.542753989410110284e+06 -1.953061988834896183e+05 -3.488388482240918092e+06 -4.067679177296545822e+05 2.064561829515781254e+06 -1.037875246554887854e+06 2.788299223136977553e+08 1.141710844967521727e+07 6.250499822852800571e+04 -1.287520654843341932e+07 -1.258731851745383255e+07 9.768696756088830298e+05 -4.985093275580033660e+06 -2.755164116472874302e+06 -7.218400696497409372e+05
-3.968617721666736063e+06 1.552608678047792800e+07 -1.620537317051843507e+06 -4.266247339839362539e+06 -2.767677169704598840e+06 6.296802550141864922e+05 -1.295619321527232649e+06 -1.255918477767059347e+06 -3.800612280895801377e+05 1.141710844967521727e+07 5.628955445853665471e+07 1.743062899071176350e+07 -5.334894250756048597e+06 -4.395143584692046978e+06 -1.239041682531814557e+06 -1.193843269341215258e+06 -2.229360563755359035e+06 -4.485063063571805251e+05
7.288804498959195334e+05 3.182645231771327555e+06 -3.126276933644480305e+05 -9.303552092364282580e+05 -7.704236255145306932e+05 -5.191434474178316887e+05 -7.668606918177076150e+05 -1.416720746339985635e+05 1.887268949914028344e+05 6.250499822852800571e+04 1.743062899071176350e+07 2.263482138230540231e+07 -1.819278188618989952e+05 -8.777892206386122853e+05 -1.169051999683771981e+06 -6.750972591442856938e+05 -2.045305290466179140e+05 -3.103844564529379131e+05
9.276602207111691823e+05 -3.769151697516090935e+05 2.776340369583831169e+06 1.069369552424700465e+06 2.792567895708623691e+05 -2.738672844068035483e+05 1.060536906762544822e+05 4.589230502175440197e+05 4.806682950439034612e+05 -1.287520654843341932e+07 -5.334894250756048597e+06 -1.819278188618989952e+05 1.234387882236281969e+07 1.889782194792740047e+06 6.085369091454494046e+05 1.545073096871393034e+06 9.525680025130494032e+05 2.109509858406138083e+05
2.434185652755565476e+06 -3.149413669072521734e+05 6.905124993381568929e+05 1.787800780002400512e+06 1.112659105856278446e+06 5.406411726152977208e+05 2.897927675694439677e+04 -1.291625475234814221e+05 1.899885998657234595e+05 -1.258731851745383255e+07 -4.395143584692046978e+06 -8.777892206386122853e+05 1.889782194792740047e+06 4.815959470915679820e+06 9.240046763958979864e+04 8.515576864176938543e+05 6.779786160700495820e+05 2.608060384941752636e+04
8.884882293335969734e+04 -2.278400738433545455e+06 -6.628841604276264552e+05 -1.221495362680021790e+05 2.864259325752819423e+05 -7.543801473657622410e+04 6.691862787185537854e+03 -2.553596372064769457e+04 3.653322627668945643e+04 9.768696756088830298e+05 -1.239041682531814557e+06 -1.169051999683771981e+06 6.085369091454494046e+05 9.240046763958979864e+04 1.684379632480281871e+06 3.304500892738986877e+05 3.905819000875090132e+05 -1.104002330757462187e+05
1.342309268486924120e+05 -1.567431362456310599e+05 -1.666236703632431454e+04 3.356138660593892564e+05 2.996702640634037671e+05 -6.141250570226279524e+04 2.171838164572668029e+04 -9.853373914540892656e+03 1.007563982260990742e+05 -4.985093275580033660e+06 -1.193843269341215258e+06 -6.750972591442856938e+05 1.545073096871393034e+06 8.515576864176938543e+05 3.304500892738986877e+05 1.271091025318945758e+06 1.495750717943187919e+05 -3.615792437572741183e+05
1.274087806016273331e+06 -8.471989195724261226e+05 4.413317726407233276e+05 7.222590719956837129e+05 4.464552695862955297e+05 2.888096282776395092e+05 1.319744459186211461e+05 2.265917777875526226e+05 4.562589127716579242e+04 -2.755164116472874302e+06 -2.229360563755359035e+06 -2.045305290466179140e+05 9.525680025130494032e+05 6.779786160700495820e+05 3.905819000875090132e+05 1.495750717943187919e+05 1.058618487656257581e+06 3.662366022050952306e+05
-1.338175776704083255e+05 2.547469295927929052e+05 9.787985147075814893e+04 2.641647612785174861e+05 1.759129829121470539e+04 1.638715243711561779e+05 3.757862954787522904e+04 9.856480940841152915e+04 -1.397725381380651743e+04 -7.218400696497409372e+05 -4.485063063571805251e+05 -3.103844564529379131e+05 2.109509858406138083e+05 2.608060384941752636e+04 -1.104002330757462187e+05 -3.615792437572741183e+05 3.662366022050952306e+05 5.237855841875738697e+05
