# lambda=0.18580001447216804
4.570701206585510075e+07 1.283353729455489852e+07 -2.464758760260201059e+06 -2.350267774701424409e+06 2.607057317597342480e+05 -2.486477623399325821e+05 2.007679175284599114e+04 3.876486883753761067e+05 2.508971971293159877e+05 2.605689263567806687e+06 1.485319998687790893e+07 -1.059612483587258682e+07 -1.737908636101525975e+06 1.332675946535381023e+06 -3.916481352588094305e+05 -6.359574186023107031e+05 9.564869196111328201e+05 3.274204055402749800e+05
1.283353729455489852e+07 1.279471255542499945e+07 1.836926434594267979e+06 -1.440030089841126464e+05 -8.887544512015475193e+05 6.074793848280453822e+05 4.322650547587993788e+05 3.143129024557155208e+05 8.025617794697258796e+04 1.527704885587357683e+06 1.120955507141507231e+07 1.803998505240759579e+06 -1.125913625077568926e+06 4.049158729567496921e+05 -1.196249103911142098e+06 -4.330745443624319159e+05 -1.093193363486537011e+06 -2.298733349760361598e+05
-2.464758760260201059e+06 1.836926434594267979e+06 5.337735120694713667e+06 1.180359534551844932e+06 4.626389965212118113e+05 4.287054287284131278e+05 2.706501994229572010e+05 2.630709407283663168e+05 3.496288325650155457e+04 1.859545429866803810e+06 4.544924855204270221e+06 7.570458744684780948e+06 7.874673985086592147e+05 2.232654915154356509e+06 9.449941075779615858e+03 -2.180339455033691775e+05 8.742821599000941205e+03 1.087875665576023457e+05
-2.350267774701424409e+06 -1.440030089841126464e+05 1.180359534551844932e+06 2.621674177181860898e+06 8.984177685171498451e+05 3.746246793659796822e+05 7.865450489376288897e+04 2.581738871329440444e+05 -4.135842385812460270e+04 4.678798519494692795e+06 1.914428870913943392e+05 3.535612652493915055e+06 1.126029894437020877e+06 5.104544394659877289e+05 3.461429530675441492e+05 -1.010337718647529437e+04 2.054753859100030386e+05 1.774240909745202516e+05
2.607057317597342480e+05 -8.887544512015475193e+05 4.626389965212118113e+05 8.984177685171498451e+05 8.829155244789253920e+05 2.942294253246837179e+05 -7.890512363012345304e+03 1.297844597362535715e+05 8.714269057900595726e+03 2.133979195141198114e+06 7.276005370188503293e+05 9.785452456974397646e+05 4.364459673452987336e+05 9.202346017700082157e+05 4.714603001315861475e+05 7.904053323465423091e+03 4.483396067948557902e+05 1.614159656720463245e+05
-2.486477623399325821e+05 6.074793848280453822e+05 4.287054287284131278e+05 3.746246793659796822e+05 2.942294253246837179e+05 6.124922886962576304e+05 1.100973912555073002e+04 1.645456775156541553e+05 8.239953538672572176e+04 1.573592564245974412e+06 2.877049748278823216e+06 1.165803952005945939e+04 6.318248507805797271e+04 2.144608281990047253e+05 4.976169182189675048e+05 -3.768276327334531379e+04 4.346277127171253596e+03 -4.051046840359827911e+04
2.007679175284599114e+04 4.322650547587993788e+05 2.706501994229572010e+05 7.865450489376288897e+04 -7.890512363012345304e+03 1.100973912555073002e+04 1.677383386048955726e+05 7.430265283564924903e+04 4.897604605852649547e+04 -8.948479814512440935e+05 -2.732387627208215999e+05 1.749533302396063227e+05 -1.539233198108692304e+05 5.196472816974417947e+04 -3.791047993085579219e+04 8.423443551728540115e+03 -7.501189418167271651e+04 3.122913028481359288e+04
3.876486883753761067e+05 3.143129024557155208e+05 2.630709407283663168e+05 2.581738871329440444e+05 1.297844597362535715e+05 1.645456775156541553e+05 7.430265283564924903e+04 2.472333233309371863e+05 6.780517571392262471e+04 1.182192258972714422e+06 1.578550748098535696e+06 -2.225095904672107135e+05 -2.344200368673392804e+05 1.775273854343185667e+05 3.427554895690655685e+05 -1.058234009884808329e+05 3.923084058123362047e+04 2.172458317152637028e+04
2.508971971293159877e+05 8.025617794697258796e+04 3.496288325650155457e+04 -4.135842385812460270e+04 8.714269057900595726e+03 8.239953538672572176e+04 4.897604605852649547e+04 6.780517571392262471e+04 8.460701127842643473e+04 -6.336542532459582435e+05 1.266694900391475530e+06 -4.778011467081799055e+05 5.481046021529305290e+04 9.854881445535771491e+04 1.897949660804753657e+05 -5.230028082355234801e+04 2.983008680959775120e+03 5.683824369179432097e+02
2.605689263567806687e+06 1.527704885587357683e+06 1.859545429866803810e+06 4.678798519494692795e+06 2.133979195141198114e+06 1.573592564245974412e+06 -8.948479814512440935e+05 1.182192258972714422e+06 -6.336542532459582435e+05 1.516176143600857258e+08 2.456274023290139437e+07 4.344502356816730462e+06 -2.654984283608930185e+06 -1.670610297963264165e+06 3.871304293838277925e+06 -1.089747734504320426e+06 -2.143623652149424423e+06 1.325646604613713280e+05
1.485319998687790893e+07 1.120955507141507231e+07 4.544924855204270221e+06 1.914428870913943392e+05 7.276005370188503293e+05 2.877049748278823216e+06 -2.732387627208215999e+05 1.578550748098535696e+06 1.266694900391475530e+06 2.456274023290139437e+07 7.742601392940519750e+07 1.025676212918668287e+06 3.592926455108434428e+06 6.773729719676512294e+06 5.210057689249303192e+06 -1.287351707216542214e+06 1.424775277212113433e+05 -9.278909675253686728e+05
-1.059612483587258682e+07 1.803998505240759579e+06 7.570458744684780948e+06 3.535612652493915055e+06 9.785452456974397646e+05 1.165803952005945939e+04 1.749533302396063227e+05 -2.225095904672107135e+05 -4.778011467081799055e+05 4.344502356816730462e+06 1.025676212918668287e+06 2.538619483003079146e+07 1.423619776644025696e+06 1.987946722805693280e+06 -3.456715221953026950e+06 -6.799816167007602417e+03 -7.501178545529456460e+04 5.602476317411031341e+05
-1.737908636101525975e+06 -1.125913625077568926e+06 7.874673985086592147e+05 1.126029894437020877e+06 4.364459673452987336e+05 6.318248507805797271e+04 -1.539233198108692304e+05 -2.344200368673392804e+05 5.481046021529305290e+04 -2.654984283608930185e+06 3.592926455108434428e+06 1.423619776644025696e+06 5.681394791115152650e+06 1.645981816503565991e+06 5.650456525066772883e+04 -5.017630138693345361e+05 3.808202253346731304e+05 5.106011636129352846e+05
1.332675946535381023e+06 4.049158729567496921e+05 2.232654915154356509e+06 5.104544394659877289e+05 9.202346017700082157e+05 2.144608281990047253e+05 5.196472816974417947e+04 1.775273854343185667e+05 9.854881445535771491e+04 -1.670610297963264165e+06 6.773729719676512294e+06 1.987946722805693280e+06 1.645981816503565991e+06 5.655782070804628544e+06 8.694791137425028719e+05 -2.138952178933476389e+05 4.243842260179134319e+05 4.949780635045597446e+05
-3.916481352588094305e+05 -1.196249103911142098e+06 9.449941075779615858e+03 3.461429530675441492e+05 4.714603001315861475e+05 4.976169182189675048e+05 -3.791047993085579219e+04 3.427554895690655685e+05 1.897949660804753657e+05 3.871304293838277925e+06 5.210057689249303192e+06 -3.456715221953026950e+06 5.650456525066772883e+04 8.694791137425028719e+05 2.299718087875909638e+06 5.340605792314826249e+04 1.982868785433991870e+05 -2.161730229116733535e+05
-6.359574186023107031e+05 -4.330745443624319159e+05 -2.180339455033691775e+05 -1.010337718647529437e+04 7.904053323465423091e+03 -3.768276327334531379e+04 8.423443551728540115e+03 -1.058234009884808329e+05 -5.230028082355234801e+04 -1.089747734504320426e+06 -1.287351707216542214e+06 -6.799816167007602417e+03 -5.017630138693345361e+05 -2.138952178933476389e+05 5.340605792314826249e+04 8.769718974599305075e+05 -3.946953311616439169e+04 -4.786899561764812461e+03
9.564869196111328201e+05 -1.093193363486537011e+06 8.742821599000941205e+03 2.054753859100030386e+05 4.483396067948557902e+05 4.346277127171253596e+03 -7.501189418167271651e+04 3.923084058123362047e+04 2.983008680959775120e+03 -2.143623652149424423e+06 1.424775277212113433e+05 -7.501178545529456460e+04 3.808202253346731304e+05 4.243842260179134319e+05 1.982868785433991870e+05 -3.946953311616439169e+04 8.444041961763650179e+05 1.000447591656590521e+05
3.274204055402749800e+05 -2.298733349760361598e+05 1.087875665576023457e+05 1.774240909745202516e+05 1.614159656720463245e+05 -4.051046840359827911e+04 3.122913028481359288e+04 2.172458317152637028e+04 5.683824369179432097e+02 1.325646604613713280e+05 -9.278909675253686728e+05 5.602476317411031341e+05 5.106011636129352846e+05 4.949780635045597446e+05 -2.161730229116733535e+05 -4.786899561764812461e+03 1.000447591656590521e+05 3.758560538960633567e+05
