# lambda=0.18543262912345823
5.180811878094033897e+07 9.126557011351904366e+05 -5.077441128586655483e+06 -4.073935923942722729e+05 -8.382439594805497909e+05 -8.861900439775101840e+05 9.502418825262145838e+05 1.242518540476418566e+06 6.322367144570014207e+05 1.222966745789096691e+07 1.820283650489796326e+07 -1.659706689686507359e+07 1.223692201919673011e+06 3.188773128613983281e+06 -3.101290469171808218e+05 1.180224135328042554e+06 1.098432869591604220e+06 5.999396930917757563e+05
9.126557011351904366e+05 1.222031867474634573e+07 1.812301066612443421e+06 3.576358270369379316e+05 -2.089650704404918069e+05 8.237087305141935940e+04 -1.611307362991455011e+04 1.403816726198919059e+05 2.482379648374034878e+04 -1.538159418037988059e+07 1.525476011237510294e+07 7.411841395068629645e+06 6.793272487144913757e+05 -7.166855818043985346e+04 1.126354136026825989e+06 9.302400299608794739e+05 -1.021250256704641390e+06 -8.054327561750425957e+05
-5.077441128586655483e+06 1.812301066612443421e+06 6.153405318455373868e+06 7.789651007678795140e+05 5.268001197241770569e+05 -1.007501419870587706e+05 1.585117777445762476e+05 -2.591669434920918502e+04 1.177091376110676501e+05 -1.231782743094794638e+07 -4.459163386908599176e+06 5.914882371036971919e+06 1.538584596085087862e+06 1.466805292669707676e+06 6.022414253445225768e+05 -2.470443165957386955e+05 -4.410328232843164587e+05 -4.039928228940628469e+05
-4.073935923942722729e+05 3.576358270369379316e+05 7.789651007678795140e+05 1.105552868799408199e+06 1.995690410623821663e+04 -1.957737263515134691e+05 -2.948483917864398609e+04 5.522736272230120085e+04 6.020434370180007681e+04 3.184342853958667256e+06 2.722397476583253592e+05 1.984757170225005597e+06 1.520880178904444678e+06 9.252268621088236978e+04 -7.830330118009429134e+04 4.886018176077464159e+04 -7.596837173363326292e+04 -4.302724743106704409e+04
-8.382439594805497909e+05 -2.089650704404918069e+05 5.268001197241770569e+05 1.995690410623821663e+04 4.853980750570892124e+05 1.898299249155932339e+05 1.871688268499238256e+04 -6.836925200347111968e+04 -3.995646171798652358e+04 3.863116854241020512e+06 -1.440745916093940381e+06 6.147045602701082826e+05 4.559434130605096580e+05 4.953377216095040058e+04 1.220305732651139842e+05 -2.371866140675766655e+04 -1.932271584676226485e+05 -9.416429581093191518e+04
-8.861900439775101840e+05 8.237087305141935940e+04 -1.007501419870587706e+05 -1.957737263515134691e+05 1.898299249155932339e+05 7.376113358587420080e+05 1.549824733439216507e+05 -3.064725275563572359e+04 -3.549615386668165593e+04 2.283559791360915173e+06 -1.639421970714253373e+06 -9.989921629133949755e+05 1.785147399586771644e+04 1.194183125204368698e+05 1.674249931241332379e+05 2.655024394690439804e+05 -1.699789173052172118e+05 1.069463384517972881e+05
9.502418825262145838e+05 -1.611307362991455011e+04 1.585117777445762476e+05 -2.948483917864398609e+04 1.871688268499238256e+04 1.549824733439216507e+05 3.044943376012639492e+05 3.754105900601615576e+04 1.716978637296759916e+04 -2.894488536539840279e+05 3.048689375277474392e+04 2.826720043850564252e+04 -1.807479909293607634e+05 1.287007215881839365e+05 1.905456464858434265e+04 1.437819178054279473e+05 -3.182764565700359890e+04 -1.120586749739991792e+05
1.242518540476418566e+06 1.403816726198919059e+05 -2.591669434920918502e+04 5.522736272230120085e+04 -6.836925200347111968e+04 -3.064725275563572359e+04 3.754105900601615576e+04 1.001683835034812219e+05 3.979473485471530148e+04 3.511197622186915250e+05 9.151158254366869805e+05 -1.681484594900949160e+05 2.977583602276842576e+05 1.909615827023673919e+05 -4.246048231910436880e+04 3.327223401460774767e+04 6.925919550694889040e+02 5.880227749106388364e+04
6.322367144570014207e+05 2.482379648374034878e+04 1.177091376110676501e+05 6.020434370180007681e+04 -3.995646171798652358e+04 -3.549615386668165593e+04 1.716978637296759916e+04 3.979473485471530148e+04 8.368733109796616191e+04 -7.796748399098397931e+05 2.518841343948486028e+05 -2.244918511388996558e+05 2.401825368501891789e+05 -1.160033972898326465e+04 -5.530550344209117611e+04 5.809304711987843621e+04 -1.858595661056840618e+04 3.337484871715650661e+04
1.222966745789096691e+07 -1.538159418037988059e+07 -1.231782743094794638e+07 3.184342853958667256e+06 3.863116854241020512e+06 2.283559791360915173e+06 -2.894488536539840279e+05 3.511197622186915250e+05 -7.796748399098397931e+05 3.098492803717747927e+08 1.575802230696466751e+07 -2.680926468288913742e+07 2.461330391712736338e+07 5.635373764789840207e+05 1.193040295493694575e+05 1.475796997056406224e+06 4.557184571609426057e+05 4.080380680621788837e+06
1.820283650489796326e+07 1.525476011237510294e+07 -4.459163386908599176e+06 2.722397476583253592e+05 -1.440745916093940381e+06 -1.639421970714253373e+06 3.048689375277474392e+04 9.151158254366869805e+05 2.518841343948486028e+05 1.575802230696466751e+07 7.595497221979101002e+07 4.674479540470473468e+06 -3.345653182041873224e+06 -5.115544599897772074e+06 5.728762888064301806e+05 2.791998519435479539e+05 -2.305946899261706858e+05 -2.039577472532606334e+05
-1.659706689686507359e+07 7.411841395068629645e+06 5.914882371036971919e+06 1.984757170225005597e+06 6.147045602701082826e+05 -9.989921629133949755e+05 2.826720043850564252e+04 -1.681484594900949160e+05 -2.244918511388996558e+05 -2.680926468288913742e+07 4.674479540470473468e+06 2.840870263695365563e+07 1.449690833503515925e+06 -2.034504401069406187e+06 1.356887624326048419e+06 -8.876444461586043471e+05 -4.855152739238760114e+04 -1.615426052282492863e+06
1.223692201919673011e+06 6.793272487144913757e+05 1.538584596085087862e+06 1.520880178904444678e+06 4.559434130605096580e+05 1.785147399586771644e+04 -1.807479909293607634e+05 2.977583602276842576e+05 2.401825368501891789e+05 2.461330391712736338e+07 -3.345653182041873224e+06 1.449690833503515925e+06 9.315426251889450476e+06 2.492066389661218040e+06 1.469284134302501916e+05 1.636093522466187715e+05 3.170606408190147486e+05 7.282825523968909401e+05
3.188773128613983281e+06 -7.166855818043985346e+04 1.466805292669707676e+06 9.252268621088236978e+04 4.953377216095040058e+04 1.194183125204368698e+05 1.287007215881839365e+05 1.909615827023673919e+05 -1.160033972898326465e+04 5.635373764789840207e+05 -5.115544599897772074e+06 -2.034504401069406187e+06 2.492066389661218040e+06 4.819823196050165221e+06 3.063150925994450226e+05 -2.287249657946116640e+05 8.708862435145578638e+04 5.339037020335358102e+05
-3.101290469171808218e+05 1.126354136026825989e+06 6.022414253445225768e+05 -7.830330118009429134e+04 1.220305732651139842e+05 1.674249931241332379e+05 1.905456464858434265e+04 -4.246048231910436880e+04 -5.530550344209117611e+04 1.193040295493694575e+05 5.728762888064301806e+05 1.356887624326048419e+06 1.469284134302501916e+05 3.063150925994450226e+05 8.917853292775978334e+05 2.729729149368138751e+05 -6.184321994140811876e+04 -1.485706540393776959e+05
1.180224135328042554e+06 9.302400299608794739e+05 -2.470443165957386955e+05 4.886018176077464159e+04 -2.371866140675766655e+04 2.655024394690439804e+05 1.437819178054279473e+05 3.327223401460774767e+04 5.809304711987843621e+04 1.475796997056406224e+06 2.791998519435479539e+05 -8.876444461586043471e+05 1.636093522466187715e+05 -2.287249657946116640e+05 2.729729149368138751e+05 1.178751993430327857e+06 -2.655082850676857634e+05 -3.230587799665794009e+05
1.098432869591604220e+06 -1.021250256704641390e+06 -4.410328232843164587e+05 -7.596837173363326292e+04 -1.932271584676226485e+05 -1.699789173052172118e+05 -3.182764565700359890e+04 6.925919550694889040e+02 -1.858595661056840618e+04 4.557184571609426057e+05 -2.305946899261706858e+05 -4.855152739238760114e+04 3.170606408190147486e+05 8.708862435145578638e+04 -6.184321994140811876e+04 -2.655082850676857634e+05 8.879377401436640648e+05 4.110093485913117765e+05
5.999396930917757563e+05 -8.054327561750425957e+05 -4.039928228940628469e+05 -4.302724743106704409e+04 -9.416429581093191518e+04 1.069463384517972881e+05 -1.120586749739991792e+05 5.880227749106388364e+04 3.337484871715650661e+04 4.080380680621788837e+06 -2.039577472532606334e+05 -1.615426052282492863e+06 7.282825523968909401e+05 5.339037020335358102e+05 -1.485706540393776959e+05 -3.230587799665794009e+05 4.110093485913117765e+05 7.861467074103736086e+05
