# lambda=0.1141812076917524
3.714452839984228462e+07 3.976064015997239389e+06 3.979440818935202900e+06 9.690942218413125374e+04 7.542288015654414194e+05 2.192975316225900897e+05 2.958171944202830782e+05 1.389994694201933453e+06 8.238811700865885941e+05 3.033939447355589643e+07 -2.547629262390248012e+06 2.140070799792868551e+06 -6.954994355732217664e+05 2.521426879873297177e+06 -3.753144044884211326e+04 -1.439715825699941022e+06 1.212991634510230506e+06 1.317024946128148818e+06
3.976064015997239389e+06 1.843069844688179716e+07 4.553863370336999185e+06 9.290875731012889883e+05 8.992984160982550820e+05 3.863895950438932050e+05 -1.017157445244555827e+06 4.604624926818079548e+05 7.871007796885886928e+05 -7.577462828859687783e+06 -1.006751878995701903e+06 -8.543910029387243558e+05 3.933482551007434813e+04 -6.395463229563885834e+05 -1.920668992080068914e+06 -1.341022480464793043e+06 6.323787206813957309e+05 -1.468982780587362358e+05
3.979440818935202900e+06 4.553863370336999185e+06 4.556491467349737883e+06 7.745808330639678752e+05 7.044522293092228938e+05 -3.175446627198622446e+05 -2.488334840700084169e+05 2.155921230480812665e+05 2.949210946030539344e+05 1.183753537123752758e+07 2.725306666422522627e+06 2.479362197089656722e+06 7.626121545639423421e+05 5.414541353037632376e+01 -1.346056467603274155e+06 -9.773235568552202312e+05 6.766418346288036264e+04 -6.903530566946562612e+04
9.690942218413125374e+04 9.290875731012889883e+05 7.745808330639678752e+05 2.503527329130125698e+06 2.284124123202592018e+05 1.175785358473714405e+04 -4.696868865524056018e+05 -3.327140528977254871e+05 -8.604484858443983831e+04 -7.281050589409109205e+06 -1.422977296085635433e+06 -7.229050736020283075e+05 1.180146333907232154e+06 2.010987200793967640e+05 -4.323829593403900508e+05 -5.835884315958757652e+05 -3.028341833972643944e+05 -2.028858542450672248e+05
7.542288015654414194e+05 8.992984160982550820e+05 7.044522293092228938e+05 2.284124123202592018e+05 8.125795380516462028e+05 2.161047172131215575e+03 -1.090920105616814544e+04 1.058942686111701623e+05 6.974191050415404607e+04 3.045391998548517004e+06 -1.078837692183264531e+06 1.135854555714448681e+06 7.347877726136540296e+05 5.631528478819937445e+05 -1.532768196594158071e+05 -3.518987136632186011e+05 1.603809016700429311e+04 6.282641787193193886e+04
2.192975316225900897e+05 3.863895950438932050e+05 -3.175446627198622446e+05 1.175785358473714405e+04 2.161047172131215575e+03 4.313929390318497317e+05 3.853676032992632099e+04 1.081846180351466728e+03 5.949132641332114872e+04 -2.404952068777903449e+06 -5.449826945703014499e+05 -8.068767616544007615e+04 -3.702696770962598966e+05 -1.982265220791001339e+05 2.933497842590093496e+05 -6.080500227109355183e+04 6.517467154144130473e+04 -5.930258079600825295e+04
2.958171944202830782e+05 -1.017157445244555827e+06 -2.488334840700084169e+05 -4.696868865524056018e+05 -1.090920105616814544e+04 3.853676032992632099e+04 3.357301155128016253e+05 7.668449978827344603e+04 9.330550339013423581e+03 2.295773067787835374e+06 1.153727583839905215e+06 -1.779921799419661693e+05 -1.658911349036644388e+05 2.206075005513871147e+05 3.512577184974583215e+05 3.644161169887862634e+05 6.783755461716969148e+04 6.078438321266842104e+04
1.389994694201933453e+06 4.604624926818079548e+05 2.155921230480812665e+05 -3.327140528977254871e+05 1.058942686111701623e+05 1.081846180351466728e+03 7.668449978827344603e+04 2.676374885721130995e+05 1.081194959491639020e+05 1.066942927945461823e+06 -1.353373469515534351e+06 -4.041429670517438208e+05 -4.053600963387539960e+05 5.188793576253086794e+05 1.809560429885555059e+05 8.649755153070350934e+04 1.484404634086572041e+05 1.476429995445442619e+05
8.238811700865885941e+05 7.871007796885886928e+05 2.949210946030539344e+05 -8.604484858443983831e+04 6.974191050415404607e+04 5.949132641332114872e+04 9.330550339013423581e+03 1.081194959491639020e+05 1.243002665968268557e+05 4.234473790370599600e+05 -5.562358877029147698e+05 1.585867399138122564e+05 -2.194143191510859760e+05 8.288732374294189503e+04 -8.699284045871983835e+03 -3.140756180709819455e+04 3.880683105895194603e+04 8.240845837232058693e+04
3.033939447355589643e+07 -7.577462828859687783e+06 1.183753537123752758e+07 -7.281050589409109205e+06 3.045391998548517004e+06 -2.404952068777903449e+06 2.295773067787835374e+06 1.066942927945461823e+06 4.234473790370599600e+05 3.108598472537761927e+08 2.250546342375726625e+07 2.228851185651198402e+07 1.657557431516195461e+07 -9.186085972230596468e+06 3.410975802933557588e+03 -4.359902841720009223e+06 1.521170204545732355e+06 1.149381129887489369e+06
-2.547629262390248012e+06 -1.006751878995701903e+06 2.725306666422522627e+06 -1.422977296085635433e+06 -1.078837692183264531e+06 -5.449826945703014499e+05 1.153727583839905215e+06 -1.353373469515534351e+06 -5.562358877029147698e+05 2.250546342375726625e+07 5.379469903140026331e+07 9.178315786631762981e+06 9.053209893639388029e+05 -2.292491491701667663e+06 -3.086859995124235284e+06 1.607068135931648314e+06 -9.916063017036954407e+05 -1.407130351272727828e+06
2.140070799792868551e+06 -8.543910029387243558e+05 2.479362197089656722e+06 -7.229050736020283075e+05 1.135854555714448681e+06 -8.068767616544007615e+04 -1.779921799419661693e+05 -4.041429670517438208e+05 1.585867399138122564e+05 2.228851185651198402e+07 9.178315786631762981e+06 2.382897799293318391e+07 3.369538921121200547e+06 -2.258115435550872702e+06 -4.360418708851939300e+05 -9.611059069519406185e+05 -5.691490357925645076e+05 6.731970755572967755e+04
-6.954994355732217664e+05 3.933482551007434813e+04 7.626121545639423421e+05 1.180146333907232154e+06 7.347877726136540296e+05 -3.702696770962598966e+05 -1.658911349036644388e+05 -4.053600963387539960e+05 -2.194143191510859760e+05 1.657557431516195461e+07 9.053209893639388029e+05 3.369538921121200547e+06 6.859190685900556855e+06 -3.675639690962556633e+05 -1.327116255626154831e+06 -1.491093563094778685e+06 -3.482030093723364989e+05 -1.344356869831415534e+05
2.521426879873297177e+06 -6.395463229563885834e+05 5.414541353037632376e+01 2.010987200793967640e+05 5.631528478819937445e+05 -1.982265220791001339e+05 2.206075005513871147e+05 5.188793576253086794e+05 8.288732374294189503e+04 -9.186085972230596468e+06 -2.292491491701667663e+06 -2.258115435550872702e+06 -3.675639690962556633e+05 3.704960895654138643e+06 1.103919115831213712e+05 1.242639673827581428e+05 2.296105274562656996e+05 5.067970596973679494e+05
-3.753144044884211326e+04 -1.920668992080068914e+06 -1.346056467603274155e+06 -4.323829593403900508e+05 -1.532768196594158071e+05 2.933497842590093496e+05 3.512577184974583215e+05 1.809560429885555059e+05 -8.699284045871983835e+03 3.410975802933557588e+03 -3.086859995124235284e+06 -4.360418708851939300e+05 -1.327116255626154831e+06 1.103919115831213712e+05 3.382727097338123247e+06 9.636477155099213123e+05 6.932530000793380896e+05 3.433486708241666784e+05
-1.439715825699941022e+06 -1.341022480464793043e+06 -9.773235568552202312e+05 -5.835884315958757652e+05 -3.518987136632186011e+05 -6.080500227109355183e+04 3.644161169887862634e+05 8.649755153070350934e+04 -3.140756180709819455e+04 -4.359902841720009223e+06 1.607068135931648314e+06 -9.611059069519406185e+05 -1.491093563094778685e+06 1.242639673827581428e+05 9.636477155099213123e+05 1.780998418978625210e+06 1.488416622516925781e+04 2.164236676235732739e+05
1.212991634510230506e+06 6.323787206813957309e+05 6.766418346288036264e+04 -3.028341833972643944e+05 1.603809016700429311e+04 6.517467154144130473e+04 6.783755461716969148e+04 1.484404634086572041e+05 3.880683105895194603e+04 1.521170204545732355e+06 -9.916063017036954407e+05 -5.691490357925645076e+05 -3.482030093723364989e+05 2.296105274562656996e+05 6.932530000793380896e+05 1.488416622516925781e+04 4.762787456605646294e+05 1.215133583311205730e+05
1.317024946128148818e+06 -1.468982780587362358e+05 -6.903530566946562612e+04 -2.028858542450672248e+05 6.282641787193193886e+04 -5.930258079600825295e+04 6.078438321266842104e+04 1.476429995445442619e+05 8.240845837232058693e+04 1.149381129887489369e+06 -1.407130351272727828e+06 6.731970755572967755e+04 -1.344356869831415534e+05 5.067970596973679494e+05 3.433486708241666784e+05 2.164236676235732739e+05 1.215133583311205730e+05 3.939643010833748849e+05
