# lambda=0.11404629944431562
4.379654575669217110e+07 5.719357018195605837e+06 -1.348865516265850049e+06 3.972020118156236131e+06 1.468552644621691667e+06 -9.189354711169565562e+05 -1.908418963074781932e+05 -6.683514039049687563e+05 -1.210874319695676677e+05 1.876693460967469960e+07 9.979551568453794345e+06 -8.548267162604579702e+06 -1.188362335636111442e+06 1.448160228940481320e+06 -3.415020772035270929e+06 1.975756769903171342e+06 1.293643969806138330e+02 -1.178100999788502464e+06
5.719357018195605837e+06 1.334811054724751972e+07 3.149494114001481794e+05 8.076430742196118226e+05 1.076718236120043788e+06 7.348807186872900929e+05 1.161347824194994319e+05 -5.114418139551926288e+04 -1.200141261274161225e+05 -9.787909523576689884e+06 -3.674352777639422566e+06 7.851975127569403267e+05 2.549335386001704261e+06 2.402217250997982454e+06 3.624773798444387503e+06 8.962586867287504720e+05 -1.127709646969038993e+06 -6.244442630014315946e+05
-1.348865516265850049e+06 3.149494114001481794e+05 4.719769945659155957e+06 -2.189724680800435017e+05 -4.072580685852734023e+05 4.258849740239169332e+05 3.629462550817577285e+05 -7.450445769540959736e+04 1.335065881747907260e+05 -4.007055784782965202e+06 -2.075605097473004367e+06 2.529317368967509829e+06 1.422112760408406612e+06 8.561538808984437492e+04 1.011582190435846569e+06 1.399977033753346477e+05 -3.909639711156780249e+05 5.518400257530342788e+05
3.972020118156236131e+06 8.076430742196118226e+05 -2.189724680800435017e+05 1.360046323614483001e+06 2.986517008884722600e+05 1.042587218092719559e+05 -1.293302675933187711e+05 -1.896127502998035197e+04 2.002901444627704041e+04 3.495888744318879326e+05 -8.282098659055667231e+05 -5.643732053844847251e+05 8.890695230489767855e+05 -4.183877367679103045e+05 -7.449710247772936709e+05 -2.811423013678689022e+05 -1.138196096676193411e+05 -3.967857470556109183e+04
1.468552644621691667e+06 1.076718236120043788e+06 -4.072580685852734023e+05 2.986517008884722600e+05 9.716090054898443632e+05 2.467085327057224931e+05 -9.565815163474177825e+04 -1.245555065571565647e+05 -3.932105514263897931e+04 1.740454146154489834e+06 1.741180191874848213e+06 9.252667739679876831e+04 -1.812113567477646866e+05 4.348396528838347294e+05 8.347437508747817483e+05 3.943831696457786602e+05 -3.720205276804542518e+05 -3.859332701367688132e+05
-9.189354711169565562e+05 7.348807186872900929e+05 4.258849740239169332e+05 1.042587218092719559e+05 2.467085327057224931e+05 6.040683685711757280e+05 1.128912068128789397e+05 -4.376557566252609831e+04 8.477310512891021790e+04 -5.387383931173558813e+04 -1.323081773481197306e+05 5.234561145033590146e+05 -4.473192212839560234e+05 3.489493805061247258e+04 1.090869989342460176e+06 3.483222318637386779e+05 -1.667739435608455096e+05 8.242603457124336273e+04
-1.908418963074781932e+05 1.161347824194994319e+05 3.629462550817577285e+05 -1.293302675933187711e+05 -9.565815163474177825e+04 1.128912068128789397e+05 3.198621499705110909e+05 3.265336592771619689e+04 7.379985319838687428e+04 6.322589200132664992e+05 9.481339632116061694e+04 3.209034982261131518e+04 -2.135455726266687561e+05 -9.680140434102456493e+04 5.223457591224326752e+05 -4.961067699487240316e+04 -2.513009984079706192e+05 1.599943570310201903e+05
-6.683514039049687563e+05 -5.114418139551926288e+04 -7.450445769540959736e+04 -1.896127502998035197e+04 -1.245555065571565647e+05 -4.376557566252609831e+04 3.265336592771619689e+04 2.052098543581800477e+05 8.556735197085698019e+03 -3.602455734169534873e+06 -1.181551026691902662e+06 4.652826319527785527e+05 -5.927989377658960439e+04 -6.540313313092291355e+04 -3.130441493153923075e+05 -1.911515035452313314e+05 1.404580140254227736e+05 1.453404250147245766e+05
-1.210874319695676677e+05 -1.200141261274161225e+05 1.335065881747907260e+05 2.002901444627704041e+04 -3.932105514263897931e+04 8.477310512891021790e+04 7.379985319838687428e+04 8.556735197085698019e+03 9.171382490044042061e+04 1.503715288299794192e+05 -2.496238856680980243e+05 3.242880253523656575e+04 -2.574209800487380417e+05 -3.433473193369773071e+04 1.377745109904610727e+05 -6.086258284089051449e+04 1.064086154927587449e+04 1.074148680399217556e+05
1.876693460967469960e+07 -9.787909523576689884e+06 -4.007055784782965202e+06 3.495888744318879326e+05 1.740454146154489834e+06 -5.387383931173558813e+04 6.322589200132664992e+05 -3.602455734169534873e+06 1.503715288299794192e+05 2.405307482740670741e+08 8.542010866143551469e+07 9.458356699729017913e+06 9.350652407115517184e+06 -5.171696582604036666e+06 5.015483219009810127e+06 1.685427094331249362e+06 -8.837665087705975398e+06 -3.114518994417740032e+06
9.979551568453794345e+06 -3.674352777639422566e+06 -2.075605097473004367e+06 -8.282098659055667231e+05 1.741180191874848213e+06 -1.323081773481197306e+05 9.481339632116061694e+04 -1.181551026691902662e+06 -2.496238856680980243e+05 8.542010866143551469e+07 6.062106814356018603e+07 7.796345909039244056e+06 3.914463546184624080e+06 1.108434851960308697e+04 2.064749623351523769e+04 3.854229637315650005e+06 -2.133427769824991003e+06 -2.563562043813011609e+06
-8.548267162604579702e+06 7.851975127569403267e+05 2.529317368967509829e+06 -5.643732053844847251e+05 9.252667739679876831e+04 5.234561145033590146e+05 3.209034982261131518e+04 4.652826319527785527e+05 3.242880253523656575e+04 9.458356699729017913e+06 7.796345909039244056e+06 1.780765073299037293e+07 5.541774215575465001e+06 1.465917301542276051e+06 2.411455067530570552e+06 -1.049149623881819658e+06 -2.281918447023515590e+06 -4.077066680666593020e+05
-1.188362335636111442e+06 2.549335386001704261e+06 1.422112760408406612e+06 8.890695230489767855e+05 -1.812113567477646866e+05 -4.473192212839560234e+05 -2.135455726266687561e+05 -5.927989377658960439e+04 -2.574209800487380417e+05 9.350652407115517184e+06 3.914463546184624080e+06 5.541774215575465001e+06 8.968760516035370529e+06 1.238957712098838761e+06 8.815632977658392338e+04 -2.020534591191455023e+06 -1.105310917483829195e+06 -1.390488173702139757e+05
1.448160228940481320e+06 2.402217250997982454e+06 8.561538808984437492e+04 -4.183877367679103045e+05 4.348396528838347294e+05 3.489493805061247258e+04 -9.680140434102456493e+04 -6.540313313092291355e+04 -3.433473193369773071e+04 -5.171696582604036666e+06 1.108434851960308697e+04 1.465917301542276051e+06 1.238957712098838761e+06 4.169814149680874776e+06 1.197297662769236369e+06 -1.745265477976184920e+05 -1.230777779792759684e+05 2.119396091379276768e+05
-3.415020772035270929e+06 3.624773798444387503e+06 1.011582190435846569e+06 -7.449710247772936709e+05 8.347437508747817483e+05 1.090869989342460176e+06 5.223457591224326752e+05 -3.130441493153923075e+05 1.377745109904610727e+05 5.015483219009810127e+06 2.064749623351523769e+04 2.411455067530570552e+06 8.815632977658392338e+04 1.197297662769236369e+06 5.820790094760571606e+06 6.188281138077926589e+05 -1.371174853507964639e+06 -2.238402616679448111e+05
1.975756769903171342e+06 8.962586867287504720e+05 1.399977033753346477e+05 -2.811423013678689022e+05 3.943831696457786602e+05 3.483222318637386779e+05 -4.961067699487240316e+04 -1.911515035452313314e+05 -6.086258284089051449e+04 1.685427094331249362e+06 3.854229637315650005e+06 -1.049149623881819658e+06 -2.020534591191455023e+06 -1.745265477976184920e+05 6.188281138077926589e+05 1.957281802612798754e+06 2.035355092287353473e+05 -4.219076223526303074e+05
1.293643969806138330e+02 -1.127709646969038993e+06 -3.909639711156780249e+05 -1.138196096676193411e+05 -3.720205276804542518e+05 -1.667739435608455096e+05 -2.513009984079706192e+05 1.404580140254227736e+05 1.064086154927587449e+04 -8.837665087705975398e+06 -2.133427769824991003e+06 -2.281918447023515590e+06 -1.105310917483829195e+06 -1.230777779792759684e+05 -1.371174853507964639e+06 2.035355092287353473e+05 1.472738813647708390e+06 2.938979270768358838e+05
-1.178100999788502464e+06 -6.244442630014315946e+05 5.518400257530342788e+05 -3.967857470556109183e+04 -3.859332701367688132e+05 8.242603457124336273e+04 1.599943570310201903e+05 1.453404250147245766e+05 1.074148680399217556e+05 -3.114518994417740032e+06 -2.563562043813011609e+06 -4.077066680666593020e+05 -1.390488173702139757e+05 2.119396091379276768e+05 -2.238402616679448111e+05 -4.219076223526303074e+05 2.938979270768358838e+05 6.633525201714717550e+05
