# lambda=0.15654228826591884
2.516279135907599330e+07 7.740195764227216132e+05 1.104854081513136858e+06 -2.271335648766669445e+06 -1.187986197015627986e+06 -1.127722675530300185e+05 -5.555006612037483137e+05 1.951872572724076745e+05 -2.638683897742886911e+05 -1.262895972275052033e+07 2.986315519209441263e+06 -4.831795497709544376e+06 -5.751079439415690489e+06 1.431969702512032818e+06 -1.813008084318638081e+06 -1.650757080696717137e+06 -3.974796269028768293e+05 -1.952349465342204785e+06
7.740195764227216132e+05 1.331392206634486094e+07 4.727485889637219952e+05 4.429797945871921838e+05 1.084102201740238117e+06 8.996779846793835168e+04 2.819925014904924901e+05 4.536822142743081786e+05 4.335076818807062227e+05 1.101732143354491517e+07 1.138479479930427112e+07 1.067835828301145462e+06 2.484177023351670709e+06 2.047380518881967757e+06 -6.002115526996747358e+05 1.887604665359662613e+06 3.778436792243091622e+05 -4.472236045919665776e+04
1.104854081513136858e+06 4.727485889637219952e+05 5.034200417202392593e+06 1.003792732147431234e+06 -1.421689614412928349e+05 1.130644004308148142e+05 -8.482411646039418702e+04 2.428959420467794989e+05 1.757291667968570255e+05 3.757139470865987241e+06 -3.744627117666891718e+04 -1.641183587527193886e+05 -1.864016816593219701e+05 -8.080450100037954981e+05 -2.738747648832907435e+05 -5.654564854824055219e+05 2.382920521433130489e+05 4.238058846662282594e+05
-2.271335648766669445e+06 4.429797945871921838e+05 1.003792732147431234e+06 1.470995770106681390e+06 4.051299844948459213e+04 -2.473389349350028351e+04 1.684166098570695031e+05 7.334729643541591940e+04 1.130778037045456585e+05 3.670212897774440702e+06 -2.190071711274907459e+06 1.535898036993289366e+06 4.686472910918698472e+04 -3.356677780157843954e+05 2.524406654772593174e+05 -5.489846967755067162e+05 -1.171865162457333936e+05 4.817301038860840490e+05
-1.187986197015627986e+06 1.084102201740238117e+06 -1.421689614412928349e+05 4.051299844948459213e+04 6.995618907838901505e+05 8.585722855956119020e+04 1.491942993811560737e+05 4.103174385699572304e+04 4.004935628766662558e+04 1.160696535709576216e+06 9.830327207551079337e+05 4.785446553431740613e+05 9.189764003483275883e+05 6.976013282283954322e+05 -2.117946993508118321e+05 4.253062209169683629e+05 1.220503608523139883e+04 2.099884039099238289e+05
-1.127722675530300185e+05 8.996779846793835168e+04 1.130644004308148142e+05 -2.473389349350028351e+04 8.585722855956119020e+04 4.475105022180498345e+05 -3.473187446482318137e+03 1.008876568051058712e+05 4.249240944749069604e+04 1.736862408638645895e+06 1.828891726764447056e+06 -1.422147040490168147e+06 -9.560406724692556309e+05 1.001859626095084532e+05 1.774556779060382105e+05 -3.802720010210706096e+04 -5.692051893159101746e+04 -1.339451287598911440e+05
-5.555006612037483137e+05 2.819925014904924901e+05 -8.482411646039418702e+04 1.684166098570695031e+05 1.491942993811560737e+05 -3.473187446482318137e+03 2.637839885033247410e+05 7.930099343424011022e+04 1.066807523463867547e+05 1.222282064525960246e+06 1.317278848060309188e+06 2.941483294900511974e+05 1.141875856139041571e+05 1.380440349770362373e+05 1.407521393095559870e+04 5.188119756536813838e+03 -5.078929066008082737e+04 1.361864233190525265e+05
1.951872572724076745e+05 4.536822142743081786e+05 2.428959420467794989e+05 7.334729643541591940e+04 4.103174385699572304e+04 1.008876568051058712e+05 7.930099343424011022e+04 2.151856249825264968e+05 1.349114612812076521e+05 1.984613062844905769e+06 1.272770452167850453e+06 -3.222182863005072577e+05 -3.405550052071157261e+05 -1.890252026759119472e+05 3.058584148950852978e+04 1.320136269715992385e+05 1.507898910855021677e+05 1.903047648406935041e+05
-2.638683897742886911e+05 4.335076818807062227e+05 1.757291667968570255e+05 1.130778037045456585e+05 4.004935628766662558e+04 4.249240944749069604e+04 1.066807523463867547e+05 1.349114612812076521e+05 1.725100377372865041e+05 1.359653285743057262e+06 1.248017423348197015e+06 3.170874578321549052e+04 -3.176072527762653190e+05 -1.332352197754711669e+05 4.142614872083895170e+04 3.016918870539877025e+04 9.269524243651343568e+04 1.903721910021705553e+05
-1.262895972275052033e+07 1.101732143354491517e+07 3.757139470865987241e+06 3.670212897774440702e+06 1.160696535709576216e+06 1.736862408638645895e+06 1.222282064525960246e+06 1.984613062844905769e+06 1.359653285743057262e+06 1.909024319766340554e+08 3.976297911843129247e+07 -3.736686011878705118e+06 -2.312307621427638922e+06 9.617519417679796461e+05 5.381150594141587615e+06 4.614346186989821494e+06 1.865165262673597550e+06 -1.075057550868153572e+06
2.986315519209441263e+06 1.138479479930427112e+07 -3.744627117666891718e+04 -2.190071711274907459e+06 9.830327207551079337e+05 1.828891726764447056e+06 1.317278848060309188e+06 1.272770452167850453e+06 1.248017423348197015e+06 3.976297911843129247e+07 7.228893889996455610e+07 2.099819368892746978e+06 3.561255631812649779e+06 4.564718576046476141e+06 1.606491368796256604e+06 4.306681963234111667e+06 1.134007346390059218e+06 -1.339791774781302316e+06
-4.831795497709544376e+06 1.067835828301145462e+06 -1.641183587527193886e+05 1.535898036993289366e+06 4.785446553431740613e+05 -1.422147040490168147e+06 2.941483294900511974e+05 -3.222182863005072577e+05 3.170874578321549052e+04 -3.736686011878705118e+06 2.099819368892746978e+06 3.536960452835496515e+07 1.047762781845635921e+07 1.774298796797689516e+06 -5.641715146657248959e+06 1.914229030359940603e+06 -3.125395072676230338e+05 2.719808397046308499e+06
-5.751079439415690489e+06 2.484177023351670709e+06 -1.864016816593219701e+05 4.686472910918698472e+04 9.189764003483275883e+05 -9.560406724692556309e+05 1.141875856139041571e+05 -3.405550052071157261e+05 -3.176072527762653190e+05 -2.312307621427638922e+06 3.561255631812649779e+06 1.047762781845635921e+07 1.317148735176227055e+07 2.243913203365588095e+06 -1.232352988611209206e+06 1.226307613783935318e+06 -4.185530450449355158e+03 3.309204753668335034e+05
1.431969702512032818e+06 2.047380518881967757e+06 -8.080450100037954981e+05 -3.356677780157843954e+05 6.976013282283954322e+05 1.001859626095084532e+05 1.380440349770362373e+05 -1.890252026759119472e+05 -1.332352197754711669e+05 9.617519417679796461e+05 4.564718576046476141e+06 1.774298796797689516e+06 2.243913203365588095e+06 3.106432049445515033e+06 -1.086826988068012288e+06 2.944810771139863573e+04 -5.975090673564999597e+05 -5.231501523764003068e+05
-1.813008084318638081e+06 -6.002115526996747358e+05 -2.738747648832907435e+05 2.524406654772593174e+05 -2.117946993508118321e+05 1.774556779060382105e+05 1.407521393095559870e+04 3.058584148950852978e+04 4.142614872083895170e+04 5.381150594141587615e+06 1.606491368796256604e+06 -5.641715146657248959e+06 -1.232352988611209206e+06 -1.086826988068012288e+06 2.482996886493005324e+06 -2.421999062889842899e+05 3.035783931337187532e+05 -4.201392040764903650e+05
-1.650757080696717137e+06 1.887604665359662613e+06 -5.654564854824055219e+05 -5.489846967755067162e+05 4.253062209169683629e+05 -3.802720010210706096e+04 5.188119756536813838e+03 1.320136269715992385e+05 3.016918870539877025e+04 4.614346186989821494e+06 4.306681963234111667e+06 1.914229030359940603e+06 1.226307613783935318e+06 2.944810771139863573e+04 -2.421999062889842899e+05 2.025409035449964460e+06 2.588710422680982738e+05 2.910272633462455124e+05
-3.974796269028768293e+05 3.778436792243091622e+05 2.382920521433130489e+05 -1.171865162457333936e+05 1.220503608523139883e+04 -5.692051893159101746e+04 -5.078929066008082737e+04 1.507898910855021677e+05 9.269524243651343568e+04 1.865165262673597550e+06 1.134007346390059218e+06 -3.125395072676230338e+05 -4.185530450449355158e+03 -5.975090673564999597e+05 3.035783931337187532e+05 2.588710422680982738e+05 7.753530375443634111e+05 3.140149884329478955e+05
-1.952349465342204785e+06 -4.472236045919665776e+04 4.238058846662282594e+05 4.817301038860840490e+05 2.099884039099238289e+05 -1.339451287598911440e+05 1.361864233190525265e+05 1.903047648406935041e+05 1.903721910021705553e+05 -1.075057550868153572e+06 -1.339791774781302316e+06 2.719808397046308499e+06 3.309204753668335034e+05 -5.231501523764003068e+05 -4.201392040764903650e+05 2.910272633462455124e+05 3.140149884329478955e+05 1.106740281206110492e+06
