# lambda=0.19413750795528312
5.609275601555300504e+07 -8.137776000780045055e+06 -6.046779866609352641e+06 2.800545625170833664e+05 1.404862064617684111e+06 9.463442348719365327e+03 8.030429685086639074e+04 6.803052005508891307e+05 1.462286297340645397e+05 7.467407119954475760e+07 8.356297299668754451e+06 4.667490469344904996e+05 -5.117628447664870881e+06 -6.811796143223250285e+06 -3.787767809996282216e+06 -1.292624799588160357e+06 2.040485696897643618e+06 -9.472274330913621234e+05
-8.137776000780045055e+06 1.673706508099347726e+07 1.346397893464757362e+06 1.088304551694323076e+06 1.226628054397297557e+06 4.449583679250059649e+05 -3.706240651649056235e+04 -6.801883821974224702e+03 -1.446941603527576954e+05 4.928362667730868794e+06 9.513991750766852871e+06 3.607577004187071696e+06 -1.849487189559100429e+06 -3.694857512656843755e+05 -9.069049369291361654e+05 5.421847800077014836e+05 5.068826444747412461e+05 5.263228830463319318e+05
-6.046779866609352641e+06 1.346397893464757362e+06 4.339085526069713756e+06 1.088250300386514515e+06 -2.374055756861824921e+04 -3.668630666349615785e+05 -2.134357515707903367e+05 1.577245839081066661e+05 8.623706894287689647e+04 -3.323385862443826627e+06 -1.300022267528971890e+06 -4.376945355836466188e+05 2.302613958628764842e+06 5.143458296002635034e+05 -8.598476476046702373e+03 5.636291861405923264e+05 2.730481766816549934e+05 6.048991737635686295e+05
2.800545625170833664e+05 1.088304551694323076e+06 1.088250300386514515e+06 2.069573618628051365e+06 6.836143013453291496e+05 -2.802724427752598785e+04 -1.188788994778893248e+05 -1.385625366146794986e+05 3.198381407952540030e+04 3.809018440990067553e+06 1.136189246548570693e+06 1.836342361566010863e+06 1.616451169822631171e+06 -3.424624489863582421e+05 3.876709510314590443e+04 -6.335710101412316726e+04 3.277683470151259680e+05 3.627202880575401359e+05
1.404862064617684111e+06 1.226628054397297557e+06 -2.374055756861824921e+04 6.836143013453291496e+05 9.939697274485866074e+05 1.988502165601006127e+05 -9.159711718664478394e+04 -3.638167458498520864e+04 -1.023757814156370296e+05 3.966808263348174281e+06 -1.226016938639988803e+05 7.005973602386619314e+04 1.968069116790825501e+04 2.745902595141814090e+05 4.174085654447299748e+04 -2.206577223052160844e+04 2.480457343616459693e+05 2.005549326871876547e+05
9.463442348719365327e+03 4.449583679250059649e+05 -3.668630666349615785e+05 -2.802724427752598785e+04 1.988502165601006127e+05 4.114414479849112686e+05 4.837935247532477661e+03 -8.907135331452054743e+03 -3.053389381033855443e+03 2.682170487439199351e+06 -5.463260451178464573e+05 -7.709726709885027958e+04 5.613076495421420987e+04 2.538948586723887711e+05 9.924896741525325342e+04 1.058810990449447127e+05 4.839103675936371292e+04 5.512710095072303375e+04
8.030429685086639074e+04 -3.706240651649056235e+04 -2.134357515707903367e+05 -1.188788994778893248e+05 -9.159711718664478394e+04 4.837935247532477661e+03 2.812961468511131825e+05 3.744853685379037779e+04 1.988650872978254120e+04 -1.787449799462047871e+06 -1.531245319053443382e+05 -4.329229125970702153e+05 -4.149507619235660532e+05 -1.565172811884424882e+05 -3.388599462599336402e+04 -1.624060814572023228e+05 -6.511575679075633525e+04 -2.126200421329461969e+05
6.803052005508891307e+05 -6.801883821974224702e+03 1.577245839081066661e+05 -1.385625366146794986e+05 -3.638167458498520864e+04 -8.907135331452054743e+03 3.744853685379037779e+04 2.572132707926543371e+05 -1.889818181992647078e+04 -1.327983489489191212e+06 -4.374685409817385953e+05 -1.604293011455579835e+05 -7.748620391209066147e+05 1.773507656578336901e+04 -1.422690153278840880e+05 -9.366669638293820026e+04 4.635823795825432171e+04 -1.526640243497565971e+05
1.462286297340645397e+05 -1.446941603527576954e+05 8.623706894287689647e+04 3.198381407952540030e+04 -1.023757814156370296e+05 -3.053389381033855443e+03 1.988650872978254120e+04 -1.889818181992647078e+04 8.969464659309189301e+04 1.282662292095369659e+06 5.578361315320497379e+05 -3.585272637405635905e+05 8.197136596181162167e+04 -1.650966326696134638e+05 1.682800463931412014e+04 5.416115361895054230e+04 5.514888072286298848e+04 7.637035094503755681e+04
7.467407119954475760e+07 4.928362667730868794e+06 -3.323385862443826627e+06 3.809018440990067553e+06 3.966808263348174281e+06 2.682170487439199351e+06 -1.787449799462047871e+06 -1.327983489489191212e+06 1.282662292095369659e+06 2.871524852982731462e+08 2.569909145816039294e+07 9.930414851486381143e+06 1.658235505192431156e+06 -1.264322952382035553e+07 -8.392058995477586985e+06 -1.144336328276750399e+06 6.010835401958893053e+06 3.123026600302588195e+06
8.356297299668754451e+06 9.513991750766852871e+06 -1.300022267528971890e+06 1.136189246548570693e+06 -1.226016938639988803e+05 -5.463260451178464573e+05 -1.531245319053443382e+05 -4.374685409817385953e+05 5.578361315320497379e+05 2.569909145816039294e+07 4.614346154295667261e+07 7.427267436295998283e+06 -6.823531434655088931e+06 -4.808725310414695181e+06 -1.795021211513772141e+06 2.805764602654172340e+05 1.801919436937876453e+05 1.111387463427914772e+06
4.667490469344904996e+05 3.607577004187071696e+06 -4.376945355836466188e+05 1.836342361566010863e+06 7.005973602386619314e+04 -7.709726709885027958e+04 -4.329229125970702153e+05 -1.604293011455579835e+05 -3.585272637405635905e+05 9.930414851486381143e+06 7.427267436295998283e+06 1.980834856583809853e+07 3.471805440660406370e+06 -2.365178158684550319e+06 -2.994680542729914188e+06 -2.282439004348379094e+06 -2.833549749626442790e+05 4.123634721849110210e+05
-5.117628447664870881e+06 -1.849487189559100429e+06 2.302613958628764842e+06 1.616451169822631171e+06 1.968069116790825501e+04 5.613076495421420987e+04 -4.149507619235660532e+05 -7.748620391209066147e+05 8.197136596181162167e+04 1.658235505192431156e+06 -6.823531434655088931e+06 3.471805440660406370e+06 1.545016820832830481e+07 2.493145383673511446e+06 -9.992148168312088819e+05 1.589263554578751326e+06 3.531490506716850796e+05 1.663995162792317104e+06
-6.811796143223250285e+06 -3.694857512656843755e+05 5.143458296002635034e+05 -3.424624489863582421e+05 2.745902595141814090e+05 2.538948586723887711e+05 -1.565172811884424882e+05 1.773507656578336901e+04 -1.650966326696134638e+05 -1.264322952382035553e+07 -4.808725310414695181e+06 -2.365178158684550319e+06 2.493145383673511446e+06 4.204182060666768812e+06 3.912248684701100574e+05 8.130743580343475332e+05 1.569990367884128937e+05 -6.648255062778154388e+04
-3.787767809996282216e+06 -9.069049369291361654e+05 -8.598476476046702373e+03 3.876709510314590443e+04 4.174085654447299748e+04 9.924896741525325342e+04 -3.388599462599336402e+04 -1.422690153278840880e+05 1.682800463931412014e+04 -8.392058995477586985e+06 -1.795021211513772141e+06 -2.994680542729914188e+06 -9.992148168312088819e+05 3.912248684701100574e+05 2.273367719826044049e+06 6.505900070234044688e+05 -2.579730220907365147e+05 -5.177560111999985384e+04
-1.292624799588160357e+06 5.421847800077014836e+05 5.636291861405923264e+05 -6.335710101412316726e+04 -2.206577223052160844e+04 1.058810990449447127e+05 -1.624060814572023228e+05 -9.366669638293820026e+04 5.416115361895054230e+04 -1.144336328276750399e+06 2.805764602654172340e+05 -2.282439004348379094e+06 1.589263554578751326e+06 8.130743580343475332e+05 6.505900070234044688e+05 1.661888603158508660e+06 -6.556945413097295386e+04 3.868449761681915843e+05
2.040485696897643618e+06 5.068826444747412461e+05 2.730481766816549934e+05 3.277683470151259680e+05 2.480457343616459693e+05 4.839103675936371292e+04 -6.511575679075633525e+04 4.635823795825432171e+04 5.514888072286298848e+04 6.010835401958893053e+06 1.801919436937876453e+05 -2.833549749626442790e+05 3.531490506716850796e+05 1.569990367884128937e+05 -2.579730220907365147e+05 -6.556945413097295386e+04 7.131462940071464982e+05 1.266091268887917104e+05
-9.472274330913621234e+05 5.263228830463319318e+05 6.048991737635686295e+05 3.627202880575401359e+05 2.005549326871876547e+05 5.512710095072303375e+04 -2.126200421329461969e+05 -1.526640243497565971e+05 7.637035094503755681e+04 3.123026600302588195e+06 1.111387463427914772e+06 4.123634721849110210e+05 1.663995162792317104e+06 -6.648255062778154388e+04 -5.177560111999985384e+04 3.868449761681915843e+05 1.266091268887917104e+05 6.881902208674842259e+05
