# lambda=0.2015632475630123
2.680407697691801563e+07 -1.141897695795977721e+06 4.298877086298685172e+05 -6.704288328771874076e+05 1.940957409231989412e+06 1.450947966032076161e+06 5.255874409991203574e+05 7.022751834464643616e+04 -2.034550962855189573e+05 1.830914651304813102e+07 -8.021104966860068962e+06 -4.347867562504587695e+06 -4.801843398495843634e+06 5.367437141644561198e+05 3.379353638894220348e+06 2.268695729845119931e+05 -1.512674461296249414e+06 -1.147308200329781248e+05
-1.141897695795977721e+06 8.965184882594665512e+06 7.845393770072363550e+05 -2.006220088382711401e+04 7.877447236273864983e+05 2.788646630881497913e+04 3.225642707540428382e+05 2.153990018750564486e+05 2.654288308693479048e+05 3.335442153642765712e+06 7.761544523397793993e+06 -6.410734179931149818e+06 -4.263300944098500622e+04 6.027958494603546569e+05 7.429707777274439577e+05 6.895577990995027358e+05 9.566674527587989578e+05 -2.730265479381562909e+05
4.298877086298685172e+05 7.845393770072363550e+05 4.514690007670366205e+06 1.268843248977340758e+06 2.636038772996528423e+05 9.530701301655764109e+04 1.153568708950800101e+04 3.060480099120710292e+04 -1.026367798836083384e+05 5.715722717942413146e+04 3.896540543233450968e+06 1.261582027719173115e+06 1.203039127757933224e+06 6.565739860151216853e+05 1.207794528006816516e+06 -2.608346931972039456e+05 -1.522569618334242550e+05 3.090164352295183926e+05
-6.704288328771874076e+05 -2.006220088382711401e+04 1.268843248977340758e+06 2.463816599595249165e+06 -1.450713193435901194e+05 -1.087716675567436323e+04 -6.900553940746569424e+04 2.820535969087342528e+04 1.904425356992600655e+03 1.735768713736099191e+06 1.942166089543540031e+06 1.597105381568211131e+06 1.384405096305675106e+06 -4.493046238942851778e+05 -3.686296359771071002e+04 4.074325125136753777e+05 -2.201900522372430423e+05 -2.129095652204355574e+05
1.940957409231989412e+06 7.877447236273864983e+05 2.636038772996528423e+05 -1.450713193435901194e+05 1.062256489902982954e+06 5.543733963257619507e+03 7.486979958101333978e+03 -2.905614843023028516e+04 8.864840372811121370e+02 2.957338673997336067e+06 2.139502045891337912e+05 -1.184787295069537126e+06 -1.026512334276113543e+05 8.240588344391346909e+05 7.841738720767762279e+05 5.618524476092144141e+03 1.101168726535805326e+05 -3.225189824816619875e+04
1.450947966032076161e+06 2.788646630881497913e+04 9.530701301655764109e+04 -1.087716675567436323e+04 5.543733963257619507e+03 4.354030780359288910e+05 9.776343849611110636e+04 9.422719632270063448e+04 -1.244734514329001104e+04 -1.816263714808363002e+06 -7.424794106840755558e+05 3.209941719582448713e+05 -5.796923136058087694e+05 1.817553757275712560e+05 2.897632156843743287e+05 -8.739001997283737001e+04 -7.621205173604238371e+04 -1.115355149380351213e+04
5.255874409991203574e+05 3.225642707540428382e+05 1.153568708950800101e+04 -6.900553940746569424e+04 7.486979958101333978e+03 9.776343849611110636e+04 2.041725647080523195e+05 1.034892975626576845e+04 -2.080398752921242703e+04 -1.913743877381305210e+06 -3.496347125942443381e+05 -7.907436629077687394e+05 -4.066300453227269463e+05 -2.578897208154646505e+05 1.322410794616946951e+05 4.850531389137005317e+04 -3.170489227773570747e+04 -6.687055129206331912e+04
7.022751834464643616e+04 2.153990018750564486e+05 3.060480099120710292e+04 2.820535969087342528e+04 -2.905614843023028516e+04 9.422719632270063448e+04 1.034892975626576845e+04 9.068609354182805691e+04 1.950918870182515093e+04 -6.119229991046140203e+05 2.487174095997268450e+05 4.602645748936905293e+05 -1.031531738339498115e+05 1.697601765929320245e+05 5.275662529401014763e+04 -5.904103771185017104e+04 8.403633521047591057e+04 3.060527950601643170e+04
-2.034550962855189573e+05 2.654288308693479048e+05 -1.026367798836083384e+05 1.904425356992600655e+03 8.864840372811121370e+02 -1.244734514329001104e+04 -2.080398752921242703e+04 1.950918870182515093e+04 1.097717256327786890e+05 7.497692509553806158e+05 -3.021960019781509181e+05 5.338629799710795487e+04 -2.192792746116345515e+05 -7.836036440990453411e+04 -7.781743807098588150e+04 4.844334238887521497e+04 2.212274394445851158e+03 6.849779233054482029e+04
1.830914651304813102e+07 3.335442153642765712e+06 5.715722717942413146e+04 1.735768713736099191e+06 2.957338673997336067e+06 -1.816263714808363002e+06 -1.913743877381305210e+06 -6.119229991046140203e+05 7.497692509553806158e+05 1.521343360385261476e+08 1.689809950093855709e+07 -7.393162586486644112e+06 1.116393321679476649e+06 1.073950729847406736e+06 2.326584243047939148e+06 1.505248443210225785e+06 4.997179710483232047e+05 1.343567765219414840e+06
-8.021104966860068962e+06 7.761544523397793993e+06 3.896540543233450968e+06 1.942166089543540031e+06 2.139502045891337912e+05 -7.424794106840755558e+05 -3.496347125942443381e+05 2.487174095997268450e+05 -3.021960019781509181e+05 1.689809950093855709e+07 3.763193380465926230e+07 4.260820356958619319e+06 4.159524692130272277e+06 3.261610200651485939e+06 -1.161906840865652775e+06 1.865705641709448537e+06 3.421238479367520195e+06 6.306817205328813288e+05
-4.347867562504587695e+06 -6.410734179931149818e+06 1.261582027719173115e+06 1.597105381568211131e+06 -1.184787295069537126e+06 3.209941719582448713e+05 -7.907436629077687394e+05 4.602645748936905293e+05 5.338629799710795487e+04 -7.393162586486644112e+06 4.260820356958619319e+06 2.308681487093937024e+07 -5.892858531024949625e+05 3.586681726209581830e+06 3.537442751631601132e+05 -8.703987646877517691e+05 -4.253573998805957963e+05 5.158040503725986346e+05
-4.801843398495843634e+06 -4.263300944098500622e+04 1.203039127757933224e+06 1.384405096305675106e+06 -1.026512334276113543e+05 -5.796923136058087694e+05 -4.066300453227269463e+05 -1.031531738339498115e+05 -2.192792746116345515e+05 1.116393321679476649e+06 4.159524692130272277e+06 -5.892858531024949625e+05 1.030900063991617970e+07 2.506750809928216506e+06 1.993939280267395661e+05 9.525788997708520619e+05 8.835121240247527603e+05 2.655213903130826657e+04
5.367437141644561198e+05 6.027958494603546569e+05 6.565739860151216853e+05 -4.493046238942851778e+05 8.240588344391346909e+05 1.817553757275712560e+05 -2.578897208154646505e+05 1.697601765929320245e+05 -7.836036440990453411e+04 1.073950729847406736e+06 3.261610200651485939e+06 3.586681726209581830e+06 2.506750809928216506e+06 4.635661413529174402e+06 1.794984859032330802e+06 -2.871345873898764257e+05 4.681501971980429953e+05 2.378658325783624605e+05
3.379353638894220348e+06 7.429707777274439577e+05 1.207794528006816516e+06 -3.686296359771071002e+04 7.841738720767762279e+05 2.897632156843743287e+05 1.322410794616946951e+05 5.275662529401014763e+04 -7.781743807098588150e+04 2.326584243047939148e+06 -1.161906840865652775e+06 3.537442751631601132e+05 1.993939280267395661e+05 1.794984859032330802e+06 2.431954925650405232e+06 -2.712465649424646981e+05 4.957979371611715760e+04 -9.448207306532638904e+04
2.268695729845119931e+05 6.895577990995027358e+05 -2.608346931972039456e+05 4.074325125136753777e+05 5.618524476092144141e+03 -8.739001997283737001e+04 4.850531389137005317e+04 -5.904103771185017104e+04 4.844334238887521497e+04 1.505248443210225785e+06 1.865705641709448537e+06 -8.703987646877517691e+05 9.525788997708520619e+05 -2.871345873898764257e+05 -2.712465649424646981e+05 1.093820119726525387e+06 3.456731191689064144e+05 -3.673324836997465172e+04
-1.512674461296249414e+06 9.566674527587989578e+05 -1.522569618334242550e+05 -2.201900522372430423e+05 1.101168726535805326e+05 -7.621205173604238371e+04 -3.170489227773570747e+04 8.403633521047591057e+04 2.212274394445851158e+03 4.997179710483232047e+05 3.421238479367520195e+06 -4.253573998805957963e+05 8.835121240247527603e+05 4.681501971980429953e+05 4.957979371611715760e+04 3.456731191689064144e+05 1.214944775735607836e+06 2.672015888692667359e+05
-1.147308200329781248e+05 -2.730265479381562909e+05 3.090164352295183926e+05 -2.129095652204355574e+05 -3.225189824816619875e+04 -1.115355149380351213e+04 -6.687055129206331912e+04 3.060527950601643170e+04 6.849779233054482029e+04 1.343567765219414840e+06 6.306817205328813288e+05 5.158040503725986346e+05 2.655213903130826657e+04 2.378658325783624605e+05 -9.448207306532638904e+04 -3.673324836997465172e+04 2.672015888692667359e+05 3.926031803413081216e+05
