# lambda=0.24777707057570883
3.456385435054305941e+07 -1.437826120445185574e+06 -4.715962244006172754e+06 -2.031911479552287841e+06 1.242512118309004465e+06 -9.347623775850192178e+05 -5.951374694041366456e+05 -3.864935048402706743e+05 7.480736892367980545e+03 -5.042657490374241024e+06 -2.345097630118277855e+06 3.508317277864538599e+06 -3.754834719751842786e+06 -2.610910063483083621e+06 -2.676468136887741275e+06 -1.195384999158283696e+06 -6.601273081156671979e+05 -1.209224965980683686e+06
-1.437826120445185574e+06 1.273267746274897084e+07 3.645855208408603910e+06 3.325421446570389089e+05 1.578011746318148216e+05 -1.476968912447236362e+05 -1.653789163870948832e+05 -5.626832795838792808e+05 2.777721109760276522e+04 1.354038278448466212e+07 -1.117780714969550492e+06 -1.501252451319515239e+06 5.790770726309993770e+05 -1.216868950859421398e+06 -1.128748260023271723e+05 9.590428248135698959e+05 2.762030706602640566e+05 -3.859853651426909491e+05
-4.715962244006172754e+06 3.645855208408603910e+06 4.394931355487932451e+06 9.710528438471697737e+05 1.717935308110791084e+05 7.246844386661874887e+04 5.696924748123926111e+04 9.408048287725281261e+04 1.061444568499858578e+05 1.183603680152628757e+07 -2.514499035506097600e+06 -3.103400222944395500e+05 6.790870400317773456e+05 4.991625479453799926e+04 4.434088443087076885e+05 4.679012444486610184e+04 1.500015973255573481e+05 2.263145696657283697e+05
-2.031911479552287841e+06 3.325421446570389089e+05 9.710528438471697737e+05 2.535393517861348111e+06 1.890192340117098938e+05 3.464867595583347138e+05 9.202703870252368506e+04 1.102167117037228018e+05 1.476547654307556513e+05 -1.044902380328898435e+06 -1.204475488876645220e+06 -2.680253713713932084e+05 3.155733921299490612e+05 1.621848381550388411e+06 3.752290945056609344e+05 -4.446589799595059594e+04 -3.561768488094737404e+05 -8.054312298192831804e+03
1.242512118309004465e+06 1.578011746318148216e+05 1.717935308110791084e+05 1.890192340117098938e+05 4.274885684285024763e+05 1.477340389346415748e+02 -1.882582831005374828e+04 6.903617139846365899e+04 8.666841008886745840e+03 4.804367935980939365e+04 -1.517031896936004981e+06 -9.615131451861698879e+05 -3.044935959227895946e+05 -6.421755848529851210e+04 -2.639919029473142582e+05 -2.199216776913299691e+05 1.407584761166538810e+05 -2.193095293043422134e+04
-9.347623775850192178e+05 -1.476968912447236362e+05 7.246844386661874887e+04 3.464867595583347138e+05 1.477340389346415748e+02 4.659965719048006576e+05 4.542758531797392061e+04 4.300989060647663428e+04 -3.262731740032516973e+04 -6.378955757853807881e+05 -1.563660624593010172e+06 4.285925872127766488e+05 1.081974141833100584e+05 1.907251766264323960e+05 2.369012533127798233e+05 2.311814593546293618e+05 1.743077947783280688e+05 1.161131168895541123e+03
-5.951374694041366456e+05 -1.653789163870948832e+05 5.696924748123926111e+04 9.202703870252368506e+04 -1.882582831005374828e+04 4.542758531797392061e+04 2.584153645655318105e+05 1.167882858031085198e+05 4.439247016906506178e+04 5.667225421643140726e+05 -1.444867767316552345e+06 3.058825652581308968e+05 1.698047094518728263e+05 -9.707869871861990759e+03 3.477253081195769482e+04 -5.662560234919829782e+03 1.055334225450590020e+05 9.316024281024142692e+04
-3.864935048402706743e+05 -5.626832795838792808e+05 9.408048287725281261e+04 1.102167117037228018e+05 6.903617139846365899e+04 4.300989060647663428e+04 1.167882858031085198e+05 2.582417310125133372e+05 3.465422566836426995e+04 6.985742154332483187e+05 -6.409669828387248563e+05 5.059437553251427598e+05 -2.927764871622020146e+05 5.963187832279891882e+04 1.628943880433242302e+05 9.326198579399083974e+04 1.837470506302814174e+05 1.624179657975024602e+05
7.480736892367980545e+03 2.777721109760276522e+04 1.061444568499858578e+05 1.476547654307556513e+05 8.666841008886745840e+03 -3.262731740032516973e+04 4.439247016906506178e+04 3.465422566836426995e+04 6.278508229119831958e+04 -3.592010388609889778e+05 -1.791088730006651895e+05 1.369060804701925954e+05 1.330158746822551184e+05 8.696883468326988805e+04 -4.245631313120289997e+04 -2.829090365735820797e+03 -6.019101768651045131e+04 2.819133343334108213e+04
-5.042657490374241024e+06 1.354038278448466212e+07 1.183603680152628757e+07 -1.044902380328898435e+06 4.804367935980939365e+04 -6.378955757853807881e+05 5.667225421643140726e+05 6.985742154332483187e+05 -3.592010388609889778e+05 1.635081415474526584e+08 -1.536237977080866881e+07 -1.202795905756545439e+07 -6.173047760441062041e+06 -6.064920867355707742e+04 5.619020173722937470e+05 -1.726337855068143923e+06 3.989364903543486726e+05 3.245700622692809440e+06
-2.345097630118277855e+06 -1.117780714969550492e+06 -2.514499035506097600e+06 -1.204475488876645220e+06 -1.517031896936004981e+06 -1.563660624593010172e+06 -1.444867767316552345e+06 -6.409669828387248563e+05 -1.791088730006651895e+05 -1.536237977080866881e+07 4.465410963099140674e+07 5.129028472861604765e+06 -2.810728271415549796e+06 -1.149315575607819774e+05 1.199491659803937189e+06 -1.230265028655944392e+06 -1.676845264029382262e+06 1.163345956345235172e+05
3.508317277864538599e+06 -1.501252451319515239e+06 -3.103400222944395500e+05 -2.680253713713932084e+05 -9.615131451861698879e+05 4.285925872127766488e+05 3.058825652581308968e+05 5.059437553251427598e+05 1.369060804701925954e+05 -1.202795905756545439e+07 5.129028472861604765e+06 1.948472673371151090e+07 4.187812661159929354e+06 -4.629731365111765917e+05 2.257975969579379307e+05 8.932154174680538708e+05 1.619126314353825292e+05 1.053842029101515800e+05
-3.754834719751842786e+06 5.790770726309993770e+05 6.790870400317773456e+05 3.155733921299490612e+05 -3.044935959227895946e+05 1.081974141833100584e+05 1.698047094518728263e+05 -2.927764871622020146e+05 1.330158746822551184e+05 -6.173047760441062041e+06 -2.810728271415549796e+06 4.187812661159929354e+06 8.054576491197410971e+06 1.748697353365852730e+06 9.986918414969558944e+04 5.375751533337865258e+05 -5.261833405201644637e+05 2.974130865192656638e+05
-2.610910063483083621e+06 -1.216868950859421398e+06 4.991625479453799926e+04 1.621848381550388411e+06 -6.421755848529851210e+04 1.907251766264323960e+05 -9.707869871861990759e+03 5.963187832279891882e+04 8.696883468326988805e+04 -6.064920867355707742e+04 -1.149315575607819774e+05 -4.629731365111765917e+05 1.748697353365852730e+06 2.959174137980051804e+06 9.809767772823630366e+05 3.391616621501201880e+05 -3.991731993234456168e+05 2.689767457764964201e+05
-2.676468136887741275e+06 -1.128748260023271723e+05 4.434088443087076885e+05 3.752290945056609344e+05 -2.639919029473142582e+05 2.369012533127798233e+05 3.477253081195769482e+04 1.628943880433242302e+05 -4.245631313120289997e+04 5.619020173722937470e+05 1.199491659803937189e+06 2.257975969579379307e+05 9.986918414969558944e+04 9.809767772823630366e+05 2.683441527831898537e+06 1.012839601267185877e+06 3.125146335366342100e+05 -6.409147652227676008e+04
-1.195384999158283696e+06 9.590428248135698959e+05 4.679012444486610184e+04 -4.446589799595059594e+04 -2.199216776913299691e+05 2.311814593546293618e+05 -5.662560234919829782e+03 9.326198579399083974e+04 -2.829090365735820797e+03 -1.726337855068143923e+06 -1.230265028655944392e+06 8.932154174680538708e+05 5.375751533337865258e+05 3.391616621501201880e+05 1.012839601267185877e+06 1.556632966638025129e+06 2.249186865674211294e+05 7.269698669551451167e+04
-6.601273081156671979e+05 2.762030706602640566e+05 1.500015973255573481e+05 -3.561768488094737404e+05 1.407584761166538810e+05 1.743077947783280688e+05 1.055334225450590020e+05 1.837470506302814174e+05 -6.019101768651045131e+04 3.989364903543486726e+05 -1.676845264029382262e+06 1.619126314353825292e+05 -5.261833405201644637e+05 -3.991731993234456168e+05 3.125146335366342100e+05 2.249186865674211294e+05 6.910683486894656671e+05 -2.203427150845395226e+04
-1.209224965980683686e+06 -3.859853651426909491e+05 2.263145696657283697e+05 -8.054312298192831804e+03 -2.193095293043422134e+04 1.161131168895541123e+03 9.316024281024142692e+04 1.624179657975024602e+05 2.819133343334108213e+04 3.245700622692809440e+06 1.163345956345235172e+05 1.053842029101515800e+05 2.974130865192656638e+05 2.689767457764964201e+05 -6.409147652227676008e+04 7.269698669551451167e+04 -2.203427150845395226e+04 4.596388384156035609e+05
