# lambda=0.15300849758097
3.226295808133151010e+07 -1.184355808402105235e+06 1.012082021476195776e+06 9.732302811634483514e+05 1.106066351942348527e+06 6.184046625473219901e+05 1.020007859929187223e+06 7.068423013474991312e+05 5.455751721197604202e+05 7.548387340780185768e+05 -2.176576722534942441e+06 -6.705181879934471101e+06 -8.806774711877549998e+05 1.164664660482500913e+06 -5.505395924920942634e+05 3.057411912652531173e+06 8.004514187608215725e+05 -4.054516117725926451e+05
-1.184355808402105235e+06 8.665240453895015642e+06 3.597319046823206008e+04 -1.262722169865453383e+06 -1.998209871742479154e+05 -8.301756539296953706e+05 -1.059531273479266791e+06 -5.073108011423142307e+04 -2.204215744167738594e+05 2.128868213581680320e+06 5.527943687437706627e+06 9.431082451114669675e+05 -4.042741107921377406e+05 -3.022761091408574022e+06 -1.088291201657369966e+06 -9.509327869141838746e+05 3.856239884872448747e+05 4.330311608090325608e+05
1.012082021476195776e+06 3.597319046823206008e+04 4.969187209822518751e+06 -6.121475674906549830e+04 -1.908327611205293506e+05 -1.673082203546323581e+04 -1.023790939348881366e+05 -8.874382532014523167e+04 1.231426335086078761e+05 1.662193929013667163e+06 2.851517637957370607e+05 4.592692318681845441e+06 -5.087771154122684966e+05 -9.720803223518340383e+05 2.212646353759328777e+05 -1.129539290324661852e+05 -9.567453258769325912e+05 1.423182209971414413e+05
9.732302811634483514e+05 -1.262722169865453383e+06 -6.121475674906549830e+04 1.290295899822634412e+06 3.579949272720426670e+05 1.469585577338609437e+05 5.883508685389693710e+04 -2.105795548924346513e+05 -2.825458927152089018e+03 -2.507155920436711516e+06 -1.817129634342286270e+06 3.020110337164746015e+05 8.512206026975353016e+05 1.582846756869552657e+06 2.233930563748196291e+05 9.703289930292495410e+04 -5.296682115355072165e+04 -4.235794980354175641e+04
1.106066351942348527e+06 -1.998209871742479154e+05 -1.908327611205293506e+05 3.579949272720426670e+05 1.040274621029085363e+06 2.481978618472858507e+05 3.977273680249655172e+03 2.717197872267303319e+04 5.373643188572478539e+04 -3.234384537844162551e+05 -6.139786647327669198e+05 -1.686359578741360921e+06 -1.441857002702402824e+05 9.079145987323301379e+05 6.882367999359023524e+05 3.417810584045483847e+05 1.136353270952907915e+05 1.822935741762735415e+05
6.184046625473219901e+05 -8.301756539296953706e+05 -1.673082203546323581e+04 1.469585577338609437e+05 2.481978618472858507e+05 4.144529799160197144e+05 1.850740034506957454e+05 1.028515997588216414e+05 4.131392509400799463e+04 -1.184648988860452781e+06 -4.301083328934804304e+05 -6.298424584987992421e+05 7.668643675366608659e+05 8.158988299534906400e+05 5.147456957868966274e+05 2.461614980654233659e+05 -5.241317085264511843e+04 -8.589558231640631857e+04
1.020007859929187223e+06 -1.059531273479266791e+06 -1.023790939348881366e+05 5.883508685389693710e+04 3.977273680249655172e+03 1.850740034506957454e+05 2.669584454322797246e+05 4.884139071779905498e+04 2.477696747121278895e+04 4.057068817632513819e+05 -3.618660230051128892e+05 -6.036935769387632608e+05 1.943658880058477225e+05 6.297915674880037550e+05 2.393274031135867408e+05 2.670833682705551619e+05 -1.108387761842599430e+05 -1.374819227207696240e+05
7.068423013474991312e+05 -5.073108011423142307e+04 -8.874382532014523167e+04 -2.105795548924346513e+05 2.717197872267303319e+04 1.028515997588216414e+05 4.884139071779905498e+04 3.200941914143877802e+05 9.424827957726641034e+04 -6.902024250244970899e+05 -1.850495656376400439e+05 -7.122556900258789537e+05 -1.360065643504002073e+05 -5.310160034857543651e+05 4.725089442743921245e+04 2.668846931217809833e+04 2.178505521647941496e+05 1.250941743082549365e+05
5.455751721197604202e+05 -2.204215744167738594e+05 1.231426335086078761e+05 -2.825458927152089018e+03 5.373643188572478539e+04 4.131392509400799463e+04 2.477696747121278895e+04 9.424827957726641034e+04 9.937384415961647755e+04 -2.840387201971749892e+05 5.137720613593749003e+05 -4.304370231426760438e+05 1.157973971923758108e+04 -9.500617485306174785e+04 -4.464195509212759498e+04 5.622839757700514747e+04 5.090622719137207605e+04 8.873362108877208084e+04
7.548387340780185768e+05 2.128868213581680320e+06 1.662193929013667163e+06 -2.507155920436711516e+06 -3.234384537844162551e+05 -1.184648988860452781e+06 4.057068817632513819e+05 -6.902024250244970899e+05 -2.840387201971749892e+05 1.224638056429665536e+08 1.778829506078646332e+07 -9.742344038508762605e+05 1.998554188972138800e+06 -1.127522077937796479e+06 -3.827138636106352322e+06 -2.418396992735095788e+06 -1.636054112753177062e+06 -3.129516012541080272e+04
-2.176576722534942441e+06 5.527943687437706627e+06 2.851517637957370607e+05 -1.817129634342286270e+06 -6.139786647327669198e+05 -4.301083328934804304e+05 -3.618660230051128892e+05 -1.850495656376400439e+05 5.137720613593749003e+05 1.778829506078646332e+07 6.281905347168972343e+07 -2.398050861812157556e+06 1.160379538197233342e+07 5.757461165402313054e+04 -5.626214682170559652e+06 -1.290073106730110245e+06 -1.587278738934674766e+06 1.861706379958162084e+06
-6.705181879934471101e+06 9.431082451114669675e+05 4.592692318681845441e+06 3.020110337164746015e+05 -1.686359578741360921e+06 -6.298424584987992421e+05 -6.036935769387632608e+05 -7.122556900258789537e+05 -4.304370231426760438e+05 -9.742344038508762605e+05 -2.398050861812157556e+06 2.214715429797432199e+07 2.409307807255188935e+06 -1.279541391113805119e+06 -1.531449209313406027e+04 -2.085728401663569966e+06 -9.377262395546307089e+05 -5.830856476147171343e+05
-8.806774711877549998e+05 -4.042741107921377406e+05 -5.087771154122684966e+05 8.512206026975353016e+05 -1.441857002702402824e+05 7.668643675366608659e+05 1.943658880058477225e+05 -1.360065643504002073e+05 1.157973971923758108e+04 1.998554188972138800e+06 1.160379538197233342e+07 2.409307807255188935e+06 1.070922560179374740e+07 3.469667728035309352e+06 -7.122204617058549775e+04 -7.164101090828781016e+05 -2.623802286903562344e+04 1.440276699237003049e+05
1.164664660482500913e+06 -3.022761091408574022e+06 -9.720803223518340383e+05 1.582846756869552657e+06 9.079145987323301379e+05 8.158988299534906400e+05 6.297915674880037550e+05 -5.310160034857543651e+05 -9.500617485306174785e+04 -1.127522077937796479e+06 5.757461165402313054e+04 -1.279541391113805119e+06 3.469667728035309352e+06 7.291097047281604260e+06 2.380015364540209994e+06 5.946177896805722266e+05 -8.039525609164055204e+05 -5.205403385461700382e+05
-5.505395924920942634e+05 -1.088291201657369966e+06 2.212646353759328777e+05 2.233930563748196291e+05 6.882367999359023524e+05 5.147456957868966274e+05 2.393274031135867408e+05 4.725089442743921245e+04 -4.464195509212759498e+04 -3.827138636106352322e+06 -5.626214682170559652e+06 -1.531449209313406027e+04 -7.122204617058549775e+04 2.380015364540209994e+06 2.852651277564809658e+06 4.625133820046252804e+05 -6.255784332325722062e+04 -1.415925163997551426e+05
3.057411912652531173e+06 -9.509327869141838746e+05 -1.129539290324661852e+05 9.703289930292495410e+04 3.417810584045483847e+05 2.461614980654233659e+05 2.670833682705551619e+05 2.668846931217809833e+04 5.622839757700514747e+04 -2.418396992735095788e+06 -1.290073106730110245e+06 -2.085728401663569966e+06 -7.164101090828781016e+05 5.946177896805722266e+05 4.625133820046252804e+05 1.073090441200568108e+06 4.524410227714725625e+04 -2.986299347224949161e+05
8.004514187608215725e+05 3.856239884872448747e+05 -9.567453258769325912e+05 -5.296682115355072165e+04 1.136353270952907915e+05 -5.241317085264511843e+04 -1.108387761842599430e+05 2.178505521647941496e+05 5.090622719137207605e+04 -1.636054112753177062e+06 -1.587278738934674766e+06 -9.377262395546307089e+05 -2.623802286903562344e+04 -8.039525609164055204e+05 -6.255784332325722062e+04 4.524410227714725625e+04 1.404072034370177658e+06 2.001587510231107008e+05
-4.054516117725926451e+05 4.330311608090325608e+05 1.423182209971414413e+05 -4.235794980354175641e+04 1.822935741762735415e+05 -8.589558231640631857e+04 -1.374819227207696240e+05 1.250941743082549365e+05 8.873362108877208084e+04 -3.129516012541080272e+04 1.861706379958162084e+06 -5.830856476147171343e+05 1.440276699237003049e+05 -5.205403385461700382e+05 -1.415925163997551426e+05 -2.986299347224949161e+05 2.001587510231107008e+05 5.609512091811604332e+05
