# lambda=0.1460146487336265
5.770811185830529779e+07 5.113376113383149728e+06 3.239996783559839707e+06 1.089673700044066645e+06 -5.496403009785910399e+04 1.207685820773642045e+06 1.383237602821246022e+06 5.458509133294086205e+05 2.377099151515940030e+05 7.857685566722735763e+06 8.277535602314055897e+06 5.558147628317865543e+06 9.435518083646832034e+06 3.894643571913659573e+06 1.195868836278126575e+06 2.871172107820956968e+06 3.183451358072246891e+06 -7.143094145254771865e+04
5.113376113383149728e+06 1.643190908864573576e+07 6.381574478255533613e+06 7.881754768502357183e+05 1.452765731452397886e+05 -3.577300779103820241e+04 3.543996219919728464e+05 5.039695257216099417e+05 -1.036429428583019762e+05 2.232817086054955423e+07 1.440043743588512950e+07 1.084333809510904178e+07 7.607414166103845462e+06 -1.607727383920088643e+06 4.913523204365390702e+05 2.610002114725381136e+06 1.929540578742392361e+06 1.323888244831485674e+06
3.239996783559839707e+06 6.381574478255533613e+06 1.052469523896380514e+07 1.629428217811165145e+06 6.393692687460437883e+05 -3.409965297415808309e+05 1.028316720293702092e+05 1.620580466225718264e+05 1.028709361307520740e+05 1.573106821556119435e+07 -5.476643164228125243e+05 1.184537328067280166e+07 3.501964723313181661e+06 -1.667400568024494220e+06 -1.179267905676776543e+06 3.243219202325471560e+05 2.365402673284511548e+05 6.929915379587033531e+05
1.089673700044066645e+06 7.881754768502357183e+05 1.629428217811165145e+06 1.584866360930892406e+06 1.266256460517842061e+05 -1.768062640460825933e+05 -1.355006809597874235e+05 1.805038250014641017e+04 -8.188614748631890689e+04 2.934175941426571459e+06 1.896652336656873580e+06 1.327196715690932237e+06 8.849860418913551839e+05 6.719861778897945769e+05 5.044656159184455755e+05 -1.004692572079812962e+05 -9.806488605312885193e+04 5.767320433612228226e+04
-5.496403009785910399e+04 1.452765731452397886e+05 6.393692687460437883e+05 1.266256460517842061e+05 8.697963264211555943e+05 -3.128537402581810966e+04 5.223117943208604993e+04 3.967858467115885287e+04 4.313887505138093547e+04 -1.718653282123788958e+06 1.872782105630851584e+06 5.620726698431451223e+04 4.159457506065391353e+05 1.015907063507507410e+05 -4.189510856118029187e+04 -3.245562785072301049e+05 -1.642833052513526927e+05 1.467028298388109542e+05
1.207685820773642045e+06 -3.577300779103820241e+04 -3.409965297415808309e+05 -1.768062640460825933e+05 -3.128537402581810966e+04 4.425601685336115188e+05 1.070651238071353728e+05 -4.247113546725625201e+04 5.123219838975419407e+04 1.727279360505453660e+05 -7.378608489577223081e+05 2.717791973470546072e+05 7.615801946107792901e+05 -1.106351852884882683e+05 3.387988704159875633e+05 1.759366951335746562e+05 -6.860412318809590943e+04 -1.926986259947725921e+05
1.383237602821246022e+06 3.543996219919728464e+05 1.028316720293702092e+05 -1.355006809597874235e+05 5.223117943208604993e+04 1.070651238071353728e+05 2.780882874341872521e+05 2.570690129851850361e+04 4.724912918514666671e+04 4.179441306041527423e+05 -1.016529233285709633e+06 1.985340553829143755e+05 3.293278920382793876e+05 2.080013439589322370e+05 -1.471833009221144312e+05 -1.399324407251378871e+05 -1.023131305407645705e+05 -1.111347918305908242e+05
5.458509133294086205e+05 5.039695257216099417e+05 1.620580466225718264e+05 1.805038250014641017e+04 3.967858467115885287e+04 -4.247113546725625201e+04 2.570690129851850361e+04 1.433830672328743385e+05 1.475834214157162023e+04 8.066263678383372026e+05 4.695754014809945947e+05 -1.144047903508152376e+05 1.491604036309738003e+05 -1.331739339700872661e+05 -7.190752125926813460e+04 1.986425443571919459e+04 9.934344044589086843e+04 6.179497785516971635e+04
2.377099151515940030e+05 -1.036429428583019762e+05 1.028709361307520740e+05 -8.188614748631890689e+04 4.313887505138093547e+04 5.123219838975419407e+04 4.724912918514666671e+04 1.475834214157162023e+04 8.254182726170055685e+04 -2.829829797496718238e+05 -4.698542353741944535e+05 -2.111387964412589208e+05 -7.418280819706384500e+04 -1.095457321213397372e+05 -1.043250366913100879e+05 -2.109360956741952759e+04 -2.237840125289316347e+03 -3.351347934783733217e+04
7.857685566722735763e+06 2.232817086054955423e+07 1.573106821556119435e+07 2.934175941426571459e+06 -1.718653282123788958e+06 1.727279360505453660e+05 4.179441306041527423e+05 8.066263678383372026e+05 -2.829829797496718238e+05 2.016954780722508729e+08 4.975931206194778904e+06 2.060949045355862007e+07 2.077050271425707731e+06 -7.081749611814071424e+06 -1.385241601302561583e+06 3.515779008576686494e+06 2.198408035384172574e+06 2.003740868374492740e+06
8.277535602314055897e+06 1.440043743588512950e+07 -5.476643164228125243e+05 1.896652336656873580e+06 1.872782105630851584e+06 -7.378608489577223081e+05 -1.016529233285709633e+06 4.695754014809945947e+05 -4.698542353741944535e+05 4.975931206194778904e+06 1.019697062003170699e+08 7.733381788880719803e+06 9.164451203394319862e+06 9.782622300112810917e+05 2.023136202593545662e+06 1.050596868953386787e+06 4.370721320444625802e+06 1.397433265354101313e+06
5.558147628317865543e+06 1.084333809510904178e+07 1.184537328067280166e+07 1.327196715690932237e+06 5.620726698431451223e+04 2.717791973470546072e+05 1.985340553829143755e+05 -1.144047903508152376e+05 -2.111387964412589208e+05 2.060949045355862007e+07 7.733381788880719803e+06 2.445919463107466698e+07 7.434399114378037862e+06 -3.233508532102114987e+06 -2.249321357086596254e+05 1.291644350361278048e+06 8.887001167307753349e+05 3.911444646130918991e+05
9.435518083646832034e+06 7.607414166103845462e+06 3.501964723313181661e+06 8.849860418913551839e+05 4.159457506065391353e+05 7.615801946107792901e+05 3.293278920382793876e+05 1.491604036309738003e+05 -7.418280819706384500e+04 2.077050271425707731e+06 9.164451203394319862e+06 7.434399114378037862e+06 1.068319511255832762e+07 1.363043198905189289e+06 1.403543400675149402e+06 1.496603896342892665e+06 6.073230049793125363e+05 -1.994304681606787490e+05
3.894643571913659573e+06 -1.607727383920088643e+06 -1.667400568024494220e+06 6.719861778897945769e+05 1.015907063507507410e+05 -1.106351852884882683e+05 2.080013439589322370e+05 -1.331739339700872661e+05 -1.095457321213397372e+05 -7.081749611814071424e+06 9.782622300112810917e+05 -3.233508532102114987e+06 1.363043198905189289e+06 5.765096052221075632e+06 8.969920512008952210e+05 1.542560313859185553e+05 -1.275000444106649084e+05 3.121520274638095871e+05
1.195868836278126575e+06 4.913523204365390702e+05 -1.179267905676776543e+06 5.044656159184455755e+05 -4.189510856118029187e+04 3.387988704159875633e+05 -1.471833009221144312e+05 -7.190752125926813460e+04 -1.043250366913100879e+05 -1.385241601302561583e+06 2.023136202593545662e+06 -2.249321357086596254e+05 1.403543400675149402e+06 8.969920512008952210e+05 2.393663358058995102e+06 1.009523317392447847e+06 2.911718877071640236e+04 4.150562165517440881e+05
2.871172107820956968e+06 2.610002114725381136e+06 3.243219202325471560e+05 -1.004692572079812962e+05 -3.245562785072301049e+05 1.759366951335746562e+05 -1.399324407251378871e+05 1.986425443571919459e+04 -2.109360956741952759e+04 3.515779008576686494e+06 1.050596868953386787e+06 1.291644350361278048e+06 1.496603896342892665e+06 1.542560313859185553e+05 1.009523317392447847e+06 1.732687574478249997e+06 6.668807327552314382e+05 4.690495102098388597e+05
3.183451358072246891e+06 1.929540578742392361e+06 2.365402673284511548e+05 -9.806488605312885193e+04 -1.642833052513526927e+05 -6.860412318809590943e+04 -1.023131305407645705e+05 9.934344044589086843e+04 -2.237840125289316347e+03 2.198408035384172574e+06 4.370721320444625802e+06 8.887001167307753349e+05 6.073230049793125363e+05 -1.275000444106649084e+05 2.911718877071640236e+04 6.668807327552314382e+05 8.772192701607730705e+05 4.403499223486386472e+05
-7.143094145254771865e+04 1.323888244831485674e+06 6.929915379587033531e+05 5.767320433612228226e+04 1.467028298388109542e+05 -1.926986259947725921e+05 -1.111347918305908242e+05 6.179497785516971635e+04 -3.351347934783733217e+04 2.003740868374492740e+06 1.397433265354101313e+06 3.911444646130918991e+05 -1.994304681606787490e+05 3.121520274638095871e+05 4.150562165517440881e+05 4.690495102098388597e+05 4.403499223486386472e+05 1.016832417635704274e+06
