# lambda=0.1757552782097504
3.582669642931225896e+07 2.070609251798804617e+06 1.096126020183764165e+06 1.443178915438018274e+06 1.403162982418559492e+06 7.890182804469203111e+05 -8.583097887218381511e+05 -3.065766649071560460e+04 -2.788607141434950754e+05 4.644374281131469458e+07 2.077660311333158752e+06 -1.821779890068277018e+06 -5.630029030637097545e+06 -2.391014888694957830e+06 1.328677037173676363e+05 -1.528836808221151296e+05 -7.171792712843607296e+04 -7.202090794632218312e+05
2.070609251798804617e+06 1.229518683317198604e+07 6.471585872690216638e+05 -1.736707294366299466e+05 4.371769960149037652e+05 6.069031164494625991e+05 -3.226060388884462882e+05 -6.435023055041362531e+05 -7.174755300440848805e+04 7.444172487390066497e+06 -7.485461654640701599e+05 1.438918080875365529e+06 3.771401271173342247e+05 2.111513888427889906e+06 7.149722289002961479e+05 1.471167548261112068e+06 1.105580254911942175e+06 -4.058347895978326560e+05
1.096126020183764165e+06 6.471585872690216638e+05 4.483150133835660294e+06 2.731957350708321901e+05 2.756733825889954460e+05 -1.028299851028888370e+05 -1.596001762738076213e+05 -2.443234925070795289e+05 6.057991817814012029e+04 8.354045536240786314e+06 2.393146204021510668e+06 1.435149008739056997e+06 1.716440811774953501e+06 1.584334652245840756e+06 1.124775644974604947e+05 -3.986411680441063945e+05 -1.379747557366395631e+04 -2.319553809135041374e+05
1.443178915438018274e+06 -1.736707294366299466e+05 2.731957350708321901e+05 1.606965187594531570e+06 -2.160296936119324528e+05 1.935320389249967993e+05 1.211117425851539883e+05 2.839588229803032664e+04 -6.149190364999336452e+04 2.906752635428118519e+06 6.460683060538278660e+05 6.193366477992372820e+05 5.666792452339769807e+05 -1.241837512453490868e+06 5.156937754130069516e+04 -2.663102860067258589e+05 -4.724621152262755786e+05 -1.069041525547181373e+05
1.403162982418559492e+06 4.371769960149037652e+05 2.756733825889954460e+05 -2.160296936119324528e+05 7.320406608694838360e+05 1.897082755355593399e+05 7.466376891333567619e+04 -6.394981958675602800e+04 6.913128293330597808e+04 4.599172688083877787e+06 -2.126362455764950137e+05 3.366041233390629641e+05 -4.818042129772091866e+05 4.380620810569670284e+05 6.341727941323689884e+05 1.146136507577900775e+05 3.606762604150153929e+05 -9.637244302496177625e+03
7.890182804469203111e+05 6.069031164494625991e+05 -1.028299851028888370e+05 1.935320389249967993e+05 1.897082755355593399e+05 6.292924180467466358e+05 7.844725652145985805e+04 -4.870273463952847669e+04 -2.001974382607099324e+04 4.753369462229014374e+06 -3.247771242423019721e+05 1.511830111641974887e+06 -4.760407611348018982e+05 1.378052628692427243e+05 6.916799362372547621e+05 3.907658678162190481e+05 2.210785610817508423e+05 -6.786358435172642930e+04
-8.583097887218381511e+05 -3.226060388884462882e+05 -1.596001762738076213e+05 1.211117425851539883e+05 7.466376891333567619e+04 7.844725652145985805e+04 3.479644085127115250e+05 7.552168386589562579e+04 3.004703559091576972e+04 -6.477763798038703389e+05 -4.923527092315914924e+05 6.260772360059028724e+05 -9.270548682790069142e+04 -3.123285219101152616e+05 9.132154526792943943e+04 -6.752617616911651567e+04 6.551697628837182492e+03 8.478223535300722870e+04
-3.065766649071560460e+04 -6.435023055041362531e+05 -2.443234925070795289e+05 2.839588229803032664e+04 -6.394981958675602800e+04 -4.870273463952847669e+04 7.552168386589562579e+04 1.443940718980114325e+05 -1.627083168636947630e+04 -1.722819443629896501e+06 -5.479059813462987076e+05 -3.686366186925748480e+05 -5.293504623455991532e+04 -3.241328057970148511e+05 -5.445077217287653912e+04 -2.497636394003244350e+05 -8.483622293209837517e+04 7.614973849914832681e+04
-2.788607141434950754e+05 -7.174755300440848805e+04 6.057991817814012029e+04 -6.149190364999336452e+04 6.913128293330597808e+04 -2.001974382607099324e+04 3.004703559091576972e+04 -1.627083168636947630e+04 6.114852864047181356e+04 -1.943713219726168609e+05 -2.553427112812958512e+04 -5.504083859987277538e+05 1.457711315163384425e+05 3.862511369981278403e+04 -1.496759798543157558e+04 9.194715740983367141e+03 5.338029877271338046e+04 -4.104256573216954712e+04
4.644374281131469458e+07 7.444172487390066497e+06 8.354045536240786314e+06 2.906752635428118519e+06 4.599172688083877787e+06 4.753369462229014374e+06 -6.477763798038703389e+05 -1.722819443629896501e+06 -1.943713219726168609e+05 1.650451562562681139e+08 -4.063445726196765900e+06 2.089898701815875992e+07 -4.568335750125484541e+06 7.900120575209705858e+05 8.032508118889232166e+06 2.511494659844654612e+06 2.621034571970064193e+06 -4.261396920690356055e+05
2.077660311333158752e+06 -7.485461654640701599e+05 2.393146204021510668e+06 6.460683060538278660e+05 -2.126362455764950137e+05 -3.247771242423019721e+05 -4.923527092315914924e+05 -5.479059813462987076e+05 -2.553427112812958512e+04 -4.063445726196765900e+06 4.002593856752029061e+07 8.115595845738884062e+06 8.175763231913129799e+06 1.356042078314963263e+06 -1.605068375345473643e+06 2.771749798092935816e+05 -1.498239673161896644e+06 1.641937247885095654e+06
-1.821779890068277018e+06 1.438918080875365529e+06 1.435149008739056997e+06 6.193366477992372820e+05 3.366041233390629641e+05 1.511830111641974887e+06 6.260772360059028724e+05 -3.686366186925748480e+05 -5.504083859987277538e+05 2.089898701815875992e+07 8.115595845738884062e+06 2.227700847614999488e+07 1.702936730530634522e+06 1.637354338149645133e+06 3.728376188726863358e+06 1.685846649545817636e+06 6.657240334287290461e+05 7.065955839728242718e+05
-5.630029030637097545e+06 3.771401271173342247e+05 1.716440811774953501e+06 5.666792452339769807e+05 -4.818042129772091866e+05 -4.760407611348018982e+05 -9.270548682790069142e+04 -5.293504623455991532e+04 1.457711315163384425e+05 -4.568335750125484541e+06 8.175763231913129799e+06 1.702936730530634522e+06 1.014695118140299246e+07 -5.281375302425069967e+05 2.769622718961311039e+05 -6.975276204589767149e+05 -2.765346521854674211e+05 8.979898041301581543e+05
-2.391014888694957830e+06 2.111513888427889906e+06 1.584334652245840756e+06 -1.241837512453490868e+06 4.380620810569670284e+05 1.378052628692427243e+05 -3.123285219101152616e+05 -3.241328057970148511e+05 3.862511369981278403e+04 7.900120575209705858e+05 1.356042078314963263e+06 1.637354338149645133e+06 -5.281375302425069967e+05 4.708023202588846907e+06 9.929199309529956736e+03 4.867540329996772343e+05 5.085546767215961590e+05 -8.135978246507199947e+04
1.328677037173676363e+05 7.149722289002961479e+05 1.124775644974604947e+05 5.156937754130069516e+04 6.341727941323689884e+05 6.916799362372547621e+05 9.132154526792943943e+04 -5.445077217287653912e+04 -1.496759798543157558e+04 8.032508118889232166e+06 -1.605068375345473643e+06 3.728376188726863358e+06 2.769622718961311039e+05 9.929199309529956736e+03 3.186452939377228264e+06 9.572895599367923569e+05 6.826052781254224246e+05 1.848606254777153954e+05
-1.528836808221151296e+05 1.471167548261112068e+06 -3.986411680441063945e+05 -2.663102860067258589e+05 1.146136507577900775e+05 3.907658678162190481e+05 -6.752617616911651567e+04 -2.497636394003244350e+05 9.194715740983367141e+03 2.511494659844654612e+06 2.771749798092935816e+05 1.685846649545817636e+06 -6.975276204589767149e+05 4.867540329996772343e+05 9.572895599367923569e+05 1.434721035654306877e+06 2.789951595466032159e+05 -3.212105327291592257e+05
-7.171792712843607296e+04 1.105580254911942175e+06 -1.379747557366395631e+04 -4.724621152262755786e+05 3.606762604150153929e+05 2.210785610817508423e+05 6.551697628837182492e+03 -8.483622293209837517e+04 5.338029877271338046e+04 2.621034571970064193e+06 -1.498239673161896644e+06 6.657240334287290461e+05 -2.765346521854674211e+05 5.085546767215961590e+05 6.826052781254224246e+05 2.789951595466032159e+05 6.582090078219694551e+05 -5.204223321920731541e+04
-7.202090794632218312e+05 -4.058347895978326560e+05 -2.319553809135041374e+05 -1.069041525547181373e+05 -9.637244302496177625e+03 -6.786358435172642930e+04 8.478223535300722870e+04 7.614973849914832681e+04 -4.104256573216954712e+04 -4.261396920690356055e+05 1.641937247885095654e+06 7.065955839728242718e+05 8.979898041301581543e+05 -8.135978246507199947e+04 1.848606254777153954e+05 -3.212105327291592257e+05 -5.204223321920731541e+04 6.676056774658798240e+05
