# lambda=0.11647559735841984
6.614647238876709342e+07 -1.667046708254396915e+06 -1.200068076784532052e+06 -2.614014959734505508e+06 -1.569256976943282934e+05 2.200080463948201505e+05 -3.300317648665297893e+05 3.007640137917839093e+04 -1.023692945378098520e+06 5.556638726295880973e+07 1.073527395031474344e+07 4.101761472944644280e+06 6.899130634714022279e+06 1.638375053272364428e+06 1.828205957609692356e+06 8.954140458800888155e+05 -1.585805196861664532e+06 1.641579888567995295e+04
-1.667046708254396915e+06 1.048739814098342881e+07 2.283166625701986253e+06 1.131072293892868795e+06 2.497529437756093685e+05 -5.192979682825070340e+05 -3.571493892696572584e+05 1.938258598177247623e+05 -7.893981688790925546e+04 8.309689390213869512e+06 5.014875927455902100e+06 2.658467881755843759e+06 3.093625050488328270e+04 2.315579427768487018e+06 -1.438301150273976091e+05 -9.636770937186500523e+05 -1.030380368258022354e+06 3.815400263747140998e+05
-1.200068076784532052e+06 2.283166625701986253e+06 5.167449163018006831e+06 1.345605700481013395e+06 -3.609479474855765875e+04 5.742045135378093983e+04 2.735242291663328651e+05 2.419811794990812195e+05 -2.579184721396210080e+04 -3.444055813191704452e+06 4.968850043536548503e+06 5.388766928709778935e+06 2.410880834201791149e+05 3.655356664393059909e+05 -6.252258242888348177e+05 -3.071761833153889165e+05 4.385459187275169534e+05 6.757914101929467870e+05
-2.614014959734505508e+06 1.131072293892868795e+06 1.345605700481013395e+06 1.590162015378688928e+06 -1.491573069549215143e+05 3.682798499541122583e+05 2.306094922152729414e+05 8.196859475158806890e+04 1.281532617177171196e+05 -3.379954229232817423e+06 1.979899904609264340e+06 8.627665847441517981e+05 -6.154837620446330402e+05 -4.017846377715127310e+05 -7.830525968054835685e+05 -5.142177686537660338e+04 1.422687162770949653e+05 3.298025523430687026e+05
-1.569256976943282934e+05 2.497529437756093685e+05 -3.609479474855765875e+04 -1.491573069549215143e+05 4.547713765953968395e+05 -9.072588344011989830e+04 -7.104344111662708747e+04 -5.293570268749202660e+04 -2.509065000007106210e+04 -1.577546370666445466e+06 -8.027695327469307231e+05 -1.343544094838351593e+05 -1.800040818677366769e+05 4.182251288229158381e+05 2.554127772501794971e+05 -5.884863269344869332e+04 -9.790018393051284875e+03 -7.714104083855684439e+04
2.200080463948201505e+05 -5.192979682825070340e+05 5.742045135378093983e+04 3.682798499541122583e+05 -9.072588344011989830e+04 4.161771715348972357e+05 8.842533245272545901e+04 -1.370113112540818292e+04 1.414783064172565355e+05 1.214789095819143346e+06 -4.243893556715223531e+04 1.117729347273406805e+06 3.032763483521784656e+05 -2.450006016859266092e+05 -1.982511509900687961e+05 1.346663766680639237e+05 2.275894468275296094e+05 1.314754195063895022e+05
-3.300317648665297893e+05 -3.571493892696572584e+05 2.735242291663328651e+05 2.306094922152729414e+05 -7.104344111662708747e+04 8.842533245272545901e+04 3.395689730766030843e+05 1.399475383150949483e+03 2.261951493187031156e+04 6.162296076515689492e+05 1.134706939947814448e+06 2.169269844613265304e+05 2.237490456828989263e+05 1.799122388399651391e+04 -1.689325244784747701e+04 -1.375611271500964940e+05 1.523928975765820651e+05 1.159333569921554881e+05
3.007640137917839093e+04 1.938258598177247623e+05 2.419811794990812195e+05 8.196859475158806890e+04 -5.293570268749202660e+04 -1.370113112540818292e+04 1.399475383150949483e+03 1.715966233919576625e+05 5.096534622566923645e+04 1.192082463059771573e+06 -2.523277823469316645e+05 -1.865454350767110882e+05 -4.983813202215609490e+05 -3.480551762888192025e+04 3.192384520773153440e+02 -1.837882376885756676e+05 1.134083249661681475e+05 7.269950543268471665e+04
-1.023692945378098520e+06 -7.893981688790925546e+04 -2.579184721396210080e+04 1.281532617177171196e+05 -2.509065000007106210e+04 1.414783064172565355e+05 2.261951493187031156e+04 5.096534622566923645e+04 1.313445450357811060e+05 -3.570174196780722705e+05 -2.020357550485433312e+05 -1.416761631666714966e+05 -3.498780596604508464e+05 -5.269643008645014925e+04 5.599914393638900947e+04 3.333607839371196314e+04 1.449041815517132927e+05 3.988211361800903978e+04
5.556638726295880973e+07 8.309689390213869512e+06 -3.444055813191704452e+06 -3.379954229232817423e+06 -1.577546370666445466e+06 1.214789095819143346e+06 6.162296076515689492e+05 1.192082463059771573e+06 -3.570174196780722705e+05 2.250751226997945905e+08 1.750619009885448962e+07 2.659324208983030543e+07 5.529287920222896151e+06 5.888194147010762244e+06 7.787045098141537048e+06 -2.170960293279288802e+06 -6.898011135716954013e+05 2.562188473593198229e+06
1.073527395031474344e+07 5.014875927455902100e+06 4.968850043536548503e+06 1.979899904609264340e+06 -8.027695327469307231e+05 -4.243893556715223531e+04 1.134706939947814448e+06 -2.523277823469316645e+05 -2.020357550485433312e+05 1.750619009885448962e+07 5.853042412306348979e+07 1.738145495604583295e+06 -3.565817214893489610e+06 1.714226537214078009e+06 -4.920125367377967341e+05 8.475770848566725617e+05 3.714239699282204383e+05 1.327899118666240713e+06
4.101761472944644280e+06 2.658467881755843759e+06 5.388766928709778935e+06 8.627665847441517981e+05 -1.343544094838351593e+05 1.117729347273406805e+06 2.169269844613265304e+05 -1.865454350767110882e+05 -1.416761631666714966e+05 2.659324208983030543e+07 1.738145495604583295e+06 2.765696081421998888e+07 5.643157970371134579e+06 -1.155741959523362573e+06 1.162991151354409754e+06 -1.505547686942901928e+05 2.833298812289967900e+05 1.734214487379204482e+06
6.899130634714022279e+06 3.093625050488328270e+04 2.410880834201791149e+05 -6.154837620446330402e+05 -1.800040818677366769e+05 3.032763483521784656e+05 2.237490456828989263e+05 -4.983813202215609490e+05 -3.498780596604508464e+05 5.529287920222896151e+06 -3.565817214893489610e+06 5.643157970371134579e+06 9.443736936139240861e+06 1.806734843903698027e+06 -1.095954642742794007e+06 5.978862095493659144e+05 -7.083008930925442837e+04 2.028836469943213742e+05
1.638375053272364428e+06 2.315579427768487018e+06 3.655356664393059909e+05 -4.017846377715127310e+05 4.182251288229158381e+05 -2.450006016859266092e+05 1.799122388399651391e+04 -3.480551762888192025e+04 -5.269643008645014925e+04 5.888194147010762244e+06 1.714226537214078009e+06 -1.155741959523362573e+06 1.806734843903698027e+06 2.729142375431973487e+06 2.157002565783699974e+05 1.528070283157521771e+04 4.946909111606187071e+04 1.402537286407687816e+03
1.828205957609692356e+06 -1.438301150273976091e+05 -6.252258242888348177e+05 -7.830525968054835685e+05 2.554127772501794971e+05 -1.982511509900687961e+05 -1.689325244784747701e+04 3.192384520773153440e+02 5.599914393638900947e+04 7.787045098141537048e+06 -4.920125367377967341e+05 1.162991151354409754e+06 -1.095954642742794007e+06 2.157002565783699974e+05 3.124625166163717862e+06 3.078651681632504915e+05 2.335557873470694176e+05 8.153861773776049085e+04
8.954140458800888155e+05 -9.636770937186500523e+05 -3.071761833153889165e+05 -5.142177686537660338e+04 -5.884863269344869332e+04 1.346663766680639237e+05 -1.375611271500964940e+05 -1.837882376885756676e+05 3.333607839371196314e+04 -2.170960293279288802e+06 8.475770848566725617e+05 -1.505547686942901928e+05 5.978862095493659144e+05 1.528070283157521771e+04 3.078651681632504915e+05 1.003946808407684672e+06 3.394401374796719756e+04 2.887128974391629890e+04
-1.585805196861664532e+06 -1.030380368258022354e+06 4.385459187275169534e+05 1.422687162770949653e+05 -9.790018393051284875e+03 2.275894468275296094e+05 1.523928975765820651e+05 1.134083249661681475e+05 1.449041815517132927e+05 -6.898011135716954013e+05 3.714239699282204383e+05 2.833298812289967900e+05 -7.083008930925442837e+04 4.946909111606187071e+04 2.335557873470694176e+05 3.394401374796719756e+04 7.737591437335230876e+05 2.032823445067658904e+05
1.641579888567995295e+04 3.815400263747140998e+05 6.757914101929467870e+05 3.298025523430687026e+05 -7.714104083855684439e+04 1.314754195063895022e+05 1.159333569921554881e+05 7.269950543268471665e+04 3.988211361800903978e+04 2.562188473593198229e+06 1.327899118666240713e+06 1.734214487379204482e+06 2.028836469943213742e+05 1.402537286407687816e+03 8.153861773776049085e+04 2.887128974391629890e+04 2.032823445067658904e+05 3.512417689398415387e+05
