# lambda=0.12084466101829236
2.445377207512455434e+07 7.236602150928077288e+06 2.678564615980763454e+06 2.201765518120647408e+06 2.615988585988221224e+06 1.883797575253686591e+04 -5.222929955914738239e+05 -3.632835170031145681e+05 2.180776350353831949e+05 7.828738106533851475e+06 1.017780597278669477e+07 3.011980672646161634e+06 3.658024723308902700e+06 4.216987429158483632e+06 3.031908543084361008e+05 1.068061229210127378e+06 -5.872313906375399092e+05 -4.710498947528185090e+04
7.236602150928077288e+06 1.484454827030765824e+07 1.650346269805238349e+06 2.337277906376923202e+05 1.771079658170933602e+06 9.483957455436015734e+05 -6.418437935291311005e+05 -3.910923866855158121e+04 5.774390708230932069e+04 -9.508528574889188632e+06 7.421152671243766323e+06 7.287570373828166164e+06 -4.502434161617477075e+05 3.283801959146481822e+05 -7.615640385628135118e+04 -8.068629849960843785e+03 4.789994294065713184e+05 6.062631517665532883e+05
2.678564615980763454e+06 1.650346269805238349e+06 5.169756549135193229e+06 3.144976042900335742e+05 5.878381692201157566e+05 7.443050977302812680e+04 -3.162284980827741674e+05 2.515122143441208464e+05 -1.232272179110648576e+05 1.419927673350122198e+07 -2.522766821468955837e+06 3.360598214575634804e+06 2.780920378419127082e+05 1.505879002158647403e+06 9.221630318836182123e+05 -7.174800354881847743e+05 -1.358496043696079869e+05 -5.983835290316102328e+05
2.201765518120647408e+06 2.337277906376923202e+05 3.144976042900335742e+05 2.010494585432544816e+06 -1.498643022364604985e+05 -1.687399348081625358e+05 7.297092427050365950e+04 -1.824300927713947312e+05 2.717365139312671090e+04 -1.624059055836144369e+06 -3.532367904070378863e+05 1.630212535611623432e+06 5.341328432272094069e+05 9.276356278180186637e+05 -2.120836644420077209e+05 5.940532231220728718e+05 4.414089446869240055e+04 -2.456016861542908300e+05
2.615988585988221224e+06 1.771079658170933602e+06 5.878381692201157566e+05 -1.498643022364604985e+05 9.371084495610621525e+05 2.674700182413649745e+05 -1.168077252728935273e+05 2.069810305678796340e+03 -8.441773295240900188e+04 2.380829401909754612e+06 2.526673724507719744e+06 1.007308839829572011e+06 -1.080563139300610637e+05 6.714648570866507944e+05 3.592634552130087395e+05 -2.418590817469075773e+03 -6.333682341471883410e+04 -1.035591832819926640e+05
1.883797575253686591e+04 9.483957455436015734e+05 7.443050977302812680e+04 -1.687399348081625358e+05 2.674700182413649745e+05 4.407510240559919621e+05 -3.043408194520980396e+04 2.871040505582120750e+04 -6.992142197647431749e+04 -6.954242371674547903e+05 1.228221721139956033e+06 8.101503602401979733e+05 -2.905835682700451071e+04 -2.142375431401733949e+05 -4.405761661175858171e+04 3.167193560430585057e+04 1.847438618845919264e+05 7.182058817345045100e+04
-5.222929955914738239e+05 -6.418437935291311005e+05 -3.162284980827741674e+05 7.297092427050365950e+04 -1.168077252728935273e+05 -3.043408194520980396e+04 3.157031989108621492e+05 7.050938267032445583e+04 1.083260265349179645e+04 -4.089220792342500761e+06 -5.653886918135258602e+05 -2.857949233648733934e+05 -7.530380179541744292e+04 -2.852655406825525570e+05 2.566256094543421932e+05 9.609333599052591308e+04 8.397244326784685836e+04 -4.121313907244857546e+04
-3.632835170031145681e+05 -3.910923866855158121e+04 2.515122143441208464e+05 -1.824300927713947312e+05 2.069810305678796340e+03 2.871040505582120750e+04 7.050938267032445583e+04 1.829528124404229748e+05 -1.837100097326584728e+04 -5.450417362696675118e+05 -6.539492081932143774e+05 4.192679574587695242e+04 -2.695585010134050390e+05 -2.981427827961635776e+05 8.571720301700675918e+03 -2.462786321657606459e+05 4.088947067587820493e+04 -5.325470323590646876e+04
2.180776350353831949e+05 5.774390708230932069e+04 -1.232272179110648576e+05 2.717365139312671090e+04 -8.441773295240900188e+04 -6.992142197647431749e+04 1.083260265349179645e+04 -1.837100097326584728e+04 5.694633049784554169e+04 -1.209405558729968034e+06 4.510932249760647392e+04 -2.224069509099160787e+05 2.444241377032129385e+05 -3.390148020722685942e+02 -9.000560101473649411e+03 1.944130899515593410e+04 -3.111658404394024910e+04 4.953640337327714951e+04
7.828738106533851475e+06 -9.508528574889188632e+06 1.419927673350122198e+07 -1.624059055836144369e+06 2.380829401909754612e+06 -6.954242371674547903e+05 -4.089220792342500761e+06 -5.450417362696675118e+05 -1.209405558729968034e+06 2.439346628976226151e+08 7.341577042395794997e+05 3.458712880150493700e+06 5.660041189330674708e+06 8.371868675164068118e+06 3.487896720381347463e+06 -8.841573248720674310e+05 4.743824776569758542e+05 -3.225161160965572577e+06
1.017780597278669477e+07 7.421152671243766323e+06 -2.522766821468955837e+06 -3.532367904070378863e+05 2.526673724507719744e+06 1.228221721139956033e+06 -5.653886918135258602e+05 -6.539492081932143774e+05 4.510932249760647392e+04 7.341577042395794997e+05 3.836142881102434546e+07 5.456527250064715743e+06 1.168690402577640722e+06 4.807713024753607810e+06 1.314094266647940502e+06 2.402187049563652370e+06 6.625570934256528271e+05 1.685823529432978248e+06
3.011980672646161634e+06 7.287570373828166164e+06 3.360598214575634804e+06 1.630212535611623432e+06 1.007308839829572011e+06 8.101503602401979733e+05 -2.857949233648733934e+05 4.192679574587695242e+04 -2.224069509099160787e+05 3.458712880150493700e+06 5.456527250064715743e+06 1.605568970635260083e+07 1.312444792275919346e+06 2.303781204280665144e+06 5.937642607291527092e+05 2.130771679440352600e+06 1.759347523725187173e+06 -2.963783323219380691e+04
3.658024723308902700e+06 -4.502434161617477075e+05 2.780920378419127082e+05 5.341328432272094069e+05 -1.080563139300610637e+05 -2.905835682700451071e+04 -7.530380179541744292e+04 -2.695585010134050390e+05 2.444241377032129385e+05 5.660041189330674708e+06 1.168690402577640722e+06 1.312444792275919346e+06 5.409177577181476168e+06 1.522311056067377329e+06 6.408873540107649751e+05 4.862902601317102672e+05 -1.052587760059627763e+05 1.149759604546404153e+05
4.216987429158483632e+06 3.283801959146481822e+05 1.505879002158647403e+06 9.276356278180186637e+05 6.714648570866507944e+05 -2.142375431401733949e+05 -2.852655406825525570e+05 -2.981427827961635776e+05 -3.390148020722685942e+02 8.371868675164068118e+06 4.807713024753607810e+06 2.303781204280665144e+06 1.522311056067377329e+06 5.286908069358419627e+06 1.527152477529928088e+06 6.541478940649934812e+05 -2.189354337612589006e+05 1.295354429299002550e+04
3.031908543084361008e+05 -7.615640385628135118e+04 9.221630318836182123e+05 -2.120836644420077209e+05 3.592634552130087395e+05 -4.405761661175858171e+04 2.566256094543421932e+05 8.571720301700675918e+03 -9.000560101473649411e+03 3.487896720381347463e+06 1.314094266647940502e+06 5.937642607291527092e+05 6.408873540107649751e+05 1.527152477529928088e+06 2.801117561744725797e+06 9.914734916782010114e+05 -9.093495330671597912e+03 -6.992231461072871753e+04
1.068061229210127378e+06 -8.068629849960843785e+03 -7.174800354881847743e+05 5.940532231220728718e+05 -2.418590817469075773e+03 3.167193560430585057e+04 9.609333599052591308e+04 -2.462786321657606459e+05 1.944130899515593410e+04 -8.841573248720674310e+05 2.402187049563652370e+06 2.130771679440352600e+06 4.862902601317102672e+05 6.541478940649934812e+05 9.914734916782010114e+05 2.285077352138856892e+06 6.838916924128228566e+05 1.181316776161295711e+05
-5.872313906375399092e+05 4.789994294065713184e+05 -1.358496043696079869e+05 4.414089446869240055e+04 -6.333682341471883410e+04 1.847438618845919264e+05 8.397244326784685836e+04 4.088947067587820493e+04 -3.111658404394024910e+04 4.743824776569758542e+05 6.625570934256528271e+05 1.759347523725187173e+06 -1.052587760059627763e+05 -2.189354337612589006e+05 -9.093495330671597912e+03 6.838916924128228566e+05 8.926887775554958498e+05 1.168943625727165781e+05
-4.710498947528185090e+04 6.062631517665532883e+05 -5.983835290316102328e+05 -2.456016861542908300e+05 -1.035591832819926640e+05 7.182058817345045100e+04 -4.121313907244857546e+04 -5.325470323590646876e+04 4.953640337327714951e+04 -3.225161160965572577e+06 1.685823529432978248e+06 -2.963783323219380691e+04 1.149759604546404153e+05 1.295354429299002550e+04 -6.992231461072871753e+04 1.181316776161295711e+05 1.168943625727165781e+05 3.530342261196527979e+05
