# lambda=0.18942213483152687
5.164868490719484538e+07 1.752438647676750645e+07 2.836533905268027913e+06 4.654839590227830224e+06 1.909589596949637169e+06 3.410683409970665234e+05 1.082222059601733461e+06 3.924383330987498048e+05 3.836112272077219677e+05 -7.238400257092228159e+06 1.925776032289055735e+07 5.609388694667828269e+06 7.686022120642316528e+06 4.943802710790366866e+06 2.186567814884288702e+06 1.635084367403044133e+06 -3.233497161613948410e+05 -1.158291502181905322e+06
1.752438647676750645e+07 2.261617892361051217e+07 1.842961090777337318e+06 2.432141893241217360e+06 1.651740045462172013e+06 -4.741341438307341887e+05 7.733606497537402902e+05 7.166127228963517118e+05 9.827871238834413816e+04 -7.455594790472742170e+06 6.646601170809907839e+06 1.241022807524322066e+06 8.966955355717062950e+06 1.227578551313614473e+06 2.049946586341666698e+05 2.575209824641426560e+06 -9.849811239148880122e+05 -1.045848500515490188e+06
2.836533905268027913e+06 1.842961090777337318e+06 3.537661889402802102e+06 1.048535895195026184e+06 5.245943700579885626e+04 3.033005619608219713e+05 7.370349752883849433e+05 -5.336610297824813460e+04 2.535459304247286491e+04 -1.373543424364201783e+05 -4.203094651016772725e+06 2.701851923762116581e+06 2.216556288598016370e+06 1.646342079401192721e+06 2.729612182573718601e+05 6.093024636318071280e+05 3.072652908684379654e+05 1.608144338717098581e+05
4.654839590227830224e+06 2.432141893241217360e+06 1.048535895195026184e+06 1.901425792125495616e+06 9.660451668981662078e+04 -1.042388693603422143e+05 2.304285471070705971e+05 -1.024506966799567454e+04 4.071496446114618448e+04 -3.599923894296844490e+06 -7.005725594573372509e+05 2.459833123008816037e+06 1.711562547103516525e+06 5.402556233937994693e+04 7.098256637826570659e+04 7.140031374189171765e+04 -2.125855172663457051e+05 -1.648889144140678109e+05
1.909589596949637169e+06 1.651740045462172013e+06 5.245943700579885626e+04 9.660451668981662078e+04 8.959850768195318524e+05 1.690588953388204682e+05 1.171324699966184853e+05 4.451815955368973664e+04 -1.764525810042357989e+04 3.183405428311724216e+06 -4.687619663978000754e+05 6.072442812210753327e+05 1.557041102226826129e+06 -9.221077646199153969e+04 2.648918260231186287e+05 1.862696004400659003e+05 -1.085276808863996703e+05 -1.339220653164055147e+04
3.410683409970665234e+05 -4.741341438307341887e+05 3.033005619608219713e+05 -1.042388693603422143e+05 1.690588953388204682e+05 4.163398321663091192e+05 1.383637647754156496e+05 -1.613782842279501347e+04 8.230704239701151891e+03 1.769455551522549242e+06 2.734155333331580623e+05 -2.472385351036787033e+05 -1.160046848813566794e+04 1.881265765825669805e+05 7.766539056811084738e+05 4.840421457988666371e+05 1.909912040353349294e+05 8.846144423900097900e+04
1.082222059601733461e+06 7.733606497537402902e+05 7.370349752883849433e+05 2.304285471070705971e+05 1.171324699966184853e+05 1.383637647754156496e+05 4.125093323754361481e+05 1.240294593930324190e+05 3.418880205585438671e+04 1.810986786489977501e+06 -5.741992102417597780e+05 5.992972196155965794e+05 8.940019637020061491e+05 6.814199330105105182e+05 5.214482338928480167e+05 4.946466267126471503e+05 1.382162284790319682e+05 1.282568562172876700e+05
3.924383330987498048e+05 7.166127228963517118e+05 -5.336610297824813460e+04 -1.024506966799567454e+04 4.451815955368973664e+04 -1.613782842279501347e+04 1.240294593930324190e+05 1.678991010878656525e+05 2.279431619299115118e+04 2.758565984663803829e+04 -2.109160247416807688e+05 -3.223428975134545908e+04 1.640355645863596874e+05 5.961713142110379704e+04 2.962587863647462800e+05 1.201503237285524810e+05 5.638398392433603294e+04 4.276159291918815143e+04
3.836112272077219677e+05 9.827871238834413816e+04 2.535459304247286491e+04 4.071496446114618448e+04 -1.764525810042357989e+04 8.230704239701151891e+03 3.418880205585438671e+04 2.279431619299115118e+04 7.450251003428938566e+04 -1.565326807226194651e+05 1.367887444525550236e+05 1.184434862110295217e+05 5.003680297805307782e+04 6.858162275050707103e+04 -6.001941860864062619e+03 -2.475829520932736341e+04 9.095111307766819664e+04 7.144243788500307346e+03
-7.238400257092228159e+06 -7.455594790472742170e+06 -1.373543424364201783e+05 -3.599923894296844490e+06 3.183405428311724216e+06 1.769455551522549242e+06 1.810986786489977501e+06 2.758565984663803829e+04 -1.565326807226194651e+05 1.884144853937710524e+08 3.854164132400780171e+07 -6.048205236488053575e+06 -1.900041027223858517e+06 1.688203790476841852e+06 5.039929657362814993e+06 -9.969895851419850951e+05 -3.445583555725185666e+06 1.911009355653649429e+06
1.925776032289055735e+07 6.646601170809907839e+06 -4.203094651016772725e+06 -7.005725594573372509e+05 -4.687619663978000754e+05 2.734155333331580623e+05 -5.741992102417597780e+05 -2.109160247416807688e+05 1.367887444525550236e+05 3.854164132400780171e+07 5.990432069718139619e+07 -1.321869899971935153e+07 4.714852672012091614e+06 2.182416722968723159e+06 3.007525230360191315e+06 9.692731008354522055e+05 -2.532887812168781180e+06 -5.641984778002448147e+05
5.609388694667828269e+06 1.241022807524322066e+06 2.701851923762116581e+06 2.459833123008816037e+06 6.072442812210753327e+05 -2.472385351036787033e+05 5.992972196155965794e+05 -3.223428975134545908e+04 1.184434862110295217e+05 -6.048205236488053575e+06 -1.321869899971935153e+07 1.472617815899105556e+07 2.727797024219929241e+06 5.623196903714119690e+05 -1.572339216964692576e+06 -6.074878486508193891e+05 -3.212276261272985721e+05 -7.119018446945901087e+04
7.686022120642316528e+06 8.966955355717062950e+06 2.216556288598016370e+06 1.711562547103516525e+06 1.557041102226826129e+06 -1.160046848813566794e+04 8.940019637020061491e+05 1.640355645863596874e+05 5.003680297805307782e+04 -1.900041027223858517e+06 4.714852672012091614e+06 2.727797024219929241e+06 1.245692183067020215e+07 1.859654472782774828e+06 6.478412274977006018e+05 1.121686441617076285e+06 -7.718858359522148967e+05 1.996163510763687373e+05
4.943802710790366866e+06 1.227578551313614473e+06 1.646342079401192721e+06 5.402556233937994693e+04 -9.221077646199153969e+04 1.881265765825669805e+05 6.814199330105105182e+05 5.961713142110379704e+04 6.858162275050707103e+04 1.688203790476841852e+06 2.182416722968723159e+06 5.623196903714119690e+05 1.859654472782774828e+06 2.952509670931465924e+06 7.084905919520970201e+05 1.131358941981717711e+06 2.940151352382285404e+05 -3.515716607460569503e+04
2.186567814884288702e+06 2.049946586341666698e+05 2.729612182573718601e+05 7.098256637826570659e+04 2.648918260231186287e+05 7.766539056811084738e+05 5.214482338928480167e+05 2.962587863647462800e+05 -6.001941860864062619e+03 5.039929657362814993e+06 3.007525230360191315e+06 -1.572339216964692576e+06 6.478412274977006018e+05 7.084905919520970201e+05 3.259367746545743663e+06 1.338269756158639444e+06 1.293744066422003671e+05 1.681089837512550002e+05
1.635084367403044133e+06 2.575209824641426560e+06 6.093024636318071280e+05 7.140031374189171765e+04 1.862696004400659003e+05 4.840421457988666371e+05 4.946466267126471503e+05 1.201503237285524810e+05 -2.475829520932736341e+04 -9.969895851419850951e+05 9.692731008354522055e+05 -6.074878486508193891e+05 1.121686441617076285e+06 1.131358941981717711e+06 1.338269756158639444e+06 2.152239159294791054e+06 2.952600144409144414e+05 -1.619085025081686908e+05
-3.233497161613948410e+05 -9.849811239148880122e+05 3.072652908684379654e+05 -2.125855172663457051e+05 -1.085276808863996703e+05 1.909912040353349294e+05 1.382162284790319682e+05 5.638398392433603294e+04 9.095111307766819664e+04 -3.445583555725185666e+06 -2.532887812168781180e+06 -3.212276261272985721e+05 -7.718858359522148967e+05 2.940151352382285404e+05 1.293744066422003671e+05 2.952600144409144414e+05 6.647814843631386757e+05 1.004420526573457319e+05
-1.158291502181905322e+06 -1.045848500515490188e+06 1.608144338717098581e+05 -1.648889144140678109e+05 -1.339220653164055147e+04 8.846144423900097900e+04 1.282568562172876700e+05 4.276159291918815143e+04 7.144243788500307346e+03 1.911009355653649429e+06 -5.641984778002448147e+05 -7.119018446945901087e+04 1.996163510763687373e+05 -3.515716607460569503e+04 1.681089837512550002e+05 -1.619085025081686908e+05 1.004420526573457319e+05 3.931249761686123675e+05
