# lambda=0.14820571612462993
3.121466113709815592e+07 2.510864747136334423e+06 -9.877783685828539310e+05 -4.049250214148756349e+05 7.184932816666300641e+05 1.278587095083196182e+06 6.322076989181505051e+05 1.179944629722623940e+05 6.464332527515300317e+05 -8.456806730440929532e+06 -9.041282311509843916e+06 2.641456496210790705e+06 5.534452409533042461e+06 -1.340691719628479041e+05 1.505947591723939870e+06 -2.907110725530370837e+04 8.353145168943986064e+05 2.733141480336402310e+05
2.510864747136334423e+06 1.895986105622112378e+07 4.745631629611746408e+06 -1.837878178741920274e+06 -4.229077278789832053e+04 -1.597140571652516519e+04 3.351399957937907311e+04 -3.717888465606047539e+05 -3.721953906635384919e+04 -6.346457912419909611e+06 1.417782802752229152e+06 3.017535357517402153e+06 2.686287610476971022e+05 2.172244926982449368e+06 1.083224992691571533e+05 -5.348001934687617468e+05 4.746068063202198246e+05 1.163996396511466992e+04
-9.877783685828539310e+05 4.745631629611746408e+06 4.871894566487428732e+06 1.515299032269653690e+05 -2.375189999666053045e+05 8.469365887350638513e+04 -1.711963079531102267e+05 3.795759463716523442e+03 1.339443016381920315e+05 -4.146943872568436898e+06 -3.216302581413309556e+06 3.712568841137550771e+05 5.710105210586021421e+05 4.528686430394646013e+05 -5.574120045941079734e+05 -1.005256753565434716e+06 1.551614784556883933e+04 -2.994045729992495126e+03
-4.049250214148756349e+05 -1.837878178741920274e+06 1.515299032269653690e+05 9.381929249181566993e+05 -1.199174523243615549e+05 -5.775470216761714983e+04 3.996528562677483569e+04 3.128662592301183031e+04 -2.165456715638138121e+04 4.508282845982715371e+05 -1.419262680017368984e+05 -2.145895147050793457e+04 8.420385902525130659e+05 1.305826392944038962e+05 2.666982271413760827e+04 -9.985487595923421031e+04 -3.698064355160333798e+05 -1.989526817853791290e+05
7.184932816666300641e+05 -4.229077278789832053e+04 -2.375189999666053045e+05 -1.199174523243615549e+05 6.485357821764665423e+05 9.007071675938654516e+04 5.250119201346708724e+04 -1.256895458595376476e+04 5.717646835688178544e+04 1.057390289184920257e+06 1.865458388137699512e+05 1.223382512940932531e+06 -3.523160005313417059e+05 5.018990048436758225e+05 2.734880195125290193e+05 1.106688915309247241e+05 7.981278594740002882e+04 8.893131774983151990e+04
1.278587095083196182e+06 -1.597140571652516519e+04 8.469365887350638513e+04 -5.775470216761714983e+04 9.007071675938654516e+04 3.572493809643588029e+05 4.154946343940004590e+04 7.219448601753957337e+04 7.241870749224431347e+04 4.317279586034843232e+05 -1.575508990643204888e+05 8.450006319021227537e+05 5.721351335564688779e+05 -4.851541712085740292e+05 2.114541802527826803e+05 1.372191336361382564e+05 2.780033052814102848e+05 1.157858313254888926e+05
6.322076989181505051e+05 3.351399957937907311e+04 -1.711963079531102267e+05 3.996528562677483569e+04 5.250119201346708724e+04 4.154946343940004590e+04 1.913375320451307343e+05 1.975580376898430040e+04 3.479466806055009511e+04 -1.417461909775055945e+06 -4.222411524502264801e+05 2.837117181213031872e+05 -7.924628696211086935e+04 2.004302550832921697e+05 2.948708213202015031e+05 1.350400795452873863e+05 7.058470154896957683e+04 -3.732589063246790465e+04
1.179944629722623940e+05 -3.717888465606047539e+05 3.795759463716523442e+03 3.128662592301183031e+04 -1.256895458595376476e+04 7.219448601753957337e+04 1.975580376898430040e+04 1.656003028777061263e+05 5.157402199626812944e+04 1.266313049025835702e+06 -6.320007650879714638e+05 2.021122427719288971e+05 2.510519510078079475e+05 -4.953762677568952786e+05 -9.155543730770808179e+04 9.385605687375622801e+04 1.817409575980992522e+05 1.608339611543872343e+04
6.464332527515300317e+05 -3.721953906635384919e+04 1.339443016381920315e+05 -2.165456715638138121e+04 5.717646835688178544e+04 7.241870749224431347e+04 3.479466806055009511e+04 5.157402199626812944e+04 1.638140387681440334e+05 1.244414228289682884e+06 -4.319700336123863235e+05 1.770576816747888515e+05 -1.131991173776126379e+05 -8.942204581551630690e+04 6.257929822469317878e+04 1.977460642493163687e+04 6.474057357961255912e+04 9.451559047979858587e+04
-8.456806730440929532e+06 -6.346457912419909611e+06 -4.146943872568436898e+06 4.508282845982715371e+05 1.057390289184920257e+06 4.317279586034843232e+05 -1.417461909775055945e+06 1.266313049025835702e+06 1.244414228289682884e+06 1.864307647735747993e+08 9.807840067246802151e+06 1.061848153812629025e+05 -8.230557997333602980e+06 -7.646861719929393381e+06 -3.686883478229168337e+06 2.108218297398765106e+06 -1.000685685116747511e+06 1.389544622494756477e+06
-9.041282311509843916e+06 1.417782802752229152e+06 -3.216302581413309556e+06 -1.419262680017368984e+05 1.865458388137699512e+05 -1.575508990643204888e+05 -4.222411524502264801e+05 -6.320007650879714638e+05 -4.319700336123863235e+05 9.807840067246802151e+06 5.742048747643665224e+07 2.751455349483455531e+06 -5.617855398693204857e+06 -4.017697524564194959e+06 -4.506849408566723578e+05 4.120010338231801288e+05 -2.568266218957579695e+06 -6.905304735047923168e+05
2.641456496210790705e+06 3.017535357517402153e+06 3.712568841137550771e+05 -2.145895147050793457e+04 1.223382512940932531e+06 8.450006319021227537e+05 2.837117181213031872e+05 2.021122427719288971e+05 1.770576816747888515e+05 1.061848153812629025e+05 2.751455349483455531e+06 1.994240840871211886e+07 3.446279276386003941e+06 -1.682675009361299453e+06 1.137910300656541483e+06 3.784847224566899822e+05 1.437318915753787769e+04 -7.034984007334677735e+05
5.534452409533042461e+06 2.686287610476971022e+05 5.710105210586021421e+05 8.420385902525130659e+05 -3.523160005313417059e+05 5.721351335564688779e+05 -7.924628696211086935e+04 2.510519510078079475e+05 -1.131991173776126379e+05 -8.230557997333602980e+06 -5.617855398693204857e+06 3.446279276386003941e+06 8.096169490420217626e+06 -1.695884149791507516e+06 3.829337905443017371e+04 2.217451394344258006e+05 5.489692711465809261e+05 5.006669530807340925e+04
-1.340691719628479041e+05 2.172244926982449368e+06 4.528686430394646013e+05 1.305826392944038962e+05 5.018990048436758225e+05 -4.851541712085740292e+05 2.004302550832921697e+05 -4.953762677568952786e+05 -8.942204581551630690e+04 -7.646861719929393381e+06 -4.017697524564194959e+06 -1.682675009361299453e+06 -1.695884149791507516e+06 6.320160170669524930e+06 1.332036543204819784e+06 -2.562339904096119280e+05 -6.559514861916300142e+05 -2.810882057277777494e+04
1.505947591723939870e+06 1.083224992691571533e+05 -5.574120045941079734e+05 2.666982271413760827e+04 2.734880195125290193e+05 2.114541802527826803e+05 2.948708213202015031e+05 -9.155543730770808179e+04 6.257929822469317878e+04 -3.686883478229168337e+06 -4.506849408566723578e+05 1.137910300656541483e+06 3.829337905443017371e+04 1.332036543204819784e+06 2.145179281900392845e+06 5.028370017767286045e+05 1.022800955119865102e+05 5.934552059626374830e+04
-2.907110725530370837e+04 -5.348001934687617468e+05 -1.005256753565434716e+06 -9.985487595923421031e+04 1.106688915309247241e+05 1.372191336361382564e+05 1.350400795452873863e+05 9.385605687375622801e+04 1.977460642493163687e+04 2.108218297398765106e+06 4.120010338231801288e+05 3.784847224566899822e+05 2.217451394344258006e+05 -2.562339904096119280e+05 5.028370017767286045e+05 1.026009225612895796e+06 2.609114942077976884e+05 5.795921060661681258e+04
8.353145168943986064e+05 4.746068063202198246e+05 1.551614784556883933e+04 -3.698064355160333798e+05 7.981278594740002882e+04 2.780033052814102848e+05 7.058470154896957683e+04 1.817409575980992522e+05 6.474057357961255912e+04 -1.000685685116747511e+06 -2.568266218957579695e+06 1.437318915753787769e+04 5.489692711465809261e+05 -6.559514861916300142e+05 1.022800955119865102e+05 2.609114942077976884e+05 7.843014881233974593e+05 2.647285697078543017e+05
2.733141480336402310e+05 1.163996396511466992e+04 -2.994045729992495126e+03 -1.989526817853791290e+05 8.893131774983151990e+04 1.157858313254888926e+05 -3.732589063246790465e+04 1.608339611543872343e+04 9.451559047979858587e+04 1.389544622494756477e+06 -6.905304735047923168e+05 -7.034984007334677735e+05 5.006669530807340925e+04 -2.810882057277777494e+04 5.934552059626374830e+04 5.795921060661681258e+04 2.647285697078543017e+05 4.278449804918876034e+05
