# lambda=0.152589840650941
5.467275804830767959e+07 6.863855254282023758e+06 -2.868151990633035544e+06 2.187649176268217154e+06 4.828042900986493332e+05 9.731073800610071048e+05 -4.021243152815693174e+05 8.716926354569412069e+05 6.221491279036130290e+05 3.041731638272007182e+07 9.388455216186410325e+03 4.294598409241355024e+06 5.262809691295624711e+06 8.384916435728073120e+06 3.798142680357670877e+06 4.006722408512942027e+06 -5.325059735694309929e+05 1.837016984221110586e+06
6.863855254282023758e+06 2.098774148265017942e+07 -1.383243592988521326e+06 -1.107790642690329812e+06 7.665252749980443623e+05 1.172008219668624923e+06 -3.029249884766501782e+04 3.496525629725340405e+05 3.929944390075571137e+05 2.772362995565835014e+07 1.747209086457323655e+07 -7.691436910814032890e+06 2.868632333312567789e+05 2.724062668925001752e+06 6.799502410293543944e+05 3.165280060233143158e+05 4.312820152276610606e+05 7.103552773058939492e+05
-2.868151990633035544e+06 -1.383243592988521326e+06 4.110023947798323352e+06 -2.975320175871304236e+05 -2.189681222240299976e+05 -2.026243761442019968e+04 -2.174986337918017816e+05 -2.287109316299979109e+05 8.214956119756294356e+04 2.715861154543715995e+06 -8.169940767602103762e+06 -5.613257041569362627e+05 -2.543611548319935333e+06 -1.222305044910207856e+06 -2.775291121209165431e+05 -3.151541161546950461e+05 -3.083871186293755309e+05 4.027630311027332791e+05
2.187649176268217154e+06 -1.107790642690329812e+06 -2.975320175871304236e+05 1.317405109286703169e+06 2.161587804294034140e+05 -7.398591851891258557e+04 3.084395904698325103e+04 -4.163283633382877451e+04 2.189246460202107846e+04 1.691968187542492058e+06 6.482327612929459428e+05 2.242833766520642675e+05 1.054156448635910871e+06 1.676994856167339312e+05 5.872982224125092034e+04 4.620820686242100201e+05 -3.513219056591449771e+05 2.656592716728646774e+05
4.828042900986493332e+05 7.665252749980443623e+05 -2.189681222240299976e+05 2.161587804294034140e+05 6.945901980154673802e+05 1.792576447331756062e+05 -2.469414818473396281e+03 2.453278258891063524e+04 3.823111958616809716e+04 5.310401858413132839e+06 5.352850246679052943e+05 -1.753601410974553321e+06 -4.483005199452887173e+05 1.118531607256581541e+06 4.284261882191094337e+05 -3.197588917025262617e+03 -8.875017476976147736e+04 1.204000250095993215e+04
9.731073800610071048e+05 1.172008219668624923e+06 -2.026243761442019968e+04 -7.398591851891258557e+04 1.792576447331756062e+05 3.686033841937080142e+05 2.916241245749803056e+04 -1.015240228424260931e+04 -1.709321225336495263e+04 1.850905527997252299e+06 2.948216378888909821e+05 -5.500436795650664862e+04 -1.041444772468181909e+06 2.309952458354906412e+05 4.357846254819226451e+05 -1.238057103693222307e+05 -1.835498876252562332e+05 1.366742319183103427e+04
-4.021243152815693174e+05 -3.029249884766501782e+04 -2.174986337918017816e+05 3.084395904698325103e+04 -2.469414818473396281e+03 2.916241245749803056e+04 3.615654555307187256e+05 7.101317530887236353e+04 -8.126125629339483567e+03 -2.133005741754674818e+06 1.995568233745322330e+06 6.040069208139806287e+05 1.406272838802290207e+05 6.365965823052400810e+04 -1.364014958729349019e+05 3.631745877741057193e+05 -5.313682693658118296e+03 -1.194919239488622952e+04
8.716926354569412069e+05 3.496525629725340405e+05 -2.287109316299979109e+05 -4.163283633382877451e+04 2.453278258891063524e+04 -1.015240228424260931e+04 7.101317530887236353e+04 1.635329413099300873e+05 4.259076201271342870e+04 -6.858498034114766142e+02 -3.950233738221185631e+05 -1.914786474873682309e+05 4.047532301219932269e+05 3.070459341294551850e+05 -5.713944385291119397e+04 1.470743071134050551e+05 1.021338603536772862e+05 6.086342689700727351e+04
6.221491279036130290e+05 3.929944390075571137e+05 8.214956119756294356e+04 2.189246460202107846e+04 3.823111958616809716e+04 -1.709321225336495263e+04 -8.126125629339483567e+03 4.259076201271342870e+04 9.532594640540154069e+04 1.067923636541482061e+06 8.702361268103936454e+05 -2.418511635613070684e+05 8.991431187236357073e+04 1.622440412746859656e+05 -1.904842991018937028e+04 1.689026904497543001e+05 1.132363422414550769e+04 1.435301856840070977e+05
3.041731638272007182e+07 2.772362995565835014e+07 2.715861154543715995e+06 1.691968187542492058e+06 5.310401858413132839e+06 1.850905527997252299e+06 -2.133005741754674818e+06 -6.858498034114766142e+02 1.067923636541482061e+06 1.811594886948705614e+08 1.128362261717282794e+07 -9.655215037814842537e+06 7.132185085444524884e+06 1.154726066551933810e+07 8.817142760071745142e+06 -2.854845335662984755e+06 -1.412538525795944151e+05 2.506295192271773238e+06
9.388455216186410325e+03 1.747209086457323655e+07 -8.169940767602103762e+06 6.482327612929459428e+05 5.352850246679052943e+05 2.948216378888909821e+05 1.995568233745322330e+06 -3.950233738221185631e+05 8.702361268103936454e+05 1.128362261717282794e+07 9.262516041207610071e+07 5.911214725193211343e+05 -2.645580639439513325e+05 -1.122387686106168432e+06 1.667083254294745158e+06 4.005607723931670655e+06 7.123512909147876780e+05 -4.937625617194167717e+04
4.294598409241355024e+06 -7.691436910814032890e+06 -5.613257041569362627e+05 2.242833766520642675e+05 -1.753601410974553321e+06 -5.500436795650664862e+04 6.040069208139806287e+05 -1.914786474873682309e+05 -2.418511635613070684e+05 -9.655215037814842537e+06 5.911214725193211343e+05 2.764146206029690057e+07 5.198773139603530988e+06 -1.648257336055849446e+06 1.684157302646096097e+06 1.432874800843588542e+06 1.671925276508696144e+06 -1.159937745870660146e+05
5.262809691295624711e+06 2.868632333312567789e+05 -2.543611548319935333e+06 1.054156448635910871e+06 -4.483005199452887173e+05 -1.041444772468181909e+06 1.406272838802290207e+05 4.047532301219932269e+05 8.991431187236357073e+04 7.132185085444524884e+06 -2.645580639439513325e+05 5.198773139603530988e+06 1.834912526383043453e+07 2.784422155147953425e+06 -1.508919574405028950e+06 1.000211773469915963e+06 1.064678597213231027e+06 5.659861725395561662e+05
8.384916435728073120e+06 2.724062668925001752e+06 -1.222305044910207856e+06 1.676994856167339312e+05 1.118531607256581541e+06 2.309952458354906412e+05 6.365965823052400810e+04 3.070459341294551850e+05 1.622440412746859656e+05 1.154726066551933810e+07 -1.122387686106168432e+06 -1.648257336055849446e+06 2.784422155147953425e+06 7.621900755075847730e+06 5.647962104149496881e+05 1.199120027313745581e+06 1.692862218428528286e+05 7.463889271172400913e+04
3.798142680357670877e+06 6.799502410293543944e+05 -2.775291121209165431e+05 5.872982224125092034e+04 4.284261882191094337e+05 4.357846254819226451e+05 -1.364014958729349019e+05 -5.713944385291119397e+04 -1.904842991018937028e+04 8.817142760071745142e+06 1.667083254294745158e+06 1.684157302646096097e+06 -1.508919574405028950e+06 5.647962104149496881e+05 2.547142435745406896e+06 1.834585764308212674e+05 2.420488067040540918e+05 1.277693615927233041e+05
4.006722408512942027e+06 3.165280060233143158e+05 -3.151541161546950461e+05 4.620820686242100201e+05 -3.197588917025262617e+03 -1.238057103693222307e+05 3.631745877741057193e+05 1.470743071134050551e+05 1.689026904497543001e+05 -2.854845335662984755e+06 4.005607723931670655e+06 1.432874800843588542e+06 1.000211773469915963e+06 1.199120027313745581e+06 1.834585764308212674e+05 1.798296201150043868e+06 1.294993122456635465e+05 4.190105463015045389e+05
-5.325059735694309929e+05 4.312820152276610606e+05 -3.083871186293755309e+05 -3.513219056591449771e+05 -8.875017476976147736e+04 -1.835498876252562332e+05 -5.313682693658118296e+03 1.021338603536772862e+05 1.132363422414550769e+04 -1.412538525795944151e+05 7.123512909147876780e+05 1.671925276508696144e+06 1.064678597213231027e+06 1.692862218428528286e+05 2.420488067040540918e+05 1.294993122456635465e+05 9.315196212921127444e+05 -9.751949968742845522e+04
1.837016984221110586e+06 7.103552773058939492e+05 4.027630311027332791e+05 2.656592716728646774e+05 1.204000250095993215e+04 1.366742319183103427e+04 -1.194919239488622952e+04 6.086342689700727351e+04 1.435301856840070977e+05 2.506295192271773238e+06 -4.937625617194167717e+04 -1.159937745870660146e+05 5.659861725395561662e+05 7.463889271172400913e+04 1.277693615927233041e+05 4.190105463015045389e+05 -9.751949968742845522e+04 5.600886704129661666e+05
