# lambda=0.2778128771257846
4.665981071038485318e+07 5.159734938506342471e+06 -4.025008299058316275e+06 3.387864172794454498e+04 1.701325177444624424e+05 2.007305398877760672e+04 1.873710847769444517e+05 1.601375756053719961e+05 8.979516644787928089e+05 2.097364948438415676e+07 1.002367727689330466e+07 -1.077159844392471388e+07 -2.849486349309009034e+06 -4.971627333605451509e+06 -1.098581512061591260e+06 -2.561078206882080412e+05 -4.630716373187278514e+05 -2.231610556497583457e+05
5.159734938506342471e+06 1.879941491943982989e+07 -2.538214238175911829e+06 -2.089712490853499621e+05 2.514307922399730596e+05 -4.699694005132636812e+04 5.499041306543849641e+05 3.988285479884753004e+05 2.517214767504599586e+05 1.896742635506708175e+07 1.503493832044624537e+07 -2.013454687457835535e+06 -8.356454573137965053e+04 -5.487905101704193512e+05 -3.654047709555899492e+05 8.819492678800297435e+05 -1.020046015857608523e+06 5.039761059703292995e+04
-4.025008299058316275e+06 -2.538214238175911829e+06 3.100422242891165428e+06 1.151551121700545540e+06 -1.704609725478419568e+05 2.293433363715659070e+05 -3.276260721867746543e+04 -8.642919492219531094e+04 -2.957256736278704557e+04 2.369474672331387643e+06 -2.355365086502019782e+06 4.210638632513686316e+05 8.019041562688738341e+05 -9.901567578237162670e+05 6.655405228770779213e+05 -2.209380792881090747e+04 1.059746415451953799e+05 2.977023925627637072e+05
3.387864172794454498e+04 -2.089712490853499621e+05 1.151551121700545540e+06 1.773698919468706008e+06 9.939535716951619543e+04 2.512375532453624764e+05 1.395348786039843690e+05 -9.761291942725608533e+04 -3.685189635068849748e+04 -5.790384041471693199e+05 -1.211295190419773804e+06 -1.052856688003735617e+05 1.263242716320202686e+06 -2.666457242694222950e+05 -1.016435862653896620e+05 -1.281718239262374555e+05 -1.705634528656402545e+05 1.533780440470957838e+05
1.701325177444624424e+05 2.514307922399730596e+05 -1.704609725478419568e+05 9.939535716951619543e+04 1.184390841684772866e+06 8.768545099956497143e+04 8.319022185107403493e+04 -1.931336448281735647e+04 4.192019682801887939e+03 -7.263840439996630885e+05 8.002726490605945000e+05 2.541195140357392374e+05 6.738035931182783097e+05 1.884863320772890875e+05 -2.834163164006610168e+05 -1.999052743867404643e+05 -2.234238147661169060e+05 -5.141477006507907208e+04
2.007305398877760672e+04 -4.699694005132636812e+04 2.293433363715659070e+05 2.512375532453624764e+05 8.768545099956497143e+04 4.207620140410257154e+05 7.329672196711981087e+04 3.591687717413454084e+04 -1.452216830222663702e+04 9.101543268890574109e+05 1.185838704619759228e+06 1.745396819885687146e+05 9.346774923233707668e+05 1.505053400652996497e+05 8.479470981570229924e+04 -1.300483362719659635e+05 2.099162917128550180e+04 -3.271509415666660789e+04
1.873710847769444517e+05 5.499041306543849641e+05 -3.276260721867746543e+04 1.395348786039843690e+05 8.319022185107403493e+04 7.329672196711981087e+04 2.070536625300192391e+05 9.237172252980059420e+04 8.744050829666830396e+03 7.810390639341940405e+05 1.367430610411954811e+06 -2.658742925628407975e+05 6.342144489305396564e+05 1.751469962460978422e+05 -4.299020338816099866e+03 1.753119291626957420e+05 -5.452560124846019608e+04 -3.045781584308826041e+03
1.601375756053719961e+05 3.988285479884753004e+05 -8.642919492219531094e+04 -9.761291942725608533e+04 -1.931336448281735647e+04 3.591687717413454084e+04 9.237172252980059420e+04 1.423494576222483010e+05 1.683064663445263068e+04 1.047194889683041140e+06 7.062652951987925917e+05 -5.174903902888700832e+05 3.053406991569349193e+05 5.298238816570321796e+04 1.842491823668814031e+05 1.950704149460795743e+05 -4.422628972355782935e+02 3.854128803609400347e+04
8.979516644787928089e+05 2.517214767504599586e+05 -2.957256736278704557e+04 -3.685189635068849748e+04 4.192019682801887939e+03 -1.452216830222663702e+04 8.744050829666830396e+03 1.683064663445263068e+04 7.277217639772230177e+04 2.340748060416419059e+06 7.401983371936870972e+05 -2.976204640761388582e+05 2.719543842629109276e+05 -1.188991541448614589e+05 9.366345315748556459e+03 4.257950003113384446e+04 -8.185055618649642383e+03 2.027781376777214609e+04
2.097364948438415676e+07 1.896742635506708175e+07 2.369474672331387643e+06 -5.790384041471693199e+05 -7.263840439996630885e+05 9.101543268890574109e+05 7.810390639341940405e+05 1.047194889683041140e+06 2.340748060416419059e+06 2.944148908569774032e+08 1.837191687679390982e+07 -1.558774884877427854e+07 4.819741371750148945e+06 -8.445361819692226127e+06 7.706584438195057213e+06 1.740549067305535718e+05 -1.685141612413894152e+06 1.398890525071420474e+06
1.002367727689330466e+07 1.503493832044624537e+07 -2.355365086502019782e+06 -1.211295190419773804e+06 8.002726490605945000e+05 1.185838704619759228e+06 1.367430610411954811e+06 7.062652951987925917e+05 7.401983371936870972e+05 1.837191687679390982e+07 6.343093576841215789e+07 2.691130013787068892e+06 1.030242679907386936e+07 3.809938650389782619e+06 9.050525120035195723e+05 2.347318263294784352e+06 1.794446240579192061e+06 6.199399618491212605e+05
-1.077159844392471388e+07 -2.013454687457835535e+06 4.210638632513686316e+05 -1.052856688003735617e+05 2.541195140357392374e+05 1.745396819885687146e+05 -2.658742925628407975e+05 -5.174903902888700832e+05 -2.976204640761388582e+05 -1.558774884877427854e+07 2.691130013787068892e+06 1.832452262715483084e+07 1.115030285500788828e+06 -4.170214219251957256e+05 -2.526916592832978640e+05 -2.453253546467391134e+05 9.655811370809148066e+05 -1.244825948712654063e+05
-2.849486349309009034e+06 -8.356454573137965053e+04 8.019041562688738341e+05 1.263242716320202686e+06 6.738035931182783097e+05 9.346774923233707668e+05 6.342144489305396564e+05 3.053406991569349193e+05 2.719543842629109276e+05 4.819741371750148945e+06 1.030242679907386936e+07 1.115030285500788828e+06 1.295006475127599947e+07 7.700772636189314071e+05 1.367013302785142791e+06 1.263385396716259420e+06 5.081504254468105501e+03 8.052355721314019756e+05
-4.971627333605451509e+06 -5.487905101704193512e+05 -9.901567578237162670e+05 -2.666457242694222950e+05 1.884863320772890875e+05 1.505053400652996497e+05 1.751469962460978422e+05 5.298238816570321796e+04 -1.188991541448614589e+05 -8.445361819692226127e+06 3.809938650389782619e+06 -4.170214219251957256e+05 7.700772636189314071e+05 4.411013634001998231e+06 4.005208840780166211e+05 2.623272275444916449e+05 3.921517467289778288e+05 -3.686391068774260930e+05
-1.098581512061591260e+06 -3.654047709555899492e+05 6.655405228770779213e+05 -1.016435862653896620e+05 -2.834163164006610168e+05 8.479470981570229924e+04 -4.299020338816099866e+03 1.842491823668814031e+05 9.366345315748556459e+03 7.706584438195057213e+06 9.050525120035195723e+05 -2.526916592832978640e+05 1.367013302785142791e+06 4.005208840780166211e+05 2.537751595519490074e+06 5.517088251884061610e+05 2.210247889396105893e+05 4.193953197668598732e+05
-2.561078206882080412e+05 8.819492678800297435e+05 -2.209380792881090747e+04 -1.281718239262374555e+05 -1.999052743867404643e+05 -1.300483362719659635e+05 1.753119291626957420e+05 1.950704149460795743e+05 4.257950003113384446e+04 1.740549067305535718e+05 2.347318263294784352e+06 -2.453253546467391134e+05 1.263385396716259420e+06 2.623272275444916449e+05 5.517088251884061610e+05 1.339514462848574622e+06 4.089369974048365839e+05 2.610836269537458720e+05
-4.630716373187278514e+05 -1.020046015857608523e+06 1.059746415451953799e+05 -1.705634528656402545e+05 -2.234238147661169060e+05 2.099162917128550180e+04 -5.452560124846019608e+04 -4.422628972355782935e+02 -8.185055618649642383e+03 -1.685141612413894152e+06 1.794446240579192061e+06 9.655811370809148066e+05 5.081504254468105501e+03 3.921517467289778288e+05 2.210247889396105893e+05 4.089369974048365839e+05 9.380189890433666296e+05 9.271139899130372214e+04
-2.231610556497583457e+05 5.039761059703292995e+04 2.977023925627637072e+05 1.533780440470957838e+05 -5.141477006507907208e+04 -3.271509415666660789e+04 -3.045781584308826041e+03 3.854128803609400347e+04 2.027781376777214609e+04 1.398890525071420474e+06 6.199399618491212605e+05 -1.244825948712654063e+05 8.052355721314019756e+05 -3.686391068774260930e+05 4.193953197668598732e+05 2.610836269537458720e+05 9.271139899130372214e+04 4.203818678769211983e+05
