# lambda=0.23507921808198032
3.745520155082461238e+07 7.408005692302464508e+06 -1.002076198669821460e+05 1.085871816661208170e+06 -1.636973084634103579e+06 -1.755434079598184617e+05 3.352478684025141993e+05 7.278745044119189261e+05 3.613916963704400114e+05 2.519529505088304728e+07 1.033854083108352311e+07 2.072593831612050999e+06 -4.616592163976885378e+06 2.115323609706667252e+06 4.073929875056666322e+06 2.153849498213818297e+06 3.609328197734619025e+06 -8.780127673602195864e+04
7.408005692302464508e+06 1.099865794463415630e+07 2.068801952941200696e+06 1.516213621713205706e+06 6.494916060005146574e+04 6.542708650368554518e+05 4.052782727101022610e+05 1.319407960009173257e+05 5.497072114921406319e+04 2.241689275325912982e+07 8.754436137991273776e+06 -1.247256932098864112e+06 -1.618326103035239212e+05 1.354275436099799816e+06 2.162829047370032407e+06 -2.244568715255276766e+05 -1.652692791861965379e+05 5.139924251518283854e+05
-1.002076198669821460e+05 2.068801952941200696e+06 3.718486344275648706e+06 1.041848306374588981e+06 1.457729321904839599e+05 1.432977733749088948e+05 2.309977457679861982e+05 1.807639290369599767e+05 6.526089756127101282e+04 1.078667978242152836e+06 4.513725606844515540e+06 -2.541535275469706976e+05 7.784835002111466601e+05 -1.366241874309934210e+05 8.947821222193227150e+05 3.194931171898690518e+05 -2.187190082394368947e+05 -9.630128094044678437e+04
1.085871816661208170e+06 1.516213621713205706e+06 1.041848306374588981e+06 1.514507686135061318e+06 1.508967167335578415e+05 1.661527859721836285e+05 2.607157661617367194e+04 -1.079366182585439674e+05 8.221566239445142855e+03 6.076241648086140864e+06 5.316239715208122507e+05 5.307775252838210436e+05 4.550387068425393081e+05 6.187869113738243468e+05 3.599022965933598462e+05 -2.863870171788114239e+05 -2.869059614807247999e+05 -2.294446109778128739e+05
-1.636973084634103579e+06 6.494916060005146574e+04 1.457729321904839599e+05 1.508967167335578415e+05 7.970271106021043379e+05 2.208764221770160366e+05 5.431102239750007720e+04 1.167365665490404790e+05 4.362272785351067432e+04 -1.010269164103844319e+06 2.866231194718086044e+05 2.772963362661201390e+05 -1.638375629583800619e+05 8.706769999805238331e+04 4.293996050019525865e+04 -5.752893613662753487e+05 1.062893280413258253e+04 1.460170115135525994e+05
-1.755434079598184617e+05 6.542708650368554518e+05 1.432977733749088948e+05 1.661527859721836285e+05 2.208764221770160366e+05 6.435042017238407861e+05 8.970404038539192697e+04 4.096340728584190219e+04 8.683655243279761635e+04 1.271996365776618011e+06 1.548126099855233217e+06 -5.012025870577496244e+05 8.788824642658999073e+04 3.899829376835379517e+05 2.855979505445270333e+05 -6.703305538358664489e+04 -9.257893118449949543e+04 2.358069995909259014e+05
3.352478684025141993e+05 4.052782727101022610e+05 2.309977457679861982e+05 2.607157661617367194e+04 5.431102239750007720e+04 8.970404038539192697e+04 1.355255129385114415e+05 1.343080938696582962e+04 -1.851886550276075525e+02 8.174213076963619096e+05 4.625642483705891646e+05 3.129815018107654851e+03 8.675487035867440864e+04 1.718238766471925555e+04 1.121366424685288366e+05 4.702734854402278143e+04 -2.609856526344170925e+04 6.911977835254848469e+04
7.278745044119189261e+05 1.319407960009173257e+05 1.807639290369599767e+05 -1.079366182585439674e+05 1.167365665490404790e+05 4.096340728584190219e+04 1.343080938696582962e+04 1.787927069489791756e+05 3.192928521575671039e+04 -1.343399044833756750e+06 1.513599532246531220e+06 -2.938274883095626501e+04 1.430260893424803799e+05 8.712534365246711241e+04 2.250782395893632784e+05 -5.626579651837723213e+04 1.654199182796150853e+05 9.869769659856334329e+04
3.613916963704400114e+05 5.497072114921406319e+04 6.526089756127101282e+04 8.221566239445142855e+03 4.362272785351067432e+04 8.683655243279761635e+04 -1.851886550276075525e+02 3.192928521575671039e+04 7.205227799880808743e+04 -1.118682646663400345e+06 3.746015048651977559e+05 -1.419034365115127002e+05 -1.971737131614031387e+05 9.268699589562402980e+04 1.522881366349698219e+05 8.023415777450958558e+03 1.743174903875988093e+05 5.237217097104038112e+04
2.519529505088304728e+07 2.241689275325912982e+07 1.078667978242152836e+06 6.076241648086140864e+06 -1.010269164103844319e+06 1.271996365776618011e+06 8.174213076963619096e+05 -1.343399044833756750e+06 -1.118682646663400345e+06 2.078226498272083402e+08 1.852163696034235647e+06 -1.044985365402360633e+07 -1.268109219873154769e+06 2.700372903259200510e+06 1.016195436808863189e+06 1.247989219154077116e+06 -2.190127438528485131e+06 -6.380960902367061935e+05
1.033854083108352311e+07 8.754436137991273776e+06 4.513725606844515540e+06 5.316239715208122507e+05 2.866231194718086044e+05 1.548126099855233217e+06 4.625642483705891646e+05 1.513599532246531220e+06 3.746015048651977559e+05 1.852163696034235647e+06 5.366625208769251406e+07 -1.490155010297573404e+06 4.830776199688522145e+06 5.660833976940969005e+06 3.194275242137927096e+06 2.088737494451783365e+06 3.123990080414801836e+06 7.400398395454868441e+05
2.072593831612050999e+06 -1.247256932098864112e+06 -2.541535275469706976e+05 5.307775252838210436e+05 2.772963362661201390e+05 -5.012025870577496244e+05 3.129815018107654851e+03 -2.938274883095626501e+04 -1.419034365115127002e+05 -1.044985365402360633e+07 -1.490155010297573404e+06 2.013796241314085945e+07 -1.871670806605135789e+06 2.034402270340596151e+05 -2.002081918149156554e+05 -2.007609589320686646e+06 1.038855207233298337e+06 1.018512929015900008e+05
-4.616592163976885378e+06 -1.618326103035239212e+05 7.784835002111466601e+05 4.550387068425393081e+05 -1.638375629583800619e+05 8.788824642658999073e+04 8.675487035867440864e+04 1.430260893424803799e+05 -1.971737131614031387e+05 -1.268109219873154769e+06 4.830776199688522145e+06 -1.871670806605135789e+06 8.744943724637301639e+06 2.628696220694722608e+06 -1.745580082797906070e+05 -6.067871239774511196e+05 -8.786574967541377991e+05 6.691369654989640694e+05
2.115323609706667252e+06 1.354275436099799816e+06 -1.366241874309934210e+05 6.187869113738243468e+05 8.706769999805238331e+04 3.899829376835379517e+05 1.718238766471925555e+04 8.712534365246711241e+04 9.268699589562402980e+04 2.700372903259200510e+06 5.660833976940969005e+06 2.034402270340596151e+05 2.628696220694722608e+06 3.461451237081832252e+06 7.216280621862208936e+05 -4.467946001683029463e+05 2.156366268985992356e+05 2.687560567801582511e+05
4.073929875056666322e+06 2.162829047370032407e+06 8.947821222193227150e+05 3.599022965933598462e+05 4.293996050019525865e+04 2.855979505445270333e+05 1.121366424685288366e+05 2.250782395893632784e+05 1.522881366349698219e+05 1.016195436808863189e+06 3.194275242137927096e+06 -2.002081918149156554e+05 -1.745580082797906070e+05 7.216280621862208936e+05 2.704201674366501626e+06 5.700347575582044665e+05 4.323515795005831169e+05 1.742476605702546367e+05
2.153849498213818297e+06 -2.244568715255276766e+05 3.194931171898690518e+05 -2.863870171788114239e+05 -5.752893613662753487e+05 -6.703305538358664489e+04 4.702734854402278143e+04 -5.626579651837723213e+04 8.023415777450958558e+03 1.247989219154077116e+06 2.088737494451783365e+06 -2.007609589320686646e+06 -6.067871239774511196e+05 -4.467946001683029463e+05 5.700347575582044665e+05 1.572195937735979445e+06 4.399576304801071528e+05 -2.337730733105902327e+05
3.609328197734619025e+06 -1.652692791861965379e+05 -2.187190082394368947e+05 -2.869059614807247999e+05 1.062893280413258253e+04 -9.257893118449949543e+04 -2.609856526344170925e+04 1.654199182796150853e+05 1.743174903875988093e+05 -2.190127438528485131e+06 3.123990080414801836e+06 1.038855207233298337e+06 -8.786574967541377991e+05 2.156366268985992356e+05 4.323515795005831169e+05 4.399576304801071528e+05 1.582828670994328801e+06 4.422017917122443760e+04
-8.780127673602195864e+04 5.139924251518283854e+05 -9.630128094044678437e+04 -2.294446109778128739e+05 1.460170115135525994e+05 2.358069995909259014e+05 6.911977835254848469e+04 9.869769659856334329e+04 5.237217097104038112e+04 -6.380960902367061935e+05 7.400398395454868441e+05 1.018512929015900008e+05 6.691369654989640694e+05 2.687560567801582511e+05 1.742476605702546367e+05 -2.337730733105902327e+05 4.422017917122443760e+04 5.022433640255347709e+05
