# lambda=0.15170668524006808
4.142199864701122046e+07 4.258680943629023619e+06 -6.921625676558008417e+05 -9.974378181252138456e+05 2.626408205233901390e+04 -1.622594828511125874e+06 -9.214455107840022538e+04 4.929498967844282161e+05 -5.126799130149782868e+05 2.541258936085734144e+07 1.615326014094332606e+07 -9.865745484931858256e+06 -5.844767216675996780e+06 -2.057102961479174206e+06 -1.340493329581301659e+06 -9.931646568367264699e+05 1.017221612037824467e+06 -8.037966278773042141e+05
4.258680943629023619e+06 2.205084028272262588e+07 3.565925221038963646e+06 -1.120090622919809306e+06 1.020001974207761930e+06 -1.485600386716322391e+05 2.703539061474296032e+05 3.363763859269075328e+05 4.524981829173944425e+05 -1.067492760021964833e+07 6.345652879855085164e+06 -5.543699500128231011e+06 -6.238894658084210008e+06 -3.335457334069106146e+05 7.118838692719715182e+05 8.183459848027257249e+05 5.501086080736786826e+05 -2.244356853886506578e+05
-6.921625676558008417e+05 3.565925221038963646e+06 4.007265545150042512e+06 -2.738181994181872578e+05 -2.085947047274403158e+05 7.245797903031266469e+04 -1.632200253019738011e+04 3.321228386724563898e+05 3.059716467936086701e+05 -3.483910211376444437e+06 8.969250640282656532e+05 -1.323003367382824421e+06 -8.685106868730059359e+05 -1.374573520893837849e+05 8.183057131808574777e+05 -1.968858585811482044e+04 3.485695176318709273e+05 7.906083997936500236e+04
-9.974378181252138456e+05 -1.120090622919809306e+06 -2.738181994181872578e+05 1.118879488178427331e+06 -1.015034978203991050e+05 1.611103520343559794e+05 1.796431568180570321e+05 2.385378810371015788e+04 7.087695361840387341e+04 -2.130293205522910226e+06 1.094523733974292263e+05 1.103440055269842269e+06 1.576156931635410059e+06 2.053852689963103912e+05 7.135191715879109688e+04 2.058699597187945910e+05 4.081000344606115832e+05 3.056340500486226520e+05
2.626408205233901390e+04 1.020001974207761930e+06 -2.085947047274403158e+05 -1.015034978203991050e+05 7.493395597616296727e+05 2.590102414972369152e+05 3.315668422886590997e+04 -7.853305333689528925e+04 2.673076939196181411e+04 3.458027787252960727e+06 2.307005506363396533e+06 -1.878448007790529227e+05 -3.115625592709653429e+05 6.225788310067420825e+05 -6.749005765608795627e+04 8.758936183364296448e+04 -2.174709895982883463e+05 -7.539191157282625500e+04
-1.622594828511125874e+06 -1.485600386716322391e+05 7.245797903031266469e+04 1.611103520343559794e+05 2.590102414972369152e+05 5.939618543095383793e+05 1.292034527765144740e+05 -6.443536452122542687e+04 5.562588899612420209e+04 4.117281517132012523e+05 9.040993140320363455e+05 9.659597650546382647e+05 6.186024353540481534e+05 3.909972637812200701e+05 4.677170471461302950e+05 2.825647113548341440e+05 -4.410190885277150664e+04 2.003725579866662738e+05
-9.214455107840022538e+04 2.703539061474296032e+05 -1.632200253019738011e+04 1.796431568180570321e+05 3.315668422886590997e+04 1.292034527765144740e+05 3.958495000763274729e+05 1.740103138767177734e+04 5.457378104437938600e+04 -3.194655283207787201e+06 -4.173047502689813846e+05 8.478683837326127104e+05 -5.854126414583387086e+05 1.792018948205126435e+03 -1.813318892866615788e+05 1.938555791875991272e+05 5.790159954551856936e+04 -2.698272966713161804e+04
4.929498967844282161e+05 3.363763859269075328e+05 3.321228386724563898e+05 2.385378810371015788e+04 -7.853305333689528925e+04 -6.443536452122542687e+04 1.740103138767177734e+04 1.133626750616350764e+05 5.054769491251859108e+03 -1.126466864483742509e+06 8.594700587359927886e+04 -2.735952821311318985e+04 -3.767195494710176135e+05 -2.454699669988871319e+05 -1.183478350604161678e+05 -8.875287332960577623e+04 9.114394587636673532e+04 -1.943499162719139713e+04
-5.126799130149782868e+05 4.524981829173944425e+05 3.059716467936086701e+05 7.087695361840387341e+04 2.673076939196181411e+04 5.562588899612420209e+04 5.457378104437938600e+04 5.054769491251859108e+03 1.658615037300101540e+05 1.124937243103925139e+06 -5.356091196720955486e+04 -1.096267222911470308e+05 -7.597869168790894037e+04 5.734536667208768631e+04 -6.266875769951142138e+04 5.063979299702421122e+04 6.120816176146066573e+04 5.101536478690838703e+04
2.541258936085734144e+07 -1.067492760021964833e+07 -3.483910211376444437e+06 -2.130293205522910226e+06 3.458027787252960727e+06 4.117281517132012523e+05 -3.194655283207787201e+06 -1.126466864483742509e+06 1.124937243103925139e+06 2.024733319064159393e+08 1.244159205611826666e+07 -2.734330675190003216e+07 7.616186380258145742e+06 9.260896431994363666e+06 6.906828446332247928e+06 -1.277286841192921158e+06 -3.142946973234519828e+06 1.222796135011318140e+06
1.615326014094332606e+07 6.345652879855085164e+06 8.969250640282656532e+05 1.094523733974292263e+05 2.307005506363396533e+06 9.040993140320363455e+05 -4.173047502689813846e+05 8.594700587359927886e+04 -5.356091196720955486e+04 1.244159205611826666e+07 4.885824715961957723e+07 3.172084182399283163e+06 -7.798227326024226844e+06 1.743390963510728674e+06 1.739908590464020090e+05 -1.303087977453153580e+05 3.737810881757442839e+05 -9.613127645987697178e+05
-9.865745484931858256e+06 -5.543699500128231011e+06 -1.323003367382824421e+06 1.103440055269842269e+06 -1.878448007790529227e+05 9.659597650546382647e+05 8.478683837326127104e+05 -2.735952821311318985e+04 -1.096267222911470308e+05 -2.734330675190003216e+07 3.172084182399283163e+06 1.826629347389464453e+07 -4.624235515351152979e+06 -1.809318735264297342e+06 -1.903367191294151591e+06 1.598962880518580321e+06 -1.152071228289085906e+06 -4.171106781414729776e+05
-5.844767216675996780e+06 -6.238894658084210008e+06 -8.685106868730059359e+05 1.576156931635410059e+06 -3.115625592709653429e+05 6.186024353540481534e+05 -5.854126414583387086e+05 -3.767195494710176135e+05 -7.597869168790894037e+04 7.616186380258145742e+06 -7.798227326024226844e+06 -4.624235515351152979e+06 1.213959767940686829e+07 2.535060240303998347e+06 1.850248801214915467e+06 -3.469148383012044360e+05 1.010445350228891592e+06 1.398949880761506269e+06
-2.057102961479174206e+06 -3.335457334069106146e+05 -1.374573520893837849e+05 2.053852689963103912e+05 6.225788310067420825e+05 3.909972637812200701e+05 1.792018948205126435e+03 -2.454699669988871319e+05 5.734536667208768631e+04 9.260896431994363666e+06 1.743390963510728674e+06 -1.809318735264297342e+06 2.535060240303998347e+06 3.688027104052986950e+06 9.425585282458553556e+05 -1.552334136502011679e+05 2.270648205753594812e+05 1.777531721031828420e+04
-1.340493329581301659e+06 7.118838692719715182e+05 8.183057131808574777e+05 7.135191715879109688e+04 -6.749005765608795627e+04 4.677170471461302950e+05 -1.813318892866615788e+05 -1.183478350604161678e+05 -6.266875769951142138e+04 6.906828446332247928e+06 1.739908590464020090e+05 -1.903367191294151591e+06 1.850248801214915467e+06 9.425585282458553556e+05 2.705814315365528222e+06 8.342937878461732762e+05 -9.438110836388886673e+04 3.353429485753390472e+05
-9.931646568367264699e+05 8.183459848027257249e+05 -1.968858585811482044e+04 2.058699597187945910e+05 8.758936183364296448e+04 2.825647113548341440e+05 1.938555791875991272e+05 -8.875287332960577623e+04 5.063979299702421122e+04 -1.277286841192921158e+06 -1.303087977453153580e+05 1.598962880518580321e+06 -3.469148383012044360e+05 -1.552334136502011679e+05 8.342937878461732762e+05 1.558846837166676996e+06 -2.108286625830974372e+05 3.910463124453987257e+04
1.017221612037824467e+06 5.501086080736786826e+05 3.485695176318709273e+05 4.081000344606115832e+05 -2.174709895982883463e+05 -4.410190885277150664e+04 5.790159954551856936e+04 9.114394587636673532e+04 6.120816176146066573e+04 -3.142946973234519828e+06 3.737810881757442839e+05 -1.152071228289085906e+06 1.010445350228891592e+06 2.270648205753594812e+05 -9.438110836388886673e+04 -2.108286625830974372e+05 7.143740644922088832e+05 1.354843714112188027e+05
-8.037966278773042141e+05 -2.244356853886506578e+05 7.906083997936500236e+04 3.056340500486226520e+05 -7.539191157282625500e+04 2.003725579866662738e+05 -2.698272966713161804e+04 -1.943499162719139713e+04 5.101536478690838703e+04 1.222796135011318140e+06 -9.613127645987697178e+05 -4.171106781414729776e+05 1.398949880761506269e+06 1.777531721031828420e+04 3.353429485753390472e+05 3.910463124453987257e+04 1.354843714112188027e+05 6.714725907568251714e+05
