# lambda=0.14505822976319124
7.422598140879629552e+07 4.329175391569726169e+06 8.337236736849592999e+05 -6.773400683850380592e+05 -1.083281985532263760e+06 8.097715280740594026e+05 -4.573042154358415864e+05 -6.988329928101660917e+05 1.065646890115303919e+06 3.087504904675959796e+07 2.768937613480747491e+07 -5.005727382942616940e+06 -1.482006510214713635e+06 -3.283375863732633181e+06 4.221685788458281313e+05 6.679798269188969862e+05 -9.689326470569428056e+05 -1.139745155895574950e+06
4.329175391569726169e+06 1.831515888823368773e+07 1.181841151465591043e+06 -4.519295817809753498e+04 7.728834997797412798e+05 7.175716345377230318e+05 2.449605429289823805e+05 6.299791982838942204e+05 4.107417700412720442e+05 4.833865701490168576e+05 4.510712741282638162e+06 4.977762895035382360e+06 4.669123998621338047e+06 9.046822815632434795e+05 2.566725430000160122e+05 1.437588282074000686e+06 -4.152510568683259189e+05 8.854619544801337179e+04
8.337236736849592999e+05 1.181841151465591043e+06 3.293865185839657672e+06 -2.809384156994115328e+05 3.893520543531287112e+05 3.497571663782219985e+05 3.427647972500107717e+05 -3.945242189699726441e+04 1.386466842585759878e+05 3.905674882481352892e+06 7.143854463897679001e+06 1.551882051326191286e+06 7.853548845883477479e+05 2.570586218419106677e+06 -6.714232855203817599e+05 -5.469344833875523182e+04 7.927219816857224214e+04 2.584256720264159085e+05
-6.773400683850380592e+05 -4.519295817809753498e+04 -2.809384156994115328e+05 1.510414772985260235e+06 3.163065345793794258e+05 -2.726690233291494587e+04 6.071526664518465986e+04 -1.401767920368986779e+04 2.478225899139982357e+04 -1.655239070918055950e+06 1.444289921778524760e+06 1.009045229172880412e+06 1.074620187189979246e+06 -3.034115932025508955e+05 -7.069506246737221954e+05 9.054217786772089312e+04 -2.213540682188353094e+05 3.632705727154950000e+04
-1.083281985532263760e+06 7.728834997797412798e+05 3.893520543531287112e+05 3.163065345793794258e+05 1.462909246210054262e+06 6.791147272519870603e+04 2.334980442467196845e+05 2.824055957084336551e+05 1.956682204220655840e+05 -3.321111060278689954e+06 -1.939395257940723604e+04 -3.767767716284180642e+05 1.392793212677631993e+06 1.214431502498419024e+06 7.140827856242220150e+04 3.769852896245152224e+05 -9.891989084658260981e+04 1.292359106799197179e+05
8.097715280740594026e+05 7.175716345377230318e+05 3.497571663782219985e+05 -2.726690233291494587e+04 6.791147272519870603e+04 2.595007467493891891e+05 2.771576633943333218e+04 3.383500717468713265e+04 3.883624939421201270e+04 2.740957502192792948e+06 1.706727262799185701e+06 2.838676678551036166e+05 8.779826411953194765e+05 3.005850693835740094e+05 -5.687131672327901470e+04 2.166153509875672171e+04 5.261782620012750158e+03 2.895153756911289747e+04
-4.573042154358415864e+05 2.449605429289823805e+05 3.427647972500107717e+05 6.071526664518465986e+04 2.334980442467196845e+05 2.771576633943333218e+04 2.453557581811946584e+05 5.013646913760707685e+04 -7.322577563045638090e+04 -7.683937446046109544e+05 2.853313879450114910e+05 -3.722545377796746325e+05 2.724548117852686555e+05 1.967539146742036683e+05 2.574659186333189427e+04 1.670626466001319641e+05 -1.030361307517467649e+05 3.638231759995837638e+04
-6.988329928101660917e+05 6.299791982838942204e+05 -3.945242189699726441e+04 -1.401767920368986779e+04 2.824055957084336551e+05 3.383500717468713265e+04 5.013646913760707685e+04 2.205712822066067602e+05 6.359963223921292956e+04 -1.783839759107172024e+06 -1.172690445297396509e+06 3.265419500205595396e+05 5.885438779140692204e+05 4.449807011581920233e+04 -1.747506418150610407e+05 4.480295219011764129e+04 -4.097906690737514145e+04 -2.350461565056605104e+04
1.065646890115303919e+06 4.107417700412720442e+05 1.386466842585759878e+05 2.478225899139982357e+04 1.956682204220655840e+05 3.883624939421201270e+04 -7.322577563045638090e+04 6.359963223921292956e+04 2.067700041558048106e+05 3.282928847547334153e+05 1.007440809778933646e+06 3.306456210383157595e+05 5.187023909683305537e+05 3.053726527202851139e+05 -1.821446570372552669e+05 9.593061797960639524e+04 -3.920456792628398398e+04 2.273110446098534885e+04
3.087504904675959796e+07 4.833865701490168576e+05 3.905674882481352892e+06 -1.655239070918055950e+06 -3.321111060278689954e+06 2.740957502192792948e+06 -7.683937446046109544e+05 -1.783839759107172024e+06 3.282928847547334153e+05 1.611862513934414089e+08 6.856412615934799612e+07 -4.356895451877444983e+06 2.465371108330651652e+06 1.060890093137200689e+06 -3.210402052327254787e+06 -3.556704008252986823e+05 -2.258392349498354364e+06 3.321001613594941446e+05
2.768937613480747491e+07 4.510712741282638162e+06 7.143854463897679001e+06 1.444289921778524760e+06 -1.939395257940723604e+04 1.706727262799185701e+06 2.853313879450114910e+05 -1.172690445297396509e+06 1.007440809778933646e+06 6.856412615934799612e+07 8.023973351784257591e+07 -3.009483760911520105e+06 3.011026970218297094e+06 9.121409483180169016e+06 -1.740839506384632085e+06 2.571235942933914252e+06 -1.494799599466681713e+06 1.025785395003022393e+06
-5.005727382942616940e+06 4.977762895035382360e+06 1.551882051326191286e+06 1.009045229172880412e+06 -3.767767716284180642e+05 2.838676678551036166e+05 -3.722545377796746325e+05 3.265419500205595396e+05 3.306456210383157595e+05 -4.356895451877444983e+06 -3.009483760911520105e+06 1.795176259111440927e+07 4.379946837623174302e+06 1.193722248193051346e+05 -3.757379495186650660e+06 -1.571981346075225621e+06 5.679469640984405996e+05 -1.027787175882557291e+06
-1.482006510214713635e+06 4.669123998621338047e+06 7.853548845883477479e+05 1.074620187189979246e+06 1.392793212677631993e+06 8.779826411953194765e+05 2.724548117852686555e+05 5.885438779140692204e+05 5.187023909683305537e+05 2.465371108330651652e+06 3.011026970218297094e+06 4.379946837623174302e+06 7.891828012939157896e+06 6.935920743176902179e+05 -1.367241152686028508e+06 7.545587418836096767e+05 -4.882226003399709589e+05 -1.837239331860773746e+04
-3.283375863732633181e+06 9.046822815632434795e+05 2.570586218419106677e+06 -3.034115932025508955e+05 1.214431502498419024e+06 3.005850693835740094e+05 1.967539146742036683e+05 4.449807011581920233e+04 3.053726527202851139e+05 1.060890093137200689e+06 9.121409483180169016e+06 1.193722248193051346e+05 6.935920743176902179e+05 5.623767577922689728e+06 -5.824826266360971204e+04 7.557798478167298017e+05 3.278100447769601014e+05 5.017029845425547101e+05
4.221685788458281313e+05 2.566725430000160122e+05 -6.714232855203817599e+05 -7.069506246737221954e+05 7.140827856242220150e+04 -5.687131672327901470e+04 2.574659186333189427e+04 -1.747506418150610407e+05 -1.821446570372552669e+05 -3.210402052327254787e+06 -1.740839506384632085e+06 -3.757379495186650660e+06 -1.367241152686028508e+06 -5.824826266360971204e+04 3.818604542955984827e+06 6.150885698957880959e+05 -3.986941374066055869e+04 2.816766236993889379e+03
6.679798269188969862e+05 1.437588282074000686e+06 -5.469344833875523182e+04 9.054217786772089312e+04 3.769852896245152224e+05 2.166153509875672171e+04 1.670626466001319641e+05 4.480295219011764129e+04 9.593061797960639524e+04 -3.556704008252986823e+05 2.571235942933914252e+06 -1.571981346075225621e+06 7.545587418836096767e+05 7.557798478167298017e+05 6.150885698957880959e+05 2.245621810442124028e+06 1.972938737805248529e+05 1.155874303549595788e+05
-9.689326470569428056e+05 -4.152510568683259189e+05 7.927219816857224214e+04 -2.213540682188353094e+05 -9.891989084658260981e+04 5.261782620012750158e+03 -1.030361307517467649e+05 -4.097906690737514145e+04 -3.920456792628398398e+04 -2.258392349498354364e+06 -1.494799599466681713e+06 5.679469640984405996e+05 -4.882226003399709589e+05 3.278100447769601014e+05 -3.986941374066055869e+04 1.972938737805248529e+05 7.692840356829537777e+05 -3.899934433252891904e+04
-1.139745155895574950e+06 8.854619544801337179e+04 2.584256720264159085e+05 3.632705727154950000e+04 1.292359106799197179e+05 2.895153756911289747e+04 3.638231759995837638e+04 -2.350461565056605104e+04 2.273110446098534885e+04 3.321001613594941446e+05 1.025785395003022393e+06 -1.027787175882557291e+06 -1.837239331860773746e+04 5.017029845425547101e+05 2.816766236993889379e+03 1.155874303549595788e+05 -3.899934433252891904e+04 2.441640365275034274e+05
