# lambda=0.10261289974062233
4.488829161422410607e+07 -1.505088824876486789e+06 8.052464557394902222e+06 2.361006020582522324e+05 1.215299494046876905e+06 -1.101446325067941332e+06 1.944037410191072384e+06 1.528209705125340028e+06 6.656360469283811981e+05 5.384870730437597632e+07 1.128074923451228999e+07 1.124664884452636912e+07 4.581725472802493721e+06 -1.243400829323390935e+05 1.031408696750714327e+06 9.703004589036814868e+05 2.289099968566098250e+06 5.665856702326642117e+05
-1.505088824876486789e+06 1.229384158732452430e+07 2.556321292724875268e+06 -1.432331282431044383e+06 5.488594294296795269e+05 2.957938074244187446e+05 3.084072026261381689e+05 -1.338252272266108193e+05 -1.134796360546523938e+05 -3.285147452103252988e+06 -2.239476147886653896e+06 -1.131553115242894739e+06 -5.743420688207923435e+06 -2.598593544627417345e+06 -5.290956540184923215e+05 -5.227847317506096442e+05 -4.664714327014402370e+05 5.390233223776744126e+04
8.052464557394902222e+06 2.556321292724875268e+06 5.194200728734341450e+06 9.967902925916561799e+04 7.411931193671444198e+05 2.282581386272664531e+05 5.740705101455622353e+05 1.772469573776844773e+05 -9.663220750523038441e+04 4.565963196527253836e+06 -1.353101598739761161e+06 4.423448932363057509e+06 -5.130271300920821523e+04 -9.083532292553639272e+05 -2.253287130235069199e+05 1.516299975243841473e+05 -6.332939056129196979e+04 -1.792739898443853890e+05
2.361006020582522324e+05 -1.432331282431044383e+06 9.967902925916561799e+04 1.617128637992270757e+06 -2.694635790742642712e+04 4.849507507608956803e+04 7.201069503638369497e+03 -7.130727469410000776e+04 7.087337664958075038e+04 -9.063455394552375656e+05 2.490357722803949844e+06 1.610143936111800722e+05 1.132779682711087866e+06 -2.994847453831518069e+05 4.991269553131340072e+05 2.596756394108119421e+05 1.373775081598447287e+05 -1.258154936951381387e+05
1.215299494046876905e+06 5.488594294296795269e+05 7.411931193671444198e+05 -2.694635790742642712e+04 1.434438261010648916e+06 3.181720120273044449e+05 3.878284093475977716e+04 9.645306485389747832e+04 8.296542771696897398e+04 -3.723792203402597457e+06 -2.021493297609365080e+06 -1.619590576343375491e+06 -1.533710547065316350e+05 1.169597626548170345e+06 -8.432292545204285125e+04 4.299488298097153893e+05 2.046225976855367771e+05 2.037552615350926644e+05
-1.101446325067941332e+06 2.957938074244187446e+05 2.282581386272664531e+05 4.849507507608956803e+04 3.181720120273044449e+05 5.856787347617192427e+05 -1.822945888975137204e+05 8.760933426809561206e+04 1.046309281010908162e+05 -3.598320749998311978e+06 -3.666409714733295841e+05 2.834740163621145621e+04 -7.003993708759774454e+05 5.867513913973969466e+03 1.857652876389170415e+05 4.941874091502761439e+04 2.746744370414545992e+05 -2.435962245703248482e+04
1.944037410191072384e+06 3.084072026261381689e+05 5.740705101455622353e+05 7.201069503638369497e+03 3.878284093475977716e+04 -1.822945888975137204e+05 4.066631611895952956e+05 -8.614031636036125974e+02 -2.176227158459831844e+04 2.073328236079810187e+06 -1.192632778880836850e+05 1.076494010962180793e+06 2.732938607168815797e+05 -2.073318585952899884e+05 1.352576127355157805e+05 6.803210806047622100e+03 -3.624517124807182699e+05 1.080225152096690435e+05
1.528209705125340028e+06 -1.338252272266108193e+05 1.772469573776844773e+05 -7.130727469410000776e+04 9.645306485389747832e+04 8.760933426809561206e+04 -8.614031636036125974e+02 2.101944882667472993e+05 8.450138304160367989e+04 1.421136068365720799e+06 3.744803604939714423e+05 3.754636774423471652e+05 -1.859578434621586639e+05 -2.018223023424653802e+05 -1.137022476821747114e+04 1.763223445035680925e+03 1.834340131982588791e+05 4.212774514221722347e+04
6.656360469283811981e+05 -1.134796360546523938e+05 -9.663220750523038441e+04 7.087337664958075038e+04 8.296542771696897398e+04 1.046309281010908162e+05 -2.176227158459831844e+04 8.450138304160367989e+04 1.209018792916786915e+05 1.069256560168186901e+06 4.364097931104921736e+05 -1.106581414723480266e+05 1.915513457084373222e+05 -5.836843639856708614e+04 1.731127955946610309e+05 7.907214578667902060e+03 1.746606231601516774e+05 8.197807641277357470e+04
5.384870730437597632e+07 -3.285147452103252988e+06 4.565963196527253836e+06 -9.063455394552375656e+05 -3.723792203402597457e+06 -3.598320749998311978e+06 2.073328236079810187e+06 1.421136068365720799e+06 1.069256560168186901e+06 1.895454859257466793e+08 3.796787046673873812e+07 2.430215834871678613e+06 6.514402364522681572e+06 -8.722665407283781096e+06 -5.853123105091691250e+05 -1.308897166785220383e+06 2.441910112447813619e+06 9.174557220231281826e+05
1.128074923451228999e+07 -2.239476147886653896e+06 -1.353101598739761161e+06 2.490357722803949844e+06 -2.021493297609365080e+06 -3.666409714733295841e+05 -1.192632778880836850e+05 3.744803604939714423e+05 4.364097931104921736e+05 3.796787046673873812e+07 4.111449775307953358e+07 1.652745228841161914e+07 3.776803537798015401e+06 -5.152598144211867824e+06 -1.337524009951533517e+06 -1.332508255707908422e+06 1.353702481112124864e+06 8.403910306655535242e+05
1.124664884452636912e+07 -1.131553115242894739e+06 4.423448932363057509e+06 1.610143936111800722e+05 -1.619590576343375491e+06 2.834740163621145621e+04 1.076494010962180793e+06 3.754636774423471652e+05 -1.106581414723480266e+05 2.430215834871678613e+06 1.652745228841161914e+07 3.861157010270687193e+07 2.488081329599874094e+06 -5.367236923908175901e+06 -1.507733685511208605e+06 1.914207735811140310e+03 -6.861246404046291718e+05 7.789782489832867868e+05
4.581725472802493721e+06 -5.743420688207923435e+06 -5.130271300920821523e+04 1.132779682711087866e+06 -1.533710547065316350e+05 -7.003993708759774454e+05 2.732938607168815797e+05 -1.859578434621586639e+05 1.915513457084373222e+05 6.514402364522681572e+06 3.776803537798015401e+06 2.488081329599874094e+06 7.710394906874902546e+06 1.172353055291881552e+06 3.312956138298137230e+05 1.015572861796781217e+05 1.492845706375309965e+05 8.104615380422830349e+05
-1.243400829323390935e+05 -2.598593544627417345e+06 -9.083532292553639272e+05 -2.994847453831518069e+05 1.169597626548170345e+06 5.867513913973969466e+03 -2.073318585952899884e+05 -2.018223023424653802e+05 -5.836843639856708614e+04 -8.722665407283781096e+06 -5.152598144211867824e+06 -5.367236923908175901e+06 1.172353055291881552e+06 4.929169373701972887e+06 -7.202608180634964083e+04 9.792582571893599816e+05 3.862668206680719159e+05 -3.834734460909616319e+05
1.031408696750714327e+06 -5.290956540184923215e+05 -2.253287130235069199e+05 4.991269553131340072e+05 -8.432292545204285125e+04 1.857652876389170415e+05 1.352576127355157805e+05 -1.137022476821747114e+04 1.731127955946610309e+05 -5.853123105091691250e+05 -1.337524009951533517e+06 -1.507733685511208605e+06 3.312956138298137230e+05 -7.202608180634964083e+04 2.980455523431080859e+06 2.710067215851455694e+05 1.491066015047148394e+05 -6.723912918099794479e+04
9.703004589036814868e+05 -5.227847317506096442e+05 1.516299975243841473e+05 2.596756394108119421e+05 4.299488298097153893e+05 4.941874091502761439e+04 6.803210806047622100e+03 1.763223445035680925e+03 7.907214578667902060e+03 -1.308897166785220383e+06 -1.332508255707908422e+06 1.914207735811140310e+03 1.015572861796781217e+05 9.792582571893599816e+05 2.710067215851455694e+05 8.933151341582960449e+05 2.870320671395258978e+05 -1.010493728660417692e+05
2.289099968566098250e+06 -4.664714327014402370e+05 -6.332939056129196979e+04 1.373775081598447287e+05 2.046225976855367771e+05 2.746744370414545992e+05 -3.624517124807182699e+05 1.834340131982588791e+05 1.746606231601516774e+05 2.441910112447813619e+06 1.353702481112124864e+06 -6.861246404046291718e+05 1.492845706375309965e+05 3.862668206680719159e+05 1.491066015047148394e+05 2.870320671395258978e+05 1.156356048834166490e+06 -1.415626087341147941e+05
5.665856702326642117e+05 5.390233223776744126e+04 -1.792739898443853890e+05 -1.258154936951381387e+05 2.037552615350926644e+05 -2.435962245703248482e+04 1.080225152096690435e+05 4.212774514221722347e+04 8.197807641277357470e+04 9.174557220231281826e+05 8.403910306655535242e+05 7.789782489832867868e+05 8.104615380422830349e+05 -3.834734460909616319e+05 -6.723912918099794479e+04 -1.010493728660417692e+05 -1.415626087341147941e+05 6.655431545178302331e+05
