# lambda=0.1940495847056212
4.985714392451487482e+07 7.136777449459143914e+06 -2.161841532142930664e+06 1.259737126041949727e+06 2.715888056916694622e+05 -1.204414381799559575e+06 9.701628157163866854e+04 -5.727542206211121520e+05 3.469333689293204952e+04 8.643669768419163302e+06 -1.725005159079094976e+07 -7.956378737549279816e+06 -1.112218787426922470e+06 1.014659812121091294e+06 -3.126070760578828398e+06 -2.697558548093323596e+06 3.884078695500346366e+05 -2.090200752529829741e+06
7.136777449459143914e+06 1.395749455163823441e+07 1.933168433885549195e+06 6.971401367746354081e+05 -2.153715574615995283e+05 -7.034242556726480834e+05 3.231124096196879400e+05 -1.886880887537920498e+05 2.841630320520980167e+05 1.730504828592975065e+07 1.025401955156461685e+06 -8.611415217767613940e+05 1.894805339551109122e+06 -5.302347927284581820e+05 -2.153278615736490756e+05 -3.344668675197034026e+05 -1.434786352501288056e+05 -5.862818598892434966e+05
-2.161841532142930664e+06 1.933168433885549195e+06 3.227720511132041924e+06 2.927021550210437854e+05 7.754197647255755146e+04 2.536930607739755069e+05 -1.165414159631664515e+05 -2.614798423466578824e+05 -1.400427483602937536e+04 1.809840160269391956e+06 7.005693005088273436e+06 3.949965670282945503e+06 1.340019164146023570e+06 -3.977804478061824339e+05 1.060214034812220139e+06 -3.977827645106883137e+05 -5.250584711615662090e+05 1.599402311667808681e+05
1.259737126041949727e+06 6.971401367746354081e+05 2.927021550210437854e+05 1.923551967578888638e+06 4.547462900218282593e+05 -2.269556981058952806e+05 7.692240418124460848e+04 1.597454342739079948e+04 8.517727146430671564e+04 8.226147820610319264e+06 6.243648611693537096e+05 2.172462873791074380e+06 8.230494745195665164e+05 4.155113951981573482e+05 -3.916860221569628338e+05 2.092861946593154862e+05 -7.904692158064666728e+04 3.363594933285363950e+05
2.715888056916694622e+05 -2.153715574615995283e+05 7.754197647255755146e+04 4.547462900218282593e+05 4.516463511980532785e+05 1.171091339479603812e+04 1.231043941491700243e+05 4.170016383038145432e+04 3.446809149878006428e+04 1.245367623725326266e+06 7.569434389538262039e+05 1.276068991376363439e+06 1.947007077325695136e+05 2.240694655135727080e+05 -4.474445846645970596e+04 1.957329746094724396e+05 3.679640848301406368e+04 1.347978313069560681e+05
-1.204414381799559575e+06 -7.034242556726480834e+05 2.536930607739755069e+05 -2.269556981058952806e+05 1.171091339479603812e+04 5.586680615441047121e+05 -6.576234795576326178e+03 -1.757402043123448311e+04 -5.521897291082379525e+04 -1.809742899075456429e+06 -1.297879006013599923e+06 1.539569538822728908e+06 -1.740344961035277520e+05 -3.395334662407033193e+03 3.774870468479752308e+05 8.669213731172002736e+04 -9.644534853163453590e+03 5.378970237840338086e+03
9.701628157163866854e+04 3.231124096196879400e+05 -1.165414159631664515e+05 7.692240418124460848e+04 1.231043941491700243e+05 -6.576234795576326178e+03 2.060342599302949093e+05 4.208386933117914305e+04 1.041385334538347524e+04 -4.068472185638440806e+02 1.415371007006476400e+06 4.471419320348420297e+05 1.126401637076850748e+05 -4.752968438943949150e+04 7.339741641324134252e+04 1.960979964069185080e+05 3.783251347706828528e+04 5.916874172047185857e+04
-5.727542206211121520e+05 -1.886880887537920498e+05 -2.614798423466578824e+05 1.597454342739079948e+04 4.170016383038145432e+04 -1.757402043123448311e+04 4.208386933117914305e+04 1.487540360870189033e+05 2.639602047501068591e+04 8.809016614515903639e+05 2.597278300338769041e+05 -4.897381531120066211e+04 -3.141684654279594542e+04 -2.672340917358402294e+04 -9.463791199541548849e+04 1.509170592553043389e+05 1.121140284213469422e+05 5.997656714976618241e+04
3.469333689293204952e+04 2.841630320520980167e+05 -1.400427483602937536e+04 8.517727146430671564e+04 3.446809149878006428e+04 -5.521897291082379525e+04 1.041385334538347524e+04 2.639602047501068591e+04 8.210448061919680913e+04 8.844402033496820368e+05 1.095758034124024271e+05 -1.264785368209111039e+05 2.251699516964049544e+05 -6.088362124383656919e+04 -1.320954068122459284e+05 6.549997945195697685e+04 3.354555399847348599e+04 9.360200945262548339e+04
8.643669768419163302e+06 1.730504828592975065e+07 1.809840160269391956e+06 8.226147820610319264e+06 1.245367623725326266e+06 -1.809742899075456429e+06 -4.068472185638440806e+02 8.809016614515903639e+05 8.844402033496820368e+05 2.809047689925116897e+08 -1.182843594963883050e+07 -2.178288531984523311e+07 -1.801800286740354495e+06 1.058660255507428665e+06 -7.209161945716234855e+06 2.131564253835503478e+06 2.963677649819460232e+06 2.139447162997722626e+06
-1.725005159079094976e+07 1.025401955156461685e+06 7.005693005088273436e+06 6.243648611693537096e+05 7.569434389538262039e+05 -1.297879006013599923e+06 1.415371007006476400e+06 2.597278300338769041e+05 1.095758034124024271e+05 -1.182843594963883050e+07 7.741198931648795307e+07 1.585541859191434085e+07 -1.678519906142973923e+05 -3.260828916527357418e+06 3.507259193597699050e+06 5.939996641973627266e+05 -1.202011535005374579e+06 1.519951976223853650e+06
-7.956378737549279816e+06 -8.611415217767613940e+05 3.949965670282945503e+06 2.172462873791074380e+06 1.276068991376363439e+06 1.539569538822728908e+06 4.471419320348420297e+05 -4.897381531120066211e+04 -1.264785368209111039e+05 -2.178288531984523311e+07 1.585541859191434085e+07 2.456279848485688865e+07 2.081346622595764929e+06 7.622801172513696365e+05 2.750848281398646533e+06 5.286674127461593598e+05 -4.127495412941903342e+05 1.075605922150791390e+06
-1.112218787426922470e+06 1.894805339551109122e+06 1.340019164146023570e+06 8.230494745195665164e+05 1.947007077325695136e+05 -1.740344961035277520e+05 1.126401637076850748e+05 -3.141684654279594542e+04 2.251699516964049544e+05 -1.801800286740354495e+06 -1.678519906142973923e+05 2.081346622595764929e+06 6.618936943650623783e+06 -3.182372805653528776e+05 -8.510684678279818036e+04 -4.185464286268809810e+05 -5.739157316088685766e+05 3.952899777956869220e+05
1.014659812121091294e+06 -5.302347927284581820e+05 -3.977804478061824339e+05 4.155113951981573482e+05 2.240694655135727080e+05 -3.395334662407033193e+03 -4.752968438943949150e+04 -2.672340917358402294e+04 -6.088362124383656919e+04 1.058660255507428665e+06 -3.260828916527357418e+06 7.622801172513696365e+05 -3.182372805653528776e+05 3.385411470906771719e+06 2.008998621407438768e+05 -2.063697942710452480e+05 3.869997524397913367e+05 1.975428972557751695e+05
-3.126070760578828398e+06 -2.153278615736490756e+05 1.060214034812220139e+06 -3.916860221569628338e+05 -4.474445846645970596e+04 3.774870468479752308e+05 7.339741641324134252e+04 -9.463791199541548849e+04 -1.320954068122459284e+05 -7.209161945716234855e+06 3.507259193597699050e+06 2.750848281398646533e+06 -8.510684678279818036e+04 2.008998621407438768e+05 1.993730535356269218e+06 2.958048321278076619e+05 -1.347599766135006794e+05 1.753068044084864378e+05
-2.697558548093323596e+06 -3.344668675197034026e+05 -3.977827645106883137e+05 2.092861946593154862e+05 1.957329746094724396e+05 8.669213731172002736e+04 1.960979964069185080e+05 1.509170592553043389e+05 6.549997945195697685e+04 2.131564253835503478e+06 5.939996641973627266e+05 5.286674127461593598e+05 -4.185464286268809810e+05 -2.063697942710452480e+05 2.958048321278076619e+05 1.525343211417634506e+06 2.718410498539017863e+05 2.288190400168636115e+05
3.884078695500346366e+05 -1.434786352501288056e+05 -5.250584711615662090e+05 -7.904692158064666728e+04 3.679640848301406368e+04 -9.644534853163453590e+03 3.783251347706828528e+04 1.121140284213469422e+05 3.354555399847348599e+04 2.963677649819460232e+06 -1.202011535005374579e+06 -4.127495412941903342e+05 -5.739157316088685766e+05 3.869997524397913367e+05 -1.347599766135006794e+05 2.718410498539017863e+05 4.455579784974938957e+05 4.735173508408394991e+04
-2.090200752529829741e+06 -5.862818598892434966e+05 1.599402311667808681e+05 3.363594933285363950e+05 1.347978313069560681e+05 5.378970237840338086e+03 5.916874172047185857e+04 5.997656714976618241e+04 9.360200945262548339e+04 2.139447162997722626e+06 1.519951976223853650e+06 1.075605922150791390e+06 3.952899777956869220e+05 1.975428972557751695e+05 1.753068044084864378e+05 2.288190400168636115e+05 4.735173508408394991e+04 4.842872634182741749e+05
