# lambda=0.14339387815279367
3.451959341261500865e+07 1.040889158164766617e+07 -2.087318503152072197e+06 1.195997971930318279e+06 1.919515544394736062e+05 8.983748505403103773e+05 1.697673260052047670e+06 2.378583169300754380e+05 -7.845499618798819938e+03 3.432037045073740650e+06 1.329832922947149165e+07 -3.639384148167730891e+05 3.887505015003914014e+06 2.382829121514000464e+06 1.707196743203511869e+05 1.719521469578524353e+06 1.237397548636181047e+06 1.191644234251768794e+06
1.040889158164766617e+07 1.588659012278595753e+07 3.361429796863981057e+06 2.374457564335671195e+05 7.489633253719214117e+05 1.739215711704338901e+05 1.927753005179545435e+05 7.958610300887762569e+05 3.542140103191308444e+05 3.066555861950996332e+05 1.167852087142286263e+07 -1.675811441394619178e+06 -1.331849584082653048e+06 6.870982086458455306e+05 -1.180159584251780529e+06 1.883864702912170440e+06 1.345316207484134240e+06 7.775091117358455667e+05
-2.087318503152072197e+06 3.361429796863981057e+06 3.069878805981450714e+06 4.063075147842699080e+05 4.440388264186301967e+05 2.427668663191863016e+04 -2.117923824578371132e+05 1.486928387176920078e+05 7.734869882669854269e+04 3.657271788625935093e+06 2.121017345455818344e+06 -1.044890314377598348e+06 -4.832382965757210623e+05 2.929150668470593519e+04 -4.829461614800511161e+05 5.990345886453976855e+05 2.799395947221438400e+05 3.490989769465956488e+05
1.195997971930318279e+06 2.374457564335671195e+05 4.063075147842699080e+05 3.104563838545338251e+06 4.426214745043014409e+05 3.717688057383968844e+05 1.053968263425664045e+05 7.148978162630033330e+04 4.781486598372249864e+04 5.487971528479772620e+06 4.582736508797081187e+06 1.618921170255422592e+06 4.176673121335097589e+06 8.171195805855074432e+05 9.848859622162778396e+05 8.775472682884058449e+05 2.252375629857884196e+05 1.898651717255552649e+05
1.919515544394736062e+05 7.489633253719214117e+05 4.440388264186301967e+05 4.426214745043014409e+05 9.588080090736477869e+05 1.572664342921513598e+05 6.855108783333985775e+04 1.594872011196117965e+05 9.419589058781191125e+04 -8.054988152347503928e+05 2.300568766957119224e+05 3.785596091002010508e+04 -1.747415191981323587e+05 6.500158690725567285e+05 -2.331760926727524784e+05 1.530886400611378776e+05 2.527211295063128346e+05 6.315024334730765258e+04
8.983748505403103773e+05 1.739215711704338901e+05 2.427668663191863016e+04 3.717688057383968844e+05 1.572664342921513598e+05 5.040897272801860236e+05 7.600561457639021683e+04 1.668765020545751031e+05 1.189022917480963079e+05 -2.092619118698850274e+06 -2.880082305115611525e+05 -4.229209005758733256e+05 9.119980547869413567e+04 5.391875899778447347e+05 3.882526813767930726e+05 -1.660442070689050888e+05 2.083661822987121122e+05 4.345920142293097160e+04
1.697673260052047670e+06 1.927753005179545435e+05 -2.117923824578371132e+05 1.053968263425664045e+05 6.855108783333985775e+04 7.600561457639021683e+04 3.320280671452682582e+05 -7.883372488199883264e+03 -9.177646825407557117e+03 5.420229247119551474e+03 -1.238628478198290541e+05 4.623094842792378040e+05 5.014489893657734501e+05 3.465563672062953701e+05 2.204999409586496186e+05 1.521910949062317086e+05 -4.934825908017347501e+03 -5.823646629185884376e+04
2.378583169300754380e+05 7.958610300887762569e+05 1.486928387176920078e+05 7.148978162630033330e+04 1.594872011196117965e+05 1.668765020545751031e+05 -7.883372488199883264e+03 2.590711608860969718e+05 9.471231723203269939e+04 -1.319327082041375106e+06 4.050134618799163145e+05 -1.527689989758488955e+05 -3.977917768489371520e+05 1.092683150693220668e+05 3.075223954431127277e+04 -1.311391472427717645e+03 2.253994099594218715e+05 4.194689395953654457e+04
-7.845499618798819938e+03 3.542140103191308444e+05 7.734869882669854269e+04 4.781486598372249864e+04 9.419589058781191125e+04 1.189022917480963079e+05 -9.177646825407557117e+03 9.471231723203269939e+04 9.372315324385114945e+04 -1.734421740396395326e+06 4.602440041794682038e+05 -1.308864266485606931e+05 -5.487501884840569255e+04 2.033192901359112875e+05 4.838610863391094608e+04 -1.557228597184320643e+04 6.924457741264681681e+04 -4.578232933813895215e+04
3.432037045073740650e+06 3.066555861950996332e+05 3.657271788625935093e+06 5.487971528479772620e+06 -8.054988152347503928e+05 -2.092619118698850274e+06 5.420229247119551474e+03 -1.319327082041375106e+06 -1.734421740396395326e+06 1.688842536925313771e+08 3.954077248712537112e+05 -1.076173428695607744e+07 9.467663698051309213e+06 2.618218448017998133e+06 5.044454368085845374e+06 5.610604424956642091e+06 1.808201060629153159e+06 3.459473140085860156e+06
1.329832922947149165e+07 1.167852087142286263e+07 2.121017345455818344e+06 4.582736508797081187e+06 2.300568766957119224e+05 -2.880082305115611525e+05 -1.238628478198290541e+05 4.050134618799163145e+05 4.602440041794682038e+05 3.954077248712537112e+05 5.712395866922634840e+07 1.692991787876113318e+06 4.619443780090747401e+06 1.314247299192039529e+06 -2.836219385911147110e+06 2.553218690562244505e+06 3.086232509732965846e+05 -6.643610087883530650e+05
-3.639384148167730891e+05 -1.675811441394619178e+06 -1.044890314377598348e+06 1.618921170255422592e+06 3.785596091002010508e+04 -4.229209005758733256e+05 4.623094842792378040e+05 -1.527689989758488955e+05 -1.308864266485606931e+05 -1.076173428695607744e+07 1.692991787876113318e+06 1.829362462644364685e+07 -5.047927282928338391e+05 8.417529722848448437e+05 6.957815691825505346e+05 3.520625479242878646e+04 -5.208316254051552387e+05 -1.389157353011390369e+05
3.887505015003914014e+06 -1.331849584082653048e+06 -4.832382965757210623e+05 4.176673121335097589e+06 -1.747415191981323587e+05 9.119980547869413567e+04 5.014489893657734501e+05 -3.977917768489371520e+05 -5.487501884840569255e+04 9.467663698051309213e+06 4.619443780090747401e+06 -5.047927282928338391e+05 1.334154523226755857e+07 2.052899983330290997e+06 2.889159547474298161e+06 1.003132581318270648e+06 4.944959500389265013e+05 -6.086217193202759518e+03
2.382829121514000464e+06 6.870982086458455306e+05 2.929150668470593519e+04 8.171195805855074432e+05 6.500158690725567285e+05 5.391875899778447347e+05 3.465563672062953701e+05 1.092683150693220668e+05 2.033192901359112875e+05 2.618218448017998133e+06 1.314247299192039529e+06 8.417529722848448437e+05 2.052899983330290997e+06 3.239590004857582971e+06 1.086157308125207666e+06 -2.179676537030608451e+05 6.066918991400322411e+05 1.391358565744542575e+05
1.707196743203511869e+05 -1.180159584251780529e+06 -4.829461614800511161e+05 9.848859622162778396e+05 -2.331760926727524784e+05 3.882526813767930726e+05 2.204999409586496186e+05 3.075223954431127277e+04 4.838610863391094608e+04 5.044454368085845374e+06 -2.836219385911147110e+06 6.957815691825505346e+05 2.889159547474298161e+06 1.086157308125207666e+06 2.448229845723993145e+06 4.118129493298883608e+04 6.691378052251649788e+05 5.042139052123289002e+04
1.719521469578524353e+06 1.883864702912170440e+06 5.990345886453976855e+05 8.775472682884058449e+05 1.530886400611378776e+05 -1.660442070689050888e+05 1.521910949062317086e+05 -1.311391472427717645e+03 -1.557228597184320643e+04 5.610604424956642091e+06 2.553218690562244505e+06 3.520625479242878646e+04 1.003132581318270648e+06 -2.179676537030608451e+05 4.118129493298883608e+04 1.655457798928875476e+06 7.282153176284539222e+04 2.315163728885498713e+05
1.237397548636181047e+06 1.345316207484134240e+06 2.799395947221438400e+05 2.252375629857884196e+05 2.527211295063128346e+05 2.083661822987121122e+05 -4.934825908017347501e+03 2.253994099594218715e+05 6.924457741264681681e+04 1.808201060629153159e+06 3.086232509732965846e+05 -5.208316254051552387e+05 4.944959500389265013e+05 6.066918991400322411e+05 6.691378052251649788e+05 7.282153176284539222e+04 1.033529182455552975e+06 1.609372722750639077e+05
1.191644234251768794e+06 7.775091117358455667e+05 3.490989769465956488e+05 1.898651717255552649e+05 6.315024334730765258e+04 4.345920142293097160e+04 -5.823646629185884376e+04 4.194689395953654457e+04 -4.578232933813895215e+04 3.459473140085860156e+06 -6.643610087883530650e+05 -1.389157353011390369e+05 -6.086217193202759518e+03 1.391358565744542575e+05 5.042139052123289002e+04 2.315163728885498713e+05 1.609372722750639077e+05 5.898295334759971593e+05
