# lambda=0.12039898300196443
4.882426000490801036e+07 1.136549290638866136e+06 -1.267815885231059045e+06 5.518567451910746284e+06 9.073463188216540730e+05 8.973600857426704897e+04 -1.269827274054610869e+06 5.263381877306639217e+05 1.338153889009816339e+05 -4.452391024795432575e+06 1.714500145012923703e+07 -5.522255417506060330e+05 2.019105101794599090e+06 4.548965288099159487e+06 -9.816323800364302006e+05 -2.182418649819671991e+05 5.563156523740296252e+05 -4.913623141922910581e+05
1.136549290638866136e+06 9.598730994955554605e+06 2.575402342291592155e+06 7.886034633329759818e+05 2.054653472058321931e+05 1.349801535793171206e+05 -1.772835497237858945e+05 1.613897758738293196e+05 3.115193686883097689e+04 3.115256149272005074e+06 1.555815367606106959e+07 3.574363102079228032e+06 -3.880163517833868973e+05 -5.778479236535420641e+05 1.019767291052339016e+06 -1.747154790289452765e+06 -1.704211724142057938e+05 -1.931597966622748936e+05
-1.267815885231059045e+06 2.575402342291592155e+06 3.310138589862922207e+06 6.595110678695876850e+05 1.048283070591087162e+05 3.172167043096083944e+04 6.213207751499917504e+04 4.496147446277474955e+04 -1.223688428821789421e+05 -6.681291657805976458e+06 4.298669035670781508e+06 1.163832771250156919e+06 -1.415984091194191948e+06 -1.454231048820605967e+06 5.083778763281570282e+05 -1.007725489529065089e+06 -5.488791793476911262e+05 2.473479504472428234e+05
5.518567451910746284e+06 7.886034633329759818e+05 6.595110678695876850e+05 2.131158857833472546e+06 2.854765897727585980e+05 8.940689036422570643e+04 -1.479881490039774508e+05 2.367535761727599893e+05 7.201457319857548282e+04 2.110987711992962286e+06 4.724606062896185555e+06 1.798093702563794097e+06 2.226524426659170713e+05 3.301644160125160124e+05 -3.974858283129947376e+05 -7.490711375154239358e+05 1.851708638331284965e+04 6.877985186962390435e+04
9.073463188216540730e+05 2.054653472058321931e+05 1.048283070591087162e+05 2.854765897727585980e+05 5.026596323974133702e+05 1.438223609621074575e+05 4.692632256974901247e+04 -4.715870435156954773e+04 1.166527829066660706e+04 3.767697896910000592e+06 1.910334160195748555e+06 1.759608981822610658e+05 -1.281779299195413842e+04 4.514470201749512926e+05 6.500064896138747281e+04 -1.712122847626172006e+05 -1.746739159242462192e+05 7.816504145321510441e+04
8.973600857426704897e+04 1.349801535793171206e+05 3.172167043096083944e+04 8.940689036422570643e+04 1.438223609621074575e+05 4.144872958788950345e+05 1.286778145831131551e+05 3.740828217360187409e+04 1.074994096680229268e+04 9.690283918853892246e+05 -3.712425120898021269e+05 -2.018814220820146147e+05 -6.861533309504821955e+04 1.622912755342845921e+05 5.255011522386620054e+05 9.900767226914229468e+03 -3.852077226977908140e+02 3.965443565051622136e+04
-1.269827274054610869e+06 -1.772835497237858945e+05 6.213207751499917504e+04 -1.479881490039774508e+05 4.692632256974901247e+04 1.286778145831131551e+05 2.801297563806344406e+05 2.847747188540457137e+04 3.945087926051545946e+04 5.242780566382210964e+04 -1.107190919610985788e+06 1.597729431075337743e+04 -2.103031725957030139e+05 -8.881518180413338996e+04 2.293397281866175181e+05 2.359305451662390842e+05 2.300987912929754020e+04 -2.548588241418065081e+04
5.263381877306639217e+05 1.613897758738293196e+05 4.496147446277474955e+04 2.367535761727599893e+05 -4.715870435156954773e+04 3.740828217360187409e+04 2.847747188540457137e+04 1.590528554644278483e+05 3.585635223703527299e+04 -1.015179241053374251e+06 -1.082948769088125991e+05 1.580387690224341641e+05 -1.045394506643397763e+05 -1.938539776929035725e+05 5.800277585479790287e+04 -2.095341364692568459e+04 7.660361349283621530e+04 -7.939784286403276201e+04
1.338153889009816339e+05 3.115193686883097689e+04 -1.223688428821789421e+05 7.201457319857548282e+04 1.166527829066660706e+04 1.074994096680229268e+04 3.945087926051545946e+04 3.585635223703527299e+04 6.447034304698878987e+04 8.926687636034156894e+05 -1.632985882136139298e+04 1.213362977837581820e+04 1.020193885342974681e+05 -3.399148865980853589e+04 -3.149535142516466294e+03 7.753587310849622008e+04 4.747847524042591249e+04 -3.366123069521197067e+03
-4.452391024795432575e+06 3.115256149272005074e+06 -6.681291657805976458e+06 2.110987711992962286e+06 3.767697896910000592e+06 9.690283918853892246e+05 5.242780566382210964e+04 -1.015179241053374251e+06 8.926687636034156894e+05 1.825034701457867622e+08 4.013530173793496937e+07 2.981130518618548289e+07 6.108564288517464884e+06 9.234063248725476442e+05 -3.139992392282112036e+06 -3.141012607288297731e+05 -9.360616690198697615e+05 3.611547144283872331e+05
1.714500145012923703e+07 1.555815367606106959e+07 4.298669035670781508e+06 4.724606062896185555e+06 1.910334160195748555e+06 -3.712425120898021269e+05 -1.107190919610985788e+06 -1.082948769088125991e+05 -1.632985882136139298e+04 4.013530173793496937e+07 8.170990915100291371e+07 1.893832828949871659e+07 2.156721364765904378e+06 6.815238984525939450e+06 -1.046701320953282178e+06 -3.403023654196517542e+06 -1.694753013463806827e+06 -5.292049300512364134e+05
-5.522255417506060330e+05 3.574363102079228032e+06 1.163832771250156919e+06 1.798093702563794097e+06 1.759608981822610658e+05 -2.018814220820146147e+05 1.597729431075337743e+04 1.580387690224341641e+05 1.213362977837581820e+04 2.981130518618548289e+07 1.893832828949871659e+07 1.233044615789481252e+07 5.642163946730392054e+05 5.238776872575698071e+05 -6.672266115473012906e+05 -1.355097660644509830e+06 -7.147429277487515938e+05 -2.653994702950743376e+05
2.019105101794599090e+06 -3.880163517833868973e+05 -1.415984091194191948e+06 2.226524426659170713e+05 -1.281779299195413842e+04 -6.861533309504821955e+04 -2.103031725957030139e+05 -1.045394506643397763e+05 1.020193885342974681e+05 6.108564288517464884e+06 2.156721364765904378e+06 5.642163946730392054e+05 5.745878079913096502e+06 1.761797808486002730e+06 -8.487696499934104504e+05 3.518844408556680428e+05 5.688312687965604709e+05 2.305374713588900922e+05
4.548965288099159487e+06 -5.778479236535420641e+05 -1.454231048820605967e+06 3.301644160125160124e+05 4.514470201749512926e+05 1.622912755342845921e+05 -8.881518180413338996e+04 -1.938539776929035725e+05 -3.399148865980853589e+04 9.234063248725476442e+05 6.815238984525939450e+06 5.238776872575698071e+05 1.761797808486002730e+06 7.656093709596230648e+06 3.253734378962053452e+05 -7.119827997173862241e+04 -1.258882502646374196e+05 -3.940728615212105797e+05
-9.816323800364302006e+05 1.019767291052339016e+06 5.083778763281570282e+05 -3.974858283129947376e+05 6.500064896138747281e+04 5.255011522386620054e+05 2.293397281866175181e+05 5.800277585479790287e+04 -3.149535142516466294e+03 -3.139992392282112036e+06 -1.046701320953282178e+06 -6.672266115473012906e+05 -8.487696499934104504e+05 3.253734378962053452e+05 2.020320598007655935e+06 -1.660842818264955422e+05 -1.579485767540001834e+05 -7.884474683018719952e+04
-2.182418649819671991e+05 -1.747154790289452765e+06 -1.007725489529065089e+06 -7.490711375154239358e+05 -1.712122847626172006e+05 9.900767226914229468e+03 2.359305451662390842e+05 -2.095341364692568459e+04 7.753587310849622008e+04 -3.141012607288297731e+05 -3.403023654196517542e+06 -1.355097660644509830e+06 3.518844408556680428e+05 -7.119827997173862241e+04 -1.660842818264955422e+05 1.436339149768883828e+06 3.667561682032360113e+05 -5.420792523826130491e+04
5.563156523740296252e+05 -1.704211724142057938e+05 -5.488791793476911262e+05 1.851708638331284965e+04 -1.746739159242462192e+05 -3.852077226977908140e+02 2.300987912929754020e+04 7.660361349283621530e+04 4.747847524042591249e+04 -9.360616690198697615e+05 -1.694753013463806827e+06 -7.147429277487515938e+05 5.688312687965604709e+05 -1.258882502646374196e+05 -1.579485767540001834e+05 3.667561682032360113e+05 5.456427430594612379e+05 -1.218620910510412796e+05
-4.913623141922910581e+05 -1.931597966622748936e+05 2.473479504472428234e+05 6.877985186962390435e+04 7.816504145321510441e+04 3.965443565051622136e+04 -2.548588241418065081e+04 -7.939784286403276201e+04 -3.366123069521197067e+03 3.611547144283872331e+05 -5.292049300512364134e+05 -2.653994702950743376e+05 2.305374713588900922e+05 -3.940728615212105797e+05 -7.884474683018719952e+04 -5.420792523826130491e+04 -1.218620910510412796e+05 4.195865598872699775e+05
