# lambda=0.16788366126715457
3.758047349361404777e+07 2.871607876642491203e+06 -2.087872263153228268e+05 8.365730368604024407e+05 -9.751891222042058362e+05 4.653071357314386987e+05 8.171064338581422635e+04 -6.942417459964272566e+05 -2.135730824892135843e+03 2.439047905821022764e+07 -2.812857524716146290e+06 -8.802874160890197381e+06 3.770050050573848654e+06 -2.193600548021216411e+06 2.905804426608670037e+06 3.766297805498497473e+04 8.232196512556967791e+05 1.742926376762574771e+06
2.871607876642491203e+06 1.396950660104926303e+07 1.750327009270911571e+06 1.215672656647068448e+06 1.627948563341130735e+06 -4.568680638801963069e+05 -3.133985656031186809e+05 3.623522326441773330e+05 -1.434803895477656915e+05 2.011226282553463802e+07 1.405195499360868707e+06 1.618394126913296059e+06 -1.455600913486269303e+06 -5.468347263901730767e+05 -4.135995260790347238e+05 -6.275565239494446432e+05 7.339102755592852191e+04 1.104692205480734119e+06
-2.087872263153228268e+05 1.750327009270911571e+06 4.430120235486383550e+06 1.368716322102595353e+06 4.745496309861678164e+05 -5.142005209161239327e+05 -1.799939194890768849e+05 4.633760466155452887e+05 -1.378729181575863622e+05 9.254840682657947764e+05 -5.143729834343683906e+06 3.903886313607835211e+06 -5.244870440778108314e+05 1.228724115859895013e+06 9.750261507266627450e+04 -3.110330132173532620e+05 1.344201988199453917e+05 -1.186580533493079201e+04
8.365730368604024407e+05 1.215672656647068448e+06 1.368716322102595353e+06 1.431613966413483722e+06 1.516053719069916406e+05 -3.337805431228270754e+05 -1.391821162886654492e+05 1.230170722487511230e+05 -5.368347763839178515e+04 1.682317799195787404e+06 -9.171118833847955102e+05 2.251256613731977064e+06 8.038610650266096927e+05 6.633429002928715199e+05 -1.374055342712194542e+05 1.324896956346640072e+05 -1.099752397547203436e+05 -7.065854825234605232e+04
-9.751891222042058362e+05 1.627948563341130735e+06 4.745496309861678164e+05 1.516053719069916406e+05 8.738114243469276698e+05 1.161894543954619730e+05 -8.381485870900824011e+03 9.926653146257459593e+04 3.540602553351437382e+04 6.498400130659777671e+06 1.826589314903637394e+06 2.740411371271305834e+05 -1.187144159123253077e+06 3.058624862475804548e+03 2.312321988021920261e+05 -1.660118199885482609e+05 -6.553691683472441218e+04 2.207255361323643228e+04
4.653071357314386987e+05 -4.568680638801963069e+05 -5.142005209161239327e+05 -3.337805431228270754e+05 1.161894543954619730e+05 3.741012546623037779e+05 7.884049588156721438e+04 -9.094828026058485557e+04 9.173648016112284677e+04 1.116949505347062135e+06 9.661166364114013268e+05 -1.138631886819516076e+06 -8.209644797681130003e+05 -7.942919641423731809e+05 2.409461370708090253e+05 -1.338507945372659742e+04 -1.078297311704237072e+05 -3.191661181640319683e+03
8.171064338581422635e+04 -3.133985656031186809e+05 -1.799939194890768849e+05 -1.391821162886654492e+05 -8.381485870900824011e+03 7.884049588156721438e+04 2.176521686250166094e+05 -7.729754126170942072e+03 4.292752942983693174e+03 -7.506432607348841848e+05 1.210260883890954545e+06 -7.900377187883140286e+05 -7.469576004553942475e+05 -2.735856621185163385e+05 3.110554074485947494e+05 3.500059472870792379e+05 -1.397628817072021229e+04 -1.621847817548150488e+05
-6.942417459964272566e+05 3.623522326441773330e+05 4.633760466155452887e+05 1.230170722487511230e+05 9.926653146257459593e+04 -9.094828026058485557e+04 -7.729754126170942072e+03 1.837253108960356913e+05 -6.383223580597805267e+03 -1.765066783459401224e+06 -1.408377035232452210e+06 9.931324898939422565e+04 9.166492221151784179e+04 3.587903537885575788e+05 6.494692778680870833e+04 1.692805535511798225e+05 9.699764805798315501e+04 3.647428104809075012e+04
-2.135730824892135843e+03 -1.434803895477656915e+05 -1.378729181575863622e+05 -5.368347763839178515e+04 3.540602553351437382e+04 9.173648016112284677e+04 4.292752942983693174e+03 -6.383223580597805267e+03 1.080355242439464200e+05 6.302642785282679833e+05 7.100259935520919971e+05 -1.891532240898983146e+05 -6.216164764703480614e+03 -2.033148919509072439e+05 1.670536841689182038e+05 -1.426134764159073347e+04 5.021951486508681410e+04 8.168666427191976982e+04
2.439047905821022764e+07 2.011226282553463802e+07 9.254840682657947764e+05 1.682317799195787404e+06 6.498400130659777671e+06 1.116949505347062135e+06 -7.506432607348841848e+05 -1.765066783459401224e+06 6.302642785282679833e+05 2.188980312862868607e+08 6.994496734976713359e+07 -7.433695734436171129e+06 -8.460150640193397179e+06 -1.163657770565606840e+07 -1.321669865482097492e+06 -7.514784820860058069e+06 2.034544566922438098e+06 1.125062490453980630e+06
-2.812857524716146290e+06 1.405195499360868707e+06 -5.143729834343683906e+06 -9.171118833847955102e+05 1.826589314903637394e+06 9.661166364114013268e+05 1.210260883890954545e+06 -1.408377035232452210e+06 7.100259935520919971e+05 6.994496734976713359e+07 8.608535821993221343e+07 3.944964366534350440e+06 -4.170542072633868083e+06 -6.439357298137704842e+06 -1.990423056465248344e+06 2.191375157697125804e+06 -7.687889889584687771e+05 5.431631617105358746e+05
-8.802874160890197381e+06 1.618394126913296059e+06 3.903886313607835211e+06 2.251256613731977064e+06 2.740411371271305834e+05 -1.138631886819516076e+06 -7.900377187883140286e+05 9.931324898939422565e+04 -1.891532240898983146e+05 -7.433695734436171129e+06 3.944964366534350440e+06 2.304113197276110202e+07 6.687826444053664804e+06 8.035132134459440596e+06 -2.039038681997048436e+06 -4.175418707076839637e+05 4.182382817104900023e+05 7.752288928563944064e+05
3.770050050573848654e+06 -1.455600913486269303e+06 -5.244870440778108314e+05 8.038610650266096927e+05 -1.187144159123253077e+06 -8.209644797681130003e+05 -7.469576004553942475e+05 9.166492221151784179e+04 -6.216164764703480614e+03 -8.460150640193397179e+06 -4.170542072633868083e+06 6.687826444053664804e+06 1.631501031937228143e+07 7.658656536459776573e+06 -8.207572396998868790e+05 1.661285538615229307e+06 1.679489552112897625e+06 2.341636295850747265e+06
-2.193600548021216411e+06 -5.468347263901730767e+05 1.228724115859895013e+06 6.633429002928715199e+05 3.058624862475804548e+03 -7.942919641423731809e+05 -2.735856621185163385e+05 3.587903537885575788e+05 -2.033148919509072439e+05 -1.163657770565606840e+07 -6.439357298137704842e+06 8.035132134459440596e+06 7.658656536459776573e+06 9.315835636026782915e+06 2.440524872099397471e+05 6.813360703227591002e+05 1.011312117867836030e+06 9.817238951959386468e+05
2.905804426608670037e+06 -4.135995260790347238e+05 9.750261507266627450e+04 -1.374055342712194542e+05 2.312321988021920261e+05 2.409461370708090253e+05 3.110554074485947494e+05 6.494692778680870833e+04 1.670536841689182038e+05 -1.321669865482097492e+06 -1.990423056465248344e+06 -2.039038681997048436e+06 -8.207572396998868790e+05 2.440524872099397471e+05 2.779817093246138655e+06 3.762652423146131914e+05 4.969680535292956047e+05 7.690825414184703550e+04
3.766297805498497473e+04 -6.275565239494446432e+05 -3.110330132173532620e+05 1.324896956346640072e+05 -1.660118199885482609e+05 -1.338507945372659742e+04 3.500059472870792379e+05 1.692805535511798225e+05 -1.426134764159073347e+04 -7.514784820860058069e+06 2.191375157697125804e+06 -4.175418707076839637e+05 1.661285538615229307e+06 6.813360703227591002e+05 3.762652423146131914e+05 2.047420814262214815e+06 1.890875928906284680e+05 1.723510772627874976e+05
8.232196512556967791e+05 7.339102755592852191e+04 1.344201988199453917e+05 -1.099752397547203436e+05 -6.553691683472441218e+04 -1.078297311704237072e+05 -1.397628817072021229e+04 9.699764805798315501e+04 5.021951486508681410e+04 2.034544566922438098e+06 -7.687889889584687771e+05 4.182382817104900023e+05 1.679489552112897625e+06 1.011312117867836030e+06 4.969680535292956047e+05 1.890875928906284680e+05 8.609147509596308228e+05 4.646636239683884778e+05
1.742926376762574771e+06 1.104692205480734119e+06 -1.186580533493079201e+04 -7.065854825234605232e+04 2.207255361323643228e+04 -3.191661181640319683e+03 -1.621847817548150488e+05 3.647428104809075012e+04 8.168666427191976982e+04 1.125062490453980630e+06 5.431631617105358746e+05 7.752288928563944064e+05 2.341636295850747265e+06 9.817238951959386468e+05 7.690825414184703550e+04 1.723510772627874976e+05 4.646636239683884778e+05 9.221787486418655608e+05
