# lambda=0.16364156402661262
5.452831948455489427e+07 3.596748578456027433e+06 -1.323964537870976375e+06 2.854372134602628066e+05 -2.093579797305402812e+06 -7.041612712287958711e+05 -7.449967536797015928e+05 -3.445897571763836895e+05 -7.138640305191332009e+05 -9.674501324188493192e+06 -8.118803458798277425e+05 -2.674573703785632271e+06 -6.213027741563109681e+06 7.080829714492695639e+05 -8.020094298957968131e+05 3.758906282252725214e+05 -2.801243144155961461e+06 -2.505450541248926427e+06
3.596748578456027433e+06 1.326661208684275299e+07 1.654082619429506361e+06 1.619091862010113662e+06 3.516520342689094832e+05 -6.869584335468490608e+05 1.668686309586384741e+05 -3.202674408828644082e+05 6.528249476674794278e+04 -7.210263934482028708e+06 1.388156258748895861e+07 -1.760333702626361977e+06 8.673506774231863674e+05 2.516682463182179723e+06 -2.240501691981375217e+06 1.499147609497071244e+05 -2.250914810168747208e+05 5.714155146130068460e+05
-1.323964537870976375e+06 1.654082619429506361e+06 5.284957118983329274e+06 2.361244150123402942e+05 7.294970343231705483e+05 1.448733014606234210e+05 3.594558776714629494e+04 -2.980448161106116022e+05 -4.373628692233426409e+04 -3.752776139090978075e+06 4.873877809873817489e+06 4.477440235180150717e+06 1.704674728120364598e+05 1.870174681314511225e+06 1.705960310572299641e+05 -1.259633439374637601e+04 6.280629839612712203e+03 1.212453586687527131e+05
2.854372134602628066e+05 1.619091862010113662e+06 2.361244150123402942e+05 1.149367793016828364e+06 3.594851478764008061e+04 -1.125060492017566285e+05 2.842522980129379721e+04 1.172988426880598563e+05 -7.719998175957512103e+02 -5.176993939971721731e+06 1.838248254695567535e+06 -3.319817535964463605e+05 9.554999752482324839e+05 1.020013514682284207e+06 -1.111439958115538029e+05 -2.398180022875516734e+05 4.227690761172210478e+04 3.688541526634033653e+05
-2.093579797305402812e+06 3.516520342689094832e+05 7.294970343231705483e+05 3.594851478764008061e+04 1.005965617348075612e+06 3.610154933897223673e+05 2.055214561923488509e+05 -8.252434388809806842e+04 6.048687335965845705e+04 -3.980077339067271445e+06 6.114014316408174345e+05 5.135701684456552030e+05 6.040150789035268826e+05 6.465689955322897295e+05 8.205898166519368533e+05 -1.187955219212903467e+05 1.129685853189078771e+05 1.732199331259173632e+05
-7.041612712287958711e+05 -6.869584335468490608e+05 1.448733014606234210e+05 -1.125060492017566285e+05 3.610154933897223673e+05 3.991199860555669293e+05 1.358247222650704498e+05 -3.922369866502934747e+04 -4.356335490806279995e+04 -3.953486399502817658e+05 -1.558530326157771517e+06 -5.871897781987177441e+05 5.670227193148821825e+05 2.859936344411398168e+05 7.669537060344300698e+05 3.299811883805754042e+04 1.427107837383805891e+05 5.432185911793557170e+04
-7.449967536797015928e+05 1.668686309586384741e+05 3.594558776714629494e+04 2.842522980129379721e+04 2.055214561923488509e+05 1.358247222650704498e+05 2.054005997518382792e+05 -4.417195394926156587e+04 2.374323784703803904e+04 -3.157772902819333132e+06 -2.313559795922146586e+05 -1.435780297687603452e+05 5.784234015574622899e+05 1.710847888065545121e+05 3.396755803400112200e+05 -7.669413688985312183e+04 -4.786142273224737437e+04 1.884576992128322017e+05
-3.445897571763836895e+05 -3.202674408828644082e+05 -2.980448161106116022e+05 1.172988426880598563e+05 -8.252434388809806842e+04 -3.922369866502934747e+04 -4.417195394926156587e+04 1.345669824428018183e+05 2.446631695798589499e+04 8.577088046934199519e+04 -5.983489525402536383e+05 8.163183552531113673e+04 3.045465271180200507e+05 1.613734066817568055e+04 -1.618695626437298779e+04 7.311475727119913245e+03 1.052927729465628945e+05 2.312099735544393843e+04
-7.138640305191332009e+05 6.528249476674794278e+04 -4.373628692233426409e+04 -7.719998175957512103e+02 6.048687335965845705e+04 -4.356335490806279995e+04 2.374323784703803904e+04 2.446631695798589499e+04 7.779729358709722874e+04 -1.492744753341193544e+06 -3.876813924720949726e+05 6.094100052390040364e+05 6.101475954489442665e+04 2.395144773346257716e+04 -2.690907132472241938e+04 -2.189141031937327716e+04 2.643164997406910334e+04 3.271498105211086659e+04
-9.674501324188493192e+06 -7.210263934482028708e+06 -3.752776139090978075e+06 -5.176993939971721731e+06 -3.980077339067271445e+06 -3.953486399502817658e+05 -3.157772902819333132e+06 8.577088046934199519e+04 -1.492744753341193544e+06 2.231243285900888443e+08 4.030364601297525223e+06 -3.016973882393625379e+07 -1.559200075765754096e+07 -7.827610471069185063e+06 -4.428286133393649012e+06 4.974047793829760514e+06 1.671383695740119321e+06 -3.848567049019380938e+06
-8.118803458798277425e+05 1.388156258748895861e+07 4.873877809873817489e+06 1.838248254695567535e+06 6.114014316408174345e+05 -1.558530326157771517e+06 -2.313559795922146586e+05 -5.983489525402536383e+05 -3.876813924720949726e+05 4.030364601297525223e+06 6.474610932142710686e+07 8.883695268625404686e+06 3.618116699867059477e+06 3.464429580299114459e+05 1.568158794603451155e+06 -2.252344468464279547e+06 -1.691185186112928437e+06 9.879389739231981803e+05
-2.674573703785632271e+06 -1.760333702626361977e+06 4.477440235180150717e+06 -3.319817535964463605e+05 5.135701684456552030e+05 -5.871897781987177441e+05 -1.435780297687603452e+05 8.163183552531113673e+04 6.094100052390040364e+05 -3.016973882393625379e+07 8.883695268625404686e+06 2.902752391728210077e+07 1.733351730513220886e+06 1.637197951353176963e+06 3.452028771427964675e+05 -9.421001730045070872e+04 -8.597937339865630493e+05 -3.284161241505174548e+05
-6.213027741563109681e+06 8.673506774231863674e+05 1.704674728120364598e+05 9.554999752482324839e+05 6.040150789035268826e+05 5.670227193148821825e+05 5.784234015574622899e+05 3.045465271180200507e+05 6.101475954489442665e+04 -1.559200075765754096e+07 3.618116699867059477e+06 1.733351730513220886e+06 8.526277361305866390e+06 1.385351736251480645e+06 1.602209837410432287e+06 -7.519268748832178535e+05 1.275713836872387183e+05 1.425535640793518163e+06
7.080829714492695639e+05 2.516682463182179723e+06 1.870174681314511225e+06 1.020013514682284207e+06 6.465689955322897295e+05 2.859936344411398168e+05 1.710847888065545121e+05 1.613734066817568055e+04 2.395144773346257716e+04 -7.827610471069185063e+06 3.464429580299114459e+05 1.637197951353176963e+06 1.385351736251480645e+06 3.233086902796546463e+06 4.197360840320533607e+05 4.856541630052730907e+05 -1.681592099028566736e+04 3.441721592291822890e+05
-8.020094298957968131e+05 -2.240501691981375217e+06 1.705960310572299641e+05 -1.111439958115538029e+05 8.205898166519368533e+05 7.669537060344300698e+05 3.396755803400112200e+05 -1.618695626437298779e+04 -2.690907132472241938e+04 -4.428286133393649012e+06 1.568158794603451155e+06 3.452028771427964675e+05 1.602209837410432287e+06 4.197360840320533607e+05 3.809133907840857748e+06 -3.294212055058280239e+05 -1.391546477026345965e+05 2.433132566516373190e+05
3.758906282252725214e+05 1.499147609497071244e+05 -1.259633439374637601e+04 -2.398180022875516734e+05 -1.187955219212903467e+05 3.299811883805754042e+04 -7.669413688985312183e+04 7.311475727119913245e+03 -2.189141031937327716e+04 4.974047793829760514e+06 -2.252344468464279547e+06 -9.421001730045070872e+04 -7.519268748832178535e+05 4.856541630052730907e+05 -3.294212055058280239e+05 1.192515921438964782e+06 1.020264170245534042e+05 -1.519470903649019019e+05
-2.801243144155961461e+06 -2.250914810168747208e+05 6.280629839612712203e+03 4.227690761172210478e+04 1.129685853189078771e+05 1.427107837383805891e+05 -4.786142273224737437e+04 1.052927729465628945e+05 2.643164997406910334e+04 1.671383695740119321e+06 -1.691185186112928437e+06 -8.597937339865630493e+05 1.275713836872387183e+05 -1.681592099028566736e+04 -1.391546477026345965e+05 1.020264170245534042e+05 8.571145902592291823e+05 7.112386295606279418e+02
-2.505450541248926427e+06 5.714155146130068460e+05 1.212453586687527131e+05 3.688541526634033653e+05 1.732199331259173632e+05 5.432185911793557170e+04 1.884576992128322017e+05 2.312099735544393843e+04 3.271498105211086659e+04 -3.848567049019380938e+06 9.879389739231981803e+05 -3.284161241505174548e+05 1.425535640793518163e+06 3.441721592291822890e+05 2.433132566516373190e+05 -1.519470903649019019e+05 7.112386295606279418e+02 5.190627879135930561e+05
