# lambda=0.13263513649785633
3.984913450992806256e+07 -3.622498427549573593e+06 2.787501745739423131e+04 4.109190488126932178e+05 4.496185243756386335e+05 -8.156771405727461679e+05 5.501545895316505339e+05 -1.951911313458640943e+05 1.430790040737862728e+04 1.193912393369341269e+07 4.640429674623498693e+06 3.336484795437243767e+06 7.223301881436948664e+06 2.290710424952751026e+06 -2.227433193140686024e+06 1.940575450054131215e+06 1.761508047737762565e+06 7.326883935513371835e+05
-3.622498427549573593e+06 2.007523233566803858e+07 -3.872310310408734367e+05 -1.121343347875106148e+06 -4.265858296872876817e+05 3.303171591585578863e+05 6.851906889197325800e+05 4.548814003072816558e+04 -5.904075988898610231e+05 1.836209679969540611e+07 2.557453719019902404e+06 9.534033251836782321e+06 -5.973744520604066551e+06 -9.777989696637833258e+05 1.565657707897481276e+06 -2.110654266540762037e+06 -6.483818779434611788e+05 4.933629996540340944e+05
2.787501745739423131e+04 -3.872310310408734367e+05 5.924592894949793816e+06 1.470081361823122948e+06 -2.268537009041240381e+05 -9.170072824150104134e+04 6.285242355169764051e+04 9.269230442037775356e+04 3.041905280547563962e+04 2.196166226559625939e+06 3.924797419654620811e+06 -2.757033477097878931e+05 1.273632660691955592e+06 -3.126151672492824728e+05 -1.464533381420155347e+05 7.558473073157545878e+05 2.145087334763417603e+05 2.398562270782802661e+05
4.109190488126932178e+05 -1.121343347875106148e+06 1.470081361823122948e+06 2.145735528469583485e+06 2.137020467665068645e+04 1.649205303484005854e+05 1.001907997450983821e+05 9.867962413292627025e+04 1.454803642779870424e+05 3.187662727680910029e+05 2.680823526484488975e+06 9.202386666417024098e+05 1.146680328622725094e+06 -1.051754736605199985e+06 -3.493859135911622434e+05 2.720730686738696531e+05 3.498627497184937238e+05 1.718468919303383882e+04
4.496185243756386335e+05 -4.265858296872876817e+05 -2.268537009041240381e+05 2.137020467665068645e+04 8.513754369716033107e+05 3.535604152515007299e+05 1.552055988551103219e+05 9.187808364550062106e+04 1.295430360045673478e+04 -2.156786913198630791e+06 4.953486110870461562e+05 1.266598682796695502e+06 4.438081737512694672e+05 7.041489203137314180e+05 6.325904285877172370e+05 1.257572943140891039e+04 1.756649419560971728e+05 1.227197673284696939e+05
-8.156771405727461679e+05 3.303171591585578863e+05 -9.170072824150104134e+04 1.649205303484005854e+05 3.535604152515007299e+05 6.353141849489784800e+05 1.090901059273400024e+05 9.239532320064754458e+04 -2.640208805925805063e+04 1.576296185190960765e+06 1.495736509521011962e+06 9.060812081628344022e+05 -3.721114975404668949e+05 -2.864435658598141163e+05 2.289962435226508824e+05 7.834071420874691103e+04 2.225803807106287859e+05 2.647670678627667803e+04
5.501545895316505339e+05 6.851906889197325800e+05 6.285242355169764051e+04 1.001907997450983821e+05 1.552055988551103219e+05 1.090901059273400024e+05 4.021063449404399726e+05 7.050186225523371832e+04 2.330898480100747111e+04 -6.372230100073226495e+05 1.143245699408953078e+05 1.190086967321525561e+06 6.374839087847179035e+05 4.308997089042062871e+05 2.729565936786922975e+05 2.817693515918152407e+05 3.426537671188453678e+05 1.648840636880746752e+05
-1.951911313458640943e+05 4.548814003072816558e+04 9.269230442037775356e+04 9.867962413292627025e+04 9.187808364550062106e+04 9.239532320064754458e+04 7.050186225523371832e+04 1.945612065789948683e+05 5.010476887605270167e+04 5.964510219440931687e+05 1.355625412625664379e+06 7.691816516738372156e+05 -2.528364143746393966e+05 -5.121883701846752228e+04 4.248479209001261625e+05 2.288702769103738829e+05 8.755908651026897132e+04 7.075537232946691802e+04
1.430790040737862728e+04 -5.904075988898610231e+05 3.041905280547563962e+04 1.454803642779870424e+05 1.295430360045673478e+04 -2.640208805925805063e+04 2.330898480100747111e+04 5.010476887605270167e+04 1.104939151671371219e+05 -7.788507734650473576e+05 -3.674846003986637807e+05 -4.356040943623739877e+05 -6.703687452008192486e+04 4.678427640875228826e+04 1.049050795110233594e+05 1.542360562454156461e+05 1.033170988644099416e+05 9.576183132032967114e+04
1.193912393369341269e+07 1.836209679969540611e+07 2.196166226559625939e+06 3.187662727680910029e+05 -2.156786913198630791e+06 1.576296185190960765e+06 -6.372230100073226495e+05 5.964510219440931687e+05 -7.788507734650473576e+05 1.554851820673930943e+08 3.001054496632141247e+07 3.299830789917943254e+07 -3.737270899771348108e+06 -1.099815517539259419e+07 -2.446963993564130738e+06 2.147137907227929682e+06 1.224967061223801458e+06 1.506824438923010603e+06
4.640429674623498693e+06 2.557453719019902404e+06 3.924797419654620811e+06 2.680823526484488975e+06 4.953486110870461562e+05 1.495736509521011962e+06 1.143245699408953078e+05 1.355625412625664379e+06 -3.674846003986637807e+05 3.001054496632141247e+07 6.728089664159741998e+07 1.946791850314567983e+07 7.654414461830518208e+06 -3.662515026663829572e+06 -2.365866296991111245e+06 -1.441827953124056570e+06 9.844013608407404972e+05 9.200194748374650953e+05
3.336484795437243767e+06 9.534033251836782321e+06 -2.757033477097878931e+05 9.202386666417024098e+05 1.266598682796695502e+06 9.060812081628344022e+05 1.190086967321525561e+06 7.691816516738372156e+05 -4.356040943623739877e+05 3.299830789917943254e+07 1.946791850314567983e+07 3.251848426309549809e+07 2.104238085453421809e+06 -2.839461383615985513e+06 2.345245739374131430e+06 7.378720163139729993e+05 8.911995224002539180e+05 8.735848759164575022e+05
7.223301881436948664e+06 -5.973744520604066551e+06 1.273632660691955592e+06 1.146680328622725094e+06 4.438081737512694672e+05 -3.721114975404668949e+05 6.374839087847179035e+05 -2.528364143746393966e+05 -6.703687452008192486e+04 -3.737270899771348108e+06 7.654414461830518208e+06 2.104238085453421809e+06 1.228692053912893683e+07 1.232548988671251340e+06 -1.016241490554052172e+06 5.641228234155827668e+05 6.010221981809416320e+05 -4.480209135352266603e+05
2.290710424952751026e+06 -9.777989696637833258e+05 -3.126151672492824728e+05 -1.051754736605199985e+06 7.041489203137314180e+05 -2.864435658598141163e+05 4.308997089042062871e+05 -5.121883701846752228e+04 4.678427640875228826e+04 -1.099815517539259419e+07 -3.662515026663829572e+06 -2.839461383615985513e+06 1.232548988671251340e+06 4.280128582076603547e+06 6.954404182721406687e+05 -2.464826719293493952e+05 2.911925563342601527e+05 2.633164368684235378e+05
-2.227433193140686024e+06 1.565657707897481276e+06 -1.464533381420155347e+05 -3.493859135911622434e+05 6.325904285877172370e+05 2.289962435226508824e+05 2.729565936786922975e+05 4.248479209001261625e+05 1.049050795110233594e+05 -2.446963993564130738e+06 -2.365866296991111245e+06 2.345245739374131430e+06 -1.016241490554052172e+06 6.954404182721406687e+05 4.011813263347878121e+06 8.587207691758105066e+05 -2.853042561296427739e+05 2.143757554802740342e+05
1.940575450054131215e+06 -2.110654266540762037e+06 7.558473073157545878e+05 2.720730686738696531e+05 1.257572943140891039e+04 7.834071420874691103e+04 2.817693515918152407e+05 2.288702769103738829e+05 1.542360562454156461e+05 2.147137907227929682e+06 -1.441827953124056570e+06 7.378720163139729993e+05 5.641228234155827668e+05 -2.464826719293493952e+05 8.587207691758105066e+05 2.012286003267486114e+06 3.070978801471442566e+05 1.485398649244830012e+05
1.761508047737762565e+06 -6.483818779434611788e+05 2.145087334763417603e+05 3.498627497184937238e+05 1.756649419560971728e+05 2.225803807106287859e+05 3.426537671188453678e+05 8.755908651026897132e+04 1.033170988644099416e+05 1.224967061223801458e+06 9.844013608407404972e+05 8.911995224002539180e+05 6.010221981809416320e+05 2.911925563342601527e+05 -2.853042561296427739e+05 3.070978801471442566e+05 1.103608832673615310e+06 4.598105825517888297e+05
7.326883935513371835e+05 4.933629996540340944e+05 2.398562270782802661e+05 1.718468919303383882e+04 1.227197673284696939e+05 2.647670678627667803e+04 1.648840636880746752e+05 7.075537232946691802e+04 9.576183132032967114e+04 1.506824438923010603e+06 9.200194748374650953e+05 8.735848759164575022e+05 -4.480209135352266603e+05 2.633164368684235378e+05 2.143757554802740342e+05 1.485398649244830012e+05 4.598105825517888297e+05 5.123583953678216785e+05
