# lambda=0.13803990263421886
3.172605634176600724e+07 3.332803443228190299e+06 3.576640101648130920e+06 1.573414300348209916e+06 1.106700955019929912e+06 1.135517712751627667e+06 1.118896884745778283e+06 -2.183220786074161879e+05 4.307086740460619330e+05 2.002793506660696119e+07 1.088750435004490614e+07 -3.287602397608618718e+06 5.510878747540905606e+05 5.566441413306774339e+05 2.984361264284139033e+06 4.830731864794883295e+05 -8.380277644560392946e+05 -8.980489494040863356e+05
3.332803443228190299e+06 8.282125099332194775e+06 2.055944144437340554e+06 3.272962164341600146e+05 6.251479879098408855e+05 3.480176308703427640e+04 4.558462022133967257e+05 9.085696301961608697e+04 4.089052797078067670e+04 6.903729563528241590e+06 5.659636756354070269e+06 -2.256110907414889080e+05 -3.754651597662020475e+06 -8.425335678110462613e+05 5.009990750453511137e+05 -1.345550700097023218e+05 -4.685737686123967869e+05 -4.688789844905896462e+05
3.576640101648130920e+06 2.055944144437340554e+06 5.496436941808596253e+06 9.909626510514735710e+05 7.964978392629309092e+05 6.381629962792336009e+05 6.935337783916640328e+05 8.102542067299566406e+04 9.830639097829739330e+04 -1.705850570046041626e+06 -2.427035514350649435e+06 2.982892673990971409e+06 8.083059074389109155e+05 -5.980845841274810955e+05 9.737736736653640401e+05 1.227220347543743555e+05 7.886832139065415831e+05 2.682531733716535964e+05
1.573414300348209916e+06 3.272962164341600146e+05 9.909626510514735710e+05 1.937015948177073151e+06 9.210876526022922189e+04 2.347319593933122815e+05 1.569913159928389359e+05 -2.470561297974357149e+04 4.925461196784384083e+04 -3.592412727093453985e+06 -2.851928356561791152e+05 -1.023418591845654417e+06 1.707535642775373999e+06 4.269559881756078685e+05 9.213932983360623475e+05 8.430199836176318058e+04 2.294603974222879042e+05 3.717878260404272623e+03
1.106700955019929912e+06 6.251479879098408855e+05 7.964978392629309092e+05 9.210876526022922189e+04 1.544604455817294074e+06 2.975110585914278636e+05 -2.247382094444690738e+05 4.590313844414862979e+04 1.130133243928107404e+05 -4.560690976635462604e+06 -1.470555945972759277e+06 -8.880705879524183692e+05 7.334025320339900209e+05 6.394829977324107895e+05 4.312020500845714123e+05 -2.188346801097918651e+05 4.235325746029536240e+05 -8.299945587078729295e+04
1.135517712751627667e+06 3.480176308703427640e+04 6.381629962792336009e+05 2.347319593933122815e+05 2.975110585914278636e+05 5.086750308612311492e+05 3.559593915524283511e+04 6.359025920655435766e+04 8.048345236996363383e+04 7.933021009340557503e+05 4.685356485739409109e+05 9.909935654183300212e+05 -3.457917187901184661e+04 -1.284229686246546044e+05 3.921270938613838516e+05 6.279110870668899588e+04 9.655655023029556105e+03 -1.929250206964574318e+04
1.118896884745778283e+06 4.558462022133967257e+05 6.935337783916640328e+05 1.569913159928389359e+05 -2.247382094444690738e+05 3.559593915524283511e+04 4.054989312742526527e+05 3.868293910277371469e+04 3.809225434097349353e+04 9.923094277671003947e+05 8.163814023072008276e+05 9.440591965023451485e+05 -1.027028604708259518e+05 -3.594018660709051765e+05 -1.450851733038256643e+05 1.035570742337875563e+05 -6.359444378614836751e+03 8.526734564519461128e+04
-2.183220786074161879e+05 9.085696301961608697e+04 8.102542067299566406e+04 -2.470561297974357149e+04 4.590313844414862979e+04 6.359025920655435766e+04 3.868293910277371469e+04 1.537778415484262223e+05 -9.675467269991891953e+03 -1.761037517702561338e+06 -5.361861380772258854e+05 -5.379497003124898765e+05 -3.539160682919851388e+05 -6.441281431821085425e+04 -9.801007984901549935e+04 6.124675361108166544e+04 4.572492806361992552e+04 7.507845506350508367e+04
4.307086740460619330e+05 4.089052797078067670e+04 9.830639097829739330e+04 4.925461196784384083e+04 1.130133243928107404e+05 8.048345236996363383e+04 3.809225434097349353e+04 -9.675467269991891953e+03 1.321204002710361674e+05 1.367485865678946720e+06 5.669962967388572724e+04 4.769544761821625289e+05 1.597715021989073139e+05 -1.743584410506836139e+04 1.316275732516947901e+05 6.555705061390044284e+04 -1.599688961800597281e+04 3.034251938528219762e+04
2.002793506660696119e+07 6.903729563528241590e+06 -1.705850570046041626e+06 -3.592412727093453985e+06 -4.560690976635462604e+06 7.933021009340557503e+05 9.923094277671003947e+05 -1.761037517702561338e+06 1.367485865678946720e+06 2.039616127836945653e+08 3.066841509403635934e+07 2.959375234895453230e+07 2.449392293706496712e+06 -4.694589605597813614e+06 1.134476052481161896e+06 1.303993388221385656e+06 -3.758550387629686389e+06 -2.991181368724508211e+06
1.088750435004490614e+07 5.659636756354070269e+06 -2.427035514350649435e+06 -2.851928356561791152e+05 -1.470555945972759277e+06 4.685356485739409109e+05 8.163814023072008276e+05 -5.361861380772258854e+05 5.669962967388572724e+04 3.066841509403635934e+07 5.925212159293448180e+07 1.168062486758472584e+07 -3.118942191031894647e+06 -1.032725776264293469e+06 2.592999976674469362e+05 2.484838769724555779e+06 -3.137632584539972711e+06 -5.293934864629574586e+05
-3.287602397608618718e+06 -2.256110907414889080e+05 2.982892673990971409e+06 -1.023418591845654417e+06 -8.880705879524183692e+05 9.909935654183300212e+05 9.440591965023451485e+05 -5.379497003124898765e+05 4.769544761821625289e+05 2.959375234895453230e+07 1.168062486758472584e+07 3.483523119825503975e+07 3.717545980158137158e+06 -1.957777523224667646e+06 1.931364219660026254e+06 2.171960057503859047e+06 3.257882254677509773e+05 6.451364656337730121e+05
5.510878747540905606e+05 -3.754651597662020475e+06 8.083059074389109155e+05 1.707535642775373999e+06 7.334025320339900209e+05 -3.457917187901184661e+04 -1.027028604708259518e+05 -3.539160682919851388e+05 1.597715021989073139e+05 2.449392293706496712e+06 -3.118942191031894647e+06 3.717545980158137158e+06 1.311667619315410778e+07 3.849987921146186069e+06 1.378752203874019673e+06 -4.693811482236303709e+04 1.552268151789413532e+06 1.210109915643223096e+06
5.566441413306774339e+05 -8.425335678110462613e+05 -5.980845841274810955e+05 4.269559881756078685e+05 6.394829977324107895e+05 -1.284229686246546044e+05 -3.594018660709051765e+05 -6.441281431821085425e+04 -1.743584410506836139e+04 -4.694589605597813614e+06 -1.032725776264293469e+06 -1.957777523224667646e+06 3.849987921146186069e+06 2.841705624969463795e+06 5.396729290738065029e+05 -3.148491397653612657e+05 2.337606397397648252e+05 2.326877551098690019e+05
2.984361264284139033e+06 5.009990750453511137e+05 9.737736736653640401e+05 9.213932983360623475e+05 4.312020500845714123e+05 3.921270938613838516e+05 -1.450851733038256643e+05 -9.801007984901549935e+04 1.316275732516947901e+05 1.134476052481161896e+06 2.592999976674469362e+05 1.931364219660026254e+06 1.378752203874019673e+06 5.396729290738065029e+05 1.722898389886687510e+06 2.321373761614880350e+05 8.544838526818962418e+04 -9.930825862712980597e+04
4.830731864794883295e+05 -1.345550700097023218e+05 1.227220347543743555e+05 8.430199836176318058e+04 -2.188346801097918651e+05 6.279110870668899588e+04 1.035570742337875563e+05 6.124675361108166544e+04 6.555705061390044284e+04 1.303993388221385656e+06 2.484838769724555779e+06 2.171960057503859047e+06 -4.693811482236303709e+04 -3.148491397653612657e+05 2.321373761614880350e+05 1.359399300426599337e+06 4.312073627220753697e+05 1.050443677066320379e+05
-8.380277644560392946e+05 -4.685737686123967869e+05 7.886832139065415831e+05 2.294603974222879042e+05 4.235325746029536240e+05 9.655655023029556105e+03 -6.359444378614836751e+03 4.572492806361992552e+04 -1.599688961800597281e+04 -3.758550387629686389e+06 -3.137632584539972711e+06 3.257882254677509773e+05 1.552268151789413532e+06 2.337606397397648252e+05 8.544838526818962418e+04 4.312073627220753697e+05 1.181270023421882186e+06 2.055754032499635068e+05
-8.980489494040863356e+05 -4.688789844905896462e+05 2.682531733716535964e+05 3.717878260404272623e+03 -8.299945587078729295e+04 -1.929250206964574318e+04 8.526734564519461128e+04 7.507845506350508367e+04 3.034251938528219762e+04 -2.991181368724508211e+06 -5.293934864629574586e+05 6.451364656337730121e+05 1.210109915643223096e+06 2.326877551098690019e+05 -9.930825862712980597e+04 1.050443677066320379e+05 2.055754032499635068e+05 5.299731431346710306e+05
