# lambda=0.14707283694834555
4.602583613681679219e+07 -5.804492670608740300e+06 5.260709042327794246e+06 3.020384303076576907e+06 1.824470653251985786e+06 3.664484643236558884e+06 5.530678485693365801e+05 -4.830737415467841493e+04 -8.413638636683789082e+04 -1.736925722714520991e+07 -1.764971875675435364e+07 9.990277999255334958e+06 5.562309862041166052e+06 -2.043195633287371602e+06 7.238720266568469815e+05 -7.875709077026997693e+05 7.530429212506531039e+05 4.880553067323629512e+05
-5.804492670608740300e+06 6.993732996402004734e+06 -1.549369682611720171e+06 5.376921054259312805e+05 5.617584269875370228e+04 3.797365100589217036e+04 4.178758125372307259e+05 -2.017890700715906496e+04 -3.938996598745963274e+04 -1.897188891915531829e+06 3.948058209090260789e+06 -2.216122937257314101e+06 -4.098049142566971132e+05 1.256197515797703993e+06 -9.275391690418076178e+04 1.294342339963200793e+05 -9.763290867523370252e+04 -5.807099973091540160e+05
5.260709042327794246e+06 -1.549369682611720171e+06 3.776491828979237005e+06 9.939683690519533120e+05 4.840256833766964264e+05 8.391677995218425058e+05 4.098707520959817339e+04 1.894072097025881812e+05 -2.536549425063616582e+04 -4.423637555892851204e+06 -3.163794251769782510e+06 4.767038528725161217e+06 3.574914167272876948e+06 1.593750914316320326e+06 6.713857955760011682e+05 5.179761318035503500e+05 4.047503686989105772e+05 8.105472989850596059e+05
3.020384303076576907e+06 5.376921054259312805e+05 9.939683690519533120e+05 1.985360572833501734e+06 3.674650216113349888e+05 1.712921357752482581e+05 -1.931318845357954269e+05 7.061451867915311595e+04 5.653434587209971505e+04 9.129305773667122703e+05 -2.290444391570568085e+06 2.406235084356347099e+06 2.190096903791097458e+06 7.308568831486178096e+05 -1.885802812580259342e+05 1.279171558604391757e+05 1.172278801795061590e+05 2.384946844751859317e+05
1.824470653251985786e+06 5.617584269875370228e+04 4.840256833766964264e+05 3.674650216113349888e+05 8.898595924760579364e+05 3.073886668028392014e+05 2.521985613176510014e+04 1.848070257837609679e+05 4.566669594729808159e+04 -2.417582126453761943e+06 -2.079703661875600810e+05 1.738434349074350903e+05 1.615280875991674606e+06 7.663607884350375971e+05 -1.714990178733830980e+05 8.322655790944623004e+04 3.695162414872170775e+05 1.050712142305197485e+05
3.664484643236558884e+06 3.797365100589217036e+04 8.391677995218425058e+05 1.712921357752482581e+05 3.073886668028392014e+05 8.987055576829526108e+05 2.255501679644149262e+05 7.917598285833721457e+04 7.068683846959508082e+04 -6.960881806565146893e+06 -2.803924460084759165e+06 5.835582898799574468e+05 3.240145778947027284e+05 -2.368359766474578064e+05 3.320718699612467317e+05 -6.873791475699948933e+03 2.274940825056190370e+05 5.397773321346625016e+04
5.530678485693365801e+05 4.178758125372307259e+05 4.098707520959817339e+04 -1.931318845357954269e+05 2.521985613176510014e+04 2.255501679644149262e+05 3.948634438865407137e+05 -2.299384607755899560e+04 1.620728704528171329e+04 -3.181408573983162642e+06 -5.213549782760840608e+05 -4.258803702703787130e+05 -2.894939126099232817e+05 1.659353524505321111e+05 -1.910149357707687304e+05 5.143076219508179929e+04 1.621763904674710357e+05 -1.291809798658691871e+05
-4.830737415467841493e+04 -2.017890700715906496e+04 1.894072097025881812e+05 7.061451867915311595e+04 1.848070257837609679e+05 7.917598285833721457e+04 -2.299384607755899560e+04 1.913272685638941184e+05 4.079954609000928031e+04 1.505985946589043597e+06 -2.962743089667456807e+05 -2.258897029032842256e+05 4.133100475789974007e+04 6.109654668404767290e+04 1.974873709791461297e+05 8.683783426385121129e+04 2.851100286790904283e+04 -2.874464978393920683e+04
-8.413638636683789082e+04 -3.938996598745963274e+04 -2.536549425063616582e+04 5.653434587209971505e+04 4.566669594729808159e+04 7.068683846959508082e+04 1.620728704528171329e+04 4.079954609000928031e+04 1.099394069968748518e+05 -7.367753012219632510e+05 -5.056105336289236438e+05 -2.580577523104364518e+05 -2.109081813307349221e+05 5.499702567830040789e+04 4.416748112094579119e+04 1.052723150656334910e+05 4.844026345900253364e+04 3.087210429792836658e+04
-1.736925722714520991e+07 -1.897188891915531829e+06 -4.423637555892851204e+06 9.129305773667122703e+05 -2.417582126453761943e+06 -6.960881806565146893e+06 -3.181408573983162642e+06 1.505985946589043597e+06 -7.367753012219632510e+05 2.135188694803284407e+08 1.647951535361848958e+07 1.421076398437280767e+07 -1.048195258079444245e+07 7.196817064388414146e+05 4.504956437696952373e+06 1.248407732102259994e+06 -6.417345317656146362e+06 -4.633531052495168522e+06
-1.764971875675435364e+07 3.948058209090260789e+06 -3.163794251769782510e+06 -2.290444391570568085e+06 -2.079703661875600810e+05 -2.803924460084759165e+06 -5.213549782760840608e+05 -2.962743089667456807e+05 -5.056105336289236438e+05 1.647951535361848958e+07 5.481192520753904432e+07 1.092453465338659706e+06 3.537595231266523246e+06 -8.376195157532475423e+05 2.736545432546049822e+06 1.522871130508719012e+06 -8.823666416476650629e+05 6.456163326756815659e+05
9.990277999255334958e+06 -2.216122937257314101e+06 4.767038528725161217e+06 2.406235084356347099e+06 1.738434349074350903e+05 5.835582898799574468e+05 -4.258803702703787130e+05 -2.258897029032842256e+05 -2.580577523104364518e+05 1.421076398437280767e+07 1.092453465338659706e+06 2.029995426496008784e+07 6.240186605812071823e+06 3.000609480549606029e+06 2.339021782681993674e+06 3.195401471590055153e+05 2.578133844183946785e+05 8.799608314911042107e+05
5.562309862041166052e+06 -4.098049142566971132e+05 3.574914167272876948e+06 2.190096903791097458e+06 1.615280875991674606e+06 3.240145778947027284e+05 -2.894939126099232817e+05 4.133100475789974007e+04 -2.109081813307349221e+05 -1.048195258079444245e+07 3.537595231266523246e+06 6.240186605812071823e+06 9.715528665564563125e+06 2.593120039059739560e+06 1.274185851260172640e+05 7.120528402424907545e+05 1.054487126464685658e+06 1.679309821798790013e+06
-2.043195633287371602e+06 1.256197515797703993e+06 1.593750914316320326e+06 7.308568831486178096e+05 7.663607884350375971e+05 -2.368359766474578064e+05 1.659353524505321111e+05 6.109654668404767290e+04 5.499702567830040789e+04 7.196817064388414146e+05 -8.376195157532475423e+05 3.000609480549606029e+06 2.593120039059739560e+06 4.805334296328459866e+06 -4.412636768350551720e+05 1.117507399192604003e+06 8.184256177448908566e+05 5.472765500847420190e+05
7.238720266568469815e+05 -9.275391690418076178e+04 6.713857955760011682e+05 -1.885802812580259342e+05 -1.714990178733830980e+05 3.320718699612467317e+05 -1.910149357707687304e+05 1.974873709791461297e+05 4.416748112094579119e+04 4.504956437696952373e+06 2.736545432546049822e+06 2.339021782681993674e+06 1.274185851260172640e+05 -4.412636768350551720e+05 2.309615950871817768e+06 7.415821937576235505e+05 -2.005027947149545362e+05 3.040087318976734532e+05
-7.875709077026997693e+05 1.294342339963200793e+05 5.179761318035503500e+05 1.279171558604391757e+05 8.322655790944623004e+04 -6.873791475699948933e+03 5.143076219508179929e+04 8.683783426385121129e+04 1.052723150656334910e+05 1.248407732102259994e+06 1.522871130508719012e+06 3.195401471590055153e+05 7.120528402424907545e+05 1.117507399192604003e+06 7.415821937576235505e+05 1.634482870594474487e+06 1.812477519716495881e+05 4.109235605940007954e+05
7.530429212506531039e+05 -9.763290867523370252e+04 4.047503686989105772e+05 1.172278801795061590e+05 3.695162414872170775e+05 2.274940825056190370e+05 1.621763904674710357e+05 2.851100286790904283e+04 4.844026345900253364e+04 -6.417345317656146362e+06 -8.823666416476650629e+05 2.578133844183946785e+05 1.054487126464685658e+06 8.184256177448908566e+05 -2.005027947149545362e+05 1.812477519716495881e+05 7.473846811626332346e+05 3.246997918650773354e+05
4.880553067323629512e+05 -5.807099973091540160e+05 8.105472989850596059e+05 2.384946844751859317e+05 1.050712142305197485e+05 5.397773321346625016e+04 -1.291809798658691871e+05 -2.874464978393920683e+04 3.087210429792836658e+04 -4.633531052495168522e+06 6.456163326756815659e+05 8.799608314911042107e+05 1.679309821798790013e+06 5.472765500847420190e+05 3.040087318976734532e+05 4.109235605940007954e+05 3.246997918650773354e+05 7.842620441915113479e+05
