# lambda=0.18746106329650186
2.288203493706940487e+07 -2.465897121234514285e+06 9.839063546787574887e+05 2.758095959683407098e+06 -1.391095757806411013e+06 3.182911685398429981e+05 5.341353625873454148e+05 -4.133601928712447407e+05 3.153469655013494194e+05 2.831529696478576399e+06 -6.291002768927456345e+05 -5.532573495870646089e+06 1.901288461975981481e+06 -2.234725173479034100e+06 1.924484545617351308e+06 -3.602119819179786136e+05 5.999220812910479726e+05 9.347967240154551109e+05
-2.465897121234514285e+06 1.478287015558516420e+07 1.151163638526209630e+06 -8.614217830045552691e+05 1.257623672932447866e+06 6.424267624596275855e+05 -5.784869515598942526e+05 1.112870702317522810e+05 8.583593516696539882e+04 6.562701407470978796e+06 1.309470005305845849e+07 3.115249463526469655e+06 -2.268559999500323553e+06 3.796073223704731790e+05 8.424922036049979506e+05 8.659455831388963270e+04 8.350568942924443400e+04 -7.535528361916623544e+05
9.839063546787574887e+05 1.151163638526209630e+06 4.693980423978899606e+06 1.703170338110525336e+05 2.062867412265927123e+05 6.723189504308286123e+05 1.215389047799658583e+05 2.216607853562369128e+05 1.931105133024536190e+05 7.226045386496644467e+06 7.648553182757618837e+06 2.073062447627203772e+06 -5.954308301247907366e+03 1.524079966686772241e+05 1.611413975777953397e+06 9.167945191597351804e+05 -1.551263721807146212e+05 -5.252462893078005873e+05
2.758095959683407098e+06 -8.614217830045552691e+05 1.703170338110525336e+05 1.343847776574051706e+06 3.725744120043776347e+05 1.835657114341807610e+05 1.904655120018042799e+05 -1.028253948127206531e+05 1.722005783217260614e+04 7.400000531444085063e+05 -3.063268725475287065e+06 -7.492433803162605036e+05 4.138699052049721940e+05 1.527223451337005245e+05 6.170394798366527539e+05 3.146134579067588784e+05 4.776379566651420901e+05 2.023946438405567314e+05
-1.391095757806411013e+06 1.257623672932447866e+06 2.062867412265927123e+05 3.725744120043776347e+05 1.474647944093674887e+06 1.892894260512004548e+05 1.171910453115068231e+05 -1.070669677003004035e+05 -1.681753520632747677e+04 1.234332974280460039e+06 -1.044821118283851305e+06 9.601074833501302637e+05 -4.862546989418222802e+05 1.196453200558830518e+06 2.946650673811704037e+05 9.285310667791654123e+05 2.432243807671578252e+05 -2.166010612732596346e+05
3.182911685398429981e+05 6.424267624596275855e+05 6.723189504308286123e+05 1.835657114341807610e+05 1.892894260512004548e+05 3.783003829838636448e+05 2.223311167839702193e+03 1.581709480225381776e+04 2.135324687193341742e+04 1.637554764946627431e+06 2.081381395808334695e+06 8.460433952867045300e+05 1.293176252588012285e+05 4.317202994463784853e+05 5.598455049388007028e+05 2.173770876115593128e+05 8.709394476820557611e+04 2.695398595487133662e+03
5.341353625873454148e+05 -5.784869515598942526e+05 1.215389047799658583e+05 1.904655120018042799e+05 1.171910453115068231e+05 2.223311167839702193e+03 1.884162318647471839e+05 -1.908521328347224699e+04 -1.554386412575605391e+04 1.404973546786136867e+05 -7.410324670834562276e+05 -9.231657779816098628e+04 9.301040256514619978e+04 -1.442698000167847786e+05 -6.352533128560389741e+04 2.998172618484148406e+05 2.442567320823438422e+04 -2.368981473910661953e+04
-4.133601928712447407e+05 1.112870702317522810e+05 2.216607853562369128e+05 -1.028253948127206531e+05 -1.070669677003004035e+05 1.581709480225381776e+04 -1.908521328347224699e+04 1.514037220321525238e+05 8.902940324878121828e+03 5.929367073817513883e+05 3.951741175153388176e+05 4.908192608346596826e+05 3.638510763384173042e+05 -1.009535755024951650e+05 -1.077553294056715240e+05 1.203710967190577503e+05 2.184539747466451081e+04 1.130161180528472760e+05
3.153469655013494194e+05 8.583593516696539882e+04 1.931105133024536190e+05 1.722005783217260614e+04 -1.681753520632747677e+04 2.135324687193341742e+04 -1.554386412575605391e+04 8.902940324878121828e+03 6.175584648449288943e+04 7.004432115505676484e+04 5.647422718816222623e+05 2.273872733223190880e+05 -2.646697240465424557e+02 7.206399362743072561e+04 6.104226597116499761e+04 -4.628185824830427009e+04 1.951079720218334842e+04 2.732739002211436673e+04
2.831529696478576399e+06 6.562701407470978796e+06 7.226045386496644467e+06 7.400000531444085063e+05 1.234332974280460039e+06 1.637554764946627431e+06 1.404973546786136867e+05 5.929367073817513883e+05 7.004432115505676484e+04 9.814918489217895269e+07 2.111125989538448676e+07 -1.137913237448089942e+07 -1.125638941204807162e+07 1.685356255531953881e+06 3.213632696970820893e+06 5.886931142797056586e+06 -1.657090326045245165e+06 1.734296728204072686e+06
-6.291002768927456345e+05 1.309470005305845849e+07 7.648553182757618837e+06 -3.063268725475287065e+06 -1.044821118283851305e+06 2.081381395808334695e+06 -7.410324670834562276e+05 3.951741175153388176e+05 5.647422718816222623e+05 2.111125989538448676e+07 7.065083184090273082e+07 5.171903012182478793e+06 -4.719975654812956229e+06 -2.473101753406911623e+06 5.280103281452171504e+05 -7.887774977611915674e+05 -7.240306307216321584e+05 -1.309285220476750983e+06
-5.532573495870646089e+06 3.115249463526469655e+06 2.073062447627203772e+06 -7.492433803162605036e+05 9.601074833501302637e+05 8.460433952867045300e+05 -9.231657779816098628e+04 4.908192608346596826e+05 2.273872733223190880e+05 -1.137913237448089942e+07 5.171903012182478793e+06 1.864539922475966811e+07 2.046745210298461374e+06 2.652536689344458748e+06 -1.115265824572742917e+06 5.353684990171371028e+05 5.154958120447415276e+05 -3.342949236741915229e+05
1.901288461975981481e+06 -2.268559999500323553e+06 -5.954308301247907366e+03 4.138699052049721940e+05 -4.862546989418222802e+05 1.293176252588012285e+05 9.301040256514619978e+04 3.638510763384173042e+05 -2.646697240465424557e+02 -1.125638941204807162e+07 -4.719975654812956229e+06 2.046745210298461374e+06 6.741362680576464161e+06 5.374237859861155739e+05 -2.054910700191427604e+05 6.161756941052806797e+05 1.063311726101108361e+06 8.620576387715224409e+05
-2.234725173479034100e+06 3.796073223704731790e+05 1.524079966686772241e+05 1.527223451337005245e+05 1.196453200558830518e+06 4.317202994463784853e+05 -1.442698000167847786e+05 -1.009535755024951650e+05 7.206399362743072561e+04 1.685356255531953881e+06 -2.473101753406911623e+06 2.652536689344458748e+06 5.374237859861155739e+05 3.859474163242652547e+06 1.332754927837393014e+06 8.007611090178381419e+05 5.902280732976808213e+05 3.937138672170495265e+05
1.924484545617351308e+06 8.424922036049979506e+05 1.611413975777953397e+06 6.170394798366527539e+05 2.946650673811704037e+05 5.598455049388007028e+05 -6.352533128560389741e+04 -1.077553294056715240e+05 6.104226597116499761e+04 3.213632696970820893e+06 5.280103281452171504e+05 -1.115265824572742917e+06 -2.054910700191427604e+05 1.332754927837393014e+06 2.968965490296649747e+06 2.585851929727848910e+05 3.561134113463682006e+05 1.134095504989451874e+05
-3.602119819179786136e+05 8.659455831388963270e+04 9.167945191597351804e+05 3.146134579067588784e+05 9.285310667791654123e+05 2.173770876115593128e+05 2.998172618484148406e+05 1.203710967190577503e+05 -4.628185824830427009e+04 5.886931142797056586e+06 -7.887774977611915674e+05 5.353684990171371028e+05 6.161756941052806797e+05 8.007611090178381419e+05 2.585851929727848910e+05 2.035704186876480235e+06 1.828525190163105144e+05 2.314264761955809663e+05
5.999220812910479726e+05 8.350568942924443400e+04 -1.551263721807146212e+05 4.776379566651420901e+05 2.432243807671578252e+05 8.709394476820557611e+04 2.442567320823438422e+04 2.184539747466451081e+04 1.951079720218334842e+04 -1.657090326045245165e+06 -7.240306307216321584e+05 5.154958120447415276e+05 1.063311726101108361e+06 5.902280732976808213e+05 3.561134113463682006e+05 1.828525190163105144e+05 8.737202984052497195e+05 3.564855794208369334e+05
9.347967240154551109e+05 -7.535528361916623544e+05 -5.252462893078005873e+05 2.023946438405567314e+05 -2.166010612732596346e+05 2.695398595487133662e+03 -2.368981473910661953e+04 1.130161180528472760e+05 2.732739002211436673e+04 1.734296728204072686e+06 -1.309285220476750983e+06 -3.342949236741915229e+05 8.620576387715224409e+05 3.937138672170495265e+05 1.134095504989451874e+05 2.314264761955809663e+05 3.564855794208369334e+05 7.304034361995278159e+05
