# lambda=0.16873724977545773
2.580673639003007114e+07 6.445108616577389650e+06 7.639473957229939988e+05 9.425106295935653616e+05 7.232825567341207352e+04 4.364209410607866594e+05 -7.012350714106172090e+05 2.524790866712268034e+05 -4.110721131229569437e+04 1.734587934188261628e+07 1.030694461730069481e+07 2.669722413440488279e+06 -5.227808469455914455e+05 2.010844986233071890e+06 -9.861563246800219640e+05 -1.641489887982702116e+06 1.617612450403079623e+06 1.261629376902028220e+06
6.445108616577389650e+06 1.945817518236757442e+07 4.443906766647265176e+05 -4.263734585407320410e+05 1.329558346043408383e+06 1.389946790069983108e+06 -3.409955850789463730e+05 2.038293401564336091e+05 -2.797686078269089339e+05 2.169913516351010650e+07 1.600578021077090502e+07 -2.073366887834060763e+05 1.016201441525199916e+06 1.156812557555971667e+06 1.718370437799482374e+06 -9.301621573263461469e+05 -8.236214929464843590e+05 -3.146777750358714256e+05
7.639473957229939988e+05 4.443906766647265176e+05 6.876048785708066076e+06 4.915351751381349168e+05 7.198137115850910777e+05 4.304171954874002404e+04 -2.811924570560849970e+05 1.578456585004923400e+05 1.171690188945157424e+05 1.777409561272133887e+07 -2.854550260812322609e+06 6.399964014912139392e+05 8.898346573219937272e+05 1.657309048162040766e+06 1.227262662319263211e+06 1.076028454618089600e+06 2.084473446725993417e+05 2.732157007650092710e+05
9.425106295935653616e+05 -4.263734585407320410e+05 4.915351751381349168e+05 9.530519940765772481e+05 1.473797464753486565e+05 4.270879369697076618e+05 -5.997018865683094191e+04 -1.636344864759839948e+04 8.865891636714874767e+04 9.659296865442967974e+05 7.634418815717505058e+05 -9.165735121010096045e+05 6.253765543097218033e+05 2.324920082800847886e+05 -1.009613129256265820e+05 1.343605379146892228e+05 3.956454123380483361e+05 2.018968670836862875e+05
7.232825567341207352e+04 1.329558346043408383e+06 7.198137115850910777e+05 1.473797464753486565e+05 8.349838080690567149e+05 9.314418165464501362e+04 -1.078786289788759168e+05 9.480558686720253900e+04 3.215977166948339072e+04 4.663588206040582620e+06 -4.205957047046972730e+04 9.526261209632129176e+05 -4.223593317673145793e+05 3.794760391096659005e+05 4.434321373352563241e+05 2.096103431234109157e+05 1.399312152397530153e+05 -2.509072103239364224e+05
4.364209410607866594e+05 1.389946790069983108e+06 4.304171954874002404e+04 4.270879369697076618e+05 9.314418165464501362e+04 8.561071745425689733e+05 -2.919738487184950282e+04 -1.357382340561878846e+04 5.358376951139467565e+03 2.905829039468233008e+06 3.165181220144513529e+06 -2.553690559521341696e+06 1.520280629938374041e+05 -1.972780023473485198e+05 2.755007963138917694e+05 -6.781979844115825836e+04 -1.403715344363380282e+05 3.295317706264255685e+04
-7.012350714106172090e+05 -3.409955850789463730e+05 -2.811924570560849970e+05 -5.997018865683094191e+04 -1.078786289788759168e+05 -2.919738487184950282e+04 2.525646718957082194e+05 1.793483013109215608e+04 3.386735884613711096e+04 -1.900943565322805662e+06 -1.747179385330600053e+04 -4.981252453473985661e+05 1.281418105768490495e+05 -2.610261750490826089e+05 -2.826965942935961648e+05 9.138035338648094330e+04 4.792653563712244068e+04 5.609851677820833174e+03
2.524790866712268034e+05 2.038293401564336091e+05 1.578456585004923400e+05 -1.636344864759839948e+04 9.480558686720253900e+04 -1.357382340561878846e+04 1.793483013109215608e+04 2.118693017546203919e+05 1.543246635948687799e+04 -3.423865536522562033e+05 5.582904155665733851e+05 4.835549973789891228e+05 -4.764465670841459068e+05 -1.050901273242032330e+05 -1.925413538023101501e+04 1.025745353441863990e+05 1.919383767497264198e+05 -3.785271420950441097e+04
-4.110721131229569437e+04 -2.797686078269089339e+05 1.171690188945157424e+05 8.865891636714874767e+04 3.215977166948339072e+04 5.358376951139467565e+03 3.386735884613711096e+04 1.543246635948687799e+04 8.762796358501868963e+04 6.228583438134934986e+05 -2.607810205596879823e+05 1.179985485087222478e+05 3.424817373109134496e+04 3.813907323977521446e+04 -2.175728172064085957e+05 1.509577225873868156e+05 1.285645462132329994e+05 6.746103776203904999e+04
1.734587934188261628e+07 2.169913516351010650e+07 1.777409561272133887e+07 9.659296865442967974e+05 4.663588206040582620e+06 2.905829039468233008e+06 -1.900943565322805662e+06 -3.423865536522562033e+05 6.228583438134934986e+05 1.447011308811046779e+08 1.076100037190252729e+07 -6.083275077125851996e+06 -2.204785795864538755e+06 8.153985427985318238e+05 4.677229298660877161e+06 2.499324086109392811e+06 7.738500609033992514e+05 3.855696281958788750e+05
1.030694461730069481e+07 1.600578021077090502e+07 -2.854550260812322609e+06 7.634418815717505058e+05 -4.205957047046972730e+04 3.165181220144513529e+06 -1.747179385330600053e+04 5.582904155665733851e+05 -2.607810205596879823e+05 1.076100037190252729e+07 5.224189774019833654e+07 -2.238155994944172446e+06 -4.411617594999518478e+05 -2.537837620758053381e+06 1.590855860266136937e+06 -4.971992364458756638e+05 -1.455738928532018326e+06 -1.061093397484379122e+06
2.669722413440488279e+06 -2.073366887834060763e+05 6.399964014912139392e+05 -9.165735121010096045e+05 9.526261209632129176e+05 -2.553690559521341696e+06 -4.981252453473985661e+05 4.835549973789891228e+05 1.179985485087222478e+05 -6.083275077125851996e+06 -2.238155994944172446e+06 2.458555340838775039e+07 -6.075842057835670421e+05 1.804709351291777799e+06 2.018395955832340696e+05 1.536347545536781894e+06 1.238001546582373325e+06 6.738651522845155559e+05
-5.227808469455914455e+05 1.016201441525199916e+06 8.898346573219937272e+05 6.253765543097218033e+05 -4.223593317673145793e+05 1.520280629938374041e+05 1.281418105768490495e+05 -4.764465670841459068e+05 3.424817373109134496e+04 -2.204785795864538755e+06 -4.411617594999518478e+05 -6.075842057835670421e+05 9.299371700542233884e+06 9.698376611797352089e+05 9.432990360795267625e+05 4.090040118411684525e+05 1.528004694146783731e+05 2.143429113003378152e+05
2.010844986233071890e+06 1.156812557555971667e+06 1.657309048162040766e+06 2.324920082800847886e+05 3.794760391096659005e+05 -1.972780023473485198e+05 -2.610261750490826089e+05 -1.050901273242032330e+05 3.813907323977521446e+04 8.153985427985318238e+05 -2.537837620758053381e+06 1.804709351291777799e+06 9.698376611797352089e+05 2.751535411776161753e+06 3.355237754831081256e+05 1.817766312655764923e+05 3.489450114772580564e+05 3.213216821854929440e+05
-9.861563246800219640e+05 1.718370437799482374e+06 1.227262662319263211e+06 -1.009613129256265820e+05 4.434321373352563241e+05 2.755007963138917694e+05 -2.826965942935961648e+05 -1.925413538023101501e+04 -2.175728172064085957e+05 4.677229298660877161e+06 1.590855860266136937e+06 2.018395955832340696e+05 9.432990360795267625e+05 3.355237754831081256e+05 2.261906372360240202e+06 6.278832037538101577e+04 -3.747176101237288094e+05 -3.173000901479574386e+05
-1.641489887982702116e+06 -9.301621573263461469e+05 1.076028454618089600e+06 1.343605379146892228e+05 2.096103431234109157e+05 -6.781979844115825836e+04 9.138035338648094330e+04 1.025745353441863990e+05 1.509577225873868156e+05 2.499324086109392811e+06 -4.971992364458756638e+05 1.536347545536781894e+06 4.090040118411684525e+05 1.817766312655764923e+05 6.278832037538101577e+04 1.108303799079780234e+06 5.488261470646201633e+05 -4.150988412429111486e+04
1.617612450403079623e+06 -8.236214929464843590e+05 2.084473446725993417e+05 3.956454123380483361e+05 1.399312152397530153e+05 -1.403715344363380282e+05 4.792653563712244068e+04 1.919383767497264198e+05 1.285645462132329994e+05 7.738500609033992514e+05 -1.455738928532018326e+06 1.238001546582373325e+06 1.528004694146783731e+05 3.489450114772580564e+05 -3.747176101237288094e+05 5.488261470646201633e+05 1.186949091321252054e+06 1.842919902964454086e+05
1.261629376902028220e+06 -3.146777750358714256e+05 2.732157007650092710e+05 2.018968670836862875e+05 -2.509072103239364224e+05 3.295317706264255685e+04 5.609851677820833174e+03 -3.785271420950441097e+04 6.746103776203904999e+04 3.855696281958788750e+05 -1.061093397484379122e+06 6.738651522845155559e+05 2.143429113003378152e+05 3.213216821854929440e+05 -3.173000901479574386e+05 -4.150988412429111486e+04 1.842919902964454086e+05 6.836636247673715698e+05
