# lambda=0.16257233957826103
6.422808716423325986e+07 1.318530412654247135e+07 1.484731358165133744e+06 1.608638022966305958e+06 -3.784080914989116136e+05 4.133567116050967015e+05 -8.484108103032090003e+04 -5.666180031864497578e+05 -6.442820030940372963e+05 -2.324062226699178666e+07 -2.585491551060215384e+07 -4.741256304151399527e+05 -1.000786560986422375e+07 -3.379422873948564287e+06 9.238799903930573491e+05 -2.903344495313908905e+06 -2.090143985812799307e+06 -1.371656866029550089e+06
1.318530412654247135e+07 1.444648294075044245e+07 4.874690223774448037e+06 1.473859621914281044e+06 9.788694709997190512e+04 1.876400596667275531e+05 -7.203554670261425781e+04 -4.138251895062733092e+05 -1.620292425276665599e+05 -2.906676956043979153e+06 9.597910729391485453e+06 2.397040490883835591e+06 -5.723232861806374975e+06 -1.972464893609927036e+06 1.068774389039166970e+06 -1.178596625719953096e+06 7.067706603450659895e+05 6.548303023685482331e+05
1.484731358165133744e+06 4.874690223774448037e+06 4.982623956813685596e+06 1.089223357831103727e+06 5.195212516673945356e+05 7.541565017237626307e+04 -1.176607918141052796e+05 -1.795027126682794187e+05 -1.029580818374121918e+04 -7.526784195267817006e+06 5.348845737428860739e+06 4.512605674258147366e+06 -1.927850921619305853e+06 -1.448522845729833236e+06 -7.436169279127381742e+05 -5.282530740408796119e+05 5.867129305213310545e+03 1.372497801963835664e+05
1.608638022966305958e+06 1.473859621914281044e+06 1.089223357831103727e+06 1.539380603366209660e+06 7.573778247165603098e+05 -8.016806659530816432e+03 -1.050354300356809654e+04 -6.573808486014654045e+04 2.644725030665900704e+04 -5.605118823173623532e+06 1.810944477186680771e+06 6.065504476453750394e+05 -1.029571047111340013e+05 6.299802936307564378e+05 7.318382984165764356e+04 -1.754016224456249038e+05 -2.072337209070848476e+05 -5.371740987157305062e+04
-3.784080914989116136e+05 9.788694709997190512e+04 5.195212516673945356e+05 7.573778247165603098e+05 1.346343936813986395e+06 -1.484667084554144240e+05 -4.286990710156389832e+04 3.326139086698884785e+04 -6.020811120261461474e+04 -3.971745591321077663e+05 2.400709377113665920e+06 -7.264241962125253631e+05 -7.059919727915597614e+05 1.503519266918952810e+06 3.675923330294869957e+05 -6.224491794353133446e+04 -1.616394041155003943e+05 -1.410258624709420837e+05
4.133567116050967015e+05 1.876400596667275531e+05 7.541565017237626307e+04 -8.016806659530816432e+03 -1.484667084554144240e+05 3.918475540274633095e+05 1.023115735341190302e+05 8.254087193556995771e+04 1.491767270480387015e+04 1.513816177829920780e+06 -1.278475283581338590e+06 -1.966044769620097650e+05 2.590509907128978230e+05 -1.836840442902309587e+05 6.426978256483592850e+04 -6.978718749196040153e+04 -3.393013681253894174e+04 -1.590108984505005355e+05
-8.484108103032090003e+04 -7.203554670261425781e+04 -1.176607918141052796e+05 -1.050354300356809654e+04 -4.286990710156389832e+04 1.023115735341190302e+05 1.168005691216255364e+05 5.959244814635670627e+04 2.727467305577901061e+04 -1.950238962473146094e+05 -2.596813325445876981e+05 -8.801134345846621727e+04 3.020669268322013158e+04 8.618864655402244534e+04 7.882214132806134876e+04 4.247210965588875115e+04 1.042925594227359834e+05 -3.160623226324375355e+04
-5.666180031864497578e+05 -4.138251895062733092e+05 -1.795027126682794187e+05 -6.573808486014654045e+04 3.326139086698884785e+04 8.254087193556995771e+04 5.959244814635670627e+04 1.410917636381459015e+05 6.839372503677019267e+04 -1.063879565333015285e+06 1.054772479695024522e+05 2.315579598799864470e+05 3.685649581936671166e+05 3.341502750459401432e+04 1.062555011457650544e+05 8.201784150038321968e+04 8.324872986506513553e+04 -3.233840271187538383e+04
-6.442820030940372963e+05 -1.620292425276665599e+05 -1.029580818374121918e+04 2.644725030665900704e+04 -6.020811120261461474e+04 1.491767270480387015e+04 2.727467305577901061e+04 6.839372503677019267e+04 9.324751656912102771e+04 -1.264790185000346042e+06 5.538482702189575648e+05 4.637987552120621549e+05 2.023275928669245623e+05 -1.216418913239365211e+05 8.582300687225487491e+04 6.395865955632743135e+04 4.196119700046570506e+04 9.176626036213833140e+04
-2.324062226699178666e+07 -2.906676956043979153e+06 -7.526784195267817006e+06 -5.605118823173623532e+06 -3.971745591321077663e+05 1.513816177829920780e+06 -1.950238962473146094e+05 -1.063879565333015285e+06 -1.264790185000346042e+06 1.935879062625071108e+08 1.387739471094791591e+07 -2.492415916158787534e+07 1.026904265428061990e+04 4.887412042677924968e+06 3.201909662534450181e+06 -2.083061553783756448e+06 3.762511610544649884e+05 1.304404961207492976e+06
-2.585491551060215384e+07 9.597910729391485453e+06 5.348845737428860739e+06 1.810944477186680771e+06 2.400709377113665920e+06 -1.278475283581338590e+06 -2.596813325445876981e+05 1.054772479695024522e+05 5.538482702189575648e+05 1.387739471094791591e+07 6.414431256211341172e+07 1.403951411857768521e+07 -2.262811701825208031e+06 2.811832327704109717e+06 6.872934649598818214e+04 2.685057898347353330e+05 3.883598901165740564e+06 3.337796464047413319e+06
-4.741256304151399527e+05 2.397040490883835591e+06 4.512605674258147366e+06 6.065504476453750394e+05 -7.264241962125253631e+05 -1.966044769620097650e+05 -8.801134345846621727e+04 2.315579598799864470e+05 4.637987552120621549e+05 -2.492415916158787534e+07 1.403951411857768521e+07 2.519990595728874579e+07 5.215669872586430982e+06 -2.995601423747475259e+06 -2.748005009108675644e+06 1.144505885244554229e+05 2.004556792953928816e+05 -6.232219403688755119e+04
-1.000786560986422375e+07 -5.723232861806374975e+06 -1.927850921619305853e+06 -1.029571047111340013e+05 -7.059919727915597614e+05 2.590509907128978230e+05 3.020669268322013158e+04 3.685649581936671166e+05 2.023275928669245623e+05 1.026904265428061990e+04 -2.262811701825208031e+06 5.215669872586430982e+06 1.068146309353971109e+07 4.706962839946808526e+05 -1.076028961375759915e+06 7.042382515385926235e+05 -2.134549144288644893e+05 -7.082476417986885644e+05
-3.379422873948564287e+06 -1.972464893609927036e+06 -1.448522845729833236e+06 6.299802936307564378e+05 1.503519266918952810e+06 -1.836840442902309587e+05 8.618864655402244534e+04 3.341502750459401432e+04 -1.216418913239365211e+05 4.887412042677924968e+06 2.811832327704109717e+06 -2.995601423747475259e+06 4.706962839946808526e+05 6.053355426948836073e+06 2.509383702881917357e+06 1.803451826837058761e+05 -2.910718930785186822e+05 -6.166097665131811664e+04
9.238799903930573491e+05 1.068774389039166970e+06 -7.436169279127381742e+05 7.318382984165764356e+04 3.675923330294869957e+05 6.426978256483592850e+04 7.882214132806134876e+04 1.062555011457650544e+05 8.582300687225487491e+04 3.201909662534450181e+06 6.872934649598818214e+04 -2.748005009108675644e+06 -1.076028961375759915e+06 2.509383702881917357e+06 2.858243194154397119e+06 1.574158773053980258e+05 -1.399152974772586895e+05 2.032013931430683879e+05
-2.903344495313908905e+06 -1.178596625719953096e+06 -5.282530740408796119e+05 -1.754016224456249038e+05 -6.224491794353133446e+04 -6.978718749196040153e+04 4.247210965588875115e+04 8.201784150038321968e+04 6.395865955632743135e+04 -2.083061553783756448e+06 2.685057898347353330e+05 1.144505885244554229e+05 7.042382515385926235e+05 1.803451826837058761e+05 1.574158773053980258e+05 7.291606380850096466e+05 3.759260045513236546e+05 4.732497111408378987e+04
-2.090143985812799307e+06 7.067706603450659895e+05 5.867129305213310545e+03 -2.072337209070848476e+05 -1.616394041155003943e+05 -3.393013681253894174e+04 1.042925594227359834e+05 8.324872986506513553e+04 4.196119700046570506e+04 3.762511610544649884e+05 3.883598901165740564e+06 2.004556792953928816e+05 -2.134549144288644893e+05 -2.910718930785186822e+05 -1.399152974772586895e+05 3.759260045513236546e+05 1.106281642233042745e+06 3.677422189416931942e+05
-1.371656866029550089e+06 6.548303023685482331e+05 1.372497801963835664e+05 -5.371740987157305062e+04 -1.410258624709420837e+05 -1.590108984505005355e+05 -3.160623226324375355e+04 -3.233840271187538383e+04 9.176626036213833140e+04 1.304404961207492976e+06 3.337796464047413319e+06 -6.232219403688755119e+04 -7.082476417986885644e+05 -6.166097665131811664e+04 2.032013931430683879e+05 4.732497111408378987e+04 3.677422189416931942e+05 5.828399244077670155e+05
