# lambda=0.13992662583926732
4.496567449141110480e+07 2.742249201129265595e+06 3.919374253674721695e+05 4.248366189513048157e+06 2.245803902002043091e+06 2.117263715246712964e+05 8.488778882093372522e+05 -5.292342898241803050e+05 6.535705634508080548e+05 1.146991491134719364e+07 -1.971569724209849164e+07 -8.212729770208961330e+06 3.933490715777430683e+06 -2.093236188605622156e+06 -2.811415746336000739e+05 -7.415366767416609218e+05 -2.158169362176185008e+06 -1.868291456883298233e+06
2.742249201129265595e+06 1.348865578137150593e+07 1.606434975968364626e+06 3.942011889999576379e+05 -1.612870367531989177e+05 -4.726985506183733378e+04 3.633199862207250408e+04 5.200661182286204712e+04 4.433789607254957082e+05 1.474602901165991649e+07 1.219518770846194401e+07 -3.980834893848023843e+06 9.915421457438884536e+05 6.626327011476014741e+05 -1.085520961428971495e+06 -8.806902082310012775e+05 1.525558000383310020e+06 2.082398454301773454e+05
3.919374253674721695e+05 1.606434975968364626e+06 6.398316741051419638e+06 -5.732618181144773262e+05 -1.032275545239813800e+05 1.961756979116030270e+05 -3.055879944508323097e+05 -1.047327057378818281e+05 4.869017698596768314e+05 1.150615967432018742e+07 5.773334157484536059e+06 8.158612500411118381e+06 4.684273665886347299e+05 -7.819171885598663939e+05 8.985688257701453986e+05 -6.973685982284741476e+05 2.035879242630162043e+05 1.159876505937443471e+04
4.248366189513048157e+06 3.942011889999576379e+05 -5.732618181144773262e+05 1.988303516847095219e+06 1.662168919528511178e+05 1.798917069416964368e+05 1.689754384156649467e+05 -1.006869605916756263e+05 4.887316776002306142e+04 -1.653284544853687752e+06 -1.201580148478209274e+06 -7.048105837229756871e+05 2.572670274308073334e+06 2.292135909732028958e+05 1.570734001028893726e+04 6.123200750836915104e+05 -1.251089084044673073e+05 -7.439876665318268351e+04
2.245803902002043091e+06 -1.612870367531989177e+05 -1.032275545239813800e+05 1.662168919528511178e+05 7.805491264452902833e+05 1.741018076073315460e+05 1.419570496195379528e+05 -8.437621999309757666e+04 6.040784071147178474e+04 -1.268514813761311350e+06 -1.871203130632714601e+06 -1.768176154582539823e+02 4.619013306510630646e+05 -1.621372386471967620e+05 -1.018982690084330970e+05 -3.581546347745902312e+04 -3.166041448598558782e+05 -1.042701892029409937e+05
2.117263715246712964e+05 -4.726985506183733378e+04 1.961756979116030270e+05 1.798917069416964368e+05 1.741018076073315460e+05 5.856831889938140521e+05 1.778697268981606758e+05 1.520417203644828442e+04 5.138043911023826513e+04 -2.550343650771262124e+06 -1.762764946752685122e+06 1.987392399840955622e+05 9.249255759091200307e+05 5.041253537221172592e+05 4.718490924545701127e+05 2.529781412277931231e+05 -2.866071245816427836e+04 6.158101135843209340e+04
8.488778882093372522e+05 3.633199862207250408e+04 -3.055879944508323097e+05 1.689754384156649467e+05 1.419570496195379528e+05 1.778697268981606758e+05 2.419661542053965968e+05 5.747572623522399954e+04 5.471170756068111223e+04 -1.551764501430477481e+06 -9.237062527182601625e+05 -8.609899109174500336e+04 4.572756728969106334e+05 1.931472512895370310e+05 1.854396818618996767e+05 7.705419601692847209e+04 -1.894523276537686252e+04 -5.743370324207008525e+04
-5.292342898241803050e+05 5.200661182286204712e+04 -1.047327057378818281e+05 -1.006869605916756263e+05 -8.437621999309757666e+04 1.520417203644828442e+04 5.747572623522399954e+04 1.361480145133775368e+05 1.590705609920468305e+04 -1.494510135141741950e+06 3.583926063494252739e+05 3.116301775116491481e+05 -4.840583813690025272e+04 1.389540976155173557e+05 -4.021662354822924681e+04 -1.504733940420682302e+04 1.546132751649950806e+05 2.639428865344441510e+04
6.535705634508080548e+05 4.433789607254957082e+05 4.869017698596768314e+05 4.887316776002306142e+04 6.040784071147178474e+04 5.138043911023826513e+04 5.471170756068111223e+04 1.590705609920468305e+04 1.442985934147373773e+05 3.143334634279263555e+05 7.239316003691684455e+05 1.131030657129874919e+06 3.738005618531814544e+05 -1.123699507446721836e+05 2.366857029260957206e+05 -2.804248959504977756e+04 7.723148548427550122e+04 1.238862721439094275e+04
1.146991491134719364e+07 1.474602901165991649e+07 1.150615967432018742e+07 -1.653284544853687752e+06 -1.268514813761311350e+06 -2.550343650771262124e+06 -1.551764501430477481e+06 -1.494510135141741950e+06 3.143334634279263555e+05 1.581567935487318933e+08 1.984131834722307697e+07 4.320373084474306554e+06 4.235018641035482869e+05 -5.179739912511846982e+06 1.127379868043196620e+06 -2.249067377110268921e+06 2.061908204415261513e+06 1.372885076672795229e+06
-1.971569724209849164e+07 1.219518770846194401e+07 5.773334157484536059e+06 -1.201580148478209274e+06 -1.871203130632714601e+06 -1.762764946752685122e+06 -9.237062527182601625e+05 3.583926063494252739e+05 7.239316003691684455e+05 1.984131834722307697e+07 8.281749143699330091e+07 9.868613363765599206e+06 -5.958395612519932911e+06 -4.978433177927971818e+06 -1.315714892580826534e+06 4.453939604449918843e+05 4.974784355379253626e+06 2.952955200461180415e+06
-8.212729770208961330e+06 -3.980834893848023843e+06 8.158612500411118381e+06 -7.048105837229756871e+05 -1.768176154582539823e+02 1.987392399840955622e+05 -8.609899109174500336e+04 3.116301775116491481e+05 1.131030657129874919e+06 4.320373084474306554e+06 9.868613363765599206e+06 3.177797506501843408e+07 3.433172110251635779e+06 -1.175555426921099192e+06 2.054434397440487752e+06 -1.531155183499437291e+06 4.303972026999365771e+05 2.108425785066357057e+05
3.933490715777430683e+06 9.915421457438884536e+05 4.684273665886347299e+05 2.572670274308073334e+06 4.619013306510630646e+05 9.249255759091200307e+05 4.572756728969106334e+05 -4.840583813690025272e+04 3.738005618531814544e+05 4.235018641035482869e+05 -5.958395612519932911e+06 3.433172110251635779e+06 1.300101709230973572e+07 8.440586065855991328e+05 1.733008910470907576e+06 1.522092635515696602e+06 3.892206873093927861e+05 1.006422152115095523e+06
-2.093236188605622156e+06 6.626327011476014741e+05 -7.819171885598663939e+05 2.292135909732028958e+05 -1.621372386471967620e+05 5.041253537221172592e+05 1.931472512895370310e+05 1.389540976155173557e+05 -1.123699507446721836e+05 -5.179739912511846982e+06 -4.978433177927971818e+06 -1.175555426921099192e+06 8.440586065855991328e+05 3.159984888419434428e+06 1.358996440678118379e+05 1.031874040076137499e+04 -7.857779648871169775e+04 -1.118929643588008475e+05
-2.811415746336000739e+05 -1.085520961428971495e+06 8.985688257701453986e+05 1.570734001028893726e+04 -1.018982690084330970e+05 4.718490924545701127e+05 1.854396818618996767e+05 -4.021662354822924681e+04 2.366857029260957206e+05 1.127379868043196620e+06 -1.315714892580826534e+06 2.054434397440487752e+06 1.733008910470907576e+06 1.358996440678118379e+05 2.150520175907857250e+06 7.798909306731496472e+05 -1.288469501866133942e+04 3.951504862128018867e+05
-7.415366767416609218e+05 -8.806902082310012775e+05 -6.973685982284741476e+05 6.123200750836915104e+05 -3.581546347745902312e+04 2.529781412277931231e+05 7.705419601692847209e+04 -1.504733940420682302e+04 -2.804248959504977756e+04 -2.249067377110268921e+06 4.453939604449918843e+05 -1.531155183499437291e+06 1.522092635515696602e+06 1.031874040076137499e+04 7.798909306731496472e+05 1.424393900720542297e+06 7.128648066705900419e+04 4.819665928656504257e+05
-2.158169362176185008e+06 1.525558000383310020e+06 2.035879242630162043e+05 -1.251089084044673073e+05 -3.166041448598558782e+05 -2.866071245816427836e+04 -1.894523276537686252e+04 1.546132751649950806e+05 7.723148548427550122e+04 2.061908204415261513e+06 4.974784355379253626e+06 4.303972026999365771e+05 3.892206873093927861e+05 -7.857779648871169775e+04 -1.288469501866133942e+04 7.128648066705900419e+04 1.169630500248045195e+06 3.645772600354995229e+05
-1.868291456883298233e+06 2.082398454301773454e+05 1.159876505937443471e+04 -7.439876665318268351e+04 -1.042701892029409937e+05 6.158101135843209340e+04 -5.743370324207008525e+04 2.639428865344441510e+04 1.238862721439094275e+04 1.372885076672795229e+06 2.952955200461180415e+06 2.108425785066357057e+05 1.006422152115095523e+06 -1.118929643588008475e+05 3.951504862128018867e+05 4.819665928656504257e+05 3.645772600354995229e+05 7.042070215127667179e+05
