# lambda=0.15634671931652538
3.786329567384542525e+07 8.163656060748152435e+06 4.896583327617778559e+05 2.376990832213176414e+06 -1.980540530291499163e+05 8.859042147237948375e+05 -9.947403658736080397e+05 1.061404000468204264e+06 1.287563577556581877e+05 -1.017635528267079405e+07 1.463048450942671672e+07 -1.215181088867797749e+06 6.698363070620350540e+06 2.034062031418627361e+06 1.755167010734020732e+05 7.473111492973180721e+05 1.649279094446642324e+06 9.281510682197909337e+05
8.163656060748152435e+06 1.607509677047864161e+07 2.637635175250649918e+06 2.480604942190199217e+05 -4.193271718466352468e+04 3.309001241076373844e+05 1.978124766065218719e+05 7.192155937497459818e+05 1.227108414896907925e+05 -4.667055172677741386e+06 8.519765527250582352e+06 3.566497813838660251e+06 1.550851253018327290e+06 -1.144909983074295742e+05 -1.262601871150429826e+06 -2.035784423782709564e+04 4.869317934146821499e+05 -1.117530797724789882e+05
4.896583327617778559e+05 2.637635175250649918e+06 5.199371169741086662e+06 1.739407542402592662e+04 -9.246173528207574273e+05 2.755036877690020483e+05 1.388244508243693272e+05 2.058022710933294147e+05 1.033966502402266779e+05 7.630725255608764477e+06 4.110615482146841940e+06 6.179051250476197340e+06 -1.540203354614747688e+06 -1.616418324266782962e+06 2.719798717552175513e+05 -2.238265133991506591e+05 1.666883941987516882e+05 2.988575317019437789e+05
2.376990832213176414e+06 2.480604942190199217e+05 1.739407542402592662e+04 1.451143751968451543e+06 5.168579397115440224e+05 -1.726578207057394320e+05 -5.144486595411058806e+04 1.453017801585540874e+05 2.079457548738153127e+04 6.907340728182926541e+05 1.938425643225055886e+06 2.481304536358067417e+05 1.156132258972448530e+06 8.808483602984178578e+05 -1.194228325415728381e+06 -3.571417820804304210e+04 4.160197748887578491e+05 3.207462153222789057e+05
-1.980540530291499163e+05 -4.193271718466352468e+04 -9.246173528207574273e+05 5.168579397115440224e+05 1.140371994408066152e+06 -1.732227993738141668e+05 1.618735624924992044e+04 1.472176678208938101e+05 1.250776330666337344e+04 -2.976488491549130995e+06 2.412843120136838697e+05 7.934994430411091307e+05 3.217300962351979688e+05 5.893063343694166979e+05 -8.184593795595122501e+05 -1.657894400793717941e+05 5.584996328775389702e+04 -5.047817934138370038e+04
8.859042147237948375e+05 3.309001241076373844e+05 2.755036877690020483e+05 -1.726578207057394320e+05 -1.732227993738141668e+05 4.742505754094596487e+05 2.152099582523028366e+05 9.437973732780075807e+04 2.394305584844384430e+04 5.537867578529936727e+05 -3.506864637610330246e+05 -2.990012330022012466e+05 -9.607525842635601293e+05 -3.349293196931983111e+05 5.395679683293094859e+05 -3.822160352466739823e+02 1.403815675628312965e+04 -4.791530158792301336e+03
-9.947403658736080397e+05 1.978124766065218719e+05 1.388244508243693272e+05 -5.144486595411058806e+04 1.618735624924992044e+04 2.152099582523028366e+05 4.991079788643898792e+05 4.372515190480815363e+04 -7.346539385146197674e+03 3.741923858543895767e+04 7.872374894313920522e+05 -8.334584301686106483e+04 -9.713749689148222096e+05 -1.126862048659538705e+05 3.038650676819483633e+05 8.508500269554235274e+04 1.956873662133683101e+05 5.152619322453749191e+04
1.061404000468204264e+06 7.192155937497459818e+05 2.058022710933294147e+05 1.453017801585540874e+05 1.472176678208938101e+05 9.437973732780075807e+04 4.372515190480815363e+04 2.538434118727515743e+05 2.725405111627975657e+03 -1.179643620362650603e+06 3.810283805859267595e+05 1.507237060277589480e+05 -7.315504476268375583e+04 -5.693491514964643284e+04 1.490407924927694257e+05 -3.885459794791916647e+04 1.581570249778757861e+05 2.250375850654210808e+04
1.287563577556581877e+05 1.227108414896907925e+05 1.033966502402266779e+05 2.079457548738153127e+04 1.250776330666337344e+04 2.394305584844384430e+04 -7.346539385146197674e+03 2.725405111627975657e+03 6.071143577404107782e+04 -3.773272728768736124e+05 2.964051817675998318e+05 3.315540325616811606e+04 -2.696609396426473395e+05 -3.226019874448906048e+05 3.075011506907276271e+04 3.456339973556080804e+04 -2.504517277562794698e+04 3.306181737809804326e+04
-1.017635528267079405e+07 -4.667055172677741386e+06 7.630725255608764477e+06 6.907340728182926541e+05 -2.976488491549130995e+06 5.537867578529936727e+05 3.741923858543895767e+04 -1.179643620362650603e+06 -3.773272728768736124e+05 1.144123384057031423e+08 -3.061910720896969363e+07 -5.439820505822299048e+06 6.560495785611649044e+05 -2.403197158574991394e+06 -2.515865901620668825e+06 1.608372457567156060e+06 4.003228210768672288e+05 1.652789966390139889e+06
1.463048450942671672e+07 8.519765527250582352e+06 4.110615482146841940e+06 1.938425643225055886e+06 2.412843120136838697e+05 -3.506864637610330246e+05 7.872374894313920522e+05 3.810283805859267595e+05 2.964051817675998318e+05 -3.061910720896969363e+07 4.731280445369921625e+07 6.995643889957563952e+06 -1.461483392630223883e+06 2.826990145239088684e+06 1.717935087091456444e+04 -1.755648346214195248e+06 2.148084229622246698e+06 1.190426439150778344e+06
-1.215181088867797749e+06 3.566497813838660251e+06 6.179051250476197340e+06 2.481304536358067417e+05 7.934994430411091307e+05 -2.990012330022012466e+05 -8.334584301686106483e+04 1.507237060277589480e+05 3.315540325616811606e+04 -5.439820505822299048e+06 6.995643889957563952e+06 3.119466651436832175e+07 -1.730067236960910726e+06 7.316658995935376734e+05 -1.283511671854457119e+06 -8.896264915149086155e+05 6.470992694677944528e+05 4.388336982923193136e+05
6.698363070620350540e+06 1.550851253018327290e+06 -1.540203354614747688e+06 1.156132258972448530e+06 3.217300962351979688e+05 -9.607525842635601293e+05 -9.713749689148222096e+05 -7.315504476268375583e+04 -2.696609396426473395e+05 6.560495785611649044e+05 -1.461483392630223883e+06 -1.730067236960910726e+06 1.126779546444835700e+07 3.141461902505503502e+06 -3.040881367414725944e+06 -4.719159640727212536e+05 1.266217185825598193e+06 2.772025699611564633e+05
2.034062031418627361e+06 -1.144909983074295742e+05 -1.616418324266782962e+06 8.808483602984178578e+05 5.893063343694166979e+05 -3.349293196931983111e+05 -1.126862048659538705e+05 -5.693491514964643284e+04 -3.226019874448906048e+05 -2.403197158574991394e+06 2.826990145239088684e+06 7.316658995935376734e+05 3.141461902505503502e+06 4.770888830064424314e+06 -1.599925052262844518e+06 -1.057926562117953319e+06 7.328455403120773844e+05 1.621743106038703118e+05
1.755167010734020732e+05 -1.262601871150429826e+06 2.719798717552175513e+05 -1.194228325415728381e+06 -8.184593795595122501e+05 5.395679683293094859e+05 3.038650676819483633e+05 1.490407924927694257e+05 3.075011506907276271e+04 -2.515865901620668825e+06 1.717935087091456444e+04 -1.283511671854457119e+06 -3.040881367414725944e+06 -1.599925052262844518e+06 3.061032151992383879e+06 1.829313110603850218e+05 -2.153227796611281810e+05 2.986844169021766447e+03
7.473111492973180721e+05 -2.035784423782709564e+04 -2.238265133991506591e+05 -3.571417820804304210e+04 -1.657894400793717941e+05 -3.822160352466739823e+02 8.508500269554235274e+04 -3.885459794791916647e+04 3.456339973556080804e+04 1.608372457567156060e+06 -1.755648346214195248e+06 -8.896264915149086155e+05 -4.719159640727212536e+05 -1.057926562117953319e+06 1.829313110603850218e+05 1.454524677614381071e+06 -1.094564734425636561e+05 -1.018798911804935924e+05
1.649279094446642324e+06 4.869317934146821499e+05 1.666883941987516882e+05 4.160197748887578491e+05 5.584996328775389702e+04 1.403815675628312965e+04 1.956873662133683101e+05 1.581570249778757861e+05 -2.504517277562794698e+04 4.003228210768672288e+05 2.148084229622246698e+06 6.470992694677944528e+05 1.266217185825598193e+06 7.328455403120773844e+05 -2.153227796611281810e+05 -1.094564734425636561e+05 9.903039736795005156e+05 3.718405152304682415e+05
9.281510682197909337e+05 -1.117530797724789882e+05 2.988575317019437789e+05 3.207462153222789057e+05 -5.047817934138370038e+04 -4.791530158792301336e+03 5.152619322453749191e+04 2.250375850654210808e+04 3.306181737809804326e+04 1.652789966390139889e+06 1.190426439150778344e+06 4.388336982923193136e+05 2.772025699611564633e+05 1.621743106038703118e+05 2.986844169021766447e+03 -1.018798911804935924e+05 3.718405152304682415e+05 4.907128706656959839e+05
