# lambda=0.17136299108609884
4.586077136565072089e+07 8.415260541424162686e+06 2.162132267380668316e+06 1.232509851367108058e+06 7.560736366543858312e+05 6.309674908431302902e+04 -1.135116856706380931e+05 -6.441941662480974337e+05 -2.008426122158053840e+04 8.354745355378699489e+06 8.832905991836031899e+06 -1.467179662030105479e+06 8.919120521418087883e+05 4.456762819069474936e+06 7.438627264024537290e+05 2.274633844138705637e+06 4.321710039246545057e+05 2.541485632724281459e+05
8.415260541424162686e+06 1.962118239304127172e+07 1.584499459602772724e+06 1.167243549031647854e+06 -5.377000846000917954e+05 -1.248307108470266685e+06 1.664359158989395364e+05 1.017469873192142550e+05 1.656781263601775572e+05 -7.369522832947241142e+06 2.338861929286909848e+07 -3.352552362698002253e+06 1.453203138327615452e+05 5.118782806831927039e+06 1.111093426314083394e+06 -1.397201584809521912e+06 -1.359550362136563985e+06 6.598254142518771114e+05
2.162132267380668316e+06 1.584499459602772724e+06 4.948551663444164209e+06 8.974780158304827055e+05 5.319160575669931713e+05 -3.191027524386311998e+05 2.619284348771327350e+05 2.231325005937923852e+05 2.069255705413694668e+05 7.352083811986521818e+06 -3.956989168608374428e+06 1.126258930216003442e+06 -1.695066479450493352e+06 3.856177177461756510e+05 -3.126230951598417232e+04 -3.247078811728112632e+05 -7.622115409941957332e+05 4.168006653988402104e+04
1.232509851367108058e+06 1.167243549031647854e+06 8.974780158304827055e+05 2.080193707755625714e+06 3.874530950098668691e+05 1.162151273693470284e+04 4.925063241757640208e+04 -7.182672573297675990e+04 -4.337990054960631824e+04 6.008472525745271705e+06 1.531728840032732114e+06 1.723829640147428960e+06 1.615412723937445320e+06 1.392064087293740828e+06 3.761265050915672327e+05 -4.063060802290253923e+04 -3.856131006778831361e+05 -8.500270302386110416e+04
7.560736366543858312e+05 -5.377000846000917954e+05 5.319160575669931713e+05 3.874530950098668691e+05 7.952848170796484919e+05 7.459837630816397723e+04 5.615624291417667700e+04 4.302791155570034607e+04 8.625557092957042914e+04 3.804832250480064540e+05 -2.227514580197417643e+06 -8.082488166805760702e+05 7.589880078201706056e+05 6.062759506083411397e+05 -3.624236078574805288e+05 3.845745294158303750e+03 2.308440963322502794e+05 1.058430681999038934e+05
6.309674908431302902e+04 -1.248307108470266685e+06 -3.191027524386311998e+05 1.162151273693470284e+04 7.459837630816397723e+04 5.361088733092434704e+05 9.104268002180851909e+03 2.350332604779280246e+03 -5.957327673400119966e+04 1.898644839992480585e+06 -1.359356169276566943e+06 1.165319993649253622e+06 6.123287689607732464e+05 1.017654606501859816e+05 4.380657305325599737e+05 1.781258686839463771e+05 2.478635316719872353e+05 1.595191916594923896e+04
-1.135116856706380931e+05 1.664359158989395364e+05 2.619284348771327350e+05 4.925063241757640208e+04 5.615624291417667700e+04 9.104268002180851909e+03 2.666658002315047197e+05 1.143405351930551114e+04 4.982373020557401469e+04 3.599959823606354650e+06 -7.722046274727439741e+05 8.644304604922469298e+04 4.405746293541481718e+05 3.007630581310668495e+05 -9.694462203623976166e+03 5.192207379103741550e+04 -1.159951883263218042e+05 9.424303327837090183e+04
-6.441941662480974337e+05 1.017469873192142550e+05 2.231325005937923852e+05 -7.182672573297675990e+04 4.302791155570034607e+04 2.350332604779280246e+03 1.143405351930551114e+04 1.258604496019000799e+05 -7.200925723451959129e+03 4.904468083834685385e+05 -3.882283917620162829e+05 -4.865174859183829976e+05 -5.110820902106149588e+05 7.623320227905368665e+04 7.454096383320473251e+04 -4.607503336786836007e+04 -4.752178832520256401e+04 -1.548029255957393252e+04
-2.008426122158053840e+04 1.656781263601775572e+05 2.069255705413694668e+05 -4.337990054960631824e+04 8.625557092957042914e+04 -5.957327673400119966e+04 4.982373020557401469e+04 -7.200925723451959129e+03 1.197482090926556411e+05 -1.044287609364449047e+06 -1.133057507995657856e+06 -5.883345862844348885e+05 -1.091844734205230925e+05 -9.009090107637313486e+04 -3.780031396585402545e+05 -1.572721949275173829e+05 3.333668568283675268e+04 1.761509947964274324e+05
8.354745355378699489e+06 -7.369522832947241142e+06 7.352083811986521818e+06 6.008472525745271705e+06 3.804832250480064540e+05 1.898644839992480585e+06 3.599959823606354650e+06 4.904468083834685385e+05 -1.044287609364449047e+06 1.525542465991403759e+08 -2.345411590064371005e+06 2.255468791870072111e+07 4.007540344741668086e+06 6.678961652654205449e+06 8.371794269992666319e+06 7.223481125733681023e+06 -1.842403864241524599e+06 -9.421628454830829287e+05
8.832905991836031899e+06 2.338861929286909848e+07 -3.956989168608374428e+06 1.531728840032732114e+06 -2.227514580197417643e+06 -1.359356169276566943e+06 -7.722046274727439741e+05 -3.882283917620162829e+05 -1.133057507995657856e+06 -2.345411590064371005e+06 1.019833246321012527e+08 1.509589371619142964e+07 7.526991457783629186e+06 7.752525652681783773e+06 8.283913595958645456e+06 5.934799467504993081e+05 -3.507524591786762699e+06 1.290667019875316648e+06
-1.467179662030105479e+06 -3.352552362698002253e+06 1.126258930216003442e+06 1.723829640147428960e+06 -8.082488166805760702e+05 1.165319993649253622e+06 8.644304604922469298e+04 -4.865174859183829976e+05 -5.883345862844348885e+05 2.255468791870072111e+07 1.509589371619142964e+07 1.995706277024601772e+07 4.040166759666364640e+06 3.323897120791631460e+04 4.256300501451693475e+06 1.324007823200149927e+06 -1.668385699733786751e+06 4.803472746176001965e+04
8.919120521418087883e+05 1.453203138327615452e+05 -1.695066479450493352e+06 1.615412723937445320e+06 7.589880078201706056e+05 6.123287689607732464e+05 4.405746293541481718e+05 -5.110820902106149588e+05 -1.091844734205230925e+05 4.007540344741668086e+06 7.526991457783629186e+06 4.040166759666364640e+06 1.050222170813822560e+07 3.070064755727295298e+06 8.203511157683446072e+05 1.113941694435450248e+06 3.625909836982283159e+05 5.448018567708109040e+05
4.456762819069474936e+06 5.118782806831927039e+06 3.856177177461756510e+05 1.392064087293740828e+06 6.062759506083411397e+05 1.017654606501859816e+05 3.007630581310668495e+05 7.623320227905368665e+04 -9.009090107637313486e+04 6.678961652654205449e+06 7.752525652681783773e+06 3.323897120791631460e+04 3.070064755727295298e+06 4.879070610514805652e+06 1.183887169818057213e+06 7.545289271255717613e+05 -3.406461766874122550e+05 5.374137300895652734e+05
7.438627264024537290e+05 1.111093426314083394e+06 -3.126230951598417232e+04 3.761265050915672327e+05 -3.624236078574805288e+05 4.380657305325599737e+05 -9.694462203623976166e+03 7.454096383320473251e+04 -3.780031396585402545e+05 8.371794269992666319e+06 8.283913595958645456e+06 4.256300501451693475e+06 8.203511157683446072e+05 1.183887169818057213e+06 2.705761923046639655e+06 5.595972660595965572e+05 -5.398471102333137533e+05 -2.925284156819210039e+05
2.274633844138705637e+06 -1.397201584809521912e+06 -3.247078811728112632e+05 -4.063060802290253923e+04 3.845745294158303750e+03 1.781258686839463771e+05 5.192207379103741550e+04 -4.607503336786836007e+04 -1.572721949275173829e+05 7.223481125733681023e+06 5.934799467504993081e+05 1.324007823200149927e+06 1.113941694435450248e+06 7.545289271255717613e+05 5.595972660595965572e+05 1.488063860641907668e+06 1.635837257037944510e+05 2.263360574595194703e+04
4.321710039246545057e+05 -1.359550362136563985e+06 -7.622115409941957332e+05 -3.856131006778831361e+05 2.308440963322502794e+05 2.478635316719872353e+05 -1.159951883263218042e+05 -4.752178832520256401e+04 3.333668568283675268e+04 -1.842403864241524599e+06 -3.507524591786762699e+06 -1.668385699733786751e+06 3.625909836982283159e+05 -3.406461766874122550e+05 -5.398471102333137533e+05 1.635837257037944510e+05 1.112958692880188813e+06 4.719733126740851731e+04
2.541485632724281459e+05 6.598254142518771114e+05 4.168006653988402104e+04 -8.500270302386110416e+04 1.058430681999038934e+05 1.595191916594923896e+04 9.424303327837090183e+04 -1.548029255957393252e+04 1.761509947964274324e+05 -9.421628454830829287e+05 1.290667019875316648e+06 4.803472746176001965e+04 5.448018567708109040e+05 5.374137300895652734e+05 -2.925284156819210039e+05 2.263360574595194703e+04 4.719733126740851731e+04 6.180516028442302486e+05
