# lambda=0.14675989807706824
5.018020685614582896e+07 7.124392554324674420e+06 4.312930764292565291e+05 -8.133864721430705395e+05 1.703130795035891060e+05 -1.845818998519955901e+06 -2.964391222619590699e+05 -3.883559057443171041e+05 -1.026894588085904106e+05 5.185935351970318705e+07 9.481211070855777711e+06 7.813718204703314230e+06 3.887270609261898790e+06 2.792238504478134681e+06 1.794418392898516264e+06 -1.562339757785126800e+06 -4.701999058459302178e+05 6.492023088721277891e+05
7.124392554324674420e+06 1.049516201862179860e+07 3.429250909185334458e+05 -1.549217597774739625e+04 1.076933000444022240e+06 3.014288400074157398e+05 5.959535552660227986e+05 2.085401466402241786e+05 -4.801254644914446544e+04 1.324338614275714383e+07 3.979969316734572873e+06 2.132718139142022410e+05 3.182863460035450291e+06 1.689961014941453468e+06 -8.043708343288321048e+05 -1.346530965645587072e+06 5.529384552597162547e+05 -2.675323171163100051e+05
4.312930764292565291e+05 3.429250909185334458e+05 2.260239628741103690e+06 3.172482210602416308e+05 4.564070988651719381e+04 2.145711658072973369e+05 6.827965606241974456e+04 7.129748622541622899e+04 -1.035318381117883400e+05 -3.330573180440331809e+06 5.019052074221147341e+05 3.993972588839272968e+06 1.323207172331724782e+06 -2.978586535976310843e+05 9.499671167704307009e+05 -1.135279344920776930e+05 -1.070673627745260892e+05 -8.205527509029812063e+04
-8.133864721430705395e+05 -1.549217597774739625e+04 3.172482210602416308e+05 1.615497652080919128e+06 3.908994707613656647e+05 1.947824826568568460e+04 1.639892812540486048e+05 1.646693380603734695e+05 1.153802138043551386e+05 -2.925374860830646008e+06 -5.757713627264185343e+05 8.069904578175029019e+05 1.387603945760210627e+05 -9.426926764493730152e+05 7.316607788196750917e+05 2.454791838463954919e+05 -2.205894869527064729e+05 -2.053477802849423097e+04
1.703130795035891060e+05 1.076933000444022240e+06 4.564070988651719381e+04 3.908994707613656647e+05 7.709827381761024008e+05 7.647842099486863299e+04 1.791131415370667528e+05 9.200694803961874277e+04 9.381122060931249871e+04 -1.925795873432276770e+06 5.946838094654714223e+05 6.376230293461582623e+05 5.377338142086406006e+05 7.036152985154182534e+04 2.959404849868995952e+05 -3.529921045316524687e+05 -1.287907928183488984e+05 -2.296270050982329703e+05
-1.845818998519955901e+06 3.014288400074157398e+05 2.145711658072973369e+05 1.947824826568568460e+04 7.647842099486863299e+04 4.968262338651631726e+05 1.071687124603615812e+05 7.951770948611784843e+04 1.275640554948395729e+05 -3.210132685834222473e+06 7.965619265094547882e+04 6.120585691990033956e+05 5.816212877264851704e+05 -5.202578775727751781e+05 1.096421566494478757e+05 2.528264766459380044e+05 -8.208278844837573706e+04 2.177082348539713712e+04
-2.964391222619590699e+05 5.959535552660227986e+05 6.827965606241974456e+04 1.639892812540486048e+05 1.791131415370667528e+05 1.071687124603615812e+05 2.318651707953402365e+05 3.647554343467924627e+04 4.326235754032029945e+04 1.357625375490180915e+06 -8.838623666020052042e+04 7.436816868672384589e+04 2.356097919246758102e+05 -1.460004453731195827e+05 1.980932496996515547e+05 7.538886570162906719e+04 4.384553545573981683e+04 5.811446726269552528e+03
-3.883559057443171041e+05 2.085401466402241786e+05 7.129748622541622899e+04 1.646693380603734695e+05 9.200694803961874277e+04 7.951770948611784843e+04 3.647554343467924627e+04 8.523913999290579522e+04 3.643689543416490051e+04 -6.678619932952567469e+05 -3.211527168172473321e+05 1.731460520799384685e+05 2.188513177631153958e+05 -4.607487521438361000e+04 1.337336790881655470e+05 1.009106378689983394e+05 1.072957950893368798e+04 1.481058264292120384e+03
-1.026894588085904106e+05 -4.801254644914446544e+04 -1.035318381117883400e+05 1.153802138043551386e+05 9.381122060931249871e+04 1.275640554948395729e+05 4.326235754032029945e+04 3.643689543416490051e+04 1.757187991208502499e+05 -2.223208290149264212e+05 4.090262244997630478e+05 5.434691970563979121e+05 1.165339499305780919e+05 -3.292501715898886323e+05 2.140254609583855781e+05 1.900181305750998727e+05 -1.078783864609108859e+05 8.502630960300525476e+04
5.185935351970318705e+07 1.324338614275714383e+07 -3.330573180440331809e+06 -2.925374860830646008e+06 -1.925795873432276770e+06 -3.210132685834222473e+06 1.357625375490180915e+06 -6.678619932952567469e+05 -2.223208290149264212e+05 1.958892696894398034e+08 -1.065847329248453490e+07 -7.623268932753435336e+06 5.639704964433418587e+06 9.595923811895882711e+06 7.735800640571389347e+06 9.070759733858412364e+05 -6.325349958368531661e+05 1.018716180424566846e+06
9.481211070855777711e+06 3.979969316734572873e+06 5.019052074221147341e+05 -5.757713627264185343e+05 5.946838094654714223e+05 7.965619265094547882e+04 -8.838623666020052042e+04 -3.211527168172473321e+05 4.090262244997630478e+05 -1.065847329248453490e+07 6.248539810012850910e+07 2.518351009555070847e+07 7.015389959692061879e+06 3.981212241947353818e+06 -3.894970173682281747e+05 -2.824957234405413270e+06 4.139284575161728426e+05 2.560097742311105132e+06
7.813718204703314230e+06 2.132718139142022410e+05 3.993972588839272968e+06 8.069904578175029019e+05 6.376230293461582623e+05 6.120585691990033956e+05 7.436816868672384589e+04 1.731460520799384685e+05 5.434691970563979121e+05 -7.623268932753435336e+06 2.518351009555070847e+07 2.682443244888362661e+07 5.259475738512932323e+06 -5.071129541425938951e+05 3.567787742447771132e+06 5.952652867929429049e+05 -1.880233179363283271e+05 1.134839614885174669e+06
3.887270609261898790e+06 3.182863460035450291e+06 1.323207172331724782e+06 1.387603945760210627e+05 5.377338142086406006e+05 5.816212877264851704e+05 2.356097919246758102e+05 2.188513177631153958e+05 1.165339499305780919e+05 5.639704964433418587e+06 7.015389959692061879e+06 5.259475738512932323e+06 6.889650705030748621e+06 1.118617674003961962e+06 2.572249202788213268e+06 1.966786177145465044e+05 -9.627549101146332760e+03 3.053979264374367194e+05
2.792238504478134681e+06 1.689961014941453468e+06 -2.978586535976310843e+05 -9.426926764493730152e+05 7.036152985154182534e+04 -5.202578775727751781e+05 -1.460004453731195827e+05 -4.607487521438361000e+04 -3.292501715898886323e+05 9.595923811895882711e+06 3.981212241947353818e+06 -5.071129541425938951e+05 1.118617674003961962e+06 4.338401354179708287e+06 -9.587663490929864929e+04 -1.098073901588030858e+06 2.821838151184568997e+05 5.448788777573063271e+04
1.794418392898516264e+06 -8.043708343288321048e+05 9.499671167704307009e+05 7.316607788196750917e+05 2.959404849868995952e+05 1.096421566494478757e+05 1.980932496996515547e+05 1.337336790881655470e+05 2.140254609583855781e+05 7.735800640571389347e+06 -3.894970173682281747e+05 3.567787742447771132e+06 2.572249202788213268e+06 -9.587663490929864929e+04 3.171875026547539514e+06 8.364435065643140115e+05 -2.620342342100435926e+05 5.748523338650252845e+04
-1.562339757785126800e+06 -1.346530965645587072e+06 -1.135279344920776930e+05 2.454791838463954919e+05 -3.529921045316524687e+05 2.528264766459380044e+05 7.538886570162906719e+04 1.009106378689983394e+05 1.900181305750998727e+05 9.070759733858412364e+05 -2.824957234405413270e+06 5.952652867929429049e+05 1.966786177145465044e+05 -1.098073901588030858e+06 8.364435065643140115e+05 1.863921040506004356e+06 5.618398581784121234e+03 1.888423247376210566e+04
-4.701999058459302178e+05 5.529384552597162547e+05 -1.070673627745260892e+05 -2.205894869527064729e+05 -1.287907928183488984e+05 -8.208278844837573706e+04 4.384553545573981683e+04 1.072957950893368798e+04 -1.078783864609108859e+05 -6.325349958368531661e+05 4.139284575161728426e+05 -1.880233179363283271e+05 -9.627549101146332760e+03 2.821838151184568997e+05 -2.620342342100435926e+05 5.618398581784121234e+03 6.784093902433571639e+05 6.974971453455422306e+04
6.492023088721277891e+05 -2.675323171163100051e+05 -8.205527509029812063e+04 -2.053477802849423097e+04 -2.296270050982329703e+05 2.177082348539713712e+04 5.811446726269552528e+03 1.481058264292120384e+03 8.502630960300525476e+04 1.018716180424566846e+06 2.560097742311105132e+06 1.134839614885174669e+06 3.053979264374367194e+05 5.448788777573063271e+04 5.748523338650252845e+04 1.888423247376210566e+04 6.974971453455422306e+04 6.036330307210377650e+05
