# lambda=0.09948941749140511
5.240677985241643339e+07 8.726909567016195506e+06 -2.105049179370325059e+06 -2.198364797123366501e+06 -5.916526097556314198e+03 9.485627509283676045e+05 9.566113843576258514e+05 4.677165601678567473e+05 3.615270831648458843e+05 5.361245407970249653e+06 -2.784457713480446488e+06 -5.324626271755686961e+06 7.084272065330417827e+05 1.086565426338691497e+06 1.528463850036557764e+06 3.739878590389795136e+05 2.453038598451625148e+05 -4.902110024953692337e+05
8.726909567016195506e+06 1.862427421376990154e+07 1.255098635920969304e+06 -6.383627482626400888e+05 1.380935500379248115e+05 6.773646404977446655e+05 -2.260518800054302264e+05 -1.069679261155620479e+05 1.788558435466274095e+05 -5.823980859706543386e+06 2.431960232814064715e+06 5.485071320686781779e+06 1.190934553119192133e+06 2.030396676460836024e+05 -1.992743388095434755e+06 -1.859678714310366893e+06 -1.069882195554701146e+06 2.666098721324144281e+05
-2.105049179370325059e+06 1.255098635920969304e+06 3.682045098930695560e+06 -3.770492214514137013e+05 4.656685504239095026e+05 -1.027545397180187138e+05 2.343635312725519179e+05 1.171765071613028122e+05 -2.371137660799328660e+04 1.746844301690732595e+06 3.834656345439459197e+06 2.794199352653333917e+06 -5.279306903616493801e+05 -8.349960714463823242e+05 -4.403927992393427121e+04 -4.193426273967677262e+05 -2.892749427318875096e+05 -3.118601784937183256e+05
-2.198364797123366501e+06 -6.383627482626400888e+05 -3.770492214514137013e+05 2.413234120554814581e+06 2.942029991906079231e+05 2.636864337400911609e+05 -2.224595135607358534e+05 -1.529265338165837456e+05 4.204098958198614127e+04 -6.813033592873453163e+06 2.512632816401916556e+06 9.370000032259734580e+05 7.271306671713846736e+05 1.365511051908772672e+06 8.014449797517780680e+05 -1.837553252943530388e+05 1.813210086943643109e+05 2.781015554116392159e+05
-5.916526097556314198e+03 1.380935500379248115e+05 4.656685504239095026e+05 2.942029991906079231e+05 4.238796262341982219e+05 -1.074968274839911319e+05 2.311174479323638661e+04 5.985096614090561343e+04 -8.791344872597746871e+03 8.132426142558526772e+04 1.060798552177104866e+06 2.169644773391375784e+05 3.812895235398493824e+05 2.884069947271537967e+05 -3.020804339257624088e+04 -2.979223823002240388e+05 1.279138746468195604e+05 -7.012121589711624256e+04
9.485627509283676045e+05 6.773646404977446655e+05 -1.027545397180187138e+05 2.636864337400911609e+05 -1.074968274839911319e+05 4.838956312284881133e+05 -4.809038697816053173e+04 -3.941863159542502399e+04 -4.440020925435602112e+04 -3.711623482307789382e+06 -6.220590662313407520e+05 -3.894679012690976961e+05 -3.169925426357377437e+05 5.956983405167231103e+05 3.252679694850284723e+05 5.896836513150671817e+04 6.744686773501301650e+04 6.224967261073470581e+04
9.566113843576258514e+05 -2.260518800054302264e+05 2.343635312725519179e+05 -2.224595135607358534e+05 2.311174479323638661e+04 -4.809038697816053173e+04 2.968245752969032619e+05 7.456231123975441733e+04 3.891198577657242276e+04 3.162634708376695868e+06 -6.143788092696963577e+05 -3.522793803483092343e+05 -3.973020239563600626e+05 -3.138822707778636832e+05 1.853564877631690761e+05 1.108971294864489173e+05 -6.079066518682028254e+04 7.595860133318537919e+03
4.677165601678567473e+05 -1.069679261155620479e+05 1.171765071613028122e+05 -1.529265338165837456e+05 5.985096614090561343e+04 -3.941863159542502399e+04 7.456231123975441733e+04 1.244864457550612278e+05 9.800522694207244058e+03 1.774019842760327272e+06 2.762198962288550101e+05 -1.409647566265640780e+05 -2.945337740682975855e+05 5.580745558940429328e+04 -1.622589527690798241e+04 -6.645705697136306844e+04 -7.566087432164100755e+04 -1.447835274616393726e+05
3.615270831648458843e+05 1.788558435466274095e+05 -2.371137660799328660e+04 4.204098958198614127e+04 -8.791344872597746871e+03 -4.440020925435602112e+04 3.891198577657242276e+04 9.800522694207244058e+03 7.840120507063971309e+04 9.957140660824028309e+05 -5.932029285342460207e+04 1.253140918345443060e+05 7.316233657249831595e+04 -2.062889174056525808e+05 2.203145890749109822e+04 -2.494144556499676128e+03 2.687171431848085376e+03 -3.145833202935579538e+04
5.361245407970249653e+06 -5.823980859706543386e+06 1.746844301690732595e+06 -6.813033592873453163e+06 8.132426142558526772e+04 -3.711623482307789382e+06 3.162634708376695868e+06 1.774019842760327272e+06 9.957140660824028309e+05 4.115487259065088630e+08 3.649378393426500261e+07 5.086538885531282984e+06 -6.246478561747730710e+05 -1.133276027942954004e+07 -4.219610591824266128e+06 3.515646258149598725e+06 -5.527541076595112681e+06 -2.095460851484698709e+06
-2.784457713480446488e+06 2.431960232814064715e+06 3.834656345439459197e+06 2.512632816401916556e+06 1.060798552177104866e+06 -6.220590662313407520e+05 -6.143788092696963577e+05 2.762198962288550101e+05 -5.932029285342460207e+04 3.649378393426500261e+07 5.064107006279548258e+07 8.241390045970845968e+06 6.726628158865168691e+06 -2.606907400691505522e+06 -3.539164152845242992e+06 -9.852567646927654278e+05 -2.492351959844567347e+06 -6.550784620784712024e+05
-5.324626271755686961e+06 5.485071320686781779e+06 2.794199352653333917e+06 9.370000032259734580e+05 2.169644773391375784e+05 -3.894679012690976961e+05 -3.522793803483092343e+05 -1.409647566265640780e+05 1.253140918345443060e+05 5.086538885531282984e+06 8.241390045970845968e+06 1.605398527630632557e+07 1.892158719014857896e+06 -2.629424865653114393e+06 -9.631575899612229550e+05 -3.004712745434072800e+06 -1.234077978323313175e+06 -1.077988802983180358e+05
7.084272065330417827e+05 1.190934553119192133e+06 -5.279306903616493801e+05 7.271306671713846736e+05 3.812895235398493824e+05 -3.169925426357377437e+05 -3.973020239563600626e+05 -2.945337740682975855e+05 7.316233657249831595e+04 -6.246478561747730710e+05 6.726628158865168691e+06 1.892158719014857896e+06 9.259410622543044388e+06 -3.757538167164455517e+05 -1.700883517437670380e+06 -1.576219768320170464e+06 9.185915567950916011e+04 8.943387402215952170e+04
1.086565426338691497e+06 2.030396676460836024e+05 -8.349960714463823242e+05 1.365511051908772672e+06 2.884069947271537967e+05 5.956983405167231103e+05 -3.138822707778636832e+05 5.580745558940429328e+04 -2.062889174056525808e+05 -1.133276027942954004e+07 -2.606907400691505522e+06 -2.629424865653114393e+06 -3.757538167164455517e+05 4.515073459427872673e+06 1.095321835419771494e+06 1.975439494157157023e+05 7.321312694434790174e+05 3.417989517204904696e+05
1.528463850036557764e+06 -1.992743388095434755e+06 -4.403927992393427121e+04 8.014449797517780680e+05 -3.020804339257624088e+04 3.252679694850284723e+05 1.853564877631690761e+05 -1.622589527690798241e+04 2.203145890749109822e+04 -4.219610591824266128e+06 -3.539164152845242992e+06 -9.631575899612229550e+05 -1.700883517437670380e+06 1.095321835419771494e+06 2.662802007304879371e+06 8.690402242608980741e+05 4.661807656024144380e+05 1.414934955965804147e+04
3.739878590389795136e+05 -1.859678714310366893e+06 -4.193426273967677262e+05 -1.837553252943530388e+05 -2.979223823002240388e+05 5.896836513150671817e+04 1.108971294864489173e+05 -6.645705697136306844e+04 -2.494144556499676128e+03 3.515646258149598725e+06 -9.852567646927654278e+05 -3.004712745434072800e+06 -1.576219768320170464e+06 1.975439494157157023e+05 8.690402242608980741e+05 1.866785844877171563e+06 1.804537299040254147e+05 1.096676800951479236e+05
2.453038598451625148e+05 -1.069882195554701146e+06 -2.892749427318875096e+05 1.813210086943643109e+05 1.279138746468195604e+05 6.744686773501301650e+04 -6.079066518682028254e+04 -7.566087432164100755e+04 2.687171431848085376e+03 -5.527541076595112681e+06 -2.492351959844567347e+06 -1.234077978323313175e+06 9.185915567950916011e+04 7.321312694434790174e+05 4.661807656024144380e+05 1.804537299040254147e+05 8.703888309474081034e+05 1.990182921204317536e+05
-4.902110024953692337e+05 2.666098721324144281e+05 -3.118601784937183256e+05 2.781015554116392159e+05 -7.012121589711624256e+04 6.224967261073470581e+04 7.595860133318537919e+03 -1.447835274616393726e+05 -3.145833202935579538e+04 -2.095460851484698709e+06 -6.550784620784712024e+05 -1.077988802983180358e+05 8.943387402215952170e+04 3.417989517204904696e+05 1.414934955965804147e+04 1.096676800951479236e+05 1.990182921204317536e+05 5.371585596954695648e+05
