# lambda=0.12297730500714035
4.626104069098623842e+07 8.552740470392232761e+06 -2.344974673829041421e+06 1.391381880213014781e+06 -3.560391959570433246e+05 8.656954415779837873e+05 -7.497464331266416702e+05 -3.970663774631505366e+05 1.016684779515961854e+05 4.517442975658509880e+07 1.733493431973565370e+07 5.810564944467535242e+06 2.229944045824466739e+06 8.924539028195686638e+06 -1.059982830603585113e+06 -3.054409153087621089e+05 4.878839761357185780e+05 6.365932287291517714e+05
8.552740470392232761e+06 1.878736694486797228e+07 2.731107162637795322e+06 2.818097323544123210e+05 4.598787722707280773e+05 1.509788571232982446e+06 2.428669495623594266e+05 1.339927828755460214e+05 2.762022888345751562e+05 2.325600931198808178e+07 2.857727870409236103e+07 4.384686138835440390e+06 1.431006095315896906e+06 3.503954024428064469e+06 1.150209169459427940e+06 -7.507497855541963363e+05 3.117515345211552340e+05 -6.961385792857042979e+05
-2.344974673829041421e+06 2.731107162637795322e+06 4.247326659390348941e+06 9.016994194990901742e+05 2.776277734780487372e+05 1.505473136091216875e+05 3.226325793903298108e+04 3.092495861636777990e+05 3.960337458583209664e+05 -8.717190685085836798e+06 2.515882005234989803e+06 4.322087432577136904e+06 2.659041742796648294e+06 -3.738922524618358148e+04 1.123997951752854977e+06 -2.278910153805759546e+04 1.796987173783263133e+05 3.468402645381105831e+05
1.391381880213014781e+06 2.818097323544123210e+05 9.016994194990901742e+05 2.395218942210658919e+06 2.892794250715320231e+05 3.432383122226489359e+05 -2.098153680973722203e+03 3.664949386592025985e+05 3.938958428785061114e+05 -1.453489300484024920e+06 1.355709631430139765e+06 1.869915267922844039e+06 1.598159684278530534e+06 4.322363358312867931e+05 2.241840432043695182e+05 6.474570778555719153e+04 -5.503044357942537172e+05 9.696512109513288306e+04
-3.560391959570433246e+05 4.598787722707280773e+05 2.776277734780487372e+05 2.892794250715320231e+05 5.396000714979575714e+05 1.476254859818505647e+05 3.696289439612242859e+04 1.029759207483507635e+05 1.313124506845838914e+05 1.841777137451611226e+06 1.995898221583509352e+06 1.630854953156076372e+05 5.899927301066108048e+05 3.356732959636635496e+04 5.517670977393098292e+04 -9.716533489974692930e+04 3.275992205273266882e+04 1.895651105350184371e+05
8.656954415779837873e+05 1.509788571232982446e+06 1.505473136091216875e+05 3.432383122226489359e+05 1.476254859818505647e+05 5.164351505309822387e+05 1.124492804653951025e+05 8.799275079977633141e+04 1.185527893342890893e+05 1.207728962660928490e+06 6.745053369182486786e+05 3.524986768077790039e+05 1.078829707726914901e+06 1.220858070648270805e+05 1.135955910632753221e+05 9.280970176882750820e+04 3.413735442973185127e+04 4.523618708060828794e+04
-7.497464331266416702e+05 2.428669495623594266e+05 3.226325793903298108e+04 -2.098153680973722203e+03 3.696289439612242859e+04 1.124492804653951025e+05 2.822596250732174958e+05 5.475510932523683732e+04 -2.073393767960250443e+03 -1.805528101115473837e+05 -7.149053671776540577e+05 -2.207274608205287659e+05 -1.019647321309170547e+04 -7.135168618504230108e+04 2.449406397074665583e+05 5.268477575043274555e+05 4.955044017892838019e+04 4.287909664343702752e+04
-3.970663774631505366e+05 1.339927828755460214e+05 3.092495861636777990e+05 3.664949386592025985e+05 1.029759207483507635e+05 8.799275079977633141e+04 5.475510932523683732e+04 1.264526470366600988e+05 6.676779422983989934e+04 -1.939630970487036044e+06 -1.801528253047383332e+05 4.480824714577326813e+04 2.895790361111980164e+05 -1.586904766541537538e+05 1.915487315742327191e+05 1.178847493407643051e+05 -6.152380859007097752e+04 9.814470241998884012e+04
1.016684779515961854e+05 2.762022888345751562e+05 3.960337458583209664e+05 3.938958428785061114e+05 1.313124506845838914e+05 1.185527893342890893e+05 -2.073393767960250443e+03 6.676779422983989934e+04 1.619975831628117594e+05 2.963843144736731847e+04 8.571747800384453731e+05 8.759069199238773435e+05 5.818560643862885190e+05 6.230842341299946565e+04 9.702125873473487445e+04 3.109003087510997648e+04 -7.013426241805285099e+04 1.188565964428527659e+05
4.517442975658509880e+07 2.325600931198808178e+07 -8.717190685085836798e+06 -1.453489300484024920e+06 1.841777137451611226e+06 1.207728962660928490e+06 -1.805528101115473837e+05 -1.939630970487036044e+06 2.963843144736731847e+04 2.627166963061724305e+08 9.898732714289046824e+07 1.579481904803429544e+07 -1.091049433890392072e+07 1.879247952470206842e+07 -7.650548461581713520e+06 5.461831353682246991e+06 -4.139890544778018011e+02 -3.062779676767293131e+05
1.733493431973565370e+07 2.857727870409236103e+07 2.515882005234989803e+06 1.355709631430139765e+06 1.995898221583509352e+06 6.745053369182486786e+05 -7.149053671776540577e+05 -1.801528253047383332e+05 8.571747800384453731e+05 9.898732714289046824e+07 9.063217777343325317e+07 1.070477548302337900e+07 -6.533650422076888382e+06 8.754834899743484333e+06 -3.494604663360053382e+04 -2.028342188810638909e+05 -1.036917698157889885e+06 -1.706369074694679119e+06
5.810564944467535242e+06 4.384686138835440390e+06 4.322087432577136904e+06 1.869915267922844039e+06 1.630854953156076372e+05 3.524986768077790039e+05 -2.207274608205287659e+05 4.480824714577326813e+04 8.759069199238773435e+05 1.579481904803429544e+07 1.070477548302337900e+07 1.861912396174579859e+07 5.755811434296302497e+06 4.240314232473883778e+06 1.037763494537276682e+06 9.711863127588696079e+04 4.513622816469913232e+05 1.155648486206856789e+06
2.229944045824466739e+06 1.431006095315896906e+06 2.659041742796648294e+06 1.598159684278530534e+06 5.899927301066108048e+05 1.078829707726914901e+06 -1.019647321309170547e+04 2.895790361111980164e+05 5.818560643862885190e+05 -1.091049433890392072e+07 -6.533650422076888382e+06 5.755811434296302497e+06 9.982401698857009411e+06 2.071211257028745720e+06 2.462866453576384229e+05 -1.564427165506117046e+06 -6.506052219013642753e+04 5.978897029156009667e+05
8.924539028195686638e+06 3.503954024428064469e+06 -3.738922524618358148e+04 4.322363358312867931e+05 3.356732959636635496e+04 1.220858070648270805e+05 -7.135168618504230108e+04 -1.586904766541537538e+05 6.230842341299946565e+04 1.879247952470206842e+07 8.754834899743484333e+06 4.240314232473883778e+06 2.071211257028745720e+06 4.520501056065594777e+06 -2.443158880308124935e+05 -4.591369144722372585e+04 4.150435334715610952e+04 -1.336757884930389810e+04
-1.059982830603585113e+06 1.150209169459427940e+06 1.123997951752854977e+06 2.241840432043695182e+05 5.517670977393098292e+04 1.135955910632753221e+05 2.449406397074665583e+05 1.915487315742327191e+05 9.702125873473487445e+04 -7.650548461581713520e+06 -3.494604663360053382e+04 1.037763494537276682e+06 2.462866453576384229e+05 -2.443158880308124935e+05 1.073667082564178389e+06 4.113877480044378317e+05 9.219828192391931952e+04 3.137098413269006414e+05
-3.054409153087621089e+05 -7.507497855541963363e+05 -2.278910153805759546e+04 6.474570778555719153e+04 -9.716533489974692930e+04 9.280970176882750820e+04 5.268477575043274555e+05 1.178847493407643051e+05 3.109003087510997648e+04 5.461831353682246991e+06 -2.028342188810638909e+05 9.711863127588696079e+04 -1.564427165506117046e+06 -4.591369144722372585e+04 4.113877480044378317e+05 3.224167719537960831e+06 5.155336469480836531e+05 4.953520325709966710e+05
4.878839761357185780e+05 3.117515345211552340e+05 1.796987173783263133e+05 -5.503044357942537172e+05 3.275992205273266882e+04 3.413735442973185127e+04 4.955044017892838019e+04 -6.152380859007097752e+04 -7.013426241805285099e+04 -4.139890544778018011e+02 -1.036917698157889885e+06 4.513622816469913232e+05 -6.506052219013642753e+04 4.150435334715610952e+04 9.219828192391931952e+04 5.155336469480836531e+05 6.938293306800705614e+05 2.195452683510459319e+05
6.365932287291517714e+05 -6.961385792857042979e+05 3.468402645381105831e+05 9.696512109513288306e+04 1.895651105350184371e+05 4.523618708060828794e+04 4.287909664343702752e+04 9.814470241998884012e+04 1.188565964428527659e+05 -3.062779676767293131e+05 -1.706369074694679119e+06 1.155648486206856789e+06 5.978897029156009667e+05 -1.336757884930389810e+04 3.137098413269006414e+05 4.953520325709966710e+05 2.195452683510459319e+05 8.174003858773098327e+05
