# lambda=0.1397643427535944
8.567609175359305739e+07 3.280737490020746831e+06 7.436445627206024947e+05 -2.257161853441173211e+06 1.202688339006739901e+06 -6.903688551508141682e+05 1.635727764478087192e+06 9.874416530619676923e+05 3.583985838914152555e+04 1.414233230733644962e+07 1.818353617207860202e+07 1.034421100003075413e+07 -3.864654864947440103e+06 6.883541864429209381e+06 1.014759875554059981e+06 2.820367063265754841e+06 3.292248034915762953e+06 2.445380367416083347e+06
3.280737490020746831e+06 1.230480619206765853e+07 4.030626350793430116e+06 -6.835274456055808114e+05 -6.695284647169145755e+05 9.549368267433384899e+05 -9.816327267149527324e+04 7.910683265317816404e+04 2.089213827878467418e+04 1.417239712691301666e+07 1.226537387596897222e+07 1.065644499617923051e+07 -1.231391367368134903e+06 -1.549002698838023003e+06 1.428555733905351954e+06 9.536114923854741501e+05 9.207499143551170127e+05 9.102177941681897501e+05
7.436445627206024947e+05 4.030626350793430116e+06 4.261318039205072448e+06 -8.182664922457173234e+05 1.683910206104514946e+05 1.398942808510781033e+05 -2.362014154980238818e+05 -4.209330533930859383e+04 -1.228125625582335779e+05 7.859177933974712156e+06 1.101529923404833302e+06 3.496955857181724161e+06 -1.558564709682669956e+06 -1.535472268499264959e+06 1.880999261006241722e+05 1.255464996953248192e+05 5.055687106332906988e+05 3.608541880037077935e+05
-2.257161853441173211e+06 -6.835274456055808114e+05 -8.182664922457173234e+05 1.704655650383593747e+06 -4.911526955621460729e+03 2.092743956137502391e+04 -6.284417579517957347e+04 -2.447089705044508446e+05 -1.994122451052536417e+04 -6.214146208425635705e+05 -2.745283094776312355e+05 1.548343619152869331e+06 1.692533429450312397e+06 1.158855729471117666e+05 -2.503717507716859109e+05 -2.650734576839943838e+04 -5.056642564131572144e+05 -1.995259661624649307e+05
1.202688339006739901e+06 -6.695284647169145755e+05 1.683910206104514946e+05 -4.911526955621460729e+03 8.501242226545043522e+05 -2.178469397765457979e+05 -5.777052845454050112e+04 3.856629682485496596e+04 -7.009149167010207020e+04 3.805826878594554728e+05 1.177337072168581421e+06 1.129829968947102083e+06 -1.288934987463570869e+05 4.314297964345020591e+04 -2.855782029618752858e+04 -1.280805796476707656e+04 -1.498510395965806383e+05 -2.174601001710349810e+05
-6.903688551508141682e+05 9.549368267433384899e+05 1.398942808510781033e+05 2.092743956137502391e+04 -2.178469397765457979e+05 5.740464097056038445e+05 5.195218627103343169e+04 -1.005959931349954859e+05 1.506799479017914200e+04 8.288123851351375924e+05 3.138011565443975851e+05 3.271245761904310202e+05 -5.156557064676451846e+05 -1.524114131807675585e+05 1.342809621499424102e+05 -7.772910145499480132e+04 1.214397700867278618e+05 -3.395183884130151273e+04
1.635727764478087192e+06 -9.816327267149527324e+04 -2.362014154980238818e+05 -6.284417579517957347e+04 -5.777052845454050112e+04 5.195218627103343169e+04 1.949091691061332531e+05 2.061136941995089728e+04 -4.272708143882711738e+04 -6.587496651770881144e+05 -2.347518644495639310e+05 -5.926068946692118188e+05 -2.314150204868976725e+05 9.308614429157484847e+04 -1.863517939783770416e+05 4.712429384096147260e+04 6.166690473398341419e+04 7.086846305256099731e+04
9.874416530619676923e+05 7.910683265317816404e+04 -4.209330533930859383e+04 -2.447089705044508446e+05 3.856629682485496596e+04 -1.005959931349954859e+05 2.061136941995089728e+04 1.809250746437425842e+05 9.217852869668218773e+03 -8.452608134545473149e+05 -4.089182435976263951e+05 7.482310809618157509e+04 -1.915015585167079116e+05 6.054294959251639375e+04 7.248043533979213680e+04 1.164240334910645906e+05 1.439467438885233132e+05 6.211769622618419817e+04
3.583985838914152555e+04 2.089213827878467418e+04 -1.228125625582335779e+05 -1.994122451052536417e+04 -7.009149167010207020e+04 1.506799479017914200e+04 -4.272708143882711738e+04 9.217852869668218773e+03 9.632593902130036440e+04 -3.521603988923525321e+05 2.571802286572935373e+03 3.624517331215321319e+05 6.409670051276302547e+04 2.958358080890899873e+04 1.270880849667546427e+05 -1.402159401751303085e+04 9.411456411586905233e+03 6.847387242418344249e+04
1.414233230733644962e+07 1.417239712691301666e+07 7.859177933974712156e+06 -6.214146208425635705e+05 3.805826878594554728e+05 8.288123851351375924e+05 -6.587496651770881144e+05 -8.452608134545473149e+05 -3.521603988923525321e+05 1.251644117666482329e+08 5.740028162524837255e+07 1.726870861313949525e+07 -4.095591184301359579e+06 -5.335989198682782240e+06 -2.365545533321773633e+06 6.318991297804954229e+05 3.487735863023623824e+06 4.145848450445833616e+06
1.818353617207860202e+07 1.226537387596897222e+07 1.101529923404833302e+06 -2.745283094776312355e+05 1.177337072168581421e+06 3.138011565443975851e+05 -2.347518644495639310e+05 -4.089182435976263951e+05 2.571802286572935373e+03 5.740028162524837255e+07 5.882598487077085674e+07 1.356622138269674219e+07 1.186661587449430022e+06 1.816283793120499002e+06 1.364411745581236901e+06 2.321680289079509676e+06 1.596517216001322959e+06 1.688646993005858036e+06
1.034421100003075413e+07 1.065644499617923051e+07 3.496955857181724161e+06 1.548343619152869331e+06 1.129829968947102083e+06 3.271245761904310202e+05 -5.926068946692118188e+05 7.482310809618157509e+04 3.624517331215321319e+05 1.726870861313949525e+07 1.356622138269674219e+07 3.714912527170145512e+07 5.510350322773222812e+06 6.381351927330542821e+05 3.804909819444531109e+06 2.985374563861273695e+06 1.887749087888995884e+06 1.900399137721091742e+06
-3.864654864947440103e+06 -1.231391367368134903e+06 -1.558564709682669956e+06 1.692533429450312397e+06 -1.288934987463570869e+05 -5.156557064676451846e+05 -2.314150204868976725e+05 -1.915015585167079116e+05 6.409670051276302547e+04 -4.095591184301359579e+06 1.186661587449430022e+06 5.510350322773222812e+06 1.066824134550315328e+07 1.611171438414180651e+06 7.895723542402577004e+04 2.377524037862695113e+05 -6.491200398576289881e+05 -5.652454734448904637e+05
6.883541864429209381e+06 -1.549002698838023003e+06 -1.535472268499264959e+06 1.158855729471117666e+05 4.314297964345020591e+04 -1.524114131807675585e+05 9.308614429157484847e+04 6.054294959251639375e+04 2.958358080890899873e+04 -5.335989198682782240e+06 1.816283793120499002e+06 6.381351927330542821e+05 1.611171438414180651e+06 3.985884778990051243e+06 7.328306436245767691e+04 6.663056485603335313e+05 3.292369230534445378e+05 -5.266379169535567053e+05
1.014759875554059981e+06 1.428555733905351954e+06 1.880999261006241722e+05 -2.503717507716859109e+05 -2.855782029618752858e+04 1.342809621499424102e+05 -1.863517939783770416e+05 7.248043533979213680e+04 1.270880849667546427e+05 -2.365545533321773633e+06 1.364411745581236901e+06 3.804909819444531109e+06 7.895723542402577004e+04 7.328306436245767691e+04 1.590728127535687527e+06 3.459283369631002424e+05 2.430966527243132005e+05 1.945686403856440447e+05
2.820367063265754841e+06 9.536114923854741501e+05 1.255464996953248192e+05 -2.650734576839943838e+04 -1.280805796476707656e+04 -7.772910145499480132e+04 4.712429384096147260e+04 1.164240334910645906e+05 -1.402159401751303085e+04 6.318991297804954229e+05 2.321680289079509676e+06 2.985374563861273695e+06 2.377524037862695113e+05 6.663056485603335313e+05 3.459283369631002424e+05 1.169546186666304711e+06 6.465835714847713243e+05 3.859480271089602029e+05
3.292248034915762953e+06 9.207499143551170127e+05 5.055687106332906988e+05 -5.056642564131572144e+05 -1.498510395965806383e+05 1.214397700867278618e+05 6.166690473398341419e+04 1.439467438885233132e+05 9.411456411586905233e+03 3.487735863023623824e+06 1.596517216001322959e+06 1.887749087888995884e+06 -6.491200398576289881e+05 3.292369230534445378e+05 2.430966527243132005e+05 6.465835714847713243e+05 8.983707297883568099e+05 4.342043472821903997e+05
2.445380367416083347e+06 9.102177941681897501e+05 3.608541880037077935e+05 -1.995259661624649307e+05 -2.174601001710349810e+05 -3.395183884130151273e+04 7.086846305256099731e+04 6.211769622618419817e+04 6.847387242418344249e+04 4.145848450445833616e+06 1.688646993005858036e+06 1.900399137721091742e+06 -5.652454734448904637e+05 -5.266379169535567053e+05 1.945686403856440447e+05 3.859480271089602029e+05 4.342043472821903997e+05 7.522607901068071369e+05
