# lambda=0.14785991682852112
4.085792780939711630e+07 4.920314059398679994e+06 1.102576588029658888e+06 4.182432479669903114e+04 -3.073797195232236991e+05 1.636933928976232528e+04 -8.192053430167739280e+05 -6.963540571888522245e+05 -2.504091421159399033e+05 2.216033468270333856e+07 2.440443230309659615e+07 -2.914194577242755331e+06 -2.278605124201611150e+06 -4.138560586473790463e+06 1.456458532996383961e+06 -5.596634042236009846e+05 -7.026193456978769973e+05 1.610747458273831522e+06
4.920314059398679994e+06 9.986140165944978595e+06 -7.584700994869763963e+05 1.052810622498998418e+06 4.172239854270446085e+04 -6.867894822945251362e+05 -6.949247652397963684e+05 1.731609100833181947e+04 -3.091797980366820120e+05 5.387612197190582752e+06 1.720062859060655464e+05 -2.422153159126657993e+06 -9.600204126698050823e+04 -1.091892042640403379e+06 5.703246954962840537e+05 1.813921179245722305e+05 -1.217834443215333158e+06 -1.969604211182692379e+05
1.102576588029658888e+06 -7.584700994869763963e+05 4.956860097981235944e+06 5.875459904776155017e+05 1.430438548164088279e+05 4.687494354686767474e+04 -2.466167147849127941e+05 3.976863423335936386e+04 -9.906124529216058727e+04 -4.006832711701957043e+06 1.539640029059749329e+06 1.652525982289099833e+06 6.927284123041310813e+05 5.100534003673740663e+05 -2.425204159794391890e+05 -2.762098625707417377e+05 6.176380780978507828e+05 -1.432062228632902843e+05
4.182432479669903114e+04 1.052810622498998418e+06 5.875459904776155017e+05 2.881174138233200181e+06 6.528898744377148105e+05 1.894026339368930494e+05 -1.529349871504389448e+05 3.071187718925752561e+05 1.022920586031753191e+05 2.980768661935474258e+06 -7.862534942420385778e+05 3.532762743086631526e+05 2.736933714002362452e+06 7.706008084455271019e+05 5.004157686520709540e+05 4.840931886954447837e+05 3.025092384876089054e+05 1.433405522553100309e+05
-3.073797195232236991e+05 4.172239854270446085e+04 1.430438548164088279e+05 6.528898744377148105e+05 1.114177563574532280e+06 2.647384710727009806e+05 3.293416970913007972e+05 2.874706913464511163e+05 1.127925008027695003e+05 3.031642984301517252e+06 -1.907173580427468754e+06 1.781144675221764715e+06 5.982373076144108782e+05 9.012423824907478411e+05 8.008104185082984623e+05 7.033185631480904995e+05 6.142914880812339252e+05 2.729841597135416232e+05
1.636933928976232528e+04 -6.867894822945251362e+05 4.687494354686767474e+04 1.894026339368930494e+05 2.647384710727009806e+05 3.807383559583586757e+05 1.381966895460875530e+05 7.429215495273743954e+02 5.844795507070626627e+04 7.375372952637816779e+05 -1.373943889405239839e+06 7.135268135114235338e+05 -3.339954579856328201e+04 1.797013637534726295e+05 5.954841360248171259e+05 2.344596087030556519e+05 2.581149083488213364e+05 4.264691564551876945e+04
-8.192053430167739280e+05 -6.949247652397963684e+05 -2.466167147849127941e+05 -1.529349871504389448e+05 3.293416970913007972e+05 1.381966895460875530e+05 5.388186007798005594e+05 1.302359261652533314e+05 1.122631646784449549e+05 3.896170742671101820e+06 2.474313775726717431e+05 8.615779023767129984e+05 -3.087268853016073699e+05 -1.772005160986934206e+05 3.442588924115988193e+05 2.313459494253145240e+05 2.799041134371965891e+05 3.603054330885169475e+04
-6.963540571888522245e+05 1.731609100833181947e+04 3.976863423335936386e+04 3.071187718925752561e+05 2.874706913464511163e+05 7.429215495273743954e+02 1.302359261652533314e+05 2.623233384126059245e+05 1.098282909168804035e+05 5.738127110309480922e+05 -8.530048556690897094e+05 -1.649387633631384815e+05 2.666936552667984506e+05 2.770393474823247525e+05 3.039443399661158328e+05 2.603737958467056742e+05 2.516950878059419338e+05 2.273015276220182568e+04
-2.504091421159399033e+05 -3.091797980366820120e+05 -9.906124529216058727e+04 1.022920586031753191e+05 1.127925008027695003e+05 5.844795507070626627e+04 1.122631646784449549e+05 1.098282909168804035e+05 1.404805978959402419e+05 1.091606695712178713e+06 -3.143804822425544844e+05 -1.129963597007389908e+05 -2.138841788233331754e+05 1.445996778955422051e+05 1.277475314355636801e+05 5.161892974086571485e+04 6.877342854596240795e+04 -4.936002257211524920e+03
2.216033468270333856e+07 5.387612197190582752e+06 -4.006832711701957043e+06 2.980768661935474258e+06 3.031642984301517252e+06 7.375372952637816779e+05 3.896170742671101820e+06 5.738127110309480922e+05 1.091606695712178713e+06 1.962957875933716297e+08 -1.670396220991283655e+06 3.757012920197042986e+05 2.736565051772797480e+06 -1.774358717161254957e+06 1.685530934256494511e+06 1.201433348004319239e+06 1.649629415332464967e+06 -8.240860937129334779e+05
2.440443230309659615e+07 1.720062859060655464e+05 1.539640029059749329e+06 -7.862534942420385778e+05 -1.907173580427468754e+06 -1.373943889405239839e+06 2.474313775726717431e+05 -8.530048556690897094e+05 -3.143804822425544844e+05 -1.670396220991283655e+06 5.376421703943867236e+07 -6.015838915149446257e+04 -5.338737130243047141e+06 -6.348386695546175353e+06 -3.774073476926138159e+06 -2.682958355260663666e+05 -2.003858101099380525e+06 1.096348647370225517e+06
-2.914194577242755331e+06 -2.422153159126657993e+06 1.652525982289099833e+06 3.532762743086631526e+05 1.781144675221764715e+06 7.135268135114235338e+05 8.615779023767129984e+05 -1.649387633631384815e+05 -1.129963597007389908e+05 3.757012920197042986e+05 -6.015838915149446257e+04 1.760935729403861612e+07 -3.409502508116796147e+06 -3.047169122464419343e+05 1.518997945183359261e+05 1.816865255624771584e+06 1.538227351128851995e+06 -4.562695167217115522e+04
-2.278605124201611150e+06 -9.600204126698050823e+04 6.927284123041310813e+05 2.736933714002362452e+06 5.982373076144108782e+05 -3.339954579856328201e+04 -3.087268853016073699e+05 2.666936552667984506e+05 -2.138841788233331754e+05 2.736565051772797480e+06 -5.338737130243047141e+06 -3.409502508116796147e+06 9.808013424497311935e+06 1.900901751862307545e+06 -5.420149156492522452e+05 -3.781455935718159308e+05 3.935574200214335578e+05 5.766144039297805866e+05
-4.138560586473790463e+06 -1.091892042640403379e+06 5.100534003673740663e+05 7.706008084455271019e+05 9.012423824907478411e+05 1.797013637534726295e+05 -1.772005160986934206e+05 2.770393474823247525e+05 1.445996778955422051e+05 -1.774358717161254957e+06 -6.348386695546175353e+06 -3.047169122464419343e+05 1.900901751862307545e+06 6.626396289311115630e+06 -5.209929401860033395e+05 5.369268500088051660e+05 8.941544529196688673e+05 5.148128289907566505e+05
1.456458532996383961e+06 5.703246954962840537e+05 -2.425204159794391890e+05 5.004157686520709540e+05 8.008104185082984623e+05 5.954841360248171259e+05 3.442588924115988193e+05 3.039443399661158328e+05 1.277475314355636801e+05 1.685530934256494511e+06 -3.774073476926138159e+06 1.518997945183359261e+05 -5.420149156492522452e+05 -5.209929401860033395e+05 2.817566312631958630e+06 4.801246679755265941e+05 6.308916825395955238e+05 1.256807945172288892e+05
-5.596634042236009846e+05 1.813921179245722305e+05 -2.762098625707417377e+05 4.840931886954447837e+05 7.033185631480904995e+05 2.344596087030556519e+05 2.313459494253145240e+05 2.603737958467056742e+05 5.161892974086571485e+04 1.201433348004319239e+06 -2.682958355260663666e+05 1.816865255624771584e+06 -3.781455935718159308e+05 5.369268500088051660e+05 4.801246679755265941e+05 1.420030115890287096e+06 6.959430380547972163e+05 -9.013274322891501652e+04
-7.026193456978769973e+05 -1.217834443215333158e+06 6.176380780978507828e+05 3.025092384876089054e+05 6.142914880812339252e+05 2.581149083488213364e+05 2.799041134371965891e+05 2.516950878059419338e+05 6.877342854596240795e+04 1.649629415332464967e+06 -2.003858101099380525e+06 1.538227351128851995e+06 3.935574200214335578e+05 8.941544529196688673e+05 6.308916825395955238e+05 6.959430380547972163e+05 1.058719832317817258e+06 1.115451589355816250e+05
1.610747458273831522e+06 -1.969604211182692379e+05 -1.432062228632902843e+05 1.433405522553100309e+05 2.729841597135416232e+05 4.264691564551876945e+04 3.603054330885169475e+04 2.273015276220182568e+04 -4.936002257211524920e+03 -8.240860937129334779e+05 1.096348647370225517e+06 -4.562695167217115522e+04 5.766144039297805866e+05 5.148128289907566505e+05 1.256807945172288892e+05 -9.013274322891501652e+04 1.115451589355816250e+05 5.637465776569492882e+05
