# lambda=0.1400566308822342
4.859532358552801609e+07 7.247602367508073337e+06 2.708412816187610384e+06 1.540983215551385947e+05 1.051380877708741464e+06 -2.441898503575040013e+04 -4.724457597966263420e+05 -4.734533214608347771e+04 3.965489313435509102e+05 -4.467680697135274857e+07 -1.103746060893221758e+07 -8.037606584060096648e+05 -5.511907303806968033e+06 4.190199660355680622e+06 -4.936455649714708561e+05 1.209030330364997732e+06 -5.511790743074659258e+05 9.207243180446890183e+05
7.247602367508073337e+06 7.657658780550122261e+06 9.238010217978312867e+05 6.923309197703192476e+05 1.063758939177505235e+05 3.719972532754784334e+05 -1.376458136969905172e+05 1.383153783708664996e+05 2.495706399431893951e+05 -1.223780158809126914e+07 2.762601373436769936e+06 -1.232296004181455588e+06 -5.575044073436671169e+05 2.242194832836292218e+06 1.901700076840969734e+06 8.210466381139586447e+05 3.511951176718280767e+05 2.075971447743247554e+05
2.708412816187610384e+06 9.238010217978312867e+05 4.861953204661136493e+06 6.477748156983387889e+05 -2.249621386189829791e+05 -2.816886934024387738e+05 -2.719430130558220553e+05 -1.735833159558743646e+05 6.591173206598985416e+04 -3.492641148659675382e+06 1.416089190539428731e+06 4.960186359468881972e+06 1.264433942680298816e+06 1.752316601347560063e+06 9.323799093717476353e+05 -5.151881660684866947e+05 -5.386109906413903227e+05 -6.298004054428335512e+05
1.540983215551385947e+05 6.923309197703192476e+05 6.477748156983387889e+05 1.782405264017841779e+06 6.048996911779653601e+04 1.048416852983500867e+05 -8.942651644458914234e+04 7.572811981017747894e+04 2.302797666667295198e+04 -7.683278275070921518e+06 -2.451242316759622656e+06 2.468324819272072054e+06 1.688131310818902683e+06 -5.978070835689927917e+05 4.259572151641476084e+05 -2.722140252141326782e+05 8.506977894234746054e+04 -1.161336445713316498e+05
1.051380877708741464e+06 1.063758939177505235e+05 -2.249621386189829791e+05 6.048996911779653601e+04 7.501221828094375087e+05 2.964708444152617594e+05 3.484763732843624166e+04 -5.276352133357978164e+04 -2.467059292565505893e+04 -1.497747157728475984e+06 6.453538000572464662e+05 -2.146975781305942219e+06 -1.228781994585181965e+05 -4.550523942620587186e+05 -1.809703426803810362e+04 -2.993125364614966675e+05 -2.445393524351264641e+05 1.712206499724826062e+04
-2.441898503575040013e+04 3.719972532754784334e+05 -2.816886934024387738e+05 1.048416852983500867e+05 2.964708444152617594e+05 7.301660725413156906e+05 5.535476146643925858e+03 -1.844973321535276773e+04 6.970338619470203412e+03 -1.364230641392764228e+05 1.207596768352507148e+06 -1.574486925765977241e+06 5.723115419835173525e+05 -1.732202351781930774e+05 6.376005793924842728e+05 2.328815273542715295e+05 1.376596686726261978e+05 -9.828487190291986917e+04
-4.724457597966263420e+05 -1.376458136969905172e+05 -2.719430130558220553e+05 -8.942651644458914234e+04 3.484763732843624166e+04 5.535476146643925858e+03 2.886888571830842993e+05 4.200304522351583000e+04 3.010932947625340239e+04 3.885525522257879493e+05 -9.762917820869715651e+05 6.747314769748739200e+05 -1.697190013521623041e+05 1.184320777782508958e+04 -7.761122171983501175e+04 8.223691072991507826e+04 1.285794547970424173e+05 5.705000898335734382e+04
-4.734533214608347771e+04 1.383153783708664996e+05 -1.735833159558743646e+05 7.572811981017747894e+04 -5.276352133357978164e+04 -1.844973321535276773e+04 4.200304522351583000e+04 1.128554703060491447e+05 1.908532623433807021e+04 -1.959411364508292463e+05 -8.554422977274596924e+05 5.429218233597946819e+05 -2.159533130226896610e+05 1.883881614288495912e+05 -2.522080524933249399e+04 5.067466918756521045e+04 1.624019468107236025e+05 1.162422907179741378e+04
3.965489313435509102e+05 2.495706399431893951e+05 6.591173206598985416e+04 2.302797666667295198e+04 -2.467059292565505893e+04 6.970338619470203412e+03 3.010932947625340239e+04 1.908532623433807021e+04 6.025912023329170916e+04 -5.388545878053876804e+05 -6.447721696146123577e+05 5.048984398508137092e+05 -3.444134253943823278e+05 2.086150104963783815e+05 4.055293932410394336e+04 4.155059904830450250e+04 6.508406308410214842e+04 6.018958531854172179e+04
-4.467680697135274857e+07 -1.223780158809126914e+07 -3.492641148659675382e+06 -7.683278275070921518e+06 -1.497747157728475984e+06 -1.364230641392764228e+05 3.885525522257879493e+05 -1.959411364508292463e+05 -5.388545878053876804e+05 2.028946017293503284e+08 3.341704427607667446e+07 -1.688636474075083062e+07 1.568411334143457469e+06 -1.548588506599943154e+06 -2.691913827196177095e+06 2.524386921889398713e+06 8.659170796558477450e+05 -1.061066540704125538e+06
-1.103746060893221758e+07 2.762601373436769936e+06 1.416089190539428731e+06 -2.451242316759622656e+06 6.453538000572464662e+05 1.207596768352507148e+06 -9.762917820869715651e+05 -8.554422977274596924e+05 -6.447721696146123577e+05 3.341704427607667446e+07 6.141812546725416183e+07 2.539644800334502477e+06 2.784981833415186033e+06 3.554106846567720640e+05 -1.244821536295346217e+06 -4.594554609697356354e+05 -2.945232385552975815e+06 -2.152188038198358379e+06
-8.037606584060096648e+05 -1.232296004181455588e+06 4.960186359468881972e+06 2.468324819272072054e+06 -2.146975781305942219e+06 -1.574486925765977241e+06 6.747314769748739200e+05 5.429218233597946819e+05 5.048984398508137092e+05 -1.688636474075083062e+07 2.539644800334502477e+06 5.128553718991209567e+07 -5.408288734947295161e+05 2.928436328650914598e+06 7.245611423415446188e+05 -7.825528204472778598e+05 1.035766636460930691e+06 -4.976687463357981178e+05
-5.511907303806968033e+06 -5.575044073436671169e+05 1.264433942680298816e+06 1.688131310818902683e+06 -1.228781994585181965e+05 5.723115419835173525e+05 -1.697190013521623041e+05 -2.159533130226896610e+05 -3.444134253943823278e+05 1.568411334143457469e+06 2.784981833415186033e+06 -5.408288734947295161e+05 8.373921086282514036e+06 -2.346581343900200911e+06 1.358812368845347082e+06 -2.622801611790633760e+05 -2.581060529525656893e+05 -9.881646910167727619e+05
4.190199660355680622e+06 2.242194832836292218e+06 1.752316601347560063e+06 -5.978070835689927917e+05 -4.550523942620587186e+05 -1.732202351781930774e+05 1.184320777782508958e+04 1.883881614288495912e+05 2.086150104963783815e+05 -1.548588506599943154e+06 3.554106846567720640e+05 2.928436328650914598e+06 -2.346581343900200911e+06 4.615775674592762254e+06 7.400786966827543802e+04 9.249249122262425954e+05 5.990763976411467884e+05 -1.132245760605889518e+05
-4.936455649714708561e+05 1.901700076840969734e+06 9.323799093717476353e+05 4.259572151641476084e+05 -1.809703426803810362e+04 6.376005793924842728e+05 -7.761122171983501175e+04 -2.522080524933249399e+04 4.055293932410394336e+04 -2.691913827196177095e+06 -1.244821536295346217e+06 7.245611423415446188e+05 1.358812368845347082e+06 7.400786966827543802e+04 3.399855628913405351e+06 5.239363078639177547e+04 6.019161007340206997e+05 -1.615664648294286162e+05
1.209030330364997732e+06 8.210466381139586447e+05 -5.151881660684866947e+05 -2.722140252141326782e+05 -2.993125364614966675e+05 2.328815273542715295e+05 8.223691072991507826e+04 5.067466918756521045e+04 4.155059904830450250e+04 2.524386921889398713e+06 -4.594554609697356354e+05 -7.825528204472778598e+05 -2.622801611790633760e+05 9.249249122262425954e+05 5.239363078639177547e+04 1.679839994541545864e+06 4.962497424696044764e+05 6.977607136751767030e+03
-5.511790743074659258e+05 3.511951176718280767e+05 -5.386109906413903227e+05 8.506977894234746054e+04 -2.445393524351264641e+05 1.376596686726261978e+05 1.285794547970424173e+05 1.624019468107236025e+05 6.508406308410214842e+04 8.659170796558477450e+05 -2.945232385552975815e+06 1.035766636460930691e+06 -2.581060529525656893e+05 5.990763976411467884e+05 6.019161007340206997e+05 4.962497424696044764e+05 8.123276381374434568e+05 1.081730362624115660e+05
9.207243180446890183e+05 2.075971447743247554e+05 -6.298004054428335512e+05 -1.161336445713316498e+05 1.712206499724826062e+04 -9.828487190291986917e+04 5.705000898335734382e+04 1.162422907179741378e+04 6.018958531854172179e+04 -1.061066540704125538e+06 -2.152188038198358379e+06 -4.976687463357981178e+05 -9.881646910167727619e+05 -1.132245760605889518e+05 -1.615664648294286162e+05 6.977607136751767030e+03 1.081730362624115660e+05 4.666719485711327870e+05
