# lambda=0.16293364040770042
3.015491219558344781e+07 1.839367280323365238e+06 -3.427719304656615714e+05 7.007046317114081467e+05 6.896785055040647276e+05 1.084438963831062196e+06 5.565639690470617497e+05 -5.985135063635061961e+05 -7.996062416408598074e+04 1.979198652178998291e+07 -2.698343621497582644e+06 1.096938931585489772e+07 -4.266807462511045858e+06 4.569080421356018633e+06 2.740487167863066308e+06 6.471459155642566038e+05 1.436702778212947596e+05 3.352040152240655152e+05
1.839367280323365238e+06 1.089100256640532427e+07 3.048470655918508302e+06 5.159915391486532753e+05 3.910027574297193205e+05 -3.462535830508160871e+05 7.275643833369618515e+05 -5.021441198580447235e+04 -2.995265894265922252e+05 -4.117154806145112030e+06 -2.697730860906969756e+06 3.630101083313342184e+06 3.736428144676174037e+06 -5.661911416610560846e+05 6.905146564942555269e+05 7.801011378173191333e+05 -3.029004014824017067e+05 -9.588731070122114616e+05
-3.427719304656615714e+05 3.048470655918508302e+06 2.744583266609920654e+06 2.652491964717129595e+05 2.546931872604521341e+05 3.091284416166566079e+05 9.263543374348583166e+04 8.693207512580045659e+03 1.005842185870809190e+05 1.457400925697999075e+06 -1.175339809088915819e+06 2.364895164584793150e+06 1.664850423282298259e+06 -4.085318618680516374e+05 -1.274231125084454106e+05 4.899563417796409340e+05 1.231912313020165893e+05 -1.255753593733311864e+05
7.007046317114081467e+05 5.159915391486532753e+05 2.652491964717129595e+05 1.182877111646662233e+06 5.104034311482047779e+05 -7.534390340677720815e+03 4.286376809271170714e+03 8.381128558437891479e+04 8.745895875117392279e+04 -8.104260759433514904e+05 -9.937539633054644801e+05 9.464291892669782974e+05 -5.249746954175803112e+05 5.384042399587389082e+05 2.101323077548837464e+05 2.493972209833429661e+05 -2.892287463431109791e+05 -3.391589053268668358e+05
6.896785055040647276e+05 3.910027574297193205e+05 2.546931872604521341e+05 5.104034311482047779e+05 1.040267347682117019e+06 1.745634576199383300e+05 5.977185619489787496e+04 4.665450195004619309e+04 1.540653236628829618e+05 -3.753068566672548652e+06 -2.326281055447855033e+06 -8.504772782948981330e+04 -2.830128774855050142e+05 7.667826137379430002e+05 4.311247247495608171e+05 8.842711751177208498e+04 -2.306099920943058096e+05 -6.845684689401033393e+04
1.084438963831062196e+06 -3.462535830508160871e+05 3.091284416166566079e+05 -7.534390340677720815e+03 1.745634576199383300e+05 4.690950255976958433e+05 -2.666549497923998933e+04 2.566542648887735777e+04 4.170189971149311168e+04 7.978909119399311021e+04 6.784381103534767171e+05 -1.241916873758117144e+05 -1.403444380555149983e+05 3.283663620874953340e+05 1.513999516475768178e+05 -9.970609632275901095e+04 1.369526467182341148e+05 1.474546902438300895e+05
5.565639690470617497e+05 7.275643833369618515e+05 9.263543374348583166e+04 4.286376809271170714e+03 5.977185619489787496e+04 -2.666549497923998933e+04 3.647224738150456687e+05 1.464825291607304825e+05 -5.777063007801172353e+04 2.198936030501689296e+06 -6.213414745022922289e+05 -2.635566570330070099e+05 2.922174370488752029e+05 5.360147383733408060e+05 2.980187036137947580e+05 2.366017267203137162e+05 -7.123617321456917125e+03 -4.738613953639977990e+04
-5.985135063635061961e+05 -5.021441198580447235e+04 8.693207512580045659e+03 8.381128558437891479e+04 4.665450195004619309e+04 2.566542648887735777e+04 1.464825291607304825e+05 2.970009865974166896e+05 3.359936910526045540e+04 1.375247851420205319e+06 5.121351328827501275e+05 -5.575720645594807575e+05 7.618920748124689271e+04 3.866621551004876383e+05 2.063637323370589293e+05 1.864455590565532329e+05 -1.122218565774890303e+05 -5.454100939385646052e+04
-7.996062416408598074e+04 -2.995265894265922252e+05 1.005842185870809190e+05 8.745895875117392279e+04 1.540653236628829618e+05 4.170189971149311168e+04 -5.777063007801172353e+04 3.359936910526045540e+04 1.293936797402377415e+05 -5.041648522486427100e+05 5.907353109712529113e+04 1.793165468943323358e+05 -2.825222121183545096e+04 7.922830678323197935e+04 4.170562019943540690e+03 -5.546019658338724184e+03 -4.165728447748342296e+04 6.878971355575932830e+04
1.979198652178998291e+07 -4.117154806145112030e+06 1.457400925697999075e+06 -8.104260759433514904e+05 -3.753068566672548652e+06 7.978909119399311021e+04 2.198936030501689296e+06 1.375247851420205319e+06 -5.041648522486427100e+05 1.170776797388680875e+08 6.393503188807104016e+04 4.509221446400204673e+06 -1.051233925490284897e+07 3.177254858010565862e+06 6.299525275671031559e+05 4.589705502428557724e+06 3.835233976133718970e+05 -4.156874686073851190e+05
-2.698343621497582644e+06 -2.697730860906969756e+06 -1.175339809088915819e+06 -9.937539633054644801e+05 -2.326281055447855033e+06 6.784381103534767171e+05 -6.213414745022922289e+05 5.121351328827501275e+05 5.907353109712529113e+04 6.393503188807104016e+04 4.106350939565648884e+07 1.027048132674943469e+07 -3.562960105646031298e+04 -1.748754050278782146e+06 2.136855150620215136e+04 -1.273902291355928872e+06 1.247206290040636668e+06 1.981026154287641402e+06
1.096938931585489772e+07 3.630101083313342184e+06 2.364895164584793150e+06 9.464291892669782974e+05 -8.504772782948981330e+04 -1.241916873758117144e+05 -2.635566570330070099e+05 -5.575720645594807575e+05 1.793165468943323358e+05 4.509221446400204673e+06 1.027048132674943469e+07 3.200532455910951644e+07 3.226760873997427989e+06 3.008788705047246767e+05 -7.666021049153471831e+05 4.984318672281153267e+05 7.514688453842255985e+05 2.731603420779767330e+05
-4.266807462511045858e+06 3.736428144676174037e+06 1.664850423282298259e+06 -5.249746954175803112e+05 -2.830128774855050142e+05 -1.403444380555149983e+05 2.922174370488752029e+05 7.618920748124689271e+04 -2.825222121183545096e+04 -1.051233925490284897e+07 -3.562960105646031298e+04 3.226760873997427989e+06 1.064137622530955449e+07 -7.027428180774431676e+05 -4.718511410411195247e+05 4.346224101137774996e+05 -6.951064589092115057e+04 5.117595335517151398e+05
4.569080421356018633e+06 -5.661911416610560846e+05 -4.085318618680516374e+05 5.384042399587389082e+05 7.667826137379430002e+05 3.283663620874953340e+05 5.360147383733408060e+05 3.866621551004876383e+05 7.922830678323197935e+04 3.177254858010565862e+06 -1.748754050278782146e+06 3.008788705047246767e+05 -7.027428180774431676e+05 3.957580041395409498e+06 1.229762735372923780e+06 6.418104498228565790e+05 -3.554954278489250573e+05 2.355856129737429437e+05
2.740487167863066308e+06 6.905146564942555269e+05 -1.274231125084454106e+05 2.101323077548837464e+05 4.311247247495608171e+05 1.513999516475768178e+05 2.980187036137947580e+05 2.063637323370589293e+05 4.170562019943540690e+03 6.299525275671031559e+05 2.136855150620215136e+04 -7.666021049153471831e+05 -4.718511410411195247e+05 1.229762735372923780e+06 2.249091627184957732e+06 2.259153313487331325e+05 3.012540326366919180e+04 5.997375230483373889e+04
6.471459155642566038e+05 7.801011378173191333e+05 4.899563417796409340e+05 2.493972209833429661e+05 8.842711751177208498e+04 -9.970609632275901095e+04 2.366017267203137162e+05 1.864455590565532329e+05 -5.546019658338724184e+03 4.589705502428557724e+06 -1.273902291355928872e+06 4.984318672281153267e+05 4.346224101137774996e+05 6.418104498228565790e+05 2.259153313487331325e+05 1.985813064577928511e+06 1.528683756256752531e+05 -4.985735233541233902e+04
1.436702778212947596e+05 -3.029004014824017067e+05 1.231912313020165893e+05 -2.892287463431109791e+05 -2.306099920943058096e+05 1.369526467182341148e+05 -7.123617321456917125e+03 -1.122218565774890303e+05 -4.165728447748342296e+04 3.835233976133718970e+05 1.247206290040636668e+06 7.514688453842255985e+05 -6.951064589092115057e+04 -3.554954278489250573e+05 3.012540326366919180e+04 1.528683756256752531e+05 6.309122378154179314e+05 1.136174912789169030e+05
3.352040152240655152e+05 -9.588731070122114616e+05 -1.255753593733311864e+05 -3.391589053268668358e+05 -6.845684689401033393e+04 1.474546902438300895e+05 -4.738613953639977990e+04 -5.454100939385646052e+04 6.878971355575932830e+04 -4.156874686073851190e+05 1.981026154287641402e+06 2.731603420779767330e+05 5.117595335517151398e+05 2.355856129737429437e+05 5.997375230483373889e+04 -4.985735233541233902e+04 1.136174912789169030e+05 7.024840521055364516e+05
