# lambda=0.21201760076331327
2.733836443876723945e+07 -3.697787127104018815e+06 -1.408129622490488226e+06 -1.044813394874066347e+06 -4.556266622556017683e+04 6.903438991384912515e+05 6.191348467899352545e+05 8.250336557447200175e+05 -1.559386666615024442e+05 9.079110482801232487e+06 -1.384956743699472863e+06 1.952021556437510764e+06 2.252956439556495287e+06 1.684049233245696640e+06 -3.652268783665705472e+06 1.053643823338954942e+06 4.539677439736943343e+05 -7.712901090503619052e+05
-3.697787127104018815e+06 1.445757184531168267e+07 1.673087622523724858e+05 -1.274589567744603992e+05 1.949798476875924971e+05 4.687180259426088887e+05 -3.093292352785882540e+05 4.653382167256113025e+05 -2.700721580217680312e+05 3.312553955370603944e+04 1.081462129619134404e+07 4.383373334376266226e+06 1.653483650525910780e+06 6.818002858411709312e+05 2.266294798560264055e+06 -8.172837298062234186e+04 6.941280769945275097e+04 -2.488992453782965313e+05
-1.408129622490488226e+06 1.673087622523724858e+05 3.572969669217042625e+06 2.410968287424497248e+05 1.115662908018170565e+05 1.326666933433076483e+05 3.040216063245308469e+05 -1.068699270085635653e+05 -2.933097550609945392e+04 -3.256897927388880402e+06 2.304297825109634548e+06 1.767788772934330918e+05 -1.970027600293999771e+06 8.712362985731026856e+05 6.416818143042677548e+05 3.497069720882278634e+05 2.720280581937359530e+05 -4.437432358034509234e+05
-1.044813394874066347e+06 -1.274589567744603992e+05 2.410968287424497248e+05 2.334659745408268645e+06 4.574091833314563264e+05 2.614652604982521152e+05 2.349327110528124031e+05 -6.596427678652371105e+04 1.175392416598635318e+05 -3.050105233308445197e+06 -3.816852427279960364e+06 7.317348768628666876e+05 8.200075379339262145e+05 -7.749211173181448248e+04 -4.187272528473421698e+04 -3.077364100282143918e+05 -3.222277134095141664e+05 2.113684413554269122e+05
-4.556266622556017683e+04 1.949798476875924971e+05 1.115662908018170565e+05 4.574091833314563264e+05 5.577667640042478452e+05 1.927952849154549767e+05 -5.160125738250923314e+04 -2.736421292519104099e+04 6.994366677113372134e+04 -1.221883672636686126e+06 -1.016511535313596833e+06 1.250924355419131462e+06 4.197702508050699253e+05 7.260173590681090718e+05 2.163976084631682315e+05 2.029447694074063038e+05 2.522612883887828502e+04 1.030923886975818750e+05
6.903438991384912515e+05 4.687180259426088887e+05 1.326666933433076483e+05 2.614652604982521152e+05 1.927952849154549767e+05 3.148561776339829667e+05 5.571324483237443201e+04 6.094821774954869761e+04 2.897826870579130627e+04 -1.412519986130320700e+06 2.295717385459476209e+05 -3.466612815655810991e+05 3.704338485515403590e+04 2.411804387461634469e+05 4.438679818088708271e+04 2.450320941473834682e+05 9.510381293165856914e+04 1.827391717681437149e+04
6.191348467899352545e+05 -3.093292352785882540e+05 3.040216063245308469e+05 2.349327110528124031e+05 -5.160125738250923314e+04 5.571324483237443201e+04 3.297595075017198687e+05 4.648895893313344277e+04 5.945080644580366061e+04 -7.252124003283622442e+05 -1.251083695476327790e+06 -9.041271635442051338e+05 2.746516209827234343e+04 2.354570900199819880e+04 8.511747670060781820e+04 2.248006125977126940e+05 -9.488335267815760744e+04 -1.066289515827886935e+05
8.250336557447200175e+05 4.653382167256113025e+05 -1.068699270085635653e+05 -6.596427678652371105e+04 -2.736421292519104099e+04 6.094821774954869761e+04 4.648895893313344277e+04 1.364953520911025407e+05 1.258035223694732622e+03 9.700506318978119816e+04 3.009148484628089354e+05 -1.483309402582001348e+05 7.175369826885308430e+04 -6.821404631473378686e+04 -7.412248467629699735e+04 5.850217424019160535e+04 3.612927269719029573e+04 -8.576373909264372196e+04
-1.559386666615024442e+05 -2.700721580217680312e+05 -2.933097550609945392e+04 1.175392416598635318e+05 6.994366677113372134e+04 2.897826870579130627e+04 5.945080644580366061e+04 1.258035223694732622e+03 7.789623830087445094e+04 1.052773533500715857e+05 -9.405203013479579240e+05 -3.357717482755584060e+05 3.648977998372096044e+04 8.522658081489612232e+04 -1.594113040231514242e+04 7.620329708013903291e+04 -8.187552293380422634e+04 -1.703318628715059822e+04
9.079110482801232487e+06 3.312553955370603944e+04 -3.256897927388880402e+06 -3.050105233308445197e+06 -1.221883672636686126e+06 -1.412519986130320700e+06 -7.252124003283622442e+05 9.700506318978119816e+04 1.052773533500715857e+05 9.991592086773538589e+07 1.746061903343170136e+07 1.320651366287590750e+07 1.698431741956628114e+07 1.333189385782788122e+04 -5.771430800617527217e+06 -2.648516936778171454e+06 -3.756518276812982280e+06 1.173293062070368323e+06
-1.384956743699472863e+06 1.081462129619134404e+07 2.304297825109634548e+06 -3.816852427279960364e+06 -1.016511535313596833e+06 2.295717385459476209e+05 -1.251083695476327790e+06 3.009148484628089354e+05 -9.405203013479579240e+05 1.746061903343170136e+07 8.189895115674789250e+07 1.690969236071434338e+06 -1.327431872940535191e+06 -1.150154131315373350e+06 -6.677715616133477306e+05 -7.477276162796688732e+05 1.487811637290278217e+06 1.900828749269107357e+06
1.952021556437510764e+06 4.383373334376266226e+06 1.767788772934330918e+05 7.317348768628666876e+05 1.250924355419131462e+06 -3.466612815655810991e+05 -9.041271635442051338e+05 -1.483309402582001348e+05 -3.357717482755584060e+05 1.320651366287590750e+07 1.690969236071434338e+06 2.474494741643052176e+07 4.492389530932914466e+06 4.629021696689279750e+06 9.423948501449158357e+04 3.537506038269196288e+05 -5.881350327949720668e+05 5.280295032009175047e+05
2.252956439556495287e+06 1.653483650525910780e+06 -1.970027600293999771e+06 8.200075379339262145e+05 4.197702508050699253e+05 3.704338485515403590e+04 2.746516209827234343e+04 7.175369826885308430e+04 3.648977998372096044e+04 1.698431741956628114e+07 -1.327431872940535191e+06 4.492389530932914466e+06 1.036308063365733624e+07 1.477396034009004943e+06 -1.084511086958530592e+06 2.572563565216811257e+05 -1.066176434647757560e+06 1.194701993119085208e+06
1.684049233245696640e+06 6.818002858411709312e+05 8.712362985731026856e+05 -7.749211173181448248e+04 7.260173590681090718e+05 2.411804387461634469e+05 2.354570900199819880e+04 -6.821404631473378686e+04 8.522658081489612232e+04 1.333189385782788122e+04 -1.150154131315373350e+06 4.629021696689279750e+06 1.477396034009004943e+06 5.129135131610068493e+06 1.017178813062986883e+05 8.842864267034952063e+05 4.055655862173954374e+05 2.233026156735158875e+05
-3.652268783665705472e+06 2.266294798560264055e+06 6.416818143042677548e+05 -4.187272528473421698e+04 2.163976084631682315e+05 4.438679818088708271e+04 8.511747670060781820e+04 -7.412248467629699735e+04 -1.594113040231514242e+04 -5.771430800617527217e+06 -6.677715616133477306e+05 9.423948501449158357e+04 -1.084511086958530592e+06 1.017178813062986883e+05 2.352373975637848955e+06 4.704091784333243850e+05 1.473383200890136359e+05 -1.417570759204353963e+05
1.053643823338954942e+06 -8.172837298062234186e+04 3.497069720882278634e+05 -3.077364100282143918e+05 2.029447694074063038e+05 2.450320941473834682e+05 2.248006125977126940e+05 5.850217424019160535e+04 7.620329708013903291e+04 -2.648516936778171454e+06 -7.477276162796688732e+05 3.537506038269196288e+05 2.572563565216811257e+05 8.842864267034952063e+05 4.704091784333243850e+05 1.256926938879907830e+06 7.641782878090713348e+04 9.376456949012463156e+03
4.539677439736943343e+05 6.941280769945275097e+04 2.720280581937359530e+05 -3.222277134095141664e+05 2.522612883887828502e+04 9.510381293165856914e+04 -9.488335267815760744e+04 3.612927269719029573e+04 -8.187552293380422634e+04 -3.756518276812982280e+06 1.487811637290278217e+06 -5.881350327949720668e+05 -1.066176434647757560e+06 4.055655862173954374e+05 1.473383200890136359e+05 7.641782878090713348e+04 6.100655656256690854e+05 -1.102669160810404428e+05
-7.712901090503619052e+05 -2.488992453782965313e+05 -4.437432358034509234e+05 2.113684413554269122e+05 1.030923886975818750e+05 1.827391717681437149e+04 -1.066289515827886935e+05 -8.576373909264372196e+04 -1.703318628715059822e+04 1.173293062070368323e+06 1.900828749269107357e+06 5.280295032009175047e+05 1.194701993119085208e+06 2.233026156735158875e+05 -1.417570759204353963e+05 9.376456949012463156e+03 -1.102669160810404428e+05 4.700788566014609532e+05
