# lambda=0.10636435153143443
4.858463130858077854e+07 -6.386753437058946118e+06 -4.446263915981586091e+06 4.647619175029842154e+04 2.767749183948796242e+06 -1.182292250399887271e+05 1.193449428288774216e+05 -1.516121217820473830e+05 4.444693689616966294e+05 4.891292340218538791e+07 -1.626297849717630073e+07 -1.166147795106104948e+07 -1.550153784921534243e+05 1.332043392987553030e+06 2.767104682673274074e+06 1.435009808416950284e+06 -1.342729387064696988e+06 1.260274924149401253e+06
-6.386753437058946118e+06 8.615362322365725413e+06 3.443316768296624534e+06 1.002857582428734313e+05 -4.056573509952893364e+05 2.945387984033937100e+05 7.046685172720788978e+05 3.557109213642663090e+05 -1.568526820618868987e+04 5.003136105583990924e+06 5.539755741396605037e+06 9.330191410393230617e+06 4.104418972615207313e+05 1.034969937151530641e+06 8.436516305764488643e+05 -6.387565576451841043e+05 2.347684595369640447e+05 -3.246316378274583840e+05
-4.446263915981586091e+06 3.443316768296624534e+06 5.536442182855786756e+06 1.211707572379795834e+06 -1.449327559792540851e+05 3.611299018515353091e+05 5.621992631815496134e+05 8.182714303735265275e+04 9.977747437940572127e+03 5.418057351605838165e+06 3.961936655894621508e+05 5.891461543860612437e+06 5.871906140022780746e+05 -5.833246937449515826e+04 -9.668662147419239045e+04 -3.958463917592148646e+05 6.704479968786804238e+05 2.832704321533292532e+05
4.647619175029842154e+04 1.002857582428734313e+05 1.211707572379795834e+06 2.647524695341947488e+06 3.000429481804718380e+05 5.209837626657666988e+05 4.454667194165652472e+04 1.089070173169837653e+04 1.908769630804523695e+04 1.190985907818321325e+07 -3.441238936257413123e+06 2.136888383351830998e+05 2.273988543525508605e+06 9.903251445288483519e+05 7.750151507943279576e+05 -1.498306938330521807e+05 6.935549836338628083e+05 1.497514119638583725e+04
2.767749183948796242e+06 -4.056573509952893364e+05 -1.449327559792540851e+05 3.000429481804718380e+05 7.700398413232235471e+05 7.173104580423368316e+04 -6.545711740038669086e+04 -4.469936035564170743e+04 4.584551463395917381e+04 1.653490209145477740e+06 -1.392069912022417877e+06 -6.917472176283900626e+05 -8.859187708947382635e+05 1.126981167396397563e+06 2.089602836800423393e+05 8.997263240796033642e+04 -1.552572195557227533e+05 3.755708892833027494e+04
-1.182292250399887271e+05 2.945387984033937100e+05 3.611299018515353091e+05 5.209837626657666988e+05 7.173104580423368316e+04 4.614892504322812892e+05 1.556804370193485192e+04 3.255397690249593870e+04 -7.872988030705634628e+03 7.456224826060828054e+05 -2.128928225151937513e+05 1.375979194619050540e+05 3.729762686942298315e+05 6.550596265906896442e+05 2.619876738722900336e+05 -1.497593310024522361e+05 1.866847123818650143e+05 -6.403402512347023730e+04
1.193449428288774216e+05 7.046685172720788978e+05 5.621992631815496134e+05 4.454667194165652472e+04 -6.545711740038669086e+04 1.556804370193485192e+04 2.892836349775480339e+05 6.319059534397746756e+04 -2.249396163127955333e+03 1.337691814055006485e+06 1.489833238262875937e+06 1.548129517024725443e+06 4.112204494007089525e+05 -4.341253083967504208e+05 -8.622860318621394981e+03 1.943542086352559272e+05 2.446204576557992259e+05 5.277912576152826659e+04
-1.516121217820473830e+05 3.557109213642663090e+05 8.182714303735265275e+04 1.089070173169837653e+04 -4.469936035564170743e+04 3.255397690249593870e+04 6.319059534397746756e+04 1.386720234560021490e+05 2.313203244498859931e+04 2.251378758517085516e+05 -2.154428193932270806e+05 3.471645516752970289e+05 -4.634979531460137223e+05 -8.601325400690683455e+04 2.127414948839102581e+05 -1.573690801326675501e+04 8.647392760539794108e+04 -6.231478053674078546e+04
4.444693689616966294e+05 -1.568526820618868987e+04 9.977747437940572127e+03 1.908769630804523695e+04 4.584551463395917381e+04 -7.872988030705634628e+03 -2.249396163127955333e+03 2.313203244498859931e+04 8.505306609122807276e+04 2.110803660172349773e+06 -3.083407057623277651e+05 -6.833380516051584855e+05 -4.308914582311663544e+05 1.412254621522415546e+05 -2.791626162209225004e+04 -1.933540191202746792e+04 -2.354404625124330414e+04 -1.206175152491172412e+03
4.891292340218538791e+07 5.003136105583990924e+06 5.418057351605838165e+06 1.190985907818321325e+07 1.653490209145477740e+06 7.456224826060828054e+05 1.337691814055006485e+06 2.251378758517085516e+05 2.110803660172349773e+06 3.886293296648600101e+08 -4.894806326245616376e+07 -2.845096808394143358e+07 1.096250688227237575e+07 1.145849008117781021e+07 5.395087464746389538e+06 5.552943992672179826e+06 4.194759363460519817e+05 1.114175807773523964e+06
-1.626297849717630073e+07 5.539755741396605037e+06 3.961936655894621508e+05 -3.441238936257413123e+06 -1.392069912022417877e+06 -2.128928225151937513e+05 1.489833238262875937e+06 -2.154428193932270806e+05 -3.083407057623277651e+05 -4.894806326245616376e+07 7.179475989077906311e+07 2.704809727111016214e+07 1.040622773915930651e+07 4.036693616951907752e+05 -1.829472927896361216e+05 8.774701653396686306e+05 1.286767851756751304e+06 -6.878819308049012907e+05
-1.166147795106104948e+07 9.330191410393230617e+06 5.891461543860612437e+06 2.136888383351830998e+05 -6.917472176283900626e+05 1.375979194619050540e+05 1.548129517024725443e+06 3.471645516752970289e+05 -6.833380516051584855e+05 -2.845096808394143358e+07 2.704809727111016214e+07 3.250359044987907633e+07 3.285082168186961673e+06 -1.170604480107328855e+06 1.403838599092538003e+06 4.471904516446214984e+04 2.281120833258310333e+06 -2.072545765024873544e+05
-1.550153784921534243e+05 4.104418972615207313e+05 5.871906140022780746e+05 2.273988543525508605e+06 -8.859187708947382635e+05 3.729762686942298315e+05 4.112204494007089525e+05 -4.634979531460137223e+05 -4.308914582311663544e+05 1.096250688227237575e+07 1.040622773915930651e+07 3.285082168186961673e+06 1.733701614567577094e+07 8.463024364105646964e+05 9.390672459830536973e+05 -2.056358945056407538e+04 8.177831621990369167e+05 2.762956469872662565e+05
1.332043392987553030e+06 1.034969937151530641e+06 -5.833246937449515826e+04 9.903251445288483519e+05 1.126981167396397563e+06 6.550596265906896442e+05 -4.341253083967504208e+05 -8.601325400690683455e+04 1.412254621522415546e+05 1.145849008117781021e+07 4.036693616951907752e+05 -1.170604480107328855e+06 8.463024364105646964e+05 5.811620920008335263e+06 1.256934598844297929e+06 -5.187213103605604265e+05 -2.566459378137097519e+05 -4.647379965799956699e+05
2.767104682673274074e+06 8.436516305764488643e+05 -9.668662147419239045e+04 7.750151507943279576e+05 2.089602836800423393e+05 2.619876738722900336e+05 -8.622860318621394981e+03 2.127414948839102581e+05 -2.791626162209225004e+04 5.395087464746389538e+06 -1.829472927896361216e+05 1.403838599092538003e+06 9.390672459830536973e+05 1.256934598844297929e+06 3.161804524575623684e+06 -6.906899348958651535e+04 3.173541041075160028e+05 -4.847909225938661257e+04
1.435009808416950284e+06 -6.387565576451841043e+05 -3.958463917592148646e+05 -1.498306938330521807e+05 8.997263240796033642e+04 -1.497593310024522361e+05 1.943542086352559272e+05 -1.573690801326675501e+04 -1.933540191202746792e+04 5.552943992672179826e+06 8.774701653396686306e+05 4.471904516446214984e+04 -2.056358945056407538e+04 -5.187213103605604265e+05 -6.906899348958651535e+04 1.159696097497283248e+06 1.247336612784172466e+05 2.242752682133060080e+04
-1.342729387064696988e+06 2.347684595369640447e+05 6.704479968786804238e+05 6.935549836338628083e+05 -1.552572195557227533e+05 1.866847123818650143e+05 2.446204576557992259e+05 8.647392760539794108e+04 -2.354404625124330414e+04 4.194759363460519817e+05 1.286767851756751304e+06 2.281120833258310333e+06 8.177831621990369167e+05 -2.566459378137097519e+05 3.173541041075160028e+05 1.247336612784172466e+05 1.020883647083834512e+06 7.266907182848604862e+04
1.260274924149401253e+06 -3.246316378274583840e+05 2.832704321533292532e+05 1.497514119638583725e+04 3.755708892833027494e+04 -6.403402512347023730e+04 5.277912576152826659e+04 -6.231478053674078546e+04 -1.206175152491172412e+03 1.114175807773523964e+06 -6.878819308049012907e+05 -2.072545765024873544e+05 2.762956469872662565e+05 -4.647379965799956699e+05 -4.847909225938661257e+04 2.242752682133060080e+04 7.266907182848604862e+04 3.154950998182716430e+05
