# lambda=0.19704211132720814
3.605527464213296771e+07 1.771096216922557796e+05 1.747207623805908253e+06 2.272428298590395134e+06 3.763403412259084871e+05 1.352480717007648200e+06 1.062727931066956837e+06 3.469131967175307218e+05 3.139602393004992045e+05 1.171736632932947390e+07 -1.955970884918470867e+06 6.033782947771665640e+06 4.782455468283413909e+06 -3.171222650036704727e+06 4.138752925563828903e+05 1.353036833427578094e+05 -1.005967329277285258e+06 1.038233525452992879e+06
1.771096216922557796e+05 1.603917874105305970e+07 3.074586627060718834e+06 1.129149100560605759e+06 5.081066595225439523e+05 4.792357786028313567e+05 -8.009035833711459418e+04 2.895988685226368834e+05 -3.761542929086218464e+03 -4.044052977870450821e+06 6.957677144131790847e+06 2.284642243677825318e+05 4.167080129614411853e+06 5.074211057769716717e+05 1.288442583290033974e+06 -1.797774523844729410e+05 -3.165188749975018436e+05 -1.860760327471473138e+05
1.747207623805908253e+06 3.074586627060718834e+06 3.574944289979811292e+06 9.673949974191578804e+05 1.724043881040768174e+05 4.803242126572374254e+05 -2.175630263792369442e+04 -7.970449093313608319e+04 9.029676405789927230e+04 -3.025058513070439920e+06 6.035190438373910263e+06 3.175137263183858711e+06 2.735185204100706615e+06 2.821915226191426700e+04 -1.293389452231321775e+05 -8.387211301191046368e+05 -5.622674005457807798e+05 -2.665917693921402097e+05
2.272428298590395134e+06 1.129149100560605759e+06 9.673949974191578804e+05 1.695048449846053729e+06 1.526583463058406196e+05 3.287778304059705115e+05 1.355633665580197994e+05 1.301609270251216512e+05 1.178439390589855466e+05 1.443025069740498206e+06 1.000837536191483960e+06 1.362398013415539637e+06 5.710384278527651913e+05 -5.379301615804458270e+05 1.438702113800517691e+05 -4.607978854586624075e+05 4.214641108662178158e+04 1.379532359552395355e+05
3.763403412259084871e+05 5.081066595225439523e+05 1.724043881040768174e+05 1.526583463058406196e+05 7.574096698642564006e+05 3.957026351617267937e+05 9.245982516344018222e+04 3.303749330871183338e+04 5.366155887525686558e+04 -6.713927071924877819e+05 -2.807503836005891790e+05 2.120395326642054424e+05 9.904872161765689962e+05 5.405157714664639207e+05 1.856633474441407016e+05 -3.474991409022743755e+04 6.132568003822596074e+04 1.854486851009075472e+05
1.352480717007648200e+06 4.792357786028313567e+05 4.803242126572374254e+05 3.287778304059705115e+05 3.957026351617267937e+05 5.444450542659021448e+05 1.626102432588680531e+05 6.150644912134729384e+04 7.551604458708457241e+04 9.384281095418672776e+05 -1.353467747107674833e+06 -6.589143498152532266e+04 5.051497374792472110e+05 1.671132519137133204e+05 3.582712218125892687e+05 -8.931916312889166875e+04 -1.263376401741120353e+05 9.169038216934709635e+04
1.062727931066956837e+06 -8.009035833711459418e+04 -2.175630263792369442e+04 1.355633665580197994e+05 9.245982516344018222e+04 1.626102432588680531e+05 2.284597631128532812e+05 7.718035708180273650e+04 -4.431565865159259374e+03 4.810079880195379956e+05 -8.824169810935338028e+05 -7.422916845096413745e+05 -4.998676437352160574e+05 1.528600152806196420e+05 8.691963575628776744e+04 7.197992836268337851e+04 2.306892146924557164e+04 1.023944176398989657e+05
3.469131967175307218e+05 2.895988685226368834e+05 -7.970449093313608319e+04 1.301609270251216512e+05 3.303749330871183338e+04 6.150644912134729384e+04 7.718035708180273650e+04 1.389518104257117375e+05 3.512669807850530924e+04 5.019654596396428533e+05 -7.733630822431000415e+05 -7.345778857962872135e+05 -4.340793244380441820e+02 -1.738023657391645975e+04 -3.346057091359270271e+04 -4.302365343386399218e+03 -3.359162405039903388e+04 3.293334159500429814e+04
3.139602393004992045e+05 -3.761542929086218464e+03 9.029676405789927230e+04 1.178439390589855466e+05 5.366155887525686558e+04 7.551604458708457241e+04 -4.431565865159259374e+03 3.512669807850530924e+04 4.982812180924382847e+04 2.285211314745063719e+05 2.484476419138582787e+04 5.137352955752370326e+04 3.247533805558690801e+05 -1.957512882299739795e+04 -3.257995950878702843e+03 -6.003743574988623004e+04 -5.769518674738938716e+04 4.322099454754078033e+04
1.171736632932947390e+07 -4.044052977870450821e+06 -3.025058513070439920e+06 1.443025069740498206e+06 -6.713927071924877819e+05 9.384281095418672776e+05 4.810079880195379956e+05 5.019654596396428533e+05 2.285211314745063719e+05 1.650110942188646197e+08 6.506488410310170613e+06 2.625026883175728843e+06 -9.034268001378461719e+06 -1.413251699239358120e+07 1.598695720608195523e+06 -2.730213274296474410e+05 -6.879112043516393751e+05 2.450779277454581170e+05
-1.955970884918470867e+06 6.957677144131790847e+06 6.035190438373910263e+06 1.000837536191483960e+06 -2.807503836005891790e+05 -1.353467747107674833e+06 -8.824169810935338028e+05 -7.733630822431000415e+05 2.484476419138582787e+04 6.506488410310170613e+06 7.402857298898950219e+07 2.539411862712557614e+07 7.015564014659295790e+06 8.047281645957282744e+05 -2.605046942847900558e+06 -2.400987088140630163e+06 -1.309006466858426109e+06 -2.132392363611629698e+05
6.033782947771665640e+06 2.284642243677825318e+05 3.175137263183858711e+06 1.362398013415539637e+06 2.120395326642054424e+05 -6.589143498152532266e+04 -7.422916845096413745e+05 -7.345778857962872135e+05 5.137352955752370326e+04 2.625026883175728843e+06 2.539411862712557614e+07 2.308203441561681405e+07 6.131234300724558532e+06 -1.984165815549116349e+06 -5.096362203246012359e+04 -1.488202114034402650e+06 -5.695096557531252038e+05 -9.272636776248748447e+02
4.782455468283413909e+06 4.167080129614411853e+06 2.735185204100706615e+06 5.710384278527651913e+05 9.904872161765689962e+05 5.051497374792472110e+05 -4.998676437352160574e+05 -4.340793244380441820e+02 3.247533805558690801e+05 -9.034268001378461719e+06 7.015564014659295790e+06 6.131234300724558532e+06 1.241860822086325660e+07 6.363297577730541816e+05 -1.290042637319596717e+06 -2.424751585710025975e+05 -5.564442346560528968e+05 4.954053262280555791e+05
-3.171222650036704727e+06 5.074211057769716717e+05 2.821915226191426700e+04 -5.379301615804458270e+05 5.405157714664639207e+05 1.671132519137133204e+05 1.528600152806196420e+05 -1.738023657391645975e+04 -1.957512882299739795e+04 -1.413251699239358120e+07 8.047281645957282744e+05 -1.984165815549116349e+06 6.363297577730541816e+05 3.700348291486978065e+06 1.687026497463988198e+05 2.521234024070404121e+05 2.248766369422554562e+05 1.615445324014442158e+05
4.138752925563828903e+05 1.288442583290033974e+06 -1.293389452231321775e+05 1.438702113800517691e+05 1.856633474441407016e+05 3.582712218125892687e+05 8.691963575628776744e+04 -3.346057091359270271e+04 -3.257995950878702843e+03 1.598695720608195523e+06 -2.605046942847900558e+06 -5.096362203246012359e+04 -1.290042637319596717e+06 1.687026497463988198e+05 1.791452323915818473e+06 3.858595214976940770e+05 1.529596794142839499e+05 1.287808497390943376e+05
1.353036833427578094e+05 -1.797774523844729410e+05 -8.387211301191046368e+05 -4.607978854586624075e+05 -3.474991409022743755e+04 -8.931916312889166875e+04 7.197992836268337851e+04 -4.302365343386399218e+03 -6.003743574988623004e+04 -2.730213274296474410e+05 -2.400987088140630163e+06 -1.488202114034402650e+06 -2.424751585710025975e+05 2.521234024070404121e+05 3.858595214976940770e+05 1.201497630742664682e+06 4.069430094682115014e+05 3.857846371570929186e+05
-1.005967329277285258e+06 -3.165188749975018436e+05 -5.622674005457807798e+05 4.214641108662178158e+04 6.132568003822596074e+04 -1.263376401741120353e+05 2.306892146924557164e+04 -3.359162405039903388e+04 -5.769518674738938716e+04 -6.879112043516393751e+05 -1.309006466858426109e+06 -5.695096557531252038e+05 -5.564442346560528968e+05 2.248766369422554562e+05 1.529596794142839499e+05 4.069430094682115014e+05 5.042699957313803025e+05 2.233104755750338954e+05
1.038233525452992879e+06 -1.860760327471473138e+05 -2.665917693921402097e+05 1.379532359552395355e+05 1.854486851009075472e+05 9.169038216934709635e+04 1.023944176398989657e+05 3.293334159500429814e+04 4.322099454754078033e+04 2.450779277454581170e+05 -2.132392363611629698e+05 -9.272636776248748447e+02 4.954053262280555791e+05 1.615445324014442158e+05 1.287808497390943376e+05 3.857846371570929186e+05 2.233104755750338954e+05 4.442253985773334280e+05
