# lambda=0.11412529169807906
4.149243625246629864e+07 1.420679425868200138e+06 -3.466882523607327137e+06 -1.373475091126522515e+06 -5.763899443056629971e+05 1.531901988817063160e+06 1.145521784769525286e+06 -1.542669010070306249e+05 -1.020661235981158563e+06 -1.996241126577361720e+06 4.284789754168117419e+06 -4.880378919521936215e+06 4.872766605849459767e+06 -1.627606653615757124e+06 -2.827665161460156552e+06 2.118300462721792981e+06 -9.088908060182165354e+04 -4.113826716456926079e+05
1.420679425868200138e+06 1.048735987333615310e+07 9.334060418437041808e+05 -5.405053149585557403e+05 -8.595592693115503062e+05 3.118197644087190201e+04 1.781247813241798431e+05 2.333930708637226417e+04 -5.071258120345745556e+04 -5.059517998292114586e+06 1.603564563385073096e+06 2.491153655725412071e+06 3.575975181905402802e+06 -1.158264391951425932e+06 8.500876751773094293e+05 8.127049623657893389e+05 1.156062081254503690e+06 2.920934944028974860e+05
-3.466882523607327137e+06 9.334060418437041808e+05 4.582296707268659025e+06 2.957698955830275081e+05 7.521659616862952244e+05 -1.578692557692821429e+05 -5.049056683406176744e+05 1.101645642880357773e+05 -9.550407581904288236e+03 2.859927587044014595e+06 -1.628285928869147087e+06 5.307961214654049836e+06 -1.049363120696997066e+04 1.687363225824020104e+06 4.735712698344581295e+05 3.368391911946661421e+05 5.814520944269901520e+04 -4.754027813430185197e+05
-1.373475091126522515e+06 -5.405053149585557403e+05 2.957698955830275081e+05 1.536171967736350140e+06 5.800138855637078814e+04 2.920118490268202004e+04 8.649192686227575177e+04 4.573524085878039477e+04 4.843776013831532327e+04 -3.415409180082990322e+06 1.611742716293343576e+06 -3.217995384303998435e+05 9.505830090916687623e+05 9.700033633664313238e+05 -4.362969146172510809e+05 4.389571469317513402e+04 1.227353989082494227e+05 9.865439322543039452e+04
-5.763899443056629971e+05 -8.595592693115503062e+05 7.521659616862952244e+05 5.800138855637078814e+04 1.342608722527340055e+06 1.266985764315144625e+05 -1.633220929182864202e+05 2.369040062943251978e+05 2.773730175137898914e+04 1.998657224576955661e+06 -2.370476262773702387e+06 2.611648461400513770e+05 5.767137998118672986e+05 1.464286172796334606e+06 5.324566312511743745e+05 9.098695094105694443e+04 9.810301563540256757e+04 -1.573992656524947379e+05
1.531901988817063160e+06 3.118197644087190201e+04 -1.578692557692821429e+05 2.920118490268202004e+04 1.266985764315144625e+05 4.384659508249200881e+05 1.273769736472701043e+05 5.850509642743446602e+04 3.468828280795356113e+04 2.199069224209871609e+06 -1.517585329261436826e+06 -2.824401230894299806e+05 -6.830280023504108249e+04 -2.875437600140178110e+05 -9.933556683036631148e+04 7.059814128859309130e+04 1.331828655716535577e+05 8.794651438001732458e+04
1.145521784769525286e+06 1.781247813241798431e+05 -5.049056683406176744e+05 8.649192686227575177e+04 -1.633220929182864202e+05 1.273769736472701043e+05 4.183288230669883196e+05 -6.411703584089955984e+04 -3.109172290981890455e+03 7.197362317785194609e+05 -1.455063874322928721e+06 -9.765504350435214583e+05 4.829094890461656614e+05 -2.479204903422288771e+05 -3.833582376490825554e+05 4.147596145246502128e+05 -3.240750221443311239e+04 7.427513205223459227e+04
-1.542669010070306249e+05 2.333930708637226417e+04 1.101645642880357773e+05 4.573524085878039477e+04 2.369040062943251978e+05 5.850509642743446602e+04 -6.411703584089955984e+04 1.881666244190730213e+05 1.494704933549488305e+04 1.035541902513614390e+06 -3.950185362857717555e+05 -3.975565331972826971e+04 -8.550945034562100773e+03 5.022077417733215843e+05 1.137268210797516804e+05 2.413550425874534267e+04 5.167643849871848943e+03 -2.127168931427487769e+04
-1.020661235981158563e+06 -5.071258120345745556e+04 -9.550407581904288236e+03 4.843776013831532327e+04 2.773730175137898914e+04 3.468828280795356113e+04 -3.109172290981890455e+03 1.494704933549488305e+04 1.004442869049967703e+05 -9.552356492185299285e+05 -3.877353385872751242e+05 2.297488036139413889e+05 -1.464196289373510226e+05 2.572309165959923412e+05 6.657570624445438443e+04 1.275765104313711390e+03 1.748688981721091841e+04 1.023984062764654227e+05
-1.996241126577361720e+06 -5.059517998292114586e+06 2.859927587044014595e+06 -3.415409180082990322e+06 1.998657224576955661e+06 2.199069224209871609e+06 7.197362317785194609e+05 1.035541902513614390e+06 -9.552356492185299285e+05 2.326496225271458626e+08 -8.340808244399069808e+06 -1.511738080415979214e+07 -9.329907043677501380e+06 -8.723385532152233645e+06 -5.399141791474938393e+06 -1.594088171372007811e+06 -5.433272839275591541e+05 -3.411636209791661706e+06
4.284789754168117419e+06 1.603564563385073096e+06 -1.628285928869147087e+06 1.611742716293343576e+06 -2.370476262773702387e+06 -1.517585329261436826e+06 -1.455063874322928721e+06 -3.950185362857717555e+05 -3.877353385872751242e+05 -8.340808244399069808e+06 7.100675266032083333e+07 6.002759428197872825e+06 3.815098906642988324e+06 -2.996898823974551633e+06 9.510777793433270417e+05 4.390489020935335429e+05 1.376954591418095864e+06 7.400683232481299201e+05
-4.880378919521936215e+06 2.491153655725412071e+06 5.307961214654049836e+06 -3.217995384303998435e+05 2.611648461400513770e+05 -2.824401230894299806e+05 -9.765504350435214583e+05 -3.975565331972826971e+04 2.297488036139413889e+05 -1.511738080415979214e+07 6.002759428197872825e+06 2.427798344765619561e+07 -6.120073369991899235e+05 3.535542137635678519e+06 1.870943118755774340e+06 -9.667860540717217373e+05 1.532157746244360693e+06 1.321260930432603229e+06
4.872766605849459767e+06 3.575975181905402802e+06 -1.049363120696997066e+04 9.505830090916687623e+05 5.767137998118672986e+05 -6.830280023504108249e+04 4.829094890461656614e+05 -8.550945034562100773e+03 -1.464196289373510226e+05 -9.329907043677501380e+06 3.815098906642988324e+06 -6.120073369991899235e+05 9.735344245282389224e+06 5.632704887982342625e+05 -4.248391269572196179e+05 1.191795195394133218e+06 2.302130244911605841e+05 2.867235712406481034e+05
-1.627606653615757124e+06 -1.158264391951425932e+06 1.687363225824020104e+06 9.700033633664313238e+05 1.464286172796334606e+06 -2.875437600140178110e+05 -2.479204903422288771e+05 5.022077417733215843e+05 2.572309165959923412e+05 -8.723385532152233645e+06 -2.996898823974551633e+06 3.535542137635678519e+06 5.632704887982342625e+05 6.891956750885066576e+06 4.847550311115655932e+05 4.580477840165937087e+05 -3.557461418148403754e+05 2.259591260517454648e+05
-2.827665161460156552e+06 8.500876751773094293e+05 4.735712698344581295e+05 -4.362969146172510809e+05 5.324566312511743745e+05 -9.933556683036631148e+04 -3.833582376490825554e+05 1.137268210797516804e+05 6.657570624445438443e+04 -5.399141791474938393e+06 9.510777793433270417e+05 1.870943118755774340e+06 -4.248391269572196179e+05 4.847550311115655932e+05 2.400732498711071908e+06 -3.838773011525235488e+05 -1.136525018202220090e+05 8.698829031254530128e+04
2.118300462721792981e+06 8.127049623657893389e+05 3.368391911946661421e+05 4.389571469317513402e+04 9.098695094105694443e+04 7.059814128859309130e+04 4.147596145246502128e+05 2.413550425874534267e+04 1.275765104313711390e+03 -1.594088171372007811e+06 4.390489020935335429e+05 -9.667860540717217373e+05 1.191795195394133218e+06 4.580477840165937087e+05 -3.838773011525235488e+05 1.668077960406945087e+06 3.946746547033755633e+04 -2.485875925252346860e+03
-9.088908060182165354e+04 1.156062081254503690e+06 5.814520944269901520e+04 1.227353989082494227e+05 9.810301563540256757e+04 1.331828655716535577e+05 -3.240750221443311239e+04 5.167643849871848943e+03 1.748688981721091841e+04 -5.433272839275591541e+05 1.376954591418095864e+06 1.532157746244360693e+06 2.302130244911605841e+05 -3.557461418148403754e+05 -1.136525018202220090e+05 3.946746547033755633e+04 1.007588547438095789e+06 3.131768706432133913e+05
-4.113826716456926079e+05 2.920934944028974860e+05 -4.754027813430185197e+05 9.865439322543039452e+04 -1.573992656524947379e+05 8.794651438001732458e+04 7.427513205223459227e+04 -2.127168931427487769e+04 1.023984062764654227e+05 -3.411636209791661706e+06 7.400683232481299201e+05 1.321260930432603229e+06 2.867235712406481034e+05 2.259591260517454648e+05 8.698829031254530128e+04 -2.485875925252346860e+03 3.131768706432133913e+05 6.845162295925928047e+05
