# lambda=0.14554465123513077
7.201095502466380596e+07 4.362944379493082874e+06 6.795188294085390866e+06 -2.962076842973466264e+05 2.632755230038669892e+06 -2.361742026421298215e+05 3.036818739124877611e+05 -6.853278441922755446e+05 -6.144763286601027939e+05 2.413853667409317568e+07 -1.043082204987130128e+07 -7.622623682318369858e+06 -1.096736184866039827e+07 -3.943771162775465637e+05 -2.816602717208834365e+06 -4.900858211039490998e+06 -2.056029887694634497e+06 -3.335829068872250151e+06
4.362944379493082874e+06 1.068490128983336873e+07 2.187585062051575514e+05 7.668350145198680693e+05 1.837966597982203821e+06 2.437226900535340246e+05 6.423083267806645017e+05 5.393935819935307372e+05 -1.537938156921364716e+05 2.048241538885936141e+06 5.538685486713962629e+06 -6.271602286215971224e+06 2.023029481331062270e+06 1.726842762987434864e+06 -6.970781401357124560e+05 5.189018233748030616e+05 1.126351971050868975e+06 1.350529682200426396e+04
6.795188294085390866e+06 2.187585062051575514e+05 5.731143374024583958e+06 5.089226998313756194e+05 8.079025600736921187e+05 2.888075624701693887e+05 1.853329451172681293e+05 2.326537252928761300e+05 1.882169777331772493e+05 -3.486133413741257973e+06 -5.645867180176107213e+05 1.681490078730125446e+06 -2.422036345271703787e+06 8.807862703659869730e+05 -7.698842330534741050e+05 2.311416478033867606e+05 -7.993420852765187738e+04 3.305731430068811460e+04
-2.962076842973466264e+05 7.668350145198680693e+05 5.089226998313756194e+05 2.361470861695626751e+06 5.315129126182277687e+05 3.375649511150498874e+05 1.433096699620831059e+05 7.664961155016778503e+04 2.147875191163559502e+05 -1.671936003739037551e+06 8.686150039152714889e+05 -1.425429928389171371e+06 3.229046692763267201e+05 -2.126736401906913306e+04 5.641979408268112456e+05 1.082939417620126624e+06 2.999415494325551554e+05 2.389681784940725483e+05
2.632755230038669892e+06 1.837966597982203821e+06 8.079025600736921187e+05 5.315129126182277687e+05 1.191247113934643334e+06 1.826235425467647437e+05 2.238759701043805107e+05 2.429155449076447694e+05 1.245521712946603075e+05 1.335424195159653202e+06 1.615483621692080516e+06 -2.281152214063329622e+06 -9.468843762997896411e+05 9.690457494399294956e+05 4.681343293291519512e+05 -1.430264184934425066e+04 3.719867456135626999e+05 1.184547450649308448e+05
-2.361742026421298215e+05 2.437226900535340246e+05 2.888075624701693887e+05 3.375649511150498874e+05 1.826235425467647437e+05 2.807003013906056876e+05 1.919710919568430691e+05 8.057341382758834516e+04 6.869156203523653676e+04 6.337903945895367069e+05 1.337567269608402275e+05 -6.950776609923894284e+05 1.746347305600819818e+05 1.241260099867937533e+05 -2.328701195041027313e+04 2.212305844736030558e+05 1.742826060146907403e+05 1.391764594331724220e+05
3.036818739124877611e+05 6.423083267806645017e+05 1.853329451172681293e+05 1.433096699620831059e+05 2.238759701043805107e+05 1.919710919568430691e+05 3.721972892383251456e+05 7.363679348387164646e+04 2.567448838820595847e+04 -2.364445619801167399e+06 -1.365103923796561139e+05 -1.546554474723708117e+06 -1.433196701980874604e+04 4.639524044994387077e+05 -2.031978798474539653e+05 1.248050070294970792e+05 1.001694499886858102e+05 -3.743663840657589026e+04
-6.853278441922755446e+05 5.393935819935307372e+05 2.326537252928761300e+05 7.664961155016778503e+04 2.429155449076447694e+05 8.057341382758834516e+04 7.363679348387164646e+04 2.270051468910209660e+05 7.336984146383834013e+04 8.239469809909054311e+05 1.177640700529615162e+06 -9.201849408019949915e+05 -7.248961224700488674e+04 2.782874984044525772e+05 -1.330647837080071622e+05 1.475911455574653228e+05 1.880901639213852468e+05 6.116613638772792910e+04
-6.144763286601027939e+05 -1.537938156921364716e+05 1.882169777331772493e+05 2.147875191163559502e+05 1.245521712946603075e+05 6.869156203523653676e+04 2.567448838820595847e+04 7.336984146383834013e+04 8.931387800281571981e+04 -3.351014341631248244e+05 1.230748761830508010e+05 -2.949077314032938448e+05 -1.314526994828560564e+05 1.816546274204777437e+05 1.784825541775983002e+05 1.064299888926255371e+05 1.488414641012187349e+05 4.278023627067909547e+04
2.413853667409317568e+07 2.048241538885936141e+06 -3.486133413741257973e+06 -1.671936003739037551e+06 1.335424195159653202e+06 6.337903945895367069e+05 -2.364445619801167399e+06 8.239469809909054311e+05 -3.351014341631248244e+05 2.671973764919146001e+08 4.882118593748089671e+07 -1.799810504141005501e+07 -9.327526474472582340e+06 -5.624259002048283583e+05 -1.338452019189912593e+06 -5.255783277203527279e+06 2.333058726807598956e+06 4.019848498651521746e+06
-1.043082204987130128e+07 5.538685486713962629e+06 -5.645867180176107213e+05 8.686150039152714889e+05 1.615483621692080516e+06 1.337567269608402275e+05 -1.365103923796561139e+05 1.177640700529615162e+06 1.230748761830508010e+05 4.882118593748089671e+07 5.326916751466652751e+07 9.050169371293979930e+05 3.409079313349881209e+06 2.112044334590758663e+06 -1.024557282133123721e+06 -4.778929827628289349e+05 2.557561156901465147e+05 1.342457251990211196e+06
-7.622623682318369858e+06 -6.271602286215971224e+06 1.681490078730125446e+06 -1.425429928389171371e+06 -2.281152214063329622e+06 -6.950776609923894284e+05 -1.546554474723708117e+06 -9.201849408019949915e+05 -2.949077314032938448e+05 -1.799810504141005501e+07 9.050169371293979930e+05 2.332517681472063065e+07 3.713067109600895550e+06 -3.436209393419375177e+06 1.565707570533708204e+06 1.276518132305172621e+05 -1.191284694569465239e+06 7.583436507243486121e+05
-1.096736184866039827e+07 2.023029481331062270e+06 -2.422036345271703787e+06 3.229046692763267201e+05 -9.468843762997896411e+05 1.746347305600819818e+05 -1.433196701980874604e+04 -7.248961224700488674e+04 -1.314526994828560564e+05 -9.327526474472582340e+06 3.409079313349881209e+06 3.713067109600895550e+06 8.200073069101495668e+06 -1.745418186441744037e+05 -7.657396639380961460e+03 1.412016290553924162e+06 4.298129740978517220e+05 7.944072037936639972e+05
-3.943771162775465637e+05 1.726842762987434864e+06 8.807862703659869730e+05 -2.126736401906913306e+04 9.690457494399294956e+05 1.241260099867937533e+05 4.639524044994387077e+05 2.782874984044525772e+05 1.816546274204777437e+05 -5.624259002048283583e+05 2.112044334590758663e+06 -3.436209393419375177e+06 -1.745418186441744037e+05 4.319866183548918925e+06 1.572615918603743485e+05 2.732106382697498193e+05 5.422185889906154480e+05 -6.385272886538312378e+03
-2.816602717208834365e+06 -6.970781401357124560e+05 -7.698842330534741050e+05 5.641979408268112456e+05 4.681343293291519512e+05 -2.328701195041027313e+04 -2.031978798474539653e+05 -1.330647837080071622e+05 1.784825541775983002e+05 -1.338452019189912593e+06 -1.024557282133123721e+06 1.565707570533708204e+06 -7.657396639380961460e+03 1.572615918603743485e+05 3.323326484164041933e+06 3.809114967099842615e+05 1.055103803261011373e+06 6.970986592481107218e+05
-4.900858211039490998e+06 5.189018233748030616e+05 2.311416478033867606e+05 1.082939417620126624e+06 -1.430264184934425066e+04 2.212305844736030558e+05 1.248050070294970792e+05 1.475911455574653228e+05 1.064299888926255371e+05 -5.255783277203527279e+06 -4.778929827628289349e+05 1.276518132305172621e+05 1.412016290553924162e+06 2.732106382697498193e+05 3.809114967099842615e+05 1.917373909928251058e+06 5.069749037329943385e+05 5.089766991975727142e+05
-2.056029887694634497e+06 1.126351971050868975e+06 -7.993420852765187738e+04 2.999415494325551554e+05 3.719867456135626999e+05 1.742826060146907403e+05 1.001694499886858102e+05 1.880901639213852468e+05 1.488414641012187349e+05 2.333058726807598956e+06 2.557561156901465147e+05 -1.191284694569465239e+06 4.298129740978517220e+05 5.422185889906154480e+05 1.055103803261011373e+06 5.069749037329943385e+05 1.469997373040647712e+06 3.572857268693796941e+05
-3.335829068872250151e+06 1.350529682200426396e+04 3.305731430068811460e+04 2.389681784940725483e+05 1.184547450649308448e+05 1.391764594331724220e+05 -3.743663840657589026e+04 6.116613638772792910e+04 4.278023627067909547e+04 4.019848498651521746e+06 1.342457251990211196e+06 7.583436507243486121e+05 7.944072037936639972e+05 -6.385272886538312378e+03 6.970986592481107218e+05 5.089766991975727142e+05 3.572857268693796941e+05 6.830173645750021096e+05
