# lambda=0.16160689085353702
3.671700871786602587e+07 -1.017334045908440487e+06 -1.715057140280583873e+06 -2.262457660020460375e+06 3.308287159903956926e+05 9.500819405459429836e+05 2.719964308511957061e+05 -6.734523565618347493e+04 -5.287119277756167576e+05 3.363099041404526681e+07 8.094234935115710832e+06 9.789850905551889911e+06 2.525702751468851638e+05 -1.402211101940553403e+06 8.874496524212006480e+05 2.672136546109058429e+06 1.889266682795308530e+06 -2.180012979679889977e+05
-1.017334045908440487e+06 1.248549840628344938e+07 -9.790049586027031182e+04 2.996667804153919569e+05 9.518746281343544251e+04 2.783404004079881706e+05 1.058223736080975214e+05 1.418475304773062817e+05 2.925890328254472115e+05 -5.553762674936947878e+05 8.902508081640148535e+06 -3.848012424961777404e+06 7.522713839953509159e+05 -2.043499526827062247e+06 -1.631976076400771039e+06 1.155937935202480294e+06 9.250478009377709823e+05 -7.990173337363268365e+04
-1.715057140280583873e+06 -9.790049586027031182e+04 5.478325698912412859e+06 7.666836846761518391e+05 -5.331316008117730962e+05 8.127142808088377351e+05 -6.036275163771517691e+04 8.454418486169251264e+04 1.263959290005948424e+05 -1.557010936222377466e+06 -4.336865150449857116e+06 3.724686879834967665e+06 3.996380151974705979e+06 1.651770604468473699e+06 1.383122369938931661e+06 -2.477636727909787733e+05 -3.656905961939860717e+05 -2.713332006056779064e+05
-2.262457660020460375e+06 2.996667804153919569e+05 7.666836846761518391e+05 1.465097252665373264e+06 2.665289996518143453e+05 1.021518511458031280e+05 2.056984703797311231e+05 3.312211084035103704e+04 1.754638299063410523e+04 -2.146389549893714022e+06 -3.847966447232041508e+06 -1.314330877408287721e+06 8.095992007705991855e+05 7.642800222481224919e+05 9.536353960699016461e+05 2.519506528906517487e+05 -3.589719226336759166e+05 -1.250921438172672060e+05
3.308287159903956926e+05 9.518746281343544251e+04 -5.331316008117730962e+05 2.665289996518143453e+05 1.237035240248621441e+06 6.936983364533729036e+04 -1.067237133770198488e+04 1.282600181427904899e+05 -9.559033926881438674e+03 8.211187635934820864e+05 -1.503878656558158342e+06 -6.466586501375313383e+05 2.452964425747314817e+05 -6.086507312514648074e+05 -4.566625647093264270e+05 2.243159783280216798e+05 5.261407358218370937e+05 -2.217810163775038673e+05
9.500819405459429836e+05 2.783404004079881706e+05 8.127142808088377351e+05 1.021518511458031280e+05 6.936983364533729036e+04 6.728471981565003516e+05 1.247803319471736322e+05 1.721664533657578286e+05 7.919688195637732861e+04 9.105948513542467845e+04 4.129584056101843016e+05 5.403972370966629824e+05 9.661263181280798744e+05 2.548407396674849733e+05 3.528886394220083021e+05 3.118371901151037891e+05 3.012492705160469632e+05 1.352788375660844031e+05
2.719964308511957061e+05 1.058223736080975214e+05 -6.036275163771517691e+04 2.056984703797311231e+05 -1.067237133770198488e+04 1.247803319471736322e+05 3.988999681698817876e+05 7.935214039784936176e+04 3.917523760585534183e+04 8.711292803385521984e+05 -5.696590952919594711e+05 4.978655567556819005e+04 2.265289339029901894e+05 1.704580705416873679e+05 1.722465414314435911e+05 4.959270816791642574e+05 1.046810528716607514e+05 8.881569202721005422e+04
-6.734523565618347493e+04 1.418475304773062817e+05 8.454418486169251264e+04 3.312211084035103704e+04 1.282600181427904899e+05 1.721664533657578286e+05 7.935214039784936176e+04 1.932247850920500932e+05 4.413682746172082989e+04 -2.067750287135101389e+06 2.146317214743087243e+05 -1.772521330092688731e+04 1.070199276738943154e+05 -4.231848137911069352e+04 -2.018581654757929500e+05 7.296404058408441779e+04 2.794042187200569315e+05 1.056539781964946742e+05
-5.287119277756167576e+05 2.925890328254472115e+05 1.263959290005948424e+05 1.754638299063410523e+04 -9.559033926881438674e+03 7.919688195637732861e+04 3.917523760585534183e+04 4.413682746172082989e+04 8.019101697673590388e+04 -9.824262507355202688e+05 2.838842788553194259e+05 1.539278421741489547e+04 1.600156736580230936e+05 -9.531269576392913586e+04 -2.991270329275376207e+04 6.376475852258971281e+04 1.341722733845096081e+05 9.668880842291106819e+04
3.363099041404526681e+07 -5.553762674936947878e+05 -1.557010936222377466e+06 -2.146389549893714022e+06 8.211187635934820864e+05 9.105948513542467845e+04 8.711292803385521984e+05 -2.067750287135101389e+06 -9.824262507355202688e+05 2.445600749188731313e+08 -4.952005972576820292e+06 2.119370645128046721e+07 3.196945361341385636e+06 4.148746849067635369e+06 1.053253631808278849e+06 2.487675160770416842e+05 1.441130520730640274e+06 -1.033661853212052025e+06
8.094234935115710832e+06 8.902508081640148535e+06 -4.336865150449857116e+06 -3.847966447232041508e+06 -1.503878656558158342e+06 4.129584056101843016e+05 -5.696590952919594711e+05 2.146317214743087243e+05 2.838842788553194259e+05 -4.952005972576820292e+06 4.761987025546989590e+07 -2.949411615096107125e+06 -3.280141712327089161e+06 -2.602480904230752960e+06 -6.482855157922868384e+05 8.833644531007129699e+05 3.358341132327132393e+06 1.081838977449851809e+06
9.789850905551889911e+06 -3.848012424961777404e+06 3.724686879834967665e+06 -1.314330877408287721e+06 -6.466586501375313383e+05 5.403972370966629824e+05 4.978655567556819005e+04 -1.772521330092688731e+04 1.539278421741489547e+04 2.119370645128046721e+07 -2.949411615096107125e+06 1.540831697889502719e+07 2.964449873507374432e+06 1.472201152895257575e+06 1.645215249251504429e+05 -8.830561361915435409e+05 -2.186733451284043258e+05 -2.592566993280702445e+05
2.525702751468851638e+05 7.522713839953509159e+05 3.996380151974705979e+06 8.095992007705991855e+05 2.452964425747314817e+05 9.661263181280798744e+05 2.265289339029901894e+05 1.070199276738943154e+05 1.600156736580230936e+05 3.196945361341385636e+06 -3.280141712327089161e+06 2.964449873507374432e+06 7.741577782252032310e+06 1.597596634421313647e+06 1.943458638973674271e+06 7.377231695245275041e+05 2.008648574079530081e+05 -4.158317091721392353e+05
-1.402211101940553403e+06 -2.043499526827062247e+06 1.651770604468473699e+06 7.642800222481224919e+05 -6.086507312514648074e+05 2.548407396674849733e+05 1.704580705416873679e+05 -4.231848137911069352e+04 -9.531269576392913586e+04 4.148746849067635369e+06 -2.602480904230752960e+06 1.472201152895257575e+06 1.597596634421313647e+06 4.162566267218136694e+06 2.064664213342953473e+06 8.349128775802162636e+03 -1.009638051386469393e+06 5.052150694888391445e+04
8.874496524212006480e+05 -1.631976076400771039e+06 1.383122369938931661e+06 9.536353960699016461e+05 -4.566625647093264270e+05 3.528886394220083021e+05 1.722465414314435911e+05 -2.018581654757929500e+05 -2.991270329275376207e+04 1.053253631808278849e+06 -6.482855157922868384e+05 1.645215249251504429e+05 1.943458638973674271e+06 2.064664213342953473e+06 4.323122101567372680e+06 2.803072019709284650e+05 -8.073286698817560682e+05 -9.254168504273444705e+04
2.672136546109058429e+06 1.155937935202480294e+06 -2.477636727909787733e+05 2.519506528906517487e+05 2.243159783280216798e+05 3.118371901151037891e+05 4.959270816791642574e+05 7.296404058408441779e+04 6.376475852258971281e+04 2.487675160770416842e+05 8.833644531007129699e+05 -8.830561361915435409e+05 7.377231695245275041e+05 8.349128775802162636e+03 2.803072019709284650e+05 1.992751398488712031e+06 5.694913993358456064e+05 7.270654570824615075e+04
1.889266682795308530e+06 9.250478009377709823e+05 -3.656905961939860717e+05 -3.589719226336759166e+05 5.261407358218370937e+05 3.012492705160469632e+05 1.046810528716607514e+05 2.794042187200569315e+05 1.341722733845096081e+05 1.441130520730640274e+06 3.358341132327132393e+06 -2.186733451284043258e+05 2.008648574079530081e+05 -1.009638051386469393e+06 -8.073286698817560682e+05 5.694913993358456064e+05 1.399564114804346813e+06 2.105467995699447638e+05
-2.180012979679889977e+05 -7.990173337363268365e+04 -2.713332006056779064e+05 -1.250921438172672060e+05 -2.217810163775038673e+05 1.352788375660844031e+05 8.881569202721005422e+04 1.056539781964946742e+05 9.668880842291106819e+04 -1.033661853212052025e+06 1.081838977449851809e+06 -2.592566993280702445e+05 -4.158317091721392353e+05 5.052150694888391445e+04 -9.254168504273444705e+04 7.270654570824615075e+04 2.105467995699447638e+05 4.558939637354631559e+05
