# lambda=0.13720128901703244
5.804741682987917960e+07 1.258273568727061711e+07 1.742186627048205584e+06 -1.204679340321689146e+06 1.859166951640533283e+06 3.392810311702363542e+05 9.734373387517345691e+03 8.749360604440995667e+04 1.679985801114796413e+04 5.182032200103575736e+07 3.098549066175917163e+07 -7.587979297477055807e+05 -4.962449825629916042e+06 -5.221503365915978327e+06 -1.706686414045435376e+06 7.454698012591896986e+04 -2.650450301433842396e+05 4.335637733013837715e+05
1.258273568727061711e+07 1.009195972517136484e+07 -1.870449118858760048e+05 -1.423066438098393555e+05 3.819305973337581963e+05 -2.609620568496873602e+04 2.119552938513084955e+05 5.950776069229638233e+04 2.160088349134563468e+05 8.911831127312120050e+06 1.200265371033341624e+07 -6.765183341922284104e+06 -5.803635174785370007e+06 -2.458845994650145527e+06 -1.146660126802293118e+06 1.329407155329227680e+05 -3.682684442211043206e+05 -7.148173598423817893e+05
1.742186627048205584e+06 -1.870449118858760048e+05 3.666613391990898177e+06 1.033003166464699781e+06 4.628146061510881409e+05 1.940665690718264377e+05 1.657782557624822948e+05 9.771026009764662376e+03 -1.730841134484698414e+05 1.523887407598962076e+06 -1.625294994612989482e+06 5.070801939873993397e+06 -1.384173282050017733e+05 -6.093387123333744239e+05 2.058680116845195589e+05 -2.811282191796543775e+05 2.316008480965035851e+05 -9.690749631904057537e+01
-1.204679340321689146e+06 -1.423066438098393555e+05 1.033003166464699781e+06 2.773615177978994325e+06 4.205109185395487293e+04 5.361104982641758397e+05 -6.759108457369594362e+03 -1.305421578321776906e+05 -3.714695996806852781e+04 -1.724916029236533912e+06 -2.215434738778234459e+06 4.984118343611110467e+05 1.529951726838081144e+06 5.020189330693659722e+05 9.475509928622810403e+05 4.205851665614506928e+05 4.612200051180219161e+05 -3.735138224742812599e+04
1.859166951640533283e+06 3.819305973337581963e+05 4.628146061510881409e+05 4.205109185395487293e+04 9.479183440038942499e+05 -4.547257877129016561e+04 8.295441093981378344e+02 1.703927534973651636e+05 -3.129210694766768938e+04 3.765502699215414468e+05 1.658803891657006694e+06 1.055808902885991614e+06 -1.445650786645215470e+06 4.734213589721681783e+05 -1.979643043698876281e+05 4.506925654024475371e+05 -4.358122904539965384e+04 -1.467557867425762815e+05
3.392810311702363542e+05 -2.609620568496873602e+04 1.940665690718264377e+05 5.361104982641758397e+05 -4.547257877129016561e+04 5.247511433836366050e+05 9.416394236823731626e+04 -1.686974214266068884e+04 4.214670870153862779e+03 -7.982515870497635333e+05 -7.868392237076486927e+05 6.750137501021027565e+05 6.311313862550123595e+05 3.378787058105138713e+05 3.450942982642491697e+05 2.947747081616072101e+05 8.457999102767072327e+04 1.051780702452033438e+03
9.734373387517345691e+03 2.119552938513084955e+05 1.657782557624822948e+05 -6.759108457369594362e+03 8.295441093981378344e+02 9.416394236823731626e+04 2.791258770418078057e+05 6.455993643531270209e+04 -6.296091333590748945e+03 -1.505639503395176027e+06 -6.178109255966322962e+05 -1.132947338482392079e+05 1.134495309245200187e+05 -4.255426919578374509e+03 5.502656817601478542e+04 1.758760508028604090e+05 2.668588597923324778e+04 3.141016935447432843e+04
8.749360604440995667e+04 5.950776069229638233e+04 9.771026009764662376e+03 -1.305421578321776906e+05 1.703927534973651636e+05 -1.686974214266068884e+04 6.455993643531270209e+04 2.001354919487419538e+05 9.996497409629795584e+03 -9.904755497362788301e+05 5.630193357924695592e+05 4.659904927092460566e+05 -1.301044013708980638e+05 4.473140902901834343e+05 1.207426360315387574e+05 2.100119489051119017e+05 7.682969652783044148e+04 9.488134316354356997e+04
1.679985801114796413e+04 2.160088349134563468e+05 -1.730841134484698414e+05 -3.714695996806852781e+04 -3.129210694766768938e+04 4.214670870153862779e+03 -6.296091333590748945e+03 9.996497409629795584e+03 7.279151991381742118e+04 -3.866508425645220996e+04 3.773813267796848668e+05 -4.387638306977947941e+05 2.549809398945999856e+05 2.469119635694188764e+05 1.423367205485404993e+05 2.075725197020698979e+05 9.175257796791751389e+03 -2.381178079408870690e+04
5.182032200103575736e+07 8.911831127312120050e+06 1.523887407598962076e+06 -1.724916029236533912e+06 3.765502699215414468e+05 -7.982515870497635333e+05 -1.505639503395176027e+06 -9.904755497362788301e+05 -3.866508425645220996e+04 2.183888470512455106e+08 2.318057810953998566e+07 2.818685509069247171e+06 4.218789428735787049e+06 -7.896765053462705109e+05 7.425189662159934640e+06 -2.201983315322249196e+06 7.851090094961378491e+05 -2.505690536070530361e+05
3.098549066175917163e+07 1.200265371033341624e+07 -1.625294994612989482e+06 -2.215434738778234459e+06 1.658803891657006694e+06 -7.868392237076486927e+05 -6.178109255966322962e+05 5.630193357924695592e+05 3.773813267796848668e+05 2.318057810953998566e+07 7.204406815929961205e+07 6.367104893100364134e+06 -5.560509531082488596e+06 -2.543896406843515579e+06 -1.740666773646327667e+06 -1.053205701678294921e+06 7.553751416045327205e+05 3.053069259026420768e+05
-7.587979297477055807e+05 -6.765183341922284104e+06 5.070801939873993397e+06 4.984118343611110467e+05 1.055808902885991614e+06 6.750137501021027565e+05 -1.132947338482392079e+05 4.659904927092460566e+05 -4.387638306977947941e+05 2.818685509069247171e+06 6.367104893100364134e+06 3.170710797990767658e+07 4.074938624325866811e+06 -8.630119913697724696e+05 -6.728458073380613932e+05 -1.862640517243845155e+06 6.624292581196592655e+05 1.303911412692809245e+06
-4.962449825629916042e+06 -5.803635174785370007e+06 -1.384173282050017733e+05 1.529951726838081144e+06 -1.445650786645215470e+06 6.311313862550123595e+05 1.134495309245200187e+05 -1.301044013708980638e+05 2.549809398945999856e+05 4.218789428735787049e+06 -5.560509531082488596e+06 4.074938624325866811e+06 1.173614987983999774e+07 2.765420108174244873e+06 3.416534279917209409e+06 1.516231444317122921e+06 8.331212613041074947e+05 7.855164933355792891e+05
-5.221503365915978327e+06 -2.458845994650145527e+06 -6.093387123333744239e+05 5.020189330693659722e+05 4.734213589721681783e+05 3.378787058105138713e+05 -4.255426919578374509e+03 4.473140902901834343e+05 2.469119635694188764e+05 -7.896765053462705109e+05 -2.543896406843515579e+06 -8.630119913697724696e+05 2.765420108174244873e+06 6.659527025021124631e+06 2.732930305690551642e+06 1.999861505579006625e+06 6.585938859672609251e+05 9.259622017809585668e+04
-1.706686414045435376e+06 -1.146660126802293118e+06 2.058680116845195589e+05 9.475509928622810403e+05 -1.979643043698876281e+05 3.450942982642491697e+05 5.502656817601478542e+04 1.207426360315387574e+05 1.423367205485404993e+05 7.425189662159934640e+06 -1.740666773646327667e+06 -6.728458073380613932e+05 3.416534279917209409e+06 2.732930305690551642e+06 3.657241664087904152e+06 1.094177148148444248e+06 5.404559111060847063e+05 -2.099224043209103183e+04
7.454698012591896986e+04 1.329407155329227680e+05 -2.811282191796543775e+05 4.205851665614506928e+05 4.506925654024475371e+05 2.947747081616072101e+05 1.758760508028604090e+05 2.100119489051119017e+05 2.075725197020698979e+05 -2.201983315322249196e+06 -1.053205701678294921e+06 -1.862640517243845155e+06 1.516231444317122921e+06 1.999861505579006625e+06 1.094177148148444248e+06 2.330313060604434460e+06 2.163082454068141815e+05 -3.917773611515770608e+04
-2.650450301433842396e+05 -3.682684442211043206e+05 2.316008480965035851e+05 4.612200051180219161e+05 -4.358122904539965384e+04 8.457999102767072327e+04 2.668588597923324778e+04 7.682969652783044148e+04 9.175257796791751389e+03 7.851090094961378491e+05 7.553751416045327205e+05 6.624292581196592655e+05 8.331212613041074947e+05 6.585938859672609251e+05 5.404559111060847063e+05 2.163082454068141815e+05 8.191852215834697708e+05 3.947664675384943257e+05
4.335637733013837715e+05 -7.148173598423817893e+05 -9.690749631904057537e+01 -3.735138224742812599e+04 -1.467557867425762815e+05 1.051780702452033438e+03 3.141016935447432843e+04 9.488134316354356997e+04 -2.381178079408870690e+04 -2.505690536070530361e+05 3.053069259026420768e+05 1.303911412692809245e+06 7.855164933355792891e+05 9.259622017809585668e+04 -2.099224043209103183e+04 -3.917773611515770608e+04 3.947664675384943257e+05 5.454650288124487270e+05
