# lambda=0.12792221208355262
3.246792972291817144e+07 -7.115438000092228176e+05 -4.426297289811317809e+06 -1.981696370726602152e+06 -3.128918380097221234e+05 -9.121349573889406165e+05 7.893240287205269851e+04 -6.833581527260440635e+05 -1.107285907906444336e+05 3.763006030518542230e+07 2.151959572676445358e+06 6.254334827985356562e+06 -1.040747033779090643e+07 1.069156857584422454e+06 -6.282673343887989176e+05 7.486523832430342445e+05 -1.709863275783274090e+06 -1.357175824393470073e+06
-7.115438000092228176e+05 1.001256927447674796e+07 2.573110523194873706e+06 5.170651923929929617e+05 1.065312460654447554e+06 -1.807472095362851687e+05 2.533335043397751870e+05 3.659535563421201077e+05 3.561133724991393974e+05 1.254076883750725072e+06 7.247150752359632403e+06 3.927248420388308587e+05 1.267365178536367370e+06 1.850233377369463211e+06 1.903613138929989655e+06 1.737180916800517123e+06 2.074902725570584298e+05 4.873222775697571924e+05
-4.426297289811317809e+06 2.573110523194873706e+06 4.781185845572666265e+06 1.128833285701550310e+06 4.562021119738693815e+05 2.000445485126831336e+05 3.132721406696484191e+05 -6.099639375634600583e+03 -5.906704337267582741e+04 4.064207905987945851e+06 2.818150668378870469e+06 2.321853529279418755e+06 2.887763670924182050e+06 2.824117505619503092e+06 -5.830780336273672292e+05 6.217629555599682499e+05 3.038486047520657303e+05 8.562066537173502147e+05
-1.981696370726602152e+06 5.170651923929929617e+05 1.128833285701550310e+06 1.707427374937248416e+06 4.153394712372610229e+05 1.701592006849469326e+05 2.046599639159441722e+03 -8.273028392766488832e+04 -1.650070562213139419e+04 -3.205489373785145581e+06 1.891160671773297479e+06 1.333009427003256511e+06 2.362340617406238336e+06 1.311565238311750814e+06 2.048839066817735438e+05 2.624859483031211421e+05 -2.319027371977422154e+05 1.523139270904426521e+05
-3.128918380097221234e+05 1.065312460654447554e+06 4.562021119738693815e+05 4.153394712372610229e+05 7.397107083520860178e+05 1.436762274513565062e+05 -1.404527886473181206e+04 -2.819618059223925593e+04 7.841127761470722908e+04 3.896478255157885607e+06 4.619153885696195066e+06 -3.460395337259303778e+05 1.299980984326179314e+05 1.040936926713436493e+06 3.225828938133512856e+05 6.109750311015278385e+03 -7.971120774471640470e+04 1.281487889255147020e+05
-9.121349573889406165e+05 -1.807472095362851687e+05 2.000445485126831336e+05 1.701592006849469326e+05 1.436762274513565062e+05 4.556220168486980838e+05 1.973828886582902633e+05 6.007919370690051437e+04 1.192295112402980885e+05 -3.664449961622130359e+05 7.870904132595168194e+05 -7.767419857144767884e+05 4.944216734146128874e+05 2.021663885975586891e+05 -1.949624931873944588e+05 -4.684825486710949190e+04 1.945225392688840511e+05 1.794863864967138215e+05
7.893240287205269851e+04 2.533335043397751870e+05 3.132721406696484191e+05 2.046599639159441722e+03 -1.404527886473181206e+04 1.973828886582902633e+05 3.601210153782419511e+05 1.047835693730862404e+05 5.704790731803962990e+04 2.125623271129349712e+06 -6.269907566695602145e+04 1.857621040390304406e+05 8.521877221726144198e+05 4.045179493159917183e+05 -3.023375370343273971e+03 4.059182066265090543e+04 1.670179992497371568e+05 1.267990605518022057e+05
-6.833581527260440635e+05 3.659535563421201077e+05 -6.099639375634600583e+03 -8.273028392766488832e+04 -2.819618059223925593e+04 6.007919370690051437e+04 1.047835693730862404e+05 2.073244739072603406e+05 1.301861245340737369e+05 -2.058821883416170720e+06 -7.947213240246921778e+05 -5.840100299037929290e+03 1.914941273507699661e+05 -1.661789256129678688e+05 2.820235074716369490e+04 2.239885906043547220e+04 7.459170677740538667e+04 6.457234984369453014e+04
-1.107285907906444336e+05 3.561133724991393974e+05 -5.906704337267582741e+04 -1.650070562213139419e+04 7.841127761470722908e+04 1.192295112402980885e+05 5.704790731803962990e+04 1.301861245340737369e+05 2.071728198471173237e+05 -1.649996907057055738e+06 -6.921643306918086018e+05 -1.950964838473297132e+05 3.811605650754568051e+05 4.990344867532034550e+04 1.455134864733776885e+04 -1.868792101206718871e+04 2.101425772904777114e+04 5.393701353912601189e+04
3.763006030518542230e+07 1.254076883750725072e+06 4.064207905987945851e+06 -3.205489373785145581e+06 3.896478255157885607e+06 -3.664449961622130359e+05 2.125623271129349712e+06 -2.058821883416170720e+06 -1.649996907057055738e+06 2.544365241683163941e+08 4.457247309618330747e+07 1.582751695213238336e+07 -1.322073160702980869e+07 1.593780601902446337e+07 1.476360949521727627e+06 8.694387236813749769e+04 2.756538290915443096e+06 1.004194188214529888e+06
2.151959572676445358e+06 7.247150752359632403e+06 2.818150668378870469e+06 1.891160671773297479e+06 4.619153885696195066e+06 7.870904132595168194e+05 -6.269907566695602145e+04 -7.947213240246921778e+05 -6.921643306918086018e+05 4.457247309618330747e+07 9.718451329378144443e+07 1.908617809549416229e+07 -3.291950298193665221e+06 9.261962978846032172e+06 -1.506642680379327154e+06 -1.020701809110315517e+06 -7.734124605431726377e+04 1.263888793338494143e+06
6.254334827985356562e+06 3.927248420388308587e+05 2.321853529279418755e+06 1.333009427003256511e+06 -3.460395337259303778e+05 -7.767419857144767884e+05 1.857621040390304406e+05 -5.840100299037929290e+03 -1.950964838473297132e+05 1.582751695213238336e+07 1.908617809549416229e+07 3.503324145812613517e+07 1.719291863832114730e+06 4.713162391668625176e+06 -3.053165049089988461e+05 1.454944244997253409e+06 3.500146487453774316e+05 1.408983015257307561e+06
-1.040747033779090643e+07 1.267365178536367370e+06 2.887763670924182050e+06 2.362340617406238336e+06 1.299980984326179314e+05 4.944216734146128874e+05 8.521877221726144198e+05 1.914941273507699661e+05 3.811605650754568051e+05 -1.322073160702980869e+07 -3.291950298193665221e+06 1.719291863832114730e+06 1.769755942944585159e+07 3.423171445284415502e+06 9.489294101185392356e+05 5.496694249335061759e+05 -1.797522047735663364e+04 1.065961370501529193e+06
1.069156857584422454e+06 1.850233377369463211e+06 2.824117505619503092e+06 1.311565238311750814e+06 1.040936926713436493e+06 2.021663885975586891e+05 4.045179493159917183e+05 -1.661789256129678688e+05 4.990344867532034550e+04 1.593780601902446337e+07 9.261962978846032172e+06 4.713162391668625176e+06 3.423171445284415502e+06 6.614826694441485219e+06 3.839313340354405809e+05 -9.513902202396780194e+04 2.913796725669757579e+05 7.210620734245070489e+05
-6.282673343887989176e+05 1.903613138929989655e+06 -5.830780336273672292e+05 2.048839066817735438e+05 3.225828938133512856e+05 -1.949624931873944588e+05 -3.023375370343273971e+03 2.820235074716369490e+04 1.455134864733776885e+04 1.476360949521727627e+06 -1.506642680379327154e+06 -3.053165049089988461e+05 9.489294101185392356e+05 3.839313340354405809e+05 3.212540607875357382e+06 7.139213148782725912e+05 1.850864053960168094e+05 1.404658917612996593e+05
7.486523832430342445e+05 1.737180916800517123e+06 6.217629555599682499e+05 2.624859483031211421e+05 6.109750311015278385e+03 -4.684825486710949190e+04 4.059182066265090543e+04 2.239885906043547220e+04 -1.868792101206718871e+04 8.694387236813749769e+04 -1.020701809110315517e+06 1.454944244997253409e+06 5.496694249335061759e+05 -9.513902202396780194e+04 7.139213148782725912e+05 1.626014706521506887e+06 -7.268758932887134142e+04 2.279913809376247518e+05
-1.709863275783274090e+06 2.074902725570584298e+05 3.038486047520657303e+05 -2.319027371977422154e+05 -7.971120774471640470e+04 1.945225392688840511e+05 1.670179992497371568e+05 7.459170677740538667e+04 2.101425772904777114e+04 2.756538290915443096e+06 -7.734124605431726377e+04 3.500146487453774316e+05 -1.797522047735663364e+04 2.913796725669757579e+05 1.850864053960168094e+05 -7.268758932887134142e+04 9.433011550707247807e+05 3.278736449640923529e+05
-1.357175824393470073e+06 4.873222775697571924e+05 8.562066537173502147e+05 1.523139270904426521e+05 1.281487889255147020e+05 1.794863864967138215e+05 1.267990605518022057e+05 6.457234984369453014e+04 5.393701353912601189e+04 1.004194188214529888e+06 1.263888793338494143e+06 1.408983015257307561e+06 1.065961370501529193e+06 7.210620734245070489e+05 1.404658917612996593e+05 2.279913809376247518e+05 3.278736449640923529e+05 5.905552553920574719e+05
