# lambda=0.1554417502748523
3.528140367529401928e+07 5.226272602025359869e+06 2.921673108869349118e+06 1.531203415719357785e+06 -1.269179118784084450e+06 1.336852605285991915e+06 -1.026085807561640511e+06 5.100143388378497330e+05 -1.985558280915626383e+05 -8.598243389335010201e+06 -7.871686795380516909e+06 5.294691988865431398e+06 -1.380212199401612161e+05 -1.954826107401879271e+06 2.571149185636955779e+06 -2.526551266765975859e+06 2.521000414390397491e+05 1.225721942707211274e+05
5.226272602025359869e+06 1.127863378092964739e+07 -7.073663062529889867e+05 -6.232683149797091028e+05 1.505153118871678598e+05 -7.135535683202988002e+05 -1.517704977147909231e+05 2.213619347174128416e+04 1.280181724713811418e+05 -5.610353290578473359e+06 3.005453467492153402e+06 -9.854374009195385501e+06 -8.715878578898663400e+05 -2.485980299614226446e+06 -2.645063222300227266e+06 -5.770332505567345070e+05 5.854227234369581565e+05 4.450440293070882908e+05
2.921673108869349118e+06 -7.073663062529889867e+05 5.553694354591552168e+06 1.083733090571512934e+06 4.579864201382412575e+05 5.562583232307793805e+05 -2.699619408682836220e+05 2.284443388485450414e+05 6.424312693360538833e+04 -6.913833463942296803e+05 1.802008742435987806e+06 3.425575309948103968e+06 -8.218957900067147566e+05 -3.505684637533233617e+05 4.304537122094219085e+05 -5.089657968937357073e+05 -5.014375912369297585e+05 2.686722298644883558e+05
1.531203415719357785e+06 -6.232683149797091028e+05 1.083733090571512934e+06 2.224412016625851858e+06 1.209644888165564771e+05 3.975584294831216685e+05 1.791352837997798924e+05 1.294802955825944809e+05 3.086272410524799488e+04 -1.319232919537609909e+06 -1.132249668181562796e+06 1.093643758543961216e+06 5.709433449917935650e+04 1.558425219439947105e+05 1.613253729952941067e+05 3.760910628435519175e+05 3.268634973544673412e+05 -1.495500931843412400e+05
-1.269179118784084450e+06 1.505153118871678598e+05 4.579864201382412575e+05 1.209644888165564771e+05 7.295613348890256602e+05 5.121074012524077989e+04 -4.287338564348703221e+04 -9.827675497169369191e+04 2.241356678059652268e+02 -3.526304811444435734e+06 -6.558182479262864217e+05 5.189885392745026620e+05 -3.319227718862922047e+05 2.763992114946317161e+05 -2.413673219577325799e+05 -1.988409577848506451e+05 -1.048318600114190922e+05 -4.938081822941546125e+04
1.336852605285991915e+06 -7.135535683202988002e+05 5.562583232307793805e+05 3.975584294831216685e+05 5.121074012524077989e+04 6.937276140972231515e+05 -2.288379106668493841e+04 2.180972683583468461e+04 7.250968178993635229e+04 -5.644865801928561414e+05 1.115884298022184288e+06 2.729381133082413115e+06 7.137722072516261833e+05 5.014454710627604509e+05 9.530431034690057859e+05 -1.419354288139837990e+04 -2.670183647825876324e+04 -3.756673723424438504e+04
-1.026085807561640511e+06 -1.517704977147909231e+05 -2.699619408682836220e+05 1.791352837997798924e+05 -4.287338564348703221e+04 -2.288379106668493841e+04 2.650384465074549662e+05 3.604193584522039600e+04 3.608132857557626994e+04 -1.203458686362273293e+06 -3.035170075161802233e+05 -8.686040111738840642e+04 -1.118862135939135478e+05 3.203554139993663412e+05 -1.470361484082058305e+05 1.744736423331024998e+05 3.172060495406470000e+04 -5.852561075254371099e+04
5.100143388378497330e+05 2.213619347174128416e+04 2.284443388485450414e+05 1.294802955825944809e+05 -9.827675497169369191e+04 2.180972683583468461e+04 3.604193584522039600e+04 1.515047272656348941e+05 1.529934186906247305e+03 1.598349118120164610e+06 -1.751447399536496960e+05 -5.057911373243108974e+05 -2.867472055442800629e+05 -2.859933166358855669e+05 1.028628520212889998e+05 9.483833510199484590e+04 -4.296022091618564446e+04 -8.259402661355084274e+04
-1.985558280915626383e+05 1.280181724713811418e+05 6.424312693360538833e+04 3.086272410524799488e+04 2.241356678059652268e+02 7.250968178993635229e+04 3.608132857557626994e+04 1.529934186906247305e+03 9.957776413710556517e+04 8.346490187517122831e+04 4.361018018308694591e+05 -4.763646077183232410e+04 -1.014055155485026626e+05 -3.065481725457285575e+04 -3.270441555992084250e+04 -9.830872408079577144e+04 -6.108557365784682042e+04 2.224116198249501394e+03
-8.598243389335010201e+06 -5.610353290578473359e+06 -6.913833463942296803e+05 -1.319232919537609909e+06 -3.526304811444435734e+06 -5.644865801928561414e+05 -1.203458686362273293e+06 1.598349118120164610e+06 8.346490187517122831e+04 2.425956576314553022e+08 1.227059597128105164e+07 8.961446422007830814e+06 1.785640068769034743e+07 -3.033125608785728924e+06 4.104200907648771070e+06 4.292759980664812960e+06 -2.496012575647379737e+06 1.730695657371149166e+06
-7.871686795380516909e+06 3.005453467492153402e+06 1.802008742435987806e+06 -1.132249668181562796e+06 -6.558182479262864217e+05 1.115884298022184288e+06 -3.035170075161802233e+05 -1.751447399536496960e+05 4.361018018308694591e+05 1.227059597128105164e+07 6.508983424798471481e+07 -7.380889267294864170e+06 4.510006557707036845e+05 3.863027965298191993e+05 3.068622074823637493e+06 1.741078131666100118e+06 1.273793012928924989e+06 3.002767296306604985e+06
5.294691988865431398e+06 -9.854374009195385501e+06 3.425575309948103968e+06 1.093643758543961216e+06 5.189885392745026620e+05 2.729381133082413115e+06 -8.686040111738840642e+04 -5.057911373243108974e+05 -4.763646077183232410e+04 8.961446422007830814e+06 -7.380889267294864170e+06 2.940917385139523074e+07 5.731366520567068830e+06 4.078533254722258076e+06 4.042124057994531933e+06 -9.300940376859359676e+05 -1.233052429803017294e+06 -2.268305773104449909e+05
-1.380212199401612161e+05 -8.715878578898663400e+05 -8.218957900067147566e+05 5.709433449917935650e+04 -3.319227718862922047e+05 7.137722072516261833e+05 -1.118862135939135478e+05 -2.867472055442800629e+05 -1.014055155485026626e+05 1.785640068769034743e+07 4.510006557707036845e+05 5.731366520567068830e+06 9.512823149257075042e+06 2.071365185192738427e+06 1.905218201237789588e+06 -2.262961705865256081e+05 1.564271598157430999e+05 6.702256255591005320e+05
-1.954826107401879271e+06 -2.485980299614226446e+06 -3.505684637533233617e+05 1.558425219439947105e+05 2.763992114946317161e+05 5.014454710627604509e+05 3.203554139993663412e+05 -2.859933166358855669e+05 -3.065481725457285575e+04 -3.033125608785728924e+06 3.863027965298191993e+05 4.078533254722258076e+06 2.071365185192738427e+06 4.518162482211534865e+06 1.607770968048702925e+06 9.939877804684320290e+04 -2.292639943888570415e+05 3.538717769423660939e+05
2.571149185636955779e+06 -2.645063222300227266e+06 4.304537122094219085e+05 1.613253729952941067e+05 -2.413673219577325799e+05 9.530431034690057859e+05 -1.470361484082058305e+05 1.028628520212889998e+05 -3.270441555992084250e+04 4.104200907648771070e+06 3.068622074823637493e+06 4.042124057994531933e+06 1.905218201237789588e+06 1.607770968048702925e+06 4.158898897013444453e+06 3.144707580732011702e+05 7.626223529633061844e+04 -1.408965054833545000e+05
-2.526551266765975859e+06 -5.770332505567345070e+05 -5.089657968937357073e+05 3.760910628435519175e+05 -1.988409577848506451e+05 -1.419354288139837990e+04 1.744736423331024998e+05 9.483833510199484590e+04 -9.830872408079577144e+04 4.292759980664812960e+06 1.741078131666100118e+06 -9.300940376859359676e+05 -2.262961705865256081e+05 9.939877804684320290e+04 3.144707580732011702e+05 1.610485090182001237e+06 3.095023803919078200e+05 -2.936588342991272220e+05
2.521000414390397491e+05 5.854227234369581565e+05 -5.014375912369297585e+05 3.268634973544673412e+05 -1.048318600114190922e+05 -2.670183647825876324e+04 3.172060495406470000e+04 -4.296022091618564446e+04 -6.108557365784682042e+04 -2.496012575647379737e+06 1.273793012928924989e+06 -1.233052429803017294e+06 1.564271598157430999e+05 -2.292639943888570415e+05 7.626223529633061844e+04 3.095023803919078200e+05 6.344353697456970112e+05 -3.669598783942345472e+04
1.225721942707211274e+05 4.450440293070882908e+05 2.686722298644883558e+05 -1.495500931843412400e+05 -4.938081822941546125e+04 -3.756673723424438504e+04 -5.852561075254371099e+04 -8.259402661355084274e+04 2.224116198249501394e+03 1.730695657371149166e+06 3.002767296306604985e+06 -2.268305773104449909e+05 6.702256255591005320e+05 3.538717769423660939e+05 -1.408965054833545000e+05 -2.936588342991272220e+05 -3.669598783942345472e+04 5.333352648366201902e+05
