# lambda=0.1411709430951325
3.315451433757289127e+07 -1.869512874326329213e+06 1.289169338161460357e+06 1.399500822278889595e+06 -4.603437779393055243e+05 -9.272328457409035764e+04 -4.437648112983234460e+05 1.042857161591653712e+06 8.773115169425794738e+04 1.396590828948206827e+07 8.980081614529667422e+06 -4.295391218446114101e+06 -5.225622116808772087e+06 -2.809296858653301373e+06 9.537210889411502285e+05 -6.367905857491442002e+05 9.910889760651602410e+05 -3.679079843107159832e+05
-1.869512874326329213e+06 1.344235269340075739e+07 4.084909397765499540e+06 1.227439095186502440e+06 7.737693221271478105e+05 4.932454794166872161e+05 5.727643533931658603e+05 3.383607241368868272e+05 -3.176718940872072126e+05 -1.515661124953095801e+07 2.442939249165782705e+06 -1.766524418658401351e+06 -1.314644859591448214e+06 1.512753065977598540e+06 2.825517409090870060e+06 2.860989859084932832e+05 -1.857255644937226782e+06 -8.914372301889086375e+05
1.289169338161460357e+06 4.084909397765499540e+06 3.729236706110206433e+06 1.062690298119678395e+06 2.058636572817282740e+03 1.354208716611689124e+04 2.816683525682114996e+05 1.813668984155443613e+05 -9.060523542644962436e+04 -4.044256091629365925e+06 1.323650975201507565e+06 2.959259638148759957e+06 6.336842462769513950e+05 -1.276334987886510207e+05 8.122292323558484204e+05 1.098894036838464439e+06 -4.249643451963531552e+05 -3.510696875104338396e+05
1.399500822278889595e+06 1.227439095186502440e+06 1.062690298119678395e+06 1.774048456574054668e+06 3.425259530131569481e+05 -8.680705472207193452e+03 1.813729886915225652e+05 -3.481990654472871392e+04 1.462395124964233255e+05 -3.824502211076737847e+06 1.080578990829993738e+06 -9.617201116708987392e+05 -3.741514486091122671e+04 -2.952269001513824333e+05 2.360923678571175842e+05 9.129752244353314745e+04 -5.353952083922561724e+05 -3.455122226095797960e+05
-4.603437779393055243e+05 7.737693221271478105e+05 2.058636572817282740e+03 3.425259530131569481e+05 1.027991546762529528e+06 7.865103480402518471e+04 9.381863232083196635e+04 1.006404347127568035e+05 1.570184072049073293e+05 1.993850315400411142e+06 1.195811487549630227e+06 -1.398713304459070088e+06 8.923698358009760268e+05 4.863636188865235308e+05 4.841517457359791733e+05 3.841558578639731859e+05 -1.058381859170672833e+05 -4.977817186962984124e+04
-9.272328457409035764e+04 4.932454794166872161e+05 1.354208716611689124e+04 -8.680705472207193452e+03 7.865103480402518471e+04 3.722041722878223518e+05 1.477444708491648780e+05 4.934779671192182286e+04 -4.896645855688310985e+04 -2.008198939264974615e+05 8.551519187939909752e+05 -3.573601910402140347e+05 6.095081189940955956e+05 -9.248713643618253991e+04 5.964984537366846344e+05 1.931802921675494872e+05 -1.167646220220580472e+04 2.924432000081734441e+04
-4.437648112983234460e+05 5.727643533931658603e+05 2.816683525682114996e+05 1.813729886915225652e+05 9.381863232083196635e+04 1.477444708491648780e+05 3.091112197087662062e+05 3.070940036116654665e+04 5.707487219837319572e+03 -4.954973440750354202e+05 9.512684640355483862e+04 1.185310914690766658e+05 -1.301109392818238848e+05 3.395528045893243980e+05 3.040160726856029942e+05 2.530082290619780542e+05 -2.489006515974559879e+05 2.870165766621484363e+04
1.042857161591653712e+06 3.383607241368868272e+05 1.813668984155443613e+05 -3.481990654472871392e+04 1.006404347127568035e+05 4.934779671192182286e+04 3.070940036116654665e+04 1.573878109649782418e+05 1.138536476653269528e+04 9.545483557657182682e+05 5.451471785970884375e+05 -1.388507969775809906e+05 -2.822149025785279227e+05 -2.911109202757361709e+04 2.970971102812634781e+05 1.664155374769717746e+05 5.165554395120179106e+04 4.056545005854837655e+04
8.773115169425794738e+04 -3.176718940872072126e+05 -9.060523542644962436e+04 1.462395124964233255e+05 1.570184072049073293e+05 -4.896645855688310985e+04 5.707487219837319572e+03 1.138536476653269528e+04 1.090611922201402049e+05 9.753788858647940215e+05 -2.863777551451457548e+05 -1.797773509553857148e+05 -2.502208513463886993e+04 -1.323690787473476375e+05 -4.703055809061836771e+04 -5.600588509619038086e+04 -1.004984370160401741e+05 6.786198494658953859e+04
1.396590828948206827e+07 -1.515661124953095801e+07 -4.044256091629365925e+06 -3.824502211076737847e+06 1.993850315400411142e+06 -2.008198939264974615e+05 -4.954973440750354202e+05 9.545483557657182682e+05 9.753788858647940215e+05 1.561365088006430268e+08 -7.193193325047475286e+06 3.368053087849079631e+06 1.263965499758232757e+07 -3.682415416045743041e+05 -6.760301452995514497e+06 3.731217685208103503e+05 5.715099183774495497e+06 4.916456831388616003e+06
8.980081614529667422e+06 2.442939249165782705e+06 1.323650975201507565e+06 1.080578990829993738e+06 1.195811487549630227e+06 8.551519187939909752e+05 9.512684640355483862e+04 5.451471785970884375e+05 -2.863777551451457548e+05 -7.193193325047475286e+06 3.227112871105229482e+07 -2.161993291883443017e+06 3.984779943361938465e+06 -5.454873329631303204e+05 3.448603852442722302e+06 1.384456571855091024e+06 2.886433077723573078e+05 -4.608483538027818431e+05
-4.295391218446114101e+06 -1.766524418658401351e+06 2.959259638148759957e+06 -9.617201116708987392e+05 -1.398713304459070088e+06 -3.573601910402140347e+05 1.185310914690766658e+05 -1.388507969775809906e+05 -1.797773509553857148e+05 3.368053087849079631e+06 -2.161993291883443017e+06 2.030573626681377366e+07 3.886322838219116908e+06 -2.048763698574804002e+06 -3.043965294952877332e+06 1.511356477470527403e+06 -3.350963532179747708e+05 -4.248809859399553534e+04
-5.225622116808772087e+06 -1.314644859591448214e+06 6.336842462769513950e+05 -3.741514486091122671e+04 8.923698358009760268e+05 6.095081189940955956e+05 -1.301109392818238848e+05 -2.822149025785279227e+05 -2.502208513463886993e+04 1.263965499758232757e+07 3.984779943361938465e+06 3.886322838219116908e+06 1.417897899380535260e+07 1.996047618792843539e+06 6.781784675488736248e+05 1.629408813332955586e+06 -1.265918772963246738e+05 2.573684603547684674e+05
-2.809296858653301373e+06 1.512753065977598540e+06 -1.276334987886510207e+05 -2.952269001513824333e+05 4.863636188865235308e+05 -9.248713643618253991e+04 3.395528045893243980e+05 -2.911109202757361709e+04 -1.323690787473476375e+05 -3.682415416045743041e+05 -5.454873329631303204e+05 -2.048763698574804002e+06 1.996047618792843539e+06 4.759026596541487612e+06 5.378846877484413562e+05 2.126700406228616775e+05 -5.833022480400643544e+05 6.970423344975944246e+02
9.537210889411502285e+05 2.825517409090870060e+06 8.122292323558484204e+05 2.360923678571175842e+05 4.841517457359791733e+05 5.964984537366846344e+05 3.040160726856029942e+05 2.970971102812634781e+05 -4.703055809061836771e+04 -6.760301452995514497e+06 3.448603852442722302e+06 -3.043965294952877332e+06 6.781784675488736248e+05 5.378846877484413562e+05 2.837532834075551014e+06 6.624646067291607615e+05 -3.192289596454814891e+05 -3.316980965323952205e+03
-6.367905857491442002e+05 2.860989859084932832e+05 1.098894036838464439e+06 9.129752244353314745e+04 3.841558578639731859e+05 1.931802921675494872e+05 2.530082290619780542e+05 1.664155374769717746e+05 -5.600588509619038086e+04 3.731217685208103503e+05 1.384456571855091024e+06 1.511356477470527403e+06 1.629408813332955586e+06 2.126700406228616775e+05 6.624646067291607615e+05 1.612899843520435272e+06 2.312598508154336596e+05 -7.786049148872133810e+04
9.910889760651602410e+05 -1.857255644937226782e+06 -4.249643451963531552e+05 -5.353952083922561724e+05 -1.058381859170672833e+05 -1.167646220220580472e+04 -2.489006515974559879e+05 5.165554395120179106e+04 -1.004984370160401741e+05 5.715099183774495497e+06 2.886433077723573078e+05 -3.350963532179747708e+05 -1.265918772963246738e+05 -5.833022480400643544e+05 -3.192289596454814891e+05 2.312598508154336596e+05 1.367516193462178810e+06 1.154549391820375895e+05
-3.679079843107159832e+05 -8.914372301889086375e+05 -3.510696875104338396e+05 -3.455122226095797960e+05 -4.977817186962984124e+04 2.924432000081734441e+04 2.870165766621484363e+04 4.056545005854837655e+04 6.786198494658953859e+04 4.916456831388616003e+06 -4.608483538027818431e+05 -4.248809859399553534e+04 2.573684603547684674e+05 6.970423344975944246e+02 -3.316980965323952205e+03 -7.786049148872133810e+04 1.154549391820375895e+05 5.479978258155332878e+05
