# lambda=0.14485172365001156
4.587811475201075524e+07 5.385353007042817771e+06 -7.698829033060286893e+05 2.401926882161592599e+06 -2.560346004391352762e+05 5.215997181550540263e+05 1.093099496127512306e+06 1.953809628775965029e+04 -3.401836555622705491e+05 2.097139686760712788e+07 1.327165113871384785e+07 -3.835386479324236978e+06 -1.047419757820811239e+06 -1.884991003146464005e+06 -2.724386552691171877e+06 2.376531066940603778e+06 2.638164063205521554e+06 4.360414027822497301e+05
5.385353007042817771e+06 1.058414341988830268e+07 2.583615659112119756e+05 -8.608002248140062438e+05 5.633512777965527494e+05 -3.667034891318936134e+05 -8.557255662707786541e+04 -2.674619488020812860e+05 -2.265974128169181349e+05 1.508575764051146992e+07 7.953795292640659027e+06 2.579119321984082460e+06 2.336998700244248845e+06 -2.942061709289295250e+05 -1.810941967653436121e+06 2.446649652088149451e+05 -9.420285255207248265e+05 2.418358956195648643e+05
-7.698829033060286893e+05 2.583615659112119756e+05 1.772888313407949405e+06 6.074411139060379937e+05 5.715777011865460081e+05 1.100822146148752799e+05 1.303985433567919790e+04 3.384446598807581177e+04 1.223725833422201540e+05 5.874948605961319990e+06 5.839650803971790010e+05 8.864904345210143365e+05 -1.605345047336840071e+05 1.004184782387671061e+06 1.832604104615926335e+05 -1.376507878694462997e+05 -1.369893593574615661e+05 -9.965945490572043127e+03
2.401926882161592599e+06 -8.608002248140062438e+05 6.074411139060379937e+05 2.454131378213885706e+06 7.320630470744404010e+05 1.526794591603334084e+04 2.374368035781150102e+05 1.628037669969107956e+05 1.426071774808321497e+05 -4.628999260363024659e+06 2.774996449026124552e+06 -6.697939857321724994e+05 1.323423621291716816e+06 7.049740417966693640e+05 7.810487924166585435e+04 -9.350620015003507433e+04 8.297753711832691915e+05 3.156961704312771326e+05
-2.560346004391352762e+05 5.633512777965527494e+05 5.715777011865460081e+05 7.320630470744404010e+05 1.033366579836084042e+06 9.079023712483624695e+04 1.476963573995428451e+05 6.973807444413915800e+04 -8.842382881267620178e+03 -2.935962768682755530e+06 -6.561402559892362915e+05 -2.390546154170305002e+06 4.503625911301275482e+05 1.022932264277756331e+06 -9.395656053890153999e+04 -1.201578269544271898e+05 -1.680648684107000881e+05 -5.172512808792726719e+04
5.215997181550540263e+05 -3.667034891318936134e+05 1.100822146148752799e+05 1.526794591603334084e+04 9.079023712483624695e+04 4.563888294190680608e+05 1.779317460337819066e+05 7.419095565008508856e+04 -9.687770264915861844e+03 -1.037682573626321391e+06 -1.572820162736848928e+06 -5.716924789624855621e+05 -9.562955846791793592e+05 -6.069049149098994676e+05 9.802378958668798441e+04 1.772870290772107255e+05 8.588510100268201495e+04 -2.120032988706714532e+05
1.093099496127512306e+06 -8.557255662707786541e+04 1.303985433567919790e+04 2.374368035781150102e+05 1.476963573995428451e+05 1.779317460337819066e+05 2.694007734182908898e+05 1.132544066373973183e+05 -3.131970282594357923e+04 -4.247303180020133732e+05 -3.133606539166899747e+05 -9.435204861584263854e+05 -3.893686588271678193e+05 -1.736799187660923926e+05 2.449745915893363126e+05 1.797626559334646154e+05 1.440960355223111401e+05 -2.509770993332765647e+04
1.953809628775965029e+04 -2.674619488020812860e+05 3.384446598807581177e+04 1.628037669969107956e+05 6.973807444413915800e+04 7.419095565008508856e+04 1.132544066373973183e+05 2.013232945590283489e+05 4.062184969294096663e+04 -4.546457686796213384e+05 8.153765429808213376e+05 -1.601696554349588114e+05 9.673479636307140754e+04 4.175467087563994937e+03 4.130846521277185821e+04 9.207366408294983557e+04 3.051404487366975518e+05 8.476855200305936160e+04
-3.401836555622705491e+05 -2.265974128169181349e+05 1.223725833422201540e+05 1.426071774808321497e+05 -8.842382881267620178e+03 -9.687770264915861844e+03 -3.131970282594357923e+04 4.062184969294096663e+04 1.022620766256182687e+05 2.593382849317715736e+05 6.084463495720935753e+05 5.981852214695834555e+05 3.104118905025483691e+05 1.166009876950960024e+05 -1.772366270306461956e+03 -2.869774259675774738e+04 8.997639742734204629e+04 2.504811758763694525e+04
2.097139686760712788e+07 1.508575764051146992e+07 5.874948605961319990e+06 -4.628999260363024659e+06 -2.935962768682755530e+06 -1.037682573626321391e+06 -4.247303180020133732e+05 -4.546457686796213384e+05 2.593382849317715736e+05 2.333090676516351402e+08 2.335585577372610196e+07 2.161938300787467882e+07 1.015890864416249469e+07 -2.611301471303244121e+06 -5.020546601050163619e+06 1.901070538481636904e+06 2.217524997912270948e+06 -2.354990418068322819e+06
1.327165113871384785e+07 7.953795292640659027e+06 5.839650803971790010e+05 2.774996449026124552e+06 -6.561402559892362915e+05 -1.572820162736848928e+06 -3.133606539166899747e+05 8.153765429808213376e+05 6.084463495720935753e+05 2.335585577372610196e+07 6.318414786140362173e+07 1.786680407710607722e+07 1.325525535111363977e+07 3.892082578053114936e+06 -2.036789775610803626e+06 2.452850940101529472e+06 3.732990657330552582e+06 2.585470899522073567e+06
-3.835386479324236978e+06 2.579119321984082460e+06 8.864904345210143365e+05 -6.697939857321724994e+05 -2.390546154170305002e+06 -5.716924789624855621e+05 -9.435204861584263854e+05 -1.601696554349588114e+05 5.981852214695834555e+05 2.161938300787467882e+07 1.786680407710607722e+07 2.433795832570996881e+07 5.237544253981824964e+06 -2.229235259965760924e+05 -1.036194257850723370e+05 2.684756078809286701e+05 8.881440903256835882e+05 6.199903501402370166e+05
-1.047419757820811239e+06 2.336998700244248845e+06 -1.605345047336840071e+05 1.323423621291716816e+06 4.503625911301275482e+05 -9.562955846791793592e+05 -3.893686588271678193e+05 9.673479636307140754e+04 3.104118905025483691e+05 1.015890864416249469e+07 1.325525535111363977e+07 5.237544253981824964e+06 1.243131634245722555e+07 5.279785638305949047e+06 -3.973937007850225200e+05 7.511216571783017134e+05 1.118575762256954331e+06 1.192573768905469216e+06
-1.884991003146464005e+06 -2.942061709289295250e+05 1.004184782387671061e+06 7.049740417966693640e+05 1.022932264277756331e+06 -6.069049149098994676e+05 -1.736799187660923926e+05 4.175467087563994937e+03 1.166009876950960024e+05 -2.611301471303244121e+06 3.892082578053114936e+06 -2.229235259965760924e+05 5.279785638305949047e+06 7.548727845786657184e+06 7.041576217553658353e+04 -7.251213287827019813e+05 -6.281967678541054920e+04 8.878251744136072230e+05
-2.724386552691171877e+06 -1.810941967653436121e+06 1.832604104615926335e+05 7.810487924166585435e+04 -9.395656053890153999e+04 9.802378958668798441e+04 2.449745915893363126e+05 4.130846521277185821e+04 -1.772366270306461956e+03 -5.020546601050163619e+06 -2.036789775610803626e+06 -1.036194257850723370e+05 -3.973937007850225200e+05 7.041576217553658353e+04 2.721249460787470452e+06 6.496322475077130366e+05 -1.890478575988514640e+05 2.815231907198513509e+05
2.376531066940603778e+06 2.446649652088149451e+05 -1.376507878694462997e+05 -9.350620015003507433e+04 -1.201578269544271898e+05 1.772870290772107255e+05 1.797626559334646154e+05 9.207366408294983557e+04 -2.869774259675774738e+04 1.901070538481636904e+06 2.452850940101529472e+06 2.684756078809286701e+05 7.511216571783017134e+05 -7.251213287827019813e+05 6.496322475077130366e+05 1.480331704684035387e+06 4.037096366062949528e+05 1.379311277367450239e+05
2.638164063205521554e+06 -9.420285255207248265e+05 -1.369893593574615661e+05 8.297753711832691915e+05 -1.680648684107000881e+05 8.588510100268201495e+04 1.440960355223111401e+05 3.051404487366975518e+05 8.997639742734204629e+04 2.217524997912270948e+06 3.732990657330552582e+06 8.881440903256835882e+05 1.118575762256954331e+06 -6.281967678541054920e+04 -1.890478575988514640e+05 4.037096366062949528e+05 1.331235502213316970e+06 3.483555493208020343e+05
4.360414027822497301e+05 2.418358956195648643e+05 -9.965945490572043127e+03 3.156961704312771326e+05 -5.172512808792726719e+04 -2.120032988706714532e+05 -2.509770993332765647e+04 8.476855200305936160e+04 2.504811758763694525e+04 -2.354990418068322819e+06 2.585470899522073567e+06 6.199903501402370166e+05 1.192573768905469216e+06 8.878251744136072230e+05 2.815231907198513509e+05 1.379311277367450239e+05 3.483555493208020343e+05 5.619559955250025960e+05
