# lambda=0.13562411147122247
3.473784009984502196e+07 3.733421448101602960e+06 1.878161747246978572e+06 1.752908597769882064e+06 -2.765819282004833687e+06 -1.159109538039070554e+06 3.187228173964385132e+04 5.020092554595813272e+05 -2.532765279549659172e+05 -2.601210157166169956e+05 4.730543818184099160e+06 3.020614255761143286e+06 2.606923107226271532e+05 -2.144833737255643122e+06 2.619602636379307660e+05 -1.369660245121335611e+06 4.370154962844738293e+03 7.921576295836308273e+05
3.733421448101602960e+06 1.045211113867543079e+07 1.670523480043298565e+06 -1.101267590073734464e+05 -4.166815059675245429e+05 4.740652713378996123e+05 -2.871347246077585733e+05 -5.037489300437066049e+03 -1.313498759991236147e+05 3.965067695333138108e+06 -4.759561882850778056e+05 2.241083460596291348e+06 4.014457027724548709e+06 1.809804889672219986e+06 1.874684747727413662e+06 -1.673001983172749751e+05 2.183281376949784462e+05 -4.073364302949822159e+05
1.878161747246978572e+06 1.670523480043298565e+06 4.696829478849584237e+06 -4.893545620490591973e+05 8.655207078344510228e+04 2.437750964222888288e+05 3.289982027556599351e+05 5.497049566972169559e+05 -1.396728573538457567e+05 4.050928953016787302e+06 2.953491089817778673e+06 4.338793009276118246e+05 2.633639088766624627e+04 -4.177789471768564545e+05 -1.471392756844514515e+05 6.928926729260607390e+05 1.269922050075703068e+06 -2.755091274714513565e+05
1.752908597769882064e+06 -1.101267590073734464e+05 -4.893545620490591973e+05 1.070100667946601287e+06 -2.049079643151759810e+05 -1.276128578954315599e+05 -5.285253016725648922e+04 6.950607983169294312e+04 8.704443342831264090e+03 -2.898565233897648286e+06 1.557644027229861123e+06 -1.377542149483732646e+06 4.042417935375070083e+05 2.369565250323139480e+05 2.534783471234104945e+05 6.423756308551284746e+04 -2.616647270206469111e+05 8.667517232737650920e+04
-2.765819282004833687e+06 -4.166815059675245429e+05 8.655207078344510228e+04 -2.049079643151759810e+05 1.634446632439803798e+06 2.764137289712814963e+05 4.022249434856442531e+04 2.270129583415930756e+04 -8.076318361368194019e+03 1.727170743825721322e+06 -1.029021498385021579e+06 -2.252137715585584752e+06 -2.048449241506532999e+05 1.112887244756798282e+04 8.152437457847309997e+04 9.360548290639276092e+04 -1.716412925765917316e+04 5.735419692411444004e+01
-1.159109538039070554e+06 4.740652713378996123e+05 2.437750964222888288e+05 -1.276128578954315599e+05 2.764137289712814963e+05 5.295660164116423111e+05 -3.466420642119116383e+04 2.620391018687347605e+04 5.233579498053711723e+04 2.962977019494981971e+06 -3.108602331549678347e+05 -6.279311787148343865e+05 5.826328777608200908e+05 1.123023742508136347e+05 4.319149628929207684e+05 -1.897079928275739658e+05 -9.044421430462214630e+04 -1.393739953046485898e+05
3.187228173964385132e+04 -2.871347246077585733e+05 3.289982027556599351e+05 -5.285253016725648922e+04 4.022249434856442531e+04 -3.466420642119116383e+04 2.728039064290120150e+05 4.686265231040805520e+04 -2.400615545682893571e+04 -1.980756749270994216e+06 4.715248415413780021e+05 -5.447006136842022534e+04 3.271601254123674589e+05 -8.390950285432777309e+04 3.255313177167852700e+04 9.060184178449711180e+04 9.963632015333013260e+04 7.081960287820370286e+04
5.020092554595813272e+05 -5.037489300437066049e+03 5.497049566972169559e+05 6.950607983169294312e+04 2.270129583415930756e+04 2.620391018687347605e+04 4.686265231040805520e+04 1.704244191916243872e+05 3.497775628959346795e+04 3.135983596415052307e+05 8.620859645164877875e+05 4.157561280511390942e+04 -2.416060098443394527e+05 7.931472625081620936e+04 3.863608370146731613e+04 9.296662885527401158e+03 1.772405149309951812e+05 -5.818616600053870934e+04
-2.532765279549659172e+05 -1.313498759991236147e+05 -1.396728573538457567e+05 8.704443342831264090e+03 -8.076318361368194019e+03 5.233579498053711723e+04 -2.400615545682893571e+04 3.497775628959346795e+04 1.058662045778807660e+05 -3.525220284165726625e+05 -1.910793312837802805e+05 8.452691403544724380e+03 -2.551687731201979623e+05 2.058806672894459552e+04 1.061323211019028822e+05 -4.916185751245704159e+04 4.354979406764382293e+04 1.544577617566463960e+04
-2.601210157166169956e+05 3.965067695333138108e+06 4.050928953016787302e+06 -2.898565233897648286e+06 1.727170743825721322e+06 2.962977019494981971e+06 -1.980756749270994216e+06 3.135983596415052307e+05 -3.525220284165726625e+05 2.382671163459067345e+08 -7.897335846897548065e+06 4.263455370871460997e+06 2.989134355446339119e+06 5.849047933925393736e+05 -2.056027296005896758e+06 -9.135365636081714183e+06 -3.093681984705558047e+06 8.086308011661531636e+05
4.730543818184099160e+06 -4.759561882850778056e+05 2.953491089817778673e+06 1.557644027229861123e+06 -1.029021498385021579e+06 -3.108602331549678347e+05 4.715248415413780021e+05 8.620859645164877875e+05 -1.910793312837802805e+05 -7.897335846897548065e+06 4.768253943858709186e+07 8.015466802207876928e+06 3.281078947660114616e+06 1.296355686390371848e+05 -1.912187764402315952e+06 -1.779943174113133457e+06 3.692982194016225985e+05 2.873608373802783899e+05
3.020614255761143286e+06 2.241083460596291348e+06 4.338793009276118246e+05 -1.377542149483732646e+06 -2.252137715585584752e+06 -6.279311787148343865e+05 -5.447006136842022534e+04 4.157561280511390942e+04 8.452691403544724380e+03 4.263455370871460997e+06 8.015466802207876928e+06 1.814248423467792943e+07 7.056535965331863845e+05 4.006068679557613214e+05 -2.169047595744399354e+06 -4.030330525902482914e+05 -3.328810827432977967e+05 -5.020552597194830305e+05
2.606923107226271532e+05 4.014457027724548709e+06 2.633639088766624627e+04 4.042417935375070083e+05 -2.048449241506532999e+05 5.826328777608200908e+05 3.271601254123674589e+05 -2.416060098443394527e+05 -2.551687731201979623e+05 2.989134355446339119e+06 3.281078947660114616e+06 7.056535965331863845e+05 8.284138968411869369e+06 1.140079080122886924e+06 2.251937534391964320e+06 -1.648280426831000659e+04 -8.373641837870173622e+05 4.418016297277039848e+04
-2.144833737255643122e+06 1.809804889672219986e+06 -4.177789471768564545e+05 2.369565250323139480e+05 1.112887244756798282e+04 1.123023742508136347e+05 -8.390950285432777309e+04 7.931472625081620936e+04 2.058806672894459552e+04 5.849047933925393736e+05 1.296355686390371848e+05 4.006068679557613214e+05 1.140079080122886924e+06 3.283556593451744877e+06 1.592337584666864714e+06 8.820570687660715776e+05 8.266549484593103989e+04 -3.132969264397488441e+05
2.619602636379307660e+05 1.874684747727413662e+06 -1.471392756844514515e+05 2.534783471234104945e+05 8.152437457847309997e+04 4.319149628929207684e+05 3.255313177167852700e+04 3.863608370146731613e+04 1.061323211019028822e+05 -2.056027296005896758e+06 -1.912187764402315952e+06 -2.169047595744399354e+06 2.251937534391964320e+06 1.592337584666864714e+06 3.344083990714989603e+06 2.416541857029799430e+05 -2.218843634762989823e+05 -3.433160679689309909e+05
-1.369660245121335611e+06 -1.673001983172749751e+05 6.928926729260607390e+05 6.423756308551284746e+04 9.360548290639276092e+04 -1.897079928275739658e+05 9.060184178449711180e+04 9.296662885527401158e+03 -4.916185751245704159e+04 -9.135365636081714183e+06 -1.779943174113133457e+06 -4.030330525902482914e+05 -1.648280426831000659e+04 8.820570687660715776e+05 2.416541857029799430e+05 2.782175429499677382e+06 6.555519112145863473e+05 -1.383941855929982557e+05
4.370154962844738293e+03 2.183281376949784462e+05 1.269922050075703068e+06 -2.616647270206469111e+05 -1.716412925765917316e+04 -9.044421430462214630e+04 9.963632015333013260e+04 1.772405149309951812e+05 4.354979406764382293e+04 -3.093681984705558047e+06 3.692982194016225985e+05 -3.328810827432977967e+05 -8.373641837870173622e+05 8.266549484593103989e+04 -2.218843634762989823e+05 6.555519112145863473e+05 9.297701070095367031e+05 4.626532351615412335e+04
7.921576295836308273e+05 -4.073364302949822159e+05 -2.755091274714513565e+05 8.667517232737650920e+04 5.735419692411444004e+01 -1.393739953046485898e+05 7.081960287820370286e+04 -5.818616600053870934e+04 1.544577617566463960e+04 8.086308011661531636e+05 2.873608373802783899e+05 -5.020552597194830305e+05 4.418016297277039848e+04 -3.132969264397488441e+05 -3.433160679689309909e+05 -1.383941855929982557e+05 4.626532351615412335e+04 3.837100541271614493e+05
