# lambda=0.10751050187838578
4.370734135101004690e+07 1.830796369185777381e+07 5.873715588237472810e+06 2.257601724223121535e+06 2.563921490952903405e+06 1.085342461873754626e+06 3.695532741959165432e+05 5.179203140000478597e+05 2.903577469413926010e+05 1.144762067856998555e+07 1.206703831664238684e+07 -8.717889484447183786e+05 -2.675969356180466712e+06 2.175702383507300634e+06 1.259401619518984342e+06 -5.336219901001043618e+05 1.096846014782878337e+06 6.908892188334510429e+05
1.830796369185777381e+07 1.785881312072214484e+07 1.168193509971725522e+06 -4.814290021528476063e+04 1.163874162650689948e+06 1.064778623650866328e+06 5.440761508840608876e+05 4.893731298202212784e+05 3.033709569137136568e+05 8.641667445301204920e+06 1.486132905346074887e+07 -5.796989428396203555e+06 -2.070204083675711649e+06 -5.728783717288542539e+05 -1.095493719872529851e+06 4.755005458140821429e+05 7.108368608684577048e+05 -5.078482945242611459e+04
5.873715588237472810e+06 1.168193509971725522e+06 5.523313877812508494e+06 2.684907895226175897e+05 -2.956534428879196057e+05 -2.018283953587047581e+05 -3.149011366777396179e+05 -1.493323822487811594e+04 -3.294086489588419208e+05 -1.539719430450396845e+06 1.974938054519962054e+06 3.276758572102185804e+06 7.140604619537427789e+04 2.435076926905914443e+05 -4.696269552037244430e+05 -9.285892102891099639e+05 -6.841048200467594434e+05 -1.930995515437455615e+05
2.257601724223121535e+06 -4.814290021528476063e+04 2.684907895226175897e+05 1.548390448676883010e+06 4.322274373274676036e+05 3.592963480788862944e+04 1.490328483628488029e+05 5.215728622577361966e+04 5.060008060513390228e+04 2.254393159383209888e+06 1.605997502451410051e+06 2.538540075755844358e+06 2.013531002330786723e+05 -1.631866237373730983e+05 3.935190252889346448e+04 -2.604530771591019875e+05 -3.583634988732765778e+05 -4.599367591607438517e+05
2.563921490952903405e+06 1.163874162650689948e+06 -2.956534428879196057e+05 4.322274373274676036e+05 1.232501372651522979e+06 1.331816981958004762e+05 1.292045062485374656e+05 5.398295102466499520e+04 -3.408956396902065899e+04 3.106985013250843156e+06 4.231386835890362971e+06 1.764498196968902135e+06 -5.030732389605501667e+05 5.179981880165053299e+05 -5.052846917340143700e+05 1.059811824426562234e+05 -1.080659757056555100e+05 -3.942770865037741605e+05
1.085342461873754626e+06 1.064778623650866328e+06 -2.018283953587047581e+05 3.592963480788862944e+04 1.331816981958004762e+05 3.716768558821021579e+05 5.330949349312612321e+04 -8.438775877601839966e+03 -1.459884873704543861e+04 2.099150576255384367e+06 2.060027112783293938e+06 -5.300560324880065164e+05 -4.457016837445522542e+05 4.998338759883130115e+04 -9.476326171031914782e+03 1.045882314711799991e+05 -1.889415925451854491e+04 -4.225275718469295498e+03
3.695532741959165432e+05 5.440761508840608876e+05 -3.149011366777396179e+05 1.490328483628488029e+05 1.292045062485374656e+05 5.330949349312612321e+04 2.771018201476603281e+05 2.897243297810250078e+04 3.288129517514663894e+04 -4.403308057495867833e+05 6.465702018719270127e+05 4.246293308815461933e+05 -1.397390884032174945e+05 -3.489389772753217258e+05 -1.517847468089761096e+05 1.695411688802301069e+05 1.424728176836784405e+05 -5.583961647952026397e+03
5.179203140000478597e+05 4.893731298202212784e+05 -1.493323822487811594e+04 5.215728622577361966e+04 5.398295102466499520e+04 -8.438775877601839966e+03 2.897243297810250078e+04 1.195769539131030760e+05 6.841142708104010671e+04 8.356212974215429276e+05 7.305841932008899748e+05 -2.390949956648558436e+05 1.173007094301378092e+05 -8.199046828373096650e+04 -8.349959931810972921e+04 8.183229372150058225e+03 3.609662211673521961e+04 -2.284731889896681605e+04
2.903577469413926010e+05 3.033709569137136568e+05 -3.294086489588419208e+05 5.060008060513390228e+04 -3.408956396902065899e+04 -1.459884873704543861e+04 3.288129517514663894e+04 6.841142708104010671e+04 1.668842616173213173e+05 2.538638550393409096e+05 3.246071729420673801e+05 -4.653361114327431424e+05 2.010692015450843610e+05 -7.885556254485304817e+04 1.895036134659844683e+05 1.454953300077978638e+05 1.907718973155351123e+05 1.007021046253434324e+05
1.144762067856998555e+07 8.641667445301204920e+06 -1.539719430450396845e+06 2.254393159383209888e+06 3.106985013250843156e+06 2.099150576255384367e+06 -4.403308057495867833e+05 8.356212974215429276e+05 2.538638550393409096e+05 2.364129571307905018e+08 3.253349156148059294e+07 8.883709670353082940e+06 -9.429758119903070852e+06 1.114339107297281298e+05 1.876953964344512671e+06 -5.413179761701114476e+06 -4.373717868987108581e+06 -1.616414487539206631e+06
1.206703831664238684e+07 1.486132905346074887e+07 1.974938054519962054e+06 1.605997502451410051e+06 4.231386835890362971e+06 2.060027112783293938e+06 6.465702018719270127e+05 7.305841932008899748e+05 3.246071729420673801e+05 3.253349156148059294e+07 5.634841056846013665e+07 1.000957300446931459e+07 -5.505571813438896788e+05 1.565439021712698974e+06 -2.818786080152440351e+06 2.863470008012176026e+06 -4.999448850674119312e+05 -1.283480112854650011e+06
-8.717889484447183786e+05 -5.796989428396203555e+06 3.276758572102185804e+06 2.538540075755844358e+06 1.764498196968902135e+06 -5.300560324880065164e+05 4.246293308815461933e+05 -2.390949956648558436e+05 -4.653361114327431424e+05 8.883709670353082940e+06 1.000957300446931459e+07 3.053038964077101648e+07 1.491000667034551501e+06 1.098531041854949901e+06 3.417358601601861883e+05 -9.327966296045799972e+05 -3.736691124704852700e+05 -1.130332874865377555e+06
-2.675969356180466712e+06 -2.070204083675711649e+06 7.140604619537427789e+04 2.013531002330786723e+05 -5.030732389605501667e+05 -4.457016837445522542e+05 -1.397390884032174945e+05 1.173007094301378092e+05 2.010692015450843610e+05 -9.429758119903070852e+06 -5.505571813438896788e+05 1.491000667034551501e+06 7.412157130210326985e+06 -8.014297078604561102e+04 -4.385982243977228645e+05 2.529916210966507497e+05 -5.008530497883114731e+04 5.802908446083940798e+05
2.175702383507300634e+06 -5.728783717288542539e+05 2.435076926905914443e+05 -1.631866237373730983e+05 5.179981880165053299e+05 4.998338759883130115e+04 -3.489389772753217258e+05 -8.199046828373096650e+04 -7.885556254485304817e+04 1.114339107297281298e+05 1.565439021712698974e+06 1.098531041854949901e+06 -8.014297078604561102e+04 2.688022460515861865e+06 7.122083280678996816e+05 1.952767447858248852e+04 7.696761654321277456e+04 1.858633580093290075e+05
1.259401619518984342e+06 -1.095493719872529851e+06 -4.696269552037244430e+05 3.935190252889346448e+04 -5.052846917340143700e+05 -9.476326171031914782e+03 -1.517847468089761096e+05 -8.349959931810972921e+04 1.895036134659844683e+05 1.876953964344512671e+06 -2.818786080152440351e+06 3.417358601601861883e+05 -4.385982243977228645e+05 7.122083280678996816e+05 3.016864249637898523e+06 5.933183242791629164e+05 -2.762239750075460761e+05 6.835701699375841999e+05
-5.336219901001043618e+05 4.755005458140821429e+05 -9.285892102891099639e+05 -2.604530771591019875e+05 1.059811824426562234e+05 1.045882314711799991e+05 1.695411688802301069e+05 8.183229372150058225e+03 1.454953300077978638e+05 -5.413179761701114476e+06 2.863470008012176026e+06 -9.327966296045799972e+05 2.529916210966507497e+05 1.952767447858248852e+04 5.933183242791629164e+05 1.590113576092212927e+06 9.969155343207626720e+04 1.749651263646341395e+05
1.096846014782878337e+06 7.108368608684577048e+05 -6.841048200467594434e+05 -3.583634988732765778e+05 -1.080659757056555100e+05 -1.889415925451854491e+04 1.424728176836784405e+05 3.609662211673521961e+04 1.907718973155351123e+05 -4.373717868987108581e+06 -4.999448850674119312e+05 -3.736691124704852700e+05 -5.008530497883114731e+04 7.696761654321277456e+04 -2.762239750075460761e+05 9.969155343207626720e+04 1.502554612741662422e+06 4.783724412159397616e+05
6.908892188334510429e+05 -5.078482945242611459e+04 -1.930995515437455615e+05 -4.599367591607438517e+05 -3.942770865037741605e+05 -4.225275718469295498e+03 -5.583961647952026397e+03 -2.284731889896681605e+04 1.007021046253434324e+05 -1.616414487539206631e+06 -1.283480112854650011e+06 -1.130332874865377555e+06 5.802908446083940798e+05 1.858633580093290075e+05 6.835701699375841999e+05 1.749651263646341395e+05 4.783724412159397616e+05 8.133373502774828812e+05
