# lambda=0.11856093242846494
3.735209530971468985e+07 -4.408249307442256249e+06 5.498387256550307386e+06 5.953754042042754591e+06 2.612448995306527708e+06 1.071237995109520154e+06 -2.173910365245798894e+05 5.018617419270915561e+05 3.156873819668013602e+05 -1.541970529010417638e+06 -5.762505395028669387e+06 -5.903497701572267339e+06 2.294126110525659751e+06 3.412035795719133224e+06 1.683588999378033914e+05 -1.078216102205761010e+06 -6.695496340993120102e+05 4.855520349670543219e+05
-4.408249307442256249e+06 2.213051715396927297e+07 4.552994392823887989e+06 -4.380608875227152021e+05 -2.290035926329118083e+05 6.870369110118199605e+05 7.375908481410162058e+05 -4.548067617859339225e+05 1.768315201098900288e+05 -6.105905147650444880e+06 2.119909606173368916e+07 5.995438615650046617e+06 -2.931644864658232778e+06 -4.664018409090422094e+06 1.683757835138429189e+06 4.053065136694477405e+04 -4.152553018570332788e+05 -1.862852294711716531e+05
5.498387256550307386e+06 4.552994392823887989e+06 6.114838342564328574e+06 1.369044214130056091e+06 8.671934140595248900e+05 1.048421706922746613e+06 3.860324424549707328e+04 -3.642969797874885262e+04 8.329530896912966273e+04 -4.488092457012209110e+06 -1.956159503298309166e+06 -9.753460378139599925e+05 -1.658429843213768036e+05 -1.572318018283540383e+06 3.041023359953621402e+05 -1.538890641578947834e+05 -2.536058917195080430e+05 -9.808627802801243961e+05
5.953754042042754591e+06 -4.380608875227152021e+05 1.369044214130056091e+06 3.251471250783733558e+06 7.586149211405907990e+05 1.795249372868282662e+05 9.713355119922147423e+04 2.591342327891555906e+05 1.373517312252136762e+05 4.173970473208492622e+06 1.131494868187957909e+06 -3.587399195099736098e+06 2.146321769678217825e+06 1.074401639544154983e+06 3.885976246534098755e+05 -3.682300137992941891e+05 4.498704877509896760e+05 1.057429779064621107e+05
2.612448995306527708e+06 -2.290035926329118083e+05 8.671934140595248900e+05 7.586149211405907990e+05 1.278564701932344818e+06 2.686137709869440296e+05 1.525489783270300250e+05 2.992633793036449788e+04 1.932368754623142013e+05 1.571143406202196609e+06 -3.734885386936995201e+06 -5.150315879638132756e+05 8.689487253343939083e+05 2.737654662089795456e+05 4.731316510727118293e+04 2.144873439795011072e+05 4.435939783730608906e+04 1.160389051255476661e+05
1.071237995109520154e+06 6.870369110118199605e+05 1.048421706922746613e+06 1.795249372868282662e+05 2.686137709869440296e+05 5.226070865731055965e+05 1.911651045763212605e+05 1.103695662811593793e+05 5.818862074957073492e+04 2.087238859206059715e+06 -6.546244262006583158e+05 -8.380410173468543217e+05 -7.628802507613827474e+05 -7.189790402476680174e+04 2.480620947971700225e+05 6.001589468011351710e+04 -5.589096658590484003e+04 -2.606851221381080977e+05
-2.173910365245798894e+05 7.375908481410162058e+05 3.860324424549707328e+04 9.713355119922147423e+04 1.525489783270300250e+05 1.911651045763212605e+05 3.065174126021615812e+05 1.217507146261233574e+05 9.792802498038009799e+04 3.167652284573061857e+06 1.187694170077864779e+06 2.215139806138062559e+05 -2.468543382054284739e+05 -1.258898146424661682e+05 2.770426541370427003e+05 5.274806810654099536e+04 1.920865196015053953e+05 3.465493876833146351e+04
5.018617419270915561e+05 -4.548067617859339225e+05 -3.642969797874885262e+04 2.591342327891555906e+05 2.992633793036449788e+04 1.103695662811593793e+05 1.217507146261233574e+05 1.663168359543844708e+05 2.718181836584267876e+04 2.335001606074414682e+06 2.135929019504224125e+05 -7.006349192528565181e+05 3.234215912776509867e+04 2.620260086727820744e+05 1.290327043498172279e+05 2.241222796067029049e+04 1.586570543986236153e+05 3.394267496210601530e+04
3.156873819668013602e+05 1.768315201098900288e+05 8.329530896912966273e+04 1.373517312252136762e+05 1.932368754623142013e+05 5.818862074957073492e+04 9.792802498038009799e+04 2.718181836584267876e+04 9.911006505811924580e+04 9.738688730199079146e+04 -3.081048860792095074e+05 -2.562991844088812068e+05 5.034483358341548592e+04 -4.833585894234834268e+04 -3.351384480039680057e+03 1.135750222078600345e+05 1.243259602889168673e+04 1.160098450510050898e+05
-1.541970529010417638e+06 -6.105905147650444880e+06 -4.488092457012209110e+06 4.173970473208492622e+06 1.571143406202196609e+06 2.087238859206059715e+06 3.167652284573061857e+06 2.335001606074414682e+06 9.738688730199079146e+04 2.421720408538362682e+08 5.229295697777146846e+07 -2.065180953293938562e+07 -1.924877269303461164e+07 3.857696553746602498e+06 2.024094906820459990e+06 4.475379390309774317e+06 5.357849494833926670e+06 -9.607654553989331471e+05
-5.762505395028669387e+06 2.119909606173368916e+07 -1.956159503298309166e+06 1.131494868187957909e+06 -3.734885386936995201e+06 -6.546244262006583158e+05 1.187694170077864779e+06 2.135929019504224125e+05 -3.081048860792095074e+05 5.229295697777146846e+07 8.558064919746895134e+07 1.375267543374825036e+06 -8.899955824849406257e+06 -5.114306116803881712e+06 3.334082101651955396e+06 -1.346577510243767174e+06 1.022623838159476290e+06 -1.594464829185548006e+05
-5.903497701572267339e+06 5.995438615650046617e+06 -9.753460378139599925e+05 -3.587399195099736098e+06 -5.150315879638132756e+05 -8.380410173468543217e+05 2.215139806138062559e+05 -7.006349192528565181e+05 -2.562991844088812068e+05 -2.065180953293938562e+07 1.375267543374825036e+06 2.524236253410081565e+07 3.960179309029662982e+06 -2.117631538399333600e+06 6.819171197208718513e+04 -1.341140032470381353e+06 1.539379082989501476e+05 2.827479895538080018e+05
2.294126110525659751e+06 -2.931644864658232778e+06 -1.658429843213768036e+05 2.146321769678217825e+06 8.689487253343939083e+05 -7.628802507613827474e+05 -2.468543382054284739e+05 3.234215912776509867e+04 5.034483358341548592e+04 -1.924877269303461164e+07 -8.899955824849406257e+06 3.960179309029662982e+06 1.121572442609508522e+07 1.989325409656451084e+06 -9.326587298862243770e+05 -1.116573010072101606e+06 3.905986970096018631e+05 6.652924780574584147e+05
3.412035795719133224e+06 -4.664018409090422094e+06 -1.572318018283540383e+06 1.074401639544154983e+06 2.737654662089795456e+05 -7.189790402476680174e+04 -1.258898146424661682e+05 2.620260086727820744e+05 -4.833585894234834268e+04 3.857696553746602498e+06 -5.114306116803881712e+06 -2.117631538399333600e+06 1.989325409656451084e+06 3.924800262218841817e+06 -1.259995133052354358e+05 -3.217201373752366635e+05 1.470378034370696987e+05 3.316332085626848275e+05
1.683588999378033914e+05 1.683757835138429189e+06 3.041023359953621402e+05 3.885976246534098755e+05 4.731316510727118293e+04 2.480620947971700225e+05 2.770426541370427003e+05 1.290327043498172279e+05 -3.351384480039680057e+03 2.024094906820459990e+06 3.334082101651955396e+06 6.819171197208718513e+04 -9.326587298862243770e+05 -1.259995133052354358e+05 1.817356885403292486e+06 3.670726737348353490e+05 3.249164684089514194e+05 -1.178726414027356950e+05
-1.078216102205761010e+06 4.053065136694477405e+04 -1.538890641578947834e+05 -3.682300137992941891e+05 2.144873439795011072e+05 6.001589468011351710e+04 5.274806810654099536e+04 2.241222796067029049e+04 1.135750222078600345e+05 4.475379390309774317e+06 -1.346577510243767174e+06 -1.341140032470381353e+06 -1.116573010072101606e+06 -3.217201373752366635e+05 3.670726737348353490e+05 1.155541972724188585e+06 -5.633432903602776787e+04 2.011224481048782181e+05
-6.695496340993120102e+05 -4.152553018570332788e+05 -2.536058917195080430e+05 4.498704877509896760e+05 4.435939783730608906e+04 -5.589096658590484003e+04 1.920865196015053953e+05 1.586570543986236153e+05 1.243259602889168673e+04 5.357849494833926670e+06 1.022623838159476290e+06 1.539379082989501476e+05 3.905986970096018631e+05 1.470378034370696987e+05 3.249164684089514194e+05 -5.633432903602776787e+04 8.297474290844112402e+05 1.071170440601564187e+05
4.855520349670543219e+05 -1.862852294711716531e+05 -9.808627802801243961e+05 1.057429779064621107e+05 1.160389051255476661e+05 -2.606851221381080977e+05 3.465493876833146351e+04 3.394267496210601530e+04 1.160098450510050898e+05 -9.607654553989331471e+05 -1.594464829185548006e+05 2.827479895538080018e+05 6.652924780574584147e+05 3.316332085626848275e+05 -1.178726414027356950e+05 2.011224481048782181e+05 1.071170440601564187e+05 6.992914312523492845e+05
