# lambda=0.16030916854011762
6.176920808870535344e+07 1.021218969182346133e+06 1.707565117268412141e+06 -1.189326594134943793e+06 -3.126009798307687161e+05 4.615733631429408561e+05 -5.061205541907811421e+05 -5.175792966989320703e+05 -3.711481476103252498e+05 -3.523538392646047473e+07 -1.965554185690650018e+06 -3.600813752067909576e+06 -4.558300737871280289e+05 -3.455542471792664845e+06 -6.620184569957873784e+06 -3.041137424188957084e+06 -5.719435599860841176e+05 -8.471478368645107839e+05
1.021218969182346133e+06 1.086404338836145215e+07 2.719291613942899741e+06 2.883367009556040284e+05 -7.433646199422938516e+05 -3.613608255159411347e+05 -3.119523322457546601e+05 1.268388179721584602e+05 -8.861048599227660816e+03 1.988303912976017594e+07 4.551869802024991252e+06 -1.556436623199360678e+06 2.145382799076939933e+06 1.735739479035413358e+06 1.525834328558520647e+06 -5.975045313832532847e+05 -2.928002204288045177e+05 1.653608390261063469e+05
1.707565117268412141e+06 2.719291613942899741e+06 4.082122885666193906e+06 7.487008964844557922e+05 -4.458204128525555134e+05 -3.319750393778763246e+05 -1.635049320038722944e+05 -6.562971676409809334e+03 6.131658398438332370e+03 2.402878469861964695e+05 -3.834697668552302639e+05 -5.679510492280153812e+03 3.539538111693413812e+05 -2.164764946816289157e+05 -3.070998419682088424e+05 -6.628892726131405216e+05 -2.141795791686290468e+05 -1.202380990659731324e+05
-1.189326594134943793e+06 2.883367009556040284e+05 7.487008964844557922e+05 1.340226308202491608e+06 -1.101115611392995197e+05 -1.398375476628407487e+05 1.959275167942999396e+05 3.260314958836372534e+04 2.172892910541961101e+04 -4.523238537437881343e+06 -2.157772782282207161e+06 3.130578144340863219e+05 1.014907337630139664e+06 -5.164267858284533722e+05 -1.024565963201957675e+04 -1.192389869608537992e+05 9.447558569972449914e+04 2.737098807250325335e+05
-3.126009798307687161e+05 -7.433646199422938516e+05 -4.458204128525555134e+05 -1.101115611392995197e+05 5.405934192362745525e+05 -1.037245516067399294e+05 -1.151356128896778828e+05 -6.089382349387924478e+03 -2.470810910882120425e+03 4.892840623050286435e+06 2.343336927279709373e+06 1.232063318005262641e+06 -3.269830938926601084e+05 5.039186336911638500e+05 7.395633435501954227e+04 1.129556339309016766e+05 -1.124904620277088834e+05 -4.656103260823044548e+04
4.615733631429408561e+05 -3.613608255159411347e+05 -3.319750393778763246e+05 -1.398375476628407487e+05 -1.037245516067399294e+05 6.199324725742300507e+05 1.882168523954394914e+05 8.425453802864390309e+04 1.130787088697286526e+04 -5.992980455733749084e+06 1.294204412219766527e+06 4.725249967051742715e+05 7.191789529437742895e+05 3.634588809094281169e+05 3.216821437254513148e+05 2.197015041060545482e+05 1.894987100895878393e+05 -1.771636179637142050e+05
-5.061205541907811421e+05 -3.119523322457546601e+05 -1.635049320038722944e+05 1.959275167942999396e+05 -1.151356128896778828e+05 1.882168523954394914e+05 3.988196918573892908e+05 4.895136812004044623e+04 -2.011247196361709211e+04 -6.112082339843946509e+06 -1.618579050307293888e+06 5.571582108902041800e+05 5.843596381557962159e+05 -1.991399760753719602e+04 4.063261728236420895e+05 1.400031562920413271e+05 2.696491158511856920e+05 -6.066377115352106193e+04
-5.175792966989320703e+05 1.268388179721584602e+05 -6.562971676409809334e+03 3.260314958836372534e+04 -6.089382349387924478e+03 8.425453802864390309e+04 4.895136812004044623e+04 8.706430736390819948e+04 2.628497806998631859e+04 -4.048531628189426847e+05 5.856704162250746740e+05 2.023317049219050677e+05 6.202971433958608395e+04 9.294022061372980534e+04 2.247925934698757483e+05 7.669308638142781274e+04 -6.179809416758130101e+04 2.133075408692410565e+04
-3.711481476103252498e+05 -8.861048599227660816e+03 6.131658398438332370e+03 2.172892910541961101e+04 -2.470810910882120425e+03 1.130787088697286526e+04 -2.011247196361709211e+04 2.628497806998631859e+04 6.704305839483700402e+04 1.207541656631742604e+06 6.845519230965157039e+05 -3.685511730575309048e+04 -2.641109168755150167e+05 -7.260758640317112440e+04 3.336733077081265219e+04 1.773500899220705833e+04 -2.332844008815322923e+03 8.830026609657055815e+04
-3.523538392646047473e+07 1.988303912976017594e+07 2.402878469861964695e+05 -4.523238537437881343e+06 4.892840623050286435e+06 -5.992980455733749084e+06 -6.112082339843946509e+06 -4.048531628189426847e+05 1.207541656631742604e+06 3.146869857176924944e+08 6.862063108829054236e+07 -4.079568588003097102e+06 -1.402994610116372630e+07 1.011992168898749352e+07 1.434495184227492427e+06 -2.619027144668433350e+06 -5.483761671241400763e+06 2.575957615781318396e+06
-1.965554185690650018e+06 4.551869802024991252e+06 -3.834697668552302639e+05 -2.157772782282207161e+06 2.343336927279709373e+06 1.294204412219766527e+06 -1.618579050307293888e+06 5.856704162250746740e+05 6.845519230965157039e+05 6.862063108829054236e+07 7.702133320453238487e+07 7.928194225604402833e+06 2.448394376687756740e+06 1.258140580015841313e+07 2.645865273422637023e+06 2.685232001947776414e+06 -1.770732467516194331e+06 2.320454363128527984e+04
-3.600813752067909576e+06 -1.556436623199360678e+06 -5.679510492280153812e+03 3.130578144340863219e+05 1.232063318005262641e+06 4.725249967051742715e+05 5.571582108902041800e+05 2.023317049219050677e+05 -3.685511730575309048e+04 -4.079568588003097102e+06 7.928194225604402833e+06 1.429692068722873181e+07 2.323531326970607974e+06 3.236286137775966898e+06 2.951315812657389324e+06 7.888845792083616834e+05 -3.569682624558603275e+05 4.307058883400644118e+04
-4.558300737871280289e+05 2.145382799076939933e+06 3.539538111693413812e+05 1.014907337630139664e+06 -3.269830938926601084e+05 7.191789529437742895e+05 5.843596381557962159e+05 6.202971433958608395e+04 -2.641109168755150167e+05 -1.402994610116372630e+07 2.448394376687756740e+06 2.323531326970607974e+06 8.032740557947473601e+06 1.276400073966652621e+06 4.676718325150027522e+05 -7.098573353803003556e+04 2.088714140781860624e+04 -7.482681448435575003e+05
-3.455542471792664845e+06 1.735739479035413358e+06 -2.164764946816289157e+05 -5.164267858284533722e+05 5.039186336911638500e+05 3.634588809094281169e+05 -1.991399760753719602e+04 9.294022061372980534e+04 -7.260758640317112440e+04 1.011992168898749352e+07 1.258140580015841313e+07 3.236286137775966898e+06 1.276400073966652621e+06 5.816420777946440503e+06 2.493737118998446502e+06 1.150886408131214790e+06 6.121230496217459440e+05 2.730782986579454737e+05
-6.620184569957873784e+06 1.525834328558520647e+06 -3.070998419682088424e+05 -1.024565963201957675e+04 7.395633435501954227e+04 3.216821437254513148e+05 4.063261728236420895e+05 2.247925934698757483e+05 3.336733077081265219e+04 1.434495184227492427e+06 2.645865273422637023e+06 2.951315812657389324e+06 4.676718325150027522e+05 2.493737118998446502e+06 3.502587617677695118e+06 7.013016263827934163e+05 8.214304256861557951e+05 5.538039603115624050e+05
-3.041137424188957084e+06 -5.975045313832532847e+05 -6.628892726131405216e+05 -1.192389869608537992e+05 1.129556339309016766e+05 2.197015041060545482e+05 1.400031562920413271e+05 7.669308638142781274e+04 1.773500899220705833e+04 -2.619027144668433350e+06 2.685232001947776414e+06 7.888845792083616834e+05 -7.098573353803003556e+04 1.150886408131214790e+06 7.013016263827934163e+05 1.124811738567004912e+06 4.343650119606281514e+05 -3.901668416075436835e+04
-5.719435599860841176e+05 -2.928002204288045177e+05 -2.141795791686290468e+05 9.447558569972449914e+04 -1.124904620277088834e+05 1.894987100895878393e+05 2.696491158511856920e+05 -6.179809416758130101e+04 -2.332844008815322923e+03 -5.483761671241400763e+06 -1.770732467516194331e+06 -3.569682624558603275e+05 2.088714140781860624e+04 6.121230496217459440e+05 8.214304256861557951e+05 4.343650119606281514e+05 1.116366590707775904e+06 2.433077212822829024e+05
-8.471478368645107839e+05 1.653608390261063469e+05 -1.202380990659731324e+05 2.737098807250325335e+05 -4.656103260823044548e+04 -1.771636179637142050e+05 -6.066377115352106193e+04 2.133075408692410565e+04 8.830026609657055815e+04 2.575957615781318396e+06 2.320454363128527984e+04 4.307058883400644118e+04 -7.482681448435575003e+05 2.730782986579454737e+05 5.538039603115624050e+05 -3.901668416075436835e+04 2.433077212822829024e+05 7.031711817387938499e+05
