# lambda=0.12410403634909634
6.657542451731513441e+07 2.279353086196013726e+06 -3.471019957239380572e+06 1.879877537286835955e+06 3.194320895728910808e+06 9.780618692959119799e+05 6.683825376786781708e+05 -1.901133122821486540e+04 9.597785082813056943e+04 2.633864989877574146e+07 1.218078095428242348e+07 -7.683525696101015434e+06 6.477243945830249228e+06 -1.753661818798624212e+06 7.267680929791859817e+05 -1.156402267171406653e+06 -4.781991475181964925e+05 -4.892807566095509683e+05
2.279353086196013726e+06 1.675666007490849122e+07 2.316962859198125952e+05 6.896708459450842347e+05 6.849120862471336732e+05 -7.391001060032774694e+04 4.590918262387556606e+05 6.366682005119369132e+05 -2.140134957720150414e+05 4.313390603397036344e+07 3.479878837426774204e+07 1.861046955934837693e+06 -2.402913774847568944e+06 1.230658180810042191e+06 -1.492896391362602590e+06 1.616092396580724278e+06 4.906959554019100033e+05 -5.667930433347928338e+05
-3.471019957239380572e+06 2.316962859198125952e+05 5.573021309030828066e+06 8.181221659431357402e+05 -2.690231911460342817e+05 -5.157586717914049514e+05 1.613937867398772505e+05 -3.725741556743453111e+04 1.085816385138102196e+05 7.591886069773929194e+06 -3.081843303641904611e+06 9.389289352073347196e+06 3.406886139441831619e+05 1.694600042517436668e+06 4.903250953252840554e+05 5.780010096971269231e+05 2.974875316255146026e+04 -1.943850078225789766e+05
1.879877537286835955e+06 6.896708459450842347e+05 8.181221659431357402e+05 1.637987980918394867e+06 3.364435506639161031e+05 -1.434319155461486371e+05 1.530228651446129370e+05 1.242822113208900846e+05 8.491903060571270544e+03 5.475538100107692182e+06 4.703768224295713939e+06 2.093183114555787528e+06 4.692813348775958875e+05 4.065224757167302887e+05 -3.251810940614220453e+05 3.084061507840977283e+05 -1.854965150915626964e+03 2.295312060767772491e+05
3.194320895728910808e+06 6.849120862471336732e+05 -2.690231911460342817e+05 3.364435506639161031e+05 6.681032836237506708e+05 9.927105422757966153e+03 -4.461483800050309947e+04 -2.806648507439716559e+04 2.159538604774998748e+04 4.226856783645760268e+06 3.758009119020602200e+06 -1.371603481291742646e+05 -1.053661396062356216e+05 -5.259425671551664127e+05 -3.705084896927405498e+05 -1.517099361417182372e+05 -6.058801302345371369e+04 -2.919626552461746178e+04
9.780618692959119799e+05 -7.391001060032774694e+04 -5.157586717914049514e+05 -1.434319155461486371e+05 9.927105422757966153e+03 2.988706329029938788e+05 -5.176338438649711316e+04 -2.096159003046287035e+04 1.052900577774401427e+04 6.216838269102900522e+05 1.290456499658004846e+06 -1.958647501587606384e+05 1.816944568590944109e+05 -3.063852359401119757e+05 1.045325768009906024e+05 -2.578302131649431540e+05 3.496361639727793226e+04 5.459391730669044045e+04
6.683825376786781708e+05 4.590918262387556606e+05 1.613937867398772505e+05 1.530228651446129370e+05 -4.461483800050309947e+04 -5.176338438649711316e+04 2.649723260858975118e+05 6.220159219893409318e+04 -3.336287624136766681e+04 2.777080773081388790e+06 2.864468601709894720e+05 -2.947852981747911545e+05 1.726960268733910634e+05 2.332387885415765340e+05 -1.802076181312635163e+04 1.078152630554185598e+05 -1.203660425212206064e+04 1.738139839258151551e+04
-1.901133122821486540e+04 6.366682005119369132e+05 -3.725741556743453111e+04 1.242822113208900846e+05 -2.806648507439716559e+04 -2.096159003046287035e+04 6.220159219893409318e+04 1.840212798152456526e+05 5.387010294561816409e+04 2.438469820974922273e+06 9.649440241353634046e+05 3.446949016240051133e+05 -1.567541777633272868e+05 6.730723296175291762e+04 -3.936575666683367308e+04 2.208174591713139380e+05 1.326977298108941468e+05 3.048090734247223736e+04
9.597785082813056943e+04 -2.140134957720150414e+05 1.085816385138102196e+05 8.491903060571270544e+03 2.159538604774998748e+04 1.052900577774401427e+04 -3.336287624136766681e+04 5.387010294561816409e+04 1.130402973764056951e+05 7.921799733190150000e+05 -4.031775064664619858e+05 5.256834162324155914e+05 -1.383121250613495940e+05 -1.563639789120450150e+05 -1.890345353356388659e+04 2.457894270076036264e+04 9.048760670230520191e+04 6.147235298413687997e+04
2.633864989877574146e+07 4.313390603397036344e+07 7.591886069773929194e+06 5.475538100107692182e+06 4.226856783645760268e+06 6.216838269102900522e+05 2.777080773081388790e+06 2.438469820974922273e+06 7.921799733190150000e+05 2.303565194888571799e+08 1.110399120716991723e+08 2.790725669099445269e+07 -2.271261644528050907e+06 -2.987785593988952227e+06 -7.634435933010865934e+06 2.744904474911243655e+06 3.135808901839307509e+06 -2.729196364358426537e+06
1.218078095428242348e+07 3.479878837426774204e+07 -3.081843303641904611e+06 4.703768224295713939e+06 3.758009119020602200e+06 1.290456499658004846e+06 2.864468601709894720e+05 9.649440241353634046e+05 -4.031775064664619858e+05 1.110399120716991723e+08 1.473876132237825394e+08 -4.066558580122675630e+04 -4.756707205805822276e+06 -1.035113519101872691e+06 -3.519661213208926376e+06 2.749978585157385096e+06 3.949883204573598341e+05 -5.584592545700285118e+05
-7.683525696101015434e+06 1.861046955934837693e+06 9.389289352073347196e+06 2.093183114555787528e+06 -1.371603481291742646e+05 -1.958647501587606384e+05 -2.947852981747911545e+05 3.446949016240051133e+05 5.256834162324155914e+05 2.790725669099445269e+07 -4.066558580122675630e+04 2.971226624420915172e+07 2.624305989978889702e+05 3.014516442060199566e+06 2.075959303311669792e+05 6.030784472209642408e+05 6.423334267660857877e+05 -1.847731156772644899e+05
6.477243945830249228e+06 -2.402913774847568944e+06 3.406886139441831619e+05 4.692813348775958875e+05 -1.053661396062356216e+05 1.816944568590944109e+05 1.726960268733910634e+05 -1.567541777633272868e+05 -1.383121250613495940e+05 -2.271261644528050907e+06 -4.756707205805822276e+06 2.624305989978889702e+05 8.510695186562556773e+06 2.626036879690308589e+06 -1.291710731346261920e+06 -2.973249799704065081e+05 7.407266325806779605e+03 -4.957731006908670533e+05
-1.753661818798624212e+06 1.230658180810042191e+06 1.694600042517436668e+06 4.065224757167302887e+05 -5.259425671551664127e+05 -3.063852359401119757e+05 2.332387885415765340e+05 6.730723296175291762e+04 -1.563639789120450150e+05 -2.987785593988952227e+06 -1.035113519101872691e+06 3.014516442060199566e+06 2.626036879690308589e+06 6.027379843502315693e+06 8.743149730866715254e+04 8.309919285464689601e+05 5.535693659516934713e+04 -3.277338387030271697e+05
7.267680929791859817e+05 -1.492896391362602590e+06 4.903250953252840554e+05 -3.251810940614220453e+05 -3.705084896927405498e+05 1.045325768009906024e+05 -1.802076181312635163e+04 -3.936575666683367308e+04 -1.890345353356388659e+04 -7.634435933010865934e+06 -3.519661213208926376e+06 2.075959303311669792e+05 -1.291710731346261920e+06 8.743149730866715254e+04 2.735418529299695045e+06 1.400174705457341624e+05 2.541586439867269655e+05 3.595549784261605819e+05
-1.156402267171406653e+06 1.616092396580724278e+06 5.780010096971269231e+05 3.084061507840977283e+05 -1.517099361417182372e+05 -2.578302131649431540e+05 1.078152630554185598e+05 2.208174591713139380e+05 2.457894270076036264e+04 2.744904474911243655e+06 2.749978585157385096e+06 6.030784472209642408e+05 -2.973249799704065081e+05 8.309919285464689601e+05 1.400174705457341624e+05 9.761041092889331048e+05 2.569346994266196270e+05 -1.155573996192338818e+05
-4.781991475181964925e+05 4.906959554019100033e+05 2.974875316255146026e+04 -1.854965150915626964e+03 -6.058801302345371369e+04 3.496361639727793226e+04 -1.203660425212206064e+04 1.326977298108941468e+05 9.048760670230520191e+04 3.135808901839307509e+06 3.949883204573598341e+05 6.423334267660857877e+05 7.407266325806779605e+03 5.535693659516934713e+04 2.541586439867269655e+05 2.569346994266196270e+05 5.786202762219001306e+05 8.754282629674339842e+04
-4.892807566095509683e+05 -5.667930433347928338e+05 -1.943850078225789766e+05 2.295312060767772491e+05 -2.919626552461746178e+04 5.459391730669044045e+04 1.738139839258151551e+04 3.048090734247223736e+04 6.147235298413687997e+04 -2.729196364358426537e+06 -5.584592545700285118e+05 -1.847731156772644899e+05 -4.957731006908670533e+05 -3.277338387030271697e+05 3.595549784261605819e+05 -1.155573996192338818e+05 8.754282629674339842e+04 5.384175915117061231e+05
