# lambda=0.1311027878907603
4.712930287313501537e+07 3.773754493912891019e+06 7.783937970019441564e+05 -1.292432632143753115e+06 1.302291152961192420e+06 -7.319489518932790961e+05 5.858280947413630784e+05 5.040298705656676902e+05 1.770506462388043583e+05 5.972902079017636925e+07 1.358176378801443242e+07 -2.606083065830640960e+06 -2.706053442727146205e+06 -2.284744498747364152e+06 -2.002846018724428141e+05 1.338860132819995051e+05 9.250068700464220019e+05 8.525632916703193914e+05
3.773754493912891019e+06 1.230554306748251803e+07 7.628666256449655630e+05 5.730302301864260808e+05 1.195719779513559304e+06 -1.154152189560947591e+05 2.545631533340459282e+05 3.631654449487779057e+05 6.203066894776332192e+05 -5.212659603781865910e+06 2.005181559004881233e+07 4.279343907050356269e+06 -2.410760701048112009e+06 -5.486252593840450281e+05 3.405178767714769929e+05 5.888174984989080112e+05 -4.256493396186394384e+05 6.243344635208353866e+05
7.783937970019441564e+05 7.628666256449655630e+05 3.986344670654766727e+06 4.603493292397793266e+05 1.792194685789141222e+05 -2.088085645641141746e+05 4.444959579313454014e+04 -3.834525641456003996e+03 1.880147867581193859e+05 8.845897060449387645e+05 7.918444881115288474e+06 4.673495768399565481e+06 6.873510166020403849e+05 3.174972118603626150e+05 3.356761773473068024e+05 -2.269178712270763936e+05 -3.744555509094616282e+05 2.136008268250956608e+05
-1.292432632143753115e+06 5.730302301864260808e+05 4.603493292397793266e+05 2.273032755632073153e+06 3.436556661001760513e+05 -1.486874198446531864e+03 -2.425266508394925040e+05 -2.384922977716726746e+04 8.232345765452565684e+04 2.955271450880892109e+06 9.456802896917049075e+05 4.267705845060056075e+06 5.109832144453838118e+05 5.423042746079557110e+05 -2.460113519098134420e+05 -4.134533948270695400e+05 -7.523942997246357845e+04 -1.485177933240101447e+04
1.302291152961192420e+06 1.195719779513559304e+06 1.792194685789141222e+05 3.436556661001760513e+05 7.499385522329091327e+05 1.262852772786570567e+05 1.103083506788335362e+05 8.210214105878095143e+04 1.291491679315600340e+05 -1.502596863121935865e+06 1.134752822971469024e+06 8.140663935978394002e+05 1.679851856986050916e+04 1.341319958559359657e+05 -1.500290770461591601e+05 -4.784516268752154429e+04 -1.212698800917431363e+05 2.889357204987904333e+04
-7.319489518932790961e+05 -1.154152189560947591e+05 -2.088085645641141746e+05 -1.486874198446531864e+03 1.262852772786570567e+05 3.862752432304546237e+05 2.201578149669959384e+04 5.556324476436411351e+04 3.691891389046816039e+04 -1.536065635466026142e+06 -2.021629954200112959e+06 -9.164512479142146185e+05 1.061913616186082072e+05 2.510998312778147811e+05 1.705909401647475315e+05 -2.190905314174234227e+05 6.848162180513096973e+04 -9.378485436436062446e+04
5.858280947413630784e+05 2.545631533340459282e+05 4.444959579313454014e+04 -2.425266508394925040e+05 1.103083506788335362e+05 2.201578149669959384e+04 2.069254735700864403e+05 9.781190278787785792e+04 5.084101892102283455e+04 -1.957912243619129586e+05 3.910071178913562326e+05 9.139236069122097979e+04 -4.609816241543015349e+05 -7.209687219765922055e+04 -1.601559627643216227e+05 5.665396678857067309e+04 5.007005934189001709e+04 2.577738290290877558e+04
5.040298705656676902e+05 3.631654449487779057e+05 -3.834525641456003996e+03 -2.384922977716726746e+04 8.210214105878095143e+04 5.556324476436411351e+04 9.781190278787785792e+04 1.777128038213511754e+05 2.407276161635382960e+04 1.270372989197106835e+04 7.483069485209446866e+05 -1.778782134708404556e+04 -4.313786331921607052e+04 2.420836080125528970e+05 -1.066073598397752212e+05 2.552556414892938483e+04 2.105316835831891221e+05 6.231334715547848464e+04
1.770506462388043583e+05 6.203066894776332192e+05 1.880147867581193859e+05 8.232345765452565684e+04 1.291491679315600340e+05 3.691891389046816039e+04 5.084101892102283455e+04 2.407276161635382960e+04 1.543258398697681259e+05 -4.082920167977932724e+05 9.966163380935105961e+05 5.108999676905460074e+05 -3.208122612571104546e+05 3.612435060495280050e+04 2.051058499098866887e+05 -1.086935442636800326e+04 -7.648416669893085782e+04 4.669277628475164238e+04
5.972902079017636925e+07 -5.212659603781865910e+06 8.845897060449387645e+05 2.955271450880892109e+06 -1.502596863121935865e+06 -1.536065635466026142e+06 -1.957912243619129586e+05 1.270372989197106835e+04 -4.082920167977932724e+05 2.171356981438654065e+08 3.367457379286952317e+07 1.826668064776940644e+07 6.620015955799180083e+06 -6.304722276101333089e+06 -6.211552886978550814e+06 -3.647093304259438068e+06 2.255325299593558535e+06 4.533582556487243710e+04
1.358176378801443242e+07 2.005181559004881233e+07 7.918444881115288474e+06 9.456802896917049075e+05 1.134752822971469024e+06 -2.021629954200112959e+06 3.910071178913562326e+05 7.483069485209446866e+05 9.966163380935105961e+05 3.367457379286952317e+07 7.524137488700518012e+07 2.257757859376627952e+07 -4.566226529271510430e+06 -6.204658260291037150e+05 -9.867375398200738709e+05 -6.357607793433129700e+04 -2.816175376958544948e+05 5.221075258013557759e+05
-2.606083065830640960e+06 4.279343907050356269e+06 4.673495768399565481e+06 4.267705845060056075e+06 8.140663935978394002e+05 -9.164512479142146185e+05 9.139236069122097979e+04 -1.778782134708404556e+04 5.108999676905460074e+05 1.826668064776940644e+07 2.257757859376627952e+07 2.781120575843708590e+07 3.957636187802974600e+06 1.554650110677804332e+05 -1.577284948020253563e+06 -1.454703491974522360e+06 -1.653880809912504861e+06 -2.135664317032683175e+05
-2.706053442727146205e+06 -2.410760701048112009e+06 6.873510166020403849e+05 5.109832144453838118e+05 1.679851856986050916e+04 1.061913616186082072e+05 -4.609816241543015349e+05 -4.313786331921607052e+04 -3.208122612571104546e+05 6.620015955799180083e+06 -4.566226529271510430e+06 3.957636187802974600e+06 1.593060423690962233e+07 3.206720024810433853e+06 -3.084944107783105574e+05 3.493194364910065779e+05 -2.084481162161657121e+05 -7.190750330796786875e+04
-2.284744498747364152e+06 -5.486252593840450281e+05 3.174972118603626150e+05 5.423042746079557110e+05 1.341319958559359657e+05 2.510998312778147811e+05 -7.209687219765922055e+04 2.420836080125528970e+05 3.612435060495280050e+04 -6.304722276101333089e+06 -6.204658260291037150e+05 1.554650110677804332e+05 3.206720024810433853e+06 3.893623425175452605e+06 1.652187945644498686e+05 2.833641489764809376e+05 5.949600779666928574e+05 2.671408610485444660e+04
-2.002846018724428141e+05 3.405178767714769929e+05 3.356761773473068024e+05 -2.460113519098134420e+05 -1.500290770461591601e+05 1.705909401647475315e+05 -1.601559627643216227e+05 -1.066073598397752212e+05 2.051058499098866887e+05 -6.211552886978550814e+06 -9.867375398200738709e+05 -1.577284948020253563e+06 -3.084944107783105574e+05 1.652187945644498686e+05 1.797905856246720999e+06 -1.935287477081603720e+05 -2.209265020908142324e+05 -1.210357419892885518e+05
1.338860132819995051e+05 5.888174984989080112e+05 -2.269178712270763936e+05 -4.134533948270695400e+05 -4.784516268752154429e+04 -2.190905314174234227e+05 5.665396678857067309e+04 2.552556414892938483e+04 -1.086935442636800326e+04 -3.647093304259438068e+06 -6.357607793433129700e+04 -1.454703491974522360e+06 3.493194364910065779e+05 2.833641489764809376e+05 -1.935287477081603720e+05 9.674731861674914835e+05 1.263942501185239234e+05 1.270153704989130638e+05
9.250068700464220019e+05 -4.256493396186394384e+05 -3.744555509094616282e+05 -7.523942997246357845e+04 -1.212698800917431363e+05 6.848162180513096973e+04 5.007005934189001709e+04 2.105316835831891221e+05 -7.648416669893085782e+04 2.255325299593558535e+06 -2.816175376958544948e+05 -1.653880809912504861e+06 -2.084481162161657121e+05 5.949600779666928574e+05 -2.209265020908142324e+05 1.263942501185239234e+05 6.378631695577143691e+05 6.067737735177436116e+04
8.525632916703193914e+05 6.243344635208353866e+05 2.136008268250956608e+05 -1.485177933240101447e+04 2.889357204987904333e+04 -9.378485436436062446e+04 2.577738290290877558e+04 6.231334715547848464e+04 4.669277628475164238e+04 4.533582556487243710e+04 5.221075258013557759e+05 -2.135664317032683175e+05 -7.190750330796786875e+04 2.671408610485444660e+04 -1.210357419892885518e+05 1.270153704989130638e+05 6.067737735177436116e+04 3.385969903910061694e+05
