# lambda=0.13074383779403365
3.543965230761636049e+07 2.760750970315004233e+06 -4.916487883802633733e+05 -8.453376282197758555e+05 -9.818648654042825801e+05 1.070883338051028084e+06 3.968310055635922472e+05 2.638113401876402204e+05 2.834616787885545637e+05 3.637465316045998037e+07 1.562087954300494492e+07 -2.558543038029772695e+06 -5.686121356783041265e+05 7.950521552485853899e+05 -2.980209883690218558e+05 -1.381347682449376211e+06 7.855816504737159703e+05 -9.691613567246774910e+05
2.760750970315004233e+06 1.656456746283484064e+07 2.901526188339347951e+06 2.792458614101157524e+06 -2.423228651695646113e+04 9.493480665170255816e+05 -3.477237134965546284e+04 8.941002775029692566e+04 -6.319149737852227554e+04 -1.104189808245835267e+07 9.921780963472783566e+06 3.393632095380461309e+06 3.137944744665005244e+06 1.686604204308454646e+06 1.940084908548419480e+05 6.678155889794696122e+04 7.952593247752456227e+05 1.083433703469935805e+06
-4.916487883802633733e+05 2.901526188339347951e+06 3.181433689700091723e+06 2.184377808595958340e+05 -6.878318466146232095e+04 7.171395935334308306e+05 -8.550509496531116019e+04 -1.408171971252423245e+05 -4.157153863694355823e+04 1.044258042745271698e+06 1.751610555460411357e+06 3.264071668468918651e+06 7.741815225562291453e+05 8.857906570394519949e+05 1.986212824107506312e+05 3.844973491919823573e+05 -6.547622523599323176e+04 -1.593819623724084231e+05
-8.453376282197758555e+05 2.792458614101157524e+06 2.184377808595958340e+05 2.864562977525087539e+06 7.239147875223730225e+05 3.460901610729660024e+05 -2.973937786893848097e+05 1.768224796037808992e+05 1.194520433527474961e+05 -5.798416773223951459e+06 6.342678128680187510e+05 -5.243800314055103809e+05 1.107891321847116342e+06 1.135994145637181588e+06 -2.765008475729880738e+05 3.207660847791472333e+05 4.106207984522724291e+05 7.765663012140956707e+05
-9.818648654042825801e+05 -2.423228651695646113e+04 -6.878318466146232095e+04 7.239147875223730225e+05 1.047726288688002736e+06 2.331567534260398825e+05 -1.654317040526722267e+05 -1.661412830414767814e+04 7.579314690437367244e+04 -2.715335113383525982e+06 2.629816943770085461e+06 -2.830010089100202313e+05 -1.851761922616537195e+05 7.324747039283219492e+05 1.547290979531623016e+05 2.274069685704095900e+04 -2.469122183802532963e+05 1.495249753090940067e+05
1.070883338051028084e+06 9.493480665170255816e+05 7.171395935334308306e+05 3.460901610729660024e+05 2.331567534260398825e+05 8.429121876749277581e+05 1.381455269754363326e+04 -7.470776097514721914e+04 2.564921251669129560e+04 1.114273157174960244e+06 1.520953344345822930e+06 1.563956160585810198e+06 7.410993130306677194e+05 1.152682227497521555e+06 1.619186257273360970e+05 4.320957277804560727e+05 1.284659318539767846e+05 7.862653777242128854e+04
3.968310055635922472e+05 -3.477237134965546284e+04 -8.550509496531116019e+04 -2.973937786893848097e+05 -1.654317040526722267e+05 1.381455269754363326e+04 1.583119642541840440e+05 1.785747299817946623e+04 1.358064166378138725e+04 1.667267963618013309e+06 2.748893302249613917e+05 1.359407618183068698e+05 1.502967499271696724e+05 1.625267346468316828e+04 1.224733194689022275e+04 5.651751186140532081e+04 1.248392882380050287e+05 7.832460906766674270e+03
2.638113401876402204e+05 8.941002775029692566e+04 -1.408171971252423245e+05 1.768224796037808992e+05 -1.661412830414767814e+04 -7.470776097514721914e+04 1.785747299817946623e+04 1.259166300129319570e+05 4.328411620418485836e+04 -7.035322086590048857e+05 4.929687991660554544e+05 -6.440983791343086632e+05 2.959270798136462108e+05 -1.107282830001288676e+05 -4.494528729238605592e+04 -2.756234804744249777e+04 1.553277932403449959e+05 1.154926046353593556e+05
2.834616787885545637e+05 -6.319149737852227554e+04 -4.157153863694355823e+04 1.194520433527474961e+05 7.579314690437367244e+04 2.564921251669129560e+04 1.358064166378138725e+04 4.328411620418485836e+04 8.733907530459914415e+04 -1.676077548496614909e+05 2.347314950182102912e+05 -2.957186326999637531e+05 -5.830621603967870033e+04 7.900066521330316027e+04 -1.830108932653076772e+04 2.834311572765160599e+04 5.502026817972078425e+04 2.150091926067543318e+04
3.637465316045998037e+07 -1.104189808245835267e+07 1.044258042745271698e+06 -5.798416773223951459e+06 -2.715335113383525982e+06 1.114273157174960244e+06 1.667267963618013309e+06 -7.035322086590048857e+05 -1.676077548496614909e+05 1.943525476999002099e+08 7.010092095210855827e+06 1.748193846460938826e+07 8.317852737946964800e+06 5.339287842544813640e+06 -4.897654409147607163e+06 -4.357893671521804295e+06 2.681491959793399088e+06 6.960320323569877073e+05
1.562087954300494492e+07 9.921780963472783566e+06 1.751610555460411357e+06 6.342678128680187510e+05 2.629816943770085461e+06 1.520953344345822930e+06 2.748893302249613917e+05 4.929687991660554544e+05 2.347314950182102912e+05 7.010092095210855827e+06 5.657089955351093411e+07 -4.889091646079215221e+06 4.077990021024315618e+06 2.964767799190371297e+06 2.841166858271128032e+06 9.881245125511814840e+05 1.956476369930756744e+06 8.534384825777228689e+05
-2.558543038029772695e+06 3.393632095380461309e+06 3.264071668468918651e+06 -5.243800314055103809e+05 -2.830010089100202313e+05 1.563956160585810198e+06 1.359407618183068698e+05 -6.440983791343086632e+05 -2.957186326999637531e+05 1.748193846460938826e+07 -4.889091646079215221e+06 2.841011255525659025e+07 3.931650291839187499e+06 2.362936282560021617e+06 4.287286107506416156e+05 3.274169513202428352e+06 -1.287339034502307186e+06 -2.329800440540908312e+05
-5.686121356783041265e+05 3.137944744665005244e+06 7.741815225562291453e+05 1.107891321847116342e+06 -1.851761922616537195e+05 7.410993130306677194e+05 1.502967499271696724e+05 2.959270798136462108e+05 -5.830621603967870033e+04 8.317852737946964800e+06 4.077990021024315618e+06 3.931650291839187499e+06 6.901294077364931814e+06 2.070325278616425116e+06 -2.552089863219200051e+05 3.388381025188512285e+05 9.994230341330083320e+05 1.451789360132507049e+06
7.950521552485853899e+05 1.686604204308454646e+06 8.857906570394519949e+05 1.135994145637181588e+06 7.324747039283219492e+05 1.152682227497521555e+06 1.625267346468316828e+04 -1.107282830001288676e+05 7.900066521330316027e+04 5.339287842544813640e+06 2.964767799190371297e+06 2.362936282560021617e+06 2.070325278616425116e+06 3.966734286462486256e+06 4.486633493206806597e+05 1.002687393557043746e+06 2.787058378388777492e+05 5.323300165336620994e+05
-2.980209883690218558e+05 1.940084908548419480e+05 1.986212824107506312e+05 -2.765008475729880738e+05 1.547290979531623016e+05 1.619186257273360970e+05 1.224733194689022275e+04 -4.494528729238605592e+04 -1.830108932653076772e+04 -4.897654409147607163e+06 2.841166858271128032e+06 4.287286107506416156e+05 -2.552089863219200051e+05 4.486633493206806597e+05 2.145593858015510719e+06 8.043555569254658185e+05 5.318241634327259380e+05 -4.626063612637235929e+04
-1.381347682449376211e+06 6.678155889794696122e+04 3.844973491919823573e+05 3.207660847791472333e+05 2.274069685704095900e+04 4.320957277804560727e+05 5.651751186140532081e+04 -2.756234804744249777e+04 2.834311572765160599e+04 -4.357893671521804295e+06 9.881245125511814840e+05 3.274169513202428352e+06 3.388381025188512285e+05 1.002687393557043746e+06 8.043555569254658185e+05 1.700557548905382399e+06 1.787141330630399461e+05 -1.188399274947724334e+05
7.855816504737159703e+05 7.952593247752456227e+05 -6.547622523599323176e+04 4.106207984522724291e+05 -2.469122183802532963e+05 1.284659318539767846e+05 1.248392882380050287e+05 1.553277932403449959e+05 5.502026817972078425e+04 2.681491959793399088e+06 1.956476369930756744e+06 -1.287339034502307186e+06 9.994230341330083320e+05 2.787058378388777492e+05 5.318241634327259380e+05 1.787141330630399461e+05 1.260864095257539535e+06 5.796548114880631911e+05
-9.691613567246774910e+05 1.083433703469935805e+06 -1.593819623724084231e+05 7.765663012140956707e+05 1.495249753090940067e+05 7.862653777242128854e+04 7.832460906766674270e+03 1.154926046353593556e+05 2.150091926067543318e+04 6.960320323569877073e+05 8.534384825777228689e+05 -2.329800440540908312e+05 1.451789360132507049e+06 5.323300165336620994e+05 -4.626063612637235929e+04 -1.188399274947724334e+05 5.796548114880631911e+05 8.156089887571424479e+05
