# lambda=0.17866039950633816
5.862628506233340502e+07 3.243176288464764133e+06 8.942189792307236930e+05 1.243666295168068260e+06 -2.306104747454743832e+06 -7.663263670109473169e+05 4.009634689542361884e+05 -6.456935435248133726e+05 -1.263403605674707942e+05 1.464022993887961842e+07 -1.426652435105609708e+06 1.266979870294355787e+07 5.398897262177667581e+06 -9.031558230041028000e+05 1.710036775041003944e+06 2.236626354291304015e+06 -9.859603968297374668e+05 -1.449976694108592346e+06
3.243176288464764133e+06 1.908639160932660475e+07 1.163351897362090647e+06 -3.930873634125932003e+05 2.232983845277957735e+05 -6.270017529912213795e+05 -1.699017179493365402e+05 3.450774520172594930e+05 3.676602740166273434e+05 -7.108083525533163920e+06 7.181148974634441547e+06 5.189123870087650605e+06 5.252585819977035746e+06 2.269192105998200830e+06 -1.909259634288386675e+06 -1.648468044177114032e+06 -5.122992460692623863e+05 -4.569922720325360424e+05
8.942189792307236930e+05 1.163351897362090647e+06 3.560000551850552205e+06 9.757224851144559216e+05 5.537046757342839846e+05 -2.883684928238696884e+05 -1.229565442918801418e+05 -1.835628752432714682e+05 -4.640208467452225887e+04 3.542451963941288181e+06 6.763206794154808857e+06 3.282292474271449726e+06 5.141196936983822379e+05 -1.917383432953177544e+05 5.206146935612316593e+05 -7.463132072631359333e+05 -7.487585021085890185e+04 2.219102527350838063e+05
1.243666295168068260e+06 -3.930873634125932003e+05 9.757224851144559216e+05 1.652436243739914848e+06 2.161754074578825966e+05 -2.524028838974681275e+05 5.574622785423922323e+04 5.674669681107786892e+04 9.650740448217574158e+04 3.053760546654308680e+06 3.446047163189103827e+06 -5.052172396717931260e+05 4.120276727058979450e+05 7.644333365136807552e+05 1.116484521750316257e+06 3.363606919855200103e+05 1.097169499638032721e+05 -1.852635736395488493e+05
-2.306104747454743832e+06 2.232983845277957735e+05 5.537046757342839846e+05 2.161754074578825966e+05 7.826538822189972270e+05 -1.484537026720794383e+05 6.660135783088237804e+04 -6.838410507472616155e+04 -4.394373386760475114e+04 1.193422578264557524e+06 2.037681023114931304e+06 3.737718709578566486e+05 -1.686112516823911865e+05 1.063007534586463735e+05 -2.297153549602442217e+04 7.709864965703772032e+04 -1.076999584825306811e+05 3.467358985314550810e+05
-7.663263670109473169e+05 -6.270017529912213795e+05 -2.883684928238696884e+05 -2.524028838974681275e+05 -1.484537026720794383e+05 4.010027669784610625e+05 8.567545627891915501e+04 7.732904156269851228e+03 3.245127899117956986e+04 -1.815459556488234783e+06 -1.786490192286403850e+06 -1.040922232175209909e+06 -8.998765356732239889e+04 -2.370903836837018025e+05 8.071030336562541197e+04 -1.945306992594651820e+05 -2.793274586485878172e+04 -1.807156486185936592e+04
4.009634689542361884e+05 -1.699017179493365402e+05 -1.229565442918801418e+05 5.574622785423922323e+04 6.660135783088237804e+04 8.567545627891915501e+04 3.021474986894608010e+05 4.056345810406987584e+04 1.315816217614530069e+04 -4.370368200075422646e+05 -9.793945654662185116e+05 -1.013409253827805631e+06 -2.304493453056142025e+05 1.715840079962493837e+04 2.974155442767621134e+05 2.913244478524145961e+04 2.838003887372119425e+04 2.096866680546936113e+05
-6.456935435248133726e+05 3.450774520172594930e+05 -1.835628752432714682e+05 5.674669681107786892e+04 -6.838410507472616155e+04 7.732904156269851228e+03 4.056345810406987584e+04 1.006976182010479388e+05 7.071554383660996973e+04 -1.375990246338850586e+06 -2.084759681825465814e+05 -6.116834781513729831e+05 -1.081605891829158827e+04 1.216600257809187751e+05 1.265706780639619828e+05 3.180531468327801485e+04 7.906376839109852153e+04 -2.962927866793678186e+04
-1.263403605674707942e+05 3.676602740166273434e+05 -4.640208467452225887e+04 9.650740448217574158e+04 -4.394373386760475114e+04 3.245127899117956986e+04 1.315816217614530069e+04 7.071554383660996973e+04 1.115391133905958559e+05 -1.466269225779091939e+06 5.943178100023075240e+05 -1.887658955039433495e+05 1.691116813261484785e+05 4.571405561807711638e+04 5.314142352082299476e+04 -7.782779853982431814e+04 2.420866010669122988e+04 -1.733757373492427723e+04
1.464022993887961842e+07 -7.108083525533163920e+06 3.542451963941288181e+06 3.053760546654308680e+06 1.193422578264557524e+06 -1.815459556488234783e+06 -4.370368200075422646e+05 -1.375990246338850586e+06 -1.466269225779091939e+06 1.737093577617087066e+08 5.485270534459098242e+06 9.631147821638161317e+06 -1.673460510871373117e+07 -6.550256289600358345e+06 -1.421810115512008080e+06 3.551537056249767076e+06 1.794950677812485490e+06 -7.987692105722398264e+05
-1.426652435105609708e+06 7.181148974634441547e+06 6.763206794154808857e+06 3.446047163189103827e+06 2.037681023114931304e+06 -1.786490192286403850e+06 -9.793945654662185116e+05 -2.084759681825465814e+05 5.943178100023075240e+05 5.485270534459098242e+06 9.192664419479426742e+07 2.748061759044584632e+07 4.472566978985888883e+06 -6.643406740105912089e+06 -2.008064781730413437e+06 -3.732043752101211343e+06 -7.456992741422335384e+05 3.013623916831718525e+05
1.266979870294355787e+07 5.189123870087650605e+06 3.282292474271449726e+06 -5.052172396717931260e+05 3.737718709578566486e+05 -1.040922232175209909e+06 -1.013409253827805631e+06 -6.116834781513729831e+05 -1.887658955039433495e+05 9.631147821638161317e+06 2.748061759044584632e+07 2.974704942635645345e+07 5.279984716535900719e+06 -2.367467750835840590e+06 -3.035106816675030626e+06 -8.919882698112740181e+05 5.485112432206934318e+05 1.676173906881382864e+05
5.398897262177667581e+06 5.252585819977035746e+06 5.141196936983822379e+05 4.120276727058979450e+05 -1.686112516823911865e+05 -8.998765356732239889e+04 -2.304493453056142025e+05 -1.081605891829158827e+04 1.691116813261484785e+05 -1.673460510871373117e+07 4.472566978985888883e+06 5.279984716535900719e+06 7.715483391915781423e+06 1.867327197816013359e+06 1.076815736938823014e+06 -7.015816251216242090e+05 -3.786969013294096221e+05 -6.647248628074055305e+05
-9.031558230041028000e+05 2.269192105998200830e+06 -1.917383432953177544e+05 7.644333365136807552e+05 1.063007534586463735e+05 -2.370903836837018025e+05 1.715840079962493837e+04 1.216600257809187751e+05 4.571405561807711638e+04 -6.550256289600358345e+06 -6.643406740105912089e+06 -2.367467750835840590e+06 1.867327197816013359e+06 4.276614403079849668e+06 3.948327524907428306e+05 1.956651381354621262e+05 3.723375331117573078e+05 -4.014226770931811188e+05
1.710036775041003944e+06 -1.909259634288386675e+06 5.206146935612316593e+05 1.116484521750316257e+06 -2.297153549602442217e+04 8.071030336562541197e+04 2.974155442767621134e+05 1.265706780639619828e+05 5.314142352082299476e+04 -1.421810115512008080e+06 -2.008064781730413437e+06 -3.035106816675030626e+06 1.076815736938823014e+06 3.948327524907428306e+05 3.873828933391059749e+06 7.499629884460951434e+05 3.758659330118075013e+05 -1.151137108815906831e+05
2.236626354291304015e+06 -1.648468044177114032e+06 -7.463132072631359333e+05 3.363606919855200103e+05 7.709864965703772032e+04 -1.945306992594651820e+05 2.913244478524145961e+04 3.180531468327801485e+04 -7.782779853982431814e+04 3.551537056249767076e+06 -3.732043752101211343e+06 -8.919882698112740181e+05 -7.015816251216242090e+05 1.956651381354621262e+05 7.499629884460951434e+05 1.751643216556847328e+06 1.369869110756500158e+05 5.579187317273992812e+04
-9.859603968297374668e+05 -5.122992460692623863e+05 -7.487585021085890185e+04 1.097169499638032721e+05 -1.076999584825306811e+05 -2.793274586485878172e+04 2.838003887372119425e+04 7.906376839109852153e+04 2.420866010669122988e+04 1.794950677812485490e+06 -7.456992741422335384e+05 5.485112432206934318e+05 -3.786969013294096221e+05 3.723375331117573078e+05 3.758659330118075013e+05 1.369869110756500158e+05 6.188049415617466439e+05 4.192879586684800597e+04
-1.449976694108592346e+06 -4.569922720325360424e+05 2.219102527350838063e+05 -1.852635736395488493e+05 3.467358985314550810e+05 -1.807156486185936592e+04 2.096866680546936113e+05 -2.962927866793678186e+04 -1.733757373492427723e+04 -7.987692105722398264e+05 3.013623916831718525e+05 1.676173906881382864e+05 -6.647248628074055305e+05 -4.014226770931811188e+05 -1.151137108815906831e+05 5.579187317273992812e+04 4.192879586684800597e+04 6.845471729012139840e+05
