# lambda=0.14273748894350927
4.462192756180580705e+07 6.910292407510902733e+06 -3.939172521488592029e+06 -1.025213038284102338e+06 -7.387911402899399400e+05 -2.435448120039439818e+05 3.222952699939079466e+05 2.099832483224363023e+04 -1.687433282872956479e+05 2.739023351784327254e+07 -5.224993143587901257e+06 -3.434505035464330111e+06 -2.055398903706118930e+06 2.182087066654764931e+05 -5.814935101185808890e+05 1.291737949369406560e+06 3.643298478252518107e+05 -2.924301373223569826e+05
6.910292407510902733e+06 1.412470462430982105e+07 -1.879220964579898166e+06 -8.458746621842749882e+05 -1.147297036624278873e+06 -2.611775939602835278e+05 -5.839387377985967323e+05 -5.978556140323751606e+05 -3.263015134115079418e+05 1.533306177761184052e+07 4.639638153642988764e+06 -2.854551590169988573e+06 -1.400293956221390050e+06 3.165976085309387418e+04 2.674508048471240909e+05 2.146113833412502892e+06 4.901429159517683438e+05 -1.977427170203723072e+05
-3.939172521488592029e+06 -1.879220964579898166e+06 3.674942506637436338e+06 1.133042775991397677e+06 -8.726850580300249567e+04 -1.692020691075794166e+05 -1.314058853423350665e+05 2.449830089617820049e+05 -5.950908937671947569e+03 3.703767959958457388e+06 -1.534305989158752142e+06 3.896243300917230546e+06 1.896159127145273378e+06 1.633233744286312955e+06 7.253714733728591818e+05 -2.376188767581104185e+04 3.901803691477928660e+05 1.666178769377225253e+05
-1.025213038284102338e+06 -8.458746621842749882e+05 1.133042775991397677e+06 1.554841605630076956e+06 6.442813545739606488e+05 1.050141379689152673e+05 1.876901564494689810e+05 5.722396743448063353e+04 -2.075391929024440105e+04 -2.973757790845387499e+05 5.088327065790414345e+05 1.106795255770039046e+06 1.470913549113885965e+05 1.357112640731845517e+06 7.082292289536899189e+05 -9.105381081961460586e+04 2.406823177820353594e+05 1.688538769213722117e+04
-7.387911402899399400e+05 -1.147297036624278873e+06 -8.726850580300249567e+04 6.442813545739606488e+05 1.075166205690987641e+06 3.136631861335106078e+05 3.120133371951777372e+05 -8.791182945630331233e+04 -4.929811813423005515e+04 -3.288002888103438541e+06 -3.082558434282206581e+05 4.755318260075484286e+05 -4.846511926490764599e+05 9.569153492799834348e+05 3.507293728416550439e+05 -6.589104015894921031e+04 -2.564776285847621330e+05 -2.005373195594403369e+05
-2.435448120039439818e+05 -2.611775939602835278e+05 -1.692020691075794166e+05 1.050141379689152673e+05 3.136631861335106078e+05 5.509450874778021825e+05 1.468046900928291143e+05 -6.551741907027302659e+04 -2.456369283249029104e+04 6.028187697790917009e+05 -5.179353994030467002e+05 7.382212680077827536e+05 -2.648294666986486409e+05 2.639500073292746674e+05 2.246460783357532346e+05 6.592393246301788895e+04 -1.047979213220156089e+04 -1.341091488432494225e+05
3.222952699939079466e+05 -5.839387377985967323e+05 -1.314058853423350665e+05 1.876901564494689810e+05 3.120133371951777372e+05 1.468046900928291143e+05 2.397491436599025037e+05 -1.203079510890353413e+04 2.619251899402739218e+04 -8.666927855335429776e+05 -3.781004581381739699e+05 -4.779489244343918981e+05 -1.776442555875391117e+05 4.190202875542300171e+05 7.075029442299301445e+04 1.066490572597795835e+05 -7.809475582249336003e+04 -7.779071192322565366e+03
2.099832483224363023e+04 -5.978556140323751606e+05 2.449830089617820049e+05 5.722396743448063353e+04 -8.791182945630331233e+04 -6.551741907027302659e+04 -1.203079510890353413e+04 1.923330568226562464e+05 8.161432560722356720e+04 2.827430254250966827e+05 -7.964323158868731698e+05 -2.708168635665122420e+05 2.998968505915073911e+05 1.716585518842966121e+05 -9.287124900199620242e+03 -4.703838123072055168e+04 2.309487101581478200e+05 6.257630809282338305e+04
-1.687433282872956479e+05 -3.263015134115079418e+05 -5.950908937671947569e+03 -2.075391929024440105e+04 -4.929811813423005515e+04 -2.456369283249029104e+04 2.619251899402739218e+04 8.161432560722356720e+04 1.273733804858367366e+05 -1.795566366634303122e+05 3.031625620078988723e+05 -3.392057268379478483e+05 4.090809692624554154e+05 6.790390004992311879e+04 8.817805635340044682e+04 1.953113080377968436e+04 9.870112986900731630e+04 7.298822501369597740e+04
2.739023351784327254e+07 1.533306177761184052e+07 3.703767959958457388e+06 -2.973757790845387499e+05 -3.288002888103438541e+06 6.028187697790917009e+05 -8.666927855335429776e+05 2.827430254250966827e+05 -1.795566366634303122e+05 2.126278371791804433e+08 1.876438162662467733e+07 -1.649170281967367418e+07 -5.100913838141385466e+06 9.703788118253010325e+05 -2.084274794772400055e+06 6.912260170743893832e+06 3.132118948797965422e+06 9.851247058294962626e+05
-5.224993143587901257e+06 4.639638153642988764e+06 -1.534305989158752142e+06 5.088327065790414345e+05 -3.082558434282206581e+05 -5.179353994030467002e+05 -3.781004581381739699e+05 -7.964323158868731698e+05 3.031625620078988723e+05 1.876438162662467733e+07 8.200948673200747371e+07 4.186710990118740126e+06 -1.839618240845758235e+06 -3.608541220188916661e+06 2.960220501192263328e+05 -1.110388361701293848e+06 3.627470579371578060e+05 -5.704615384320799494e+05
-3.434505035464330111e+06 -2.854551590169988573e+06 3.896243300917230546e+06 1.106795255770039046e+06 4.755318260075484286e+05 7.382212680077827536e+05 -4.779489244343918981e+05 -2.708168635665122420e+05 -3.392057268379478483e+05 -1.649170281967367418e+07 4.186710990118740126e+06 2.822656975027243420e+07 6.892570680605403148e+06 -8.486944793964282144e+05 -1.025509437388214981e+06 -1.989875938600234687e+06 -1.228136772765989008e+05 -2.931274564247891976e+04
-2.055398903706118930e+06 -1.400293956221390050e+06 1.896159127145273378e+06 1.470913549113885965e+05 -4.846511926490764599e+05 -2.648294666986486409e+05 -1.776442555875391117e+05 2.998968505915073911e+05 4.090809692624554154e+05 -5.100913838141385466e+06 -1.839618240845758235e+06 6.892570680605403148e+06 8.820500358662489802e+06 1.501565630257866811e+06 -2.059916371660558216e+05 -2.983225840525082895e+05 6.215498328831628896e+05 2.430224239243752672e+05
2.182087066654764931e+05 3.165976085309387418e+04 1.633233744286312955e+06 1.357112640731845517e+06 9.569153492799834348e+05 2.639500073292746674e+05 4.190202875542300171e+05 1.716585518842966121e+05 6.790390004992311879e+04 9.703788118253010325e+05 -3.608541220188916661e+06 -8.486944793964282144e+05 1.501565630257866811e+06 4.817700819637410343e+06 1.857490592734757112e+06 6.385771963775762561e+04 3.728550103645868949e+05 -4.295727327496856451e+05
-5.814935101185808890e+05 2.674508048471240909e+05 7.253714733728591818e+05 7.082292289536899189e+05 3.507293728416550439e+05 2.246460783357532346e+05 7.075029442299301445e+04 -9.287124900199620242e+03 8.817805635340044682e+04 -2.084274794772400055e+06 2.960220501192263328e+05 -1.025509437388214981e+06 -2.059916371660558216e+05 1.857490592734757112e+06 2.638569194022749551e+06 4.393824785179107566e+05 4.947409504685032298e+05 -1.964147601426868059e+05
1.291737949369406560e+06 2.146113833412502892e+06 -2.376188767581104185e+04 -9.105381081961460586e+04 -6.589104015894921031e+04 6.592393246301788895e+04 1.066490572597795835e+05 -4.703838123072055168e+04 1.953113080377968436e+04 6.912260170743893832e+06 -1.110388361701293848e+06 -1.989875938600234687e+06 -2.983225840525082895e+05 6.385771963775762561e+04 4.393824785179107566e+05 2.440040910249207169e+06 7.163309697824952891e+05 3.461330235054677469e+05
3.643298478252518107e+05 4.901429159517683438e+05 3.901803691477928660e+05 2.406823177820353594e+05 -2.564776285847621330e+05 -1.047979213220156089e+04 -7.809475582249336003e+04 2.309487101581478200e+05 9.870112986900731630e+04 3.132118948797965422e+06 3.627470579371578060e+05 -1.228136772765989008e+05 6.215498328831628896e+05 3.728550103645868949e+05 4.947409504685032298e+05 7.163309697824952891e+05 1.166868271932396572e+06 3.806351411359246704e+05
-2.924301373223569826e+05 -1.977427170203723072e+05 1.666178769377225253e+05 1.688538769213722117e+04 -2.005373195594403369e+05 -1.341091488432494225e+05 -7.779071192322565366e+03 6.257630809282338305e+04 7.298822501369597740e+04 9.851247058294962626e+05 -5.704615384320799494e+05 -2.931274564247891976e+04 2.430224239243752672e+05 -4.295727327496856451e+05 -1.964147601426868059e+05 3.461330235054677469e+05 3.806351411359246704e+05 6.182669969186629169e+05
