# lambda=0.10557170403467267
2.881699159629382566e+07 -6.298837647563854232e+06 -2.109482104631442577e+06 -9.178213557332929922e+05 -7.122567637378961081e+05 7.720651918503392953e+05 -1.349125153008986381e+05 2.791547620981828659e+05 -8.790578859968186589e+04 3.557442730383614078e+06 -5.736739116107551381e+06 -9.810544313108200207e+06 -1.114765945863509784e+06 -1.652550353775284719e+06 3.179525817243112833e+05 -3.401717723529042560e+05 3.623232908843829064e+05 7.084911928887930699e+05
-6.298837647563854232e+06 1.298097239316298440e+07 3.207285973511082120e+05 -9.719134732378248591e+05 -3.514113576855153951e+04 -6.739388767479764647e+04 -3.449931162152116303e+05 2.669479360370611539e+04 1.705733511688292783e+05 3.022052349654857442e+07 2.191355825638638064e+07 6.344316023315127008e+06 -9.051716388047377113e+05 5.987522849911577068e+05 -1.377193314534177538e+06 -5.265234335345319705e+05 -5.904520896890748991e+05 1.743941972862015245e+04
-2.109482104631442577e+06 3.207285973511082120e+05 5.154374926389588043e+06 9.393245607796488912e+04 -1.937966059156959527e+05 3.822334341054140823e+05 -4.973943903473552200e+04 -4.601856429146882729e+05 -1.638532246047459776e+05 -1.480798784875355288e+07 3.144563895123961847e+06 1.509019316521270666e+06 -1.528457985958321718e+06 -8.812570261733294465e+05 5.014909610030070762e+05 -9.927242432232951978e+05 -1.054352651087293401e+06 -1.560607845302306232e+05
-9.178213557332929922e+05 -9.719134732378248591e+05 9.393245607796488912e+04 2.214024978233014699e+06 6.137152974781147204e+05 -9.292287641935494321e+04 5.765394950408986006e+03 1.458660467592461791e+05 9.094217594316502800e+04 -9.132737275933679193e+06 -3.891125536531981546e+06 -9.088784290197313530e+05 6.254162742933322443e+05 -5.386058178709086496e+05 -1.389250969167636649e+05 9.640785771484547295e+05 -1.393374161076276214e+05 2.852346679202806554e+05
-7.122567637378961081e+05 -3.514113576855153951e+04 -1.937966059156959527e+05 6.137152974781147204e+05 7.807692650575718144e+05 -3.073509916027502186e+04 2.331274605162980151e+04 6.748432396630327275e+04 3.268978178204304277e+04 1.827118348385393852e+06 -8.779020365944936639e+05 -1.093700651045728475e+06 3.551605206490398268e+05 1.779284666480446176e+05 -1.880234714558651613e+05 -1.167420673843805853e+05 -3.035741976409202907e+05 1.426776977705033496e+05
7.720651918503392953e+05 -6.739388767479764647e+04 3.822334341054140823e+05 -9.292287641935494321e+04 -3.073509916027502186e+04 7.505407133559648646e+05 3.684561550613935833e+04 7.690101808039934258e+04 2.575458187829448798e+04 -6.093764484173154458e+06 -7.862336663348757429e+05 -1.023501639970832504e+06 -1.024035499056951958e+06 -2.805914510710235336e+05 3.377750000751557673e+04 -2.664535400052487967e+05 1.681848719937873830e+04 -1.208504583675190806e+05
-1.349125153008986381e+05 -3.449931162152116303e+05 -4.973943903473552200e+04 5.765394950408986006e+03 2.331274605162980151e+04 3.684561550613935833e+04 1.637734204116977053e+05 4.428146278953819274e+04 -9.479281560922208882e+03 -1.645932714443346020e+06 -1.103427506060866639e+06 3.821540817898577370e+04 2.935514200908165076e+05 3.555297749533794558e+04 2.039570061571091937e+05 1.257951563891662518e+05 4.298097211180671002e+04 -1.155206720040995860e+05
2.791547620981828659e+05 2.669479360370611539e+04 -4.601856429146882729e+05 1.458660467592461791e+05 6.748432396630327275e+04 7.690101808039934258e+04 4.428146278953819274e+04 1.740179540376531077e+05 5.526234634057232324e+04 -6.397545691644172621e+04 -9.187729274948718958e+05 -4.108583884934807429e+05 -1.145245809651176532e+05 -4.863414941168129008e+04 1.256259218972161616e+05 2.254003549543515546e+05 1.168550187320887053e+05 2.881845653579358259e+04
-8.790578859968186589e+04 1.705733511688292783e+05 -1.638532246047459776e+05 9.094217594316502800e+04 3.268978178204304277e+04 2.575458187829448798e+04 -9.479281560922208882e+03 5.526234634057232324e+04 1.805462810890930414e+05 -2.617184050605868106e+04 6.759556209527367901e+04 -7.922038229024322936e+05 -2.899211352654247312e+05 -2.783792511268958697e+04 -1.335217556372238032e+05 4.419064342133529863e+04 1.155581186560408678e+05 5.164637758425270295e+04
3.557442730383614078e+06 3.022052349654857442e+07 -1.480798784875355288e+07 -9.132737275933679193e+06 1.827118348385393852e+06 -6.093764484173154458e+06 -1.645932714443346020e+06 -6.397545691644172621e+04 -2.617184050605868106e+04 2.834576863609257340e+08 7.695785238705033064e+07 3.192648966789930593e+06 8.682519685031071305e+06 8.004525496488885023e+06 -6.204872667666701600e+06 -3.036276925971285440e+06 -8.357158568372223526e+05 3.258276855051472783e+06
-5.736739116107551381e+06 2.191355825638638064e+07 3.144563895123961847e+06 -3.891125536531981546e+06 -8.779020365944936639e+05 -7.862336663348757429e+05 -1.103427506060866639e+06 -9.187729274948718958e+05 6.759556209527367901e+04 7.695785238705033064e+07 8.376421171208605170e+07 1.433640227652155608e+07 -4.466139420876275748e+06 -5.859194868287758902e+06 -5.039456912800503895e+06 -4.342103134513171390e+06 -2.072930416791548952e+06 1.482757106940357946e+06
-9.810544313108200207e+06 6.344316023315127008e+06 1.509019316521270666e+06 -9.088784290197313530e+05 -1.093700651045728475e+06 -1.023501639970832504e+06 3.821540817898577370e+04 -4.108583884934807429e+05 -7.922038229024322936e+05 3.192648966789930593e+06 1.433640227652155608e+07 2.143084816663421318e+07 4.706628147818766534e+06 -8.395953120346165961e+05 1.343321338072778424e+06 1.583365867213986116e+06 -5.074147269249460660e+05 -1.012409739099339000e+06
-1.114765945863509784e+06 -9.051716388047377113e+05 -1.528457985958321718e+06 6.254162742933322443e+05 3.551605206490398268e+05 -1.024035499056951958e+06 2.935514200908165076e+05 -1.145245809651176532e+05 -2.899211352654247312e+05 8.682519685031071305e+06 -4.466139420876275748e+06 4.706628147818766534e+06 8.115457718941424973e+06 1.422505065832895227e+06 3.193449695182715077e+05 2.119223998514791485e+06 6.447390899653723463e+05 -6.713121219003906299e+04
-1.652550353775284719e+06 5.987522849911577068e+05 -8.812570261733294465e+05 -5.386058178709086496e+05 1.779284666480446176e+05 -2.805914510710235336e+05 3.555297749533794558e+04 -4.863414941168129008e+04 -2.783792511268958697e+04 8.004525496488885023e+06 -5.859194868287758902e+06 -8.395953120346165961e+05 1.422505065832895227e+06 3.919381460692781489e+06 -4.249579116560119292e+04 -1.283713482830066205e+05 1.357311016152137599e+05 -5.681816901949563762e+05
3.179525817243112833e+05 -1.377193314534177538e+06 5.014909610030070762e+05 -1.389250969167636649e+05 -1.880234714558651613e+05 3.377750000751557673e+04 2.039570061571091937e+05 1.256259218972161616e+05 -1.335217556372238032e+05 -6.204872667666701600e+06 -5.039456912800503895e+06 1.343321338072778424e+06 3.193449695182715077e+05 -4.249579116560119292e+04 2.833699872654946521e+06 7.726793225501000416e+05 1.176783842048469751e+03 -3.562256114923409186e+05
-3.401717723529042560e+05 -5.265234335345319705e+05 -9.927242432232951978e+05 9.640785771484547295e+05 -1.167420673843805853e+05 -2.664535400052487967e+05 1.257951563891662518e+05 2.254003549543515546e+05 4.419064342133529863e+04 -3.036276925971285440e+06 -4.342103134513171390e+06 1.583365867213986116e+06 2.119223998514791485e+06 -1.283713482830066205e+05 7.726793225501000416e+05 2.015704601328009507e+06 7.596909879209880019e+05 1.162981727346120897e+04
3.623232908843829064e+05 -5.904520896890748991e+05 -1.054352651087293401e+06 -1.393374161076276214e+05 -3.035741976409202907e+05 1.681848719937873830e+04 4.298097211180671002e+04 1.168550187320887053e+05 1.155581186560408678e+05 -8.357158568372223526e+05 -2.072930416791548952e+06 -5.074147269249460660e+05 6.447390899653723463e+05 1.357311016152137599e+05 1.176783842048469751e+03 7.596909879209880019e+05 9.653544695715202251e+05 -1.167101213334305503e+05
7.084911928887930699e+05 1.743941972862015245e+04 -1.560607845302306232e+05 2.852346679202806554e+05 1.426776977705033496e+05 -1.208504583675190806e+05 -1.155206720040995860e+05 2.881845653579358259e+04 5.164637758425270295e+04 3.258276855051472783e+06 1.482757106940357946e+06 -1.012409739099339000e+06 -6.713121219003906299e+04 -5.681816901949563762e+05 -3.562256114923409186e+05 1.162981727346120897e+04 -1.167101213334305503e+05 5.009915229983102181e+05
