# lambda=0.10363484745389896
4.907902556840226799e+07 5.606596300135389902e+06 5.390745806208583526e+06 3.918426427263590740e+05 1.386167164647973841e+05 7.676884325103447773e+05 -1.715911492524492496e+05 -1.507146529823991295e+05 -5.605592372118210187e+05 1.915391453892034292e+07 -7.306566741575004533e+06 3.159502583815996069e+06 8.237407467294637114e+06 2.782329401620929595e+06 2.673870929259014316e+06 -1.106083118744187290e+06 -3.256504452062101918e+05 -1.860617280693479814e+06
5.606596300135389902e+06 1.351423528803263232e+07 3.569969539808935020e+06 -4.294894602532334975e+05 -7.751691746108807274e+04 -6.672986260170796886e+05 -1.927579799713892280e+05 3.611700139118698280e+04 3.929262617186786956e+05 1.153379925680063106e+07 9.636913449925934896e+06 1.188490361417151289e+06 -9.803095822186511941e+05 1.510357660240193130e+06 3.417561529740481055e+05 -2.023761817770920752e+05 3.827253066787700664e+04 -5.454732253853351576e+05
5.390745806208583526e+06 3.569969539808935020e+06 6.127260907260733657e+06 5.300456982385017909e+05 -6.685446772872171132e+05 -1.504159107771035342e+05 7.421812812358317024e+04 5.928232719894369075e+04 1.241295827064580662e+05 -1.086967152945114358e+05 1.701091843685634667e+06 5.844698370033800602e+06 2.101918659583008848e+06 2.984473705694052042e+05 1.262565155586849578e+05 -8.247301600607604487e+05 -3.917160962082575861e+04 -2.758562169212300796e+05
3.918426427263590740e+05 -4.294894602532334975e+05 5.300456982385017909e+05 1.178049767989841523e+06 5.089543575221325736e+05 2.690593329823023523e+05 2.853659698437378393e+05 7.398893505073538108e+04 -8.901456301511664060e+04 -2.216700753122608643e+06 -6.097613475057058531e+04 -8.881504599478737509e+04 1.276694917033534730e+06 5.790669793631439097e+05 3.699971048576046014e+05 1.449335484057780704e+05 3.458465550787927932e+05 -4.793642433268010791e+04
1.386167164647973841e+05 -7.751691746108807274e+04 -6.685446772872171132e+05 5.089543575221325736e+05 9.305679337932356866e+05 1.405375399892680289e+05 1.469764840564538608e+05 4.803033323319079500e+04 -1.800301445104601225e+04 2.084275709323023679e+06 1.230120211600934999e+04 -1.097058555871123215e+06 1.545647926827379270e+05 3.749909907690684195e+05 9.608523597007253557e+04 3.992957815061787842e+05 5.529162615439662477e+05 1.752335028181075468e+05
7.676884325103447773e+05 -6.672986260170796886e+05 -1.504159107771035342e+05 2.690593329823023523e+05 1.405375399892680289e+05 4.613313415403174004e+05 3.305282892019482097e+04 -7.635486811259333990e+03 -1.674366852578270191e+05 -1.701338351119106868e+06 -1.407957903125640936e+06 -1.517328843086968875e+06 8.005857880351194181e+05 -3.415763577638633433e+04 4.808151090133872349e+05 4.071919210382494493e+05 6.146721444936451735e+04 -7.531191051806788892e+04
-1.715911492524492496e+05 -1.927579799713892280e+05 7.421812812358317024e+04 2.853659698437378393e+05 1.469764840564538608e+05 3.305282892019482097e+04 3.092439896665008273e+05 1.092324232953775936e+04 1.625875714954453542e+04 9.959900726677846396e+05 2.059222425904013449e+06 9.082924001060955925e+04 2.323063066915434320e+05 2.129941830456889875e+03 8.682484590807781206e+04 1.091245560869348847e+05 1.534042714693352173e+05 1.659619197454779933e+05
-1.507146529823991295e+05 3.611700139118698280e+04 5.928232719894369075e+04 7.398893505073538108e+04 4.803033323319079500e+04 -7.635486811259333990e+03 1.092324232953775936e+04 9.226512226318039757e+04 2.657290854889728507e+04 -1.596191177129719639e+06 -6.809163850491205230e+05 1.999050680257988570e+05 3.809029529274420838e+03 5.402119534045911860e+04 5.115491046947186987e+04 -5.842545221553251758e+04 8.695611078327496944e+04 1.448551762971648486e+03
-5.605592372118210187e+05 3.929262617186786956e+05 1.241295827064580662e+05 -8.901456301511664060e+04 -1.800301445104601225e+04 -1.674366852578270191e+05 1.625875714954453542e+04 2.657290854889728507e+04 1.141783958677746850e+05 -1.322864781013379688e+05 8.796166178423720412e+05 6.216788077768990770e+05 -1.313219537812212948e+05 -5.654472586348681943e+03 -1.909881525564574113e+05 -1.205190689896939439e+05 1.524159730450117058e+04 8.165313003796291014e+04
1.915391453892034292e+07 1.153379925680063106e+07 -1.086967152945114358e+05 -2.216700753122608643e+06 2.084275709323023679e+06 -1.701338351119106868e+06 9.959900726677846396e+05 -1.596191177129719639e+06 -1.322864781013379688e+05 3.516783588008886576e+08 7.680110587995390408e+06 -9.702240516254337854e+04 7.510434769113058224e+06 3.716595456862060353e+06 -6.486419784001706867e+05 4.738813594347966835e+06 -4.740990722962380387e+05 -6.236540237786062062e+06
-7.306566741575004533e+06 9.636913449925934896e+06 1.701091843685634667e+06 -6.097613475057058531e+04 1.230120211600934999e+04 -1.407957903125640936e+06 2.059222425904013449e+06 -6.809163850491205230e+05 8.796166178423720412e+05 7.680110587995390408e+06 7.844668010266767442e+07 1.474382682619753527e+06 -1.100134700868471712e+07 4.153135152412968455e+05 2.682296141267585102e+06 4.219018083509756252e+06 2.101344202705291566e+06 2.835313135751459748e+06
3.159502583815996069e+06 1.188490361417151289e+06 5.844698370033800602e+06 -8.881504599478737509e+04 -1.097058555871123215e+06 -1.517328843086968875e+06 9.082924001060955925e+04 1.999050680257988570e+05 6.216788077768990770e+05 -9.702240516254337854e+04 1.474382682619753527e+06 2.749587847040295228e+07 -6.478344094783846522e+05 -1.561524120271245483e+06 -1.709073503247970715e+06 -4.393967953501570970e+06 -1.208477296092154691e+06 2.649759230770517024e+05
8.237407467294637114e+06 -9.803095822186511941e+05 2.101918659583008848e+06 1.276694917033534730e+06 1.545647926827379270e+05 8.005857880351194181e+05 2.323063066915434320e+05 3.809029529274420838e+03 -1.313219537812212948e+05 7.510434769113058224e+06 -1.100134700868471712e+07 -6.478344094783846522e+05 1.179369364313808456e+07 5.191836334037239430e+05 9.749425228538732044e+05 -5.013080088613246917e+05 3.124623198025521706e+05 -6.070496035260085482e+05
2.782329401620929595e+06 1.510357660240193130e+06 2.984473705694052042e+05 5.790669793631439097e+05 3.749909907690684195e+05 -3.415763577638633433e+04 2.129941830456889875e+03 5.402119534045911860e+04 -5.654472586348681943e+03 3.716595456862060353e+06 4.153135152412968455e+05 -1.561524120271245483e+06 5.191836334037239430e+05 1.961186068555485923e+06 3.523714616578424466e+05 1.357782311727360357e+05 3.785191245381647605e+05 -2.148771101396110025e+05
2.673870929259014316e+06 3.417561529740481055e+05 1.262565155586849578e+05 3.699971048576046014e+05 9.608523597007253557e+04 4.808151090133872349e+05 8.682484590807781206e+04 5.115491046947186987e+04 -1.909881525564574113e+05 -6.486419784001706867e+05 2.682296141267585102e+06 -1.709073503247970715e+06 9.749425228538732044e+05 3.523714616578424466e+05 3.116815029647327494e+06 1.543135294916691957e+06 4.122306459909310215e+05 -1.174269816674653412e+05
-1.106083118744187290e+06 -2.023761817770920752e+05 -8.247301600607604487e+05 1.449335484057780704e+05 3.992957815061787842e+05 4.071919210382494493e+05 1.091245560869348847e+05 -5.842545221553251758e+04 -1.205190689896939439e+05 4.738813594347966835e+06 4.219018083509756252e+06 -4.393967953501570970e+06 -5.013080088613246917e+05 1.357782311727360357e+05 1.543135294916691957e+06 2.371181911369613372e+06 6.468711789930481464e+05 3.111157321179409046e+05
-3.256504452062101918e+05 3.827253066787700664e+04 -3.917160962082575861e+04 3.458465550787927932e+05 5.529162615439662477e+05 6.146721444936451735e+04 1.534042714693352173e+05 8.695611078327496944e+04 1.524159730450117058e+04 -4.740990722962380387e+05 2.101344202705291566e+06 -1.208477296092154691e+06 3.124623198025521706e+05 3.785191245381647605e+05 4.122306459909310215e+05 6.468711789930481464e+05 1.109423867705988232e+06 3.752636366155812866e+05
-1.860617280693479814e+06 -5.454732253853351576e+05 -2.758562169212300796e+05 -4.793642433268010791e+04 1.752335028181075468e+05 -7.531191051806788892e+04 1.659619197454779933e+05 1.448551762971648486e+03 8.165313003796291014e+04 -6.236540237786062062e+06 2.835313135751459748e+06 2.649759230770517024e+05 -6.070496035260085482e+05 -2.148771101396110025e+05 -1.174269816674653412e+05 3.111157321179409046e+05 3.752636366155812866e+05 8.566748851958797313e+05
