# lambda=0.16295237433570553
4.072809231894157827e+07 5.012365109458535881e+04 -3.714107565690956078e+06 -2.338205962930665817e+06 -1.213437557581564179e+06 -6.992842070812787861e+05 6.971390033977676649e+04 1.124291431566411164e+06 1.036973147826674278e+06 3.527976255965772271e+07 2.377482748862184584e+06 -4.929896360205574892e+06 -1.988314377380717779e+06 -3.228154032498023473e+06 -1.208279602590289898e+06 -6.930863125063807238e+05 2.561595851926129777e+06 2.475139396993331145e+06
5.012365109458535881e+04 1.014052307375068404e+07 2.544861918498179410e+06 1.033557502038191305e+05 2.042219518298870826e+05 -2.590318067698924860e+05 -9.891104878662533883e+04 3.159374771661814302e+05 4.906837290638872219e+03 -3.437249060262222774e+06 3.466754499144908623e+05 -1.528367766313480912e+06 2.918701199030409101e+06 2.348018142699172022e+05 -1.181176241984019056e+06 6.320003611751566641e+05 -9.348034630669630133e+04 -9.984735069457955251e+04
-3.714107565690956078e+06 2.544861918498179410e+06 5.796854949712783098e+06 8.657776273388202535e+05 -2.816702427549473941e+05 1.229012026511441509e+05 -1.054040374196785269e+05 -1.785544399240177518e+04 -1.617213957040457899e+04 -4.187530185994328000e+06 1.513380392507744487e+06 4.830843688390418887e+06 -7.229332227163919015e+05 2.496392719192329678e+05 -7.103301399786842521e+05 7.751130312520943116e+05 -3.295432008917080238e+05 9.291079444325398072e+04
-2.338205962930665817e+06 1.033557502038191305e+05 8.657776273388202535e+05 1.390496999427153030e+06 1.046802439194343970e+04 -9.792146461869988343e+03 2.104952642067927518e+05 -1.393000339663246123e+05 -6.725568281309987651e+04 -2.872896270462248940e+06 3.138260866216129623e+06 -3.062564014804325998e+05 4.269288825704381452e+05 6.276191866864424665e+05 -1.409012497720309766e+05 5.616800624375906773e+05 -5.677794669686667621e+05 -2.500721272515132150e+05
-1.213437557581564179e+06 2.042219518298870826e+05 -2.816702427549473941e+05 1.046802439194343970e+04 6.188734265162514057e+05 -1.074646045102777134e+04 1.730593520405452364e+04 1.601500939044655388e+04 2.910918770424864761e+03 1.163552495891313301e+06 1.301613015067945700e+06 -1.006664626953615807e+06 4.616138273144374834e+05 4.328076804587151273e+05 -2.110019688694680008e+04 -2.063998910005082143e+05 -2.506025676362967642e+05 2.742815165075070036e+04
-6.992842070812787861e+05 -2.590318067698924860e+05 1.229012026511441509e+05 -9.792146461869988343e+03 -1.074646045102777134e+04 3.273988187291060458e+05 -1.378312012889869402e+04 -7.209011777528823586e+04 -2.231937473256546946e+04 -3.593601526090782718e+05 1.002006882585443789e+06 -2.950300261467953678e+05 -4.933275019452686538e+05 -2.603919293360794254e+05 -1.018163250101262674e+05 -5.118474706537754537e+04 -8.677175228844585945e+04 -5.209371289414363127e+04
6.971390033977676649e+04 -9.891104878662533883e+04 -1.054040374196785269e+05 2.104952642067927518e+05 1.730593520405452364e+04 -1.378312012889869402e+04 3.328921858408904518e+05 2.066914035027983482e+04 3.886435761171958438e+04 5.130422894267602242e+05 1.023597321002750075e+06 -1.142584291833030991e+06 2.856855842171615222e+04 9.707174299878680904e+04 2.202727128120594716e+05 3.350694624496919569e+05 1.357432361166964110e+05 3.109759824982199643e+04
1.124291431566411164e+06 3.159374771661814302e+05 -1.785544399240177518e+04 -1.393000339663246123e+05 1.601500939044655388e+04 -7.209011777528823586e+04 2.066914035027983482e+04 1.345497199776784691e+05 6.511605103700263135e+04 4.723083201806723373e+05 -2.298512018396951607e+05 -1.763152353355726518e+05 1.126616866058877786e+05 -6.799249406686442671e+04 1.147197133240430994e+05 2.547625354135599628e+04 1.915337789899543859e+05 1.077606346611395566e+05
1.036973147826674278e+06 4.906837290638872219e+03 -1.617213957040457899e+04 -6.725568281309987651e+04 2.910918770424864761e+03 -2.231937473256546946e+04 3.886435761171958438e+04 6.511605103700263135e+04 1.165651742384412646e+05 1.414766259588502813e+06 -4.192576578427747008e+05 1.242962211110983480e+05 2.033524566426028468e+04 -1.334497038601914537e+05 9.613102437726833159e+04 -7.510224819501809179e+03 1.166847788236688211e+05 1.483695828133291798e+05
3.527976255965772271e+07 -3.437249060262222774e+06 -4.187530185994328000e+06 -2.872896270462248940e+06 1.163552495891313301e+06 -3.593601526090782718e+05 5.130422894267602242e+05 4.723083201806723373e+05 1.414766259588502813e+06 1.730199340640029311e+08 1.624938813559484482e+07 -1.380258596547537856e+07 1.712689895340180723e+06 -3.588610988471868914e+06 2.038874359358436195e+06 -5.499802699694006704e+06 3.657933704259059741e+05 4.177175714390640147e+06
2.377482748862184584e+06 3.466754499144908623e+05 1.513380392507744487e+06 3.138260866216129623e+06 1.301613015067945700e+06 1.002006882585443789e+06 1.023597321002750075e+06 -2.298512018396951607e+05 -4.192576578427747008e+05 1.624938813559484482e+07 6.987217733152340353e+07 -1.037920198714204133e+07 -1.819028411669572815e+06 -2.541954493898242712e+06 -3.900297326477056369e+06 2.052670275595835410e+06 -3.776913054366250290e+05 1.741068391297850059e+06
-4.929896360205574892e+06 -1.528367766313480912e+06 4.830843688390418887e+06 -3.062564014804325998e+05 -1.006664626953615807e+06 -2.950300261467953678e+05 -1.142584291833030991e+06 -1.763152353355726518e+05 1.242962211110983480e+05 -1.380258596547537856e+07 -1.037920198714204133e+07 2.375753050269575417e+07 -3.236465763264880516e+06 -1.568698840853401693e+06 6.356211784968711436e+05 7.205915355413020588e+05 2.879670619671186432e+05 7.123534789473193232e+05
-1.988314377380717779e+06 2.918701199030409101e+06 -7.229332227163919015e+05 4.269288825704381452e+05 4.616138273144374834e+05 -4.933275019452686538e+05 2.856855842171615222e+04 1.126616866058877786e+05 2.033524566426028468e+04 1.712689895340180723e+06 -1.819028411669572815e+06 -3.236465763264880516e+06 9.653412596003044397e+06 2.465331401431287639e+06 2.045480547288428061e+06 8.689417933656641981e+04 -4.416290405650686589e+05 1.413665707929361088e+05
-3.228154032498023473e+06 2.348018142699172022e+05 2.496392719192329678e+05 6.276191866864424665e+05 4.328076804587151273e+05 -2.603919293360794254e+05 9.707174299878680904e+04 -6.799249406686442671e+04 -1.334497038601914537e+05 -3.588610988471868914e+06 -2.541954493898242712e+06 -1.568698840853401693e+06 2.465331401431287639e+06 2.504126450584898703e+06 7.914060244911153568e+05 6.050169797890253540e+04 -4.381784219709188910e+05 -2.784663809482711949e+05
-1.208279602590289898e+06 -1.181176241984019056e+06 -7.103301399786842521e+05 -1.409012497720309766e+05 -2.110019688694680008e+04 -1.018163250101262674e+05 2.202727128120594716e+05 1.147197133240430994e+05 9.613102437726833159e+04 2.038874359358436195e+06 -3.900297326477056369e+06 6.356211784968711436e+05 2.045480547288428061e+06 7.914060244911153568e+05 2.674957300901627168e+06 5.141269768600222887e+05 3.658168705977144418e+05 2.880195116509071086e+05
-6.930863125063807238e+05 6.320003611751566641e+05 7.751130312520943116e+05 5.616800624375906773e+05 -2.063998910005082143e+05 -5.118474706537754537e+04 3.350694624496919569e+05 2.547625354135599628e+04 -7.510224819501809179e+03 -5.499802699694006704e+06 2.052670275595835410e+06 7.205915355413020588e+05 8.689417933656641981e+04 6.050169797890253540e+04 5.141269768600222887e+05 1.412600361447277712e+06 2.995707320395843708e+05 2.664064311036744621e+05
2.561595851926129777e+06 -9.348034630669630133e+04 -3.295432008917080238e+05 -5.677794669686667621e+05 -2.506025676362967642e+05 -8.677175228844585945e+04 1.357432361166964110e+05 1.915337789899543859e+05 1.166847788236688211e+05 3.657933704259059741e+05 -3.776913054366250290e+05 2.879670619671186432e+05 -4.416290405650686589e+05 -4.381784219709188910e+05 3.658168705977144418e+05 2.995707320395843708e+05 9.733119321010857821e+05 2.568417723160005116e+05
2.475139396993331145e+06 -9.984735069457955251e+04 9.291079444325398072e+04 -2.500721272515132150e+05 2.742815165075070036e+04 -5.209371289414363127e+04 3.109759824982199643e+04 1.077606346611395566e+05 1.483695828133291798e+05 4.177175714390640147e+06 1.741068391297850059e+06 7.123534789473193232e+05 1.413665707929361088e+05 -2.784663809482711949e+05 2.880195116509071086e+05 2.664064311036744621e+05 2.568417723160005116e+05 9.274669687595792348e+05
