# lambda=0.14655955279731178
4.036513935337413102e+07 7.854578216355065815e+06 4.029953609194410034e+06 -1.854550942433198914e+06 -2.532464856638617348e+05 -1.602866089053087344e+05 -1.571879111714675673e+05 8.845117854087058222e+05 1.324350231952873582e+05 2.152828776722569019e+07 -2.125987231456722692e+07 -4.994085769287502393e+06 5.400379261127699865e+05 4.919677101398974773e+05 -1.812984478775282856e+06 4.868924350634065922e+05 1.543597067815928254e+06 -8.939348302463800646e+05
7.854578216355065815e+06 1.674968341085906141e+07 2.439753698226752225e+06 1.601259049765525386e+06 -6.867214232005993836e+05 1.725916051881564490e+05 5.168193699076442135e+04 5.346655496660256758e+05 -7.285671706039620040e+04 1.814120551723723486e+07 1.313680285263646953e+07 2.306521148733132519e+06 7.213602136491434649e+06 1.615958485637550009e+06 2.472290878236004210e+05 -1.115613842979585053e+06 9.870332691020003986e+05 5.413627704572977964e+05
4.029953609194410034e+06 2.439753698226752225e+06 3.362350492119661067e+06 1.000209688125380664e+06 -1.571462443647142209e+05 -3.276761719876489369e+05 -1.382749045875228185e+05 1.457148663747145911e+05 -2.046887846659214410e+05 1.171698589281858318e+07 -2.783017807325274334e+05 -1.070012679068302736e+06 9.015586310670537641e+05 -9.385111396382591920e+04 -3.422278283986594761e+05 1.182122743499879725e+05 -3.140218678487532452e+04 -3.763472346014998620e+05
-1.854550942433198914e+06 1.601259049765525386e+06 1.000209688125380664e+06 2.080820869303026237e+06 2.240820597900903667e+05 2.660646390706706443e+05 -9.489584779319594963e+04 7.024469319549128704e+04 -2.483260926087080443e+05 5.533235334847277030e+06 2.722285296384662855e+06 1.316012198722145695e+05 1.179586323498645797e+06 9.189014735063264379e+05 1.468978964461832948e+05 -1.624650327940147836e+05 -5.460086429992127232e+05 -4.008333481251911726e+05
-2.532464856638617348e+05 -6.867214232005993836e+05 -1.571462443647142209e+05 2.240820597900903667e+05 8.021935580830039689e+05 1.413134547841786116e+05 -3.524736979046152555e+04 1.486664034584713518e+05 2.675237510977717102e+04 2.145896028528169729e+06 -2.003489215223845327e+06 2.336742045456830965e+04 4.776158065256198170e+05 5.980296963665895164e+05 -1.976551449630465358e+05 4.933449708057571552e+05 -1.448587568791562226e+05 8.688616231567599243e+03
-1.602866089053087344e+05 1.725916051881564490e+05 -3.276761719876489369e+05 2.660646390706706443e+05 1.413134547841786116e+05 4.949239544462777558e+05 5.255666330029422534e+04 7.181076226160181977e+04 2.116040909976634794e+03 4.027408435720998677e+05 1.983480620308152866e+06 4.827018913513710140e+05 2.938078593562574824e+05 3.772873621619770420e+05 2.679803193988713901e+05 8.375313784951160778e+04 -1.914212411113181588e+04 3.995836024561967497e+04
-1.571879111714675673e+05 5.168193699076442135e+04 -1.382749045875228185e+05 -9.489584779319594963e+04 -3.524736979046152555e+04 5.255666330029422534e+04 3.165567958140306291e+05 3.553245519901676016e+04 2.415385861799761915e+04 -1.399492073348458391e+06 -6.349135359292088542e+05 -8.421325504614427919e+05 1.691024523513385211e+05 -2.640901593520364258e+05 -4.562836664490411931e+04 1.419100238855119969e+05 -2.317872022621709766e+04 2.800882787153949539e+04
8.845117854087058222e+05 5.346655496660256758e+05 1.457148663747145911e+05 7.024469319549128704e+04 1.486664034584713518e+05 7.181076226160181977e+04 3.553245519901676016e+04 1.804703364521960902e+05 3.982725368047481606e+04 2.178708745287302416e+06 9.482352405017442652e+04 -4.132030357813296141e+05 5.343114916070102481e+03 3.162122866461261292e+05 -1.204759520149395685e+05 5.110149614375702367e+04 5.312987073679317837e+04 2.027704731194189299e+04
1.324350231952873582e+05 -7.285671706039620040e+04 -2.046887846659214410e+05 -2.483260926087080443e+05 2.675237510977717102e+04 2.116040909976634794e+03 2.415385861799761915e+04 3.982725368047481606e+04 9.808485634479264263e+04 -1.093277623057577061e+06 3.612346585057435441e+05 -4.049216783440007130e+05 -1.576553236029580003e+05 -1.033744744820906926e+05 -3.496484811699693091e+04 8.926592842847762222e+04 1.005417114897569554e+05 1.006010810772207042e+05
2.152828776722569019e+07 1.814120551723723486e+07 1.171698589281858318e+07 5.533235334847277030e+06 2.145896028528169729e+06 4.027408435720998677e+05 -1.399492073348458391e+06 2.178708745287302416e+06 -1.093277623057577061e+06 1.682375518674489856e+08 2.159805249357556924e+07 -2.282029179557524621e+06 4.303475928249103017e+06 2.787394739416313358e+06 -1.375198115207570605e+06 -8.445907821940925205e+05 3.972066111008179723e+05 -1.388324680285434879e+05
-2.125987231456722692e+07 1.313680285263646953e+07 -2.783017807325274334e+05 2.722285296384662855e+06 -2.003489215223845327e+06 1.983480620308152866e+06 -6.349135359292088542e+05 9.482352405017442652e+04 3.612346585057435441e+05 2.159805249357556924e+07 1.033302374208465666e+08 9.861198506413580850e+06 -1.964184902834153734e+06 5.064235369824964437e+05 6.361862802141362336e+05 -4.047479123053900898e+06 3.175087925050329795e+04 2.108210428088680841e+06
-4.994085769287502393e+06 2.306521148733132519e+06 -1.070012679068302736e+06 1.316012198722145695e+05 2.336742045456830965e+04 4.827018913513710140e+05 -8.421325504614427919e+05 -4.132030357813296141e+05 -4.049216783440007130e+05 -2.282029179557524621e+06 9.861198506413580850e+06 1.853691043089359254e+07 2.786484530411982443e+06 3.642292254246833734e+06 -2.701138419293196639e+05 -4.946479587210310856e+05 -6.128482328518193681e+05 3.918873859451927710e+05
5.400379261127699865e+05 7.213602136491434649e+06 9.015586310670537641e+05 1.179586323498645797e+06 4.776158065256198170e+05 2.938078593562574824e+05 1.691024523513385211e+05 5.343114916070102481e+03 -1.576553236029580003e+05 4.303475928249103017e+06 -1.964184902834153734e+06 2.786484530411982443e+06 1.178307273473740369e+07 1.826154874343344942e+06 1.285639348491150420e+06 9.308873346953754080e+05 2.576137751361477422e+05 7.621829253977064509e+05
4.919677101398974773e+05 1.615958485637550009e+06 -9.385111396382591920e+04 9.189014735063264379e+05 5.980296963665895164e+05 3.772873621619770420e+05 -2.640901593520364258e+05 3.162122866461261292e+05 -1.033744744820906926e+05 2.787394739416313358e+06 5.064235369824964437e+05 3.642292254246833734e+06 1.826154874343344942e+06 4.197627762918389402e+06 1.424461104807695483e+04 1.300206185170569370e+05 2.392714707018048211e+05 1.025476209586341865e+05
-1.812984478775282856e+06 2.472290878236004210e+05 -3.422278283986594761e+05 1.468978964461832948e+05 -1.976551449630465358e+05 2.679803193988713901e+05 -4.562836664490411931e+04 -1.204759520149395685e+05 -3.496484811699693091e+04 -1.375198115207570605e+06 6.361862802141362336e+05 -2.701138419293196639e+05 1.285639348491150420e+06 1.424461104807695483e+04 1.450088203679721570e+06 -6.312348252176663664e+04 1.199797001724570437e+05 2.614462848299504549e+05
4.868924350634065922e+05 -1.115613842979585053e+06 1.182122743499879725e+05 -1.624650327940147836e+05 4.933449708057571552e+05 8.375313784951160778e+04 1.419100238855119969e+05 5.110149614375702367e+04 8.926592842847762222e+04 -8.445907821940925205e+05 -4.047479123053900898e+06 -4.946479587210310856e+05 9.308873346953754080e+05 1.300206185170569370e+05 -6.312348252176663664e+04 1.508282820185740013e+06 2.109541126430644945e+05 3.150359491913940292e+05
1.543597067815928254e+06 9.870332691020003986e+05 -3.140218678487532452e+04 -5.460086429992127232e+05 -1.448587568791562226e+05 -1.914212411113181588e+04 -2.317872022621709766e+04 5.312987073679317837e+04 1.005417114897569554e+05 3.972066111008179723e+05 3.175087925050329795e+04 -6.128482328518193681e+05 2.576137751361477422e+05 2.392714707018048211e+05 1.199797001724570437e+05 2.109541126430644945e+05 9.130597650874053361e+05 3.375382334372389596e+05
-8.939348302463800646e+05 5.413627704572977964e+05 -3.763472346014998620e+05 -4.008333481251911726e+05 8.688616231567599243e+03 3.995836024561967497e+04 2.800882787153949539e+04 2.027704731194189299e+04 1.006010810772207042e+05 -1.388324680285434879e+05 2.108210428088680841e+06 3.918873859451927710e+05 7.621829253977064509e+05 1.025476209586341865e+05 2.614462848299504549e+05 3.150359491913940292e+05 3.375382334372389596e+05 7.337988118172353134e+05
