# lambda=0.18854847426632704
5.445944792775061727e+07 4.381584274454173632e+06 -2.496763250728309155e+06 -3.879653168092953274e+05 -9.600807809163077036e+05 3.210617254723206279e+05 1.011771209022874245e+05 -8.766628966136288000e+03 -2.299070169845110213e+05 2.198086536116658524e+07 5.109807665147168562e+06 2.114993416747318581e+06 -4.325249053557539009e+05 8.555465647776326165e+06 4.621398532642761245e+06 1.699827645509493537e+06 -1.219192089033430442e+06 -6.541217774110214086e+05
4.381584274454173632e+06 1.622176462663493492e+07 7.680331555963081773e+05 3.079615982790578855e+05 2.908836769209725753e+04 4.441428581949874060e+05 2.920960446649949881e+05 2.024169737271293125e+05 3.458235757851253584e+04 -3.921885243317491375e+06 1.949494610637427494e+07 8.936279133376311511e+06 5.564582766122212633e+06 3.125939924433109118e+05 -7.995107404621643946e+05 5.046089994514573482e+05 4.830817525964354281e+05 5.108692289497159654e+05
-2.496763250728309155e+06 7.680331555963081773e+05 4.046729626372477971e+06 5.659128856074472424e+05 -1.751094619419444934e+05 2.561751150884635354e+04 -2.378426406538326410e+04 -1.676690156308491714e+05 1.843420642279992462e+05 -3.502347473405089695e+06 1.356594803628116846e+06 6.212953702474557795e+06 1.031076947134272428e+06 4.043292263020802638e+05 4.832432866336699954e+04 -4.917035196658360655e+05 5.576099930421781028e+05 6.264218221874022856e+05
-3.879653168092953274e+05 3.079615982790578855e+05 5.659128856074472424e+05 1.064481714946534717e+06 4.530996429099770467e+04 4.442227527225510858e+04 7.547603519935131771e+04 3.255983396021456792e+04 2.044843855836996518e+05 1.611421849000829039e+06 5.891437492875025608e+06 2.023905651277348865e+06 2.751421994468453922e+05 -4.370526273936748476e+04 7.070768676988031948e+05 4.615257952016383060e+05 2.307962636496427003e+05 1.703324068313515745e+05
-9.600807809163077036e+05 2.908836769209725753e+04 -1.751094619419444934e+05 4.530996429099770467e+04 5.750595196617988404e+05 1.960697943761276256e+05 8.780556479263941583e+04 1.565683128196851176e+05 2.322650836300754600e+04 4.663322402793738001e+04 -5.925463860575467697e+04 -1.787024048892667051e+05 -2.917394898670200491e+05 3.244121292327512638e+05 5.690728098387653154e+04 1.950333698442814930e+05 8.957059185516394791e+04 1.052322540336161474e+05
3.210617254723206279e+05 4.441428581949874060e+05 2.561751150884635354e+04 4.442227527225510858e+04 1.960697943761276256e+05 4.024289419816258014e+05 9.105207353558644536e+04 8.829544136484077899e+04 1.717801981169773717e+04 -7.785632552743166452e+05 7.901651893055626424e+05 1.424297426709962776e+06 3.959705984858048032e+04 6.460135540137941716e+05 5.833468440935992840e+04 3.513936316473484039e+05 -6.358610268793697469e+04 4.453591717456714832e+04
1.011771209022874245e+05 2.920960446649949881e+05 -2.378426406538326410e+04 7.547603519935131771e+04 8.780556479263941583e+04 9.105207353558644536e+04 2.464573274910509645e+05 1.027843716943154432e+05 -1.388406600470947160e+04 2.370185647890893742e+06 3.373901268658264307e+05 3.360809044767188025e+05 3.131524740569669520e+05 2.322408464241869224e+05 -1.263436903727784056e+03 3.451187454089769744e+05 3.094110672206368181e+05 1.463311892593296943e+05
-8.766628966136288000e+03 2.024169737271293125e+05 -1.676690156308491714e+05 3.255983396021456792e+04 1.565683128196851176e+05 8.829544136484077899e+04 1.027843716943154432e+05 2.100804368434495700e+05 -1.268612882766096118e+04 1.586245843916642712e+06 3.609691997889759368e+05 -1.520525711086094088e+05 4.216472101557411952e+05 -3.449007965857779345e+04 -1.091342962350168964e+05 5.384352055277008185e+04 2.773684543605696526e+05 1.668097175098143634e+05
-2.299070169845110213e+05 3.458235757851253584e+04 1.843420642279992462e+05 2.044843855836996518e+05 2.322650836300754600e+04 1.717801981169773717e+04 -1.388406600470947160e+04 -1.268612882766096118e+04 1.067150350818613661e+05 -1.943201358397482836e+05 1.272445404482719023e+06 7.467030054400685476e+05 -5.451481193988325685e+04 -4.218302029704442975e+04 1.688138543949572777e+05 3.816857881797687151e+04 7.348329256453196649e+03 5.235261762352115511e+03
2.198086536116658524e+07 -3.921885243317491375e+06 -3.502347473405089695e+06 1.611421849000829039e+06 4.663322402793738001e+04 -7.785632552743166452e+05 2.370185647890893742e+06 1.586245843916642712e+06 -1.943201358397482836e+05 1.500557970574668944e+08 -1.508153969510264229e+06 -7.809831034138222225e+06 -5.794614423450700007e+06 7.804218862201904878e+06 1.210252278014983283e+06 1.698050645827608183e+06 4.212091508457749151e+06 2.932444924482031725e+06
5.109807665147168562e+06 1.949494610637427494e+07 1.356594803628116846e+06 5.891437492875025608e+06 -5.925463860575467697e+04 7.901651893055626424e+05 3.373901268658264307e+05 3.609691997889759368e+05 1.272445404482719023e+06 -1.508153969510264229e+06 8.899944900287954509e+07 2.331796704591483623e+07 8.746474155374635011e+06 1.258940108073957264e+06 4.313924160345318727e+06 5.070241607456199825e+06 1.369185164050016087e+06 -1.054202439681464806e+06
2.114993416747318581e+06 8.936279133376311511e+06 6.212953702474557795e+06 2.023905651277348865e+06 -1.787024048892667051e+05 1.424297426709962776e+06 3.360809044767188025e+05 -1.520525711086094088e+05 7.467030054400685476e+05 -7.809831034138222225e+06 2.331796704591483623e+07 4.040490425351458788e+07 8.868765012758983299e+06 2.659272400280341040e+06 7.243702765874371398e+05 1.561252454227013281e+06 1.078963840882404707e+06 7.572475283492399612e+05
-4.325249053557539009e+05 5.564582766122212633e+06 1.031076947134272428e+06 2.751421994468453922e+05 -2.917394898670200491e+05 3.959705984858048032e+04 3.131524740569669520e+05 4.216472101557411952e+05 -5.451481193988325685e+04 -5.794614423450700007e+06 8.746474155374635011e+06 8.868765012758983299e+06 7.958202120618609712e+06 -1.244255182810294209e+06 -8.156419289156206651e+05 -4.695675944227546570e+05 9.911515603282019729e+05 5.172082023968774010e+05
8.555465647776326165e+06 3.125939924433109118e+05 4.043292263020802638e+05 -4.370526273936748476e+04 3.244121292327512638e+05 6.460135540137941716e+05 2.322408464241869224e+05 -3.449007965857779345e+04 -4.218302029704442975e+04 7.804218862201904878e+06 1.258940108073957264e+06 2.659272400280341040e+06 -1.244255182810294209e+06 5.055541935187182389e+06 1.212200351437560748e+06 5.900970176312668482e+05 -1.073793351593520638e+05 -2.524546489732008195e+05
4.621398532642761245e+06 -7.995107404621643946e+05 4.832432866336699954e+04 7.070768676988031948e+05 5.690728098387653154e+04 5.833468440935992840e+04 -1.263436903727784056e+03 -1.091342962350168964e+05 1.688138543949572777e+05 1.210252278014983283e+06 4.313924160345318727e+06 7.243702765874371398e+05 -8.156419289156206651e+05 1.212200351437560748e+06 2.155648743158267345e+06 8.064590914101392264e+05 2.562420937245837922e+04 -2.696342893418775056e+05
1.699827645509493537e+06 5.046089994514573482e+05 -4.917035196658360655e+05 4.615257952016383060e+05 1.950333698442814930e+05 3.513936316473484039e+05 3.451187454089769744e+05 5.384352055277008185e+04 3.816857881797687151e+04 1.698050645827608183e+06 5.070241607456199825e+06 1.561252454227013281e+06 -4.695675944227546570e+05 5.900970176312668482e+05 8.064590914101392264e+05 2.353727464530264493e+06 1.433927813637540930e+04 -2.839843593842348200e+05
-1.219192089033430442e+06 4.830817525964354281e+05 5.576099930421781028e+05 2.307962636496427003e+05 8.957059185516394791e+04 -6.358610268793697469e+04 3.094110672206368181e+05 2.773684543605696526e+05 7.348329256453196649e+03 4.212091508457749151e+06 1.369185164050016087e+06 1.078963840882404707e+06 9.911515603282019729e+05 -1.073793351593520638e+05 2.562420937245837922e+04 1.433927813637540930e+04 1.211327912726232549e+06 4.357447193223611102e+05
-6.541217774110214086e+05 5.108692289497159654e+05 6.264218221874022856e+05 1.703324068313515745e+05 1.052322540336161474e+05 4.453591717456714832e+04 1.463311892593296943e+05 1.668097175098143634e+05 5.235261762352115511e+03 2.932444924482031725e+06 -1.054202439681464806e+06 7.572475283492399612e+05 5.172082023968774010e+05 -2.524546489732008195e+05 -2.696342893418775056e+05 -2.839843593842348200e+05 4.357447193223611102e+05 6.786367358743539080e+05
