# lambda=0.15281550470749358
5.501951983825080842e+07 1.035426363179057650e+07 1.115936120373635553e+06 -2.812950143250102177e+06 1.781474123357377248e+06 1.019660504117178498e+06 -3.505336344706612872e+05 -1.034125286431418062e+05 -2.799954621160720708e+05 3.244758830986759067e+07 -4.446644781917089596e+06 1.184766040382616688e+06 -7.271061898628124036e+06 2.335395988316822331e+06 -8.738429136453017127e+05 1.074427400664387038e+06 -5.258961067191223265e+04 -1.807682610840709647e+06
1.035426363179057650e+07 1.766128330371969193e+07 1.037478368903741939e+06 1.600722373022328829e+05 -1.684733088271009503e+06 -3.193059350037693512e+05 -2.195828647098342772e+05 2.021554097266501631e+05 1.251862156705685920e+05 -7.233571252597611165e+05 1.140933485305781104e+07 2.698802598214745056e+06 -1.436009323119857349e+06 4.129299211744138971e+06 2.134075999976090621e+06 3.935862786106713465e+05 -1.117079698696341598e+06 -7.181126620290318970e+05
1.115936120373635553e+06 1.037478368903741939e+06 1.938015034641317092e+06 -8.704444603011186700e+04 2.278086555243313778e+05 3.660010066821724176e+05 -1.761009896728070453e+05 -1.456419418283362756e+05 4.501897770531128481e+04 -3.180815221317416523e+06 -1.158821454168636410e+04 -8.296600978924416704e+05 -2.024910371762413997e+05 -4.703425459857662208e+05 -1.478899956000478414e+05 -6.218623263348875334e+05 -5.554676889006335987e+05 -9.806654756766896753e+04
-2.812950143250102177e+06 1.600722373022328829e+05 -8.704444603011186700e+04 1.569578787362975301e+06 1.293326128159600630e+05 5.847421686383950873e+04 2.670990665401135630e+03 1.072068554901626921e+05 3.160955517096144467e+04 -3.530189080603739712e+05 1.818875275486611994e+06 -2.495387981350531336e+06 1.026571797837387654e+06 6.153673232966917567e+04 -3.625510447296556667e+05 -5.333538912295021146e+04 -1.975568450252457696e+05 1.852688046488697873e+05
1.781474123357377248e+06 -1.684733088271009503e+06 2.278086555243313778e+05 1.293326128159600630e+05 8.260930557556449203e+05 2.843188956837769365e+05 4.906139365672481290e+03 -2.564948431620235169e+03 -1.233977205527421393e+04 2.982299646595637780e+06 -2.612979339008007664e+06 -1.061706513775219675e+06 4.716926745005910634e+05 -1.685985511756314081e+05 -2.101068913910620322e+05 -1.971164555591094540e+05 2.440983598691201041e+04 7.995129188039155270e+04
1.019660504117178498e+06 -3.193059350037693512e+05 3.660010066821724176e+05 5.847421686383950873e+04 2.843188956837769365e+05 5.596271738149520243e+05 -2.675533472214071026e+03 -2.183758696497775600e+04 3.009682100073140100e+04 1.962774012490940979e+06 9.860689145479250874e+04 -1.196117000099536031e+06 -3.617291306622221600e+05 -5.662906153632455971e+05 1.948518042109656744e+04 -5.767388164041507116e+04 -1.345082264320234535e+05 -8.587883846038561023e+04
-3.505336344706612872e+05 -2.195828647098342772e+05 -1.761009896728070453e+05 2.670990665401135630e+03 4.906139365672481290e+03 -2.675533472214071026e+03 1.996299598026887688e+05 1.453415991080157437e+04 -1.232586016258739255e+04 1.646868887642549351e+06 -4.826659267298648483e+05 -6.109110147966610966e+05 2.954841436748719425e+05 -1.024986501383457216e+05 2.836399602952025016e+05 1.871765193767506280e+05 9.271112971166961870e+03 6.214446085625017440e+04
-1.034125286431418062e+05 2.021554097266501631e+05 -1.456419418283362756e+05 1.072068554901626921e+05 -2.564948431620235169e+03 -2.183758696497775600e+04 1.453415991080157437e+04 9.103353703887933807e+04 -2.904458582504870355e+04 1.812159971164123854e+05 7.991140161374498857e+05 -6.380185832844856486e+04 1.737422399101903720e+05 3.643834221396902576e+05 1.231098797991359024e+05 6.137714332630957506e+04 5.135823801342894149e+04 1.365211964364092637e+03
-2.799954621160720708e+05 1.251862156705685920e+05 4.501897770531128481e+04 3.160955517096144467e+04 -1.233977205527421393e+04 3.009682100073140100e+04 -1.232586016258739255e+04 -2.904458582504870355e+04 8.882417969232663745e+04 -8.871797796898062807e+05 -5.805751432559670648e+05 4.079536383888309938e+05 -2.506090474763717066e+04 -3.241899305383365718e+05 -2.071844523568151999e+04 -1.753538751132150646e+05 -1.544488429289835040e+05 1.655421469894849224e+03
3.244758830986759067e+07 -7.233571252597611165e+05 -3.180815221317416523e+06 -3.530189080603739712e+05 2.982299646595637780e+06 1.962774012490940979e+06 1.646868887642549351e+06 1.812159971164123854e+05 -8.871797796898062807e+05 2.286603189177884161e+08 1.366114595038935915e+07 -1.387516005103601888e+07 -4.506934756507860147e+05 -7.642001278420241550e+06 4.830041775477187708e+06 1.302288601407811744e+06 4.023186345364288427e+05 3.592964958265061723e+05
-4.446644781917089596e+06 1.140933485305781104e+07 -1.158821454168636410e+04 1.818875275486611994e+06 -2.612979339008007664e+06 9.860689145479250874e+04 -4.826659267298648483e+05 7.991140161374498857e+05 -5.805751432559670648e+05 1.366114595038935915e+07 6.248759146434217691e+07 6.667779791107947007e+06 4.032850764560184442e+06 7.977078435250247829e+06 1.624707621175474254e+06 3.669238479945091531e+05 2.297133612149287015e+06 1.369307681578923017e+06
1.184766040382616688e+06 2.698802598214745056e+06 -8.296600978924416704e+05 -2.495387981350531336e+06 -1.061706513775219675e+06 -1.196117000099536031e+06 -6.109110147966610966e+05 -6.380185832844856486e+04 4.079536383888309938e+05 -1.387516005103601888e+07 6.667779791107947007e+06 2.944787169534094632e+07 -1.063828224393023178e+06 -2.526310222721494269e+06 -1.496728837728953455e+06 -2.084943900168496650e+06 -3.462777876104030875e+05 9.685662873005204892e+04
-7.271061898628124036e+06 -1.436009323119857349e+06 -2.024910371762413997e+05 1.026571797837387654e+06 4.716926745005910634e+05 -3.617291306622221600e+05 2.954841436748719425e+05 1.737422399101903720e+05 -2.506090474763717066e+04 -4.506934756507860147e+05 4.032850764560184442e+06 -1.063828224393023178e+06 5.771702330532836728e+06 2.869894162868523854e+05 8.164863829727037810e+05 -1.573064569229239423e+05 5.481273773751598783e+05 5.921904096429875353e+05
2.335395988316822331e+06 4.129299211744138971e+06 -4.703425459857662208e+05 6.153673232966917567e+04 -1.685985511756314081e+05 -5.662906153632455971e+05 -1.024986501383457216e+05 3.643834221396902576e+05 -3.241899305383365718e+05 -7.642001278420241550e+06 7.977078435250247829e+06 -2.526310222721494269e+06 2.869894162868523854e+05 8.273882416034762748e+06 1.354188950791695155e+06 8.767425750842209673e+05 8.774022799862533575e+05 1.298301563431363611e+05
-8.738429136453017127e+05 2.134075999976090621e+06 -1.478899956000478414e+05 -3.625510447296556667e+05 -2.101068913910620322e+05 1.948518042109656744e+04 2.836399602952025016e+05 1.231098797991359024e+05 -2.071844523568151999e+04 4.830041775477187708e+06 1.624707621175474254e+06 -1.496728837728953455e+06 8.164863829727037810e+05 1.354188950791695155e+06 2.227534394643466920e+06 3.532931726811489789e+05 2.329692837581501226e+05 1.431404376086814445e+05
1.074427400664387038e+06 3.935862786106713465e+05 -6.218623263348875334e+05 -5.333538912295021146e+04 -1.971164555591094540e+05 -5.767388164041507116e+04 1.871765193767506280e+05 6.137714332630957506e+04 -1.753538751132150646e+05 1.302288601407811744e+06 3.669238479945091531e+05 -2.084943900168496650e+06 -1.573064569229239423e+05 8.767425750842209673e+05 3.532931726811489789e+05 1.738277461289060768e+06 5.884636418978746515e+05 -1.159340541864507977e+05
-5.258961067191223265e+04 -1.117079698696341598e+06 -5.554676889006335987e+05 -1.975568450252457696e+05 2.440983598691201041e+04 -1.345082264320234535e+05 9.271112971166961870e+03 5.135823801342894149e+04 -1.544488429289835040e+05 4.023186345364288427e+05 2.297133612149287015e+06 -3.462777876104030875e+05 5.481273773751598783e+05 8.774022799862533575e+05 2.329692837581501226e+05 5.884636418978746515e+05 9.704139450736638391e+05 1.852766418168880627e+05
-1.807682610840709647e+06 -7.181126620290318970e+05 -9.806654756766896753e+04 1.852688046488697873e+05 7.995129188039155270e+04 -8.587883846038561023e+04 6.214446085625017440e+04 1.365211964364092637e+03 1.655421469894849224e+03 3.592964958265061723e+05 1.369307681578923017e+06 9.685662873005204892e+04 5.921904096429875353e+05 1.298301563431363611e+05 1.431404376086814445e+05 -1.159340541864507977e+05 1.852766418168880627e+05 4.081455452612651861e+05
