4.388196213970569521e+07 9.865349952474920079e+06 2.355452402959060855e+06 7.434416009512123419e+05 -1.803857097138485638e+06 1.227039988635820104e+06 3.473137029680264532e+05 6.134697467658305541e+05 1.246675874827180378e+05 2.390327287990310416e+07 1.274228913519590162e+07 1.772984074898110703e+06 -3.786966948332983535e+06 9.592971856221584603e+05 -2.466491694968661293e+06 -8.139763770269155502e+05 4.305191863089788822e+05 1.927806890672061854e+04
9.865349952474920079e+06 2.350889291629495844e+07 2.027667855966569390e+06 -7.910699300737517187e+05 2.740247459393673926e+05 -1.227495222560220864e+05 -3.367378673691679724e+05 -9.331495291575312149e+04 -3.471315887202666636e+04 -3.162671618828920648e+07 1.864752354851572588e+07 -1.568704991431611590e+06 -9.694181394372854847e+05 7.026187253365223296e+05 -2.075224424513891339e+06 -1.582174450654472690e+06 1.606137527215468290e+05 5.587949579399970826e+05
2.355452402959060855e+06 2.027667855966569390e+06 3.654071458638696466e+06 1.049207987367850728e+06 3.665746836024108925e+05 5.258552962007217575e+05 9.505816454148964112e+03 1.798490070018925471e+05 1.973289874516238051e+05 -1.363899767582955770e+06 -7.536623258631319914e+04 1.623456842970447848e+06 -5.272990559832318686e+05 -6.800781790091061266e+05 3.973423514326281729e+05 -6.046000336215459974e+05 7.860788065335924039e+05 3.696327676386027015e+05
7.434416009512123419e+05 -7.910699300737517187e+05 1.049207987367850728e+06 2.242728666741207242e+06 5.308802907442875439e+05 5.832671057024310576e+05 1.906090849991803407e+05 7.198858091628455441e+04 -6.537477906431630254e+04 -7.227541448018406518e+05 -1.146706468151087873e+06 6.752261322411517613e+05 -2.319926356308977702e+05 1.337100115635101916e+06 1.107802985900256317e+06 -1.532743148421113729e+05 2.229940401696913468e+05 -5.693988326897137449e+04
-1.803857097138485638e+06 2.740247459393673926e+05 3.665746836024108925e+05 5.308802907442875439e+05 8.831830553802709328e+05 2.430364422635071387e+05 -6.710870082249422921e+03 -6.977203568973185611e+04 2.657893434559445450e+04 1.746775952835410135e+05 -3.273472338416189305e+05 4.134234836669811048e+05 -1.129172898697063356e+05 7.195673020512026269e+05 8.996109965718293097e+05 1.994175052305502759e+05 4.508991594785505004e+04 -1.676219722689418631e+04
1.227039988635820104e+06 -1.227495222560220864e+05 5.258552962007217575e+05 5.832671057024310576e+05 2.430364422635071387e+05 8.229410504429282155e+05 9.733530493769909663e+04 -2.692717992776348183e+04 2.946929927254582799e+04 -4.556860305228938349e+06 -5.546124035160515923e+05 5.181463758784842794e+05 -4.026614340700791217e+05 1.014875684500173898e+06 5.511850907229364384e+05 -4.986571970797902031e+04 1.857635122524424150e+04 6.452157432355882520e+03
3.473137029680264532e+05 -3.367378673691679724e+05 9.505816454148964112e+03 1.906090849991803407e+05 -6.710870082249422921e+03 9.733530493769909663e+04 3.583225058303455007e+05 8.905803676819345856e+04 -1.455535159831741294e+04 4.014926617804801208e+05 -1.068371392384229228e+06 1.003790452865527914e+05 -6.551784935038974509e+05 2.390239421424779866e+05 4.134789973483292852e+05 1.199531299720463139e+05 5.292344774050050910e+04 -4.000628085722272954e+04
6.134697467658305541e+05 -9.331495291575312149e+04 1.798490070018925471e+05 7.198858091628455441e+04 -6.977203568973185611e+04 -2.692717992776348183e+04 8.905803676819345856e+04 1.892163001469367300e+05 2.799714543590355970e+04 7.102186043182652211e+05 -4.658614213119715569e+05 5.812186952428685618e+04 -1.119919890047408262e+05 -3.850639956457108929e+04 -2.589534164650885796e+05 -1.218422856108946580e+05 1.127562617025678483e+05 8.669021579074556939e+04
1.246675874827180378e+05 -3.471315887202666636e+04 1.973289874516238051e+05 -6.537477906431630254e+04 2.657893434559445450e+04 2.946929927254582799e+04 -1.455535159831741294e+04 2.799714543590355970e+04 9.734409075434131955e+04 6.560261363841689890e+05 -2.219172379470289161e+05 2.132193223759741522e+05 8.904613250378456723e+04 -6.907173971316617099e+04 -1.477538621385473234e+05 6.515824303324639914e+04 9.655893138609676680e+04 2.572883008664667432e+04
2.390327287990310416e+07 -3.162671618828920648e+07 -1.363899767582955770e+06 -7.227541448018406518e+05 1.746775952835410135e+05 -4.556860305228938349e+06 4.014926617804801208e+05 7.102186043182652211e+05 6.560261363841689890e+05 3.899972280637831092e+08 3.087116493703346327e+07 2.764313577015692741e+07 4.370414409261929803e+06 -9.432525111319515854e+06 1.113887451587070711e+07 3.409502090837628581e+06 -1.301752345484437188e+06 -4.408146730011695996e+06
1.274228913519590162e+07 1.864752354851572588e+07 -7.536623258631319914e+04 -1.146706468151087873e+06 -3.273472338416189305e+05 -5.546124035160515923e+05 -1.068371392384229228e+06 -4.658614213119715569e+05 -2.219172379470289161e+05 3.087116493703346327e+07 4.595980196620099247e+07 -4.342610376213742420e+05 9.090285158604820026e+04 -2.003950079394117231e+06 -2.771414788503856398e+06 -1.087746255897722440e+06 -1.041051972405245528e+06 -6.336894899655064801e+05
1.772984074898110703e+06 -1.568704991431611590e+06 1.623456842970447848e+06 6.752261322411517613e+05 4.134234836669811048e+05 5.181463758784842794e+05 1.003790452865527914e+05 5.812186952428685618e+04 2.132193223759741522e+05 2.764313577015692741e+07 -4.342610376213742420e+05 2.072894610382625088e+07 4.331267256949824281e+06 2.130265608916822821e+06 -1.365475223060711578e+05 6.684078383258199319e+05 1.013802857146361494e+05 -9.694947570514862309e+04
-3.786966948332983535e+06 -9.694181394372854847e+05 -5.272990559832318686e+05 -2.319926356308977702e+05 -1.129172898697063356e+05 -4.026614340700791217e+05 -6.551784935038974509e+05 -1.119919890047408262e+05 8.904613250378456723e+04 4.370414409261929803e+06 9.090285158604820026e+04 4.331267256949824281e+06 8.454509135297048837e+06 1.537513916501294589e+05 -6.179891686354477424e+05 -3.342259979640426463e+05 1.287644580352959456e+05 -1.514517072738034185e+05
9.592971856221584603e+05 7.026187253365223296e+05 -6.800781790091061266e+05 1.337100115635101916e+06 7.195673020512026269e+05 1.014875684500173898e+06 2.390239421424779866e+05 -3.850639956457108929e+04 -6.907173971316617099e+04 -9.432525111319515854e+06 -2.003950079394117231e+06 2.130265608916822821e+06 1.537513916501294589e+05 5.803337869679835625e+06 1.175231374133269535e+06 7.519719098896775395e+05 -1.673582686508040642e+05 -2.191303657767359255e+04
-2.466491694968661293e+06 -2.075224424513891339e+06 3.973423514326281729e+05 1.107802985900256317e+06 8.996109965718293097e+05 5.511850907229364384e+05 4.134789973483292852e+05 -2.589534164650885796e+05 -1.477538621385473234e+05 1.113887451587070711e+07 -2.771414788503856398e+06 -1.365475223060711578e+05 -6.179891686354477424e+05 1.175231374133269535e+06 4.623444695551287383e+06 4.942099602455782006e+05 -1.932677472350416065e+04 -2.244395104259031941e+05
-8.139763770269155502e+05 -1.582174450654472690e+06 -6.046000336215459974e+05 -1.532743148421113729e+05 1.994175052305502759e+05 -4.986571970797902031e+04 1.199531299720463139e+05 -1.218422856108946580e+05 6.515824303324639914e+04 3.409502090837628581e+06 -1.087746255897722440e+06 6.684078383258199319e+05 -3.342259979640426463e+05 7.519719098896775395e+05 4.942099602455782006e+05 1.310838570063852472e+06 1.447655425832684850e+05 -9.696056110521809023e+04
4.305191863089788822e+05 1.606137527215468290e+05 7.860788065335924039e+05 2.229940401696913468e+05 4.508991594785505004e+04 1.857635122524424150e+04 5.292344774050050910e+04 1.127562617025678483e+05 9.655893138609676680e+04 -1.301752345484437188e+06 -1.041051972405245528e+06 1.013802857146361494e+05 1.287644580352959456e+05 -1.673582686508040642e+05 -1.932677472350416065e+04 1.447655425832684850e+05 8.125217077599447221e+05 3.523785452661865856e+05
1.927806890672061854e+04 5.587949579399970826e+05 3.696327676386027015e+05 -5.693988326897137449e+04 -1.676219722689418631e+04 6.452157432355882520e+03 -4.000628085722272954e+04 8.669021579074556939e+04 2.572883008664667432e+04 -4.408146730011695996e+06 -6.336894899655064801e+05 -9.694947570514862309e+04 -1.514517072738034185e+05 -2.191303657767359255e+04 -2.244395104259031941e+05 -9.696056110521809023e+04 3.523785452661865856e+05 4.024277007536934107e+05
