5.753369644350767136e+07 6.735098904137342237e+06 1.254491834149056958e+05 1.410098504295809660e+06 -5.569550723171931459e+05 9.645679813295931090e+05 5.425986406284698751e+05 9.178837960058668978e+04 6.689551419573957101e+05 -2.768973987607041001e+07 1.287647939938262664e+07 -1.028185255672432366e+06 -3.803483817451315001e+06 2.098846390280841850e+06 4.298981395897278562e+06 1.397673618266539648e+06 2.061843310679194750e+06 1.116833883423566876e+05
6.735098904137342237e+06 1.505982752569708973e+07 1.012301315992393065e+06 -2.162545525333554484e+06 4.061536183196611819e+05 7.420002499655932188e+05 4.607671164114566636e+04 1.624735671381010907e+05 1.526350994588709000e+04 -9.768224413691714872e+05 1.634487735207044287e+06 4.486592839257675223e+06 -8.451425635633051861e+05 -6.670420668424227042e+05 -1.451758523232428357e+06 2.682958228297560709e+05 9.040309217806827510e+05 -4.028413385938996798e+05
1.254491834149056958e+05 1.012301315992393065e+06 5.070678112866594456e+06 5.196630061483170721e+05 5.009862683075285167e+04 2.020960967250569083e+05 -2.430100014829803549e+05 -7.141210031961408095e+04 4.722698498977060081e+04 -5.899386197453773580e+06 1.037009989183979924e+06 3.066756985144537408e+06 3.264562638497589069e+04 9.179709812415849883e+05 7.188393968022511217e+03 2.428242462856266066e+05 -2.034068842124227376e+05 -4.502300669639088446e+05
1.410098504295809660e+06 -2.162545525333554484e+06 5.196630061483170721e+05 2.067686297776643187e+06 6.561499943301567109e+05 3.041770641597807989e+05 2.953199083539954154e+05 -6.840828558513229655e+04 1.920855718285571202e+05 3.307801446370931226e+05 3.172469908548172098e+06 3.363967865767909097e+05 8.706553144930336857e+05 5.097204156544840662e+05 4.702671916410307167e+05 -1.366864464165112295e+05 -4.129423679424664006e+05 3.906264538330322830e+05
-5.569550723171931459e+05 4.061536183196611819e+05 5.009862683075285167e+04 6.561499943301567109e+05 1.116125333102844656e+06 2.492335127468961291e+05 2.549676958196396299e+04 -4.717337303302172222e+04 5.016818495660988992e+04 3.896474531329593156e+05 2.388992676290298114e+05 1.119066082946926821e+06 -3.852290661266909592e+04 1.077301957428552443e+06 2.548037939208351308e+05 -9.987535150831098144e+04 -3.327475583354696282e+05 2.146192292218101211e+05
9.645679813295931090e+05 7.420002499655932188e+05 2.020960967250569083e+05 3.041770641597807989e+05 2.492335127468961291e+05 7.004504851108712610e+05 1.183095894567882351e+05 7.301911666615157446e+04 1.783163965396562162e+03 -4.896984021189282066e+05 3.973317982084801770e+04 -8.813005221407104982e+05 5.046657761169251171e+05 6.153439877418666147e+05 2.303963656072542362e+05 2.919302594334196183e+05 8.104020665837898559e+04 1.062641782279897598e+05
5.425986406284698751e+05 4.607671164114566636e+04 -2.430100014829803549e+05 2.953199083539954154e+05 2.549676958196396299e+04 1.183095894567882351e+05 3.973166725220344379e+05 5.768313684490294690e+04 3.201362683413255581e+04 -2.552019996422172990e+06 -1.677405288992303031e+04 1.291433086971030280e+05 6.712660657515781932e+05 -2.530261766928966681e+05 7.887741628140074317e+04 2.140464973314501549e+04 1.412348685455557425e+05 2.885867090018372401e+05
9.178837960058668978e+04 1.624735671381010907e+05 -7.141210031961408095e+04 -6.840828558513229655e+04 -4.717337303302172222e+04 7.301911666615157446e+04 5.768313684490294690e+04 1.996721460825077666e+05 3.630513036768004531e+04 -1.273861054532038514e+06 -7.603442140725526260e+05 -4.449341803825087845e+05 2.939822900246260688e+05 -7.937899064234551042e+04 -8.599698160077734792e+04 4.992827536198619055e+04 2.751073588682106347e+05 3.548256271032859513e+04
6.689551419573957101e+05 1.526350994588709000e+04 4.722698498977060081e+04 1.920855718285571202e+05 5.016818495660988992e+04 1.783163965396562162e+03 3.201362683413255581e+04 3.630513036768004531e+04 1.067038588842411409e+05 -1.057058652642527130e+06 -1.035317459837322713e+04 1.384323237896374776e+05 7.832206606690477929e+04 -1.278765590104685398e+05 -1.224261865413583291e+05 -1.213008837914868782e+05 4.104798985187497601e+04 3.501285219750718534e+04
-2.768973987607041001e+07 -9.768224413691714872e+05 -5.899386197453773580e+06 3.307801446370931226e+05 3.896474531329593156e+05 -4.896984021189282066e+05 -2.552019996422172990e+06 -1.273861054532038514e+06 -1.057058652642527130e+06 2.681109019394189715e+08 3.523027022723022103e+07 -1.645523459335026704e+07 -1.740203106963417307e+07 1.079630562174366933e+05 3.577680542035558727e+06 4.567191954082747921e+06 -1.755243393703003414e+06 7.263123385873821098e+05
1.287647939938262664e+07 1.634487735207044287e+06 1.037009989183979924e+06 3.172469908548172098e+06 2.388992676290298114e+05 3.973317982084801770e+04 -1.677405288992303031e+04 -7.603442140725526260e+05 -1.035317459837322713e+04 3.523027022723022103e+07 9.067749821879369020e+07 3.255464009289383143e+07 -2.525738476438710000e+06 6.179930048972848803e+06 7.808284630743782967e+06 6.243913194219075143e+06 -1.733383418247351889e+06 2.532655270974381361e+06
-1.028185255672432366e+06 4.486592839257675223e+06 3.066756985144537408e+06 3.363967865767909097e+05 1.119066082946926821e+06 -8.813005221407104982e+05 1.291433086971030280e+05 -4.449341803825087845e+05 1.384323237896374776e+05 -1.645523459335026704e+07 3.255464009289383143e+07 3.311881485577067733e+07 3.280387247195362113e+06 2.200688051618088037e+06 1.424930149655141868e+06 1.536569745007428341e+06 -1.176819627269878518e+06 1.370595202970204176e+06
-3.803483817451315001e+06 -8.451425635633051861e+05 3.264562638497589069e+04 8.706553144930336857e+05 -3.852290661266909592e+04 5.046657761169251171e+05 6.712660657515781932e+05 2.939822900246260688e+05 7.832206606690477929e+04 -1.740203106963417307e+07 -2.525738476438710000e+06 3.280387247195362113e+06 8.880403258786806837e+06 -1.338756470506688114e+06 -4.770585532856394420e+05 -1.445833373232436134e+06 -3.275156781241044882e+04 6.314268464121931465e+05
2.098846390280841850e+06 -6.670420668424227042e+05 9.179709812415849883e+05 5.097204156544840662e+05 1.077301957428552443e+06 6.153439877418666147e+05 -2.530261766928966681e+05 -7.937899064234551042e+04 -1.278765590104685398e+05 1.079630562174366933e+05 6.179930048972848803e+06 2.200688051618088037e+06 -1.338756470506688114e+06 5.048831063221316785e+06 2.383645288719480857e+06 1.226860683113866253e+06 -3.419512803623841610e+05 3.895622360583325499e+05
4.298981395897278562e+06 -1.451758523232428357e+06 7.188393968022511217e+03 4.702671916410307167e+05 2.548037939208351308e+05 2.303963656072542362e+05 7.887741628140074317e+04 -8.599698160077734792e+04 -1.224261865413583291e+05 3.577680542035558727e+06 7.808284630743782967e+06 1.424930149655141868e+06 -4.770585532856394420e+05 2.383645288719480857e+06 4.194127105203206651e+06 1.256909510922656627e+06 2.406616658919209731e+05 3.977711628857692704e+05
1.397673618266539648e+06 2.682958228297560709e+05 2.428242462856266066e+05 -1.366864464165112295e+05 -9.987535150831098144e+04 2.919302594334196183e+05 2.140464973314501549e+04 4.992827536198619055e+04 -1.213008837914868782e+05 4.567191954082747921e+06 6.243913194219075143e+06 1.536569745007428341e+06 -1.445833373232436134e+06 1.226860683113866253e+06 1.256909510922656627e+06 1.810938515483109513e+06 3.980782989252340049e+05 1.159016832813571964e+05
2.061843310679194750e+06 9.040309217806827510e+05 -2.034068842124227376e+05 -4.129423679424664006e+05 -3.327475583354696282e+05 8.104020665837898559e+04 1.412348685455557425e+05 2.751073588682106347e+05 4.104798985187497601e+04 -1.755243393703003414e+06 -1.733383418247351889e+06 -1.176819627269878518e+06 -3.275156781241044882e+04 -3.419512803623841610e+05 2.406616658919209731e+05 3.980782989252340049e+05 9.243327440208034823e+05 1.359864169018596294e+04
1.116833883423566876e+05 -4.028413385938996798e+05 -4.502300669639088446e+05 3.906264538330322830e+05 2.146192292218101211e+05 1.062641782279897598e+05 2.885867090018372401e+05 3.548256271032859513e+04 3.501285219750718534e+04 7.263123385873821098e+05 2.532655270974381361e+06 1.370595202970204176e+06 6.314268464121931465e+05 3.895622360583325499e+05 3.977711628857692704e+05 1.159016832813571964e+05 1.359864169018596294e+04 7.180877723491169745e+05
