7.467342310255160928e+07 1.784901238202875480e+07 3.165069067297860980e+06 4.221825607296443544e+06 5.752517847739415010e+05 1.504114000559963519e+06 5.122870313077701139e+05 2.670620860093875090e+05 6.041903479880646773e+04 7.298361900502660871e+07 1.039550872433574684e+07 -8.471892396489033126e+04 7.682818637855563313e+06 6.947110858350683004e+06 1.326962625467847101e+05 -9.628190717595783062e+05 -1.612361334412841126e+06 -5.988219151404203149e+05
1.784901238202875480e+07 1.391700603136860393e+07 8.698171478068873985e+05 1.215012428110727109e+06 9.665542839883203851e+05 -2.936810170550775365e+05 -3.242501299082889454e+05 2.318252455754733237e+05 1.588532323432140402e+05 3.119219235249229148e+07 9.656816680713871494e+06 3.174215269476365764e+06 1.490761962186347460e+06 3.495751880623990670e+06 -1.520505824282953516e+06 1.173327110855170322e+05 8.110326877552381484e+04 1.299087927046485711e+05
3.165069067297860980e+06 8.698171478068873985e+05 4.539731377943542786e+06 1.179081513068473199e+06 -3.765598205193703179e+05 1.402550736248320609e+05 -2.158063375172708766e+05 -3.922361172997007088e+04 -2.532704880434456863e+05 2.877137464356418233e+06 1.410380335996285081e+06 2.685862729504708201e+06 1.526369033430430805e+06 -3.589485368639327935e+05 -9.438172679364082869e+05 -6.037103246933405753e+05 -5.864606871022918494e+05 -2.516790748085569357e+05
4.221825607296443544e+06 1.215012428110727109e+06 1.179081513068473199e+06 2.581070882846420165e+06 3.252845413731485023e+05 2.109792814989183971e+05 -9.178671158731215110e+04 2.297466991125960776e+05 -8.949958985981075966e+04 1.175730098648580164e+07 -2.293732425459603255e+05 5.804706593683424871e+05 3.288341355322947260e+06 4.943444160938778077e+05 -1.013450517377304495e+06 -3.379833041541377897e+05 -1.119914417871117184e+05 -2.464823220772292552e+04
5.752517847739415010e+05 9.665542839883203851e+05 -3.765598205193703179e+05 3.252845413731485023e+05 8.652210366065482376e+05 -7.235382791191079014e+04 -1.523110770747122588e+05 5.431178750949521054e+04 -1.073579870380601351e+05 5.083917345749570057e+06 -1.353977484015115479e+05 3.240771863560185921e+03 -2.445877872887598642e+05 5.055968571195278200e+05 -1.643770822730821237e+04 5.908371801035849558e+02 1.580265846843894105e+05 -5.558181544853144260e+03
1.504114000559963519e+06 -2.936810170550775365e+05 1.402550736248320609e+05 2.109792814989183971e+05 -7.235382791191079014e+04 3.849923318994923029e+05 7.670604049106834282e+04 -8.318066676801981521e+04 -8.497397015344677493e+04 2.921078871069924906e+06 -9.791918639888209291e+05 8.474363309402266168e+04 1.944433234298347379e+05 -1.342925271095614880e+05 3.689026858622402069e+05 -1.238769790786281519e+05 -1.303299652002170187e+05 -1.304744707481922378e+05
5.122870313077701139e+05 -3.242501299082889454e+05 -2.158063375172708766e+05 -9.178671158731215110e+04 -1.523110770747122588e+05 7.670604049106834282e+04 2.598374602761051210e+05 -3.999098838339310169e+04 7.416029015974837421e+03 2.254838558069586754e+06 -1.077203437461058842e+06 -9.819257795670314226e+05 -4.766834057021243643e+04 6.639569113032706082e+04 1.122968114794787543e+05 4.341150727853205171e+04 -3.835884662078888505e+04 1.327021306227254718e+04
2.670620860093875090e+05 2.318252455754733237e+05 -3.922361172997007088e+04 2.297466991125960776e+05 5.431178750949521054e+04 -8.318066676801981521e+04 -3.999098838339310169e+04 1.533887008361141197e+05 3.774548051804835268e+04 -3.232340373828227530e+04 -2.572190441844687739e+05 1.413598893643703486e+05 6.719336512045100098e+05 3.110648589464970282e+05 -2.739040661544378381e+05 -1.735752904836038360e+05 6.768049962094609509e+04 -6.605983349897863809e+04
6.041903479880646773e+04 1.588532323432140402e+05 -2.532704880434456863e+05 -8.949958985981075966e+04 -1.073579870380601351e+05 -8.497397015344677493e+04 7.416029015974837421e+03 3.774548051804835268e+04 1.619319312523150002e+05 -1.317370105155244004e+06 1.279218793688692618e+06 -8.307921817734428259e+03 1.822201194011355692e+05 -5.165978196312382352e+04 2.553645793792245968e+04 3.434101646706461906e+04 8.761271481744961056e+04 1.016514111770359450e+05
7.298361900502660871e+07 3.119219235249229148e+07 2.877137464356418233e+06 1.175730098648580164e+07 5.083917345749570057e+06 2.921078871069924906e+06 2.254838558069586754e+06 -3.232340373828227530e+04 -1.317370105155244004e+06 2.571887238259454370e+08 -3.402132353031431790e+06 -2.108010140703745559e+07 9.061290189243504778e+06 9.090671438945621252e+06 -2.795293048773802351e+06 9.364083062002761289e+05 3.142698660903149357e+04 -1.049956619717861526e+06
1.039550872433574684e+07 9.656816680713871494e+06 1.410380335996285081e+06 -2.293732425459603255e+05 -1.353977484015115479e+05 -9.791918639888209291e+05 -1.077203437461058842e+06 -2.572190441844687739e+05 1.279218793688692618e+06 -3.402132353031431790e+06 1.132100541710026711e+08 2.027463898138037696e+07 5.475219593964533880e+06 2.659626235032942612e+06 -3.189793659094687551e+06 2.917636900015056744e+04 5.933907575797898462e+05 6.182676345102109917e+04
-8.471892396489033126e+04 3.174215269476365764e+06 2.685862729504708201e+06 5.804706593683424871e+05 3.240771863560185921e+03 8.474363309402266168e+04 -9.819257795670314226e+05 1.413598893643703486e+05 -8.307921817734428259e+03 -2.108010140703745559e+07 2.027463898138037696e+07 2.137049875587524101e+07 2.044316348593699979e+06 6.248947483939900994e+05 -8.786782662985983770e+05 -6.033953865477120271e+05 -1.178488485143998638e+06 4.331026145991828525e+04
7.682818637855563313e+06 1.490761962186347460e+06 1.526369033430430805e+06 3.288341355322947260e+06 -2.445877872887598642e+05 1.944433234298347379e+05 -4.766834057021243643e+04 6.719336512045100098e+05 1.822201194011355692e+05 9.061290189243504778e+06 5.475219593964533880e+06 2.044316348593699979e+06 1.594962380172742158e+07 3.043440613279013429e+06 -1.983877769616445294e+06 -2.671092237706492888e+05 -2.041510383303156414e+05 2.115102061820192321e+05
6.947110858350683004e+06 3.495751880623990670e+06 -3.589485368639327935e+05 4.943444160938778077e+05 5.055968571195278200e+05 -1.342925271095614880e+05 6.639569113032706082e+04 3.110648589464970282e+05 -5.165978196312382352e+04 9.090671438945621252e+06 2.659626235032942612e+06 6.248947483939900994e+05 3.043440613279013429e+06 4.695366989564485848e+06 -1.474884379111483868e+05 -2.990681752633333872e+03 7.495101874754676828e+05 -1.724747839021378895e+05
1.326962625467847101e+05 -1.520505824282953516e+06 -9.438172679364082869e+05 -1.013450517377304495e+06 -1.643770822730821237e+04 3.689026858622402069e+05 1.122968114794787543e+05 -2.739040661544378381e+05 2.553645793792245968e+04 -2.795293048773802351e+06 -3.189793659094687551e+06 -8.786782662985983770e+05 -1.983877769616445294e+06 -1.474884379111483868e+05 2.596529479553857818e+06 4.355091534616166027e+05 3.974411602230722201e+05 3.530943749386999989e+05
-9.628190717595783062e+05 1.173327110855170322e+05 -6.037103246933405753e+05 -3.379833041541377897e+05 5.908371801035849558e+02 -1.238769790786281519e+05 4.341150727853205171e+04 -1.735752904836038360e+05 3.434101646706461906e+04 9.364083062002761289e+05 2.917636900015056744e+04 -6.033953865477120271e+05 -2.671092237706492888e+05 -2.990681752633333872e+03 4.355091534616166027e+05 9.747932471283286577e+05 1.127795655592708354e+05 3.087227572089664754e+05
-1.612361334412841126e+06 8.110326877552381484e+04 -5.864606871022918494e+05 -1.119914417871117184e+05 1.580265846843894105e+05 -1.303299652002170187e+05 -3.835884662078888505e+04 6.768049962094609509e+04 8.761271481744961056e+04 3.142698660903149357e+04 5.933907575797898462e+05 -1.178488485143998638e+06 -2.041510383303156414e+05 7.495101874754676828e+05 3.974411602230722201e+05 1.127795655592708354e+05 1.145169357309840620e+06 1.578174802347479854e+05
-5.988219151404203149e+05 1.299087927046485711e+05 -2.516790748085569357e+05 -2.464823220772292552e+04 -5.558181544853144260e+03 -1.304744707481922378e+05 1.327021306227254718e+04 -6.605983349897863809e+04 1.016514111770359450e+05 -1.049956619717861526e+06 6.182676345102109917e+04 4.331026145991828525e+04 2.115102061820192321e+05 -1.724747839021378895e+05 3.530943749386999989e+05 3.087227572089664754e+05 1.578174802347479854e+05 6.408343946934103733e+05
