2.462243919921616092e+07 1.075551846600073855e+06 9.801236306996957865e+05 3.690156018073458108e+05 -1.113353666237171041e+06 -5.430652845491401386e+05 7.683195706338622840e+05 6.932362916613988345e+05 2.239609225530415424e+05 -2.100555809456225857e+07 -1.834979945039475570e+06 3.212324551073930692e+06 3.463823997278580442e+06 -4.131332332193005714e+05 -1.560666243542463053e+05 1.458183694248461165e+06 2.071660514194830786e+06 8.109271895672401879e+05
1.075551846600073855e+06 1.582138584103652090e+07 2.543925002700061537e+06 1.525835791695727035e+06 1.677007080645590031e+05 2.666653249399723718e+05 6.841728458198281005e+05 -2.596492125263024645e+05 -4.981598422334498027e+05 1.632333604611899331e+07 1.915675827542293817e+07 -4.522877340943558142e+06 -1.621080310931163142e+06 4.137627465949478792e+05 -1.461814661042390391e+06 8.657687587967392756e+05 -5.832709210923925275e+05 -3.895759704087646678e+05
9.801236306996957865e+05 2.543925002700061537e+06 6.121749551594381221e+06 1.450966426480520284e+06 4.956416980535836192e+05 -2.702250276651601307e+05 1.518127621729885286e+05 -3.247204176160121642e+04 -1.507963793354847294e+05 -3.410790052432647208e+05 1.019283418645743979e+06 -2.307729285246322688e+05 3.421629775053331396e+05 2.000489678058791207e+06 4.952552058159087028e+04 4.097005508984845947e+05 -4.143048213128221105e+05 5.672608941836106533e+04
3.690156018073458108e+05 1.525835791695727035e+06 1.450966426480520284e+06 1.798732217246411368e+06 1.105118583935844072e+05 -2.559839265021710016e+05 -1.063471127672807634e+05 -1.192675641358897992e+05 -6.327328945766919787e+04 2.360458296479629353e+06 4.470672944700287189e+04 -9.839765275325487601e+05 5.466771963439673418e+05 5.443213335675917187e+04 1.431357328289689322e+05 -1.559650228265308833e+05 -9.109224739322387904e+04 2.301158614461390825e+05
-1.113353666237171041e+06 1.677007080645590031e+05 4.956416980535836192e+05 1.105118583935844072e+05 9.997295101687673014e+05 1.318208179161705193e+05 2.201174217132214835e+04 -3.301074508364044596e+04 7.688440392045528824e+03 -9.047286682572372956e+05 4.743387325079193688e+05 -4.552717215764742577e+05 -3.439519644165255013e+05 5.560403181275438983e+05 2.679396600873108837e+05 1.968730681568374275e+05 2.752722515478977220e+04 -2.915706820754884120e+03
-5.430652845491401386e+05 2.666653249399723718e+05 -2.702250276651601307e+05 -2.559839265021710016e+05 1.318208179161705193e+05 6.128412397808893584e+05 4.610160820203000185e+04 3.035825446917651789e+02 1.202140013796549465e+04 1.747939014328716556e+06 -4.973163924305686960e+05 -3.555344074215999572e+05 -2.542903133083810098e+05 -8.551627631142253449e+03 -2.286919434905273374e+05 -2.116878482969804900e+05 -4.841409747204896121e+04 -1.939317369653663991e+04
7.683195706338622840e+05 6.841728458198281005e+05 1.518127621729885286e+05 -1.063471127672807634e+05 2.201174217132214835e+04 4.610160820203000185e+04 3.074557733814193052e+05 6.344926767266190291e+04 3.575479961229033506e+04 -1.237392767690744018e+06 1.086704709252185887e+06 4.713213425575794536e+05 -3.393367217864135164e+05 -2.092190562119540409e+05 -2.211884698183311684e+03 2.852932296832970460e+05 1.179951261830213771e+05 3.857206403594830772e+04
6.932362916613988345e+05 -2.596492125263024645e+05 -3.247204176160121642e+04 -1.192675641358897992e+05 -3.301074508364044596e+04 3.035825446917651789e+02 6.344926767266190291e+04 1.699641556008974148e+05 5.035922278200650180e+04 -7.484403942268657265e+05 -4.105448032585929614e+05 4.982073209140245453e+05 9.364199601530056680e+04 1.362961303430530825e+05 2.059636205525898185e+04 6.617247138828251627e+04 2.115581081383738638e+04 -9.837363503979348025e+03
2.239609225530415424e+05 -4.981598422334498027e+05 -1.507963793354847294e+05 -6.327328945766919787e+04 7.688440392045528824e+03 1.202140013796549465e+04 3.575479961229033506e+04 5.035922278200650180e+04 1.369244061847584089e+05 -2.258096419812243432e+06 -7.482287374609855469e+05 4.845604118191029993e+05 -6.025399675972069235e+04 -1.138174760438037629e+05 -3.844739814304030733e+04 8.756895687528932467e+04 1.206967103375942097e+05 1.382068082930019009e+05
-2.100555809456225857e+07 1.632333604611899331e+07 -3.410790052432647208e+05 2.360458296479629353e+06 -9.047286682572372956e+05 1.747939014328716556e+06 -1.237392767690744018e+06 -7.484403942268657265e+05 -2.258096419812243432e+06 2.581046562641238570e+08 2.016001294011634216e+07 -5.085500097274033353e+06 6.128265858673276380e+06 7.527755560660257004e+06 8.694518120480077341e+05 1.816501096681341762e+06 -3.506865827637028880e+06 -3.529250473040925805e+06
-1.834979945039475570e+06 1.915675827542293817e+07 1.019283418645743979e+06 4.470672944700287189e+04 4.743387325079193688e+05 -4.973163924305686960e+05 1.086704709252185887e+06 -4.105448032585929614e+05 -7.482287374609855469e+05 2.016001294011634216e+07 9.179976057454198599e+07 5.659165519251408987e+06 -1.010437664049439132e+06 9.257759615922854282e+05 -2.320078484328906052e+06 -3.152655186526160105e+05 -6.901389956616391428e+05 4.889912610059031867e+05
3.212324551073930692e+06 -4.522877340943558142e+06 -2.307729285246322688e+05 -9.839765275325487601e+05 -4.552717215764742577e+05 -3.555344074215999572e+05 4.713213425575794536e+05 4.982073209140245453e+05 4.845604118191029993e+05 -5.085500097274033353e+06 5.659165519251408987e+06 2.786305613724879920e+07 -9.686699845290870871e+05 -2.457945328377301339e+06 1.674859471101010276e+05 3.244676838727907743e+05 1.964263831159077527e+05 2.520925936851712759e+05
3.463823997278580442e+06 -1.621080310931163142e+06 3.421629775053331396e+05 5.466771963439673418e+05 -3.439519644165255013e+05 -2.542903133083810098e+05 -3.393367217864135164e+05 9.364199601530056680e+04 -6.025399675972069235e+04 6.128265858673276380e+06 -1.010437664049439132e+06 -9.686699845290870871e+05 9.246301119810884818e+06 1.295528586431527743e+06 1.603839275344988098e+06 6.939247467079499620e+04 -2.212958042648704723e+05 4.977567889175513992e+05
-4.131332332193005714e+05 4.137627465949478792e+05 2.000489678058791207e+06 5.443213335675917187e+04 5.560403181275438983e+05 -8.551627631142253449e+03 -2.092190562119540409e+05 1.362961303430530825e+05 -1.138174760438037629e+05 7.527755560660257004e+06 9.257759615922854282e+05 -2.457945328377301339e+06 1.295528586431527743e+06 4.950967009402472526e+06 6.173437173232400091e+05 7.132335517555670813e+05 -2.075469711038796522e+05 -1.389768637568343838e+05
-1.560666243542463053e+05 -1.461814661042390391e+06 4.952552058159087028e+04 1.431357328289689322e+05 2.679396600873108837e+05 -2.286919434905273374e+05 -2.211884698183311684e+03 2.059636205525898185e+04 -3.844739814304030733e+04 8.694518120480077341e+05 -2.320078484328906052e+06 1.674859471101010276e+05 1.603839275344988098e+06 6.173437173232400091e+05 2.407907637360002380e+06 6.794611483678137884e+05 1.091005079850846814e+05 -1.240291469790502160e+05
1.458183694248461165e+06 8.657687587967392756e+05 4.097005508984845947e+05 -1.559650228265308833e+05 1.968730681568374275e+05 -2.116878482969804900e+05 2.852932296832970460e+05 6.617247138828251627e+04 8.756895687528932467e+04 1.816501096681341762e+06 -3.152655186526160105e+05 3.244676838727907743e+05 6.939247467079499620e+04 7.132335517555670813e+05 6.794611483678137884e+05 1.802349639890289167e+06 4.997015023266862263e+05 -1.596954862072745163e+05
2.071660514194830786e+06 -5.832709210923925275e+05 -4.143048213128221105e+05 -9.109224739322387904e+04 2.752722515478977220e+04 -4.841409747204896121e+04 1.179951261830213771e+05 2.115581081383738638e+04 1.206967103375942097e+05 -3.506865827637028880e+06 -6.901389956616391428e+05 1.964263831159077527e+05 -2.212958042648704723e+05 -2.075469711038796522e+05 1.091005079850846814e+05 4.997015023266862263e+05 8.240961898168856278e+05 1.535054460658214230e+05
8.109271895672401879e+05 -3.895759704087646678e+05 5.672608941836106533e+04 2.301158614461390825e+05 -2.915706820754884120e+03 -1.939317369653663991e+04 3.857206403594830772e+04 -9.837363503979348025e+03 1.382068082930019009e+05 -3.529250473040925805e+06 4.889912610059031867e+05 2.520925936851712759e+05 4.977567889175513992e+05 -1.389768637568343838e+05 -1.240291469790502160e+05 -1.596954862072745163e+05 1.535054460658214230e+05 6.335990743869337020e+05
