3.595075421668521315e+07 1.576264422410080209e+06 -2.727495883831982967e+06 3.131455509639892727e+06 -1.280498067055281281e+05 6.861840691878236830e+05 6.224611779653860722e+05 6.637623728101487504e+05 -2.010448003037631570e+05 3.130770019663770497e+07 1.413239934877065197e+07 -6.304033606746979989e+06 4.162135329477567226e+06 -5.486299380137198605e+05 -7.885685446997231338e+05 5.017928779947900330e+04 6.563251158474122640e+05 -8.351346881832468789e+05
1.576264422410080209e+06 2.020567889976747334e+07 4.124267806987144984e+06 1.507975850785855670e+06 -3.374724106668092427e+05 -5.445863092740516877e+05 1.784873286699049349e+05 1.205953569123827765e+05 -2.764226190331916441e+05 9.545395808018671349e+06 1.103353373842426389e+07 4.622733586754203425e+05 -3.891578453613119666e+06 -3.112538103394365404e+06 2.562254213990390766e+06 1.006727405477665598e+06 4.072358431639460032e+05 3.029925566788161523e+05
-2.727495883831982967e+06 4.124267806987144984e+06 7.337366443012185395e+06 -2.262728186118940648e+05 7.203706787777965656e+04 3.667535916411154321e+05 2.683955585084091872e+05 -3.271811712146347272e+05 3.554705575549946661e+04 6.469771895958036184e+06 8.430850089322414715e+05 2.736836696129179560e+06 -1.395000609651606996e+06 -1.343817936787953367e+06 1.308332413783430588e+06 6.447485015829891199e+05 -4.948813665647016023e+05 2.797270721949255676e+05
3.131455509639892727e+06 1.507975850785855670e+06 -2.262728186118940648e+05 2.083315111161522567e+06 9.868185836213023867e+04 -3.148009089592890814e+05 1.145935731863739493e+05 2.802505931935911067e+05 1.374543154633791128e+05 2.432544504463673569e+06 4.437916999335415894e+05 1.650893109732838639e+05 1.426342325992603321e+06 -3.603081902949381038e+05 -5.684269091640505940e+05 2.558480798606408061e+05 1.909195357412507874e+05 9.371979310032389549e+03
-1.280498067055281281e+05 -3.374724106668092427e+05 7.203706787777965656e+04 9.868185836213023867e+04 6.923781755738251377e+05 -1.986462782422010787e+04 -2.351619906033081861e+04 -1.016853665248980724e+04 1.188931673554738081e+05 2.720260506108745467e+06 -1.233043798290828941e+06 -9.067657053188215650e+04 7.715272355959657580e+05 7.237241845822960604e+05 -5.629887866196819232e+04 -2.367894212783694093e+04 5.361805954681073490e+04 8.719874032509438985e+04
6.861840691878236830e+05 -5.445863092740516877e+05 3.667535916411154321e+05 -3.148009089592890814e+05 -1.986462782422010787e+04 4.948412303552003577e+05 1.186385251486997731e+04 1.404135153210181488e+04 -3.877846711091991892e+04 -1.165811916476331651e+06 3.843201481645307504e+05 -9.616957132020908175e+05 -2.408151401460391644e+05 2.046055743589790072e+05 2.224184278400111943e+05 -1.899614389720601903e+05 2.196240343260027294e+04 8.592229068031112547e+04
6.224611779653860722e+05 1.784873286699049349e+05 2.683955585084091872e+05 1.145935731863739493e+05 -2.351619906033081861e+04 1.186385251486997731e+04 2.485193429456123849e+05 2.061700734289604588e+04 4.003415603083410679e+04 1.459803371078674681e+06 7.818620988719761372e+05 -7.277374061866396005e+03 -2.336457791664123361e+05 -8.509268898284451279e+04 -1.779169391261273704e+05 9.878186038901103893e+04 8.936537657137188944e+04 2.210541921056342835e+04
6.637623728101487504e+05 1.205953569123827765e+05 -3.271811712146347272e+05 2.802505931935911067e+05 -1.016853665248980724e+04 1.404135153210181488e+04 2.061700734289604588e+04 1.934257518392086786e+05 3.465880931973056431e+04 3.146448038215157067e+04 -2.685405436111229938e+05 -6.819328022788019152e+05 1.497867210065654945e+05 2.151514551872714073e+05 -1.012119334769224079e+05 -1.506241698682693241e+05 1.397525834872813721e+05 2.756031594990975282e+04
-2.010448003037631570e+05 -2.764226190331916441e+05 3.554705575549946661e+04 1.374543154633791128e+05 1.188931673554738081e+05 -3.877846711091991892e+04 4.003415603083410679e+04 3.465880931973056431e+04 1.267817415869415854e+05 8.811135605166788446e+05 -1.861288528361020326e+03 7.134657544473235030e+05 1.092303163251876394e+05 1.536689140062023071e+05 -2.318342462063031562e+05 -8.567989536899005543e+03 3.887514822506920609e+04 3.366239659638809826e+04
3.130770019663770497e+07 9.545395808018671349e+06 6.469771895958036184e+06 2.432544504463673569e+06 2.720260506108745467e+06 -1.165811916476331651e+06 1.459803371078674681e+06 3.146448038215157067e+04 8.811135605166788446e+05 1.836443023737136424e+08 -2.647900945584845729e+06 1.017164808970976248e+07 1.159124354987066798e+07 -1.397502452508039773e+06 -9.064718829188527307e+05 2.189901102977930102e+06 -1.038786522729018237e+06 7.229200710521301953e+05
1.413239934877065197e+07 1.103353373842426389e+07 8.430850089322414715e+05 4.437916999335415894e+05 -1.233043798290828941e+06 3.843201481645307504e+05 7.818620988719761372e+05 -2.685405436111229938e+05 -1.861288528361020326e+03 -2.647900945584845729e+06 5.573859129754716158e+07 7.132416663682145998e+06 -3.332410441950394772e+06 2.336641465210536029e+06 7.569425438632643782e+05 -9.354070777515373193e+05 -3.435962175645182724e+05 -4.238965968685165280e+05
-6.304033606746979989e+06 4.622733586754203425e+05 2.736836696129179560e+06 1.650893109732838639e+05 -9.067657053188215650e+04 -9.616957132020908175e+05 -7.277374061866396005e+03 -6.819328022788019152e+05 7.134657544473235030e+05 1.017164808970976248e+07 7.132416663682145998e+06 2.529560686881063133e+07 1.575850658637358574e+06 -8.002487401596775744e+05 -1.504390944620949915e+06 -1.548004071095131803e+05 -1.602481739360909211e+06 -3.566420769125639927e+05
4.162135329477567226e+06 -3.891578453613119666e+06 -1.395000609651606996e+06 1.426342325992603321e+06 7.715272355959657580e+05 -2.408151401460391644e+05 -2.336457791664123361e+05 1.497867210065654945e+05 1.092303163251876394e+05 1.159124354987066798e+07 -3.332410441950394772e+06 1.575850658637358574e+06 1.702796364428050071e+07 1.854270238336600829e+06 -1.392800856815922773e+06 -1.544031846159634413e+06 -3.200815012070545345e+05 6.749164928372430149e+05
-5.486299380137198605e+05 -3.112538103394365404e+06 -1.343817936787953367e+06 -3.603081902949381038e+05 7.237241845822960604e+05 2.046055743589790072e+05 -8.509268898284451279e+04 2.151514551872714073e+05 1.536689140062023071e+05 -1.397502452508039773e+06 2.336641465210536029e+06 -8.002487401596775744e+05 1.854270238336600829e+06 4.392904951973809861e+06 -8.966294835515664890e+05 -1.144589628474961035e+06 1.788352279709560753e+04 4.014432806126867072e+05
-7.885685446997231338e+05 2.562254213990390766e+06 1.308332413783430588e+06 -5.684269091640505940e+05 -5.629887866196819232e+04 2.224184278400111943e+05 -1.779169391261273704e+05 -1.012119334769224079e+05 -2.318342462063031562e+05 -9.064718829188527307e+05 7.569425438632643782e+05 -1.504390944620949915e+06 -1.392800856815922773e+06 -8.966294835515664890e+05 2.244893100143209100e+06 5.567726600311773655e+04 1.993997498375662326e+04 5.783097300971353252e+04
5.017928779947900330e+04 1.006727405477665598e+06 6.447485015829891199e+05 2.558480798606408061e+05 -2.367894212783694093e+04 -1.899614389720601903e+05 9.878186038901103893e+04 -1.506241698682693241e+05 -8.567989536899005543e+03 2.189901102977930102e+06 -9.354070777515373193e+05 -1.548004071095131803e+05 -1.544031846159634413e+06 -1.144589628474961035e+06 5.567726600311773655e+04 1.240591449289630167e+06 3.452375082171969116e+05 -2.548076159918243065e+05
6.563251158474122640e+05 4.072358431639460032e+05 -4.948813665647016023e+05 1.909195357412507874e+05 5.361805954681073490e+04 2.196240343260027294e+04 8.936537657137188944e+04 1.397525834872813721e+05 3.887514822506920609e+04 -1.038786522729018237e+06 -3.435962175645182724e+05 -1.602481739360909211e+06 -3.200815012070545345e+05 1.788352279709560753e+04 1.993997498375662326e+04 3.452375082171969116e+05 1.275183786405814812e+06 1.049707210006697424e+05
-8.351346881832468789e+05 3.029925566788161523e+05 2.797270721949255676e+05 9.371979310032389549e+03 8.719874032509438985e+04 8.592229068031112547e+04 2.210541921056342835e+04 2.756031594990975282e+04 3.366239659638809826e+04 7.229200710521301953e+05 -4.238965968685165280e+05 -3.566420769125639927e+05 6.749164928372430149e+05 4.014432806126867072e+05 5.783097300971353252e+04 -2.548076159918243065e+05 1.049707210006697424e+05 4.938306428338096011e+05
