5.198199878058069199e+07 5.828496881660399027e+06 -1.877227904103927314e+06 3.289462409157661255e+06 6.915317329499103362e+05 1.322155093328428222e+06 3.083578727454395266e+05 -9.479155959673882462e+05 5.215835559825983364e+05 2.412775954219689593e+07 1.638916031800658628e+07 -1.351841960934510268e+07 -1.112896848641467281e+07 -2.156132704530871473e+06 4.188949545249029528e+06 1.176510622921953211e+06 -9.385228245751089416e+05 -7.858141553999538301e+05
5.828496881660399027e+06 1.797248311152867973e+07 1.954619534067054279e+06 2.610288122340499889e+06 2.079257272724811453e+06 -9.882356514153387398e+05 -4.720170637241507065e+05 -1.963342641926421493e+05 4.189570015459813876e+05 -2.462713808670473518e+05 1.398348629179494642e+07 -1.338431813517806586e+06 -1.104655528356203577e+06 1.975692850950333523e+06 4.372846243545223842e+05 -8.685380330461465055e+05 -3.430084453610389028e+05 3.912577009802364773e+04
-1.877227904103927314e+06 1.954619534067054279e+06 4.941795833155405708e+06 1.394688845426269807e+06 2.052696388152180880e+05 -3.470159365697147441e+05 -4.093492889690352022e+05 2.142183742533525801e+05 1.017338660564528109e+05 1.694136347370129079e+06 6.221560123263010755e+06 7.583559069433311932e+06 9.267934655331543181e+05 1.582418958811591845e+06 2.697499352319759782e+05 -2.991278545123456934e+04 -1.097984111925764009e+05 -4.783363016267460771e+05
3.289462409157661255e+06 2.610288122340499889e+06 1.394688845426269807e+06 2.674205722867101897e+06 8.555087555316218641e+05 -3.256139696007731836e+05 -1.388748527416178549e+05 -1.212731947232321691e+05 -2.542833135621454494e+04 1.186124839590285905e+06 5.704021221841343679e+06 5.294205681655249558e+06 1.678637856862488901e+06 1.694465712278314400e+06 3.671939604215293657e+05 1.351499464729789470e+05 -1.223741251247409382e+05 3.624665842215616431e+04
6.915317329499103362e+05 2.079257272724811453e+06 2.052696388152180880e+05 8.555087555316218641e+05 1.805855449583782349e+06 3.863243980335203378e+04 -8.566617441107715422e+04 3.179189701577329288e+02 -4.091282962267134280e+04 1.223860769850353012e+06 3.111572597938195802e+06 1.497109379155404400e+06 9.146330347662008135e+05 1.566087849457940320e+06 1.358451157593348944e+04 -1.838713309790196363e+05 -1.347137445092371199e+05 -4.636075404385563161e+04
1.322155093328428222e+06 -9.882356514153387398e+05 -3.470159365697147441e+05 -3.256139696007731836e+05 3.863243980335203378e+04 7.134797708773999475e+05 4.468672056621692172e+04 -2.427347698494426004e+04 3.914965858848099015e+04 -3.948470516665048199e+05 1.589005211859113770e+06 -1.260508664463393390e+06 -1.198339189189369557e+06 -2.558168933261939674e+05 4.140991025793746812e+05 2.805255726360899862e+05 1.476156494387599814e+05 -8.014796655017590092e+04
3.083578727454395266e+05 -4.720170637241507065e+05 -4.093492889690352022e+05 -1.388748527416178549e+05 -8.566617441107715422e+04 4.468672056621692172e+04 4.057124147438484360e+05 7.088135669679471175e+04 -3.202488892014817975e+04 1.793175038229934406e+06 3.138170371906503569e+05 -1.028559656172908493e+06 -1.721912944600912160e+05 -5.299757957616456551e+05 1.121132647998448520e+05 -1.354038409131172375e+04 -1.142533311918358813e+05 -1.206168130852679169e+05
-9.479155959673882462e+05 -1.963342641926421493e+05 2.142183742533525801e+05 -1.212731947232321691e+05 3.179189701577329288e+02 -2.427347698494426004e+04 7.088135669679471175e+04 1.697369457953619712e+05 2.031137101259234623e+04 5.634549155628333101e+05 -5.629534303822552320e+05 -6.994195738402473216e+04 1.060203822449719155e+05 -1.010715160225677755e+04 -2.161859116081745378e+04 -9.087744314575415046e+04 -6.396751316183375820e+03 -1.741606001056317609e+03
5.215835559825983364e+05 4.189570015459813876e+05 1.017338660564528109e+05 -2.542833135621454494e+04 -4.091282962267134280e+04 3.914965858848099015e+04 -3.202488892014817975e+04 2.031137101259234623e+04 2.140866273811710707e+05 -1.527614552446026821e+06 1.068316333563828841e+06 1.009478722801787080e+05 -6.029661545833126875e+05 -9.166439602524793008e+04 2.172036586354967149e+05 -9.857444741573621286e+04 1.084536141696492996e+04 4.421432276541613101e+04
2.412775954219689593e+07 -2.462713808670473518e+05 1.694136347370129079e+06 1.186124839590285905e+06 1.223860769850353012e+06 -3.948470516665048199e+05 1.793175038229934406e+06 5.634549155628333101e+05 -1.527614552446026821e+06 2.274189565261705220e+08 3.128107840072975680e+07 -1.479851191434158944e+07 -9.183207637616252527e+06 3.400974496225701179e+06 -2.978680388317617122e+06 2.184663558299618773e+06 2.848418389101939276e+06 1.270529310284520732e+06
1.638916031800658628e+07 1.398348629179494642e+07 6.221560123263010755e+06 5.704021221841343679e+06 3.111572597938195802e+06 1.589005211859113770e+06 3.138170371906503569e+05 -5.629534303822552320e+05 1.068316333563828841e+06 3.128107840072975680e+07 1.007702951395312846e+08 2.350238615924290568e+07 -1.582005854928890243e+07 -1.154446110582993831e+06 7.058307755377941066e+05 1.670733098157752305e+06 -2.283313675054675899e+06 1.633917384866089269e+05
-1.351841960934510268e+07 -1.338431813517806586e+06 7.583559069433311932e+06 5.294205681655249558e+06 1.497109379155404400e+06 -1.260508664463393390e+06 -1.028559656172908493e+06 -6.994195738402473216e+04 1.009478722801787080e+05 -1.479851191434158944e+07 2.350238615924290568e+07 6.075678771394070238e+07 9.959720574618086219e+06 8.212306297441488132e+06 2.241141956275544129e+06 1.758997072945758933e+06 -4.563225891911103390e+05 -3.009024798301498522e+05
-1.112896848641467281e+07 -1.104655528356203577e+06 9.267934655331543181e+05 1.678637856862488901e+06 9.146330347662008135e+05 -1.198339189189369557e+06 -1.721912944600912160e+05 1.060203822449719155e+05 -6.029661545833126875e+05 -9.183207637616252527e+06 -1.582005854928890243e+07 9.959720574618086219e+06 1.752181419809900969e+07 6.776886435305619612e+06 -1.002676975870174705e+06 -5.116765696973325248e+04 3.371173353945543640e+05 3.871109554175593657e+05
-2.156132704530871473e+06 1.975692850950333523e+06 1.582418958811591845e+06 1.694465712278314400e+06 1.566087849457940320e+06 -2.558168933261939674e+05 -5.299757957616456551e+05 -1.010715160225677755e+04 -9.166439602524793008e+04 3.400974496225701179e+06 -1.154446110582993831e+06 8.212306297441488132e+06 6.776886435305619612e+06 7.971599548016242683e+06 8.793550838294926798e+05 1.797057977155181288e+05 1.371488403560766252e+06 2.658872599242805736e+05
4.188949545249029528e+06 4.372846243545223842e+05 2.697499352319759782e+05 3.671939604215293657e+05 1.358451157593348944e+04 4.140991025793746812e+05 1.121132647998448520e+05 -2.161859116081745378e+04 2.172036586354967149e+05 -2.978680388317617122e+06 7.058307755377941066e+05 2.241141956275544129e+06 -1.002676975870174705e+06 8.793550838294926798e+05 2.943036712354735006e+06 5.102637072339809383e+05 5.654519060253140051e+05 -1.338229359214529977e+05
1.176510622921953211e+06 -8.685380330461465055e+05 -2.991278545123456934e+04 1.351499464729789470e+05 -1.838713309790196363e+05 2.805255726360899862e+05 -1.354038409131172375e+04 -9.087744314575415046e+04 -9.857444741573621286e+04 2.184663558299618773e+06 1.670733098157752305e+06 1.758997072945758933e+06 -5.116765696973325248e+04 1.797057977155181288e+05 5.102637072339809383e+05 1.456223313332979102e+06 4.426048846677150577e+05 2.641082894206118654e+05
-9.385228245751089416e+05 -3.430084453610389028e+05 -1.097984111925764009e+05 -1.223741251247409382e+05 -1.347137445092371199e+05 1.476156494387599814e+05 -1.142533311918358813e+05 -6.396751316183375820e+03 1.084536141696492996e+04 2.848418389101939276e+06 -2.283313675054675899e+06 -4.563225891911103390e+05 3.371173353945543640e+05 1.371488403560766252e+06 5.654519060253140051e+05 4.426048846677150577e+05 1.191895280105989892e+06 3.659821714157932438e+05
-7.858141553999538301e+05 3.912577009802364773e+04 -4.783363016267460771e+05 3.624665842215616431e+04 -4.636075404385563161e+04 -8.014796655017590092e+04 -1.206168130852679169e+05 -1.741606001056317609e+03 4.421432276541613101e+04 1.270529310284520732e+06 1.633917384866089269e+05 -3.009024798301498522e+05 3.871109554175593657e+05 2.658872599242805736e+05 -1.338229359214529977e+05 2.641082894206118654e+05 3.659821714157932438e+05 7.304923514566266676e+05
