5.048872010536640882e+07 -1.176319227420257637e+06 1.719750206018439261e+06 4.272346966996822506e+06 1.030162502293922153e+05 5.599970911497782217e+05 -9.004185382237181766e+05 5.412999631090830080e+05 2.486881683798222366e+04 1.618107960418027453e+07 1.986328608508336544e+07 4.954404827709838748e+06 -9.411562880808239570e+05 3.734036158158673788e+05 2.458287500634891912e+06 -1.163076112736235373e+06 1.475989246665885439e+06 7.197019331403045217e+05
-1.176319227420257637e+06 1.724261642610958964e+07 3.381204014025467914e+06 4.993960095774084912e+05 1.490797464779233094e+06 4.241463000955605530e+05 4.222955077978539630e+05 4.818543267182703130e+05 -2.574882394509638743e+03 2.143974733051598538e+06 8.343159922663748264e+06 -9.233247081654678332e+05 3.323198659927417175e+05 -1.240829887245000573e+06 -3.845570564528763643e+05 -1.219664836166070774e+06 -1.277161019941393053e+06 -2.830761858762053307e+05
1.719750206018439261e+06 3.381204014025467914e+06 4.410640283602627926e+06 1.432637699468933744e+06 6.230084355106215662e+04 4.408525460865810164e+05 -1.569252271373588592e+05 -5.871304161515445230e+03 1.230984575814476266e+05 -2.104156875046001223e+05 2.586600860986289103e+06 4.032207048452585936e+06 5.459494536751261912e+05 -2.577600099332223763e+05 1.254504005792414071e+06 2.044978842459463294e+03 -3.834938102781674825e+05 8.994259552880428964e+04
4.272346966996822506e+06 4.993960095774084912e+05 1.432637699468933744e+06 2.597713719137222972e+06 5.522375769457622664e+05 7.171427700478708139e+05 -1.276571613430896687e+05 2.101627922046909516e+05 1.307056229943763028e+05 4.325030906481950544e+06 3.185183950564373750e+06 1.986057846780503169e+06 8.405951622776046861e+05 -6.100377943686696381e+04 2.220311937303787854e+05 -3.163252128481440595e+05 3.331450967649767990e+05 3.091648261242064182e+05
1.030162502293922153e+05 1.490797464779233094e+06 6.230084355106215662e+04 5.522375769457622664e+05 1.007223700165118673e+06 3.385635112226924975e+05 -4.289182632052397253e+02 1.941404926708661078e+05 1.735190232781433951e+04 -1.555193825518521015e+06 3.833744217153336504e+05 -3.581122509095801070e+04 -2.214870446449434385e+05 3.507565819723720779e+05 -2.654082282054410898e+05 -1.288836442147462949e+05 1.822795770651792700e+05 2.782366592521662460e+04
5.599970911497782217e+05 4.241463000955605530e+05 4.408525460865810164e+05 7.171427700478708139e+05 3.385635112226924975e+05 6.580459837669158587e+05 -5.439739462524581177e+04 6.025969229960117082e+04 7.336657840032043168e+04 -8.542784781096297083e+05 -1.364067084766427753e+06 -5.461043091507420177e+05 -1.035945874289912317e+05 -2.134470947115209710e+05 -4.889876085520830384e+04 -1.753026904875483015e+05 -1.910292614897710155e+05 -1.797956308328050072e+05
-9.004185382237181766e+05 4.222955077978539630e+05 -1.569252271373588592e+05 -1.276571613430896687e+05 -4.289182632052397253e+02 -5.439739462524581177e+04 3.109133161069958005e+05 9.044342551341980288e+04 3.165984737663507258e+04 9.216786336861946620e+05 1.016233816990376101e+06 -2.274693764038747177e+05 2.578883653686995676e+05 -6.765027082191854424e+04 1.333669940921491070e+05 2.745838732123709269e+04 1.208963380883824721e+05 1.165672329001166072e+05
5.412999631090830080e+05 4.818543267182703130e+05 -5.871304161515445230e+03 2.101627922046909516e+05 1.941404926708661078e+05 6.025969229960117082e+04 9.044342551341980288e+04 1.953642447728428815e+05 5.980362609245802014e+04 1.600224750934015494e+06 4.494661872989400581e+04 2.175527804209244787e+05 4.184469309475446353e+05 -1.792779294160528707e+03 2.007616999853645684e+05 6.098793422444760836e+03 2.918172616005958989e+05 2.369465346489000658e+05
2.486881683798222366e+04 -2.574882394509638743e+03 1.230984575814476266e+05 1.307056229943763028e+05 1.735190232781433951e+04 7.336657840032043168e+04 3.165984737663507258e+04 5.980362609245802014e+04 1.282290411333437805e+05 1.304752205010647653e+06 -6.832723022059074719e+04 -9.228475239583024813e+04 1.053592229285262583e+05 4.506443591494130669e+04 1.762248992603828810e+04 6.916801702747811214e+04 1.609697023839924077e+05 1.766078449398532975e+05
1.618107960418027453e+07 2.143974733051598538e+06 -2.104156875046001223e+05 4.325030906481950544e+06 -1.555193825518521015e+06 -8.542784781096297083e+05 9.216786336861946620e+05 1.600224750934015494e+06 1.304752205010647653e+06 1.743312349188618660e+08 3.629221112441185117e+07 1.823463817368758470e+07 -1.079562938560880162e+07 -5.722167932039957494e+06 4.892262824907963164e+06 -2.699224704302378930e+06 3.375440020505359280e+05 3.646990606466792524e+06
1.986328608508336544e+07 8.343159922663748264e+06 2.586600860986289103e+06 3.185183950564373750e+06 3.833744217153336504e+05 -1.364067084766427753e+06 1.016233816990376101e+06 4.494661872989400581e+04 -6.832723022059074719e+04 3.629221112441185117e+07 6.983471877745369077e+07 1.277865715185761917e+06 -7.221241838840958662e+05 3.428547920845250133e+06 2.208417529502931517e+06 -8.755215885010921629e+05 -3.107290732077003922e+05 3.249121671367544914e+05
4.954404827709838748e+06 -9.233247081654678332e+05 4.032207048452585936e+06 1.986057846780503169e+06 -3.581122509095801070e+04 -5.461043091507420177e+05 -2.274693764038747177e+05 2.175527804209244787e+05 -9.228475239583024813e+04 1.823463817368758470e+07 1.277865715185761917e+06 3.097858531216510385e+07 1.857009296782948542e+06 -4.088767191039850935e+06 1.768498134008928435e+06 -3.002895735078930156e+05 7.068533265171148814e+05 1.370217423930193065e+06
-9.411562880808239570e+05 3.323198659927417175e+05 5.459494536751261912e+05 8.405951622776046861e+05 -2.214870446449434385e+05 -1.035945874289912317e+05 2.578883653686995676e+05 4.184469309475446353e+05 1.053592229285262583e+05 -1.079562938560880162e+07 -7.221241838840958662e+05 1.857009296782948542e+06 9.313478232687797397e+06 4.458275495052345213e+05 -6.174478297833676916e+05 -2.776740271487052669e+05 2.092016649716505781e+06 1.494799070144613739e+06
3.734036158158673788e+05 -1.240829887245000573e+06 -2.577600099332223763e+05 -6.100377943686696381e+04 3.507565819723720779e+05 -2.134470947115209710e+05 -6.765027082191854424e+04 -1.792779294160528707e+03 4.506443591494130669e+04 -5.722167932039957494e+06 3.428547920845250133e+06 -4.088767191039850935e+06 4.458275495052345213e+05 6.233799684198094532e+06 4.087939455224891426e+05 9.116654932239656337e+05 1.023515194266914274e+06 1.825935216679113510e+05
2.458287500634891912e+06 -3.845570564528763643e+05 1.254504005792414071e+06 2.220311937303787854e+05 -2.654082282054410898e+05 -4.889876085520830384e+04 1.333669940921491070e+05 2.007616999853645684e+05 1.762248992603828810e+04 4.892262824907963164e+06 2.208417529502931517e+06 1.768498134008928435e+06 -6.174478297833676916e+05 4.087939455224891426e+05 2.671201869353599381e+06 2.725333645090992795e+05 -1.722908110519245383e+05 1.129170050396987208e+05
-1.163076112736235373e+06 -1.219664836166070774e+06 2.044978842459463294e+03 -3.163252128481440595e+05 -1.288836442147462949e+05 -1.753026904875483015e+05 2.745838732123709269e+04 6.098793422444760836e+03 6.916801702747811214e+04 -2.699224704302378930e+06 -8.755215885010921629e+05 -3.002895735078930156e+05 -2.776740271487052669e+05 9.116654932239656337e+05 2.725333645090992795e+05 1.105251001033328706e+06 2.605379509467769822e+05 1.835404120479195844e+05
1.475989246665885439e+06 -1.277161019941393053e+06 -3.834938102781674825e+05 3.331450967649767990e+05 1.822795770651792700e+05 -1.910292614897710155e+05 1.208963380883824721e+05 2.918172616005958989e+05 1.609697023839924077e+05 3.375440020505359280e+05 -3.107290732077003922e+05 7.068533265171148814e+05 2.092016649716505781e+06 1.023515194266914274e+06 -1.722908110519245383e+05 2.605379509467769822e+05 1.690301549156079767e+06 9.178001477461585309e+05
7.197019331403045217e+05 -2.830761858762053307e+05 8.994259552880428964e+04 3.091648261242064182e+05 2.782366592521662460e+04 -1.797956308328050072e+05 1.165672329001166072e+05 2.369465346489000658e+05 1.766078449398532975e+05 3.646990606466792524e+06 3.249121671367544914e+05 1.370217423930193065e+06 1.494799070144613739e+06 1.825935216679113510e+05 1.129170050396987208e+05 1.835404120479195844e+05 9.178001477461585309e+05 8.684697145064087817e+05
