4.448960702293960005e+07 7.068301925417101942e+06 -5.079600337240453809e+06 -1.234798809254344320e+06 -3.847710606893106364e+06 -1.047096417747593019e+06 -7.887738562569016358e+05 -6.248787730190892471e+05 -1.184871841571312398e+06 1.396413085222062096e+07 1.550735710081294645e+06 6.089575004753910936e+06 -1.811829813176741824e+06 1.523303962630651367e+05 3.554410361039623152e+06 -1.241129665534625063e+06 5.707110078498604707e+05 -1.099480912748753326e+06
7.068301925417101942e+06 1.397507158857363649e+07 2.152737248271555174e+06 1.581799888631824171e+06 -2.065199553122791694e+06 -5.997353885774802184e+05 -5.610536911840087123e+04 8.066441319420484069e+04 -3.319378787899015588e+05 6.400289867683140561e+06 1.142046319304880872e+07 4.080072020285005216e+06 3.991384050077867229e+06 2.749796299183411989e+06 -8.980969678508617217e+05 -9.229550506395788398e+05 4.980627924612576026e+05 7.049051847689747810e+05
-5.079600337240453809e+06 2.152737248271555174e+06 4.405308958363341168e+06 1.479864089004165260e+06 1.277512999757665966e+05 1.144105542044585454e+05 1.013491901110061153e+05 4.522463673515107366e+05 9.725088431398751709e+03 -4.425875603381835856e+06 -1.097156925951576792e+06 2.855558484530373476e+06 2.716534837807810400e+06 5.622581001038658433e+05 -1.350298932472411252e+05 4.024965454107406549e+05 2.822396984429075965e+05 7.610035843449458480e+05
-1.234798809254344320e+06 1.581799888631824171e+06 1.479864089004165260e+06 2.030222102798184147e+06 6.935075753390281170e+04 1.211977860458642972e+05 3.389622152312466060e+05 -4.716006950902541575e+04 -4.994076003827514796e+03 -5.725839862369499169e+06 5.507291882344593294e+06 1.550676394837157102e+06 1.802744445343668107e+06 1.172081878945541568e+06 -9.389948003922709031e+05 7.982867687101196498e+04 -1.014757426213600411e+04 6.367336728064947529e+05
-3.847710606893106364e+06 -2.065199553122791694e+06 1.277512999757665966e+05 6.935075753390281170e+04 1.596013609223283362e+06 4.305261594658543472e+05 1.624375651043382823e+05 -9.208370320630601782e+04 8.869888306963644573e+04 5.169135750660799094e+05 -6.226990680715962080e+05 -1.051776651160669513e+06 -5.107903502255394706e+05 3.915774979064578656e+05 -1.302921586785140680e+05 4.872438338350610575e+05 5.396236351520428434e+04 -5.438280165569352539e+04
-1.047096417747593019e+06 -5.997353885774802184e+05 1.144105542044585454e+05 1.211977860458642972e+05 4.305261594658543472e+05 6.020267051458280766e+05 1.015372245916307729e+05 3.496216216440800054e+04 6.248008297905927066e+03 9.456030257666588295e+05 1.737315895962183829e+06 -4.978463011195559520e+05 -6.992688026692819549e+05 3.627376375660339836e+05 1.864056174934909795e+05 1.106704606268630014e+05 1.434942461620573304e+05 2.421743016677339619e+04
-7.887738562569016358e+05 -5.610536911840087123e+04 1.013491901110061153e+05 3.389622152312466060e+05 1.624375651043382823e+05 1.015372245916307729e+05 2.989744972173668793e+05 -2.359537297268371549e+04 2.394121574432198759e+04 -3.056118002207338810e+06 2.542503772711990401e+06 1.127286327668334852e+05 3.330173833946086816e+05 4.201315813006393146e+05 -1.068384231668439170e+05 2.845150620324601769e+05 8.031418254869419616e+04 2.438302901789373427e+05
-6.248787730190892471e+05 8.066441319420484069e+04 4.522463673515107366e+05 -4.716006950902541575e+04 -9.208370320630601782e+04 3.496216216440800054e+04 -2.359537297268371549e+04 1.882235771872471087e+05 9.614206424928340766e+02 1.274154495180715574e+06 -7.253801908498496050e+05 -2.100726019100801204e+04 2.704920490551510011e+05 -1.416452271024433430e+05 4.355139101241680328e+04 -1.085063142505578580e+05 5.385693118423525448e+04 7.550391946331801591e+04
-1.184871841571312398e+06 -3.319378787899015588e+05 9.725088431398751709e+03 -4.994076003827514796e+03 8.869888306963644573e+04 6.248008297905927066e+03 2.394121574432198759e+04 9.614206424928340766e+02 9.608261632703348005e+04 -1.173603215211577481e+06 -2.058356490895401512e+05 -4.899208141435831785e+05 -5.835386997162961052e+04 -6.425131692199998361e+04 -1.124300814134794200e+05 -5.094132459909470344e+04 5.369229363544940134e+04 6.740925183129975630e+04
1.396413085222062096e+07 6.400289867683140561e+06 -4.425875603381835856e+06 -5.725839862369499169e+06 5.169135750660799094e+05 9.456030257666588295e+05 -3.056118002207338810e+06 1.274154495180715574e+06 -1.173603215211577481e+06 2.206899286430792511e+08 1.927365687146358192e+06 -1.773332903051397577e+07 -3.260303096627417952e+06 -8.874690811397878453e+06 6.760279536878358573e+06 -4.905106929969889112e+06 -4.970378811606098898e+06 -2.470902193075967953e+06
1.550735710081294645e+06 1.142046319304880872e+07 -1.097156925951576792e+06 5.507291882344593294e+06 -6.226990680715962080e+05 1.737315895962183829e+06 2.542503772711990401e+06 -7.253801908498496050e+05 -2.058356490895401512e+05 1.927365687146358192e+06 9.850146095821855962e+07 1.582403432140178978e+07 5.049925358714471571e+06 5.460659677748779766e+06 -1.683309783478312427e+06 -4.483632900303764036e+05 -1.268265153313679155e+06 4.483882673152652569e+06
6.089575004753910936e+06 4.080072020285005216e+06 2.855558484530373476e+06 1.550676394837157102e+06 -1.051776651160669513e+06 -4.978463011195559520e+05 1.127286327668334852e+05 -2.100726019100801204e+04 -4.899208141435831785e+05 -1.773332903051397577e+07 1.582403432140178978e+07 3.126889612565630302e+07 1.292981019467061618e+06 1.373006166702398623e+05 2.074923974497040908e+05 -1.181700765371810645e+06 -4.678216864345844369e+05 1.271237689173338236e+06
-1.811829813176741824e+06 3.991384050077867229e+06 2.716534837807810400e+06 1.802744445343668107e+06 -5.107903502255394706e+05 -6.992688026692819549e+05 3.330173833946086816e+05 2.704920490551510011e+05 -5.835386997162961052e+04 -3.260303096627417952e+06 5.049925358714471571e+06 1.292981019467061618e+06 1.286366573500377126e+07 2.682892644586311653e+06 8.552154388448765967e+05 2.039043033078453271e+06 2.088517562350913431e+04 1.197710528603408020e+06
1.523303962630651367e+05 2.749796299183411989e+06 5.622581001038658433e+05 1.172081878945541568e+06 3.915774979064578656e+05 3.627376375660339836e+05 4.201315813006393146e+05 -1.416452271024433430e+05 -6.425131692199998361e+04 -8.874690811397878453e+06 5.460659677748779766e+06 1.373006166702398623e+05 2.682892644586311653e+06 6.109104619162460789e+06 2.789530675041949144e+05 1.731153785889003891e+06 7.902834787982663838e+05 3.673649273124519968e+05
3.554410361039623152e+06 -8.980969678508617217e+05 -1.350298932472411252e+05 -9.389948003922709031e+05 -1.302921586785140680e+05 1.864056174934909795e+05 -1.068384231668439170e+05 4.355139101241680328e+04 -1.124300814134794200e+05 6.760279536878358573e+06 -1.683309783478312427e+06 2.074923974497040908e+05 8.552154388448765967e+05 2.789530675041949144e+05 3.625859525085429661e+06 7.361341780502448091e+05 -3.931920960787503282e+04 1.886778107275231378e+04
-1.241129665534625063e+06 -9.229550506395788398e+05 4.024965454107406549e+05 7.982867687101196498e+04 4.872438338350610575e+05 1.106704606268630014e+05 2.845150620324601769e+05 -1.085063142505578580e+05 -5.094132459909470344e+04 -4.905106929969889112e+06 -4.483632900303764036e+05 -1.181700765371810645e+06 2.039043033078453271e+06 1.731153785889003891e+06 7.361341780502448091e+05 2.141765855151506141e+06 2.278031838865099126e+05 1.453995749869241081e+04
5.707110078498604707e+05 4.980627924612576026e+05 2.822396984429075965e+05 -1.014757426213600411e+04 5.396236351520428434e+04 1.434942461620573304e+05 8.031418254869419616e+04 5.385693118423525448e+04 5.369229363544940134e+04 -4.970378811606098898e+06 -1.268265153313679155e+06 -4.678216864345844369e+05 2.088517562350913431e+04 7.902834787982663838e+05 -3.931920960787503282e+04 2.278031838865099126e+05 1.058316184456080664e+06 1.249733519944618638e+04
-1.099480912748753326e+06 7.049051847689747810e+05 7.610035843449458480e+05 6.367336728064947529e+05 -5.438280165569352539e+04 2.421743016677339619e+04 2.438302901789373427e+05 7.550391946331801591e+04 6.740925183129975630e+04 -2.470902193075967953e+06 4.483882673152652569e+06 1.271237689173338236e+06 1.197710528603408020e+06 3.673649273124519968e+05 1.886778107275231378e+04 1.453995749869241081e+04 1.249733519944618638e+04 8.962697021675674478e+05
