6.368231320996833593e+07 -1.613716739644344896e+06 -1.354639401850628201e+05 3.747034584950498305e+06 -1.117174660366731463e+06 -4.423464566140826209e+05 5.470228543653404340e+05 5.153887888240618631e+05 -5.711200776110563893e+05 1.659613851438571699e+07 -4.784194580925096758e+06 1.733523830631552264e+07 7.629210743199153803e+06 4.452976375428114086e+06 -4.504203610707180924e+05 6.254622961082435213e+05 2.516551979346040636e+06 1.382473234247415792e+06
-1.613716739644344896e+06 8.313655342082239687e+06 4.747319820439674659e+05 -2.569365279593073355e+05 -4.468219929175083525e+05 -6.352610609703139198e+04 1.367786920711561106e+04 -4.205607833979373390e+04 -2.194481658132071516e+03 5.862930449768587947e+06 9.196784577105343342e+06 3.350247285144024645e+05 -4.555896629255844746e+05 -7.922347500088419765e+05 -4.512601018446428352e+05 4.530674627132496098e+05 -7.649479257765993243e+05 1.165967093287189637e+05
-1.354639401850628201e+05 4.747319820439674659e+05 5.012543873958706856e+06 1.891156359051201434e+05 4.900584173214427428e+05 -7.547302768077193468e+04 1.155691061183073325e+05 -3.731080906441155821e+04 1.286968491456859192e+05 -1.187287247338051209e+06 -2.998391751995799597e+06 2.710284001066519413e+06 -1.685298327036451316e+06 5.603742636587617453e+05 -4.818470874202833511e+05 3.317230872927536257e+05 -2.978476650478200172e+05 2.337271154630045057e+05
3.747034584950498305e+06 -2.569365279593073355e+05 1.891156359051201434e+05 2.030693013453064952e+06 1.100822598932973196e+05 2.026628085696514245e+04 1.393355604729878833e+05 1.777620157805508643e+05 2.176521620693348268e+03 4.308378592839980498e+06 -9.907999401622941950e+05 -3.959674036456418107e+05 1.935601672130904393e+06 8.254754917640226195e+05 5.708150545513216639e+05 2.132471270678732253e+05 -1.619283853447376750e+05 3.660154517890691641e+05
-1.117174660366731463e+06 -4.468219929175083525e+05 4.900584173214427428e+05 1.100822598932973196e+05 1.040084661606549518e+06 1.167804233285572845e+05 -4.132233987781009637e+04 8.852234360089780239e+04 8.324769975160232570e+04 -5.759016614637263119e+06 -1.324725930287879426e+06 -5.418234029566524550e+05 -6.976488042835455853e+05 1.032349340853326023e+06 1.785113822488879377e+05 -2.081990855826438637e+05 -2.196459121432161774e+05 -1.636994295621839119e+05
-4.423464566140826209e+05 -6.352610609703139198e+04 -7.547302768077193468e+04 2.026628085696514245e+04 1.167804233285572845e+05 4.227150534848255338e+05 -1.058134847467885811e+04 -2.214534465292460663e+04 2.796002840226020635e+04 -2.369963660451867036e+05 -8.665837362203600351e+05 -3.574356712818507222e+05 2.418663123264436726e+05 1.244244979857993603e+05 3.438699593125103856e+05 -2.309003622546163388e+05 -1.171172201590846962e+05 -7.171760484692383034e+04
5.470228543653404340e+05 1.367786920711561106e+04 1.155691061183073325e+05 1.393355604729878833e+05 -4.132233987781009637e+04 -1.058134847467885811e+04 2.275301194150802621e+05 3.062695489001278838e+04 2.834372076330843993e+04 1.170970030564326793e+06 -2.139879947494842345e+05 -5.257913012494723080e+05 6.787415532078727847e+05 1.625155563337958883e+05 -1.273293232471000665e+05 1.649272955909307057e+05 2.509853280699340394e+04 -2.430852581154435029e+03
5.153887888240618631e+05 -4.205607833979373390e+04 -3.731080906441155821e+04 1.777620157805508643e+05 8.852234360089780239e+04 -2.214534465292460663e+04 3.062695489001278838e+04 1.476350426160356146e+05 4.441632102800703433e+04 1.435686561094495934e+06 -2.910286490317098214e+05 5.143722514143096632e+05 1.190944452334108064e+05 3.690669677882209653e+05 2.264133760633716593e+05 -9.626110920612084738e+04 6.455013354472325773e+03 2.495593119561997082e+04
-5.711200776110563893e+05 -2.194481658132071516e+03 1.286968491456859192e+05 2.176521620693348268e+03 8.324769975160232570e+04 2.796002840226020635e+04 2.834372076330843993e+04 4.441632102800703433e+04 1.143609127101067861e+05 -7.377788293929136125e+05 -5.092071470137323486e+05 5.218763145945259021e+04 1.270420038636223471e+05 3.141138947619709070e+05 3.288874045975214540e+04 -1.372433319403767237e+05 -1.145583450122431095e+05 8.503582603096023377e+03
1.659613851438571699e+07 5.862930449768587947e+06 -1.187287247338051209e+06 4.308378592839980498e+06 -5.759016614637263119e+06 -2.369963660451867036e+05 1.170970030564326793e+06 1.435686561094495934e+06 -7.377788293929136125e+05 2.008759536654983163e+08 3.845422610139051825e+07 2.620040140269349329e+06 8.648450851310109720e+06 -7.191693716682099737e+06 7.679213285353301326e+05 2.947756662756289355e+06 7.154423885646709241e+05 2.041936621826532064e+06
-4.784194580925096758e+06 9.196784577105343342e+06 -2.998391751995799597e+06 -9.907999401622941950e+05 -1.324725930287879426e+06 -8.665837362203600351e+05 -2.139879947494842345e+05 -2.910286490317098214e+05 -5.092071470137323486e+05 3.845422610139051825e+07 5.710376405655246973e+07 6.688848781165087130e+05 3.527812308732005302e+06 -7.287818976565282792e+06 -2.507600433341695461e+06 1.031070412912073079e+06 -9.401300797110116400e+04 -1.500878271703766950e+05
1.733523830631552264e+07 3.350247285144024645e+05 2.710284001066519413e+06 -3.959674036456418107e+05 -5.418234029566524550e+05 -3.574356712818507222e+05 -5.257913012494723080e+05 5.143722514143096632e+05 5.218763145945259021e+04 2.620040140269349329e+06 6.688848781165087130e+05 3.137699750648395717e+07 2.633027140143204946e+06 2.244359617711883038e+06 1.285478338350103470e+06 6.856353726687644375e+05 1.304118175218390301e+06 1.976860278542417800e+06
7.629210743199153803e+06 -4.555896629255844746e+05 -1.685298327036451316e+06 1.935601672130904393e+06 -6.976488042835455853e+05 2.418663123264436726e+05 6.787415532078727847e+05 1.190944452334108064e+05 1.270420038636223471e+05 8.648450851310109720e+06 3.527812308732005302e+06 2.633027140143204946e+06 1.090319701652596891e+07 1.345713441344771534e+06 -1.034147321061006369e+04 6.281000293703854550e+05 1.897380428931426723e+05 1.201058302699415479e+06
4.452976375428114086e+06 -7.922347500088419765e+05 5.603742636587617453e+05 8.254754917640226195e+05 1.032349340853326023e+06 1.244244979857993603e+05 1.625155563337958883e+05 3.690669677882209653e+05 3.141138947619709070e+05 -7.191693716682099737e+06 -7.287818976565282792e+06 2.244359617711883038e+06 1.345713441344771534e+06 6.480626856415821239e+06 7.325480012630751589e+05 -5.631798641602139687e+05 -7.296602342002559453e+04 3.553302391763819032e+05
-4.504203610707180924e+05 -4.512601018446428352e+05 -4.818470874202833511e+05 5.708150545513216639e+05 1.785113822488879377e+05 3.438699593125103856e+05 -1.273293232471000665e+05 2.264133760633716593e+05 3.288874045975214540e+04 7.679213285353301326e+05 -2.507600433341695461e+06 1.285478338350103470e+06 -1.034147321061006369e+04 7.325480012630751589e+05 3.313966352247560862e+06 -6.824336570393024012e+05 1.450860588377360837e+05 2.077962165747401887e+05
6.254622961082435213e+05 4.530674627132496098e+05 3.317230872927536257e+05 2.132471270678732253e+05 -2.081990855826438637e+05 -2.309003622546163388e+05 1.649272955909307057e+05 -9.626110920612084738e+04 -1.372433319403767237e+05 2.947756662756289355e+06 1.031070412912073079e+06 6.856353726687644375e+05 6.281000293703854550e+05 -5.631798641602139687e+05 -6.824336570393024012e+05 1.845488441121694632e+06 3.631907319922063616e+05 2.538445519686758053e+05
2.516551979346040636e+06 -7.649479257765993243e+05 -2.978476650478200172e+05 -1.619283853447376750e+05 -2.196459121432161774e+05 -1.171172201590846962e+05 2.509853280699340394e+04 6.455013354472325773e+03 -1.145583450122431095e+05 7.154423885646709241e+05 -9.401300797110116400e+04 1.304118175218390301e+06 1.897380428931426723e+05 -7.296602342002559453e+04 1.450860588377360837e+05 3.631907319922063616e+05 7.888043049626888242e+05 1.292747204362752091e+05
1.382473234247415792e+06 1.165967093287189637e+05 2.337271154630045057e+05 3.660154517890691641e+05 -1.636994295621839119e+05 -7.171760484692383034e+04 -2.430852581154435029e+03 2.495593119561997082e+04 8.503582603096023377e+03 2.041936621826532064e+06 -1.500878271703766950e+05 1.976860278542417800e+06 1.201058302699415479e+06 3.553302391763819032e+05 2.077962165747401887e+05 2.538445519686758053e+05 1.292747204362752091e+05 7.547526702157168183e+05
