3.940580007746537030e+07 4.467810806647032499e+06 1.690829401791689917e+06 -1.706855820926389424e+04 -2.259690340660145972e+06 8.812944857815681025e+05 8.423817390476210276e+05 5.373603801506473683e+05 -5.874210675174337666e+04 2.999322041185240820e+07 1.210057184786104783e+07 6.419775409669621149e+05 1.756770991835624227e+04 -3.036366135302364361e+06 -1.268262438043514965e+06 3.107814374867456034e+06 -3.424712309975237586e+05 1.418511566977913491e+06
4.467810806647032499e+06 1.494741450225917809e+07 3.380661100999116898e+06 2.513303754254275467e+06 7.155296151015067881e+04 4.174744008327436168e+05 7.970232814570617847e+02 3.567608149078331771e+05 4.057636582893320010e+05 1.325909973044048063e+07 1.364414671295067482e+07 -2.158269990368279163e+06 5.152421239943164983e+05 3.221777738145638141e+05 1.603777829557904275e+06 -1.063474328387959162e+06 3.943174187947139726e+05 4.454073351888690377e+05
1.690829401791689917e+06 3.380661100999116898e+06 3.975721733135473449e+06 1.229873849303809693e+06 2.805980263145163190e+05 2.103073949793418578e+05 1.215652028768728196e+05 3.039692759906656574e+05 1.182895066377399926e+05 6.503381822597101564e+05 7.738061353124909103e+06 2.486391212439429481e+06 1.837134638549932279e+06 2.103860850196117826e+04 9.356578835190051468e+05 -4.916410405673966743e+05 -2.780775906786302803e+05 1.624078363520104904e+05
-1.706855820926389424e+04 2.513303754254275467e+06 1.229873849303809693e+06 2.244170325383918360e+06 4.093096968744577607e+05 6.032236767960775614e+04 -7.599048976445361041e+04 -1.905311591215219960e+04 3.273768465023022145e+03 -5.972969735403162427e+06 -7.045088136164718308e+05 -9.122751301305767847e+05 6.740257758644092828e+05 6.012145636915167561e+05 5.334598067577689653e+05 -1.757506957047643664e+05 -7.839865061174593575e+04 2.450689389946305018e+05
-2.259690340660145972e+06 7.155296151015067881e+04 2.805980263145163190e+05 4.093096968744577607e+05 1.362785085074563744e+06 1.160431781762985484e+05 3.860422643989735661e+04 1.805194093183601799e+05 6.790984421254498011e+04 -6.014531600039450452e+06 1.078662393716074002e+05 -2.433209236408633296e+05 -1.325790219184448360e+05 1.182707486701624701e+06 5.701733284764804412e+05 2.131528346657687507e+05 4.271365610644703847e+05 2.020443238352145127e+05
8.812944857815681025e+05 4.174744008327436168e+05 2.103073949793418578e+05 6.032236767960775614e+04 1.160431781762985484e+05 4.308399599618255743e+05 2.506784837840502223e+04 4.039901593172296270e+04 -6.160950033239701952e+03 -1.868071067591644824e+05 6.208737985274393577e+05 2.904243937572445138e+05 1.040361282355028525e+05 4.178421005104816868e+05 8.068564064993467182e+05 1.852026943462516647e+05 2.632292796385403490e+05 2.030023819961697445e+05
8.423817390476210276e+05 7.970232814570617847e+02 1.215652028768728196e+05 -7.599048976445361041e+04 3.860422643989735661e+04 2.506784837840502223e+04 1.846483019265166076e+05 7.325856980738884886e+04 1.419565204073148197e+04 1.313440312565078028e+06 1.611629458980223397e+06 -3.771018229593929136e+05 5.377596300112404861e+05 -5.220024405518871208e+04 1.488358440111732925e+05 2.852812855066026677e+05 -1.322030427463971682e+04 7.854793752418887743e+04
5.373603801506473683e+05 3.567608149078331771e+05 3.039692759906656574e+05 -1.905311591215219960e+04 1.805194093183601799e+05 4.039901593172296270e+04 7.325856980738884886e+04 2.238847287306276849e+05 7.370666502809422673e+04 1.725887647571499925e+06 1.677789688323176000e+06 -2.707641246205098578e+05 -1.156658538801533723e+04 1.715437669707158057e+04 -1.885341556855194722e+04 3.117540594553623123e+03 -1.534469699204603967e+04 1.307775908971764875e+05
-5.874210675174337666e+04 4.057636582893320010e+05 1.182895066377399926e+05 3.273768465023022145e+03 6.790984421254498011e+04 -6.160950033239701952e+03 1.419565204073148197e+04 7.370666502809422673e+04 7.695451628855905437e+04 9.111275067102186149e+05 5.470297911388484063e+05 2.700426076903955545e+05 -1.831764104075843716e+04 1.621675029478366196e+05 7.940463420807266084e+04 -5.622950615023871796e+04 -5.851351950306996878e+04 5.540200925194295996e+04
2.999322041185240820e+07 1.325909973044048063e+07 6.503381822597101564e+05 -5.972969735403162427e+06 -6.014531600039450452e+06 -1.868071067591644824e+05 1.313440312565078028e+06 1.725887647571499925e+06 9.111275067102186149e+05 2.234288998131940961e+08 3.270806301232490316e+07 1.283936645478274487e+07 -3.174841964193442371e+06 -1.118387263591689058e+07 -4.603687152014007792e+06 3.595001805347370100e+05 -3.129076697891260497e+06 -3.219407871701145996e+04
1.210057184786104783e+07 1.364414671295067482e+07 7.738061353124909103e+06 -7.045088136164718308e+05 1.078662393716074002e+05 6.208737985274393577e+05 1.611629458980223397e+06 1.677789688323176000e+06 5.470297911388484063e+05 3.270806301232490316e+07 6.947958178034700453e+07 -6.119442344041980803e+06 4.092286852066282649e+06 -4.410925910803947598e+06 3.884580436446578708e+06 5.910724401642993325e+05 4.612761311775044305e+05 5.921358920748883247e+04
6.419775409669621149e+05 -2.158269990368279163e+06 2.486391212439429481e+06 -9.122751301305767847e+05 -2.433209236408633296e+05 2.904243937572445138e+05 -3.771018229593929136e+05 -2.707641246205098578e+05 2.700426076903955545e+05 1.283936645478274487e+07 -6.119442344041980803e+06 2.705980172743852809e+07 1.714447757103276672e+06 4.379767905707605183e+06 1.034488773924733512e+06 1.335801624003415694e+06 -1.405624061424591579e+06 4.628847560678173322e+05
1.756770991835624227e+04 5.152421239943164983e+05 1.837134638549932279e+06 6.740257758644092828e+05 -1.325790219184448360e+05 1.040361282355028525e+05 5.377596300112404861e+05 -1.156658538801533723e+04 -1.831764104075843716e+04 -3.174841964193442371e+06 4.092286852066282649e+06 1.714447757103276672e+06 9.015789329716851935e+06 4.818038635768662789e+05 1.292238517919436097e+06 1.054588935411032289e+05 -1.278636778938529897e+05 5.564581269037460443e+05
-3.036366135302364361e+06 3.221777738145638141e+05 2.103860850196117826e+04 6.012145636915167561e+05 1.182707486701624701e+06 4.178421005104816868e+05 -5.220024405518871208e+04 1.715437669707158057e+04 1.621675029478366196e+05 -1.118387263591689058e+07 -4.410925910803947598e+06 4.379767905707605183e+06 4.818038635768662789e+05 4.717956458110100590e+06 1.798603672383950325e+06 3.546243837737169815e+05 3.778377533424249850e+05 7.431769657725144643e+05
-1.268262438043514965e+06 1.603777829557904275e+06 9.356578835190051468e+05 5.334598067577689653e+05 5.701733284764804412e+05 8.068564064993467182e+05 1.488358440111732925e+05 -1.885341556855194722e+04 7.940463420807266084e+04 -4.603687152014007792e+06 3.884580436446578708e+06 1.034488773924733512e+06 1.292238517919436097e+06 1.798603672383950325e+06 4.163482260576252360e+06 4.774456820375092211e+05 1.150476704880923964e+06 7.094832481480520219e+05
3.107814374867456034e+06 -1.063474328387959162e+06 -4.916410405673966743e+05 -1.757506957047643664e+05 2.131528346657687507e+05 1.852026943462516647e+05 2.852812855066026677e+05 3.117540594553623123e+03 -5.622950615023871796e+04 3.595001805347370100e+05 5.910724401642993325e+05 1.335801624003415694e+06 1.054588935411032289e+05 3.546243837737169815e+05 4.774456820375092211e+05 2.378922985263696872e+06 1.975354017281862616e+05 1.267927605281353754e+05
-3.424712309975237586e+05 3.943174187947139726e+05 -2.780775906786302803e+05 -7.839865061174593575e+04 4.271365610644703847e+05 2.632292796385403490e+05 -1.322030427463971682e+04 -1.534469699204603967e+04 -5.851351950306996878e+04 -3.129076697891260497e+06 4.612761311775044305e+05 -1.405624061424591579e+06 -1.278636778938529897e+05 3.778377533424249850e+05 1.150476704880923964e+06 1.975354017281862616e+05 1.082746670444953023e+06 2.848077439780937857e+05
1.418511566977913491e+06 4.454073351888690377e+05 1.624078363520104904e+05 2.450689389946305018e+05 2.020443238352145127e+05 2.030023819961697445e+05 7.854793752418887743e+04 1.307775908971764875e+05 5.540200925194295996e+04 -3.219407871701145996e+04 5.921358920748883247e+04 4.628847560678173322e+05 5.564581269037460443e+05 7.431769657725144643e+05 7.094832481480520219e+05 1.267927605281353754e+05 2.848077439780937857e+05 6.852713596880265977e+05
