3.937300478921087086e+07 2.479741811113957316e+06 1.628727512215056457e+06 1.238183463930030819e+06 5.878897109823733335e+05 1.116890244083325379e+06 -3.307174952487875707e+05 7.575439459267944330e+05 6.756238540507386206e+05 1.027688835650254227e+07 2.801972774013718008e+05 -1.854560340464613400e+05 3.845073876595759299e+06 3.093893023245909251e+06 -1.137419744948238513e+05 6.866825613831409719e+05 3.391293865213671816e+05 2.922854372647918295e+06
2.479741811113957316e+06 9.542934372469609603e+06 1.277726795137241948e+06 -3.140111071730617914e+04 5.721346110462156357e+05 1.342277955041081295e+05 8.933768594361894066e+04 1.327049057055403537e+05 2.929790103676917497e+05 -6.851467870887518860e+06 5.486308961305000819e+06 -2.072233728728694376e+06 -7.173690720373953227e+05 1.539281081539521459e+06 3.704886232361793373e+04 7.827778678395156749e+04 7.313107995105979498e+05 6.376762994113574969e+05
1.628727512215056457e+06 1.277726795137241948e+06 4.328312092607408762e+06 1.064384358045541216e+06 2.955822444907968747e+05 1.068253639806592546e+05 -1.568562020969690930e+05 2.291601005892062385e+05 1.034909818385600520e+05 2.055214019542007940e+06 2.599217831181566231e+06 3.777168726905560121e+06 3.758411508873056737e+05 2.313956210904132749e+05 2.448705120472295384e+05 5.075926865617161966e+05 -4.112720089774584048e+05 4.093084877971489732e+03
1.238183463930030819e+06 -3.140111071730617914e+04 1.064384358045541216e+06 1.591091919399248203e+06 4.209343151083243429e+05 -3.084910126320234212e+03 -1.295648154295974673e+05 -5.116563070537009480e+04 -1.147862480787620188e+04 4.422222557754371315e+06 4.096532996085594874e+06 3.649065610467842780e+06 8.705100858850874938e+05 3.715806008535657311e+05 3.655207665315850172e+05 2.115264436369765026e+05 -1.376013115531462827e+05 -2.099244448547291540e+04
5.878897109823733335e+05 5.721346110462156357e+05 2.955822444907968747e+05 4.209343151083243429e+05 7.600676231380993268e+05 1.173345928516193089e+05 5.943401303717905830e+04 2.101751529943427522e+04 6.617559391130763106e+04 3.159012330531723332e+06 1.021648463862893521e+06 2.065426027801742603e+05 1.752231985569525277e+05 9.057899781276129943e+04 5.703268011201004992e+04 2.442754953133847739e+05 3.849676666749986180e+04 -8.108260029142722487e+04
1.116890244083325379e+06 1.342277955041081295e+05 1.068253639806592546e+05 -3.084910126320234212e+03 1.173345928516193089e+05 5.778077681613058085e+05 1.297960290632098622e+05 6.727844896122290811e+04 3.315725079910007480e+04 1.576087481069715694e+06 -1.335832750500511844e+06 -1.881155453979168669e+04 6.944980469492101111e+05 8.956371200553165982e+05 6.540115412052359898e+05 4.743957891908811871e+05 1.777449572596482758e+05 4.790178051915400829e+03
-3.307174952487875707e+05 8.933768594361894066e+04 -1.568562020969690930e+05 -1.295648154295974673e+05 5.943401303717905830e+04 1.297960290632098622e+05 2.799486726756343851e+05 1.568158840795432479e+04 9.451295683692111197e+03 -6.268482126138719032e+05 -1.923478739922270412e+06 -9.250250997474793112e+05 -3.449368577916423237e+04 1.162195403422176314e+05 -1.130501625165712758e+05 1.040786673924926436e+05 -1.088397752060336279e+04 -1.260863959388468502e+05
7.575439459267944330e+05 1.327049057055403537e+05 2.291601005892062385e+05 -5.116563070537009480e+04 2.101751529943427522e+04 6.727844896122290811e+04 1.568158840795432479e+04 1.563810273402471212e+05 2.500906578213402463e+04 6.810625694911830360e+05 -1.523876412603957811e+06 -8.918400820490525803e+05 -1.247609567703739012e+05 2.457805372958646331e+05 5.570816672713855223e+04 -4.371089175024188444e+04 -3.483256462091742287e+04 -1.671171461899530186e+04
6.756238540507386206e+05 2.929790103676917497e+05 1.034909818385600520e+05 -1.147862480787620188e+04 6.617559391130763106e+04 3.315725079910007480e+04 9.451295683692111197e+03 2.500906578213402463e+04 1.159086375266444957e+05 -5.922093455417648656e+05 9.683996775965749111e+04 -5.441941775296209380e+05 -1.223080883228011080e+05 -5.187874727548530063e+04 -3.349374484070311155e+03 -4.837530240025772218e+04 -8.775380411084472144e+04 -2.603388040462019717e+02
1.027688835650254227e+07 -6.851467870887518860e+06 2.055214019542007940e+06 4.422222557754371315e+06 3.159012330531723332e+06 1.576087481069715694e+06 -6.268482126138719032e+05 6.810625694911830360e+05 -5.922093455417648656e+05 2.745753994629399776e+08 -2.018467836233643442e+07 -1.019652612473523431e+07 1.827269183062922582e+07 1.393704511349856853e+07 5.400330974086669274e+06 3.940306660307016224e+06 2.035264201339284424e+06 2.512760557666191831e+06
2.801972774013718008e+05 5.486308961305000819e+06 2.599217831181566231e+06 4.096532996085594874e+06 1.021648463862893521e+06 -1.335832750500511844e+06 -1.923478739922270412e+06 -1.523876412603957811e+06 9.683996775965749111e+04 -2.018467836233643442e+07 7.081715118608988822e+07 2.210978039825626835e+07 2.825296032535030041e+06 -2.759777723247606773e+06 -8.711445883801846066e+05 -2.358824011381594173e+05 3.809100241855127970e+05 1.306899076581856003e+06
-1.854560340464613400e+05 -2.072233728728694376e+06 3.777168726905560121e+06 3.649065610467842780e+06 2.065426027801742603e+05 -1.881155453979168669e+04 -9.250250997474793112e+05 -8.918400820490525803e+05 -5.441941775296209380e+05 -1.019652612473523431e+07 2.210978039825626835e+07 4.062535885193031281e+07 8.374980124240029603e+06 2.236723966549924575e+06 1.635333025135514559e+06 2.281493392041552812e+06 7.929382675027649384e+05 9.925684720366054680e+05
3.845073876595759299e+06 -7.173690720373953227e+05 3.758411508873056737e+05 8.705100858850874938e+05 1.752231985569525277e+05 6.944980469492101111e+05 -3.449368577916423237e+04 -1.247609567703739012e+05 -1.223080883228011080e+05 1.827269183062922582e+07 2.825296032535030041e+06 8.374980124240029603e+06 7.202262033820993267e+06 3.357467644823336508e+06 9.524009717910580803e+05 7.371150547346301610e+05 9.446803563117171871e+05 6.414716147287363419e+05
3.093893023245909251e+06 1.539281081539521459e+06 2.313956210904132749e+05 3.715806008535657311e+05 9.057899781276129943e+04 8.956371200553165982e+05 1.162195403422176314e+05 2.457805372958646331e+05 -5.187874727548530063e+04 1.393704511349856853e+07 -2.759777723247606773e+06 2.236723966549924575e+06 3.357467644823336508e+06 4.667790270411150530e+06 5.861631578065886861e+05 9.762151010695246514e+05 1.040179801906334935e+06 4.688705420909388340e+05
-1.137419744948238513e+05 3.704886232361793373e+04 2.448705120472295384e+05 3.655207665315850172e+05 5.703268011201004992e+04 6.540115412052359898e+05 -1.130501625165712758e+05 5.570816672713855223e+04 -3.349374484070311155e+03 5.400330974086669274e+06 -8.711445883801846066e+05 1.635333025135514559e+06 9.524009717910580803e+05 5.861631578065886861e+05 3.626430383743656334e+06 1.435946826059466461e+06 2.439146655157081841e+05 3.151485088450206094e+05
6.866825613831409719e+05 7.827778678395156749e+04 5.075926865617161966e+05 2.115264436369765026e+05 2.442754953133847739e+05 4.743957891908811871e+05 1.040786673924926436e+05 -4.371089175024188444e+04 -4.837530240025772218e+04 3.940306660307016224e+06 -2.358824011381594173e+05 2.281493392041552812e+06 7.371150547346301610e+05 9.762151010695246514e+05 1.435946826059466461e+06 1.931509567310823360e+06 5.126052057809028774e+05 3.087428689924515202e+05
3.391293865213671816e+05 7.313107995105979498e+05 -4.112720089774584048e+05 -1.376013115531462827e+05 3.849676666749986180e+04 1.777449572596482758e+05 -1.088397752060336279e+04 -3.483256462091742287e+04 -8.775380411084472144e+04 2.035264201339284424e+06 3.809100241855127970e+05 7.929382675027649384e+05 9.446803563117171871e+05 1.040179801906334935e+06 2.439146655157081841e+05 5.126052057809028774e+05 7.077323347567889141e+05 3.138877555778255337e+05
2.922854372647918295e+06 6.376762994113574969e+05 4.093084877971489732e+03 -2.099244448547291540e+04 -8.108260029142722487e+04 4.790178051915400829e+03 -1.260863959388468502e+05 -1.671171461899530186e+04 -2.603388040462019717e+02 2.512760557666191831e+06 1.306899076581856003e+06 9.925684720366054680e+05 6.414716147287363419e+05 4.688705420909388340e+05 3.151485088450206094e+05 3.087428689924515202e+05 3.138877555778255337e+05 6.757632167424431536e+05
