4.696685192942442745e+07 1.113728233155893534e+07 1.260367415761788376e+06 6.412171284243779955e+05 -1.689543190879320260e+06 -1.319859760029883473e+05 1.198948420700220158e+06 5.352596545988997677e+05 4.175140401257654303e+05 4.230173552554766089e+07 3.591360752235502936e+06 -9.395617184136237949e+06 -2.460785629720575642e+06 -7.471948396051143296e+06 -8.518172194139895728e+05 -1.042583584103500936e+06 -1.658301592449459422e+05 4.248068415417391807e+05
1.113728233155893534e+07 2.240043488295590505e+07 5.841476190178983961e+04 4.492900432046923088e+05 1.989959818556013051e+06 4.645092080440783757e+05 4.465306221274738782e+05 1.229630951362486812e+05 1.962156179854191578e+04 2.002147376949712634e+07 1.201532849574435689e+07 4.173775822119171498e+05 -2.587498681012862362e+06 -2.811866997413520236e+06 -1.263854993655412691e+06 2.797794127371578943e+05 4.557548820023244480e+05 3.030615878100682748e+05
1.260367415761788376e+06 5.841476190178983961e+04 3.787327990155425388e+06 5.748947965224302607e+05 -3.362439063336787513e+05 -5.176696415845678421e+05 2.680287862692365889e+05 3.229710993349222117e+05 1.494599012928346347e+05 -7.152505979180730879e+06 7.741795768080698326e+05 5.372356992643392878e+05 -2.671336914074292872e+05 -2.024424945008548093e+05 7.308828041140508140e+05 -4.109054664109656005e+04 7.688197741348158161e+04 4.777727024105406599e+04
6.412171284243779955e+05 4.492900432046923088e+05 5.748947965224302607e+05 2.165435562124471646e+06 3.835477084592399769e+05 -2.926449944532549707e+05 4.503471164550931426e+05 1.949652275047724252e+05 8.540414506899658591e+04 -7.904706701181938872e+06 -1.161717752700335812e+06 -2.079583701205080724e+05 1.454039268685682211e+06 1.307888909846409922e+06 1.736275027079262363e+05 3.984407019348797039e+05 -2.595816312402435578e+05 1.082467808738518215e+05
-1.689543190879320260e+06 1.989959818556013051e+06 -3.362439063336787513e+05 3.835477084592399769e+05 1.281260478906636592e+06 3.152884815093362122e+05 1.331363344824028900e+05 -3.893154072871896642e+04 -1.634282219838819219e+04 -3.868774350415606517e+06 -1.218629617245263071e+05 6.735830699148812564e+05 -6.284315755709368968e+05 7.765056079299552366e+05 4.956435192532382207e+05 4.522725103165980545e+05 -6.817596330576963373e+04 -1.126612972041355169e+04
-1.319859760029883473e+05 4.645092080440783757e+05 -5.176696415845678421e+05 -2.926449944532549707e+05 3.152884815093362122e+05 8.120996142416218063e+05 1.397212707250849635e+05 -7.719996630480051681e+04 1.285128092952635052e+05 -1.206845108098703669e+06 7.720564758800718118e+04 1.177486389964203816e+06 -9.612760909932557843e+04 -1.182198041014717455e+05 6.996415777941741981e+05 3.087426793083730736e+05 -1.857020260851899138e+03 1.135287552292544206e+04
1.198948420700220158e+06 4.465306221274738782e+05 2.680287862692365889e+05 4.503471164550931426e+05 1.331363344824028900e+05 1.397212707250849635e+05 3.794659435322762583e+05 2.722857799222506583e+04 1.171865291211324511e+05 -1.334941218471832573e+06 2.493328837037923222e+05 -4.447179563785294886e+05 4.475082428131047054e+05 4.097463919942284701e+05 2.713069129195975256e+05 2.121542699385624146e+05 2.350888189542374312e+04 2.421487666787507478e+05
5.352596545988997677e+05 1.229630951362486812e+05 3.229710993349222117e+05 1.949652275047724252e+05 -3.893154072871896642e+04 -7.719996630480051681e+04 2.722857799222506583e+04 1.636089270244976506e+05 2.558834230024118733e+04 2.500196795797006343e+05 -4.761895287720574997e+05 1.742730377298691019e+05 5.987134263529174495e+05 -1.921836726276723202e+05 2.594259814989513325e+04 1.041832540651159361e+05 1.223519620254252550e+04 4.835177743214666407e+04
4.175140401257654303e+05 1.962156179854191578e+04 1.494599012928346347e+05 8.540414506899658591e+04 -1.634282219838819219e+04 1.285128092952635052e+05 1.171865291211324511e+05 2.558834230024118733e+04 1.810433242580553633e+05 -1.082980708617035300e+06 7.654572874226891145e+04 2.493204946006963146e+05 6.249533973451615311e+05 -6.982548546582530253e+04 1.022909840130837838e+05 5.961813062858124795e+03 -3.435615391769004873e+03 1.567135863743406953e+05
4.230173552554766089e+07 2.002147376949712634e+07 -7.152505979180730879e+06 -7.904706701181938872e+06 -3.868774350415606517e+06 -1.206845108098703669e+06 -1.334941218471832573e+06 2.500196795797006343e+05 -1.082980708617035300e+06 2.689015140888692141e+08 2.378325956284754351e+07 -5.148764887479839846e+06 2.959491920177250635e+06 -6.576195560896445066e+06 -1.488987839975521667e+06 -8.828082098254177254e+05 2.213761749307402875e+06 3.612049743894652929e+05
3.591360752235502936e+06 1.201532849574435689e+07 7.741795768080698326e+05 -1.161717752700335812e+06 -1.218629617245263071e+05 7.720564758800718118e+04 2.493328837037923222e+05 -4.761895287720574997e+05 7.654572874226891145e+04 2.378325956284754351e+07 4.822532957884471864e+07 8.068615631738100201e+06 -3.588102956006212044e+05 1.511858845647832844e+06 2.243784274045689963e+06 7.989097067042248091e+05 7.578893722437705146e+05 5.519290005703259958e+05
-9.395617184136237949e+06 4.173775822119171498e+05 5.372356992643392878e+05 -2.079583701205080724e+05 6.735830699148812564e+05 1.177486389964203816e+06 -4.447179563785294886e+05 1.742730377298691019e+05 2.493204946006963146e+05 -5.148764887479839846e+06 8.068615631738100201e+06 2.295483971990910545e+07 3.195557166376837529e+06 4.227587533073635772e+06 4.179391153326358180e+06 8.406515353360660374e+05 -5.500062051659511635e+05 -7.245270509574421449e+05
-2.460785629720575642e+06 -2.587498681012862362e+06 -2.671336914074292872e+05 1.454039268685682211e+06 -6.284315755709368968e+05 -9.612760909932557843e+04 4.475082428131047054e+05 5.987134263529174495e+05 6.249533973451615311e+05 2.959491920177250635e+06 -3.588102956006212044e+05 3.195557166376837529e+06 1.478110373857505806e+07 4.575531091152217239e+06 1.788748083145327691e+05 -3.451971122752371593e+05 4.579065786548516917e+04 6.835448338328218088e+05
-7.471948396051143296e+06 -2.811866997413520236e+06 -2.024424945008548093e+05 1.307888909846409922e+06 7.765056079299552366e+05 -1.182198041014717455e+05 4.097463919942284701e+05 -1.921836726276723202e+05 -6.982548546582530253e+04 -6.576195560896445066e+06 1.511858845647832844e+06 4.227587533073635772e+06 4.575531091152217239e+06 9.833587790524149314e+06 1.641356103570770472e+06 9.168614015014412580e+05 -5.063454777919763583e+05 -4.783474624593040789e+05
-8.518172194139895728e+05 -1.263854993655412691e+06 7.308828041140508140e+05 1.736275027079262363e+05 4.956435192532382207e+05 6.996415777941741981e+05 2.713069129195975256e+05 2.594259814989513325e+04 1.022909840130837838e+05 -1.488987839975521667e+06 2.243784274045689963e+06 4.179391153326358180e+06 1.788748083145327691e+05 1.641356103570770472e+06 3.052391436291156802e+06 5.230571995398345753e+05 -1.746962420231744181e+05 4.235865242674482579e+04
-1.042583584103500936e+06 2.797794127371578943e+05 -4.109054664109656005e+04 3.984407019348797039e+05 4.522725103165980545e+05 3.087426793083730736e+05 2.121542699385624146e+05 1.041832540651159361e+05 5.961813062858124795e+03 -8.828082098254177254e+05 7.989097067042248091e+05 8.406515353360660374e+05 -3.451971122752371593e+05 9.168614015014412580e+05 5.230571995398345753e+05 1.667354530661402270e+06 4.491721221962675918e+04 6.576842570937151322e+04
-1.658301592449459422e+05 4.557548820023244480e+05 7.688197741348158161e+04 -2.595816312402435578e+05 -6.817596330576963373e+04 -1.857020260851899138e+03 2.350888189542374312e+04 1.223519620254252550e+04 -3.435615391769004873e+03 2.213761749307402875e+06 7.578893722437705146e+05 -5.500062051659511635e+05 4.579065786548516917e+04 -5.063454777919763583e+05 -1.746962420231744181e+05 4.491721221962675918e+04 5.546119196412961464e+05 2.746663250056575635e+05
4.248068415417391807e+05 3.030615878100682748e+05 4.777727024105406599e+04 1.082467808738518215e+05 -1.126612972041355169e+04 1.135287552292544206e+04 2.421487666787507478e+05 4.835177743214666407e+04 1.567135863743406953e+05 3.612049743894652929e+05 5.519290005703259958e+05 -7.245270509574421449e+05 6.835448338328218088e+05 -4.783474624593040789e+05 4.235865242674482579e+04 6.576842570937151322e+04 2.746663250056575635e+05 7.587213799962232588e+05
