4.662611961411856860e+07 3.400964058047540020e+06 -1.507962244973995490e+06 1.662081665693405317e+06 2.152858433147814125e+06 1.608552330439672514e+05 4.704875439088400453e+05 -1.131454567714066652e+05 4.419186765162238153e+05 -2.789464366861430928e+06 1.482897855482030660e+07 5.183347689506935887e+06 7.509709330096878111e+06 6.094974324056855403e+06 2.627345806424953975e+06 1.660379797489186749e+06 1.082056561702932464e+06 2.122911961551448912e+05
3.400964058047540020e+06 1.928431008944801614e+07 1.228225756644141395e+06 1.369131463507704437e+06 7.428056657807831652e+05 5.969714615818036254e+05 4.626901348364129080e+05 4.515005924488023738e+05 3.231192736868765787e+05 2.568295069673886895e+07 2.294400553733665496e+07 9.005747371702590957e+06 3.497899906569250859e+06 5.630076048064666102e+05 1.759447239601780602e+05 1.732405138114233734e+06 1.436998244508318370e+06 8.110138474062505411e+05
-1.507962244973995490e+06 1.228225756644141395e+06 4.732220740362458862e+06 3.354635124035954941e+05 1.591798045705408440e+05 2.709709149858794990e+05 -2.638985405289362534e+05 2.090931009397101589e+05 8.408378602835966740e+04 2.671280684417207725e+06 1.389809984953862382e+06 4.377529520835741423e+06 7.607184516200652579e+05 -3.433331866155145690e+05 -4.549843120151914773e+05 3.015275143838157965e+04 2.161930847154763760e+05 3.745505611115406500e+05
1.662081665693405317e+06 1.369131463507704437e+06 3.354635124035954941e+05 1.749827547277526930e+06 3.847690470568943419e+05 5.277669321656302782e+04 2.117543816302772611e+05 2.618848086682253925e+05 7.354881436669481627e+04 4.148964515503628645e+06 5.374494599131532013e+06 1.143943830560706090e+06 9.099716887807288731e+04 -4.311774375170716085e+05 -3.990262642705869512e+05 1.349038092456763552e+05 1.226210779625355062e+05 3.221939792948138711e+04
2.152858433147814125e+06 7.428056657807831652e+05 1.591798045705408440e+05 3.847690470568943419e+05 6.415060926324058091e+05 1.266809318079993245e+05 -3.898329795748535980e+04 -3.724133518834186361e+03 -3.173826639075154890e+04 3.128293675364926457e+06 2.099229346890452784e+06 1.338721256191006396e+06 8.644360630677557783e+05 5.653626951511061052e+05 2.892510032389569096e+05 4.853510618224253994e+04 1.177050981621555839e+05 -7.024282493435566721e+04
1.608552330439672514e+05 5.969714615818036254e+05 2.709709149858794990e+05 5.277669321656302782e+04 1.266809318079993245e+05 4.733144489036196610e+05 5.406012907267154515e+04 9.733129228700713429e+04 2.684676470671062998e+04 2.553379997590547893e+06 -5.032812488512683194e+05 3.167028272776813828e+05 -1.306466008704473643e+05 4.629993141386783464e+03 8.056748214377458498e+04 1.944289735978636600e+05 1.629146447794951928e+04 2.065287464634524949e+05
4.704875439088400453e+05 4.626901348364129080e+05 -2.638985405289362534e+05 2.117543816302772611e+05 -3.898329795748535980e+04 5.406012907267154515e+04 3.398944163465212914e+05 3.549783451699323632e+04 3.063369791735255785e+04 -5.296156358043922228e+04 -5.112259528921704623e+05 -2.280383601368306263e+05 2.942654072183078370e+03 -4.576907829855271848e+05 1.141024020535987947e+05 1.517284357041067851e+05 1.213796931105780968e+05 9.932711642972519621e+04
-1.131454567714066652e+05 4.515005924488023738e+05 2.090931009397101589e+05 2.618848086682253925e+05 -3.724133518834186361e+03 9.733129228700713429e+04 3.549783451699323632e+04 2.536908029783799720e+05 4.180820635022858187e+04 -6.103040282875329722e+05 7.231195185832415009e+05 2.314944264070304343e+05 5.788281223653208872e+04 -3.525694564504128357e+04 4.054350242246251582e+04 3.242991149444791372e+05 1.797466737321084074e+05 2.863660197927513309e+02
4.419186765162238153e+05 3.231192736868765787e+05 8.408378602835966740e+04 7.354881436669481627e+04 -3.173826639075154890e+04 2.684676470671062998e+04 3.063369791735255785e+04 4.180820635022858187e+04 8.106272792305568873e+04 9.284659458508392563e+05 -6.433226115006070904e+04 -8.106080732591470587e+04 -1.975048975697871938e+05 3.379547447335263769e+03 -6.373707290913036559e+03 1.605067230002589640e+05 4.217524613103089359e+04 6.474660918502657296e+04
-2.789464366861430928e+06 2.568295069673886895e+07 2.671280684417207725e+06 4.148964515503628645e+06 3.128293675364926457e+06 2.553379997590547893e+06 -5.296156358043922228e+04 -6.103040282875329722e+05 9.284659458508392563e+05 2.815615617829058170e+08 3.384243854625063390e+07 2.537606004979241639e+07 3.559989542824258562e+06 1.298173790363493934e+07 -1.837754269281890709e+06 -7.408796746342586121e+05 3.833117080162869301e+06 -4.368135763804046437e+05
1.482897855482030660e+07 2.294400553733665496e+07 1.389809984953862382e+06 5.374494599131532013e+06 2.099229346890452784e+06 -5.032812488512683194e+05 -5.112259528921704623e+05 7.231195185832415009e+05 -6.433226115006070904e+04 3.384243854625063390e+07 7.274842934581752121e+07 1.984702456837427989e+07 1.083255937315926887e+07 2.511964807273187675e+06 -1.134396038214914966e+06 4.697392372919645277e+05 6.810595407745674020e+05 -1.026861882144997129e+06
5.183347689506935887e+06 9.005747371702590957e+06 4.377529520835741423e+06 1.143943830560706090e+06 1.338721256191006396e+06 3.167028272776813828e+05 -2.280383601368306263e+05 2.314944264070304343e+05 -8.106080732591470587e+04 2.537606004979241639e+07 1.984702456837427989e+07 3.927902953004890680e+07 3.512709947511100210e+06 -2.625001528931969777e+06 1.058975840883088065e+06 1.490660630149730248e+06 5.875147941369764740e+05 -5.111554305581282824e+04
7.509709330096878111e+06 3.497899906569250859e+06 7.607184516200652579e+05 9.099716887807288731e+04 8.644360630677557783e+05 -1.306466008704473643e+05 2.942654072183078370e+03 5.788281223653208872e+04 -1.975048975697871938e+05 3.559989542824258562e+06 1.083255937315926887e+07 3.512709947511100210e+06 8.786240427509525791e+06 1.800102032137414441e+06 8.404033437089866493e+05 -1.158703517618500482e+05 7.483830726405931637e+05 -5.187676631096951314e+05
6.094974324056855403e+06 5.630076048064666102e+05 -3.433331866155145690e+05 -4.311774375170716085e+05 5.653626951511061052e+05 4.629993141386783464e+03 -4.576907829855271848e+05 -3.525694564504128357e+04 3.379547447335263769e+03 1.298173790363493934e+07 2.511964807273187675e+06 -2.625001528931969777e+06 1.800102032137414441e+06 6.360528215429725125e+06 5.432455341281178407e+05 2.442133188680795502e+04 1.050272192473015981e+06 -9.848988404532262939e+04
2.627345806424953975e+06 1.759447239601780602e+05 -4.549843120151914773e+05 -3.990262642705869512e+05 2.892510032389569096e+05 8.056748214377458498e+04 1.141024020535987947e+05 4.054350242246251582e+04 -6.373707290913036559e+03 -1.837754269281890709e+06 -1.134396038214914966e+06 1.058975840883088065e+06 8.404033437089866493e+05 5.432455341281178407e+05 2.097846338288020343e+06 5.808584500497988192e+05 1.407504465342405310e+05 -1.094278210952609079e+05
1.660379797489186749e+06 1.732405138114233734e+06 3.015275143838157965e+04 1.349038092456763552e+05 4.853510618224253994e+04 1.944289735978636600e+05 1.517284357041067851e+05 3.242991149444791372e+05 1.605067230002589640e+05 -7.408796746342586121e+05 4.697392372919645277e+05 1.490660630149730248e+06 -1.158703517618500482e+05 2.442133188680795502e+04 5.808584500497988192e+05 1.353581790507589001e+06 3.822030988575361553e+05 2.090582068035538541e+05
1.082056561702932464e+06 1.436998244508318370e+06 2.161930847154763760e+05 1.226210779625355062e+05 1.177050981621555839e+05 1.629146447794951928e+04 1.213796931105780968e+05 1.797466737321084074e+05 4.217524613103089359e+04 3.833117080162869301e+06 6.810595407745674020e+05 5.875147941369764740e+05 7.483830726405931637e+05 1.050272192473015981e+06 1.407504465342405310e+05 3.822030988575361553e+05 8.238957950129720848e+05 1.010210454051909328e+05
2.122911961551448912e+05 8.110138474062505411e+05 3.745505611115406500e+05 3.221939792948138711e+04 -7.024282493435566721e+04 2.065287464634524949e+05 9.932711642972519621e+04 2.863660197927513309e+02 6.474660918502657296e+04 -4.368135763804046437e+05 -1.026861882144997129e+06 -5.111554305581282824e+04 -5.187676631096951314e+05 -9.848988404532262939e+04 -1.094278210952609079e+05 2.090582068035538541e+05 1.010210454051909328e+05 5.215205610887577059e+05
