7.534263978556528687e+07 -2.271080554414312821e+06 -2.865921755003888626e+06 1.145318297572031850e+06 -1.519641453028111951e+06 1.769810418415703578e+06 -1.758723095177264477e+05 -1.943573499206081033e+05 -1.269839035508133704e+06 -1.938977860115034133e+07 6.163874989480677061e+06 -6.204695278386272490e+06 4.387385310911058448e+06 -3.170816163632094860e+06 -1.648583534683224978e+06 -3.675183377660059487e+05 1.477375924309090944e+06 4.142222538684327155e+05
-2.271080554414312821e+06 9.376068749572360888e+06 2.006001746140443953e+06 -6.137958664920955198e+04 5.197862588582872413e+05 1.120898292379769555e+05 1.906547033169181959e+05 -2.076027906930583704e+05 5.869336269907578389e+04 -1.098606478153694235e+07 2.365213488351775333e+06 -1.561253061431416543e+06 -4.182821564709593658e+05 1.976020876601057360e+06 -3.782577462811053265e+05 1.513727367701561889e+05 -3.682957793309378030e+04 -3.275386351206062827e+05
-2.865921755003888626e+06 2.006001746140443953e+06 7.229018657771188766e+06 1.131647361239394639e+06 6.779229826063028304e+05 4.607716115903961472e+05 2.366010368263160126e+04 -2.446265251131559489e+04 2.441350007362052856e+05 -9.850209316181859467e+05 -1.015058508356315200e+06 4.935027678786987439e+06 -1.066041981968580745e+06 5.593855877568034921e+05 2.991751104091822635e+05 -4.244200001877996256e+05 -5.604931901325350191e+04 -8.213504725536707556e+05
1.145318297572031850e+06 -6.137958664920955198e+04 1.131647361239394639e+06 2.488678778093822300e+06 2.742502745225600083e+05 2.296630522210216077e+04 -7.347964060302042344e+04 -5.561796441719264840e+04 5.072557498144806596e+04 -5.000265642166823149e+06 8.052478497623078292e+05 9.829587904868879123e+05 1.156637928341788007e+06 4.372827328216197784e+05 4.344184152043323847e+05 -3.013976000378472963e+05 -3.631382616842378629e+05 9.025474716648262984e+04
-1.519641453028111951e+06 5.197862588582872413e+05 6.779229826063028304e+05 2.742502745225600083e+05 7.046936349809247768e+05 1.928877563602285227e+04 9.237622159828321310e+04 -5.587041882389303646e+04 1.430148783392690821e+05 2.098571112312566489e+06 3.669058632942721597e+05 -1.501018788768348517e+06 -6.218670411347358022e+05 -2.041897830666453592e+04 1.279591773000226822e+05 -2.369728571392095182e+05 -9.982454098080054973e+04 -8.204562222385101222e+02
1.769810418415703578e+06 1.120898292379769555e+05 4.607716115903961472e+05 2.296630522210216077e+04 1.928877563602285227e+04 4.076842671210819972e+05 -2.255010927662449831e+04 -2.283951332399194871e+04 8.331178962185555292e+02 -8.724243955595967127e+05 8.854841870473166928e+05 3.871529141508094035e+05 8.491155172079285840e+05 9.239543695597689657e+04 1.248580535920059483e+05 1.017018470716004231e+05 3.933940308294174611e+05 1.145806041074706445e+05
-1.758723095177264477e+05 1.906547033169181959e+05 2.366010368263160126e+04 -7.347964060302042344e+04 9.237622159828321310e+04 -2.255010927662449831e+04 2.634094389854218462e+05 -2.772041073463623616e+04 -5.958692067443731503e+03 -6.672099318288420327e+05 -4.607463676501118462e+05 -3.801437156213151175e+05 -4.003745743664737674e+05 2.672499153622814920e+05 2.504953708724490207e+04 1.387148425916615524e+05 -1.544765316013662086e+05 -2.006234482609812694e+05
-1.943573499206081033e+05 -2.076027906930583704e+05 -2.446265251131559489e+04 -5.561796441719264840e+04 -5.587041882389303646e+04 -2.283951332399194871e+04 -2.772041073463623616e+04 1.357650182417003962e+05 2.982535140656247313e+04 -4.357827008908813004e+05 2.357774077881282428e+05 2.085857144668319088e+05 -4.553279281071621226e+05 -6.038640156876404217e+04 -7.505774543535256271e+03 -3.197073508220032090e+04 6.397740486380876973e+04 -1.180598030724062301e+04
-1.269839035508133704e+06 5.869336269907578389e+04 2.441350007362052856e+05 5.072557498144806596e+04 1.430148783392690821e+05 8.331178962185555292e+02 -5.958692067443731503e+03 2.982535140656247313e+04 1.433643510163883911e+05 5.293561458091954701e+05 -6.444740244026274886e+05 -2.156685849930641998e+05 -2.525566743257710768e+05 -1.247077517237080174e+05 -2.013191208394948044e+05 -1.734870697328742244e+05 4.119036366455357347e+04 1.171963061805156758e+05
-1.938977860115034133e+07 -1.098606478153694235e+07 -9.850209316181859467e+05 -5.000265642166823149e+06 2.098571112312566489e+06 -8.724243955595967127e+05 -6.672099318288420327e+05 -4.357827008908813004e+05 5.293561458091954701e+05 1.834824073125196695e+08 7.798286347708153538e+06 -2.422858924637468066e+06 -1.156301178817234933e+07 -1.126851442198903114e+07 -2.396492726465232205e+06 6.957769291244562482e+05 -1.149051606186461868e+06 5.035816304351624422e+04
6.163874989480677061e+06 2.365213488351775333e+06 -1.015058508356315200e+06 8.052478497623078292e+05 3.669058632942721597e+05 8.854841870473166928e+05 -4.607463676501118462e+05 2.357774077881282428e+05 -6.444740244026274886e+05 7.798286347708153538e+06 5.649363510192245245e+07 -2.422253579983350355e+06 2.989222461500080768e+06 3.504328022622838034e+05 1.296737346173552563e+06 -1.456588727159562521e+06 1.659636896205713041e+06 4.565487273755087517e+05
-6.204695278386272490e+06 -1.561253061431416543e+06 4.935027678786987439e+06 9.829587904868879123e+05 -1.501018788768348517e+06 3.871529141508094035e+05 -3.801437156213151175e+05 2.085857144668319088e+05 -2.156685849930641998e+05 -2.422858924637468066e+06 -2.422253579983350355e+06 2.489313207237028703e+07 2.141671415346933994e+06 -1.289619943123107310e+06 7.107592841901407810e+05 1.480195577738852007e+06 2.021694698455201578e+05 -5.093989932244640659e+05
4.387385310911058448e+06 -4.182821564709593658e+05 -1.066041981968580745e+06 1.156637928341788007e+06 -6.218670411347358022e+05 8.491155172079285840e+05 -4.003745743664737674e+05 -4.553279281071621226e+05 -2.525566743257710768e+05 -1.156301178817234933e+07 2.989222461500080768e+06 2.141671415346933994e+06 1.323489352321892604e+07 3.419834249667817261e+06 -1.384688667970587732e+06 4.045787181312125176e+05 1.471915218206072459e+06 1.082148031091584824e+06
-3.170816163632094860e+06 1.976020876601057360e+06 5.593855877568034921e+05 4.372827328216197784e+05 -2.041897830666453592e+04 9.239543695597689657e+04 2.672499153622814920e+05 -6.038640156876404217e+04 -1.247077517237080174e+05 -1.126851442198903114e+07 3.504328022622838034e+05 -1.289619943123107310e+06 3.419834249667817261e+06 6.019304856449010782e+06 -7.478232938471720554e+05 4.512255928727600258e+05 5.458112686763862439e+04 -3.015043882342306315e+05
-1.648583534683224978e+06 -3.782577462811053265e+05 2.991751104091822635e+05 4.344184152043323847e+05 1.279591773000226822e+05 1.248580535920059483e+05 2.504953708724490207e+04 -7.505774543535256271e+03 -2.013191208394948044e+05 -2.396492726465232205e+06 1.296737346173552563e+06 7.107592841901407810e+05 -1.384688667970587732e+06 -7.478232938471720554e+05 2.580641410088087898e+06 -5.079563017129497894e+04 -6.844918737373231852e+04 -4.575676092997109517e+05
-3.675183377660059487e+05 1.513727367701561889e+05 -4.244200001877996256e+05 -3.013976000378472963e+05 -2.369728571392095182e+05 1.017018470716004231e+05 1.387148425916615524e+05 -3.197073508220032090e+04 -1.734870697328742244e+05 6.957769291244562482e+05 -1.456588727159562521e+06 1.480195577738852007e+06 4.045787181312125176e+05 4.512255928727600258e+05 -5.079563017129497894e+04 1.575645863758582389e+06 -7.849435543901829806e+04 -6.163688281398840627e+04
1.477375924309090944e+06 -3.682957793309378030e+04 -5.604931901325350191e+04 -3.631382616842378629e+05 -9.982454098080054973e+04 3.933940308294174611e+05 -1.544765316013662086e+05 6.397740486380876973e+04 4.119036366455357347e+04 -1.149051606186461868e+06 1.659636896205713041e+06 2.021694698455201578e+05 1.471915218206072459e+06 5.458112686763862439e+04 -6.844918737373231852e+04 -7.849435543901829806e+04 1.017259252271411591e+06 2.293441428302746790e+05
4.142222538684327155e+05 -3.275386351206062827e+05 -8.213504725536707556e+05 9.025474716648262984e+04 -8.204562222385101222e+02 1.145806041074706445e+05 -2.006234482609812694e+05 -1.180598030724062301e+04 1.171963061805156758e+05 5.035816304351624422e+04 4.565487273755087517e+05 -5.093989932244640659e+05 1.082148031091584824e+06 -3.015043882342306315e+05 -4.575676092997109517e+05 -6.163688281398840627e+04 2.293441428302746790e+05 8.942864041286129504e+05
