7.128287965311455727e+07 1.552179589362457208e+07 1.653608969333492452e+06 3.607724603244183119e+06 1.335649294240958057e+06 -1.358349865785603179e+06 3.019698708221534616e+05 -4.405156010019655223e+05 2.616979745406081202e+05 3.826256538365230896e+06 2.761953825810729340e+07 -1.937393251429781551e+06 8.061864813132936833e+05 -7.443719962015913334e+05 -4.878246860230454244e+06 8.852223705169870518e+05 7.236043100658952026e+05 -7.621133284947822103e+05
1.552179589362457208e+07 1.719453549834001064e+07 2.763170793483798392e+06 1.779088245967240073e+06 2.230754614684646484e+06 9.629528768445175956e+04 7.700186794882062823e+05 2.108266229271627672e+05 3.104712348654184025e+05 -4.726084794211107306e+06 2.059834775990560651e+07 4.783841747770676389e+06 2.702672011852806434e+06 1.454620444916685810e+06 4.484635538662751787e+05 2.406492005415392108e+06 1.322940255736702122e+06 -3.311382800527053187e+05
1.653608969333492452e+06 2.763170793483798392e+06 3.549659761979328468e+06 6.191310983386593871e+05 1.119849451790572144e+06 4.027142748712805042e+04 5.862688073153215228e+05 -1.773014307316935156e+05 3.476531560320577228e+03 2.871892691032139555e+04 8.444346197308445349e+06 3.265142025982615072e+06 2.261206130643163342e+06 1.084912433399448171e+06 6.949061728461129824e+05 7.153216952841833699e+05 7.189235405562155647e+05 1.818296340078018256e+05
3.607724603244183119e+06 1.779088245967240073e+06 6.191310983386593871e+05 1.967231956756884698e+06 6.378262697999377269e+05 9.125436849345473092e+03 2.014654153672972170e+05 -1.728065139112953912e+05 -1.248493788122656042e+04 -3.543889487922881264e+06 3.889171982740189414e+06 1.071650052981086075e+06 -2.125603453748172324e+05 7.662091698062232463e+05 2.002264119766719523e+04 6.604454841302483110e+05 2.434332629564221425e+05 2.253488545261537074e+05
1.335649294240958057e+06 2.230754614684646484e+06 1.119849451790572144e+06 6.378262697999377269e+05 1.338495655756548047e+06 1.186536579041660298e+04 1.041144432962123974e+05 -8.478591221093574131e+04 -9.138266199525649427e+04 8.131930569205568172e+05 2.648188064085670747e+06 -5.543370308069494786e+05 1.242465549518359825e+06 1.241462803715788061e+06 -3.742378753149407567e+04 2.537837087758838024e+05 -9.641474861145399336e+04 -9.083243324764441059e+04
-1.358349865785603179e+06 9.629528768445175956e+04 4.027142748712805042e+04 9.125436849345473092e+03 1.186536579041660298e+04 2.794278240279477322e+05 -2.520219093204768797e+04 1.001840799111988963e+04 3.989568521398221947e+03 7.524695350187706063e+05 -2.371195754920251202e+06 5.703587900410541333e+05 2.052723544418370293e+05 7.579196664314101508e+04 6.799064814521161607e+05 1.683695651088578743e+05 8.182486322992765054e+04 -6.299500767008513503e+04
3.019698708221534616e+05 7.700186794882062823e+05 5.862688073153215228e+05 2.014654153672972170e+05 1.041144432962123974e+05 -2.520219093204768797e+04 4.929713248363657040e+05 4.781992540602914232e+04 3.795089674621207814e+04 -2.979277778536038008e+06 2.928373572606842034e+06 9.975503218490415020e+05 -3.891903184069909039e+05 -9.090747719491724274e+04 3.508360605555837392e+05 4.057151287573533482e+05 3.045766468497457681e+05 7.000394140174561471e+04
-4.405156010019655223e+05 2.108266229271627672e+05 -1.773014307316935156e+05 -1.728065139112953912e+05 -8.478591221093574131e+04 1.001840799111988963e+04 4.781992540602914232e+04 1.883034900004289520e+05 5.712213918207548704e+04 -3.596875849800079130e+06 -8.743970842075599357e+05 1.121838392477663438e+05 4.665425442492944421e+04 8.828715843546749966e+04 1.405609074908120674e+05 7.608572082253670669e+04 1.064276418009797490e+05 -4.727880870200385107e+04
2.616979745406081202e+05 3.104712348654184025e+05 3.476531560320577228e+03 -1.248493788122656042e+04 -9.138266199525649427e+04 3.989568521398221947e+03 3.795089674621207814e+04 5.712213918207548704e+04 1.431781334043366078e+05 6.809793366756155156e+05 1.784908642015667632e+06 3.190133759216889157e+05 1.845304338775572833e+05 -3.944607733971217531e+05 -7.749406739707040833e+04 -5.453308193976061011e+04 1.580729248128456238e+05 8.436436654749466106e+04
3.826256538365230896e+06 -4.726084794211107306e+06 2.871892691032139555e+04 -3.543889487922881264e+06 8.131930569205568172e+05 7.524695350187706063e+05 -2.979277778536038008e+06 -3.596875849800079130e+06 6.809793366756155156e+05 3.314004342715775967e+08 6.788282188309188187e+07 9.767988042292581871e+06 1.160444272208246030e+07 -1.259218681183056906e+07 -7.333560124457304366e+06 -2.610842369068385568e+06 -1.836025338194459677e+06 8.023306178505507996e+05
2.761953825810729340e+07 2.059834775990560651e+07 8.444346197308445349e+06 3.889171982740189414e+06 2.648188064085670747e+06 -2.371195754920251202e+06 2.928373572606842034e+06 -8.743970842075599357e+05 1.784908642015667632e+06 6.788282188309188187e+07 1.504874961849808097e+08 1.926318929739075899e+07 4.626568077507360838e+06 -4.745054868510548025e+06 -6.886224700537653640e+06 2.251320689626742620e+06 4.297357347495712340e+06 1.572978540135364514e+06
-1.937393251429781551e+06 4.783841747770676389e+06 3.265142025982615072e+06 1.071650052981086075e+06 -5.543370308069494786e+05 5.703587900410541333e+05 9.975503218490415020e+05 1.121838392477663438e+05 3.190133759216889157e+05 9.767988042292581871e+06 1.926318929739075899e+07 3.623847727022013068e+07 3.888167617589054164e+06 8.383852883203150705e+05 2.661114280541377142e+06 2.750579131184202153e+06 4.142881451791170402e+05 -5.832476122081454378e+05
8.061864813132936833e+05 2.702672011852806434e+06 2.261206130643163342e+06 -2.125603453748172324e+05 1.242465549518359825e+06 2.052723544418370293e+05 -3.891903184069909039e+05 4.665425442492944421e+04 1.845304338775572833e+05 1.160444272208246030e+07 4.626568077507360838e+06 3.888167617589054164e+06 9.105717225263655186e+06 8.134659605426011840e+05 -5.428706664449742530e+05 8.054576132497865183e+04 -5.590390129610796430e+04 -4.716170333844986744e+05
-7.443719962015913334e+05 1.454620444916685810e+06 1.084912433399448171e+06 7.662091698062232463e+05 1.241462803715788061e+06 7.579196664314101508e+04 -9.090747719491724274e+04 8.828715843546749966e+04 -3.944607733971217531e+05 -1.259218681183056906e+07 -4.745054868510548025e+06 8.383852883203150705e+05 8.134659605426011840e+05 4.920433049584303983e+06 1.104460461650960846e+06 7.709241639440322760e+05 1.319907559874145081e+05 -6.610362777732292889e+05
-4.878246860230454244e+06 4.484635538662751787e+05 6.949061728461129824e+05 2.002264119766719523e+04 -3.742378753149407567e+04 6.799064814521161607e+05 3.508360605555837392e+05 1.405609074908120674e+05 -7.749406739707040833e+04 -7.333560124457304366e+06 -6.886224700537653640e+06 2.661114280541377142e+06 -5.428706664449742530e+05 1.104460461650960846e+06 3.627559356946725398e+06 6.976724020148429554e+05 6.496839411589471856e+05 -1.089417051050809096e+05
8.852223705169870518e+05 2.406492005415392108e+06 7.153216952841833699e+05 6.604454841302483110e+05 2.537837087758838024e+05 1.683695651088578743e+05 4.057151287573533482e+05 7.608572082253670669e+04 -5.453308193976061011e+04 -2.610842369068385568e+06 2.251320689626742620e+06 2.750579131184202153e+06 8.054576132497865183e+04 7.709241639440322760e+05 6.976724020148429554e+05 2.292968944025172852e+06 7.925837462708400562e+05 2.532572865388358478e+05
7.236043100658952026e+05 1.322940255736702122e+06 7.189235405562155647e+05 2.434332629564221425e+05 -9.641474861145399336e+04 8.182486322992765054e+04 3.045766468497457681e+05 1.064276418009797490e+05 1.580729248128456238e+05 -1.836025338194459677e+06 4.297357347495712340e+06 4.142881451791170402e+05 -5.590390129610796430e+04 1.319907559874145081e+05 6.496839411589471856e+05 7.925837462708400562e+05 1.193962232075243490e+06 1.926806399385324621e+05
-7.621133284947822103e+05 -3.311382800527053187e+05 1.818296340078018256e+05 2.253488545261537074e+05 -9.083243324764441059e+04 -6.299500767008513503e+04 7.000394140174561471e+04 -4.727880870200385107e+04 8.436436654749466106e+04 8.023306178505507996e+05 1.572978540135364514e+06 -5.832476122081454378e+05 -4.716170333844986744e+05 -6.610362777732292889e+05 -1.089417051050809096e+05 2.532572865388358478e+05 1.926806399385324621e+05 6.375965104683069512e+05
