5.754203238275401294e+07 1.092367877222047932e+07 5.097642627951233648e+06 6.797893298038528301e+05 2.395088178835716564e+06 1.492534281682590372e+05 6.023798195060663857e+05 -7.606342626769570634e+05 -2.046805013870153343e+05 -9.357011003370283172e+06 1.392260058009738103e+07 -1.682702680898932973e+06 -2.059583150419253157e+06 2.550242745605603326e+06 -2.583772618246087339e+06 -1.344702103062371025e+06 6.593327643445356807e+04 6.815856581275773933e+05
1.092367877222047932e+07 1.141196849954119325e+07 1.397616819165492663e+06 1.118732659233662998e+06 1.368639919133968418e+06 2.398391812780647888e+05 3.622132958262043394e+04 -2.170922504945350229e+05 -2.182875922659428907e+05 -6.659911015734444372e+05 6.015057117818716913e+06 1.782433446146048082e+05 -1.259519642026316375e+06 2.804605744681755081e+06 -1.756441238554116338e+06 -1.072551877513231448e+05 -1.363531768800539139e+05 5.175008128043314791e+05
5.097642627951233648e+06 1.397616819165492663e+06 6.322675988025961444e+06 6.650898454437179316e+04 8.100860221068769461e+05 -4.417135070476270630e+05 2.443128419243812968e+05 -6.233438134606686071e+04 -1.464594862448668282e+05 -3.979752304162155837e+06 -4.499568121263629757e+06 2.295626352205575909e+06 -1.044643549717705115e+06 -1.031499905620006262e+06 -1.200203572361814091e+06 -1.428635423431858420e+06 -1.147329021222234471e+06 3.118343130694402498e+05
6.797893298038528301e+05 1.118732659233662998e+06 6.650898454437179316e+04 2.880080808675359935e+06 5.377454382764367620e+05 -2.622615519722089521e+05 -1.444394233804029936e+05 -1.021946754177413968e+05 -1.078407395828791232e+04 4.248265690910759382e+06 -5.388584300471955910e+06 -4.017884652051088051e+05 1.677638145087881014e+06 1.184526460167033132e+06 -2.869927130700570997e+05 4.598075703032751335e+05 8.604539468911623408e+04 2.182525363903202233e+05
2.395088178835716564e+06 1.368639919133968418e+06 8.100860221068769461e+05 5.377454382764367620e+05 1.245980537968845107e+06 3.889584851031425842e+03 4.594005264823949256e+04 1.356104633839457529e+05 5.996218269952234550e+04 -1.684038157259750180e+06 -3.540846400988901965e+06 -1.063662735330680385e+06 2.583518286630227813e+05 6.191728057691156864e+05 3.809842772441777634e+05 -3.899729060255847435e+04 1.886955927754192453e+04 2.398744494845340087e+05
1.492534281682590372e+05 2.398391812780647888e+05 -4.417135070476270630e+05 -2.622615519722089521e+05 3.889584851031425842e+03 4.865914652551636682e+05 1.755766810033251022e+04 1.328111263896065939e+05 3.614840508011754719e+04 -1.234767753216247074e+06 1.246805134736821637e+05 -6.825737834483404004e+04 9.419227861758618383e+04 3.863899534244307433e+05 2.357605709497517382e+05 -2.657534198681718408e+04 9.813450531163437699e+04 -1.647756344201268221e+05
6.023798195060663857e+05 3.622132958262043394e+04 2.443128419243812968e+05 -1.444394233804029936e+05 4.594005264823949256e+04 1.755766810033251022e+04 2.963545425700613996e+05 3.875023532923481253e+04 -5.403942378021972218e+03 5.523730797761656577e+05 1.832924356185575016e+05 2.143321383967255824e+05 9.487961442589979561e+04 -4.017376806100124959e+05 1.286128600452720711e+05 -6.144434912771222298e+04 9.696591212254868879e+04 9.703852076936769299e+04
-7.606342626769570634e+05 -2.170922504945350229e+05 -6.233438134606686071e+04 -1.021946754177413968e+05 1.356104633839457529e+05 1.328111263896065939e+05 3.875023532923481253e+04 2.644120297347029555e+05 6.666610435865534237e+04 1.593532113328563864e+05 -6.952607585915839300e+05 -3.219584308323848527e+05 1.773172179862202902e+05 -1.159535475342767895e+05 3.159744719914248562e+05 1.356660171318759785e+04 2.912621997760355007e+05 4.480958392235696374e+04
-2.046805013870153343e+05 -2.182875922659428907e+05 -1.464594862448668282e+05 -1.078407395828791232e+04 5.996218269952234550e+04 3.614840508011754719e+04 -5.403942378021972218e+03 6.666610435865534237e+04 8.404676367325695173e+04 -1.663146999422986526e+06 -5.019018001208600472e+05 -2.287687469372017949e+05 -9.091250003704086703e+04 -1.423019224476998206e+05 -2.801004929955979605e+03 7.882857871582746156e+04 1.197494328231919353e+05 1.357825262884910080e+04
-9.357011003370283172e+06 -6.659911015734444372e+05 -3.979752304162155837e+06 4.248265690910759382e+06 -1.684038157259750180e+06 -1.234767753216247074e+06 5.523730797761656577e+05 1.593532113328563864e+05 -1.663146999422986526e+06 2.537197228350226581e+08 7.522071284414273687e+06 2.308446967397917062e+06 1.689148109404267743e+07 9.467037283387936652e+06 8.243649984097746201e+06 2.906070464165576734e+06 -1.622814306912867469e+05 -1.672540820397043368e+06
1.392260058009738103e+07 6.015057117818716913e+06 -4.499568121263629757e+06 -5.388584300471955910e+06 -3.540846400988901965e+06 1.246805134736821637e+05 1.832924356185575016e+05 -6.952607585915839300e+05 -5.019018001208600472e+05 7.522071284414273687e+06 8.613083448846055567e+07 6.205808803721677512e+06 -6.390165479008628987e+06 -2.906520113872360904e+06 -3.365130858978419099e+06 -6.499535848120428855e+05 -1.818193798703609500e+05 1.812270408331411309e+05
-1.682702680898932973e+06 1.782433446146048082e+05 2.295626352205575909e+06 -4.017884652051088051e+05 -1.063662735330680385e+06 -6.825737834483404004e+04 2.143321383967255824e+05 -3.219584308323848527e+05 -2.287687469372017949e+05 2.308446967397917062e+06 6.205808803721677512e+06 1.691508467263148725e+07 -3.585306532995654736e+06 -4.336847824896208942e+06 -2.260026685201726388e+06 5.843649691393179819e+05 -7.541642672461016336e+05 -1.526843454306102358e+05
-2.059583150419253157e+06 -1.259519642026316375e+06 -1.044643549717705115e+06 1.677638145087881014e+06 2.583518286630227813e+05 9.419227861758618383e+04 9.487961442589979561e+04 1.773172179862202902e+05 -9.091250003704086703e+04 1.689148109404267743e+07 -6.390165479008628987e+06 -3.585306532995654736e+06 9.189251429176930338e+06 2.761763543788865674e+06 2.554266069126379211e+06 9.757895120139272185e+05 1.000998919932632591e+06 9.751677796720379265e+05
2.550242745605603326e+06 2.804605744681755081e+06 -1.031499905620006262e+06 1.184526460167033132e+06 6.191728057691156864e+05 3.863899534244307433e+05 -4.017376806100124959e+05 -1.159535475342767895e+05 -1.423019224476998206e+05 9.467037283387936652e+06 -2.906520113872360904e+06 -4.336847824896208942e+06 2.761763543788865674e+06 4.932976925757130608e+06 3.287341473753268365e+05 -4.909288426728090271e+05 -3.836933183005056344e+05 -2.233904265509957913e+05
-2.583772618246087339e+06 -1.756441238554116338e+06 -1.200203572361814091e+06 -2.869927130700570997e+05 3.809842772441777634e+05 2.357605709497517382e+05 1.286128600452720711e+05 3.159744719914248562e+05 -2.801004929955979605e+03 8.243649984097746201e+06 -3.365130858978419099e+06 -2.260026685201726388e+06 2.554266069126379211e+06 3.287341473753268365e+05 4.665811407316556200e+06 1.088233175279886695e+06 5.870012785975117004e+05 -2.825685061881030560e+05
-1.344702103062371025e+06 -1.072551877513231448e+05 -1.428635423431858420e+06 4.598075703032751335e+05 -3.899729060255847435e+04 -2.657534198681718408e+04 -6.144434912771222298e+04 1.356660171318759785e+04 7.882857871582746156e+04 2.906070464165576734e+06 -6.499535848120428855e+05 5.843649691393179819e+05 9.757895120139272185e+05 -4.909288426728090271e+05 1.088233175279886695e+06 2.331541703015809413e+06 8.716008479393863818e+05 2.039661359977306274e+05
6.593327643445356807e+04 -1.363531768800539139e+05 -1.147329021222234471e+06 8.604539468911623408e+04 1.886955927754192453e+04 9.813450531163437699e+04 9.696591212254868879e+04 2.912621997760355007e+05 1.197494328231919353e+05 -1.622814306912867469e+05 -1.818193798703609500e+05 -7.541642672461016336e+05 1.000998919932632591e+06 -3.836933183005056344e+05 5.870012785975117004e+05 8.716008479393863818e+05 1.099352968095769407e+06 4.257247238267283537e+05
6.815856581275773933e+05 5.175008128043314791e+05 3.118343130694402498e+05 2.182525363903202233e+05 2.398744494845340087e+05 -1.647756344201268221e+05 9.703852076936769299e+04 4.480958392235696374e+04 1.357825262884910080e+04 -1.672540820397043368e+06 1.812270408331411309e+05 -1.526843454306102358e+05 9.751677796720379265e+05 -2.233904265509957913e+05 -2.825685061881030560e+05 2.039661359977306274e+05 4.257247238267283537e+05 9.474688328198355157e+05
