8.727457414475160837e+07 4.159489490402784199e+06 -3.996894938117608894e+06 1.447332961146506015e+06 -2.957971325301084653e+04 1.796843982206917135e+05 -1.048412089196593879e+05 -1.194763503942236304e+06 -1.165580218760307471e+05 1.603085010497385636e+07 7.558475893952182494e+06 1.459699310370844044e+07 -3.292996810383736156e+06 -6.549601581803143490e+05 1.266152885212662164e+06 1.938795771167042898e+06 -1.074319275746006286e+06 -4.208898583706113277e+05
4.159489490402784199e+06 1.325234721343827806e+07 5.166073466825808282e+05 1.157776215744905872e+06 3.783599808508096030e+05 -2.936865800336846733e+05 -4.026839552747297566e+05 4.747678391792577895e+04 9.401035847067870782e+04 2.290894098538688570e+07 6.462193514541609213e+06 1.232630693868056638e+06 4.113610453736915952e+04 -7.475004617764309514e+05 -1.356038649716044078e+06 1.605791423285581113e+05 6.192058784481340554e+05 3.667320310202130349e+05
-3.996894938117608894e+06 5.166073466825808282e+05 3.830617240863009822e+06 5.385225368556934409e+05 -9.613528168468039075e+04 3.374259661671709619e+05 2.529640273308251344e+05 2.987263959593218169e+05 1.161426964803729206e+05 4.146079619422353804e+06 -1.199176543729527621e+05 1.879558625088321976e+06 1.267280425542963902e+06 -4.934438481092563597e+05 -4.900653433064642595e+05 2.422807443692193192e+04 5.289409559765426675e+05 1.695958947535244224e+05
1.447332961146506015e+06 1.157776215744905872e+06 5.385225368556934409e+05 1.607759001469368115e+06 4.161575089612143347e+04 3.330964173700892570e+04 -1.812691544117457306e+04 1.608944703347186150e+05 2.000517724146262917e+05 6.825071058890769491e+05 -2.439828282972144079e+05 8.829121027331203222e+05 8.037010605339955073e+05 -7.472669343374330783e+05 -9.529682815921265865e+05 1.882424198935972236e+05 -5.619671666993122926e+04 2.520383511898939032e+05
-2.957971325301084653e+04 3.783599808508096030e+05 -9.613528168468039075e+04 4.161575089612143347e+04 8.996972384432394756e+05 4.238533905373723246e+05 8.915940337520439061e+04 -7.909840626029431587e+04 1.612778498379228586e+04 5.505711366922486573e+06 -2.434243153491642326e+06 -1.110320741442536935e+06 4.875239853348396719e+05 5.593945132338296389e+05 5.398339445042826264e+04 -5.754776482010954169e+03 -1.182643472657412203e+05 -1.485712926444110053e+05
1.796843982206917135e+05 -2.936865800336846733e+05 3.374259661671709619e+05 3.330964173700892570e+04 4.238533905373723246e+05 6.455081128682736307e+05 1.027347942037351459e+05 3.952709657430896186e+04 4.037060972828192007e+03 1.391876612443078775e+05 -5.014348010093860794e+05 -5.798819564320482314e+05 1.108806265216771048e+06 2.783046412592864363e+05 -1.917255393996235798e+05 -5.523777710381262295e+04 -9.924011948453441437e+04 6.744127067145655747e+04
-1.048412089196593879e+05 -4.026839552747297566e+05 2.529640273308251344e+05 -1.812691544117457306e+04 8.915940337520439061e+04 1.027347942037351459e+05 3.331666930741764954e+05 5.738725491640328255e+04 4.497228592138028762e+04 -5.443784973016299773e+05 -4.817664269927608548e+05 -3.154495813258098206e+05 -1.758546697773751657e+04 1.080010241602914612e+05 3.504675310489964904e+05 -6.487537616238761257e+04 -2.149706552124270238e+05 -4.915848039845761377e+04
-1.194763503942236304e+06 4.747678391792577895e+04 2.987263959593218169e+05 1.608944703347186150e+05 -7.909840626029431587e+04 3.952709657430896186e+04 5.738725491640328255e+04 1.709561194948157354e+05 3.330668199458902382e+04 -1.912878283859180752e+06 -3.944415838180781575e+05 1.595199331484767317e+05 1.395513103802531550e+05 -3.981867448458209983e+05 -4.050088807613040262e+04 -4.708604408540428994e+04 4.237440970550628845e+04 1.912189373544773553e+05
-1.165580218760307471e+05 9.401035847067870782e+04 1.161426964803729206e+05 2.000517724146262917e+05 1.612778498379228586e+04 4.037060972828192007e+03 4.497228592138028762e+04 3.330668199458902382e+04 1.091697223544754088e+05 -8.225836114803099772e+05 -2.864541901093435590e+05 -7.373626336834864924e+04 2.204004303956206713e+05 -1.114825734929278406e+05 -1.658843190183527186e+05 4.203864790628050105e+04 -9.235918862765825907e+03 1.013406424017491081e+05
1.603085010497385636e+07 2.290894098538688570e+07 4.146079619422353804e+06 6.825071058890769491e+05 5.505711366922486573e+06 1.391876612443078775e+05 -5.443784973016299773e+05 -1.912878283859180752e+06 -8.225836114803099772e+05 2.452583877005406618e+08 9.223929889219585806e+06 -6.506719733977269381e+06 -2.673878752666254994e+06 7.253475983175707050e+06 3.913439152085723355e+06 1.737584377345442073e+06 -1.879562505478767445e+06 -4.654590380063456483e+06
7.558475893952182494e+06 6.462193514541609213e+06 -1.199176543729527621e+05 -2.439828282972144079e+05 -2.434243153491642326e+06 -5.014348010093860794e+05 -4.817664269927608548e+05 -3.944415838180781575e+05 -2.864541901093435590e+05 9.223929889219585806e+06 7.399254943767602742e+07 4.171067539496700745e+06 5.064459600984586403e+06 4.895061683525611646e+06 2.568763876757518388e+06 3.903078779424454086e+06 3.139170291118687019e+06 5.668835878632823005e+05
1.459699310370844044e+07 1.232630693868056638e+06 1.879558625088321976e+06 8.829121027331203222e+05 -1.110320741442536935e+06 -5.798819564320482314e+05 -3.154495813258098206e+05 1.595199331484767317e+05 -7.373626336834864924e+04 -6.506719733977269381e+06 4.171067539496700745e+06 2.524808883513912186e+07 -1.817085183889355510e+06 4.388983281229546992e+05 -1.173999703159068711e+06 5.918020829512062483e+05 1.310583423435617238e+06 -2.938953448771735420e+05
-3.292996810383736156e+06 4.113610453736915952e+04 1.267280425542963902e+06 8.037010605339955073e+05 4.875239853348396719e+05 1.108806265216771048e+06 -1.758546697773751657e+04 1.395513103802531550e+05 2.204004303956206713e+05 -2.673878752666254994e+06 5.064459600984586403e+06 -1.817085183889355510e+06 9.732411759791439399e+06 -2.862222849415416713e+05 -1.331108593868436583e+04 8.096801810402314877e+05 5.953042142596089980e+04 5.950687151801799191e+05
-6.549601581803143490e+05 -7.475004617764309514e+05 -4.934438481092563597e+05 -7.472669343374330783e+05 5.593945132338296389e+05 2.783046412592864363e+05 1.080010241602914612e+05 -3.981867448458209983e+05 -1.114825734929278406e+05 7.253475983175707050e+06 4.895061683525611646e+06 4.388983281229546992e+05 -2.862222849415416713e+05 3.885782749060251750e+06 4.354850741491806693e+05 3.579598090677541913e+05 4.434963957944940194e+05 -9.013473545291830087e+05
1.266152885212662164e+06 -1.356038649716044078e+06 -4.900653433064642595e+05 -9.529682815921265865e+05 5.398339445042826264e+04 -1.917255393996235798e+05 3.504675310489964904e+05 -4.050088807613040262e+04 -1.658843190183527186e+05 3.913439152085723355e+06 2.568763876757518388e+06 -1.173999703159068711e+06 -1.331108593868436583e+04 4.354850741491806693e+05 3.949317940989465918e+06 4.394072525844519841e+05 -3.957254284777895664e+05 -2.398336803809891571e+05
1.938795771167042898e+06 1.605791423285581113e+05 2.422807443692193192e+04 1.882424198935972236e+05 -5.754776482010954169e+03 -5.523777710381262295e+04 -6.487537616238761257e+04 -4.708604408540428994e+04 4.203864790628050105e+04 1.737584377345442073e+06 3.903078779424454086e+06 5.918020829512062483e+05 8.096801810402314877e+05 3.579598090677541913e+05 4.394072525844519841e+05 1.582709570708005456e+06 3.658548535125465714e+05 1.631579952761707536e+05
-1.074319275746006286e+06 6.192058784481340554e+05 5.289409559765426675e+05 -5.619671666993122926e+04 -1.182643472657412203e+05 -9.924011948453441437e+04 -2.149706552124270238e+05 4.237440970550628845e+04 -9.235918862765825907e+03 -1.879562505478767445e+06 3.139170291118687019e+06 1.310583423435617238e+06 5.953042142596089980e+04 4.434963957944940194e+05 -3.957254284777895664e+05 3.658548535125465714e+05 1.207964668978699716e+06 6.852315491025673691e+04
-4.208898583706113277e+05 3.667320310202130349e+05 1.695958947535244224e+05 2.520383511898939032e+05 -1.485712926444110053e+05 6.744127067145655747e+04 -4.915848039845761377e+04 1.912189373544773553e+05 1.013406424017491081e+05 -4.654590380063456483e+06 5.668835878632823005e+05 -2.938953448771735420e+05 5.950687151801799191e+05 -9.013473545291830087e+05 -2.398336803809891571e+05 1.631579952761707536e+05 6.852315491025673691e+04 7.688115229577171849e+05
