3.267386266204698011e+07 3.556219163388628658e+04 -2.690725202771309298e+06 2.755524176945634536e+05 1.176436731026547030e+06 -4.087873868326262455e+05 -9.752980947343866574e+05 -6.507418881706769753e+03 -7.954315440257084265e+04 3.323390484240366518e+07 -1.035624107201921381e+07 -5.435508173281490803e+06 1.315030025447128864e+05 4.565393266314346343e+06 1.996717629766635830e+06 2.921087763699677889e+05 3.820082975291301263e+05 1.114700542973059695e+06
3.556219163388628658e+04 3.078434750967141986e+07 2.454131451330150594e+05 -9.309591285082482500e+05 2.267764607732182834e+06 1.375151278324362589e+06 1.095896232093547005e+06 -1.031427469395827065e+05 5.736566404638349777e+05 1.386057082720386796e+07 1.887231290511277318e+07 1.470736912579266168e+07 -4.427564136189255863e+06 8.867240896292428952e+05 -2.189946327005932573e+06 5.517551503828682471e+05 8.421438219626123318e+05 4.206079053110902896e+05
-2.690725202771309298e+06 2.454131451330150594e+05 7.992106509343503974e+06 8.769967234501526691e+05 -3.205678582668995950e+05 -9.089896368160557176e+04 6.482887343313496094e+05 1.012962294520312134e+05 -1.453849933935961453e+05 6.431611393914931454e+06 -4.731633716894221492e+06 7.301638192004144192e+06 1.381690939373318106e+06 3.480339986606772291e+05 -6.392860208699972281e+04 1.737256650568495388e+05 7.060429781748701353e+05 -3.136751939186623786e+05
2.755524176945634536e+05 -9.309591285082482500e+05 8.769967234501526691e+05 2.708513513868546579e+06 1.344039839650398353e+05 1.360746482909822953e+05 -1.688515567409918294e+05 -1.717355086569919367e+05 -2.160596090125727278e+04 -1.105708849084254325e+05 -6.983557592691293394e+04 2.807233438247312326e+06 3.348825223140082788e+06 8.897441005040225573e+05 4.934855212089284905e+05 2.796769192755143740e+05 2.371621664519014885e+05 3.779969210370411165e+05
1.176436731026547030e+06 2.267764607732182834e+06 -3.205678582668995950e+05 1.344039839650398353e+05 1.329603262746476335e+06 2.556584523639121326e+05 4.426576166408442077e+03 -3.075013760323123279e+04 4.451648099503368576e+04 9.370345236657575006e+05 1.605579596142438706e+06 1.274911169223404024e+06 -5.509895841541140107e+05 5.551165378281815210e+05 -9.281834195238022949e+04 3.724973316095087794e+05 6.528664238642250712e+04 2.042961256986770313e+05
-4.087873868326262455e+05 1.375151278324362589e+06 -9.089896368160557176e+04 1.360746482909822953e+05 2.556584523639121326e+05 4.074535978014766588e+05 3.098366643372311955e+04 4.084954608842349262e+04 3.103746514373226091e+04 -1.006200459283573320e+06 5.466975134564576365e+03 1.151663489553987049e+06 -7.636949282114482776e+04 -4.428343960102733108e+05 2.491180306701073714e+05 3.049695633897539665e+04 1.703053277318832406e+05 5.542356477781129797e+04
-9.752980947343866574e+05 1.095896232093547005e+06 6.482887343313496094e+05 -1.688515567409918294e+05 4.426576166408442077e+03 3.098366643372311955e+04 3.260716639137591701e+05 4.128946704312435759e+04 -4.871835999453544900e+03 -2.682602554548886837e+05 -1.542593839732236229e+05 6.926007212372991489e+05 -2.199532902048877077e+04 -6.128738792083825683e+04 -1.036667623525173403e+05 6.100618693987320148e+04 1.064831323355276545e+05 -1.933971752452983083e+03
-6.507418881706769753e+03 -1.031427469395827065e+05 1.012962294520312134e+05 -1.717355086569919367e+05 -3.075013760323123279e+04 4.084954608842349262e+04 4.128946704312435759e+04 2.004138871442510863e+05 5.797391434173315793e+04 9.301047412158319494e+05 -6.928010891422163695e+05 -1.237881744280801649e+05 -3.522238292616670369e+05 -2.678774048124076216e+05 1.019716045444770425e+05 -3.690292420102432516e+04 1.290655411898019229e+05 6.650203983832107042e+04
-7.954315440257084265e+04 5.736566404638349777e+05 -1.453849933935961453e+05 -2.160596090125727278e+04 4.451648099503368576e+04 3.103746514373226091e+04 -4.871835999453544900e+03 5.797391434173315793e+04 1.227009760651953547e+05 -1.364655666125137359e+05 2.365690714346453315e+05 7.629073798845201964e+05 -2.897077975811604992e+05 -1.467610646551518003e+05 -9.349377715624136908e+04 1.335239347606437514e+05 -3.066865715334936249e+04 6.184649692091883480e+04
3.323390484240366518e+07 1.386057082720386796e+07 6.431611393914931454e+06 -1.105708849084254325e+05 9.370345236657575006e+05 -1.006200459283573320e+06 -2.682602554548886837e+05 9.301047412158319494e+05 -1.364655666125137359e+05 2.274649025935400426e+08 6.643009568185195327e+06 -1.300188972956821881e+07 3.807957534428003710e+06 1.033775052093567513e+07 2.756975084611266386e+06 2.277340102299477905e+06 -3.190869316628483590e+06 -8.260116423623424489e+05
-1.035624107201921381e+07 1.887231290511277318e+07 -4.731633716894221492e+06 -6.983557592691293394e+04 1.605579596142438706e+06 5.466975134564576365e+03 -1.542593839732236229e+05 -6.928010891422163695e+05 2.365690714346453315e+05 6.643009568185195327e+06 9.505092396170328557e+07 1.956483901543201134e+07 2.024360207475172821e+06 6.687761832098356448e+06 -1.797368328744633356e+06 1.742244490322709025e+05 -1.098809125291266246e+06 2.182766147509295493e+06
-5.435508173281490803e+06 1.470736912579266168e+07 7.301638192004144192e+06 2.807233438247312326e+06 1.274911169223404024e+06 1.151663489553987049e+06 6.926007212372991489e+05 -1.237881744280801649e+05 7.629073798845201964e+05 -1.300188972956821881e+07 1.956483901543201134e+07 3.865924287638474256e+07 3.101823315816725139e+06 -6.198451942571764812e+05 -1.601565812283314066e+06 1.767061281323504634e+06 6.425249421598390909e+05 7.387560721665084129e+05
1.315030025447128864e+05 -4.427564136189255863e+06 1.381690939373318106e+06 3.348825223140082788e+06 -5.509895841541140107e+05 -7.636949282114482776e+04 -2.199532902048877077e+04 -3.522238292616670369e+05 -2.897077975811604992e+05 3.807957534428003710e+06 2.024360207475172821e+06 3.101823315816725139e+06 1.509207837137965299e+07 1.163791339813084342e+06 1.243541264756640419e+06 4.672832830913754296e+05 6.721258982180372113e+05 9.361937184604356298e+05
4.565393266314346343e+06 8.867240896292428952e+05 3.480339986606772291e+05 8.897441005040225573e+05 5.551165378281815210e+05 -4.428343960102733108e+05 -6.128738792083825683e+04 -2.678774048124076216e+05 -1.467610646551518003e+05 1.033775052093567513e+07 6.687761832098356448e+06 -6.198451942571764812e+05 1.163791339813084342e+06 4.466431605670822784e+06 -1.980492252125935629e+05 9.552327888137504488e+03 -5.438563556929582410e+04 3.407733945822284295e+04
1.996717629766635830e+06 -2.189946327005932573e+06 -6.392860208699972281e+04 4.934855212089284905e+05 -9.281834195238022949e+04 2.491180306701073714e+05 -1.036667623525173403e+05 1.019716045444770425e+05 -9.349377715624136908e+04 2.756975084611266386e+06 -1.797368328744633356e+06 -1.601565812283314066e+06 1.243541264756640419e+06 -1.980492252125935629e+05 2.570546900854369625e+06 6.382961646178818046e+04 5.837686151327504776e+05 4.039913220144989318e+05
2.921087763699677889e+05 5.517551503828682471e+05 1.737256650568495388e+05 2.796769192755143740e+05 3.724973316095087794e+05 3.049695633897539665e+04 6.100618693987320148e+04 -3.690292420102432516e+04 1.335239347606437514e+05 2.277340102299477905e+06 1.742244490322709025e+05 1.767061281323504634e+06 4.672832830913754296e+05 9.552327888137504488e+03 6.382961646178818046e+04 1.806265512835207395e+06 -1.169138373033808166e+05 1.241156920099411363e+05
3.820082975291301263e+05 8.421438219626123318e+05 7.060429781748701353e+05 2.371621664519014885e+05 6.528664238642250712e+04 1.703053277318832406e+05 1.064831323355276545e+05 1.290655411898019229e+05 -3.066865715334936249e+04 -3.190869316628483590e+06 -1.098809125291266246e+06 6.425249421598390909e+05 6.721258982180372113e+05 -5.438563556929582410e+04 5.837686151327504776e+05 -1.169138373033808166e+05 1.084525926029107999e+06 2.504865227055878204e+05
1.114700542973059695e+06 4.206079053110902896e+05 -3.136751939186623786e+05 3.779969210370411165e+05 2.042961256986770313e+05 5.542356477781129797e+04 -1.933971752452983083e+03 6.650203983832107042e+04 6.184649692091883480e+04 -8.260116423623424489e+05 2.182766147509295493e+06 7.387560721665084129e+05 9.361937184604356298e+05 3.407733945822284295e+04 4.039913220144989318e+05 1.241156920099411363e+05 2.504865227055878204e+05 5.801596425702695269e+05
