5.270690628921081126e+07 4.938570446747207083e+06 4.012046254088081419e+06 -1.363510293312263675e+05 -1.967212452439609217e+06 -1.432630458252444398e+06 1.403733856455439469e+06 7.918893178193374770e+05 6.140285441249530413e+04 5.042936893342415243e+07 1.685959214635112882e+07 1.723173243830399215e+07 5.245813197167508304e+06 -2.227280769421532750e+06 2.208266116138169018e+05 2.600604785051267128e+06 6.457103290326178467e+03 -2.392131822217832378e+05
4.938570446747207083e+06 1.471715497076095641e+07 4.877155593188311905e+06 8.902538366394625045e+05 -5.038142151595347677e+05 -3.784761292467714520e+05 -4.167476765069914836e+04 1.217132305660772399e+05 -2.653738353095377097e+05 1.763321622571866959e+07 1.032673820005845837e+07 3.250042311434466392e+06 -3.895404459019437432e+06 -1.925802105438252445e+06 -7.363702187670676503e+05 2.532142279750571761e+05 9.334853875474992674e+05 5.882097459086327581e+05
4.012046254088081419e+06 4.877155593188311905e+06 5.794050023221721873e+06 1.630542535990645178e+06 -5.142188550376185449e+05 -1.586712745383648144e+05 5.322117439652918838e+05 1.425315141615314933e+05 1.416592129521992756e+05 8.010644253208768554e+06 4.839816237912951969e+06 5.156944223362522200e+06 -5.688751539333537221e+05 -1.573575260215506656e+06 -7.071286443687430583e+05 -8.717560638824684429e+04 7.647727174574579112e+04 4.137939704436492757e+05
-1.363510293312263675e+05 8.902538366394625045e+05 1.630542535990645178e+06 1.944878527300234418e+06 1.138675459994804842e+05 -1.036875819361437170e+05 2.273734055264978670e+05 2.360757994630701432e+05 6.622965989286778495e+04 -1.630000366642041830e+06 5.946765378569468856e+06 9.388899066069173859e+05 1.915202388446152676e+06 2.824475538217397989e+05 -7.543117482903405325e+05 8.585822508102408028e+04 -2.878995165033512749e+05 1.842996172455160704e+05
-1.967212452439609217e+06 -5.038142151595347677e+05 -5.142188550376185449e+05 1.138675459994804842e+05 5.053710613797518890e+05 7.119634077793102188e+04 -2.999044052380541325e+04 -2.808105235154300772e+03 -2.866747972298647710e+03 -2.020323618514764821e+06 -9.089134270939795533e+05 -2.467255551268375944e+06 9.255058117500485387e+05 7.433671974435171578e+05 1.796647340344754048e+05 -1.647283658856905822e+04 -1.282741121325632848e+05 4.233218918084185134e+04
-1.432630458252444398e+06 -3.784761292467714520e+05 -1.586712745383648144e+05 -1.036875819361437170e+05 7.119634077793102188e+04 4.986866054869011859e+05 7.307607448423217284e+04 -2.378421741774026304e+04 -1.640230151929355998e+04 -3.350091287127606105e+06 -2.111970602900804020e+06 3.946782161384291248e+05 4.342370493307393917e+04 -7.456183492203557398e+04 3.538424851491874433e+05 1.913659789462506888e+05 -1.597612877484277124e+05 5.132391532095971343e+04
1.403733856455439469e+06 -4.167476765069914836e+04 5.322117439652918838e+05 2.273734055264978670e+05 -2.999044052380541325e+04 7.307607448423217284e+04 4.151893263634829200e+05 6.429367367690774699e+04 9.662916429205719396e+03 3.917312742901538732e+05 1.125752891046671662e+06 1.138192112863668241e+06 1.548587216178285889e+05 4.651840374226441490e+05 2.087557843757338196e+04 1.082794048579791997e+05 -1.849529349876074775e+03 -6.235466147930982697e+04
7.918893178193374770e+05 1.217132305660772399e+05 1.425315141615314933e+05 2.360757994630701432e+05 -2.808105235154300772e+03 -2.378421741774026304e+04 6.429367367690774699e+04 1.782187897201444139e+05 -3.879493411314208970e+03 1.492749712411820889e+06 1.268974136353234295e+06 4.321689712133801077e+05 1.086303411198411413e+04 -2.585710065404466513e+04 -1.551576835148364480e+05 1.063032461463405634e+05 -8.590790250453742374e+02 3.249222777775318536e+04
6.140285441249530413e+04 -2.653738353095377097e+05 1.416592129521992756e+05 6.622965989286778495e+04 -2.866747972298647710e+03 -1.640230151929355998e+04 9.662916429205719396e+03 -3.879493411314208970e+03 1.370024457659908803e+05 1.092163567643766757e+06 -4.492703801887876471e+05 5.326456055443156511e+05 3.143364435560866841e+05 7.242466723597767123e+04 -4.492169019567725627e+04 -2.564414194684375980e+04 -1.450290260997297009e+05 4.041943501422355621e+04
5.042936893342415243e+07 1.763321622571866959e+07 8.010644253208768554e+06 -1.630000366642041830e+06 -2.020323618514764821e+06 -3.350091287127606105e+06 3.917312742901538732e+05 1.492749712411820889e+06 1.092163567643766757e+06 3.009331686477226615e+08 6.763851173805584013e+07 3.058258464302487671e+07 1.337958189132173173e+07 8.105677976921101101e+06 -9.760880396216902882e+05 3.848630562520441134e+06 -1.860659228241001954e+06 2.147210510525232647e+06
1.685959214635112882e+07 1.032673820005845837e+07 4.839816237912951969e+06 5.946765378569468856e+06 -9.089134270939795533e+05 -2.111970602900804020e+06 1.125752891046671662e+06 1.268974136353234295e+06 -4.492703801887876471e+05 6.763851173805584013e+07 8.417102113806773722e+07 1.305039134124620259e+07 9.532910338177993894e+06 7.151817447935959324e+06 -3.138649125544747338e+06 3.087515849916578736e+06 3.761771490995634231e+05 2.549017619411273394e+06
1.723173243830399215e+07 3.250042311434466392e+06 5.156944223362522200e+06 9.388899066069173859e+05 -2.467255551268375944e+06 3.946782161384291248e+05 1.138192112863668241e+06 4.321689712133801077e+05 5.326456055443156511e+05 3.058258464302487671e+07 1.305039134124620259e+07 3.991777049520435929e+07 5.062069731784553267e+06 7.476859892470150953e+05 3.207255208300995873e+05 2.341927167649242561e+06 -4.103989077184166672e+04 3.815869607717213221e+05
5.245813197167508304e+06 -3.895404459019437432e+06 -5.688751539333537221e+05 1.915202388446152676e+06 9.255058117500485387e+05 4.342370493307393917e+04 1.548587216178285889e+05 1.086303411198411413e+04 3.143364435560866841e+05 1.337958189132173173e+07 9.532910338177993894e+06 5.062069731784553267e+06 1.644358070862539485e+07 4.328393574077900499e+06 1.847341384002449049e+05 1.958648778557995334e+06 -7.939874993809115840e+05 2.922254741251080413e+05
-2.227280769421532750e+06 -1.925802105438252445e+06 -1.573575260215506656e+06 2.824475538217397989e+05 7.433671974435171578e+05 -7.456183492203557398e+04 4.651840374226441490e+05 -2.585710065404466513e+04 7.242466723597767123e+04 8.105677976921101101e+06 7.151817447935959324e+06 7.476859892470150953e+05 4.328393574077900499e+06 7.132521159314344637e+06 1.880564394461995224e+06 1.155404244809510652e+06 3.009448970473834779e+05 -1.705814095747156216e+03
2.208266116138169018e+05 -7.363702187670676503e+05 -7.071286443687430583e+05 -7.543117482903405325e+05 1.796647340344754048e+05 3.538424851491874433e+05 2.087557843757338196e+04 -1.551576835148364480e+05 -4.492169019567725627e+04 -9.760880396216902882e+05 -3.138649125544747338e+06 3.207255208300995873e+05 1.847341384002449049e+05 1.880564394461995224e+06 2.896288781620034482e+06 1.158784109768791357e+06 5.662177248914157972e+05 -8.293498604043935484e+04
2.600604785051267128e+06 2.532142279750571761e+05 -8.717560638824684429e+04 8.585822508102408028e+04 -1.647283658856905822e+04 1.913659789462506888e+05 1.082794048579791997e+05 1.063032461463405634e+05 -2.564414194684375980e+04 3.848630562520441134e+06 3.087515849916578736e+06 2.341927167649242561e+06 1.958648778557995334e+06 1.155404244809510652e+06 1.158784109768791357e+06 1.592322268001455348e+06 3.719174696037721587e+05 -4.770642155651816574e+04
6.457103290326178467e+03 9.334853875474992674e+05 7.647727174574579112e+04 -2.878995165033512749e+05 -1.282741121325632848e+05 -1.597612877484277124e+05 -1.849529349876074775e+03 -8.590790250453742374e+02 -1.450290260997297009e+05 -1.860659228241001954e+06 3.761771490995634231e+05 -4.103989077184166672e+04 -7.939874993809115840e+05 3.009448970473834779e+05 5.662177248914157972e+05 3.719174696037721587e+05 1.134416039097984554e+06 -1.003972574987076405e+04
-2.392131822217832378e+05 5.882097459086327581e+05 4.137939704436492757e+05 1.842996172455160704e+05 4.233218918084185134e+04 5.132391532095971343e+04 -6.235466147930982697e+04 3.249222777775318536e+04 4.041943501422355621e+04 2.147210510525232647e+06 2.549017619411273394e+06 3.815869607717213221e+05 2.922254741251080413e+05 -1.705814095747156216e+03 -8.293498604043935484e+04 -4.770642155651816574e+04 -1.003972574987076405e+04 6.053970512487004744e+05
