6.218007590132767707e+07 -2.256168313704780769e+06 -3.635902997988352086e+06 -4.951704456119937822e+06 -1.306752293157815438e+05 1.935350622633229359e+05 -5.266701108189920196e+05 -9.904879183894644957e+05 -7.823969504696542863e+05 5.937878834493284672e+07 -7.084731846313441172e+06 -1.437338901748850942e+07 -2.527604763410443440e+06 -1.402014051109175198e+06 -2.607424428368738387e+06 3.763789428162782860e+04 -3.664043363797789061e+04 -7.367964283651005244e+05
-2.256168313704780769e+06 1.246606927256336808e+07 2.418949540946053807e+06 1.370057570493713021e+06 -5.019353310233853408e+05 1.976930044367145165e+05 -6.345620344933958258e+05 9.555033215985589777e+04 2.348571429244166357e+05 1.356952836218523048e+07 7.208105830817165785e+06 2.649238545051103458e+06 1.524497101893416839e+06 -1.649076569203512743e+06 -1.496168076806792989e+06 -7.402103906714551849e+05 7.013011985178762116e+05 1.864219322553043603e+05
-3.635902997988352086e+06 2.418949540946053807e+06 2.989178737406221684e+06 7.345571238962248899e+05 -4.176419423757313052e+04 2.563493866021074064e+05 -2.385489526267760666e+05 1.643014934586549934e+05 1.041937785438011197e+05 5.182600540591562167e+06 6.364300756900091656e+06 5.563300193203045055e+06 2.997009186102831154e+05 -1.389756360408969922e+06 -2.562040067730607407e+05 -5.070594863004510407e+05 -2.414482557277627930e+05 1.997892566161796276e+05
-4.951704456119937822e+06 1.370057570493713021e+06 7.345571238962248899e+05 3.775048711718117353e+06 7.453704247059326153e+05 -1.624278572978886077e+05 -2.299272155018675840e+05 -4.111566240110990293e+03 1.386399733664756350e+05 -1.384650158942712843e+07 2.817046544899496716e+06 1.073676918129418744e+06 -3.340528774536225246e+05 1.527510365985452954e+05 1.009212797289555077e+06 1.571144528574169090e+04 4.338138953562372481e+05 2.235335352706837875e+05
-1.306752293157815438e+05 -5.019353310233853408e+05 -4.176419423757313052e+04 7.453704247059326153e+05 1.102146842408998869e+06 1.083798621551720425e+05 4.292527835428305116e+04 1.872311630185817194e+04 8.221386447529649013e+04 -2.787080766506738961e+06 2.349118464726269245e+06 -2.113625290911877062e+06 -1.075259759924706537e+06 4.770585038752627443e+05 6.531929698977706721e+05 -2.162942962875611265e+05 9.880112031588765967e+04 2.170847553438667455e+04
1.935350622633229359e+05 1.976930044367145165e+05 2.563493866021074064e+05 -1.624278572978886077e+05 1.083798621551720425e+05 6.224702344158393098e+05 8.579942509670343134e+04 -4.554588285093806917e+04 8.620264335361089616e+04 4.833271973117393441e+06 2.637625543860747712e+05 -3.478896757883286919e+05 1.681869712456835259e+05 8.936831100406355108e+04 2.948834444685081835e+05 9.781692674580960011e+04 7.443075075338171155e+04 7.822181479076396499e+04
-5.266701108189920196e+05 -6.345620344933958258e+05 -2.385489526267760666e+05 -2.299272155018675840e+05 4.292527835428305116e+04 8.579942509670343134e+04 2.674506701350036310e+05 3.841559886819403619e+04 -6.759712310984364194e+03 -3.138999559351738077e+06 -4.253339259672173648e+05 -3.586521366226773825e+05 4.855438753149946569e+04 2.734998800798046796e+04 1.489868948576975381e+05 7.833562567641198984e+04 -1.112341135398369806e+05 -4.724415098226747796e+04
-9.904879183894644957e+05 9.555033215985589777e+04 1.643014934586549934e+05 -4.111566240110990293e+03 1.872311630185817194e+04 -4.554588285093806917e+04 3.841559886819403619e+04 1.778364487346380192e+05 4.078318903878196579e+04 -1.208929324334330158e+06 -5.022552798240131815e+05 2.832876059070746414e+05 -1.408759736441582208e+05 -3.706300722160595469e+05 3.429846930371945291e+03 -2.816769358000027569e+04 7.145603050568133767e+04 1.361737077874342503e+04
-7.823969504696542863e+05 2.348571429244166357e+05 1.041937785438011197e+05 1.386399733664756350e+05 8.221386447529649013e+04 8.620264335361089616e+04 -6.759712310984364194e+03 4.078318903878196579e+04 1.434840521118375182e+05 1.160783563108296366e+05 8.774294933483743807e+04 -3.212697201871407451e+05 1.999340938897772867e+04 -5.253154852923161525e+04 4.938274126915235684e+04 -4.191218565820684603e+02 -7.543854877977923024e+04 8.922472758640197571e+04
5.937878834493284672e+07 1.356952836218523048e+07 5.182600540591562167e+06 -1.384650158942712843e+07 -2.787080766506738961e+06 4.833271973117393441e+06 -3.138999559351738077e+06 -1.208929324334330158e+06 1.160783563108296366e+05 4.004130577339383960e+08 2.658633731342119724e+07 -1.449661556712541729e+07 5.668982926735039800e+06 3.803181261858152691e+06 -6.428801921490824781e+06 -3.666943657703578938e+05 -3.573278457795977592e+06 2.425475198273943271e+06
-7.084731846313441172e+06 7.208105830817165785e+06 6.364300756900091656e+06 2.817046544899496716e+06 2.349118464726269245e+06 2.637625543860747712e+05 -4.253339259672173648e+05 -5.022552798240131815e+05 8.774294933483743807e+04 2.658633731342119724e+07 8.641661695353083313e+07 1.100805007494863309e+07 7.773127646625001216e+05 -8.354418639163984335e+04 9.707870728241259931e+05 -2.821248570711742621e+06 -1.283652942527870880e+06 -3.864725864826738834e+05
-1.437338901748850942e+07 2.649238545051103458e+06 5.563300193203045055e+06 1.073676918129418744e+06 -2.113625290911877062e+06 -3.478896757883286919e+05 -3.586521366226773825e+05 2.832876059070746414e+05 -3.212697201871407451e+05 -1.449661556712541729e+07 1.100805007494863309e+07 3.615507794573689997e+07 3.753598859909427352e+06 -2.065554149455135921e+06 -1.015564321200123057e+06 2.305529258475374372e+05 5.465731373422631295e+05 1.291385103813124588e+06
-2.527604763410443440e+06 1.524497101893416839e+06 2.997009186102831154e+05 -3.340528774536225246e+05 -1.075259759924706537e+06 1.681869712456835259e+05 4.855438753149946569e+04 -1.408759736441582208e+05 1.999340938897772867e+04 5.668982926735039800e+06 7.773127646625001216e+05 3.753598859909427352e+06 9.186130197147317231e+06 7.032554041497269645e+05 -1.055543547998110298e+06 1.188977769308429211e+06 1.736162908423263070e+04 4.837399491476017865e+05
-1.402014051109175198e+06 -1.649076569203512743e+06 -1.389756360408969922e+06 1.527510365985452954e+05 4.770585038752627443e+05 8.936831100406355108e+04 2.734998800798046796e+04 -3.706300722160595469e+05 -5.253154852923161525e+04 3.803181261858152691e+06 -8.354418639163984335e+04 -2.065554149455135921e+06 7.032554041497269645e+05 5.211065337802318856e+06 4.868460147750147153e+05 -4.550280572797670611e+05 -2.240368128337290545e+05 1.714336996656714473e+05
-2.607424428368738387e+06 -1.496168076806792989e+06 -2.562040067730607407e+05 1.009212797289555077e+06 6.531929698977706721e+05 2.948834444685081835e+05 1.489868948576975381e+05 3.429846930371945291e+03 4.938274126915235684e+04 -6.428801921490824781e+06 9.707870728241259931e+05 -1.015564321200123057e+06 -1.055543547998110298e+06 4.868460147750147153e+05 2.548303651077100541e+06 -1.096406610267039359e+05 1.438509517898674239e+05 1.264103827682483097e+05
3.763789428162782860e+04 -7.402103906714551849e+05 -5.070594863004510407e+05 1.571144528574169090e+04 -2.162942962875611265e+05 9.781692674580960011e+04 7.833562567641198984e+04 -2.816769358000027569e+04 -4.191218565820684603e+02 -3.666943657703578938e+05 -2.821248570711742621e+06 2.305529258475374372e+05 1.188977769308429211e+06 -4.550280572797670611e+05 -1.096406610267039359e+05 1.387404254047005670e+06 8.921086391397926491e+04 1.676313952338770614e+05
-3.664043363797789061e+04 7.013011985178762116e+05 -2.414482557277627930e+05 4.338138953562372481e+05 9.880112031588765967e+04 7.443075075338171155e+04 -1.112341135398369806e+05 7.145603050568133767e+04 -7.543854877977923024e+04 -3.573278457795977592e+06 -1.283652942527870880e+06 5.465731373422631295e+05 1.736162908423263070e+04 -2.240368128337290545e+05 1.438509517898674239e+05 8.921086391397926491e+04 1.277173496073984774e+06 1.946344273280665511e+05
-7.367964283651005244e+05 1.864219322553043603e+05 1.997892566161796276e+05 2.235335352706837875e+05 2.170847553438667455e+04 7.822181479076396499e+04 -4.724415098226747796e+04 1.361737077874342503e+04 8.922472758640197571e+04 2.425475198273943271e+06 -3.864725864826738834e+05 1.291385103813124588e+06 4.837399491476017865e+05 1.714336996656714473e+05 1.264103827682483097e+05 1.676313952338770614e+05 1.946344273280665511e+05 4.463708121170934173e+05
