5.275850929298199713e+07 1.480982282630875940e+06 -2.486282717220492661e+06 -2.079564966748975450e+06 1.607211173594028922e+06 -4.985544508067874121e+05 -6.529736296521339100e+05 9.967055249432959827e+05 -2.190761817974380392e+04 1.306901495420258306e+07 2.983805726654245518e+06 -5.539523741588218138e+06 -9.217819645488532260e+06 -2.566312147753478028e+06 -1.876710881170414155e+06 -3.220437724639240187e+06 2.379171848092063330e+06 -7.053486540963081643e+05
1.480982282630875940e+06 1.967595528904446959e+07 4.015558035866436083e+06 2.171095509902386460e+06 4.049834319954792736e+05 -8.387450115774965379e+05 -8.924158169888296106e+04 -1.075896823085192154e+05 -1.174570095454492184e+04 -2.859498916485340148e+07 8.841316660548012704e+06 4.857093303398437798e+06 1.033874565112380078e+06 -4.239114335604315274e+05 4.338143076143954531e+05 -8.978143571631687228e+05 8.939179937645167811e+05 3.987734108405233710e+05
-2.486282717220492661e+06 4.015558035866436083e+06 5.128884593223549426e+06 1.553414094295730582e+06 4.260107657665920560e+05 2.203017372864454228e+05 1.113795751080196642e+05 -2.657983550486611202e+05 3.046379878587358689e+04 -4.893450018590441905e+06 5.347672745114292949e+06 5.123224773073062301e+06 3.844806511086386628e+06 9.775522814292536350e+05 -2.309210718995637726e+05 -4.593217938342419802e+04 -6.062805770636858651e+05 -7.208424803132202942e+05
-2.079564966748975450e+06 2.171095509902386460e+06 1.553414094295730582e+06 2.875778288253201637e+06 -1.569856174630495952e+05 -1.024479779515584960e+04 2.114609594737493608e+05 -1.170078213126824412e+05 1.406438609951629769e+05 -5.009264482334804488e+05 4.717683900828956626e+06 2.824147343258285429e+06 1.239776666102649644e+06 7.104688661975632422e+05 -3.042434561204687343e+05 4.069771880316656898e+05 -3.221519858304545633e+05 7.696571303063045889e+03
1.607211173594028922e+06 4.049834319954792736e+05 4.260107657665920560e+05 -1.569856174630495952e+05 1.356082131241769530e+06 4.067110843151665176e+05 1.042269036655610253e+05 -1.154334211959277354e+03 1.559127940074254584e+05 4.211988056974807754e+06 3.571234659217418637e+06 6.762307502325183013e+05 3.754345806734242360e+05 -1.015409497900518239e+06 1.141552073022762343e+05 2.084405364861550042e+05 -2.360320424266027112e+05 -3.172698273818997404e+04
-4.985544508067874121e+05 -8.387450115774965379e+05 2.203017372864454228e+05 -1.024479779515584960e+04 4.067110843151665176e+05 7.002231152736953227e+05 1.306537319980895554e+05 4.093917660475862795e+04 2.668886094422043971e+04 2.591160838579432108e+06 2.269545421827215236e+06 -5.937639688690638868e+05 7.082536643664445728e+05 -5.410432046570831444e+05 1.161813464653969131e+05 3.831990009433716186e+05 -2.551353119431281229e+05 2.655412292119117046e+04
-6.529736296521339100e+05 -8.924158169888296106e+04 1.113795751080196642e+05 2.114609594737493608e+05 1.042269036655610253e+05 1.306537319980895554e+05 3.667304486170668388e+05 1.300573756332702033e+04 1.150818894623507549e+04 1.000748279565920355e+06 2.814523535950855352e+06 -4.712475053983379039e+05 5.220021218424067774e+04 -2.337284824742681521e+05 7.300589660386278410e+04 5.231273294203159458e+04 1.420427534055466822e+05 1.340063456061906472e+05
9.967055249432959827e+05 -1.075896823085192154e+05 -2.657983550486611202e+05 -1.170078213126824412e+05 -1.154334211959277354e+03 4.093917660475862795e+04 1.300573756332702033e+04 1.844966479190330720e+05 4.749011964719085518e+04 -1.186326299985956866e+05 2.867674145102928742e+05 -4.966579550002684118e+05 -1.792040395260369114e+05 -2.159032248950588983e+05 4.461693581732817984e+04 4.537455413259143097e+04 1.666139454151342215e+05 1.343060668973103748e+05
-2.190761817974380392e+04 -1.174570095454492184e+04 3.046379878587358689e+04 1.406438609951629769e+05 1.559127940074254584e+05 2.668886094422043971e+04 1.150818894623507549e+04 4.749011964719085518e+04 1.086933229744964337e+05 7.646035588160421466e+05 7.881660422849239549e+05 -1.414400728284094948e+05 1.418336060188686242e+05 -7.492291487173117639e+04 1.487686599441078943e+04 3.976217695201247989e+04 -3.197172978737568337e+04 7.688835641844167549e+04
1.306901495420258306e+07 -2.859498916485340148e+07 -4.893450018590441905e+06 -5.009264482334804488e+05 4.211988056974807754e+06 2.591160838579432108e+06 1.000748279565920355e+06 -1.186326299985956866e+05 7.646035588160421466e+05 2.393057013826166391e+08 3.147970165856390446e+07 -5.114997709143836051e+06 1.295100863422404788e+07 -5.743065629793681204e+06 -5.363234701170765795e+06 4.749665535422039218e+06 -3.210634408470043913e+06 -1.788780341865537688e+06
2.983805726654245518e+06 8.841316660548012704e+06 5.347672745114292949e+06 4.717683900828956626e+06 3.571234659217418637e+06 2.269545421827215236e+06 2.814523535950855352e+06 2.867674145102928742e+05 7.881660422849239549e+05 3.147970165856390446e+07 7.862420335464382172e+07 1.549057401444964344e+06 1.795547921804013429e+06 -4.500152674433821230e+05 7.196844646489562001e+05 2.053136759747009724e+06 1.664803951436623931e+06 1.631363020756482845e+06
-5.539523741588218138e+06 4.857093303398437798e+06 5.123224773073062301e+06 2.824147343258285429e+06 6.762307502325183013e+05 -5.937639688690638868e+05 -4.712475053983379039e+05 -4.966579550002684118e+05 -1.414400728284094948e+05 -5.114997709143836051e+06 1.549057401444964344e+06 3.234639940979909524e+07 7.761869893707155250e+06 6.081952025835163658e+05 3.639982022847295157e+05 1.553223257048401516e+06 -6.212874250449627871e+05 -1.241522221806106158e+06
-9.217819645488532260e+06 1.033874565112380078e+06 3.844806511086386628e+06 1.239776666102649644e+06 3.754345806734242360e+05 7.082536643664445728e+05 5.220021218424067774e+04 -1.792040395260369114e+05 1.418336060188686242e+05 1.295100863422404788e+07 1.795547921804013429e+06 7.761869893707155250e+06 1.074823936937950365e+07 1.209583044067392359e+06 3.033189062855288503e+05 9.775408522308403626e+05 -1.141901751837152988e+06 -3.015853346454359125e+05
-2.566312147753478028e+06 -4.239114335604315274e+05 9.775522814292536350e+05 7.104688661975632422e+05 -1.015409497900518239e+06 -5.410432046570831444e+05 -2.337284824742681521e+05 -2.159032248950588983e+05 -7.492291487173117639e+04 -5.743065629793681204e+06 -4.500152674433821230e+05 6.081952025835163658e+05 1.209583044067392359e+06 6.633160246840132400e+06 4.136881266088176635e+05 -7.576164095153253584e+04 7.851809350631240522e+04 -3.133843294533213484e+05
-1.876710881170414155e+06 4.338143076143954531e+05 -2.309210718995637726e+05 -3.042434561204687343e+05 1.141552073022762343e+05 1.161813464653969131e+05 7.300589660386278410e+04 4.461693581732817984e+04 1.487686599441078943e+04 -5.363234701170765795e+06 7.196844646489562001e+05 3.639982022847295157e+05 3.033189062855288503e+05 4.136881266088176635e+05 2.274213234673456289e+06 2.235957222063581867e+05 5.712526872512075352e+04 8.895613357121680747e+04
-3.220437724639240187e+06 -8.978143571631687228e+05 -4.593217938342419802e+04 4.069771880316656898e+05 2.084405364861550042e+05 3.831990009433716186e+05 5.231273294203159458e+04 4.537455413259143097e+04 3.976217695201247989e+04 4.749665535422039218e+06 2.053136759747009724e+06 1.553223257048401516e+06 9.775408522308403626e+05 -7.576164095153253584e+04 2.235957222063581867e+05 1.969063292350719217e+06 -3.742922125222855539e+04 1.150811658805968473e+05
2.379171848092063330e+06 8.939179937645167811e+05 -6.062805770636858651e+05 -3.221519858304545633e+05 -2.360320424266027112e+05 -2.551353119431281229e+05 1.420427534055466822e+05 1.666139454151342215e+05 -3.197172978737568337e+04 -3.210634408470043913e+06 1.664803951436623931e+06 -6.212874250449627871e+05 -1.141901751837152988e+06 7.851809350631240522e+04 5.712526872512075352e+04 -3.742922125222855539e+04 1.302535891900106566e+06 1.930930728653582919e+05
-7.053486540963081643e+05 3.987734108405233710e+05 -7.208424803132202942e+05 7.696571303063045889e+03 -3.172698273818997404e+04 2.655412292119117046e+04 1.340063456061906472e+05 1.343060668973103748e+05 7.688835641844167549e+04 -1.788780341865537688e+06 1.631363020756482845e+06 -1.241522221806106158e+06 -3.015853346454359125e+05 -3.133843294533213484e+05 8.895613357121680747e+04 1.150811658805968473e+05 1.930930728653582919e+05 5.707521744184729178e+05
