5.501735685554239899e+07 3.801688103498172946e+06 -2.767020294146917760e+06 1.042623031709580217e+06 1.550060792352572607e+05 1.861088086766159162e+06 1.295805366785385559e+04 1.222243261917735217e+06 6.072743092117570341e+05 2.807528446341990680e+07 -9.586300651574924588e+06 6.444765750629511662e+06 -1.473202028784923721e+06 4.384189784417544492e+06 1.544287385921687819e+06 -4.531658121112243389e+05 5.521680073858872056e+05 9.343670348193547688e+05
3.801688103498172946e+06 1.098884191353762336e+07 2.977626467630994972e+06 -2.137244909040826606e+05 9.223440183067535982e+05 5.739964545120666735e+05 6.047728292513971683e+05 1.376095012391010532e+05 -6.180602810440314352e+04 8.286919120875320397e+06 6.400958481404501013e+06 -5.355690671491577523e+05 -1.744664762075601146e+06 -6.277234795527189272e+05 -7.282742497447404312e+05 3.750778967537984718e+05 1.030527205141005921e+06 9.112074146411790935e+03
-2.767020294146917760e+06 2.977626467630994972e+06 6.656429137806721032e+06 8.835100257906051120e+05 9.740421724935144885e+05 5.157186465550126159e+05 -3.626649628895808564e+04 3.913478355976599414e+04 1.860696387947207040e+04 3.934080109904318582e+06 -2.112302971262889449e+06 4.456384809656335041e+06 -8.871405666386312805e+05 -5.724991897800901206e+05 -2.519245373731105792e+04 4.610476671899341745e+05 3.199819734635876957e+05 2.979958313671769574e+05
1.042623031709580217e+06 -2.137244909040826606e+05 8.835100257906051120e+05 1.921090848316842457e+06 3.688916971164433198e+04 -1.191403792551642400e+05 -7.481566729909866990e+04 -9.222650200019241311e+04 -4.979879856862657471e+04 1.759709688582964940e+06 -1.375112451359717408e+06 7.722807567014601082e+05 8.532336857174647739e+05 5.719756836125849513e+05 -3.352600432159303455e+05 3.746621641766618122e+05 1.370377300014551147e+05 1.220622483793915162e+05
1.550060792352572607e+05 9.223440183067535982e+05 9.740421724935144885e+05 3.688916971164433198e+04 9.110414300938432571e+05 1.953813151112199412e+05 -3.267575236882760146e+04 3.232740987225577555e+04 1.916109129269095320e+03 -5.780104558640191099e+05 -1.196244031911265804e+06 1.175618935068490682e+06 -7.680786052904847311e+05 1.657386568714694295e+05 -1.332689219229143637e+05 -1.083503558444310038e+05 3.225167998525170697e+04 6.822783638119684838e+03
1.861088086766159162e+06 5.739964545120666735e+05 5.157186465550126159e+05 -1.191403792551642400e+05 1.953813151112199412e+05 6.982457360826384975e+05 1.645506860539373301e+05 1.361173995555615693e+05 1.487196219242246298e+05 -1.200502256003345246e+05 -1.304679958709332859e+06 6.734201896168156236e+04 -5.043794235748607753e+04 -2.059940142815935833e+05 8.608274598522038432e+05 8.378380721995566273e+04 1.472892035858565941e+05 2.190321957964059256e+05
1.295805366785385559e+04 6.047728292513971683e+05 -3.626649628895808564e+04 -7.481566729909866990e+04 -3.267575236882760146e+04 1.645506860539373301e+05 3.275920686899692519e+05 8.546666840040656098e+04 3.783190104239418724e+04 -2.642286518283298239e+06 -4.498134011598278448e+04 -1.395789186110018927e+05 -8.087001994763313269e+04 -1.884718017673163267e+05 3.077336262483194005e+05 6.220610544771209970e+04 1.324050784854855156e+05 8.920527742776231025e+04
1.222243261917735217e+06 1.376095012391010532e+05 3.913478355976599414e+04 -9.222650200019241311e+04 3.232740987225577555e+04 1.361173995555615693e+05 8.546666840040656098e+04 2.406790820634622069e+05 5.013159154219040647e+04 -1.273453561713557574e+05 -8.579845202861219877e+05 -1.190542854569988413e+05 -2.384554722190181783e+05 2.722698827096600435e+05 2.402893178793499537e+05 -4.431214035032092943e+04 1.102202554422638204e+05 6.742429630128588178e+04
6.072743092117570341e+05 -6.180602810440314352e+04 1.860696387947207040e+04 -4.979879856862657471e+04 1.916109129269095320e+03 1.487196219242246298e+05 3.783190104239418724e+04 5.013159154219040647e+04 1.302986834343257069e+05 -3.938736231335599441e+05 -7.429791300083837705e+05 -3.840815164590574568e+04 -1.359657540194397443e+05 -1.976715072825729440e+05 1.110492252145058010e+05 -3.748743721114383516e+04 2.541495842564750546e+03 1.333063320519285335e+05
2.807528446341990680e+07 8.286919120875320397e+06 3.934080109904318582e+06 1.759709688582964940e+06 -5.780104558640191099e+05 -1.200502256003345246e+05 -2.642286518283298239e+06 -1.273453561713557574e+05 -3.938736231335599441e+05 2.286184364860108793e+08 4.231546340180166066e+07 3.920416198748161644e+07 3.297603887034833431e+07 6.918806413848976605e+06 2.074566741354599129e+06 2.396132435942333192e+06 -3.346605201860933099e+06 2.392199456573702395e+06
-9.586300651574924588e+06 6.400958481404501013e+06 -2.112302971262889449e+06 -1.375112451359717408e+06 -1.196244031911265804e+06 -1.304679958709332859e+06 -4.498134011598278448e+04 -8.579845202861219877e+05 -7.429791300083837705e+05 4.231546340180166066e+07 7.278643529936605692e+07 1.157008339521732181e+06 6.164022790303722024e+06 2.146056083312667906e+06 -3.447395565466622356e+06 4.850777338683219859e+05 -3.096387423533296678e+06 -1.605216067640824243e+06
6.444765750629511662e+06 -5.355690671491577523e+05 4.456384809656335041e+06 7.722807567014601082e+05 1.175618935068490682e+06 6.734201896168156236e+04 -1.395789186110018927e+05 -1.190542854569988413e+05 -3.840815164590574568e+04 3.920416198748161644e+07 1.157008339521732181e+06 3.398523274895960838e+07 7.234988064550173469e+06 1.487773929179567494e+05 -1.635899796051943908e+06 -1.139504064973483095e+06 -1.485544254964329535e+06 2.079679502070591087e+06
-1.473202028784923721e+06 -1.744664762075601146e+06 -8.871405666386312805e+05 8.532336857174647739e+05 -7.680786052904847311e+05 -5.043794235748607753e+04 -8.087001994763313269e+04 -2.384554722190181783e+05 -1.359657540194397443e+05 3.297603887034833431e+07 6.164022790303722024e+06 7.234988064550173469e+06 1.387247867890027165e+07 2.043601052733701654e+06 1.391232780414316338e+06 5.175842763650396955e+05 1.662053151784309885e+05 8.463493910164512927e+05
4.384189784417544492e+06 -6.277234795527189272e+05 -5.724991897800901206e+05 5.719756836125849513e+05 1.657386568714694295e+05 -2.059940142815935833e+05 -1.884718017673163267e+05 2.722698827096600435e+05 -1.976715072825729440e+05 6.918806413848976605e+06 2.146056083312667906e+06 1.487773929179567494e+05 2.043601052733701654e+06 4.395527668203529902e+06 1.004328764901440154e+05 7.812192348017529584e+05 1.137355530434726388e+05 -1.649623782497792272e+05
1.544287385921687819e+06 -7.282742497447404312e+05 -2.519245373731105792e+04 -3.352600432159303455e+05 -1.332689219229143637e+05 8.608274598522038432e+05 3.077336262483194005e+05 2.402893178793499537e+05 1.110492252145058010e+05 2.074566741354599129e+06 -3.447395565466622356e+06 -1.635899796051943908e+06 1.391232780414316338e+06 1.004328764901440154e+05 3.181246776620304678e+06 5.770998263166294200e+05 5.978062636791124241e+05 3.009868143460474093e+05
-4.531658121112243389e+05 3.750778967537984718e+05 4.610476671899341745e+05 3.746621641766618122e+05 -1.083503558444310038e+05 8.378380721995566273e+04 6.220610544771209970e+04 -4.431214035032092943e+04 -3.748743721114383516e+04 2.396132435942333192e+06 4.850777338683219859e+05 -1.139504064973483095e+06 5.175842763650396955e+05 7.812192348017529584e+05 5.770998263166294200e+05 1.786961552123316098e+06 4.723485266398714157e+04 5.656687908823257749e+04
5.521680073858872056e+05 1.030527205141005921e+06 3.199819734635876957e+05 1.370377300014551147e+05 3.225167998525170697e+04 1.472892035858565941e+05 1.324050784854855156e+05 1.102202554422638204e+05 2.541495842564750546e+03 -3.346605201860933099e+06 -3.096387423533296678e+06 -1.485544254964329535e+06 1.662053151784309885e+05 1.137355530434726388e+05 5.978062636791124241e+05 4.723485266398714157e+04 1.076892000266158953e+06 8.415199792203212564e+04
9.343670348193547688e+05 9.112074146411790935e+03 2.979958313671769574e+05 1.220622483793915162e+05 6.822783638119684838e+03 2.190321957964059256e+05 8.920527742776231025e+04 6.742429630128588178e+04 1.333063320519285335e+05 2.392199456573702395e+06 -1.605216067640824243e+06 2.079679502070591087e+06 8.463493910164512927e+05 -1.649623782497792272e+05 3.009868143460474093e+05 5.656687908823257749e+04 8.415199792203212564e+04 6.963969620467770146e+05
