4.819185001954610646e+07 8.580125538358531892e+06 1.877875971523683285e+06 -8.005269606914630858e+05 9.005043701682278188e+05 -8.389556083268548828e+05 7.121364025097197155e+05 -5.580133894587218529e+05 -5.282345248426818289e+05 6.093910658122797310e+07 2.535425745674664527e+07 5.459690136481924914e+06 -2.779277163430171553e+06 -4.410635800550210290e+06 -5.314922577034828253e+06 1.171587349760823650e+06 1.179240238781403517e+06 4.231119240740573878e+04
8.580125538358531892e+06 2.454363136358017847e+07 1.877208933569416869e+06 4.016583113390905783e+04 1.752015244543040404e+06 3.568592466132013360e+05 -9.370993412656544024e+03 6.229446386054449249e+05 4.208001618689612369e+05 6.642006071663346374e+05 2.897520316054074466e+07 -3.875495099362380803e+06 -1.600186900004089810e+06 5.243249223055759445e+06 4.991492404391858727e+05 1.345227391642594477e+06 5.487166798148844391e+05 4.864143751853267895e+05
1.877875971523683285e+06 1.877208933569416869e+06 3.875627459485908970e+06 8.604685381326242350e+05 1.558387939840701001e+05 -2.499526954043867008e+05 9.359646412339613016e+04 2.269439656074089871e+05 2.495802052570042724e+05 -4.323695899496045895e+06 -2.866226765513309510e+05 4.279837217228857917e+05 -1.671645316358244745e+05 -1.761184773719313089e+05 -9.643059737943826476e+05 8.291136304136294639e+05 7.562451050871239277e+05 -5.677497790201498719e+04
-8.005269606914630858e+05 4.016583113390905783e+04 8.604685381326242350e+05 3.624999307026850525e+06 6.552263562930681510e+05 2.786346545851657866e+05 -7.895064625352372241e+04 1.121942610543545161e+05 2.051073105590290506e+05 -7.837372560272329487e+06 -4.753246312976942136e+04 -1.324602393937524874e+06 1.505743467749884119e+06 8.013107503992746351e+05 3.840691992421962786e+05 5.460329950746661052e+05 8.608745587402954698e+05 3.573535327381941024e+05
9.005043701682278188e+05 1.752015244543040404e+06 1.558387939840701001e+05 6.552263562930681510e+05 1.441924641864762176e+06 2.919765190479432349e+05 1.608979282738258771e+05 1.678099430748332234e+05 3.666411860753984365e+04 1.819966134376778500e+06 2.348441662429448217e+06 6.771507436258319649e+04 -7.430758067933736602e+05 8.128314218955873512e+05 8.458526348149719415e+05 8.292407667794572189e+05 2.470226339416115079e+05 7.770269646034378093e+04
-8.389556083268548828e+05 3.568592466132013360e+05 -2.499526954043867008e+05 2.786346545851657866e+05 2.919765190479432349e+05 6.427074766592736123e+05 1.053597836334871499e+04 2.554645689437155306e+04 -3.136264716180395772e+04 -1.566210955160510726e+06 5.846639286577489693e+05 -9.084057170300667349e+04 -1.193622321795477001e+04 7.933718282509237761e+05 3.038637287520093960e+05 -6.791000847226742189e+04 6.798976315106225957e+04 7.642079674804068054e+04
7.121364025097197155e+05 -9.370993412656544024e+03 9.359646412339613016e+04 -7.895064625352372241e+04 1.608979282738258771e+05 1.053597836334871499e+04 3.724645850369726541e+05 1.373890117055548471e+05 -3.850540200846317748e+04 3.149774925238155760e+06 -2.221532458384204656e+05 2.186582571452956763e+05 -4.391562236751412274e+05 -3.183404346804674788e+04 -1.816636234039689589e+05 1.674597470629118034e+05 1.948891357172198768e+05 -6.506226656786418607e+04
-5.580133894587218529e+05 6.229446386054449249e+05 2.269439656074089871e+05 1.121942610543545161e+05 1.678099430748332234e+05 2.554645689437155306e+04 1.373890117055548471e+05 2.108389195211072802e+05 3.576214563553589687e+04 -3.867431631863153307e+05 5.645032312297524913e+04 -7.495422336157804239e+03 -2.663282176134405308e+05 1.819503426606814610e+05 1.801497500699301017e+05 1.533171170048498607e+05 1.491273912850268243e+05 5.655413255349837709e+04
-5.282345248426818289e+05 4.208001618689612369e+05 2.495802052570042724e+05 2.051073105590290506e+05 3.666411860753984365e+04 -3.136264716180395772e+04 -3.850540200846317748e+04 3.576214563553589687e+04 1.667510563525221369e+05 -2.124580475454732776e+06 6.709328487989472924e+05 -1.272120381245270546e+05 3.150989848803805071e+05 5.392517091383273510e+04 3.929223043307267653e+04 -7.307600228870385035e+04 8.942242931602281169e+04 8.165239199783781078e+04
6.093910658122797310e+07 6.642006071663346374e+05 -4.323695899496045895e+06 -7.837372560272329487e+06 1.819966134376778500e+06 -1.566210955160510726e+06 3.149774925238155760e+06 -3.867431631863153307e+05 -2.124580475454732776e+06 2.876604659685282707e+08 4.005292270251788199e+07 3.748966821186814457e+07 -5.557244331174917519e+06 -2.215700739558943734e+07 -9.360343038962816820e+06 -1.915236501656142995e+06 3.313337427922758739e+06 -3.593804301941291196e+05
2.535425745674664527e+07 2.897520316054074466e+07 -2.866226765513309510e+05 -4.753246312976942136e+04 2.348441662429448217e+06 5.846639286577489693e+05 -2.221532458384204656e+05 5.645032312297524913e+04 6.709328487989472924e+05 4.005292270251788199e+07 8.442381248605683446e+07 1.672661335323883966e+07 1.910934535325088771e+06 8.954214422066545114e+06 -1.010257036070388858e+06 9.165687089164779172e+04 9.793136036546286196e+05 2.213839611762006767e+06
5.459690136481924914e+06 -3.875495099362380803e+06 4.279837217228857917e+05 -1.324602393937524874e+06 6.771507436258319649e+04 -9.084057170300667349e+04 2.186582571452956763e+05 -7.495422336157804239e+03 -1.272120381245270546e+05 3.748966821186814457e+07 1.672661335323883966e+07 3.581042778676085174e+07 7.217456359030683525e+06 -6.514026724961833097e+05 -2.813232537961112335e+06 -8.891490354268968804e+05 1.008345569822016987e+06 -2.582527664825604006e+05
-2.779277163430171553e+06 -1.600186900004089810e+06 -1.671645316358244745e+05 1.505743467749884119e+06 -7.430758067933736602e+05 -1.193622321795477001e+04 -4.391562236751412274e+05 -2.663282176134405308e+05 3.150989848803805071e+05 -5.557244331174917519e+06 1.910934535325088771e+06 7.217456359030683525e+06 1.013589617728109844e+07 1.441676646292858757e+06 1.499551610609793279e+05 -3.264926920866418513e+05 -3.637734154561552568e+05 4.751884612733703107e+05
-4.410635800550210290e+06 5.243249223055759445e+06 -1.761184773719313089e+05 8.013107503992746351e+05 8.128314218955873512e+05 7.933718282509237761e+05 -3.183404346804674788e+04 1.819503426606814610e+05 5.392517091383273510e+04 -2.215700739558943734e+07 8.954214422066545114e+06 -6.514026724961833097e+05 1.441676646292858757e+06 6.877962575723660178e+06 1.702164524340293137e+06 5.946239324140396202e+05 4.207172862956148310e+04 3.959539983318668092e+05
-5.314922577034828253e+06 4.991492404391858727e+05 -9.643059737943826476e+05 3.840691992421962786e+05 8.458526348149719415e+05 3.038637287520093960e+05 -1.816636234039689589e+05 1.801497500699301017e+05 3.929223043307267653e+04 -9.360343038962816820e+06 -1.010257036070388858e+06 -2.813232537961112335e+06 1.499551610609793279e+05 1.702164524340293137e+06 3.464167315330266953e+06 7.949996485540901776e+05 -3.275151500764581142e+05 2.944491967245887499e+05
1.171587349760823650e+06 1.345227391642594477e+06 8.291136304136294639e+05 5.460329950746661052e+05 8.292407667794572189e+05 -6.791000847226742189e+04 1.674597470629118034e+05 1.533171170048498607e+05 -7.307600228870385035e+04 -1.915236501656142995e+06 9.165687089164779172e+04 -8.891490354268968804e+05 -3.264926920866418513e+05 5.946239324140396202e+05 7.949996485540901776e+05 1.839712160678782035e+06 4.850359728412793629e+04 9.997012658628921781e+04
1.179240238781403517e+06 5.487166798148844391e+05 7.562451050871239277e+05 8.608745587402954698e+05 2.470226339416115079e+05 6.798976315106225957e+04 1.948891357172198768e+05 1.491273912850268243e+05 8.942242931602281169e+04 3.313337427922758739e+06 9.793136036546286196e+05 1.008345569822016987e+06 -3.637734154561552568e+05 4.207172862956148310e+04 -3.275151500764581142e+05 4.850359728412793629e+04 1.140589629818999907e+06 -2.522095299271222029e+04
4.231119240740573878e+04 4.864143751853267895e+05 -5.677497790201498719e+04 3.573535327381941024e+05 7.770269646034378093e+04 7.642079674804068054e+04 -6.506226656786418607e+04 5.655413255349837709e+04 8.165239199783781078e+04 -3.593804301941291196e+05 2.213839611762006767e+06 -2.582527664825604006e+05 4.751884612733703107e+05 3.959539983318668092e+05 2.944491967245887499e+05 9.997012658628921781e+04 -2.522095299271222029e+04 4.799386828316150932e+05
