4.668808749579627812e+07 3.283944050668849144e+06 -3.732407578718375298e+05 -1.629249204096813628e+05 2.939046294592000544e+06 5.918698989718038356e+05 2.075903894801778719e+06 4.844923318707466824e+05 -1.313386189310936898e+05 -1.246435580210051313e+07 8.344462767367185093e+06 6.498698699206946003e+03 -1.965118750530333957e+06 -3.290188136590159032e+06 6.631304049994907109e+05 6.729656544970455579e+05 -1.314601751918031834e+06 -2.342320811026857991e+05
3.283944050668849144e+06 1.789347818432188779e+07 6.902164990944700548e+05 3.419593969965178985e+04 1.658481537267854437e+06 1.326191899936247384e+06 -8.239975463999609929e+04 -7.016192928774713073e+04 3.174200264867573278e+05 6.571302315742059611e+06 2.297634451738511026e+07 4.173133847613157704e+06 -3.067470642615558463e+05 -3.490196142522852751e+05 -1.596504303867729905e+05 1.213680455544445431e+06 1.020917426942470018e+06 3.621111394498959417e+05
-3.732407578718375298e+05 6.902164990944700548e+05 2.803983632191274781e+06 2.374358200956289365e+05 -4.949890264996457518e+03 -2.628938479089468601e+05 -1.284234555571066448e+05 2.774673372245217906e+05 4.031914242446443677e+04 3.806663105370127596e+06 3.148243548599661794e+06 1.211790235943061765e+06 7.650820755902427481e+05 -4.978669718117823941e+05 -5.291636760605502641e+05 7.795263492090398213e+05 4.129924723333645670e+04 1.690345403918630909e+05
-1.629249204096813628e+05 3.419593969965178985e+04 2.374358200956289365e+05 2.133490395681783557e+06 1.200853979087802436e+05 1.471296210277097125e+05 -2.832904231431204971e+04 1.973634783543578233e+05 8.460667190095150727e+04 6.656879196349125123e+05 1.087039573505753418e+06 -2.981284614579160698e+05 6.360020629230360501e+05 -2.581162417127195658e+04 2.798193592397614848e+05 1.806303783157918660e+05 -2.208757319777368684e+05 -1.933823298685424088e+05
2.939046294592000544e+06 1.658481537267854437e+06 -4.949890264996457518e+03 1.200853979087802436e+05 9.991256749594273278e+05 2.748630300762275001e+05 9.342619040640896128e+04 9.125887979393417481e+04 4.527691919822460477e+04 -2.614995457118023478e+05 1.260460731285491260e+06 1.077228482328744140e+06 -5.597855891171796247e+05 -2.520471914719479682e+05 9.268996650690669776e+04 4.966645123519242043e+05 1.741345643648032274e+05 -1.227884014875738212e+05
5.918698989718038356e+05 1.326191899936247384e+06 -2.628938479089468601e+05 1.471296210277097125e+05 2.748630300762275001e+05 7.208442532219556160e+05 2.952098767200865404e+04 -3.541993425318883965e+04 1.186003638038905410e+04 1.231765780512555735e+06 -2.187395825316029659e+05 1.628923569471925730e+06 -6.949479141526109306e+05 -4.617520288225803524e+05 1.457211266047920508e+05 2.958963316013317672e+05 1.020772183958335518e+05 -1.549422209637683700e+05
2.075903894801778719e+06 -8.239975463999609929e+04 -1.284234555571066448e+05 -2.832904231431204971e+04 9.342619040640896128e+04 2.952098767200865404e+04 2.972264973574586329e+05 4.851421346344203630e+04 -1.309672049576164682e+04 2.109841464016894344e+06 -1.661299824164121528e+05 -6.304424418123287614e+05 2.632020736799086535e+03 1.252044763542164001e+05 2.321490463676909276e+05 2.041537370961527049e+05 -1.350036291962046816e+05 3.436538415813364554e+04
4.844923318707466824e+05 -7.016192928774713073e+04 2.774673372245217906e+05 1.973634783543578233e+05 9.125887979393417481e+04 -3.541993425318883965e+04 4.851421346344203630e+04 2.214389353733184107e+05 4.446083563274428161e+04 1.023385946574819856e+06 8.036195051214974374e+05 -5.833975328630831791e+05 9.714156028502450499e+04 1.895514878517327306e+05 8.557849642049550312e+04 3.515279108155916329e+05 3.109972018423984628e+04 -1.189581661674685165e+04
-1.313386189310936898e+05 3.174200264867573278e+05 4.031914242446443677e+04 8.460667190095150727e+04 4.527691919822460477e+04 1.186003638038905410e+04 -1.309672049576164682e+04 4.446083563274428161e+04 7.016317065892969549e+04 3.279911837833859026e+05 5.618072050528279506e+05 8.247314440068404656e+04 3.429949879588247859e+04 2.579282891235991337e+04 -4.227270383653240060e+03 -4.197982665930608346e+04 -4.216968540986993503e+03 -6.370008286240713460e+02
-1.246435580210051313e+07 6.571302315742059611e+06 3.806663105370127596e+06 6.656879196349125123e+05 -2.614995457118023478e+05 1.231765780512555735e+06 2.109841464016894344e+06 1.023385946574819856e+06 3.279911837833859026e+05 1.765530525362015963e+08 1.584145903055801243e+07 1.674403546597195603e+07 2.799406634891126305e+05 6.020896660132585093e+06 5.258951148079806007e+06 1.025812113873831369e+07 6.887951338257279713e+05 7.481651149437081767e+05
8.344462767367185093e+06 2.297634451738511026e+07 3.148243548599661794e+06 1.087039573505753418e+06 1.260460731285491260e+06 -2.187395825316029659e+05 -1.661299824164121528e+05 8.036195051214974374e+05 5.618072050528279506e+05 1.584145903055801243e+07 7.293287600695002079e+07 3.387739879977768287e+06 1.312248183770571370e+06 2.941580838893766515e+06 -8.407594329247750575e+05 1.558682060223959154e+06 2.393255942666969262e+06 2.260291293525504880e+06
6.498698699206946003e+03 4.173133847613157704e+06 1.211790235943061765e+06 -2.981284614579160698e+05 1.077228482328744140e+06 1.628923569471925730e+06 -6.304424418123287614e+05 -5.833975328630831791e+05 8.247314440068404656e+04 1.674403546597195603e+07 3.387739879977768287e+06 1.992825822893264517e+07 1.874164400764668128e+06 -1.596374300359693007e+05 -8.919266092413949082e+05 2.140021738756079227e+06 8.676819757536323741e+05 -5.776126808005730854e+05
-1.965118750530333957e+06 -3.067470642615558463e+05 7.650820755902427481e+05 6.360020629230360501e+05 -5.597855891171796247e+05 -6.949479141526109306e+05 2.632020736799086535e+03 9.714156028502450499e+04 3.429949879588247859e+04 2.799406634891126305e+05 1.312248183770571370e+06 1.874164400764668128e+06 8.816088110293524340e+06 2.411964580763784237e+06 -3.969780592815874261e+05 7.831468997631145176e+05 1.212721883030437457e+05 6.873388690866655088e+04
-3.290188136590159032e+06 -3.490196142522852751e+05 -4.978669718117823941e+05 -2.581162417127195658e+04 -2.520471914719479682e+05 -4.617520288225803524e+05 1.252044763542164001e+05 1.895514878517327306e+05 2.579282891235991337e+04 6.020896660132585093e+06 2.941580838893766515e+06 -1.596374300359693007e+05 2.411964580763784237e+06 5.773127409358545206e+06 1.449261671265129000e+06 2.423147236342077143e+06 3.142747097574380459e+05 2.297197222529940336e+04
6.631304049994907109e+05 -1.596504303867729905e+05 -5.291636760605502641e+05 2.798193592397614848e+05 9.268996650690669776e+04 1.457211266047920508e+05 2.321490463676909276e+05 8.557849642049550312e+04 -4.227270383653240060e+03 5.258951148079806007e+06 -8.407594329247750575e+05 -8.919266092413949082e+05 -3.969780592815874261e+05 1.449261671265129000e+06 2.014464543725159485e+06 9.594069485667020781e+05 5.367754541109890852e+04 -1.188165566101553559e+05
6.729656544970455579e+05 1.213680455544445431e+06 7.795263492090398213e+05 1.806303783157918660e+05 4.966645123519242043e+05 2.958963316013317672e+05 2.041537370961527049e+05 3.515279108155916329e+05 -4.197982665930608346e+04 1.025812113873831369e+07 1.558682060223959154e+06 2.140021738756079227e+06 7.831468997631145176e+05 2.423147236342077143e+06 9.594069485667020781e+05 3.467062422144747339e+06 1.625574564352430170e+05 -1.211973098472475394e+05
-1.314601751918031834e+06 1.020917426942470018e+06 4.129924723333645670e+04 -2.208757319777368684e+05 1.741345643648032274e+05 1.020772183958335518e+05 -1.350036291962046816e+05 3.109972018423984628e+04 -4.216968540986993503e+03 6.887951338257279713e+05 2.393255942666969262e+06 8.676819757536323741e+05 1.212721883030437457e+05 3.142747097574380459e+05 5.367754541109890852e+04 1.625574564352430170e+05 6.685314925764235668e+05 3.202479405571308962e+04
-2.342320811026857991e+05 3.621111394498959417e+05 1.690345403918630909e+05 -1.933823298685424088e+05 -1.227884014875738212e+05 -1.549422209637683700e+05 3.436538415813364554e+04 -1.189581661674685165e+04 -6.370008286240713460e+02 7.481651149437081767e+05 2.260291293525504880e+06 -5.776126808005730854e+05 6.873388690866655088e+04 2.297197222529940336e+04 -1.188165566101553559e+05 -1.211973098472475394e+05 3.202479405571308962e+04 3.689585222736263531e+05
