5.369927240017149597e+07 4.133234323804310989e+06 -3.751840420887852553e+06 1.783928691536474740e+06 2.786701716751709464e+05 -1.175275984923565527e+06 -3.700251541574381408e+05 -3.704740177924828022e+05 6.478549016082235612e+05 2.553814335568536073e+07 9.309322209545282647e+06 -1.784844266307985643e+06 5.654081491762925871e+06 -2.967975422606536653e+06 4.541718746434155037e+05 -2.173279083826632123e+05 -3.479004660264358390e+05 -9.133816245082755340e+05
4.133234323804310989e+06 2.046306651202356070e+07 1.262717921642134665e+06 8.174209011821707827e+04 1.112061619059405522e+06 2.837008495185339707e+05 -4.899236215419127984e+04 -1.726499451294967730e+05 -2.237170841685664491e+05 7.601978363180637360e+06 1.257168275137715414e+07 -1.395539934167073108e+06 -1.271327714704473474e+05 1.598635871942581376e+06 -2.848946575544675346e+06 -5.982577821854728973e+05 -2.589953192285121477e+05 -2.959101476960650180e+05
-3.751840420887852553e+06 1.262717921642134665e+06 5.807096687891191803e+06 -1.045369175905802258e+05 -6.122491914229489630e+05 -3.784127069441155527e+03 3.810119397804476903e+05 2.239166130725685216e+05 -3.427794553795955144e+05 4.436609930292379111e+06 3.830814387992558768e+05 4.758158030047841370e+06 1.439131683863772079e+06 1.621269933433970204e+06 -3.917268139407820418e+05 -1.857701015373959963e+05 -9.243941919725075422e+04 4.556650766658180510e+05
1.783928691536474740e+06 8.174209011821707827e+04 -1.045369175905802258e+05 1.869143565973074175e+06 5.562371540858398657e+05 3.745465841792513675e+04 4.560379350406536250e+05 6.077476957652506826e+04 1.635953133784843376e+05 -4.056405378234692849e+06 2.310422703395873541e+05 2.303348794740268961e+06 1.471441729917698773e+06 1.681270520826033026e+05 -5.444299774636243819e+04 6.380861216044728644e+04 -4.521213717260549311e+05 -1.248547892504928168e+05
2.786701716751709464e+05 1.112061619059405522e+06 -6.122491914229489630e+05 5.562371540858398657e+05 1.949442131866147975e+06 4.502707000372062321e+05 1.394522655203262984e+05 3.027562831993381405e+04 1.881401768350423954e+05 -3.429921422361348290e+06 5.365298819781034254e+05 1.642199952547866269e+05 -9.035506574703953229e+05 1.189938074177866103e+06 -2.208356189236274076e+03 -4.624425644117092452e+04 -9.651843636008477188e+04 4.339620139931575068e+03
-1.175275984923565527e+06 2.837008495185339707e+05 -3.784127069441155527e+03 3.745465841792513675e+04 4.502707000372062321e+05 5.958300128234317526e+05 2.496469560530265517e+04 -1.196366246921004786e+05 3.118992924847292306e+04 -1.047884999719082029e+06 -2.540228228173825191e+05 -6.363373779036425985e+05 -1.229599167572560487e+06 4.544225207680396852e+05 8.938937472311826423e+04 1.167651687305658852e+05 6.668479266310893581e+04 2.278987569904609700e+04
-3.700251541574381408e+05 -4.899236215419127984e+04 3.810119397804476903e+05 4.560379350406536250e+05 1.394522655203262984e+05 2.496469560530265517e+04 3.046675400670742965e+05 7.923690478342841379e+04 2.068839084258578077e+04 -1.049175178092501359e+06 -1.778870653758473927e+05 1.199118829959290335e+06 7.682782360494415043e+05 1.057987514711282420e+05 -8.757887432580057066e+04 1.615408841169973311e+05 -9.343969165113790950e+04 -4.311091726291387749e+04
-3.704740177924828022e+05 -1.726499451294967730e+05 2.239166130725685216e+05 6.077476957652506826e+04 3.027562831993381405e+04 -1.196366246921004786e+05 7.923690478342841379e+04 1.723124804261302925e+05 8.713017411792330677e+03 1.771701521973071794e+05 -8.342242849874017993e+05 3.557041388882285682e+05 2.470515134089812054e+05 9.138513862997070828e+04 3.516139673256505193e+04 1.150868191469937155e+05 2.972297934960033672e+04 6.697849469476610830e+04
6.478549016082235612e+05 -2.237170841685664491e+05 -3.427794553795955144e+05 1.635953133784843376e+05 1.881401768350423954e+05 3.118992924847292306e+04 2.068839084258578077e+04 8.713017411792330677e+03 8.434198360159296135e+04 -1.381350968344747787e+06 -1.470765434147495253e+05 -1.059950345862166723e+05 1.468945585027346096e+05 5.047069827853996685e+04 1.274116025320886256e+05 1.203623574190843210e+05 3.286572819801930746e+04 5.284866410683077447e+03
2.553814335568536073e+07 7.601978363180637360e+06 4.436609930292379111e+06 -4.056405378234692849e+06 -3.429921422361348290e+06 -1.047884999719082029e+06 -1.049175178092501359e+06 1.771701521973071794e+05 -1.381350968344747787e+06 2.193490401273288131e+08 1.498841299265911616e+07 -4.932338357619892806e+06 -4.475551445412329398e+06 6.498160314244737849e+06 2.983387211703660432e+06 -2.818680873888121452e+06 -3.101573432463936042e+06 -2.628805545877547935e+06
9.309322209545282647e+06 1.257168275137715414e+07 3.830814387992558768e+05 2.310422703395873541e+05 5.365298819781034254e+05 -2.540228228173825191e+05 -1.778870653758473927e+05 -8.342242849874017993e+05 -1.470765434147495253e+05 1.498841299265911616e+07 5.598932994117898494e+07 -3.127972288818270434e+06 -1.950685709983420791e+06 1.474725424246760085e+06 -1.688731158841792028e+06 -1.471386925713008735e+06 -1.032200789064862765e+06 -2.005553806489420589e+06
-1.784844266307985643e+06 -1.395539934167073108e+06 4.758158030047841370e+06 2.303348794740268961e+06 1.642199952547866269e+05 -6.363373779036425985e+05 1.199118829959290335e+06 3.557041388882285682e+05 -1.059950345862166723e+05 -4.932338357619892806e+06 -3.127972288818270434e+06 2.861443760254712403e+07 9.218882074260292575e+06 -1.197903564133362146e+06 9.479946257978102949e+04 -1.940096119383022015e+05 5.112386424805095303e+05 7.191416014057745924e+05
5.654081491762925871e+06 -1.271327714704473474e+05 1.439131683863772079e+06 1.471441729917698773e+06 -9.035506574703953229e+05 -1.229599167572560487e+06 7.682782360494415043e+05 2.470515134089812054e+05 1.468945585027346096e+05 -4.475551445412329398e+06 -1.950685709983420791e+06 9.218882074260292575e+06 1.070025823046109453e+07 -6.454386534698220203e+05 3.802952968586148927e+05 3.527805919550773106e+05 -1.104484408119455620e+05 4.799911401455862215e+05
-2.967975422606536653e+06 1.598635871942581376e+06 1.621269933433970204e+06 1.681270520826033026e+05 1.189938074177866103e+06 4.544225207680396852e+05 1.057987514711282420e+05 9.138513862997070828e+04 5.047069827853996685e+04 6.498160314244737849e+06 1.474725424246760085e+06 -1.197903564133362146e+06 -6.454386534698220203e+05 4.964721713865140453e+06 5.614875203584244009e+05 1.306723883357647137e+05 4.028242923261749092e+04 2.962449005630818283e+04
4.541718746434155037e+05 -2.848946575544675346e+06 -3.917268139407820418e+05 -5.444299774636243819e+04 -2.208356189236274076e+03 8.938937472311826423e+04 -8.757887432580057066e+04 3.516139673256505193e+04 1.274116025320886256e+05 2.983387211703660432e+06 -1.688731158841792028e+06 9.479946257978102949e+04 3.802952968586148927e+05 5.614875203584244009e+05 2.462638551080621779e+06 1.165987646319501568e+06 1.254132400225724123e+05 2.186353498587906943e+05
-2.173279083826632123e+05 -5.982577821854728973e+05 -1.857701015373959963e+05 6.380861216044728644e+04 -4.624425644117092452e+04 1.167651687305658852e+05 1.615408841169973311e+05 1.150868191469937155e+05 1.203623574190843210e+05 -2.818680873888121452e+06 -1.471386925713008735e+06 -1.940096119383022015e+05 3.527805919550773106e+05 1.306723883357647137e+05 1.165987646319501568e+06 1.936635243751673261e+06 5.022360105314053944e+05 1.116604167105405068e+05
-3.479004660264358390e+05 -2.589953192285121477e+05 -9.243941919725075422e+04 -4.521213717260549311e+05 -9.651843636008477188e+04 6.668479266310893581e+04 -9.343969165113790950e+04 2.972297934960033672e+04 3.286572819801930746e+04 -3.101573432463936042e+06 -1.032200789064862765e+06 5.112386424805095303e+05 -1.104484408119455620e+05 4.028242923261749092e+04 1.254132400225724123e+05 5.022360105314053944e+05 1.041215805734153138e+06 3.013777514427910792e+05
-9.133816245082755340e+05 -2.959101476960650180e+05 4.556650766658180510e+05 -1.248547892504928168e+05 4.339620139931575068e+03 2.278987569904609700e+04 -4.311091726291387749e+04 6.697849469476610830e+04 5.284866410683077447e+03 -2.628805545877547935e+06 -2.005553806489420589e+06 7.191416014057745924e+05 4.799911401455862215e+05 2.962449005630818283e+04 2.186353498587906943e+05 1.116604167105405068e+05 3.013777514427910792e+05 6.058359653820062522e+05
