5.395567088901578635e+07 4.447281282023541629e+06 -2.432065664774787612e+06 4.002997246140275965e+05 1.562418301904384512e+06 4.865090396795955894e+04 1.346161617025426589e+06 5.980556838632355211e+05 -5.970312387008005317e+04 3.428148039234927297e+07 3.261803473376667872e+07 1.399751416366261197e+06 2.758600586689123884e+06 6.733703527567605488e+06 -1.154342383230797714e+06 2.489592804642619099e+06 -5.017781008656082558e+05 1.219126254504326498e+06
4.447281282023541629e+06 1.436075666306112520e+07 3.131908860986833461e+05 -8.855998046413549455e+05 6.251635341311157681e+05 1.441339695844763482e+05 1.896215590038566734e+05 -3.579598269861075678e+05 1.033711436171217210e+05 1.245821039316043071e+07 1.168100862216675840e+07 -1.697163660326208628e+04 -2.847385597909945995e+06 -2.343715412955417763e+06 4.400552596771224635e+05 -1.412232838689392433e+06 -9.827504203533960972e+05 -2.221421873763717012e+05
-2.432065664774787612e+06 3.131908860986833461e+05 4.682571984339958988e+06 4.585809442551538232e+05 2.558134624852852721e+05 3.016982521879125125e+04 -2.405720307057100872e+05 -2.702689404170158086e+05 -1.765080833942606114e+05 1.209277284926063614e+06 -4.005458239470412489e+06 1.069008971732227219e+05 -1.128737938894249266e+06 4.528619342428027885e+05 8.825429556860256707e+04 -8.269395358737272909e+05 1.553422563421686064e+05 1.035281392511173035e+05
4.002997246140275965e+05 -8.855998046413549455e+05 4.585809442551538232e+05 2.022103343805332435e+06 2.629399257549707545e+05 6.521684558732817095e+04 -4.927112465586378676e+04 1.586616672479591507e+05 -8.588504169578505389e+04 -7.217485004336807178e+05 4.645657222471086308e+06 -3.488267779125944362e+05 -1.092031070585324895e+06 -9.115963688373517471e+01 -5.591376302808856126e+05 3.498637228361254674e+05 -7.048883803740570329e+03 2.633937016094820574e+05
1.562418301904384512e+06 6.251635341311157681e+05 2.558134624852852721e+05 2.629399257549707545e+05 1.229296190937477397e+06 1.619338945549696509e+05 -1.926961160169258437e+04 1.333809682712870708e+05 9.215970397068774037e+04 2.296939759511370212e+06 6.177461435783699155e+06 9.532134187349464046e+05 -5.934462561685512774e+05 -2.545931279541546246e+05 -1.523721851769334753e+05 1.741764981055157477e+04 2.109910851612372062e+04 -1.326868434418682009e+05
4.865090396795955894e+04 1.441339695844763482e+05 3.016982521879125125e+04 6.521684558732817095e+04 1.619338945549696509e+05 5.682438129627065500e+05 1.543684503379889356e+05 1.405083029836681671e+05 6.442913759445477626e+04 3.875155792468488216e+06 1.255140765508959536e+06 4.466973237596004037e+05 -6.235351351858151611e+05 1.031496374011951957e+04 2.259278925002015894e+05 4.596577409353994299e+05 1.101164246593800344e+05 -5.279611419214747002e+04
1.346161617025426589e+06 1.896215590038566734e+05 -2.405720307057100872e+05 -4.927112465586378676e+04 -1.926961160169258437e+04 1.543684503379889356e+05 4.046557640355472686e+05 1.010057633271405066e+05 8.981049180354189593e+04 3.923368849459129706e+04 4.631035623735190602e+05 9.874295857682910282e+05 5.044456413079745835e+04 2.312745808386921126e+05 2.691471108425478451e+05 2.532641217794770491e+05 1.690475003488387447e+05 3.819572996759119269e+04
5.980556838632355211e+05 -3.579598269861075678e+05 -2.702689404170158086e+05 1.586616672479591507e+05 1.333809682712870708e+05 1.405083029836681671e+05 1.010057633271405066e+05 2.864223909707640996e+05 6.866865833245542308e+04 1.925667031630341429e+06 4.994323368016258464e+05 -3.952179509182689944e+05 -1.094385362215738569e+05 -2.362181789454588852e+03 4.634088783783810504e+04 1.205287136817499704e+05 -9.191235829562714207e+04 4.133489170388866114e+02
-5.970312387008005317e+04 1.033711436171217210e+05 -1.765080833942606114e+05 -8.588504169578505389e+04 9.215970397068774037e+04 6.442913759445477626e+04 8.981049180354189593e+04 6.866865833245542308e+04 1.102275591353912168e+05 1.868612282885917521e+05 -2.106261753851631074e+05 1.143753591815062100e+05 -1.853357066122584802e+05 -2.276258264334164560e+05 1.196518964507649616e+04 7.941147345343389316e+04 -5.462781633877366403e+03 -1.626310840557877327e+03
3.428148039234927297e+07 1.245821039316043071e+07 1.209277284926063614e+06 -7.217485004336807178e+05 2.296939759511370212e+06 3.875155792468488216e+06 3.923368849459129706e+04 1.925667031630341429e+06 1.868612282885917521e+05 2.582348249546022117e+08 4.561517814246974140e+07 -9.971559420956127346e+06 -3.800862243471486960e+06 -1.945227883220206946e+06 -3.273356431845805491e+05 3.783467105906759389e+05 -1.065576036082023522e+06 9.676678040660731494e+05
3.261803473376667872e+07 1.168100862216675840e+07 -4.005458239470412489e+06 4.645657222471086308e+06 6.177461435783699155e+06 1.255140765508959536e+06 4.631035623735190602e+05 4.994323368016258464e+05 -2.106261753851631074e+05 4.561517814246974140e+07 1.436350267187457085e+08 1.951224524070591666e+06 5.829815008236612193e+06 1.511087707090120530e+06 -2.237982228740890045e+06 2.442887054405068047e+06 -9.298139712641388178e+05 2.645713027736273943e+05
1.399751416366261197e+06 -1.697163660326208628e+04 1.069008971732227219e+05 -3.488267779125944362e+05 9.532134187349464046e+05 4.466973237596004037e+05 9.874295857682910282e+05 -3.952179509182689944e+05 1.143753591815062100e+05 -9.971559420956127346e+06 1.951224524070591666e+06 2.394369248514458910e+07 3.160976043083849829e+06 -1.487723987030434189e+06 1.790077177104533184e+06 2.005021092095738044e+06 2.609689660779458471e+06 -1.640481327000155870e+05
2.758600586689123884e+06 -2.847385597909945995e+06 -1.128737938894249266e+06 -1.092031070585324895e+06 -5.934462561685512774e+05 -6.235351351858151611e+05 5.044456413079745835e+04 -1.094385362215738569e+05 -1.853357066122584802e+05 -3.800862243471486960e+06 5.829815008236612193e+06 3.160976043083849829e+06 1.078422978321000189e+07 2.659158725833122153e+06 -1.492535335096280323e+06 -8.480748975377293536e+05 6.692646071401531808e+05 5.966462254809450824e+05
6.733703527567605488e+06 -2.343715412955417763e+06 4.528619342428027885e+05 -9.115963688373517471e+01 -2.545931279541546246e+05 1.031496374011951957e+04 2.312745808386921126e+05 -2.362181789454588852e+03 -2.276258264334164560e+05 -1.945227883220206946e+06 1.511087707090120530e+06 -1.487723987030434189e+06 2.659158725833122153e+06 5.378209868608547375e+06 -1.991513737747873238e+05 4.035714765567324939e+05 -1.681161281979504274e+05 3.661517523950930336e+05
-1.154342383230797714e+06 4.400552596771224635e+05 8.825429556860256707e+04 -5.591376302808856126e+05 -1.523721851769334753e+05 2.259278925002015894e+05 2.691471108425478451e+05 4.634088783783810504e+04 1.196518964507649616e+04 -3.273356431845805491e+05 -2.237982228740890045e+06 1.790077177104533184e+06 -1.492535335096280323e+06 -1.991513737747873238e+05 2.533602538013150916e+06 9.279685179361917544e+05 3.176853285755569814e+05 -1.984259784777866153e+05
2.489592804642619099e+06 -1.412232838689392433e+06 -8.269395358737272909e+05 3.498637228361254674e+05 1.741764981055157477e+04 4.596577409353994299e+05 2.532641217794770491e+05 1.205287136817499704e+05 7.941147345343389316e+04 3.783467105906759389e+05 2.442887054405068047e+06 2.005021092095738044e+06 -8.480748975377293536e+05 4.035714765567324939e+05 9.279685179361917544e+05 2.085741914221061161e+06 5.277417556659042602e+05 1.735741240002866834e+05
-5.017781008656082558e+05 -9.827504203533960972e+05 1.553422563421686064e+05 -7.048883803740570329e+03 2.109910851612372062e+04 1.101164246593800344e+05 1.690475003488387447e+05 -9.191235829562714207e+04 -5.462781633877366403e+03 -1.065576036082023522e+06 -9.298139712641388178e+05 2.609689660779458471e+06 6.692646071401531808e+05 -1.681161281979504274e+05 3.176853285755569814e+05 5.277417556659042602e+05 8.407197673297665315e+05 1.275056106527857191e+05
1.219126254504326498e+06 -2.221421873763717012e+05 1.035281392511173035e+05 2.633937016094820574e+05 -1.326868434418682009e+05 -5.279611419214747002e+04 3.819572996759119269e+04 4.133489170388866114e+02 -1.626310840557877327e+03 9.676678040660731494e+05 2.645713027736273943e+05 -1.640481327000155870e+05 5.966462254809450824e+05 3.661517523950930336e+05 -1.984259784777866153e+05 1.735741240002866834e+05 1.275056106527857191e+05 3.591946898582695285e+05
