4.111876785705082119e+07 -2.071943320082634687e+06 -2.159000540091230941e+05 3.207389120121522807e+06 1.642033916350882209e+05 -1.029402983198375674e+06 7.467713040110132424e+05 6.001269910247104708e+05 7.510588692889100639e+04 6.627381569757780060e+06 -1.096869576313086227e+07 -1.691943589898757171e+06 -1.828612730466949870e+05 -2.187572201029712800e+06 -5.272511532270574244e+05 -1.005785601404025510e+05 1.035875500740998075e+06 6.815321965166671725e+04
-2.071943320082634687e+06 1.395064349517706037e+07 1.454212561562468065e+06 -3.442736326184120262e+05 -1.117045113470845390e+06 -1.175063343920532643e+05 2.425486242938418873e+05 1.754975874531536247e+05 3.226491158149361727e+05 -8.807971471990382997e+05 1.836671044752694294e+07 1.350714827899384080e+06 -2.118219981675797608e+06 -2.044658617560647894e+06 -8.019913349174702307e+05 -7.985500724357778672e+05 -1.134146823729895288e+06 -1.180815617271130614e+05
-2.159000540091230941e+05 1.454212561562468065e+06 4.597663649819009937e+06 7.498792677323240787e+05 -2.722157897507622256e+05 1.968814098247571019e+04 3.439368717230174225e+05 -1.963902487722729711e+04 -8.815345466615763144e+04 3.771468865861493628e+06 5.390392733004800044e+06 5.395283091884328984e+06 -1.343143152872027131e+06 -1.320866773815918481e+06 1.132635247153569246e+06 1.963917436510551779e+05 3.877213929696285777e+04 -2.303012551489946782e+05
3.207389120121522807e+06 -3.442736326184120262e+05 7.498792677323240787e+05 2.028531894784732955e+06 2.219686571641889459e+05 2.937652722242683012e+04 -2.913461475784489812e+04 7.209303405601593840e+04 -1.522750533842042205e+05 -2.566383423633795697e+06 8.627824954714562045e+05 2.480601809492167959e+05 9.764299951312108897e+04 3.482847338725585723e+05 3.828916296021816379e+04 8.552461909828116768e+04 2.551632578575254011e+05 -2.560136864545043209e+05
1.642033916350882209e+05 -1.117045113470845390e+06 -2.722157897507622256e+05 2.219686571641889459e+05 9.167698292661666637e+05 -1.851390743283939373e+05 2.068645164190616197e+04 -3.965812358631136885e+04 -7.270403658932367398e+04 1.227848911222440423e+06 -1.776649503818504512e+06 -1.294139257763797184e+06 4.074529875468646878e+03 1.489580539741753368e+06 1.205618032487684250e+05 2.568577031450427021e+05 2.133137228099287895e+05 1.466713567163810949e+05
-1.029402983198375674e+06 -1.175063343920532643e+05 1.968814098247571019e+04 2.937652722242683012e+04 -1.851390743283939373e+05 5.610341957879954716e+05 4.908724288802054616e+03 -9.936811793770115764e+04 -1.520718046693790893e+04 2.291556452220973559e+06 2.234938226342852577e+05 6.247413309809208149e+05 1.203851841917950427e+06 2.695782903230373049e+05 7.395859095360124484e+05 2.223862589748267492e+05 8.281101272178214276e+04 -1.251803243641877343e+05
7.467713040110132424e+05 2.425486242938418873e+05 3.439368717230174225e+05 -2.913461475784489812e+04 2.068645164190616197e+04 4.908724288802054616e+03 2.673940220339177176e+05 5.789645090674520361e+03 -2.863623738376406891e+03 6.333299247466967208e+05 -3.938264021846331307e+05 7.939278242403663462e+05 -3.452228250022861175e+04 -3.380004821276158327e+05 1.183526383396035963e+05 -1.133047763313938340e+05 -5.417020581603935716e+04 1.024084213161855951e+04
6.001269910247104708e+05 1.754975874531536247e+05 -1.963902487722729711e+04 7.209303405601593840e+04 -3.965812358631136885e+04 -9.936811793770115764e+04 5.789645090674520361e+03 1.809911935321840283e+05 4.289569090559712640e+04 -2.292576852680458687e+06 -5.118391945164703648e+05 1.530177401864529820e+05 -5.091878022051319131e+05 -4.888959087189224083e+05 -1.527900230802464421e+03 -4.540532551776478067e+04 1.316806118503115140e+05 -1.820158159356568285e+04
7.510588692889100639e+04 3.226491158149361727e+05 -8.815345466615763144e+04 -1.522750533842042205e+05 -7.270403658932367398e+04 -1.520718046693790893e+04 -2.863623738376406891e+03 4.289569090559712640e+04 1.270052999815834191e+05 -8.493280454230410978e+05 1.031426560934315494e+05 1.450956920432673069e+05 4.991938749400146480e+04 -5.481316841016479157e+04 7.905758848231645061e+03 -2.442137500334292417e+04 -4.292045667587027538e+02 6.826568501560053846e+04
6.627381569757780060e+06 -8.807971471990382997e+05 3.771468865861493628e+06 -2.566383423633795697e+06 1.227848911222440423e+06 2.291556452220973559e+06 6.333299247466967208e+05 -2.292576852680458687e+06 -8.493280454230410978e+05 1.738373039549790621e+08 1.482011107339647785e+07 -4.130343505211377982e+06 6.520496103154709563e+06 7.644832870202135295e+06 8.776355343211899744e+05 2.155289931700715329e+06 1.469981901973732747e+06 7.189907564803255955e+05
-1.096869576313086227e+07 1.836671044752694294e+07 5.390392733004800044e+06 8.627824954714562045e+05 -1.776649503818504512e+06 2.234938226342852577e+05 -3.938264021846331307e+05 -5.118391945164703648e+05 1.031426560934315494e+05 1.482011107339647785e+07 8.304313189614824951e+07 1.334622665155855753e+07 -7.494691950214309618e+05 -8.515839580904558534e+04 2.529889073142995767e+04 1.680488670516272832e+05 -3.264861626912605483e+06 -2.029422381515224231e+06
-1.691943589898757171e+06 1.350714827899384080e+06 5.395283091884328984e+06 2.480601809492167959e+05 -1.294139257763797184e+06 6.247413309809208149e+05 7.939278242403663462e+05 1.530177401864529820e+05 1.450956920432673069e+05 -4.130343505211377982e+06 1.334622665155855753e+07 3.569225687110430747e+07 2.054494310632654000e+06 -4.538396367807311937e+06 -3.507816392392810085e+05 -1.522036869039787678e+06 -1.669837972203151090e+06 -2.786975139502811711e+06
-1.828612730466949870e+05 -2.118219981675797608e+06 -1.343143152872027131e+06 9.764299951312108897e+04 4.074529875468646878e+03 1.203851841917950427e+06 -3.452228250022861175e+04 -5.091878022051319131e+05 4.991938749400146480e+04 6.520496103154709563e+06 -7.494691950214309618e+05 2.054494310632654000e+06 8.769848018892390653e+06 3.231972082144568674e+06 8.488283052816394484e+05 3.309726907851043507e+05 9.275663797888680128e+05 -2.454767235650287475e+05
-2.187572201029712800e+06 -2.044658617560647894e+06 -1.320866773815918481e+06 3.482847338725585723e+05 1.489580539741753368e+06 2.695782903230373049e+05 -3.380004821276158327e+05 -4.888959087189224083e+05 -5.481316841016479157e+04 7.644832870202135295e+06 -8.515839580904558534e+04 -4.538396367807311937e+06 3.231972082144568674e+06 1.025851366780871712e+07 1.236539146400605561e+06 2.910339928745191428e+05 8.858218592058024369e+05 2.751328957419951330e+05
-5.272511532270574244e+05 -8.019913349174702307e+05 1.132635247153569246e+06 3.828916296021816379e+04 1.205618032487684250e+05 7.395859095360124484e+05 1.183526383396035963e+05 -1.527900230802464421e+03 7.905758848231645061e+03 8.776355343211899744e+05 2.529889073142995767e+04 -3.507816392392810085e+05 8.488283052816394484e+05 1.236539146400605561e+06 3.576912398687144276e+06 7.302139674378320342e+05 5.014558141208958696e+05 2.575506335256205784e+04
-1.005785601404025510e+05 -7.985500724357778672e+05 1.963917436510551779e+05 8.552461909828116768e+04 2.568577031450427021e+05 2.223862589748267492e+05 -1.133047763313938340e+05 -4.540532551776478067e+04 -2.442137500334292417e+04 2.155289931700715329e+06 1.680488670516272832e+05 -1.522036869039787678e+06 3.309726907851043507e+05 2.910339928745191428e+05 7.302139674378320342e+05 1.368040404508839129e+06 3.673120464779995382e+05 3.039503878061979776e+04
1.035875500740998075e+06 -1.134146823729895288e+06 3.877213929696285777e+04 2.551632578575254011e+05 2.133137228099287895e+05 8.281101272178214276e+04 -5.417020581603935716e+04 1.316806118503115140e+05 -4.292045667587027538e+02 1.469981901973732747e+06 -3.264861626912605483e+06 -1.669837972203151090e+06 9.275663797888680128e+05 8.858218592058024369e+05 5.014558141208958696e+05 3.673120464779995382e+05 1.201395311343319248e+06 1.580225227408568608e+05
6.815321965166671725e+04 -1.180815617271130614e+05 -2.303012551489946782e+05 -2.560136864545043209e+05 1.466713567163810949e+05 -1.251803243641877343e+05 1.024084213161855951e+04 -1.820158159356568285e+04 6.826568501560053846e+04 7.189907564803255955e+05 -2.029422381515224231e+06 -2.786975139502811711e+06 -2.454767235650287475e+05 2.751328957419951330e+05 2.575506335256205784e+04 3.039503878061979776e+04 1.580225227408568608e+05 4.600286154468939640e+05
