6.977848187114678323e+07 -5.160927523333308054e+05 2.151431885702784173e+06 -8.154208625715548405e+05 1.145582661468741251e+06 -8.263022167114032200e+05 -2.180576792510145169e+05 -5.583111308094129199e+05 -6.907351039874351118e+05 1.418827681623381749e+07 -3.136962072379541118e+06 9.106145646943202242e+06 -1.334753382311329711e+06 8.891883851748200832e+05 -6.255188032641938888e+06 -3.071760939507602248e+06 1.600557476273798151e+06 4.738374219841925660e+05
-5.160927523333308054e+05 1.987259005052843690e+07 5.106313683437745087e+06 1.832517375358415069e+06 2.280192806861477438e+05 3.830706040882050293e+05 3.338454559427818167e+05 3.439787135095819249e+05 2.999243398150253342e+05 1.084527499737419374e+07 1.648181915223956294e+07 4.928344271112953313e+06 3.756646129305578303e+06 1.351573076504077297e+06 2.847152239219706040e+06 -6.414315334234536858e+05 -6.873109665273134597e+05 7.449367907747655408e+05
2.151431885702784173e+06 5.106313683437745087e+06 7.098562472418366931e+06 1.373279436237727525e+06 3.527556521615046659e+05 1.376713347843980184e+06 1.520738354862164706e+05 -1.853904169562836614e+04 6.090677232115574589e+04 3.254166317092734855e+06 8.142881497737030499e+06 5.436397177627480589e+06 1.784096370088169118e+06 -6.524784618437376339e+05 1.735719142055807635e+06 -1.395900209469160996e+06 -1.951429814800316526e+05 -1.075772328782659024e+05
-8.154208625715548405e+05 1.832517375358415069e+06 1.373279436237727525e+06 2.121656397299488541e+06 2.299706805151418375e+05 2.908952495642972644e+05 -1.619723561523798271e+05 -2.111707214634162665e+04 -2.380208605294728477e+04 -5.715254475733359344e+06 6.494890223771722987e+06 1.482052584633839084e+06 1.820381502468114486e+06 -2.932606248249375494e+05 9.564247687763710273e+05 -7.486603856647011125e+05 3.494684577613195870e+04 1.025930449038444294e+03
1.145582661468741251e+06 2.280192806861477438e+05 3.527556521615046659e+05 2.299706805151418375e+05 8.138390049237146741e+05 1.907959495247435116e+05 -9.353687289398891153e+03 -3.536469071411875484e+04 9.332258551306933805e+04 2.750058019520573318e+06 2.028876244817425730e+06 9.826301788739106851e+05 3.091056061371441465e+05 8.065262987674539909e+05 4.752300258285995806e+05 -1.664727119938936812e+04 -4.609918706824406399e+03 -8.986786691873215022e+04
-8.263022167114032200e+05 3.830706040882050293e+05 1.376713347843980184e+06 2.908952495642972644e+05 1.907959495247435116e+05 6.432146376939797774e+05 -2.585682327252904724e+04 8.093962424903381361e+03 6.493446433033169887e+04 -3.589985648951030453e+05 7.982795828498585615e+04 4.418971913477089838e+05 8.553136466358529869e+05 -7.010713232581055490e+04 7.953225621962087462e+05 -3.589371805270790937e+05 -5.216817992768473778e+04 -9.772058254592899175e+04
-2.180576792510145169e+05 3.338454559427818167e+05 1.520738354862164706e+05 -1.619723561523798271e+05 -9.353687289398891153e+03 -2.585682327252904724e+04 1.731806143527327222e+05 1.146132878359263123e+05 3.962748607243589504e+04 -4.936616014882115996e+05 -8.090096463662136812e+05 -2.425306759716622473e+05 -4.120143895298322896e+05 3.376507754312007455e+05 3.769263479338146135e+04 1.165511940357715212e+05 2.696864914550664980e+04 6.291927825266447326e+04
-5.583111308094129199e+05 3.439787135095819249e+05 -1.853904169562836614e+04 -2.111707214634162665e+04 -3.536469071411875484e+04 8.093962424903381361e+03 1.146132878359263123e+05 1.910963377937288606e+05 3.595427929165026580e+04 -5.999920721109170699e+05 -2.106305942925708368e+05 -6.989187449596440420e+05 -3.325739389604635071e+05 3.513251384470983176e+05 2.947043584700091742e+05 1.470670395347583144e+04 -5.036890814921048150e+04 8.216416963050360209e+04
-6.907351039874351118e+05 2.999243398150253342e+05 6.090677232115574589e+04 -2.380208605294728477e+04 9.332258551306933805e+04 6.493446433033169887e+04 3.962748607243589504e+04 3.595427929165026580e+04 9.685642728644864110e+04 7.029924185679332586e+05 6.207893860862831352e+05 1.841512847281234644e+04 -8.446190718408928660e+04 3.241379354535904131e+05 2.692067765770521946e+05 1.164414600494082988e+05 -5.799639789192201715e+04 3.597131090678312466e+04
1.418827681623381749e+07 1.084527499737419374e+07 3.254166317092734855e+06 -5.715254475733359344e+06 2.750058019520573318e+06 -3.589985648951030453e+05 -4.936616014882115996e+05 -5.999920721109170699e+05 7.029924185679332586e+05 1.849196905100509226e+08 3.557111946935049444e+07 -4.895344324809499085e+06 -7.276772081485502422e+06 1.063017921613688581e+07 3.127484519527534023e+06 2.130769423341962509e+06 -3.957276022579888813e+05 1.279668993706361391e+06
-3.136962072379541118e+06 1.648181915223956294e+07 8.142881497737030499e+06 6.494890223771722987e+06 2.028876244817425730e+06 7.982795828498585615e+04 -8.090096463662136812e+05 -2.106305942925708368e+05 6.207893860862831352e+05 3.557111946935049444e+07 1.135023092864067852e+08 7.333105536627243273e+06 5.083253566935702227e+06 4.581772513232717291e+06 9.265281579189850017e+06 -2.224860903384522069e+06 -2.969402823014189489e+06 1.797816306873242138e+06
9.106145646943202242e+06 4.928344271112953313e+06 5.436397177627480589e+06 1.482052584633839084e+06 9.826301788739106851e+05 4.418971913477089838e+05 -2.425306759716622473e+05 -6.989187449596440420e+05 1.841512847281234644e+04 -4.895344324809499085e+06 7.333105536627243273e+06 3.138183513655946404e+07 4.809355867124904878e+06 -9.260365870418552076e+05 2.075039600338238757e+06 -1.088141472149352776e+06 1.636347360925931134e+05 -2.960173032204287010e+05
-1.334753382311329711e+06 3.756646129305578303e+06 1.784096370088169118e+06 1.820381502468114486e+06 3.091056061371441465e+05 8.553136466358529869e+05 -4.120143895298322896e+05 -3.325739389604635071e+05 -8.446190718408928660e+04 -7.276772081485502422e+06 5.083253566935702227e+06 4.809355867124904878e+06 9.374338264636415988e+06 -3.494842292764786980e+05 2.582572364134739619e+06 -7.377626904859802453e+05 5.857729451624655630e+05 1.685201705304804200e+05
8.891883851748200832e+05 1.351573076504077297e+06 -6.524784618437376339e+05 -2.932606248249375494e+05 8.065262987674539909e+05 -7.010713232581055490e+04 3.376507754312007455e+05 3.513251384470983176e+05 3.241379354535904131e+05 1.063017921613688581e+07 4.581772513232717291e+06 -9.260365870418552076e+05 -3.494842292764786980e+05 5.851338113361247815e+06 2.838600512965437956e+06 7.303611941980676493e+05 2.879222426991914399e+05 6.958646750969879795e+05
-6.255188032641938888e+06 2.847152239219706040e+06 1.735719142055807635e+06 9.564247687763710273e+05 4.752300258285995806e+05 7.953225621962087462e+05 3.769263479338146135e+04 2.947043584700091742e+05 2.692067765770521946e+05 3.127484519527534023e+06 9.265281579189850017e+06 2.075039600338238757e+06 2.582572364134739619e+06 2.838600512965437956e+06 5.278685762055423111e+06 -4.799919232914377935e+05 -4.322283220366304740e+05 3.741016078961294843e+05
-3.071760939507602248e+06 -6.414315334234536858e+05 -1.395900209469160996e+06 -7.486603856647011125e+05 -1.664727119938936812e+04 -3.589371805270790937e+05 1.165511940357715212e+05 1.470670395347583144e+04 1.164414600494082988e+05 2.130769423341962509e+06 -2.224860903384522069e+06 -1.088141472149352776e+06 -7.377626904859802453e+05 7.303611941980676493e+05 -4.799919232914377935e+05 1.682799227520294720e+06 5.172682474164566520e+04 4.729822816307449830e+04
1.600557476273798151e+06 -6.873109665273134597e+05 -1.951429814800316526e+05 3.494684577613195870e+04 -4.609918706824406399e+03 -5.216817992768473778e+04 2.696864914550664980e+04 -5.036890814921048150e+04 -5.799639789192201715e+04 -3.957276022579888813e+05 -2.969402823014189489e+06 1.636347360925931134e+05 5.857729451624655630e+05 2.879222426991914399e+05 -4.322283220366304740e+05 5.172682474164566520e+04 6.421835265985082369e+05 1.204026423286224599e+04
4.738374219841925660e+05 7.449367907747655408e+05 -1.075772328782659024e+05 1.025930449038444294e+03 -8.986786691873215022e+04 -9.772058254592899175e+04 6.291927825266447326e+04 8.216416963050360209e+04 3.597131090678312466e+04 1.279668993706361391e+06 1.797816306873242138e+06 -2.960173032204287010e+05 1.685201705304804200e+05 6.958646750969879795e+05 3.741016078961294843e+05 4.729822816307449830e+04 1.204026423286224599e+04 3.402416183036788716e+05
