5.678825903132045269e+07 5.438695301605944522e+06 -7.228670412304064957e+05 -2.170992850177194923e+06 1.182092936347051756e+06 1.189638190141324885e+06 3.435052054298394796e+04 -4.372220360203215969e+05 -6.310401412177246530e+05 5.436382105991502851e+07 1.925245941224893788e+06 -1.024914570857148804e+07 2.778216497971598059e+06 -3.811940766775711440e+06 -3.802847126325661317e+06 1.078111721848382149e+06 -6.692049761443821480e+05 -8.086955941043141065e+05
5.438695301605944522e+06 1.497067144001459144e+07 -4.491999239986183966e+04 -1.448152401741153793e+06 7.987902217282467755e+05 4.729777337964039179e+05 3.459254383650816162e+05 2.037188371636282245e+05 1.965714921043212598e+04 -2.854750171337434556e+06 1.584115228763641417e+07 -1.338357727214110782e+05 2.460265493775814772e+06 1.765249231242653623e+05 6.797443449689438567e+05 8.274382433366787154e+05 1.771252600509917538e+05 6.894460016343272291e+05
-7.228670412304064957e+05 -4.491999239986183966e+04 4.382823701585697010e+06 1.006457004909858457e+06 6.763351860591434524e+04 -4.630152152134784410e+04 1.055546946825845953e+05 9.332904523321925808e+03 -1.232715899896512856e+05 -2.641819245058894157e+06 1.819342243110395269e+06 2.388818008887303993e+06 -7.083628735534090083e+05 -1.712074892055657110e+05 1.390498168173343875e+05 -6.043643256960042345e+04 5.243538856067806482e+05 3.043632093651896575e+05
-2.170992850177194923e+06 -1.448152401741153793e+06 1.006457004909858457e+06 1.925107065463406732e+06 1.923072838804617932e+05 3.594171277072178782e+04 4.916650884331272391e+04 -9.060302947321441025e+04 5.802074514410663687e+04 -6.201696595339911990e+06 -3.563307928059339523e+06 9.472775374036791036e+05 -3.401992141379479108e+03 -4.743236694675094914e+05 5.248062698803585954e+05 -6.482908215360444592e+04 1.165736049281998421e+05 2.102526408615901018e+05
1.182092936347051756e+06 7.987902217282467755e+05 6.763351860591434524e+04 1.923072838804617932e+05 9.729306227722389158e+05 2.957850244488014141e+05 6.499571827539070364e+04 8.512928325681212300e+04 1.568253442095306127e+04 4.552784346392659354e+05 4.879885054166645277e+05 -1.615456166261244100e+06 1.041220848704710719e+06 5.196615627567834599e+04 1.142302640112607478e+05 1.807448336426358219e+04 -7.804464768751106749e+04 4.518147899639159004e+04
1.189638190141324885e+06 4.729777337964039179e+05 -4.630152152134784410e+04 3.594171277072178782e+04 2.957850244488014141e+05 5.163387444499777630e+05 4.109057338236881333e+04 4.761279963450282958e+04 -4.685747485405668158e+03 4.361379330301459879e+06 4.687437471557562822e+05 -2.862576268291012384e+05 -1.323799882202059962e+05 5.238554878998173517e+05 4.289510498855888727e+05 2.701389713320591836e+05 1.659928130595484981e+05 1.079863499703613707e+04
3.435052054298394796e+04 3.459254383650816162e+05 1.055546946825845953e+05 4.916650884331272391e+04 6.499571827539070364e+04 4.109057338236881333e+04 2.739464054590640008e+05 4.303560246565323905e+04 2.381898413947955851e+04 2.447549447749427782e+04 1.628116754564153729e+06 6.112116740433273371e+05 9.575471639726739377e+05 1.653210196551248082e+05 -2.033472879451233603e+05 1.321874073271103553e+05 -6.199665684862933995e+04 1.082523522977981775e+05
-4.372220360203215969e+05 2.037188371636282245e+05 9.332904523321925808e+03 -9.060302947321441025e+04 8.512928325681212300e+04 4.761279963450282958e+04 4.303560246565323905e+04 1.850481053051089402e+05 -1.972214206932424759e+03 -5.684489541573683964e+05 1.160545387829872081e+06 -1.328789012181616563e+05 2.590618706162293965e+05 -6.005266753501291532e+04 2.529567812182802882e+05 1.829650343387312751e+04 1.025937156449906906e+05 -5.011450922159184302e+03
-6.310401412177246530e+05 1.965714921043212598e+04 -1.232715899896512856e+05 5.802074514410663687e+04 1.568253442095306127e+04 -4.685747485405668158e+03 2.381898413947955851e+04 -1.972214206932424759e+03 5.848287122331179853e+04 -2.064690014743906446e+06 2.299705905414476583e+05 -4.369820595004051575e+05 3.673487498023632361e+04 4.679571566930002518e+03 1.794750159932111274e+05 9.242101801447141042e+04 -5.560535492093598441e+04 5.336841399687923695e+04
5.436382105991502851e+07 -2.854750171337434556e+06 -2.641819245058894157e+06 -6.201696595339911990e+06 4.552784346392659354e+05 4.361379330301459879e+06 2.447549447749427782e+04 -5.684489541573683964e+05 -2.064690014743906446e+06 3.765926281913719773e+08 4.404294247129501402e+07 -8.079977190406596055e+05 8.468750008813077584e+06 8.017762014462648891e+06 3.816805470125311520e+06 -2.742567756886071526e+06 1.378121977539300686e+06 1.425187220911969431e+06
1.925245941224893788e+06 1.584115228763641417e+07 1.819342243110395269e+06 -3.563307928059339523e+06 4.879885054166645277e+05 4.687437471557562822e+05 1.628116754564153729e+06 1.160545387829872081e+06 2.299705905414476583e+05 4.404294247129501402e+07 9.314749892474149168e+07 -6.810384278862295672e+06 2.432617591213087086e+06 1.939148631086657755e+06 3.042836316596684046e+06 2.392391505858004093e+06 9.762479756831704872e+05 3.075534219996020198e+06
-1.024914570857148804e+07 -1.338357727214110782e+05 2.388818008887303993e+06 9.472775374036791036e+05 -1.615456166261244100e+06 -2.862576268291012384e+05 6.112116740433273371e+05 -1.328789012181616563e+05 -4.369820595004051575e+05 -8.079977190406596055e+05 -6.810384278862295672e+06 3.672056376619990170e+07 -8.526093308376593050e+05 4.856916591471398715e+05 -2.695009891339290421e+06 -1.498648427302601049e+06 1.157615543629077496e+06 5.802394939983375371e+05
2.778216497971598059e+06 2.460265493775814772e+06 -7.083628735534090083e+05 -3.401992141379479108e+03 1.041220848704710719e+06 -1.323799882202059962e+05 9.575471639726739377e+05 2.590618706162293965e+05 3.673487498023632361e+04 8.468750008813077584e+06 2.432617591213087086e+06 -8.526093308376593050e+05 1.226943984540384077e+07 6.833134835371028166e+05 -3.474688356430414715e+05 2.952653175969122676e+05 -5.390556203499091789e+05 9.835360355350250611e+05
-3.811940766775711440e+06 1.765249231242653623e+05 -1.712074892055657110e+05 -4.743236694675094914e+05 5.196615627567834599e+04 5.238554878998173517e+05 1.653210196551248082e+05 -6.005266753501291532e+04 4.679571566930002518e+03 8.017762014462648891e+06 1.939148631086657755e+06 4.856916591471398715e+05 6.833134835371028166e+05 6.719257918612261303e+06 1.282439969670204446e+06 7.817027609001901001e+05 2.060981749544568593e+05 5.904865100065035513e+05
-3.802847126325661317e+06 6.797443449689438567e+05 1.390498168173343875e+05 5.248062698803585954e+05 1.142302640112607478e+05 4.289510498855888727e+05 -2.033472879451233603e+05 2.529567812182802882e+05 1.794750159932111274e+05 3.816805470125311520e+06 3.042836316596684046e+06 -2.695009891339290421e+06 -3.474688356430414715e+05 1.282439969670204446e+06 4.479771973928613588e+06 8.093102860124239232e+05 5.929333757519805804e+05 6.256887741013698978e+05
1.078111721848382149e+06 8.274382433366787154e+05 -6.043643256960042345e+04 -6.482908215360444592e+04 1.807448336426358219e+04 2.701389713320591836e+05 1.321874073271103553e+05 1.829650343387312751e+04 9.242101801447141042e+04 -2.742567756886071526e+06 2.392391505858004093e+06 -1.498648427302601049e+06 2.952653175969122676e+05 7.817027609001901001e+05 8.093102860124239232e+05 1.629528415640155319e+06 3.034819350641713245e+05 1.717537290313050325e+05
-6.692049761443821480e+05 1.771252600509917538e+05 5.243538856067806482e+05 1.165736049281998421e+05 -7.804464768751106749e+04 1.659928130595484981e+05 -6.199665684862933995e+04 1.025937156449906906e+05 -5.560535492093598441e+04 1.378121977539300686e+06 9.762479756831704872e+05 1.157615543629077496e+06 -5.390556203499091789e+05 2.060981749544568593e+05 5.929333757519805804e+05 3.034819350641713245e+05 1.097513599507129984e+06 9.286779530480102403e+04
-8.086955941043141065e+05 6.894460016343272291e+05 3.043632093651896575e+05 2.102526408615901018e+05 4.518147899639159004e+04 1.079863499703613707e+04 1.082523522977981775e+05 -5.011450922159184302e+03 5.336841399687923695e+04 1.425187220911969431e+06 3.075534219996020198e+06 5.802394939983375371e+05 9.835360355350250611e+05 5.904865100065035513e+05 6.256887741013698978e+05 1.717537290313050325e+05 9.286779530480102403e+04 5.137148404587174300e+05
