2.794090660580873117e+07 -2.696665916424579453e+06 2.761562050556164701e+06 -5.224401003286598134e+05 -2.259620079126881436e+06 3.265553776197743136e+05 3.817198289233230171e+05 2.130272810210458993e+05 -1.786897004539249247e+04 -4.892677776836402714e+06 6.531042203947952017e+06 3.630216034125376958e+06 -1.739888382914365036e+06 9.656503708714796230e+05 -3.184070831223496352e+05 -2.262544809298287611e+06 -1.237803498934004165e+05 2.758100340174004668e+05
-2.696665916424579453e+06 1.468289340371016599e+07 6.179671021524668904e+05 -1.094205486592948670e+06 1.269404851207587635e+06 2.040354467347248283e+05 3.740984111273527960e+05 4.204610236453949474e+05 -2.465117900983184809e+05 6.158421701016055420e+06 1.221747373069646023e+07 -4.285883642439448275e+06 -3.312075383318595123e+05 -1.924443314269148046e+06 1.151568175435627811e+06 1.250087696692219237e+06 1.438612622938615386e+05 -1.213180144559819018e+06
2.761562050556164701e+06 6.179671021524668904e+05 5.104301418495114893e+06 1.987525726790706976e+05 -2.826154488185884547e+05 -1.440001282627791807e+05 -2.910359761863761814e+05 -1.746029003588072374e+05 -3.398918653531448945e+04 -8.652283300062179333e+05 1.326735960768121993e+06 3.530526231352092698e+06 -4.779217657627664157e+05 5.883201054167068796e+05 -6.013906286318073981e+05 -6.855433548710535979e+05 4.934207119583110907e+05 5.380777225663129939e+05
-5.224401003286598134e+05 -1.094205486592948670e+06 1.987525726790706976e+05 1.300668085923169740e+06 1.577650156581674237e+05 1.187722357186414738e+05 -1.880138459686892747e+05 -2.939081781263563244e+04 -9.436795231002353830e+03 6.339656051683601923e+06 -3.918032553313069511e+05 1.688805878334356705e+06 2.879397983101405553e+05 6.033344121719874674e+05 5.501241335242561763e+05 3.510119962389091233e+04 2.045584926821529370e+04 4.476643228309653350e+05
-2.259620079126881436e+06 1.269404851207587635e+06 -2.826154488185884547e+05 1.577650156581674237e+05 1.110433648502879543e+06 1.512382643615743436e+05 -8.839488802793315699e+03 1.228655280703778262e+05 -2.777432694755520424e+04 6.107250161088083871e+06 -7.663320075425894174e+04 -3.322643472936039325e+05 6.113062254435716895e+05 6.830665595736148534e+05 1.776825377391090442e+05 2.175925035758164886e+05 -1.656899316195862193e+05 -1.748887426224563387e+05
3.265553776197743136e+05 2.040354467347248283e+05 -1.440001282627791807e+05 1.187722357186414738e+05 1.512382643615743436e+05 3.771719464701348916e+05 1.033345009631846187e+05 9.376722127848697710e+04 2.392764406266486549e+04 3.228121493530865759e+06 6.650107094158779364e+05 1.614214544037752494e+05 -2.706675474112211959e+05 -8.133385107539837190e+04 8.436792760955750709e+05 -2.805871640898656187e+04 1.199875658328185091e+04 9.307822096011193935e+03
3.817198289233230171e+05 3.740984111273527960e+05 -2.910359761863761814e+05 -1.880138459686892747e+05 -8.839488802793315699e+03 1.033345009631846187e+05 3.964361574001209228e+05 1.071280714590075659e+05 1.610448852407007689e+04 1.398843513642278034e+06 1.343790808236114972e+05 2.097735996858971193e+05 -8.350628271020052125e+03 -1.779859937929862936e+05 4.569202556118535576e+05 3.834054295810231706e+05 -2.503099448782777108e+04 -1.145965173288676742e+05
2.130272810210458993e+05 4.204610236453949474e+05 -1.746029003588072374e+05 -2.939081781263563244e+04 1.228655280703778262e+05 9.376722127848697710e+04 1.071280714590075659e+05 2.399197007910761749e+05 3.464406346551706974e+03 1.831792517055583186e+06 -1.854682206008385110e+05 -3.929529960683341487e+05 1.740365062006973894e+05 -5.670920859850580746e+04 1.297477486807688838e+05 -3.307159569454690063e+04 1.194448575596805458e+05 1.592909704967227844e+04
-1.786897004539249247e+04 -2.465117900983184809e+05 -3.398918653531448945e+04 -9.436795231002353830e+03 -2.777432694755520424e+04 2.392764406266486549e+04 1.610448852407007689e+04 3.464406346551706974e+03 9.650243173702394415e+04 -9.625341340979548113e+04 -7.400036947288441006e+05 -1.346470255637695082e+05 -3.930511999830758577e+04 2.442470737001416637e+03 -2.072436578801035284e+04 1.360939744916621712e+05 7.080570564009524242e+04 5.832917977007012814e+04
-4.892677776836402714e+06 6.158421701016055420e+06 -8.652283300062179333e+05 6.339656051683601923e+06 6.107250161088083871e+06 3.228121493530865759e+06 1.398843513642278034e+06 1.831792517055583186e+06 -9.625341340979548113e+04 2.292906941508197784e+08 5.030967333790192008e+07 2.299436893150352687e+07 7.151325224480908364e+05 4.934031349054059014e+06 4.472653180573004298e+06 1.414872836631363025e+06 -5.770660317804296501e+05 1.189765119823296787e+06
6.531042203947952017e+06 1.221747373069646023e+07 1.326735960768121993e+06 -3.918032553313069511e+05 -7.663320075425894174e+04 6.650107094158779364e+05 1.343790808236114972e+05 -1.854682206008385110e+05 -7.400036947288441006e+05 5.030967333790192008e+07 8.610543302923090756e+07 2.068820776552248746e+07 8.868470401743082330e+06 6.903271862133671530e+06 5.930209916098399553e+05 -1.464028926334795542e+05 -6.980478505814733217e+05 2.475261767455707013e+05
3.630216034125376958e+06 -4.285883642439448275e+06 3.530526231352092698e+06 1.688805878334356705e+06 -3.322643472936039325e+05 1.614214544037752494e+05 2.097735996858971193e+05 -3.929529960683341487e+05 -1.346470255637695082e+05 2.299436893150352687e+07 2.068820776552248746e+07 3.406208712019395083e+07 4.414149448984771967e+06 2.946101715926011093e+06 -1.121400833076587005e+05 4.592610076642235508e+05 5.875957770381743467e+04 2.475401695222328417e+06
-1.739888382914365036e+06 -3.312075383318595123e+05 -4.779217657627664157e+05 2.879397983101405553e+05 6.113062254435716895e+05 -2.706675474112211959e+05 -8.350628271020052125e+03 1.740365062006973894e+05 -3.930511999830758577e+04 7.151325224480908364e+05 8.868470401743082330e+06 4.414149448984771967e+06 1.237493762672558799e+07 3.889215790360583924e+06 -1.118792451044501504e+06 -1.901202762755375006e+05 5.091096490526956622e+05 -3.979766464154592541e+04
9.656503708714796230e+05 -1.924443314269148046e+06 5.883201054167068796e+05 6.033344121719874674e+05 6.830665595736148534e+05 -8.133385107539837190e+04 -1.779859937929862936e+05 -5.670920859850580746e+04 2.442470737001416637e+03 4.934031349054059014e+06 6.903271862133671530e+06 2.946101715926011093e+06 3.889215790360583924e+06 4.921097328698502854e+06 -8.022236538322353736e+05 -4.293407538786183577e+05 -6.678167557424657571e+04 4.425406042063785135e+05
-3.184070831223496352e+05 1.151568175435627811e+06 -6.013906286318073981e+05 5.501241335242561763e+05 1.776825377391090442e+05 8.436792760955750709e+05 4.569202556118535576e+05 1.297477486807688838e+05 -2.072436578801035284e+04 4.472653180573004298e+06 5.930209916098399553e+05 -1.121400833076587005e+05 -1.118792451044501504e+06 -8.022236538322353736e+05 4.114591264507606160e+06 8.943291587024308974e+05 7.826215826481913973e+04 1.199176373488475219e+05
-2.262544809298287611e+06 1.250087696692219237e+06 -6.855433548710535979e+05 3.510119962389091233e+04 2.175925035758164886e+05 -2.805871640898656187e+04 3.834054295810231706e+05 -3.307159569454690063e+04 1.360939744916621712e+05 1.414872836631363025e+06 -1.464028926334795542e+05 4.592610076642235508e+05 -1.901202762755375006e+05 -4.293407538786183577e+05 8.943291587024308974e+05 2.595804125444094185e+06 4.639631232742245775e+05 2.972315044348391893e+03
-1.237803498934004165e+05 1.438612622938615386e+05 4.934207119583110907e+05 2.045584926821529370e+04 -1.656899316195862193e+05 1.199875658328185091e+04 -2.503099448782777108e+04 1.194448575596805458e+05 7.080570564009524242e+04 -5.770660317804296501e+05 -6.980478505814733217e+05 5.875957770381743467e+04 5.091096490526956622e+05 -6.678167557424657571e+04 7.826215826481913973e+04 4.639631232742245775e+05 1.368243642292325152e+06 1.691787614559936919e+05
2.758100340174004668e+05 -1.213180144559819018e+06 5.380777225663129939e+05 4.476643228309653350e+05 -1.748887426224563387e+05 9.307822096011193935e+03 -1.145965173288676742e+05 1.592909704967227844e+04 5.832917977007012814e+04 1.189765119823296787e+06 2.475261767455707013e+05 2.475401695222328417e+06 -3.979766464154592541e+04 4.425406042063785135e+05 1.199176373488475219e+05 2.972315044348391893e+03 1.691787614559936919e+05 6.594068253127969801e+05
