3.609789679845643044e+07 7.119924490366524551e+05 -3.897371942978241481e+06 8.068486578061806504e+05 7.916559716814940330e+05 1.288504605404017202e+05 9.037649877489799401e+05 -1.944651718078352496e+04 7.808156172784314549e+04 4.111230681535577029e+07 5.832679598908876069e+06 2.725822305463737808e+06 1.881523857389455894e+06 3.899426793941602111e+06 2.164835747273458634e+06 1.958027690232971916e+06 -7.103919875780335860e+05 6.469042756760272896e+05
7.119924490366524551e+05 1.684704079477153718e+07 2.030233956921505043e+06 8.654883746042090934e+05 3.847024196615436231e+05 1.192216995985417860e+06 1.237618688609395176e+05 -2.856015248791900813e+05 4.601861309832130792e+05 -3.864184223651716020e+06 1.677419517178854160e+07 8.973905442206533626e+05 -2.773769213458364829e+05 2.150581838901509997e+06 1.922607409517891705e+06 2.675398414284178521e+06 3.038819255642762873e+05 1.330256535954402993e+06
-3.897371942978241481e+06 2.030233956921505043e+06 5.150879997738650069e+06 6.150551089013726451e+05 3.779549004117944278e+05 5.152425210874462937e+04 2.525278228964635346e+05 1.389281187888992717e+05 2.960348458180042871e+04 -3.146386763072226662e+06 -3.927402843567499658e+05 -1.312496232061693445e+06 -6.308531401780885644e+05 1.197716017642973165e+05 -2.357348661938087316e+05 9.421728198672705330e+05 4.910513977019842714e+05 2.932666739752918365e+05
8.068486578061806504e+05 8.654883746042090934e+05 6.150551089013726451e+05 2.287320507014953997e+06 3.538699699551009689e+05 2.945113592729875818e+05 4.425686198635128094e+05 -1.499949938233598186e+04 -1.559830805726025719e+05 -2.412235341325427871e+06 -8.340527349003756535e+04 1.169306406194276176e+06 8.854407983063391293e+04 2.812027993572926498e+05 -1.294057608051393763e+05 4.068369020461012842e+05 -5.424383334914243460e+04 -1.477086022135812091e+05
7.916559716814940330e+05 3.847024196615436231e+05 3.779549004117944278e+05 3.538699699551009689e+05 8.103562892464813776e+05 7.543539779592875857e+04 2.098231913875971804e+05 -9.420304905388565385e+04 6.390990964691320642e+02 -1.842528673318644753e+06 -1.140148083346148487e+06 7.700363708590520546e+05 3.941446256207124097e+05 8.837896412434830563e+05 -4.679395665466345381e+05 -2.665240922681020456e+05 6.788745002085343003e+04 2.116144296570736624e+05
1.288504605404017202e+05 1.192216995985417860e+06 5.152425210874462937e+04 2.945113592729875818e+05 7.543539779592875857e+04 3.532790727333973628e+05 1.224577341808430356e+05 1.813951745345343079e+04 -1.452398758805900798e+04 -9.430695671784980223e+05 7.184331055073020980e+05 -7.078169874887664337e+05 -4.942335922687993298e+04 1.935826315180794336e+05 3.438945041993343038e+05 1.421313411880242056e+05 -1.981997412108939316e+05 1.286996940684788569e+05
9.037649877489799401e+05 1.237618688609395176e+05 2.525278228964635346e+05 4.425686198635128094e+05 2.098231913875971804e+05 1.224577341808430356e+05 4.509316695760984439e+05 6.865575380007979402e+04 5.847521478120815118e+03 -3.670010582742667611e+04 -1.030989530930864741e+06 -1.215277436347791954e+05 1.044628362617938546e+05 4.572743239881530753e+05 -6.478726600705964302e+03 2.474424510499854514e+05 -7.438970915209830855e+04 1.549072625115448609e+05
-1.944651718078352496e+04 -2.856015248791900813e+05 1.389281187888992717e+05 -1.499949938233598186e+04 -9.420304905388565385e+04 1.813951745345343079e+04 6.865575380007979402e+04 2.167264233518925321e+05 2.554401276095736830e+04 1.078329459788889857e+06 5.503516005945751676e+05 3.856624930129561108e+05 -4.164430380252263858e+05 -1.083817721973039588e+05 9.280284672744931595e+04 2.095170696216399083e+05 2.124014583091088571e+05 1.585331577657331945e+05
7.808156172784314549e+04 4.601861309832130792e+05 2.960348458180042871e+04 -1.559830805726025719e+05 6.390990964691320642e+02 -1.452398758805900798e+04 5.847521478120815118e+03 2.554401276095736830e+04 1.329080133215798996e+05 1.491052357049747603e+06 2.815705226168115041e+05 1.042118747042822506e+05 -9.492441992631081666e+04 9.290870778239594074e+04 7.496563170673408604e+04 1.446707140158094699e+05 9.618451519567906507e+04 1.818606659450724546e+05
4.111230681535577029e+07 -3.864184223651716020e+06 -3.146386763072226662e+06 -2.412235341325427871e+06 -1.842528673318644753e+06 -9.430695671784980223e+05 -3.670010582742667611e+04 1.078329459788889857e+06 1.491052357049747603e+06 2.239479911621786952e+08 5.831378583165013045e+07 1.013881811482783407e+07 8.469826028896404430e+06 4.963545472604617826e+05 2.849002440242219716e+06 6.032721511011478491e+06 6.276163967892329674e+05 2.631710165633578785e+06
5.832679598908876069e+06 1.677419517178854160e+07 -3.927402843567499658e+05 -8.340527349003756535e+04 -1.140148083346148487e+06 7.184331055073020980e+05 -1.030989530930864741e+06 5.503516005945751676e+05 2.815705226168115041e+05 5.831378583165013045e+07 9.813361329160256684e+07 2.908701965346677229e+07 4.099818166201641317e+06 -2.587151774137356319e+06 1.403745615445806878e+06 2.874625900321227033e+06 5.219991164788820315e+05 1.524613775112753734e+06
2.725822305463737808e+06 8.973905442206533626e+05 -1.312496232061693445e+06 1.169306406194276176e+06 7.700363708590520546e+05 -7.078169874887664337e+05 -1.215277436347791954e+05 3.856624930129561108e+05 1.042118747042822506e+05 1.013881811482783407e+07 2.908701965346677229e+07 3.097281808047343791e+07 2.432500930291340221e+06 -1.600693358083253028e+06 -3.404305771472138818e+06 1.285604764667368028e+06 2.233659106306198984e+06 1.012563606369031186e+05
1.881523857389455894e+06 -2.773769213458364829e+05 -6.308531401780885644e+05 8.854407983063391293e+04 3.941446256207124097e+05 -4.942335922687993298e+04 1.044628362617938546e+05 -4.164430380252263858e+05 -9.492441992631081666e+04 8.469826028896404430e+06 4.099818166201641317e+06 2.432500930291340221e+06 9.541727730109369382e+06 1.729321063985035522e+06 -1.504939596694457578e+06 -2.004507073540118581e+05 -3.798314276729233097e+05 -9.315862896479845513e+05
3.899426793941602111e+06 2.150581838901509997e+06 1.197716017642973165e+05 2.812027993572926498e+05 8.837896412434830563e+05 1.935826315180794336e+05 4.572743239881530753e+05 -1.083817721973039588e+05 9.290870778239594074e+04 4.963545472604617826e+05 -2.587151774137356319e+06 -1.600693358083253028e+06 1.729321063985035522e+06 4.344265577385284007e+06 3.523139150514095090e+05 8.864115069998529507e+05 -2.413375738941313102e+04 6.277576861332538538e+05
2.164835747273458634e+06 1.922607409517891705e+06 -2.357348661938087316e+05 -1.294057608051393763e+05 -4.679395665466345381e+05 3.438945041993343038e+05 -6.478726600705964302e+03 9.280284672744931595e+04 7.496563170673408604e+04 2.849002440242219716e+06 1.403745615445806878e+06 -3.404305771472138818e+06 -1.504939596694457578e+06 3.523139150514095090e+05 2.331681503463963512e+06 9.618848561615473591e+05 -5.308825926916775061e+05 3.948539758394186501e+05
1.958027690232971916e+06 2.675398414284178521e+06 9.421728198672705330e+05 4.068369020461012842e+05 -2.665240922681020456e+05 1.421313411880242056e+05 2.474424510499854514e+05 2.095170696216399083e+05 1.446707140158094699e+05 6.032721511011478491e+06 2.874625900321227033e+06 1.285604764667368028e+06 -2.004507073540118581e+05 8.864115069998529507e+05 9.618848561615473591e+05 3.930354327390470542e+06 1.094654188537967158e+06 2.926059592466522008e+05
-7.103919875780335860e+05 3.038819255642762873e+05 4.910513977019842714e+05 -5.424383334914243460e+04 6.788745002085343003e+04 -1.981997412108939316e+05 -7.438970915209830855e+04 2.124014583091088571e+05 9.618451519567906507e+04 6.276163967892329674e+05 5.219991164788820315e+05 2.233659106306198984e+06 -3.798314276729233097e+05 -2.413375738941313102e+04 -5.308825926916775061e+05 1.094654188537967158e+06 1.549164020342367236e+06 2.442706893260403886e+05
6.469042756760272896e+05 1.330256535954402993e+06 2.932666739752918365e+05 -1.477086022135812091e+05 2.116144296570736624e+05 1.286996940684788569e+05 1.549072625115448609e+05 1.585331577657331945e+05 1.818606659450724546e+05 2.631710165633578785e+06 1.524613775112753734e+06 1.012563606369031186e+05 -9.315862896479845513e+05 6.277576861332538538e+05 3.948539758394186501e+05 2.926059592466522008e+05 2.442706893260403886e+05 9.634393415694540599e+05
