4.485276229017062485e+07 2.763436267191384919e+06 1.688959862359019462e+05 4.288842256320576998e+05 -2.401002438652326819e+06 7.195116098236686958e+04 8.810562065544620855e+05 -3.437286213418663247e+05 -1.423547368176275631e+05 -2.946384029965909198e+07 -5.745344195625103079e+06 -9.248368434727193788e+06 2.796986955940504093e+06 -6.845788469205109868e+05 -2.854528153071387205e+06 5.831779306274037808e+05 3.049245494751655497e+05 -8.440384453386317182e+04
2.763436267191384919e+06 1.459519096734616533e+07 1.603889748610094422e+06 1.322395981115192175e+06 1.407850222937174258e+05 6.848186878449011128e+05 -3.788334237631009310e+05 -3.619838247463684638e+03 -2.309698142870266747e+05 2.708383689113456290e+06 6.538297940522343852e+06 -3.811154079560305458e+06 2.017435844308436615e+06 5.935650314634931274e+05 -9.279435939937048533e+04 5.797193325821501203e+05 -5.347208952920279698e+05 1.949169569917435001e+04
1.688959862359019462e+05 1.603889748610094422e+06 5.037531199551090598e+06 1.149914770020149881e+06 2.247504048575884553e+03 -2.009141368268066435e+05 -4.034922650204786914e+05 -1.272104948109464458e+05 -2.853600863636770009e+04 -7.530917430330177769e+06 -3.549983321096905274e+05 1.916848742547967704e+05 1.031581631762392819e+06 1.180747983308881521e+06 4.387763666166584590e+05 -3.988886528546283953e+05 -4.343078510760433855e+05 8.774576847217802424e+03
4.288842256320576998e+05 1.322395981115192175e+06 1.149914770020149881e+06 2.268736552915527951e+06 3.444478210182453040e+05 3.403317031119157909e+05 9.580057776793770608e+04 -1.749970372934108600e+05 1.154608009839850856e+05 1.899568037550745066e+05 1.981197966982980724e+06 -1.322258950271602662e+05 6.876503074186879676e+05 1.645104105604253476e+06 2.230297190340383095e+05 8.174731217555076000e+04 -5.408342104674436850e+05 -1.694115982813519076e+05
-2.401002438652326819e+06 1.407850222937174258e+05 2.247504048575884553e+03 3.444478210182453040e+05 1.060914278613873990e+06 1.889797035509765265e+05 1.500526366602427734e+05 1.332555775099585298e+04 8.320720253136527026e+04 3.715590013858487364e+06 2.887126783397305291e+06 1.179264861415751511e+06 6.953499829602750833e+04 4.667009021664940519e+05 4.714291122651608312e+05 6.541984115298584220e+04 -1.088004529846830519e+04 1.441099254909878655e+05
7.195116098236686958e+04 6.848186878449011128e+05 -2.009141368268066435e+05 3.403317031119157909e+05 1.889797035509765265e+05 7.854281158137744060e+05 1.939385627907254384e+05 -5.263250460900340840e+04 4.175665925825155136e+04 2.124942000103589613e+06 -1.029694992497575819e+06 -1.386007476283186115e+05 8.672409765197832894e+04 7.370759897631687636e+04 5.653712171030711615e+05 1.075590993161842925e+05 -1.905821216528287332e+05 -1.990528899210291274e+05
8.810562065544620855e+05 -3.788334237631009310e+05 -4.034922650204786914e+05 9.580057776793770608e+04 1.500526366602427734e+05 1.939385627907254384e+05 3.454036347215936985e+05 1.749845775406981193e+04 4.597623382256835612e+04 -2.277240767096619529e+05 6.141303908891040919e+04 2.489789296685018053e+05 -1.944365849924340728e+04 4.312730476422135835e+05 -4.617808663264356437e+05 1.841006799537991174e+05 1.033533308050441701e+05 -4.952042240735876840e+04
-3.437286213418663247e+05 -3.619838247463684638e+03 -1.272104948109464458e+05 -1.749970372934108600e+05 1.332555775099585298e+04 -5.263250460900340840e+04 1.749845775406981193e+04 1.504731064706933685e+05 2.763723005311632369e+04 2.111080392912305892e+06 1.840652081894691801e+05 9.930683025617407111e+04 -2.305506993206240586e+05 1.464344779208374384e+05 -1.785637674715169414e+05 8.887803750464055338e+04 8.124704830775875598e+04 8.670541856716734765e+04
-1.423547368176275631e+05 -2.309698142870266747e+05 -2.853600863636770009e+04 1.154608009839850856e+05 8.320720253136527026e+04 4.175665925825155136e+04 4.597623382256835612e+04 2.763723005311632369e+04 1.301912518909542705e+05 -7.575932941220676003e+04 1.856619346736711450e+05 2.855649992838485632e+05 -4.447008150986819965e+04 1.094734769288826792e+05 1.272825350213059864e+05 7.015256624463712797e+04 -4.494091683688197918e+02 1.393960209482694336e+05
-2.946384029965909198e+07 2.708383689113456290e+06 -7.530917430330177769e+06 1.899568037550745066e+05 3.715590013858487364e+06 2.124942000103589613e+06 -2.277240767096619529e+05 2.111080392912305892e+06 -7.575932941220676003e+04 2.684951679151835442e+08 -4.912268753011428751e+06 -1.994836719906559912e+06 -2.490085202882453334e+06 7.239319489898137748e+06 3.061242714709193911e+06 1.455210195499346592e+06 4.960068453272240004e+05 2.114506681017989293e+06
-5.745344195625103079e+06 6.538297940522343852e+06 -3.549983321096905274e+05 1.981197966982980724e+06 2.887126783397305291e+06 -1.029694992497575819e+06 6.141303908891040919e+04 1.840652081894691801e+05 1.856619346736711450e+05 -4.912268753011428751e+06 6.404391385827837139e+07 -2.865795199999629520e+06 4.411857303218476009e+05 2.241980737119611353e+06 1.082570691030632472e+06 3.007803849372611847e+06 4.223965309845047886e+05 -9.132823300144872628e+05
-9.248368434727193788e+06 -3.811154079560305458e+06 1.916848742547967704e+05 -1.322258950271602662e+05 1.179264861415751511e+06 -1.386007476283186115e+05 2.489789296685018053e+05 9.930683025617407111e+04 2.855649992838485632e+05 -1.994836719906559912e+06 -2.865795199999629520e+06 1.663184621957639605e+07 2.736601330295643304e+06 2.177794991523008794e+06 8.697469317571024876e+05 1.200931632222566288e+06 -5.107125790437829564e+05 1.261908653479842760e+05
2.796986955940504093e+06 2.017435844308436615e+06 1.031581631762392819e+06 6.876503074186879676e+05 6.953499829602750833e+04 8.672409765197832894e+04 -1.944365849924340728e+04 -2.305506993206240586e+05 -4.447008150986819965e+04 -2.490085202882453334e+06 4.411857303218476009e+05 2.736601330295643304e+06 4.651821826953548007e+06 1.652273976883397205e+06 -6.223454119086221908e+04 5.310650669378518360e+05 -1.782240171747975401e+05 -2.646597000611149124e+05
-6.845788469205109868e+05 5.935650314634931274e+05 1.180747983308881521e+06 1.645104105604253476e+06 4.667009021664940519e+05 7.370759897631687636e+04 4.312730476422135835e+05 1.464344779208374384e+05 1.094734769288826792e+05 7.239319489898137748e+06 2.241980737119611353e+06 2.177794991523008794e+06 1.652273976883397205e+06 5.427413472039924935e+06 -6.491712270715751174e+02 6.870251893095285632e+05 1.121804786515695450e+05 -4.133491271366826550e+04
-2.854528153071387205e+06 -9.279435939937048533e+04 4.387763666166584590e+05 2.230297190340383095e+05 4.714291122651608312e+05 5.653712171030711615e+05 -4.617808663264356437e+05 -1.785637674715169414e+05 1.272825350213059864e+05 3.061242714709193911e+06 1.082570691030632472e+06 8.697469317571024876e+05 -6.223454119086221908e+04 -6.491712270715751174e+02 3.512253470480991993e+06 -3.363823504627771326e+05 -3.928229960078222794e+05 1.131039571508232912e+05
5.831779306274037808e+05 5.797193325821501203e+05 -3.988886528546283953e+05 8.174731217555076000e+04 6.541984115298584220e+04 1.075590993161842925e+05 1.841006799537991174e+05 8.887803750464055338e+04 7.015256624463712797e+04 1.455210195499346592e+06 3.007803849372611847e+06 1.200931632222566288e+06 5.310650669378518360e+05 6.870251893095285632e+05 -3.363823504627771326e+05 1.914750967851891415e+06 1.298516783344075666e+05 -5.292799162854236056e+04
3.049245494751655497e+05 -5.347208952920279698e+05 -4.343078510760433855e+05 -5.408342104674436850e+05 -1.088004529846830519e+04 -1.905821216528287332e+05 1.033533308050441701e+05 8.124704830775875598e+04 -4.494091683688197918e+02 4.960068453272240004e+05 4.223965309845047886e+05 -5.107125790437829564e+05 -1.782240171747975401e+05 1.121804786515695450e+05 -3.928229960078222794e+05 1.298516783344075666e+05 8.351765796745342668e+05 1.271382558933322434e+05
-8.440384453386317182e+04 1.949169569917435001e+04 8.774576847217802424e+03 -1.694115982813519076e+05 1.441099254909878655e+05 -1.990528899210291274e+05 -4.952042240735876840e+04 8.670541856716734765e+04 1.393960209482694336e+05 2.114506681017989293e+06 -9.132823300144872628e+05 1.261908653479842760e+05 -2.646597000611149124e+05 -4.133491271366826550e+04 1.131039571508232912e+05 -5.292799162854236056e+04 1.271382558933322434e+05 6.407350741482095327e+05
