3.967881279709485173e+07 4.818072835002270527e+06 -1.588066519208012905e+05 1.229360808027162682e+06 9.270382724230176245e+04 -8.723042979829524484e+03 -2.674910309419090045e+05 1.209824520437122323e+06 3.224975076238145703e+05 2.107562592236794904e+07 6.223850813602496870e+06 3.811855602499821689e+06 5.908228435886005173e+05 -1.607646067965158494e+06 1.767265098903904436e+06 -9.302876244079826865e+05 1.977873940188853769e+06 1.044426419362486806e+06
4.818072835002270527e+06 1.499723230377907492e+07 5.087007194096086547e+06 -6.756970880473911529e+05 3.681746994084909093e+05 -5.069271356246510986e+05 -3.541638224363990594e+05 -4.722098833398246643e+04 1.197115762353226601e+05 1.101007966992727295e+07 9.906863250296935439e+06 4.165277719479674939e+06 4.960829700048884115e+04 -7.997756881907983916e+05 4.174944212106742198e+05 -7.656404089734936133e+05 -5.140418024696304929e+05 1.198640945351153641e+05
-1.588066519208012905e+05 5.087007194096086547e+06 6.273890409356359392e+06 3.183565964708642423e+04 4.599022468721874757e+05 6.576442439224523259e+05 -9.600362906347705575e+03 1.987585264268787287e+05 1.111140498564850423e+05 1.476864903060312942e+07 7.114281009911173955e+06 3.057524888529722113e+06 3.740109318084621918e+05 1.301744551118025789e+06 9.434007235908418661e+05 -1.051790931166919181e+06 -3.100974635537966387e+05 9.321877965617628070e+04
1.229360808027162682e+06 -6.756970880473911529e+05 3.183565964708642423e+04 2.037231398063317873e+06 4.132237699967168155e+05 -1.666698848366015009e+05 6.002869038207612175e+04 6.750897831025799678e+04 9.188301902683623484e+04 -8.614343895845054649e+05 1.333735516152472002e+06 -1.006563222328549600e+06 -6.036044644945074106e+05 7.823630823188440409e+05 3.663102785950070247e+05 5.045226666066611651e+05 2.124756459165440174e+05 5.080814752629290160e+04
9.270382724230176245e+04 3.681746994084909093e+05 4.599022468721874757e+05 4.132237699967168155e+05 1.101313375581189990e+06 -9.183764761994114087e+04 6.852497282376534713e+04 -1.280757714077446144e+04 1.655538659980935045e+05 9.084694457906650379e+06 -9.448271014517183648e+05 -1.410646306381883333e+06 -3.457122532999766991e+05 4.774226398499459610e+05 3.155585233208364225e+05 -3.733387233330777963e+05 -1.293769919671457174e+05 -5.387200762160609884e+04
-8.723042979829524484e+03 -5.069271356246510986e+05 6.576442439224523259e+05 -1.666698848366015009e+05 -9.183764761994114087e+04 7.535985527475356357e+05 7.250815392750063620e+04 -2.107698316069452994e+04 -7.926147489673334348e+04 1.727787582100192318e+06 -1.300034048015316250e+06 -5.807802175255597103e+04 -3.575296216542288312e+05 5.642420158506174339e+05 5.410662462735868758e+05 5.766251828966108587e+04 1.617143361066447396e+05 1.475792791896853596e+05
-2.674910309419090045e+05 -3.541638224363990594e+05 -9.600362906347705575e+03 6.002869038207612175e+04 6.852497282376534713e+04 7.250815392750063620e+04 2.372045171958054416e+05 4.037582235194208624e+04 1.901247908219513556e+04 -3.052578139084924478e+05 1.741227889839753334e+05 -5.926483666202094173e+05 -3.596638576037500752e+05 1.889048901765805786e+05 1.245180543047153042e+05 2.887810801977163646e+05 1.338288152927649789e+05 -2.731166818676160256e+04
1.209824520437122323e+06 -4.722098833398246643e+04 1.987585264268787287e+05 6.750897831025799678e+04 -1.280757714077446144e+04 -2.107698316069452994e+04 4.037582235194208624e+04 1.843735781970446697e+05 2.897910199888499392e+03 -1.214126502477430739e+06 -5.784710170459407382e+05 4.679486358208456077e+05 1.786750382246759254e+05 1.874750231851933058e+05 1.973810201113065887e+03 2.651751141931655729e+04 1.013117642934674659e+05 -4.619736939292014722e+04
3.224975076238145703e+05 1.197115762353226601e+05 1.111140498564850423e+05 9.188301902683623484e+04 1.655538659980935045e+05 -7.926147489673334348e+04 1.901247908219513556e+04 2.897910199888499392e+03 1.017122551447934384e+05 3.092207680716088507e+06 3.175338703675918514e+05 -1.688494088558414660e+05 -4.241544318634521187e+04 1.661154741498954900e+04 2.615435720959759055e+04 -1.078385895171090524e+05 -7.718799144340133353e+04 5.098019050898943533e+04
2.107562592236794904e+07 1.101007966992727295e+07 1.476864903060312942e+07 -8.614343895845054649e+05 9.084694457906650379e+06 1.727787582100192318e+06 -3.052578139084924478e+05 -1.214126502477430739e+06 3.092207680716088507e+06 3.740500714924102426e+08 6.840858391810647212e+06 4.010229394813273568e+06 6.495350818794270977e+06 -5.510538571903647855e+06 5.747804914308800362e+06 -9.201946680594669655e+06 -3.880834100183517206e+06 4.363215837485367432e+06
6.223850813602496870e+06 9.906863250296935439e+06 7.114281009911173955e+06 1.333735516152472002e+06 -9.448271014517183648e+05 -1.300034048015316250e+06 1.741227889839753334e+05 -5.784710170459407382e+05 3.175338703675918514e+05 6.840858391810647212e+06 6.709453949626375735e+07 1.207113432498981804e+07 1.178770437694903929e+06 -2.274788355022999924e+06 -1.422490149938679533e+06 -1.281863881390543887e+06 3.672985637650681892e+05 1.752970556547580520e+06
3.811855602499821689e+06 4.165277719479674939e+06 3.057524888529722113e+06 -1.006563222328549600e+06 -1.410646306381883333e+06 -5.807802175255597103e+04 -5.926483666202094173e+05 4.679486358208456077e+05 -1.688494088558414660e+05 4.010229394813273568e+06 1.207113432498981804e+07 2.772153847952079400e+07 4.197720973469524644e+06 -1.237080481092647882e+06 -2.445291781083370093e+06 2.687868323751628632e+05 1.068056809343302622e+06 1.111468420248551760e+06
5.908228435886005173e+05 4.960829700048884115e+04 3.740109318084621918e+05 -6.036044644945074106e+05 -3.457122532999766991e+05 -3.575296216542288312e+05 -3.596638576037500752e+05 1.786750382246759254e+05 -4.241544318634521187e+04 6.495350818794270977e+06 1.178770437694903929e+06 4.197720973469524644e+06 7.700080098144719377e+06 7.446551458370659966e+05 2.901156812775618164e+05 -4.869376400496196584e+05 -7.732893849709090136e+04 4.680094282439676463e+05
-1.607646067965158494e+06 -7.997756881907983916e+05 1.301744551118025789e+06 7.823630823188440409e+05 4.774226398499459610e+05 5.642420158506174339e+05 1.889048901765805786e+05 1.874750231851933058e+05 1.661154741498954900e+04 -5.510538571903647855e+06 -2.274788355022999924e+06 -1.237080481092647882e+06 7.446551458370659966e+05 4.057468810582054313e+06 1.212214641773219686e+06 1.108863644405299274e+05 2.541397045866721310e+05 -2.142092410012611072e+05
1.767265098903904436e+06 4.174944212106742198e+05 9.434007235908418661e+05 3.663102785950070247e+05 3.155585233208364225e+05 5.410662462735868758e+05 1.245180543047153042e+05 1.973810201113065887e+03 2.615435720959759055e+04 5.747804914308800362e+06 -1.422490149938679533e+06 -2.445291781083370093e+06 2.901156812775618164e+05 1.212214641773219686e+06 2.389153402575732209e+06 4.308793916443077615e+05 2.663153250884220470e+05 1.756929801164021483e+05
-9.302876244079826865e+05 -7.656404089734936133e+05 -1.051790931166919181e+06 5.045226666066611651e+05 -3.733387233330777963e+05 5.766251828966108587e+04 2.887810801977163646e+05 2.651751141931655729e+04 -1.078385895171090524e+05 -9.201946680594669655e+06 -1.281863881390543887e+06 2.687868323751628632e+05 -4.869376400496196584e+05 1.108863644405299274e+05 4.308793916443077615e+05 1.979785446396234911e+06 5.465451830189570319e+05 2.530318004386231769e+05
1.977873940188853769e+06 -5.140418024696304929e+05 -3.100974635537966387e+05 2.124756459165440174e+05 -1.293769919671457174e+05 1.617143361066447396e+05 1.338288152927649789e+05 1.013117642934674659e+05 -7.718799144340133353e+04 -3.880834100183517206e+06 3.672985637650681892e+05 1.068056809343302622e+06 -7.732893849709090136e+04 2.541397045866721310e+05 2.663153250884220470e+05 5.465451830189570319e+05 1.028451135634525097e+06 2.482100769725665450e+05
1.044426419362486806e+06 1.198640945351153641e+05 9.321877965617628070e+04 5.080814752629290160e+04 -5.387200762160609884e+04 1.475792791896853596e+05 -2.731166818676160256e+04 -4.619736939292014722e+04 5.098019050898943533e+04 4.363215837485367432e+06 1.752970556547580520e+06 1.111468420248551760e+06 4.680094282439676463e+05 -2.142092410012611072e+05 1.756929801164021483e+05 2.530318004386231769e+05 2.482100769725665450e+05 7.191463399010747671e+05
