3.653239863679505885e+07 3.234335587100930512e+06 1.897199369787641626e+05 -2.610709753099120571e+05 -1.247707365595690499e+05 -3.508077260824119003e+04 8.015239786508075667e+03 -6.230824785483362211e+04 2.675037177982872818e+05 3.019379352574859932e+07 -1.679206030166047160e+06 5.930365031199147925e+05 -7.157388552883863449e+06 2.200480957535168622e+06 -3.753780054913795320e+05 -3.299192150840070099e+05 1.131867437457450433e+06 7.962095745098211337e+05
3.234335587100930512e+06 1.754770201904991269e+07 3.440618867012304720e+06 -4.499310398040956934e+05 1.355505297009973729e+05 -1.350790939799956686e+05 -1.218613946691318997e+05 5.190056417761483317e+04 5.272911686184931750e+04 2.917672304799557850e+07 1.705006783805983141e+07 -2.683565406187455636e+06 -4.066851726727079134e+06 -7.468309353160189930e+05 -2.530881070053302028e+04 1.280970579192665173e+06 8.785673864816211862e+05 3.883681180409537046e+05
1.897199369787641626e+05 3.440618867012304720e+06 4.560102207186813466e+06 6.537012608493333682e+05 4.879496943258822430e+05 6.613287575240577571e+05 1.169979137976025377e+05 1.594122182577968633e+05 -2.650836715481492320e+03 -2.435710468132226262e+06 4.035038549014660064e+06 3.160334333230832126e+06 -1.582760701655427983e+05 1.460819668122899719e+06 6.980656777768470347e+05 5.085563401418187423e+05 -3.282883191538384999e+05 -8.321549528957024449e+04
-2.610709753099120571e+05 -4.499310398040956934e+05 6.537012608493333682e+05 1.823801888419005787e+06 -1.473195890164293523e+05 4.261710300661077490e+05 5.229932272838098288e+04 -1.251797853807637875e+05 1.160831240506875474e+05 4.138185486225945409e+06 -6.102138459721095860e+05 1.226650359737758699e+05 -7.941700278448844620e+04 6.167922158807652304e+05 3.731717524152355036e+05 -1.197776919290323567e+05 1.866030501638743444e+05 9.996699074655184813e+04
-1.247707365595690499e+05 1.355505297009973729e+05 4.879496943258822430e+05 -1.473195890164293523e+05 6.769615062236300437e+05 3.341822526678456779e+04 1.910307139873842534e+05 5.300664516894806729e+04 4.199276777760141704e+04 -3.726499670944474638e+05 2.235517731112788024e+05 5.587219854756577406e+05 1.068318081869086309e+05 6.707699420710941777e+05 7.793881939391711785e+04 1.332091478093252226e+05 -1.413293040522714145e+05 -1.320310910382656439e+05
-3.508077260824119003e+04 -1.350790939799956686e+05 6.613287575240577571e+05 4.261710300661077490e+05 3.341822526678456779e+04 4.628601394719191594e+05 5.825453938449215639e+04 -2.561682071484662811e+04 -6.590593669831418083e+04 6.976111845759430435e+05 1.281897990935018315e+05 6.642414388269768097e+05 2.783266986385339405e+05 4.874352249725100701e+05 2.975129013840712723e+05 -2.471633786204029457e+05 2.552497295369399944e+04 1.485249156307403973e+04
8.015239786508075667e+03 -1.218613946691318997e+05 1.169979137976025377e+05 5.229932272838098288e+04 1.910307139873842534e+05 5.825453938449215639e+04 3.500825616211045999e+05 1.207304580049808719e+05 4.866974170348750704e+03 4.049326657666288665e+05 -7.824333485820161877e+05 2.661205298991689924e+05 1.218320361765811249e+05 1.773690679479636019e+05 1.394105260023406590e+05 1.700915110975496063e+05 4.950183437108205544e+04 1.236978294353750680e+05
-6.230824785483362211e+04 5.190056417761483317e+04 1.594122182577968633e+05 -1.251797853807637875e+05 5.300664516894806729e+04 -2.561682071484662811e+04 1.207304580049808719e+05 1.753062094046845450e+05 7.265477509467035816e+03 1.461630793960464653e+06 4.758100624717038590e+05 2.834717126747152070e+05 -1.966010259351729765e+05 1.032703467682224982e+04 6.508655393545213155e+04 2.407201277995945420e+05 7.443874123871640222e+03 3.464472892331708135e+04
2.675037177982872818e+05 5.272911686184931750e+04 -2.650836715481492320e+03 1.160831240506875474e+05 4.199276777760141704e+04 -6.590593669831418083e+04 4.866974170348750704e+03 7.265477509467035816e+03 1.144691721474042861e+05 7.066255458710192470e+05 2.846766442642832990e+05 -2.775978484036340960e+05 -9.443691798442792788e+04 1.375622875660321733e+05 1.017968192752429313e+05 1.131224035381485010e+05 7.028313599098967097e+04 5.025321272419707384e+04
3.019379352574859932e+07 2.917672304799557850e+07 -2.435710468132226262e+06 4.138185486225945409e+06 -3.726499670944474638e+05 6.976111845759430435e+05 4.049326657666288665e+05 1.461630793960464653e+06 7.066255458710192470e+05 3.971325729834390879e+08 8.024849446534073353e+07 1.558238544632329978e+07 -2.131019850768743455e+07 7.005504340818444267e+06 7.409621476948364638e+06 8.317354867082551122e+06 7.295396291020161472e+06 2.294752499791759532e+06
-1.679206030166047160e+06 1.705006783805983141e+07 4.035038549014660064e+06 -6.102138459721095860e+05 2.235517731112788024e+05 1.281897990935018315e+05 -7.824333485820161877e+05 4.758100624717038590e+05 2.846766442642832990e+05 8.024849446534073353e+07 8.733259611274047196e+07 2.534315429939101264e+07 -5.617176599676979706e+06 2.794342337876478210e+06 3.789013611342707183e+06 2.828325217256635427e+06 8.788214612483449746e+05 6.749226954842245905e+05
5.930365031199147925e+05 -2.683565406187455636e+06 3.160334333230832126e+06 1.226650359737758699e+05 5.587219854756577406e+05 6.642414388269768097e+05 2.661205298991689924e+05 2.834717126747152070e+05 -2.775978484036340960e+05 1.558238544632329978e+07 2.534315429939101264e+07 2.531764251741151884e+07 2.111692421535240021e+06 3.426524112377834506e+06 2.992559616304025520e+06 3.971923955660613719e+05 -4.186311549583569868e+05 1.066780165933939134e+05
-7.157388552883863449e+06 -4.066851726727079134e+06 -1.582760701655427983e+05 -7.941700278448844620e+04 1.068318081869086309e+05 2.783266986385339405e+05 1.218320361765811249e+05 -1.966010259351729765e+05 -9.443691798442792788e+04 -2.131019850768743455e+07 -5.617176599676979706e+06 2.111692421535240021e+06 1.243511263208233193e+07 6.558379619026109576e+05 6.297189131588382879e+05 -6.178576556901843287e+05 -8.991379963456988335e+05 1.705492474844669050e+05
2.200480957535168622e+06 -7.468309353160189930e+05 1.460819668122899719e+06 6.167922158807652304e+05 6.707699420710941777e+05 4.874352249725100701e+05 1.773690679479636019e+05 1.032703467682224982e+04 1.375622875660321733e+05 7.005504340818444267e+06 2.794342337876478210e+06 3.426524112377834506e+06 6.558379619026109576e+05 5.872796677183745429e+06 8.479045829506813316e+05 -7.268246798573990818e+05 -5.399790671644829126e+04 5.648782156939610104e+03
-3.753780054913795320e+05 -2.530881070053302028e+04 6.980656777768470347e+05 3.731717524152355036e+05 7.793881939391711785e+04 2.975129013840712723e+05 1.394105260023406590e+05 6.508655393545213155e+04 1.017968192752429313e+05 7.409621476948364638e+06 3.789013611342707183e+06 2.992559616304025520e+06 6.297189131588382879e+05 8.479045829506813316e+05 2.157612043283109553e+06 5.952731357379055116e+05 -1.516370841298843152e+05 3.270343937758345855e+05
-3.299192150840070099e+05 1.280970579192665173e+06 5.085563401418187423e+05 -1.197776919290323567e+05 1.332091478093252226e+05 -2.471633786204029457e+05 1.700915110975496063e+05 2.407201277995945420e+05 1.131224035381485010e+05 8.317354867082551122e+06 2.828325217256635427e+06 3.971923955660613719e+05 -6.178576556901843287e+05 -7.268246798573990818e+05 5.952731357379055116e+05 2.185743169584808871e+06 1.729871229816054984e+04 -3.039180201547317847e+04
1.131867437457450433e+06 8.785673864816211862e+05 -3.282883191538384999e+05 1.866030501638743444e+05 -1.413293040522714145e+05 2.552497295369399944e+04 4.950183437108205544e+04 7.443874123871640222e+03 7.028313599098967097e+04 7.295396291020161472e+06 8.788214612483449746e+05 -4.186311549583569868e+05 -8.991379963456988335e+05 -5.399790671644829126e+04 -1.516370841298843152e+05 1.729871229816054984e+04 7.964017349693259457e+05 3.001304618401219486e+05
7.962095745098211337e+05 3.883681180409537046e+05 -8.321549528957024449e+04 9.996699074655184813e+04 -1.320310910382656439e+05 1.485249156307403973e+04 1.236978294353750680e+05 3.464472892331708135e+04 5.025321272419707384e+04 2.294752499791759532e+06 6.749226954842245905e+05 1.066780165933939134e+05 1.705492474844669050e+05 5.648782156939610104e+03 3.270343937758345855e+05 -3.039180201547317847e+04 3.001304618401219486e+05 9.102944617108664243e+05
