6.288989841817680001e+07 4.534615669979681261e+06 2.058637459431372350e+06 4.138016724395218305e+06 8.882239135386544513e+05 -1.499895100412118481e+06 -1.882638078819207149e+06 -5.581439394408003427e+05 -4.862124810375194065e+05 -1.119834165560625121e+07 -1.692634685118996724e+07 -4.447619516272307374e+06 -1.480367363723769377e+05 2.356585006210590072e+05 -2.461698354570634197e+06 -1.359732027527653612e+06 -4.404002363753545069e+04 8.364334063474830473e+05
4.534615669979681261e+06 1.525494217210552096e+07 4.575868688477419200e+05 3.448281138904019026e+05 1.332987251381577807e+05 -1.197408462281276734e+05 -1.632844009610539069e+05 -1.788837856684923754e+05 -3.143655372460580547e+05 1.190313558165557124e+07 9.869764927683718503e+06 4.855938600059305318e+06 -2.147336209569220897e+06 5.599875189629109809e+05 7.773096442308319965e+05 2.715771988528232323e+05 -6.912736001703168731e+05 1.253890854974767899e+04
2.058637459431372350e+06 4.575868688477419200e+05 3.535571992350088898e+06 8.381058694070032798e+05 -1.782328522774770681e+04 -1.878163956002920895e+04 3.674163377915081219e+05 1.841661376233979827e+05 1.311439412041290234e+04 -2.987327467166671529e+06 5.033232939504734240e+06 -4.898113532731836312e+05 -1.012083936500708922e+06 2.440381184205559548e+05 -2.079101068655080744e+05 3.733882102890700335e+05 -2.365569589618765895e+04 -2.241619683336910384e+05
4.138016724395218305e+06 3.448281138904019026e+05 8.381058694070032798e+05 2.000632288773470093e+06 4.491843659022349166e+05 1.449308461767451445e+04 -2.025605861757225066e+05 1.620507442602008523e+05 1.197314050170994014e+05 -3.811552278573431540e+05 6.633605643724612892e+05 -3.586907897255400312e+05 9.632248382137645967e+05 -4.490474873057078803e+05 -1.406374079710989317e+05 -6.547267988313958049e+05 -1.705465072279854940e+04 3.719408022834895382e+04
8.882239135386544513e+05 1.332987251381577807e+05 -1.782328522774770681e+04 4.491843659022349166e+05 1.329892139285482233e+06 3.102470633096795063e+05 -1.217560432401384969e+04 1.635081658191565075e+05 1.085946264931794576e+05 4.176833664384188130e+06 -7.659660699390890077e+05 -7.146118162868233630e+05 4.857278385560945608e+05 1.989545474004081043e+05 -1.643080469207484566e+05 -1.138088670808817260e+05 -9.309094912826777727e+04 1.767935874012708882e+04
-1.499895100412118481e+06 -1.197408462281276734e+05 -1.878163956002920895e+04 1.449308461767451445e+04 3.102470633096795063e+05 7.376787415850849357e+05 8.818781808574812021e+04 7.592728169154492207e+03 4.819834712378042605e+04 -4.823910217650632258e+05 4.385909691116578761e+05 -1.229766425734037533e+06 -5.447932508891019970e+05 2.492064188869628197e+03 5.141035432047921931e+05 2.075226633535077272e+05 -2.896909091568347649e+05 -4.980707625745936821e+04
-1.882638078819207149e+06 -1.632844009610539069e+05 3.674163377915081219e+05 -2.025605861757225066e+05 -1.217560432401384969e+04 8.818781808574812021e+04 4.708793689580424689e+05 4.480528981013208977e+04 5.266211155048772343e+04 -2.514244268211743329e+06 9.650652102457463043e+05 1.287269773804182187e+05 -4.202242830350625445e+05 -2.062893470669949893e+05 1.889420468370702292e+05 5.372683832784146070e+05 4.043873343724947335e+04 -1.267333426660663390e+05
-5.581439394408003427e+05 -1.788837856684923754e+05 1.841661376233979827e+05 1.620507442602008523e+05 1.635081658191565075e+05 7.592728169154492207e+03 4.480528981013208977e+04 1.473669621430003026e+05 6.799276933169810218e+04 -3.896752397187110037e+05 1.654988443499515997e+05 1.736005747903966694e+05 3.008233219645054778e+05 8.482288922742915747e+04 4.029615784406018065e+04 -6.433744679180379899e+04 7.685045708881781320e+04 -2.612362973209319898e+04
-4.862124810375194065e+05 -3.143655372460580547e+05 1.311439412041290234e+04 1.197314050170994014e+05 1.085946264931794576e+05 4.819834712378042605e+04 5.266211155048772343e+04 6.799276933169810218e+04 1.702472950480617292e+05 -8.244010630579314893e+05 -2.957886226038206951e+05 5.942111623543757014e+04 -4.715939215428892931e+04 -3.393333224404723151e+05 -2.593535186369622170e+04 -3.765892552170633280e+04 7.702123762879634160e+04 -5.481135092097057350e+04
-1.119834165560625121e+07 1.190313558165557124e+07 -2.987327467166671529e+06 -3.811552278573431540e+05 4.176833664384188130e+06 -4.823910217650632258e+05 -2.514244268211743329e+06 -3.896752397187110037e+05 -8.244010630579314893e+05 1.619035958770624697e+08 4.176946661964275874e+06 1.097351411233777180e+07 1.668452321217760257e+07 6.537338958568423986e+06 -6.573928161141226068e+06 -1.432519170412117615e+06 -1.046040237291392405e+06 2.134745160756319761e+06
-1.692634685118996724e+07 9.869764927683718503e+06 5.033232939504734240e+06 6.633605643724612892e+05 -7.659660699390890077e+05 4.385909691116578761e+05 9.650652102457463043e+05 1.654988443499515997e+05 -2.957886226038206951e+05 4.176946661964275874e+06 9.023641269838356972e+07 1.895946285470006242e+07 -2.612359625896822661e+06 3.012737515733214095e+05 7.665303277902815025e+05 1.453182891554880654e+06 -1.734273266365807271e+06 -7.200399164572592126e+05
-4.447619516272307374e+06 4.855938600059305318e+06 -4.898113532731836312e+05 -3.586907897255400312e+05 -7.146118162868233630e+05 -1.229766425734037533e+06 1.287269773804182187e+05 1.736005747903966694e+05 5.942111623543757014e+04 1.097351411233777180e+07 1.895946285470006242e+07 2.031904762465661764e+07 6.539443363131560385e+06 6.603059528191933641e+05 -1.245638796704598935e+06 -7.269262081190290337e+04 2.619444629989695968e+05 5.916883492350971792e+05
-1.480367363723769377e+05 -2.147336209569220897e+06 -1.012083936500708922e+06 9.632248382137645967e+05 4.857278385560945608e+05 -5.447932508891019970e+05 -4.202242830350625445e+05 3.008233219645054778e+05 -4.715939215428892931e+04 1.668452321217760257e+07 -2.612359625896822661e+06 6.539443363131560385e+06 1.505446742827673256e+07 3.323582758871313184e+06 5.032258901951771695e+05 -9.260818494253694080e+05 1.353961282623965992e+06 1.236014925406070659e+06
2.356585006210590072e+05 5.599875189629109809e+05 2.440381184205559548e+05 -4.490474873057078803e+05 1.989545474004081043e+05 2.492064188869628197e+03 -2.062893470669949893e+05 8.482288922742915747e+04 -3.393333224404723151e+05 6.537338958568423986e+06 3.012737515733214095e+05 6.603059528191933641e+05 3.323582758871313184e+06 4.292542162346856669e+06 9.000343970461925492e+05 -7.034121687087989994e+04 3.246698300213347538e+05 2.306751779822176904e+05
-2.461698354570634197e+06 7.773096442308319965e+05 -2.079101068655080744e+05 -1.406374079710989317e+05 -1.643080469207484566e+05 5.141035432047921931e+05 1.889420468370702292e+05 4.029615784406018065e+04 -2.593535186369622170e+04 -6.573928161141226068e+06 7.665303277902815025e+05 -1.245638796704598935e+06 5.032258901951771695e+05 9.000343970461925492e+05 2.556008275038524996e+06 7.851598514368145261e+05 2.804247613330560271e+05 1.805668175253460358e+05
-1.359732027527653612e+06 2.715771988528232323e+05 3.733882102890700335e+05 -6.547267988313958049e+05 -1.138088670808817260e+05 2.075226633535077272e+05 5.372683832784146070e+05 -6.433744679180379899e+04 -3.765892552170633280e+04 -1.432519170412117615e+06 1.453182891554880654e+06 -7.269262081190290337e+04 -9.260818494253694080e+05 -7.034121687087989994e+04 7.851598514368145261e+05 2.061482970579497516e+06 -1.203648386572495074e+05 1.312940663475891051e+05
-4.404002363753545069e+04 -6.912736001703168731e+05 -2.365569589618765895e+04 -1.705465072279854940e+04 -9.309094912826777727e+04 -2.896909091568347649e+05 4.043873343724947335e+04 7.685045708881781320e+04 7.702123762879634160e+04 -1.046040237291392405e+06 -1.734273266365807271e+06 2.619444629989695968e+05 1.353961282623965992e+06 3.246698300213347538e+05 2.804247613330560271e+05 -1.203648386572495074e+05 7.962825411906456575e+05 2.750065398533690604e+05
8.364334063474830473e+05 1.253890854974767899e+04 -2.241619683336910384e+05 3.719408022834895382e+04 1.767935874012708882e+04 -4.980707625745936821e+04 -1.267333426660663390e+05 -2.612362973209319898e+04 -5.481135092097057350e+04 2.134745160756319761e+06 -7.200399164572592126e+05 5.916883492350971792e+05 1.236014925406070659e+06 2.306751779822176904e+05 1.805668175253460358e+05 1.312940663475891051e+05 2.750065398533690604e+05 4.756273438942786306e+05
