3.707478466701184958e+07 -1.461160050222267164e+06 -9.652171447034828598e+05 3.372301710889984970e+05 -3.309724166862609563e+05 -9.075191734410794452e+05 -3.799063657714793226e+05 -1.886375666075130357e+04 -3.293806160408697178e+04 1.189554467746106163e+07 -5.093686444430731237e+06 3.858110295372141059e+06 5.025394695211262442e+06 -1.114513493526567472e+06 -7.881647006468228938e+04 -2.812328320666049141e+06 1.119306513018097263e+06 -6.075609711137056584e+05
-1.461160050222267164e+06 1.331341034424578771e+07 9.629748368261111900e+05 1.083187081598414579e+03 1.288083227593203046e+05 1.250767177488684974e+05 1.595347554588823914e+04 -3.978567518557732692e+05 -1.533579672316166980e+05 4.815595909366676584e+06 6.984040333866450936e+06 5.681256477777498076e+05 6.162523451879230328e+06 9.312011819681248162e+05 7.954517429935180116e+05 -9.334175949809093727e+05 6.580826487916780170e+05 1.714619798552704742e+05
-9.652171447034828598e+05 9.629748368261111900e+05 4.504677259649693966e+06 1.619561997630374506e+06 6.018485980063772295e+05 -4.998088289266214706e+05 -2.350342191720453557e+05 2.671488664965723292e+05 7.566025715579809912e+04 7.980717801230661571e+06 3.106410007538432721e+06 2.398995553483348049e+05 1.547613512593987165e+06 1.771496686198190320e+06 8.903578870556764305e+05 -8.104075718587110168e+04 9.562442482262729900e+05 -2.038225565606489545e+04
3.372301710889984970e+05 1.083187081598414579e+03 1.619561997630374506e+06 1.622376445980546530e+06 4.941810663856074680e+05 -1.581352245041267597e+05 -2.513163406890305341e+05 1.792829371975092799e+05 1.515985044453114642e+04 5.836257323962251656e+06 1.455915783551396569e+06 -7.466002304737290833e+05 1.340650533120549284e+06 9.756096624356883112e+05 8.676934891282357275e+05 5.497576005903353507e+04 5.049311392794759013e+05 -1.052076933731499012e+05
-3.309724166862609563e+05 1.288083227593203046e+05 6.018485980063772295e+05 4.941810663856074680e+05 1.209791091908085393e+06 1.582118376734614139e+04 9.272801463461008098e+04 1.809330356094622111e+05 1.081380382976819383e+05 7.907181336903593037e+05 1.733531024384411052e+06 -2.282993484565238003e+06 -1.102083259625044157e+05 7.411831440659681102e+05 6.695448632455583429e+05 3.069072183405905380e+05 4.625500785167370923e+05 2.536824543433281942e+05
-9.075191734410794452e+05 1.250767177488684974e+05 -4.998088289266214706e+05 -1.581352245041267597e+05 1.582118376734614139e+04 6.525836639672491001e+05 6.531018886053925962e+04 7.438579346349694242e+04 1.304116003822992570e+04 -2.378236710743846837e+06 1.673216715735276928e+06 -6.994532221014309907e+05 9.573242129463690799e+04 -4.146972842787745758e+05 3.610349442991190008e+05 3.924020444330477039e+05 4.903233969942621479e+04 -1.318325164898316725e+05
-3.799063657714793226e+05 1.595347554588823914e+04 -2.350342191720453557e+05 -2.513163406890305341e+05 9.272801463461008098e+04 6.531018886053925962e+04 2.652087146671484807e+05 4.824546982513796684e+04 2.533532421277715548e+04 -1.628752057054847712e+06 -2.235373043892120186e+05 8.077708915232894651e+04 3.018199706532749042e+04 -1.108162379804640368e+05 4.824142019175855967e+04 3.690147081585288397e+05 -1.296227967976006039e+05 -1.246804084816519753e+04
-1.886375666075130357e+04 -3.978567518557732692e+05 2.671488664965723292e+05 1.792829371975092799e+05 1.809330356094622111e+05 7.438579346349694242e+04 4.824546982513796684e+04 2.494619847578766057e+05 6.916871158979815664e+04 5.210602848407602287e+05 -1.979124786716396047e+05 -1.055409051924363244e+06 2.506221671896327753e+05 2.975920035000535427e+05 8.935038758525584126e+04 2.670296574040896376e+05 2.808521836558409268e+05 7.341726753014550195e+04
-3.293806160408697178e+04 -1.533579672316166980e+05 7.566025715579809912e+04 1.515985044453114642e+04 1.081380382976819383e+05 1.304116003822992570e+04 2.533532421277715548e+04 6.916871158979815664e+04 1.408544767895366531e+05 -7.240188571789267007e+05 3.098116430405317224e+05 -2.799110822733732639e+05 -2.920339245676224236e+05 2.274645655772789905e+05 3.536609365643252386e+04 1.570948202062735509e+05 1.536097934981263825e+05 9.959835151695832610e+04
1.189554467746106163e+07 4.815595909366676584e+06 7.980717801230661571e+06 5.836257323962251656e+06 7.907181336903593037e+05 -2.378236710743846837e+06 -1.628752057054847712e+06 5.210602848407602287e+05 -7.240188571789267007e+05 2.254569245626405776e+08 9.091752004900971428e+06 1.784721190993486345e+07 1.157407133306106366e+07 -4.008509914592863526e+06 6.229215520049555926e+05 1.242579210518120322e+06 5.225952196683632210e+06 9.040119506065469468e+05
-5.093686444430731237e+06 6.984040333866450936e+06 3.106410007538432721e+06 1.455915783551396569e+06 1.733531024384411052e+06 1.673216715735276928e+06 -2.235373043892120186e+05 -1.979124786716396047e+05 3.098116430405317224e+05 9.091752004900971428e+06 9.120419088931220770e+07 5.481952529030242004e+06 5.385276239241161384e+06 1.320491289346285164e+06 -3.484453078005679417e+05 -1.566038202080123359e+06 2.503417905150576960e+06 2.744790749547714368e+06
3.858110295372141059e+06 5.681256477777498076e+05 2.398995553483348049e+05 -7.466002304737290833e+05 -2.282993484565238003e+06 -6.994532221014309907e+05 8.077708915232894651e+04 -1.055409051924363244e+06 -2.799110822733732639e+05 1.784721190993486345e+07 5.481952529030242004e+06 3.103921017612561211e+07 3.712889673883942887e+05 -1.650877562455398496e+06 -4.066846351557678077e+06 -9.859749313301686198e+05 -1.103279323929975741e+06 -9.077838850135158282e+05
5.025394695211262442e+06 6.162523451879230328e+06 1.547613512593987165e+06 1.340650533120549284e+06 -1.102083259625044157e+05 9.573242129463690799e+04 3.018199706532749042e+04 2.506221671896327753e+05 -2.920339245676224236e+05 1.157407133306106366e+07 5.385276239241161384e+06 3.712889673883942887e+05 1.123307938150113262e+07 1.330732636853140546e+06 8.300272799868648872e+05 1.106858971225688729e+05 1.964971979817164596e+06 2.440959287697609980e+05
-1.114513493526567472e+06 9.312011819681248162e+05 1.771496686198190320e+06 9.756096624356883112e+05 7.411831440659681102e+05 -4.146972842787745758e+05 -1.108162379804640368e+05 2.975920035000535427e+05 2.274645655772789905e+05 -4.008509914592863526e+06 1.320491289346285164e+06 -1.650877562455398496e+06 1.330732636853140546e+06 4.433580886828593910e+06 3.602400931856050156e+05 -7.353663915320299566e+05 6.810709381235854235e+05 3.111326348822442815e+05
-7.881647006468228938e+04 7.954517429935180116e+05 8.903578870556764305e+05 8.676934891282357275e+05 6.695448632455583429e+05 3.610349442991190008e+05 4.824142019175855967e+04 8.935038758525584126e+04 3.536609365643252386e+04 6.229215520049555926e+05 -3.484453078005679417e+05 -4.066846351557678077e+06 8.300272799868648872e+05 3.602400931856050156e+05 3.628937013450975064e+06 1.496707088506727596e+05 2.742906732965162373e+05 -1.750045494858464517e+05
-2.812328320666049141e+06 -9.334175949809093727e+05 -8.104075718587110168e+04 5.497576005903353507e+04 3.069072183405905380e+05 3.924020444330477039e+05 3.690147081585288397e+05 2.670296574040896376e+05 1.570948202062735509e+05 1.242579210518120322e+06 -1.566038202080123359e+06 -9.859749313301686198e+05 1.106858971225688729e+05 -7.353663915320299566e+05 1.496707088506727596e+05 1.987923466068428941e+06 2.700293194226456690e+05 2.089074161295622616e+03
1.119306513018097263e+06 6.580826487916780170e+05 9.562442482262729900e+05 5.049311392794759013e+05 4.625500785167370923e+05 4.903233969942621479e+04 -1.296227967976006039e+05 2.808521836558409268e+05 1.536097934981263825e+05 5.225952196683632210e+06 2.503417905150576960e+06 -1.103279323929975741e+06 1.964971979817164596e+06 6.810709381235854235e+05 2.742906732965162373e+05 2.700293194226456690e+05 1.715920994341438403e+06 4.641015009014935931e+05
-6.075609711137056584e+05 1.714619798552704742e+05 -2.038225565606489545e+04 -1.052076933731499012e+05 2.536824543433281942e+05 -1.318325164898316725e+05 -1.246804084816519753e+04 7.341726753014550195e+04 9.959835151695832610e+04 9.040119506065469468e+05 2.744790749547714368e+06 -9.077838850135158282e+05 2.440959287697609980e+05 3.111326348822442815e+05 -1.750045494858464517e+05 2.089074161295622616e+03 4.641015009014935931e+05 7.069222037009174237e+05
