7.430288742956092954e+07 1.024448359552969970e+07 5.932786397073293338e+05 1.678242454129171965e+05 1.596897836427753791e+06 -6.496326447026466485e+05 1.006627439312958042e+06 7.021060753939711722e+05 4.068727655340337078e+05 6.225440775369452685e+07 2.048457456507040560e+07 -6.262048235050099902e+06 -6.294353910070139682e+05 7.383586354945491999e+06 2.342886130457161460e+06 1.535311868544606259e+06 1.826447710426876147e+05 5.333205626990511082e+05
1.024448359552969970e+07 2.254479898880719021e+07 4.685307409043782391e+06 9.505129992040486541e+05 -1.842028240183073794e+05 3.531095409248938086e+05 5.187335436680078274e+05 6.150249350471534999e+05 3.429093399626666214e+05 1.837857826362795010e+07 2.535038665159183368e+07 -7.267192448741380358e+05 2.283495326716873329e+06 -4.943277099534848821e+05 -9.888343978397437604e+05 -3.282696337147122249e+05 -7.523889912789675873e+04 1.190295121661660669e+05
5.932786397073293338e+05 4.685307409043782391e+06 4.825661564554237761e+06 5.288287194345592288e+05 2.671648970154855633e+05 5.551395588574026624e+04 1.624628478339912544e+05 2.178212629840585869e+05 3.572252713090687175e+05 -8.342743540658315644e+06 -6.292089543804414570e+05 9.504166352787225042e+05 -1.426969976884108037e+05 2.149982787197410653e+05 4.418042531816507108e+05 -1.441788948249133537e+05 4.235011840106078307e+05 6.542648538448935142e+05
1.678242454129171965e+05 9.505129992040486541e+05 5.288287194345592288e+05 2.038122023536237422e+06 6.219879562416919507e+05 1.923454389573210501e+05 -8.686708852747690980e+04 1.087973968772839580e+05 1.927184733329296578e+05 -8.127596940630761907e+06 -1.085128892007854534e+06 -9.879893742017049808e+05 7.933798585031403927e+05 6.822676296922838083e+04 8.436158630208136747e+05 8.158902339629791677e+05 2.225746464719931537e+05 -2.089395347621620749e+05
1.596897836427753791e+06 -1.842028240183073794e+05 2.671648970154855633e+05 6.219879562416919507e+05 1.031941439952326822e+06 1.191838058152093145e+05 -1.031839958412970154e+05 -6.594984001926510246e+03 9.483344906700927822e+04 3.488307741962531582e+06 -2.082433504152953392e+06 -1.553160438848146005e+06 4.866296916850965354e+05 1.293757263740388589e+05 3.932320686302515678e+05 1.981187810704133299e+05 5.969831039280959521e+04 -2.070248878129512377e+04
-6.496326447026466485e+05 3.531095409248938086e+05 5.551395588574026624e+04 1.923454389573210501e+05 1.191838058152093145e+05 3.806330102720100549e+05 -3.300025433837552100e+03 1.468091244120440933e+04 1.335978238023403974e+05 -2.384639789786730427e+06 -1.135276457746662898e+06 3.085611890628086985e+04 -6.502654410309025843e+04 -4.632013290816988447e+05 -7.560460409666331543e+03 -4.962171181052007887e+04 -2.809078595958834048e+05 -2.218896376360842551e+05
1.006627439312958042e+06 5.187335436680078274e+05 1.624628478339912544e+05 -8.686708852747690980e+04 -1.031839958412970154e+05 -3.300025433837552100e+03 2.266529582763860817e+05 6.910932889795738447e+04 -4.323650510755584037e+03 -1.826503021506211953e+06 -3.838867397975865169e+05 -3.100480086931951810e+05 1.895561508561050869e+05 1.977288658309781749e+05 1.424539434210133913e+05 2.107703392522289505e+04 1.098121775639439293e+05 1.913736586685444854e+04
7.021060753939711722e+05 6.150249350471534999e+05 2.178212629840585869e+05 1.087973968772839580e+05 -6.594984001926510246e+03 1.468091244120440933e+04 6.910932889795738447e+04 3.182892660572477616e+05 6.646473727786920790e+04 -1.062124239588065771e+06 5.169095514489503694e+05 7.622655604222629918e+05 2.753293479396182811e+05 1.080332431988368917e+05 2.130173130821665400e+05 2.971177351668095216e+05 2.370374202743036149e+05 2.102051217841671023e+05
4.068727655340337078e+05 3.429093399626666214e+05 3.572252713090687175e+05 1.927184733329296578e+05 9.483344906700927822e+04 1.335978238023403974e+05 -4.323650510755584037e+03 6.646473727786920790e+04 1.336161344552146911e+05 -1.356108988698182628e+06 2.345268736271412636e+05 3.816487897201377782e+05 -1.188997134492231999e+05 -1.304754868344636343e+05 1.894151572884652996e+05 1.228447895062299649e+05 -5.061262886439802242e+04 -3.319587985792826203e+03
6.225440775369452685e+07 1.837857826362795010e+07 -8.342743540658315644e+06 -8.127596940630761907e+06 3.488307741962531582e+06 -2.384639789786730427e+06 -1.826503021506211953e+06 -1.062124239588065771e+06 -1.356108988698182628e+06 3.206281223426272273e+08 8.445116522717085481e+07 -1.585631176105852984e+07 -6.454802078519050032e+06 -3.911362132054511458e+06 -1.030176432906230167e+07 -6.431442277870821767e+06 -2.220928050139499828e+06 2.130335081174190156e+06
2.048457456507040560e+07 2.535038665159183368e+07 -6.292089543804414570e+05 -1.085128892007854534e+06 -2.082433504152953392e+06 -1.135276457746662898e+06 -3.838867397975865169e+05 5.169095514489503694e+05 2.345268736271412636e+05 8.445116522717085481e+07 1.263648138444044292e+08 1.986785096284385026e+07 5.595676729754951084e+05 -3.326164240634744987e+06 -2.232717760389995296e+06 3.902725346787387505e+06 -1.452499946576001821e+06 -6.353197210932651069e+05
-6.262048235050099902e+06 -7.267192448741380358e+05 9.504166352787225042e+05 -9.879893742017049808e+05 -1.553160438848146005e+06 3.085611890628086985e+04 -3.100480086931951810e+05 7.622655604222629918e+05 3.816487897201377782e+05 -1.585631176105852984e+07 1.986785096284385026e+07 2.567562718042899296e+07 1.554563510690850439e+06 -2.152771580284977332e+06 1.132853828003748087e+06 8.514277513536445622e+04 -3.853472148053463025e+04 1.407957599054960301e+06
-6.294353910070139682e+05 2.283495326716873329e+06 -1.426969976884108037e+05 7.933798585031403927e+05 4.866296916850965354e+05 -6.502654410309025843e+04 1.895561508561050869e+05 2.753293479396182811e+05 -1.188997134492231999e+05 -6.454802078519050032e+06 5.595676729754951084e+05 1.554563510690850439e+06 8.027425919953394681e+06 1.960041896165753249e+06 1.450560227569014998e+06 4.993384114909373457e+05 8.931153288995393086e+05 1.162505904533322428e+04
7.383586354945491999e+06 -4.943277099534848821e+05 2.149982787197410653e+05 6.822676296922838083e+04 1.293757263740388589e+05 -4.632013290816988447e+05 1.977288658309781749e+05 1.080332431988368917e+05 -1.304754868344636343e+05 -3.911362132054511458e+06 -3.326164240634744987e+06 -2.152771580284977332e+06 1.960041896165753249e+06 6.223165141578058712e+06 4.387204477737545385e+05 7.012090857109110802e+05 2.324987272961403069e+05 2.061782936969943694e+04
2.342886130457161460e+06 -9.888343978397437604e+05 4.418042531816507108e+05 8.436158630208136747e+05 3.932320686302515678e+05 -7.560460409666331543e+03 1.424539434210133913e+05 2.130173130821665400e+05 1.894151572884652996e+05 -1.030176432906230167e+07 -2.232717760389995296e+06 1.132853828003748087e+06 1.450560227569014998e+06 4.387204477737545385e+05 2.963858981120462529e+06 1.133500786660577636e+06 8.042438523821209092e+05 1.745402579685385572e+05
1.535311868544606259e+06 -3.282696337147122249e+05 -1.441788948249133537e+05 8.158902339629791677e+05 1.981187810704133299e+05 -4.962171181052007887e+04 2.107703392522289505e+04 2.971177351668095216e+05 1.228447895062299649e+05 -6.431442277870821767e+06 3.902725346787387505e+06 8.514277513536445622e+04 4.993384114909373457e+05 7.012090857109110802e+05 1.133500786660577636e+06 2.131987443597740028e+06 6.195524549141152529e+05 -6.568838558270786598e+04
1.826447710426876147e+05 -7.523889912789675873e+04 4.235011840106078307e+05 2.225746464719931537e+05 5.969831039280959521e+04 -2.809078595958834048e+05 1.098121775639439293e+05 2.370374202743036149e+05 -5.061262886439802242e+04 -2.220928050139499828e+06 -1.452499946576001821e+06 -3.853472148053463025e+04 8.931153288995393086e+05 2.324987272961403069e+05 8.042438523821209092e+05 6.195524549141152529e+05 1.454063309487786843e+06 5.326760206283264561e+05
5.333205626990511082e+05 1.190295121661660669e+05 6.542648538448935142e+05 -2.089395347621620749e+05 -2.070248878129512377e+04 -2.218896376360842551e+05 1.913736586685444854e+04 2.102051217841671023e+05 -3.319587985792826203e+03 2.130335081174190156e+06 -6.353197210932651069e+05 1.407957599054960301e+06 1.162505904533322428e+04 2.061782936969943694e+04 1.745402579685385572e+05 -6.568838558270786598e+04 5.326760206283264561e+05 6.230211166811324656e+05
