3.319063056556061655e+07 2.577318691228822339e+06 -4.227860591721194796e+06 -1.647330219642551616e+06 5.774088421576083638e+05 -4.713330950214650948e+05 2.182652418830873212e+05 1.439763755962783180e+05 1.438110270825694024e+05 3.639653792216835916e+07 4.858158411774321576e+05 -1.385905544528371468e+07 -2.051861602332351729e+06 4.709199915623002686e+06 3.335076679872051813e+06 2.318981493561984971e+06 1.225865658095585881e+06 -2.286673970592675032e+05
2.577318691228822339e+06 9.659554042184993625e+06 1.348627121908494504e+06 -5.342668385351906763e+05 -1.751866037298335927e+06 -4.097655721661450807e+05 9.321699874540774908e+04 -2.557621359907860751e+05 1.468964209354569903e+05 2.844256021833484527e+06 -1.095049658534789691e+06 8.632822819429963827e+06 1.669963694592178334e+06 2.995735460242208792e+05 2.267874413845849223e+06 1.364900655491733225e+06 -3.390116138212134247e+05 -1.385282189502881083e+05
-4.227860591721194796e+06 1.348627121908494504e+06 6.814021663271327503e+06 1.340714805302388966e+06 -8.019236480826360639e+05 2.520166731163222867e+05 -6.447692220664278284e+04 -1.702170019859560125e+05 1.203201562146237848e+04 -3.044286841489869403e+05 4.082773459955086932e+06 1.232722626165709831e+07 2.234822028823431116e+06 -1.070851680223722709e+06 4.728832200910421670e+04 2.179924768029965635e+05 1.435965497253719950e+05 1.672449733257776243e+05
-1.647330219642551616e+06 -5.342668385351906763e+05 1.340714805302388966e+06 1.933405249677285552e+06 6.941479557916271733e+04 -1.629668442381191708e+05 -6.651633040848014934e+04 -2.054860212779599169e+04 -7.662913951193409048e+03 1.036363619785741670e+06 5.909018652181108482e+06 2.096932723778090673e+06 1.626570937029071851e+06 1.899254210934883158e+05 -4.355159525300745736e+05 1.884722497787889733e+05 -1.961556168936439208e+05 2.415888351576808491e+05
5.774088421576083638e+05 -1.751866037298335927e+06 -8.019236480826360639e+05 6.941479557916271733e+04 1.356099105635820422e+06 4.249504550578249473e+04 2.452166754126772867e+04 2.352010749524826824e+05 5.965081483570067940e+04 -1.605312292446417501e+06 -2.774167765146075282e+06 -2.377696301654537208e+06 3.003078545302101993e+05 6.051329436878651613e+05 -1.908176305584462825e+05 1.823878827118737099e+05 5.169971296706980211e+05 -1.152855775569139587e+04
-4.713330950214650948e+05 -4.097655721661450807e+05 2.520166731163222867e+05 -1.629668442381191708e+05 4.249504550578249473e+04 6.102687559983845567e+05 6.275717865639165393e+04 8.257052834085682116e+04 -3.075358984005949969e+04 2.826661713589031715e+05 9.820738954465826973e+05 6.178320655525689945e+05 -1.228165673449764436e+05 -7.104560644606658025e+05 -3.207424324409744440e+04 -2.326477433738746331e+05 -3.386032197158870531e+03 3.782512331132945110e+04
2.182652418830873212e+05 9.321699874540774908e+04 -6.447692220664278284e+04 -6.651633040848014934e+04 2.452166754126772867e+04 6.275717865639165393e+04 2.583781226572314044e+05 9.022330631362937856e+04 -3.491778549090580782e+04 -3.717074920113849919e+06 -7.583110147986342199e+05 1.077437846534956916e+05 -4.785728366077607643e+04 -2.723383748032976873e+05 1.155830002319637279e+05 -7.276799467245693086e+04 -9.488668357500939237e+03 7.295290710981008306e+04
1.439763755962783180e+05 -2.557621359907860751e+05 -1.702170019859560125e+05 -2.054860212779599169e+04 2.352010749524826824e+05 8.257052834085682116e+04 9.022330631362937856e+04 2.726061438825633377e+05 3.571016364970825816e+04 -1.622072205826692050e+06 -1.118548823316442780e+06 9.904206463210798393e+04 -3.749101346066613914e+05 3.807924670990474260e+04 1.855140787093201943e+05 -1.026104602244609268e+05 1.243551713071633567e+05 6.563911401160880632e+04
1.438110270825694024e+05 1.468964209354569903e+05 1.203201562146237848e+04 -7.662913951193409048e+03 5.965081483570067940e+04 -3.075358984005949969e+04 -3.491778549090580782e+04 3.571016364970825816e+04 1.359810273985312087e+05 2.222672343147109495e+05 -1.670838338132036151e+05 8.511715157868684037e+05 1.943284526746148185e+05 1.947874183770976379e+05 5.553364288759473857e+04 2.516748498957541888e+05 1.110777386408729799e+05 5.975279196221984603e+04
3.639653792216835916e+07 2.844256021833484527e+06 -3.044286841489869403e+05 1.036363619785741670e+06 -1.605312292446417501e+06 2.826661713589031715e+05 -3.717074920113849919e+06 -1.622072205826692050e+06 2.222672343147109495e+05 2.422559662103109956e+08 1.119192648245928250e+07 -3.728539606950928923e+06 7.132330470179012977e+06 1.250580215627704002e+07 2.293165163653551601e+06 4.795160742419366725e+06 6.455769863644682337e+05 2.009208573863371974e+06
4.858158411774321576e+05 -1.095049658534789691e+06 4.082773459955086932e+06 5.909018652181108482e+06 -2.774167765146075282e+06 9.820738954465826973e+05 -7.583110147986342199e+05 -1.118548823316442780e+06 -1.670838338132036151e+05 1.119192648245928250e+07 7.432382067159417272e+07 1.134324887158572860e+07 5.653311242037115619e+06 -5.921418158400055254e+05 -4.077300260254363995e+06 -2.817172730088378885e+05 -7.802556441061146325e+05 4.451051659156173118e+05
-1.385905544528371468e+07 8.632822819429963827e+06 1.232722626165709831e+07 2.096932723778090673e+06 -2.377696301654537208e+06 6.178320655525689945e+05 1.077437846534956916e+05 9.904206463210798393e+04 8.511715157868684037e+05 -3.728539606950928923e+06 1.134324887158572860e+07 5.817149044616961479e+07 5.347470628146858886e+06 -2.994252086497210898e+06 2.240188227819012478e+06 1.640209605356164975e+06 2.922560372054135078e+05 1.160072632044446887e+06
-2.051861602332351729e+06 1.669963694592178334e+06 2.234822028823431116e+06 1.626570937029071851e+06 3.003078545302101993e+05 -1.228165673449764436e+05 -4.785728366077607643e+04 -3.749101346066613914e+05 1.943284526746148185e+05 7.132330470179012977e+06 5.653311242037115619e+06 5.347470628146858886e+06 9.554275740909790620e+06 1.466093359489594353e+06 -1.992790193590628915e+06 2.416526315588677768e+06 7.767966659622815205e+05 9.511249938450348563e+05
4.709199915623002686e+06 2.995735460242208792e+05 -1.070851680223722709e+06 1.899254210934883158e+05 6.051329436878651613e+05 -7.104560644606658025e+05 -2.723383748032976873e+05 3.807924670990474260e+04 1.947874183770976379e+05 1.250580215627704002e+07 -5.921418158400055254e+05 -2.994252086497210898e+06 1.466093359489594353e+06 4.523756011858074926e+06 3.715242188586796401e+05 7.307061202565069543e+05 4.843059928047960857e+05 1.428073056705689232e+05
3.335076679872051813e+06 2.267874413845849223e+06 4.728832200910421670e+04 -4.355159525300745736e+05 -1.908176305584462825e+05 -3.207424324409744440e+04 1.155830002319637279e+05 1.855140787093201943e+05 5.553364288759473857e+04 2.293165163653551601e+06 -4.077300260254363995e+06 2.240188227819012478e+06 -1.992790193590628915e+06 3.715242188586796401e+05 3.284226302841618657e+06 4.977589608808326302e+05 4.030265474799059302e+04 -2.359965593797843612e+05
2.318981493561984971e+06 1.364900655491733225e+06 2.179924768029965635e+05 1.884722497787889733e+05 1.823878827118737099e+05 -2.326477433738746331e+05 -7.276799467245693086e+04 -1.026104602244609268e+05 2.516748498957541888e+05 4.795160742419366725e+06 -2.817172730088378885e+05 1.640209605356164975e+06 2.416526315588677768e+06 7.307061202565069543e+05 4.977589608808326302e+05 2.468532031946485396e+06 7.745619775436930358e+05 2.094239619506616727e+05
1.225865658095585881e+06 -3.390116138212134247e+05 1.435965497253719950e+05 -1.961556168936439208e+05 5.169971296706980211e+05 -3.386032197158870531e+03 -9.488668357500939237e+03 1.243551713071633567e+05 1.110777386408729799e+05 6.455769863644682337e+05 -7.802556441061146325e+05 2.922560372054135078e+05 7.767966659622815205e+05 4.843059928047960857e+05 4.030265474799059302e+04 7.745619775436930358e+05 7.897681369449798949e+05 1.820107181974747218e+05
-2.286673970592675032e+05 -1.385282189502881083e+05 1.672449733257776243e+05 2.415888351576808491e+05 -1.152855775569139587e+04 3.782512331132945110e+04 7.295290710981008306e+04 6.563911401160880632e+04 5.975279196221984603e+04 2.009208573863371974e+06 4.451051659156173118e+05 1.160072632044446887e+06 9.511249938450348563e+05 1.428073056705689232e+05 -2.359965593797843612e+05 2.094239619506616727e+05 1.820107181974747218e+05 5.858695700896497583e+05
