3.499596681366693974e+07 2.651233836271867156e+06 -1.582974588038646849e+06 1.824770085248553427e+06 4.616092855014113011e+05 -4.460376396354887402e+04 6.373564920671402797e+04 6.088267548239837633e+05 -1.021577049959868891e+05 4.085477275200000405e+07 -7.319887248419845477e+06 -5.005030521267369390e+06 -3.183148932831345592e+06 -7.115628520335284993e+05 1.677014662167321891e+06 -4.735543554249216104e+05 7.583388668165927520e+05 8.261721857666147407e+05
2.651233836271867156e+06 1.366720251793353818e+07 1.992375882069735555e+06 1.655666596957073314e+06 -2.650411078293058672e+05 -1.070468843073975993e+06 8.314656470556721324e+05 6.857723114993205527e+05 1.209970410308066785e+05 1.143520841588623822e+07 -4.580127210551261902e+06 1.952825032785950927e+06 2.920057953081425279e+06 1.900351810737642227e+06 -6.953983267229576595e+05 1.365684542956194491e+05 7.390270123660335084e+05 2.761287821761540836e+05
-1.582974588038646849e+06 1.992375882069735555e+06 6.395932048597797751e+06 -4.999355625484095799e+04 -1.760913243948259042e+05 2.132352773524881923e+05 3.480350721151623875e+05 2.378955850463547104e+05 -1.121656256322913687e+05 -2.488303829649047926e+06 -3.266505491792832036e+06 6.829429481184333563e+06 9.477565505415926455e+05 4.335669045420141774e+05 -5.611875496757615474e+04 1.721240688116364763e+05 3.397305631753643975e+05 -7.382889493931266770e+04
1.824770085248553427e+06 1.655666596957073314e+06 -4.999355625484095799e+04 1.717233945958537748e+06 9.441426377585565206e+04 -3.082803204729714198e+05 8.383105975717540423e+04 -9.449993705241657153e+04 -6.947040241537109250e+04 4.314889865505161695e+06 -1.953044418283659266e+06 -5.505046936774839414e+05 6.838210208132540574e+05 4.272231496454553562e+05 -1.468933416036714916e+05 -1.284966100387097831e+05 1.083077844482236833e+05 1.612983173472489289e+05
4.616092855014113011e+05 -2.650411078293058672e+05 -1.760913243948259042e+05 9.441426377585565206e+04 1.363614906704095658e+06 1.176375686587290838e+05 -1.098297425859179057e+05 3.136843329048510714e+04 7.290575937535551202e+04 1.816412367640115088e+06 -1.407080207369897107e+05 -1.177226192928369157e+06 2.385362142797212073e+04 7.171672500252238242e+05 8.516620342106251046e+05 -4.721667045908462605e+05 -3.437842544642728171e+04 -2.412685130183094952e+04
-4.460376396354887402e+04 -1.070468843073975993e+06 2.132352773524881923e+05 -3.082803204729714198e+05 1.176375686587290838e+05 6.880255798080003588e+05 1.491643666436374770e+05 1.146332230682778463e+05 6.080072180552387726e+04 3.250699252219844493e+05 -1.008801307688040833e+05 -8.815294753253775416e+05 1.988752334818388044e+05 1.183434438967800816e+05 5.184621336401391891e+05 3.910298836031087558e+05 2.489210286415102601e+05 5.925465386458441935e+04
6.373564920671402797e+04 8.314656470556721324e+05 3.480350721151623875e+05 8.383105975717540423e+04 -1.098297425859179057e+05 1.491643666436374770e+05 4.622677160629172577e+05 8.541977312576347322e+04 4.854651892579226842e+04 2.231676596039776923e+05 -1.855058373457861890e+05 1.218144837942044105e+05 2.714288131507625221e+05 1.466883149366470170e+05 -1.955014353358177686e+04 4.190630166816790006e+05 1.951945951415328600e+05 1.229675513557776430e+05
6.088267548239837633e+05 6.857723114993205527e+05 2.378955850463547104e+05 -9.449993705241657153e+04 3.136843329048510714e+04 1.146332230682778463e+05 8.541977312576347322e+04 2.401645160145215632e+05 2.850776007561802544e+04 -2.676338198149006930e+05 -9.762493512742629973e+05 -7.678800604241320398e+05 -1.083110295275647513e+04 1.247516969360705843e+05 5.136449166527911439e+04 -1.221492245560199626e+04 9.358743965761928121e+04 -2.505795663136873918e+04
-1.021577049959868891e+05 1.209970410308066785e+05 -1.121656256322913687e+05 -6.947040241537109250e+04 7.290575937535551202e+04 6.080072180552387726e+04 4.854651892579226842e+04 2.850776007561802544e+04 1.234130531444766821e+05 -1.848701297791662393e+06 -3.863001918564217631e+05 -3.329553216989884822e+04 1.076825867757738451e+05 2.833742558328126324e+05 2.172119594455322658e+05 8.923304683654333348e+04 5.169413544712915609e+03 4.294497166926560749e+04
4.085477275200000405e+07 1.143520841588623822e+07 -2.488303829649047926e+06 4.314889865505161695e+06 1.816412367640115088e+06 3.250699252219844493e+05 2.231676596039776923e+05 -2.676338198149006930e+05 -1.848701297791662393e+06 2.205848959437177181e+08 8.859360110772885382e+06 -1.297132679254623316e+07 -7.578774153749364428e+06 -3.559657389652616810e+06 -2.713171790738483891e+06 -1.633467177090757061e+06 3.138452088509173598e+06 1.141371011879999889e+06
-7.319887248419845477e+06 -4.580127210551261902e+06 -3.266505491792832036e+06 -1.953044418283659266e+06 -1.407080207369897107e+05 -1.008801307688040833e+05 -1.855058373457861890e+05 -9.762493512742629973e+05 -3.863001918564217631e+05 8.859360110772885382e+06 5.133574072604821622e+07 2.583683534936354496e+06 -4.522354960170763079e+05 -4.095215857383973431e+06 -1.694809438306263182e+06 -4.242659140667969477e+05 -1.534844414473230718e+06 -5.909132952264393680e+05
-5.005030521267369390e+06 1.952825032785950927e+06 6.829429481184333563e+06 -5.505046936774839414e+05 -1.177226192928369157e+06 -8.815294753253775416e+05 1.218144837942044105e+05 -7.678800604241320398e+05 -3.329553216989884822e+04 -1.297132679254623316e+07 2.583683534936354496e+06 2.510703432525474578e+07 7.545141922472518672e+03 -8.103453105870722793e+05 -1.186063360523403157e+06 -4.553212194351606886e+05 -1.164399019932721741e+06 1.106206647009348380e+05
-3.183148932831345592e+06 2.920057953081425279e+06 9.477565505415926455e+05 6.838210208132540574e+05 2.385362142797212073e+04 1.988752334818388044e+05 2.714288131507625221e+05 -1.083110295275647513e+04 1.076825867757738451e+05 -7.578774153749364428e+06 -4.522354960170763079e+05 7.545141922472518672e+03 7.263929896538318135e+06 3.098656936640641652e+06 -1.365505688212347450e+05 5.317652863219435094e+05 1.070659126267251791e+06 4.946812395845286665e+05
-7.115628520335284993e+05 1.900351810737642227e+06 4.335669045420141774e+05 4.272231496454553562e+05 7.171672500252238242e+05 1.183434438967800816e+05 1.466883149366470170e+05 1.247516969360705843e+05 2.833742558328126324e+05 -3.559657389652616810e+06 -4.095215857383973431e+06 -8.103453105870722793e+05 3.098656936640641652e+06 7.428680784031460993e+06 2.376864616360275541e+06 -9.267104853438185819e+04 8.038549903809376992e+05 7.840532679487512214e+05
1.677014662167321891e+06 -6.953983267229576595e+05 -5.611875496757615474e+04 -1.468933416036714916e+05 8.516620342106251046e+05 5.184621336401391891e+05 -1.955014353358177686e+04 5.136449166527911439e+04 2.172119594455322658e+05 -2.713171790738483891e+06 -1.694809438306263182e+06 -1.186063360523403157e+06 -1.365505688212347450e+05 2.376864616360275541e+06 3.445012888458502945e+06 3.067994805735314731e+05 4.542111171638150117e+05 4.874440194754292024e+05
-4.735543554249216104e+05 1.365684542956194491e+05 1.721240688116364763e+05 -1.284966100387097831e+05 -4.721667045908462605e+05 3.910298836031087558e+05 4.190630166816790006e+05 -1.221492245560199626e+04 8.923304683654333348e+04 -1.633467177090757061e+06 -4.242659140667969477e+05 -4.553212194351606886e+05 5.317652863219435094e+05 -9.267104853438185819e+04 3.067994805735314731e+05 1.265657244844930945e+06 5.048525425354156760e+05 1.915413959720897838e+05
7.583388668165927520e+05 7.390270123660335084e+05 3.397305631753643975e+05 1.083077844482236833e+05 -3.437842544642728171e+04 2.489210286415102601e+05 1.951945951415328600e+05 9.358743965761928121e+04 5.169413544712915609e+03 3.138452088509173598e+06 -1.534844414473230718e+06 -1.164399019932721741e+06 1.070659126267251791e+06 8.038549903809376992e+05 4.542111171638150117e+05 5.048525425354156760e+05 1.098946636863332009e+06 4.382954150839668582e+05
8.261721857666147407e+05 2.761287821761540836e+05 -7.382889493931266770e+04 1.612983173472489289e+05 -2.412685130183094952e+04 5.925465386458441935e+04 1.229675513557776430e+05 -2.505795663136873918e+04 4.294497166926560749e+04 1.141371011879999889e+06 -5.909132952264393680e+05 1.106206647009348380e+05 4.946812395845286665e+05 7.840532679487512214e+05 4.874440194754292024e+05 1.915413959720897838e+05 4.382954150839668582e+05 6.922710449048450682e+05
