5.085479069019303471e+07 -8.201073361815544195e+04 -6.662160987795978785e+06 -3.992849087037896243e+04 -1.678439261571068317e+06 -6.292319445413727080e+05 -2.635221089111895999e+05 -3.767383840157855302e+05 -1.230379293689684855e+05 4.870216703755903244e+07 -1.367008939667783212e+06 -5.320800041393842548e+05 6.326956420697502792e+06 -1.108882640241007553e+06 -3.372750600560659543e+06 -1.517857225895691430e+06 3.981799600379095646e+05 -3.846752105002942699e+04
-8.201073361815544195e+04 1.664189789781720378e+07 3.413929210366702639e+06 -1.581836722004367504e+06 1.562684237556996988e+06 3.691069844944798970e+05 1.684959302908283717e+05 2.475543664253543102e+04 4.026318311662287451e+05 2.654244836635507178e+06 1.116201059261919931e+07 9.118288733491919702e+05 -4.207647431902993470e+06 -2.449392984983551723e+05 -7.644444465910984036e+03 1.593996035528373439e+06 8.654932303862030385e+05 3.479924392240559100e+05
-6.662160987795978785e+06 3.413929210366702639e+06 5.981586450663212687e+06 -1.401090784427644103e+05 3.227859213904271019e+05 4.013145726480827434e+05 2.152984940112816112e+05 8.309702707327128155e+04 -1.814558959756156582e+03 -4.496618717348797247e+06 6.544877085525792092e+06 4.621984915508005768e+06 3.382271687242281623e+05 -4.714550499944609473e+05 1.780823002721218392e+06 1.041877449796695844e+06 5.079375837804409675e+05 3.751647157533213031e+05
-3.992849087037896243e+04 -1.581836722004367504e+06 -1.401090784427644103e+05 1.736880067999271443e+06 1.391607211995820689e+05 2.553856463034291228e+05 2.695819627318666899e+05 1.514906858707372157e+05 -6.536620555540280475e+04 -1.484650862948735594e+05 3.030313139914772473e+06 -6.056815789044615813e+05 1.112708478853313718e+06 9.360232488250182942e+05 -3.152336150948400609e+04 -1.922052014199114637e+05 -1.830006393921300478e+05 -1.694590918600186706e+05
-1.678439261571068317e+06 1.562684237556996988e+06 3.227859213904271019e+05 1.391607211995820689e+05 1.144209880628146231e+06 1.931415398625417438e+05 4.833057215248058492e+04 -2.376227991378286606e+04 1.107052878946877318e+05 6.544705046403363813e+05 1.833227613149349112e+06 4.724597066162762349e+05 -5.083884854032456642e+05 1.129146269342066487e+06 1.502575324002023553e+05 1.853881333211189485e+05 2.646090313184151819e+04 2.270667110435010400e+05
-6.292319445413727080e+05 3.691069844944798970e+05 4.013145726480827434e+05 2.553856463034291228e+05 1.931415398625417438e+05 7.985196869176477194e+05 9.149700440893199993e+04 8.439638688665718655e+04 -3.217079638596214500e+04 1.085591478320962982e+06 9.066509033636590466e+05 1.144045541682251496e+06 -3.369166357552456902e+05 -1.303260890069728885e+04 4.736751119230286567e+05 2.648551750419930904e+05 3.447577340202963096e+05 2.068631681103509327e+05
-2.635221089111895999e+05 1.684959302908283717e+05 2.152984940112816112e+05 2.695819627318666899e+05 4.833057215248058492e+04 9.149700440893199993e+04 3.044272069179815589e+05 1.251920778005442298e+04 -5.936079535967559787e+04 3.968060982214239775e+05 1.344459338071384467e+06 8.150849186880271882e+05 5.106838227431631531e+05 -1.088170438170793386e+04 4.184129406675102073e+05 1.552213828963978449e+05 -3.250404305918791579e+04 -3.169139731486080927e+04
-3.767383840157855302e+05 2.475543664253543102e+04 8.309702707327128155e+04 1.514906858707372157e+05 -2.376227991378286606e+04 8.439638688665718655e+04 1.251920778005442298e+04 1.501294862842951552e+05 4.206059591567187454e+04 2.903909835260426044e+05 1.193687613074628869e+06 2.721168976190331741e+05 -2.712640888903797168e+04 -3.712152025906954805e+04 1.384050314789554977e+05 7.407672891793458257e+04 3.191402701082727799e+04 1.374367633876348009e+04
-1.230379293689684855e+05 4.026318311662287451e+05 -1.814558959756156582e+03 -6.536620555540280475e+04 1.107052878946877318e+05 -3.217079638596214500e+04 -5.936079535967559787e+04 4.206059591567187454e+04 1.660487556772060343e+05 4.596934364468863932e+05 -4.662401432130026515e+05 -6.478483830977546750e+05 -1.869381055358837766e+05 6.189144854571466567e+04 -8.878491203678725287e+04 -1.175393693111775501e+05 2.423957119889582464e+04 1.302719280618168414e+05
4.870216703755903244e+07 2.654244836635507178e+06 -4.496618717348797247e+06 -1.484650862948735594e+05 6.544705046403363813e+05 1.085591478320962982e+06 3.968060982214239775e+05 2.903909835260426044e+05 4.596934364468863932e+05 1.773478067769855857e+08 2.383407375676405057e+07 7.050466249473432079e+06 3.163185778219851200e+06 1.306188444461108884e+06 -4.412747796218541451e+06 -4.520753961417197250e+06 2.090554311103564920e+06 -4.721513844153793179e+05
-1.367008939667783212e+06 1.116201059261919931e+07 6.544877085525792092e+06 3.030313139914772473e+06 1.833227613149349112e+06 9.066509033636590466e+05 1.344459338071384467e+06 1.193687613074628869e+06 -4.662401432130026515e+05 2.383407375676405057e+07 9.061254761507427692e+07 2.496894556827091798e+07 -3.083469615411769133e+06 -8.301453385182751808e+05 1.510101278494795086e+06 1.246343688789794920e+06 -6.049299077225751244e+05 5.900713874584572623e+05
-5.320800041393842548e+05 9.118288733491919702e+05 4.621984915508005768e+06 -6.056815789044615813e+05 4.724597066162762349e+05 1.144045541682251496e+06 8.150849186880271882e+05 2.721168976190331741e+05 -6.478483830977546750e+05 7.050466249473432079e+06 2.496894556827091798e+07 3.528720730812934786e+07 4.513589479300005361e+06 5.115650766087578959e+05 6.570118213319043629e+06 8.755702773727917811e+05 5.641907007164357929e+05 6.293232215282396646e+05
6.326956420697502792e+06 -4.207647431902993470e+06 3.382271687242281623e+05 1.112708478853313718e+06 -5.083884854032456642e+05 -3.369166357552456902e+05 5.106838227431631531e+05 -2.712640888903797168e+04 -1.869381055358837766e+05 3.163185778219851200e+06 -3.083469615411769133e+06 4.513589479300005361e+06 1.264430140539864451e+07 9.048053040885713417e+05 2.483696812003938481e+06 -2.779898305656317971e+05 -5.073187176926167740e+04 8.237193225620754529e+05
-1.108882640241007553e+06 -2.449392984983551723e+05 -4.714550499944609473e+05 9.360232488250182942e+05 1.129146269342066487e+06 -1.303260890069728885e+04 -1.088170438170793386e+04 -3.712152025906954805e+04 6.189144854571466567e+04 1.306188444461108884e+06 -8.301453385182751808e+05 5.115650766087578959e+05 9.048053040885713417e+05 6.447013776304478757e+06 -7.235111428577688057e+05 -2.932217358831118909e+05 -1.194937195162563439e+05 -1.043515232806781423e+05
-3.372750600560659543e+06 -7.644444465910984036e+03 1.780823002721218392e+06 -3.152336150948400609e+04 1.502575324002023553e+05 4.736751119230286567e+05 4.184129406675102073e+05 1.384050314789554977e+05 -8.878491203678725287e+04 -4.412747796218541451e+06 1.510101278494795086e+06 6.570118213319043629e+06 2.483696812003938481e+06 -7.235111428577688057e+05 3.006189359246529173e+06 8.469420692301823292e+05 4.329155261823394685e+05 3.963887555644988315e+05
-1.517857225895691430e+06 1.593996035528373439e+06 1.041877449796695844e+06 -1.922052014199114637e+05 1.853881333211189485e+05 2.648551750419930904e+05 1.552213828963978449e+05 7.407672891793458257e+04 -1.175393693111775501e+05 -4.520753961417197250e+06 1.246343688789794920e+06 8.755702773727917811e+05 -2.779898305656317971e+05 -2.932217358831118909e+05 8.469420692301823292e+05 2.376125537297572941e+06 2.054948812224827125e+05 5.381918362761830213e+05
3.981799600379095646e+05 8.654932303862030385e+05 5.079375837804409675e+05 -1.830006393921300478e+05 2.646090313184151819e+04 3.447577340202963096e+05 -3.250404305918791579e+04 3.191402701082727799e+04 2.423957119889582464e+04 2.090554311103564920e+06 -6.049299077225751244e+05 5.641907007164357929e+05 -5.073187176926167740e+04 -1.194937195162563439e+05 4.329155261823394685e+05 2.054948812224827125e+05 7.392128210472892970e+05 2.499514634169830824e+05
-3.846752105002942699e+04 3.479924392240559100e+05 3.751647157533213031e+05 -1.694590918600186706e+05 2.270667110435010400e+05 2.068631681103509327e+05 -3.169139731486080927e+04 1.374367633876348009e+04 1.302719280618168414e+05 -4.721513844153793179e+05 5.900713874584572623e+05 6.293232215282396646e+05 8.237193225620754529e+05 -1.043515232806781423e+05 3.963887555644988315e+05 5.381918362761830213e+05 2.499514634169830824e+05 9.246194959378320491e+05
