4.055819355084282160e+07 5.944280683887813240e+06 -1.445028478322020732e+06 1.433671439552933734e+05 6.764641670371886576e+05 6.379208690890903817e+05 -8.167876812711368548e+05 5.463943968300750712e+05 3.636601958355557290e+05 -3.040321653370345011e+06 2.119652590209398884e+06 1.072835642051748373e+07 7.777786785633385181e+06 3.968378837529457174e+06 2.217938718604596332e+06 8.129565082287378609e+05 1.372432109199961415e+06 -8.856138068016812904e+05
5.944280683887813240e+06 1.381149844198561646e+07 -6.903076781935022445e+05 -1.360048548466361361e+06 1.165906621802612208e+06 7.126298171077554580e+05 -6.283387255107753444e+05 2.239775281798750511e+05 -2.772994004124680578e+04 1.364441677564984560e+07 1.354061169518014602e+07 8.850027434844108298e+06 3.689936800614026375e+06 7.522248016691417433e+05 -2.384601063199593686e+06 -4.970667894044541026e+04 9.108135431191190146e+05 1.585995807762631739e+05
-1.445028478322020732e+06 -6.903076781935022445e+05 6.932639261994165368e+06 -4.466674414067292237e+05 2.740860896071486059e+05 -2.204709927896295849e+05 -5.137088239177459036e+04 8.747241678749208222e+04 2.479359472320294590e+05 -2.492464720215192938e+05 6.772382249290065840e+06 1.546397714545178460e+06 -2.199500090795365628e+06 1.135800051275396487e+06 -1.480362119392870460e+06 -6.384447940437305951e+05 3.421403835595987621e+05 -3.789394190639822045e+05
1.433671439552933734e+05 -1.360048548466361361e+06 -4.466674414067292237e+05 2.514826257146956865e+06 -7.762046704538630729e+04 -3.190607203666648711e+05 -1.575198953787455102e+05 2.807675751890836182e+04 8.139140781320456881e+04 -3.415623232924524695e+06 5.001989325358196511e+05 1.997482811044173548e+06 1.212209340835998068e+06 -3.294346174241707195e+05 6.505593754732208326e+05 -3.254467477832084987e+05 -4.726083397016121889e+05 6.212721181815257296e+04
6.764641670371886576e+05 1.165906621802612208e+06 2.740860896071486059e+05 -7.762046704538630729e+04 7.152441616446174448e+05 1.562970723544344073e+05 -4.286390546709370392e+04 3.553494754198367445e+04 2.359882105000531737e+03 -1.723842073683339870e+06 3.354295304729084019e+06 2.411077078665291891e+06 -3.254667053559212363e+05 3.542291781910471618e+05 1.601850760202001256e+05 -2.492144432865668496e+05 1.410512195031887386e+05 1.053037549290013558e+05
6.379208690890903817e+05 7.126298171077554580e+05 -2.204709927896295849e+05 -3.190607203666648711e+05 1.562970723544344073e+05 5.837539254105620785e+05 6.297619250333194213e+04 3.566077152663364541e+04 -4.362956974818924937e+04 -1.847906755443813046e+06 -7.737048720661116531e+05 -5.005844827321702905e+04 -6.864196119738633279e+05 -1.516292235474115587e+05 3.604340243298981804e+05 2.445906008044074697e+05 4.318969414441440313e+04 5.050059335487295175e+04
-8.167876812711368548e+05 -6.283387255107753444e+05 -5.137088239177459036e+04 -1.575198953787455102e+05 -4.286390546709370392e+04 6.297619250333194213e+04 2.649457655168477795e+05 4.767664040340070642e+04 -1.104696519736660412e+04 -3.975642616419443861e+06 -1.203177202436034800e+06 -1.178293962493923958e+06 -9.560714064746251097e+05 -1.721789642843399488e+05 2.340015386186007818e+05 8.980279138203650655e+04 7.661544535267452011e+04 5.109743109666744567e+04
5.463943968300750712e+05 2.239775281798750511e+05 8.747241678749208222e+04 2.807675751890836182e+04 3.553494754198367445e+04 3.566077152663364541e+04 4.767664040340070642e+04 1.347916312251201598e+05 1.457228753465080808e+04 -7.222155923061456997e+04 3.078060975614035269e+05 7.552140753827431763e+04 2.110193865417954221e+05 4.463141003370274120e+02 6.478829972784761594e+03 3.823363275525690551e+04 7.127471653021480597e+04 5.168302357814851712e+04
3.636601958355557290e+05 -2.772994004124680578e+04 2.479359472320294590e+05 8.139140781320456881e+04 2.359882105000531737e+03 -4.362956974818924937e+04 -1.104696519736660412e+04 1.457228753465080808e+04 8.313673746887457673e+04 -4.645297329656372895e+05 -9.301965428665498621e+04 6.306676285303493496e+05 9.315007072048437840e+04 7.770603260023848270e+04 9.238395801462064264e+04 1.021428759836339304e+04 1.187655770726489864e+05 1.046391111893724519e+04
-3.040321653370345011e+06 1.364441677564984560e+07 -2.492464720215192938e+05 -3.415623232924524695e+06 -1.723842073683339870e+06 -1.847906755443813046e+06 -3.975642616419443861e+06 -7.222155923061456997e+04 -4.645297329656372895e+05 2.054621872109534740e+08 3.488870524699691683e+07 2.043855235732258763e+06 2.030882323709085584e+07 -1.237379532546613831e+06 -7.465580082203275524e+06 -2.917505271707258653e+06 8.999341353001807583e+05 1.757398666841309285e+06
2.119652590209398884e+06 1.354061169518014602e+07 6.772382249290065840e+06 5.001989325358196511e+05 3.354295304729084019e+06 -7.737048720661116531e+05 -1.203177202436034800e+06 3.078060975614035269e+05 -9.301965428665498621e+04 3.488870524699691683e+07 7.704292165769852698e+07 1.923711499285218492e+07 5.901333388794773258e+06 4.167850142023458146e+06 -3.624644364477887750e+06 -2.080897072362581966e+06 1.603947397510348121e+06 7.417169888345396612e+05
1.072835642051748373e+07 8.850027434844108298e+06 1.546397714545178460e+06 1.997482811044173548e+06 2.411077078665291891e+06 -5.005844827321702905e+04 -1.178293962493923958e+06 7.552140753827431763e+04 6.306676285303493496e+05 2.043855235732258763e+06 1.923711499285218492e+07 4.088610397400903702e+07 3.464747398717631120e+06 -1.343499692183099454e+06 3.661199679311764776e+05 -2.056194770918628899e+06 2.950148269544683280e+05 1.031351980848750798e+06
7.777786785633385181e+06 3.689936800614026375e+06 -2.199500090795365628e+06 1.212209340835998068e+06 -3.254667053559212363e+05 -6.864196119738633279e+05 -9.560714064746251097e+05 2.110193865417954221e+05 9.315007072048437840e+04 2.030882323709085584e+07 5.901333388794773258e+06 3.464747398717631120e+06 1.339192025566473417e+07 2.463638751511007547e+06 -2.050792718053302262e+06 -7.009082716688213404e+05 6.232479686902150279e+05 -4.404172756492867484e+05
3.968378837529457174e+06 7.522248016691417433e+05 1.135800051275396487e+06 -3.294346174241707195e+05 3.542291781910471618e+05 -1.516292235474115587e+05 -1.721789642843399488e+05 4.463141003370274120e+02 7.770603260023848270e+04 -1.237379532546613831e+06 4.167850142023458146e+06 -1.343499692183099454e+06 2.463638751511007547e+06 5.806069290600809269e+06 3.021412083556080470e+05 -2.258476453215914080e+05 -5.024924204352396191e+04 -9.040455142318004509e+05
2.217938718604596332e+06 -2.384601063199593686e+06 -1.480362119392870460e+06 6.505593754732208326e+05 1.601850760202001256e+05 3.604340243298981804e+05 2.340015386186007818e+05 6.478829972784761594e+03 9.238395801462064264e+04 -7.465580082203275524e+06 -3.624644364477887750e+06 3.661199679311764776e+05 -2.050792718053302262e+06 3.021412083556080470e+05 3.128652062795800157e+06 5.877189863891693531e+05 -2.943907712750577484e+05 -2.967514473733074556e+04
8.129565082287378609e+05 -4.970667894044541026e+04 -6.384447940437305951e+05 -3.254467477832084987e+05 -2.492144432865668496e+05 2.445906008044074697e+05 8.980279138203650655e+04 3.823363275525690551e+04 1.021428759836339304e+04 -2.917505271707258653e+06 -2.080897072362581966e+06 -2.056194770918628899e+06 -7.009082716688213404e+05 -2.258476453215914080e+05 5.877189863891693531e+05 1.665293082078647334e+06 3.837139897343760822e+05 1.424857991604954004e+05
1.372432109199961415e+06 9.108135431191190146e+05 3.421403835595987621e+05 -4.726083397016121889e+05 1.410512195031887386e+05 4.318969414441440313e+04 7.661544535267452011e+04 7.127471653021480597e+04 1.187655770726489864e+05 8.999341353001807583e+05 1.603947397510348121e+06 2.950148269544683280e+05 6.232479686902150279e+05 -5.024924204352396191e+04 -2.943907712750577484e+05 3.837139897343760822e+05 1.327994399520876817e+06 3.224103538529993966e+05
-8.856138068016812904e+05 1.585995807762631739e+05 -3.789394190639822045e+05 6.212721181815257296e+04 1.053037549290013558e+05 5.050059335487295175e+04 5.109743109666744567e+04 5.168302357814851712e+04 1.046391111893724519e+04 1.757398666841309285e+06 7.417169888345396612e+05 1.031351980848750798e+06 -4.404172756492867484e+05 -9.040455142318004509e+05 -2.967514473733074556e+04 1.424857991604954004e+05 3.224103538529993966e+05 6.635669641727919225e+05
