4.970857166037859768e+07 1.273293267828832380e+07 2.114373972307047807e+06 -3.634470424408275634e+06 2.153136322580596432e+06 -2.035031930219888454e+05 2.203865283209246409e+05 -2.800179777159413788e+05 7.170767052043412114e+05 -3.985327200568554550e+07 2.561179349086189643e+07 1.191712785679928027e+07 5.043455791468938114e+05 -3.739676906406010501e+06 -3.033388061411560513e+06 6.260206630101213232e+05 2.944808400607508374e+05 -2.096461979479228612e+05
1.273293267828832380e+07 1.531034255471917801e+07 1.271489237154444680e+06 -1.966252303114114562e+06 2.491830782997675997e+05 8.401253376797313103e+05 -2.242592306311995198e+05 -2.257271225682564182e+04 2.026500820348004636e+05 1.694218975499265944e+05 8.267146982009792700e+06 -9.429961919516137568e+05 -2.494129661756890360e+06 1.074167586035108834e+05 -1.004643829246083915e+05 2.780809535033370412e+04 -6.402769841157296469e+03 -4.011112792141451500e+05
2.114373972307047807e+06 1.271489237154444680e+06 7.770026189094195142e+06 8.118274550225799903e+05 1.190865099136022851e+06 6.024367501126843272e+05 4.232540345063566347e+05 7.037407919004115683e+03 3.014070050398139283e+05 3.047079709924835246e+06 9.685088225571145304e+05 8.052753466616930440e+06 1.512437332978601567e+06 2.904226968881398439e+06 1.366709936652678065e+06 7.481300239306327421e+05 1.803780655978958530e+05 -2.234022864745350962e+05
-3.634470424408275634e+06 -1.966252303114114562e+06 8.118274550225799903e+05 1.953290286270128563e+06 2.984880347959481296e+05 1.236609896782935975e+05 2.303704520817693847e+05 7.896075026491620520e+03 7.630475229953978851e+04 6.538752848950777203e+06 -1.719784796918075532e+06 1.357662884369656676e+06 9.098994478131026262e+05 3.550723838133640238e+05 7.976597018600371666e+04 -5.474151923630121746e+04 -4.763159497225243249e+05 5.949277770453051198e+04
2.153136322580596432e+06 2.491830782997675997e+05 1.190865099136022851e+06 2.984880347959481296e+05 1.342311096147784963e+06 1.914591772917760536e+05 1.036138116368459741e+05 -1.098868833232134057e+04 2.024039341012838413e+05 1.059020306811243063e+06 -7.301327862983195810e+05 2.731494759999400936e+06 5.290431829690018203e+05 7.998320569883653661e+05 4.499715273715792573e+05 4.354203138067692635e+05 3.432511720442183432e+05 -7.573428044494827191e+03
-2.035031930219888454e+05 8.401253376797313103e+05 6.024367501126843272e+05 1.236609896782935975e+05 1.914591772917760536e+05 5.322549559910467360e+05 7.143490515472622064e+04 5.542070141704234265e+04 2.432371651726111668e+04 1.425696145770534407e+06 -3.884188799538696185e+05 8.715698176059985999e+05 -3.209714541968449485e+05 1.106207181518851139e+05 4.993985905387931853e+05 2.177748554075341672e+05 1.770808260054267157e+04 -1.307675940176959411e+05
2.203865283209246409e+05 -2.242592306311995198e+05 4.232540345063566347e+05 2.303704520817693847e+05 1.036138116368459741e+05 7.143490515472622064e+04 4.709006651776846847e+05 1.352613395493774733e+05 4.223235667731484864e+04 1.045524565899399575e+06 -7.522113281454646494e+05 6.583335992509297794e+05 2.114048366866495635e+05 2.716170733967861743e+05 1.655116506796395406e+05 3.117090049127055681e+05 -6.418403567004249453e+03 -2.443045373547106283e+04
-2.800179777159413788e+05 -2.257271225682564182e+04 7.037407919004115683e+03 7.896075026491620520e+03 -1.098868833232134057e+04 5.542070141704234265e+04 1.352613395493774733e+05 1.547674509084214806e+05 2.462415147803454238e+04 2.194109866278984584e+06 1.343081681636043650e+05 -2.583269510047394942e+04 2.680538588931745617e+05 -1.249852274455452134e+05 -4.506873215578131931e+04 1.003332034728565923e+05 1.145682820141650300e+05 -1.870964439667707120e+04
7.170767052043412114e+05 2.026500820348004636e+05 3.014070050398139283e+05 7.630475229953978851e+04 2.024039341012838413e+05 2.432371651726111668e+04 4.223235667731484864e+04 2.462415147803454238e+04 1.292224680332074204e+05 2.521650954052139714e+05 1.170989499772094889e+06 2.587564449595399783e+05 3.228570096945766709e+05 1.348638442057946522e+05 -6.462581248557985236e+04 -2.310199479651124420e+03 2.322153822258774017e+04 2.883693393948970697e+04
-3.985327200568554550e+07 1.694218975499265944e+05 3.047079709924835246e+06 6.538752848950777203e+06 1.059020306811243063e+06 1.425696145770534407e+06 1.045524565899399575e+06 2.194109866278984584e+06 2.521650954052139714e+05 2.278876931471010447e+08 8.519478497972087935e+06 -1.196081226141232811e+07 5.235540733107494307e+05 4.052770517182004638e+06 3.798833538787104189e+06 1.721291804241308710e+06 -1.342297587251921184e+06 2.686086514942752663e+06
2.561179349086189643e+07 8.267146982009792700e+06 9.685088225571145304e+05 -1.719784796918075532e+06 -7.301327862983195810e+05 -3.884188799538696185e+05 -7.522113281454646494e+05 1.343081681636043650e+05 1.170989499772094889e+06 8.519478497972087935e+06 8.840179167367501557e+07 2.316178393579836935e+06 -1.756689883154032577e+05 -2.569529445368858054e+06 -6.950912545335189207e+05 3.422612907873125747e+06 1.811901213215413503e+06 9.664120762563657481e+05
1.191712785679928027e+07 -9.429961919516137568e+05 8.052753466616930440e+06 1.357662884369656676e+06 2.731494759999400936e+06 8.715698176059985999e+05 6.583335992509297794e+05 -2.583269510047394942e+04 2.587564449595399783e+05 -1.196081226141232811e+07 2.316178393579836935e+06 3.295984900039217994e+07 3.408001954717652407e+06 5.051565204122309573e+06 8.096115501431854209e+05 2.888979987695400603e+06 1.537791562056772178e+06 4.770395052902463358e+05
5.043455791468938114e+05 -2.494129661756890360e+06 1.512437332978601567e+06 9.098994478131026262e+05 5.290431829690018203e+05 -3.209714541968449485e+05 2.114048366866495635e+05 2.680538588931745617e+05 3.228570096945766709e+05 5.235540733107494307e+05 -1.756689883154032577e+05 3.408001954717652407e+06 8.559776886191075668e+06 6.837639232768238289e+05 -6.870216996016935445e+05 -1.873864694846826023e+05 4.867634275754226110e+02 -2.723320162338410155e+05
-3.739676906406010501e+06 1.074167586035108834e+05 2.904226968881398439e+06 3.550723838133640238e+05 7.998320569883653661e+05 1.106207181518851139e+05 2.716170733967861743e+05 -1.249852274455452134e+05 1.348638442057946522e+05 4.052770517182004638e+06 -2.569529445368858054e+06 5.051565204122309573e+06 6.837639232768238289e+05 5.205282362252612598e+06 2.343544934365202673e+06 9.239459570881425170e+05 5.258439678272759775e+05 2.635746087508860510e+05
-3.033388061411560513e+06 -1.004643829246083915e+05 1.366709936652678065e+06 7.976597018600371666e+04 4.499715273715792573e+05 4.993985905387931853e+05 1.655116506796395406e+05 -4.506873215578131931e+04 -6.462581248557985236e+04 3.798833538787104189e+06 -6.950912545335189207e+05 8.096115501431854209e+05 -6.870216996016935445e+05 2.343544934365202673e+06 3.418078949408009183e+06 8.847027467957003973e+05 1.575185848520671716e+05 5.603502778205867799e+04
6.260206630101213232e+05 2.780809535033370412e+04 7.481300239306327421e+05 -5.474151923630121746e+04 4.354203138067692635e+05 2.177748554075341672e+05 3.117090049127055681e+05 1.003332034728565923e+05 -2.310199479651124420e+03 1.721291804241308710e+06 3.422612907873125747e+06 2.888979987695400603e+06 -1.873864694846826023e+05 9.239459570881425170e+05 8.847027467957003973e+05 2.376741535929675680e+06 8.007432018328339327e+05 -6.981493770883489560e+03
2.944808400607508374e+05 -6.402769841157296469e+03 1.803780655978958530e+05 -4.763159497225243249e+05 3.432511720442183432e+05 1.770808260054267157e+04 -6.418403567004249453e+03 1.145682820141650300e+05 2.322153822258774017e+04 -1.342297587251921184e+06 1.811901213215413503e+06 1.537791562056772178e+06 4.867634275754226110e+02 5.258439678272759775e+05 1.575185848520671716e+05 8.007432018328339327e+05 1.313888502429570770e+06 1.848600880218359525e+05
-2.096461979479228612e+05 -4.011112792141451500e+05 -2.234022864745350962e+05 5.949277770453051198e+04 -7.573428044494827191e+03 -1.307675940176959411e+05 -2.443045373547106283e+04 -1.870964439667707120e+04 2.883693393948970697e+04 2.686086514942752663e+06 9.664120762563657481e+05 4.770395052902463358e+05 -2.723320162338410155e+05 2.635746087508860510e+05 5.603502778205867799e+04 -6.981493770883489560e+03 1.848600880218359525e+05 4.955179689617270487e+05
