5.514598106889520586e+07 -1.657372952751325211e+06 -3.335018558847118635e+06 6.347634164970124839e+05 8.345132160604847595e+05 5.841536666521035368e+05 1.402000203387089714e+05 6.456345914467182010e+05 -1.926153442212191876e+05 2.781904617016655952e+07 6.493867470183637924e+06 -1.185994520006116247e+06 -2.380462364853079431e+06 -2.934935490138199646e+06 -1.951353307224777527e+06 -6.279339544818819268e+05 6.290645510787396925e+05 3.863189681576826843e+05
-1.657372952751325211e+06 1.451179990314181149e+07 4.805278376064834185e+06 1.182855576668784022e+06 -7.491096187185599701e+05 3.185815722493131179e+05 2.292055095513609995e+05 -1.990433428898703132e+05 -1.530540526759652421e+05 -1.142882610672432557e+07 2.745478733411658555e+06 -6.302043805332321790e+04 -3.124951499369739555e+06 -2.028628289444412803e+06 1.469862734080934199e+06 3.572571861907652928e+05 -4.025816811510995467e+04 4.598908429328582715e+05
-3.335018558847118635e+06 4.805278376064834185e+06 6.548359140815377235e+06 1.941715575053427368e+06 1.419165667064432346e+05 4.944910448553246097e+05 1.590058753402583243e+05 -1.878382912866114639e+05 6.290737255513306081e+03 -1.365151045455225976e+06 2.596556133516088012e+05 1.733483196099020308e+06 -1.498275803404978651e+05 -6.185657941051936177e+03 2.494484714378455828e+05 2.412104668586684566e+05 -1.455261567595684610e+05 4.919740576021585148e+05
6.347634164970124839e+05 1.182855576668784022e+06 1.941715575053427368e+06 2.420720065827812068e+06 7.201630724126649147e+04 2.741007307949379319e+05 3.720633728054675885e+04 -2.296411102149042563e+03 2.345506040083451953e+05 -6.708540108951023780e+06 -2.434164676661672071e+06 -6.557409316720537026e+04 2.306873691180709749e+06 -5.663722546926306095e+05 9.156609218092365190e+05 5.077898114446074469e+05 3.609868276465978124e+04 1.911480259368856496e+05
8.345132160604847595e+05 -7.491096187185599701e+05 1.419165667064432346e+05 7.201630724126649147e+04 7.971468660069728503e+05 1.009926357356116496e+05 2.665943781828090141e+04 -4.902196615773953090e+04 -9.095758556451261393e+04 -3.575859348254870856e+05 1.537535541300817626e+06 -6.488011300875989255e+05 1.197282819030188490e+06 6.574126308161173947e+05 2.638837753725033836e+05 -2.879070363419147907e+05 -4.019096636072152614e+04 9.023890488725264731e+04
5.841536666521035368e+05 3.185815722493131179e+05 4.944910448553246097e+05 2.741007307949379319e+05 1.009926357356116496e+05 4.259106679045347264e+05 6.670393912204609660e+04 1.979578212067358254e+04 4.919843280626883643e+04 7.221327941009844653e+05 -1.538239733967018255e+05 4.954200317621796858e+05 1.886896622328653466e+05 5.931978013190341881e+05 3.702409870385263930e+05 -1.178001770944268901e+04 2.082375929173370969e+04 1.216382207967151480e+05
1.402000203387089714e+05 2.292055095513609995e+05 1.590058753402583243e+05 3.720633728054675885e+04 2.665943781828090141e+04 6.670393912204609660e+04 2.514625422530062206e+05 8.182882946247815198e+03 9.213064905620414720e+03 1.380449968675497919e+06 1.480539366140570492e+06 -3.072273383535202011e+05 5.240079334857821232e+04 1.909338379560830654e+05 6.197779794505108293e+04 1.538539392835486506e+05 1.018243256671240524e+05 7.287625571471474541e+04
6.456345914467182010e+05 -1.990433428898703132e+05 -1.878382912866114639e+05 -2.296411102149042563e+03 -4.902196615773953090e+04 1.979578212067358254e+04 8.182882946247815198e+03 1.804222566441066156e+05 2.819019945368833942e+04 -2.712047461235842275e+04 4.094339229094758048e+05 3.835801736000878736e+05 9.126806311404256849e+04 2.927889974343865761e+05 7.327268328192878107e+04 -9.236047615427040728e+04 9.295096858932777832e+04 8.026692259189940160e+02
-1.926153442212191876e+05 -1.530540526759652421e+05 6.290737255513306081e+03 2.345506040083451953e+05 -9.095758556451261393e+04 4.919843280626883643e+04 9.213064905620414720e+03 2.819019945368833942e+04 1.506048352593950694e+05 -6.110396263544899411e+05 -4.169378895378261805e+05 6.735684377341179643e+05 3.101475549991969601e+05 -2.363746730583929821e+04 1.061651796404063352e+05 1.335223581466653850e+05 1.017877921972826589e+05 1.294471069906006160e+05
2.781904617016655952e+07 -1.142882610672432557e+07 -1.365151045455225976e+06 -6.708540108951023780e+06 -3.575859348254870856e+05 7.221327941009844653e+05 1.380449968675497919e+06 -2.712047461235842275e+04 -6.110396263544899411e+05 1.509526910895601511e+08 4.601973152038441598e+07 1.634448862430587225e+07 -6.375179407348902896e+06 -2.041419560079525225e+06 -7.336940206058562733e+06 -4.311521763972068205e+06 -1.207817281481941027e+05 1.455010764993332792e+06
6.493867470183637924e+06 2.745478733411658555e+06 2.596556133516088012e+05 -2.434164676661672071e+06 1.537535541300817626e+06 -1.538239733967018255e+05 1.480539366140570492e+06 4.094339229094758048e+05 -4.169378895378261805e+05 4.601973152038441598e+07 7.696868931168369949e+07 2.402896289165007416e+06 -2.034666978858553804e+06 -4.210467768959472887e+06 -1.505083637151069473e+06 -3.028077280727408361e+06 -4.308460664596563583e+04 1.940358211165202083e+06
-1.185994520006116247e+06 -6.302043805332321790e+04 1.733483196099020308e+06 -6.557409316720537026e+04 -6.488011300875989255e+05 4.954200317621796858e+05 -3.072273383535202011e+05 3.835801736000878736e+05 6.735684377341179643e+05 1.634448862430587225e+07 2.402896289165007416e+06 2.784966222326309979e+07 6.848173547469021752e+06 9.934144763340849895e+05 9.983310309239532799e+05 1.132465983272373676e+06 9.257674675028586062e+05 9.646412493482938735e+05
-2.380462364853079431e+06 -3.124951499369739555e+06 -1.498275803404978651e+05 2.306873691180709749e+06 1.197282819030188490e+06 1.886896622328653466e+05 5.240079334857821232e+04 9.126806311404256849e+04 3.101475549991969601e+05 -6.375179407348902896e+06 -2.034666978858553804e+06 6.848173547469021752e+06 1.422240088533337228e+07 9.263940088287981926e+05 2.258341438706292305e+06 1.419221004173908150e+06 2.053323809426808148e+05 5.533524360074173892e+05
-2.934935490138199646e+06 -2.028628289444412803e+06 -6.185657941051936177e+03 -5.663722546926306095e+05 6.574126308161173947e+05 5.931978013190341881e+05 1.909338379560830654e+05 2.927889974343865761e+05 -2.363746730583929821e+04 -2.041419560079525225e+06 -4.210467768959472887e+06 9.934144763340849895e+05 9.263940088287981926e+05 6.043154778138093650e+06 1.423030093394801486e+06 -3.638424610728706466e+04 5.322646778940687655e+05 -3.519933471963509219e+05
-1.951353307224777527e+06 1.469862734080934199e+06 2.494484714378455828e+05 9.156609218092365190e+05 2.638837753725033836e+05 3.702409870385263930e+05 6.197779794505108293e+04 7.327268328192878107e+04 1.061651796404063352e+05 -7.336940206058562733e+06 -1.505083637151069473e+06 9.983310309239532799e+05 2.258341438706292305e+06 1.423030093394801486e+06 2.742404944509467110e+06 5.228969853352890350e+05 2.175216589535329840e+05 1.741094586161970219e+05
-6.279339544818819268e+05 3.572571861907652928e+05 2.412104668586684566e+05 5.077898114446074469e+05 -2.879070363419147907e+05 -1.178001770944268901e+04 1.538539392835486506e+05 -9.236047615427040728e+04 1.335223581466653850e+05 -4.311521763972068205e+06 -3.028077280727408361e+06 1.132465983272373676e+06 1.419221004173908150e+06 -3.638424610728706466e+04 5.228969853352890350e+05 1.532300064138020156e+06 3.436726587959507597e+05 1.463592221168952819e+05
6.290645510787396925e+05 -4.025816811510995467e+04 -1.455261567595684610e+05 3.609868276465978124e+04 -4.019096636072152614e+04 2.082375929173370969e+04 1.018243256671240524e+05 9.295096858932777832e+04 1.017877921972826589e+05 -1.207817281481941027e+05 -4.308460664596563583e+04 9.257674675028586062e+05 2.053323809426808148e+05 5.322646778940687655e+05 2.175216589535329840e+05 3.436726587959507597e+05 4.635183783414397622e+05 1.099637107186690992e+05
3.863189681576826843e+05 4.598908429328582715e+05 4.919740576021585148e+05 1.911480259368856496e+05 9.023890488725264731e+04 1.216382207967151480e+05 7.287625571471474541e+04 8.026692259189940160e+02 1.294471069906006160e+05 1.455010764993332792e+06 1.940358211165202083e+06 9.646412493482938735e+05 5.533524360074173892e+05 -3.519933471963509219e+05 1.741094586161970219e+05 1.463592221168952819e+05 1.099637107186690992e+05 8.206669001531448448e+05
