4.833025061796827614e+07 8.452257579271612689e+06 2.070217408736979589e+06 -4.220876469497025246e+05 -1.201608182394962525e+06 1.301571537455090089e+06 3.298316405736611923e+05 8.520410649495315738e+05 4.350782333687463542e+05 2.734981403890457377e+07 1.041995043676354736e+07 -4.981386878103128634e+06 1.249695912161139539e+06 8.301035843002842739e+05 5.598631372674756683e+06 1.464970264457489538e+05 -7.248601769328863593e+05 -1.137267231830391800e+06
8.452257579271612689e+06 2.456241386093807593e+07 3.887492772876701783e+06 4.988226086786490050e+05 2.837652175522924517e+04 1.353903578028207645e+06 -1.627699714332650474e+05 2.662045802471459028e+05 5.063980962807584438e+05 2.890787045263931528e+07 2.081909443251287565e+07 3.880398489219281357e+06 2.579663237899339758e+06 5.007867404646429233e+06 1.492494673445678782e+06 2.483368371155983303e+06 -1.296045019362921128e+06 -3.363396341187272919e+05
2.070217408736979589e+06 3.887492772876701783e+06 5.581148656575966626e+06 7.154095436531819869e+05 -6.998168710713438923e+05 -6.222955527059930319e+04 3.042696164768088493e+05 3.666586025480643148e+05 1.111343075690280675e+05 8.505628907227372751e+06 7.299226815217843279e+06 2.914361183979125228e+06 -6.801082091704991180e+05 1.682038154888743593e+05 -6.555196079053276662e+03 6.518412241738101002e+05 -4.090364854844845831e+04 1.761330910835209943e+05
-4.220876469497025246e+05 4.988226086786490050e+05 7.154095436531819869e+05 1.645634498822605703e+06 -8.405220357063986012e+04 -3.660342316875110264e+05 -1.186064712045808556e+05 1.039122373160253192e+05 8.060823535696405452e+04 -5.541834483455962618e+04 2.857727317980086431e+06 6.204992972690833267e+05 1.343119492312095361e+06 6.983353564482734073e+05 1.046265544613807724e+05 -1.293816561031047750e+05 -1.806933845672213938e+05 4.589349785871495260e+05
-1.201608182394962525e+06 2.837652175522924517e+04 -6.998168710713438923e+05 -8.405220357063986012e+04 9.611997261201076908e+05 -6.063726254485037498e+04 -1.008447887815832073e+05 -7.756484649548557354e+04 -8.677217636484887043e+04 5.136840863817318459e+05 -1.783828245921679772e+06 4.672410101836933172e+05 7.646815026574999501e+04 7.093008677291804925e+05 -6.077398606689878507e+05 1.381213672497015505e+05 7.118514202205347829e+04 8.898312030969012994e+04
1.301571537455090089e+06 1.353903578028207645e+06 -6.222955527059930319e+04 -3.660342316875110264e+05 -6.063726254485037498e+04 6.439575873754399363e+05 -1.337310202149064571e+04 3.171846697260059591e+04 6.601250711543265788e+04 -2.033575003671726212e+06 4.149999468480125070e+05 -2.841891160242008045e+05 -6.633551260323718889e+05 2.967135722695697332e+05 4.877049950490752235e+05 -1.661420947060193430e+04 1.092440076276691116e+03 -1.860585551133089175e+05
3.298316405736611923e+05 -1.627699714332650474e+05 3.042696164768088493e+05 -1.186064712045808556e+05 -1.008447887815832073e+05 -1.337310202149064571e+04 3.226162359951091930e+05 1.104170807442880323e+05 -6.341065715736548555e+03 1.822033900631966535e+06 3.840512403698298731e+05 -4.660928312093036366e+05 -6.527872941629975103e+05 -2.024146487827429082e+05 1.027987937383107492e+05 1.219385241002518160e+05 7.639680514628342644e+04 -6.916485317014706379e+04
8.520410649495315738e+05 2.662045802471459028e+05 3.666586025480643148e+05 1.039122373160253192e+05 -7.756484649548557354e+04 3.171846697260059591e+04 1.104170807442880323e+05 2.164349195123453974e+05 6.917879326409079658e+04 2.052001411226459080e+06 7.595198400711665163e+05 -3.793038755293510039e+05 -4.858283301022186788e+04 2.494295299269631214e+05 2.065973793735457293e+05 1.047176278961622738e+05 7.991036144230922218e+04 4.201778784516113956e+04
4.350782333687463542e+05 5.063980962807584438e+05 1.111343075690280675e+05 8.060823535696405452e+04 -8.677217636484887043e+04 6.601250711543265788e+04 -6.341065715736548555e+03 6.917879326409079658e+04 1.192219940021767834e+05 1.409336333632719470e+06 1.156041819920862094e+06 6.487022550875438174e+04 2.069046418611361878e+05 1.886844528283322288e+05 2.314102496083602309e+05 1.592199450470492011e+05 3.068157469895741815e+04 1.280068840930714032e+04
2.734981403890457377e+07 2.890787045263931528e+07 8.505628907227372751e+06 -5.541834483455962618e+04 5.136840863817318459e+05 -2.033575003671726212e+06 1.822033900631966535e+06 2.052001411226459080e+06 1.409336333632719470e+06 2.800009380088011026e+08 9.834599591701252759e+07 -6.003971826337885112e+06 7.442300036515273154e+06 8.588806834408657625e+06 7.328659538260801695e+06 6.976350217017081566e+06 -1.104975858613907592e+06 1.385122527464688756e+06
1.041995043676354736e+07 2.081909443251287565e+07 7.299226815217843279e+06 2.857727317980086431e+06 -1.783828245921679772e+06 4.149999468480125070e+05 3.840512403698298731e+05 7.595198400711665163e+05 1.156041819920862094e+06 9.834599591701252759e+07 1.182061164320651293e+08 2.274670348822361324e+06 9.152396741816213762e+04 4.780391024725539610e+06 6.714446199322108179e+06 6.180112921531409025e+06 -5.371879374605676858e+05 1.052115211887981277e+06
-4.981386878103128634e+06 3.880398489219281357e+06 2.914361183979125228e+06 6.204992972690833267e+05 4.672410101836933172e+05 -2.841891160242008045e+05 -4.660928312093036366e+05 -3.793038755293510039e+05 6.487022550875438174e+04 -6.003971826337885112e+06 2.274670348822361324e+06 2.490445165350501984e+07 3.725285758642270695e+06 4.743146680630926974e+06 -2.218285389133316465e+06 3.790368148309394746e+04 -6.776230936270939419e+05 3.398172769487028709e+05
1.249695912161139539e+06 2.579663237899339758e+06 -6.801082091704991180e+05 1.343119492312095361e+06 7.646815026574999501e+04 -6.633551260323718889e+05 -6.527872941629975103e+05 -4.858283301022186788e+04 2.069046418611361878e+05 7.442300036515273154e+06 9.152396741816213762e+04 3.725285758642270695e+06 1.141638444066723995e+07 3.458196469255447853e+06 -3.673458190946151735e+05 -3.617322393482915941e+05 -5.482628795809085714e+05 6.973285347378519364e+05
8.301035843002842739e+05 5.007867404646429233e+06 1.682038154888743593e+05 6.983353564482734073e+05 7.093008677291804925e+05 2.967135722695697332e+05 -2.024146487827429082e+05 2.494295299269631214e+05 1.886844528283322288e+05 8.588806834408657625e+06 4.780391024725539610e+06 4.743146680630926974e+06 3.458196469255447853e+06 6.898364091291350313e+06 9.611490834866591031e+05 -6.694755576579096669e+04 -5.379571114426804706e+05 7.999336546370507858e+04
5.598631372674756683e+06 1.492494673445678782e+06 -6.555196079053276662e+03 1.046265544613807724e+05 -6.077398606689878507e+05 4.877049950490752235e+05 1.027987937383107492e+05 2.065973793735457293e+05 2.314102496083602309e+05 7.328659538260801695e+06 6.714446199322108179e+06 -2.218285389133316465e+06 -3.673458190946151735e+05 9.611490834866591031e+05 3.257609469025691971e+06 5.137209096019476419e+05 -3.703427594429915771e+05 -4.148610672201025882e+05
1.464970264457489538e+05 2.483368371155983303e+06 6.518412241738101002e+05 -1.293816561031047750e+05 1.381213672497015505e+05 -1.661420947060193430e+04 1.219385241002518160e+05 1.047176278961622738e+05 1.592199450470492011e+05 6.976350217017081566e+06 6.180112921531409025e+06 3.790368148309394746e+04 -3.617322393482915941e+05 -6.694755576579096669e+04 5.137209096019476419e+05 2.236420692040771246e+06 5.654176334163609426e+05 1.534200522369999962e+05
-7.248601769328863593e+05 -1.296045019362921128e+06 -4.090364854844845831e+04 -1.806933845672213938e+05 7.118514202205347829e+04 1.092440076276691116e+03 7.639680514628342644e+04 7.991036144230922218e+04 3.068157469895741815e+04 -1.104975858613907592e+06 -5.371879374605676858e+05 -6.776230936270939419e+05 -5.482628795809085714e+05 -5.379571114426804706e+05 -3.703427594429915771e+05 5.654176334163609426e+05 8.167825579723863630e+05 1.750596283213862625e+05
-1.137267231830391800e+06 -3.363396341187272919e+05 1.761330910835209943e+05 4.589349785871495260e+05 8.898312030969012994e+04 -1.860585551133089175e+05 -6.916485317014706379e+04 4.201778784516113956e+04 1.280068840930714032e+04 1.385122527464688756e+06 1.052115211887981277e+06 3.398172769487028709e+05 6.973285347378519364e+05 7.999336546370507858e+04 -4.148610672201025882e+05 1.534200522369999962e+05 1.750596283213862625e+05 1.001917943502582493e+06
