6.940057155255103111e+07 6.084317523044614121e+06 3.410461918992062565e+06 4.260831296776439412e+05 1.444633535080281785e+06 -8.098639515096736141e+05 -1.875532761822791537e+06 6.016479130625259131e+05 9.407942976694051176e+05 7.476079143639215827e+07 4.166851450096381363e+06 4.538002878587751649e+06 -6.471496625617258251e+06 -8.308994867530302145e+05 1.560292139043969801e+06 8.521213864875994623e+05 7.098040440698385646e+04 -7.705972801073417068e+05
6.084317523044614121e+06 1.413394066606430709e+07 -3.671309838793654344e+05 -1.268013770467625291e+05 3.261534298083796166e+05 -7.139126785783782834e+05 -5.163888187845507491e+04 1.144317204993446940e+05 1.563319298902291630e+05 3.095512085952547938e+07 4.441666653471991420e+06 6.841745285145293921e+06 -1.614328396316655562e+05 -2.592810408569833264e+06 -1.158594160436757142e+06 4.431661091361062718e+05 4.482296542801283649e+05 -1.576145697936948563e+05
3.410461918992062565e+06 -3.671309838793654344e+05 5.111336947977114469e+06 1.036344805329768336e+06 1.942761654546137142e+05 3.313009100408699596e+05 -2.928042771695188712e+05 2.722687670854487224e+05 1.545964283739521634e+05 1.171514101772653521e+05 -5.026558704625903629e+06 2.072934616549524944e+06 9.436767793313773291e+04 -4.694228928537520114e+05 -3.672492169202709338e+05 -9.196390422641956247e+05 -5.693409544299914269e+05 -5.138518804630863597e+05
4.260831296776439412e+05 -1.268013770467625291e+05 1.036344805329768336e+06 1.490042795566651504e+06 3.240722689189129742e+05 2.561398098327997141e+05 -4.265100300575411529e+04 3.327390823365218239e+04 9.207198069763249077e+04 -1.482505562565340428e+06 2.031157095119443838e+05 8.942600049666095583e+04 9.433370961713923607e+05 -4.377248594687322038e+05 -6.433743580436544726e+05 -3.727705365412110114e+05 -3.425517460262132809e+05 -2.160499159275007842e+05
1.444633535080281785e+06 3.261534298083796166e+05 1.942761654546137142e+05 3.240722689189129742e+05 8.380614487780401250e+05 7.952658147981001821e+04 -1.407103462758920796e+04 3.005796030198324047e+02 1.542285736857071424e+04 -5.638232214551973157e+05 5.093515665522071067e+05 -2.225319099914142571e+05 4.216659845253933454e+05 7.981186119907282409e+04 -5.465335653209385055e+04 1.962422936295553809e+05 6.354139452318303665e+04 -1.981787998314370634e+05
-8.098639515096736141e+05 -7.139126785783782834e+05 3.313009100408699596e+05 2.561398098327997141e+05 7.952658147981001821e+04 5.056538478554073372e+05 9.698054474876205495e+04 -5.128633079044640181e+04 1.701861731642218729e+04 -4.813300238286316395e+06 1.197156931746298680e+06 5.006103747896444984e+05 5.098610688131159404e+05 -3.469719337327330140e+05 -2.826935445752714295e+05 -3.167021079332390218e+05 -2.663103556430336321e+05 -2.352752567804411228e+05
-1.875532761822791537e+06 -5.163888187845507491e+04 -2.928042771695188712e+05 -4.265100300575411529e+04 -1.407103462758920796e+04 9.698054474876205495e+04 4.215242396411599475e+05 -3.714357634086667531e+04 -5.779943648395865603e+04 -1.248686114533262094e+06 1.149926697778122965e+06 -2.048345350383055338e+05 7.486433510298074689e+05 9.132889812358476047e+04 -1.145856689904441155e+05 1.413520442084726819e+05 -6.713735539917714777e+04 -2.875460258294989399e+04
6.016479130625259131e+05 1.144317204993446940e+05 2.722687670854487224e+05 3.327390823365218239e+04 3.005796030198324047e+02 -5.128633079044640181e+04 -3.714357634086667531e+04 2.022514274644101679e+05 8.053777844747378549e+04 9.894681324120177887e+05 -7.259820212910748087e+05 1.710087646704195067e+05 -2.733914435732441489e+05 -4.536979084639624489e+03 -1.463470178094178264e+05 8.541340185953838227e+04 8.395047607622637588e+04 3.737779867766838288e+04
9.407942976694051176e+05 1.563319298902291630e+05 1.545964283739521634e+05 9.207198069763249077e+04 1.542285736857071424e+04 1.701861731642218729e+04 -5.779943648395865603e+04 8.053777844747378549e+04 1.328098597938012972e+05 1.608335580940954387e+06 9.625661157984755700e+05 4.897888788801716873e+05 -2.498322619559725572e+05 7.829885264361213194e+04 3.917625246168179001e+04 -5.298886998646393477e+04 -5.282341434630583308e+02 -4.444753846647348837e+04
7.476079143639215827e+07 3.095512085952547938e+07 1.171514101772653521e+05 -1.482505562565340428e+06 -5.638232214551973157e+05 -4.813300238286316395e+06 -1.248686114533262094e+06 9.894681324120177887e+05 1.608335580940954387e+06 2.516026766894963682e+08 3.109353731831063703e+07 1.456293802736522444e+07 -8.970828135445520282e+06 -7.090594003721428104e+06 -7.766583691087254556e+04 2.931013160009617452e+06 3.894967231753310189e+06 3.410056825026696548e+06
4.166851450096381363e+06 4.441666653471991420e+06 -5.026558704625903629e+06 2.031157095119443838e+05 5.093515665522071067e+05 1.197156931746298680e+06 1.149926697778122965e+06 -7.259820212910748087e+05 9.625661157984755700e+05 3.109353731831063703e+07 6.572129679820544273e+07 2.589730420197593514e+06 -7.892742164823975181e+05 1.263781580816958565e+06 -1.374549409656523727e+06 -1.463830082683330867e+06 -4.871479580146329245e+05 -3.640231206963686273e+05
4.538002878587751649e+06 6.841745285145293921e+06 2.072934616549524944e+06 8.942600049666095583e+04 -2.225319099914142571e+05 5.006103747896444984e+05 -2.048345350383055338e+05 1.710087646704195067e+05 4.897888788801716873e+05 1.456293802736522444e+07 2.589730420197593514e+06 2.867496078303923085e+07 3.716119279837714974e+06 1.197636564884186490e+06 2.878767947176296264e+06 -1.293756417183063691e+06 5.220779535260408302e+05 -5.894361673863095930e+05
-6.471496625617258251e+06 -1.614328396316655562e+05 9.436767793313773291e+04 9.433370961713923607e+05 4.216659845253933454e+05 5.098610688131159404e+05 7.486433510298074689e+05 -2.733914435732441489e+05 -2.498322619559725572e+05 -8.970828135445520282e+06 -7.892742164823975181e+05 3.716119279837714974e+06 7.099506953810874373e+06 1.019141013215799467e+06 -1.681453157887090347e+05 -1.145885959820881486e+06 -2.076944135287432873e+05 3.622925949452962377e+05
-8.308994867530302145e+05 -2.592810408569833264e+06 -4.694228928537520114e+05 -4.377248594687322038e+05 7.981186119907282409e+04 -3.469719337327330140e+05 9.132889812358476047e+04 -4.536979084639624489e+03 7.829885264361213194e+04 -7.090594003721428104e+06 1.263781580816958565e+06 1.197636564884186490e+06 1.019141013215799467e+06 5.625561594506921247e+06 1.726845093900516862e+06 1.225084714793633437e+06 4.863506402692699921e+05 2.193049472671875556e+05
1.560292139043969801e+06 -1.158594160436757142e+06 -3.672492169202709338e+05 -6.433743580436544726e+05 -5.465335653209385055e+04 -2.826935445752714295e+05 -1.145856689904441155e+05 -1.463470178094178264e+05 3.917625246168179001e+04 -7.766583691087254556e+04 -1.374549409656523727e+06 2.878767947176296264e+06 -1.681453157887090347e+05 1.726845093900516862e+06 2.518412758857167326e+06 4.885473383435346768e+05 4.439948600266059511e+05 3.184664888653399248e+04
8.521213864875994623e+05 4.431661091361062718e+05 -9.196390422641956247e+05 -3.727705365412110114e+05 1.962422936295553809e+05 -3.167021079332390218e+05 1.413520442084726819e+05 8.541340185953838227e+04 -5.298886998646393477e+04 2.931013160009617452e+06 -1.463830082683330867e+06 -1.293756417183063691e+06 -1.145885959820881486e+06 1.225084714793633437e+06 4.885473383435346768e+05 2.485966258820138872e+06 6.947597722465724219e+05 5.176407519508711994e+04
7.098040440698385646e+04 4.482296542801283649e+05 -5.693409544299914269e+05 -3.425517460262132809e+05 6.354139452318303665e+04 -2.663103556430336321e+05 -6.713735539917714777e+04 8.395047607622637588e+04 -5.282341434630583308e+02 3.894967231753310189e+06 -4.871479580146329245e+05 5.220779535260408302e+05 -2.076944135287432873e+05 4.863506402692699921e+05 4.439948600266059511e+05 6.947597722465724219e+05 1.131507434800894698e+06 4.186361016432809411e+05
-7.705972801073417068e+05 -1.576145697936948563e+05 -5.138518804630863597e+05 -2.160499159275007842e+05 -1.981787998314370634e+05 -2.352752567804411228e+05 -2.875460258294989399e+04 3.737779867766838288e+04 -4.444753846647348837e+04 3.410056825026696548e+06 -3.640231206963686273e+05 -5.894361673863095930e+05 3.622925949452962377e+05 2.193049472671875556e+05 3.184664888653399248e+04 5.176407519508711994e+04 4.186361016432809411e+05 6.653270508790391032e+05
