4.753000091417739540e+07 8.767115642211535946e+06 8.252680913766535232e+05 -2.955515994023588020e+06 8.905685345945369918e+05 2.421034699322186934e+05 9.871910015899690334e+05 -9.336439850223396206e+05 1.948575530567953538e+05 4.435676890625253320e+07 1.637104144594231620e+07 9.834177231564292684e+06 -2.954483822959560901e+06 -4.387704642558883061e+05 -1.508576950678197667e+06 -8.117698196889562532e+05 -7.366076409546085633e+05 -8.456498778306214372e+05
8.767115642211535946e+06 1.775926804186491668e+07 1.504460265826053219e+05 -1.371058965234403731e+06 1.612759059276678308e+05 3.529133304383212235e+05 -1.005644126581917051e+06 -4.598905564616703195e+05 -8.456112915380426784e+03 2.390077014331130311e+07 1.059878725780429319e+07 2.322677582570291590e+06 1.353861103087590309e+06 2.066099549453521613e+06 -7.036095756062852452e+05 -1.357700899839387042e+06 -1.313294365842086030e+06 -2.103125920584272244e+05
8.252680913766535232e+05 1.504460265826053219e+05 3.729676993055150844e+06 8.371046207127929665e+05 3.032007659880277934e+05 4.161016822975751129e+05 2.006716899588011147e+05 2.029822793118830668e+04 1.290379895924860903e+05 -3.647930810989460908e+06 -2.002980061600809917e+06 1.725832647582296049e+06 2.643459406137819868e+06 5.811857240627232241e+05 1.831395701895211241e+05 1.872959245687974151e+06 7.350372075288463384e+04 -4.382962280292943469e+05
-2.955515994023588020e+06 -1.371058965234403731e+06 8.371046207127929665e+05 1.978828767957967473e+06 8.825908177897904534e+04 9.666733716087423090e+03 2.387852344522446510e+05 2.503506224331292469e+04 4.378181237870533369e+04 -6.387673454186189920e+06 -3.539777237027332187e+06 1.039608028302969178e+06 9.307369181701495545e+05 2.724998297794660903e+05 5.872238074603779241e+05 5.380204495826635975e+05 4.550358274039611570e+05 -1.564521225754460902e+05
8.905685345945369918e+05 1.612759059276678308e+05 3.032007659880277934e+05 8.825908177897904534e+04 1.331149599501551827e+06 7.290560164454941696e+04 2.531787535602056014e+05 1.230258012915814616e+05 5.121355792226930498e+04 9.034693715481986874e+04 9.894130692849898478e+05 -6.740056949052882846e+05 -6.602639930286499439e+05 3.979252507589892484e+05 1.284236488489617768e+05 -1.217830746044996777e+05 7.587776027161673937e+02 -3.016294270015956135e+05
2.421034699322186934e+05 3.529133304383212235e+05 4.161016822975751129e+05 9.666733716087423090e+03 7.290560164454941696e+04 3.582670758073881734e+05 2.591607840919658429e+03 4.738112036921594699e+04 2.210913109431662815e+04 2.985013156232611742e+06 2.306531747615084052e+06 8.127695512404451438e+04 2.158904372476037242e+05 3.806913570600411622e+05 4.517596702566513559e+05 2.454747553562780668e+05 4.749070459625397780e+04 -5.952783343012214027e+04
9.871910015899690334e+05 -1.005644126581917051e+06 2.006716899588011147e+05 2.387852344522446510e+05 2.531787535602056014e+05 2.591607840919658429e+03 5.089576143502505729e+05 -1.535048529821943339e+04 5.050577308578116208e+04 -7.464854633694969816e+05 1.266754693039564881e+05 1.371902505861807382e+06 2.245563417382428815e+04 -1.482210450507557107e+04 2.301824106271438359e+05 2.185585522260645812e+05 2.150776819206158107e+05 4.836459601158788428e+04
-9.336439850223396206e+05 -4.598905564616703195e+05 2.029822793118830668e+04 2.503506224331292469e+04 1.230258012915814616e+05 4.738112036921594699e+04 -1.535048529821943339e+04 1.499693161994180409e+05 1.005126539836494157e+04 -6.487065253231050447e+05 8.408271850096656999e+04 -4.116589984488849877e+05 -4.908918726930456469e+05 -8.481789745433902135e+04 1.177028175142092223e+05 -4.775711560496278253e+04 1.215746025006873679e+05 -7.033304212303897657e+03
1.948575530567953538e+05 -8.456112915380426784e+03 1.290379895924860903e+05 4.378181237870533369e+04 5.121355792226930498e+04 2.210913109431662815e+04 5.050577308578116208e+04 1.005126539836494157e+04 6.434241480071986734e+04 -4.019388974193103495e+05 -7.410281931709341006e+05 -2.627130080966540845e+05 -1.494074120438540831e+03 7.756629872660417459e+04 7.714638987687966392e+02 3.740897749110903533e+04 2.464419619781142319e+04 -2.870699907959040138e+04
4.435676890625253320e+07 2.390077014331130311e+07 -3.647930810989460908e+06 -6.387673454186189920e+06 9.034693715481986874e+04 2.985013156232611742e+06 -7.464854633694969816e+05 -6.487065253231050447e+05 -4.019388974193103495e+05 2.627704679861771166e+08 5.877795395583678782e+07 1.703005799936483055e+07 -5.857642396231348626e+06 9.208314150796587346e+05 2.316361665342458989e+06 -3.227655239022583701e+05 2.940815935249363538e+06 -1.545388019276933745e+06
1.637104144594231620e+07 1.059878725780429319e+07 -2.002980061600809917e+06 -3.539777237027332187e+06 9.894130692849898478e+05 2.306531747615084052e+06 1.266754693039564881e+05 8.408271850096656999e+04 -7.410281931709341006e+05 5.877795395583678782e+07 1.229029961264609396e+08 2.489264961283076182e+07 2.771893643956321175e+05 8.921223074042841792e+06 8.891443389015110210e+06 1.293341201691966708e+05 -1.096156305963866878e+06 6.523997462098513497e+05
9.834177231564292684e+06 2.322677582570291590e+06 1.725832647582296049e+06 1.039608028302969178e+06 -6.740056949052882846e+05 8.127695512404451438e+04 1.371902505861807382e+06 -4.116589984488849877e+05 -2.627130080966540845e+05 1.703005799936483055e+07 2.489264961283076182e+07 2.699002909650257230e+07 4.565471331606984138e+06 2.102048544246916659e+06 3.181349080642836634e+06 3.600456586619135458e+06 1.235357222593543120e+06 1.016783351334383711e+06
-2.954483822959560901e+06 1.353861103087590309e+06 2.643459406137819868e+06 9.307369181701495545e+05 -6.602639930286499439e+05 2.158904372476037242e+05 2.245563417382428815e+04 -4.908918726930456469e+05 -1.494074120438540831e+03 -5.857642396231348626e+06 2.771893643956321175e+05 4.565471331606984138e+06 1.188964672913449816e+07 2.053526242283118190e+06 -9.859925409157492686e+05 1.952589384243797511e+06 8.631931501739715168e+04 1.161698079814406810e+05
-4.387704642558883061e+05 2.066099549453521613e+06 5.811857240627232241e+05 2.724998297794660903e+05 3.979252507589892484e+05 3.806913570600411622e+05 -1.482210450507557107e+04 -8.481789745433902135e+04 7.756629872660417459e+04 9.208314150796587346e+05 8.921223074042841792e+06 2.102048544246916659e+06 2.053526242283118190e+06 5.586009670643847436e+06 1.040489461400510743e+06 1.605019572426550440e+05 7.611262661687421496e+04 -2.312517209648312128e+05
-1.508576950678197667e+06 -7.036095756062852452e+05 1.831395701895211241e+05 5.872238074603779241e+05 1.284236488489617768e+05 4.517596702566513559e+05 2.301824106271438359e+05 1.177028175142092223e+05 7.714638987687966392e+02 2.316361665342458989e+06 8.891443389015110210e+06 3.181349080642836634e+06 -9.859925409157492686e+05 1.040489461400510743e+06 3.637572766190243419e+06 1.099942201570852194e+06 2.802200083524922375e+05 3.209035387901578797e+05
-8.117698196889562532e+05 -1.357700899839387042e+06 1.872959245687974151e+06 5.380204495826635975e+05 -1.217830746044996777e+05 2.454747553562780668e+05 2.185585522260645812e+05 -4.775711560496278253e+04 3.740897749110903533e+04 -3.227655239022583701e+05 1.293341201691966708e+05 3.600456586619135458e+06 1.952589384243797511e+06 1.605019572426550440e+05 1.099942201570852194e+06 2.120436139768471941e+06 2.406533088532217516e+04 4.523467073189239272e+03
-7.366076409546085633e+05 -1.313294365842086030e+06 7.350372075288463384e+04 4.550358274039611570e+05 7.587776027161673937e+02 4.749070459625397780e+04 2.150776819206158107e+05 1.215746025006873679e+05 2.464419619781142319e+04 2.940815935249363538e+06 -1.096156305963866878e+06 1.235357222593543120e+06 8.631931501739715168e+04 7.611262661687421496e+04 2.802200083524922375e+05 2.406533088532217516e+04 1.293356564273772296e+06 -1.502388983544002986e+05
-8.456498778306214372e+05 -2.103125920584272244e+05 -4.382962280292943469e+05 -1.564521225754460902e+05 -3.016294270015956135e+05 -5.952783343012214027e+04 4.836459601158788428e+04 -7.033304212303897657e+03 -2.870699907959040138e+04 -1.545388019276933745e+06 6.523997462098513497e+05 1.016783351334383711e+06 1.161698079814406810e+05 -2.312517209648312128e+05 3.209035387901578797e+05 4.523467073189239272e+03 -1.502388983544002986e+05 5.326473780973232351e+05
