7.892888200881542265e+07 8.709182681391494349e+06 1.849594085661713034e+05 7.596821876366904471e+05 2.367387099472064525e+06 5.317951487734121038e+05 4.791366530434059096e+05 -3.959511365258225123e+05 -1.146214796625546296e+05 -5.303256974558521062e+06 -1.220236911461113580e+07 -1.064952216223099642e+07 2.052521654433407122e+06 3.020478622686347924e+06 -4.981652402930743410e+05 2.323092947860026732e+06 1.642178240710096899e+06 -5.470636662394234736e+04
8.709182681391494349e+06 1.584143849463140965e+07 3.031812957656801678e+06 -1.808153572919199243e+06 3.536565264068027027e+05 -1.663279310330471490e+05 1.281350194188375754e+05 -2.733020788204346318e+05 9.826052175864955643e+03 -2.735395533297946677e+06 -8.220004597982149571e+06 3.815263482707917690e+06 3.153920056025751983e+05 1.204982097886172123e+06 1.368489665796247718e+05 9.222825076195484726e+05 -2.910473517900538282e+05 -2.282351637943427195e+05
1.849594085661713034e+05 3.031812957656801678e+06 4.532449601056588814e+06 -6.418807182686062879e+04 5.331350535052639898e+05 3.127268946740073734e+05 1.273172417714026960e+05 -1.141456406858171249e+05 3.239110255094274762e+05 3.545187514599418268e+06 -2.611998169744045008e+05 7.138348650700541213e+06 1.368889588395997183e+06 1.658487096197775099e+06 2.236536505760781583e+05 -8.257499600139405811e+04 1.951046868182879989e+05 4.108113059159706463e+05
7.596821876366904471e+05 -1.808153572919199243e+06 -6.418807182686062879e+04 2.158563257132174913e+06 4.785425696076598833e+05 9.544486396117731056e+04 -3.544022695078151446e+04 1.410064567973914382e+05 2.302673026026008592e+05 -1.128683639871911332e+07 2.312732899542045780e+06 9.376060981549540302e+05 1.360216923853830667e+06 2.172363636036983517e+05 3.549819554795313161e+05 4.519577356064714841e+05 4.920038316366630024e+05 8.143273393921069510e+04
2.367387099472064525e+06 3.536565264068027027e+05 5.331350535052639898e+05 4.785425696076598833e+05 1.581723918787134578e+06 5.481799684085511399e+04 1.554228920578841353e+05 1.234864136369418848e+05 1.689200661992795358e+05 -1.846715385559229180e+06 -1.687340364327938063e+06 7.424749444447124843e+05 3.215378335626575281e+05 1.047805454997914261e+06 1.076001066473941755e+05 4.279578584686824470e+05 -1.806079414168687072e+04 1.423919549747783458e+05
5.317951487734121038e+05 -1.663279310330471490e+05 3.127268946740073734e+05 9.544486396117731056e+04 5.481799684085511399e+04 5.336202183305656072e+05 4.388929552013411740e+04 5.049250112240580347e+04 8.577149970754164679e+04 1.501404004761416465e+06 -6.034740530243269168e+05 -3.167364312086258433e+05 -1.055801137877136789e+05 -3.536357907749334117e+05 8.995973236596181232e+04 6.236337661142357392e+05 2.830508630072794622e+05 6.456317977023501589e+04
4.791366530434059096e+05 1.281350194188375754e+05 1.273172417714026960e+05 -3.544022695078151446e+04 1.554228920578841353e+05 4.388929552013411740e+04 4.402745886610485613e+05 -1.464392053389028843e+04 3.138037470588465658e+04 4.284077880105408258e+05 -4.842135846557916375e+04 8.070516939361831173e+05 8.903653374789081281e+05 2.245097546981863270e+05 2.097804436410618291e+04 2.513983461470954935e+05 1.210723309032688121e+05 5.218424493564424483e+04
-3.959511365258225123e+05 -2.733020788204346318e+05 -1.141456406858171249e+05 1.410064567973914382e+05 1.234864136369418848e+05 5.049250112240580347e+04 -1.464392053389028843e+04 1.524192586298617243e+05 7.136471304899442475e+04 -1.989754344510595838e+05 -2.790381255788262351e+05 -1.603792784802583919e+05 2.109662393307933598e+04 -1.166605320008133567e+05 4.222346874473305797e+04 6.674580322039249586e+04 5.250082645027102990e+04 7.625815564159485803e+04
-1.146214796625546296e+05 9.826052175864955643e+03 3.239110255094274762e+05 2.302673026026008592e+05 1.689200661992795358e+05 8.577149970754164679e+04 3.138037470588465658e+04 7.136471304899442475e+04 1.621297342197018443e+05 6.590193993307847995e+05 1.731689357743946020e+05 7.031620035268614301e+05 2.709935947300114203e+05 1.520532379963562707e+05 -4.134804448643997603e+04 9.095126647193037206e+04 1.289329838969187549e+05 1.445092547295934928e+05
-5.303256974558521062e+06 -2.735395533297946677e+06 3.545187514599418268e+06 -1.128683639871911332e+07 -1.846715385559229180e+06 1.501404004761416465e+06 4.284077880105408258e+05 -1.989754344510595838e+05 6.590193993307847995e+05 2.792380727202164531e+08 4.517198749043673277e+06 -6.615370105681111105e+06 -1.483361029972911440e+07 2.189731751060432754e+06 -5.629250948622157797e+06 -3.858222618064701557e+06 1.077365639726275345e+06 -2.148977900569472404e+05
-1.220236911461113580e+07 -8.220004597982149571e+06 -2.611998169744045008e+05 2.312732899542045780e+06 -1.687340364327938063e+06 -6.034740530243269168e+05 -4.842135846557916375e+04 -2.790381255788262351e+05 1.731689357743946020e+05 4.517198749043673277e+06 5.152139247342924029e+07 7.074093817406876013e+06 -4.348841633725872962e+05 3.573027649917304050e+06 2.970954224621201400e+06 -1.486446278201812878e+06 1.136524455432215007e+06 7.193108149841255508e+05
-1.064952216223099642e+07 3.815263482707917690e+06 7.138348650700541213e+06 9.376060981549540302e+05 7.424749444447124843e+05 -3.167364312086258433e+05 8.070516939361831173e+05 -1.603792784802583919e+05 7.031620035268614301e+05 -6.615370105681111105e+06 7.074093817406876013e+06 3.112740265035310388e+07 6.005997183280029334e+06 4.113590188325282186e+06 5.515427092763709370e+05 -1.835425953009917634e+06 1.285871789347371552e+06 2.225430962572878227e+06
2.052521654433407122e+06 3.153920056025751983e+05 1.368889588395997183e+06 1.360216923853830667e+06 3.215378335626575281e+05 -1.055801137877136789e+05 8.903653374789081281e+05 2.109662393307933598e+04 2.709935947300114203e+05 -1.483361029972911440e+07 -4.348841633725872962e+05 6.005997183280029334e+06 1.147530644211283326e+07 1.636014785754650831e+06 2.828859382795270067e+05 -5.523381098860120401e+05 -1.999218901623844577e+05 2.324487570806298754e+05
3.020478622686347924e+06 1.204982097886172123e+06 1.658487096197775099e+06 2.172363636036983517e+05 1.047805454997914261e+06 -3.536357907749334117e+05 2.245097546981863270e+05 -1.166605320008133567e+05 1.520532379963562707e+05 2.189731751060432754e+06 3.573027649917304050e+06 4.113590188325282186e+06 1.636014785754650831e+06 3.883435475712575018e+06 -2.909190958577754645e+04 -6.517832000255970052e+05 -2.594413631228711165e+05 2.315855173634735111e+05
-4.981652402930743410e+05 1.368489665796247718e+05 2.236536505760781583e+05 3.549819554795313161e+05 1.076001066473941755e+05 8.995973236596181232e+04 2.097804436410618291e+04 4.222346874473305797e+04 -4.134804448643997603e+04 -5.629250948622157797e+06 2.970954224621201400e+06 5.515427092763709370e+05 2.828859382795270067e+05 -2.909190958577754645e+04 2.285722651398773771e+06 6.104622082212215755e+05 6.608728569535382849e+04 8.612774261719426431e+04
2.323092947860026732e+06 9.222825076195484726e+05 -8.257499600139405811e+04 4.519577356064714841e+05 4.279578584686824470e+05 6.236337661142357392e+05 2.513983461470954935e+05 6.674580322039249586e+04 9.095126647193037206e+04 -3.858222618064701557e+06 -1.486446278201812878e+06 -1.835425953009917634e+06 -5.523381098860120401e+05 -6.517832000255970052e+05 6.104622082212215755e+05 2.216872735084108077e+06 6.555508176778651541e+05 -2.251368168038095973e+04
1.642178240710096899e+06 -2.910473517900538282e+05 1.951046868182879989e+05 4.920038316366630024e+05 -1.806079414168687072e+04 2.830508630072794622e+05 1.210723309032688121e+05 5.250082645027102990e+04 1.289329838969187549e+05 1.077365639726275345e+06 1.136524455432215007e+06 1.285871789347371552e+06 -1.999218901623844577e+05 -2.594413631228711165e+05 6.608728569535382849e+04 6.555508176778651541e+05 1.099666408574925968e+06 2.349917817778625467e+05
-5.470636662394234736e+04 -2.282351637943427195e+05 4.108113059159706463e+05 8.143273393921069510e+04 1.423919549747783458e+05 6.456317977023501589e+04 5.218424493564424483e+04 7.625815564159485803e+04 1.445092547295934928e+05 -2.148977900569472404e+05 7.193108149841255508e+05 2.225430962572878227e+06 2.324487570806298754e+05 2.315855173634735111e+05 8.612774261719426431e+04 -2.251368168038095973e+04 2.349917817778625467e+05 6.343113824515730375e+05
