4.897408877297777683e+07 -2.452347295175271109e+06 -7.995075137497159885e+05 3.891751330539264600e+05 2.848824464058950252e+04 8.697186224236610578e+05 -1.095563215072294406e+05 -7.444033216300427739e+03 -3.362675261668589083e+05 5.395694082965823263e+07 1.152482983399824053e+07 1.240679059598243237e+07 -2.521547195021467749e+06 -1.193133958384612342e+06 -1.493420644626742927e+06 -1.898133834747248562e+06 1.266330073944774223e+06 1.480192632421632530e+06
-2.452347295175271109e+06 1.863501798813321814e+07 3.276047191308167297e+06 -2.915160029414582532e+06 1.067755943724705605e+06 1.846975100187391217e+05 -4.608059792193720350e+05 1.837536640238153632e+05 1.210258317559672723e+05 -4.009067687630175613e+06 5.854312709330930375e+06 4.455703409275447950e+06 3.159132465229743393e+05 -7.701847425605963508e+04 2.146230582473417278e+06 1.461312552219659323e+06 1.116276048145406414e+06 7.024849607776888879e+05
-7.995075137497159885e+05 3.276047191308167297e+06 4.570805718133643270e+06 -3.040238701798156835e+05 4.396706329056685790e+05 -2.288613871457632922e+04 -3.524584380729822442e+05 9.450920851357348147e+04 -1.743292112661974897e+03 -5.067337219416661188e+06 1.160227894113166723e+06 1.602433413491469342e+06 1.889031181238626305e+05 -3.542834425273978268e+05 -3.352731861475890037e+04 2.545960570175822941e+05 1.742691351436898913e+04 2.405492039380277856e+04
3.891751330539264600e+05 -2.915160029414582532e+06 -3.040238701798156835e+05 1.971119696696481202e+06 -1.352806083261911699e+05 -2.652448935513030156e+05 1.176669445235140156e+05 1.630213070675631752e+04 -1.143323367013167299e+05 2.407985548071563826e+05 -3.992773849355750717e+05 2.251992958843403030e+06 1.193603421386073343e+06 6.902074141942125279e+05 1.189857780688237981e+05 2.753383258881586517e+04 -4.618671193311898969e+05 -1.583443978984783171e+05
2.848824464058950252e+04 1.067755943724705605e+06 4.396706329056685790e+05 -1.352806083261911699e+05 7.772367379709696397e+05 1.895612675500462356e+05 -1.070233014226757587e+04 1.554419805214446969e+05 9.952403364252186293e+03 1.368133519355195807e+06 -6.036657768357810564e+05 -8.236619304436993552e+05 4.024662659394039074e+05 6.133684582401082153e+05 2.025093203541940311e+05 1.890296998214359337e+05 7.887931005672749598e+04 1.781512533165285713e+05
8.697186224236610578e+05 1.846975100187391217e+05 -2.288613871457632922e+04 -2.652448935513030156e+05 1.895612675500462356e+05 6.002296203065775335e+05 -7.959951594465348171e+04 1.367570572992913185e+04 5.131645233914985874e+04 8.862005701759066433e+05 1.630702792150964029e+06 1.555671064721822971e+06 4.142765206763250899e+04 -3.286894094931218424e+05 2.380028851312314800e+05 -1.437354518265644765e+04 -1.411557628149286902e+05 5.652722260439383535e+04
-1.095563215072294406e+05 -4.608059792193720350e+05 -3.524584380729822442e+05 1.176669445235140156e+05 -1.070233014226757587e+04 -7.959951594465348171e+04 2.608132031300245435e+05 6.277858086744116008e+04 -3.469860027661688218e+04 -4.281414697363589075e+05 -1.969261922482113587e+06 -6.842148457096163183e+05 2.427220547717940644e+05 1.194100389274532063e+05 3.557932088835406466e+04 -8.816099206364497149e+03 -2.968126563194031405e+04 -7.307644556993769947e+04
-7.444033216300427739e+03 1.837536640238153632e+05 9.450920851357348147e+04 1.630213070675631752e+04 1.554419805214446969e+05 1.367570572992913185e+04 6.277858086744116008e+04 2.610620393471214338e+05 6.567905091326900583e+04 -4.791156443903146428e+05 -1.804220406077194493e+06 -2.341096143770416384e+05 -1.025372529405117239e+05 -2.905440027740185906e+04 -1.637172890958497010e+05 -6.796341235447365034e+04 7.484186100344661099e+04 6.729177924312604591e+04
-3.362675261668589083e+05 1.210258317559672723e+05 -1.743292112661974897e+03 -1.143323367013167299e+05 9.952403364252186293e+03 5.131645233914985874e+04 -3.469860027661688218e+04 6.567905091326900583e+04 8.241971875292315963e+04 -9.421690990528623806e+05 -4.636708979433887289e+05 -4.105417442327268072e+05 -2.058527134051680332e+05 -5.475268871984567522e+04 -1.388954537082999595e+05 -1.642808887444731954e+04 1.739747562273812582e+04 6.391876619058536744e+04
5.395694082965823263e+07 -4.009067687630175613e+06 -5.067337219416661188e+06 2.407985548071563826e+05 1.368133519355195807e+06 8.862005701759066433e+05 -4.281414697363589075e+05 -4.791156443903146428e+05 -9.421690990528623806e+05 2.518087172181660235e+08 3.419824862480625510e+07 6.490375435946810059e+06 -9.751551894085554406e+06 -4.891644497397475876e+06 1.966827576679422986e+06 1.333986902339930239e+05 1.786500975231460761e+06 -4.453177892743783013e+04
1.152482983399824053e+07 5.854312709330930375e+06 1.160227894113166723e+06 -3.992773849355750717e+05 -6.036657768357810564e+05 1.630702792150964029e+06 -1.969261922482113587e+06 -1.804220406077194493e+06 -4.636708979433887289e+05 3.419824862480625510e+07 8.720225572414876521e+07 2.103647451188045740e+07 9.814976751086134464e+06 5.172432711836581118e+06 3.017790703688161913e+06 1.551849701392950257e+06 1.204039532036889810e+06 -3.714031683259157580e+05
1.240679059598243237e+07 4.455703409275447950e+06 1.602433413491469342e+06 2.251992958843403030e+06 -8.236619304436993552e+05 1.555671064721822971e+06 -6.842148457096163183e+05 -2.341096143770416384e+05 -4.105417442327268072e+05 6.490375435946810059e+06 2.103647451188045740e+07 3.922156410720293224e+07 6.051604373485875316e+06 -2.504856876462894026e+06 1.969639490304817678e+06 -3.282937116906961892e+05 4.188868710836750106e+05 -3.197124999951795908e+05
-2.521547195021467749e+06 3.159132465229743393e+05 1.889031181238626305e+05 1.193603421386073343e+06 4.024662659394039074e+05 4.142765206763250899e+04 2.427220547717940644e+05 -1.025372529405117239e+05 -2.058527134051680332e+05 -9.751551894085554406e+06 9.814976751086134464e+06 6.051604373485875316e+06 1.063003645595504530e+07 2.475961382527604233e+06 3.084179067770481342e+05 2.359693064239345549e+05 3.141481014358806424e+05 -3.477788005369747407e+05
-1.193133958384612342e+06 -7.701847425605963508e+04 -3.542834425273978268e+05 6.902074141942125279e+05 6.133684582401082153e+05 -3.286894094931218424e+05 1.194100389274532063e+05 -2.905440027740185906e+04 -5.475268871984567522e+04 -4.891644497397475876e+06 5.172432711836581118e+06 -2.504856876462894026e+06 2.475961382527604233e+06 5.881118349088806659e+06 5.621979635472671362e+05 -3.443740415065923298e+04 1.044409602097992902e+05 8.729996487735238043e+04
-1.493420644626742927e+06 2.146230582473417278e+06 -3.352731861475890037e+04 1.189857780688237981e+05 2.025093203541940311e+05 2.380028851312314800e+05 3.557932088835406466e+04 -1.637172890958497010e+05 -1.388954537082999595e+05 1.966827576679422986e+06 3.017790703688161913e+06 1.969639490304817678e+06 3.084179067770481342e+05 5.621979635472671362e+05 1.954104443845085101e+06 1.000940003527319204e+05 -2.361402263541948050e+05 -3.214846323507126726e+04
-1.898133834747248562e+06 1.461312552219659323e+06 2.545960570175822941e+05 2.753383258881586517e+04 1.890296998214359337e+05 -1.437354518265644765e+04 -8.816099206364497149e+03 -6.796341235447365034e+04 -1.642808887444731954e+04 1.333986902339930239e+05 1.551849701392950257e+06 -3.282937116906961892e+05 2.359693064239345549e+05 -3.443740415065923298e+04 1.000940003527319204e+05 1.313799590301612392e+06 4.641574178207325749e+05 9.393142966284765862e+04
1.266330073944774223e+06 1.116276048145406414e+06 1.742691351436898913e+04 -4.618671193311898969e+05 7.887931005672749598e+04 -1.411557628149286902e+05 -2.968126563194031405e+04 7.484186100344661099e+04 1.739747562273812582e+04 1.786500975231460761e+06 1.204039532036889810e+06 4.188868710836750106e+05 3.141481014358806424e+05 1.044409602097992902e+05 -2.361402263541948050e+05 4.641574178207325749e+05 1.478492110528097488e+06 3.092724977540369728e+05
1.480192632421632530e+06 7.024849607776888879e+05 2.405492039380277856e+04 -1.583443978984783171e+05 1.781512533165285713e+05 5.652722260439383535e+04 -7.307644556993769947e+04 6.729177924312604591e+04 6.391876619058536744e+04 -4.453177892743783013e+04 -3.714031683259157580e+05 -3.197124999951795908e+05 -3.477788005369747407e+05 8.729996487735238043e+04 -3.214846323507126726e+04 9.393142966284765862e+04 3.092724977540369728e+05 4.185493680537620676e+05
