7.788894287584680319e+07 9.885962871461234987e+06 -1.614160042578300054e+05 2.173442860893808305e+06 1.784004955749950837e+06 1.500442036944784457e+06 6.157603070973890135e+05 -1.201844959999134589e+05 2.569036210105601349e+05 4.164244763831783086e+07 -1.027449587681526504e+07 4.490447376050094143e+06 -2.205240142711014953e+06 -4.525599902813388035e+06 2.097499708342122845e+06 7.995274349520106334e+05 -1.656298611696089210e+05 -1.729474953510826686e+06
9.885962871461234987e+06 1.700622951403837278e+07 -5.321889732581643621e+05 2.083729944867300219e+04 1.719170287421669811e+06 3.695497682142860140e+05 -4.539861470013394137e+05 -3.851670946491971263e+05 -3.510550735939468723e+05 3.201389988609939069e+07 1.513819879033310898e+07 -1.123627848021605052e+06 1.055852882061351789e+06 -8.936627159823400434e+05 4.188406805842542235e+04 -1.780831346533239412e+05 -1.841833309899497312e+06 5.808445987390386872e+05
-1.614160042578300054e+05 -5.321889732581643621e+05 4.940668796492610127e+06 1.490779699878887506e+06 7.197676000979460077e+05 7.045590972788959043e+05 1.702644760338126507e+05 2.131751124227733089e+04 1.279344798264097626e+05 5.895931063693272881e+06 2.781756646051620599e+06 6.514171628536946373e+05 -8.681962618408062553e+04 1.928254765556690400e+05 -7.672303173087292816e+04 -9.373081947427392006e+05 -1.207809380571849877e+06 -1.571882435123356699e+05
2.173442860893808305e+06 2.083729944867300219e+04 1.490779699878887506e+06 2.099680047010752372e+06 2.444351802243529819e+05 2.888210925169480615e+05 1.067345130193244258e+05 6.870861873644561274e+04 6.655735252462736389e+04 6.980800078126136214e+06 -4.549084105125662871e+06 1.060201469059881987e+06 1.161824697190321982e+06 4.558308468725163839e+05 6.199674770368725294e+05 -3.375674402589322417e+05 -3.759777932836352848e+05 8.313178385501034791e+04
1.784004955749950837e+06 1.719170287421669811e+06 7.197676000979460077e+05 2.444351802243529819e+05 1.214694465193476295e+06 1.195472478714456956e+05 1.278057199285358947e+05 8.857660591308060975e+04 3.353138011573348194e+04 5.654640766052197665e+06 -1.211098581761663780e+06 -9.010503629697352881e+05 5.700346508855470456e+05 5.726619452535320306e+05 6.236501229896472796e+04 -2.748151834457773366e+05 -3.275098363686144585e+05 1.364523243255935959e+05
1.500442036944784457e+06 3.695497682142860140e+05 7.045590972788959043e+05 2.888210925169480615e+05 1.195472478714456956e+05 5.218569495539702475e+05 2.528844766503729261e+04 1.386310218807402634e+04 -1.072816315400858730e+04 5.860171172187227057e+05 1.530231100794156548e+06 6.867739734228601446e+05 -6.477153196609988809e+05 1.039832665691261500e+05 3.663911680730649387e+05 -2.081468720829828817e+05 -1.940931926653271366e+05 -7.781699565501148754e+04
6.157603070973890135e+05 -4.539861470013394137e+05 1.702644760338126507e+05 1.067345130193244258e+05 1.278057199285358947e+05 2.528844766503729261e+04 3.280723002392710187e+05 9.896679780976074107e+04 6.623326936016848776e+04 -2.875703610023958609e+06 -2.567030079921206459e+06 1.331212012166709465e+05 4.066682010090720141e+05 5.134817328105445486e+05 1.721726272860967438e+05 7.092430427720224543e+04 5.454687119399635412e+04 4.928675502324981790e+04
-1.201844959999134589e+05 -3.851670946491971263e+05 2.131751124227733089e+04 6.870861873644561274e+04 8.857660591308060975e+04 1.386310218807402634e+04 9.896679780976074107e+04 1.473232272740873159e+05 3.580878450018489093e+04 -3.066961787229268812e+05 -6.348240089046513895e+05 -8.898538397002886632e+04 1.658545290942367865e+04 2.527931238761757559e+05 -1.650917023336346028e+05 -1.457993266189350688e+05 7.812438304476764461e+04 1.541105427145886351e+05
2.569036210105601349e+05 -3.510550735939468723e+05 1.279344798264097626e+05 6.655735252462736389e+04 3.353138011573348194e+04 -1.072816315400858730e+04 6.623326936016848776e+04 3.580878450018489093e+04 1.020226247243472026e+05 1.861185106036102865e+06 -6.634865533831703942e+04 4.291769390221967478e+05 4.377353925653870101e+04 -1.297561420199082786e+05 -1.836996046110242023e+05 3.558089657260345120e+04 -1.271435816687427359e+04 5.861176729690259526e+04
4.164244763831783086e+07 3.201389988609939069e+07 5.895931063693272881e+06 6.980800078126136214e+06 5.654640766052197665e+06 5.860171172187227057e+05 -2.875703610023958609e+06 -3.066961787229268812e+05 1.861185106036102865e+06 5.437755971439981461e+08 9.193355607520113885e+07 -2.306875564668744337e+06 -4.546767891482472420e+06 -1.185605287686838582e+07 -4.298703797039843164e+06 -7.304669806712724268e+06 -7.213605245577243157e+06 2.485545163244803436e+06
-1.027449587681526504e+07 1.513819879033310898e+07 2.781756646051620599e+06 -4.549084105125662871e+06 -1.211098581761663780e+06 1.530231100794156548e+06 -2.567030079921206459e+06 -6.348240089046513895e+05 -6.634865533831703942e+04 9.193355607520113885e+07 1.073172153472656161e+08 5.315655547509646975e+06 -8.819084623876092955e+06 -4.673172652951652184e+06 -6.875497740786401555e+06 -9.144274775829474675e+05 -2.430342738997434266e+06 1.311060082151020179e+06
4.490447376050094143e+06 -1.123627848021605052e+06 6.514171628536946373e+05 1.060201469059881987e+06 -9.010503629697352881e+05 6.867739734228601446e+05 1.331212012166709465e+05 -8.898538397002886632e+04 4.291769390221967478e+05 -2.306875564668744337e+06 5.315655547509646975e+06 1.460573861786580086e+07 1.161419013962347708e+04 -1.429811728823726531e+06 -6.929716025423976826e+05 8.156145188500918448e+05 6.462018009002371691e+05 6.246118715440963861e+05
-2.205240142711014953e+06 1.055852882061351789e+06 -8.681962618408062553e+04 1.161824697190321982e+06 5.700346508855470456e+05 -6.477153196609988809e+05 4.066682010090720141e+05 1.658545290942367865e+04 4.377353925653870101e+04 -4.546767891482472420e+06 -8.819084623876092955e+06 1.161419013962347708e+04 1.327951383787753619e+07 9.119710864964026259e+05 -6.909050684730494395e+05 -9.969244162856910843e+05 -1.800363834185709420e+05 1.018976688770982786e+06
-4.525599902813388035e+06 -8.936627159823400434e+05 1.928254765556690400e+05 4.558308468725163839e+05 5.726619452535320306e+05 1.039832665691261500e+05 5.134817328105445486e+05 2.527931238761757559e+05 -1.297561420199082786e+05 -1.185605287686838582e+07 -4.673172652951652184e+06 -1.429811728823726531e+06 9.119710864964026259e+05 7.507880871356971562e+06 1.402781556337654823e+06 -6.201994010765282437e+05 -7.407609517979141674e+04 8.662208745313688996e+04
2.097499708342122845e+06 4.188406805842542235e+04 -7.672303173087292816e+04 6.199674770368725294e+05 6.236501229896472796e+04 3.663911680730649387e+05 1.721726272860967438e+05 -1.650917023336346028e+05 -1.836996046110242023e+05 -4.298703797039843164e+06 -6.875497740786401555e+06 -6.929716025423976826e+05 -6.909050684730494395e+05 1.402781556337654823e+06 3.033107750849862583e+06 1.718231326749150176e+05 -1.273387065189687273e+05 -3.052055188671146752e+05
7.995274349520106334e+05 -1.780831346533239412e+05 -9.373081947427392006e+05 -3.375674402589322417e+05 -2.748151834457773366e+05 -2.081468720829828817e+05 7.092430427720224543e+04 -1.457993266189350688e+05 3.558089657260345120e+04 -7.304669806712724268e+06 -9.144274775829474675e+05 8.156145188500918448e+05 -9.969244162856910843e+05 -6.201994010765282437e+05 1.718231326749150176e+05 1.770833309055130230e+06 7.906736554134546313e+05 -1.816000787633036380e+05
-1.656298611696089210e+05 -1.841833309899497312e+06 -1.207809380571849877e+06 -3.759777932836352848e+05 -3.275098363686144585e+05 -1.940931926653271366e+05 5.454687119399635412e+04 7.812438304476764461e+04 -1.271435816687427359e+04 -7.213605245577243157e+06 -2.430342738997434266e+06 6.462018009002371691e+05 -1.800363834185709420e+05 -7.407609517979141674e+04 -1.273387065189687273e+05 7.906736554134546313e+05 1.135452718435948482e+06 1.864480712610182527e+05
-1.729474953510826686e+06 5.808445987390386872e+05 -1.571882435123356699e+05 8.313178385501034791e+04 1.364523243255935959e+05 -7.781699565501148754e+04 4.928675502324981790e+04 1.541105427145886351e+05 5.861176729690259526e+04 2.485545163244803436e+06 1.311060082151020179e+06 6.246118715440963861e+05 1.018976688770982786e+06 8.662208745313688996e+04 -3.052055188671146752e+05 -1.816000787633036380e+05 1.864480712610182527e+05 1.025840210131175118e+06
