3.952555893531302363e+07 1.577090700148166157e+06 2.582853132934972644e+06 -1.321680575149818615e+05 1.275131857643697178e+06 1.525516979145251971e+05 -2.777349432386679109e+05 -7.615842806445431197e+05 -6.459955634244468529e+05 3.099186847323055193e+07 3.376661647725526709e+06 9.904061629267344251e+05 -9.331067651752149686e+06 8.174123952221074142e+05 1.982744474445652158e+05 -3.555615642779446207e+06 -6.106881378279041965e+05 -3.014354564203686896e+05
1.577090700148166157e+06 1.159411557315402105e+07 2.789445170776356012e+06 7.061013263075008290e+05 6.397835797516779276e+05 1.739733742419612245e+05 8.204493353220702847e+05 5.035289905928223743e+05 3.563897824270070123e+04 -2.829921263025334105e+06 6.331018375437231734e+05 -1.046503025677585625e+06 3.474260565869212616e+06 -2.678481218727341620e+05 1.241912891295507783e+06 3.636181612515781890e+05 1.664480727732119616e+06 8.560033277102222200e+05
2.582853132934972644e+06 2.789445170776356012e+06 5.518894097401412204e+06 -5.160323683461593464e+05 3.838434182861718728e+04 2.391284337391854206e+05 2.878742197196810739e+05 3.212097056987384349e+04 -1.986151355283329613e+05 -2.211328662924472010e+05 -4.724117853559435345e+06 4.215448525360888802e+06 2.354358083195539657e+06 -1.206786281225886923e+05 6.347581313648696523e+05 -5.275244782100169687e+05 1.445875170561374107e+05 8.158179328411676688e+05
-1.321680575149818615e+05 7.061013263075008290e+05 -5.160323683461593464e+05 2.205893246389099862e+06 7.599444937321090838e+05 1.443442201784905337e+05 3.092075746877037454e+04 6.524642001037611044e+04 4.579708141449041432e+04 -3.156569134584798943e+06 5.351918017676394811e+04 4.783015005835235934e+05 1.648788894018539926e+06 1.358399749821202422e+05 7.465579946479354112e+04 6.881069224054764491e+05 6.645664012606770266e+05 -2.146392522935392917e+05
1.275131857643697178e+06 6.397835797516779276e+05 3.838434182861718728e+04 7.599444937321090838e+05 1.045307922681343276e+06 1.470793601788214291e+05 1.336901663572792604e+05 -6.673435215948843688e+04 -6.878671173047926277e+04 1.138321555090447655e+06 -9.930115597206638195e+05 4.910504923761212267e+05 6.705908676508108620e+05 1.645934794471200439e+04 3.465996612259468384e+04 -3.307692556393477571e+04 1.461292487833575869e+05 -9.486900530827972398e+04
1.525516979145251971e+05 1.739733742419612245e+05 2.391284337391854206e+05 1.443442201784905337e+05 1.470793601788214291e+05 3.325929541191311437e+05 5.007932163554785075e+04 -3.461541359835656476e+04 3.574713057464102894e+04 -3.779905835261431057e+05 -1.179031312997712084e+05 1.411663262400359847e+06 -1.148324313863064453e+05 -7.795623921574730275e+02 2.816924617024821928e+05 -1.199162214430155291e+05 1.004507590553925693e+05 1.663746746268206698e+04
-2.777349432386679109e+05 8.204493353220702847e+05 2.878742197196810739e+05 3.092075746877037454e+04 1.336901663572792604e+05 5.007932163554785075e+04 1.795792803433633235e+05 3.304136190916242776e+04 -4.967266405998211667e+02 -9.321024514693580568e+05 -1.137042728105775896e+05 -2.880945101290406892e+05 3.128986409918077989e+05 -8.605680826710823749e+04 2.450391120707590890e+05 9.309338580975678269e+03 -1.304880947879457744e+04 1.555160783767982321e+04
-7.615842806445431197e+05 5.035289905928223743e+05 3.212097056987384349e+04 6.524642001037611044e+04 -6.673435215948843688e+04 -3.461541359835656476e+04 3.304136190916242776e+04 2.413493752998522541e+05 1.935822499655106003e+04 -1.832544671551483916e+06 5.297690193363667931e+05 -2.019697882194458216e+05 6.230275201802286319e+05 1.049619897942442331e+05 2.741969918117301422e+05 1.043572926321315463e+05 2.571104285181751184e+05 1.166537585891739727e+05
-6.459955634244468529e+05 3.563897824270070123e+04 -1.986151355283329613e+05 4.579708141449041432e+04 -6.878671173047926277e+04 3.574713057464102894e+04 -4.967266405998211667e+02 1.935822499655106003e+04 7.032380221627348510e+04 -5.268774988890122622e+05 1.797366165592324978e+05 -2.775488901604485000e+05 -1.133958116541816999e+05 -7.646237937713235442e+04 -6.322510197672727372e+04 1.256738919638286316e+05 9.565528008530613442e+04 1.199811547945792336e+04
3.099186847323055193e+07 -2.829921263025334105e+06 -2.211328662924472010e+05 -3.156569134584798943e+06 1.138321555090447655e+06 -3.779905835261431057e+05 -9.321024514693580568e+05 -1.832544671551483916e+06 -5.268774988890122622e+05 1.319175267052830309e+08 2.515549785518050939e+07 1.721848892131094763e+05 -1.854916539663051441e+07 -4.786759197263726965e+06 -3.923887574942981359e+06 -6.184262010000430746e+05 4.776615470092481701e+05 -1.323035130834313342e+06
3.376661647725526709e+06 6.331018375437231734e+05 -4.724117853559435345e+06 5.351918017676394811e+04 -9.930115597206638195e+05 -1.179031312997712084e+05 -1.137042728105775896e+05 5.297690193363667931e+05 1.797366165592324978e+05 2.515549785518050939e+07 6.865822629973670840e+07 -9.852756801081193611e+06 -4.933843879964215681e+06 -1.375253382553391159e+06 1.039754612269025878e+06 -1.368991302906413795e+06 3.508583978603465948e+06 -4.864656368777817115e+05
9.904061629267344251e+05 -1.046503025677585625e+06 4.215448525360888802e+06 4.783015005835235934e+05 4.910504923761212267e+05 1.411663262400359847e+06 -2.880945101290406892e+05 -2.019697882194458216e+05 -2.775488901604485000e+05 1.721848892131094763e+05 -9.852756801081193611e+06 3.778840359960938245e+07 4.230811743544536643e+06 3.565393033827416599e+06 1.904293042233741726e+05 -1.296328208109394182e+06 -3.173883615644581732e+05 1.766284289747980190e+06
-9.331067651752149686e+06 3.474260565869212616e+06 2.354358083195539657e+06 1.648788894018539926e+06 6.705908676508108620e+05 -1.148324313863064453e+05 3.128986409918077989e+05 6.230275201802286319e+05 -1.133958116541816999e+05 -1.854916539663051441e+07 -4.933843879964215681e+06 4.230811743544536643e+06 1.266627179493188672e+07 6.016786114432528848e+05 4.423692008829016704e+05 6.755963657272547716e+05 4.573366904073280166e+05 6.599246806332207052e+05
8.174123952221074142e+05 -2.678481218727341620e+05 -1.206786281225886923e+05 1.358399749821202422e+05 1.645934794471200439e+04 -7.795623921574730275e+02 -8.605680826710823749e+04 1.049619897942442331e+05 -7.646237937713235442e+04 -4.786759197263726965e+06 -1.375253382553391159e+06 3.565393033827416599e+06 6.016786114432528848e+05 2.659593756335734390e+06 -1.257154153236110506e+04 -4.722370835800081841e+05 -1.797344706768383330e+05 3.943741370236105868e+05
1.982744474445652158e+05 1.241912891295507783e+06 6.347581313648696523e+05 7.465579946479354112e+04 3.465996612259468384e+04 2.816924617024821928e+05 2.450391120707590890e+05 2.741969918117301422e+05 -6.322510197672727372e+04 -3.923887574942981359e+06 1.039754612269025878e+06 1.904293042233741726e+05 4.423692008829016704e+05 -1.257154153236110506e+04 2.827663234199231956e+06 2.159054177598676470e+05 2.728364127835204126e+05 5.079898605987806804e+05
-3.555615642779446207e+06 3.636181612515781890e+05 -5.275244782100169687e+05 6.881069224054764491e+05 -3.307692556393477571e+04 -1.199162214430155291e+05 9.309338580975678269e+03 1.043572926321315463e+05 1.256738919638286316e+05 -6.184262010000430746e+05 -1.368991302906413795e+06 -1.296328208109394182e+06 6.755963657272547716e+05 -4.722370835800081841e+05 2.159054177598676470e+05 1.589154209103221539e+06 4.887751611265672254e+05 5.833358863631383429e+03
-6.106881378279041965e+05 1.664480727732119616e+06 1.445875170561374107e+05 6.645664012606770266e+05 1.461292487833575869e+05 1.004507590553925693e+05 -1.304880947879457744e+04 2.571104285181751184e+05 9.565528008530613442e+04 4.776615470092481701e+05 3.508583978603465948e+06 -3.173883615644581732e+05 4.573366904073280166e+05 -1.797344706768383330e+05 2.728364127835204126e+05 4.887751611265672254e+05 1.941959850534961326e+06 2.007142987738091615e+05
-3.014354564203686896e+05 8.560033277102222200e+05 8.158179328411676688e+05 -2.146392522935392917e+05 -9.486900530827972398e+04 1.663746746268206698e+04 1.555160783767982321e+04 1.166537585891739727e+05 1.199811547945792336e+04 -1.323035130834313342e+06 -4.864656368777817115e+05 1.766284289747980190e+06 6.599246806332207052e+05 3.943741370236105868e+05 5.079898605987806804e+05 5.833358863631383429e+03 2.007142987738091615e+05 8.573582914788768394e+05
