5.447971954036408663e+07 6.612218410114137456e+06 2.637294472559918649e+06 2.945378545971191954e+06 6.606517294581071474e+05 1.094832763527684845e+06 6.086931133479352575e+05 -2.275811188839888782e+05 1.698774815848958096e+05 -1.295449482138073072e+07 -4.156287300531533081e+06 2.498623371395942813e+05 4.900650968510337174e+06 -1.681087721502322704e+06 -2.798208706063385122e+06 -2.414197840660205577e+06 8.261365771286131348e+05 -5.722975671197180636e+05
6.612218410114137456e+06 2.710364887090503052e+07 1.124213883724739542e+06 -2.108428679406434298e+06 -1.553336477789426921e+06 4.924767008976301295e+05 -1.057368215399633860e+06 -3.517222605974924518e+05 -7.242432889073554543e+04 1.338908384654370509e+07 1.876371298639328778e+07 4.138223667677989230e+06 2.270228025914471131e+06 -2.397559574203787837e+06 -2.047413041125977645e+06 2.305215420918413904e+06 -1.594194160819542827e+06 -2.240941147872984584e+05
2.637294472559918649e+06 1.124213883724739542e+06 4.557809592468538322e+06 -1.315079398911598837e+05 6.062576279261533637e+05 8.074202395921577699e+05 -2.352588373975364957e+05 -2.829588623396998446e+04 -1.267238887625521456e+05 8.178213877037595958e+06 5.821456572483090684e+06 2.970772344815506134e+06 1.626608925285309320e+06 -9.960139312319360033e+04 8.964477221803409338e+04 8.192465211686177645e+04 7.683902816068694228e+05 4.417768495735048782e+04
2.945378545971191954e+06 -2.108428679406434298e+06 -1.315079398911598837e+05 2.420232326744544785e+06 7.710787149521674728e+05 2.822526325694224797e+05 1.654633102377398754e+05 2.140127613552279363e+05 1.614946566418278671e+05 -3.169274325563101564e+06 -4.713412924188802135e+05 -1.472079295114384266e+06 3.639919691033278941e+05 -1.660917929825793544e+05 1.305675543635669019e+05 -6.073886425203802355e+04 2.471989478561680007e+05 3.239465072495138738e+05
6.606517294581071474e+05 -1.553336477789426921e+06 6.062576279261533637e+05 7.710787149521674728e+05 1.827751824880754109e+06 1.340052900167392800e+05 -1.013947081994686450e+05 8.526317988223605789e+04 2.213892832061180088e+05 6.529155046575008892e+06 -8.894389118623911636e+05 5.039795037765752641e+05 9.584654810236317571e+05 1.712419962590587791e+06 2.773202711423701840e+05 -6.882567493437401718e+05 2.620475738866268075e+05 3.464832135354686761e+05
1.094832763527684845e+06 4.924767008976301295e+05 8.074202395921577699e+05 2.822526325694224797e+05 1.340052900167392800e+05 5.807081919094021432e+05 -2.240573127004501828e+02 9.557247989469321328e+04 3.952512457084802736e+04 -4.161771215407587122e+06 1.516270131777153001e+05 -3.559143725571106188e+05 -8.321564759403339121e+04 1.984128484344308963e+05 1.634743720584463445e+05 1.462822089100303710e+05 3.322309108056257828e+05 6.915570913058353472e+04
6.086931133479352575e+05 -1.057368215399633860e+06 -2.352588373975364957e+05 1.654633102377398754e+05 -1.013947081994686450e+05 -2.240573127004501828e+02 3.484116349887413671e+05 1.092987298371827492e+05 -3.392145018153001001e+04 -3.657519885879225098e+06 -1.351998944239703706e+06 8.152775139142236731e+04 4.633234916401430382e+05 -1.943199290074237797e+05 -5.159069218507276673e+04 1.064026495301541436e+05 2.083219666285114945e+05 -2.832232548830935048e+04
-2.275811188839888782e+05 -3.517222605974924518e+05 -2.829588623396998446e+04 2.140127613552279363e+05 8.526317988223605789e+04 9.557247989469321328e+04 1.092987298371827492e+05 2.663953272282932885e+05 4.612935515187748388e+04 9.077015935061438358e+04 -4.707381055986603023e+05 -6.679773009356114781e+05 -4.555740829576197430e+05 1.425366174533211961e+04 -5.636815460830794473e+04 1.622190205352860503e+05 1.909774724324517010e+05 2.442688651259510880e+04
1.698774815848958096e+05 -7.242432889073554543e+04 -1.267238887625521456e+05 1.614946566418278671e+05 2.213892832061180088e+05 3.952512457084802736e+04 -3.392145018153001001e+04 4.612935515187748388e+04 1.487415017816482869e+05 -8.439040837143583922e+05 -1.319289384298320627e+06 -1.106248915073777316e+05 2.331741983731854416e+05 2.029596157427665894e+05 -6.526944667451542773e+04 -2.635154626605966769e+04 1.073476642423166195e+05 1.239441994788184384e+05
-1.295449482138073072e+07 1.338908384654370509e+07 8.178213877037595958e+06 -3.169274325563101564e+06 6.529155046575008892e+06 -4.161771215407587122e+06 -3.657519885879225098e+06 9.077015935061438358e+04 -8.439040837143583922e+05 3.469897511059709191e+08 4.584311937898322940e+07 1.535072544258493185e+07 -9.627172437428303063e+06 -2.106362765875677578e+06 2.314150928532179911e+06 -6.503464182351433672e+06 -4.559480318710638210e+06 1.418243311472725123e+06
-4.156287300531533081e+06 1.876371298639328778e+07 5.821456572483090684e+06 -4.713412924188802135e+05 -8.894389118623911636e+05 1.516270131777153001e+05 -1.351998944239703706e+06 -4.707381055986603023e+05 -1.319289384298320627e+06 4.584311937898322940e+07 9.842929546539758146e+07 2.050260990318626165e+07 7.529933103110193275e+06 -4.383182012285512872e+06 2.537022174211209174e+06 2.744808132561196107e+06 1.807289735151590081e+06 2.420038145682955656e+04
2.498623371395942813e+05 4.138223667677989230e+06 2.970772344815506134e+06 -1.472079295114384266e+06 5.039795037765752641e+05 -3.559143725571106188e+05 8.152775139142236731e+04 -6.679773009356114781e+05 -1.106248915073777316e+05 1.535072544258493185e+07 2.050260990318626165e+07 2.684566881135128811e+07 6.786716197865225375e+06 -2.289877973244999070e+06 -2.260084139386323281e+06 -3.874955084201022401e+05 7.734437222592805047e+05 5.671528371434048750e+05
4.900650968510337174e+06 2.270228025914471131e+06 1.626608925285309320e+06 3.639919691033278941e+05 9.584654810236317571e+05 -8.321564759403339121e+04 4.633234916401430382e+05 -4.555740829576197430e+05 2.331741983731854416e+05 -9.627172437428303063e+06 7.529933103110193275e+06 6.786716197865225375e+06 1.366992906552273035e+07 2.660160870076484280e+05 9.871765889857265865e+05 7.837625505124032497e+05 1.551932274938240182e+06 3.088509215309329447e+05
-1.681087721502322704e+06 -2.397559574203787837e+06 -9.960139312319360033e+04 -1.660917929825793544e+05 1.712419962590587791e+06 1.984128484344308963e+05 -1.943199290074237797e+05 1.425366174533211961e+04 2.029596157427665894e+05 -2.106362765875677578e+06 -4.383182012285512872e+06 -2.289877973244999070e+06 2.660160870076484280e+05 4.397721026130927727e+06 1.301219684218744515e+06 -1.255153190946800634e+06 2.263646369952799869e+05 2.439392220464042912e+05
-2.798208706063385122e+06 -2.047413041125977645e+06 8.964477221803409338e+04 1.305675543635669019e+05 2.773202711423701840e+05 1.634743720584463445e+05 -5.159069218507276673e+04 -5.636815460830794473e+04 -6.526944667451542773e+04 2.314150928532179911e+06 2.537022174211209174e+06 -2.260084139386323281e+06 9.871765889857265865e+05 1.301219684218744515e+06 3.639110922787016723e+06 3.446765142191411578e+05 -1.265347031061024609e+05 3.201607408162454158e+04
-2.414197840660205577e+06 2.305215420918413904e+06 8.192465211686177645e+04 -6.073886425203802355e+04 -6.882567493437401718e+05 1.462822089100303710e+05 1.064026495301541436e+05 1.622190205352860503e+05 -2.635154626605966769e+04 -6.503464182351433672e+06 2.744808132561196107e+06 -3.874955084201022401e+05 7.837625505124032497e+05 -1.255153190946800634e+06 3.446765142191411578e+05 2.005902325406022836e+06 4.009818926271413220e+05 -2.308137413585696777e+05
8.261365771286131348e+05 -1.594194160819542827e+06 7.683902816068694228e+05 2.471989478561680007e+05 2.620475738866268075e+05 3.322309108056257828e+05 2.083219666285114945e+05 1.909774724324517010e+05 1.073476642423166195e+05 -4.559480318710638210e+06 1.807289735151590081e+06 7.734437222592805047e+05 1.551932274938240182e+06 2.263646369952799869e+05 -1.265347031061024609e+05 4.009818926271413220e+05 1.869975793388975086e+06 7.856599409015204583e+04
-5.722975671197180636e+05 -2.240941147872984584e+05 4.417768495735048782e+04 3.239465072495138738e+05 3.464832135354686761e+05 6.915570913058353472e+04 -2.832232548830935048e+04 2.442688651259510880e+04 1.239441994788184384e+05 1.418243311472725123e+06 2.420038145682955656e+04 5.671528371434048750e+05 3.088509215309329447e+05 2.439392220464042912e+05 3.201607408162454158e+04 -2.308137413585696777e+05 7.856599409015204583e+04 4.926175996353711234e+05
