5.679678771326170862e+07 2.671561470279077534e+06 -2.106133511373837828e+05 2.995270692466980312e+06 4.351444651364051737e+06 4.890413471245249384e+05 3.597545252828060766e+05 8.166785739797177957e+05 6.913002181866454193e+05 1.252124544259289652e+07 3.338985939913067967e+06 -4.076381360309335403e+06 5.981416470504851080e+06 9.123121305416662944e+05 3.009727344658078160e+06 1.387093451613836456e+06 2.737853721429346595e+06 2.556022462863406166e+06
2.671561470279077534e+06 1.559514391207291745e+07 2.013415839719556272e+06 2.691730190345075913e+06 1.937209336365669151e+05 5.082495595097169862e+05 -8.518443187152301834e+04 5.097339256607318530e+05 3.752331759379219147e+05 1.629344412311509065e+07 7.969796554674108513e+06 5.693238874818371842e+05 7.872808918711961014e+05 -1.023539569558881703e+04 6.226175325816421537e+05 1.262511212448770646e+06 6.208875529149739305e+05 5.955437653782017296e+05
-2.106133511373837828e+05 2.013415839719556272e+06 3.820735605804342777e+06 6.254820099624308059e+05 7.643729833046154818e+05 9.379847394273433019e+04 9.295261432161327684e+04 2.580389253721689747e+05 1.415076290736300871e+05 4.190469918363317847e+06 2.989105620763628278e+06 7.775826974929519929e+05 -6.963713452452723868e+05 2.990215674952568952e+05 -6.777762563418631908e+05 -3.612906771038966253e+05 6.211923654896115295e+03 1.100133399114419299e+05
2.995270692466980312e+06 2.691730190345075913e+06 6.254820099624308059e+05 2.855030662582491525e+06 6.454115236319873948e+05 1.021345383551917766e+05 1.665844573531529022e+03 4.952104045715058455e+05 2.914021980550023145e+05 7.128858264442915097e+06 9.944646468368110945e+05 -1.883720513905398082e+06 2.080132896508550737e+06 -6.830090236003427708e+04 3.832444075514796423e+05 8.495541014175863238e+05 1.885792007788769843e+05 3.416077453298834735e+05
4.351444651364051737e+06 1.937209336365669151e+05 7.643729833046154818e+05 6.454115236319873948e+05 1.193056822209023638e+06 -5.521927655472664628e+04 3.233366271003028305e+04 2.990267062786781462e+05 1.381365561879135785e+05 -3.839201760480598547e+06 5.580907212755148066e+05 -2.328404954404100310e+06 3.446790696303691948e+05 3.665923808326988365e+04 1.947321816935153329e+05 -1.369256235762922734e+05 8.904340389237347699e+04 1.803965435664153192e+05
4.890413471245249384e+05 5.082495595097169862e+05 9.379847394273433019e+04 1.021345383551917766e+05 -5.521927655472664628e+04 6.445684703709273599e+05 1.275294886060906574e+05 -8.733493178922058723e+04 -3.359254084811403300e+04 2.554386475579624064e+06 3.654811577046754537e+05 -4.837589663856494735e+04 -2.973334824185153120e+05 3.165896617531543598e+05 3.029719392891919706e+05 -1.072867993537702569e+05 1.148287537488279195e+05 1.273875041246766614e+03
3.597545252828060766e+05 -8.518443187152301834e+04 9.295261432161327684e+04 1.665844573531529022e+03 3.233366271003028305e+04 1.275294886060906574e+05 5.206331566001638421e+05 8.820837786089330621e+04 2.118944411896408928e+04 1.069220667947701731e+05 1.289807969391733408e+06 -8.345364436524456833e+05 6.481998242815978592e+05 -4.312354823403633782e+04 9.350194877255274914e+05 1.963357458323893661e+05 3.107195107287095016e+04 4.652983332776679163e+04
8.166785739797177957e+05 5.097339256607318530e+05 2.580389253721689747e+05 4.952104045715058455e+05 2.990267062786781462e+05 -8.733493178922058723e+04 8.820837786089330621e+04 2.629074386172551895e+05 9.705149689590025810e+04 1.947555891792907845e+06 7.974618926798382308e+05 -6.340583859934195643e+05 5.644676508917880710e+05 -2.451491915999166667e+05 8.302040905448022386e+03 1.462105376555521507e+05 2.980515492510135300e+04 3.798002682017202460e+04
6.913002181866454193e+05 3.752331759379219147e+05 1.415076290736300871e+05 2.914021980550023145e+05 1.381365561879135785e+05 -3.359254084811403300e+04 2.118944411896408928e+04 9.705149689590025810e+04 1.140970644092234288e+05 1.210989463756569661e+06 2.161118887704306690e+05 -3.608438851562497439e+05 1.834689107269558590e+05 1.315739342192616823e+04 1.200826679970315745e+05 1.815328369206457864e+05 2.318309991817967602e+04 6.898381535264554259e+04
1.252124544259289652e+07 1.629344412311509065e+07 4.190469918363317847e+06 7.128858264442915097e+06 -3.839201760480598547e+06 2.554386475579624064e+06 1.069220667947701731e+05 1.947555891792907845e+06 1.210989463756569661e+06 3.005803505743412971e+08 2.822270992338462919e+07 8.639157974228238687e+06 7.037037451054813340e+06 -7.445616544703693362e+05 -8.204145253360763192e+06 -2.975740903486290947e+06 3.750625105957977008e+06 8.921253307743815240e+05
3.338985939913067967e+06 7.969796554674108513e+06 2.989105620763628278e+06 9.944646468368110945e+05 5.580907212755148066e+05 3.654811577046754537e+05 1.289807969391733408e+06 7.974618926798382308e+05 2.161118887704306690e+05 2.822270992338462919e+07 4.350123223452065140e+07 3.955966946863692719e+06 4.109846302621470299e+06 1.907818173623087117e+06 2.199505873097359668e+06 -5.901633440174394054e+05 3.815102373876712518e+05 9.908420192116713151e+05
-4.076381360309335403e+06 5.693238874818371842e+05 7.775826974929519929e+05 -1.883720513905398082e+06 -2.328404954404100310e+06 -4.837589663856494735e+04 -8.345364436524456833e+05 -6.340583859934195643e+05 -3.608438851562497439e+05 8.639157974228238687e+06 3.955966946863692719e+06 2.981635906139247492e+07 -4.030888675518857781e+06 1.529169053906049579e+06 -4.343373361627531238e+06 -3.924136854197778575e+03 -1.063445148388345988e+05 -8.507611981482879492e+05
5.981416470504851080e+06 7.872808918711961014e+05 -6.963713452452723868e+05 2.080132896508550737e+06 3.446790696303691948e+05 -2.973334824185153120e+05 6.481998242815978592e+05 5.644676508917880710e+05 1.834689107269558590e+05 7.037037451054813340e+06 4.109846302621470299e+06 -4.030888675518857781e+06 1.770175731049769372e+07 1.911536919223783771e+06 7.619435459218122996e+05 1.457199817797792610e+06 -3.505250570629346767e+05 1.358111930034620920e+06
9.123121305416662944e+05 -1.023539569558881703e+04 2.990215674952568952e+05 -6.830090236003427708e+04 3.665923808326988365e+04 3.165896617531543598e+05 -4.312354823403633782e+04 -2.451491915999166667e+05 1.315739342192616823e+04 -7.445616544703693362e+05 1.907818173623087117e+06 1.529169053906049579e+06 1.911536919223783771e+06 3.048422411178654060e+06 6.682558476363405352e+05 1.700180071205793647e+05 1.571184675434528035e+05 1.874688067817586998e+05
3.009727344658078160e+06 6.226175325816421537e+05 -6.777762563418631908e+05 3.832444075514796423e+05 1.947321816935153329e+05 3.029719392891919706e+05 9.350194877255274914e+05 8.302040905448022386e+03 1.200826679970315745e+05 -8.204145253360763192e+06 2.199505873097359668e+06 -4.343373361627531238e+06 7.619435459218122996e+05 6.682558476363405352e+05 4.550191951104222797e+06 1.334166973090637475e+06 2.331221699533834180e+05 3.767859939307624591e+05
1.387093451613836456e+06 1.262511212448770646e+06 -3.612906771038966253e+05 8.495541014175863238e+05 -1.369256235762922734e+05 -1.072867993537702569e+05 1.963357458323893661e+05 1.462105376555521507e+05 1.815328369206457864e+05 -2.975740903486290947e+06 -5.901633440174394054e+05 -3.924136854197778575e+03 1.457199817797792610e+06 1.700180071205793647e+05 1.334166973090637475e+06 1.829171455570251215e+06 1.842777971558548452e+05 1.278555150499422598e+05
2.737853721429346595e+06 6.208875529149739305e+05 6.211923654896115295e+03 1.885792007788769843e+05 8.904340389237347699e+04 1.148287537488279195e+05 3.107195107287095016e+04 2.980515492510135300e+04 2.318309991817967602e+04 3.750625105957977008e+06 3.815102373876712518e+05 -1.063445148388345988e+05 -3.505250570629346767e+05 1.571184675434528035e+05 2.331221699533834180e+05 1.842777971558548452e+05 6.970669533221338643e+05 1.147499140389385720e+05
2.556022462863406166e+06 5.955437653782017296e+05 1.100133399114419299e+05 3.416077453298834735e+05 1.803965435664153192e+05 1.273875041246766614e+03 4.652983332776679163e+04 3.798002682017202460e+04 6.898381535264554259e+04 8.921253307743815240e+05 9.908420192116713151e+05 -8.507611981482879492e+05 1.358111930034620920e+06 1.874688067817586998e+05 3.767859939307624591e+05 1.278555150499422598e+05 1.147499140389385720e+05 4.088758374311539228e+05
