3.485399988711923361e+07 5.868912379479102790e+06 4.014893579231288750e+06 1.690540833558909129e+06 4.879982219107737183e+04 1.098070981089648412e+05 4.583610370277038310e+05 1.588375168789741583e+05 -5.269800647903860081e+05 2.428972375881337747e+07 6.071212007293382194e+05 4.040832617339234333e+06 2.273742381497090682e+06 1.405667670432449551e+06 2.112855173509022687e+06 1.899834712188926758e+06 1.446812920080283075e+05 -4.348496448595156544e+05
5.868912379479102790e+06 1.126330715655723028e+07 2.698298813470624737e+05 7.329478740758737549e+05 6.848697651035848539e+05 6.507303681340437615e+05 4.894414643831580761e+05 1.896360125024564622e+05 -8.010234375303902198e+04 5.263355342481931672e+06 5.493772990111898631e+06 3.705062317677503452e+05 3.419322171038848348e+06 1.647467851636944804e+06 -7.907343133126271423e+05 1.623318797112865141e+05 5.156552116171856760e+05 -5.926723067851048108e+04
4.014893579231288750e+06 2.698298813470624737e+05 4.507214925954782404e+06 8.398727545079783304e+05 -1.967580241117899714e+05 1.282839125483156386e+05 5.395291143048905069e+05 2.240912853365413030e+05 1.276483539101282950e+05 -5.891514268857993186e+06 4.194729663103503175e+06 4.277852035400149412e+06 1.763859204176498344e+06 -1.164069170390908839e+06 4.749904585457447101e+05 8.768263783888465259e+05 -2.574720431542889564e+05 2.761580541215671110e+04
1.690540833558909129e+06 7.329478740758737549e+05 8.398727545079783304e+05 1.835375351282744901e+06 7.697047371796841617e+04 3.082026426055982010e+05 5.395644468151426408e+05 1.736747628712519654e+05 2.228113031124835470e+04 4.629377527061460423e+05 8.914558094480343862e+05 1.580960575614338042e+06 1.177069631212380482e+06 -2.663181068911786424e+05 -2.400082530955140828e+05 9.315918262737568002e+05 -6.890707654366419592e+04 1.561851811256245419e+05
4.879982219107737183e+04 6.848697651035848539e+05 -1.967580241117899714e+05 7.697047371796841617e+04 1.224054415634084027e+06 3.793560622217329219e+05 2.615414875321286672e+05 -5.463496684437642398e+04 -1.969521838214044465e+03 -3.473087918701773509e+06 4.999640087178387679e+06 1.505490647046111990e+06 1.027396403980796807e+06 8.469647834287276492e+05 -1.399253861041862983e+05 3.367892198598111281e+05 2.094204180744905607e+05 1.004760991516573813e+04
1.098070981089648412e+05 6.507303681340437615e+05 1.282839125483156386e+05 3.082026426055982010e+05 3.793560622217329219e+05 6.901877779383325251e+05 1.735044531345189316e+05 5.089442285549139342e+04 5.318764935757501371e+04 -2.921371687163462397e+06 3.285389365097440779e+06 2.500132988547985151e+05 2.320232321638074063e+05 1.097185255103994423e+05 -1.685243205666166323e+05 2.117667906339832698e+05 1.607224379196125665e+05 1.657705413089971407e+05
4.583610370277038310e+05 4.894414643831580761e+05 5.395291143048905069e+05 5.395644468151426408e+05 2.615414875321286672e+05 1.735044531345189316e+05 4.952310066581717110e+05 9.606794252070260700e+04 5.243197677959549765e+04 -7.143250639182105660e+05 1.296827832798696589e+06 8.856277841462232172e+05 6.763177508269253885e+05 -2.551646204021107988e+05 3.119679168438889974e+04 3.284178232148931129e+05 7.053927988657285459e+04 1.960987334850693587e+05
1.588375168789741583e+05 1.896360125024564622e+05 2.240912853365413030e+05 1.736747628712519654e+05 -5.463496684437642398e+04 5.089442285549139342e+04 9.606794252070260700e+04 1.522577965814134805e+05 -4.651418556028428611e+03 -5.803058521511904837e+04 6.860367809134442359e+04 3.283320554993035621e+05 3.210151871394473710e+05 -1.027161921316536318e+05 2.661394466640358587e+04 4.042858361455527483e+04 5.058203628803809261e+04 2.902805675668108233e+04
-5.269800647903860081e+05 -8.010234375303902198e+04 1.276483539101282950e+05 2.228113031124835470e+04 -1.969521838214044465e+03 5.318764935757501371e+04 5.243197677959549765e+04 -4.651418556028428611e+03 9.361944862515594286e+04 -2.153083396405758802e+06 5.154884416346019134e+04 6.613769687523710309e+04 1.376597616250208230e+05 -6.640202876281453064e+04 1.006055266055314860e+05 7.308945543929285486e+04 -3.986303634090157720e+04 5.227709901087947947e+04
2.428972375881337747e+07 5.263355342481931672e+06 -5.891514268857993186e+06 4.629377527061460423e+05 -3.473087918701773509e+06 -2.921371687163462397e+06 -7.143250639182105660e+05 -5.803058521511904837e+04 -2.153083396405758802e+06 2.453751134473501742e+08 -2.755531398895460367e+07 -2.511122946870861575e+07 4.539914292450107168e+05 -1.257739981229571812e+07 -3.614912531485357322e+06 -2.236779926213424187e+06 1.846091793856166769e+06 1.323525629526678007e+06
6.071212007293382194e+05 5.493772990111898631e+06 4.194729663103503175e+06 8.914558094480343862e+05 4.999640087178387679e+06 3.285389365097440779e+06 1.296827832798696589e+06 6.860367809134442359e+04 5.154884416346019134e+04 -2.755531398895460367e+07 6.873786069507375360e+07 1.629942910566293076e+07 4.465005994101492688e+06 2.947224580420508049e+06 -1.113726068800284760e+06 -1.108182055831781821e+06 1.284513043768396368e+06 3.483632295096454909e+05
4.040832617339234333e+06 3.705062317677503452e+05 4.277852035400149412e+06 1.580960575614338042e+06 1.505490647046111990e+06 2.500132988547985151e+05 8.856277841462232172e+05 3.283320554993035621e+05 6.613769687523710309e+04 -2.511122946870861575e+07 1.629942910566293076e+07 3.360638275590614229e+07 2.825993607239255682e+06 3.501763128628273262e+05 5.896436120858060196e+06 -1.345496291756827850e+06 5.545129161627842113e+05 4.647484833277686266e+05
2.273742381497090682e+06 3.419322171038848348e+06 1.763859204176498344e+06 1.177069631212380482e+06 1.027396403980796807e+06 2.320232321638074063e+05 6.763177508269253885e+05 3.210151871394473710e+05 1.376597616250208230e+05 4.539914292450107168e+05 4.465005994101492688e+06 2.825993607239255682e+06 9.183209776508122683e+06 6.297717731731117237e+05 1.320778866294561885e+06 6.618864137352902908e+05 -3.165355531986297574e+05 6.543567451992204878e+05
1.405667670432449551e+06 1.647467851636944804e+06 -1.164069170390908839e+06 -2.663181068911786424e+05 8.469647834287276492e+05 1.097185255103994423e+05 -2.551646204021107988e+05 -1.027161921316536318e+05 -6.640202876281453064e+04 -1.257739981229571812e+07 2.947224580420508049e+06 3.501763128628273262e+05 6.297717731731117237e+05 5.175892063085741363e+06 4.785335055294435588e+05 -2.512291540938253456e+05 4.373992666244971915e+05 -5.974464335847792681e+05
2.112855173509022687e+06 -7.907343133126271423e+05 4.749904585457447101e+05 -2.400082530955140828e+05 -1.399253861041862983e+05 -1.685243205666166323e+05 3.119679168438889974e+04 2.661394466640358587e+04 1.006055266055314860e+05 -3.614912531485357322e+06 -1.113726068800284760e+06 5.896436120858060196e+06 1.320778866294561885e+06 4.785335055294435588e+05 4.576127773422452621e+06 4.275294486007775995e+05 3.734255147941014147e+05 3.901200524016445270e+05
1.899834712188926758e+06 1.623318797112865141e+05 8.768263783888465259e+05 9.315918262737568002e+05 3.367892198598111281e+05 2.117667906339832698e+05 3.284178232148931129e+05 4.042858361455527483e+04 7.308945543929285486e+04 -2.236779926213424187e+06 -1.108182055831781821e+06 -1.345496291756827850e+06 6.618864137352902908e+05 -2.512291540938253456e+05 4.275294486007775995e+05 2.593721275223532226e+06 3.870546822176628048e+05 -8.211657779566189856e+04
1.446812920080283075e+05 5.156552116171856760e+05 -2.574720431542889564e+05 -6.890707654366419592e+04 2.094204180744905607e+05 1.607224379196125665e+05 7.053927988657285459e+04 5.058203628803809261e+04 -3.986303634090157720e+04 1.846091793856166769e+06 1.284513043768396368e+06 5.545129161627842113e+05 -3.165355531986297574e+05 4.373992666244971915e+05 3.734255147941014147e+05 3.870546822176628048e+05 9.284001061221302953e+05 1.755016462267418974e+05
-4.348496448595156544e+05 -5.926723067851048108e+04 2.761580541215671110e+04 1.561851811256245419e+05 1.004760991516573813e+04 1.657705413089971407e+05 1.960987334850693587e+05 2.902805675668108233e+04 5.227709901087947947e+04 1.323525629526678007e+06 3.483632295096454909e+05 4.647484833277686266e+05 6.543567451992204878e+05 -5.974464335847792681e+05 3.901200524016445270e+05 -8.211657779566189856e+04 1.755016462267418974e+05 6.936579092738642357e+05
