4.799584323059955239e+07 9.612409919542325661e+06 -2.546843511730825994e+06 2.746535975279598497e+05 2.468616715311062522e+06 1.875291011261359090e+05 8.411314265533923171e+05 -9.795675397829031572e+05 -3.685143994364304235e+05 -5.951056054299254902e+06 1.775615206525686383e+07 9.162908947606865317e+06 -8.150243050606666366e+05 -8.661733329738238826e+05 -4.210795631465896033e+06 2.269914676796136890e+06 -4.038874570752035361e+05 -2.708279480992312543e+06
9.612409919542325661e+06 1.747582007675177604e+07 1.575536190625887830e+06 1.667457323117721826e+06 1.184403335749847116e+06 -2.779770048256980590e+04 3.384978980920947506e+05 1.942493226879398862e+05 4.766697509170625563e+04 4.751902162415066734e+06 1.847163095054453611e+07 -1.321421775831398321e+06 -1.838216041225970956e+06 -2.898025204497606959e+06 -8.275777260890555335e+05 1.819408664599443553e+06 -8.700976819548216008e+04 -1.379222457922326867e+06
-2.546843511730825994e+06 1.575536190625887830e+06 2.934801654395036399e+06 5.396912903013043106e+05 3.528332856477001333e+05 1.965829303434076428e+05 -6.055460649114622356e+04 8.218212945041933563e+04 7.627189196690819517e+04 4.108011996542020701e+06 6.226671193140516989e+06 2.974850704494646750e+06 -5.290583272305309074e+05 -9.736401690340575296e+05 7.355220532704433426e+05 3.708228697078871774e+05 -1.884204461946314259e+05 -5.609011151919503754e+04
2.746535975279598497e+05 1.667457323117721826e+06 5.396912903013043106e+05 2.147002645296260249e+06 8.194891500328358961e+05 4.799890585664127721e+05 -8.943039972486949409e+04 1.597199393555509741e+05 6.553988711184050771e+03 -1.337219218694634270e+06 5.518381697211505845e+06 -7.833498058744014998e+03 2.959743993150699418e+06 1.094700355497153942e+06 5.002020805749043357e+05 3.015067366727553890e+05 3.876161706264793174e+05 9.158633769560964720e+04
2.468616715311062522e+06 1.184403335749847116e+06 3.528332856477001333e+05 8.194891500328358961e+05 1.534923885733416537e+06 3.463702958030624432e+05 -4.875082274961400253e+04 1.454203836189217691e+05 5.654461302919366426e+04 -2.523292841568767093e+06 3.958692386746298522e+06 5.383288926032338350e+04 -7.224586692636372754e+04 1.086140594582195627e+06 -1.630324895406949508e+04 2.696868488453877508e+05 4.400384908831330249e+05 -3.814094972247401602e+05
1.875291011261359090e+05 -2.779770048256980590e+04 1.965829303434076428e+05 4.799890585664127721e+05 3.463702958030624432e+05 6.103989181022529956e+05 -5.178267483392790382e+03 2.136426147495912446e+05 4.058036315451491828e+04 -5.843964888453835156e+05 1.165858025532943895e+06 6.705513054592990084e+05 4.645698023000516114e+05 1.029576239069712581e+06 3.596032894004500704e+05 1.434223981766157085e+05 3.413811599507909850e+05 5.443078283291621483e+04
8.411314265533923171e+05 3.384978980920947506e+05 -6.055460649114622356e+04 -8.943039972486949409e+04 -4.875082274961400253e+04 -5.178267483392790382e+03 2.611927614908939286e+05 6.413878881062311848e+03 3.557259354091669957e+04 -2.190839474550718442e+05 4.257382097295282292e+05 1.678359660145062662e+05 2.566582301909608068e+05 -1.537782905468714016e+05 -4.225082458236292587e+05 -4.793056600865760629e+03 4.721422077441531292e+04 1.115802075138160289e+05
-9.795675397829031572e+05 1.942493226879398862e+05 8.218212945041933563e+04 1.597199393555509741e+05 1.454203836189217691e+05 2.136426147495912446e+05 6.413878881062311848e+03 2.661628834673775709e+05 3.904207006321919471e+04 -1.023864583965512691e+06 -8.611403877635889512e+04 -6.189399970412494149e+05 -4.313467170721200819e+04 2.841702266268334934e+05 1.979188922056728625e+05 1.766746133518769784e+04 3.474923529563749325e+05 8.807976880012737820e+04
-3.685143994364304235e+05 4.766697509170625563e+04 7.627189196690819517e+04 6.553988711184050771e+03 5.654461302919366426e+04 4.058036315451491828e+04 3.557259354091669957e+04 3.904207006321919471e+04 9.815613076399029524e+04 3.988503470490884501e+05 7.852070902218457777e+05 2.764761046794613940e+05 -6.302815530128643150e+04 1.078473439312202099e+05 -9.718989908762887353e+04 5.744802608496073663e+04 1.084923719575532887e+05 1.074266763991194894e+05
-5.951056054299254902e+06 4.751902162415066734e+06 4.108011996542020701e+06 -1.337219218694634270e+06 -2.523292841568767093e+06 -5.843964888453835156e+05 -2.190839474550718442e+05 -1.023864583965512691e+06 3.988503470490884501e+05 3.087906349532443881e+08 4.080452499272341281e+07 1.448141411696888693e+07 9.212139815733548254e+06 -1.696100254446208710e+06 -3.702175473956998321e+05 4.306356736220994964e+06 2.975711879042895976e+06 7.976789224405121990e+06
1.775615206525686383e+07 1.847163095054453611e+07 6.226671193140516989e+06 5.518381697211505845e+06 3.958692386746298522e+06 1.165858025532943895e+06 4.257382097295282292e+05 -8.611403877635889512e+04 7.852070902218457777e+05 4.080452499272341281e+07 9.467804464544281363e+07 1.670959988739765622e+07 9.970027731826705858e+06 5.718558526927198982e+05 1.110045713747406378e+06 5.410777028169728816e+06 2.829392937745516188e+06 -7.463047883421219885e+05
9.162908947606865317e+06 -1.321421775831398321e+06 2.974850704494646750e+06 -7.833498058744014998e+03 5.383288926032338350e+04 6.705513054592990084e+05 1.678359660145062662e+05 -6.189399970412494149e+05 2.764761046794613940e+05 1.448141411696888693e+07 1.670959988739765622e+07 2.676809788350979611e+07 2.673036660905690864e+06 1.174331765994433314e+06 1.313260633917226689e+06 4.482195295281169238e+05 -1.357931526515685488e+06 2.830533141992319725e+05
-8.150243050606666366e+05 -1.838216041225970956e+06 -5.290583272305309074e+05 2.959743993150699418e+06 -7.224586692636372754e+04 4.645698023000516114e+05 2.566582301909608068e+05 -4.313467170721200819e+04 -6.302815530128643150e+04 9.212139815733548254e+06 9.970027731826705858e+06 2.673036660905690864e+06 1.606768467098352872e+07 4.084901172041517217e+06 9.269799255739998771e+05 -8.887820982198431739e+04 1.180495604232986458e+06 1.172862468217559159e+06
-8.661733329738238826e+05 -2.898025204497606959e+06 -9.736401690340575296e+05 1.094700355497153942e+06 1.086140594582195627e+06 1.029576239069712581e+06 -1.537782905468714016e+05 2.841702266268334934e+05 1.078473439312202099e+05 -1.696100254446208710e+06 5.718558526927198982e+05 1.174331765994433314e+06 4.084901172041517217e+06 5.870274819918775000e+06 2.179762582588484511e+06 -3.233256965607417515e+05 1.146690880588048836e+06 4.217551834776132600e+05
-4.210795631465896033e+06 -8.275777260890555335e+05 7.355220532704433426e+05 5.002020805749043357e+05 -1.630324895406949508e+04 3.596032894004500704e+05 -4.225082458236292587e+05 1.979188922056728625e+05 -9.718989908762887353e+04 -3.702175473956998321e+05 1.110045713747406378e+06 1.313260633917226689e+06 9.269799255739998771e+05 2.179762582588484511e+06 3.780109354493383318e+06 6.793799061649599025e+03 3.388610463400568115e+05 8.628728753489919472e+04
2.269914676796136890e+06 1.819408664599443553e+06 3.708228697078871774e+05 3.015067366727553890e+05 2.696868488453877508e+05 1.434223981766157085e+05 -4.793056600865760629e+03 1.766746133518769784e+04 5.744802608496073663e+04 4.306356736220994964e+06 5.410777028169728816e+06 4.482195295281169238e+05 -8.887820982198431739e+04 -3.233256965607417515e+05 6.793799061649599025e+03 1.207823209386054426e+06 1.521983548178035417e+05 -8.342683495512792433e+04
-4.038874570752035361e+05 -8.700976819548216008e+04 -1.884204461946314259e+05 3.876161706264793174e+05 4.400384908831330249e+05 3.413811599507909850e+05 4.721422077441531292e+04 3.474923529563749325e+05 1.084923719575532887e+05 2.975711879042895976e+06 2.829392937745516188e+06 -1.357931526515685488e+06 1.180495604232986458e+06 1.146690880588048836e+06 3.388610463400568115e+05 1.521983548178035417e+05 1.491441803793164669e+06 4.695600499464647146e+05
-2.708279480992312543e+06 -1.379222457922326867e+06 -5.609011151919503754e+04 9.158633769560964720e+04 -3.814094972247401602e+05 5.443078283291621483e+04 1.115802075138160289e+05 8.807976880012737820e+04 1.074266763991194894e+05 7.976789224405121990e+06 -7.463047883421219885e+05 2.830533141992319725e+05 1.172862468217559159e+06 4.217551834776132600e+05 8.628728753489919472e+04 -8.342683495512792433e+04 4.695600499464647146e+05 1.008476628615441849e+06
