6.609666030622742325e+07 -2.154347690285890829e+06 -2.075171730532852001e+06 3.994531267758105532e+05 -1.872564040696535725e+06 -2.324895430711041845e+05 5.459139567520115525e+05 1.012459186557470821e+06 2.077870480958083062e+05 1.373207596436383575e+07 1.202436270168967731e+07 -2.672522378898909315e+06 5.528351275378273800e+06 -1.169083865654027322e+06 2.268444346324895043e+06 4.487338215997990221e+06 4.443368473055902286e+05 -1.408403521003674716e+06
-2.154347690285890829e+06 1.593490333877818100e+07 2.502567041346744634e+06 1.331293739140579244e+06 -5.532487913005753653e+05 3.010097589896294521e+05 -1.499596314555810532e+05 -1.334652199269990087e+05 -1.211880947529974583e+04 2.133978871501867473e+07 4.442109978442496620e+06 2.019957287012815941e+06 -1.315642929591513472e+06 5.399711623756770277e+05 4.541213187659362447e+05 -1.285352241784528014e+05 8.992671065141496947e+05 -1.427924369779324043e+05
-2.075171730532852001e+06 2.502567041346744634e+06 4.582300966954718344e+06 -4.197714596853715193e+04 -1.691121530254160170e+05 1.306447644033575052e+05 -2.712000163798583089e+05 -2.392691195951020927e+05 -3.193070122438855833e+04 6.117336479310761206e+06 -3.829341129978945013e+06 3.517081390240812209e+06 -1.589925015510562109e+06 4.477766837039036327e+05 9.983459141404059483e+04 -1.134069936842108291e+05 -2.886012011345864739e+05 3.926196459733187221e+05
3.994531267758105532e+05 1.331293739140579244e+06 -4.197714596853715193e+04 1.973149083520090906e+06 8.480726268096909916e+04 2.847033071296892595e+05 1.219086254979798396e+05 1.549063408181973791e+05 1.564173569200395432e+05 7.973600501212916337e+06 -2.487787075452706311e+06 -1.037352550586894038e+06 2.200687039847027510e+06 1.761840739419834688e+06 8.498892049401946133e+05 4.073892293162274291e+05 3.096778932118977536e+05 1.414570999312048662e+05
-1.872564040696535725e+06 -5.532487913005753653e+05 -1.691121530254160170e+05 8.480726268096909916e+04 1.363638914959867718e+06 6.989584352044244588e+04 7.680016266104854003e+04 -1.336672888232252735e+05 -3.967148989645716938e+04 -3.450961103516647592e+06 -3.869258679764803499e+06 4.074592233311322634e+05 -3.217468690527268918e+05 1.012499088712399825e+06 -7.768338693424937082e+05 -5.756061382562754443e+05 -3.248928321274305927e+05 -6.493329754984473766e+03
-2.324895430711041845e+05 3.010097589896294521e+05 1.306447644033575052e+05 2.847033071296892595e+05 6.989584352044244588e+04 4.745959635958137223e+05 6.267026932614399266e+04 2.579976040555820146e+04 -1.869283631434453855e+04 3.977744811497781426e+06 -1.295509575369823579e+05 1.509077063512263994e+05 6.033464058513311902e+05 4.046079959964557784e+05 -2.386708578120178718e+05 -3.754290221578830096e+04 1.344982702364421566e+05 8.955190221601229860e+04
5.459139567520115525e+05 -1.499596314555810532e+05 -2.712000163798583089e+05 1.219086254979798396e+05 7.680016266104854003e+04 6.267026932614399266e+04 4.125358821912588901e+05 5.785573170171726815e+04 4.324741799116438779e+04 -1.462926367482075468e+06 5.706748854097600561e+05 -5.858942951800602896e+04 -9.024443320277122257e+04 -3.686606813961371081e+05 -1.197096241344436130e+05 -4.388711529675912971e+03 -7.024539005901273049e+04 -1.311363844645858044e+05
1.012459186557470821e+06 -1.334652199269990087e+05 -2.392691195951020927e+05 1.549063408181973791e+05 -1.336672888232252735e+05 2.579976040555820146e+04 5.785573170171726815e+04 2.267386494893708732e+05 5.811124378342743148e+04 2.704912242207502946e+06 3.704452330270887469e+05 -5.674054755817562109e+05 6.144620504259939771e+05 1.502237320566309209e+05 1.505742326714782394e+05 4.523643620405682595e+05 1.668504803982619196e+05 4.991938452882944694e+04
2.077870480958083062e+05 -1.211880947529974583e+04 -3.193070122438855833e+04 1.564173569200395432e+05 -3.967148989645716938e+04 -1.869283631434453855e+04 4.324741799116438779e+04 5.811124378342743148e+04 6.650655109572249057e+04 1.066089616127827205e+06 -4.161055850036427728e+04 1.130365935299848497e+05 2.228726111678615562e+05 3.545305146034002973e+04 5.928774175322848168e+04 1.636072962628124515e+05 2.846966796792097739e+04 1.862167127538537534e+04
1.373207596436383575e+07 2.133978871501867473e+07 6.117336479310761206e+06 7.973600501212916337e+06 -3.450961103516647592e+06 3.977744811497781426e+06 -1.462926367482075468e+06 2.704912242207502946e+06 1.066089616127827205e+06 3.096266127801730037e+08 -3.112519180822451785e+07 -1.904055228194018453e+07 9.517922843898123130e+06 4.320857108360069804e+06 8.149889456351299305e+05 4.519474955333022401e+06 4.095049413669194095e+06 4.024357875168675557e+06
1.202436270168967731e+07 4.442109978442496620e+06 -3.829341129978945013e+06 -2.487787075452706311e+06 -3.869258679764803499e+06 -1.295509575369823579e+05 5.706748854097600561e+05 3.704452330270887469e+05 -4.161055850036427728e+04 -3.112519180822451785e+07 7.392703927561244369e+07 1.523613200930607319e+07 4.031269648088624701e+06 -7.584833957118543796e+06 2.298832897351553198e+06 2.435570081115840003e+06 6.897623955824839650e+05 4.503735941582127707e+05
-2.672522378898909315e+06 2.019957287012815941e+06 3.517081390240812209e+06 -1.037352550586894038e+06 4.074592233311322634e+05 1.509077063512263994e+05 -5.858942951800602896e+04 -5.674054755817562109e+05 1.130365935299848497e+05 -1.904055228194018453e+07 1.523613200930607319e+07 3.483584173473977298e+07 -2.010981980333411833e+06 1.744575311446281616e+06 9.878915583114712499e+05 -1.778885283510593465e+06 2.912677017796613509e+05 1.504411834522254532e+06
5.528351275378273800e+06 -1.315642929591513472e+06 -1.589925015510562109e+06 2.200687039847027510e+06 -3.217468690527268918e+05 6.033464058513311902e+05 -9.024443320277122257e+04 6.144620504259939771e+05 2.228726111678615562e+05 9.517922843898123130e+06 4.031269648088624701e+06 -2.010981980333411833e+06 9.996311583645107225e+06 4.143971433343202807e+06 1.624330014028043253e+06 2.822340535889443010e+06 8.038800658938186243e+05 6.283548376197487814e+05
-1.169083865654027322e+06 5.399711623756770277e+05 4.477766837039036327e+05 1.761840739419834688e+06 1.012499088712399825e+06 4.046079959964557784e+05 -3.686606813961371081e+05 1.502237320566309209e+05 3.545305146034002973e+04 4.320857108360069804e+06 -7.584833957118543796e+06 1.744575311446281616e+06 4.143971433343202807e+06 7.832863169825190678e+06 1.480144120940399589e+06 1.302699069624590338e+05 6.376057467606303981e+05 6.686166458898758283e+05
2.268444346324895043e+06 4.541213187659362447e+05 9.983459141404059483e+04 8.498892049401946133e+05 -7.768338693424937082e+05 -2.386708578120178718e+05 -1.197096241344436130e+05 1.505742326714782394e+05 5.928774175322848168e+04 8.149889456351299305e+05 2.298832897351553198e+06 9.878915583114712499e+05 1.624330014028043253e+06 1.480144120940399589e+06 3.173617337081274949e+06 1.287711426657296019e+06 7.894174709345765878e+05 3.467571916331255925e+05
4.487338215997990221e+06 -1.285352241784528014e+05 -1.134069936842108291e+05 4.073892293162274291e+05 -5.756061382562754443e+05 -3.754290221578830096e+04 -4.388711529675912971e+03 4.523643620405682595e+05 1.636072962628124515e+05 4.519474955333022401e+06 2.435570081115840003e+06 -1.778885283510593465e+06 2.822340535889443010e+06 1.302699069624590338e+05 1.287711426657296019e+06 2.310133316077297088e+06 5.331674749392094091e+05 2.906274060394220287e+05
4.443368473055902286e+05 8.992671065141496947e+05 -2.886012011345864739e+05 3.096778932118977536e+05 -3.248928321274305927e+05 1.344982702364421566e+05 -7.024539005901273049e+04 1.668504803982619196e+05 2.846966796792097739e+04 4.095049413669194095e+06 6.897623955824839650e+05 2.912677017796613509e+05 8.038800658938186243e+05 6.376057467606303981e+05 7.894174709345765878e+05 5.331674749392094091e+05 8.047703404847735073e+05 2.646559754046547459e+05
-1.408403521003674716e+06 -1.427924369779324043e+05 3.926196459733187221e+05 1.414570999312048662e+05 -6.493329754984473766e+03 8.955190221601229860e+04 -1.311363844645858044e+05 4.991938452882944694e+04 1.862167127538537534e+04 4.024357875168675557e+06 4.503735941582127707e+05 1.504411834522254532e+06 6.283548376197487814e+05 6.686166458898758283e+05 3.467571916331255925e+05 2.906274060394220287e+05 2.646559754046547459e+05 6.176000685276620788e+05
