5.018674709400257468e+07 1.474070013109960128e+06 -5.942672937934979796e+06 -1.159889536109974841e+06 -3.676980204517290113e+05 9.349085905349265086e+05 8.440064879175383830e+05 -2.643469252900424181e+05 5.671281983645614237e+05 -1.646372810592478514e+07 1.592041586502601393e+07 -2.218225691653917078e+06 -5.082731604485297576e+06 1.262328991313631646e+06 -2.394566799862751737e+06 1.496393869328462752e+06 -2.259320693599438819e+05 2.093726691145171062e+05
1.474070013109960128e+06 1.980013335739688575e+07 2.680991699570109602e+06 4.498337263521340210e+05 4.524145437781931832e+05 2.505891534976498406e+03 -1.838380610853032704e+04 -1.144191771986036620e+05 -3.471224477870098199e+05 9.298525598148936406e+06 1.561811364899178594e+07 -1.900294250846817624e+06 -2.369067479130676482e+06 -5.354981302985195071e+05 -1.607009540735987946e+06 -1.055184163943097228e+06 -1.587065700488087488e+06 7.637305950684661511e+05
-5.942672937934979796e+06 2.680991699570109602e+06 4.954676855901198462e+06 1.627189309415998869e+06 5.087542974431482726e+05 -3.667940902445088723e+05 -6.103132268695892999e+05 -2.099402080696072371e+05 1.526846328261981171e+03 -1.248560377594963647e+06 -6.718681453684322769e+05 3.148943422298448626e+06 -8.328154297353058355e+05 -8.892298402655292302e+05 -4.621221459375572740e+05 -7.583401515205153555e+04 -3.291481348939181771e+05 3.170236105533837108e+05
-1.159889536109974841e+06 4.498337263521340210e+05 1.627189309415998869e+06 2.199167515836690087e+06 4.588537021303396905e+05 -1.149150855154460151e+05 -1.554120446409123542e+05 1.239232954389477964e+05 1.015215983575189020e+05 4.109569831097660121e+06 -3.110462558344872203e+06 3.856485125783124007e+06 -2.071696869405438774e+05 1.218714238889413100e+05 8.884182530659055919e+04 4.250399654222344980e+05 -2.051877447717421164e+05 3.615847598600817146e+05
-3.676980204517290113e+05 4.524145437781931832e+05 5.087542974431482726e+05 4.588537021303396905e+05 6.495327762417331105e+05 -8.740143418059228861e+04 -2.017115037961848429e+05 -2.506878840854546434e+04 1.542824315093143014e+04 2.241431911701738136e+05 7.072053112755720213e+04 1.946329259106498677e+06 -8.071338223840169376e+05 -1.851274262341536814e+04 -3.156861187423153024e+04 2.365294997961391709e+04 5.664707207152019691e+04 -4.572860692581450712e+04
9.349085905349265086e+05 2.505891534976498406e+03 -3.667940902445088723e+05 -1.149150855154460151e+05 -8.740143418059228861e+04 5.794342225394273410e+05 1.502069934912176104e+05 5.899630221249894385e+04 6.206714475898497767e+03 1.245049957038566208e+05 8.348588588351985672e+05 -2.616662871670630993e+05 -3.002170197726531187e+05 3.565625260364655987e+05 8.436748392876072103e+03 6.056819308937441747e+03 2.038800697719681775e+05 4.357348507575667463e+04
8.440064879175383830e+05 -1.838380610853032704e+04 -6.103132268695892999e+05 -1.554120446409123542e+05 -2.017115037961848429e+05 1.502069934912176104e+05 3.015538632092862390e+05 9.046841573723002512e+04 -2.384796548348215583e+04 6.678131159674376249e+05 4.136941103506991058e+05 -1.174628041845611995e+06 -2.635805588894283283e+05 2.813458429371971215e+04 -4.550530231069774345e+03 3.774998736021251534e+05 8.464359770825202577e+04 4.591254687177160122e+03
-2.643469252900424181e+05 -1.144191771986036620e+05 -2.099402080696072371e+05 1.239232954389477964e+05 -2.506878840854546434e+04 5.899630221249894385e+04 9.046841573723002512e+04 2.223099300416402984e+05 -4.817399673027175595e+03 1.088384737009032164e+06 2.427786124474439566e+04 5.111718400769660366e+05 3.689116862262874201e+04 1.294658334130685253e+05 -1.245486970084660425e+05 3.314260236178664491e+05 5.257216651163522329e+04 -5.952723227199607936e+04
5.671281983645614237e+05 -3.471224477870098199e+05 1.526846328261981171e+03 1.015215983575189020e+05 1.542824315093143014e+04 6.206714475898497767e+03 -2.384796548348215583e+04 -4.817399673027175595e+03 1.051617215582908539e+05 1.676177979683955709e+04 -3.061284146058599799e+04 1.173839546373675694e+05 2.319839650243219876e+04 -5.356614880337531213e+04 5.813999166986353521e+04 2.722036340269845823e+04 7.204257442562186043e+03 6.817644866411566909e+04
-1.646372810592478514e+07 9.298525598148936406e+06 -1.248560377594963647e+06 4.109569831097660121e+06 2.241431911701738136e+05 1.245049957038566208e+05 6.678131159674376249e+05 1.088384737009032164e+06 1.676177979683955709e+04 2.312539655320115983e+08 3.941403370824220777e+07 2.056779138165739179e+07 1.466682852243083902e+07 2.921751033955377061e+06 2.474672534330291674e+06 7.349163104207105935e+06 -1.730824953405353706e+06 -1.974157567986752139e+06
1.592041586502601393e+07 1.561811364899178594e+07 -6.718681453684322769e+05 -3.110462558344872203e+06 7.072053112755720213e+04 8.348588588351985672e+05 4.136941103506991058e+05 2.427786124474439566e+04 -3.061284146058599799e+04 3.941403370824220777e+07 8.269274337770332396e+07 9.565788006847873330e+06 -4.942895836690279655e+06 6.784477713393236045e+05 -6.423680820399507880e+06 6.170470744565875269e+06 -1.579051258188885637e+06 -1.722261172998782247e+06
-2.218225691653917078e+06 -1.900294250846817624e+06 3.148943422298448626e+06 3.856485125783124007e+06 1.946329259106498677e+06 -2.616662871670630993e+05 -1.174628041845611995e+06 5.111718400769660366e+05 1.173839546373675694e+05 2.056779138165739179e+07 9.565788006847873330e+06 3.285438717232606560e+07 5.234486852339826524e+06 2.327675681054511573e+06 -3.648418430737049221e+03 1.251062542894294485e+06 -9.940554412390283542e+05 -1.663909713358481531e+05
-5.082731604485297576e+06 -2.369067479130676482e+06 -8.328154297353058355e+05 -2.071696869405438774e+05 -8.071338223840169376e+05 -3.002170197726531187e+05 -2.635805588894283283e+05 3.689116862262874201e+04 2.319839650243219876e+04 1.466682852243083902e+07 -4.942895836690279655e+06 5.234486852339826524e+06 9.852462086282556877e+06 1.074008586031898158e+06 1.915285432061429601e+06 -4.989276754590771743e+05 -3.389104694629870937e+05 5.309741582507290877e+05
1.262328991313631646e+06 -5.354981302985195071e+05 -8.892298402655292302e+05 1.218714238889413100e+05 -1.851274262341536814e+04 3.565625260364655987e+05 2.813458429371971215e+04 1.294658334130685253e+05 -5.356614880337531213e+04 2.921751033955377061e+06 6.784477713393236045e+05 2.327675681054511573e+06 1.074008586031898158e+06 3.770455660840041004e+06 6.684720980342414987e+04 5.673307845219810260e+05 -2.247289747129797179e+05 -4.422502162027478334e+04
-2.394566799862751737e+06 -1.607009540735987946e+06 -4.621221459375572740e+05 8.884182530659055919e+04 -3.156861187423153024e+04 8.436748392876072103e+03 -4.550530231069774345e+03 -1.245486970084660425e+05 5.813999166986353521e+04 2.474672534330291674e+06 -6.423680820399507880e+06 -3.648418430737049221e+03 1.915285432061429601e+06 6.684720980342414987e+04 2.644850318452768959e+06 1.250627689275811135e+05 -6.773461643171623291e+04 1.376697741477478121e+05
1.496393869328462752e+06 -1.055184163943097228e+06 -7.583401515205153555e+04 4.250399654222344980e+05 2.365294997961391709e+04 6.056819308937441747e+03 3.774998736021251534e+05 3.314260236178664491e+05 2.722036340269845823e+04 7.349163104207105935e+06 6.170470744565875269e+06 1.251062542894294485e+06 -4.989276754590771743e+05 5.673307845219810260e+05 1.250627689275811135e+05 4.020263322574937716e+06 6.932718226184394443e+05 -2.792496617753724568e+05
-2.259320693599438819e+05 -1.587065700488087488e+06 -3.291481348939181771e+05 -2.051877447717421164e+05 5.664707207152019691e+04 2.038800697719681775e+05 8.464359770825202577e+04 5.257216651163522329e+04 7.204257442562186043e+03 -1.730824953405353706e+06 -1.579051258188885637e+06 -9.940554412390283542e+05 -3.389104694629870937e+05 -2.247289747129797179e+05 -6.773461643171623291e+04 6.932718226184394443e+05 9.315302205762154190e+05 -4.916529521665834181e+04
2.093726691145171062e+05 7.637305950684661511e+05 3.170236105533837108e+05 3.615847598600817146e+05 -4.572860692581450712e+04 4.357348507575667463e+04 4.591254687177160122e+03 -5.952723227199607936e+04 6.817644866411566909e+04 -1.974157567986752139e+06 -1.722261172998782247e+06 -1.663909713358481531e+05 5.309741582507290877e+05 -4.422502162027478334e+04 1.376697741477478121e+05 -2.792496617753724568e+05 -4.916529521665834181e+04 7.172753557060613530e+05
