2.814939176225606725e+07 -2.305750523186346982e+06 1.988348380607251078e+06 -8.713293912520833546e+05 -1.206738527939056279e+06 -2.086379279292221181e+05 5.431446093610262033e+05 -1.252121983246289019e+05 -7.990616928077320335e+04 -1.963656330839990824e+07 -1.282533559234926477e+07 -9.711155087675754912e+05 -2.620425462371711619e+06 8.161014872935658786e+04 -2.090123305529115954e+06 -7.081968873858774314e+05 -9.439038346780546708e+05 -2.235273587418704294e+06
-2.305750523186346982e+06 1.387133045400379226e+07 6.470000756190248067e+05 -6.868523148394944146e+05 4.917592934962966247e+05 -8.595951899404563010e+05 -3.150815624382845126e+05 1.936875455716502329e+05 -3.725380626757399878e+05 -7.059803916614351794e+06 6.751819423768250272e+06 1.624610129473606590e+06 8.489256328821826028e+05 3.081447302116398234e+06 -1.375001065887128934e+06 9.155308085118193412e+05 -5.672014866137772333e+04 1.181471132215681020e+06
1.988348380607251078e+06 6.470000756190248067e+05 4.186495864433809184e+06 3.961306954144699848e+05 -1.225093678497129149e+05 1.690290563116793346e+05 1.193114762249179039e+05 1.220814915313126403e+04 -2.472836207305883727e+04 -1.738395353934865911e+06 -1.744603486266382737e+06 2.068318000967111206e+06 1.320672922327722190e+05 2.240464520989194280e+05 7.579240500954964955e+04 9.886741901009326102e+04 7.673064494837496022e+04 3.802463302211106929e+04
-8.713293912520833546e+05 -6.868523148394944146e+05 3.961306954144699848e+05 2.270531322718646377e+06 -9.091566161014039244e+04 -2.072114487352085707e+05 -1.653755657293739569e+04 2.221740513798907341e+05 1.812645912942432624e+05 3.792501563213557005e+06 4.874794612321380991e+05 4.830665777805578546e+05 -4.932149118502144702e+05 -4.519719815549356281e+05 -1.856967005951524188e+05 1.313235986836858210e+05 2.334334890257515362e+05 3.343793586530764587e+05
-1.206738527939056279e+06 4.917592934962966247e+05 -1.225093678497129149e+05 -9.091566161014039244e+04 1.284263652935626684e+06 1.395883734139864682e+05 -5.071794321273345122e+04 -3.065405197101789599e+04 -7.120871585383529600e+04 3.589984743574394961e+05 1.132022049213336082e+06 -1.282534981684269384e+06 5.790178516167986672e+05 8.355848711972647579e+05 6.973913705479388591e+04 1.659351162154106714e+05 -7.267838067828083877e+04 1.803484718491857348e+05
-2.086379279292221181e+05 -8.595951899404563010e+05 1.690290563116793346e+05 -2.072114487352085707e+05 1.395883734139864682e+05 7.116700298522025114e+05 1.131898139709799289e+05 -4.320534446622834366e+04 6.869565759241864725e+04 1.190110646455250215e+06 8.451391291136157233e+05 -3.322591264585364115e+04 8.487524386701104231e+04 1.982823995612800354e+05 2.622295105583988479e+05 -3.232745483519974368e+04 1.659554459526972496e+05 2.279358063170105379e+04
5.431446093610262033e+05 -3.150815624382845126e+05 1.193114762249179039e+05 -1.653755657293739569e+04 -5.071794321273345122e+04 1.131898139709799289e+05 4.212255929032092681e+05 3.187080769467477876e+04 4.452715517421541153e+04 -2.835014666137658642e+05 -1.643937011016269214e+06 -5.529182741348196287e+05 -2.410560279444325715e+04 3.213066836511792499e+05 -2.862412183457299834e+05 9.516206553883481320e+03 1.724153928089633118e+05 -8.891655020164547750e+03
-1.252121983246289019e+05 1.936875455716502329e+05 1.220814915313126403e+04 2.221740513798907341e+05 -3.065405197101789599e+04 -4.320534446622834366e+04 3.187080769467477876e+04 1.324280835956960509e+05 4.178210715186644666e+04 1.316873782002024585e+06 2.713259991196603514e+05 -4.872615227357336553e+05 -8.141694737697442179e+04 9.389662656751621398e+04 -9.006237050627410645e+04 -6.359123876098368783e+04 -7.955853334316909604e+04 3.495323816127970076e+03
-7.990616928077320335e+04 -3.725380626757399878e+05 -2.472836207305883727e+04 1.812645912942432624e+05 -7.120871585383529600e+04 6.869565759241864725e+04 4.452715517421541153e+04 4.178210715186644666e+04 8.034264409871899989e+04 1.192940363933785120e+06 3.159703230181757244e+05 -1.510161042404833424e+05 1.453100932807241916e+05 -8.273456915028679941e+04 -2.480336212576528851e+04 4.681561408637034219e+03 -1.658812794399763516e+04 -2.140479597391127754e+04
-1.963656330839990824e+07 -7.059803916614351794e+06 -1.738395353934865911e+06 3.792501563213557005e+06 3.589984743574394961e+05 1.190110646455250215e+06 -2.835014666137658642e+05 1.316873782002024585e+06 1.192940363933785120e+06 1.937955211582168639e+08 1.329314121182819270e+07 -5.351404533272230998e+06 1.353782225838195905e+07 -4.235082889829298481e+06 9.097645738301667152e+05 3.767702870125765912e+05 -8.199905050370127428e+05 2.363715312779745553e+06
-1.282533559234926477e+07 6.751819423768250272e+06 -1.744603486266382737e+06 4.874794612321380991e+05 1.132022049213336082e+06 8.451391291136157233e+05 -1.643937011016269214e+06 2.713259991196603514e+05 3.159703230181757244e+05 1.329314121182819270e+07 3.751255079746153951e+07 8.650266526249252493e+05 5.355888677554752678e+06 -7.278799332730956667e+04 2.272558204748380929e+06 1.279498549988103565e+06 -1.345218603646816453e+06 4.209306243283151416e+05
-9.711155087675754912e+05 1.624610129473606590e+06 2.068318000967111206e+06 4.830665777805578546e+05 -1.282534981684269384e+06 -3.322591264585364115e+04 -5.529182741348196287e+05 -4.872615227357336553e+05 -1.510161042404833424e+05 -5.351404533272230998e+06 8.650266526249252493e+05 2.397902471367960051e+07 -3.042231211124215741e+06 -4.964506604176213965e+06 2.052890192575751338e+06 1.547772029404321918e+06 1.773949799735669047e+06 5.270220814196842257e+05
-2.620425462371711619e+06 8.489256328821826028e+05 1.320672922327722190e+05 -4.932149118502144702e+05 5.790178516167986672e+05 8.487524386701104231e+04 -2.410560279444325715e+04 -8.141694737697442179e+04 1.453100932807241916e+05 1.353782225838195905e+07 5.355888677554752678e+06 -3.042231211124215741e+06 7.984708316317364573e+06 1.571527609034743859e+06 -6.223909162796810269e+05 -3.002488171432732488e+05 5.124382045553172939e+05 5.408909655705273617e+05
8.161014872935658786e+04 3.081447302116398234e+06 2.240464520989194280e+05 -4.519719815549356281e+05 8.355848711972647579e+05 1.982823995612800354e+05 3.213066836511792499e+05 9.389662656751621398e+04 -8.273456915028679941e+04 -4.235082889829298481e+06 -7.278799332730956667e+04 -4.964506604176213965e+06 1.571527609034743859e+06 4.968688858201801777e+06 -8.207472331771233585e+05 -7.039053708895313321e+05 2.445147635456255812e+05 3.975257231642372790e+05
-2.090123305529115954e+06 -1.375001065887128934e+06 7.579240500954964955e+04 -1.856967005951524188e+05 6.973913705479388591e+04 2.622295105583988479e+05 -2.862412183457299834e+05 -9.006237050627410645e+04 -2.480336212576528851e+04 9.097645738301667152e+05 2.272558204748380929e+06 2.052890192575751338e+06 -6.223909162796810269e+05 -8.207472331771233585e+05 2.428539118861447088e+06 3.257730578562984010e+04 8.331106049198792607e+04 -4.051904677852087480e+04
-7.081968873858774314e+05 9.155308085118193412e+05 9.886741901009326102e+04 1.313235986836858210e+05 1.659351162154106714e+05 -3.232745483519974368e+04 9.516206553883481320e+03 -6.359123876098368783e+04 4.681561408637034219e+03 3.767702870125765912e+05 1.279498549988103565e+06 1.547772029404321918e+06 -3.002488171432732488e+05 -7.039053708895313321e+05 3.257730578562984010e+04 1.204520393335781991e+06 1.016738591579417989e+05 2.775371769359127211e+04
-9.439038346780546708e+05 -5.672014866137772333e+04 7.673064494837496022e+04 2.334334890257515362e+05 -7.267838067828083877e+04 1.659554459526972496e+05 1.724153928089633118e+05 -7.955853334316909604e+04 -1.658812794399763516e+04 -8.199905050370127428e+05 -1.345218603646816453e+06 1.773949799735669047e+06 5.124382045553172939e+05 2.445147635456255812e+05 8.331106049198792607e+04 1.016738591579417989e+05 1.116505304847873515e+06 5.024322564709648141e+05
-2.235273587418704294e+06 1.181471132215681020e+06 3.802463302211106929e+04 3.343793586530764587e+05 1.803484718491857348e+05 2.279358063170105379e+04 -8.891655020164547750e+03 3.495323816127970076e+03 -2.140479597391127754e+04 2.363715312779745553e+06 4.209306243283151416e+05 5.270220814196842257e+05 5.408909655705273617e+05 3.975257231642372790e+05 -4.051904677852087480e+04 2.775371769359127211e+04 5.024322564709648141e+05 1.016263021185056656e+06
