5.048505654421958327e+07 -1.502512831585569307e+06 1.629302481264244067e+06 4.786431791940270341e+05 -3.278361414026080165e+05 -1.056648959973144112e+06 -4.444142235088490997e+05 -2.573873627597720770e+05 6.017747673849167768e+05 5.236891950585397333e+07 1.359913399140140787e+07 1.056165625734606199e+07 1.240679917710645590e+06 -7.712574536702622660e+06 -3.255618186020414345e+06 1.646941615911440167e+05 6.017024433712863829e+05 -9.573787081297355471e+05
-1.502512831585569307e+06 1.449112644308632240e+07 1.509654721538458951e+06 1.764574438953634351e+06 -5.002079489908092073e+05 4.824620366068297881e+05 7.846760400167513872e+05 7.679082583088551182e+05 1.851437232747448434e+05 -1.561022881855583563e+07 2.500202823012172244e+06 -1.276596674710434629e+06 -6.097303418650872773e+05 1.049986827025802108e+06 1.832074682561564492e+06 1.376547194199216785e+06 -2.382030814749806596e+05 2.068666518879646028e+05
1.629302481264244067e+06 1.509654721538458951e+06 5.485858855518945493e+06 1.183593830874083564e+06 1.145452498306482594e+05 4.273495669338779408e+05 3.041819011515486054e+05 -2.120915425458161626e+05 -1.347681449863607122e+05 -7.307211004518059781e+05 6.545844812027148902e+06 4.371514121338185854e+06 4.415959587923407089e+05 4.070434598439763649e+05 1.041995411664542160e+06 7.465235502001103014e+05 -7.728621436263030628e+05 1.011612185266587330e+05
4.786431791940270341e+05 1.764574438953634351e+06 1.183593830874083564e+06 2.458458659393640701e+06 4.619989393895475951e+04 4.753072321062806295e+05 2.890470982380782370e+05 -7.662601692988314608e+04 -7.446646059708483517e+04 -2.389040904317035805e+06 2.501894507653895766e+06 2.798511133206452243e+06 3.109390031928834971e+06 -3.461967378751759679e+04 8.922506606314457022e+05 6.565918159033252159e+05 2.974424965589570638e+04 2.455793554017134302e+05
-3.278361414026080165e+05 -5.002079489908092073e+05 1.145452498306482594e+05 4.619989393895475951e+04 6.648140227731002960e+05 2.239464429534597730e+05 -7.956814256474123977e+04 -6.233405274731425379e+03 -6.631843808158936736e+04 -1.962753902054076781e+06 -1.467165685281723738e+06 -5.971401268288718711e+04 -7.324615995054434461e+04 1.825401217519791389e+05 4.251680556467792485e+05 9.643572601420529827e+04 -3.398939749887513462e+05 -1.297959631058637606e+05
-1.056648959973144112e+06 4.824620366068297881e+05 4.273495669338779408e+05 4.753072321062806295e+05 2.239464429534597730e+05 9.724461494198098080e+05 1.709427371963232581e+05 1.955599373284538160e+05 2.200478593338835708e+04 -7.245249231821997091e+06 -3.815603128167380113e+06 2.391366803710830281e+05 -2.847651386712220265e+05 -1.656830594732434838e+05 6.893296646243869327e+05 2.372937285260120407e+05 3.852687038228604069e+04 -6.109773443584779307e+04
-4.444142235088490997e+05 7.846760400167513872e+05 3.041819011515486054e+05 2.890470982380782370e+05 -7.956814256474123977e+04 1.709427371963232581e+05 3.322761827226383029e+05 1.054642084034695145e+05 1.161574505832084105e+04 -3.537704971980174538e+06 -1.051984057685623877e+06 5.247139458220498636e+05 9.131456815641953654e+03 1.032057816675920039e+05 2.467598441799225402e+05 2.793595259862770909e+05 -5.643735169959985797e+04 8.253846065229258966e+04
-2.573873627597720770e+05 7.679082583088551182e+05 -2.120915425458161626e+05 -7.662601692988314608e+04 -6.233405274731425379e+03 1.955599373284538160e+05 1.054642084034695145e+05 2.792396783230750007e+05 3.837451576554767962e+04 -2.398717952938033268e+06 -8.839646108933512587e+05 8.494125727916289179e+04 -5.021431910936602508e+05 1.642753241210186388e+05 1.594127084893702122e+05 2.066225959385159367e+05 1.695282246870923263e+05 -5.542944807369624323e+04
6.017747673849167768e+05 1.851437232747448434e+05 -1.347681449863607122e+05 -7.446646059708483517e+04 -6.631843808158936736e+04 2.200478593338835708e+04 1.161574505832084105e+04 3.837451576554767962e+04 9.009522967357773450e+04 5.095972520558170509e+05 5.648307316215211904e+04 1.017213987197763054e+05 -1.392654024642545264e+05 -2.142179246254452446e+05 -2.384935349264020915e+05 8.199900792038990767e+04 1.244756297010563139e+05 4.336610459456843091e+04
5.236891950585397333e+07 -1.561022881855583563e+07 -7.307211004518059781e+05 -2.389040904317035805e+06 -1.962753902054076781e+06 -7.245249231821997091e+06 -3.537704971980174538e+06 -2.398717952938033268e+06 5.095972520558170509e+05 2.985369513003221750e+08 8.047978321826528013e+07 3.165788283613374457e+07 -1.432269692783309612e+06 -8.305326416976132430e+06 -1.823456087890189514e+07 -8.219937384020441212e+06 1.614253023962504813e+05 2.116113627446940634e+06
1.359913399140140787e+07 2.500202823012172244e+06 6.545844812027148902e+06 2.501894507653895766e+06 -1.467165685281723738e+06 -3.815603128167380113e+06 -1.051984057685623877e+06 -8.839646108933512587e+05 5.648307316215211904e+04 8.047978321826528013e+07 9.260141998886656761e+07 2.104390622484152392e+07 6.258109944911188446e+06 3.448893592502943240e+06 -3.765827820394839160e+06 -1.889413950582795660e+05 6.952453939174021361e+05 2.027906084989768453e+06
1.056165625734606199e+07 -1.276596674710434629e+06 4.371514121338185854e+06 2.798511133206452243e+06 -5.971401268288718711e+04 2.391366803710830281e+05 5.247139458220498636e+05 8.494125727916289179e+04 1.017213987197763054e+05 3.165788283613374457e+07 2.104390622484152392e+07 2.359598276418479532e+07 7.859936742903151549e+06 6.435013572175661102e+05 1.978613974210082088e+05 1.813691360740031581e+06 4.866748653440134367e+05 5.810033760404927889e+05
1.240679917710645590e+06 -6.097303418650872773e+05 4.415959587923407089e+05 3.109390031928834971e+06 -7.324615995054434461e+04 -2.847651386712220265e+05 9.131456815641953654e+03 -5.021431910936602508e+05 -1.392654024642545264e+05 -1.432269692783309612e+06 6.258109944911188446e+06 7.859936742903151549e+06 1.413013128803735413e+07 1.705648813551550265e+06 9.548777230565267382e+05 4.404094313664634246e+05 5.862454990367336432e+05 1.548418138288167072e+06
-7.712574536702622660e+06 1.049986827025802108e+06 4.070434598439763649e+05 -3.461967378751759679e+04 1.825401217519791389e+05 -1.656830594732434838e+05 1.032057816675920039e+05 1.642753241210186388e+05 -2.142179246254452446e+05 -8.305326416976132430e+06 3.448893592502943240e+06 6.435013572175661102e+05 1.705648813551550265e+06 5.337720949410179630e+06 1.355783695627224864e+06 -1.989711748292548291e+05 -1.525921628428143449e+05 5.712686941629245412e+05
-3.255618186020414345e+06 1.832074682561564492e+06 1.041995411664542160e+06 8.922506606314457022e+05 4.251680556467792485e+05 6.893296646243869327e+05 2.467598441799225402e+05 1.594127084893702122e+05 -2.384935349264020915e+05 -1.823456087890189514e+07 -3.765827820394839160e+06 1.978613974210082088e+05 9.548777230565267382e+05 1.355783695627224864e+06 3.409458948771666270e+06 2.705285147337478120e+05 -5.066781867188079050e+05 -4.975609643914194894e+05
1.646941615911440167e+05 1.376547194199216785e+06 7.465235502001103014e+05 6.565918159033252159e+05 9.643572601420529827e+04 2.372937285260120407e+05 2.793595259862770909e+05 2.066225959385159367e+05 8.199900792038990767e+04 -8.219937384020441212e+06 -1.889413950582795660e+05 1.813691360740031581e+06 4.404094313664634246e+05 -1.989711748292548291e+05 2.705285147337478120e+05 1.855756240780699532e+06 1.170409453394625598e+05 -1.567773522172629600e+05
6.017024433712863829e+05 -2.382030814749806596e+05 -7.728621436263030628e+05 2.974424965589570638e+04 -3.398939749887513462e+05 3.852687038228604069e+04 -5.643735169959985797e+04 1.695282246870923263e+05 1.244756297010563139e+05 1.614253023962504813e+05 6.952453939174021361e+05 4.866748653440134367e+05 5.862454990367336432e+05 -1.525921628428143449e+05 -5.066781867188079050e+05 1.170409453394625598e+05 1.074113503802608233e+06 1.875919056998430460e+05
-9.573787081297355471e+05 2.068666518879646028e+05 1.011612185266587330e+05 2.455793554017134302e+05 -1.297959631058637606e+05 -6.109773443584779307e+04 8.253846065229258966e+04 -5.542944807369624323e+04 4.336610459456843091e+04 2.116113627446940634e+06 2.027906084989768453e+06 5.810033760404927889e+05 1.548418138288167072e+06 5.712686941629245412e+05 -4.975609643914194894e+05 -1.567773522172629600e+05 1.875919056998430460e+05 7.137643831833156291e+05
