3.810918479394282401e+07 1.308648229812794738e+07 -3.770054810850345530e+05 6.952516945716049522e+05 1.178619952689345460e+06 -3.294646816380943637e+05 -6.516870290056386875e+04 9.358172673521520337e+05 1.992961966869884636e+05 1.445085226491284743e+07 1.634997149369474128e+07 -2.253502138464167248e+06 -1.463263530728168553e+06 1.982898426126878243e+06 8.632610076588727534e+05 -2.519287159448249731e+06 2.729477484060806222e+06 2.926634212498868583e+05
1.308648229812794738e+07 1.797726989362247661e+07 8.190058087294262368e+05 5.081678634904950159e+05 4.297153193001926993e+05 6.923543454073341563e+05 4.245186353692421108e+05 5.310720055648795096e+05 1.441123916346197575e+03 -1.540761731267118827e+07 2.138917931107442826e+07 -9.806543080366734648e+05 1.986420255863487255e+06 1.424406580467630643e+06 2.213430809885192662e+06 -4.037108121055549127e+05 6.353875251493066025e+04 -5.247712697655790253e+05
-3.770054810850345530e+05 8.190058087294262368e+05 8.804368690051514655e+06 3.527797083537302096e+05 5.834498943529833341e+05 -4.164774434329116484e+05 -3.056300022643754492e+05 -8.577454961373160768e+04 3.810053765748588485e+05 1.502959526313994545e+06 4.514688109688236378e+06 6.350509324203191325e+06 3.609150145477843471e+06 1.883317719578665681e+06 -4.094222076412638125e+04 -3.483010664507665206e+04 -5.703573105972377816e+05 5.860675243693022057e+05
6.952516945716049522e+05 5.081678634904950159e+05 3.527797083537302096e+05 1.693950016285656020e+06 5.349917650911287637e+05 -6.815695346711332968e+04 -8.101711595503713761e+04 -1.687182860221683804e+05 2.264416196792287155e+04 -2.803994053602287546e+06 1.953697812509565381e+06 2.386364055168744526e+05 1.250628494421864627e+06 8.418754328287369572e+05 -2.088285731461072573e+05 -5.267971127149822860e+04 2.856279927073129220e+05 -2.224476938344061200e+05
1.178619952689345460e+06 4.297153193001926993e+05 5.834498943529833341e+05 5.349917650911287637e+05 7.649919942953188438e+05 1.248495329627873434e+05 4.671368460809990938e+04 2.841862936490916763e+04 4.689501184529653983e+04 -1.002505362242106115e+06 1.860033955078418367e+05 1.566257255857353797e+06 8.423822634848955786e+05 9.715065883332692320e+05 1.448490520623345801e+05 -1.815077911887504524e+04 1.402555461141811393e+05 5.603028593786210695e+04
-3.294646816380943637e+05 6.923543454073341563e+05 -4.164774434329116484e+05 -6.815695346711332968e+04 1.248495329627873434e+05 6.218823996270017233e+05 2.023048637776901014e+05 6.604549029259606323e+04 -8.362751218160419376e+04 -2.531612696523749270e+06 6.159487056966854725e+05 -2.074736762833125831e+05 3.525969636805097689e+05 -2.637457215284394806e+03 4.723827713328506215e+05 2.020966545656134549e+05 4.612476991866267053e+04 6.753088028963522811e+04
-6.516870290056386875e+04 4.245186353692421108e+05 -3.056300022643754492e+05 -8.101711595503713761e+04 4.671368460809990938e+04 2.023048637776901014e+05 2.728774710252808291e+05 6.889598431367827288e+04 6.034230226386582945e+04 -1.908818079051772133e+06 8.847396005384778837e+05 9.304179040975730459e+04 2.615974300185523462e+05 3.498865402163728959e+03 4.440323839897016296e+05 3.877214176849910291e+05 1.755740388139267161e+05 3.905718403028706234e+04
9.358172673521520337e+05 5.310720055648795096e+05 -8.577454961373160768e+04 -1.687182860221683804e+05 2.841862936490916763e+04 6.604549029259606323e+04 6.889598431367827288e+04 1.749840235839092929e+05 3.690309792053850106e+04 1.126856050801227801e+06 1.268425174634049879e+06 1.360980203417886514e+05 1.781861873256100516e+05 5.879539818445488345e+04 8.415990391441807151e+04 -7.876396188413056370e+04 3.573405566103075398e+04 2.741082776215302511e+04
1.992961966869884636e+05 1.441123916346197575e+03 3.810053765748588485e+05 2.264416196792287155e+04 4.689501184529653983e+04 -8.362751218160419376e+04 6.034230226386582945e+04 3.690309792053850106e+04 1.177715565388498217e+05 9.464429533385992981e+05 1.308342349601966329e+06 4.597554066772634978e+05 3.465466209476163931e+04 2.284954804600321950e+04 1.043424325922342541e+05 1.297077515262738016e+05 1.964678326569317869e+04 8.332373551273983321e+04
1.445085226491284743e+07 -1.540761731267118827e+07 1.502959526313994545e+06 -2.803994053602287546e+06 -1.002505362242106115e+06 -2.531612696523749270e+06 -1.908818079051772133e+06 1.126856050801227801e+06 9.464429533385992981e+05 2.486904605237295926e+08 -9.043617185022032354e+05 2.009226980734359846e+07 5.656894670633551665e+06 -7.035513864140246063e+06 -1.006216836947786249e+07 -8.152097602936084382e+06 1.211007496614111122e+06 -4.480270242494278937e+05
1.634997149369474128e+07 2.138917931107442826e+07 4.514688109688236378e+06 1.953697812509565381e+06 1.860033955078418367e+05 6.159487056966854725e+05 8.847396005384778837e+05 1.268425174634049879e+06 1.308342349601966329e+06 -9.043617185022032354e+05 1.007678602077915370e+08 1.944391856335628778e+07 -1.577336517756294052e+05 3.363437791605578270e+06 5.385031228862070478e+06 -3.987344791592536494e+05 -1.158122627060448984e+06 8.459379186727000633e+05
-2.253502138464167248e+06 -9.806543080366734648e+05 6.350509324203191325e+06 2.386364055168744526e+05 1.566257255857353797e+06 -2.074736762833125831e+05 9.304179040975730459e+04 1.360980203417886514e+05 4.597554066772634978e+05 2.009226980734359846e+07 1.944391856335628778e+07 2.581684638422537968e+07 4.396587647963413037e+06 3.421025384256744292e+06 -8.688694504498799506e+04 -7.899582275449532317e+05 -1.150229227516708197e+06 1.304607917784174642e+05
-1.463263530728168553e+06 1.986420255863487255e+06 3.609150145477843471e+06 1.250628494421864627e+06 8.423822634848955786e+05 3.525969636805097689e+05 2.615974300185523462e+05 1.781861873256100516e+05 3.465466209476163931e+04 5.656894670633551665e+06 -1.577336517756294052e+05 4.396587647963413037e+06 9.910471168219828978e+06 2.944385001883255783e+06 -2.795912049546794151e+05 -1.879453470047039445e+04 1.078288595057113998e+05 -1.142058816092311172e+06
1.982898426126878243e+06 1.424406580467630643e+06 1.883317719578665681e+06 8.418754328287369572e+05 9.715065883332692320e+05 -2.637457215284394806e+03 3.498865402163728959e+03 5.879539818445488345e+04 2.284954804600321950e+04 -7.035513864140246063e+06 3.363437791605578270e+06 3.421025384256744292e+06 2.944385001883255783e+06 4.955282954808661714e+06 2.712135820194406551e+05 1.325206500935320510e+05 4.208732614617169020e+05 1.994136938449570152e+05
8.632610076588727534e+05 2.213430809885192662e+06 -4.094222076412638125e+04 -2.088285731461072573e+05 1.448490520623345801e+05 4.723827713328506215e+05 4.440323839897016296e+05 8.415990391441807151e+04 1.043424325922342541e+05 -1.006216836947786249e+07 5.385031228862070478e+06 -8.688694504498799506e+04 -2.795912049546794151e+05 2.712135820194406551e+05 2.974390182583157904e+06 1.105460221526988549e+06 3.841911047618934535e+05 3.885039740946199163e+05
-2.519287159448249731e+06 -4.037108121055549127e+05 -3.483010664507665206e+04 -5.267971127149822860e+04 -1.815077911887504524e+04 2.020966545656134549e+05 3.877214176849910291e+05 -7.876396188413056370e+04 1.297077515262738016e+05 -8.152097602936084382e+06 -3.987344791592536494e+05 -7.899582275449532317e+05 -1.879453470047039445e+04 1.325206500935320510e+05 1.105460221526988549e+06 1.774313605067088967e+06 4.410901815330768004e+05 4.905219627522456576e+05
2.729477484060806222e+06 6.353875251493066025e+04 -5.703573105972377816e+05 2.856279927073129220e+05 1.402555461141811393e+05 4.612476991866267053e+04 1.755740388139267161e+05 3.573405566103075398e+04 1.964678326569317869e+04 1.211007496614111122e+06 -1.158122627060448984e+06 -1.150229227516708197e+06 1.078288595057113998e+05 4.208732614617169020e+05 3.841911047618934535e+05 4.410901815330768004e+05 1.244316474026403856e+06 3.467205060877296492e+05
2.926634212498868583e+05 -5.247712697655790253e+05 5.860675243693022057e+05 -2.224476938344061200e+05 5.603028593786210695e+04 6.753088028963522811e+04 3.905718403028706234e+04 2.741082776215302511e+04 8.332373551273983321e+04 -4.480270242494278937e+05 8.459379186727000633e+05 1.304607917784174642e+05 -1.142058816092311172e+06 1.994136938449570152e+05 3.885039740946199163e+05 4.905219627522456576e+05 3.467205060877296492e+05 1.086096475583306048e+06
