4.271879964255593717e+07 7.053751597903789021e+06 1.244937876778779784e+06 6.273570699747577310e+05 -2.042194975834122743e+05 -3.691422924967838917e+05 1.366593021740712225e+06 1.225550923477503471e+06 1.555404465419672779e+05 2.093233559690586105e+07 4.450622735353001393e+06 4.380268163651182316e+06 -3.002694706300099380e+06 -5.303422479098424315e+06 -8.578897534299783874e+05 1.595241669391453499e+06 5.481676543052713387e+05 1.201808023319821805e+06
7.053751597903789021e+06 2.019727794526693225e+07 1.947601583857760066e+06 1.279518383306675358e+06 1.223404509357489645e+06 -3.871365467434675666e+05 1.962665193786468299e+05 1.472229405633201532e+05 -9.046917706048452237e+04 -4.202079513873076998e+06 1.701737969264489412e+07 2.944096452953002416e+06 4.282426777118121274e+06 -4.544706884051864035e+06 -3.249676434686930384e+06 -1.196763325620264513e+06 -1.129919752788739046e+06 9.086311557830937090e+04
1.244937876778779784e+06 1.947601583857760066e+06 4.050038254080464132e+06 1.892855163066223322e+05 1.649035277233965462e+05 -1.353884197352131596e+05 1.911069907091800706e+05 -6.219743766045058146e+04 -1.317413858320157124e+04 6.664130618185035884e+06 -1.480563605931212660e+06 6.801965717816362157e+05 1.478283484256570693e+06 -1.305308886216496816e+06 -1.109404687466832343e+06 -4.672339429005259299e+05 1.094889204154036852e+05 3.719963236167446594e+05
6.273570699747577310e+05 1.279518383306675358e+06 1.892855163066223322e+05 1.632226266511328751e+06 1.711391956656368566e+05 1.615801621687557490e+05 -2.677862782084541395e+05 -7.688420456486652256e+04 -9.185244356840886758e+04 -5.297300432915825397e+06 5.142521043979320093e+05 -1.121866144168517087e+06 -3.910293782752888510e+05 -1.081737563494779635e+06 -2.924344749950112600e+04 -3.276740053329720977e+05 -9.040450881293679413e+04 -5.039526517518391483e+04
-2.042194975834122743e+05 1.223404509357489645e+06 1.649035277233965462e+05 1.711391956656368566e+05 1.121213602191124810e+06 1.478451743747354194e+05 2.427193235249599966e+05 6.961709456207527546e+04 1.143117324130091001e+05 1.055382752829160308e+06 3.066174126643564552e+06 -1.946078950821140606e+05 -4.765237321185665205e+05 -2.058479587014795979e+05 4.640811387508110492e+05 2.215149567129660572e+05 -1.000541595259245805e+05 -1.117758067022054456e+05
-3.691422924967838917e+05 -3.871365467434675666e+05 -1.353884197352131596e+05 1.615801621687557490e+05 1.478451743747354194e+05 6.627634885990991024e+05 1.060837560551394199e+04 4.312153530234275968e+04 4.425996274617988092e+03 -2.350199180449428037e+06 5.609062971319466596e+05 7.259192329498704057e+05 -3.157957025741836987e+05 -5.075207184474017481e+02 6.139271359843846876e+05 2.150545619134888693e+05 1.388579234240834921e+03 -2.886841565482858568e+05
1.366593021740712225e+06 1.962665193786468299e+05 1.911069907091800706e+05 -2.677862782084541395e+05 2.427193235249599966e+05 1.060837560551394199e+04 5.059125207757257740e+05 1.121319115909119719e+05 8.434235829928317980e+04 3.591514199819778150e+04 -2.426194406578346097e+05 7.070813127821536036e+05 2.792540471270288690e+05 8.063170343110199610e+04 1.695438393971360638e+05 3.604871340961904498e+05 9.998032018701529523e+03 -1.014742355473995485e+04
1.225550923477503471e+06 1.472229405633201532e+05 -6.219743766045058146e+04 -7.688420456486652256e+04 6.961709456207527546e+04 4.312153530234275968e+04 1.121319115909119719e+05 1.983057439525875379e+05 2.752621364409023590e+04 1.239885280567155452e+06 5.700289269920263905e+05 1.790570617713065294e+05 -2.576591743776556978e+05 4.340934624206517037e+04 1.581514453891557641e+05 3.637693500285028713e+05 6.309862468718186574e+04 8.567621761975872505e+04
1.555404465419672779e+05 -9.046917706048452237e+04 -1.317413858320157124e+04 -9.185244356840886758e+04 1.143117324130091001e+05 4.425996274617988092e+03 8.434235829928317980e+04 2.752621364409023590e+04 8.626328448038792703e+04 1.567104890492633451e+06 4.349892238844734384e+05 -9.402631596060334414e+04 -1.248837792854000872e+05 -4.186343230907651741e+04 1.287299391284800913e+04 1.342038225357265037e+05 5.775560203934380843e+04 4.278982260239480092e+04
2.093233559690586105e+07 -4.202079513873076998e+06 6.664130618185035884e+06 -5.297300432915825397e+06 1.055382752829160308e+06 -2.350199180449428037e+06 3.591514199819778150e+04 1.239885280567155452e+06 1.567104890492633451e+06 2.289517355539972484e+08 5.147730717490839213e+07 8.137744530804808252e+06 4.437023515671399422e+06 -5.962166828678744845e+06 -5.277240343599751592e+06 3.267726610966796579e+04 1.699781818466698285e+06 3.763219856441291049e+06
4.450622735353001393e+06 1.701737969264489412e+07 -1.480563605931212660e+06 5.142521043979320093e+05 3.066174126643564552e+06 5.609062971319466596e+05 -2.426194406578346097e+05 5.700289269920263905e+05 4.349892238844734384e+05 5.147730717490839213e+07 1.173328795944350809e+08 1.272570458769315667e+07 3.324279192158703227e+06 -8.976120548041880131e+06 -2.285973134234587778e+05 1.038969014248579624e+05 -7.423645547972392524e+05 1.842322303562132409e+06
4.380268163651182316e+06 2.944096452953002416e+06 6.801965717816362157e+05 -1.121866144168517087e+06 -1.946078950821140606e+05 7.259192329498704057e+05 7.070813127821536036e+05 1.790570617713065294e+05 -9.402631596060334414e+04 8.137744530804808252e+06 1.272570458769315667e+07 2.824800325123234466e+07 3.639615587367523462e+06 2.819605710240386426e+06 -1.160663111501478823e+06 -1.980393382660455609e+04 1.328115461305037839e+06 2.513300550608248450e+05
-3.002694706300099380e+06 4.282426777118121274e+06 1.478283484256570693e+06 -3.910293782752888510e+05 -4.765237321185665205e+05 -3.157957025741836987e+05 2.792540471270288690e+05 -2.576591743776556978e+05 -1.248837792854000872e+05 4.437023515671399422e+06 3.324279192158703227e+06 3.639615587367523462e+06 1.481081526424849220e+07 2.086099912252301583e+06 2.673453563849600032e+05 2.515096863409984799e+05 6.820880658002798446e+05 8.076378699990560999e+05
-5.303422479098424315e+06 -4.544706884051864035e+06 -1.305308886216496816e+06 -1.081737563494779635e+06 -2.058479587014795979e+05 -5.075207184474017481e+02 8.063170343110199610e+04 4.340934624206517037e+04 -4.186343230907651741e+04 -5.962166828678744845e+06 -8.976120548041880131e+06 2.819605710240386426e+06 2.086099912252301583e+06 7.620059635671020485e+06 1.600353119846695103e+06 1.712371518110869220e+06 5.201080518325466546e+05 1.536911490003414510e+05
-8.578897534299783874e+05 -3.249676434686930384e+06 -1.109404687466832343e+06 -2.924344749950112600e+04 4.640811387508110492e+05 6.139271359843846876e+05 1.695438393971360638e+05 1.581514453891557641e+05 1.287299391284800913e+04 -5.277240343599751592e+06 -2.285973134234587778e+05 -1.160663111501478823e+06 2.673453563849600032e+05 1.600353119846695103e+06 3.221046716015915386e+06 1.472410252417755779e+06 3.835668387677825522e+05 -3.055479769639924416e+04
1.595241669391453499e+06 -1.196763325620264513e+06 -4.672339429005259299e+05 -3.276740053329720977e+05 2.215149567129660572e+05 2.150545619134888693e+05 3.604871340961904498e+05 3.637693500285028713e+05 1.342038225357265037e+05 3.267726610966796579e+04 1.038969014248579624e+05 -1.980393382660455609e+04 2.515096863409984799e+05 1.712371518110869220e+06 1.472410252417755779e+06 2.143048152979057282e+06 3.799824172718757764e+05 2.294644853345696465e+05
5.481676543052713387e+05 -1.129919752788739046e+06 1.094889204154036852e+05 -9.040450881293679413e+04 -1.000541595259245805e+05 1.388579234240834921e+03 9.998032018701529523e+03 6.309862468718186574e+04 5.775560203934380843e+04 1.699781818466698285e+06 -7.423645547972392524e+05 1.328115461305037839e+06 6.820880658002798446e+05 5.201080518325466546e+05 3.835668387677825522e+05 3.799824172718757764e+05 6.693130524488476804e+05 2.872150023510102183e+05
1.201808023319821805e+06 9.086311557830937090e+04 3.719963236167446594e+05 -5.039526517518391483e+04 -1.117758067022054456e+05 -2.886841565482858568e+05 -1.014742355473995485e+04 8.567621761975872505e+04 4.278982260239480092e+04 3.763219856441291049e+06 1.842322303562132409e+06 2.513300550608248450e+05 8.076378699990560999e+05 1.536911490003414510e+05 -3.055479769639924416e+04 2.294644853345696465e+05 2.872150023510102183e+05 8.340384124785288004e+05
