6.765435297532279789e+07 1.417151654444064386e+07 -5.604497395573295216e+04 -2.751799078585366078e+04 -1.473342997897196037e+05 -1.271102783460841165e+05 -1.548850189938764786e+06 -8.009571483441822929e+05 2.537902134184374008e+05 1.344177037110980973e+07 1.062096096412807889e+07 2.568645984362788731e+05 -5.938797461108105257e+06 4.639601050565763144e+05 -1.959061994397839531e+06 2.574229860012622667e+05 -1.639738076593990903e+06 -3.213171071735043006e+04
1.417151654444064386e+07 1.205894176273936778e+07 8.569222654247916071e+05 -7.628990175356812542e+05 -5.497920611691395752e+05 3.290404950686663506e+05 1.894814478547911858e+05 1.442538104132909793e+05 2.777836305392329814e+05 1.086059383469198365e+06 2.180750455441100989e+06 1.550250423360199900e+06 9.810553383235805668e+05 -2.298934707414046861e+06 -1.922199833056149655e+05 1.861793405240258900e+06 9.585980030434078071e+05 6.758804805467883125e+05
-5.604497395573295216e+04 8.569222654247916071e+05 3.954316345286172349e+06 1.920650722688293899e+05 4.617714703717909288e+05 2.307654163101219456e+05 1.195203927550429653e+05 6.197363807545778400e+04 -1.206312488026583887e+05 -3.459791277141667437e+06 -1.280685499129110685e+05 1.036974060058328323e+06 5.865152849309380399e+05 1.075871564137529815e+06 7.488577334183730418e+05 1.553663993055618193e+05 5.689231273582892027e+05 6.278144748703048099e+05
-2.751799078585366078e+04 -7.628990175356812542e+05 1.920650722688293899e+05 2.520476082971381489e+06 8.341461583934846567e+05 -1.262870273039793392e+05 -1.327958668566857232e+05 1.272337856634070486e+05 1.852670263498780841e+05 2.368675030200532172e+06 1.227857553458395880e+06 -2.551030112223632634e+06 -3.690904757496038219e+05 1.095528944032041356e+06 1.564230543073957961e+05 2.306905753313998575e+05 2.715720040813381784e+05 -2.675112961266634011e+04
-1.473342997897196037e+05 -5.497920611691395752e+05 4.617714703717909288e+05 8.341461583934846567e+05 1.178122830895796418e+06 1.269979036178470124e+05 -2.284467759424459946e+05 1.062233077878871700e+05 7.409578398858812579e+04 4.931204309769732878e+06 -1.258444875167335849e+06 -2.566404675673744350e+05 -7.648165826036970248e+04 1.781835233780917944e+06 3.939658965234034113e+05 -1.587519178967928165e+05 3.287322016972104320e+05 1.025554463293673325e+05
-1.271102783460841165e+05 3.290404950686663506e+05 2.307654163101219456e+05 -1.262870273039793392e+05 1.269979036178470124e+05 5.968992408064529300e+05 1.046553780562948305e+04 6.511313181670003542e+04 1.310100030828697709e+04 5.042696132857817574e+05 1.529802969221118838e+06 -2.130440822914296878e+05 -7.940691246765940377e+03 3.249475621700949850e+05 4.512588378428583383e+05 -2.108783790086493827e+05 4.824742872447551053e+04 -3.571998307825279426e+03
-1.548850189938764786e+06 1.894814478547911858e+05 1.195203927550429653e+05 -1.327958668566857232e+05 -2.284467759424459946e+05 1.046553780562948305e+04 3.631897963821462472e+05 8.714023397765913978e+04 3.269952616379563551e+04 -2.444045810104035772e+06 1.313343760418096324e+06 4.044482222302042646e+05 3.900527087547831470e+05 -5.798542469022191362e+05 6.862758744908601511e+04 1.480866017371950147e+05 9.270523621480762085e+04 3.183023332041658432e+04
-8.009571483441822929e+05 1.442538104132909793e+05 6.197363807545778400e+04 1.272337856634070486e+05 1.062233077878871700e+05 6.511313181670003542e+04 8.714023397765913978e+04 1.985313501075929089e+05 7.079005863460819819e+04 1.145494993021838018e+05 -2.529605728879550006e+05 1.091776625426160899e+05 8.248136500625159533e+04 -8.931839122965268325e+04 3.013568255747774383e+05 7.301193007946775469e+04 2.134056711782987986e+05 -5.366729809843264957e+04
2.537902134184374008e+05 2.777836305392329814e+05 -1.206312488026583887e+05 1.852670263498780841e+05 7.409578398858812579e+04 1.310100030828697709e+04 3.269952616379563551e+04 7.079005863460819819e+04 1.752679539253324619e+05 1.383069334558700677e+06 -1.219453120834569381e+04 -1.807585730760555889e+05 3.247331224988896865e+05 -1.378789942963425419e+05 -1.687841053369318445e+02 2.954873764105391092e+04 2.077434658844014630e+05 8.697196971097556525e+04
1.344177037110980973e+07 1.086059383469198365e+06 -3.459791277141667437e+06 2.368675030200532172e+06 4.931204309769732878e+06 5.042696132857817574e+05 -2.444045810104035772e+06 1.145494993021838018e+05 1.383069334558700677e+06 2.615868230984749198e+08 -2.310111155757679138e+06 -1.303699513523670100e+07 -3.852770271691393573e+06 -1.118108074409588706e+06 -3.904310410878605209e+06 -3.461586850894110743e+06 -4.803078513419255032e+05 -2.991734221823739354e+06
1.062096096412807889e+07 2.180750455441100989e+06 -1.280685499129110685e+05 1.227857553458395880e+06 -1.258444875167335849e+06 1.529802969221118838e+06 1.313343760418096324e+06 -2.529605728879550006e+05 -1.219453120834569381e+04 -2.310111155757679138e+06 4.805096563783913851e+07 5.327020671690877527e+06 -1.984870260595478816e+06 -7.900837016389053315e+05 1.098038284234251594e+06 7.209617186659293948e+05 -6.995588223693659529e+05 -7.164798693798094755e+05
2.568645984362788731e+05 1.550250423360199900e+06 1.036974060058328323e+06 -2.551030112223632634e+06 -2.566404675673744350e+05 -2.130440822914296878e+05 4.044482222302042646e+05 1.091776625426160899e+05 -1.807585730760555889e+05 -1.303699513523670100e+07 5.327020671690877527e+06 1.738446689742114767e+07 -7.517357488218456274e+05 -9.136017854366045212e+05 -5.286842696794058429e+05 1.125661370174821932e+06 8.113965183314144379e+05 6.143996674373999704e+05
-5.938797461108105257e+06 9.810553383235805668e+05 5.865152849309380399e+05 -3.690904757496038219e+05 -7.648165826036970248e+04 -7.940691246765940377e+03 3.900527087547831470e+05 8.248136500625159533e+04 3.247331224988896865e+05 -3.852770271691393573e+06 -1.984870260595478816e+06 -7.517357488218456274e+05 9.243269610097508878e+06 1.097566977938247146e+06 -2.428196014931967075e+05 7.219717634511262877e+05 7.388318287214180455e+05 4.729532115522579988e+05
4.639601050565763144e+05 -2.298934707414046861e+06 1.075871564137529815e+06 1.095528944032041356e+06 1.781835233780917944e+06 3.249475621700949850e+05 -5.798542469022191362e+05 -8.931839122965268325e+04 -1.378789942963425419e+05 -1.118108074409588706e+06 -7.900837016389053315e+05 -9.136017854366045212e+05 1.097566977938247146e+06 7.197578942966669798e+06 4.681281176895442768e+05 -4.665845548311435268e+05 7.251229730739066144e+05 6.463072751773543423e+05
-1.959061994397839531e+06 -1.922199833056149655e+05 7.488577334183730418e+05 1.564230543073957961e+05 3.939658965234034113e+05 4.512588378428583383e+05 6.862758744908601511e+04 3.013568255747774383e+05 -1.687841053369318445e+02 -3.904310410878605209e+06 1.098038284234251594e+06 -5.286842696794058429e+05 -2.428196014931967075e+05 4.681281176895442768e+05 2.737526585661058780e+06 -8.070064974716330180e+05 -4.473881177709737676e+05 -1.194354703797262482e+05
2.574229860012622667e+05 1.861793405240258900e+06 1.553663993055618193e+05 2.306905753313998575e+05 -1.587519178967928165e+05 -2.108783790086493827e+05 1.480866017371950147e+05 7.301193007946775469e+04 2.954873764105391092e+04 -3.461586850894110743e+06 7.209617186659293948e+05 1.125661370174821932e+06 7.219717634511262877e+05 -4.665845548311435268e+05 -8.070064974716330180e+05 1.612524942100965418e+06 7.303465757537520258e+05 9.698193523425998865e+04
-1.639738076593990903e+06 9.585980030434078071e+05 5.689231273582892027e+05 2.715720040813381784e+05 3.287322016972104320e+05 4.824742872447551053e+04 9.270523621480762085e+04 2.134056711782987986e+05 2.077434658844014630e+05 -4.803078513419255032e+05 -6.995588223693659529e+05 8.113965183314144379e+05 7.388318287214180455e+05 7.251229730739066144e+05 -4.473881177709737676e+05 7.303465757537520258e+05 1.335351058491270524e+06 4.245757671278402559e+05
-3.213171071735043006e+04 6.758804805467883125e+05 6.278144748703048099e+05 -2.675112961266634011e+04 1.025554463293673325e+05 -3.571998307825279426e+03 3.183023332041658432e+04 -5.366729809843264957e+04 8.697196971097556525e+04 -2.991734221823739354e+06 -7.164798693798094755e+05 6.143996674373999704e+05 4.729532115522579988e+05 6.463072751773543423e+05 -1.194354703797262482e+05 9.698193523425998865e+04 4.245757671278402559e+05 7.790977323570542503e+05
