2.340298775467212498e+07 -8.432184594554681098e+05 -1.449812445503985742e+06 8.304012501299571013e+05 9.089403591089919209e+05 6.730384370645125164e+05 1.085519987156220712e+06 3.592519262981518987e+05 -4.732148154505367856e+05 2.449703110463652015e+07 8.502046503730444238e+06 -6.160767883836473338e+06 -5.097106243786416599e+05 2.879387053530230653e+06 8.358214628731483826e+05 -6.181582169368785108e+05 -4.500980409482633113e+05 -8.961695955519210547e+05
-8.432184594554681098e+05 1.406546225855107605e+07 -2.973595703083426342e+05 2.426984225700105075e+06 -6.696122302570752800e+05 -9.880030865617959062e+05 -1.958280809785555175e+05 3.122674775974089280e+05 1.405923119611418515e+05 1.191090582795651816e+07 5.477826327847585082e+06 3.255596962306789123e+06 4.025477536916394252e+06 -1.506937412167117465e+06 2.650753707808227744e+06 -2.738015494875016157e+05 -1.311449479577060629e+04 -1.801807649470253382e+05
-1.449812445503985742e+06 -2.973595703083426342e+05 4.460632343347630464e+06 2.071698326404058607e+05 -6.718984573305104859e+05 -5.093832087205132702e+05 1.815705086822538578e+04 1.108503178020354535e+05 -9.589089178412458568e+04 1.563942050499698613e+06 -4.720570902743582614e+06 1.760051694482577150e+05 -5.525131312403368065e+05 -6.529226657289303839e+05 -4.783456790074124583e+05 -2.788150641414638958e+05 -6.582399194556551811e+04 6.929857999889533676e+04
8.304012501299571013e+05 2.426984225700105075e+06 2.071698326404058607e+05 2.220717024371946231e+06 2.698586079709561891e+05 -6.685807700523197127e+04 -2.733896539396377557e+04 1.429536840921743424e+05 2.141502284608486807e+05 4.235246789183895104e+06 -2.821054311980340164e+06 7.055267383250757121e+05 1.917553051479216665e+06 6.657268907007179223e+04 6.529378072617717553e+05 -1.304174381543306663e+05 -1.569191890175702283e+05 6.682165164650992665e+03
9.089403591089919209e+05 -6.696122302570752800e+05 -6.718984573305104859e+05 2.698586079709561891e+05 1.357720169728336623e+06 3.779024439842579886e+05 3.216575844441542358e+04 1.751716609652025800e+05 5.637066442899341200e+04 -1.691598457909900695e+06 -2.526114976812444162e+06 -1.576573511967532570e+06 -1.127593615842455300e+06 6.995442554734679870e+05 4.053997412471299176e+05 -6.042034790459651267e+05 -8.214145166208865703e+04 -2.320154430275630439e+05
6.730384370645125164e+05 -9.880030865617959062e+05 -5.093832087205132702e+05 -6.685807700523197127e+04 3.779024439842579886e+05 7.637760523489686893e+05 1.027062055440636177e+05 7.200435512733536598e+04 3.400471866032144317e+04 2.947985565692863893e+05 -2.931082455513459165e+06 -7.302812339672951493e+05 -1.957713857775881479e+05 5.958860852880163584e+05 -1.572492869839296909e+05 -2.993700867193632293e+05 -6.970377512851069696e+03 -7.509413210424692079e+04
1.085519987156220712e+06 -1.958280809785555175e+05 1.815705086822538578e+04 -2.733896539396377557e+04 3.216575844441542358e+04 1.027062055440636177e+05 3.361491145697198808e+05 4.852984977359222830e+04 1.915516489357874161e+04 2.388591164749538526e+06 -2.784086710034356802e+05 -7.398788549115797505e+05 2.471212708104300254e+05 1.001340541218563740e+05 1.841230702495283331e+05 2.281622226794304443e+05 1.161135719156934101e+03 -1.111188608179794828e+05
3.592519262981518987e+05 3.122674775974089280e+05 1.108503178020354535e+05 1.429536840921743424e+05 1.751716609652025800e+05 7.200435512733536598e+04 4.852984977359222830e+04 1.532099036584550340e+05 2.230381331330185276e+04 6.936611171082280343e+05 4.186954645474565332e+05 -4.213366764212339331e+04 1.222894662916190136e+05 -6.054219135766257386e+04 2.369053126096024353e+05 4.078515499685113900e+04 -1.572831786597626706e+04 -1.006164903248926275e+05
-4.732148154505367856e+05 1.405923119611418515e+05 -9.589089178412458568e+04 2.141502284608486807e+05 5.637066442899341200e+04 3.400471866032144317e+04 1.915516489357874161e+04 2.230381331330185276e+04 1.285031596593357099e+05 -4.675185516564708669e+05 -9.733582124148886651e+05 -2.854759811092740274e+05 4.404446420920835808e+05 -8.583641637091587472e+04 6.281069991210162698e+04 1.238026639084831259e+05 3.491347425985550944e+04 4.742851401981504023e+04
2.449703110463652015e+07 1.191090582795651816e+07 1.563942050499698613e+06 4.235246789183895104e+06 -1.691598457909900695e+06 2.947985565692863893e+05 2.388591164749538526e+06 6.936611171082280343e+05 -4.675185516564708669e+05 2.675168368076905906e+08 6.628144384326142259e+06 -1.231526029560969211e+07 1.060964764597342908e+07 4.937499035055902787e+06 5.024519918173145503e+06 -9.437631034256775165e+05 4.563202762474072166e+06 1.828351689048939152e+06
8.502046503730444238e+06 5.477826327847585082e+06 -4.720570902743582614e+06 -2.821054311980340164e+06 -2.526114976812444162e+06 -2.931082455513459165e+06 -2.784086710034356802e+05 4.186954645474565332e+05 -9.733582124148886651e+05 6.628144384326142259e+06 1.037524380586693287e+08 4.340790309223539196e+06 4.862699797721486539e+06 -7.314652945161313750e+06 -6.087387220403659157e+05 1.902953463132736739e+06 6.535472830928175244e+05 2.891484938088104245e+05
-6.160767883836473338e+06 3.255596962306789123e+06 1.760051694482577150e+05 7.055267383250757121e+05 -1.576573511967532570e+06 -7.302812339672951493e+05 -7.398788549115797505e+05 -4.213366764212339331e+04 -2.854759811092740274e+05 -1.231526029560969211e+07 4.340790309223539196e+06 2.393094105278858915e+07 4.684085868223619647e+06 -6.626946660672479775e+05 -1.229840094176757615e+06 7.432406008659467334e+05 1.225161177554209949e+06 2.197144641752310563e+05
-5.097106243786416599e+05 4.025477536916394252e+06 -5.525131312403368065e+05 1.917553051479216665e+06 -1.127593615842455300e+06 -1.957713857775881479e+05 2.471212708104300254e+05 1.222894662916190136e+05 4.404446420920835808e+05 1.060964764597342908e+07 4.862699797721486539e+06 4.684085868223619647e+06 1.781542416082359478e+07 -1.169981179109574528e+06 1.900722483255576110e+06 1.671002154710628092e+06 1.016288398318666623e+04 1.057297993952528806e+06
2.879387053530230653e+06 -1.506937412167117465e+06 -6.529226657289303839e+05 6.657268907007179223e+04 6.995442554734679870e+05 5.958860852880163584e+05 1.001340541218563740e+05 -6.054219135766257386e+04 -8.583641637091587472e+04 4.937499035055902787e+06 -7.314652945161313750e+06 -6.626946660672479775e+05 -1.169981179109574528e+06 3.686396721655422822e+06 1.011392722832529922e+06 -6.023314893392798258e+05 1.028029657936035655e+05 2.185947991344523034e+05
8.358214628731483826e+05 2.650753707808227744e+06 -4.783456790074124583e+05 6.529378072617717553e+05 4.053997412471299176e+05 -1.572492869839296909e+05 1.841230702495283331e+05 2.369053126096024353e+05 6.281069991210162698e+04 5.024519918173145503e+06 -6.087387220403659157e+05 -1.229840094176757615e+06 1.900722483255576110e+06 1.011392722832529922e+06 4.658461361805314198e+06 1.666347293634442321e+05 -3.258068134588317480e+05 1.629329615883717488e+05
-6.181582169368785108e+05 -2.738015494875016157e+05 -2.788150641414638958e+05 -1.304174381543306663e+05 -6.042034790459651267e+05 -2.993700867193632293e+05 2.281622226794304443e+05 4.078515499685113900e+04 1.238026639084831259e+05 -9.437631034256775165e+05 1.902953463132736739e+06 7.432406008659467334e+05 1.671002154710628092e+06 -6.023314893392798258e+05 1.666347293634442321e+05 1.901422267059804173e+06 1.611523252748707309e+05 -1.589466849128941249e+05
-4.500980409482633113e+05 -1.311449479577060629e+04 -6.582399194556551811e+04 -1.569191890175702283e+05 -8.214145166208865703e+04 -6.970377512851069696e+03 1.161135719156934101e+03 -1.572831786597626706e+04 3.491347425985550944e+04 4.563202762474072166e+06 6.535472830928175244e+05 1.225161177554209949e+06 1.016288398318666623e+04 1.028029657936035655e+05 -3.258068134588317480e+05 1.611523252748707309e+05 7.422505349276951747e+05 1.633097344606593542e+05
-8.961695955519210547e+05 -1.801807649470253382e+05 6.929857999889533676e+04 6.682165164650992665e+03 -2.320154430275630439e+05 -7.509413210424692079e+04 -1.111188608179794828e+05 -1.006164903248926275e+05 4.742851401981504023e+04 1.828351689048939152e+06 2.891484938088104245e+05 2.197144641752310563e+05 1.057297993952528806e+06 2.185947991344523034e+05 1.629329615883717488e+05 -1.589466849128941249e+05 1.633097344606593542e+05 8.462231987023024121e+05
