9.293209391353979707e+07 1.513148089558805339e+07 3.750938499349603429e+06 5.457054093097060919e+06 -1.095956164191818098e+06 2.134964551509960089e+06 1.235345891389534110e+06 9.693757312470792094e+05 1.363637972265331482e+05 1.831412490942365676e+07 6.912365687119213864e+06 -1.008325122726448067e+07 -3.840456817970083095e+06 4.969427429629590362e+06 4.376341792778595700e+05 4.184026954296465963e+06 2.730797410028928425e+05 -2.696464919152190909e+06
1.513148089558805339e+07 1.815125220417964831e+07 1.934727628975035623e+06 4.457090983497697162e+05 -6.018482288528208155e+05 7.329643915975488489e+05 -4.950376862295184401e+05 2.915216853651190177e+05 -3.703513071553503978e+05 -1.652506905118498718e+06 1.053505371642173827e+07 1.073737187355412869e+06 -2.115343638527409930e+05 -9.256991643485162640e+05 6.035267176478195470e+05 -3.907322573938207934e+05 -2.665041813517079936e+04 -2.998208403589476948e+05
3.750938499349603429e+06 1.934727628975035623e+06 3.879784570582740009e+06 1.165925619919036748e+06 -6.182276544926809584e+04 1.355162690648460994e+05 7.470386955079123436e+04 -1.101334324885000533e+05 1.486638677405295311e+05 4.543051180419947021e+06 5.152112161615738645e+06 1.449254977717508329e+06 1.483085559182994766e+06 -2.169829794254305307e+04 2.205457821436796803e+05 3.300012236238676705e+05 -3.356850168358619558e+05 5.415138105084076524e+05
5.457054093097060919e+06 4.457090983497697162e+05 1.165925619919036748e+06 2.581190870030150283e+06 3.001918951977026882e+05 1.115718215756714781e+05 1.443717454531029216e+05 -6.153830546339445573e+04 -1.894080644535087777e+04 -3.224162036486378405e+06 -3.968018067816950497e+05 4.296415108564191614e+05 2.050588181826755637e+06 4.678739562571460265e+05 1.721891624265399296e+05 4.007183951615976403e+05 -2.401960520292325527e+05 1.960589952156850777e+05
-1.095956164191818098e+06 -6.018482288528208155e+05 -6.182276544926809584e+04 3.001918951977026882e+05 7.979243154293013504e+05 1.896203539259619429e+05 -6.467618519075946097e+04 -4.839514494336352982e+03 -3.425695227379147400e+04 7.115563445647471817e+05 -2.266991497390364762e+06 -7.723226644541190472e+05 3.842510878181376029e+05 -4.677922908673249767e+05 1.646521139292687876e+05 1.459479091436955059e+04 -1.446821854612457100e+05 4.203357022438312561e+04
2.134964551509960089e+06 7.329643915975488489e+05 1.355162690648460994e+05 1.115718215756714781e+05 1.896203539259619429e+05 9.302913449171028333e+05 3.053398704309380846e+05 1.277309991589931305e+05 3.852443157404028170e+04 3.374163566952647641e+06 1.065982059031292563e+06 -7.568470972058627522e+05 -3.213036075388581958e+05 -5.141084337805097312e+04 3.534336877262923517e+05 3.730689695467585989e+04 1.218309493293408741e+05 -4.456484287469937408e+04
1.235345891389534110e+06 -4.950376862295184401e+05 7.470386955079123436e+04 1.443717454531029216e+05 -6.467618519075946097e+04 3.053398704309380846e+05 7.574087022781656124e+05 2.466710369839871128e+05 8.640680673847672006e+04 2.083202537119357614e+06 -6.642142328465259634e+05 -1.126784952075764595e+05 1.404909837646025990e+05 1.897248740825082859e+04 1.716046135574654618e+05 2.651489057190090534e+05 1.333656671900104266e+05 9.354946120487559529e+04
9.693757312470792094e+05 2.915216853651190177e+05 -1.101334324885000533e+05 -6.153830546339445573e+04 -4.839514494336352982e+03 1.277309991589931305e+05 2.466710369839871128e+05 2.471821722682012478e+05 3.651226486557265889e+04 6.918676529079947795e+04 -6.311478666320358170e+05 -4.736218055116710020e+05 -2.211599821383726085e+05 -1.055920456382027041e+05 4.594294020576500770e+04 2.136702622869818588e+05 1.340979042949085706e+05 -2.361893212540701279e+04
1.363637972265331482e+05 -3.703513071553503978e+05 1.486638677405295311e+05 -1.894080644535087777e+04 -3.425695227379147400e+04 3.852443157404028170e+04 8.640680673847672006e+04 3.651226486557265889e+04 7.728345340687810676e+04 4.515334947863697744e+04 -1.621513163005034439e+05 -2.841644258483914891e+05 -2.191678669649464427e+05 -5.993049478845459817e+03 -6.297182212437597627e+04 1.075767981788774196e+05 5.077503423798715085e+04 -2.122696248750302402e+03
1.831412490942365676e+07 -1.652506905118498718e+06 4.543051180419947021e+06 -3.224162036486378405e+06 7.115563445647471817e+05 3.374163566952647641e+06 2.083202537119357614e+06 6.918676529079947795e+04 4.515334947863697744e+04 1.461683840552397668e+08 2.889622800362785533e+07 2.408724961916462984e+06 -7.637720883710438386e+06 -7.214353132646304555e+06 -3.854062351660560817e+06 -1.670118837920575170e+06 -1.724183072603981243e+06 1.310554267847550218e+05
6.912365687119213864e+06 1.053505371642173827e+07 5.152112161615738645e+06 -3.968018067816950497e+05 -2.266991497390364762e+06 1.065982059031292563e+06 -6.642142328465259634e+05 -6.311478666320358170e+05 -1.621513163005034439e+05 2.889622800362785533e+07 5.782669912192264199e+07 3.432462599809906911e+06 -3.556242543789628427e+06 2.715219663399491925e+06 -3.551547133604996488e+05 -3.094258623153513763e+06 -3.029210459439571947e+06 -6.005459324930706061e+05
-1.008325122726448067e+07 1.073737187355412869e+06 1.449254977717508329e+06 4.296415108564191614e+05 -7.723226644541190472e+05 -7.568470972058627522e+05 -1.126784952075764595e+05 -4.736218055116710020e+05 -2.841644258483914891e+05 2.408724961916462984e+06 3.432462599809906911e+06 2.257758052207573503e+07 6.207901480697287247e+06 3.200274766198392026e+06 1.197860837512426311e+06 1.052748430225935997e+06 8.492760754156953772e+04 1.367290190400887979e+06
-3.840456817970083095e+06 -2.115343638527409930e+05 1.483085559182994766e+06 2.050588181826755637e+06 3.842510878181376029e+05 -3.213036075388581958e+05 1.404909837646025990e+05 -2.211599821383726085e+05 -2.191678669649464427e+05 -7.637720883710438386e+06 -3.556242543789628427e+06 6.207901480697287247e+06 1.168641135759446397e+07 1.022733593541255686e+06 9.108297548924713628e+05 7.437667705787819577e+05 8.267824052293092245e+04 1.045220225650273031e+06
4.969427429629590362e+06 -9.256991643485162640e+05 -2.169829794254305307e+04 4.678739562571460265e+05 -4.677922908673249767e+05 -5.141084337805097312e+04 1.897248740825082859e+04 -1.055920456382027041e+05 -5.993049478845459817e+03 -7.214353132646304555e+06 2.715219663399491925e+06 3.200274766198392026e+06 1.022733593541255686e+06 6.217481634620176628e+06 2.045563949494668515e+06 9.455443105076515349e+05 -8.281446683479461353e+04 -1.655874387070965604e+05
4.376341792778595700e+05 6.035267176478195470e+05 2.205457821436796803e+05 1.721891624265399296e+05 1.646521139292687876e+05 3.534336877262923517e+05 1.716046135574654618e+05 4.594294020576500770e+04 -6.297182212437597627e+04 -3.854062351660560817e+06 -3.551547133604996488e+05 1.197860837512426311e+06 9.108297548924713628e+05 2.045563949494668515e+06 2.641714082309027668e+06 -8.277799816374049988e+04 2.265447079052964691e+05 6.596045645506220171e+04
4.184026954296465963e+06 -3.907322573938207934e+05 3.300012236238676705e+05 4.007183951615976403e+05 1.459479091436955059e+04 3.730689695467585989e+04 2.651489057190090534e+05 2.136702622869818588e+05 1.075767981788774196e+05 -1.670118837920575170e+06 -3.094258623153513763e+06 1.052748430225935997e+06 7.437667705787819577e+05 9.455443105076515349e+05 -8.277799816374049988e+04 1.570220229492229410e+06 3.045784976764568128e+05 5.779305787158057501e+04
2.730797410028928425e+05 -2.665041813517079936e+04 -3.356850168358619558e+05 -2.401960520292325527e+05 -1.446821854612457100e+05 1.218309493293408741e+05 1.333656671900104266e+05 1.340979042949085706e+05 5.077503423798715085e+04 -1.724183072603981243e+06 -3.029210459439571947e+06 8.492760754156953772e+04 8.267824052293092245e+04 -8.281446683479461353e+04 2.265447079052964691e+05 3.045784976764568128e+05 1.142110770546927815e+06 1.282790791225604917e+05
-2.696464919152190909e+06 -2.998208403589476948e+05 5.415138105084076524e+05 1.960589952156850777e+05 4.203357022438312561e+04 -4.456484287469937408e+04 9.354946120487559529e+04 -2.361893212540701279e+04 -2.122696248750302402e+03 1.310554267847550218e+05 -6.005459324930706061e+05 1.367290190400887979e+06 1.045220225650273031e+06 -1.655874387070965604e+05 6.596045645506220171e+04 5.779305787158057501e+04 1.282790791225604917e+05 5.483726593420054996e+05
