4.710330680616468191e+07 9.568343973073681816e+06 1.138510064871270675e+06 7.065360810673341621e+05 3.217190034510403057e+05 1.639950045684070326e+06 -6.487397342246667249e+05 5.508916202115691267e+05 1.708770397009976732e+05 1.424793780765948817e+07 1.752223706967294589e+07 9.710664458333235234e+06 2.122632351773233619e+06 -2.165369022568824701e+06 3.030205576177428593e+05 -7.589879464012301760e+05 1.716842301440365380e+06 5.050326790754626854e+05
9.568343973073681816e+06 1.633663926854053698e+07 2.997138804523894098e+06 1.418806824066796340e+06 7.130070128389608581e+05 -6.785746616501868994e+04 -5.971032497088243254e+05 2.048375034938903118e+05 1.233465630145380273e+05 -9.602981213534068083e+05 1.474434534366100468e+07 6.972769458831207827e+06 3.662375203813187778e+06 2.402742144009965938e+06 1.018925893333767192e+06 -1.917689199610224750e+05 -6.109667196105930489e+05 -1.324162841666539025e+05
1.138510064871270675e+06 2.997138804523894098e+06 5.327499683892217465e+06 2.229461379450538661e+06 3.545069628253102419e+05 5.865663368765738560e+05 -2.120680194268063133e+04 -1.237217082569922204e+05 1.353948557141084166e+05 -5.589216676097036339e+06 -2.451664247541275108e+05 1.970257279649057193e+06 9.851484393995656865e+05 -1.890933293563424741e+03 8.180574666240289807e+05 -3.005284240673625609e+05 -2.297369983130952169e+05 -2.230392090727036120e+05
7.065360810673341621e+05 1.418806824066796340e+06 2.229461379450538661e+06 2.537709801499004476e+06 1.028960229337034398e+05 1.094952496268698087e+04 2.129475035665895848e+04 1.735481419893437487e+04 -1.433822265875471057e+05 -6.723418419177429751e+06 2.434016936222350691e+06 2.050912809594497550e+06 1.688426199451170396e+06 8.463519183278800920e+05 -2.800183544123645988e+05 -9.593056104713722016e+04 3.200866520120858331e+05 -2.280962021444143320e+05
3.217190034510403057e+05 7.130070128389608581e+05 3.545069628253102419e+05 1.028960229337034398e+05 4.316119806639784947e+05 7.689198513631332025e+04 4.412199204010004178e+04 -9.971985187513042183e+04 -2.663442054107457443e+04 6.143226729346101638e+04 -5.679059594041967066e+05 -3.179896390710818814e+05 9.222244006849016296e+05 5.919251029379451647e+05 2.581815857577414135e+05 -2.425986952868027947e+04 6.054224600691767409e+04 -3.850626308164255897e+04
1.639950045684070326e+06 -6.785746616501868994e+04 5.865663368765738560e+05 1.094952496268698087e+04 7.689198513631332025e+04 5.768295571190353949e+05 8.396049442415627709e+04 -1.399370214626488269e+04 5.738102306264377148e+03 -3.707195086502614431e+05 -1.001186855711327284e+06 -5.156470911176772206e+05 -5.188136187180484994e+05 -4.384536225714921020e+05 2.957228787643047981e+05 -1.279074482713437756e+05 1.095347107065920864e+05 -5.912379654140485945e+04
-6.487397342246667249e+05 -5.971032497088243254e+05 -2.120680194268063133e+04 2.129475035665895848e+04 4.412199204010004178e+04 8.396049442415627709e+04 2.008843749962423171e+05 -2.629393313071220473e+04 -1.604426252412559370e+04 -9.262734702433975181e+05 -7.137460337183005176e+05 -4.773293945891054464e+05 -6.823165189909721084e+04 5.286666565714536409e+04 -1.862668439031719026e+04 -2.724010259124796357e+04 1.600583852912930015e+05 -2.058545083002085812e+04
5.508916202115691267e+05 2.048375034938903118e+05 -1.237217082569922204e+05 1.735481419893437487e+04 -9.971985187513042183e+04 -1.399370214626488269e+04 -2.629393313071220473e+04 2.316450957363374473e+05 1.501665508775399030e+04 4.155324131893673330e+05 1.190997176442946773e+06 5.128402408987012459e+05 2.641402377390049514e+05 -1.179612648433853901e+05 -5.184594633483229554e+05 -8.759206545532654854e+04 2.970849394133253954e+05 2.937527134427439159e+04
1.708770397009976732e+05 1.233465630145380273e+05 1.353948557141084166e+05 -1.433822265875471057e+05 -2.663442054107457443e+04 5.738102306264377148e+03 -1.604426252412559370e+04 1.501665508775399030e+04 1.028510089318032551e+05 6.137728538292825688e+05 -3.620532267950079986e+05 -2.720978553131824592e+05 -2.106839434911901189e+05 -1.150109746447685175e+05 5.641507981434125395e+04 9.563835214917581470e+04 4.549629657803302689e+04 -4.311915428580842672e+03
1.424793780765948817e+07 -9.602981213534068083e+05 -5.589216676097036339e+06 -6.723418419177429751e+06 6.143226729346101638e+04 -3.707195086502614431e+05 -9.262734702433975181e+05 4.155324131893673330e+05 6.137728538292825688e+05 1.702999460061954856e+08 -2.601200198204125464e+07 -6.271874744193833321e+06 4.929020655593967997e+06 -4.776747973622581922e+06 2.868685207284858916e+06 -1.342851005644195713e+06 2.869863523320895620e+06 1.845899176221208414e+06
1.752223706967294589e+07 1.474434534366100468e+07 -2.451664247541275108e+05 2.434016936222350691e+06 -5.679059594041967066e+05 -1.001186855711327284e+06 -7.137460337183005176e+05 1.190997176442946773e+06 -3.620532267950079986e+05 -2.601200198204125464e+07 8.710920632385481894e+07 1.816027261293325201e+07 3.325517344904575497e+06 -8.734125992575366981e+05 -4.677285762635035440e+06 -1.193217233044021297e+06 -6.014325091086401371e+05 4.862022769576398423e+05
9.710664458333235234e+06 6.972769458831207827e+06 1.970257279649057193e+06 2.050912809594497550e+06 -3.179896390710818814e+05 -5.156470911176772206e+05 -4.773293945891054464e+05 5.128402408987012459e+05 -2.720978553131824592e+05 -6.271874744193833321e+06 1.816027261293325201e+07 2.447595251344704628e+07 7.171167185463597998e+06 2.773550131693534553e+06 -2.516111281697638333e+06 -2.121416454439764842e+06 -4.117242228817619616e+05 5.131472887506711995e+05
2.122632351773233619e+06 3.662375203813187778e+06 9.851484393995656865e+05 1.688426199451170396e+06 9.222244006849016296e+05 -5.188136187180484994e+05 -6.823165189909721084e+04 2.641402377390049514e+05 -2.106839434911901189e+05 4.929020655593967997e+06 3.325517344904575497e+06 7.171167185463597998e+06 1.243068893784888647e+07 3.380241964827840682e+06 -3.655730070640135673e+05 -3.823341974005643860e+05 8.008256150855338201e+05 4.083758166185864829e+05
-2.165369022568824701e+06 2.402742144009965938e+06 -1.890933293563424741e+03 8.463519183278800920e+05 5.919251029379451647e+05 -4.384536225714921020e+05 5.286666565714536409e+04 -1.179612648433853901e+05 -1.150109746447685175e+05 -4.776747973622581922e+06 -8.734125992575366981e+05 2.773550131693534553e+06 3.380241964827840682e+06 5.405460952143493108e+06 -2.789718165381291328e+04 -1.018425818430384243e+05 -2.829712323399289162e+05 -3.231594916610790533e+05
3.030205576177428593e+05 1.018925893333767192e+06 8.180574666240289807e+05 -2.800183544123645988e+05 2.581815857577414135e+05 2.957228787643047981e+05 -1.862668439031719026e+04 -5.184594633483229554e+05 5.641507981434125395e+04 2.868685207284858916e+06 -4.677285762635035440e+06 -2.516111281697638333e+06 -3.655730070640135673e+05 -2.789718165381291328e+04 2.698268943988023791e+06 3.802199461276687216e+05 -6.830259174061303493e+05 4.100593946335873625e+04
-7.589879464012301760e+05 -1.917689199610224750e+05 -3.005284240673625609e+05 -9.593056104713722016e+04 -2.425986952868027947e+04 -1.279074482713437756e+05 -2.724010259124796357e+04 -8.759206545532654854e+04 9.563835214917581470e+04 -1.342851005644195713e+06 -1.193217233044021297e+06 -2.121416454439764842e+06 -3.823341974005643860e+05 -1.018425818430384243e+05 3.802199461276687216e+05 1.124040368406732567e+06 9.004164958114050387e+04 -2.004255687767273048e+04
1.716842301440365380e+06 -6.109667196105930489e+05 -2.297369983130952169e+05 3.200866520120858331e+05 6.054224600691767409e+04 1.095347107065920864e+05 1.600583852912930015e+05 2.970849394133253954e+05 4.549629657803302689e+04 2.869863523320895620e+06 -6.014325091086401371e+05 -4.117242228817619616e+05 8.008256150855338201e+05 -2.829712323399289162e+05 -6.830259174061303493e+05 9.004164958114050387e+04 1.370573841916302685e+06 -3.025090967687312150e+04
5.050326790754626854e+05 -1.324162841666539025e+05 -2.230392090727036120e+05 -2.280962021444143320e+05 -3.850626308164255897e+04 -5.912379654140485945e+04 -2.058545083002085812e+04 2.937527134427439159e+04 -4.311915428580842672e+03 1.845899176221208414e+06 4.862022769576398423e+05 5.131472887506711995e+05 4.083758166185864829e+05 -3.231594916610790533e+05 4.100593946335873625e+04 -2.004255687767273048e+04 -3.025090967687312150e+04 2.815261558308405220e+05
