5.721038863663537800e+07 1.364924688283445127e+07 1.593156358606857713e+06 -4.601472217539725825e+05 -1.196158329078194685e+06 -9.231469646291917888e+05 5.306118290147544030e+04 5.371437530851254705e+05 -2.080512485080334882e+05 -7.017964911732614040e+06 -1.419599154445207678e+06 3.558702507783015259e+06 -4.984628899093209766e+06 -2.633066257727988996e+06 2.071239219697440276e+06 -9.125545074667611625e+05 -1.995679101604432100e+06 -4.530853298936787178e+05
1.364924688283445127e+07 2.017494256620796025e+07 2.026703485232780688e+06 -3.908929289047874045e+05 -5.795877267358506797e+05 -3.574925668843452877e+04 6.002984815550047642e+04 1.408961090168289957e+05 1.778414779118058796e+05 1.298325266295623593e+07 1.762316164047893882e+07 -6.471833388879343693e+04 6.752457448988961987e+05 2.700843174260891974e+06 1.288672178361599799e+06 -1.043323512641289039e+06 -1.634732129738674266e+06 -7.106080727234433871e+05
1.593156358606857713e+06 2.026703485232780688e+06 5.973509269074944779e+06 2.476294813168765977e+06 2.430469073467432172e+05 1.759910130130127072e+05 4.734015580593977575e+03 2.231758664692736347e+05 -7.424998941357564763e+04 1.544276486771430448e+07 3.588601950579369441e+06 4.891925308689743280e+06 4.349987918855367228e+06 1.064228516898159636e+06 9.901976897490550764e+05 -1.425671558589399792e+06 6.194997859890774998e+04 -3.986791395224037115e+04
-4.601472217539725825e+05 -3.908929289047874045e+05 2.476294813168765977e+06 2.544780326422781684e+06 7.738984922027931316e+05 3.714011736201570020e+05 1.358346587072671391e+05 4.362691487491347361e+05 1.842937595697206052e+04 1.059753739914906211e+07 -1.945806001318206108e+04 1.766372741447799839e+06 2.066747898523279699e+06 8.395064122347085504e+05 4.320935209337062552e+05 -5.371864696681901114e+05 -3.679733299348744331e+05 -1.586585464012603625e+05
-1.196158329078194685e+06 -5.795877267358506797e+05 2.430469073467432172e+05 7.738984922027931316e+05 9.771150066739617614e+05 3.008324673447596724e+05 1.488192844995878695e+05 2.112725892490567348e+05 1.757516414142179929e+04 4.004316374493400101e+06 -2.308307919483144651e+05 -9.529873851842533331e+05 -1.658573057278090564e+05 2.080140966396435106e+05 -1.325495006286615535e+04 -1.803949069879587041e+05 9.018650311340753979e+04 1.834808023897623571e+04
-9.231469646291917888e+05 -3.574925668843452877e+04 1.759910130130127072e+05 3.714011736201570020e+05 3.008324673447596724e+05 5.013164569463281077e+05 9.577376759070115804e+04 1.620210991442744562e+05 6.995474075430385710e+04 3.727903397041456774e+06 -6.520466749548501102e+05 -7.099931812667902559e+05 -1.125618063328866119e+05 -1.354601879397665325e+05 4.205538694020090043e+05 -4.601016812893479255e+03 -2.179889786996507246e+04 -2.010285566690706764e+05
5.306118290147544030e+04 6.002984815550047642e+04 4.734015580593977575e+03 1.358346587072671391e+05 1.488192844995878695e+05 9.577376759070115804e+04 2.415875867014617252e+05 1.049280928970802051e+05 3.270273784411457746e+04 -1.276749446146786911e+06 -1.398520474661704618e+06 -2.804956939243189408e+05 -2.050629317363572191e+05 -3.259298944334580665e+04 4.190396184370002629e+03 1.981267658084257564e+05 8.406661086519587843e+04 -3.790911442261236516e+04
5.371437530851254705e+05 1.408961090168289957e+05 2.231758664692736347e+05 4.362691487491347361e+05 2.112725892490567348e+05 1.620210991442744562e+05 1.049280928970802051e+05 2.468123891911381506e+05 4.333262350456204877e+04 1.926251737253997475e+06 -1.141087445473782485e+06 -8.175171275887202937e+05 -9.231604729980490811e+04 3.104956214546943083e+05 1.690766903388683568e+05 6.260250563980668812e+04 8.118367488681498799e+03 -1.648116999646846307e+04
-2.080512485080334882e+05 1.778414779118058796e+05 -7.424998941357564763e+04 1.842937595697206052e+04 1.757516414142179929e+04 6.995474075430385710e+04 3.270273784411457746e+04 4.333262350456204877e+04 9.420480320671958907e+04 -7.611757190236587776e+05 -3.257669560703238822e+05 -2.785204562561061466e+05 -4.340192422178242123e+04 1.299468686097974387e+04 -8.039838333410442283e+04 9.622931185318800999e+03 -4.132072941859475395e+04 2.528120826444728300e+04
-7.017964911732614040e+06 1.298325266295623593e+07 1.544276486771430448e+07 1.059753739914906211e+07 4.004316374493400101e+06 3.727903397041456774e+06 -1.276749446146786911e+06 1.926251737253997475e+06 -7.611757190236587776e+05 2.226597949976520836e+08 5.146450100561667234e+07 2.506055828577049077e+06 1.703834222926175594e+07 9.499562872832583264e+06 9.000554511528740477e+03 -5.335964924744217657e+06 3.290784169121177456e+03 -9.180701822079716949e+05
-1.419599154445207678e+06 1.762316164047893882e+07 3.588601950579369441e+06 -1.945806001318206108e+04 -2.308307919483144651e+05 -6.520466749548501102e+05 -1.398520474661704618e+06 -1.141087445473782485e+06 -3.257669560703238822e+05 5.146450100561667234e+07 8.294895525624574721e+07 1.295358611971120164e+07 6.712426297708366066e+06 4.847102694988048752e+05 2.859586995952603407e+06 -2.571175182406832464e+06 -2.780124687721756287e+06 1.306587169230399886e+06
3.558702507783015259e+06 -6.471833388879343693e+04 4.891925308689743280e+06 1.766372741447799839e+06 -9.529873851842533331e+05 -7.099931812667902559e+05 -2.804956939243189408e+05 -8.175171275887202937e+05 -2.785204562561061466e+05 2.506055828577049077e+06 1.295358611971120164e+07 3.089083452322007343e+07 8.135050163041583262e+06 -3.273716394499435090e+06 -5.426193160880704090e+04 2.333735463674339990e+05 -1.892806222421242157e+06 -4.969792944496715791e+04
-4.984628899093209766e+06 6.752457448988961987e+05 4.349987918855367228e+06 2.066747898523279699e+06 -1.658573057278090564e+05 -1.125618063328866119e+05 -2.050629317363572191e+05 -9.231604729980490811e+04 -4.340192422178242123e+04 1.703834222926175594e+07 6.712426297708366066e+06 8.135050163041583262e+06 1.074117461512871459e+07 2.242289835880664643e+06 1.090835225742343580e+06 -2.032359087143618672e+05 -2.995789549206017982e+05 -2.056632264987638046e+05
-2.633066257727988996e+06 2.700843174260891974e+06 1.064228516898159636e+06 8.395064122347085504e+05 2.080140966396435106e+05 -1.354601879397665325e+05 -3.259298944334580665e+04 3.104956214546943083e+05 1.299468686097974387e+04 9.499562872832583264e+06 4.847102694988048752e+05 -3.273716394499435090e+06 2.242289835880664643e+06 4.923888787629936822e+06 -1.067854788999506563e+05 -1.650149768487334950e+05 4.296705535131106153e+05 -1.788679820524388342e+05
2.071239219697440276e+06 1.288672178361599799e+06 9.901976897490550764e+05 4.320935209337062552e+05 -1.325495006286615535e+04 4.205538694020090043e+05 4.190396184370002629e+03 1.690766903388683568e+05 -8.039838333410442283e+04 9.000554511528740477e+03 2.859586995952603407e+06 -5.426193160880704090e+04 1.090835225742343580e+06 -1.067854788999506563e+05 3.135204824001844507e+06 9.247716445572674274e+04 -2.853603190250758198e+05 -3.204819446653463528e+05
-9.125545074667611625e+05 -1.043323512641289039e+06 -1.425671558589399792e+06 -5.371864696681901114e+05 -1.803949069879587041e+05 -4.601016812893479255e+03 1.981267658084257564e+05 6.260250563980668812e+04 9.622931185318800999e+03 -5.335964924744217657e+06 -2.571175182406832464e+06 2.333735463674339990e+05 -2.032359087143618672e+05 -1.650149768487334950e+05 9.247716445572674274e+04 1.492443147047495469e+06 1.090285354072739574e+05 6.527846533941556117e+04
-1.995679101604432100e+06 -1.634732129738674266e+06 6.194997859890774998e+04 -3.679733299348744331e+05 9.018650311340753979e+04 -2.179889786996507246e+04 8.406661086519587843e+04 8.118367488681498799e+03 -4.132072941859475395e+04 3.290784169121177456e+03 -2.780124687721756287e+06 -1.892806222421242157e+06 -2.995789549206017982e+05 4.296705535131106153e+05 -2.853603190250758198e+05 1.090285354072739574e+05 1.083557577722905669e+06 1.828215495411502488e+05
-4.530853298936787178e+05 -7.106080727234433871e+05 -3.986791395224037115e+04 -1.586585464012603625e+05 1.834808023897623571e+04 -2.010285566690706764e+05 -3.790911442261236516e+04 -1.648116999646846307e+04 2.528120826444728300e+04 -9.180701822079716949e+05 1.306587169230399886e+06 -4.969792944496715791e+04 -2.056632264987638046e+05 -1.788679820524388342e+05 -3.204819446653463528e+05 6.527846533941556117e+04 1.828215495411502488e+05 9.316854812088805484e+05
