6.776003036947262287e+07 3.712205160323965829e+06 1.542352681274663424e+06 1.438024625732509419e+06 2.994490536730933934e+06 2.173964797477555461e+06 -1.300279836046373093e+05 -7.207524309252148960e+05 4.509596168799228035e+05 7.515714477494037151e+07 9.095819641583608463e+06 5.743248877043504268e+06 2.479581868732731789e+06 -3.004895917444910854e+06 3.407068726033802144e+06 1.056743855122084962e+06 -1.041487522406339645e+06 -1.840662790034503443e+06
3.712205160323965829e+06 1.406385460820239224e+07 1.690675922765314812e+06 3.974360027698794875e+04 1.939298378802127438e+06 3.745754505399900372e+05 8.536646736489140312e+04 8.578799726571328938e+04 5.838239092695415457e+04 1.131457812937428802e+07 2.013095095402700128e+06 1.778875277764911996e+06 3.394427568567238282e+06 7.900782079786024988e+05 2.346609561098633567e+05 2.145366506059004460e+06 4.611398382111876272e+05 -5.956874635190907866e+05
1.542352681274663424e+06 1.690675922765314812e+06 6.918682061456193216e+06 8.456790419052079087e+05 1.145595136786526768e+06 4.177731269261286361e+05 -1.076075972433266725e+05 1.857923460695719987e+05 -3.045907226758225588e+05 1.194663948744686879e+07 3.258177388354926370e+06 2.817995589512403589e+06 1.159689984956831671e+06 8.503169982390062651e+05 1.029525520867757732e+06 1.122515337611371418e+06 -2.278346976587484533e+05 -3.802018759809887852e+05
1.438024625732509419e+06 3.974360027698794875e+04 8.456790419052079087e+05 1.538787019942427054e+06 3.908516075274043251e+05 -6.134931817543049692e+04 9.037847404186935455e+04 6.510802491851822560e+04 3.454513253684086976e+03 3.545827017810420948e+05 -6.207954472519847332e+05 -4.343099975420490373e+05 1.188769780158576090e+06 6.107808685139053268e+05 2.218387268671568891e+05 3.853913934105493827e+05 1.267453354506025207e+05 3.248801648115748540e+05
2.994490536730933934e+06 1.939298378802127438e+06 1.145595136786526768e+06 3.908516075274043251e+05 1.448532289305034792e+06 3.367290831307256594e+05 1.326407572195441171e+05 2.108690765244586146e+04 -5.971209382932219160e+04 6.336293163085620850e+06 1.874306383499898249e+06 1.410553624828236876e+06 2.236471714702311438e+05 5.756552266625928460e+05 3.490685834443545900e+05 5.467872583066000370e+05 1.686615649599760072e+05 -1.278681546801814548e+05
2.173964797477555461e+06 3.745754505399900372e+05 4.177731269261286361e+05 -6.134931817543049692e+04 3.367290831307256594e+05 6.819935012390464544e+05 1.399693927038926631e+05 -1.390804019715498953e+03 1.183779789826625165e+04 1.478820734589672415e+06 1.796756813788630301e+06 3.372810146341384389e+05 5.656856521430234425e+05 -4.560933519926430745e+04 5.193003517482096795e+05 3.138791883880482637e+05 8.876183618677983759e+04 -2.432213416974655993e+05
-1.300279836046373093e+05 8.536646736489140312e+04 -1.076075972433266725e+05 9.037847404186935455e+04 1.326407572195441171e+05 1.399693927038926631e+05 3.653484374774407479e+05 -4.944061454071426851e+03 -2.904904413715301052e+04 -9.651708558093588799e+05 5.710000126626512065e+04 -3.921392416216726997e+05 2.508950302409171709e+05 5.667547605518557248e+04 -5.164162220514223009e+04 1.573393122742747364e+05 3.598477656593226129e+04 -7.196008807677774166e+04
-7.207524309252148960e+05 8.578799726571328938e+04 1.857923460695719987e+05 6.510802491851822560e+04 2.108690765244586146e+04 -1.390804019715498953e+03 -4.944061454071426851e+03 2.346373893316429167e+05 6.179895704655931331e+04 -3.593860213470442686e+06 -6.377756242066832492e+05 1.628244476179677004e+05 -2.128226750110868597e+05 4.265024968215996050e+05 1.616137711156682344e+05 -1.162416695353335963e+05 1.800556792352983321e+05 6.820734036671659851e+04
4.509596168799228035e+05 5.838239092695415457e+04 -3.045907226758225588e+05 3.454513253684086976e+03 -5.971209382932219160e+04 1.183779789826625165e+04 -2.904904413715301052e+04 6.179895704655931331e+04 1.167710172057546442e+05 -1.712570877533035586e+06 -4.967678707010380458e+04 -6.455658367310051835e+04 -1.171396592313553119e+05 2.931017061268701946e+04 1.820747681349833147e+05 -3.378767274701645511e+04 7.355263240860056248e+04 3.011526493306592965e+04
7.515714477494037151e+07 1.131457812937428802e+07 1.194663948744686879e+07 3.545827017810420948e+05 6.336293163085620850e+06 1.478820734589672415e+06 -9.651708558093588799e+05 -3.593860213470442686e+06 -1.712570877533035586e+06 3.411326744134870172e+08 5.290329343803316355e+07 2.953852759906984493e+07 2.190387414004091639e+06 -1.248463819216384180e+07 -3.350982191678400617e+06 3.286006117248388473e+06 -3.928804536663752981e+06 -1.034432895951414714e+06
9.095819641583608463e+06 2.013095095402700128e+06 3.258177388354926370e+06 -6.207954472519847332e+05 1.874306383499898249e+06 1.796756813788630301e+06 5.710000126626512065e+04 -6.377756242066832492e+05 -4.967678707010380458e+04 5.290329343803316355e+07 5.158392493496575952e+07 6.740445448397098109e+06 1.148649760259509087e+06 -3.436898321397226304e+06 -1.699364095832268009e+06 4.839290402142278035e+05 -7.353635167851361621e+04 -5.348859018722866895e+05
5.743248877043504268e+06 1.778875277764911996e+06 2.817995589512403589e+06 -4.343099975420490373e+05 1.410553624828236876e+06 3.372810146341384389e+05 -3.921392416216726997e+05 1.628244476179677004e+05 -6.455658367310051835e+04 2.953852759906984493e+07 6.740445448397098109e+06 2.890352353463434055e+07 1.771561938763588434e+06 -1.424442343871153891e+06 1.541872505326386075e+06 1.465205145202502143e+06 1.053414778865270084e+06 -6.508498552458710037e+04
2.479581868732731789e+06 3.394427568567238282e+06 1.159689984956831671e+06 1.188769780158576090e+06 2.236471714702311438e+05 5.656856521430234425e+05 2.508950302409171709e+05 -2.128226750110868597e+05 -1.171396592313553119e+05 2.190387414004091639e+06 1.148649760259509087e+06 1.771561938763588434e+06 9.462545243449285626e+06 1.017829307854900835e+05 -5.245504166364240227e+05 2.312802536580510903e+06 2.519505306234555901e+05 6.554100590427417774e+05
-3.004895917444910854e+06 7.900782079786024988e+05 8.503169982390062651e+05 6.107808685139053268e+05 5.756552266625928460e+05 -4.560933519926430745e+04 5.667547605518557248e+04 4.265024968215996050e+05 2.931017061268701946e+04 -1.248463819216384180e+07 -3.436898321397226304e+06 -1.424442343871153891e+06 1.017829307854900835e+05 3.313786136168792378e+06 7.689968702239147387e+05 4.761967230009549530e+05 4.053135109718717285e+05 4.351352553319181316e+05
3.407068726033802144e+06 2.346609561098633567e+05 1.029525520867757732e+06 2.218387268671568891e+05 3.490685834443545900e+05 5.193003517482096795e+05 -5.164162220514223009e+04 1.616137711156682344e+05 1.820747681349833147e+05 -3.350982191678400617e+06 -1.699364095832268009e+06 1.541872505326386075e+06 -5.245504166364240227e+05 7.689968702239147387e+05 2.731277361728429329e+06 7.397626763802560745e+05 2.151733202743620786e+05 8.054297445974525181e+04
1.056743855122084962e+06 2.145366506059004460e+06 1.122515337611371418e+06 3.853913934105493827e+05 5.467872583066000370e+05 3.138791883880482637e+05 1.573393122742747364e+05 -1.162416695353335963e+05 -3.378767274701645511e+04 3.286006117248388473e+06 4.839290402142278035e+05 1.465205145202502143e+06 2.312802536580510903e+06 4.761967230009549530e+05 7.397626763802560745e+05 2.265393522137242835e+06 6.057181985562785849e+04 1.447941925411860575e+05
-1.041487522406339645e+06 4.611398382111876272e+05 -2.278346976587484533e+05 1.267453354506025207e+05 1.686615649599760072e+05 8.876183618677983759e+04 3.598477656593226129e+04 1.800556792352983321e+05 7.355263240860056248e+04 -3.928804536663752981e+06 -7.353635167851361621e+04 1.053414778865270084e+06 2.519505306234555901e+05 4.053135109718717285e+05 2.151733202743620786e+05 6.057181985562785849e+04 1.190304029529276071e+06 4.067293047027817229e+05
-1.840662790034503443e+06 -5.956874635190907866e+05 -3.802018759809887852e+05 3.248801648115748540e+05 -1.278681546801814548e+05 -2.432213416974655993e+05 -7.196008807677774166e+04 6.820734036671659851e+04 3.011526493306592965e+04 -1.034432895951414714e+06 -5.348859018722866895e+05 -6.508498552458710037e+04 6.554100590427417774e+05 4.351352553319181316e+05 8.054297445974525181e+04 1.447941925411860575e+05 4.067293047027817229e+05 9.665058766376769636e+05
