5.186106902921928465e+07 4.877922680989749730e+06 2.241071367247377057e+06 9.175702117176940665e+05 -6.177726672280938365e+05 2.950490349620209308e+05 8.702056590257464268e+04 -3.704803426242640126e+05 -1.612721701781094016e+05 9.819935402392335236e+07 1.196637102156791836e+07 3.644902289770021103e+06 -2.859189818763138261e+06 -4.174296124164415058e+06 2.463952736731673591e+06 1.235040214278603904e+06 1.111664839800276794e+06 -8.280453138764010509e+05
4.877922680989749730e+06 1.544357889298023656e+07 2.730208725896961987e+05 -8.687944514632723294e+05 6.586875940174817806e+05 7.060438655228642747e+05 7.399686342628699495e+05 3.803121634593287599e+05 -1.018861758544470940e+05 -9.454592662872869521e+06 -2.989817995296381414e+06 1.656189127264406066e+06 4.407313274640621385e+05 -1.222959504416461568e+06 1.050029442067613825e+06 1.488385244105675491e+06 3.504550081107284059e+05 -3.485801641579322750e+05
2.241071367247377057e+06 2.730208725896961987e+05 6.150857523967278190e+06 2.107849908976991719e+05 9.380556377967922017e+05 5.928045248140664771e+05 -9.404616709527533385e+04 -1.808332196765924891e+04 2.101234125180722040e+05 7.802172521113093011e+06 6.825926936803421704e+05 6.241445156653705053e+06 -1.219184983316759826e+04 3.784981819905843586e+05 8.048227564108209917e+05 -2.894335934369415045e+05 -2.580506913072797470e+05 5.960899559133793227e+05
9.175702117176940665e+05 -8.687944514632723294e+05 2.107849908976991719e+05 1.595632901263769483e+06 4.576919688472084817e+05 -3.413031209973857040e+04 1.539488165437226598e+03 -1.291767316247959097e+05 -2.433813639187670196e+04 8.379908081910937093e+06 6.071269407119194511e+05 -7.264509468121495047e+03 1.898455611075850611e+05 3.384165572703792132e+05 2.035199683121919807e+05 5.491514261359175725e+04 -2.775159663242000970e+05 -9.737794051693567599e+04
-6.177726672280938365e+05 6.586875940174817806e+05 9.380556377967922017e+05 4.576919688472084817e+05 1.202652879387942841e+06 4.013693853639879380e+05 2.974618712806107942e+05 2.050903560274494521e+04 7.739069477980014926e+04 -2.373387575426831376e+06 4.229395166235291981e+05 2.477057714763720986e+06 -4.592672754959716694e+05 6.880979844589635031e+05 -3.432329753268131026e+04 -2.973542040021129651e+05 -1.500691694606593810e+05 1.494074318779614405e+05
2.950490349620209308e+05 7.060438655228642747e+05 5.928045248140664771e+05 -3.413031209973857040e+04 4.013693853639879380e+05 6.663187581096818903e+05 8.016068839139639977e+02 -6.458069873885091511e+04 -3.948496296619058558e+04 -2.509125881719744764e+06 2.670836286097884295e+05 9.650966028713259147e+05 -1.735059870459495287e+05 3.016793362740093726e+05 2.254339892600609455e+05 3.165477603129672207e+04 1.717945002883860434e+05 -3.947485738939132716e+04
8.702056590257464268e+04 7.399686342628699495e+05 -9.404616709527533385e+04 1.539488165437226598e+03 2.974618712806107942e+05 8.016068839139639977e+02 4.460468128281633253e+05 1.228368469481034845e+05 2.515698444654089690e+04 -1.709961460704698693e+06 -1.739973365907163592e+06 -2.940918226138086902e+04 3.103162694963803515e+05 1.959684731163935212e+05 8.561871854777868430e+04 1.122642733485757344e+05 -5.771497775196446310e+04 1.363309511733715190e+05
-3.704803426242640126e+05 3.803121634593287599e+05 -1.808332196765924891e+04 -1.291767316247959097e+05 2.050903560274494521e+04 -6.458069873885091511e+04 1.228368469481034845e+05 1.731565986477702099e+05 2.801626823044930643e+04 -1.564104569611954270e+06 -8.570362760827584425e+05 6.370988038595267572e+05 1.145789351676130027e+05 -1.905671863804675231e+05 6.346302006208286184e+04 4.776953843425249215e+04 7.659285136156349836e+03 1.155946350305073429e+05
-1.612721701781094016e+05 -1.018861758544470940e+05 2.101234125180722040e+05 -2.433813639187670196e+04 7.739069477980014926e+04 -3.948496296619058558e+04 2.515698444654089690e+04 2.801626823044930643e+04 7.725323580071226752e+04 -1.433447805880146334e+05 -3.229139544598204666e+05 2.799772973254501703e+05 1.685740304664529394e+05 -1.439468906649586861e+05 -5.098404716554394690e+04 -1.249668169204206060e+05 4.456849143936135079e+03 1.148799814151279425e+05
9.819935402392335236e+07 -9.454592662872869521e+06 7.802172521113093011e+06 8.379908081910937093e+06 -2.373387575426831376e+06 -2.509125881719744764e+06 -1.709961460704698693e+06 -1.564104569611954270e+06 -1.433447805880146334e+05 4.268490349990585446e+08 3.920978825361163914e+07 1.673346911310297064e+07 -7.737418735734625719e+06 9.760640126919500763e+05 2.748316059015639126e+06 2.177758254811965395e+06 -1.679441002645235974e+06 -1.432039271966588683e+06
1.196637102156791836e+07 -2.989817995296381414e+06 6.825926936803421704e+05 6.071269407119194511e+05 4.229395166235291981e+05 2.670836286097884295e+05 -1.739973365907163592e+06 -8.570362760827584425e+05 -3.229139544598204666e+05 3.920978825361163914e+07 5.437824438543288410e+07 1.220590701358291879e+07 -8.781647720076663420e+06 -1.750503805573762627e+06 -1.813595488925813232e+06 -3.985287960942829959e+06 2.220389129905813839e+06 -2.242469447292742785e+06
3.644902289770021103e+06 1.656189127264406066e+06 6.241445156653705053e+06 -7.264509468121495047e+03 2.477057714763720986e+06 9.650966028713259147e+05 -2.940918226138086902e+04 6.370988038595267572e+05 2.799772973254501703e+05 1.673346911310297064e+07 1.220590701358291879e+07 3.354415556293804944e+07 -8.234474867725758813e+06 -2.255686019781062845e+06 9.152117915560762631e+05 -6.163916686237266986e+05 -2.211688137667028641e+05 8.245829734333012020e+05
-2.859189818763138261e+06 4.407313274640621385e+05 -1.219184983316759826e+04 1.898455611075850611e+05 -4.592672754959716694e+05 -1.735059870459495287e+05 3.103162694963803515e+05 1.145789351676130027e+05 1.685740304664529394e+05 -7.737418735734625719e+06 -8.781647720076663420e+06 -8.234474867725758813e+06 1.349502097474498861e+07 3.567347040431166068e+06 1.050673320718686329e+06 1.111195147554171039e+06 -1.591513275279446680e+05 6.101311622759413440e+05
-4.174296124164415058e+06 -1.222959504416461568e+06 3.784981819905843586e+05 3.384165572703792132e+05 6.880979844589635031e+05 3.016793362740093726e+05 1.959684731163935212e+05 -1.905671863804675231e+05 -1.439468906649586861e+05 9.760640126919500763e+05 -1.750503805573762627e+06 -2.255686019781062845e+06 3.567347040431166068e+06 5.172525221981828101e+06 4.666299612394989817e+05 1.045768047311849310e+06 -6.499378509802595945e+05 -9.933402344196016202e+04
2.463952736731673591e+06 1.050029442067613825e+06 8.048227564108209917e+05 2.035199683121919807e+05 -3.432329753268131026e+04 2.254339892600609455e+05 8.561871854777868430e+04 6.346302006208286184e+04 -5.098404716554394690e+04 2.748316059015639126e+06 -1.813595488925813232e+06 9.152117915560762631e+05 1.050673320718686329e+06 4.666299612394989817e+05 2.006405918019351782e+06 6.071803677033672575e+05 8.249872949072709889e+04 -2.308259273863632916e+04
1.235040214278603904e+06 1.488385244105675491e+06 -2.894335934369415045e+05 5.491514261359175725e+04 -2.973542040021129651e+05 3.165477603129672207e+04 1.122642733485757344e+05 4.776953843425249215e+04 -1.249668169204206060e+05 2.177758254811965395e+06 -3.985287960942829959e+06 -6.163916686237266986e+05 1.111195147554171039e+06 1.045768047311849310e+06 6.071803677033672575e+05 1.657208491986356443e+06 -2.309715031457499135e+05 2.090426664944156801e+04
1.111664839800276794e+06 3.504550081107284059e+05 -2.580506913072797470e+05 -2.775159663242000970e+05 -1.500691694606593810e+05 1.717945002883860434e+05 -5.771497775196446310e+04 7.659285136156349836e+03 4.456849143936135079e+03 -1.679441002645235974e+06 2.220389129905813839e+06 -2.211688137667028641e+05 -1.591513275279446680e+05 -6.499378509802595945e+05 8.249872949072709889e+04 -2.309715031457499135e+05 9.085695513862225926e+05 -2.098590758066924536e+04
-8.280453138764010509e+05 -3.485801641579322750e+05 5.960899559133793227e+05 -9.737794051693567599e+04 1.494074318779614405e+05 -3.947485738939132716e+04 1.363309511733715190e+05 1.155946350305073429e+05 1.148799814151279425e+05 -1.432039271966588683e+06 -2.242469447292742785e+06 8.245829734333012020e+05 6.101311622759413440e+05 -9.933402344196016202e+04 -2.308259273863632916e+04 2.090426664944156801e+04 -2.098590758066924536e+04 8.003991219175158767e+05
