5.796213419765233994e+07 1.867085264631045237e+07 -4.166146848881218582e+06 -6.215346812546688598e+05 1.523823298663682537e+06 -5.265706675267363898e+05 3.968097831371646607e+05 -3.386611319114427897e+05 1.923228264343547053e+05 4.690728906740517169e+07 2.074566296339149773e+07 -1.300852223512748722e+06 5.829557680864098482e+06 6.821976644391419366e+06 4.114340933658072725e+06 4.332523308408406563e+06 7.116445616715044016e+05 3.706298515583082335e+05
1.867085264631045237e+07 3.156827722282417864e+07 2.315415423555141024e+05 -3.950738805558614549e+05 1.091372566740454175e+06 -1.497930301504108356e+06 1.473216719128925433e+04 -8.567551574918009283e+04 1.310877872663834132e+05 6.586436384240521118e+06 2.992022471636739746e+07 9.581600183417862281e+06 2.700074737367296126e+06 9.299499229719531722e+05 -1.632532648060582811e+06 1.187099278641604120e+06 2.289334971774728037e+05 -1.311806446311067091e+06
-4.166146848881218582e+06 2.315415423555141024e+05 4.789202333292391151e+06 1.285830013748676138e+05 -1.795209934336903971e+05 -3.043864664647881291e+05 -2.565686577947334445e+05 -1.346442634014366013e+04 -2.793265556248130160e+05 2.182567961933851242e+06 2.136374517559527885e+06 3.101023119397063274e+06 2.783542237430087756e+06 2.698444157232138678e+05 2.698380388608530629e+05 -1.014776349547605496e+05 6.158149204785460461e+04 -2.848579218105728505e+05
-6.215346812546688598e+05 -3.950738805558614549e+05 1.285830013748676138e+05 2.049089695149478037e+06 1.819599266838903422e+05 -5.012389606983445265e+04 6.461679337528590986e+04 -1.812012146063058753e+04 1.018909293836424695e+03 -7.220310302822848316e+05 1.512823043576884083e+05 1.491830759086373495e+06 1.972942745109196519e+06 -1.650973251148822892e+05 -2.526170747968682845e+05 -3.111719959825138721e+04 -7.440120987329885247e+04 9.380343792595762352e+04
1.523823298663682537e+06 1.091372566740454175e+06 -1.795209934336903971e+05 1.819599266838903422e+05 9.819024995611301856e+05 1.079440786103046557e+05 2.287676635369345604e+05 1.719161736535402597e+05 9.630506166176570696e+04 2.224093175365571864e+06 -1.056375130618636496e+06 2.434813652335906518e+05 -4.724344615269105998e+04 6.708291160687732045e+05 -5.750926639858700946e+04 -1.664087978463693289e+05 1.148670981063768122e+05 -4.822190892914163851e+04
-5.265706675267363898e+05 -1.497930301504108356e+06 -3.043864664647881291e+05 -5.012389606983445265e+04 1.079440786103046557e+05 5.445969942593807355e+05 -1.491082992705613833e+04 6.434188792198515148e+04 5.022052111977653112e+04 -4.074048121962006204e+06 -1.770846219676145352e+06 -1.338568432117683114e+06 -4.721924996867894079e+05 -1.502378084562104486e+05 2.185588336009268824e+05 -3.033931500009656302e+05 1.635387725558026286e+05 1.011451833422686468e+05
3.968097831371646607e+05 1.473216719128925433e+04 -2.565686577947334445e+05 6.461679337528590986e+04 2.287676635369345604e+05 -1.491082992705613833e+04 2.638645292634687503e+05 2.033177703232898784e+05 4.527507789218782273e+04 -1.486523882783105073e+05 -2.024036039059625764e+05 2.908298427682463662e+05 -2.472149838475710712e+05 4.200300011413095635e+05 -8.657119300136588572e+04 1.007335322676191572e+05 7.413764393984762137e+04 1.190720152897110165e+04
-3.386611319114427897e+05 -8.567551574918009283e+04 -1.346442634014366013e+04 -1.812012146063058753e+04 1.719161736535402597e+05 6.434188792198515148e+04 2.033177703232898784e+05 3.050172466096535791e+05 7.195865648928382143e+04 -7.544378556985007599e+05 -3.844830923440888873e+05 -5.389463643445466878e+05 -3.622208016923276591e+05 9.982449861264158972e+04 -1.388806890670981957e+05 3.962647718544161762e+04 1.789937908695471415e+05 2.308609437391844767e+04
1.923228264343547053e+05 1.310877872663834132e+05 -2.793265556248130160e+05 1.018909293836424695e+03 9.630506166176570696e+04 5.022052111977653112e+04 4.527507789218782273e+04 7.195865648928382143e+04 1.422738385184897925e+05 7.705888810089315521e+05 4.808542555289419251e+05 -3.521312183159219567e+05 -2.721589203771842876e+05 1.175287227192614228e+05 8.329881641957536340e+04 -2.985790700294547059e+04 7.081266929026979778e+04 6.866091271017430699e+04
4.690728906740517169e+07 6.586436384240521118e+06 2.182567961933851242e+06 -7.220310302822848316e+05 2.224093175365571864e+06 -4.074048121962006204e+06 -1.486523882783105073e+05 -7.544378556985007599e+05 7.705888810089315521e+05 2.608142157632797062e+08 1.173972968866608292e+07 -2.589035011977160349e+06 2.159430652232538164e+07 -2.366117796264567412e+06 6.253790262621955946e+06 4.122144971824187785e+06 -1.660737179584463593e+06 -9.778988564357206633e+04
2.074566296339149773e+07 2.992022471636739746e+07 2.136374517559527885e+06 1.512823043576884083e+05 -1.056375130618636496e+06 -1.770846219676145352e+06 -2.024036039059625764e+05 -3.844830923440888873e+05 4.808542555289419251e+05 1.173972968866608292e+07 7.156783112604263425e+07 1.016310296433510073e+07 5.080460304790209047e+06 1.010948494377485913e+05 -5.309407497350897174e+05 -1.704580540486962127e+05 -5.737169603255272523e+04 5.891246700166161463e+04
-1.300852223512748722e+06 9.581600183417862281e+06 3.101023119397063274e+06 1.491830759086373495e+06 2.434813652335906518e+05 -1.338568432117683114e+06 2.908298427682463662e+05 -5.389463643445466878e+05 -3.521312183159219567e+05 -2.589035011977160349e+06 1.016310296433510073e+07 3.379903681045207381e+07 1.078537198257173877e+06 3.427985298952997196e+06 6.490092864647645038e+05 -1.297495242962779710e+06 -5.463661408312617568e+05 3.953631849332034471e+04
5.829557680864098482e+06 2.700074737367296126e+06 2.783542237430087756e+06 1.972942745109196519e+06 -4.724344615269105998e+04 -4.721924996867894079e+05 -2.472149838475710712e+05 -3.622208016923276591e+05 -2.721589203771842876e+05 2.159430652232538164e+07 5.080460304790209047e+06 1.078537198257173877e+06 1.347112403099557199e+07 8.952216294184861472e+05 5.846090836831704946e+05 1.957199692461664323e+06 -5.646456919412878342e+05 -5.564803985282794747e+04
6.821976644391419366e+06 9.299499229719531722e+05 2.698444157232138678e+05 -1.650973251148822892e+05 6.708291160687732045e+05 -1.502378084562104486e+05 4.200300011413095635e+05 9.982449861264158972e+04 1.175287227192614228e+05 -2.366117796264567412e+06 1.010948494377485913e+05 3.427985298952997196e+06 8.952216294184861472e+05 7.871852218084451742e+06 2.744387235281203408e+06 8.683736211700640852e+05 4.656588433395006577e+05 7.448229124007032951e+05
4.114340933658072725e+06 -1.632532648060582811e+06 2.698380388608530629e+05 -2.526170747968682845e+05 -5.750926639858700946e+04 2.185588336009268824e+05 -8.657119300136588572e+04 -1.388806890670981957e+05 8.329881641957536340e+04 6.253790262621955946e+06 -5.309407497350897174e+05 6.490092864647645038e+05 5.846090836831704946e+05 2.744387235281203408e+06 3.329739294362716377e+06 2.329873782188404875e+05 -9.193425059053942095e+04 5.237860572817682405e+05
4.332523308408406563e+06 1.187099278641604120e+06 -1.014776349547605496e+05 -3.111719959825138721e+04 -1.664087978463693289e+05 -3.033931500009656302e+05 1.007335322676191572e+05 3.962647718544161762e+04 -2.985790700294547059e+04 4.122144971824187785e+06 -1.704580540486962127e+05 -1.297495242962779710e+06 1.957199692461664323e+06 8.683736211700640852e+05 2.329873782188404875e+05 2.082487140828852309e+06 2.236441399205681591e+04 -9.408184618193356437e+04
7.116445616715044016e+05 2.289334971774728037e+05 6.158149204785460461e+04 -7.440120987329885247e+04 1.148670981063768122e+05 1.635387725558026286e+05 7.413764393984762137e+04 1.789937908695471415e+05 7.081266929026979778e+04 -1.660737179584463593e+06 -5.737169603255272523e+04 -5.463661408312617568e+05 -5.646456919412878342e+05 4.656588433395006577e+05 -9.193425059053942095e+04 2.236441399205681591e+04 9.325362437927311985e+05 1.473697203198689094e+05
3.706298515583082335e+05 -1.311806446311067091e+06 -2.848579218105728505e+05 9.380343792595762352e+04 -4.822190892914163851e+04 1.011451833422686468e+05 1.190720152897110165e+04 2.308609437391844767e+04 6.866091271017430699e+04 -9.778988564357206633e+04 5.891246700166161463e+04 3.953631849332034471e+04 -5.564803985282794747e+04 7.448229124007032951e+05 5.237860572817682405e+05 -9.408184618193356437e+04 1.473697203198689094e+05 5.515155158463130938e+05
