5.205920656698361039e+07 1.005767464134201035e+07 -2.019614002150989836e+06 4.883451639478641446e+05 -1.060453355081677902e+06 -1.222160200076822191e+06 7.342684500770061277e+04 -8.001876128965081880e+05 -5.792544178443924757e+05 8.888926273515813053e+06 6.259697306229599053e+05 -2.523858298201486003e+06 1.261888795447326731e+06 3.164239560071996413e+06 5.477236855651533697e+05 -1.100433050310893916e+06 -3.029529106085508130e+06 2.974056035432855133e+05
1.005767464134201035e+07 1.730398289398128539e+07 1.373770027483304264e+06 3.473382037154413993e+05 -1.186159905627103755e+06 1.035908923158891121e+05 3.508939129581212183e+05 -4.807976984282795456e+05 -2.373689430760157993e+05 -2.958639416012138594e+06 5.083268023786622798e+05 -2.073119094946066150e+06 1.948384505263454746e+06 -7.361778298106656875e+05 1.460410140328590525e+06 6.525572716775877634e+05 -7.832748959441047627e+05 -2.555739472334829043e+05
-2.019614002150989836e+06 1.373770027483304264e+06 6.157639171462116763e+06 9.895572728760710452e+05 1.550271354227351490e+06 7.285364751089055790e+05 -1.764672798449934999e+04 1.514590191947664134e+05 1.581341281182135863e+05 3.678936671522696270e+05 -3.680828718755118549e+06 4.843158328081408399e+05 -9.144419222614334431e+05 -7.510983024550129812e+03 1.253707402781657409e+06 -4.724034716796203866e+05 3.375650504599413252e+05 -7.644841386801544577e+05
4.883451639478641446e+05 3.473382037154413993e+05 9.895572728760710452e+05 1.642943690571776126e+06 4.038411713460533647e+05 9.414815637372207129e+04 1.271019727474343963e+05 -6.545068878387706354e+04 -8.388834745643580391e+03 -4.271417333223391324e+06 -1.943348535499822348e+06 -5.595115612609813688e+05 -8.547962820653099334e+04 -3.504278000874517602e+05 -1.933891001174611447e+05 4.218301877941031125e+04 3.020421475165886222e+05 -2.512178041343003861e+05
-1.060453355081677902e+06 -1.186159905627103755e+06 1.550271354227351490e+06 4.038411713460533647e+05 1.655686990906471154e+06 3.234221722740789410e+05 -1.754670974702535023e+05 2.140737195745895442e+05 6.705831073098455090e+04 2.845558209152545314e+05 -1.138397472279281938e+05 3.954856670735611697e+05 1.071858412004972110e+06 1.496107707369870972e+06 4.707593952146800002e+05 -9.952729470491973916e+04 1.257078991829972510e+05 -1.753473650623140566e+05
-1.222160200076822191e+06 1.035908923158891121e+05 7.285364751089055790e+05 9.414815637372207129e+04 3.234221722740789410e+05 6.270620477714276640e+05 2.712531325583402577e+04 5.615159908973245911e+04 9.097078356285052723e+04 2.223048437273836229e+06 -1.070320829063939862e+06 -7.047791217542762170e+05 -4.477256266448957031e+05 4.863399656279435731e+05 6.003671282374274451e+05 1.991188941820822947e+04 -5.027789909345898195e+03 -2.617009637095007201e+04
7.342684500770061277e+04 3.508939129581212183e+05 -1.764672798449934999e+04 1.271019727474343963e+05 -1.754670974702535023e+05 2.712531325583402577e+04 2.404205170660020376e+05 5.613608070941895676e+03 -1.224499271416276497e+04 -9.870628944362667389e+05 -4.759812955279768212e+05 -5.930045329830098490e+04 -4.321527429836615920e+04 -2.520530219470345764e+05 -9.632885056556253403e+04 1.190344902600538917e+05 3.124473797586997898e+04 9.883495219638654089e+04
-8.001876128965081880e+05 -4.807976984282795456e+05 1.514590191947664134e+05 -6.545068878387706354e+04 2.140737195745895442e+05 5.615159908973245911e+04 5.613608070941895676e+03 3.115481858901883243e+05 4.871537120468524517e+04 6.780227890536857303e+05 1.214068400143648905e+05 6.688950958137362613e+04 -3.920240889866249054e+05 7.389122674066376931e+04 -3.101567246816630723e+04 2.486157582002073832e+04 2.060807245818919037e+05 3.987774289951271930e+04
-5.792544178443924757e+05 -2.373689430760157993e+05 1.581341281182135863e+05 -8.388834745643580391e+03 6.705831073098455090e+04 9.097078356285052723e+04 -1.224499271416276497e+04 4.871537120468524517e+04 8.428258357625710778e+04 -1.305877981200747425e+06 -1.101063399654229761e+04 1.257819153350360139e+05 1.197530698405201838e+05 1.462500784608947288e+05 -1.277815805553089376e+04 -1.759070669562698822e+04 -7.424307376009710424e+03 3.531138274086972524e+04
8.888926273515813053e+06 -2.958639416012138594e+06 3.678936671522696270e+05 -4.271417333223391324e+06 2.845558209152545314e+05 2.223048437273836229e+06 -9.870628944362667389e+05 6.780227890536857303e+05 -1.305877981200747425e+06 1.956756146643565893e+08 8.832839535861000419e+06 -1.491454318315163488e+06 -1.593746687091442943e+07 7.591987545943561010e+06 -1.160526551312042633e+06 -4.731824686950840056e+06 3.623158581637231982e+05 6.311132569400604116e+05
6.259697306229599053e+05 5.083268023786622798e+05 -3.680828718755118549e+06 -1.943348535499822348e+06 -1.138397472279281938e+05 -1.070320829063939862e+06 -4.759812955279768212e+05 1.214068400143648905e+05 -1.101063399654229761e+04 8.832839535861000419e+06 4.928311408120059222e+07 1.608319442232718877e+07 6.715243801723930053e+06 2.178689902415279765e+06 -3.721728699176444788e+05 1.230296787311703200e+06 2.597205932136334013e+05 2.015120732374779647e+06
-2.523858298201486003e+06 -2.073119094946066150e+06 4.843158328081408399e+05 -5.595115612609813688e+05 3.954856670735611697e+05 -7.047791217542762170e+05 -5.930045329830098490e+04 6.688950958137362613e+04 1.257819153350360139e+05 -1.491454318315163488e+06 1.608319442232718877e+07 1.602610416095024720e+07 3.645117834953610785e+06 1.785486914578554919e+06 -1.694107976448459784e+06 5.551857004724149592e+05 1.119614474178861710e+05 6.466219734633765183e+05
1.261888795447326731e+06 1.948384505263454746e+06 -9.144419222614334431e+05 -8.547962820653099334e+04 1.071858412004972110e+06 -4.477256266448957031e+05 -4.321527429836615920e+04 -3.920240889866249054e+05 1.197530698405201838e+05 -1.593746687091442943e+07 6.715243801723930053e+06 3.645117834953610785e+06 8.883441019933983684e+06 1.379923158255902585e+06 -4.289155995641793706e+05 1.673689234710762103e+05 -7.884800825241205748e+05 3.174303733367492678e+05
3.164239560071996413e+06 -7.361778298106656875e+05 -7.510983024550129812e+03 -3.504278000874517602e+05 1.496107707369870972e+06 4.863399656279435731e+05 -2.520530219470345764e+05 7.389122674066376931e+04 1.462500784608947288e+05 7.591987545943561010e+06 2.178689902415279765e+06 1.785486914578554919e+06 1.379923158255902585e+06 6.971465426624112763e+06 6.206661181785672670e+05 1.054966801086687046e+05 -6.524114768661874114e+05 1.275606806037346396e+05
5.477236855651533697e+05 1.460410140328590525e+06 1.253707402781657409e+06 -1.933891001174611447e+05 4.707593952146800002e+05 6.003671282374274451e+05 -9.632885056556253403e+04 -3.101567246816630723e+04 -1.277815805553089376e+04 -1.160526551312042633e+06 -3.721728699176444788e+05 -1.694107976448459784e+06 -4.289155995641793706e+05 6.206661181785672670e+05 2.626027815612850711e+06 -6.512914793674624889e+03 -2.072251411798155750e+05 -5.605706503563978476e+05
-1.100433050310893916e+06 6.525572716775877634e+05 -4.724034716796203866e+05 4.218301877941031125e+04 -9.952729470491973916e+04 1.991188941820822947e+04 1.190344902600538917e+05 2.486157582002073832e+04 -1.759070669562698822e+04 -4.731824686950840056e+06 1.230296787311703200e+06 5.551857004724149592e+05 1.673689234710762103e+05 1.054966801086687046e+05 -6.512914793674624889e+03 1.439318116157004610e+06 -1.751474419532657776e+05 1.133284011443254858e+05
-3.029529106085508130e+06 -7.832748959441047627e+05 3.375650504599413252e+05 3.020421475165886222e+05 1.257078991829972510e+05 -5.027789909345898195e+03 3.124473797586997898e+04 2.060807245818919037e+05 -7.424307376009710424e+03 3.623158581637231982e+05 2.597205932136334013e+05 1.119614474178861710e+05 -7.884800825241205748e+05 -6.524114768661874114e+05 -2.072251411798155750e+05 -1.751474419532657776e+05 8.927542503940641182e+05 -7.290102146495004126e+04
2.974056035432855133e+05 -2.555739472334829043e+05 -7.644841386801544577e+05 -2.512178041343003861e+05 -1.753473650623140566e+05 -2.617009637095007201e+04 9.883495219638654089e+04 3.987774289951271930e+04 3.531138274086972524e+04 6.311132569400604116e+05 2.015120732374779647e+06 6.466219734633765183e+05 3.174303733367492678e+05 1.275606806037346396e+05 -5.605706503563978476e+05 1.133284011443254858e+05 -7.290102146495004126e+04 6.097790928206577664e+05
