4.551179059241741896e+07 2.322599472332735080e+06 -1.777105976959546562e+06 -2.212901521191604435e+06 8.322017460606220993e+04 -7.457219814778695581e+05 -7.775761901575133670e+05 -6.553443078194631962e+05 -5.648585032400269993e+05 3.826597967166671902e+07 -7.428465035600873642e+06 -8.228980199735546485e+06 -1.530451862247042358e+06 3.632483175686420291e+05 -1.203110225397502771e+06 -2.177119600822004024e+06 -3.458400751193438191e+05 7.702796248475066386e+05
2.322599472332735080e+06 1.845355224564950168e+07 1.631276760830536019e+06 -1.090655974391715834e+06 2.714322896996720228e+05 -5.889330478442502208e+05 5.899966827048004052e+04 -3.611578640905690845e+05 -2.746886218766623642e+05 1.551100892890262045e+07 1.350533201222142950e+07 1.377661877078098711e+06 -2.913293760426843073e+06 4.819989925339360489e+05 4.829855082046494354e+05 2.549035612551424128e+05 3.032910730945662363e+05 5.183845148268964840e+05
-1.777105976959546562e+06 1.631276760830536019e+06 5.635215593828529119e+06 7.133884862132519484e+05 -1.118494866156411590e+05 -1.934467919112065865e+05 -1.536004350403746939e+05 -3.218963072901493870e+05 3.357181016636156710e+04 -7.675413397693507373e+06 5.729190965090435930e+05 3.224425364558699075e+05 2.335682026708314195e+06 2.301770249591100961e+06 7.483486482126667397e+05 -3.045969355477840290e+05 1.879702069129405718e+05 -2.712833398526294040e+05
-2.212901521191604435e+06 -1.090655974391715834e+06 7.133884862132519484e+05 2.502760042159839999e+06 6.763831540560297435e+05 1.625047343717410404e+05 -1.700064595118191937e+04 -1.949941933114162530e+05 2.662095915991165748e+04 -1.132914874776714481e+07 4.612180061104753986e+06 -2.998204670890368870e+05 -1.593388196754546952e+05 2.294648115152892133e+05 -4.081683513298337930e+05 -6.851964672739001689e+05 -5.466319774292794755e+05 -2.299980227240997483e+05
8.322017460606220993e+04 2.714322896996720228e+05 -1.118494866156411590e+05 6.763831540560297435e+05 1.066735659042738145e+06 2.369077095418016834e+05 6.144355712635962846e+04 -5.442234528205539391e+04 -8.749958975875453325e+04 -4.209916277900213376e+06 2.184428246987680905e+06 1.317226016720421845e+06 -1.999540095548094905e+04 4.204277298752426286e+05 -1.883010533385086746e+05 -2.952895393514591851e+05 -2.164736860949754773e+05 -2.912428910031060514e+04
-7.457219814778695581e+05 -5.889330478442502208e+05 -1.934467919112065865e+05 1.625047343717410404e+05 2.369077095418016834e+05 4.346863288849618984e+05 7.386936874055030057e+04 3.658378706050219625e+04 -7.509566370889326208e+03 -7.752463841190673411e+05 2.193909930564555340e+06 5.969459915459704353e+05 4.305783332156696124e+05 4.201845121256938437e+05 2.105739789374555130e+03 -7.400912193952685629e+04 2.823053585984549954e+03 1.365719652915013139e+05
-7.775761901575133670e+05 5.899966827048004052e+04 -1.536004350403746939e+05 -1.700064595118191937e+04 6.144355712635962846e+04 7.386936874055030057e+04 2.618145755964831042e+05 6.844567248310627474e+04 1.681209097367704453e+04 -1.252887381251262501e+06 1.866261401935247122e+05 2.295043770213783318e+03 1.809927934967147012e+05 -2.176781870675572136e+05 -1.291741230542087869e+05 1.846822882048403262e+05 -2.485437903712751358e+04 2.785895093373555937e+04
-6.553443078194631962e+05 -3.611578640905690845e+05 -3.218963072901493870e+05 -1.949941933114162530e+05 -5.442234528205539391e+04 3.658378706050219625e+04 6.844567248310627474e+04 1.842534906864350487e+05 4.156435763108953688e+04 -1.549813185532880947e+06 -8.398045498768575490e+05 4.504353438574546017e+05 -4.851745787672006409e+05 1.393790232897870301e+05 -1.623484324139378732e+05 4.184459424009050417e+04 8.643038543673047388e+04 2.351412716355823795e+04
-5.648585032400269993e+05 -2.746886218766623642e+05 3.357181016636156710e+04 2.662095915991165748e+04 -8.749958975875453325e+04 -7.509566370889326208e+03 1.681209097367704453e+04 4.156435763108953688e+04 1.216007942046159878e+05 -7.731712720901664579e+05 -5.903335569442663109e+05 -3.261844867091538035e+05 -2.933118450125454110e+05 -3.083443016637964320e+04 -9.676718720701246639e+04 1.138132938225384714e+04 1.007899308203074324e+05 5.964699636298386758e+04
3.826597967166671902e+07 1.551100892890262045e+07 -7.675413397693507373e+06 -1.132914874776714481e+07 -4.209916277900213376e+06 -7.752463841190673411e+05 -1.252887381251262501e+06 -1.549813185532880947e+06 -7.731712720901664579e+05 2.342861440500428677e+08 2.821064490358851105e+07 -2.318017981925599650e+07 7.869501380590905435e+06 -2.782745036566623487e+06 6.653663426876247860e+06 4.233805507957064547e+06 3.899014155680880649e+05 2.839868820177106187e+06
-7.428465035600873642e+06 1.350533201222142950e+07 5.729190965090435930e+05 4.612180061104753986e+06 2.184428246987680905e+06 2.193909930564555340e+06 1.866261401935247122e+05 -8.398045498768575490e+05 -5.903335569442663109e+05 2.821064490358851105e+07 1.187263161632796824e+08 -1.218181354959090427e+07 -5.981647968323936686e+06 8.178181477051962167e+06 2.601405763264787383e+05 -4.239217424346943153e+05 -9.585946521839807974e+05 3.089055045684140176e+06
-8.228980199735546485e+06 1.377661877078098711e+06 3.224425364558699075e+05 -2.998204670890368870e+05 1.317226016720421845e+06 5.969459915459704353e+05 2.295043770213783318e+03 4.504353438574546017e+05 -3.261844867091538035e+05 -2.318017981925599650e+07 -1.218181354959090427e+07 2.250500697873836383e+07 7.204710431082841940e+06 2.665939700558792174e+04 8.051431570050381197e+03 -2.565320064723271353e+05 1.137955798468308989e+06 -4.011982162008034065e+05
-1.530451862247042358e+06 -2.913293760426843073e+06 2.335682026708314195e+06 -1.593388196754546952e+05 -1.999540095548094905e+04 4.305783332156696124e+05 1.809927934967147012e+05 -4.851745787672006409e+05 -2.933118450125454110e+05 7.869501380590905435e+06 -5.981647968323936686e+06 7.204710431082841940e+06 1.993016021377238631e+07 -7.919024133299405221e+05 1.677395622984387213e+06 6.935635025025077630e+05 1.131358354095180519e+06 -6.999077245891236817e+04
3.632483175686420291e+05 4.819989925339360489e+05 2.301770249591100961e+06 2.294648115152892133e+05 4.204277298752426286e+05 4.201845121256938437e+05 -2.176781870675572136e+05 1.393790232897870301e+05 -3.083443016637964320e+04 -2.782745036566623487e+06 8.178181477051962167e+06 2.665939700558792174e+04 -7.919024133299405221e+05 6.113219743988322094e+06 1.886009746699341340e+06 1.632682664126281743e+05 6.331735671258179937e+05 7.718255472027811920e+05
-1.203110225397502771e+06 4.829855082046494354e+05 7.483486482126667397e+05 -4.081683513298337930e+05 -1.883010533385086746e+05 2.105739789374555130e+03 -1.291741230542087869e+05 -1.623484324139378732e+05 -9.676718720701246639e+04 6.653663426876247860e+06 2.601405763264787383e+05 8.051431570050381197e+03 1.677395622984387213e+06 1.886009746699341340e+06 3.376466948837604374e+06 5.774865630015678471e+05 7.213972870939500863e+05 3.679325499045180040e+05
-2.177119600822004024e+06 2.549035612551424128e+05 -3.045969355477840290e+05 -6.851964672739001689e+05 -2.952895393514591851e+05 -7.400912193952685629e+04 1.846822882048403262e+05 4.184459424009050417e+04 1.138132938225384714e+04 4.233805507957064547e+06 -4.239217424346943153e+05 -2.565320064723271353e+05 6.935635025025077630e+05 1.632682664126281743e+05 5.774865630015678471e+05 1.661429623979312368e+06 4.716327900417147321e+05 2.848405550914341584e+05
-3.458400751193438191e+05 3.032910730945662363e+05 1.879702069129405718e+05 -5.466319774292794755e+05 -2.164736860949754773e+05 2.823053585984549954e+03 -2.485437903712751358e+04 8.643038543673047388e+04 1.007899308203074324e+05 3.899014155680880649e+05 -9.585946521839807974e+05 1.137955798468308989e+06 1.131358354095180519e+06 6.331735671258179937e+05 7.213972870939500863e+05 4.716327900417147321e+05 9.894773814242457738e+05 4.365507334667512332e+05
7.702796248475066386e+05 5.183845148268964840e+05 -2.712833398526294040e+05 -2.299980227240997483e+05 -2.912428910031060514e+04 1.365719652915013139e+05 2.785895093373555937e+04 2.351412716355823795e+04 5.964699636298386758e+04 2.839868820177106187e+06 3.089055045684140176e+06 -4.011982162008034065e+05 -6.999077245891236817e+04 7.718255472027811920e+05 3.679325499045180040e+05 2.848405550914341584e+05 4.365507334667512332e+05 6.400000404804487480e+05
