3.998007200037124008e+07 3.168530418522283901e+06 -1.483342856488732854e+06 2.307260047770957928e+06 5.814779935322698439e+05 1.657532868979152408e+05 1.391891615044756792e+06 7.678716841736487113e+05 7.677447657220585970e+05 1.443778762588608824e+07 3.954304287796476274e+05 -7.102033086835328722e+05 2.029506099121747306e+06 -2.222174897947314603e+05 1.600408131048397860e+06 1.089207714448375395e+06 4.752817304098840686e+05 7.753516132913351757e+05
3.168530418522283901e+06 1.746676695629542693e+07 3.071503948942263611e+06 1.977972360278608510e+06 5.195506308218928170e+05 2.102655026606734318e+05 -1.180277088265632920e+05 3.110872093191096792e+05 3.729322516658429522e+05 1.071787607924409583e+07 4.454436536080464721e+06 3.536508774862557650e+06 1.445555550697843079e+06 -1.495785508106085472e+05 -8.238178919354216196e+05 -8.962824040439878590e+05 6.291142054165836889e+05 7.571533025533441687e+05
-1.483342856488732854e+06 3.071503948942263611e+06 8.305691604972938076e+06 1.193461664476622827e+06 1.037609910022156313e+06 2.937965077917210292e+05 5.478794228299858514e+05 -7.031625074889481766e+04 5.021723719231094583e+04 6.806566581330358749e+05 1.392130202911157627e+06 7.898194775138114579e+06 2.696978539221982006e+06 1.438478504772685701e+06 4.286173218552887556e+05 -9.351094944309766870e+05 2.469556299347059103e+05 1.400421158115202270e+05
2.307260047770957928e+06 1.977972360278608510e+06 1.193461664476622827e+06 2.427591138418375980e+06 2.789565316367212217e+05 1.709355264587705024e+05 2.591358933983483585e+05 -2.471293651634638536e+03 1.258655815407593764e+05 -1.319796198561234865e+06 -4.529007944516615244e+05 1.737362700781381223e+06 2.396400508224967867e+06 1.469375355619252892e+06 7.559105392317951191e+05 1.530861649034724978e+05 1.400621141041840019e+05 7.427617239097427955e+03
5.814779935322698439e+05 5.195506308218928170e+05 1.037609910022156313e+06 2.789565316367212217e+05 9.652759632133241976e+05 1.151879885761651676e+05 2.216106555227264180e+05 6.570779637903050752e+04 -1.278841724414956843e+04 -3.656793892853248864e+06 -2.219670383085735608e+06 2.578406750415212940e+06 1.129823952361912001e+06 1.324100595639428124e+06 7.675629380465752911e+04 2.015472250228064077e+05 -1.612427713703859081e+04 -2.211771055324966073e+04
1.657532868979152408e+05 2.102655026606734318e+05 2.937965077917210292e+05 1.709355264587705024e+05 1.151879885761651676e+05 5.407111152657396160e+05 9.990827344389016798e+04 1.997917904483763050e+04 2.124340288443037207e+04 -3.731120321200090926e+06 3.926662916205327201e+04 1.338566174863987369e+06 -2.509871324538961198e+04 3.101871134505629889e+05 1.001835616195382318e+05 9.247451158097050211e+04 -3.958257320159997471e+04 -8.019257247999947867e+04
1.391891615044756792e+06 -1.180277088265632920e+05 5.478794228299858514e+05 2.591358933983483585e+05 2.216106555227264180e+05 9.990827344389016798e+04 4.706745396714014933e+05 5.695545506213619956e+04 3.705987772432223210e+03 -1.005912283216204843e+06 -2.455444966874347301e+04 6.720846017208310077e+05 8.669594274178498890e+05 6.587050639543443685e+05 2.676977958222545567e+05 1.581428438264397555e+05 1.196723802427233022e+05 -9.168826191239756008e+04
7.678716841736487113e+05 3.110872093191096792e+05 -7.031625074889481766e+04 -2.471293651634638536e+03 6.570779637903050752e+04 1.997917904483763050e+04 5.695545506213619956e+04 1.886363526723320829e+05 6.242750775675062323e+04 2.078176195329215989e+04 9.875304605340663693e+04 2.845581806146601448e+05 -8.181272049186444201e+04 -7.592809125679131830e+04 8.462260382021563419e+04 1.924595681628491729e+05 2.309070291565650259e+05 -6.551135417742341815e+04
7.677447657220585970e+05 3.729322516658429522e+05 5.021723719231094583e+04 1.258655815407593764e+05 -1.278841724414956843e+04 2.124340288443037207e+04 3.705987772432223210e+03 6.242750775675062323e+04 8.617559140373455011e+04 9.304346840147615876e+05 2.710688922962861834e+05 3.723036727425187128e+05 1.430250309582581394e+05 -2.404877568017643935e+05 7.783555463413131656e+04 7.873934639533069276e+04 6.967653318341010890e+04 1.187347966942371022e+04
1.443778762588608824e+07 1.071787607924409583e+07 6.806566581330358749e+05 -1.319796198561234865e+06 -3.656793892853248864e+06 -3.731120321200090926e+06 -1.005912283216204843e+06 2.078176195329215989e+04 9.304346840147615876e+05 2.762047436925778389e+08 1.161834007195106521e+07 9.843712214454529807e+06 3.778245781078494620e+06 -1.066781636867872253e+07 4.789092269685448264e+05 8.119855091838118620e+06 6.277536502635866636e+05 4.044558330469099339e+06
3.954304287796476274e+05 4.454436536080464721e+06 1.392130202911157627e+06 -4.529007944516615244e+05 -2.219670383085735608e+06 3.926662916205327201e+04 -2.455444966874347301e+04 9.875304605340663693e+04 2.710688922962861834e+05 1.161834007195106521e+07 4.604587355549281836e+07 -7.930222279110890813e+06 -2.193325016062875744e+06 -3.976165859907924663e+06 -1.912292364869380137e+06 9.173527339764039498e+05 1.348438567621185677e+06 -4.962907827427220764e+05
-7.102033086835328722e+05 3.536508774862557650e+06 7.898194775138114579e+06 1.737362700781381223e+06 2.578406750415212940e+06 1.338566174863987369e+06 6.720846017208310077e+05 2.845581806146601448e+05 3.723036727425187128e+05 9.843712214454529807e+06 -7.930222279110890813e+06 2.422462809577607736e+07 5.754048468018873595e+06 3.417440191509241704e+06 1.507469326721362595e+05 7.523168507444697898e+05 7.041594143961276859e+05 1.224857346426889766e+06
2.029506099121747306e+06 1.445555550697843079e+06 2.696978539221982006e+06 2.396400508224967867e+06 1.129823952361912001e+06 -2.509871324538961198e+04 8.669594274178498890e+05 -8.181272049186444201e+04 1.430250309582581394e+05 3.778245781078494620e+06 -2.193325016062875744e+06 5.754048468018873595e+06 1.352154865699844062e+07 5.233449468508250080e+06 4.453222409780598246e+05 -4.572729925763290375e+05 3.878183331524071982e+05 3.180524082810221589e+05
-2.222174897947314603e+05 -1.495785508106085472e+05 1.438478504772685701e+06 1.469375355619252892e+06 1.324100595639428124e+06 3.101871134505629889e+05 6.587050639543443685e+05 -7.592809125679131830e+04 -2.404877568017643935e+05 -1.066781636867872253e+07 -3.976165859907924663e+06 3.417440191509241704e+06 5.233449468508250080e+06 5.525217687218788080e+06 5.597691953774353024e+05 -4.103367454473371035e+05 -3.019616526017986325e+04 -1.680512337071008515e+05
1.600408131048397860e+06 -8.238178919354216196e+05 4.286173218552887556e+05 7.559105392317951191e+05 7.675629380465752911e+04 1.001835616195382318e+05 2.676977958222545567e+05 8.462260382021563419e+04 7.783555463413131656e+04 4.789092269685448264e+05 -1.912292364869380137e+06 1.507469326721362595e+05 4.453222409780598246e+05 5.597691953774353024e+05 2.362612005303649232e+06 2.798080263653367292e+05 1.439473180240200600e+05 -1.486901641544185113e+05
1.089207714448375395e+06 -8.962824040439878590e+05 -9.351094944309766870e+05 1.530861649034724978e+05 2.015472250228064077e+05 9.247451158097050211e+04 1.581428438264397555e+05 1.924595681628491729e+05 7.873934639533069276e+04 8.119855091838118620e+06 9.173527339764039498e+05 7.523168507444697898e+05 -4.572729925763290375e+05 -4.103367454473371035e+05 2.798080263653367292e+05 2.301211087841778994e+06 3.351629958907749096e+04 -2.952962278606448672e+05
4.752817304098840686e+05 6.291142054165836889e+05 2.469556299347059103e+05 1.400621141041840019e+05 -1.612427713703859081e+04 -3.958257320159997471e+04 1.196723802427233022e+05 2.309070291565650259e+05 6.967653318341010890e+04 6.277536502635866636e+05 1.348438567621185677e+06 7.041594143961276859e+05 3.878183331524071982e+05 -3.019616526017986325e+04 1.439473180240200600e+05 3.351629958907749096e+04 1.030270788661875296e+06 5.362528069401589892e+04
7.753516132913351757e+05 7.571533025533441687e+05 1.400421158115202270e+05 7.427617239097427955e+03 -2.211771055324966073e+04 -8.019257247999947867e+04 -9.168826191239756008e+04 -6.551135417742341815e+04 1.187347966942371022e+04 4.044558330469099339e+06 -4.962907827427220764e+05 1.224857346426889766e+06 3.180524082810221589e+05 -1.680512337071008515e+05 -1.486901641544185113e+05 -2.952962278606448672e+05 5.362528069401589892e+04 6.851335562624695012e+05
