6.989391832248438895e+07 -1.433930061136416858e+06 3.957302532609433401e+06 -2.212729434546800621e+05 -2.650979108091073576e+05 -1.089169339677424403e+06 -8.925768083827317460e+05 -2.894660377206667326e+05 1.281101040394113224e+05 1.743684944995835423e+07 1.250756301361674629e+07 -8.086873109279713593e+06 4.236368232038669288e+06 2.230877671470250469e+06 3.909305741105749621e+05 1.035364196339280345e+06 -1.509780415943607688e+06 -1.316700707877982175e+06
-1.433930061136416858e+06 1.455754730753223225e+07 9.045758767058838566e+04 -8.830566883769595297e+05 -6.490548586114138598e+05 -6.270839167394244578e+05 -8.565266997948988574e+05 -2.522092466505368357e+05 -2.653842647200238425e+05 -9.810506213634684682e+06 8.816936113204220310e+06 3.028239026564066298e+06 4.158992246930643916e+06 -2.733896291968886741e+06 -1.376995324737810530e+06 -1.494336258737089112e+06 3.165053637768571498e+05 6.900786238763611764e+05
3.957302532609433401e+06 9.045758767058838566e+04 3.859054785579431336e+06 6.258857362181381322e+05 5.291899374156725826e+05 -3.414478700813536761e+03 -2.685690054220791208e+05 -8.638212174545488961e+04 -1.956508098167399585e+05 2.645394286814562511e+06 1.109160668146378594e+06 9.095629218144031474e+05 5.540956882934259920e+04 5.285706529690216994e+05 1.339584602978364564e+05 6.267042960210870951e+05 7.615622496031204355e+04 4.120508355542523786e+05
-2.212729434546800621e+05 -8.830566883769595297e+05 6.258857362181381322e+05 2.632788541621702258e+06 4.078577824136141571e+05 3.551326302431635122e+04 -6.960477341525570955e+04 5.001474985882942565e+04 8.288071247353000217e+03 -5.347381271755727939e+05 -3.791624730496604927e+06 1.053758322361608269e+06 8.641043714616727084e+05 1.756343408096491767e+05 -4.720170236119009787e+05 -2.308499398354844379e+04 -6.142331940564347897e+05 7.451906248893986922e+05
-2.650979108091073576e+05 -6.490548586114138598e+05 5.291899374156725826e+05 4.078577824136141571e+05 1.527076038271931931e+06 9.277532786067858979e+04 -2.386540098589231493e+05 4.642265929336978297e+04 -4.531823656148273585e+04 9.281404434056507889e+05 1.317499224361906527e+06 7.802658049305623863e+05 1.360524535086062271e+06 1.860864491382347420e+06 1.050852746898747864e+05 -3.024213798625666823e+04 1.297661764764554100e+05 2.381233123915778415e+05
-1.089169339677424403e+06 -6.270839167394244578e+05 -3.414478700813536761e+03 3.551326302431635122e+04 9.277532786067858979e+04 6.280485272313632304e+05 7.730077971148137294e+04 -2.995118197463273759e+02 3.405680779103377427e+04 1.949571199881024426e+06 1.063235515918363853e+04 2.483053162247812725e+05 -2.986644788983555627e+05 5.779296115928188665e+05 3.904943398766210303e+05 2.097158822676324926e+05 1.520393157048709400e+05 -8.454387860940259998e+04
-8.925768083827317460e+05 -8.565266997948988574e+05 -2.685690054220791208e+05 -6.960477341525570955e+04 -2.386540098589231493e+05 7.730077971148137294e+04 4.282839198344968609e+05 7.146102448421952431e+04 9.615938360799039947e+04 3.938246853860257543e+05 -7.996490682278521126e+05 -3.339409463644659263e+05 -7.009121921448294306e+05 4.032189651491480618e+04 -7.328684100840399333e+04 3.417619652829950792e+05 -3.340223018801525905e+04 -4.943044692989540636e+04
-2.894660377206667326e+05 -2.522092466505368357e+05 -8.638212174545488961e+04 5.001474985882942565e+04 4.642265929336978297e+04 -2.995118197463273759e+02 7.146102448421952431e+04 1.564502353640710644e+05 3.425529259530291893e+04 -9.901981261436188361e+05 -5.114436386534365010e+05 5.134876745172790252e+05 -1.009173279063775990e+05 1.795883840137100487e+05 -5.616772412308478670e+04 2.318678092846455111e+05 8.879259519064272172e+04 3.226907460050604186e+03
1.281101040394113224e+05 -2.653842647200238425e+05 -1.956508098167399585e+05 8.288071247353000217e+03 -4.531823656148273585e+04 3.405680779103377427e+04 9.615938360799039947e+04 3.425529259530291893e+04 8.903064317390299402e+04 -1.792000069866413251e+05 -2.079732766139750602e+05 -2.465293080465936509e+05 -2.113494399144945492e+05 1.456018868415367324e+05 4.710737159533312661e+04 1.090572883852134692e+05 8.858558138935803072e+03 -2.627465618159543737e+03
1.743684944995835423e+07 -9.810506213634684682e+06 2.645394286814562511e+06 -5.347381271755727939e+05 9.281404434056507889e+05 1.949571199881024426e+06 3.938246853860257543e+05 -9.901981261436188361e+05 -1.792000069866413251e+05 3.085854255997048020e+08 5.560863551674400456e+06 -4.893636465756205842e+06 -8.135014401537464932e+06 -3.047964669905778021e+06 -4.444825225230455399e+06 -2.104651716446427628e+06 -3.512847518731064163e+06 4.841579045287235640e+06
1.250756301361674629e+07 8.816936113204220310e+06 1.109160668146378594e+06 -3.791624730496604927e+06 1.317499224361906527e+06 1.063235515918363853e+04 -7.996490682278521126e+05 -5.114436386534365010e+05 -2.079732766139750602e+05 5.560863551674400456e+06 3.889672036309471726e+07 -5.567818877620459534e+06 4.656648651070892811e+06 2.714741585815286264e+06 1.221023490940185729e+06 1.350303930853578029e+06 3.425581400287930155e+05 8.008311850711250445e+05
-8.086873109279713593e+06 3.028239026564066298e+06 9.095629218144031474e+05 1.053758322361608269e+06 7.802658049305623863e+05 2.483053162247812725e+05 -3.339409463644659263e+05 5.134876745172790252e+05 -2.465293080465936509e+05 -4.893636465756205842e+06 -5.567818877620459534e+06 3.645009102036481351e+07 5.311570735061132349e+06 -2.201941886522919813e+05 -2.214157811094065197e+06 -2.713566594261124264e+06 4.866298873280283296e+05 9.224278554186421679e+05
4.236368232038669288e+06 4.158992246930643916e+06 5.540956882934259920e+04 8.641043714616727084e+05 1.360524535086062271e+06 -2.986644788983555627e+05 -7.009121921448294306e+05 -1.009173279063775990e+05 -2.113494399144945492e+05 -8.135014401537464932e+06 4.656648651070892811e+06 5.311570735061132349e+06 1.291884965835715272e+07 1.091685429640913149e+06 -1.060151796301747963e+05 -5.633438624369647587e+05 6.920090845792475156e+05 6.989556702006212436e+05
2.230877671470250469e+06 -2.733896291968886741e+06 5.285706529690216994e+05 1.756343408096491767e+05 1.860864491382347420e+06 5.779296115928188665e+05 4.032189651491480618e+04 1.795883840137100487e+05 1.456018868415367324e+05 -3.047964669905778021e+06 2.714741585815286264e+06 -2.201941886522919813e+05 1.091685429640913149e+06 6.648862931248519570e+06 2.573584219887260348e+06 1.573468900560756680e+06 -3.372750065839348244e+05 2.207747047795560211e+05
3.909305741105749621e+05 -1.376995324737810530e+06 1.339584602978364564e+05 -4.720170236119009787e+05 1.050852746898747864e+05 3.904943398766210303e+05 -7.328684100840399333e+04 -5.616772412308478670e+04 4.710737159533312661e+04 -4.444825225230455399e+06 1.221023490940185729e+06 -2.214157811094065197e+06 -1.060151796301747963e+05 2.573584219887260348e+06 3.486735313121120911e+06 9.532434649349123938e+05 -1.105996730479175312e+04 -1.693982848637703282e+05
1.035364196339280345e+06 -1.494336258737089112e+06 6.267042960210870951e+05 -2.308499398354844379e+04 -3.024213798625666823e+04 2.097158822676324926e+05 3.417619652829950792e+05 2.318678092846455111e+05 1.090572883852134692e+05 -2.104651716446427628e+06 1.350303930853578029e+06 -2.713566594261124264e+06 -5.633438624369647587e+05 1.573468900560756680e+06 9.532434649349123938e+05 1.973092850576901110e+06 1.684305012978567393e+05 -5.207209224264301884e+04
-1.509780415943607688e+06 3.165053637768571498e+05 7.615622496031204355e+04 -6.142331940564347897e+05 1.297661764764554100e+05 1.520393157048709400e+05 -3.340223018801525905e+04 8.879259519064272172e+04 8.858558138935803072e+03 -3.512847518731064163e+06 3.425581400287930155e+05 4.866298873280283296e+05 6.920090845792475156e+05 -3.372750065839348244e+05 -1.105996730479175312e+04 1.684305012978567393e+05 1.347377052268408006e+06 8.341730107435953687e+04
-1.316700707877982175e+06 6.900786238763611764e+05 4.120508355542523786e+05 7.451906248893986922e+05 2.381233123915778415e+05 -8.454387860940259998e+04 -4.943044692989540636e+04 3.226907460050604186e+03 -2.627465618159543737e+03 4.841579045287235640e+06 8.008311850711250445e+05 9.224278554186421679e+05 6.989556702006212436e+05 2.207747047795560211e+05 -1.693982848637703282e+05 -5.207209224264301884e+04 8.341730107435953687e+04 1.066979021696990822e+06
