6.210133965608048439e+07 1.840053263392038271e+07 1.313883944239156554e+06 -4.803019534786667791e+05 -1.130693675399376545e+06 2.242288150993793970e+05 -2.231829673016497982e+05 4.581323235239466885e+05 -1.664352016508494853e+05 5.949212393526571244e+07 1.194419546309164725e+07 -7.970728081307569519e+06 1.721594445154433604e+06 1.289334496820207685e+06 1.156501129564338364e+06 -2.048416575701013207e+06 -1.328418239297936670e+06 3.429458718426735140e+05
1.840053263392038271e+07 2.458007917802853137e+07 5.670422168988895603e+06 -6.096691089835398598e+05 -1.366190842981192051e+06 -3.741073624595629517e+05 -6.738641068363987142e+04 -5.768067031781606056e+04 -1.676852062541252053e+03 1.471789453067054972e+07 1.520856300280876271e+07 6.358634082786589861e+06 3.122019434239047114e+06 5.002557675155661418e+05 2.162917328223956283e+06 -1.360453125408700900e+06 2.108758172039083547e+03 4.009574448664239026e+05
1.313883944239156554e+06 5.670422168988895603e+06 4.103886381368947681e+06 3.128592989071445772e+05 -4.787819547675084323e+05 -2.010806938325352676e+05 1.462280818734656496e+05 -7.607247863692404644e+04 6.921506904172024224e+04 1.139382776684072101e+06 -4.440162906378197484e+06 8.735944474267472979e+05 -1.738489897650989224e+04 1.457820012362098554e+06 1.161268446067742771e+06 8.028159221878569224e+04 9.411757845661148895e+04 -3.488773436516515794e+05
-4.803019534786667791e+05 -6.096691089835398598e+05 3.128592989071445772e+05 1.720401698175078724e+06 4.253477583795638056e+05 1.550361259219665080e+05 -2.358566135737258082e+04 -2.288583159945777516e+04 1.475755812606916334e+04 -5.518913953222591430e+06 -2.082773363812456373e+06 -5.339565881896587089e+05 1.174806569208669011e+06 8.190995527736096410e+05 -2.236564443228573946e+05 9.008193619368562941e+04 1.862318400826428551e+05 1.317111586133277742e+05
-1.130693675399376545e+06 -1.366190842981192051e+06 -4.787819547675084323e+05 4.253477583795638056e+05 1.007576049624133506e+06 1.212367991974904726e+05 -2.690706615572819283e+04 5.573941299915153650e+04 1.266288032281664528e+04 -7.511917632548933616e+05 -1.424767839072568109e+06 -7.082711974111970048e+05 3.878754763731513522e+05 3.014323864266858436e+05 -3.150877746741095325e+05 -1.863376422480248439e+05 -1.236921779062476853e+05 7.536067185769323260e+04
2.242288150993793970e+05 -3.741073624595629517e+05 -2.010806938325352676e+05 1.550361259219665080e+05 1.212367991974904726e+05 4.347977035979153588e+05 -6.122243632826089015e+04 9.119381882646089070e+04 4.640623991837348876e+04 -1.362133248078493634e+06 1.132847671202039812e+06 -1.262487489236713300e+05 -2.029925025657012011e+05 -5.698198684896606719e+05 2.449741163778094415e+04 -2.871998824578042695e+04 -1.421401437873726536e+05 -8.798040772270166781e+04
-2.231829673016497982e+05 -6.738641068363987142e+04 1.462280818734656496e+05 -2.358566135737258082e+04 -2.690706615572819283e+04 -6.122243632826089015e+04 3.157636528951505315e+05 -3.237508376496363098e+02 -4.846253485998298856e+03 -4.115270414434212144e+05 1.456135235274187871e+05 -5.237260714738049865e+04 -2.683030140207577497e+05 -3.474922180533488281e+05 6.284242799500702677e+04 2.467174240477235289e+05 -6.974810677249729633e+04 1.684702650061813256e+04
4.581323235239466885e+05 -5.768067031781606056e+04 -7.607247863692404644e+04 -2.288583159945777516e+04 5.573941299915153650e+04 9.119381882646089070e+04 -3.237508376496363098e+02 1.623281821206301684e+05 3.618914841915904981e+04 -1.401026514414388454e+06 4.472528995321780676e+05 -8.870802161629415059e+04 2.041472908605498378e+05 -3.434630566602780164e+04 -5.782722414672762170e+03 -5.619237626988092416e+03 3.533912252874449041e+04 5.546272871343626321e+04
-1.664352016508494853e+05 -1.676852062541252053e+03 6.921506904172024224e+04 1.475755812606916334e+04 1.266288032281664528e+04 4.640623991837348876e+04 -4.846253485998298856e+03 3.618914841915904981e+04 8.375009864194241527e+04 -5.382807235763176577e+05 -2.938902034115897841e+05 -2.769752149616546812e+05 2.132127201255894906e+05 -9.476154214858943305e+04 2.714609392060426399e+04 3.612445731969461485e+04 -1.896250101661646477e+04 2.128024805852065765e+04
5.949212393526571244e+07 1.471789453067054972e+07 1.139382776684072101e+06 -5.518913953222591430e+06 -7.511917632548933616e+05 -1.362133248078493634e+06 -4.115270414434212144e+05 -1.401026514414388454e+06 -5.382807235763176577e+05 2.573536406480058432e+08 2.629578419753591344e+07 5.809582161914589815e+06 -3.403540023598159198e+06 -1.008117474463712424e+07 -5.110215238700437360e+06 -2.853163589451835491e+06 -3.266094110827936791e+06 -3.383467881737323012e+06
1.194419546309164725e+07 1.520856300280876271e+07 -4.440162906378197484e+06 -2.082773363812456373e+06 -1.424767839072568109e+06 1.132847671202039812e+06 1.456135235274187871e+05 4.472528995321780676e+05 -2.938902034115897841e+05 2.629578419753591344e+07 1.076609403693823069e+08 2.219279028236803785e+07 -1.436789357928185258e+06 -5.864525368136545643e+06 -2.867058126912767533e+06 1.364558952259202721e+06 -5.037455378784766071e+05 9.792459569950097939e+05
-7.970728081307569519e+06 6.358634082786589861e+06 8.735944474267472979e+05 -5.339565881896587089e+05 -7.082711974111970048e+05 -1.262487489236713300e+05 -5.237260714738049865e+04 -8.870802161629415059e+04 -2.769752149616546812e+05 5.809582161914589815e+06 2.219279028236803785e+07 2.713952483540347591e+07 -1.014816474644211121e+06 -1.510927097877135500e+06 4.734868644649912603e+05 -2.853655338419600157e+05 -5.676293814777451189e+04 9.900453050397368497e+04
1.721594445154433604e+06 3.122019434239047114e+06 -1.738489897650989224e+04 1.174806569208669011e+06 3.878754763731513522e+05 -2.029925025657012011e+05 -2.683030140207577497e+05 2.041472908605498378e+05 2.132127201255894906e+05 -3.403540023598159198e+06 -1.436789357928185258e+06 -1.014816474644211121e+06 1.087701852394089475e+07 2.186356519891068805e+06 -1.266528449439534888e+05 4.681236099938644911e+05 7.243109656947677722e+05 1.446782612730087480e+06
1.289334496820207685e+06 5.002557675155661418e+05 1.457820012362098554e+06 8.190995527736096410e+05 3.014323864266858436e+05 -5.698198684896606719e+05 -3.474922180533488281e+05 -3.434630566602780164e+04 -9.476154214858943305e+04 -1.008117474463712424e+07 -5.864525368136545643e+06 -1.510927097877135500e+06 2.186356519891068805e+06 7.240572944519364275e+06 1.601213002773520537e+06 7.457241465621350799e+05 4.355294982839138247e+05 6.904221327313485381e+04
1.156501129564338364e+06 2.162917328223956283e+06 1.161268446067742771e+06 -2.236564443228573946e+05 -3.150877746741095325e+05 2.449741163778094415e+04 6.284242799500702677e+04 -5.782722414672762170e+03 2.714609392060426399e+04 -5.110215238700437360e+06 -2.867058126912767533e+06 4.734868644649912603e+05 -1.266528449439534888e+05 1.601213002773520537e+06 3.223829780538612511e+06 7.453111702282847837e+05 7.676927332324507006e+04 -1.906618938661105349e+05
-2.048416575701013207e+06 -1.360453125408700900e+06 8.028159221878569224e+04 9.008193619368562941e+04 -1.863376422480248439e+05 -2.871998824578042695e+04 2.467174240477235289e+05 -5.619237626988092416e+03 3.612445731969461485e+04 -2.853163589451835491e+06 1.364558952259202721e+06 -2.853655338419600157e+05 4.681236099938644911e+05 7.457241465621350799e+05 7.453111702282847837e+05 1.704780185285910731e+06 1.718309420283015643e+05 -6.033823598388429673e+04
-1.328418239297936670e+06 2.108758172039083547e+03 9.411757845661148895e+04 1.862318400826428551e+05 -1.236921779062476853e+05 -1.421401437873726536e+05 -6.974810677249729633e+04 3.533912252874449041e+04 -1.896250101661646477e+04 -3.266094110827936791e+06 -5.037455378784766071e+05 -5.676293814777451189e+04 7.243109656947677722e+05 4.355294982839138247e+05 7.676927332324507006e+04 1.718309420283015643e+05 6.997338911714504939e+05 3.107345750937958364e+05
3.429458718426735140e+05 4.009574448664239026e+05 -3.488773436516515794e+05 1.317111586133277742e+05 7.536067185769323260e+04 -8.798040772270166781e+04 1.684702650061813256e+04 5.546272871343626321e+04 2.128024805852065765e+04 -3.383467881737323012e+06 9.792459569950097939e+05 9.900453050397368497e+04 1.446782612730087480e+06 6.904221327313485381e+04 -1.906618938661105349e+05 -6.033823598388429673e+04 3.107345750937958364e+05 6.975621027138554491e+05
