7.533706515719278157e+07 1.048777476556591690e+07 2.477337240102841519e+06 -2.262859191934534349e+06 2.708767648248300888e+06 -7.945907456993323285e+05 3.639414592512056115e+05 8.562569165474945912e+05 4.749272085682059405e+05 6.624661351047182083e+07 1.453776116847847030e+07 -3.373686067250525579e+06 -6.088118726546568796e+06 7.213692057210250059e+05 -6.144023031953912141e+04 1.321538168545490131e+06 -1.214088925979971420e+06 -1.671176793687530793e+06
1.048777476556591690e+07 1.643495767238122970e+07 3.189133405347400694e+05 1.758426083214160753e+05 1.773934207894558203e+05 -3.645432685202349676e+05 -4.214518310604536964e+04 4.359329512500817655e+05 1.271981062229738163e+05 -5.301945487713731825e+06 5.377245716234519146e+06 1.414967823008220177e+06 3.395908801117975265e+06 2.601906533113502897e+06 2.052650309641320491e+05 -5.195119105381914997e+05 -2.658637418805777997e+04 -3.968954959364397218e+05
2.477337240102841519e+06 3.189133405347400694e+05 6.288566499059990048e+06 1.982624796267467318e+06 1.107082126039772993e+06 -7.214740366514501511e+04 -1.469696512153320364e+05 -6.092922376321724005e+04 -6.441575124877896087e+03 -6.085957556909355335e+05 1.726365236660420895e+06 1.439334314255850157e+06 2.245241558648054022e+06 4.630687016631035949e+05 3.243853816427525016e+05 -1.763994116868147976e+05 -2.966814480744909379e+05 -5.103267360126083368e+05
-2.262859191934534349e+06 1.758426083214160753e+05 1.982624796267467318e+06 2.550718571151262615e+06 8.832434549512116937e+05 4.935446665747089719e+04 -5.333610839796437358e+04 -9.397630132325841987e+04 -3.145805314637093034e+04 -1.247469544920582790e+06 6.571031591019268380e+05 -3.016254865560940234e+05 1.447885694525136845e+06 7.124590391104386654e+05 6.057982807798364665e+05 -3.217666521113946219e+05 -4.006620022035367583e+04 -2.044293246573592478e+05
2.708767648248300888e+06 1.773934207894558203e+05 1.107082126039772993e+06 8.832434549512116937e+05 1.333578082036780426e+06 4.959630628289164451e+04 1.420996289308276901e+05 7.551276272965509270e+04 1.266597814160008056e+04 4.277757504179791547e+06 8.761446391140961787e+05 -3.829721383284059120e+05 -9.713518206246076152e+05 9.328842120526314247e+05 8.191803429772891104e+05 -6.884959789997180633e+04 -2.699106171367876232e+05 -2.594008977696137154e+05
-7.945907456993323285e+05 -3.645432685202349676e+05 -7.214740366514501511e+04 4.935446665747089719e+04 4.959630628289164451e+04 7.164734958974121837e+05 2.098184737372464588e+04 -1.546228937649853833e+04 1.273455023061842221e+05 -5.663904037670149468e+06 1.293585743890804006e+06 8.963975211605113873e+04 -3.560750355403197464e+05 6.289611824428735999e+05 1.473222449617570965e+05 -3.508300849058674794e+04 -8.336600026254229306e+04 4.020307843105990173e+02
3.639414592512056115e+05 -4.214518310604536964e+04 -1.469696512153320364e+05 -5.333610839796437358e+04 1.420996289308276901e+05 2.098184737372464588e+04 2.435784542609167111e+05 1.199890189196293941e+05 3.657993642318217462e+04 2.849702977533118683e+05 -2.083021061040633358e+05 2.410703792004888819e+05 -2.930161807697060867e+05 6.823957895264288527e+04 2.163488165512150226e+04 -3.122139105619203474e+04 6.871118741035518178e+04 9.416964731730968924e+04
8.562569165474945912e+05 4.359329512500817655e+05 -6.092922376321724005e+04 -9.397630132325841987e+04 7.551276272965509270e+04 -1.546228937649853833e+04 1.199890189196293941e+05 2.014639365676906600e+05 3.781254122208210174e+04 -5.318541381300456123e+05 1.031830646638593025e+05 -4.257109774568745343e+04 -4.560824040334739257e+05 -5.405102658263875492e+04 4.412492653080759919e+04 1.055903703113502124e+05 1.640036744961625081e+05 4.965424127012274403e+04
4.749272085682059405e+05 1.271981062229738163e+05 -6.441575124877896087e+03 -3.145805314637093034e+04 1.266597814160008056e+04 1.273455023061842221e+05 3.657993642318217462e+04 3.781254122208210174e+04 9.733819697134885064e+04 -8.162382390893177362e+05 8.892227750946132001e+05 3.398374916525008157e+05 -3.884048531601513969e+05 2.064797144219572365e+05 -5.010280240164397401e+04 7.585021961482315965e+04 6.887938820535158447e+04 4.159918880200107378e+04
6.624661351047182083e+07 -5.301945487713731825e+06 -6.085957556909355335e+05 -1.247469544920582790e+06 4.277757504179791547e+06 -5.663904037670149468e+06 2.849702977533118683e+05 -5.318541381300456123e+05 -8.162382390893177362e+05 2.921802360850837827e+08 1.805491644204090536e+07 -1.137267456282312982e+07 -9.203601311320133507e+06 -8.275954971655245172e+05 7.149962985224405304e+06 2.420093975173239131e+06 -2.946384299861587584e+06 -3.505235120127839036e+06
1.453776116847847030e+07 5.377245716234519146e+06 1.726365236660420895e+06 6.571031591019268380e+05 8.761446391140961787e+05 1.293585743890804006e+06 -2.083021061040633358e+05 1.031830646638593025e+05 8.892227750946132001e+05 1.805491644204090536e+07 7.371119633494234085e+07 9.793601581030528992e+06 4.762370466431804001e+06 4.056219406673531514e+06 -2.020477775294013787e+06 1.195147422488004668e+06 -8.035681433195214486e+05 -1.474472932705460116e+06
-3.373686067250525579e+06 1.414967823008220177e+06 1.439334314255850157e+06 -3.016254865560940234e+05 -3.829721383284059120e+05 8.963975211605113873e+04 2.410703792004888819e+05 -4.257109774568745343e+04 3.398374916525008157e+05 -1.137267456282312982e+07 9.793601581030528992e+06 1.924474582528419793e+07 2.234798146001385991e+06 -2.352013267578548752e+06 -1.796848166544556734e+05 1.184475442965913098e+06 -1.781584952524886176e+05 -4.874955285882465541e+05
-6.088118726546568796e+06 3.395908801117975265e+06 2.245241558648054022e+06 1.447885694525136845e+06 -9.713518206246076152e+05 -3.560750355403197464e+05 -2.930161807697060867e+05 -4.560824040334739257e+05 -3.884048531601513969e+05 -9.203601311320133507e+06 4.762370466431804001e+06 2.234798146001385991e+06 1.507586986687771417e+07 1.337005588966866257e+06 9.581406131983413070e+04 -5.820988595291257370e+05 -7.198004263098101364e+05 1.977184081441280141e+05
7.213692057210250059e+05 2.601906533113502897e+06 4.630687016631035949e+05 7.124590391104386654e+05 9.328842120526314247e+05 6.289611824428735999e+05 6.823957895264288527e+04 -5.405102658263875492e+04 2.064797144219572365e+05 -8.275954971655245172e+05 4.056219406673531514e+06 -2.352013267578548752e+06 1.337005588966866257e+06 7.439178472926228307e+06 1.050383594748909120e+06 -4.705242297639633762e+04 -2.873749136466679629e+05 4.981280605592207867e+05
-6.144023031953912141e+04 2.052650309641320491e+05 3.243853816427525016e+05 6.057982807798364665e+05 8.191803429772891104e+05 1.473222449617570965e+05 2.163488165512150226e+04 4.412492653080759919e+04 -5.010280240164397401e+04 7.149962985224405304e+06 -2.020477775294013787e+06 -1.796848166544556734e+05 9.581406131983413070e+04 1.050383594748909120e+06 3.098855224750671536e+06 5.972801808326627361e+05 1.668276317288917198e+05 -4.014386769171778724e+04
1.321538168545490131e+06 -5.195119105381914997e+05 -1.763994116868147976e+05 -3.217666521113946219e+05 -6.884959789997180633e+04 -3.508300849058674794e+04 -3.122139105619203474e+04 1.055903703113502124e+05 7.585021961482315965e+04 2.420093975173239131e+06 1.195147422488004668e+06 1.184475442965913098e+06 -5.820988595291257370e+05 -4.705242297639633762e+04 5.972801808326627361e+05 1.186699825789365219e+06 2.024274429555723618e+05 1.040067287907664286e+05
-1.214088925979971420e+06 -2.658637418805777997e+04 -2.966814480744909379e+05 -4.006620022035367583e+04 -2.699106171367876232e+05 -8.336600026254229306e+04 6.871118741035518178e+04 1.640036744961625081e+05 6.887938820535158447e+04 -2.946384299861587584e+06 -8.035681433195214486e+05 -1.781584952524886176e+05 -7.198004263098101364e+05 -2.873749136466679629e+05 1.668276317288917198e+05 2.024274429555723618e+05 1.234845242537933635e+06 4.334983093339341576e+05
-1.671176793687530793e+06 -3.968954959364397218e+05 -5.103267360126083368e+05 -2.044293246573592478e+05 -2.594008977696137154e+05 4.020307843105990173e+02 9.416964731730968924e+04 4.965424127012274403e+04 4.159918880200107378e+04 -3.505235120127839036e+06 -1.474472932705460116e+06 -4.874955285882465541e+05 1.977184081441280141e+05 4.981280605592207867e+05 -4.014386769171778724e+04 1.040067287907664286e+05 4.334983093339341576e+05 6.323695533687997377e+05
