7.876855829900752008e+07 1.104845821086457931e+07 -2.752829355721273925e+06 -2.204751662507106550e+06 7.872390692171161063e+05 1.591236906877738889e+06 9.385765437553471420e+05 -5.413412424963514786e+05 -1.204531241136356723e+06 2.971891364425869659e+07 1.402668703740194440e+07 -1.083252595669123344e+07 -5.024586288645966910e+06 6.679848345952974632e+06 -2.925826727652916219e+06 -1.169938134495335864e+06 -3.223288087540988810e+06 -2.071500705853393534e+06
1.104845821086457931e+07 1.669203486165577732e+07 6.934547060189412441e+05 1.526844949059860548e+06 2.573711843937382509e+05 1.041018216700398480e+06 4.902994099000591668e+05 -2.906495610747117098e+04 1.502057889910878439e+05 4.797443421296844259e+06 1.838585383421479538e+07 9.720970905004648492e+06 2.909917052580350544e+06 5.095740197310235817e+05 8.567497870572488755e+05 6.547767291140481830e+05 -3.989314562766298186e+05 1.996476537310030544e+05
-2.752829355721273925e+06 6.934547060189412441e+05 6.847859722598806024e+06 1.478444733331740368e+06 8.353990749426122056e+05 5.528968117726471974e+05 1.971674483399596938e+05 1.546486600299486599e+04 -7.022224215843569255e+04 1.637821737065263558e+06 -6.110680012444662862e+05 9.013238850597130135e+06 1.813029780354162212e+06 -1.685337235859215027e+06 1.087817989312906575e+05 -4.207791809251359082e+05 1.636486624841355078e+05 6.400745326536410721e+05
-2.204751662507106550e+06 1.526844949059860548e+06 1.478444733331740368e+06 2.256780727547756396e+06 2.779481838648286066e+05 5.725525516657717526e+05 7.292802683179650921e+04 1.358406967352120555e+05 7.360641656015337503e+04 2.054260160165757174e+06 1.631957111826687353e+06 4.179684153315266129e+06 2.075205571553045418e+06 5.073791089443339151e+05 5.478575785464826040e+05 2.039668094354713103e+05 5.423516775939973013e+04 -1.741885442985015106e+04
7.872390692171161063e+05 2.573711843937382509e+05 8.353990749426122056e+05 2.779481838648286066e+05 9.810868707856871188e+05 2.808670739997250494e+05 1.480758982863274578e+05 1.194560674250654120e+05 4.246972161155426875e+04 1.229967718445682898e+06 2.850857725229711505e+05 5.647959068082855083e+05 3.966595235328715644e+05 6.040385126920056064e+05 3.132858734637324233e+04 3.160353200647023041e+05 2.143407887197590899e+05 -1.086364743989387644e+05
1.591236906877738889e+06 1.041018216700398480e+06 5.528968117726471974e+05 5.725525516657717526e+05 2.808670739997250494e+05 7.657640739152631722e+05 7.942731958353462687e+04 6.771389619458412926e+04 -3.350578294828469370e+04 2.618633186299394292e+05 7.916052774979930837e+04 1.016014567526541767e+06 7.184754593024483183e+05 6.805434982183035463e+05 3.263373500117580988e+05 1.294947764906163684e+04 5.397784762948269054e+04 -6.257398511174469604e+04
9.385765437553471420e+05 4.902994099000591668e+05 1.971674483399596938e+05 7.292802683179650921e+04 1.480758982863274578e+05 7.942731958353462687e+04 2.807728189008095651e+05 1.057253135255483503e+05 1.043342557419398690e+04 3.348828408954866230e+06 1.556607075751497643e+06 2.651547961334250285e+05 1.715621140110670240e+05 -2.284120931970786769e+05 -8.130652236127268407e+04 2.336771369517774729e+05 8.417449983363292995e+04 2.055330232415547653e+04
-5.413412424963514786e+05 -2.906495610747117098e+04 1.546486600299486599e+04 1.358406967352120555e+05 1.194560674250654120e+05 6.771389619458412926e+04 1.057253135255483503e+05 2.317086253088884114e+05 5.618467161196545931e+04 1.066998423582831630e+06 4.631214606566362781e+05 -1.066817937140942813e+05 3.249134667917524930e+05 7.723380108169047162e+04 1.906766449223000091e+05 1.125446605861279386e+05 1.408623011442512216e+05 -5.697861639406296490e+03
-1.204531241136356723e+06 1.502057889910878439e+05 -7.022224215843569255e+04 7.360641656015337503e+04 4.246972161155426875e+04 -3.350578294828469370e+04 1.043342557419398690e+04 5.618467161196545931e+04 1.432508197301606415e+05 1.151297149685301410e+05 2.610823805330641626e+05 8.440544472541309369e+04 3.705625236785076559e+05 -1.791768715697206208e+05 -1.597639751266518433e+05 4.678991949377497804e+04 3.306371279534491623e+04 7.891286833433965512e+04
2.971891364425869659e+07 4.797443421296844259e+06 1.637821737065263558e+06 2.054260160165757174e+06 1.229967718445682898e+06 2.618633186299394292e+05 3.348828408954866230e+06 1.066998423582831630e+06 1.151297149685301410e+05 1.884139063826957345e+08 4.267622906527172029e+07 -6.711977256234508008e+06 -2.407760977618399542e+06 -8.161658638914935291e+06 3.110930885098855477e+06 3.517102661990556866e+06 -2.076306198712533573e+06 -2.220858106592197437e+06
1.402668703740194440e+07 1.838585383421479538e+07 -6.110680012444662862e+05 1.631957111826687353e+06 2.850857725229711505e+05 7.916052774979930837e+04 1.556607075751497643e+06 4.631214606566362781e+05 2.610823805330641626e+05 4.267622906527172029e+07 8.323753394405072927e+07 1.456338179729099758e+07 7.678521382351887412e+06 -1.961940924624067731e+06 -1.984468592288228683e+05 3.980356654441283550e+06 -1.657694027618280845e+06 -1.032501050905346288e+06
-1.083252595669123344e+07 9.720970905004648492e+06 9.013238850597130135e+06 4.179684153315266129e+06 5.647959068082855083e+05 1.016014567526541767e+06 2.651547961334250285e+05 -1.066817937140942813e+05 8.440544472541309369e+04 -6.711977256234508008e+06 1.456338179729099758e+07 3.888425715456217527e+07 7.439231386832239106e+06 -1.097086445187487174e+06 9.256669700538479956e+05 1.268828897009732318e+05 3.956851205483591912e+04 1.000556552694650367e+06
-5.024586288645966910e+06 2.909917052580350544e+06 1.813029780354162212e+06 2.075205571553045418e+06 3.966595235328715644e+05 7.184754593024483183e+05 1.715621140110670240e+05 3.249134667917524930e+05 3.705625236785076559e+05 -2.407760977618399542e+06 7.678521382351887412e+06 7.439231386832239106e+06 1.037641099104397744e+07 -4.321198136000018567e+05 -2.015692339882103624e+04 3.588524038706837455e+05 8.216286574190682732e+05 6.867143415842003888e+05
6.679848345952974632e+06 5.095740197310235817e+05 -1.685337235859215027e+06 5.073791089443339151e+05 6.040385126920056064e+05 6.805434982183035463e+05 -2.284120931970786769e+05 7.723380108169047162e+04 -1.791768715697206208e+05 -8.161658638914935291e+06 -1.961940924624067731e+06 -1.097086445187487174e+06 -4.321198136000018567e+05 6.117692990149627440e+06 1.116896681530409958e+06 2.458136908445493827e+04 -3.042227053026683279e+05 -1.908840011477217486e+05
-2.925826727652916219e+06 8.567497870572488755e+05 1.087817989312906575e+05 5.478575785464826040e+05 3.132858734637324233e+04 3.263373500117580988e+05 -8.130652236127268407e+04 1.906766449223000091e+05 -1.597639751266518433e+05 3.110930885098855477e+06 -1.984468592288228683e+05 9.256669700538479956e+05 -2.015692339882103624e+04 1.116896681530409958e+06 3.087233144770938437e+06 -3.266359535485089873e+05 3.243741126028252183e+05 -2.691327986452080077e+05
-1.169938134495335864e+06 6.547767291140481830e+05 -4.207791809251359082e+05 2.039668094354713103e+05 3.160353200647023041e+05 1.294947764906163684e+04 2.336771369517774729e+05 1.125446605861279386e+05 4.678991949377497804e+04 3.517102661990556866e+06 3.980356654441283550e+06 1.268828897009732318e+05 3.588524038706837455e+05 2.458136908445493827e+04 -3.266359535485089873e+05 1.895703801812640857e+06 4.310439599845813354e+05 1.242702250348809175e+05
-3.223288087540988810e+06 -3.989314562766298186e+05 1.636486624841355078e+05 5.423516775939973013e+04 2.143407887197590899e+05 5.397784762948269054e+04 8.417449983363292995e+04 1.408623011442512216e+05 3.306371279534491623e+04 -2.076306198712533573e+06 -1.657694027618280845e+06 3.956851205483591912e+04 8.216286574190682732e+05 -3.042227053026683279e+05 3.243741126028252183e+05 4.310439599845813354e+05 1.056106354763764655e+06 1.736650621260283224e+05
-2.071500705853393534e+06 1.996476537310030544e+05 6.400745326536410721e+05 -1.741885442985015106e+04 -1.086364743989387644e+05 -6.257398511174469604e+04 2.055330232415547653e+04 -5.697861639406296490e+03 7.891286833433965512e+04 -2.220858106592197437e+06 -1.032501050905346288e+06 1.000556552694650367e+06 6.867143415842003888e+05 -1.908840011477217486e+05 -2.691327986452080077e+05 1.242702250348809175e+05 1.736650621260283224e+05 9.664939615075405454e+05
