4.902029156816183031e+07 1.155402383454558253e+07 -2.469948176352921408e+06 -5.348508297256130027e+05 7.891183568437960930e+05 -1.193287724964955822e+06 1.302505679167424096e+06 3.832984401544967550e+05 2.702354887107947143e+05 6.872466273168207705e+07 7.400846662345398217e+06 -7.289008689904865809e+06 7.401207949210362509e+06 2.000775952950306528e+05 -3.593431906917171087e+06 -2.807858398169860709e+06 9.266391605912650703e+05 1.756966554395911749e+06
1.155402383454558253e+07 2.578317595060856640e+07 3.884009132535198238e+06 -1.351971287687852055e+04 -6.178754843049873598e+05 -7.598573050583411241e+05 9.215349244356281124e+05 3.448492543093196000e+05 1.314673243941638793e+05 1.086985916337831505e+07 1.614284452572135068e+07 -1.836412473641173914e+06 -1.627201420891571324e+06 -4.999122058157084510e+06 -2.446316824506334495e+06 -1.343101627300239401e+06 -6.955906640763035975e+05 1.015834348745645402e+05
-2.469948176352921408e+06 3.884009132535198238e+06 5.659722451867015101e+06 1.031762490739367786e+06 4.323463885237039649e+05 3.551444247623418778e+04 6.800137584300877643e+04 -3.177131717939334703e+04 3.354859846831789473e+05 -7.169189044129808433e+06 -5.386754796561205148e+04 -9.762064296871622792e+05 3.821895789573216462e+05 -6.678425103456625948e+05 -3.044025079848567111e+04 -1.043013243743062369e+06 1.749705864976914600e+05 -9.066348295364264050e+04
-5.348508297256130027e+05 -1.351971287687852055e+04 1.031762490739367786e+06 1.834428985852823593e+06 1.262393276230549818e+05 -1.711766329952084052e+05 -4.396516521820191701e+04 8.772942885001929244e+04 1.884176648947983922e+05 -3.136627192539805546e+06 3.534717117562354542e+06 8.670835239343917929e+05 -3.049645911628053873e+05 -2.738006478862432996e+05 2.437237691737140412e+05 -1.642999785489076748e+05 7.593847505750269920e+04 9.473836402466834988e+04
7.891183568437960930e+05 -6.178754843049873598e+05 4.323463885237039649e+05 1.262393276230549818e+05 1.168991469615249895e+06 2.482313601722464082e+05 4.420417666940398340e+04 -1.142557312664325000e+05 9.266895882004505256e+04 3.908061030470828526e+06 2.010080678191746818e+06 -2.753874675620840397e+06 9.716021568938532146e+05 3.349944997246798594e+05 3.968988120844168589e+05 -1.494248330702005769e+05 3.033909954971973202e+05 3.078217010299530812e+05
-1.193287724964955822e+06 -7.598573050583411241e+05 3.551444247623418778e+04 -1.711766329952084052e+05 2.482313601722464082e+05 3.875596671609127661e+05 5.814203473422242678e+04 -1.106405718470376996e+04 7.026860156751254749e+01 -1.136295614395764191e+06 -5.628135799396154471e+05 -2.614390463090555859e+05 1.513156503652660176e+05 1.020178314969208004e+05 1.223135199430836947e+05 1.733969117983890465e+05 1.094645534894381490e+04 -9.295758929890114814e+04
1.302505679167424096e+06 9.215349244356281124e+05 6.800137584300877643e+04 -4.396516521820191701e+04 4.420417666940398340e+04 5.814203473422242678e+04 3.026392111255002674e+05 3.640046709561948956e+04 -1.827424006292477497e+04 9.156065932723458391e+05 -9.587102722575573716e+05 -3.264062398818979273e+05 3.908152791149357799e+05 -2.967260387308751815e+05 -5.048665941142165102e+05 2.301390705007653160e+05 5.005976071698694432e+04 -5.309932874872041430e+04
3.832984401544967550e+05 3.448492543093196000e+05 -3.177131717939334703e+04 8.772942885001929244e+04 -1.142557312664325000e+05 -1.106405718470376996e+04 3.640046709561948956e+04 1.153152533370321471e+05 1.654356445095865638e+04 9.388570352467477787e+05 5.978016109457301209e+05 3.240845971809899784e+05 -6.132100914530145383e+04 -1.211041188245004305e+05 -3.984315466258203378e+04 -4.276532451116365701e+04 -7.742898164366254059e+04 -1.876279226297748028e+04
2.702354887107947143e+05 1.314673243941638793e+05 3.354859846831789473e+05 1.884176648947983922e+05 9.266895882004505256e+04 7.026860156751254749e+01 -1.827424006292477497e+04 1.654356445095865638e+04 1.270507836937839602e+05 -3.393977203826807818e+04 -1.678235500927458361e+03 1.037477374161058688e+05 1.471020100058402168e+05 -6.188974940780373436e+04 -1.167564121069935391e+04 -1.115441081419809052e+05 1.140384636497444735e+05 1.165119782876675599e+05
6.872466273168207705e+07 1.086985916337831505e+07 -7.169189044129808433e+06 -3.136627192539805546e+06 3.908061030470828526e+06 -1.136295614395764191e+06 9.156065932723458391e+05 9.388570352467477787e+05 -3.393977203826807818e+04 3.584295403352804184e+08 7.641346434046922624e+07 -2.917527009663474560e+07 -8.401145042752489448e+06 -6.719420426698435098e+06 -2.293519960788736586e+06 4.349930371733097709e+05 1.033978891798948520e+06 3.280337010487859603e+06
7.400846662345398217e+06 1.614284452572135068e+07 -5.386754796561205148e+04 3.534717117562354542e+06 2.010080678191746818e+06 -5.628135799396154471e+05 -9.587102722575573716e+05 5.978016109457301209e+05 -1.678235500927458361e+03 7.641346434046922624e+07 9.927486369103688002e+07 -1.380652469804914854e+07 -6.504446352695752867e+06 -3.525921735768197570e+06 1.385505264305757126e+06 -1.593548656716295518e+06 -1.904528308253155323e+06 2.600291831443601986e+05
-7.289008689904865809e+06 -1.836412473641173914e+06 -9.762064296871622792e+05 8.670835239343917929e+05 -2.753874675620840397e+06 -2.614390463090555859e+05 -3.264062398818979273e+05 3.240845971809899784e+05 1.037477374161058688e+05 -2.917527009663474560e+07 -1.380652469804914854e+07 2.509561353676009551e+07 -3.721566840100902598e+06 -4.757978461789917201e+05 6.234210532621302264e+04 1.218490544545946177e+05 -1.707727619815949351e+06 -5.072549589223360526e+05
7.401207949210362509e+06 -1.627201420891571324e+06 3.821895789573216462e+05 -3.049645911628053873e+05 9.716021568938532146e+05 1.513156503652660176e+05 3.908152791149357799e+05 -6.132100914530145383e+04 1.471020100058402168e+05 -8.401145042752489448e+06 -6.504446352695752867e+06 -3.721566840100902598e+06 1.167843065827014111e+07 3.652445950753924437e+06 -1.731483463577739662e+06 -1.379542238722469425e+06 8.094627133729296038e+05 5.447785446076522348e+05
2.000775952950306528e+05 -4.999122058157084510e+06 -6.678425103456625948e+05 -2.738006478862432996e+05 3.349944997246798594e+05 1.020178314969208004e+05 -2.967260387308751815e+05 -1.211041188245004305e+05 -6.188974940780373436e+04 -6.719420426698435098e+06 -3.525921735768197570e+06 -4.757978461789917201e+05 3.652445950753924437e+06 3.942738898406425025e+06 4.511240081868647831e+05 -8.743727454511303222e+05 -8.562489780284516746e+04 2.408336303554676997e+05
-3.593431906917171087e+06 -2.446316824506334495e+06 -3.044025079848567111e+04 2.437237691737140412e+05 3.968988120844168589e+05 1.223135199430836947e+05 -5.048665941142165102e+05 -3.984315466258203378e+04 -1.167564121069935391e+04 -2.293519960788736586e+06 1.385505264305757126e+06 6.234210532621302264e+04 -1.731483463577739662e+06 4.511240081868647831e+05 2.785924648123183288e+06 1.737663091292960162e+05 1.746029018722016190e+05 2.839889571850370849e+05
-2.807858398169860709e+06 -1.343101627300239401e+06 -1.043013243743062369e+06 -1.642999785489076748e+05 -1.494248330702005769e+05 1.733969117983890465e+05 2.301390705007653160e+05 -4.276532451116365701e+04 -1.115441081419809052e+05 4.349930371733097709e+05 -1.593548656716295518e+06 1.218490544545946177e+05 -1.379542238722469425e+06 -8.743727454511303222e+05 1.737663091292960162e+05 1.737322662946867524e+06 4.327939359279691707e+05 -1.113694824227784266e+05
9.266391605912650703e+05 -6.955906640763035975e+05 1.749705864976914600e+05 7.593847505750269920e+04 3.033909954971973202e+05 1.094645534894381490e+04 5.005976071698694432e+04 -7.742898164366254059e+04 1.140384636497444735e+05 1.033978891798948520e+06 -1.904528308253155323e+06 -1.707727619815949351e+06 8.094627133729296038e+05 -8.562489780284516746e+04 1.746029018722016190e+05 4.327939359279691707e+05 9.853154697885479545e+05 2.994967889223615057e+05
1.756966554395911749e+06 1.015834348745645402e+05 -9.066348295364264050e+04 9.473836402466834988e+04 3.078217010299530812e+05 -9.295758929890114814e+04 -5.309932874872041430e+04 -1.876279226297748028e+04 1.165119782876675599e+05 3.280337010487859603e+06 2.600291831443601986e+05 -5.072549589223360526e+05 5.447785446076522348e+05 2.408336303554676997e+05 2.839889571850370849e+05 -1.113694824227784266e+05 2.994967889223615057e+05 4.654185721000730991e+05
