6.607527756376806647e+07 1.136938266442003474e+07 -1.426282776280728867e+05 2.020409681600686163e+06 -2.059898705274091335e+06 -2.569128204281583021e+05 -1.022083686112085357e+06 -4.912881572300461703e+05 4.181101992446736549e+05 5.089302128676923364e+07 3.523283215507306159e+07 -4.554084134959594347e+06 -7.659815489535408095e+06 -7.414636898355571553e+06 -4.340807084929791279e+06 1.436259340938254027e+05 -6.866734884316364769e+05 2.868792522818086218e+04
1.136938266442003474e+07 1.101421387042851746e+07 2.487136323440979701e+06 2.127731544543961994e+06 -7.958710037180002546e+05 7.318461567874187604e+05 -2.874864597498889198e+05 3.666312577027437510e+05 2.175906732345682103e+05 4.292441164392055012e+06 1.718608252553612739e+07 1.855723299238020787e+06 -1.733874007357366616e+06 -1.958181812543186592e+06 -1.125749517322213156e+06 -6.145857597332452424e+05 -1.089906098506769340e+05 -7.649489828210623236e+05
-1.426282776280728867e+05 2.487136323440979701e+06 6.988834946725707501e+06 1.599892619840319268e+06 2.015826417364872468e+05 3.924324800105456379e+05 1.046194436019080604e+05 7.511286350953474175e+04 1.242361502041393942e+04 -2.630043699749502703e+05 3.645368932845697855e+05 7.630705583411462605e+06 -8.975429206855405355e+05 -1.994466191981637967e+05 9.274646976717578946e+05 -6.852017923081460176e+05 2.072945658138838189e+05 -3.501782930890706484e+05
2.020409681600686163e+06 2.127731544543961994e+06 1.599892619840319268e+06 3.707851454633364920e+06 5.478879805684747407e+04 4.053970719786133122e+04 2.399829433518774458e+05 2.577257922117933631e+05 2.505665000529059034e+05 2.316408617356557399e+06 6.073628338386227842e+05 2.630872467511751689e+06 3.550075761284837790e+04 3.968433952293886978e+04 -1.167486676238454645e+06 -6.225947617348065833e+05 3.982751572678765515e+05 -3.741749269112423644e+05
-2.059898705274091335e+06 -7.958710037180002546e+05 2.015826417364872468e+05 5.478879805684747407e+04 9.437859597471670713e+05 1.648765532931876951e+05 -6.458852337176766014e+04 7.826516268402185233e+04 3.443906552948493481e+04 1.007742926805470604e+06 -1.696198147186497226e+05 -7.088068808206862304e+05 4.487978688290335704e+05 5.365340913298425730e+05 2.346912245916100219e+05 4.598512854515189538e+05 5.163813313440011552e+04 1.229250557783173135e+05
-2.569128204281583021e+05 7.318461567874187604e+05 3.924324800105456379e+05 4.053970719786133122e+04 1.648765532931876951e+05 6.598954681255933829e+05 3.741962925040401751e+04 4.768419543727378914e+04 8.451229983250208898e+04 1.377702002729405882e+06 3.044617325992559199e+05 -1.170439062010495225e+06 -3.635061505660510156e+05 1.758579846306055260e+05 5.437306735769619700e+05 1.001474606895368051e+05 3.125523253091020160e+05 1.439650477971077198e+05
-1.022083686112085357e+06 -2.874864597498889198e+05 1.046194436019080604e+05 2.399829433518774458e+05 -6.458852337176766014e+04 3.741962925040401751e+04 4.180059173459638259e+05 7.929478715231161914e+04 5.720404255463340814e+04 4.968299023124875966e+05 -1.685616771168943960e+06 3.832724049074261566e+05 5.771958206160021946e+05 1.774512927889466810e+05 3.189292513306375440e+03 7.703825306387311139e+04 2.867270710873352946e+05 1.475204920352095796e+05
-4.912881572300461703e+05 3.666312577027437510e+05 7.511286350953474175e+04 2.577257922117933631e+05 7.826516268402185233e+04 4.768419543727378914e+04 7.929478715231161914e+04 1.658891440337189124e+05 4.559856994957610004e+04 1.387156469287425280e+05 -8.968788697437217343e+04 1.542971829758035019e+05 1.910612507510048454e+05 1.659685363016289484e+05 -7.788411341021783301e+04 -1.823508748912557785e+05 -3.640195694345704396e+04 6.534608347520591451e+03
4.181101992446736549e+05 2.175906732345682103e+05 1.242361502041393942e+04 2.505665000529059034e+05 3.443906552948493481e+04 8.451229983250208898e+04 5.720404255463340814e+04 4.559856994957610004e+04 6.902481029710258008e+04 1.034850799407420564e+06 -9.182964011555891193e+04 -1.929359787467895076e+05 1.426202611757312525e+03 5.436999411538472486e+04 -5.299847681726187875e+04 2.361429959927606615e+04 5.310303983894513658e+04 4.573922202614684647e+04
5.089302128676923364e+07 4.292441164392055012e+06 -2.630043699749502703e+05 2.316408617356557399e+06 1.007742926805470604e+06 1.377702002729405882e+06 4.968299023124875966e+05 1.387156469287425280e+05 1.034850799407420564e+06 1.837524123034285307e+08 3.857503388037759066e+07 -3.959206850583011284e+06 8.886913143845702289e+05 -2.920668937047637999e+06 -4.232918492611724883e+06 -4.164907454289222369e+05 1.307401095409451518e+06 1.833832232030642917e+06
3.523283215507306159e+07 1.718608252553612739e+07 3.645368932845697855e+05 6.073628338386227842e+05 -1.696198147186497226e+05 3.044617325992559199e+05 -1.685616771168943960e+06 -8.968788697437217343e+04 -9.182964011555891193e+04 3.857503388037759066e+07 1.263327726137897223e+08 -9.364350250743438955e+05 -6.188600016227443703e+05 -5.945154102016260847e+06 -7.694826933985471725e+06 2.039084426180382259e+06 -3.679644021392818075e+06 -7.844095184762396384e+05
-4.554084134959594347e+06 1.855723299238020787e+06 7.630705583411462605e+06 2.630872467511751689e+06 -7.088068808206862304e+05 -1.170439062010495225e+06 3.832724049074261566e+05 1.542971829758035019e+05 -1.929359787467895076e+05 -3.959206850583011284e+06 -9.364350250743438955e+05 4.487637257545028627e+07 1.504514492689717328e+06 -5.328600895096845925e+06 -9.599415170770956902e+05 -5.978798578879563865e+04 9.001897048967428273e+05 -6.214915100988871418e+05
-7.659815489535408095e+06 -1.733874007357366616e+06 -8.975429206855405355e+05 3.550075761284837790e+04 4.487978688290335704e+05 -3.635061505660510156e+05 5.771958206160021946e+05 1.910612507510048454e+05 1.426202611757312525e+03 8.886913143845702289e+05 -6.188600016227443703e+05 1.504514492689717328e+06 6.902569697977392934e+06 2.259759252751738764e+06 -9.384145636572670192e+05 5.225890320411550347e+05 -4.241513661578069441e+05 1.356422649186559720e+05
-7.414636898355571553e+06 -1.958181812543186592e+06 -1.994466191981637967e+05 3.968433952293886978e+04 5.365340913298425730e+05 1.758579846306055260e+05 1.774512927889466810e+05 1.659685363016289484e+05 5.436999411538472486e+04 -2.920668937047637999e+06 -5.945154102016260847e+06 -5.328600895096845925e+06 2.259759252751738764e+06 4.296238979508620687e+06 9.697585765905677108e+05 2.892651767938768025e+05 -1.998950292971601011e+05 1.475161606388001819e+05
-4.340807084929791279e+06 -1.125749517322213156e+06 9.274646976717578946e+05 -1.167486676238454645e+06 2.346912245916100219e+05 5.437306735769619700e+05 3.189292513306375440e+03 -7.788411341021783301e+04 -5.299847681726187875e+04 -4.232918492611724883e+06 -7.694826933985471725e+06 -9.599415170770956902e+05 -9.384145636572670192e+05 9.697585765905677108e+05 3.047126394743104000e+06 3.100611264673568658e+05 4.221776025128713809e+05 1.349860530229947763e+05
1.436259340938254027e+05 -6.145857597332452424e+05 -6.852017923081460176e+05 -6.225947617348065833e+05 4.598512854515189538e+05 1.001474606895368051e+05 7.703825306387311139e+04 -1.823508748912557785e+05 2.361429959927606615e+04 -4.164907454289222369e+05 2.039084426180382259e+06 -5.978798578879563865e+04 5.225890320411550347e+05 2.892651767938768025e+05 3.100611264673568658e+05 1.899153980608098209e+06 4.766186086207210319e+05 2.389527121252740326e+05
-6.866734884316364769e+05 -1.089906098506769340e+05 2.072945658138838189e+05 3.982751572678765515e+05 5.163813313440011552e+04 3.125523253091020160e+05 2.867270710873352946e+05 -3.640195694345704396e+04 5.310303983894513658e+04 1.307401095409451518e+06 -3.679644021392818075e+06 9.001897048967428273e+05 -4.241513661578069441e+05 -1.998950292971601011e+05 4.221776025128713809e+05 4.766186086207210319e+05 1.110295378374025226e+06 2.923759238049004925e+05
2.868792522818086218e+04 -7.649489828210623236e+05 -3.501782930890706484e+05 -3.741749269112423644e+05 1.229250557783173135e+05 1.439650477971077198e+05 1.475204920352095796e+05 6.534608347520591451e+03 4.573922202614684647e+04 1.833832232030642917e+06 -7.844095184762396384e+05 -6.214915100988871418e+05 1.356422649186559720e+05 1.475161606388001819e+05 1.349860530229947763e+05 2.389527121252740326e+05 2.923759238049004925e+05 5.251507986975061940e+05
