3.026527803099783882e+07 5.311137270030378364e+06 3.725201526960883755e+06 3.493209991106451489e+06 8.362475949481094722e+05 5.180708931885186466e+05 1.284572203572214115e+06 1.053868761304602594e+04 1.080391688412237272e+05 1.293765517454759032e+07 -3.927598241963804234e+06 4.617622446005768143e+06 4.832074490224524401e+06 1.347021571401405381e+05 2.216713858400828671e+06 -7.969708195632002316e+05 4.188914951660617371e+05 6.419818933899014955e+05
5.311137270030378364e+06 1.840913608373376355e+07 -1.062575564956879243e+06 -5.422549153511647601e+05 4.630997458295312827e+05 4.688204529106461559e+05 8.583287019863269525e+05 3.910781521109885653e+05 -1.696949953964264132e+05 -6.155088410280668177e+05 1.732951394717727229e+07 -5.103492741906830925e+05 8.160549263375160284e+06 8.899830631270228187e+05 1.781326201587595977e+06 3.538161724900316913e+05 -7.682092405924166087e+04 -7.568922786091582384e+05
3.725201526960883755e+06 -1.062575564956879243e+06 4.634537692211477086e+06 2.236830909850825090e+06 3.893969277830633800e+05 3.214051751867416897e+05 5.089688218422209320e+04 1.382559875800491427e+05 -2.143932691564230481e+04 4.434645683854553849e+06 -6.857351717986012809e+06 3.003456437949296087e+06 3.324992134481702931e+06 1.425005195569302887e+06 1.225471373233746708e+05 -4.997640684057170292e+05 1.911249366363945883e+05 -5.483092149998131208e+04
3.493209991106451489e+06 -5.422549153511647601e+05 2.236830909850825090e+06 4.450625341876778752e+06 2.636018653668244951e+05 -1.544631609221977706e+05 -1.208568086813418777e+05 8.837359374064614531e+04 -7.899610646333271870e+04 3.963681898339794483e+06 -8.126074764248571591e+05 -6.549356145596985152e+04 4.762465544348022901e+06 1.418167860919964733e+06 1.822903703222500335e+05 -4.695759178689003456e+05 6.108694524254916905e+04 1.702826930460328003e+05
8.362475949481094722e+05 4.630997458295312827e+05 3.893969277830633800e+05 2.636018653668244951e+05 1.377487004939489067e+06 2.134974603698411956e+05 4.312175869277376478e+04 1.428043976292671578e+05 8.612973974334710510e+04 7.762281630726109259e+06 -6.758114432847939897e+05 -1.384780250075340737e+05 1.350400105884702876e+06 1.382530571383201052e+06 7.807628957325060619e+05 5.935762439007729699e+04 4.225406906004053599e+04 2.059866970764700382e+05
5.180708931885186466e+05 4.688204529106461559e+05 3.214051751867416897e+05 -1.544631609221977706e+05 2.134974603698411956e+05 4.974184226676059770e+05 1.905515984273867507e+05 9.454886678810456942e+04 3.197634611152266734e+04 6.129386231795734493e+05 3.851525189841508400e+05 8.232210343580937479e+05 -2.878273557288318989e+05 3.152538169914929313e+05 5.304142040492147207e+05 2.248610863164350158e+05 -4.151381522405016585e+04 -7.533550619986490346e+04
1.284572203572214115e+06 8.583287019863269525e+05 5.089688218422209320e+04 -1.208568086813418777e+05 4.312175869277376478e+04 1.905515984273867507e+05 3.810199901451279293e+05 2.117840877864797585e+04 1.527831941534306134e+04 1.222987527220044285e+06 3.369965321764213149e+05 4.696942195075058262e+05 2.422512642534595216e+05 -3.520723176272030105e+04 3.341952873702395009e+05 3.657707301269230811e+04 -1.285111600674984402e+04 -4.108310635107941198e+04
1.053868761304602594e+04 3.910781521109885653e+05 1.382559875800491427e+05 8.837359374064614531e+04 1.428043976292671578e+05 9.454886678810456942e+04 2.117840877864797585e+04 2.796647880649970612e+05 2.975414368558074420e+04 5.024268860319358646e+05 1.222440183166362112e+06 2.260662317354770785e+05 4.966071353970522177e+05 6.314364104547901661e+04 1.489075880734226084e+05 6.187804650841605326e+04 1.501206508420183673e+05 2.159122557485262223e+04
1.080391688412237272e+05 -1.696949953964264132e+05 -2.143932691564230481e+04 -7.899610646333271870e+04 8.612973974334710510e+04 3.197634611152266734e+04 1.527831941534306134e+04 2.975414368558074420e+04 1.102317045506979339e+05 2.282819200240520295e+05 -3.460942267466851627e+05 7.399119128758459119e+05 -2.564473356377464952e+05 -1.143117722980342951e+05 2.448178282439217437e+05 3.357072496950903587e+04 3.152225501344345957e+03 8.331119129176130809e+04
1.293765517454759032e+07 -6.155088410280668177e+05 4.434645683854553849e+06 3.963681898339794483e+06 7.762281630726109259e+06 6.129386231795734493e+05 1.222987527220044285e+06 5.024268860319358646e+05 2.282819200240520295e+05 2.123497776121124625e+08 4.602032389558540285e+07 1.470270895781974494e+07 8.573772773156343028e+06 6.114568281576218084e+06 8.496972470182159916e+06 -3.768129021158037242e+06 -1.488509997592772357e+06 3.096184652163030114e+06
-3.927598241963804234e+06 1.732951394717727229e+07 -6.857351717986012809e+06 -8.126074764248571591e+05 -6.758114432847939897e+05 3.851525189841508400e+05 3.369965321764213149e+05 1.222440183166362112e+06 -3.460942267466851627e+05 4.602032389558540285e+07 8.584081748953633010e+07 4.179889285965894349e+06 7.364950892655485310e+06 -4.980008125271549448e+06 4.935365908202178776e+06 1.378774741245917976e+06 5.650535178643234540e+05 3.371728539921096526e+05
4.617622446005768143e+06 -5.103492741906830925e+05 3.003456437949296087e+06 -6.549356145596985152e+04 -1.384780250075340737e+05 8.232210343580937479e+05 4.696942195075058262e+05 2.260662317354770785e+05 7.399119128758459119e+05 1.470270895781974494e+07 4.179889285965894349e+06 2.303527850864259154e+07 -3.220247902449356858e+06 -4.639202227862366475e+06 1.676901412736659171e+06 1.831499560225483146e+05 1.102578172718578018e+06 4.749024045692512882e+05
4.832074490224524401e+06 8.160549263375160284e+06 3.324992134481702931e+06 4.762465544348022901e+06 1.350400105884702876e+06 -2.878273557288318989e+05 2.422512642534595216e+05 4.966071353970522177e+05 -2.564473356377464952e+05 8.573772773156343028e+06 7.364950892655485310e+06 -3.220247902449356858e+06 1.862556804177899286e+07 3.628713086146968883e+06 1.343511564325586194e+06 5.169238895875151502e+05 2.629586208545891568e+05 5.981550855177256744e+05
1.347021571401405381e+05 8.899830631270228187e+05 1.425005195569302887e+06 1.418167860919964733e+06 1.382530571383201052e+06 3.152538169914929313e+05 -3.520723176272030105e+04 6.314364104547901661e+04 -1.143117722980342951e+05 6.114568281576218084e+06 -4.980008125271549448e+06 -4.639202227862366475e+06 3.628713086146968883e+06 5.265592764657906257e+06 5.367480447111863032e+04 -3.213018241606640513e+05 -3.242859695964185521e+05 -1.978595027712084266e+04
2.216713858400828671e+06 1.781326201587595977e+06 1.225471373233746708e+05 1.822903703222500335e+05 7.807628957325060619e+05 5.304142040492147207e+05 3.341952873702395009e+05 1.489075880734226084e+05 2.448178282439217437e+05 8.496972470182159916e+06 4.935365908202178776e+06 1.676901412736659171e+06 1.343511564325586194e+06 5.367480447111863032e+04 2.745528697660215199e+06 5.318665907620233484e+05 5.059938583808723342e+04 2.768142402791374479e+05
-7.969708195632002316e+05 3.538161724900316913e+05 -4.997640684057170292e+05 -4.695759178689003456e+05 5.935762439007729699e+04 2.248610863164350158e+05 3.657707301269230811e+04 6.187804650841605326e+04 3.357072496950903587e+04 -3.768129021158037242e+06 1.378774741245917976e+06 1.831499560225483146e+05 5.169238895875151502e+05 -3.213018241606640513e+05 5.318665907620233484e+05 2.082422612314834492e+06 3.313090375059038633e+05 1.954532538112100156e+04
4.188914951660617371e+05 -7.682092405924166087e+04 1.911249366363945883e+05 6.108694524254916905e+04 4.225406906004053599e+04 -4.151381522405016585e+04 -1.285111600674984402e+04 1.501206508420183673e+05 3.152225501344345957e+03 -1.488509997592772357e+06 5.650535178643234540e+05 1.102578172718578018e+06 2.629586208545891568e+05 -3.242859695964185521e+05 5.059938583808723342e+04 3.313090375059038633e+05 1.225546481489563594e+06 2.055643503192187636e+05
6.419818933899014955e+05 -7.568922786091582384e+05 -5.483092149998131208e+04 1.702826930460328003e+05 2.059866970764700382e+05 -7.533550619986490346e+04 -4.108310635107941198e+04 2.159122557485262223e+04 8.331119129176130809e+04 3.096184652163030114e+06 3.371728539921096526e+05 4.749024045692512882e+05 5.981550855177256744e+05 -1.978595027712084266e+04 2.768142402791374479e+05 1.954532538112100156e+04 2.055643503192187636e+05 4.470364321482747910e+05
