6.357678533119297773e+07 1.092758663146398216e+07 1.600860948026267579e+06 6.066118565383030102e+06 4.833267088181736763e+05 7.853136868227435043e+05 1.099227052352189552e+06 9.418868315341564594e+05 3.131616205456904718e+05 1.126716867809216492e+07 -2.259830695971558988e+07 -6.774771327711893246e+06 -1.171611806780267041e+06 -1.683917429026865168e+06 -2.110428443186789809e+05 -6.272163663209142396e+05 1.124036246693990659e+06 2.042211878062415053e+05
1.092758663146398216e+07 2.030491531412426755e+07 3.234493433166772127e+06 3.645335821636149660e+06 -4.309431625458020717e+05 -2.361705009741844260e+05 -3.377995465974938706e+05 1.027683526203018031e+06 2.116190728096123494e+05 3.650707900306460448e+06 6.683983802043449832e+05 2.014426041931499960e+06 -4.617101495008656639e+05 -1.289996468151194975e+06 -1.889225146267782897e+06 -1.683622992753845174e+06 -3.904894470125709777e+05 9.947878668179076340e+04
1.600860948026267579e+06 3.234493433166772127e+06 4.549343574804636650e+06 4.408725606075169635e+05 -2.645705830070149968e+05 -5.454807971368759172e+05 1.124526383285137272e+05 1.677851476057112450e+05 -1.096269756524110417e+05 -1.138464573360279761e+07 1.953521660555856768e+06 2.058904732784769731e+06 6.313035207469757879e+05 -7.943925720545742661e+05 -8.108855089760726551e+05 3.104084816874939133e+05 4.302046867493258906e+05 -1.618841154857761285e+05
6.066118565383030102e+06 3.645335821636149660e+06 4.408725606075169635e+05 1.915216951694301097e+06 1.761451041186727525e+05 1.253323265308345290e+05 -9.775083371050904680e+04 1.656957081645072612e+05 5.513446745229989028e+04 4.434981086556962691e+06 -2.138747647348210216e+06 9.698011283317612251e+05 -8.340806502286833711e+05 3.324130487107208464e+05 -3.677639931061278912e+05 -3.087011537581456942e+05 6.422759429820943478e+04 1.382816617877741519e+05
4.833267088181736763e+05 -4.309431625458020717e+05 -2.645705830070149968e+05 1.761451041186727525e+05 9.253670075748552335e+05 3.666789219838816207e+05 9.573066581562724605e+04 1.926416573035785177e+03 -7.033759855531845460e+03 6.038953143026786165e+03 -8.529212440913802711e+05 -1.328056062163073511e+05 -3.470860322224309202e+05 4.585833980014870758e+05 1.351239906237118994e+05 2.248444152829002705e+05 1.034606449182664219e+05 3.812755655538799147e+03
7.853136868227435043e+05 -2.361705009741844260e+05 -5.454807971368759172e+05 1.253323265308345290e+05 3.666789219838816207e+05 7.599666110665098531e+05 1.115644084136169986e+05 9.719253328314393002e+04 6.750081930381218262e+04 9.037400793575095013e+05 -1.423683229727621423e+06 -4.752972758441314218e+05 -4.420206304594471003e+05 3.299723150893082493e+05 5.224028658793621580e+05 2.014411563216688228e+05 9.730187596076604677e+04 1.497327905474774016e+05
1.099227052352189552e+06 -3.377995465974938706e+05 1.124526383285137272e+05 -9.775083371050904680e+04 9.573066581562724605e+04 1.115644084136169986e+05 3.483849661728700157e+05 7.715315819005653611e+04 -1.762440647118755442e+04 3.153078927792555623e+04 -5.226276221280579339e+05 4.323227244918206125e+05 3.709154878900385229e+05 5.464691195669010049e+05 1.961259713360103488e+05 1.464915457468210079e+05 1.839220556013643800e+05 2.710188754349682495e+04
9.418868315341564594e+05 1.027683526203018031e+06 1.677851476057112450e+05 1.656957081645072612e+05 1.926416573035785177e+03 9.719253328314393002e+04 7.715315819005653611e+04 2.775946970607121475e+05 1.924052097141917693e+04 4.300843701734893257e+05 1.198105491600897163e+06 4.221502432691021240e+05 2.279221474828804785e+05 1.100732156772584713e+05 -9.869560612141549063e+04 7.640006497395275801e+04 2.616257754839224799e+05 1.102719052970856283e+05
3.131616205456904718e+05 2.116190728096123494e+05 -1.096269756524110417e+05 5.513446745229989028e+04 -7.033759855531845460e+03 6.750081930381218262e+04 -1.762440647118755442e+04 1.924052097141917693e+04 1.250818521788865619e+05 -1.181708793480043765e+06 9.067441888096994080e+04 -9.757094899081869517e+04 7.350924291157507105e+04 4.280657592915850546e+04 -5.677158296783494734e+04 -6.162138795289381233e+04 2.837353228682680492e+04 5.903718019971897593e+04
1.126716867809216492e+07 3.650707900306460448e+06 -1.138464573360279761e+07 4.434981086556962691e+06 6.038953143026786165e+03 9.037400793575095013e+05 3.153078927792555623e+04 4.300843701734893257e+05 -1.181708793480043765e+06 3.603088988195286393e+08 4.611059521020404994e+06 6.185106356764106080e+06 -8.317701195376162417e+06 -8.705006628922862932e+06 -1.142084106429666653e+07 4.117561797380455770e+06 -1.354484846369532403e+06 3.621296767369182315e+06
-2.259830695971558988e+07 6.683983802043449832e+05 1.953521660555856768e+06 -2.138747647348210216e+06 -8.529212440913802711e+05 -1.423683229727621423e+06 -5.226276221280579339e+05 1.198105491600897163e+06 9.067441888096994080e+04 4.611059521020404994e+06 7.302737202137494087e+07 8.982108206297183409e+06 5.131939681955520995e+06 2.529793027977909893e+06 -3.747391835296872538e+06 5.415901816049102694e+06 2.934641521111192647e+06 3.428540803244505660e+05
-6.774771327711893246e+06 2.014426041931499960e+06 2.058904732784769731e+06 9.698011283317612251e+05 -1.328056062163073511e+05 -4.752972758441314218e+05 4.323227244918206125e+05 4.221502432691021240e+05 -9.757094899081869517e+04 6.185106356764106080e+06 8.982108206297183409e+06 1.644268191855305620e+07 7.536968743672875280e+04 3.629638985180444084e+06 -7.570969063513854053e+05 7.479719357613271568e+05 1.153697133378921309e+06 1.757436330301575072e+05
-1.171611806780267041e+06 -4.617101495008656639e+05 6.313035207469757879e+05 -8.340806502286833711e+05 -3.470860322224309202e+05 -4.420206304594471003e+05 3.709154878900385229e+05 2.279221474828804785e+05 7.350924291157507105e+04 -8.317701195376162417e+06 5.131939681955520995e+06 7.536968743672875280e+04 9.286919455964742228e+06 1.636731821626627585e+06 5.911108980883188633e+04 5.343414009322612546e+05 2.341510776604347338e+05 -2.368893876136572089e+03
-1.683917429026865168e+06 -1.289996468151194975e+06 -7.943925720545742661e+05 3.324130487107208464e+05 4.585833980014870758e+05 3.299723150893082493e+05 5.464691195669010049e+05 1.100732156772584713e+05 4.280657592915850546e+04 -8.705006628922862932e+06 2.529793027977909893e+06 3.629638985180444084e+06 1.636731821626627585e+06 7.041025711428285576e+06 2.832307546183630358e+06 1.673180430466230027e+06 1.249546932044769172e+06 2.163339016322311363e+05
-2.110428443186789809e+05 -1.889225146267782897e+06 -8.108855089760726551e+05 -3.677639931061278912e+05 1.351239906237118994e+05 5.224028658793621580e+05 1.961259713360103488e+05 -9.869560612141549063e+04 -5.677158296783494734e+04 -1.142084106429666653e+07 -3.747391835296872538e+06 -7.570969063513854053e+05 5.911108980883188633e+04 2.832307546183630358e+06 3.084020613474492449e+06 8.434981543277120218e+05 4.145162078467883985e+05 -2.423170838592104701e+04
-6.272163663209142396e+05 -1.683622992753845174e+06 3.104084816874939133e+05 -3.087011537581456942e+05 2.248444152829002705e+05 2.014411563216688228e+05 1.464915457468210079e+05 7.640006497395275801e+04 -6.162138795289381233e+04 4.117561797380455770e+06 5.415901816049102694e+06 7.479719357613271568e+05 5.343414009322612546e+05 1.673180430466230027e+06 8.434981543277120218e+05 2.808520257294310257e+06 9.744905174618086312e+05 -1.231207842836466007e+05
1.124036246693990659e+06 -3.904894470125709777e+05 4.302046867493258906e+05 6.422759429820943478e+04 1.034606449182664219e+05 9.730187596076604677e+04 1.839220556013643800e+05 2.616257754839224799e+05 2.837353228682680492e+04 -1.354484846369532403e+06 2.934641521111192647e+06 1.153697133378921309e+06 2.341510776604347338e+05 1.249546932044769172e+06 4.145162078467883985e+05 9.744905174618086312e+05 1.079890060108361766e+06 1.050729049415554036e+05
2.042211878062415053e+05 9.947878668179076340e+04 -1.618841154857761285e+05 1.382816617877741519e+05 3.812755655538799147e+03 1.497327905474774016e+05 2.710188754349682495e+04 1.102719052970856283e+05 5.903718019971897593e+04 3.621296767369182315e+06 3.428540803244505660e+05 1.757436330301575072e+05 -2.368893876136572089e+03 2.163339016322311363e+05 -2.423170838592104701e+04 -1.231207842836466007e+05 1.050729049415554036e+05 6.275037237562601222e+05
