5.373433113033350557e+07 2.471351855895376299e+06 2.164476135195108596e+06 2.755147963139244355e+06 3.521912696295381524e+06 1.211138424805187853e+06 1.349198326145168976e+05 -2.372385886479574838e+05 7.839672837886274792e+05 7.556059274786305428e+07 1.556235875175817683e+07 5.130070440848972648e+06 4.324871951290962286e+06 3.981858410115512554e+06 -5.591294792062545894e+05 -3.582055310924233403e+06 -1.794636994486756390e+06 -1.180390129827887518e+06
2.471351855895376299e+06 1.278263205571675859e+07 7.267505688725297805e+05 -5.291032784239046741e+05 2.300950338948238932e+05 7.385939882649446372e+05 1.050099886953271634e+05 4.304099937964049168e+05 3.508160510136880330e+05 3.123536231611695886e+07 6.772870016292441636e+06 -1.704273173594699008e+06 -1.058849670455069572e+05 9.091220235261442140e+05 1.045238496521386900e+06 7.019943751960371155e+05 -5.865977706539601786e+05 6.245815515052961418e+05
2.164476135195108596e+06 7.267505688725297805e+05 5.217176754777336493e+06 6.590640873994563008e+05 -3.702551446725954302e+05 -2.187911509452655446e+05 1.121174397814972181e+05 4.195656706018796540e+05 1.229766345894943952e+05 7.474252203204588965e+06 5.731881214262614027e+06 1.194501743289412232e+06 -9.319518619371469831e+05 -4.081331848416021094e+05 -4.771614060515539313e+04 1.045055145493807941e+05 -4.798591263830458956e+03 -3.625880907236952335e+05
2.755147963139244355e+06 -5.291032784239046741e+05 6.590640873994563008e+05 2.394483454656369984e+06 5.046344862350194016e+05 -8.899010548985900823e+04 2.100984862381077837e+05 4.861564119720945746e+04 2.086580723785100781e+04 2.091844414987501223e+06 2.644249564909040928e+05 3.121394080204633530e+06 1.180833170230173040e+06 2.412015340908694780e+05 3.753420133141627302e+05 7.979051474711527117e+05 1.554437974963112902e+04 -1.836606977606733853e+05
3.521912696295381524e+06 2.300950338948238932e+05 -3.702551446725954302e+05 5.046344862350194016e+05 1.700673353252992965e+06 1.543349341549442324e+05 1.952937344000707963e+05 1.417655553255323903e+05 8.326436614928986819e+04 5.621136564637614414e+06 1.013890687000080361e+06 1.230131092060106108e+06 4.853834991416124976e+05 1.207308814763419796e+06 6.316684495617363136e+05 -2.723542954817407881e+05 1.622626650720549515e+05 -2.311293367950220727e+03
1.211138424805187853e+06 7.385939882649446372e+05 -2.187911509452655446e+05 -8.899010548985900823e+04 1.543349341549442324e+05 4.677036088845977210e+05 1.121772164528559224e+05 -2.502291855154504447e+03 7.826051472157188982e+04 2.847428061110288370e+06 -8.431915828417479061e+05 -9.652867039306155639e+05 -4.646727365024283645e+05 9.752782753050581960e+04 2.812678966287200456e+05 -6.425058640237006330e+04 7.145682998712239169e+03 1.943282040393709030e+04
1.349198326145168976e+05 1.050099886953271634e+05 1.121174397814972181e+05 2.100984862381077837e+05 1.952937344000707963e+05 1.121772164528559224e+05 4.161924833774184808e+05 8.830143836616215413e+04 8.493106640032480936e+04 1.222041364537089132e+06 3.863858125762849231e+05 7.378255680099135498e+05 1.167712148614171747e+05 1.396262288280405628e+05 1.073361952161455702e+05 3.832752412424946087e+05 1.444252182977140728e+04 -7.886511815288919024e+04
-2.372385886479574838e+05 4.304099937964049168e+05 4.195656706018796540e+05 4.861564119720945746e+04 1.417655553255323903e+05 -2.502291855154504447e+03 8.830143836616215413e+04 1.593088235835988016e+05 4.317017924384000071e+04 1.107282253548795823e+06 2.872870219721177127e+05 6.529397571541238576e+05 2.120036244237060600e+05 2.926475641480882186e+05 8.491241855804644001e+04 6.978392175111228426e+04 3.886328806790259023e+03 -4.530350513044960098e+04
7.839672837886274792e+05 3.508160510136880330e+05 1.229766345894943952e+05 2.086580723785100781e+04 8.326436614928986819e+04 7.826051472157188982e+04 8.493106640032480936e+04 4.317017924384000071e+04 1.353649112027932715e+05 2.115589679737329483e+06 -2.950472660867452505e+05 -2.663375401362954872e+05 -6.486355820765293174e+04 -8.547988877277729625e+04 1.858575684117714991e+05 2.855887725728504665e+04 -5.992622884551069728e+04 1.187903666603712627e+05
7.556059274786305428e+07 3.123536231611695886e+07 7.474252203204588965e+06 2.091844414987501223e+06 5.621136564637614414e+06 2.847428061110288370e+06 1.222041364537089132e+06 1.107282253548795823e+06 2.115589679737329483e+06 2.910461214845138192e+08 5.120126410459358990e+07 -1.790665381525479257e+06 -1.999960415372915333e+06 9.706393088063832372e+06 -2.888194469724083319e+06 -4.645276017131831497e+06 -4.004478815986320842e+06 -5.568077917048456147e+05
1.556235875175817683e+07 6.772870016292441636e+06 5.731881214262614027e+06 2.644249564909040928e+05 1.013890687000080361e+06 -8.431915828417479061e+05 3.863858125762849231e+05 2.872870219721177127e+05 -2.950472660867452505e+05 5.120126410459358990e+07 8.963580324551169574e+07 3.662809081410455052e+06 -2.160603069242391270e+06 5.465442377669086680e+06 2.135850697842145804e+06 2.850323810025353916e+06 -9.085744592385366559e+05 2.281015240264820401e+06
5.130070440848972648e+06 -1.704273173594699008e+06 1.194501743289412232e+06 3.121394080204633530e+06 1.230131092060106108e+06 -9.652867039306155639e+05 7.378255680099135498e+05 6.529397571541238576e+05 -2.663375401362954872e+05 -1.790665381525479257e+06 3.662809081410455052e+06 2.335315933589373156e+07 1.056445220937635005e+07 2.006958667649985990e+06 3.790680981751066283e+05 8.312321654729569564e+05 -7.263625719502929132e+04 -1.387039275264688069e+06
4.324871951290962286e+06 -1.058849670455069572e+05 -9.319518619371469831e+05 1.180833170230173040e+06 4.853834991416124976e+05 -4.646727365024283645e+05 1.167712148614171747e+05 2.120036244237060600e+05 -6.486355820765293174e+04 -1.999960415372915333e+06 -2.160603069242391270e+06 1.056445220937635005e+07 1.056793995191777498e+07 1.454562029488595435e+06 1.537183478459847393e+05 5.390096223046254599e+05 1.135478340961917711e+05 9.753734312089039304e+04
3.981858410115512554e+06 9.091220235261442140e+05 -4.081331848416021094e+05 2.412015340908694780e+05 1.207308814763419796e+06 9.752782753050581960e+04 1.396262288280405628e+05 2.926475641480882186e+05 -8.547988877277729625e+04 9.706393088063832372e+06 5.465442377669086680e+06 2.006958667649985990e+06 1.454562029488595435e+06 3.953408200718891807e+06 -1.263156501031247608e+05 3.312235327447176096e+05 1.758375033747688285e+05 -6.933257155476231128e+04
-5.591294792062545894e+05 1.045238496521386900e+06 -4.771614060515539313e+04 3.753420133141627302e+05 6.316684495617363136e+05 2.812678966287200456e+05 1.073361952161455702e+05 8.491241855804644001e+04 1.858575684117714991e+05 -2.888194469724083319e+06 2.135850697842145804e+06 3.790680981751066283e+05 1.537183478459847393e+05 -1.263156501031247608e+05 3.374288946184094530e+06 4.220006933600078919e+05 2.207292759498234955e+05 3.537674936603413662e+05
-3.582055310924233403e+06 7.019943751960371155e+05 1.045055145493807941e+05 7.979051474711527117e+05 -2.723542954817407881e+05 -6.425058640237006330e+04 3.832752412424946087e+05 6.978392175111228426e+04 2.855887725728504665e+04 -4.645276017131831497e+06 2.850323810025353916e+06 8.312321654729569564e+05 5.390096223046254599e+05 3.312235327447176096e+05 4.220006933600078919e+05 2.097699980253007263e+06 3.940618277345354436e+05 5.611703768566759536e+05
-1.794636994486756390e+06 -5.865977706539601786e+05 -4.798591263830458956e+03 1.554437974963112902e+04 1.622626650720549515e+05 7.145682998712239169e+03 1.444252182977140728e+04 3.886328806790259023e+03 -5.992622884551069728e+04 -4.004478815986320842e+06 -9.085744592385366559e+05 -7.263625719502929132e+04 1.135478340961917711e+05 1.758375033747688285e+05 2.207292759498234955e+05 3.940618277345354436e+05 8.331425064825572772e+05 1.691402988864991930e+05
-1.180390129827887518e+06 6.245815515052961418e+05 -3.625880907236952335e+05 -1.836606977606733853e+05 -2.311293367950220727e+03 1.943282040393709030e+04 -7.886511815288919024e+04 -4.530350513044960098e+04 1.187903666603712627e+05 -5.568077917048456147e+05 2.281015240264820401e+06 -1.387039275264688069e+06 9.753734312089039304e+04 -6.933257155476231128e+04 3.537674936603413662e+05 5.611703768566759536e+05 1.691402988864991930e+05 9.860523794413850410e+05
