4.091955718451496959e+07 -2.104539181832694449e+06 -3.166642601553534623e+05 5.899316572540747002e+05 -2.526645422867517336e+05 2.467662835762561765e+06 1.254536331008062232e+06 4.852598510875471984e+05 1.744438765153413988e+05 7.931459878202358261e+06 1.185809606090160087e+07 -1.182001622812820598e+06 3.870554042340592481e+06 -4.671625816932826274e+04 3.226933360783557873e+06 -6.344804602331722854e+05 -4.923099791871681227e+05 -2.648923497648122720e+05
-2.104539181832694449e+06 1.387365957323817164e+07 1.602508181463005021e+06 -1.052337529693159973e+06 8.872621487296463456e+05 -1.204877070763321593e+06 -1.034288303029492527e+05 6.033912930080677324e+04 2.665458437441618880e+05 2.075929445791295031e+06 1.089224547952910699e+07 -2.408327415696306620e+06 -4.285846046688598581e+06 -2.368082763959060423e+06 -2.994293432900721673e+06 -4.980802669028253295e+05 7.809685007541188970e+05 -4.709944164582873782e+03
-3.166642601553534623e+05 1.602508181463005021e+06 4.207119489473322406e+06 -2.504404531260270742e+05 -7.879443304085468117e+04 4.310554157616001612e+04 -2.422337526452295424e+05 1.008426476496603937e+04 -1.610693507400322414e+05 1.412049802168035880e+06 -3.373165920664112084e+06 1.398322225018912693e+06 -9.321719616052781930e+05 2.024372524179581553e+06 -2.612074806461442495e+05 -9.536493690618373221e+05 -1.147378014795050549e+05 -5.318241070320650033e+04
5.899316572540747002e+05 -1.052337529693159973e+06 -2.504404531260270742e+05 1.716358408186911372e+06 2.268148020525599422e+05 1.553412788445759506e+05 -3.009626191646727966e+05 6.348204086800214282e+04 -9.583728492675875896e+04 -1.424673425364557188e+06 -3.570918297242692672e+06 -9.909104982825027546e+05 6.090803807293843711e+05 2.095202281830226420e+05 2.261721446947135555e+05 -4.222493261043009115e+05 -3.313209563942265813e+05 -1.436372818265802052e+05
-2.526645422867517336e+05 8.872621487296463456e+05 -7.879443304085468117e+04 2.268148020525599422e+05 6.568387401030161418e+05 -1.534676950964921161e+04 -1.786511921379633714e+04 -7.042039054624513483e+03 -2.185803593061075844e+03 4.098330361646895297e+06 -2.378368710255364422e+05 -1.204960108504539588e+06 8.297119136626269028e+04 -1.185305000065306085e+05 8.804495884282836050e+04 9.236764462010969510e+03 -8.195501211426686496e+04 -3.486111986233563221e+04
2.467662835762561765e+06 -1.204877070763321593e+06 4.310554157616001612e+04 1.553412788445759506e+05 -1.534676950964921161e+04 7.908968545150589198e+05 1.683086404654514045e+05 -3.777908827374892280e+04 3.200302834963962960e+04 2.329408327719816225e+04 -1.117735746259516571e+06 -5.552182341275428189e+05 8.684187459287302336e+05 3.306889274148555705e+05 7.556362882016762160e+05 4.755173419528725208e+04 6.294001481100974343e+04 -7.148638624747947324e+04
1.254536331008062232e+06 -1.034288303029492527e+05 -2.422337526452295424e+05 -3.009626191646727966e+05 -1.786511921379633714e+04 1.683086404654514045e+05 2.876141752733527101e+05 5.731960550406339280e+03 6.292274122478478967e+04 1.099812948753553908e+06 5.517701037824677769e+05 -5.539854787293975241e+05 2.135094896456380375e+05 -2.649657105805508327e+05 1.547179206903916202e+05 3.651219952266839682e+05 2.147580571600944095e+05 -8.798492251426879375e+04
4.852598510875471984e+05 6.033912930080677324e+04 1.008426476496603937e+04 6.348204086800214282e+04 -7.042039054624513483e+03 -3.777908827374892280e+04 5.731960550406339280e+03 1.235401781304497272e+05 8.261518727308357484e+03 2.027714953793614695e+05 -5.678299119028346613e+05 -4.833339106097849435e+05 -2.172181190843925870e+05 -4.395355840914765140e+05 -1.295858824193207402e+05 -4.361045421039937355e+04 -5.573825747862904245e+04 -6.448573504018857784e+04
1.744438765153413988e+05 2.665458437441618880e+05 -1.610693507400322414e+05 -9.583728492675875896e+04 -2.185803593061075844e+03 3.200302834963962960e+04 6.292274122478478967e+04 8.261518727308357484e+03 1.219775232321604417e+05 5.456165838772489224e+05 1.204318036978892982e+06 -9.033055758663821325e+04 -1.444871059071034251e+05 -2.810803925254555070e+05 3.313012461845301004e+04 9.138636994731888990e+04 9.808774155362433521e+04 4.825185052962885675e+04
7.931459878202358261e+06 2.075929445791295031e+06 1.412049802168035880e+06 -1.424673425364557188e+06 4.098330361646895297e+06 2.329408327719816225e+04 1.099812948753553908e+06 2.027714953793614695e+05 5.456165838772489224e+05 1.804423236562394202e+08 5.075314182865341753e+07 -1.567895479603250884e+07 -6.867873172008699039e+05 3.532252414008305874e+06 7.421774173072814941e+06 6.442084186922616325e+06 1.672482624171294505e+06 -7.469974414358832873e+05
1.185809606090160087e+07 1.089224547952910699e+07 -3.373165920664112084e+06 -3.570918297242692672e+06 -2.378368710255364422e+05 -1.117735746259516571e+06 5.517701037824677769e+05 -5.678299119028346613e+05 1.204318036978892982e+06 5.075314182865341753e+07 1.118212966371541470e+08 4.123133472628875636e+06 3.697186120934625156e+06 -1.221209487869506484e+04 1.186005230467476882e+06 4.087341014185446315e+06 3.433953874560872093e+06 1.009648573430573451e+06
-1.182001622812820598e+06 -2.408327415696306620e+06 1.398322225018912693e+06 -9.909104982825027546e+05 -1.204960108504539588e+06 -5.552182341275428189e+05 -5.539854787293975241e+05 -4.833339106097849435e+05 -9.033055758663821325e+04 -1.567895479603250884e+07 4.123133472628875636e+06 3.745436524147755653e+07 1.887038127631327370e+06 6.086602084922166541e+06 1.763091392381956335e+06 -2.786528940048009157e+06 -1.958592546830147039e+05 -1.242625562375550089e+03
3.870554042340592481e+06 -4.285846046688598581e+06 -9.321719616052781930e+05 6.090803807293843711e+05 8.297119136626269028e+04 8.684187459287302336e+05 2.135094896456380375e+05 -2.172181190843925870e+05 -1.444871059071034251e+05 -6.867873172008699039e+05 3.697186120934625156e+06 1.887038127631327370e+06 1.037292326387781464e+07 1.957050017455345485e+06 3.600795609065425117e+06 7.954412182667957386e+05 3.416765564712925698e+05 1.263960236011139496e+05
-4.671625816932826274e+04 -2.368082763959060423e+06 2.024372524179581553e+06 2.095202281830226420e+05 -1.185305000065306085e+05 3.306889274148555705e+05 -2.649657105805508327e+05 -4.395355840914765140e+05 -2.810803925254555070e+05 3.532252414008305874e+06 -1.221209487869506484e+04 6.086602084922166541e+06 1.957050017455345485e+06 6.695524201855037361e+06 1.531867959971114527e+06 -6.361779773368836613e+05 2.624277367703523487e+05 4.392466833769263467e+05
3.226933360783557873e+06 -2.994293432900721673e+06 -2.612074806461442495e+05 2.261721446947135555e+05 8.804495884282836050e+04 7.556362882016762160e+05 1.547179206903916202e+05 -1.295858824193207402e+05 3.313012461845301004e+04 7.421774173072814941e+06 1.186005230467476882e+06 1.763091392381956335e+06 3.600795609065425117e+06 1.531867959971114527e+06 3.288723030693224631e+06 4.624389884068568936e+05 7.810767675922080525e+04 3.810520041058968054e+05
-6.344804602331722854e+05 -4.980802669028253295e+05 -9.536493690618373221e+05 -4.222493261043009115e+05 9.236764462010969510e+03 4.755173419528725208e+04 3.651219952266839682e+05 -4.361045421039937355e+04 9.138636994731888990e+04 6.442084186922616325e+06 4.087341014185446315e+06 -2.786528940048009157e+06 7.954412182667957386e+05 -6.361779773368836613e+05 4.624389884068568936e+05 2.061883830375182908e+06 7.408574461239028024e+05 2.138275077048308158e+05
-4.923099791871681227e+05 7.809685007541188970e+05 -1.147378014795050549e+05 -3.313209563942265813e+05 -8.195501211426686496e+04 6.294001481100974343e+04 2.147580571600944095e+05 -5.573825747862904245e+04 9.808774155362433521e+04 1.672482624171294505e+06 3.433953874560872093e+06 -1.958592546830147039e+05 3.416765564712925698e+05 2.624277367703523487e+05 7.810767675922080525e+04 7.408574461239028024e+05 1.114476643749329960e+06 2.157458658837002004e+05
-2.648923497648122720e+05 -4.709944164582873782e+03 -5.318241070320650033e+04 -1.436372818265802052e+05 -3.486111986233563221e+04 -7.148638624747947324e+04 -8.798492251426879375e+04 -6.448573504018857784e+04 4.825185052962885675e+04 -7.469974414358832873e+05 1.009648573430573451e+06 -1.242625562375550089e+03 1.263960236011139496e+05 4.392466833769263467e+05 3.810520041058968054e+05 2.138275077048308158e+05 2.157458658837002004e+05 8.585213043326414190e+05
