6.438459641701339185e+07 2.177643273313513957e+06 -1.685204657516497187e+06 -1.099008225580240833e+06 -1.021988882324827835e+06 1.186758191438026261e+06 2.316064463302741351e+05 -3.205818072715937160e+04 -4.495031460121557029e+04 2.030970309436002001e+07 7.702716656029202975e+06 6.042544879226318561e+06 3.901644840541156475e+06 5.181880151298519340e+05 -2.310738648178784642e+06 -2.657101849798895419e+06 1.821153344247808855e+05 5.447329963584926445e+05
2.177643273313513957e+06 2.344703844864844158e+07 2.213331985233289190e+06 -3.223502757675746107e+05 3.204732901114955894e+05 -1.562788048104414484e+05 -3.878202854851154261e+05 -2.531056388301190455e+05 -9.810877682088443544e+04 9.274886024838842452e+06 1.763383267594911903e+07 4.366674156102344394e+06 -1.025440707024958101e+06 4.889834391413014964e+05 2.004529013731213752e+06 1.003925654310461687e+05 6.065987820350755937e+05 -6.628518685303725069e+05
-1.685204657516497187e+06 2.213331985233289190e+06 5.688447631684926338e+06 8.986295339223273331e+05 4.548872761702605058e+05 -4.020261632032162743e+04 6.694948509896463656e+04 2.880358057485413883e+04 8.625687248160946183e+04 -9.667072061053389683e+06 -3.071539894813909195e+06 5.773502544713160954e+06 -1.172533627901908942e+06 8.112675962989617256e+04 -1.292422339023417153e+05 -4.808973935550335445e+05 -9.459163407039294252e+05 -7.800637231226354197e+04
-1.099008225580240833e+06 -3.223502757675746107e+05 8.986295339223273331e+05 2.051041419731242349e+06 4.822926155282948748e+05 -4.383466024465487135e+04 -1.505062022971022634e+04 1.147698343642073451e+05 -1.669664479937013311e+04 -1.096111953144631814e+06 -1.030495513030753937e+06 -7.514244025380720850e+05 5.100147037004380254e+05 -2.474273738996264874e+05 -1.936632038104455860e+05 -5.083992127026052185e+04 -1.215428925797928787e+04 -1.312530687664350553e+05
-1.021988882324827835e+06 3.204732901114955894e+05 4.548872761702605058e+05 4.822926155282948748e+05 5.552563813159827841e+05 5.559068632861589140e+04 2.846781054237643184e+04 5.298681543880757818e+04 -2.480821387765116015e+03 -1.772264218015978811e+06 2.183737154249710962e+06 1.170374157357867807e+06 8.555323003228553571e+05 4.642840601555964677e+05 2.612903015569627169e+05 -6.441311152024379408e+04 1.814813627380444086e+05 -2.762090031586448458e+04
1.186758191438026261e+06 -1.562788048104414484e+05 -4.020261632032162743e+04 -4.383466024465487135e+04 5.559068632861589140e+04 5.072873300690801698e+05 6.672232851480331738e+04 7.503295773457238101e+04 1.585584354114736016e+03 2.379537930000692606e+06 8.523535431701043854e+05 4.972706105833500624e+04 1.701775183678937319e+05 5.319993222947203321e+05 6.530340430661368882e+05 1.286097322385748412e+05 -4.976122116527453181e+04 5.775900393351742969e+04
2.316064463302741351e+05 -3.878202854851154261e+05 6.694948509896463656e+04 -1.505062022971022634e+04 2.846781054237643184e+04 6.672232851480331738e+04 1.982051523101239291e+05 1.053921871105155151e+04 1.314454018165267189e+04 -9.550490017506857403e+05 1.591897553886481794e+06 -3.585161946137886844e+05 -3.603096312440389302e+05 1.888161714012895827e+05 4.001091124672696460e+05 -2.033524070523112459e+04 -1.848318348683912773e+05 7.888787476095712918e+03
-3.205818072715937160e+04 -2.531056388301190455e+05 2.880358057485413883e+04 1.147698343642073451e+05 5.298681543880757818e+04 7.503295773457238101e+04 1.053921871105155151e+04 1.847364900038807828e+05 2.545312722518335795e+04 -3.424367088375015883e+05 7.177276501790655311e+05 3.243403573554491959e+04 -1.708265261357898416e+05 2.157359705963132728e+05 8.133928076386828616e+04 1.388614774372301472e+05 7.580440889505932864e+04 -3.210513415050500407e+04
-4.495031460121557029e+04 -9.810877682088443544e+04 8.625687248160946183e+04 -1.669664479937013311e+04 -2.480821387765116015e+03 1.585584354114736016e+03 1.314454018165267189e+04 2.545312722518335795e+04 1.210147891129241470e+05 -1.928144683000820456e+06 2.589058299768326106e+05 3.246652378533712472e+05 -8.649927516691485653e+04 -7.107582675182535604e+04 -1.635425610667835863e+05 -9.575842825755603553e+04 -1.912455778697245114e+04 2.814213131806882302e+04
2.030970309436002001e+07 9.274886024838842452e+06 -9.667072061053389683e+06 -1.096111953144631814e+06 -1.772264218015978811e+06 2.379537930000692606e+06 -9.550490017506857403e+05 -3.424367088375015883e+05 -1.928144683000820456e+06 2.412426499498334527e+08 3.644478761789028347e+07 -1.565542786795151047e+07 7.755461543877934106e+06 -5.034041406730944291e+06 3.861298006056977902e+06 -1.287050633708611364e+06 1.156993630197488819e+05 -3.615062756166472565e+06
7.702716656029202975e+06 1.763383267594911903e+07 -3.071539894813909195e+06 -1.030495513030753937e+06 2.183737154249710962e+06 8.523535431701043854e+05 1.591897553886481794e+06 7.177276501790655311e+05 2.589058299768326106e+05 3.644478761789028347e+07 1.288495549168603420e+08 -6.896713588083176874e+06 -6.690986692212630995e+06 1.609937306925574085e+06 5.573703106060106307e+06 1.071869838961143745e+06 -1.535140209129482973e+05 8.599994291295452276e+05
6.042544879226318561e+06 4.366674156102344394e+06 5.773502544713160954e+06 -7.514244025380720850e+05 1.170374157357867807e+06 4.972706105833500624e+04 -3.585161946137886844e+05 3.243403573554491959e+04 3.246652378533712472e+05 -1.565542786795151047e+07 -6.896713588083176874e+06 3.619595318400687724e+07 4.829786952098050155e+06 3.562145381671751384e+06 -3.550943294879652676e+05 -3.746161128796347766e+05 2.756477555955590215e+05 -1.042332356802503346e+06
3.901644840541156475e+06 -1.025440707024958101e+06 -1.172533627901908942e+06 5.100147037004380254e+05 8.555323003228553571e+05 1.701775183678937319e+05 -3.603096312440389302e+05 -1.708265261357898416e+05 -8.649927516691485653e+04 7.755461543877934106e+06 -6.690986692212630995e+06 4.829786952098050155e+06 1.372345114950127900e+07 1.609114091921647196e+05 -1.253884358045566361e+06 -6.928133710859734565e+05 2.540194960344444262e+05 2.244371901856292607e+04
5.181880151298519340e+05 4.889834391413014964e+05 8.112675962989617256e+04 -2.474273738996264874e+05 4.642840601555964677e+05 5.319993222947203321e+05 1.888161714012895827e+05 2.157359705963132728e+05 -7.107582675182535604e+04 -5.034041406730944291e+06 1.609937306925574085e+06 3.562145381671751384e+06 1.609114091921647196e+05 5.939295288839116693e+06 1.855861738422624767e+06 4.400524727854866069e+05 8.481916437623199308e+05 6.237611562942494638e+05
-2.310738648178784642e+06 2.004529013731213752e+06 -1.292422339023417153e+05 -1.936632038104455860e+05 2.612903015569627169e+05 6.530340430661368882e+05 4.001091124672696460e+05 8.133928076386828616e+04 -1.635425610667835863e+05 3.861298006056977902e+06 5.573703106060106307e+06 -3.550943294879652676e+05 -1.253884358045566361e+06 1.855861738422624767e+06 3.686459563294558786e+06 7.545932900580258574e+05 3.853567954741027643e+04 -6.573581928636542580e+04
-2.657101849798895419e+06 1.003925654310461687e+05 -4.808973935550335445e+05 -5.083992127026052185e+04 -6.441311152024379408e+04 1.286097322385748412e+05 -2.033524070523112459e+04 1.388614774372301472e+05 -9.575842825755603553e+04 -1.287050633708611364e+06 1.071869838961143745e+06 -3.746161128796347766e+05 -6.928133710859734565e+05 4.400524727854866069e+05 7.545932900580258574e+05 2.152794050337653607e+06 3.732684373971924651e+05 -5.286490633744662046e+04
1.821153344247808855e+05 6.065987820350755937e+05 -9.459163407039294252e+05 -1.215428925797928787e+04 1.814813627380444086e+05 -4.976122116527453181e+04 -1.848318348683912773e+05 7.580440889505932864e+04 -1.912455778697245114e+04 1.156993630197488819e+05 -1.535140209129482973e+05 2.756477555955590215e+05 2.540194960344444262e+05 8.481916437623199308e+05 3.853567954741027643e+04 3.732684373971924651e+05 9.810364353498044657e+05 1.064776672095093381e+05
5.447329963584926445e+05 -6.628518685303725069e+05 -7.800637231226354197e+04 -1.312530687664350553e+05 -2.762090031586448458e+04 5.775900393351742969e+04 7.888787476095712918e+03 -3.210513415050500407e+04 2.814213131806882302e+04 -3.615062756166472565e+06 8.599994291295452276e+05 -1.042332356802503346e+06 2.244371901856292607e+04 6.237611562942494638e+05 -6.573581928636542580e+04 -5.286490633744662046e+04 1.064776672095093381e+05 5.965945313755335519e+05
