4.451390860765036941e+07 1.087715608528638724e+06 -1.465228825123690767e+05 -1.780896471708775032e+06 9.125310639197744895e+05 -1.848139199687751709e+06 -1.290554298113613040e+05 4.321827559534487664e+05 -1.857058151882003585e+05 -2.275929890958373901e+06 5.656129040420589969e+06 -2.793020001884893049e+06 -2.715104788521245122e+06 2.658761054553431459e+06 5.528603301407165127e+05 -2.541513037699679262e+05 -8.267418203304560157e+05 -6.694751536501767114e+05
1.087715608528638724e+06 2.614651366614042595e+07 6.122821159249352291e+06 2.205979071441207081e+06 1.285381553266583476e+06 4.491480425480150006e+04 -3.817761964536848245e+04 7.120493703697153251e+04 -1.642730514174644195e+05 -3.440793721222124994e+06 1.524290667179913633e+07 -6.793498269240910886e+05 -9.073708092883175705e+05 3.825987369796301238e+06 4.173530406090571545e+06 -8.895129675483144820e+05 7.098132550941508962e+05 5.387786642369508045e+05
-1.465228825123690767e+05 6.122821159249352291e+06 6.653384914013543166e+06 1.826576309891634388e+06 3.029872357378163142e+05 3.873915653767356998e+05 -9.607360987958670012e+04 -3.711639619109253399e+05 -1.215677713656383567e+05 8.620290138026991859e+06 5.481986154757161625e+06 2.715446603556423914e+06 4.664028218505387194e+05 1.365125585450183135e+06 1.926587780959228985e+06 -6.861801225586220389e+05 2.838581694968859083e+05 -5.627811619033339957e+04
-1.780896471708775032e+06 2.205979071441207081e+06 1.826576309891634388e+06 2.258882393485854380e+06 3.370464403719105176e+05 4.550870094602328609e+05 2.866412896531001898e+05 -8.585512075128265133e+04 6.770458874357440800e+04 -1.457921961507548345e+06 -5.267788967246161774e+05 1.862322489622875000e+05 1.790297090289032320e+06 6.768413013738875743e+05 2.507598369082873396e+05 2.754542233993263289e+04 2.652324342783025349e+05 3.097213741161291255e+05
9.125310639197744895e+05 1.285381553266583476e+06 3.029872357378163142e+05 3.370464403719105176e+05 5.049671304507933091e+05 7.732052674127137288e+04 1.077714287806426582e+05 4.534060319183117826e+04 4.277988616385209752e+04 -1.511840039604506223e+06 -9.430285289050923893e+05 -1.092112074113867246e+06 3.178771526767042233e+05 9.177761787285593164e+04 5.262636561863116367e+04 -6.149631803901616513e+04 1.166381566437660367e+05 4.661623021899857849e+04
-1.848139199687751709e+06 4.491480425480150006e+04 3.873915653767356998e+05 4.550870094602328609e+05 7.732052674127137288e+04 4.124970629692301736e+05 1.251507908032323467e+05 -1.881074031163586915e+04 7.795398042447489570e+04 -9.738687509703863179e+05 -1.480575069351274054e+06 -2.903253538737804629e+05 5.301304121544999070e+05 -9.123303713827762112e+04 1.218968952627757099e+05 -1.104970979457083740e+05 1.257484734394404368e+05 1.154830988561322010e+04
-1.290554298113613040e+05 -3.817761964536848245e+04 -9.607360987958670012e+04 2.866412896531001898e+05 1.077714287806426582e+05 1.251507908032323467e+05 4.958770128557985299e+05 3.687737427113560989e+04 1.155506016287055536e+05 1.804802082286942517e+06 -3.057012976063554524e+05 -6.020979427892420208e+05 4.695432471081610420e+05 1.333627301646692795e+05 1.110082895814064541e+05 7.676580822023260225e+03 -1.850865479692467125e+04 1.741991894661188708e+05
4.321827559534487664e+05 7.120493703697153251e+04 -3.711639619109253399e+05 -8.585512075128265133e+04 4.534060319183117826e+04 -1.881074031163586915e+04 3.687737427113560989e+04 2.106491094910393585e+05 6.555634992280266306e+04 -4.995251813200071920e+05 3.875042486832080176e+05 -5.472368985162600875e+05 2.926956320865875023e+04 -4.911963786681481724e+04 1.594734666091596009e+05 1.498940635145278065e+05 1.112120345568630582e+05 -4.341561617549597577e+04
-1.857058151882003585e+05 -1.642730514174644195e+05 -1.215677713656383567e+05 6.770458874357440800e+04 4.277988616385209752e+04 7.795398042447489570e+04 1.155506016287055536e+05 6.555634992280266306e+04 1.754136583950666536e+05 2.475351297634248840e+04 -4.272627631871969206e+05 -3.366853094388694153e+05 3.206189535849583335e+05 -2.442788237744917278e+05 -7.604377199945657048e+04 7.456717732931229693e+04 3.274624088225304149e+04 1.449388834794031281e+05
-2.275929890958373901e+06 -3.440793721222124994e+06 8.620290138026991859e+06 -1.457921961507548345e+06 -1.511840039604506223e+06 -9.738687509703863179e+05 1.804802082286942517e+06 -4.995251813200071920e+05 2.475351297634248840e+04 2.557894088033511937e+08 -6.186330962236059830e+06 9.521464423135623336e+06 1.645169002975448733e+06 9.181282811175202951e+06 1.300321058210953139e+07 1.570804535257515963e+06 1.207308132306698011e+06 -9.213721956778372405e+05
5.656129040420589969e+06 1.524290667179913633e+07 5.481986154757161625e+06 -5.267788967246161774e+05 -9.430285289050923893e+05 -1.480575069351274054e+06 -3.057012976063554524e+05 3.875042486832080176e+05 -4.272627631871969206e+05 -6.186330962236059830e+06 9.314745390781521797e+07 1.232505094381878711e+07 4.588698986948333681e+06 3.142121808187818155e+06 4.436681824050409719e+06 1.225857997500727419e+06 6.141176657707097474e+05 -7.981463854352163617e+05
-2.793020001884893049e+06 -6.793498269240910886e+05 2.715446603556423914e+06 1.862322489622875000e+05 -1.092112074113867246e+06 -2.903253538737804629e+05 -6.020979427892420208e+05 -5.472368985162600875e+05 -3.366853094388694153e+05 9.521464423135623336e+06 1.232505094381878711e+07 2.555226397242067382e+07 7.258217463177096099e+06 1.801523949644573964e+06 1.625993273385924986e+06 1.140166357019472402e+06 -7.525084162325308716e+04 4.550864394507392426e+05
-2.715104788521245122e+06 -9.073708092883175705e+05 4.664028218505387194e+05 1.790297090289032320e+06 3.178771526767042233e+05 5.301304121544999070e+05 4.695432471081610420e+05 2.926956320865875023e+04 3.206189535849583335e+05 1.645169002975448733e+06 4.588698986948333681e+06 7.258217463177096099e+06 1.207969515536745824e+07 9.484084213626402197e+05 -1.475495872594019398e+06 7.742304884913872229e+05 2.374299826619994419e+05 9.336215329658811679e+05
2.658761054553431459e+06 3.825987369796301238e+06 1.365125585450183135e+06 6.768413013738875743e+05 9.177761787285593164e+04 -9.123303713827762112e+04 1.333627301646692795e+05 -4.911963786681481724e+04 -2.442788237744917278e+05 9.181282811175202951e+06 3.142121808187818155e+06 1.801523949644573964e+06 9.484084213626402197e+05 3.750069395219274797e+06 1.721760248491947306e+06 3.406906147705503827e+04 1.922444558798725775e+05 2.938884220582665876e+05
5.528603301407165127e+05 4.173530406090571545e+06 1.926587780959228985e+06 2.507598369082873396e+05 5.262636561863116367e+04 1.218968952627757099e+05 1.110082895814064541e+05 1.594734666091596009e+05 -7.604377199945657048e+04 1.300321058210953139e+07 4.436681824050409719e+06 1.625993273385924986e+06 -1.475495872594019398e+06 1.721760248491947306e+06 4.257509251269022003e+06 1.436386843312607380e+05 4.952404576321155764e+05 -2.411230704923841695e+05
-2.541513037699679262e+05 -8.895129675483144820e+05 -6.861801225586220389e+05 2.754542233993263289e+04 -6.149631803901616513e+04 -1.104970979457083740e+05 7.676580822023260225e+03 1.498940635145278065e+05 7.456717732931229693e+04 1.570804535257515963e+06 1.225857997500727419e+06 1.140166357019472402e+06 7.742304884913872229e+05 3.406906147705503827e+04 1.436386843312607380e+05 1.392747659899953520e+06 3.116544285096884123e+05 -6.958713125644838146e+04
-8.267418203304560157e+05 7.098132550941508962e+05 2.838581694968859083e+05 2.652324342783025349e+05 1.166381566437660367e+05 1.257484734394404368e+05 -1.850865479692467125e+04 1.112120345568630582e+05 3.274624088225304149e+04 1.207308132306698011e+06 6.141176657707097474e+05 -7.525084162325308716e+04 2.374299826619994419e+05 1.922444558798725775e+05 4.952404576321155764e+05 3.116544285096884123e+05 7.744145341836521402e+05 1.730934372739051696e+03
-6.694751536501767114e+05 5.387786642369508045e+05 -5.627811619033339957e+04 3.097213741161291255e+05 4.661623021899857849e+04 1.154830988561322010e+04 1.741991894661188708e+05 -4.341561617549597577e+04 1.449388834794031281e+05 -9.213721956778372405e+05 -7.981463854352163617e+05 4.550864394507392426e+05 9.336215329658811679e+05 2.938884220582665876e+05 -2.411230704923841695e+05 -6.958713125644838146e+04 1.730934372739051696e+03 9.857523782033851603e+05
