4.900084501190519333e+07 9.183376068151414394e+06 2.296859240736017528e+05 3.539708192135409918e+06 1.382750662207856367e+05 -5.442485337783814175e+05 -1.058331783238210483e+05 7.144715648609854979e+05 1.453455557595930004e+05 6.223289951219013333e+07 1.183095396469268203e+07 -2.680106678894133074e+05 -9.742416479256408056e+05 9.170611232709627366e+05 -1.097793603668618714e+06 -9.772572978242081590e+05 2.276903896336356644e+06 6.960567728626565076e+05
9.183376068151414394e+06 1.358703600337179564e+07 -5.023812310879584402e+05 1.590231369322020328e+06 6.527117341960747726e+05 -2.947125586943730596e+05 1.823777334516686096e+05 2.022029150820368668e+05 1.243350719703224313e+05 1.051401774872762151e+07 6.349046189829508774e+06 2.148479458311386872e+06 9.161836028075802606e+05 -4.554499259670735919e+05 -1.493584002823657123e+06 -1.165881632003595121e+06 3.362299962582899752e+04 3.000148772505398956e+05
2.296859240736017528e+05 -5.023812310879584402e+05 6.030071626530102454e+06 1.670144510513963411e+06 -3.980934867345122620e+05 -7.948775020329645486e+04 -5.304604404802401405e+04 1.400998504408911394e+05 8.569748227023695654e+04 2.534436783801784739e+06 1.431706664450071985e+06 3.772164016024812590e+06 -8.017739483287278563e+05 2.999971747809246881e+05 5.614956873379948956e+04 -2.162168891702675901e+05 1.845928132585829881e+05 3.123946989982455270e+05
3.539708192135409918e+06 1.590231369322020328e+06 1.670144510513963411e+06 2.258291015237732790e+06 4.877659404617063701e+05 3.301600166206022841e+05 3.683749318208090262e+05 2.000986173002335127e+05 -4.312365005532352370e+04 3.513279223167147022e+06 4.511519268159349449e+06 1.380829681407064432e+06 -9.681172786463311058e+04 5.907573062100857496e+05 -3.141287997351741433e+04 -6.183924455163444509e+04 1.428759179214035394e+05 1.309575176157875394e+05
1.382750662207856367e+05 6.527117341960747726e+05 -3.980934867345122620e+05 4.877659404617063701e+05 1.187810422111024382e+06 1.420561376544336090e+05 2.892920623830927070e+05 6.774773054898710689e+04 2.808216629002788613e+04 1.455691609189404873e+06 1.106180082220726414e+06 9.781891869453625986e+05 -2.006533133440660895e+05 4.924332945471601561e+05 2.228088682905721362e+05 1.076644404106358998e+05 -2.852157642948967405e+05 -1.201114012989022194e+04
-5.442485337783814175e+05 -2.947125586943730596e+05 -7.948775020329645486e+04 3.301600166206022841e+05 1.420561376544336090e+05 7.749754485274298349e+05 1.371223245577928610e+05 1.396474250351822120e+05 5.784017872226294276e+04 -8.923340770300524309e+05 -1.545457050875839544e+06 -8.277391080814035377e+05 6.475323516315722372e+05 -9.576658831349339744e+04 4.344703578556081047e+05 1.223835512231832545e+05 -3.533014453976509976e+05 -9.174317116280771734e+04
-1.058331783238210483e+05 1.823777334516686096e+05 -5.304604404802401405e+04 3.683749318208090262e+05 2.892920623830927070e+05 1.371223245577928610e+05 3.502686710679430398e+05 7.624244685515268066e+04 3.903271178380155470e+04 1.349838487865043571e+06 6.133288538024192676e+05 3.467674270290366258e+05 -2.430253731963376049e+05 4.112221235982433427e+05 6.405657002530067257e+04 5.629719248279893509e+04 -1.745831560855852440e+05 5.034932729181684408e+03
7.144715648609854979e+05 2.022029150820368668e+05 1.400998504408911394e+05 2.000986173002335127e+05 6.774773054898710689e+04 1.396474250351822120e+05 7.624244685515268066e+04 2.411983148676278361e+05 7.375016652498206531e+04 2.193133207048752345e+06 -5.301067059456609422e+05 2.085490723757969972e+05 2.596021441397575254e+05 7.942002275255232234e+04 1.137949595076311234e+05 2.490447709187194123e+05 2.270945833256939659e+05 1.064815458820541098e+05
1.453455557595930004e+05 1.243350719703224313e+05 8.569748227023695654e+04 -4.312365005532352370e+04 2.808216629002788613e+04 5.784017872226294276e+04 3.903271178380155470e+04 7.375016652498206531e+04 1.152277115146202705e+05 3.036073010743798688e+06 -7.700903643799525453e+05 2.113935991265514458e+05 1.668421136067649059e+05 1.674021240036700328e+04 -2.518146237344303154e+04 5.115543424845839763e+04 -1.524120563593611223e+04 6.705369962953015056e+04
6.223289951219013333e+07 1.051401774872762151e+07 2.534436783801784739e+06 3.513279223167147022e+06 1.455691609189404873e+06 -8.923340770300524309e+05 1.349838487865043571e+06 2.193133207048752345e+06 3.036073010743798688e+06 3.259532316785089374e+08 2.836520343942756951e+07 1.850964650320702419e+07 -1.286410218091990799e+07 5.465277702388773672e+06 -1.548196904961742926e+06 4.756261782351081260e+06 5.496322222825257108e+06 1.619051226722170366e+06
1.183095396469268203e+07 6.349046189829508774e+06 1.431706664450071985e+06 4.511519268159349449e+06 1.106180082220726414e+06 -1.545457050875839544e+06 6.133288538024192676e+05 -5.301067059456609422e+05 -7.700903643799525453e+05 2.836520343942756951e+07 1.121908409718707651e+08 1.697579875888175890e+07 -1.575378806719400734e+07 7.409777700238453690e+05 6.191572653861643746e+06 -6.717090866349622374e+05 -5.226425576984914369e+05 -5.767413943965499057e+05
-2.680106678894133074e+05 2.148479458311386872e+06 3.772164016024812590e+06 1.380829681407064432e+06 9.781891869453625986e+05 -8.277391080814035377e+05 3.467674270290366258e+05 2.085490723757969972e+05 2.113935991265514458e+05 1.850964650320702419e+07 1.697579875888175890e+07 2.657095208076967299e+07 3.996034628085361910e+05 9.524867235824441304e+05 2.272408184752440429e+05 8.655149672260857187e+05 -1.726080752094770287e+04 -5.255159381855080137e+05
-9.742416479256408056e+05 9.161836028075802606e+05 -8.017739483287278563e+05 -9.681172786463311058e+04 -2.006533133440660895e+05 6.475323516315722372e+05 -2.430253731963376049e+05 2.596021441397575254e+05 1.668421136067649059e+05 -1.286410218091990799e+07 -1.575378806719400734e+07 3.996034628085361910e+05 1.404551774654731899e+07 2.352526740346994251e+06 -1.200208697400348465e+05 -3.104598975360449986e+05 4.723345812998011243e+05 1.324282193320693914e+06
9.170611232709627366e+05 -4.554499259670735919e+05 2.999971747809246881e+05 5.907573062100857496e+05 4.924332945471601561e+05 -9.576658831349339744e+04 4.112221235982433427e+05 7.942002275255232234e+04 1.674021240036700328e+04 5.465277702388773672e+06 7.409777700238453690e+05 9.524867235824441304e+05 2.352526740346994251e+06 5.375307723226577044e+06 6.939698880642736331e+05 -2.430291081962724274e+05 -1.099971715525977561e+04 7.406794130962791387e+05
-1.097793603668618714e+06 -1.493584002823657123e+06 5.614956873379948956e+04 -3.141287997351741433e+04 2.228088682905721362e+05 4.344703578556081047e+05 6.405657002530067257e+04 1.137949595076311234e+05 -2.518146237344303154e+04 -1.548196904961742926e+06 6.191572653861643746e+06 2.272408184752440429e+05 -1.200208697400348465e+05 6.939698880642736331e+05 2.826149474839880597e+06 5.626269569731833180e+05 -6.020824350132574327e+05 -1.099027298060424364e+05
-9.772572978242081590e+05 -1.165881632003595121e+06 -2.162168891702675901e+05 -6.183924455163444509e+04 1.076644404106358998e+05 1.223835512231832545e+05 5.629719248279893509e+04 2.490447709187194123e+05 5.115543424845839763e+04 4.756261782351081260e+06 -6.717090866349622374e+05 8.655149672260857187e+05 -3.104598975360449986e+05 -2.430291081962724274e+05 5.626269569731833180e+05 1.306171170567562804e+06 4.762966185346230050e+05 -8.178723761801664659e+04
2.276903896336356644e+06 3.362299962582899752e+04 1.845928132585829881e+05 1.428759179214035394e+05 -2.852157642948967405e+05 -3.533014453976509976e+05 -1.745831560855852440e+05 2.270945833256939659e+05 -1.524120563593611223e+04 5.496322222825257108e+06 -5.226425576984914369e+05 -1.726080752094770287e+04 4.723345812998011243e+05 -1.099971715525977561e+04 -6.020824350132574327e+05 4.762966185346230050e+05 1.418090845156236086e+06 3.775598620603432064e+05
6.960567728626565076e+05 3.000148772505398956e+05 3.123946989982455270e+05 1.309575176157875394e+05 -1.201114012989022194e+04 -9.174317116280771734e+04 5.034932729181684408e+03 1.064815458820541098e+05 6.705369962953015056e+04 1.619051226722170366e+06 -5.767413943965499057e+05 -5.255159381855080137e+05 1.324282193320693914e+06 7.406794130962791387e+05 -1.099027298060424364e+05 -8.178723761801664659e+04 3.775598620603432064e+05 7.794083028772076359e+05
