4.619162516613951325e+07 6.591127234430957586e+06 2.497627521573279053e+06 -3.471034782803467242e+05 3.669281162959450739e+05 9.370248991716773016e+05 2.409144732689702869e+04 9.750206023240342038e+05 1.159129396865842398e+06 1.722222109851656109e+07 2.642135714125899225e+07 -9.366164413837585598e+05 -3.692252277592939325e+06 2.133385189277745318e+06 3.763777655513521284e+06 4.630909365032736678e+05 -1.780682559482935758e+05 -1.456813849606685806e+06
6.591127234430957586e+06 1.740991173986418545e+07 3.692918337431155145e+06 -1.669576065944796719e+05 -8.933292747872781474e+05 2.192739452576031326e+05 -2.391223036883699824e+05 4.557801108605452464e+05 -4.237093984022408258e+05 1.988954562743848190e+07 1.425770101392938569e+07 1.888068617229383206e+06 1.357470475667671300e+06 -2.318813388152945787e+06 1.986492704560791841e+06 6.048026582780466415e+05 1.428283148729458917e+05 -2.921165281446538866e+05
2.497627521573279053e+06 3.692918337431155145e+06 5.094536235085713677e+06 8.182269317879070295e+05 -4.029825321132622776e+05 1.063254211657964770e+05 3.778272246464383352e+04 1.004724597143301980e+04 8.542603837500607187e+04 1.362057733279317617e+07 4.582133685142904520e+06 4.857751761116968468e+06 -3.633833939118451326e+03 -1.158838584268049337e+06 5.806762465136013925e+05 -6.760001143360011047e+05 3.008532362725586863e+05 2.994564212308331626e+05
-3.471034782803467242e+05 -1.669576065944796719e+05 8.182269317879070295e+05 1.768712745981906308e+06 2.072223469789950468e+04 -2.261419475424432894e+05 -7.293412347014607803e+04 2.186136822763113014e+04 6.795414146372681716e+04 4.265559215653229505e+06 -6.253419326698236400e+05 1.082773799781628331e+05 1.075034383847627323e+06 5.784547911856682040e+05 -6.420759545069320593e+05 -7.606808861169222509e+05 -3.700296461188134799e+03 -1.086366358563656468e+04
3.669281162959450739e+05 -8.933292747872781474e+05 -4.029825321132622776e+05 2.072223469789950468e+04 9.228415263075167313e+05 1.201794620952090918e+05 -2.039723788187228783e+05 -4.024809340774772136e+04 8.268002992185282346e+04 -3.875854246397087816e+06 9.435378652026465861e+05 -3.806038506409497350e+05 -6.793393139183953172e+05 4.807101507715871558e+05 -9.657135261266867747e+04 -1.583258717820120510e+05 2.488015967123303562e+04 4.469083904568366961e+03
9.370248991716773016e+05 2.192739452576031326e+05 1.063254211657964770e+05 -2.261419475424432894e+05 1.201794620952090918e+05 4.761825403439140064e+05 4.558587318790392601e+04 -2.639384871642287908e+04 -7.606899718782470700e+03 -2.713249650885242969e+06 9.942514157252594596e+05 1.909200253661527313e+04 -5.509267064470640616e+05 3.545683347831524443e+05 3.491675323080742382e+05 9.750677696272477624e+04 -5.572204978030805069e+04 -2.681187595716422074e+05
2.409144732689702869e+04 -2.391223036883699824e+05 3.778272246464383352e+04 -7.293412347014607803e+04 -2.039723788187228783e+05 4.558587318790392601e+04 3.246755046260371455e+05 5.178413350553914825e+03 1.533577403953475823e+03 1.879258330807872117e+06 -1.520902475350091001e+06 3.501313336490081274e+05 -1.380038979641933111e+05 -2.839715568741527386e+05 2.713013072256464147e+04 1.172004467151891877e+05 -1.915038715319039766e+05 -3.326607940389103169e+04
9.750206023240342038e+05 4.557801108605452464e+05 1.004724597143301980e+04 2.186136822763113014e+04 -4.024809340774772136e+04 -2.639384871642287908e+04 5.178413350553914825e+03 1.369316699301668268e+05 3.866189032623141247e+04 3.187290196563988458e+06 1.059157676646832144e+06 -3.113798040365023189e+05 -8.422396687101213320e+04 -1.310155675671376775e+04 2.225066084981823515e+05 7.163270580756728305e+04 1.778510535045025972e+04 1.687754593912701921e+03
1.159129396865842398e+06 -4.237093984022408258e+05 8.542603837500607187e+04 6.795414146372681716e+04 8.268002992185282346e+04 -7.606899718782470700e+03 1.533577403953475823e+03 3.866189032623141247e+04 1.347797249793348019e+05 1.421027722910844255e+06 2.228150333076742536e+05 -3.292882538523023250e+05 -1.511550742141089868e+05 4.317759515745226236e+04 4.757567672606024280e+04 -9.997263457618954999e+04 -4.205479753221712599e+04 3.500412819530203706e+04
1.722222109851656109e+07 1.988954562743848190e+07 1.362057733279317617e+07 4.265559215653229505e+06 -3.875854246397087816e+06 -2.713249650885242969e+06 1.879258330807872117e+06 3.187290196563988458e+06 1.421027722910844255e+06 2.607717845037050843e+08 4.519163901487999409e+07 -1.167099802713663317e+07 1.012875010854849033e+07 -1.722861947961195931e+07 1.975907285265077080e+05 -1.543146042898058658e+06 5.555876158944164636e+05 2.646231959538126364e+06
2.642135714125899225e+07 1.425770101392938569e+07 4.582133685142904520e+06 -6.253419326698236400e+05 9.435378652026465861e+05 9.942514157252594596e+05 -1.520902475350091001e+06 1.059157676646832144e+06 2.228150333076742536e+05 4.519163901487999409e+07 5.894558624702268094e+07 9.262519321354673011e+05 -1.597221370037291897e+06 -8.273052798912761500e+05 1.625444634990978520e+06 -4.838513571048136218e+05 3.128007642862895969e+06 -1.426342153590118687e+05
-9.366164413837585598e+05 1.888068617229383206e+06 4.857751761116968468e+06 1.082773799781628331e+05 -3.806038506409497350e+05 1.909200253661527313e+04 3.501313336490081274e+05 -3.113798040365023189e+05 -3.292882538523023250e+05 -1.167099802713663317e+07 9.262519321354673011e+05 2.827797526938714460e+07 -1.241209593181177508e+06 2.584545477020139515e+05 1.041942911605782923e+06 5.475308451760931639e+05 3.808966989032656420e+05 2.653755399236476514e+05
-3.692252277592939325e+06 1.357470475667671300e+06 -3.633833939118451326e+03 1.075034383847627323e+06 -6.793393139183953172e+05 -5.509267064470640616e+05 -1.380038979641933111e+05 -8.422396687101213320e+04 -1.511550742141089868e+05 1.012875010854849033e+07 -1.597221370037291897e+06 -1.241209593181177508e+06 1.008623218810914643e+07 4.086816979467825149e+05 -1.986139155696353700e+05 3.823144130945423967e+05 5.219903630089496146e+05 1.226293100505377399e+06
2.133385189277745318e+06 -2.318813388152945787e+06 -1.158838584268049337e+06 5.784547911856682040e+05 4.807101507715871558e+05 3.545683347831524443e+05 -2.839715568741527386e+05 -1.310155675671376775e+04 4.317759515745226236e+04 -1.722861947961195931e+07 -8.273052798912761500e+05 2.584545477020139515e+05 4.086816979467825149e+05 6.349318897113411687e+06 2.308495623274299782e+06 1.779846587844828609e+05 1.233712954626253777e+05 -6.724234552735741017e+05
3.763777655513521284e+06 1.986492704560791841e+06 5.806762465136013925e+05 -6.420759545069320593e+05 -9.657135261266867747e+04 3.491675323080742382e+05 2.713013072256464147e+04 2.225066084981823515e+05 4.757567672606024280e+04 1.975907285265077080e+05 1.625444634990978520e+06 1.041942911605782923e+06 -1.986139155696353700e+05 2.308495623274299782e+06 4.197683333000813611e+06 5.665242876175973797e+05 -3.921819455168139539e+05 -2.563249792090679694e+05
4.630909365032736678e+05 6.048026582780466415e+05 -6.760001143360011047e+05 -7.606808861169222509e+05 -1.583258717820120510e+05 9.750677696272477624e+04 1.172004467151891877e+05 7.163270580756728305e+04 -9.997263457618954999e+04 -1.543146042898058658e+06 -4.838513571048136218e+05 5.475308451760931639e+05 3.823144130945423967e+05 1.779846587844828609e+05 5.665242876175973797e+05 2.155920411299140193e+06 1.841474557657902478e+05 -1.429204804704090348e+05
-1.780682559482935758e+05 1.428283148729458917e+05 3.008532362725586863e+05 -3.700296461188134799e+03 2.488015967123303562e+04 -5.572204978030805069e+04 -1.915038715319039766e+05 1.778510535045025972e+04 -4.205479753221712599e+04 5.555876158944164636e+05 3.128007642862895969e+06 3.808966989032656420e+05 5.219903630089496146e+05 1.233712954626253777e+05 -3.921819455168139539e+05 1.841474557657902478e+05 1.064975711469605099e+06 2.726038438315781532e+05
-1.456813849606685806e+06 -2.921165281446538866e+05 2.994564212308331626e+05 -1.086366358563656468e+04 4.469083904568366961e+03 -2.681187595716422074e+05 -3.326607940389103169e+04 1.687754593912701921e+03 3.500412819530203706e+04 2.646231959538126364e+06 -1.426342153590118687e+05 2.653755399236476514e+05 1.226293100505377399e+06 -6.724234552735741017e+05 -2.563249792090679694e+05 -1.429204804704090348e+05 2.726038438315781532e+05 7.447726893799691461e+05
