3.835064479598697275e+07 4.216487687582881772e+05 -3.714817511355509516e+06 4.189137842549908091e+05 -5.864571883228808874e+05 7.313654587532151490e+05 -6.138961037872954039e+05 8.238063817485126201e+05 4.507985827977826120e+05 8.183949233050002716e+06 -7.917839785393947735e+06 2.373623165722254198e+06 -1.000319117624261562e+05 2.015285498597332207e+03 1.472669080357823987e+06 -5.807510818570777774e+05 -5.450100767722219462e+04 1.887704240863787476e+06
4.216487687582881772e+05 1.592257836510211043e+07 1.762205054800356273e+06 -2.132903476115890080e+05 -4.137036622505392879e+05 7.296079719824262429e+05 3.205425999018409057e+05 -1.082718025325878116e+05 -4.149970733399403980e+05 2.448807484994534403e+06 1.647746679653416015e+07 6.689086641660863534e+06 2.651623033012794331e+06 -1.657457247909626458e+06 2.515615220520726405e+06 1.941672121376997384e+05 -9.885171915753377834e+05 -7.201546773507590406e+05
-3.714817511355509516e+06 1.762205054800356273e+06 5.449509911784918979e+06 2.100644277369703923e+05 -9.991007208634018025e+04 -4.801657102098570613e+04 3.633961768973962171e+05 -1.399961509076320799e+05 5.803536596460917644e+04 -8.183510123874687124e+05 4.270913423915303429e+05 2.885162056778549682e+06 2.067205526979741873e+06 1.185880428307670401e+06 3.946635738237087498e+05 -3.536273906557562295e+05 -4.357077465634872206e+05 -4.902625708303202409e+05
4.189137842549908091e+05 -2.132903476115890080e+05 2.100644277369703923e+05 2.021503901458673412e+06 3.138814345806858619e+05 -3.708894921652824269e+04 -3.226127322927693240e+04 -9.014917999523156323e+04 6.261413847254483699e+04 -4.049423560957738082e+05 -3.855806256079990417e+06 -1.312650430777114816e+06 1.264595719447182724e+06 4.955491578538200120e+05 -6.662324749041051837e+04 4.013097614349928335e+05 -4.619639973597800126e+05 4.041896277830961481e+04
-5.864571883228808874e+05 -4.137036622505392879e+05 -9.991007208634018025e+04 3.138814345806858619e+05 9.154113892396187875e+05 3.115628825478053186e+05 -8.321655879696409102e+04 4.282079286046693596e+04 8.947544655991987383e+04 -2.763942845352055971e+06 -7.306350158786626998e+05 -2.601490101487235224e+05 4.586054486932842410e+05 8.009231124902294250e+05 8.636769734001683537e+04 -4.261495352995908615e+04 -1.985050655479171837e+05 8.346321550346443837e+04
7.313654587532151490e+05 7.296079719824262429e+05 -4.801657102098570613e+04 -3.708894921652824269e+04 3.115628825478053186e+05 6.072612012057082029e+05 6.245247682528402220e+04 8.002484192390737007e+04 1.099566183666277720e+04 -9.622275398529308150e+05 -6.428594690387811279e+05 2.124271483618549246e+05 7.771754823670088081e+05 5.769789258219315670e+05 5.645229418289652094e+05 3.021783503536707212e+04 -2.105018172367835068e+05 -1.565422159624955930e+04
-6.138961037872954039e+05 3.205425999018409057e+05 3.633961768973962171e+05 -3.226127322927693240e+04 -8.321655879696409102e+04 6.245247682528402220e+04 2.716710063145473832e+05 9.080155204733933942e+02 -3.127559858372927192e+04 6.252327128446415300e+05 -3.092375421514720656e+05 -3.213198046246127924e+05 7.692720321430772310e+04 -5.026123505599851342e+04 4.860870905216193205e+04 -3.638042624591131607e+04 -1.328735952242723433e+05 -1.653477956990509992e+05
8.238063817485126201e+05 -1.082718025325878116e+05 -1.399961509076320799e+05 -9.014917999523156323e+04 4.282079286046693596e+04 8.002484192390737007e+04 9.080155204733933942e+02 1.960759930076491437e+05 3.096949957859029018e+04 1.261300774860290345e+06 -1.544551861488263821e+05 -5.393065008975523524e+05 5.589937680271317950e+05 3.350325934747917927e+05 1.666318922124980018e+05 -9.872974996652911068e+04 -2.747644349502445402e+04 -2.340095512407739807e+04
4.507985827977826120e+05 -4.149970733399403980e+05 5.803536596460917644e+04 6.261413847254483699e+04 8.947544655991987383e+04 1.099566183666277720e+04 -3.127559858372927192e+04 3.096949957859029018e+04 1.456035273250381288e+05 4.944967326024876675e+05 6.007840026226070477e+05 -6.186929756717376586e+04 1.571213450388736674e+05 3.548979651360923890e+05 2.229934163582094479e+05 1.396622491977602476e+05 1.014720998025622102e+05 1.547626466525898431e+05
8.183949233050002716e+06 2.448807484994534403e+06 -8.183510123874687124e+05 -4.049423560957738082e+05 -2.763942845352055971e+06 -9.622275398529308150e+05 6.252327128446415300e+05 1.261300774860290345e+06 4.944967326024876675e+05 1.739955181735967696e+08 3.488604928860361129e+07 4.866656807424714789e+06 1.164821396148131229e+06 8.865335155901409686e+06 2.084456420178583590e+06 -9.432217597863777773e+05 -1.290850101215842646e+06 -5.750422814594913507e+05
-7.917839785393947735e+06 1.647746679653416015e+07 4.270913423915303429e+05 -3.855806256079990417e+06 -7.306350158786626998e+05 -6.428594690387811279e+05 -3.092375421514720656e+05 -1.544551861488263821e+05 6.007840026226070477e+05 3.488604928860361129e+07 1.033815401146565825e+08 1.399948321888856590e+07 1.991996096981346607e+06 3.056007586364369839e+06 9.350672037083491683e+06 4.576220415394324809e+06 2.539777871017623693e+06 -2.227113906851390784e+05
2.373623165722254198e+06 6.689086641660863534e+06 2.885162056778549682e+06 -1.312650430777114816e+06 -2.601490101487235224e+05 2.124271483618549246e+05 -3.213198046246127924e+05 -5.393065008975523524e+05 -6.186929756717376586e+04 4.866656807424714789e+06 1.399948321888856590e+07 2.568844343729993328e+07 8.458003663779882714e+06 9.960250963558480144e+05 7.481906116224119905e+05 5.244042792860055342e+05 -3.498921174233768834e+05 4.913105597301331582e+05
-1.000319117624261562e+05 2.651623033012794331e+06 2.067205526979741873e+06 1.264595719447182724e+06 4.586054486932842410e+05 7.771754823670088081e+05 7.692720321430772310e+04 5.589937680271317950e+05 1.571213450388736674e+05 1.164821396148131229e+06 1.991996096981346607e+06 8.458003663779882714e+06 1.507079169463079795e+07 3.580981331862879451e+06 1.308519300938572735e+06 2.391228562352974841e+05 -8.499948652714744676e+05 -4.730724688037577434e+05
2.015285498597332207e+03 -1.657457247909626458e+06 1.185880428307670401e+06 4.955491578538200120e+05 8.009231124902294250e+05 5.769789258219315670e+05 -5.026123505599851342e+04 3.350325934747917927e+05 3.548979651360923890e+05 8.865335155901409686e+06 3.056007586364369839e+06 9.960250963558480144e+05 3.580981331862879451e+06 6.899789937891780399e+06 2.341410005098180380e+06 9.817437872447088012e+04 -1.478525838474139746e+05 2.320654567345145042e+05
1.472669080357823987e+06 2.515615220520726405e+06 3.946635738237087498e+05 -6.662324749041051837e+04 8.636769734001683537e+04 5.645229418289652094e+05 4.860870905216193205e+04 1.666318922124980018e+05 2.229934163582094479e+05 2.084456420178583590e+06 9.350672037083491683e+06 7.481906116224119905e+05 1.308519300938572735e+06 2.341410005098180380e+06 3.475789886334531941e+06 1.020946327231281437e+06 3.710064258413154748e+05 3.896557799918118981e+05
-5.807510818570777774e+05 1.941672121376997384e+05 -3.536273906557562295e+05 4.013097614349928335e+05 -4.261495352995908615e+04 3.021783503536707212e+04 -3.638042624591131607e+04 -9.872974996652911068e+04 1.396622491977602476e+05 -9.432217597863777773e+05 4.576220415394324809e+06 5.244042792860055342e+05 2.391228562352974841e+05 9.817437872447088012e+04 1.020946327231281437e+06 1.213746716265542433e+06 2.482779817116054764e+05 2.661040795618928969e+05
-5.450100767722219462e+04 -9.885171915753377834e+05 -4.357077465634872206e+05 -4.619639973597800126e+05 -1.985050655479171837e+05 -2.105018172367835068e+05 -1.328735952242723433e+05 -2.747644349502445402e+04 1.014720998025622102e+05 -1.290850101215842646e+06 2.539777871017623693e+06 -3.498921174233768834e+05 -8.499948652714744676e+05 -1.478525838474139746e+05 3.710064258413154748e+05 2.482779817116054764e+05 7.569803436181382276e+05 3.195208315952118137e+05
1.887704240863787476e+06 -7.201546773507590406e+05 -4.902625708303202409e+05 4.041896277830961481e+04 8.346321550346443837e+04 -1.565422159624955930e+04 -1.653477956990509992e+05 -2.340095512407739807e+04 1.547626466525898431e+05 -5.750422814594913507e+05 -2.227113906851390784e+05 4.913105597301331582e+05 -4.730724688037577434e+05 2.320654567345145042e+05 3.896557799918118981e+05 2.661040795618928969e+05 3.195208315952118137e+05 6.046529436451471411e+05
