5.562231977608771622e+07 2.817718110562684480e+06 -1.426498350159614813e+06 -2.445078091617826372e+06 8.035819541224503191e+05 2.478953958355610957e+05 3.305232379565357114e+05 -7.706157806760288076e+04 1.119871638073424401e+04 1.055799791363983974e+07 -1.217266565308430232e+07 -3.371065780810914002e+06 1.260118394655764848e+07 8.892312392049657181e+06 4.186162682973077171e+05 -1.673674438156935154e+06 1.438348519093289506e+05 -8.940322333185792668e+05
2.817718110562684480e+06 1.410160209525186382e+07 8.571432918490128359e+05 -3.842286699888684670e+05 2.476833171650040604e+05 4.026393806910716230e+05 5.049568819180117571e+05 1.460226107827356609e+05 5.580771918449133227e+04 -7.161543955305473879e+06 -4.633843719251854345e+06 -9.935633580097006634e+05 -7.196537140404507518e+05 2.429537525333400350e+06 -3.424706648830451304e+05 -7.376069378697177162e+05 -1.274038644504559226e+06 -8.908234732557880925e+05
-1.426498350159614813e+06 8.571432918490128359e+05 5.123114310410860926e+06 1.180252178099047858e+06 2.979866702519419487e+05 3.533328942520295386e+05 8.770553982013477071e+04 1.867055862277596316e+05 3.036024218680320701e+04 -8.355227346113553271e+06 -1.116241728515828028e+06 1.643917575503196102e+06 -1.377595531174382195e+05 1.005743630543963285e+06 -6.103790390038690530e+05 -2.507848396290011005e+05 1.158525120953798178e+05 2.981939634029515437e+05
-2.445078091617826372e+06 -3.842286699888684670e+05 1.180252178099047858e+06 2.604376681444581132e+06 2.077985407388539752e+05 1.352697415198970994e+05 -7.755652024073926441e+03 -1.395959306666559423e+05 2.629357067165873104e+03 -1.074066122995290533e+07 1.377073787081839517e+06 1.398934862722853664e+06 6.416069292987970402e+05 -1.064426336395814815e+03 -1.663488544988305075e+05 5.315054944019386312e+05 4.161749520893000299e+05 1.127709747346898621e+04
8.035819541224503191e+05 2.476833171650040604e+05 2.979866702519419487e+05 2.077985407388539752e+05 7.373889216259438545e+05 2.015472420428599289e+05 6.969896811597009946e+04 4.927391233940767415e+04 -5.798420645778458129e+04 -3.543758052563818637e+06 1.305494605300089810e+06 1.181654390415865462e+06 8.130541695858219173e+05 6.808579005814518314e+05 -2.711073282389971428e+05 1.372285472011484671e+05 2.087725460060002224e+05 -4.381075232307801343e+04
2.478953958355610957e+05 4.026393806910716230e+05 3.533328942520295386e+05 1.352697415198970994e+05 2.015472420428599289e+05 4.428208797057328629e+05 6.890380699366162298e+04 9.115532972828754282e+04 -1.786538333397963652e+04 4.108382714922588202e+05 1.121464988604442216e+06 1.143424029092599638e+06 8.960225426272175973e+05 -9.537208094690184225e+04 -1.775663968258340028e+05 -2.037322387615590997e+05 4.687639865322126570e+04 2.828786793933829904e+04
3.305232379565357114e+05 5.049568819180117571e+05 8.770553982013477071e+04 -7.755652024073926441e+03 6.969896811597009946e+04 6.890380699366162298e+04 3.464902406563999830e+05 7.329188484168115247e+04 7.012217450607400679e+04 1.078876534220847301e+06 9.167338163489600411e+05 2.802807083914561008e+04 4.024458972034045146e+05 3.268915638984823017e+05 8.327239866279564740e+04 9.087317941920341400e+04 7.617033127118447737e+04 9.883228708274968085e+04
-7.706157806760288076e+04 1.460226107827356609e+05 1.867055862277596316e+05 -1.395959306666559423e+05 4.927391233940767415e+04 9.115532972828754282e+04 7.329188484168115247e+04 1.663997882176912099e+05 6.824255270013742847e+04 1.227203055564542767e+06 3.177267891413659090e+05 2.528492873131576343e+05 1.250496451440999517e+05 4.215132008171881171e+04 4.651140432781784330e+04 -1.105289044285450218e+05 7.914974984697031323e+04 1.747306892522296403e+05
1.119871638073424401e+04 5.580771918449133227e+04 3.036024218680320701e+04 2.629357067165873104e+03 -5.798420645778458129e+04 -1.786538333397963652e+04 7.012217450607400679e+04 6.824255270013742847e+04 1.157954053043818130e+05 1.775729930468458624e+05 5.553840726624829695e+05 -2.078641924270562595e+05 4.787995383161339123e+04 9.131678297924179060e+04 9.892682226995380188e+04 1.929585689409127735e+04 2.767191320107477077e+04 1.823021151580715668e+05
1.055799791363983974e+07 -7.161543955305473879e+06 -8.355227346113553271e+06 -1.074066122995290533e+07 -3.543758052563818637e+06 4.108382714922588202e+05 1.078876534220847301e+06 1.227203055564542767e+06 1.775729930468458624e+05 2.594124323054719567e+08 1.591480986855223076e+06 -1.498562536055788957e+07 -1.480944122163262591e+07 -8.809768500458503142e+06 5.301433739047205745e+04 -4.713852021510154940e+06 -1.776335427011448424e+06 1.458277523099773563e+06
-1.217266565308430232e+07 -4.633843719251854345e+06 -1.116241728515828028e+06 1.377073787081839517e+06 1.305494605300089810e+06 1.121464988604442216e+06 9.167338163489600411e+05 3.177267891413659090e+05 5.553840726624829695e+05 1.591480986855223076e+06 5.730843167146278918e+07 1.024797720443611592e+07 4.886985317357032560e+06 -9.932181602249620482e+04 -7.194016709677358158e+05 -4.548891686747675703e+04 4.190776886908896849e+05 3.347862870460630860e+06
-3.371065780810914002e+06 -9.935633580097006634e+05 1.643917575503196102e+06 1.398934862722853664e+06 1.181654390415865462e+06 1.143424029092599638e+06 2.802807083914561008e+04 2.528492873131576343e+05 -2.078641924270562595e+05 -1.498562536055788957e+07 1.024797720443611592e+07 2.347529029205597937e+07 3.064683146000646986e+06 -2.597076957033985760e+06 3.055148618035720574e+04 2.617327587423018122e+05 8.958835070014609955e+05 7.632417241940689273e+05
1.260118394655764848e+07 -7.196537140404507518e+05 -1.377595531174382195e+05 6.416069292987970402e+05 8.130541695858219173e+05 8.960225426272175973e+05 4.024458972034045146e+05 1.250496451440999517e+05 4.787995383161339123e+04 -1.480944122163262591e+07 4.886985317357032560e+06 3.064683146000646986e+06 1.094237459583210759e+07 4.759156250771363266e+06 1.041708195829803823e+06 -1.379935546954829188e+05 1.144048479775043437e+06 7.034248542235055938e+05
8.892312392049657181e+06 2.429537525333400350e+06 1.005743630543963285e+06 -1.064426336395814815e+03 6.808579005814518314e+05 -9.537208094690184225e+04 3.268915638984823017e+05 4.215132008171881171e+04 9.131678297924179060e+04 -8.809768500458503142e+06 -9.932181602249620482e+04 -2.597076957033985760e+06 4.759156250771363266e+06 8.460388460992369801e+06 2.265918925247180741e+05 3.695481200952975196e+05 8.286138697147276253e+04 1.011219664264873718e+05
4.186162682973077171e+05 -3.424706648830451304e+05 -6.103790390038690530e+05 -1.663488544988305075e+05 -2.711073282389971428e+05 -1.775663968258340028e+05 8.327239866279564740e+04 4.651140432781784330e+04 9.892682226995380188e+04 5.301433739047205745e+04 -7.194016709677358158e+05 3.055148618035720574e+04 1.041708195829803823e+06 2.265918925247180741e+05 2.465660149145934265e+06 6.645102632296002703e+05 9.582965195880904503e+04 2.348379397333886300e+05
-1.673674438156935154e+06 -7.376069378697177162e+05 -2.507848396290011005e+05 5.315054944019386312e+05 1.372285472011484671e+05 -2.037322387615590997e+05 9.087317941920341400e+04 -1.105289044285450218e+05 1.929585689409127735e+04 -4.713852021510154940e+06 -4.548891686747675703e+04 2.617327587423018122e+05 -1.379935546954829188e+05 3.695481200952975196e+05 6.645102632296002703e+05 1.328556442484586732e+06 2.548637280901860795e+05 2.111763603233093454e+05
1.438348519093289506e+05 -1.274038644504559226e+06 1.158525120953798178e+05 4.161749520893000299e+05 2.087725460060002224e+05 4.687639865322126570e+04 7.617033127118447737e+04 7.914974984697031323e+04 2.767191320107477077e+04 -1.776335427011448424e+06 4.190776886908896849e+05 8.958835070014609955e+05 1.144048479775043437e+06 8.286138697147276253e+04 9.582965195880904503e+04 2.548637280901860795e+05 7.294162544761633035e+05 3.434871411879861262e+05
-8.940322333185792668e+05 -8.908234732557880925e+05 2.981939634029515437e+05 1.127709747346898621e+04 -4.381075232307801343e+04 2.828786793933829904e+04 9.883228708274968085e+04 1.747306892522296403e+05 1.823021151580715668e+05 1.458277523099773563e+06 3.347862870460630860e+06 7.632417241940689273e+05 7.034248542235055938e+05 1.011219664264873718e+05 2.348379397333886300e+05 2.111763603233093454e+05 3.434871411879861262e+05 9.755866979608976981e+05
