4.984366526974925399e+07 7.097403410333260894e+06 -2.593618358799909241e+06 1.360981150517153088e+06 1.520038691611129092e+06 1.027342978873921908e+06 9.007841934004953364e+05 7.767765456579154124e+05 -1.811911692359575245e+05 1.123960572995932214e+07 7.692282847876057029e+06 -8.491469366112621501e+06 3.831450486241920386e+06 3.213873769509503152e+06 4.710963430884364992e+06 -8.091347753456532955e+05 2.473661145864199381e+06 1.874125114866176387e+06
7.097403410333260894e+06 2.016116766050107777e+07 4.276897936124748550e+06 1.878031401246465743e+06 5.839484236136028776e+05 2.964669277884508483e+05 -2.008999577136018197e+05 1.149515282578291139e+06 5.667842807703558356e+05 -2.065537639514755830e+07 6.657312396970038302e+06 1.599823026023557410e+06 4.036613383992876858e+06 -1.217270589468138060e+06 -1.238088262393632671e+06 -1.053676339277647436e+06 1.458069541425080039e+06 1.621954717088252539e+06
-2.593618358799909241e+06 4.276897936124748550e+06 6.311220615412768908e+06 2.342449285609051120e+06 3.214596313701251056e+05 -1.550326391412086959e+05 1.589664767164127552e+05 2.590503672501892142e+05 2.655313514228208805e+05 -4.659374543674975634e+06 -1.272182723031973466e+06 4.517452724040514790e+06 4.530123836195011390e+05 -1.230982300019889837e+06 -1.837763518019520212e+06 3.966478773123457213e+05 -1.792370073500070139e+05 1.065808243836561269e+04
1.360981150517153088e+06 1.878031401246465743e+06 2.342449285609051120e+06 3.316712486824522726e+06 5.224540960656161187e+05 2.516271937511555006e+04 1.843555416053516383e+05 3.056115589466737947e+04 2.548142080157230521e+04 -1.750278882038759766e+06 -1.009021930592933903e+06 1.037619103174083866e+06 1.188582122216239339e+06 -2.887795279737411765e+05 -3.701655433176532970e+05 3.290704169519605930e+05 -1.013866536632783682e+05 -2.597713151579303667e+04
1.520038691611129092e+06 5.839484236136028776e+05 3.214596313701251056e+05 5.224540960656161187e+05 8.568500654856659239e+05 3.012519538877143641e+05 1.035384048590015445e+05 1.529232742667245329e+05 6.095041305165950325e+04 4.155373150491943117e+06 -9.227945879588267999e+05 -3.390738570509800338e+05 4.690238548764098960e+04 5.965988855249773478e+05 5.308207033572036380e+03 1.019106396104742016e+05 2.874571417824587552e+05 6.656958467614461551e+04
1.027342978873921908e+06 2.964669277884508483e+05 -1.550326391412086959e+05 2.516271937511555006e+04 3.012519538877143641e+05 5.288653714748665225e+05 6.393108710534659622e+04 8.316387311188998865e+04 9.041679721469702781e+04 -7.310644818767483812e+05 4.871183366409667069e+05 -1.984657116997023986e+05 5.303364921744196909e+05 1.989657120631924772e+05 3.753566654992838739e+05 2.877027248602459440e+05 2.136071884014064271e+05 1.997081142788532015e+05
9.007841934004953364e+05 -2.008999577136018197e+05 1.589664767164127552e+05 1.843555416053516383e+05 1.035384048590015445e+05 6.393108710534659622e+04 2.883825168609996908e+05 -1.720661124816135271e+04 3.900250452387477708e+04 -1.164949940509164473e+06 -1.815158201724911050e+05 3.348887627783408388e+05 -5.039817760959725274e+04 -2.274365991981982661e+05 2.454076967364197189e+05 3.481263658098572632e+05 5.154231957121587766e+04 4.024011592082671996e+04
7.767765456579154124e+05 1.149515282578291139e+06 2.590503672501892142e+05 3.056115589466737947e+04 1.529232742667245329e+05 8.316387311188998865e+04 -1.720661124816135271e+04 1.962586994038957055e+05 8.313348454139393289e+04 1.259756657291799318e+06 6.375580468400341924e+05 2.193604117137033609e+05 1.633030732234716706e+05 1.790652152044673858e+05 -8.292315313271724153e+04 -1.529751310176629922e+05 2.655223932895836770e+05 1.610127426663692750e+05
-1.811911692359575245e+05 5.667842807703558356e+05 2.655313514228208805e+05 2.548142080157230521e+04 6.095041305165950325e+04 9.041679721469702781e+04 3.900250452387477708e+04 8.313348454139393289e+04 1.377518467971528007e+05 -3.864727132208296098e+04 -2.998399118156099576e+04 1.538437420688858838e+05 1.725208808144328941e+05 7.100224453121474653e+04 -7.626811437621182995e+04 6.763127867187697848e+04 4.879548227125441190e+04 1.041041751288993255e+05
1.123960572995932214e+07 -2.065537639514755830e+07 -4.659374543674975634e+06 -1.750278882038759766e+06 4.155373150491943117e+06 -7.310644818767483812e+05 -1.164949940509164473e+06 1.259756657291799318e+06 -3.864727132208296098e+04 2.477169701375172734e+08 3.322391121401602775e+07 1.208793765092214756e+07 -1.467557960197277553e+07 1.057429850703795999e+07 2.427086021261706483e+06 -3.510142319939193781e+06 -7.045640057934500510e+05 -1.512942172574457712e+06
7.692282847876057029e+06 6.657312396970038302e+06 -1.272182723031973466e+06 -1.009021930592933903e+06 -9.227945879588267999e+05 4.871183366409667069e+05 -1.815158201724911050e+05 6.375580468400341924e+05 -2.998399118156099576e+04 3.322391121401602775e+07 6.901833469951955974e+07 7.653147186831928790e+06 2.794862806906987447e+06 -1.618257764181979466e+06 3.490918530443415046e+06 4.741005800153965247e+05 -5.248509241532530868e+05 1.635240150033032522e+06
-8.491469366112621501e+06 1.599823026023557410e+06 4.517452724040514790e+06 1.037619103174083866e+06 -3.390738570509800338e+05 -1.984657116997023986e+05 3.348887627783408388e+05 2.193604117137033609e+05 1.538437420688858838e+05 1.208793765092214756e+07 7.653147186831928790e+06 2.344966001748152450e+07 -1.522206993587654084e+06 -3.839989175663671456e+06 -1.081490580315651372e+06 5.993258653046002146e+05 -3.451592809971225215e+05 -2.530820245583444776e+05
3.831450486241920386e+06 4.036613383992876858e+06 4.530123836195011390e+05 1.188582122216239339e+06 4.690238548764098960e+04 5.303364921744196909e+05 -5.039817760959725274e+04 1.633030732234716706e+05 1.725208808144328941e+05 -1.467557960197277553e+07 2.794862806906987447e+06 -1.522206993587654084e+06 1.112696557408195920e+07 1.664898655780417612e+06 -8.239686156567849685e+05 1.436646809024000773e+06 5.855896742451991886e+05 1.116150101380465785e+06
3.213873769509503152e+06 -1.217270589468138060e+06 -1.230982300019889837e+06 -2.887795279737411765e+05 5.965988855249773478e+05 1.989657120631924772e+05 -2.274365991981982661e+05 1.790652152044673858e+05 7.100224453121474653e+04 1.057429850703795999e+07 -1.618257764181979466e+06 -3.839989175663671456e+06 1.664898655780417612e+06 4.821036970611454919e+06 1.229824362525660981e+05 -5.530489460897884564e+05 4.108966480701106775e+04 2.303653403155536216e+05
4.710963430884364992e+06 -1.238088262393632671e+06 -1.837763518019520212e+06 -3.701655433176532970e+05 5.308207033572036380e+03 3.753566654992838739e+05 2.454076967364197189e+05 -8.292315313271724153e+04 -7.626811437621182995e+04 2.427086021261706483e+06 3.490918530443415046e+06 -1.081490580315651372e+06 -8.239686156567849685e+05 1.229824362525660981e+05 2.694897434213838540e+06 3.423524868684870889e+05 1.471440636190033401e+05 4.397115017071092734e+05
-8.091347753456532955e+05 -1.053676339277647436e+06 3.966478773123457213e+05 3.290704169519605930e+05 1.019106396104742016e+05 2.877027248602459440e+05 3.481263658098572632e+05 -1.529751310176629922e+05 6.763127867187697848e+04 -3.510142319939193781e+06 4.741005800153965247e+05 5.993258653046002146e+05 1.436646809024000773e+06 -5.530489460897884564e+05 3.423524868684870889e+05 2.080367827865723288e+06 -1.383475128984980402e+05 3.624884726272262633e+05
2.473661145864199381e+06 1.458069541425080039e+06 -1.792370073500070139e+05 -1.013866536632783682e+05 2.874571417824587552e+05 2.136071884014064271e+05 5.154231957121587766e+04 2.655223932895836770e+05 4.879548227125441190e+04 -7.045640057934500510e+05 -5.248509241532530868e+05 -3.451592809971225215e+05 5.855896742451991886e+05 4.108966480701106775e+04 1.471440636190033401e+05 -1.383475128984980402e+05 1.029535801216385444e+06 3.896274223952773609e+05
1.874125114866176387e+06 1.621954717088252539e+06 1.065808243836561269e+04 -2.597713151579303667e+04 6.656958467614461551e+04 1.997081142788532015e+05 4.024011592082671996e+04 1.610127426663692750e+05 1.041041751288993255e+05 -1.512942172574457712e+06 1.635240150033032522e+06 -2.530820245583444776e+05 1.116150101380465785e+06 2.303653403155536216e+05 4.397115017071092734e+05 3.624884726272262633e+05 3.896274223952773609e+05 8.415898439820483327e+05
