4.696815109159268439e+07 1.315088980459364690e+07 -2.046005150376907317e+06 -5.749997744083284633e+05 5.600413890889298636e+05 1.563875604234863771e+06 1.339918341078219470e+06 6.043402949519887334e+05 1.248703262002034899e+05 2.220239158527481835e+06 1.420209154228255898e+07 1.477328316708167456e+07 5.099840322306423448e+06 4.168925420918706805e+06 -1.107216700271164766e+06 6.397315250306189992e+05 6.092247117015547119e+05 -9.071828086139386869e+04
1.315088980459364690e+07 1.911813524714247510e+07 3.147661569983473048e+06 6.511618941712181550e+05 1.319826889983506873e+06 3.854308770750293625e+05 6.113406574553981191e+05 1.078978222469975939e+06 3.599329861000581877e+05 3.193080608123044367e+05 1.633436974873811239e+06 6.265565781715664081e+06 -1.740627255232268944e+05 3.077433476983581204e+06 -1.304153967496259138e+06 6.715439782576436410e+05 7.572166796161185484e+05 4.812926847793640627e+04
-2.046005150376907317e+06 3.147661569983473048e+06 4.779004247820042074e+06 7.901364433435347164e+05 2.403977504562683462e+05 -5.059385538801536895e+05 -6.751583852722482698e+04 1.719045693489252008e+05 -1.494990454990493599e+05 3.200181166955857072e+06 -5.965486944981018314e+05 5.357256664196415804e+06 1.214066531827463768e+06 7.642899283560938202e+05 -6.598850561866062926e+05 -5.354361898770211264e+05 8.129925936843443196e+04 -5.486167676839989144e+05
-5.749997744083284633e+05 6.511618941712181550e+05 7.901364433435347164e+05 1.805326600236148573e+06 1.917663204877403914e+05 1.672229783540041244e+05 6.394467085682143079e+04 -8.769346327738273249e+04 1.658064984759390791e+04 -6.393765932990325615e+06 2.162132676447486447e+05 3.076187145085775759e+06 3.456695798583623022e+06 2.612517510643796995e+05 -2.062493794646847236e+05 -3.962188664870245848e+05 -1.851554590589936997e+05 -9.085091309945621470e+04
5.600413890889298636e+05 1.319826889983506873e+06 2.403977504562683462e+05 1.917663204877403914e+05 1.039997544932068558e+06 1.038920578193632537e+05 4.876439409526284726e+04 1.195529474223310390e+05 1.369271446828319167e+05 2.921964768504401669e+06 2.861946264623174793e+05 -5.337804872669379256e+04 -1.028991031745533837e+05 9.994646378137788270e+05 3.071237452472231817e+05 1.611371676864149049e+05 -4.190901327641678654e+04 -4.694064552047047619e+04
1.563875604234863771e+06 3.854308770750293625e+05 -5.059385538801536895e+05 1.672229783540041244e+05 1.038920578193632537e+05 5.430901108949517366e+05 1.618002237371535448e+05 4.453297066761085443e+04 4.809498003992763552e+04 9.377855277779261814e+05 -1.089453205530002742e+05 5.871211142362193204e+05 7.200978596123084426e+05 4.361476211609548773e+05 2.124742541406130476e+05 2.794562700370714447e+04 -4.599186911317950580e+04 1.347825285686235584e+05
1.339918341078219470e+06 6.113406574553981191e+05 -6.751583852722482698e+04 6.394467085682143079e+04 4.876439409526284726e+04 1.618002237371535448e+05 2.817977453047746094e+05 1.021786229566564434e+05 4.603235335907261288e+03 3.220113422882212326e+05 2.508581135893263272e+05 5.011197863494542544e+05 2.028208966626072070e+05 3.335817216940498329e+05 4.968016266541051300e+04 2.245764581179560919e+05 7.363407960766473843e+04 8.035234563290841470e+04
6.043402949519887334e+05 1.078978222469975939e+06 1.719045693489252008e+05 -8.769346327738273249e+04 1.195529474223310390e+05 4.453297066761085443e+04 1.021786229566564434e+05 1.719135800067528908e+05 2.844992366281219438e+04 4.739195294739788515e+05 -1.548012452705192845e+05 2.072838317492683564e+04 -4.418434261326923152e+05 -5.312860990277967358e+04 4.999263255354684952e+04 -1.321353797942780875e+04 4.427498188090728945e+04 -2.156392611030298212e+04
1.248703262002034899e+05 3.599329861000581877e+05 -1.494990454990493599e+05 1.658064984759390791e+04 1.369271446828319167e+05 4.809498003992763552e+04 4.603235335907261288e+03 2.844992366281219438e+04 1.231690983135490242e+05 7.768259412547823740e+04 8.681118783859381801e+04 -7.810401450081701623e+05 -4.946058672113685170e+05 1.956346624556772003e+05 1.419545874687555770e+05 -1.064460868700353785e+04 6.887323800241132631e+03 3.391564729807327967e+04
2.220239158527481835e+06 3.193080608123044367e+05 3.200181166955857072e+06 -6.393765932990325615e+06 2.921964768504401669e+06 9.377855277779261814e+05 3.220113422882212326e+05 4.739195294739788515e+05 7.768259412547823740e+04 1.868075938836002648e+08 2.927609788080664352e+06 -1.572007999083615374e+06 -4.666696168422618881e+06 1.309688923184556700e+07 3.832156188313443214e+06 8.382741826855039690e+05 -4.046435118239397416e+05 -9.701580080334107624e+05
1.420209154228255898e+07 1.633436974873811239e+06 -5.965486944981018314e+05 2.162132676447486447e+05 2.861946264623174793e+05 -1.089453205530002742e+05 2.508581135893263272e+05 -1.548012452705192845e+05 8.681118783859381801e+04 2.927609788080664352e+06 6.439616682344593108e+07 9.648470890232451260e+06 3.635519423374342266e+06 4.331543872496497817e+06 -6.342939544174551702e+04 3.100991778112358414e+06 1.017248389382523485e+06 3.117573074559165398e+05
1.477328316708167456e+07 6.265565781715664081e+06 5.357256664196415804e+06 3.076187145085775759e+06 -5.337804872669379256e+04 5.871211142362193204e+05 5.011197863494542544e+05 2.072838317492683564e+04 -7.810401450081701623e+05 -1.572007999083615374e+06 9.648470890232451260e+06 4.379345885451985896e+07 1.358043860453404859e+07 1.463741462099259486e+06 -3.076413598229691852e+06 -2.139960976696277503e+06 -8.704585605431759031e+05 -2.469415852127921826e+05
5.099840322306423448e+06 -1.740627255232268944e+05 1.214066531827463768e+06 3.456695798583623022e+06 -1.028991031745533837e+05 7.200978596123084426e+05 2.028208966626072070e+05 -4.418434261326923152e+05 -4.946058672113685170e+05 -4.666696168422618881e+06 3.635519423374342266e+06 1.358043860453404859e+07 1.597482733429177664e+07 3.725564090352727566e+06 -1.410421737209202256e+05 -1.215679989461154677e+06 -1.188554202478207881e+06 5.995684849506428873e+04
4.168925420918706805e+06 3.077433476983581204e+06 7.642899283560938202e+05 2.612517510643796995e+05 9.994646378137788270e+05 4.361476211609548773e+05 3.335817216940498329e+05 -5.312860990277967358e+04 1.956346624556772003e+05 1.309688923184556700e+07 4.331543872496497817e+06 1.463741462099259486e+06 3.725564090352727566e+06 7.932654795896475203e+06 7.377545156372453785e+05 7.633250971629433334e+05 -6.787232793615508126e+04 3.960771304633506807e+05
-1.107216700271164766e+06 -1.304153967496259138e+06 -6.598850561866062926e+05 -2.062493794646847236e+05 3.071237452472231817e+05 2.124742541406130476e+05 4.968016266541051300e+04 4.999263255354684952e+04 1.419545874687555770e+05 3.832156188313443214e+06 -6.342939544174551702e+04 -3.076413598229691852e+06 -1.410421737209202256e+05 7.377545156372453785e+05 2.428538860675758682e+06 6.381358199316905811e+05 3.370463825947379519e+04 2.101137629869508091e+05
6.397315250306189992e+05 6.715439782576436410e+05 -5.354361898770211264e+05 -3.962188664870245848e+05 1.611371676864149049e+05 2.794562700370714447e+04 2.245764581179560919e+05 -1.321353797942780875e+04 -1.064460868700353785e+04 8.382741826855039690e+05 3.100991778112358414e+06 -2.139960976696277503e+06 -1.215679989461154677e+06 7.633250971629433334e+05 6.381358199316905811e+05 2.442986125119736418e+06 4.711454684175024740e+05 -6.190009660641963274e+04
6.092247117015547119e+05 7.572166796161185484e+05 8.129925936843443196e+04 -1.851554590589936997e+05 -4.190901327641678654e+04 -4.599186911317950580e+04 7.363407960766473843e+04 4.427498188090728945e+04 6.887323800241132631e+03 -4.046435118239397416e+05 1.017248389382523485e+06 -8.704585605431759031e+05 -1.188554202478207881e+06 -6.787232793615508126e+04 3.370463825947379519e+04 4.711454684175024740e+05 7.539326709867246682e+05 1.969014834013080690e+05
-9.071828086139386869e+04 4.812926847793640627e+04 -5.486167676839989144e+05 -9.085091309945621470e+04 -4.694064552047047619e+04 1.347825285686235584e+05 8.035234563290841470e+04 -2.156392611030298212e+04 3.391564729807327967e+04 -9.701580080334107624e+05 3.117573074559165398e+05 -2.469415852127921826e+05 5.995684849506428873e+04 3.960771304633506807e+05 2.101137629869508091e+05 -6.190009660641963274e+04 1.969014834013080690e+05 8.594229604541138979e+05
