7.002949393217869103e+07 1.221097377701593935e+07 3.722912645882973913e+06 1.253185852701850934e+06 1.858529795729873469e+06 8.989741757456347113e+05 -1.936849617571255658e+05 -6.598746202172613703e+05 1.552334625570513599e+05 5.026162481278976053e+07 -2.293147391507721320e+07 -1.120975277810733207e+07 3.147053258794900496e+06 -3.077511204814720433e+06 8.854161257227779133e+05 -1.112537872770018876e+06 -2.940745581059357501e+05 -6.008886429751107935e+05
1.221097377701593935e+07 1.513011002013070136e+07 9.048274020669601159e+05 1.031502990751030011e+05 1.106193939920014935e+06 9.779302021145339822e+05 5.248314449158723000e+05 -2.924977009887563763e+05 6.860907550904156233e+04 3.204332583016137592e+06 2.797978982426624279e+05 -1.618342908811914269e+06 1.564486066254709614e+06 -6.123111413605168927e+05 -6.761697712223528652e+04 6.712854792733489303e+05 -1.612046163157137344e+05 2.711969901744238814e+04
3.722912645882973913e+06 9.048274020669601159e+05 6.677705389552676119e+06 8.693715857065627351e+05 1.110448771621423366e+05 1.626050501260167803e+05 -3.504449254973677453e+05 5.762429828461969009e+04 -6.069864084076657309e+04 8.066390301445693709e+06 1.287928489067829913e+06 5.689343806409611367e+06 4.656489831708135083e+06 6.949911623616481666e+05 4.230495781113113044e+05 5.970290132493722485e+05 5.280112591446639271e+05 2.430429546618461027e+05
1.253185852701850934e+06 1.031502990751030011e+05 8.693715857065627351e+05 2.869815029624613002e+06 2.448947244505545532e+05 1.239195510190835339e+05 2.427530932628909432e+04 5.917864256492398272e+04 8.544952493039949331e+04 -1.753869393115001265e+06 1.780895483636786463e+06 -2.204367363086091063e+04 9.583232850991563173e+05 7.537168174323790008e+05 5.944321781785881612e+05 -2.003416976658149215e+05 -7.581095347104697430e+04 -1.020400796365825663e+05
1.858529795729873469e+06 1.106193939920014935e+06 1.110448771621423366e+05 2.448947244505545532e+05 1.019935004520088434e+06 3.441066602929996443e+05 1.548795514401169203e+05 7.662672399523326021e+04 1.901623425801075937e+05 -6.437011371728419326e+05 -1.130025526908867527e+06 -1.218830334889470600e+06 -8.373432467524260283e+05 -6.023392774893991736e+04 2.177469970097426558e+05 1.881560232929441845e+05 -1.659725853349765239e+05 3.064461278710563784e+05
8.989741757456347113e+05 9.779302021145339822e+05 1.626050501260167803e+05 1.239195510190835339e+05 3.441066602929996443e+05 3.804052505283246865e+05 1.245089329211487202e+05 3.161397690484432314e+04 -6.630582786400673285e+03 -5.009289899817265105e+05 -2.253239569803109334e+05 -3.549292299327348883e+04 -2.882892848836800549e+05 2.137369523660900013e+05 9.056194145113693958e+04 1.524912012456816738e+05 -9.918945801797905006e+04 4.837367652130350325e+04
-1.936849617571255658e+05 5.248314449158723000e+05 -3.504449254973677453e+05 2.427530932628909432e+04 1.548795514401169203e+05 1.245089329211487202e+05 2.247498674191220780e+05 4.085768822224659380e+04 5.333101805472974957e+04 -4.436122302358966554e+05 -1.099207246491500875e+06 -2.010893151068526204e+05 -2.539757174178199493e+05 1.944230599292382540e+05 2.178626704636067152e+05 1.556694673355639970e+05 -1.281232500405350438e+05 1.745918752441680408e+04
-6.598746202172613703e+05 -2.924977009887563763e+05 5.762429828461969009e+04 5.917864256492398272e+04 7.662672399523326021e+04 3.161397690484432314e+04 4.085768822224659380e+04 1.776550990752884536e+05 3.982786239267226483e+04 -8.498869926148768282e+05 -5.237294611799236463e+02 6.701672153057253454e+05 -1.916631191513255180e+04 1.971414432431084570e+05 1.542369008163563849e+05 5.085907168029514287e+04 6.764328351146114073e+03 1.744704743971147991e+03
1.552334625570513599e+05 6.860907550904156233e+04 -6.069864084076657309e+04 8.544952493039949331e+04 1.901623425801075937e+05 -6.630582786400673285e+03 5.333101805472974957e+04 3.982786239267226483e+04 1.598430094085850869e+05 3.227235721774006379e+05 -6.180479383745135274e+05 -2.269601008959515893e+05 -2.322092278008295689e+05 -5.077102084266666498e+04 1.842550785125693656e+05 1.316481059197734285e+05 -6.480182638758032408e+04 4.752016966072256037e+04
5.026162481278976053e+07 3.204332583016137592e+06 8.066390301445693709e+06 -1.753869393115001265e+06 -6.437011371728419326e+05 -5.009289899817265105e+05 -4.436122302358966554e+05 -8.498869926148768282e+05 3.227235721774006379e+05 2.998240305623173714e+08 1.418154735653740913e+07 -2.733246805744023621e+07 -1.574539074867819436e+07 -2.997071161640009843e+06 -3.389745554033413995e+06 -3.783400797200111207e+06 -4.474495732319854200e+06 7.150100832891463069e+05
-2.293147391507721320e+07 2.797978982426624279e+05 1.287928489067829913e+06 1.780895483636786463e+06 -1.130025526908867527e+06 -2.253239569803109334e+05 -1.099207246491500875e+06 -5.237294611799236463e+02 -6.180479383745135274e+05 1.418154735653740913e+07 8.013670651790004969e+07 1.642615908587298356e+07 2.336815572563360911e+06 1.044243039053693879e+06 -4.399367116231075488e+06 -2.064747449679217534e+06 6.315378558569721645e+05 1.042003740795860882e+06
-1.120975277810733207e+07 -1.618342908811914269e+06 5.689343806409611367e+06 -2.204367363086091063e+04 -1.218830334889470600e+06 -3.549292299327348883e+04 -2.010893151068526204e+05 6.701672153057253454e+05 -2.269601008959515893e+05 -2.733246805744023621e+07 1.642615908587298356e+07 3.196333032736437395e+07 1.010266396935688332e+07 2.346854587225574534e+06 3.072567619616574608e+06 1.925430878832643153e+06 7.052342027591909282e+05 -1.395307924418056151e+06
3.147053258794900496e+06 1.564486066254709614e+06 4.656489831708135083e+06 9.583232850991563173e+05 -8.373432467524260283e+05 -2.882892848836800549e+05 -2.539757174178199493e+05 -1.916631191513255180e+04 -2.322092278008295689e+05 -1.574539074867819436e+07 2.336815572563360911e+06 1.010266396935688332e+07 1.527833521959525347e+07 2.178950642779150512e+06 8.066194723605142208e+05 6.881481225702601951e+05 7.201527931871376932e+05 -1.484874735930384777e+05
-3.077511204814720433e+06 -6.123111413605168927e+05 6.949911623616481666e+05 7.537168174323790008e+05 -6.023392774893991736e+04 2.137369523660900013e+05 1.944230599292382540e+05 1.971414432431084570e+05 -5.077102084266666498e+04 -2.997071161640009843e+06 1.044243039053693879e+06 2.346854587225574534e+06 2.178950642779150512e+06 5.967224269201874733e+06 4.779575448170687887e+05 8.861204827403650852e+05 2.220988030998344038e+04 4.704327372649690369e+05
8.854161257227779133e+05 -6.761697712223528652e+04 4.230495781113113044e+05 5.944321781785881612e+05 2.177469970097426558e+05 9.056194145113693958e+04 2.178626704636067152e+05 1.542369008163563849e+05 1.842550785125693656e+05 -3.389745554033413995e+06 -4.399367116231075488e+06 3.072567619616574608e+06 8.066194723605142208e+05 4.779575448170687887e+05 2.572710726906867698e+06 1.186227874711777316e+06 -2.930358506922529778e+05 -4.389954972198766191e+05
-1.112537872770018876e+06 6.712854792733489303e+05 5.970290132493722485e+05 -2.003416976658149215e+05 1.881560232929441845e+05 1.524912012456816738e+05 1.556694673355639970e+05 5.085907168029514287e+04 1.316481059197734285e+05 -3.783400797200111207e+06 -2.064747449679217534e+06 1.925430878832643153e+06 6.881481225702601951e+05 8.861204827403650852e+05 1.186227874711777316e+06 2.533466153789771721e+06 -3.681386537368424797e+03 2.173680566167577927e+05
-2.940745581059357501e+05 -1.612046163157137344e+05 5.280112591446639271e+05 -7.581095347104697430e+04 -1.659725853349765239e+05 -9.918945801797905006e+04 -1.281232500405350438e+05 6.764328351146114073e+03 -6.480182638758032408e+04 -4.474495732319854200e+06 6.315378558569721645e+05 7.052342027591909282e+05 7.201527931871376932e+05 2.220988030998344038e+04 -2.930358506922529778e+05 -3.681386537368424797e+03 8.149401258064277936e+05 2.087331291060481453e+05
-6.008886429751107935e+05 2.711969901744238814e+04 2.430429546618461027e+05 -1.020400796365825663e+05 3.064461278710563784e+05 4.837367652130350325e+04 1.745918752441680408e+04 1.744704743971147991e+03 4.752016966072256037e+04 7.150100832891463069e+05 1.042003740795860882e+06 -1.395307924418056151e+06 -1.484874735930384777e+05 4.704327372649690369e+05 -4.389954972198766191e+05 2.173680566167577927e+05 2.087331291060481453e+05 6.883017120220725192e+05
