5.584357673201932013e+07 -3.282918833631534362e+05 -3.609396465076354798e+06 9.674969335335962242e+05 -6.386698273729954381e+05 -9.564378278693909524e+05 -4.987843913784961333e+05 5.611444755867668428e+05 5.310272387837091228e+05 1.442912197034461610e+07 1.216795948231592774e+07 -4.119254251054173801e+06 -4.964157196253955364e+06 -3.118576719376496039e+05 -3.326492118897283450e+06 -3.396814721688481048e+06 -7.518657040921335574e+05 -1.410056436543857679e+06
-3.282918833631534362e+05 2.097770522044594958e+07 9.111389958751680097e+05 -1.406114229344259365e+05 -6.991078370116290171e+05 6.188167377301778179e+05 -7.705859192084247479e+04 3.944292024393214379e+05 4.047899437847696827e+05 -9.247702801888518035e+06 1.681948129068489000e+07 4.640787813964450732e+06 -4.325900532182384282e+06 2.181236903353596106e+06 2.198089344497720245e+06 1.405666714472013700e+05 1.726686157721488562e+05 -2.678786041143471957e+05
-3.609396465076354798e+06 9.111389958751680097e+05 4.754290095044120215e+06 1.038186028171660146e+06 3.072245175509659457e+05 4.771535813254688983e+05 4.195213111728569493e+05 -1.797279973334189563e+05 2.851207106792260893e+05 -2.620108762919247150e+06 5.885910435792126693e+06 2.482508829604763538e+06 8.065440564052595291e+05 3.770832461055300082e+05 2.024100726474418771e+05 4.408397548089965712e+05 -6.253014366596224718e+05 2.352268453667805879e+05
9.674969335335962242e+05 -1.406114229344259365e+05 1.038186028171660146e+06 2.534845846850636881e+06 5.517922546725102002e+05 2.523724862653280725e+05 2.895544732516136137e+05 -2.343972816730482446e+05 -6.909639389929422759e+04 4.228867307222807780e+06 4.330526844446981559e+05 1.522813390415157424e+06 1.393794464322607499e+06 4.648222269612601958e+05 7.367409883461508434e+05 -6.379048611705115763e+04 -4.895072991946064285e+05 -3.022596320716802147e+05
-6.386698273729954381e+05 -6.991078370116290171e+05 3.072245175509659457e+05 5.517922546725102002e+05 9.231267382635073736e+05 6.300092093310477503e+04 3.860751208332632814e+04 8.013459725243903813e+04 5.608058571065872457e+03 4.670761419409058290e+05 8.640163136398160132e+05 5.052409373051543953e+05 9.874174328528590559e+04 5.936932155623302097e+05 8.269931512679544976e+05 -6.154992196097975830e+04 -1.456161847496121190e+05 -6.324688770641115116e+04
-9.564378278693909524e+05 6.188167377301778179e+05 4.771535813254688983e+05 2.523724862653280725e+05 6.300092093310477503e+04 3.885694309533452033e+05 7.228708594645709672e+04 3.548805772422107111e+04 3.400323742888358538e+04 2.259781389437642414e+06 5.098192013064867351e+05 9.895777391643604496e+05 5.874014223605480511e+05 5.572806005930457031e+05 3.222443001917900401e+05 9.736186883755726740e+04 -1.330079924881118641e+05 3.738466048748374305e+04
-4.987843913784961333e+05 -7.705859192084247479e+04 4.195213111728569493e+05 2.895544732516136137e+05 3.860751208332632814e+04 7.228708594645709672e+04 3.070557684315174120e+05 -1.791329037587895073e+04 -6.321950842993838705e+03 -1.982879654128074180e+06 -4.288255879243635572e+05 2.478202491047740623e+05 2.033480471812205215e+05 -7.639913225916679949e+03 3.327688273172229528e+05 -1.774699736785086134e+04 -6.485534337250271346e+04 1.157471578483783669e+05
5.611444755867668428e+05 3.944292024393214379e+05 -1.797279973334189563e+05 -2.343972816730482446e+05 8.013459725243903813e+04 3.548805772422107111e+04 -1.791329037587895073e+04 2.391934169033838843e+05 4.931898342661981587e+04 -7.446871001529009081e+05 7.236593509335803101e+05 -1.853184177231606736e+05 -3.703802872187307221e+05 3.897388399874139577e+05 4.419633060161126195e+04 -4.899082955212242814e+04 1.320403570915381424e+05 6.853632126383422292e+04
5.310272387837091228e+05 4.047899437847696827e+05 2.851207106792260893e+05 -6.909639389929422759e+04 5.608058571065872457e+03 3.400323742888358538e+04 -6.321950842993838705e+03 4.931898342661981587e+04 1.098603804572969239e+05 -3.970797841088423738e+05 1.361383730993881589e+06 2.064090798424354871e+05 -1.100231661774346139e+04 1.211851228291896259e+05 4.967331713767947804e+04 -3.544680224493907008e+04 -2.491314392815158135e+04 1.180080225433973101e+05
1.442912197034461610e+07 -9.247702801888518035e+06 -2.620108762919247150e+06 4.228867307222807780e+06 4.670761419409058290e+05 2.259781389437642414e+06 -1.982879654128074180e+06 -7.446871001529009081e+05 -3.970797841088423738e+05 1.470972732446640432e+08 7.755583734833781607e+06 -5.370420555207434110e+06 8.507635258300103247e+06 3.447600287927226629e+06 -1.597293064798201900e+06 1.053360490038335323e+06 -2.684222643150262069e+06 -2.854669005584605969e+06
1.216795948231592774e+07 1.681948129068489000e+07 5.885910435792126693e+06 4.330526844446981559e+05 8.640163136398160132e+05 5.098192013064867351e+05 -4.288255879243635572e+05 7.236593509335803101e+05 1.361383730993881589e+06 7.755583734833781607e+06 7.607162094904534519e+07 1.314492112318680808e+07 -8.517606842789189890e+06 1.543376095825731056e+06 -1.535821903531709453e+06 1.023811600902673090e+05 5.171330291573308932e+04 3.428841345868966309e+05
-4.119254251054173801e+06 4.640787813964450732e+06 2.482508829604763538e+06 1.522813390415157424e+06 5.052409373051543953e+05 9.895777391643604496e+05 2.478202491047740623e+05 -1.853184177231606736e+05 2.064090798424354871e+05 -5.370420555207434110e+06 1.314492112318680808e+07 2.667342657985384762e+07 3.636983391937697306e+06 1.499188900680596009e+06 -5.165253844438352098e+04 1.451608271810067235e+05 -1.611891048283194425e+06 -1.131458902333896607e+06
-4.964157196253955364e+06 -4.325900532182384282e+06 8.065440564052595291e+05 1.393794464322607499e+06 9.874174328528590559e+04 5.874014223605480511e+05 2.033480471812205215e+05 -3.703802872187307221e+05 -1.100231661774346139e+04 8.507635258300103247e+06 -8.517606842789189890e+06 3.636983391937697306e+06 1.244045449062772095e+07 1.813302949293104233e+06 1.225581765370138921e+06 4.298133496208380093e+05 -5.285390604831823148e+05 6.302144597129373578e+05
-3.118576719376496039e+05 2.181236903353596106e+06 3.770832461055300082e+05 4.648222269612601958e+05 5.936932155623302097e+05 5.572806005930457031e+05 -7.639913225916679949e+03 3.897388399874139577e+05 1.211851228291896259e+05 3.447600287927226629e+06 1.543376095825731056e+06 1.499188900680596009e+06 1.813302949293104233e+06 3.608931883702751249e+06 1.639980365804659436e+06 2.071702871633806208e+05 -1.500505880137126369e+05 1.215936941791809368e+05
-3.326492118897283450e+06 2.198089344497720245e+06 2.024100726474418771e+05 7.367409883461508434e+05 8.269931512679544976e+05 3.222443001917900401e+05 3.327688273172229528e+05 4.419633060161126195e+04 4.967331713767947804e+04 -1.597293064798201900e+06 -1.535821903531709453e+06 -5.165253844438352098e+04 1.225581765370138921e+06 1.639980365804659436e+06 4.078341964424463920e+06 5.898442690060366876e+05 -6.285425402042013047e+03 5.086547656069364166e+05
-3.396814721688481048e+06 1.405666714472013700e+05 4.408397548089965712e+05 -6.379048611705115763e+04 -6.154992196097975830e+04 9.736186883755726740e+04 -1.774699736785086134e+04 -4.899082955212242814e+04 -3.544680224493907008e+04 1.053360490038335323e+06 1.023811600902673090e+05 1.451608271810067235e+05 4.298133496208380093e+05 2.071702871633806208e+05 5.898442690060366876e+05 9.323997962267406983e+05 3.154606450327864732e+05 2.949751153735265252e+05
-7.518657040921335574e+05 1.726686157721488562e+05 -6.253014366596224718e+05 -4.895072991946064285e+05 -1.456161847496121190e+05 -1.330079924881118641e+05 -6.485534337250271346e+04 1.320403570915381424e+05 -2.491314392815158135e+04 -2.684222643150262069e+06 5.171330291573308932e+04 -1.611891048283194425e+06 -5.285390604831823148e+05 -1.500505880137126369e+05 -6.285425402042013047e+03 3.154606450327864732e+05 6.880792711284101242e+05 3.415297616403345019e+05
-1.410056436543857679e+06 -2.678786041143471957e+05 2.352268453667805879e+05 -3.022596320716802147e+05 -6.324688770641115116e+04 3.738466048748374305e+04 1.157471578483783669e+05 6.853632126383422292e+04 1.180080225433973101e+05 -2.854669005584605969e+06 3.428841345868966309e+05 -1.131458902333896607e+06 6.302144597129373578e+05 1.215936941791809368e+05 5.086547656069364166e+05 2.949751153735265252e+05 3.415297616403345019e+05 6.863962175600321498e+05
