3.589580180370303243e+07 4.088827143926333636e+06 -1.665443814449994126e+06 -1.431760791135575622e+06 -2.582689524135425687e+06 5.063107937813709723e+05 6.814034788023559377e+05 -2.458353855901563365e+05 -8.875336097739859542e+04 -2.180620761586487293e+07 -6.408717072816448286e+06 -2.873774848361415789e+06 3.798411698150450364e+06 -8.346028183893159730e+05 1.236987844877866795e+06 5.878800831944280071e+05 -1.000600741289696307e+06 -8.057541981099671684e+05
4.088827143926333636e+06 2.076341479514579102e+07 2.576998946854898706e+06 -1.142756471277819946e+06 1.207900695515373809e+04 -5.261373540370870614e+05 6.816643628255538642e+05 -6.311019010180671467e+05 -7.339240113810107869e+04 -1.490624974813538603e+07 8.940629446724253939e+05 -6.738240664607443847e+06 -1.529666127973672003e+06 1.049917952188133262e+06 -4.833014588420568034e+05 3.977712433070722618e+05 2.498042005867874250e+05 1.158479984757892089e+05
-1.665443814449994126e+06 2.576998946854898706e+06 5.001986493728727102e+06 6.250412732281077188e+05 7.878685158071359911e+04 1.438079068717003684e+05 3.064517625013837242e+05 -1.890673427890811581e+05 1.435129719210659096e+05 -3.606145221908178646e+06 -2.100646967833898030e+06 6.232396060357319657e+05 -1.632715649867856875e+06 1.937030788645711436e+05 7.332836648734727642e+05 -9.503479835379048018e+04 3.116134512979665888e+05 4.964325829402350064e+04
-1.431760791135575622e+06 -1.142756471277819946e+06 6.250412732281077188e+05 1.387949396508486709e+06 2.028592528348760388e+05 4.000669212469563936e+05 8.999320169535340392e+04 2.525900084987849114e+05 9.899797407855749771e+04 -9.892858009192509344e+05 9.698274813281355891e+05 1.676682630797771970e+06 4.954557260219453019e+05 2.649410969709539786e+05 3.652791457758581964e+05 -8.352287968340377847e+04 1.851165931095129927e+05 2.629187240301560378e+05
-2.582689524135425687e+06 1.207900695515373809e+04 7.878685158071359911e+04 2.028592528348760388e+05 9.253749652705605840e+05 -9.042962986280155019e+04 3.194731644114399955e+02 4.701960848091321532e+04 2.714479196182537999e+04 -1.886963334068116383e+05 1.971615736988306453e+05 -1.022568023102804000e+05 -2.056381455314644845e+05 1.028560113328104489e+06 -2.185178295118983951e+05 1.257536141594986984e+05 5.264405744300036895e+04 -1.327291560353251407e+04
5.063107937813709723e+05 -5.261373540370870614e+05 1.438079068717003684e+05 4.000669212469563936e+05 -9.042962986280155019e+04 5.901103584207344102e+05 6.789607188235556532e+04 -1.298095914057738128e+03 5.972931126350932755e+04 -4.404871993418086320e+06 8.517164715885118349e+05 2.014163507417783141e+06 4.477560491555235349e+05 2.760997431834309100e+04 5.930121334277139977e+05 -1.514645423614220635e+04 -1.336906122288301121e+05 -6.158234168872647570e+04
6.814034788023559377e+05 6.816643628255538642e+05 3.064517625013837242e+05 8.999320169535340392e+04 3.194731644114399955e+02 6.789607188235556532e+04 4.283198694129256182e+05 1.220376792028198834e+05 4.513089915995378396e+04 -3.284770604108795524e+06 -8.899499521397850476e+05 -2.798201484698438435e+05 -2.061733733709291846e+04 4.247765433326532948e+05 2.827179720975952223e+05 1.730773359440988279e+05 3.848212867281599029e+04 -6.772353408619773109e+04
-2.458353855901563365e+05 -6.311019010180671467e+05 -1.890673427890811581e+05 2.525900084987849114e+05 4.701960848091321532e+04 -1.298095914057738128e+03 1.220376792028198834e+05 3.099347283940167399e+05 9.640848737866022566e+04 -5.478052027332665166e+05 7.594782302967252908e+05 1.373911566549002891e+05 3.573351750649355818e+05 1.390237189105444995e+05 -2.049277988403298150e+04 7.666868570905923843e+04 2.308241121484139585e+05 7.430651574382004037e+04
-8.875336097739859542e+04 -7.339240113810107869e+04 1.435129719210659096e+05 9.899797407855749771e+04 2.714479196182537999e+04 5.972931126350932755e+04 4.513089915995378396e+04 9.640848737866022566e+04 1.026175436544977711e+05 -6.847854416151129408e+05 3.397871660108398646e+04 5.274506270220293663e+05 1.912957756804339879e+05 8.454656451729599212e+04 1.153970569665714038e+03 4.321675901580238133e+04 8.471548803423705976e+03 3.551082176002388587e+04
-2.180620761586487293e+07 -1.490624974813538603e+07 -3.606145221908178646e+06 -9.892858009192509344e+05 -1.886963334068116383e+05 -4.404871993418086320e+06 -3.284770604108795524e+06 -5.478052027332665166e+05 -6.847854416151129408e+05 2.320631861010835469e+08 -4.876612611254263669e+06 1.718844265013355762e+07 -1.501771637486760505e+07 -7.923175172177840024e+06 -6.645293855037665926e+06 1.166539916817863472e+06 2.069619897512521362e+06 1.683160372690634103e+06
-6.408717072816448286e+06 8.940629446724253939e+05 -2.100646967833898030e+06 9.698274813281355891e+05 1.971615736988306453e+05 8.517164715885118349e+05 -8.899499521397850476e+05 7.594782302967252908e+05 3.397871660108398646e+04 -4.876612611254263669e+06 5.198296009598945826e+07 7.424038780415227637e+06 4.021932353405739181e+06 1.900353315181222744e+06 -2.268478306259718724e+06 1.243074906353949802e+06 3.014551709033971187e+06 1.256268888011406641e+06
-2.873774848361415789e+06 -6.738240664607443847e+06 6.232396060357319657e+05 1.676682630797771970e+06 -1.022568023102804000e+05 2.014163507417783141e+06 -2.798201484698438435e+05 1.373911566549002891e+05 5.274506270220293663e+05 1.718844265013355762e+07 7.424038780415227637e+06 2.233892841780338064e+07 -4.989673963947300799e+05 -1.794595403885138221e+06 -1.590489690224042533e+04 6.566596550503883045e+05 7.029522786704623140e+05 6.463453704181710491e+05
3.798411698150450364e+06 -1.529666127973672003e+06 -1.632715649867856875e+06 4.954557260219453019e+05 -2.056381455314644845e+05 4.477560491555235349e+05 -2.061733733709291846e+04 3.573351750649355818e+05 1.912957756804339879e+05 -1.501771637486760505e+07 4.021932353405739181e+06 -4.989673963947300799e+05 1.352670794963936321e+07 2.188909375532757491e+06 2.392495687738782726e+06 -4.582394494507652125e+05 -1.223620237217306203e+04 8.762451743437659461e+05
-8.346028183893159730e+05 1.049917952188133262e+06 1.937030788645711436e+05 2.649410969709539786e+05 1.028560113328104489e+06 2.760997431834309100e+04 4.247765433326532948e+05 1.390237189105444995e+05 8.454656451729599212e+04 -7.923175172177840024e+06 1.900353315181222744e+06 -1.794595403885138221e+06 2.188909375532757491e+06 5.492277932388044894e+06 3.603955516255240072e+05 7.967471824032133445e+05 -1.791432934723530489e+05 -8.938209437019375036e+04
1.236987844877866795e+06 -4.833014588420568034e+05 7.332836648734727642e+05 3.652791457758581964e+05 -2.185178295118983951e+05 5.930121334277139977e+05 2.827179720975952223e+05 -2.049277988403298150e+04 1.153970569665714038e+03 -6.645293855037665926e+06 -2.268478306259718724e+06 -1.590489690224042533e+04 2.392495687738782726e+06 3.603955516255240072e+05 2.453099064998234622e+06 -3.601542892965229694e+05 2.600427319918573266e+04 -1.371648669336788007e+05
5.878800831944280071e+05 3.977712433070722618e+05 -9.503479835379048018e+04 -8.352287968340377847e+04 1.257536141594986984e+05 -1.514645423614220635e+04 1.730773359440988279e+05 7.666868570905923843e+04 4.321675901580238133e+04 1.166539916817863472e+06 1.243074906353949802e+06 6.566596550503883045e+05 -4.582394494507652125e+05 7.967471824032133445e+05 -3.601542892965229694e+05 1.109911762836485868e+06 5.600581510523604811e+04 -7.850955403774634760e+04
-1.000600741289696307e+06 2.498042005867874250e+05 3.116134512979665888e+05 1.851165931095129927e+05 5.264405744300036895e+04 -1.336906122288301121e+05 3.848212867281599029e+04 2.308241121484139585e+05 8.471548803423705976e+03 2.069619897512521362e+06 3.014551709033971187e+06 7.029522786704623140e+05 -1.223620237217306203e+04 -1.791432934723530489e+05 2.600427319918573266e+04 5.600581510523604811e+04 1.220725989171195310e+06 2.708570032428126433e+05
-8.057541981099671684e+05 1.158479984757892089e+05 4.964325829402350064e+04 2.629187240301560378e+05 -1.327291560353251407e+04 -6.158234168872647570e+04 -6.772353408619773109e+04 7.430651574382004037e+04 3.551082176002388587e+04 1.683160372690634103e+06 1.256268888011406641e+06 6.463453704181710491e+05 8.762451743437659461e+05 -8.938209437019375036e+04 -1.371648669336788007e+05 -7.850955403774634760e+04 2.708570032428126433e+05 5.113524800513586961e+05
