6.423816179861433804e+07 3.644145659041998442e+06 2.995669920940289740e+06 1.511713606889029266e+06 -1.920557128573720343e+06 1.220131957997091813e+06 7.853516689383173361e+05 2.171217997269725893e+05 -4.394108605618370348e+05 4.772233479672195017e+07 -1.608699424832187779e+07 -3.337864316540477332e+06 -3.431346411778912414e+06 4.080814036521736532e+06 -2.637137133897094522e+06 4.811673678905322216e+06 9.041489961370022502e+05 -1.833235449467493221e+06
3.644145659041998442e+06 1.067714893215964921e+07 3.582823886452636361e+04 -6.742869570640944876e+05 2.101051008843832824e+05 -3.381479357395820552e+05 2.110639400786627375e+05 2.644700109178209677e+05 -8.525860445964166138e+04 7.701354542620355263e+06 1.205384204986412078e+06 -3.777472398576725274e+06 -3.574265508333071601e+06 1.289196555676003452e+06 5.893468443982038298e+04 1.161603862008502474e+06 5.816905014185757609e+05 6.507088446897328831e+05
2.995669920940289740e+06 3.582823886452636361e+04 4.819318090381789953e+06 -2.582468741701407416e+05 1.957256524377142487e+05 6.622745722379075596e+05 1.185159613817355566e+05 -7.568428901522050728e+04 -1.026333660039474780e+05 -2.239416465137518477e+06 -3.575632012084962800e+06 3.938712696232269518e+06 2.644725583249761257e+06 2.272522588680648711e+06 5.564873005413487554e+05 2.787941629556910484e+05 8.271856445333822630e+05 5.083094304925271717e+04
1.511713606889029266e+06 -6.742869570640944876e+05 -2.582468741701407416e+05 1.906727583380662603e+06 9.979959112013147387e+04 1.156957165641930987e+04 2.217206632254959259e+05 -1.373318092833259434e+05 -1.108790705570980026e+04 4.465564918060744181e+06 1.744869824747791048e+06 1.649615827245887369e+06 3.609807280224463902e+05 7.072378272466128692e+04 5.260861918179171626e+05 2.742032444807551801e+05 -2.345944761579281476e+05 -4.933280743207124178e+05
-1.920557128573720343e+06 2.101051008843832824e+05 1.957256524377142487e+05 9.979959112013147387e+04 8.670582581842832733e+05 9.874371118365711300e+04 -1.199279454392669504e+04 -5.626663805732045876e+04 7.040865999671918689e+04 2.680367610699146520e+06 -2.295980423210130830e+05 4.461833120475962060e+05 5.434190473433445004e+04 7.147407756115878001e+05 3.558895868302216986e+05 -4.064662502309306728e+04 -7.171664879923076660e+04 4.195175083104059013e+04
1.220131957997091813e+06 -3.381479357395820552e+05 6.622745722379075596e+05 1.156957165641930987e+04 9.874371118365711300e+04 3.855856543392529711e+05 -4.216416969412486651e+03 3.033274923346271316e+04 -9.367350243131011666e+03 5.276687294709296839e+04 -9.952033684665609617e+05 8.169206107316514244e+05 3.767629990407274454e+05 3.689230064441684517e+05 -1.798265944962316426e+05 8.654711546436276694e+04 2.416721197052108473e+05 5.057048299122609751e+04
7.853516689383173361e+05 2.110639400786627375e+05 1.185159613817355566e+05 2.217206632254959259e+05 -1.199279454392669504e+04 -4.216416969412486651e+03 2.620500583465450327e+05 1.956841756594646358e+04 -1.129049645604194848e+04 7.311590835996045498e+05 1.643182563230234897e+06 9.905534967004712671e+05 2.058237612817195986e+04 1.365578415083976870e+05 3.838789450545441359e+05 3.630155518209326547e+05 -8.122831247807798718e+02 -1.516334660302778648e+05
2.171217997269725893e+05 2.644700109178209677e+05 -7.568428901522050728e+04 -1.373318092833259434e+05 -5.626663805732045876e+04 3.033274923346271316e+04 1.956841756594646358e+04 1.180921640196340013e+05 -1.674796220910851480e+04 -1.653568630533802090e+06 -8.439984722512845183e+05 2.672198026935278176e+04 8.791152932189834246e+04 1.408237496031098126e+05 -2.177221131620650704e+05 5.838581549190828810e+04 1.151963229461656738e+05 6.962275609128293581e+03
-4.394108605618370348e+05 -8.525860445964166138e+04 -1.026333660039474780e+05 -1.108790705570980026e+04 7.040865999671918689e+04 -9.367350243131011666e+03 -1.129049645604194848e+04 -1.674796220910851480e+04 9.429886689143086551e+04 1.006771594727024436e+06 -1.047166591808217345e+05 -6.103657879965592874e+05 1.035569987862324488e+05 -1.583452406204936560e+05 7.169407671839802060e+04 -4.150501643310159125e+04 -1.019801142140179581e+05 7.581043547535732796e+04
4.772233479672195017e+07 7.701354542620355263e+06 -2.239416465137518477e+06 4.465564918060744181e+06 2.680367610699146520e+06 5.276687294709296839e+04 7.311590835996045498e+05 -1.653568630533802090e+06 1.006771594727024436e+06 2.379081133642755151e+08 1.345555915566332405e+06 -7.472615396719343029e+06 -1.989128944455377385e+07 -2.549161210775639862e+06 7.372809363304852508e+06 4.650895916182794608e+06 3.175322087331224699e+06 -1.540166868373610778e+06
-1.608699424832187779e+07 1.205384204986412078e+06 -3.575632012084962800e+06 1.744869824747791048e+06 -2.295980423210130830e+05 -9.952033684665609617e+05 1.643182563230234897e+06 -8.439984722512845183e+05 -1.047166591808217345e+05 1.345555915566332405e+06 9.142734832384301722e+07 1.256677468441054597e+07 -6.070109785856452771e+06 -6.329665302395293489e+06 3.386452065473268274e+06 -5.924833966812898871e+05 -2.444560002451162320e+06 8.865771282024388202e+05
-3.337864316540477332e+06 -3.777472398576725274e+06 3.938712696232269518e+06 1.649615827245887369e+06 4.461833120475962060e+05 8.169206107316514244e+05 9.905534967004712671e+05 2.672198026935278176e+04 -6.103657879965592874e+05 -7.472615396719343029e+06 1.256677468441054597e+07 2.535727108464566991e+07 8.696043305678465404e+05 1.832414985965263797e+06 2.230648910525119863e+06 1.087703628622477176e+06 1.930749024430489168e+06 -1.026324050530807115e+06
-3.431346411778912414e+06 -3.574265508333071601e+06 2.644725583249761257e+06 3.609807280224463902e+05 5.434190473433445004e+04 3.767629990407274454e+05 2.058237612817195986e+04 8.791152932189834246e+04 1.035569987862324488e+05 -1.989128944455377385e+07 -6.070109785856452771e+06 8.696043305678465404e+05 1.132845172516527399e+07 -2.911984292870080480e+03 -3.675556617601346225e+05 -1.003855722194554983e+06 -1.851777008406957611e+05 6.003865236717136577e+05
4.080814036521736532e+06 1.289196555676003452e+06 2.272522588680648711e+06 7.072378272466128692e+04 7.147407756115878001e+05 3.689230064441684517e+05 1.365578415083976870e+05 1.408237496031098126e+05 -1.583452406204936560e+05 -2.549161210775639862e+06 -6.329665302395293489e+06 1.832414985965263797e+06 -2.911984292870080480e+03 6.003110162180679850e+06 9.975832452759966254e+05 1.182677077151972800e+06 4.788193852072145673e+05 -4.586613776938921656e+05
-2.637137133897094522e+06 5.893468443982038298e+04 5.564873005413487554e+05 5.260861918179171626e+05 3.558895868302216986e+05 -1.798265944962316426e+05 3.838789450545441359e+05 -2.177221131620650704e+05 7.169407671839802060e+04 7.372809363304852508e+06 3.386452065473268274e+06 2.230648910525119863e+06 -3.675556617601346225e+05 9.975832452759966254e+05 3.976050214324195869e+06 7.695067822374044918e+05 1.632446356470569153e+05 -2.572000657899460566e+04
4.811673678905322216e+06 1.161603862008502474e+06 2.787941629556910484e+05 2.742032444807551801e+05 -4.064662502309306728e+04 8.654711546436276694e+04 3.630155518209326547e+05 5.838581549190828810e+04 -4.150501643310159125e+04 4.650895916182794608e+06 -5.924833966812898871e+05 1.087703628622477176e+06 -1.003855722194554983e+06 1.182677077151972800e+06 7.695067822374044918e+05 2.092811317567730788e+06 4.770989272070311126e+05 -3.454093687406638055e+05
9.041489961370022502e+05 5.816905014185757609e+05 8.271856445333822630e+05 -2.345944761579281476e+05 -7.171664879923076660e+04 2.416721197052108473e+05 -8.122831247807798718e+02 1.151963229461656738e+05 -1.019801142140179581e+05 3.175322087331224699e+06 -2.444560002451162320e+06 1.930749024430489168e+06 -1.851777008406957611e+05 4.788193852072145673e+05 1.632446356470569153e+05 4.770989272070311126e+05 9.581676032162351767e+05 -2.944453504377087665e+04
-1.833235449467493221e+06 6.507088446897328831e+05 5.083094304925271717e+04 -4.933280743207124178e+05 4.195175083104059013e+04 5.057048299122609751e+04 -1.516334660302778648e+05 6.962275609128293581e+03 7.581043547535732796e+04 -1.540166868373610778e+06 8.865771282024388202e+05 -1.026324050530807115e+06 6.003865236717136577e+05 -4.586613776938921656e+05 -2.572000657899460566e+04 -3.454093687406638055e+05 -2.944453504377087665e+04 7.427876085784584284e+05
