4.920982494872172922e+07 6.068333575656610541e+06 4.122809784914106596e+06 2.331209032992551103e+06 2.447699903535896738e+05 1.094559699999666540e+06 1.241916272284539416e+06 8.976571531374641927e+05 5.458415985043111723e+05 -4.236288328863590956e+07 -5.775040627868426964e+06 -1.360559420582072809e+06 6.311706256283937022e+06 2.752402649570112117e+06 1.809643909965719562e+06 1.237996394248117460e+06 -5.662869433701009257e+05 -1.084033297442613170e+06
6.068333575656610541e+06 1.192365561969875172e+07 2.571187230011430103e+06 7.498706408041269751e+05 -1.852052789566697611e+05 -4.272474400820020719e+02 3.608620439457025495e+05 5.055919313063647132e+05 2.034644401223360619e+05 -1.652782468839193322e+07 3.265677079753083177e+06 7.696243735868261429e+05 3.646346686960230116e+06 1.037321456503385445e+06 1.729406544774684357e+06 -1.443106931275824318e+05 8.709541201798139373e+05 6.771967358715344453e+05
4.122809784914106596e+06 2.571187230011430103e+06 4.244469462807564996e+06 3.506542301441939780e+05 3.211092143265700361e+04 2.969692798299703863e+05 1.775587202592240355e+05 3.149772680250676058e+04 4.667575292249881022e+04 -8.029634063899146393e+06 4.124331905761173461e+06 1.944813639105844777e+06 1.247482962524288101e+06 -3.733557389408962918e+05 -1.457297093302217254e+05 -1.015675761109317187e+06 2.996153581302401290e+04 -2.048639119088857551e+05
2.331209032992551103e+06 7.498706408041269751e+05 3.506542301441939780e+05 1.160979793082848890e+06 -3.240061562375291032e+04 -1.622822732537516276e+05 -7.248418092619025629e+03 4.702199951771141787e+04 5.827140458915384806e+04 -1.478303399740640074e+06 1.106341294504223857e+06 -5.260949915016669547e+05 1.048729330942960689e+06 6.289382987392006908e+05 5.417881555419385404e+04 -3.109762086645214586e+05 -1.240315104154724831e+05 -7.324739039551292080e+04
2.447699903535896738e+05 -1.852052789566697611e+05 3.211092143265700361e+04 -3.240061562375291032e+04 1.060065509341077646e+06 2.567835454984919052e+05 1.994255516428323172e+05 1.157468367703283002e+05 9.135467344897098883e+03 4.684202606128573418e+06 -2.307846232872600202e+06 -4.441211257865676307e+05 -4.321434605640348746e+05 2.345015632574821357e+05 7.213253089049237315e+05 7.097148152905255847e+04 8.130156044896153617e+04 1.136703777953594727e+04
1.094559699999666540e+06 -4.272474400820020719e+02 2.969692798299703863e+05 -1.622822732537516276e+05 2.567835454984919052e+05 8.013540863040591357e+05 2.960225143559374264e+05 -5.960365294302660914e+03 -1.272701513328226720e+05 -1.018329577345111407e+06 -2.188186605176702607e+06 1.791405462612913689e+06 -3.502886659480903181e+05 -1.190611981328959228e+05 5.132759889466583263e+05 9.066513724610587815e+04 -1.611733686365728499e+05 -8.225826096100687573e+04
1.241916272284539416e+06 3.608620439457025495e+05 1.775587202592240355e+05 -7.248418092619025629e+03 1.994255516428323172e+05 2.960225143559374264e+05 3.360082924702902674e+05 5.052267877202838281e+04 -2.464287768502233303e+04 3.541269975221779896e+05 -1.919347941642596154e+06 4.252152481254002778e+05 3.461079666375005036e+05 8.517858080079054344e+04 5.235182425788720138e+05 1.752498212740597082e+05 1.376488667862884176e+05 -7.633291218720671895e+04
8.976571531374641927e+05 5.055919313063647132e+05 3.149772680250676058e+04 4.702199951771141787e+04 1.157468367703283002e+05 -5.960365294302660914e+03 5.052267877202838281e+04 1.622109567658827291e+05 6.765744726783275837e+04 -7.175008425670230063e+05 -6.281508489973165561e+05 -3.223505550011484593e+04 1.273025496618807229e+05 3.792670737178832496e+04 2.464636183686372242e+05 4.022920142154994664e+03 1.830217343945867906e+05 3.729533345521916635e+04
5.458415985043111723e+05 2.034644401223360619e+05 4.667575292249881022e+04 5.827140458915384806e+04 9.135467344897098883e+03 -1.272701513328226720e+05 -2.464287768502233303e+04 6.765744726783275837e+04 1.565831023247395642e+05 2.519509161484206852e+05 -1.587887840742898115e+05 -8.434137382079500239e+05 -5.378088339410234767e+04 6.495901634183047281e+04 -1.102331192920373496e+03 -5.148551479028567701e+04 2.202237178972680704e+04 5.543061882132250321e+04
-4.236288328863590956e+07 -1.652782468839193322e+07 -8.029634063899146393e+06 -1.478303399740640074e+06 4.684202606128573418e+06 -1.018329577345111407e+06 3.541269975221779896e+05 -7.175008425670230063e+05 2.519509161484206852e+05 2.504220563876230717e+08 7.427783179627142847e+06 -1.771267118076660484e+07 -1.302081070042260550e+07 -1.854285282775379950e+06 -6.495698273896525614e+06 -1.049501012505263090e+06 -4.946339393818860990e+05 8.771151989252939529e+04
-5.775040627868426964e+06 3.265677079753083177e+06 4.124331905761173461e+06 1.106341294504223857e+06 -2.307846232872600202e+06 -2.188186605176702607e+06 -1.919347941642596154e+06 -6.281508489973165561e+05 -1.587887840742898115e+05 7.427783179627142847e+06 5.135015427848331630e+07 2.517399580155090429e+06 -8.322607862555978354e+05 -1.054596938145101536e+06 -5.589363043343491852e+06 -2.328535643813984934e+06 -1.091363841239303816e+06 7.137572263729809783e+05
-1.360559420582072809e+06 7.696243735868261429e+05 1.944813639105844777e+06 -5.260949915016669547e+05 -4.441211257865676307e+05 1.791405462612913689e+06 4.252152481254002778e+05 -3.223505550011484593e+04 -8.434137382079500239e+05 -1.771267118076660484e+07 2.517399580155090429e+06 1.906994145866723731e+07 4.614037323670145124e+06 3.287085277928218711e+05 1.118112196830761619e+06 -2.185610559579074907e+05 1.168562814243484754e+06 5.917165714582122164e+05
6.311706256283937022e+06 3.646346686960230116e+06 1.247482962524288101e+06 1.048729330942960689e+06 -4.321434605640348746e+05 -3.502886659480903181e+05 3.461079666375005036e+05 1.273025496618807229e+05 -5.378088339410234767e+04 -1.302081070042260550e+07 -8.322607862555978354e+05 4.614037323670145124e+06 9.859860945051023737e+06 2.655739047357906587e+06 9.339359709145823726e+05 -4.597720227450345992e+05 1.504097774348010542e+06 4.902538078521084972e+05
2.752402649570112117e+06 1.037321456503385445e+06 -3.733557389408962918e+05 6.289382987392006908e+05 2.345015632574821357e+05 -1.190611981328959228e+05 8.517858080079054344e+04 3.792670737178832496e+04 6.495901634183047281e+04 -1.854285282775379950e+06 -1.054596938145101536e+06 3.287085277928218711e+05 2.655739047357906587e+06 4.829089062849353999e+06 1.828010248943320708e+06 6.329860212344804313e+05 3.383691958695039502e+05 2.673698521432356793e+05
1.809643909965719562e+06 1.729406544774684357e+06 -1.457297093302217254e+05 5.417881555419385404e+04 7.213253089049237315e+05 5.132759889466583263e+05 5.235182425788720138e+05 2.464636183686372242e+05 -1.102331192920373496e+03 -6.495698273896525614e+06 -5.589363043343491852e+06 1.118112196830761619e+06 9.339359709145823726e+05 1.828010248943320708e+06 3.597996360966502223e+06 8.005423522728482494e+05 5.362012061521962751e+05 2.846628207429692848e+05
1.237996394248117460e+06 -1.443106931275824318e+05 -1.015675761109317187e+06 -3.109762086645214586e+05 7.097148152905255847e+04 9.066513724610587815e+04 1.752498212740597082e+05 4.022920142154994664e+03 -5.148551479028567701e+04 -1.049501012505263090e+06 -2.328535643813984934e+06 -2.185610559579074907e+05 -4.597720227450345992e+05 6.329860212344804313e+05 8.005423522728482494e+05 1.533601579817365389e+06 3.807456227861237130e+05 9.148489586861075077e+04
-5.662869433701009257e+05 8.709541201798139373e+05 2.996153581302401290e+04 -1.240315104154724831e+05 8.130156044896153617e+04 -1.611733686365728499e+05 1.376488667862884176e+05 1.830217343945867906e+05 2.202237178972680704e+04 -4.946339393818860990e+05 -1.091363841239303816e+06 1.168562814243484754e+06 1.504097774348010542e+06 3.383691958695039502e+05 5.362012061521962751e+05 3.807456227861237130e+05 1.184422680744721554e+06 2.971221859160386375e+05
-1.084033297442613170e+06 6.771967358715344453e+05 -2.048639119088857551e+05 -7.324739039551292080e+04 1.136703777953594727e+04 -8.225826096100687573e+04 -7.633291218720671895e+04 3.729533345521916635e+04 5.543061882132250321e+04 8.771151989252939529e+04 7.137572263729809783e+05 5.917165714582122164e+05 4.902538078521084972e+05 2.673698521432356793e+05 2.846628207429692848e+05 9.148489586861075077e+04 2.971221859160386375e+05 3.935614464572815341e+05
