5.495771488808793575e+07 2.465757831575506367e+06 -4.056508714646290522e+06 -1.377097826081747888e+06 2.773782120301790419e+05 9.953079675936498679e+05 2.204113015669636661e+05 2.780391564082681434e+05 7.160023227665970335e+05 2.710391408900022507e+07 -7.781495196511798538e+06 -7.926919237256492488e+06 -6.926716141240531579e+06 -2.979255220974085387e+05 -1.068056825417541433e+06 2.086389379584056325e+06 1.276290723951586289e+06 1.007953301886809641e+05
2.465757831575506367e+06 1.537436584399112128e+07 2.345535610399878118e+06 -2.777515015411766362e+05 -1.153428678582029650e+06 -6.033338777260798961e+05 1.379985273123483348e+05 2.494494123455937370e+05 7.633279473715541826e+04 -1.246650462492013536e+07 8.801754372195878997e+06 2.101413239269193262e+06 -6.258520677409670316e+05 -1.503293795820402680e+06 -4.133317695986676263e+05 -4.776672874786097673e+05 -1.095401384646706050e+06 1.920238419320092071e+05
-4.056508714646290522e+06 2.345535610399878118e+06 4.916794051085903309e+06 1.192084991480711848e+06 -6.369866114489970496e+05 9.678530102423252538e+04 1.695098015285797592e+05 -3.888555666167433810e+04 -1.417236035177377344e+05 -8.231898123163559474e+06 3.112691228685018606e+06 1.882231305107496679e+06 4.020390165253708255e+05 -1.110571928460372612e+06 9.081178768731714226e+05 -5.663814571733812336e+05 -1.989731787503620435e+05 8.343027759685181081e+04
-1.377097826081747888e+06 -2.777515015411766362e+05 1.192084991480711848e+06 2.118920683313054033e+06 2.348939657359645935e+05 4.326739892387527507e+05 1.847248678038415383e+05 1.333332358535642561e+05 -3.236302826734205382e+02 4.738600053566984832e+06 1.034968056626127916e+06 1.472398444571426837e+06 1.138461444811895955e+06 9.642842229944234714e+04 6.837694487429251894e+05 3.857653189881086582e+05 2.027366841525359196e+05 1.770251249492894276e+05
2.773782120301790419e+05 -1.153428678582029650e+06 -6.369866114489970496e+05 2.348939657359645935e+05 7.350538000458984170e+05 1.332897398168222571e+05 -4.062010588264354010e+04 7.624636808475344151e+04 5.488768067739940307e+04 -7.562387004943676293e+05 -1.312610313312181272e+06 -8.372574060899935430e+05 4.287269550252390909e+05 1.100864204133958090e+06 -1.545486811471378023e+05 -2.085848920681274831e+04 7.977633054087881646e+03 2.101970012741725659e+05
9.953079675936498679e+05 -6.033338777260798961e+05 9.678530102423252538e+04 4.326739892387527507e+05 1.332897398168222571e+05 5.838395075011153240e+05 1.438252200451999961e+05 1.264514338303121767e+05 7.818496616008137062e+04 -1.817833677752579097e+06 5.565965177112136735e+05 -1.556666367869494425e+05 2.924299190000687377e+05 2.735997643616453861e+05 4.186237268202248379e+05 1.345237494079092285e+05 3.754824338905184413e+05 9.306396285296611313e+04
2.204113015669636661e+05 1.379985273123483348e+05 1.695098015285797592e+05 1.847248678038415383e+05 -4.062010588264354010e+04 1.438252200451999961e+05 4.050946570321742911e+05 6.483939070023740351e+04 2.032916748051524337e+04 3.628316567430105060e+05 9.009897092499610735e+05 7.065905503017879091e+05 6.258893369949411135e+05 -1.523751968702651211e+05 -1.108061868389003212e+05 2.008721724757869088e+05 4.880489282287540118e+04 1.013967251530440408e+05
2.780391564082681434e+05 2.494494123455937370e+05 -3.888555666167433810e+04 1.333332358535642561e+05 7.624636808475344151e+04 1.264514338303121767e+05 6.483939070023740351e+04 3.503942057772271801e+05 1.111780114420679020e+05 -2.431283492841885425e+06 1.888283813590869773e+06 -2.322144761506033537e+05 1.861062567608635873e+05 8.913430977614142466e+04 2.686362113047192688e+05 -1.338255933950010694e+04 3.022513023193198605e+05 3.292687053158503113e+04
7.160023227665970335e+05 7.633279473715541826e+04 -1.417236035177377344e+05 -3.236302826734205382e+02 5.488768067739940307e+04 7.818496616008137062e+04 2.032916748051524337e+04 1.111780114420679020e+05 1.371418313806433289e+05 5.286449130788553884e+04 -7.863111259275033080e+04 -1.407790326193747751e+05 -2.223391685424448224e+04 -5.929604103010871768e+04 -3.360756575829516805e+04 -1.447072791389838385e+05 6.378305643460519786e+04 7.813088581726302800e+04
2.710391408900022507e+07 -1.246650462492013536e+07 -8.231898123163559474e+06 4.738600053566984832e+06 -7.562387004943676293e+05 -1.817833677752579097e+06 3.628316567430105060e+05 -2.431283492841885425e+06 5.286449130788553884e+04 2.813012133774886727e+08 -2.103163819942580909e+07 9.499004733585469425e+06 6.096045504175388254e+06 -7.981958315345844254e+06 -7.792402950274072587e+06 1.222866117271329975e+06 2.282936083220364235e+05 7.725819802414415171e+05
-7.781495196511798538e+06 8.801754372195878997e+06 3.112691228685018606e+06 1.034968056626127916e+06 -1.312610313312181272e+06 5.565965177112136735e+05 9.009897092499610735e+05 1.888283813590869773e+06 -7.863111259275033080e+04 -2.103163819942580909e+07 7.330018866745243967e+07 3.760983812123748008e+06 2.752120718152447604e+06 -4.662903628329857253e+06 2.750197701973258983e+06 2.040767541073653847e+05 1.119872786203610711e+06 -4.727776025330473785e+05
-7.926919237256492488e+06 2.101413239269193262e+06 1.882231305107496679e+06 1.472398444571426837e+06 -8.372574060899935430e+05 -1.556666367869494425e+05 7.065905503017879091e+05 -2.322144761506033537e+05 -1.407790326193747751e+05 9.499004733585469425e+06 3.760983812123748008e+06 1.911960143898897246e+07 3.590379477787050884e+06 -2.224714880614551250e+06 -5.759497167737269774e+05 6.386366518722706242e+05 -9.387029441876118071e+05 1.686951629671038827e+05
-6.926716141240531579e+06 -6.258520677409670316e+05 4.020390165253708255e+05 1.138461444811895955e+06 4.287269550252390909e+05 2.924299190000687377e+05 6.258893369949411135e+05 1.861062567608635873e+05 -2.223391685424448224e+04 6.096045504175388254e+06 2.752120718152447604e+06 3.590379477787050884e+06 1.097538437443159707e+07 1.109453844814689655e+05 2.759796868364127004e+05 1.192362073720304528e+06 -4.115958043810523668e+04 1.276752704888078384e+06
-2.979255220974085387e+05 -1.503293795820402680e+06 -1.110571928460372612e+06 9.642842229944234714e+04 1.100864204133958090e+06 2.735997643616453861e+05 -1.523751968702651211e+05 8.913430977614142466e+04 -5.929604103010871768e+04 -7.981958315345844254e+06 -4.662903628329857253e+06 -2.224714880614551250e+06 1.109453844814689655e+05 6.012021606665738858e+06 3.050761406973027624e+05 -3.554890391221226309e+04 -4.353414102895234828e+05 6.045085787648706464e+05
-1.068056825417541433e+06 -4.133317695986676263e+05 9.081178768731714226e+05 6.837694487429251894e+05 -1.545486811471378023e+05 4.186237268202248379e+05 -1.108061868389003212e+05 2.686362113047192688e+05 -3.360756575829516805e+04 -7.792402950274072587e+06 2.750197701973258983e+06 -5.759497167737269774e+05 2.759796868364127004e+05 3.050761406973027624e+05 2.664771462320704479e+06 3.160894705157155404e+05 4.890022346017413074e+05 -1.552831080354833684e+05
2.086389379584056325e+06 -4.776672874786097673e+05 -5.663814571733812336e+05 3.857653189881086582e+05 -2.085848920681274831e+04 1.345237494079092285e+05 2.008721724757869088e+05 -1.338255933950010694e+04 -1.447072791389838385e+05 1.222866117271329975e+06 2.040767541073653847e+05 6.386366518722706242e+05 1.192362073720304528e+06 -3.554890391221226309e+04 3.160894705157155404e+05 1.466873999614032684e+06 4.432497507860044716e+05 1.794484617430868821e+04
1.276290723951586289e+06 -1.095401384646706050e+06 -1.989731787503620435e+05 2.027366841525359196e+05 7.977633054087881646e+03 3.754824338905184413e+05 4.880489282287540118e+04 3.022513023193198605e+05 6.378305643460519786e+04 2.282936083220364235e+05 1.119872786203610711e+06 -9.387029441876118071e+05 -4.115958043810523668e+04 -4.353414102895234828e+05 4.890022346017413074e+05 4.432497507860044716e+05 1.220856433117246721e+06 4.991551245964831469e+04
1.007953301886809641e+05 1.920238419320092071e+05 8.343027759685181081e+04 1.770251249492894276e+05 2.101970012741725659e+05 9.306396285296611313e+04 1.013967251530440408e+05 3.292687053158503113e+04 7.813088581726302800e+04 7.725819802414415171e+05 -4.727776025330473785e+05 1.686951629671038827e+05 1.276752704888078384e+06 6.045085787648706464e+05 -1.552831080354833684e+05 1.794484617430868821e+04 4.991551245964831469e+04 7.683579355743320193e+05
