5.473733002462140471e+07 8.059597300556815229e+06 -2.221269104938273318e+06 -4.132758446084650233e+06 -4.982805458120967378e+05 -3.082062103244682658e+05 8.728069968293423881e+04 -7.073837911336259276e+04 -2.092168822990070621e+05 6.779984473161529005e+07 4.701449862488717772e+06 6.576849627377497964e+06 -6.117223944274641573e+06 -2.653580626964298077e+06 -1.873930443978217372e+05 3.421958808080514893e+06 2.494477170753635000e+06 3.522056421439065016e+05
8.059597300556815229e+06 1.555133738558244333e+07 1.149230891289536143e+06 -1.157762971109250560e+06 -8.376064231026218040e+05 -4.453368262904722360e+05 -2.418890588229871937e+05 -3.232714263654623210e+04 -7.535114999667080156e+03 -5.092046864218333736e+06 1.189329089441473223e+07 -2.226140831584460975e+05 -5.207579442890702747e+06 2.257782131000342313e+06 1.148408820009571733e+06 -1.792432445922607149e+05 -7.780186598867658759e+05 -6.021714056679382920e+05
-2.221269104938273318e+06 1.149230891289536143e+06 3.622468046491726767e+06 -1.648024133837508271e+05 -8.226289083224222122e+04 1.915572439709048485e+05 -2.701957076960185077e+05 2.856644113050393644e+05 1.605749705963072192e+05 -7.164815550668079406e+06 6.791059760341208894e+05 4.401186794593759812e+06 6.818664967265218729e+04 7.801265183789094444e+05 -7.787620680816069944e+05 -1.217685674554180354e+06 9.903634899877815042e+04 1.749830305983145372e+05
-4.132758446084650233e+06 -1.157762971109250560e+06 -1.648024133837508271e+05 2.014175209388271673e+06 3.727733323555684765e+05 -2.740118301283771871e+05 -1.149948425864555757e+05 -2.097917637662077614e+05 -2.491451561166533793e+04 -3.478791235512365121e+06 -1.630098091908801813e+06 -3.156727112620373257e+06 2.007077158668166492e+06 4.784315671464472543e+05 -4.338669610105592874e+05 2.599761132069348241e+04 -3.003052206606114632e+05 1.923515141385133029e+05
-4.982805458120967378e+05 -8.376064231026218040e+05 -8.226289083224222122e+04 3.727733323555684765e+05 7.333274081407211488e+05 4.623161340932539315e+04 -6.680378827350668143e+04 -1.362475072931302129e+05 5.934338223885488696e+04 4.492014165340892039e+06 -1.281076150700320490e+06 -1.177595884960676078e+06 2.097167656031318184e+05 2.602819930629752635e+05 -1.719351986322925368e+05 -2.366798472969044233e+05 -8.579825829709069512e+04 4.078698796082718764e+04
-3.082062103244682658e+05 -4.453368262904722360e+05 1.915572439709048485e+05 -2.740118301283771871e+05 4.623161340932539315e+04 3.758882969475926948e+05 4.249288486371399631e+04 4.950841484490202856e+04 3.500070005168346688e+04 2.291622860770500265e+06 7.878519940678736893e+05 9.268031495597817702e+05 -3.903964417776901391e+05 -5.436676804513478419e+04 -1.366036582122211985e+05 -3.430186653482096735e+05 1.408076856881683634e+05 -1.010822036297183513e+05
8.728069968293423881e+04 -2.418890588229871937e+05 -2.701957076960185077e+05 -1.149948425864555757e+05 -6.680378827350668143e+04 4.249288486371399631e+04 4.191628636339551304e+05 2.212029731456772788e+04 -4.511444870472546427e+03 -1.294815716888967669e+06 1.026355307474846602e+06 1.099854393413422396e+06 -7.074162240395114059e+05 -2.717065528064807295e+05 1.553782802008354702e+04 1.286373766213281924e+05 9.529363085781196423e+04 -7.117464121184553733e+03
-7.073837911336259276e+04 -3.232714263654623210e+04 2.856644113050393644e+05 -2.097917637662077614e+05 -1.362475072931302129e+05 4.950841484490202856e+04 2.212029731456772788e+04 2.296356813627335941e+05 7.297346831792820922e+03 -1.975394932301789289e+06 3.820133822269887896e+05 1.040583291690945625e+05 -2.973262758199618547e+05 1.480109325131626392e+05 -1.704919260271681705e+05 -9.386092212944677158e+04 2.084795169055917650e+05 3.731462785293506749e+04
-2.092168822990070621e+05 -7.535114999667080156e+03 1.605749705963072192e+05 -2.491451561166533793e+04 5.934338223885488696e+04 3.500070005168346688e+04 -4.511444870472546427e+03 7.297346831792820922e+03 1.499655205479013675e+05 6.603738574110511690e+05 -2.351888294538549089e+05 -3.081123919754083036e+05 -5.498013628506183159e+04 -3.842189185182021902e+04 -2.122783223163699950e+04 -1.307947232581067219e+05 5.394311952233217744e+04 1.361969347597718006e+05
6.779984473161529005e+07 -5.092046864218333736e+06 -7.164815550668079406e+06 -3.478791235512365121e+06 4.492014165340892039e+06 2.291622860770500265e+06 -1.294815716888967669e+06 -1.975394932301789289e+06 6.603738574110511690e+05 3.256214627339804173e+08 2.854016999642970040e+07 8.418891477955814451e+06 9.917516588910482824e+06 -6.300137327691896819e+06 5.332715969686128199e+06 5.140848340271423804e+05 2.820208748511192389e+06 3.218426378903428558e+06
4.701449862488717772e+06 1.189329089441473223e+07 6.791059760341208894e+05 -1.630098091908801813e+06 -1.281076150700320490e+06 7.878519940678736893e+05 1.026355307474846602e+06 3.820133822269887896e+05 -2.351888294538549089e+05 2.854016999642970040e+07 6.996675040962097049e+07 8.294824382258325815e+06 -1.065526338931956887e+07 1.182542643571702298e+06 2.996295522814063006e+05 9.264445680193596054e+05 9.915419820764569158e+04 -1.770104804319995921e+06
6.576849627377497964e+06 -2.226140831584460975e+05 4.401186794593759812e+06 -3.156727112620373257e+06 -1.177595884960676078e+06 9.268031495597817702e+05 1.099854393413422396e+06 1.040583291690945625e+05 -3.081123919754083036e+05 8.418891477955814451e+06 8.294824382258325815e+06 3.996937535974291712e+07 -2.403750448532150593e+06 -4.739715490993677638e+06 -7.350875445885184454e+05 -1.890098109896761831e+06 5.489485403852098389e+05 -1.262321183083147509e+06
-6.117223944274641573e+06 -5.207579442890702747e+06 6.818664967265218729e+04 2.007077158668166492e+06 2.097167656031318184e+05 -3.903964417776901391e+05 -7.074162240395114059e+05 -2.973262758199618547e+05 -5.498013628506183159e+04 9.917516588910482824e+06 -1.065526338931956887e+07 -2.403750448532150593e+06 1.476911790825147927e+07 1.180082204841737403e+06 6.182637776135122404e+05 7.171394792844390031e+05 -2.147337530216849118e+05 7.624703351421888219e+05
-2.653580626964298077e+06 2.257782131000342313e+06 7.801265183789094444e+05 4.784315671464472543e+05 2.602819930629752635e+05 -5.436676804513478419e+04 -2.717065528064807295e+05 1.480109325131626392e+05 -3.842189185182021902e+04 -6.300137327691896819e+06 1.182542643571702298e+06 -4.739715490993677638e+06 1.180082204841737403e+06 4.154599617689861450e+06 1.516049838125179522e+06 2.942815632749724318e+05 2.741881301451028557e+05 -7.164688942011400650e+04
-1.873930443978217372e+05 1.148408820009571733e+06 -7.787620680816069944e+05 -4.338669610105592874e+05 -1.719351986322925368e+05 -1.366036582122211985e+05 1.553782802008354702e+04 -1.704919260271681705e+05 -2.122783223163699950e+04 5.332715969686128199e+06 2.996295522814063006e+05 -7.350875445885184454e+05 6.182637776135122404e+05 1.516049838125179522e+06 4.637414385636452585e+06 1.066177501944820629e+06 2.583501541402013972e+05 1.667175287451519398e+05
3.421958808080514893e+06 -1.792432445922607149e+05 -1.217685674554180354e+06 2.599761132069348241e+04 -2.366798472969044233e+05 -3.430186653482096735e+05 1.286373766213281924e+05 -9.386092212944677158e+04 -1.307947232581067219e+05 5.140848340271423804e+05 9.264445680193596054e+05 -1.890098109896761831e+06 7.171394792844390031e+05 2.942815632749724318e+05 1.066177501944820629e+06 2.446254838906308170e+06 4.621234592414287617e+05 -8.069169173447017965e+04
2.494477170753635000e+06 -7.780186598867658759e+05 9.903634899877815042e+04 -3.003052206606114632e+05 -8.579825829709069512e+04 1.408076856881683634e+05 9.529363085781196423e+04 2.084795169055917650e+05 5.394311952233217744e+04 2.820208748511192389e+06 9.915419820764569158e+04 5.489485403852098389e+05 -2.147337530216849118e+05 2.741881301451028557e+05 2.583501541402013972e+05 4.621234592414287617e+05 7.604253935947384452e+05 4.666951967824411258e+04
3.522056421439065016e+05 -6.021714056679382920e+05 1.749830305983145372e+05 1.923515141385133029e+05 4.078698796082718764e+04 -1.010822036297183513e+05 -7.117464121184553733e+03 3.731462785293506749e+04 1.361969347597718006e+05 3.218426378903428558e+06 -1.770104804319995921e+06 -1.262321183083147509e+06 7.624703351421888219e+05 -7.164688942011400650e+04 1.667175287451519398e+05 -8.069169173447017965e+04 4.666951967824411258e+04 7.637646206473138882e+05
