6.405164090349868685e+07 1.745631013647651300e+07 3.443243397155659739e+06 2.122145659250032622e+05 -3.186490685151855578e+05 -2.541943146556924563e+06 -1.252978067749687005e+06 1.058926902909818891e+05 2.271430574898047489e+05 3.019571466173372045e+07 1.499161685013605841e+07 3.345036936064891517e+06 -1.713645546803956619e+06 -5.820733206564764492e+06 -3.174488717082981020e+06 8.816848992439203430e+05 -6.521798159244135022e+05 1.469637356439490104e+05
1.745631013647651300e+07 3.490842711770713329e+07 -5.114250261327078333e+05 6.442525561310289049e+04 4.604579859070314560e+05 2.393170032753512205e+05 -4.277850091126624611e+05 6.288615307126492262e+05 1.642070549115156464e+05 4.686371372897455841e+07 9.513273885718759149e+06 3.443490181535978336e+06 -2.211242768943199422e+06 -2.548299104894751683e+06 -1.533146251676954329e+06 -1.640350039804392494e+06 -9.092642175880636787e+05 5.387576077851810260e+05
3.443243397155659739e+06 -5.114250261327078333e+05 5.001537695240092464e+06 1.217599976669309981e+05 1.232128523740232486e+05 3.021896252793604508e+05 -3.875890386739568203e+05 -1.541569141245307983e+05 -1.903277820911246527e+05 5.526593377766418271e+06 1.604280017821175978e+06 3.371606552348367870e+06 4.758559109479416511e+05 -2.213851369012910000e+05 -9.862398850379880751e+05 -5.980165096238334663e+05 6.086845953156049363e+05 -9.543597931632481050e+04
2.122145659250032622e+05 6.442525561310289049e+04 1.217599976669309981e+05 1.935405952967000892e+06 3.496523357347014244e+05 3.939546507941333693e+05 3.939660669357974257e+04 -1.975108363067728642e+05 2.113176058959852962e+05 -2.718095223711614381e+05 6.632689633324852912e+05 2.152657259255952667e+06 2.609296246424716897e+06 1.182887328708109562e+05 6.779446203968661139e+05 -1.163961710495109146e+05 -3.706075685691947583e+05 7.607019616744987434e+04
-3.186490685151855578e+05 4.604579859070314560e+05 1.232128523740232486e+05 3.496523357347014244e+05 9.086708079294770723e+05 1.053226259292064060e+05 7.218441999937352375e+04 -4.266235501017250499e+04 4.920402196123513568e+04 1.168451134468980599e+06 1.034351458851580974e+06 -5.583507827618307201e+05 3.588131227622524020e+05 6.866474803169474471e+05 -9.035459154644262162e+04 -2.492119425989721203e+05 -8.443717921170848422e+04 7.391051795986859361e+04
-2.541943146556924563e+06 2.393170032753512205e+05 3.021896252793604508e+05 3.939546507941333693e+05 1.053226259292064060e+05 5.550542947414895752e+05 3.910997595292665937e+04 3.099955289748560244e+04 9.961708183952110994e+04 -1.761089111912041903e+06 -4.480933504416072974e+05 -2.686038339344568885e+04 1.145444610635312041e+06 2.136602755557740966e+04 2.828805248178935726e+05 -2.325680282207670971e+05 5.107354076514387998e+04 4.767080971200243948e+04
-1.252978067749687005e+06 -4.277850091126624611e+05 -3.875890386739568203e+05 3.939660669357974257e+04 7.218441999937352375e+04 3.910997595292665937e+04 2.814498036202644580e+05 3.740038862151306967e+04 5.670362497215400253e+03 -1.266462015024570574e+05 -6.301661139982108725e+05 3.608285484820322745e+04 -4.508491913490136358e+04 3.616337476727606845e+05 5.397565482046128636e+03 1.226884058698586596e+05 -6.915080979538345127e+04 6.347403979353438626e+04
1.058926902909818891e+05 6.288615307126492262e+05 -1.541569141245307983e+05 -1.975108363067728642e+05 -4.266235501017250499e+04 3.099955289748560244e+04 3.740038862151306967e+04 1.688831088831008237e+05 4.571606902054355305e+04 6.543465785179637605e+05 1.437137345572129416e+05 -5.495112855403774884e+05 -5.817726944325023796e+05 -5.296468356983814374e+03 -5.017812493236206501e+04 1.431937696709816519e+05 8.129490712943578546e+04 8.110848233049892588e+04
2.271430574898047489e+05 1.642070549115156464e+05 -1.903277820911246527e+05 2.113176058959852962e+05 4.920402196123513568e+04 9.961708183952110994e+04 5.670362497215400253e+03 4.571606902054355305e+04 1.437113938250708743e+05 -4.496090752381617203e+05 -1.017544415050048883e+04 -2.034975686580024194e+05 3.427686934497980401e+05 -1.622503584876870445e+05 1.025916715801632818e+05 6.229965025696512748e+04 -2.395167926119777985e+04 7.496736145940104325e+04
3.019571466173372045e+07 4.686371372897455841e+07 5.526593377766418271e+06 -2.718095223711614381e+05 1.168451134468980599e+06 -1.761089111912041903e+06 -1.266462015024570574e+05 6.543465785179637605e+05 -4.496090752381617203e+05 2.134356579031622708e+08 2.097656333807671070e+07 -6.477048417983980849e+06 -1.495004407171363942e+07 -2.882007257393572014e+06 -1.086835140889395587e+07 -7.756917450122777373e+05 -8.964318341773709981e+05 2.234543838521540165e+06
1.499161685013605841e+07 9.513273885718759149e+06 1.604280017821175978e+06 6.632689633324852912e+05 1.034351458851580974e+06 -4.480933504416072974e+05 -6.301661139982108725e+05 1.437137345572129416e+05 -1.017544415050048883e+04 2.097656333807671070e+07 5.864399583288262784e+07 3.626619393863932695e+06 6.783420193831565790e+06 -3.765179495112126227e+06 -2.348957292594050057e+06 -2.011803159308661474e+06 2.492911616523893084e+06 1.925222637540631695e+06
3.345036936064891517e+06 3.443490181535978336e+06 3.371606552348367870e+06 2.152657259255952667e+06 -5.583507827618307201e+05 -2.686038339344568885e+04 3.608285484820322745e+04 -5.495112855403774884e+05 -2.034975686580024194e+05 -6.477048417983980849e+06 3.626619393863932695e+06 2.459274020021453500e+07 4.709188824339130893e+06 1.221551225194114028e+06 1.403972187630495522e+06 -6.657667039440390654e+05 6.264590844579493860e+05 -6.800378824698447715e+04
-1.713645546803956619e+06 -2.211242768943199422e+06 4.758559109479416511e+05 2.609296246424716897e+06 3.588131227622524020e+05 1.145444610635312041e+06 -4.508491913490136358e+04 -5.817726944325023796e+05 3.427686934497980401e+05 -1.495004407171363942e+07 6.783420193831565790e+06 4.709188824339130893e+06 1.247883449063951150e+07 -5.458586148008254822e+05 1.121554692965151975e+06 -1.067024548325920478e+06 -2.130517419761881756e+05 -2.434790462197728630e+05
-5.820733206564764492e+06 -2.548299104894751683e+06 -2.213851369012910000e+05 1.182887328708109562e+05 6.866474803169474471e+05 2.136602755557740966e+04 3.616337476727606845e+05 -5.296468356983814374e+03 -1.622503584876870445e+05 -2.882007257393572014e+06 -3.765179495112126227e+06 1.221551225194114028e+06 -5.458586148008254822e+05 5.385310288627862930e+06 6.753292142843459733e+05 3.406626121698970092e+05 3.059410675800271565e+05 -3.245622577732274076e+05
-3.174488717082981020e+06 -1.533146251676954329e+06 -9.862398850379880751e+05 6.779446203968661139e+05 -9.035459154644262162e+04 2.828805248178935726e+05 5.397565482046128636e+03 -5.017812493236206501e+04 1.025916715801632818e+05 -1.086835140889395587e+07 -2.348957292594050057e+06 1.403972187630495522e+06 1.121554692965151975e+06 6.753292142843459733e+05 2.956462738745996263e+06 3.193905489512585336e+05 -5.267324574459961150e+05 2.772391372252080473e+05
8.816848992439203430e+05 -1.640350039804392494e+06 -5.980165096238334663e+05 -1.163961710495109146e+05 -2.492119425989721203e+05 -2.325680282207670971e+05 1.226884058698586596e+05 1.431937696709816519e+05 6.229965025696512748e+04 -7.756917450122777373e+05 -2.011803159308661474e+06 -6.657667039440390654e+05 -1.067024548325920478e+06 3.406626121698970092e+05 3.193905489512585336e+05 1.405367004059506813e+06 3.179429242566566609e+04 7.334039083106307953e+04
-6.521798159244135022e+05 -9.092642175880636787e+05 6.086845953156049363e+05 -3.706075685691947583e+05 -8.443717921170848422e+04 5.107354076514387998e+04 -6.915080979538345127e+04 8.129490712943578546e+04 -2.395167926119777985e+04 -8.964318341773709981e+05 2.492911616523893084e+06 6.264590844579493860e+05 -2.130517419761881756e+05 3.059410675800271565e+05 -5.267324574459961150e+05 3.179429242566566609e+04 9.371967610317703802e+05 1.983896670103576907e+05
1.469637356439490104e+05 5.387576077851810260e+05 -9.543597931632481050e+04 7.607019616744987434e+04 7.391051795986859361e+04 4.767080971200243948e+04 6.347403979353438626e+04 8.110848233049892588e+04 7.496736145940104325e+04 2.234543838521540165e+06 1.925222637540631695e+06 -6.800378824698447715e+04 -2.434790462197728630e+05 -3.245622577732274076e+05 2.772391372252080473e+05 7.334039083106307953e+04 1.983896670103576907e+05 5.843050557902869768e+05
