4.055690904689287394e+07 -8.547792665430383058e+05 -1.675415648254391504e+06 1.280217240400659386e+06 -4.305084447830505087e+05 6.968367968331695301e+05 -7.186413058434057748e+05 1.956455907918846642e+05 4.336617436220439267e+05 5.790529194475505501e+06 -1.559530320792987943e+07 -7.299747306633422151e+06 5.810898437248959206e+06 1.379795188515953952e+06 2.796448246755124070e+06 5.424199080124248285e+05 1.941037777551403502e+06 1.498455033271161839e+06
-8.547792665430383058e+05 1.483414354064626992e+07 -5.577899400963650551e+05 9.444116223173820181e+05 1.266946007654407731e+05 7.897113370179773774e+05 6.289613469659306575e+05 4.846436941910716123e+05 -2.200496150175242656e+04 -8.966863223124656826e+06 5.394585364608259872e+06 -1.018320935100358352e+07 1.516895218145497609e+06 3.771086309439700563e+05 -1.624871451896079117e+06 -8.030018718125706073e+05 1.108508166994838044e+06 -5.849354398557200329e+05
-1.675415648254391504e+06 -5.577899400963650551e+05 4.650762075621796772e+06 5.172780915116606629e+05 -1.203714475409486295e+04 2.834819428357849829e+05 -1.808231243067065079e+05 2.890897186853946187e+05 2.748794675762747647e+05 7.645623753965412034e+05 -2.697644152434747084e+05 5.355049031581050716e+06 2.328859397945647128e+06 -2.462916886250000680e+05 -1.478515318308732240e+05 6.176446909205289558e+05 5.330271100808384363e+05 8.515181730886160221e+04
1.280217240400659386e+06 9.444116223173820181e+05 5.172780915116606629e+05 1.527454178844322916e+06 4.923401914464239235e+04 1.882390347287381592e+05 6.045773408609924445e+03 7.043621653274282289e+04 1.100905902116851066e+05 7.255086871447874000e+05 2.104435250354678836e+06 1.630015126483346103e+06 1.360707491166459396e+06 1.476825581563574728e+06 1.924938741494907590e+05 -3.228204555179894669e+04 -1.136328732045478973e+05 3.572126769168000901e+05
-4.305084447830505087e+05 1.266946007654407731e+05 -1.203714475409486295e+04 4.923401914464239235e+04 5.321343240097736707e+05 3.770351603334525134e+04 3.071476168769253491e+04 -8.737520842093352985e+04 -2.383502410848536238e+04 3.443188291621978395e+06 2.219398964778159279e+06 -8.508656790405433276e+04 2.292101846482490073e+05 2.766443101439935272e+05 -6.205597697258021071e+04 2.152411344850752212e+05 -1.482074969589337998e+05 8.766516441524446418e+04
6.968367968331695301e+05 7.897113370179773774e+05 2.834819428357849829e+05 1.882390347287381592e+05 3.770351603334525134e+04 7.371725603781216778e+05 5.396301350411090243e+04 1.355097977107862607e+04 5.172154963346664590e+04 1.598184532323754160e+06 1.132058224204327678e+06 9.012851801698852796e+05 9.579794620862202719e+05 8.162076417644385947e+05 5.155294004183783545e+05 -1.236939222942603519e+05 -2.974393090409781144e+04 -2.482206268228372210e+04
-7.186413058434057748e+05 6.289613469659306575e+05 -1.808231243067065079e+05 6.045773408609924445e+03 3.071476168769253491e+04 5.396301350411090243e+04 3.602592822391845984e+05 6.032367959065267496e+04 -1.791113480201315178e+04 7.029004256664250279e+05 1.603453549377021147e+06 -6.885207376329686958e+05 -2.767817102123233490e+05 3.735484891944834380e+05 7.808896512643461756e+04 8.619294122973897902e+04 2.258708758330483397e+05 6.738919267856674560e+04
1.956455907918846642e+05 4.846436941910716123e+05 2.890897186853946187e+05 7.043621653274282289e+04 -8.737520842093352985e+04 1.355097977107862607e+04 6.032367959065267496e+04 2.910748761319197947e+05 9.380899122826957318e+04 -4.442960879178777686e+05 -2.827294574534395360e+05 -1.564871621623768297e+05 3.303073757934102323e+05 -1.809061250782224524e+05 7.618678345498126873e+04 3.014127996409821935e+04 3.282780181651147432e+05 -2.383466670289446483e+04
4.336617436220439267e+05 -2.200496150175242656e+04 2.748794675762747647e+05 1.100905902116851066e+05 -2.383502410848536238e+04 5.172154963346664590e+04 -1.791113480201315178e+04 9.380899122826957318e+04 8.788623172382519988e+04 1.915600944935907610e+05 3.863547302363343188e+05 1.851742960522138455e+05 4.203907382531789481e+05 7.920739730474220414e+04 1.342967978947706870e+05 -7.191604440594973858e+04 7.818736155224482354e+04 -7.974977022782750282e+02
5.790529194475505501e+06 -8.966863223124656826e+06 7.645623753965412034e+05 7.255086871447874000e+05 3.443188291621978395e+06 1.598184532323754160e+06 7.029004256664250279e+05 -4.442960879178777686e+05 1.915600944935907610e+05 1.302889260887082368e+08 1.826181348968894035e+07 6.807167957310122438e+06 -9.108149081014994299e+05 -7.055111355871272099e+04 5.330574999924181029e+06 3.609083274870978668e+06 -3.290631482576329290e+04 2.574404967190820025e+05
-1.559530320792987943e+07 5.394585364608259872e+06 -2.697644152434747084e+05 2.104435250354678836e+06 2.219398964778159279e+06 1.132058224204327678e+06 1.603453549377021147e+06 -2.827294574534395360e+05 3.863547302363343188e+05 1.826181348968894035e+07 7.411319700290961564e+07 1.558262226000661030e+06 -1.433767844263988314e+06 4.038279730990065727e+06 -6.471059672476969426e+05 -1.672016645045204787e+06 1.529028655085266568e+06 1.641967766638992354e+06
-7.299747306633422151e+06 -1.018320935100358352e+07 5.355049031581050716e+06 1.630015126483346103e+06 -8.508656790405433276e+04 9.012851801698852796e+05 -6.885207376329686958e+05 -1.564871621623768297e+05 1.851742960522138455e+05 6.807167957310122438e+06 1.558262226000661030e+06 3.766358108639670163e+07 3.105086197627377696e+06 1.043508856816203450e+06 2.095019169386743335e+06 5.579411440714873606e+05 -5.709721302230318543e+05 3.288374463444644934e+05
5.810898437248959206e+06 1.516895218145497609e+06 2.328859397945647128e+06 1.360707491166459396e+06 2.292101846482490073e+05 9.579794620862202719e+05 -2.767817102123233490e+05 3.303073757934102323e+05 4.203907382531789481e+05 -9.108149081014994299e+05 -1.433767844263988314e+06 3.105086197627377696e+06 1.335513207809581049e+07 2.362771330725374166e+06 1.820727828550608829e+06 -8.651409141218170989e+05 -7.481607185172886821e+05 1.755060329559025413e+05
1.379795188515953952e+06 3.771086309439700563e+05 -2.462916886250000680e+05 1.476825581563574728e+06 2.766443101439935272e+05 8.162076417644385947e+05 3.735484891944834380e+05 -1.809061250782224524e+05 7.920739730474220414e+04 -7.055111355871272099e+04 4.038279730990065727e+06 1.043508856816203450e+06 2.362771330725374166e+06 4.790220360131181777e+06 4.218150964300371124e+05 -2.287913146456483810e+05 -3.784504659695216105e+05 6.687955363826345420e+05
2.796448246755124070e+06 -1.624871451896079117e+06 -1.478515318308732240e+05 1.924938741494907590e+05 -6.205597697258021071e+04 5.155294004183783545e+05 7.808896512643461756e+04 7.618678345498126873e+04 1.342967978947706870e+05 5.330574999924181029e+06 -6.471059672476969426e+05 2.095019169386743335e+06 1.820727828550608829e+06 4.218150964300371124e+05 3.420450762208282948e+06 -4.824510564786555478e+05 -3.826873201920994907e+05 6.687791442706208909e+04
5.424199080124248285e+05 -8.030018718125706073e+05 6.176446909205289558e+05 -3.228204555179894669e+04 2.152411344850752212e+05 -1.236939222942603519e+05 8.619294122973897902e+04 3.014127996409821935e+04 -7.191604440594973858e+04 3.609083274870978668e+06 -1.672016645045204787e+06 5.579411440714873606e+05 -8.651409141218170989e+05 -2.287913146456483810e+05 -4.824510564786555478e+05 1.258805851209570421e+06 3.549240338837180170e+05 1.046701681366869889e+05
1.941037777551403502e+06 1.108508166994838044e+06 5.330271100808384363e+05 -1.136328732045478973e+05 -1.482074969589337998e+05 -2.974393090409781144e+04 2.258708758330483397e+05 3.282780181651147432e+05 7.818736155224482354e+04 -3.290631482576329290e+04 1.529028655085266568e+06 -5.709721302230318543e+05 -7.481607185172886821e+05 -3.784504659695216105e+05 -3.826873201920994907e+05 3.549240338837180170e+05 1.622747684214002686e+06 1.106128357782240346e+05
1.498455033271161839e+06 -5.849354398557200329e+05 8.515181730886160221e+04 3.572126769168000901e+05 8.766516441524446418e+04 -2.482206268228372210e+04 6.738919267856674560e+04 -2.383466670289446483e+04 -7.974977022782750282e+02 2.574404967190820025e+05 1.641967766638992354e+06 3.288374463444644934e+05 1.755060329559025413e+05 6.687955363826345420e+05 6.687791442706208909e+04 1.046701681366869889e+05 1.106128357782240346e+05 5.233186137264553108e+05
