7.830790884377522767e+07 -4.129882328267627861e+06 -1.136912040644710697e+07 -2.860598672460843343e+06 5.547240048848286970e+05 3.439715505782602122e+05 3.420573363923273282e+05 -8.410026266845699865e+05 -3.375634579422330135e+05 -4.770987299964057165e+05 2.526048103518839926e+06 -9.794456864471167326e+06 3.524542694676519372e+06 1.172256325859262608e+06 1.733860336681605084e+06 2.384892816700851545e+06 3.877706249104064773e+05 -5.505957364892154001e+05
-4.129882328267627861e+06 1.992456550985941291e+07 4.354053711248733103e+06 7.832397803229317069e+05 7.772522403541387757e+05 -1.085782074658913771e+06 -6.930462103184786392e+05 2.986075939180152491e+05 3.182482213040511706e+05 1.005605940513624996e+07 9.452428895069802180e+06 2.608079271824052092e+06 -4.343567471847699024e+06 -5.773221471504912915e+04 -1.205989753670256585e+06 -8.042661303919428028e+05 -2.743116040487128776e+06 -1.090793133246268611e+06
-1.136912040644710697e+07 4.354053711248733103e+06 6.332486514281061478e+06 9.377199018554924987e+05 2.363136335186685901e+05 -4.720075344615050708e+05 -3.071351232867048820e+05 1.298665172920066980e+05 1.882350088327027042e+05 -1.465084147596365213e+07 2.582797410127569456e+06 5.647113606252561323e+06 -2.058705882153099868e+06 4.741241506156233299e+03 -1.134751470394153148e+06 -1.421977829624934355e+06 -5.146567103938201326e+05 -2.730335374540432240e+05
-2.860598672460843343e+06 7.832397803229317069e+05 9.377199018554924987e+05 2.134651894228597172e+06 2.002464785756727506e+05 1.061877784107783518e+05 -7.809586460926794098e+04 1.736776375092510716e+05 4.224112460676697810e+04 -9.176710208343403414e+06 -2.516190193387647159e+06 9.546557143428443233e+05 2.214017673156586010e+06 5.877682347696743673e+05 -2.940054474487185944e+05 -2.291623524634863425e+05 2.077595130757959560e+05 -1.986428437369859967e+04
5.547240048848286970e+05 7.772522403541387757e+05 2.363136335186685901e+05 2.002464785756727506e+05 1.108602433141032001e+06 1.869164916012694885e+05 -1.301007546411443764e+04 1.061570132762450085e+05 -2.678555727452701376e+03 -1.085902986632796936e+06 -1.273314905272821197e+06 -1.590793172720639501e+06 7.799275361626873491e+05 8.242255151692287764e+05 -9.668535380259377416e+04 -2.403749577887291380e+05 3.264937857023681863e+05 -6.598801172083792335e+04
3.439715505782602122e+05 -1.085782074658913771e+06 -4.720075344615050708e+05 1.061877784107783518e+05 1.869164916012694885e+05 6.386671994698509807e+05 2.468078329909670574e+05 -4.168293696055287000e+03 -2.921878881396113229e+03 -1.511654415602592984e+06 -1.912233667406758061e+06 -2.133048304740926251e+06 7.839223078532057116e+05 4.196175348321804195e+05 -9.545101694544023485e+04 1.170991318919877667e+05 4.618881399587334017e+05 1.333172758516794420e+05
3.420573363923273282e+05 -6.930462103184786392e+05 -3.071351232867048820e+05 -7.809586460926794098e+04 -1.301007546411443764e+04 2.468078329909670574e+05 3.471308064965786180e+05 3.424251492968770617e+04 3.448640921536315727e+04 -7.611186690266664373e+05 -1.751793274233517004e+06 -2.008095454797571758e+06 2.124924690642431669e+05 4.692232718498435570e+05 7.622851621287647868e+04 -3.370413191948328313e+04 2.583431015325365006e+05 1.730208279718777630e+05
-8.410026266845699865e+05 2.986075939180152491e+05 1.298665172920066980e+05 1.736776375092510716e+05 1.061570132762450085e+05 -4.168293696055287000e+03 3.424251492968770617e+04 1.564480063570563507e+05 3.264585870030419028e+04 -2.625085405134021305e+06 -1.070161119320513448e+06 -9.402882428605195310e+04 6.958709924350748770e+04 -2.421934352928223234e+04 5.029033917176498653e+04 -2.450924862860267458e+05 3.419281420474587503e+04 3.788830914999562083e+04
-3.375634579422330135e+05 3.182482213040511706e+05 1.882350088327027042e+05 4.224112460676697810e+04 -2.678555727452701376e+03 -2.921878881396113229e+03 3.448640921536315727e+04 3.264585870030419028e+04 1.195326542746868217e+05 -1.579876606495638844e+06 6.503815250058480888e+04 -4.158791271091273520e+05 -2.809135262687793002e+05 -2.984085510969699317e+04 9.254266348396717513e+04 -2.048021224320315014e+04 -6.651345626893203007e+04 6.838485736559360521e+04
-4.770987299964057165e+05 1.005605940513624996e+07 -1.465084147596365213e+07 -9.176710208343403414e+06 -1.085902986632796936e+06 -1.511654415602592984e+06 -7.611186690266664373e+05 -2.625085405134021305e+06 -1.579876606495638844e+06 3.524799549077925086e+08 9.082639346998408437e+06 -1.889661220915440843e+07 9.193425531235730276e+06 7.219859422371325083e+06 7.599218140960771590e+06 6.875520332283164375e+06 -2.055310922894120915e+06 1.460768891258823453e+06
2.526048103518839926e+06 9.452428895069802180e+06 2.582797410127569456e+06 -2.516190193387647159e+06 -1.273314905272821197e+06 -1.912233667406758061e+06 -1.751793274233517004e+06 -1.070161119320513448e+06 6.503815250058480888e+04 9.082639346998408437e+06 6.441810555855932087e+07 1.782252717893938720e+07 -1.180148760821122117e+07 -1.228174750817376189e+06 1.164139741420882987e+06 1.271239585904108826e+06 -3.999417486999015789e+06 -2.048379696308629587e+06
-9.794456864471167326e+06 2.608079271824052092e+06 5.647113606252561323e+06 9.546557143428443233e+05 -1.590793172720639501e+06 -2.133048304740926251e+06 -2.008095454797571758e+06 -9.402882428605195310e+04 -4.158791271091273520e+05 -1.889661220915440843e+07 1.782252717893938720e+07 4.154788808854439855e+07 1.104418214401012956e+05 -4.106875680435403250e+06 -2.406747407266727649e+06 -9.139819194673214806e+05 -1.691486180189819774e+06 -1.715211905902641825e+06
3.524542694676519372e+06 -4.343567471847699024e+06 -2.058705882153099868e+06 2.214017673156586010e+06 7.799275361626873491e+05 7.839223078532057116e+05 2.124924690642431669e+05 6.958709924350748770e+04 -2.809135262687793002e+05 9.193425531235730276e+06 -1.180148760821122117e+07 1.104418214401012956e+05 1.458305630421396345e+07 4.281132265877427533e+06 5.492642782075706637e+05 1.473050497528383275e+06 2.296797837906689383e+06 -6.104008386061984493e+04
1.172256325859262608e+06 -5.773221471504912915e+04 4.741241506156233299e+03 5.877682347696743673e+05 8.242255151692287764e+05 4.196175348321804195e+05 4.692232718498435570e+05 -2.421934352928223234e+04 -2.984085510969699317e+04 7.219859422371325083e+06 -1.228174750817376189e+06 -4.106875680435403250e+06 4.281132265877427533e+06 6.138096611874589697e+06 -1.563867024291202542e+05 5.171122396227617282e+05 9.872772572042359971e+05 3.456549435338940821e+05
1.733860336681605084e+06 -1.205989753670256585e+06 -1.134751470394153148e+06 -2.940054474487185944e+05 -9.668535380259377416e+04 -9.545101694544023485e+04 7.622851621287647868e+04 5.029033917176498653e+04 9.254266348396717513e+04 7.599218140960771590e+06 1.164139741420882987e+06 -2.406747407266727649e+06 5.492642782075706637e+05 -1.563867024291202542e+05 1.784557595767537830e+06 2.330563558100537339e+05 9.225157623336104734e+04 1.795984609679527057e+05
2.384892816700851545e+06 -8.042661303919428028e+05 -1.421977829624934355e+06 -2.291623524634863425e+05 -2.403749577887291380e+05 1.170991318919877667e+05 -3.370413191948328313e+04 -2.450924862860267458e+05 -2.048021224320315014e+04 6.875520332283164375e+06 1.271239585904108826e+06 -9.139819194673214806e+05 1.473050497528383275e+06 5.171122396227617282e+05 2.330563558100537339e+05 2.079550404688179493e+06 3.386658424687656807e+05 -1.133104629995660071e+05
3.877706249104064773e+05 -2.743116040487128776e+06 -5.146567103938201326e+05 2.077595130757959560e+05 3.264937857023681863e+05 4.618881399587334017e+05 2.583431015325365006e+05 3.419281420474587503e+04 -6.651345626893203007e+04 -2.055310922894120915e+06 -3.999417486999015789e+06 -1.691486180189819774e+06 2.296797837906689383e+06 9.872772572042359971e+05 9.225157623336104734e+04 3.386658424687656807e+05 1.408136810571981827e+06 1.806640610025018977e+05
-5.505957364892154001e+05 -1.090793133246268611e+06 -2.730335374540432240e+05 -1.986428437369859967e+04 -6.598801172083792335e+04 1.333172758516794420e+05 1.730208279718777630e+05 3.788830914999562083e+04 6.838485736559360521e+04 1.460768891258823453e+06 -2.048379696308629587e+06 -1.715211905902641825e+06 -6.104008386061984493e+04 3.456549435338940821e+05 1.795984609679527057e+05 -1.133104629995660071e+05 1.806640610025018977e+05 4.449869155199220404e+05
