6.889440355904094875e+07 2.869569255047584884e+06 -1.463149265394479269e+06 4.145248834929583129e+06 1.383884386781805195e+06 3.537441230550010805e+05 4.890328185354181915e+05 9.385875618465911248e+04 4.077144152516019531e+05 4.700033117457792163e+06 -1.556822602122073434e+07 5.652554186289629899e+06 8.472361229009419680e+06 2.877233131575140636e+06 1.540359366519518895e+06 1.067524391397432657e+06 1.310920247396325460e+06 -1.280923434767528379e+05
2.869569255047584884e+06 1.320899412478987128e+07 9.412384924693112262e+05 -3.286429208198797423e+05 -8.550951067110947042e+04 -3.086367165624633781e+05 2.163293315503593476e+05 8.166474897402951319e+04 5.838547509619754273e+05 6.295579882479205728e+06 6.538999819179725833e+06 -2.314421578125007451e+06 -3.671770698069912032e+05 -5.463274508216857212e+05 1.741356456318935379e+06 7.746666255894833012e+05 3.763392320196624496e+05 4.163956764653082355e+05
-1.463149265394479269e+06 9.412384924693112262e+05 5.518975892871033400e+06 1.471397118921789515e+05 -3.135812847602760303e+05 2.919257517620106810e+05 -4.407986360089298250e+04 1.774908001685224299e+05 1.754163684415429307e+05 2.836510515661145560e+06 1.877731716659944272e+06 4.952636450610972010e+06 -5.070296212770954007e+05 -1.345799732924930053e+06 -4.085967364185050828e+05 -5.604817327110508922e+05 -1.348146318981740624e+05 -1.413823313241829164e+05
4.145248834929583129e+06 -3.286429208198797423e+05 1.471397118921789515e+05 1.787326084687650204e+06 3.312167599376429571e+05 2.268603772402713657e+05 2.995121272417809814e+04 5.112380708321715065e+04 2.866997370812324516e+04 -4.751179399653300643e+06 2.526309786529588746e+05 -1.486967947911222233e+06 1.288253059214425273e+06 -2.689881513523577596e+05 -5.128037455932813464e+05 -6.233222688785832142e+05 -2.007324739386761794e+05 5.158440621962301520e+03
1.383884386781805195e+06 -8.550951067110947042e+04 -3.135812847602760303e+05 3.312167599376429571e+05 8.559162680909055052e+05 1.206652111668524449e+05 -1.817545914599321259e+05 6.842554494176383014e+04 -1.049290286719580536e+03 -6.645169976791657973e+05 9.583024631489709718e+05 -2.050130607085918309e+05 2.376159497555221897e+05 3.527409465819078614e+05 6.542703100243531662e+04 2.863847763896739707e+03 4.710842434050773591e+04 1.600652982812133087e+04
3.537441230550010805e+05 -3.086367165624633781e+05 2.919257517620106810e+05 2.268603772402713657e+05 1.206652111668524449e+05 6.292243912003723672e+05 1.124760482236662501e+05 1.454802679611076310e+05 -6.388132015877333470e+04 -1.065090420442697126e+06 -1.078435517822722904e+06 6.919989498926004162e+05 -1.775423412617025897e+05 -2.943535897938570124e+05 3.528488771961788007e+04 -2.504722115322709142e+05 3.223335789359260525e+04 -1.336741378295742325e+05
4.890328185354181915e+05 2.163293315503593476e+05 -4.407986360089298250e+04 2.995121272417809814e+04 -1.817545914599321259e+05 1.124760482236662501e+05 3.132328604516602354e+05 7.942335084452632873e+04 2.784444489031227567e+04 -1.529888218051149277e+06 3.013815271270559751e+05 8.306118823812229093e+05 8.608386061929666903e+04 1.215179963514031406e+05 8.512569878159994551e+04 2.046825482551688401e+04 1.097130873801089911e+05 -2.845354204909620967e+04
9.385875618465911248e+04 8.166474897402951319e+04 1.774908001685224299e+05 5.112380708321715065e+04 6.842554494176383014e+04 1.454802679611076310e+05 7.942335084452632873e+04 2.039967822173827735e+05 1.780340644795070330e+04 -3.727009544073249213e+06 1.504241001013952482e+05 -1.477998836635565967e+05 1.631458708814019628e+05 2.494333517275901104e+05 -1.515610978126913833e+05 9.664493887132387317e+04 1.142888952785254514e+05 -7.664346227464660478e+04
4.077144152516019531e+05 5.838547509619754273e+05 1.754163684415429307e+05 2.866997370812324516e+04 -1.049290286719580536e+03 -6.388132015877333470e+04 2.784444489031227567e+04 1.780340644795070330e+04 1.241316786042303283e+05 -1.490218586711945478e+06 1.236773083676992101e+05 3.417189073656855617e+05 9.146344891218625708e+04 2.587100388232939586e+05 1.568709874169156246e+05 1.060222023175564245e+05 -2.107234780311496797e+04 9.317466370263189310e+04
4.700033117457792163e+06 6.295579882479205728e+06 2.836510515661145560e+06 -4.751179399653300643e+06 -6.645169976791657973e+05 -1.065090420442697126e+06 -1.529888218051149277e+06 -3.727009544073249213e+06 -1.490218586711945478e+06 2.438189841040236652e+08 1.635232830750261806e+07 1.479601556147285551e+07 5.944408672915388830e+06 -1.685513053995200992e+07 2.784093143364223186e+06 4.141698782575157238e+05 -1.068482527855536435e+06 -6.705442191785262548e+04
-1.556822602122073434e+07 6.538999819179725833e+06 1.877731716659944272e+06 2.526309786529588746e+05 9.583024631489709718e+05 -1.078435517822722904e+06 3.013815271270559751e+05 1.504241001013952482e+05 1.236773083676992101e+05 1.635232830750261806e+07 5.319378863726125658e+07 -1.507665952605910413e+07 3.346165314983803779e+06 -2.765300150211911183e+06 -2.056721207091267221e+06 -1.894366948122867616e+06 -4.449064418547185487e+05 -5.687843814257452323e+04
5.652554186289629899e+06 -2.314421578125007451e+06 4.952636450610972010e+06 -1.486967947911222233e+06 -2.050130607085918309e+05 6.919989498926004162e+05 8.306118823812229093e+05 -1.477998836635565967e+05 3.417189073656855617e+05 1.479601556147285551e+07 -1.507665952605910413e+07 3.886231296493629366e+07 -3.414771691213472746e+06 -3.353425770242781145e+05 1.720371067969020805e+05 -1.006056257759382250e+06 -2.534578484702212445e+05 3.109286347407146823e+05
8.472361229009419680e+06 -3.671770698069912032e+05 -5.070296212770954007e+05 1.288253059214425273e+06 2.376159497555221897e+05 -1.775423412617025897e+05 8.608386061929666903e+04 1.631458708814019628e+05 9.146344891218625708e+04 5.944408672915388830e+06 3.346165314983803779e+06 -3.414771691213472746e+06 9.130137534385528415e+06 9.949149128713901155e+04 -5.381788923529814929e+05 -4.534816122306839679e+05 -4.964113987795443973e+05 -2.115115584188767243e+05
2.877233131575140636e+06 -5.463274508216857212e+05 -1.345799732924930053e+06 -2.689881513523577596e+05 3.527409465819078614e+05 -2.943535897938570124e+05 1.215179963514031406e+05 2.494333517275901104e+05 2.587100388232939586e+05 -1.685513053995200992e+07 -2.765300150211911183e+06 -3.353425770242781145e+05 9.949149128713901155e+04 8.507736142414165661e+06 1.424357175218102988e+06 5.807191245399873005e+05 7.323168227332890965e+05 1.681508078344707319e+05
1.540359366519518895e+06 1.741356456318935379e+06 -4.085967364185050828e+05 -5.128037455932813464e+05 6.542703100243531662e+04 3.528488771961788007e+04 8.512569878159994551e+04 -1.515610978126913833e+05 1.568709874169156246e+05 2.784093143364223186e+06 -2.056721207091267221e+06 1.720371067969020805e+05 -5.381788923529814929e+05 1.424357175218102988e+06 2.957819705098041333e+06 1.231010121473751031e+06 3.844211635481965495e+05 -1.527780778270399023e+05
1.067524391397432657e+06 7.746666255894833012e+05 -5.604817327110508922e+05 -6.233222688785832142e+05 2.863847763896739707e+03 -2.504722115322709142e+05 2.046825482551688401e+04 9.664493887132387317e+04 1.060222023175564245e+05 4.141698782575157238e+05 -1.894366948122867616e+06 -1.006056257759382250e+06 -4.534816122306839679e+05 5.807191245399873005e+05 1.231010121473751031e+06 2.282374339990500826e+06 6.016513826025564922e+05 -1.195814398914323829e+05
1.310920247396325460e+06 3.763392320196624496e+05 -1.348146318981740624e+05 -2.007324739386761794e+05 4.710842434050773591e+04 3.223335789359260525e+04 1.097130873801089911e+05 1.142888952785254514e+05 -2.107234780311496797e+04 -1.068482527855536435e+06 -4.449064418547185487e+05 -2.534578484702212445e+05 -4.964113987795443973e+05 7.323168227332890965e+05 3.844211635481965495e+05 6.016513826025564922e+05 8.129342569835655158e+05 -2.009083161264568480e+04
-1.280923434767528379e+05 4.163956764653082355e+05 -1.413823313241829164e+05 5.158440621962301520e+03 1.600652982812133087e+04 -1.336741378295742325e+05 -2.845354204909620967e+04 -7.664346227464660478e+04 9.317466370263189310e+04 -6.705442191785262548e+04 -5.687843814257452323e+04 3.109286347407146823e+05 -2.115115584188767243e+05 1.681508078344707319e+05 -1.527780778270399023e+05 -1.195814398914323829e+05 -2.009083161264568480e+04 6.183510905993955676e+05
