4.697759808730333298e+07 3.328269376658327878e+06 1.667128987839354435e+06 -5.313826834302381612e+05 -6.146670836347010918e+05 1.140652073274157941e+06 9.364430329207191244e+04 -7.962005772699060617e+05 -8.975576858596492093e+05 4.004022921770454198e+07 9.155488150036510080e+06 1.787213717069010250e+06 -7.116966875109862536e+06 -5.840941088371250778e+06 -1.450432268161335029e+06 -2.724497127907722606e+05 -3.158935813246481121e+06 -2.742751616055845749e+06
3.328269376658327878e+06 2.185615374429887533e+07 1.465814181912346510e+06 2.682166948939272668e+06 5.918754947968618944e+05 -3.122085173129717587e+05 -1.070901378145574592e+06 -3.531523340422384790e+05 2.025167516774777614e+05 -1.759870749475836288e+06 2.452986718812944368e+07 4.028808840008137282e+06 4.596340422448410653e+06 2.369927207161278930e+06 -1.049379958695912501e+06 1.350361055762311444e+05 -6.176673869384158752e+04 -7.086065786018744111e+05
1.667128987839354435e+06 1.465814181912346510e+06 6.048968554509809241e+06 7.313888084376489278e+05 4.246629699267066317e+05 2.052575312531263626e+05 1.096042618530923210e+05 4.932884065139599261e+04 1.337361090926741599e+05 2.320627153974466026e+06 4.801051635288348734e+03 3.634287684271670878e+06 -2.168342935217319988e+06 -4.028731414856402553e+05 -3.649092229450878222e+05 -3.071022805682786857e+05 3.908426396467883023e+05 1.594729496875311597e+05
-5.313826834302381612e+05 2.682166948939272668e+06 7.313888084376489278e+05 2.444919178912064061e+06 2.674303912710165023e+05 1.246219024616169045e+05 -2.783394566348714288e+05 -8.659196667854143016e+04 1.549072685083239339e+05 -8.944001165861546993e+06 -7.496814177781454055e+05 -7.987795673618951114e+05 1.365495772103352705e+06 1.779811342688341974e+05 -1.301430371012730029e+05 3.899759010310511221e+05 -2.683765655307575944e+05 -1.626024062732378115e+04
-6.146670836347010918e+05 5.918754947968618944e+05 4.246629699267066317e+05 2.674303912710165023e+05 8.492133268544399180e+05 2.013300585521192115e+05 9.809601801412958594e+04 9.046265989954450924e+04 7.917936344189241936e+04 -8.324702213682128349e+05 -9.309574531198418699e+05 -7.636029915180372773e+05 -2.970057301787012839e+05 -7.315226987329490948e+05 -9.224412019157520263e+04 1.849534589736938651e+05 4.766674406559581257e+03 2.261719379962129824e+04
1.140652073274157941e+06 -3.122085173129717587e+05 2.052575312531263626e+05 1.246219024616169045e+05 2.013300585521192115e+05 4.994185825347209466e+05 6.235808296924654860e+04 -2.127177989796131442e+04 -6.243030067407737079e+04 1.255058050106754061e+06 -1.197379366768705426e+06 -1.184526478426593356e+06 -6.294135676591895754e+05 -4.004855669617336243e+05 6.634671535158578081e+03 9.980048384543014981e+04 -1.343425147267879511e+05 -1.624495708487782395e+05
9.364430329207191244e+04 -1.070901378145574592e+06 1.096042618530923210e+05 -2.783394566348714288e+05 9.809601801412958594e+04 6.235808296924654860e+04 2.590364502533107589e+05 1.253162216890904674e+05 2.089705001873643050e+04 4.181710366356211016e+05 -7.612609486498505576e+05 -2.621466626000990509e+05 -4.628869281053004088e+05 -2.726444235332964454e+05 2.049077619699757488e+05 3.159474080226258957e+05 9.394777062515432772e+04 1.095150822166932921e+05
-7.962005772699060617e+05 -3.531523340422384790e+05 4.932884065139599261e+04 -8.659196667854143016e+04 9.046265989954450924e+04 -2.127177989796131442e+04 1.253162216890904674e+05 2.025690347902149078e+05 9.034685403304324427e+04 -9.682925405811308883e+05 -6.935248867305297172e+05 -2.638239895644453354e+05 9.709163037322286982e+03 1.896693960135969683e+05 1.436488250321514206e+05 1.804383006112327566e+05 2.641287048499468365e+05 7.639516788965622254e+04
-8.975576858596492093e+05 2.025167516774777614e+05 1.337361090926741599e+05 1.549072685083239339e+05 7.917936344189241936e+04 -6.243030067407737079e+04 2.089705001873643050e+04 9.034685403304324427e+04 1.044241773858844535e+05 -1.495958943730068393e+06 -1.823355617652129731e+05 7.888798690590409387e+04 2.711226738189228345e+05 7.192917447679745965e+04 -4.124427229144654848e+04 3.766548220856276021e+04 1.692316879059160419e+05 1.245653320862549590e+05
4.004022921770454198e+07 -1.759870749475836288e+06 2.320627153974466026e+06 -8.944001165861546993e+06 -8.324702213682128349e+05 1.255058050106754061e+06 4.181710366356211016e+05 -9.682925405811308883e+05 -1.495958943730068393e+06 1.919407155643327236e+08 1.977868974803766608e+07 3.152231668472480774e+07 -1.064122825635729171e+07 2.770420934894630685e+06 3.759902306249693967e+06 -3.556045396356166806e+06 -2.823545773221952841e+06 -4.366924369116434827e+06
9.155488150036510080e+06 2.452986718812944368e+07 4.801051635288348734e+03 -7.496814177781454055e+05 -9.309574531198418699e+05 -1.197379366768705426e+06 -7.612609486498505576e+05 -6.935248867305297172e+05 -1.823355617652129731e+05 1.977868974803766608e+07 9.541542827859562635e+07 2.249527208278544247e+07 2.129714953618105035e+06 4.112821861597902142e+06 -1.688551089746234473e+06 -1.601192451770419022e+06 -1.215933857022081036e+06 -2.436390121857912745e+06
1.787213717069010250e+06 4.028808840008137282e+06 3.634287684271670878e+06 -7.987795673618951114e+05 -7.636029915180372773e+05 -1.184526478426593356e+06 -2.621466626000990509e+05 -2.638239895644453354e+05 7.888798690590409387e+04 3.152231668472480774e+07 2.249527208278544247e+07 4.730530558712524921e+07 5.688371072562027723e+06 5.129504223800305277e+06 3.221910242324450519e+05 -1.941549554633362859e+05 1.527578438771857764e+05 -4.484359180860602064e+05
-7.116966875109862536e+06 4.596340422448410653e+06 -2.168342935217319988e+06 1.365495772103352705e+06 -2.970057301787012839e+05 -6.294135676591895754e+05 -4.628869281053004088e+05 9.709163037322286982e+03 2.711226738189228345e+05 -1.064122825635729171e+07 2.129714953618105035e+06 5.688371072562027723e+06 1.150566693966228329e+07 3.570090369609391317e+06 -7.046083716553833801e+05 6.217727239593368722e+05 6.432014712108465610e+05 8.396725819088252028e+05
-5.840941088371250778e+06 2.369927207161278930e+06 -4.028731414856402553e+05 1.779811342688341974e+05 -7.315226987329490948e+05 -4.004855669617336243e+05 -2.726444235332964454e+05 1.896693960135969683e+05 7.192917447679745965e+04 2.770420934894630685e+06 4.112821861597902142e+06 5.129504223800305277e+06 3.570090369609391317e+06 7.752301177975431085e+06 2.352497145983344235e+05 4.143462265666339663e+05 -9.331193824129694258e+04 3.550437591423082631e+05
-1.450432268161335029e+06 -1.049379958695912501e+06 -3.649092229450878222e+05 -1.301430371012730029e+05 -9.224412019157520263e+04 6.634671535158578081e+03 2.049077619699757488e+05 1.436488250321514206e+05 -4.124427229144654848e+04 3.759902306249693967e+06 -1.688551089746234473e+06 3.221910242324450519e+05 -7.046083716553833801e+05 2.352497145983344235e+05 2.298741768045846373e+06 2.195539656714200100e+05 -6.635481293761049164e+04 -4.099751904348981916e+05
-2.724497127907722606e+05 1.350361055762311444e+05 -3.071022805682786857e+05 3.899759010310511221e+05 1.849534589736938651e+05 9.980048384543014981e+04 3.159474080226258957e+05 1.804383006112327566e+05 3.766548220856276021e+04 -3.556045396356166806e+06 -1.601192451770419022e+06 -1.941549554633362859e+05 6.217727239593368722e+05 4.143462265666339663e+05 2.195539656714200100e+05 1.871856629869264551e+06 2.684833691984216566e+05 3.864743927216657321e+05
-3.158935813246481121e+06 -6.176673869384158752e+04 3.908426396467883023e+05 -2.683765655307575944e+05 4.766674406559581257e+03 -1.343425147267879511e+05 9.394777062515432772e+04 2.641287048499468365e+05 1.692316879059160419e+05 -2.823545773221952841e+06 -1.215933857022081036e+06 1.527578438771857764e+05 6.432014712108465610e+05 -9.331193824129694258e+04 -6.635481293761049164e+04 2.684833691984216566e+05 1.568556000168687198e+06 3.563288702930957661e+05
-2.742751616055845749e+06 -7.086065786018744111e+05 1.594729496875311597e+05 -1.626024062732378115e+04 2.261719379962129824e+04 -1.624495708487782395e+05 1.095150822166932921e+05 7.639516788965622254e+04 1.245653320862549590e+05 -4.366924369116434827e+06 -2.436390121857912745e+06 -4.484359180860602064e+05 8.396725819088252028e+05 3.550437591423082631e+05 -4.099751904348981916e+05 3.864743927216657321e+05 3.563288702930957661e+05 7.553020809342621360e+05
