4.247216581007762253e+07 3.415024800890834536e+06 -1.888953995821882039e+06 -4.539748492751995218e+05 4.137511648310698802e+05 -1.914511787540123041e+05 -3.153954089768859558e+05 -2.320068921448918118e+05 1.539256286962297163e+05 5.707572164141971007e+04 2.187589827615279704e+07 -1.667958600489996839e+06 -4.408634615689793602e+06 2.925638106470033992e+06 -6.734570425091894576e+05 -3.173811822489168844e+05 4.341177307961301267e+03 -6.111180552555402974e+05
3.415024800890834536e+06 1.953173088915923983e+07 6.403846983870176598e+06 8.564207802994091762e+05 2.175313169460431382e+05 4.789833857798652025e+05 3.125050065308319172e+05 1.039829838640047121e+06 3.784313822689390508e+05 1.251220870589553961e+05 2.009604293904890120e+07 1.320800796437615156e+07 -5.732385889345809119e+05 1.990944010586794175e+05 5.971942321282859193e+05 1.455452076263839612e+06 -3.923550576643976383e+05 4.842944590077936882e+05
-1.888953995821882039e+06 6.403846983870176598e+06 7.901309459901304916e+06 1.705378202027573949e+06 3.378392335252904741e+04 8.434421886270733085e+05 6.239612776791896613e+04 6.322123721647482598e+05 1.802443679147739022e+05 5.172320395023055375e+06 5.421717897192336619e+06 3.103923436091323383e+06 1.108512162921660813e+06 -3.224276885047526448e+05 3.146681611731884186e+05 8.221182404914700892e+05 -6.183332007841326995e+05 -2.457620371272225457e+05
-4.539748492751995218e+05 8.564207802994091762e+05 1.705378202027573949e+06 2.179859137034649029e+06 3.918957008999205427e+05 5.849764865713594918e+04 -7.289489203274546890e+04 1.172657285734005709e+05 7.212736547737043293e+04 4.480547947841282934e+06 2.621167758207404520e+06 -3.667973681211991352e+05 1.680196238619970158e+06 1.850095060578106495e+05 2.696199147663329495e+05 4.546864131595031358e+05 -1.762930830828635371e+05 -8.117447263333655428e+04
4.137511648310698802e+05 2.175313169460431382e+05 3.378392335252904741e+04 3.918957008999205427e+05 9.948312757698979694e+05 1.441258075436986401e+05 -1.587990563656512131e+04 -3.921673030314638163e+04 4.626661003878781048e+04 2.875460128027257044e+06 8.655057287443751702e+05 -5.428234817500771023e+05 1.023678865022402722e+06 2.402405966681673017e+05 5.857359537722613895e+05 3.547873106369030429e+05 1.782517413123175211e+05 2.057027779674604244e+05
-1.914511787540123041e+05 4.789833857798652025e+05 8.434421886270733085e+05 5.849764865713594918e+04 1.441258075436986401e+05 3.310102316453650710e+05 1.620629367780009852e+04 -7.867164705147242785e+03 -7.801100253146003524e+03 8.530173073464160552e+03 -5.143016247640000656e+05 -1.592310666908969579e+05 3.256333517883389723e+05 -3.432555854926614556e+05 1.033123906518675794e+05 1.329599042070782452e+05 3.372317858715896000e+04 2.024646905564042754e+03
-3.153954089768859558e+05 3.125050065308319172e+05 6.239612776791896613e+04 -7.289489203274546890e+04 -1.587990563656512131e+04 1.620629367780009852e+04 1.691147185622459219e+05 6.139992760384566645e+04 -9.430773665831598919e+03 -1.454925501327940030e+06 5.973993860638537444e+05 4.588406490250993520e+05 9.051784360483852652e+03 2.011275968979715544e+05 1.743762577643002151e+05 2.754389851774090857e+04 6.709613610215310473e+04 1.501114635303904070e+05
-2.320068921448918118e+05 1.039829838640047121e+06 6.322123721647482598e+05 1.172657285734005709e+05 -3.921673030314638163e+04 -7.867164705147242785e+03 6.139992760384566645e+04 2.116353441721335694e+05 1.983058694554953399e+04 -2.147100961082496680e+06 5.952878546561825788e+05 7.668035095523147611e+05 -6.241668196559438002e+03 3.438761859716249164e+05 1.507742488195055921e+05 9.405248899204321788e+04 7.728364178249066754e+04 2.432939416522966712e+04
1.539256286962297163e+05 3.784313822689390508e+05 1.802443679147739022e+05 7.212736547737043293e+04 4.626661003878781048e+04 -7.801100253146003524e+03 -9.430773665831598919e+03 1.983058694554953399e+04 7.684681286165498022e+04 4.343129828762658872e+05 5.226795619892748073e+05 2.118750168301132508e+05 1.586629122000806383e+05 -6.769758191635662115e+03 -3.420013769213000342e+04 -6.241336612311776116e+04 -5.256196524677370326e+04 5.535136917971369257e+04
5.707572164141971007e+04 1.251220870589553961e+05 5.172320395023055375e+06 4.480547947841282934e+06 2.875460128027257044e+06 8.530173073464160552e+03 -1.454925501327940030e+06 -2.147100961082496680e+06 4.343129828762658872e+05 1.571385254585914910e+08 3.504322982723207772e+07 2.266036063131095842e+06 9.928036308351820335e+06 -5.909606855970843695e+06 -3.322197958147991449e+06 -2.020110493971548975e+06 -3.319078088152196724e+06 -1.305524435782201588e+06
2.187589827615279704e+07 2.009604293904890120e+07 5.421717897192336619e+06 2.621167758207404520e+06 8.655057287443751702e+05 -5.143016247640000656e+05 5.973993860638537444e+05 5.952878546561825788e+05 5.226795619892748073e+05 3.504322982723207772e+07 6.365350848103719205e+07 1.740918804856288061e+07 -4.279915650200714357e+06 2.347190294785172213e+06 4.609523824615201447e+05 1.114510483423259342e+06 -8.690169729715858120e+05 -3.467816707511181448e+04
-1.667958600489996839e+06 1.320800796437615156e+07 3.103923436091323383e+06 -3.667973681211991352e+05 -5.428234817500771023e+05 -1.592310666908969579e+05 4.588406490250993520e+05 7.668035095523147611e+05 2.118750168301132508e+05 2.266036063131095842e+06 1.740918804856288061e+07 3.454927564624307305e+07 2.663305367262355983e+06 1.673778398906854680e+06 1.543852473642911529e+06 -4.517725038143359416e+04 -4.056840940998229198e+05 7.119945726947351068e+04
-4.408634615689793602e+06 -5.732385889345809119e+05 1.108512162921660813e+06 1.680196238619970158e+06 1.023678865022402722e+06 3.256333517883389723e+05 9.051784360483852652e+03 -6.241668196559438002e+03 1.586629122000806383e+05 9.928036308351820335e+06 -4.279915650200714357e+06 2.663305367262355983e+06 8.690984456935994327e+06 -5.217141204015975236e+05 -2.257426975550138741e+05 -4.953814522417326953e+04 1.777164648011197278e+05 1.041988254811293300e+05
2.925638106470033992e+06 1.990944010586794175e+05 -3.224276885047526448e+05 1.850095060578106495e+05 2.402405966681673017e+05 -3.432555854926614556e+05 2.011275968979715544e+05 3.438761859716249164e+05 -6.769758191635662115e+03 -5.909606855970843695e+06 2.347190294785172213e+06 1.673778398906854680e+06 -5.217141204015975236e+05 2.965163799688699190e+06 1.488318626267562620e+06 2.442301050455212535e+05 2.143240922124309000e+05 2.447610168983094918e+05
-6.734570425091894576e+05 5.971942321282859193e+05 3.146681611731884186e+05 2.696199147663329495e+05 5.857359537722613895e+05 1.033123906518675794e+05 1.743762577643002151e+05 1.507742488195055921e+05 -3.420013769213000342e+04 -3.322197958147991449e+06 4.609523824615201447e+05 1.543852473642911529e+06 -2.257426975550138741e+05 1.488318626267562620e+06 3.187812462096357718e+06 -2.585742777215639071e+05 -1.216910522709547513e+05 6.574916129000042565e+04
-3.173811822489168844e+05 1.455452076263839612e+06 8.221182404914700892e+05 4.546864131595031358e+05 3.547873106369030429e+05 1.329599042070782452e+05 2.754389851774090857e+04 9.405248899204321788e+04 -6.241336612311776116e+04 -2.020110493971548975e+06 1.114510483423259342e+06 -4.517725038143359416e+04 -4.953814522417326953e+04 2.442301050455212535e+05 -2.585742777215639071e+05 1.694335195138576906e+06 4.314422115706454497e+05 2.551269028487284668e+05
4.341177307961301267e+03 -3.923550576643976383e+05 -6.183332007841326995e+05 -1.762930830828635371e+05 1.782517413123175211e+05 3.372317858715896000e+04 6.709613610215310473e+04 7.728364178249066754e+04 -5.256196524677370326e+04 -3.319078088152196724e+06 -8.690169729715858120e+05 -4.056840940998229198e+05 1.777164648011197278e+05 2.143240922124309000e+05 -1.216910522709547513e+05 4.314422115706454497e+05 8.511643358476331923e+05 2.722930321920836577e+05
-6.111180552555402974e+05 4.842944590077936882e+05 -2.457620371272225457e+05 -8.117447263333655428e+04 2.057027779674604244e+05 2.024646905564042754e+03 1.501114635303904070e+05 2.432939416522966712e+04 5.535136917971369257e+04 -1.305524435782201588e+06 -3.467816707511181448e+04 7.119945726947351068e+04 1.041988254811293300e+05 2.447610168983094918e+05 6.574916129000042565e+04 2.551269028487284668e+05 2.722930321920836577e+05 4.990084941543682362e+05
