5.225930100223574787e+07 1.339771263412412256e+06 -3.556132664633740205e+06 2.101572496303675231e+06 1.576693252517018700e+05 5.310393774848800385e+05 2.225204240076208487e+06 5.022082929870994412e+05 2.483346505113291496e+05 2.202464630890940875e+07 -2.669695492209671531e+06 -4.601258460444092751e+06 -4.447141309721078724e+06 -2.839255113803765737e+06 4.069863079521849751e+06 1.140676138376433402e+06 3.236399526314387098e+06 1.170649769293273566e+06
1.339771263412412256e+06 1.852158602608245611e+07 6.159479880149830133e+05 -1.762935759729978599e+04 8.683666317636321764e+05 1.277112126711385790e+06 6.691768044115706580e+05 4.966109876431187731e+05 9.311419457106493064e+04 1.031074214798207954e+07 3.072436850181887858e+06 -4.147065695287033916e+06 -1.987070448489715927e+05 3.065659061093569733e+06 3.352588048073203536e+05 -2.345529370351271937e+05 -7.670767342911132146e+05 -6.524036672523461748e+05
-3.556132664633740205e+06 6.159479880149830133e+05 6.669347208849570714e+06 7.087013367806922179e+05 8.356972043580641912e+04 1.299362743223436992e+05 -1.377983709933484497e+05 1.501100335327262001e+05 3.445194209002914722e+05 -4.983390261297863908e+06 1.414732390339334263e+06 6.274739558944195509e+06 7.568301752992809052e+05 5.759894247549421852e+05 1.156795686048033531e+05 2.816784949946693378e+05 -6.384681103190034628e+05 -8.056402550704558380e+05
2.101572496303675231e+06 -1.762935759729978599e+04 7.087013367806922179e+05 1.303651468773901463e+06 3.844531927900429582e+04 7.581289972619691980e+04 2.229768298397094186e+05 4.025030030233967409e+04 -1.516536206177448912e+04 4.690093527530214633e+05 -6.783297027944261208e+05 1.212859126270705456e+05 4.573508448389695259e+05 3.099762890014265395e+03 -2.660187197365632746e+05 3.727838157144964207e+05 1.101806643895609450e+05 -1.377753551931058464e+05
1.576693252517018700e+05 8.683666317636321764e+05 8.356972043580641912e+04 3.844531927900429582e+04 1.342954128274884773e+06 1.555960201610485674e+05 -4.900208686088832474e+04 5.600253792737048207e+04 5.012404224587441422e+04 1.213726209698588355e+06 -4.791516070637508528e+05 1.900939476733367483e+05 -3.848209729282670887e+05 1.078812982935326640e+06 -7.020998435874978895e+03 1.525391730911458762e+04 7.773837358400577796e+04 1.311338623005246336e+05
5.310393774848800385e+05 1.277112126711385790e+06 1.299362743223436992e+05 7.581289972619691980e+04 1.555960201610485674e+05 5.621780577266387409e+05 8.743517288297507912e+04 9.053580766576812312e+04 1.034854418564475782e+05 6.550245063554790977e+04 -3.564511287988271797e+05 -4.379736470564730116e+05 -2.597159144787358528e+05 3.576210779254709487e+05 4.041832077660218347e+05 8.604338174742257979e+04 1.154993222228798113e+05 4.031542864620735782e+04
2.225204240076208487e+06 6.691768044115706580e+05 -1.377983709933484497e+05 2.229768298397094186e+05 -4.900208686088832474e+04 8.743517288297507912e+04 2.912628971996330656e+05 7.595250991117022932e+04 1.318188255689170774e+03 5.430901771181337535e+05 -1.486756831621554447e+05 -2.790242078742172453e+05 -5.110645284778075293e+05 -9.168506203430084861e+04 6.947175249116243504e+04 2.838973196868019295e+05 8.187707859813128016e+04 -1.336928235696021875e+04
5.022082929870994412e+05 4.966109876431187731e+05 1.501100335327262001e+05 4.025030030233967409e+04 5.600253792737048207e+04 9.053580766576812312e+04 7.595250991117022932e+04 2.342968387497527001e+05 8.874878881451570487e+04 -5.477888015913220588e+05 -5.097735989161174512e+05 2.555682656558849267e+05 2.269631730950981146e+05 2.889430361043483135e+05 3.405783682711262372e+05 3.413420363892780733e+05 1.763490617612657661e+05 -2.085050594697943598e+04
2.483346505113291496e+05 9.311419457106493064e+04 3.445194209002914722e+05 -1.516536206177448912e+04 5.012404224587441422e+04 1.034854418564475782e+05 1.318188255689170774e+03 8.874878881451570487e+04 1.282592051726978680e+05 -6.547091612924097572e+05 -1.511778835171815299e+05 1.172614217471702723e+05 4.986961763086066348e+05 1.346849761797183310e+05 2.763974030919179786e+05 5.603937034516786662e+04 1.635549015324042412e+05 1.899124696359537484e+04
2.202464630890940875e+07 1.031074214798207954e+07 -4.983390261297863908e+06 4.690093527530214633e+05 1.213726209698588355e+06 6.550245063554790977e+04 5.430901771181337535e+05 -5.477888015913220588e+05 -6.547091612924097572e+05 2.269011834987849891e+08 4.965468917493074387e+07 -1.640232590485151485e+07 -5.644092824816220440e+06 -7.600501698578694835e+06 -4.565060895278125070e+06 -5.032643340387523174e+06 9.638229039733217796e+05 3.780525139614998479e+05
-2.669695492209671531e+06 3.072436850181887858e+06 1.414732390339334263e+06 -6.783297027944261208e+05 -4.791516070637508528e+05 -3.564511287988271797e+05 -1.486756831621554447e+05 -5.097735989161174512e+05 -1.511778835171815299e+05 4.965468917493074387e+07 7.052310816567279398e+07 5.555617898289005272e+06 -1.373529035703728441e+06 -3.897901088715723250e+06 -3.939482131581514608e+06 -5.250765003590273671e+06 -3.647239040675033350e+06 4.575200008333801525e+05
-4.601258460444092751e+06 -4.147065695287033916e+06 6.274739558944195509e+06 1.212859126270705456e+05 1.900939476733367483e+05 -4.379736470564730116e+05 -2.790242078742172453e+05 2.555682656558849267e+05 1.172614217471702723e+05 -1.640232590485151485e+07 5.555617898289005272e+06 3.908322922825930268e+07 6.772088196203947067e+06 -1.421789105362317525e+06 -1.189269926648137625e+06 2.376051955203819554e+06 -6.375568569324908312e+05 6.642689586564691272e+05
-4.447141309721078724e+06 -1.987070448489715927e+05 7.568301752992809052e+05 4.573508448389695259e+05 -3.848209729282670887e+05 -2.597159144787358528e+05 -5.110645284778075293e+05 2.269631730950981146e+05 4.986961763086066348e+05 -5.644092824816220440e+06 -1.373529035703728441e+06 6.772088196203947067e+06 1.641814984230255522e+07 -3.116378548095930018e+05 2.029807537426925046e+04 3.430811864090512972e+05 1.143520259263349697e+06 2.471108692400912114e+05
-2.839255113803765737e+06 3.065659061093569733e+06 5.759894247549421852e+05 3.099762890014265395e+03 1.078812982935326640e+06 3.576210779254709487e+05 -9.168506203430084861e+04 2.889430361043483135e+05 1.346849761797183310e+05 -7.600501698578694835e+06 -3.897901088715723250e+06 -1.421789105362317525e+06 -3.116378548095930018e+05 4.330585368124478497e+06 9.414393819345667725e+05 6.636384407347553642e+05 -5.835962038688454049e+04 -2.624366999359853799e+05
4.069863079521849751e+06 3.352588048073203536e+05 1.156795686048033531e+05 -2.660187197365632746e+05 -7.020998435874978895e+03 4.041832077660218347e+05 6.947175249116243504e+04 3.405783682711262372e+05 2.763974030919179786e+05 -4.565060895278125070e+06 -3.939482131581514608e+06 -1.189269926648137625e+06 2.029807537426925046e+04 9.414393819345667725e+05 3.103664520764091983e+06 2.712404150637193816e+05 5.857295015231735306e+05 3.720977189084900601e+04
1.140676138376433402e+06 -2.345529370351271937e+05 2.816784949946693378e+05 3.727838157144964207e+05 1.525391730911458762e+04 8.604338174742257979e+04 2.838973196868019295e+05 3.413420363892780733e+05 5.603937034516786662e+04 -5.032643340387523174e+06 -5.250765003590273671e+06 2.376051955203819554e+06 3.430811864090512972e+05 6.636384407347553642e+05 2.712404150637193816e+05 1.809792648161767051e+06 4.253970334808438201e+05 -3.745307624679540459e+04
3.236399526314387098e+06 -7.670767342911132146e+05 -6.384681103190034628e+05 1.101806643895609450e+05 7.773837358400577796e+04 1.154993222228798113e+05 8.187707859813128016e+04 1.763490617612657661e+05 1.635549015324042412e+05 9.638229039733217796e+05 -3.647239040675033350e+06 -6.375568569324908312e+05 1.143520259263349697e+06 -5.835962038688454049e+04 5.857295015231735306e+05 4.253970334808438201e+05 1.312750860527534038e+06 1.689705004282728769e+05
1.170649769293273566e+06 -6.524036672523461748e+05 -8.056402550704558380e+05 -1.377753551931058464e+05 1.311338623005246336e+05 4.031542864620735782e+04 -1.336928235696021875e+04 -2.085050594697943598e+04 1.899124696359537484e+04 3.780525139614998479e+05 4.575200008333801525e+05 6.642689586564691272e+05 2.471108692400912114e+05 -2.624366999359853799e+05 3.720977189084900601e+04 -3.745307624679540459e+04 1.689705004282728769e+05 5.494177594879310345e+05
