5.584123142024710774e+07 -5.489167094877533615e+06 4.208399426624566317e+06 1.616772547823821660e+05 2.054408986909050436e+05 -1.267758803024886438e+05 4.202672447686241940e+05 -6.373778336023420561e+05 1.536042711364004354e+05 3.140745286324688233e+06 -1.371828252052317932e+07 -1.800543778236933751e+06 5.837683274677572772e+06 -4.544679578255101107e+06 -3.169865404173623305e+06 -4.388998093581816647e+05 -1.854735628129663877e+06 -7.089269688615989871e+05
-5.489167094877533615e+06 1.152870514869629033e+07 1.547769594748580130e+05 2.587517115540814120e+05 2.479273846683405282e+05 -4.386854097113655880e+05 -7.382630881879196750e+03 -6.804177906559442636e+04 -1.188357427448539092e+05 -4.451187018636765890e+06 4.815401079176307656e+06 4.970377402853719890e+06 -2.767893647917211638e+04 4.528154793055027258e+05 -1.012311600783586386e+06 -1.869137035545024788e+06 -5.743981417776461458e+05 -5.869712616555122659e+05
4.208399426624566317e+06 1.547769594748580130e+05 4.459515291080511175e+06 5.485748384533440549e+04 4.690472485958458274e+05 -3.969628762023698073e+05 -1.501714037208779773e+05 -2.491950483245567302e+05 -7.494473822475154884e+04 -1.656000566059038974e+06 6.435734775656227721e+05 2.355946458615627140e+06 1.962787636941185454e+06 2.060040129147245083e+06 -2.256556940096972103e+05 -3.036463646682276158e+05 -3.806412923050959944e+05 -2.520866325129977486e+05
1.616772547823821660e+05 2.587517115540814120e+05 5.485748384533440549e+04 1.783019304622270865e+06 -1.240151284703636884e+04 1.326682335142972006e+05 -8.458370245492875256e+03 -1.143140823599901341e+05 2.523332464059318227e+04 -1.723216170790426666e+06 1.433131542647449533e+06 7.669746251075668260e+05 1.653482260377418716e+06 4.487351413466170925e+04 9.113824991005042102e+05 -5.438704021015001927e+05 -4.739509933265943546e+05 -5.644666930752823646e+03
2.054408986909050436e+05 2.479273846683405282e+05 4.690472485958458274e+05 -1.240151284703636884e+04 1.683151068903085543e+06 2.838832518265127437e+05 -3.448008591522283041e+03 1.328546765041959297e+05 2.005566725856528501e+05 9.335914528304532869e+05 -3.749344777096551843e+05 -4.594291671193757211e+05 7.134707818977650022e+05 8.426994737989393761e+05 8.107841349710641662e+05 8.217831549400383665e+03 3.089477940384458270e+04 -1.174524748631012480e+05
-1.267758803024886438e+05 -4.386854097113655880e+05 -3.969628762023698073e+05 1.326682335142972006e+05 2.838832518265127437e+05 7.965476685357766692e+05 4.696428257749979821e+04 6.169517538388166577e+04 1.104136479806842544e+05 -8.400571061255830573e+05 -1.818782509837578109e+05 -6.279547487621967448e+05 5.080048567534365575e+05 -2.989627670214231330e+03 5.394194755955247674e+05 1.497707751764818095e+05 2.761791658473700518e+05 -1.574613412704650545e+04
4.202672447686241940e+05 -7.382630881879196750e+03 -1.501714037208779773e+05 -8.458370245492875256e+03 -3.448008591522283041e+03 4.696428257749979821e+04 2.669050298602989642e+05 -4.732896770584648766e+04 -2.481232089272266239e+04 2.067093449710019922e+05 -8.463381022490761243e+05 -7.425708361122525530e+05 1.610817652395920886e+05 3.530706831810811855e+04 1.001561993672557437e+05 4.454534127869695658e+04 -1.661591781029360427e+05 3.050305887037090361e+04
-6.373778336023420561e+05 -6.804177906559442636e+04 -2.491950483245567302e+05 -1.143140823599901341e+05 1.328546765041959297e+05 6.169517538388166577e+04 -4.732896770584648766e+04 1.954176635661686014e+05 4.393431752398583922e+04 1.864748214094167924e+05 -3.932106801919365535e+05 -3.441462923933051061e+05 -2.246194235289227800e+05 -8.519425599003353273e+04 3.694694718244913383e+04 1.093048144794336986e+05 1.091647256695325777e+05 7.521518547063309234e+04
1.536042711364004354e+05 -1.188357427448539092e+05 -7.494473822475154884e+04 2.523332464059318227e+04 2.005566725856528501e+05 1.104136479806842544e+05 -2.481232089272266239e+04 4.393431752398583922e+04 1.416161743058853899e+05 6.992833881943058223e+05 -6.075735981745165773e+05 -2.613489591823415831e+05 1.721698144902076747e+05 -4.726861637239556148e+04 1.446228329836550402e+05 -9.463330788055309677e+04 3.242080246520640139e+04 8.400075158716386068e+04
3.140745286324688233e+06 -4.451187018636765890e+06 -1.656000566059038974e+06 -1.723216170790426666e+06 9.335914528304532869e+05 -8.400571061255830573e+05 2.067093449710019922e+05 1.864748214094167924e+05 6.992833881943058223e+05 1.885673222650638521e+08 -6.505801008962793276e+05 -2.666397833977269381e+07 -1.417047360776796564e+07 -2.651562893223196734e+06 5.917588348322790262e+04 5.657686726018290035e+06 8.260852917532648426e+05 -8.976578384031552123e+05
-1.371828252052317932e+07 4.815401079176307656e+06 6.435734775656227721e+05 1.433131542647449533e+06 -3.749344777096551843e+05 -1.818782509837578109e+05 -8.463381022490761243e+05 -3.932106801919365535e+05 -6.075735981745165773e+05 -6.505801008962793276e+05 8.525152262453685701e+07 5.089707356984549202e+06 4.329302460037887067e+04 -6.411553161626577377e+06 -7.520511369643612998e+05 -1.333912045581709594e+06 -2.124243619183189701e+06 -7.091252035373981344e+05
-1.800543778236933751e+06 4.970377402853719890e+06 2.355946458615627140e+06 7.669746251075668260e+05 -4.594291671193757211e+05 -6.279547487621967448e+05 -7.425708361122525530e+05 -3.441462923933051061e+05 -2.613489591823415831e+05 -2.666397833977269381e+07 5.089707356984549202e+06 2.564532775742788985e+07 7.792708372052413411e+06 3.837796842702695634e+06 -1.463271812430406455e+06 -1.620954111096421257e+06 9.264854636587193236e+05 3.582167451650891453e+05
5.837683274677572772e+06 -2.767893647917211638e+04 1.962787636941185454e+06 1.653482260377418716e+06 7.134707818977650022e+05 5.080048567534365575e+05 1.610817652395920886e+05 -2.246194235289227800e+05 1.721698144902076747e+05 -1.417047360776796564e+07 4.329302460037887067e+04 7.792708372052413411e+06 9.902905416370857507e+06 2.451033778443447780e+06 8.451818025832169224e+05 -5.658975778071491513e+05 -5.338111569798684213e+05 1.102966359783046792e+05
-4.544679578255101107e+06 4.528154793055027258e+05 2.060040129147245083e+06 4.487351413466170925e+04 8.426994737989393761e+05 -2.989627670214231330e+03 3.530706831810811855e+04 -8.519425599003353273e+04 -4.726861637239556148e+04 -2.651562893223196734e+06 -6.411553161626577377e+06 3.837796842702695634e+06 2.451033778443447780e+06 5.270632941652550362e+06 1.116426560270331800e+06 4.543193003607313149e+05 4.524272091182708973e+05 7.348951761942038138e+04
-3.169865404173623305e+06 -1.012311600783586386e+06 -2.256556940096972103e+05 9.113824991005042102e+05 8.107841349710641662e+05 5.394194755955247674e+05 1.001561993672557437e+05 3.694694718244913383e+04 1.446228329836550402e+05 5.917588348322790262e+04 -7.520511369643612998e+05 -1.463271812430406455e+06 8.451818025832169224e+05 1.116426560270331800e+06 3.639449925819923636e+06 2.121440114754009701e+05 -1.359277870205237705e+05 -2.797378541977322311e+04
-4.388998093581816647e+05 -1.869137035545024788e+06 -3.036463646682276158e+05 -5.438704021015001927e+05 8.217831549400383665e+03 1.497707751764818095e+05 4.454534127869695658e+04 1.093048144794336986e+05 -9.463330788055309677e+04 5.657686726018290035e+06 -1.333912045581709594e+06 -1.620954111096421257e+06 -5.658975778071491513e+05 4.543193003607313149e+05 2.121440114754009701e+05 2.244084335509358905e+06 4.348747454497579020e+05 2.112163326807017074e+04
-1.854735628129663877e+06 -5.743981417776461458e+05 -3.806412923050959944e+05 -4.739509933265943546e+05 3.089477940384458270e+04 2.761791658473700518e+05 -1.661591781029360427e+05 1.091647256695325777e+05 3.242080246520640139e+04 8.260852917532648426e+05 -2.124243619183189701e+06 9.264854636587193236e+05 -5.338111569798684213e+05 4.524272091182708973e+05 -1.359277870205237705e+05 4.348747454497579020e+05 1.473341253998931963e+06 4.032481327064284706e+05
-7.089269688615989871e+05 -5.869712616555122659e+05 -2.520866325129977486e+05 -5.644666930752823646e+03 -1.174524748631012480e+05 -1.574613412704650545e+04 3.050305887037090361e+04 7.521518547063309234e+04 8.400075158716386068e+04 -8.976578384031552123e+05 -7.091252035373981344e+05 3.582167451650891453e+05 1.102966359783046792e+05 7.348951761942038138e+04 -2.797378541977322311e+04 2.112163326807017074e+04 4.032481327064284706e+05 6.696275361672465224e+05
