4.805656982153626531e+07 1.680709922392121749e+06 -3.890774338642907795e+06 1.505259678198604146e+06 9.424510330174227711e+05 8.651000333276250167e+05 -1.552604303968776716e+06 -1.217016840729993302e+06 -2.547502640812061727e+05 4.736686214122344553e+07 1.073019465867838077e+07 -3.754264847879129928e+06 1.081044351387217175e+05 3.587048139326849021e+06 6.214691772216593381e+05 1.811624756068941206e+06 -3.267615496283016400e+05 -7.535901561310420511e+05
1.680709922392121749e+06 1.622677680362594314e+07 5.327351458848029142e+05 -5.277420215819553705e+05 1.032343324556994950e+06 -2.304739378791608906e+05 -2.182573411177953822e+05 -3.784474683330571279e+05 -1.186660028422343166e+05 1.013369462927627377e+07 5.173110805861351080e+06 6.935776088968008116e+04 9.222375057241505710e+05 -4.632647898511394160e+05 -1.093584325539410813e+06 9.803827747242487967e+05 -3.357003755559929996e+05 -1.028329237306037103e+06
-3.890774338642907795e+06 5.327351458848029142e+05 5.617175333430903964e+06 8.137719062533436954e+03 3.120967050973262521e+05 -1.976720589220644906e+05 3.096442100530643947e+05 2.680038817570782703e+04 -6.491076922431273124e+04 6.770210267709103413e+06 -6.185139366956739686e+06 2.592463218223667704e+06 -8.849279385341182933e+04 -7.236559967041572090e+05 7.915172573279332137e+05 8.276030906039981346e+03 -4.551119515462402487e+05 -2.646073777684134548e+05
1.505259678198604146e+06 -5.277420215819553705e+05 8.137719062533436954e+03 1.972955658675528597e+06 1.748986007795758778e+05 1.571634672968237719e+05 -2.508576357537911099e+05 -1.754722428614975943e+05 -1.138915601006309153e+05 9.903109200198398903e+05 -6.404171072861808352e+05 9.185105941185926786e+05 1.018803709888543934e+06 8.255286085699249525e+05 -4.147911283465638990e+05 1.069083441272032214e+05 -3.615393923070635065e+05 -5.561247847522875236e+04
9.424510330174227711e+05 1.032343324556994950e+06 3.120967050973262521e+05 1.748986007795758778e+05 9.053168950347130885e+05 7.403952225061001081e+04 4.395841663880964188e+04 -5.353860751910439285e+04 3.441494347446655593e+04 5.393223544588465244e+06 -1.089718841856336687e+06 -2.738719904403586406e+05 -7.693037687979271868e+04 -1.675875787256257900e+05 -2.360616570558961539e+05 -5.852317317707738403e+04 -1.300805288568358228e+05 4.174284516461087333e+04
8.651000333276250167e+05 -2.304739378791608906e+05 -1.976720589220644906e+05 1.571634672968237719e+05 7.403952225061001081e+04 5.490701078848713078e+05 -1.647747058134152030e+04 -6.200872571133083511e+03 3.671041142630897230e+04 4.296154701231787913e+06 1.605676533387719886e+06 3.478897444911001949e+05 -2.927726096498589613e+05 -5.915303693410197739e+05 3.928908370236511691e+05 4.601313093660286540e+04 8.444521944817731855e+04 3.859635844933873886e+04
-1.552604303968776716e+06 -2.182573411177953822e+05 3.096442100530643947e+05 -2.508576357537911099e+05 4.395841663880964188e+04 -1.647747058134152030e+04 2.811971994129868690e+05 1.254971137473628769e+05 6.810049881038416061e+03 -1.555947476616992848e+06 -1.030183771736098919e+06 9.775183837069850415e+04 -1.030951932812648156e+05 -2.791721899468475021e+05 3.405953873249346998e+03 -2.522040312621802150e+04 4.906980315437120589e+04 9.752239332879772701e+04
-1.217016840729993302e+06 -3.784474683330571279e+05 2.680038817570782703e+04 -1.754722428614975943e+05 -5.353860751910439285e+04 -6.200872571133083511e+03 1.254971137473628769e+05 1.893857489953591430e+05 4.380508960483058036e+04 -3.298324237504868768e+06 -4.355623397633928107e+05 -1.876768723394964181e+05 2.218036409054295655e+04 -2.249474672962259501e+05 -1.831085925356328662e+05 -2.344281586976544058e+05 7.799844975168742531e+04 7.704816791924965219e+04
-2.547502640812061727e+05 -1.186660028422343166e+05 -6.491076922431273124e+04 -1.138915601006309153e+05 3.441494347446655593e+04 3.671041142630897230e+04 6.810049881038416061e+03 4.380508960483058036e+04 1.109692270239815407e+05 6.582665519246293698e+05 6.762734252292419551e+05 -3.782161790050674463e+05 -8.988276288934220793e+04 -1.577332296611942002e+05 7.362369122722376778e+04 -4.046202228887664205e+03 2.039400114056614111e+05 2.867164603284162149e+04
4.736686214122344553e+07 1.013369462927627377e+07 6.770210267709103413e+06 9.903109200198398903e+05 5.393223544588465244e+06 4.296154701231787913e+06 -1.555947476616992848e+06 -3.298324237504868768e+06 6.582665519246293698e+05 2.625357757191052437e+08 4.285192416917356104e+07 -2.825489399706907570e+06 -3.174123306451650802e+06 -4.774618452688977413e+03 6.864832945484988391e+06 8.844665434557322413e+06 9.520806095621198183e+05 -3.103826148621485918e+05
1.073019465867838077e+07 5.173110805861351080e+06 -6.185139366956739686e+06 -6.404171072861808352e+05 -1.089718841856336687e+06 1.605676533387719886e+06 -1.030183771736098919e+06 -4.355623397633928107e+05 6.762734252292419551e+05 4.285192416917356104e+07 6.635402588441549987e+07 -1.135903114800880477e+07 2.950552018669941928e+06 7.274978302655837033e+05 4.876482045311405673e+05 3.240860193607427180e+06 1.454528391394759296e+06 -2.986650377013075049e+05
-3.754264847879129928e+06 6.935776088968008116e+04 2.592463218223667704e+06 9.185105941185926786e+05 -2.738719904403586406e+05 3.478897444911001949e+05 9.775183837069850415e+04 -1.876768723394964181e+05 -3.782161790050674463e+05 -2.825489399706907570e+06 -1.135903114800880477e+07 2.761977073104600981e+07 2.821598219810979441e+06 1.410979921855349094e+05 -7.277134387566525256e+05 1.422507926996074966e+05 1.459627409833811224e+06 -1.300587529227202467e+05
1.081044351387217175e+05 9.222375057241505710e+05 -8.849279385341182933e+04 1.018803709888543934e+06 -7.693037687979271868e+04 -2.927726096498589613e+05 -1.030951932812648156e+05 2.218036409054295655e+04 -8.988276288934220793e+04 -3.174123306451650802e+06 2.950552018669941928e+06 2.821598219810979441e+06 8.205326726463790052e+06 3.022245800611414015e+06 -1.015230654617715743e+06 4.776084983155071968e+05 2.413287264487805951e+05 5.391932027447639266e+05
3.587048139326849021e+06 -4.632647898511394160e+05 -7.236559967041572090e+05 8.255286085699249525e+05 -1.675875787256257900e+05 -5.915303693410197739e+05 -2.791721899468475021e+05 -2.249474672962259501e+05 -1.577332296611942002e+05 -4.774618452688977413e+03 7.274978302655837033e+05 1.410979921855349094e+05 3.022245800611414015e+06 3.990812950322157703e+06 2.630600908510009758e+05 4.297271195016638958e+05 -2.076234361086866411e+05 1.867468159509390534e+04
6.214691772216593381e+05 -1.093584325539410813e+06 7.915172573279332137e+05 -4.147911283465638990e+05 -2.360616570558961539e+05 3.928908370236511691e+05 3.405953873249346998e+03 -1.831085925356328662e+05 7.362369122722376778e+04 6.864832945484988391e+06 4.876482045311405673e+05 -7.277134387566525256e+05 -1.015230654617715743e+06 2.630600908510009758e+05 3.501868216633120552e+06 4.461608108316694270e+05 2.417452927314081171e+05 1.699780530475690030e+05
1.811624756068941206e+06 9.803827747242487967e+05 8.276030906039981346e+03 1.069083441272032214e+05 -5.852317317707738403e+04 4.601313093660286540e+04 -2.522040312621802150e+04 -2.344281586976544058e+05 -4.046202228887664205e+03 8.844665434557322413e+06 3.240860193607427180e+06 1.422507926996074966e+05 4.776084983155071968e+05 4.297271195016638958e+05 4.461608108316694270e+05 1.506581357763407752e+06 7.038680587096714589e+04 -1.055923578597757150e+05
-3.267615496283016400e+05 -3.357003755559929996e+05 -4.551119515462402487e+05 -3.615393923070635065e+05 -1.300805288568358228e+05 8.444521944817731855e+04 4.906980315437120589e+04 7.799844975168742531e+04 2.039400114056614111e+05 9.520806095621198183e+05 1.454528391394759296e+06 1.459627409833811224e+06 2.413287264487805951e+05 -2.076234361086866411e+05 2.417452927314081171e+05 7.038680587096714589e+04 9.355956012120118830e+05 5.863074310255356249e+04
-7.535901561310420511e+05 -1.028329237306037103e+06 -2.646073777684134548e+05 -5.561247847522875236e+04 4.174284516461087333e+04 3.859635844933873886e+04 9.752239332879772701e+04 7.704816791924965219e+04 2.867164603284162149e+04 -3.103826148621485918e+05 -2.986650377013075049e+05 -1.300587529227202467e+05 5.391932027447639266e+05 1.867468159509390534e+04 1.699780530475690030e+05 -1.055923578597757150e+05 5.863074310255356249e+04 6.730121241314919898e+05
