7.629961179304717481e+07 1.162372864264770225e+07 4.176935322720284108e+06 4.025171027298087254e+06 -9.857303550646560034e+05 -1.421768078884718707e+06 9.644374807631328003e+05 8.734594805091148010e+05 -6.637821606761036674e+04 4.823940991843211651e+07 6.301438754599347711e+06 -1.355357864367897063e+07 8.500185369118813425e+06 1.181714532479611458e+06 -4.991422370690671378e+05 9.192378571605128236e+05 -1.269401451403555926e+06 -9.703094903548900038e+05
1.162372864264770225e+07 1.341262936102020182e+07 2.243158398783349432e+06 9.894611474366863258e+05 -1.179767723271127325e+05 6.177640470685737673e+05 1.011382038338284590e+06 5.292430014000494266e+05 -1.474558442822399375e+05 1.719721417091413215e+07 1.280162089741354063e+07 -7.457557303136278875e+06 4.544584541882309131e+06 2.427851524540722370e+06 3.425308433522259817e+06 1.140282454520127270e+06 1.289478623093275819e+06 7.117989548834429588e+05
4.176935322720284108e+06 2.243158398783349432e+06 6.065303514872158878e+06 1.578096642277597217e+06 -2.357983883359663741e+04 7.899234027728812362e+04 1.658144778150987695e+05 1.486303690527800645e+05 1.460519120750172879e+05 6.113745890505966730e+06 3.272694629677362274e+06 -8.950883052147999115e+04 1.646094886694827816e+06 -3.490386304565300816e+05 -1.057230572611100972e+06 6.005412833269520197e+05 -1.208390532794169558e+05 -1.879309386527572060e+05
4.025171027298087254e+06 9.894611474366863258e+05 1.578096642277597217e+06 2.414700858489019796e+06 3.230341944177321275e+05 3.206971924940315512e+04 5.665264764456468401e+04 1.651843013637351760e+04 5.384926358456615708e+04 5.802547065782664344e+06 2.032439065383631736e+06 -1.698683208970000560e+05 2.184369203950108029e+06 1.214376043098540540e+05 2.259051484351366817e+05 2.071844568036324054e+05 -3.550111416206243448e+05 3.872495818019079161e+04
-9.857303550646560034e+05 -1.179767723271127325e+05 -2.357983883359663741e+04 3.230341944177321275e+05 8.937468139572492801e+05 1.683940438781191770e+05 3.918743269735286594e+04 4.566386020336992078e+04 1.157692936006130767e+05 1.535468247796300799e+06 1.235082449249271303e+06 -6.377826819896661909e+05 2.908646558468987350e+05 1.017260527142577572e+06 9.541170385592560051e+05 6.100174914193066070e+05 4.910745167392549338e+05 1.560853805934412230e+05
-1.421768078884718707e+06 6.177640470685737673e+05 7.899234027728812362e+04 3.206971924940315512e+04 1.683940438781191770e+05 3.789148845429627108e+05 1.363301828148143832e+05 6.804688451608408650e+04 2.562326357472048403e+04 -2.589552583217187785e+06 -5.755615615354693728e+05 -1.894675843732389330e+05 -1.601577000468185361e+03 6.367461089793256251e+05 4.666348095849773381e+05 -4.623291560322800797e+04 1.512958969092110929e+05 -8.655200332804935897e+03
9.644374807631328003e+05 1.011382038338284590e+06 1.658144778150987695e+05 5.665264764456468401e+04 3.918743269735286594e+04 1.363301828148143832e+05 3.106923393405397655e+05 1.581147553210579790e+05 1.772605483072832067e+04 1.345346281429429073e+06 6.484153389603355899e+05 2.687043389373449027e+05 7.033064059416473610e+05 3.731410131644916255e+05 3.498631088192312745e+05 3.438250886141380761e+05 3.923722696911134990e+05 8.414320932903036010e+04
8.734594805091148010e+05 5.292430014000494266e+05 1.486303690527800645e+05 1.651843013637351760e+04 4.566386020336992078e+04 6.804688451608408650e+04 1.581147553210579790e+05 2.385193260278767266e+05 7.109841135872123414e+04 6.869642642754251137e+05 -1.053929666947938502e+06 3.687078852860781481e+05 6.037466200133822858e+05 3.411947965305254911e+05 1.668187904881672002e+05 1.818391855295219575e+05 2.771663294113114825e+05 9.920007540008728392e+04
-6.637821606761036674e+04 -1.474558442822399375e+05 1.460519120750172879e+05 5.384926358456615708e+04 1.157692936006130767e+05 2.562326357472048403e+04 1.772605483072832067e+04 7.109841135872123414e+04 1.009899914998776367e+05 8.799207280373206595e+05 -6.118337892637115438e+05 -2.960754566795619394e+04 1.776895082169509842e+05 2.001265942124746216e+05 1.451471122196270881e+04 -9.175177533845695507e+03 1.138958974456934811e+05 1.107867898919526051e+05
4.823940991843211651e+07 1.719721417091413215e+07 6.113745890505966730e+06 5.802547065782664344e+06 1.535468247796300799e+06 -2.589552583217187785e+06 1.345346281429429073e+06 6.869642642754251137e+05 8.799207280373206595e+05 2.448466569784133732e+08 2.816896798341599852e+07 -3.422882399529475719e+07 6.544422132293499075e+06 3.136797324358435813e+06 3.496879212245500647e+06 6.715311107259385288e+06 7.210225520139324479e+06 5.549229970794360153e+06
6.301438754599347711e+06 1.280162089741354063e+07 3.272694629677362274e+06 2.032439065383631736e+06 1.235082449249271303e+06 -5.755615615354693728e+05 6.484153389603355899e+05 -1.053929666947938502e+06 -6.118337892637115438e+05 2.816896798341599852e+07 9.580629288811290264e+07 1.501989515371427638e+06 3.725375974216350354e+06 3.674618584266873077e+06 4.204518865626171231e+06 4.470053904110866599e+06 8.831298449275429593e+05 1.864101534493297571e+06
-1.355357864367897063e+07 -7.457557303136278875e+06 -8.950883052147999115e+04 -1.698683208970000560e+05 -6.377826819896661909e+05 -1.894675843732389330e+05 2.687043389373449027e+05 3.687078852860781481e+05 -2.960754566795619394e+04 -3.422882399529475719e+07 1.501989515371427638e+06 3.877633824361807853e+07 8.590582636904353276e+06 -1.948476983678692020e+06 -4.333488115137756802e+06 -4.500595512908329838e+05 -1.960410829495419457e+05 9.152787405384640442e+05
8.500185369118813425e+06 4.544584541882309131e+06 1.646094886694827816e+06 2.184369203950108029e+06 2.908646558468987350e+05 -1.601577000468185361e+03 7.033064059416473610e+05 6.037466200133822858e+05 1.776895082169509842e+05 6.544422132293499075e+06 3.725375974216350354e+06 8.590582636904353276e+06 1.114396849024808779e+07 1.159435099522393197e+06 9.757553612926643109e+05 3.789835454553183517e+05 5.629441720153534552e+05 1.438306047718861140e+06
1.181714532479611458e+06 2.427851524540722370e+06 -3.490386304565300816e+05 1.214376043098540540e+05 1.017260527142577572e+06 6.367461089793256251e+05 3.731410131644916255e+05 3.411947965305254911e+05 2.001265942124746216e+05 3.136797324358435813e+06 3.674618584266873077e+06 -1.948476983678692020e+06 1.159435099522393197e+06 3.866978885957567953e+06 2.426071772591035347e+06 8.824670896137361415e+05 7.294533605608101934e+05 3.644844789729815093e+05
-4.991422370690671378e+05 3.425308433522259817e+06 -1.057230572611100972e+06 2.259051484351366817e+05 9.541170385592560051e+05 4.666348095849773381e+05 3.498631088192312745e+05 1.668187904881672002e+05 1.451471122196270881e+04 3.496879212245500647e+06 4.204518865626171231e+06 -4.333488115137756802e+06 9.757553612926643109e+05 2.426071772591035347e+06 3.959006220551033039e+06 1.013132937445907504e+06 1.048780848497913452e+06 5.567416161687778076e+05
9.192378571605128236e+05 1.140282454520127270e+06 6.005412833269520197e+05 2.071844568036324054e+05 6.100174914193066070e+05 -4.623291560322800797e+04 3.438250886141380761e+05 1.818391855295219575e+05 -9.175177533845695507e+03 6.715311107259385288e+06 4.470053904110866599e+06 -4.500595512908329838e+05 3.789835454553183517e+05 8.824670896137361415e+05 1.013132937445907504e+06 1.799417713739601430e+06 1.074867956987133017e+06 3.069531392263086746e+05
-1.269401451403555926e+06 1.289478623093275819e+06 -1.208390532794169558e+05 -3.550111416206243448e+05 4.910745167392549338e+05 1.512958969092110929e+05 3.923722696911134990e+05 2.771663294113114825e+05 1.138958974456934811e+05 7.210225520139324479e+06 8.831298449275429593e+05 -1.960410829495419457e+05 5.629441720153534552e+05 7.294533605608101934e+05 1.048780848497913452e+06 1.074867956987133017e+06 1.617440338469256181e+06 6.550588731320739025e+05
-9.703094903548900038e+05 7.117989548834429588e+05 -1.879309386527572060e+05 3.872495818019079161e+04 1.560853805934412230e+05 -8.655200332804935897e+03 8.414320932903036010e+04 9.920007540008728392e+04 1.107867898919526051e+05 5.549229970794360153e+06 1.864101534493297571e+06 9.152787405384640442e+05 1.438306047718861140e+06 3.644844789729815093e+05 5.567416161687778076e+05 3.069531392263086746e+05 6.550588731320739025e+05 9.985387907396428054e+05
