5.185930655263450742e+07 4.032729883893876337e+06 -6.064088090673488332e+05 -1.948607567903366871e+06 -1.076205852556109749e+05 1.749055141897274414e+06 3.182336486377137480e+05 3.789742016346163000e+05 2.557966171101467917e+05 2.515735989308964089e+07 1.488392790626809292e+05 -1.502371355327206664e+06 -5.420405923212979687e+05 2.784273644023860805e+06 1.571080929735785583e+06 1.605969428011601849e+05 1.018459109382761177e+06 7.876296267789988779e+05
4.032729883893876337e+06 1.292790651046109945e+07 1.024599694720409694e+06 1.519004881160777528e+06 2.368223258623456059e+05 4.224163777114912518e+05 -3.389628654976469697e+05 2.025056360355166253e+05 -1.222025549790801451e+05 -1.069413768819476478e+06 2.719797065680098720e+06 -3.370605876961062662e+06 1.735591869953316869e+06 2.243565846241140272e+06 1.848104875512214378e+06 4.178920726784345461e+05 -3.581695438701183884e+05 9.987543881257864414e+05
-6.064088090673488332e+05 1.024599694720409694e+06 6.179739828499883413e+06 4.261967647409535130e+05 -2.325906564470090379e+05 1.142293670482852758e+05 -3.410147979174593929e+05 4.033995389617401524e+05 -5.637059176683371334e+04 2.462329681199140032e+05 1.861267384902095422e+06 2.667784553609303199e+06 3.994425844541021070e+04 -4.152939795147196273e+05 1.400574358397970675e+06 -1.584869804263279366e+05 -1.862320372319379530e+05 3.294170876836082898e+05
-1.948607567903366871e+06 1.519004881160777528e+06 4.261967647409535130e+05 1.925219059074128745e+06 2.933318186030265060e+05 1.182230623076092743e+05 2.527572886980086623e+05 -1.125449481933654606e+05 1.484571725471222016e+05 -2.784379021210680716e+06 1.878836887180745136e+06 -4.864428671896365122e+05 -1.264290715766500507e+05 1.013938950797645521e+05 4.796431168747000629e+05 3.851765645013471367e+05 -2.545710744507676864e+05 1.773600447097309516e+05
-1.076205852556109749e+05 2.368223258623456059e+05 -2.325906564470090379e+05 2.933318186030265060e+05 9.228388546414331067e+05 7.833970270952215651e+04 8.217763147423711780e+04 3.933773913106881082e+04 -6.149567343344809342e+04 4.835197417687420733e+06 5.026768158763971878e+05 7.765580178807923221e+04 -8.734920562743557384e+05 3.607893119447133504e+05 2.524914535765059700e+05 2.611395638143825054e+05 2.578798436278201189e+04 -1.003483017706739774e+05
1.749055141897274414e+06 4.224163777114912518e+05 1.142293670482852758e+05 1.182230623076092743e+05 7.833970270952215651e+04 3.923398178410143591e+05 8.292228532301087398e+04 1.300611067518488926e+04 2.366843882831683368e+04 2.382816788008994423e+06 3.581647816065793741e+05 6.658539346229082439e+05 5.421450060540268169e+04 1.821020034787949116e+05 4.884469921223827987e+05 2.793073108668398345e+05 9.455061641007768048e+04 7.785806346580770332e+04
3.182336486377137480e+05 -3.389628654976469697e+05 -3.410147979174593929e+05 2.527572886980086623e+05 8.217763147423711780e+04 8.292228532301087398e+04 3.443995956886418862e+05 5.728354226161233782e+03 8.514196216143305355e+04 4.569640085219842149e+03 -5.392484152232191991e+04 1.023142208296742756e+05 -4.635262584503788967e+05 3.472115656626224518e+04 -6.038634180758857838e+04 5.975353294952885481e+05 9.396414406294902437e+04 -8.763055291673242755e+04
3.789742016346163000e+05 2.025056360355166253e+05 4.033995389617401524e+05 -1.125449481933654606e+05 3.933773913106881082e+04 1.300611067518488926e+04 5.728354226161233782e+03 2.100526580222048215e+05 1.218722324999179364e+04 9.597504320648749126e+05 3.967907079652800458e+05 -3.261643719973788830e+05 -4.020037615346305538e+05 -1.627353412991047953e+05 8.717920388771197395e+03 7.500060690067433461e+04 1.232510009401412535e+05 2.454877523113094139e+04
2.557966171101467917e+05 -1.222025549790801451e+05 -5.637059176683371334e+04 1.484571725471222016e+05 -6.149567343344809342e+04 2.366843882831683368e+04 8.514196216143305355e+04 1.218722324999179364e+04 1.220180835119874682e+05 -1.529781698985358234e+06 7.507919947790434817e+05 -4.141345692434882512e+05 -4.497056425954413135e+05 1.569207448340006231e+05 -5.341640730819864257e+04 1.284007392528896744e+05 1.882029280328303139e+04 3.056537991125073677e+04
2.515735989308964089e+07 -1.069413768819476478e+06 2.462329681199140032e+05 -2.784379021210680716e+06 4.835197417687420733e+06 2.382816788008994423e+06 4.569640085219842149e+03 9.597504320648749126e+05 -1.529781698985358234e+06 2.368919344825432897e+08 2.223657749647391029e+06 2.094194777939724177e+07 8.695819962541231653e+05 -7.795650243122214451e+06 1.588706656372077763e+06 -1.401349729103634134e+06 -5.181131815292047337e+06 -2.484102777535784990e+06
1.488392790626809292e+05 2.719797065680098720e+06 1.861267384902095422e+06 1.878836887180745136e+06 5.026768158763971878e+05 3.581647816065793741e+05 -5.392484152232191991e+04 3.967907079652800458e+05 7.507919947790434817e+05 2.223657749647391029e+06 3.965474418776940554e+07 2.202658566435146611e+06 -1.381697945406701881e+06 2.720407256177311865e+04 -2.212311138205227908e+06 -1.500700528382028220e+06 -5.251294967621925753e+05 1.972603792280236958e+06
-1.502371355327206664e+06 -3.370605876961062662e+06 2.667784553609303199e+06 -4.864428671896365122e+05 7.765580178807923221e+04 6.658539346229082439e+05 1.023142208296742756e+05 -3.261643719973788830e+05 -4.141345692434882512e+05 2.094194777939724177e+07 2.202658566435146611e+06 1.869865801815139502e+07 4.354758059508834034e+06 -1.857114228577377973e+06 3.322659402462666621e+05 3.807087434660171275e+05 9.007459839874453610e+05 7.895191176880201092e+05
-5.420405923212979687e+05 1.735591869953316869e+06 3.994425844541021070e+04 -1.264290715766500507e+05 -8.734920562743557384e+05 5.421450060540268169e+04 -4.635262584503788967e+05 -4.020037615346305538e+05 -4.497056425954413135e+05 8.695819962541231653e+05 -1.381697945406701881e+06 4.354758059508834034e+06 1.179360480856093206e+07 1.671005737582420988e+05 -2.767788458989392966e+05 -1.098283347540865885e+06 9.485048323974582308e+04 6.496901948120408924e+05
2.784273644023860805e+06 2.243565846241140272e+06 -4.152939795147196273e+05 1.013938950797645521e+05 3.607893119447133504e+05 1.821020034787949116e+05 3.472115656626224518e+04 -1.627353412991047953e+05 1.569207448340006231e+05 -7.795650243122214451e+06 2.720407256177311865e+04 -1.857114228577377973e+06 1.671005737582420988e+05 4.504312952279678546e+06 2.002631573301291326e+06 6.495298203683851752e+05 2.496711482216464065e+05 3.762122346855400247e+05
1.571080929735785583e+06 1.848104875512214378e+06 1.400574358397970675e+06 4.796431168747000629e+05 2.524914535765059700e+05 4.884469921223827987e+05 -6.038634180758857838e+04 8.717920388771197395e+03 -5.341640730819864257e+04 1.588706656372077763e+06 -2.212311138205227908e+06 3.322659402462666621e+05 -2.767788458989392966e+05 2.002631573301291326e+06 5.168421285473342985e+06 1.261868367416350404e+06 2.239593808180134802e+05 -1.462325812248955190e+05
1.605969428011601849e+05 4.178920726784345461e+05 -1.584869804263279366e+05 3.851765645013471367e+05 2.611395638143825054e+05 2.793073108668398345e+05 5.975353294952885481e+05 7.500060690067433461e+04 1.284007392528896744e+05 -1.401349729103634134e+06 -1.500700528382028220e+06 3.807087434660171275e+05 -1.098283347540865885e+06 6.495298203683851752e+05 1.261868367416350404e+06 2.273736890703967307e+06 3.635139640408367268e+05 -9.153501184930214367e+04
1.018459109382761177e+06 -3.581695438701183884e+05 -1.862320372319379530e+05 -2.545710744507676864e+05 2.578798436278201189e+04 9.455061641007768048e+04 9.396414406294902437e+04 1.232510009401412535e+05 1.882029280328303139e+04 -5.181131815292047337e+06 -5.251294967621925753e+05 9.007459839874453610e+05 9.485048323974582308e+04 2.496711482216464065e+05 2.239593808180134802e+05 3.635139640408367268e+05 1.203267651020417223e+06 3.051163973982954049e+05
7.876296267789988779e+05 9.987543881257864414e+05 3.294170876836082898e+05 1.773600447097309516e+05 -1.003483017706739774e+05 7.785806346580770332e+04 -8.763055291673242755e+04 2.454877523113094139e+04 3.056537991125073677e+04 -2.484102777535784990e+06 1.972603792280236958e+06 7.895191176880201092e+05 6.496901948120408924e+05 3.762122346855400247e+05 -1.462325812248955190e+05 -9.153501184930214367e+04 3.051163973982954049e+05 7.266663824705196312e+05
