4.297585207004392147e+07 1.705348650425103493e+06 -2.501852194099082262e+05 -1.927587214622860774e+06 -3.981665445753938402e+05 -5.386130276882250328e+05 2.995326094370075734e+05 5.114795709787160158e+05 2.088697492581450497e+05 -9.378145630749164149e+06 8.254168186152541079e+06 -7.403257486139911925e+05 -5.881377115125432611e+06 -3.841704147917592898e+06 -1.975228884752896149e+06 1.994281697324080393e+06 -1.665212591492832638e+06 -1.164635239641382825e+06
1.705348650425103493e+06 1.070319641486750543e+07 7.025230626163545530e+05 2.904376564268448856e+05 2.621528403285953682e+05 7.072042570969833760e+05 4.666409565802249126e+05 2.865702701432805625e+05 1.516734137422434578e+05 5.561490847701185383e+06 1.326984690506130084e+07 1.926869013298550621e+06 2.526702111293037888e+06 3.498584064046693675e+04 2.650587552625625394e+05 1.040789809576842585e+06 1.786373069405455608e+06 -4.078407213824688806e+05
-2.501852194099082262e+05 7.025230626163545530e+05 3.186334691886981484e+06 -1.491753483577548177e+05 5.339710590737257153e+05 2.329386211463657673e+05 -1.571406510049306235e+04 -7.570693387126950256e+04 -4.008895764750909439e+04 9.945094473361503333e+05 3.817851226207940839e+06 -4.640950500540472567e+05 1.904091936363397981e+05 4.057700891263483209e+05 5.296559187596812990e+04 1.763321714641999570e+05 4.328106094781770953e+05 1.792743652229387371e+05
-1.927587214622860774e+06 2.904376564268448856e+05 -1.491753483577548177e+05 1.553785688162490027e+06 2.271283917425386899e+05 1.498862672310367925e+05 -4.595856608785426943e+04 4.776299473714515625e+04 4.675226951977427962e+04 -3.267397989020830020e+06 3.483439783845389029e+05 -3.673320969234664808e+05 2.589054576846241951e+06 1.497254634070190368e+06 5.771402579374299385e+05 -4.642014834899883863e+04 1.517055691224561015e+05 1.356006962698838033e+05
-3.981665445753938402e+05 2.621528403285953682e+05 5.339710590737257153e+05 2.271283917425386899e+05 1.550575760841793614e+06 2.060761361199646490e+05 1.223132558924350742e+05 -8.074014188496122370e+04 7.428846782453201740e+03 -1.131481282258515479e+06 -7.330355996066609805e+04 -6.733772047217260115e+05 1.463298559398628771e+06 1.546221406039175810e+06 1.065181546995043755e+05 1.449769046528123436e+05 -3.704856946198607911e+05 1.004699852722264040e+05
-5.386130276882250328e+05 7.072042570969833760e+05 2.329386211463657673e+05 1.498862672310367925e+05 2.060761361199646490e+05 5.286594768621145049e+05 -1.026106528916782845e+05 -2.551015985292642290e+04 -4.247786429179300467e+04 1.994779457118248683e+05 1.270242244755505584e+06 -1.101114814850089169e+05 2.261925496610060800e+05 9.704682054192911892e+04 2.557157566885874257e+05 -7.235300655263177759e+04 9.394581995369246579e+04 -4.914457775812051841e+04
2.995326094370075734e+05 4.666409565802249126e+05 -1.571406510049306235e+04 -4.595856608785426943e+04 1.223132558924350742e+05 -1.026106528916782845e+05 3.655508362102824613e+05 1.655231012884239026e+05 -3.161019406184882428e+03 -1.088743830700643826e+06 -3.333865559459412470e+05 -6.514913056635685498e+05 1.219850007889040135e+05 2.122277255469577212e+05 -2.016259001399493718e+05 8.432765342984029849e+04 3.081398971028286178e+04 9.249383383353138925e+04
5.114795709787160158e+05 2.865702701432805625e+05 -7.570693387126950256e+04 4.776299473714515625e+04 -8.074014188496122370e+04 -2.551015985292642290e+04 1.655231012884239026e+05 1.989716950469425938e+05 3.161954277592363360e+04 -1.718928968053123681e+06 -8.396273759185381641e+04 -6.631893043356556445e+05 -4.332688211181157385e+04 2.763353315114548313e+05 -1.013795803851249657e+05 5.319451724349244614e+04 1.118257065231119777e+05 -2.299502544512944951e+04
2.088697492581450497e+05 1.516734137422434578e+05 -4.008895764750909439e+04 4.675226951977427962e+04 7.428846782453201740e+03 -4.247786429179300467e+04 -3.161019406184882428e+03 3.161954277592363360e+04 1.018977808448079741e+05 -4.511290784489012440e+05 9.006267200013607508e+05 4.613553118361614179e+05 -4.540065621163244214e+04 9.259188840825972147e+04 -5.482688505555326992e+04 3.826462911184590484e+04 6.479682847874653089e+04 -1.098141784154465568e+05
-9.378145630749164149e+06 5.561490847701185383e+06 9.945094473361503333e+05 -3.267397989020830020e+06 -1.131481282258515479e+06 1.994779457118248683e+05 -1.088743830700643826e+06 -1.718928968053123681e+06 -4.511290784489012440e+05 1.063864653774551451e+08 -6.057536883176033385e+06 6.187640495069727302e+06 -3.716182120482025202e+06 -6.393227135131051764e+06 2.245059138555428013e+06 -3.268300752399761695e+06 3.814129138762086630e+06 1.706459923876937246e+06
8.254168186152541079e+06 1.326984690506130084e+07 3.817851226207940839e+06 3.483439783845389029e+05 -7.330355996066609805e+04 1.270242244755505584e+06 -3.333865559459412470e+05 -8.396273759185381641e+04 9.006267200013607508e+05 -6.057536883176033385e+06 7.631059982639613748e+07 1.384157534949354455e+07 -2.569977207199408673e+06 -1.971273500673501694e+05 2.501653687906276900e+06 9.310660591946861241e+05 2.837054643323380034e+06 -2.683710555806396529e+06
-7.403257486139911925e+05 1.926869013298550621e+06 -4.640950500540472567e+05 -3.673320969234664808e+05 -6.733772047217260115e+05 -1.101114814850089169e+05 -6.514913056635685498e+05 -6.631893043356556445e+05 4.613553118361614179e+05 6.187640495069727302e+06 1.384157534949354455e+07 1.783245413385805488e+07 6.898475750380479731e+05 -6.889142797076161951e+05 -2.805088747877837159e+04 -3.195680289247336914e+05 5.161781017512255348e+05 -2.916259342421100009e+05
-5.881377115125432611e+06 2.526702111293037888e+06 1.904091936363397981e+05 2.589054576846241951e+06 1.463298559398628771e+06 2.261925496610060800e+05 1.219850007889040135e+05 -4.332688211181157385e+04 -4.540065621163244214e+04 -3.716182120482025202e+06 -2.569977207199408673e+06 6.898475750380479731e+05 1.171998666051251628e+07 6.156238532356902026e+06 1.251923167615855346e+06 1.391617774443971924e+06 4.501694112021470792e+05 9.873680498345373198e+05
-3.841704147917592898e+06 3.498584064046693675e+04 4.057700891263483209e+05 1.497254634070190368e+06 1.546221406039175810e+06 9.704682054192911892e+04 2.122277255469577212e+05 2.763353315114548313e+05 9.259188840825972147e+04 -6.393227135131051764e+06 -1.971273500673501694e+05 -6.889142797076161951e+05 6.156238532356902026e+06 8.436078762144792825e+06 1.186947208099210635e+06 4.886886103881533490e+05 -2.844029810560191981e+05 3.894036897408484365e+05
-1.975228884752896149e+06 2.650587552625625394e+05 5.296559187596812990e+04 5.771402579374299385e+05 1.065181546995043755e+05 2.557157566885874257e+05 -2.016259001399493718e+05 -1.013795803851249657e+05 -5.482688505555326992e+04 2.245059138555428013e+06 2.501653687906276900e+06 -2.805088747877837159e+04 1.251923167615855346e+06 1.186947208099210635e+06 2.382095982265715022e+06 1.752935623274107347e+05 5.065475392305077403e+05 -7.280115401197563915e+04
1.994281697324080393e+06 1.040789809576842585e+06 1.763321714641999570e+05 -4.642014834899883863e+04 1.449769046528123436e+05 -7.235300655263177759e+04 8.432765342984029849e+04 5.319451724349244614e+04 3.826462911184590484e+04 -3.268300752399761695e+06 9.310660591946861241e+05 -3.195680289247336914e+05 1.391617774443971924e+06 4.886886103881533490e+05 1.752935623274107347e+05 1.525594638779476983e+06 -4.781471214884083020e+04 8.018481691578465689e+04
-1.665212591492832638e+06 1.786373069405455608e+06 4.328106094781770953e+05 1.517055691224561015e+05 -3.704856946198607911e+05 9.394581995369246579e+04 3.081398971028286178e+04 1.118257065231119777e+05 6.479682847874653089e+04 3.814129138762086630e+06 2.837054643323380034e+06 5.161781017512255348e+05 4.501694112021470792e+05 -2.844029810560191981e+05 5.065475392305077403e+05 -4.781471214884083020e+04 1.434529832510361215e+06 2.889488045554728014e+05
-1.164635239641382825e+06 -4.078407213824688806e+05 1.792743652229387371e+05 1.356006962698838033e+05 1.004699852722264040e+05 -4.914457775812051841e+04 9.249383383353138925e+04 -2.299502544512944951e+04 -1.098141784154465568e+05 1.706459923876937246e+06 -2.683710555806396529e+06 -2.916259342421100009e+05 9.873680498345373198e+05 3.894036897408484365e+05 -7.280115401197563915e+04 8.018481691578465689e+04 2.889488045554728014e+05 7.622438374246462481e+05
