4.798068178976312280e+07 -7.063685622545009246e+05 -2.488809711982795561e+05 2.905079924847105984e+06 7.633180658948431956e+05 5.031671082052669371e+05 -5.700988013524186099e+05 4.360705966008255491e+05 3.678257874455972342e+05 3.285785424221180752e+07 6.917450325071414933e+06 4.015928013939105906e+06 5.471031315983085893e+06 1.517566998648212058e+06 -6.025123789519926067e+05 -2.031935497482670005e+06 -7.206649989866451360e+05 -2.555139542532082705e+05
-7.063685622545009246e+05 2.163909200033765286e+07 -5.526675269719397184e+05 -1.562145542611076729e+06 2.758154000564341914e+04 4.385538940787514439e+05 2.227650185679452552e+05 8.368991933995795262e+04 -2.299921967537953460e+05 6.106950966506857425e+06 3.727645182154405396e+06 1.132991377996670827e+07 -6.615945188062482513e+06 9.477010990267070010e+05 2.002852691410744330e+06 1.316281113460087727e+04 -2.374047356027626956e+05 -6.404492123917767312e+05
-2.488809711982795561e+05 -5.526675269719397184e+05 3.377538887779873796e+06 -4.657732144194905413e+05 -2.853466919567664736e+05 -9.044306424666517705e+04 3.784705262026074342e+04 9.077239060633270128e+04 1.746850705117899925e+05 1.270419593293448538e+07 4.124617740496259648e+06 5.026255646494216286e+06 -3.224456944893699605e+06 -5.296096219328774605e+05 5.650009048210099572e+05 -3.089359508375899750e+05 -6.472469921827432700e+05 -6.511748223453066021e+04
2.905079924847105984e+06 -1.562145542611076729e+06 -4.657732144194905413e+05 3.114154950908846688e+06 5.973190464315778809e+05 6.991565159076196142e+04 1.741948175816490548e+05 -4.821079124626006524e+04 8.931793294933157449e+04 -6.665528692875774577e+06 -7.651365270505525405e+05 -1.030528379425136663e+05 3.334179754222426098e+06 5.553747318735402077e+05 2.280548050253212205e+04 1.474414287658297399e+05 3.137557124818997108e+05 -6.034909479596916935e+04
7.633180658948431956e+05 2.758154000564341914e+04 -2.853466919567664736e+05 5.973190464315778809e+05 8.844944354422920151e+05 4.063718162359327107e+04 -1.085569929842952115e+05 1.344246815348583332e+05 6.223247292434464180e+04 -2.017106026023908053e+06 1.530372589420851087e+06 4.896937502354438184e+05 3.144484695034411270e+05 3.563355254194838926e+04 -2.878183154949185555e+05 1.546172879267740645e+05 2.302727851384143287e+05 -9.265761756060803600e+04
5.031671082052669371e+05 4.385538940787514439e+05 -9.044306424666517705e+04 6.991565159076196142e+04 4.063718162359327107e+04 4.491162979128882289e+05 1.751319856201082002e+05 5.660435061738479999e+04 1.120346499631008337e+05 5.624472440249838401e+05 4.329332222281647846e+05 8.263782988245069282e+05 -7.199936618520492921e+05 -4.299550778466857155e+05 3.947794154756786302e+05 1.260021465455605939e+05 4.365336105412904290e+05 8.291837565176511998e+04
-5.700988013524186099e+05 2.227650185679452552e+05 3.784705262026074342e+04 1.741948175816490548e+05 -1.085569929842952115e+05 1.751319856201082002e+05 5.324178700562593294e+05 5.425029871156618356e+03 8.719029685716866516e+04 -2.054784418363787001e+06 -2.272483018388616852e+06 -4.662036785597422859e+05 -5.144395031311930506e+05 -2.517421142579280422e+05 4.861809593026314978e+05 3.812746478846122045e+04 6.675931257391053077e+04 -9.435022159850712342e+04
4.360705966008255491e+05 8.368991933995795262e+04 9.077239060633270128e+04 -4.821079124626006524e+04 1.344246815348583332e+05 5.660435061738479999e+04 5.425029871156618356e+03 2.488228212341999169e+05 6.703907876828280860e+04 6.263669276389816077e+05 -1.814511839948978741e+05 -9.710367458888037363e+05 -2.824654134375167196e+05 -1.207869906812814734e+05 -9.243120108867170347e+04 -8.773653509958030190e+04 1.664649161960594938e+05 -3.639307538891912554e+04
3.678257874455972342e+05 -2.299921967537953460e+05 1.746850705117899925e+05 8.931793294933157449e+04 6.223247292434464180e+04 1.120346499631008337e+05 8.719029685716866516e+04 6.703907876828280860e+04 1.606980022054586734e+05 4.703047166740852990e+05 4.009869714224133058e+05 3.742057672345621395e+05 -3.731004277972581913e+05 9.504916321747523398e+03 9.611330000286237919e+04 1.256912395437410014e+05 7.504013169957541686e+04 -1.045247284167364160e+04
3.285785424221180752e+07 6.106950966506857425e+06 1.270419593293448538e+07 -6.665528692875774577e+06 -2.017106026023908053e+06 5.624472440249838401e+05 -2.054784418363787001e+06 6.263669276389816077e+05 4.703047166740852990e+05 3.881277386339656115e+08 3.516267287165085226e+07 3.087503501844095811e+07 2.814123564066756982e+06 4.595752294471409405e+05 -2.864340939520546701e+06 -5.268666676489170641e+06 -1.590710117012551636e+05 1.088331926312974188e+06
6.917450325071414933e+06 3.727645182154405396e+06 4.124617740496259648e+06 -7.651365270505525405e+05 1.530372589420851087e+06 4.329332222281647846e+05 -2.272483018388616852e+06 -1.814511839948978741e+05 4.009869714224133058e+05 3.516267287165085226e+07 8.176774331373623013e+07 2.994578871781584248e+07 -9.655721468853449449e+06 9.734791082841329044e+05 1.926996292555486783e+06 -4.845859630663124262e+05 -1.108738489186375868e+06 -6.930382084314289968e+05
4.015928013939105906e+06 1.132991377996670827e+07 5.026255646494216286e+06 -1.030528379425136663e+05 4.896937502354438184e+05 8.263782988245069282e+05 -4.662036785597422859e+05 -9.710367458888037363e+05 3.742057672345621395e+05 3.087503501844095811e+07 2.994578871781584248e+07 4.520601316343230754e+07 -7.724232384558632039e+06 -9.700070796464349842e+05 3.181312197625727858e+06 4.483322841593232006e+05 -1.873331574197401293e+06 -5.686648446610202082e+05
5.471031315983085893e+06 -6.615945188062482513e+06 -3.224456944893699605e+06 3.334179754222426098e+06 3.144484695034411270e+05 -7.199936618520492921e+05 -5.144395031311930506e+05 -2.824654134375167196e+05 -3.731004277972581913e+05 2.814123564066756982e+06 -9.655721468853449449e+06 -7.724232384558632039e+06 1.611395243772125244e+07 1.698773198669485282e+06 -1.560069262892594794e+06 -4.400386105776523473e+05 2.446908904247069440e+05 9.513370354053292249e+04
1.517566998648212058e+06 9.477010990267070010e+05 -5.296096219328774605e+05 5.553747318735402077e+05 3.563355254194838926e+04 -4.299550778466857155e+05 -2.517421142579280422e+05 -1.207869906812814734e+05 9.504916321747523398e+03 4.595752294471409405e+05 9.734791082841329044e+05 -9.700070796464349842e+05 1.698773198669485282e+06 6.241636145859845914e+06 -4.583791330389810610e+05 -3.235743548872513566e+04 -9.545953738188020652e+05 -5.346652757151703117e+05
-6.025123789519926067e+05 2.002852691410744330e+06 5.650009048210099572e+05 2.280548050253212205e+04 -2.878183154949185555e+05 3.947794154756786302e+05 4.861809593026314978e+05 -9.243120108867170347e+04 9.611330000286237919e+04 -2.864340939520546701e+06 1.926996292555486783e+06 3.181312197625727858e+06 -1.560069262892594794e+06 -4.583791330389810610e+05 2.751209559567482211e+06 1.481944709394017409e+05 5.026673452938869013e+04 8.028770427183558058e+04
-2.031935497482670005e+06 1.316281113460087727e+04 -3.089359508375899750e+05 1.474414287658297399e+05 1.546172879267740645e+05 1.260021465455605939e+05 3.812746478846122045e+04 -8.773653509958030190e+04 1.256912395437410014e+05 -5.268666676489170641e+06 -4.845859630663124262e+05 4.483322841593232006e+05 -4.400386105776523473e+05 -3.235743548872513566e+04 1.481944709394017409e+05 1.470532356677640695e+06 5.460807656104660127e+05 5.397398254464833735e+04
-7.206649989866451360e+05 -2.374047356027626956e+05 -6.472469921827432700e+05 3.137557124818997108e+05 2.302727851384143287e+05 4.365336105412904290e+05 6.675931257391053077e+04 1.664649161960594938e+05 7.504013169957541686e+04 -1.590710117012551636e+05 -1.108738489186375868e+06 -1.873331574197401293e+06 2.446908904247069440e+05 -9.545953738188020652e+05 5.026673452938869013e+04 5.460807656104660127e+05 1.276839414211333496e+06 3.212355361714641331e+05
-2.555139542532082705e+05 -6.404492123917767312e+05 -6.511748223453066021e+04 -6.034909479596916935e+04 -9.265761756060803600e+04 8.291837565176511998e+04 -9.435022159850712342e+04 -3.639307538891912554e+04 -1.045247284167364160e+04 1.088331926312974188e+06 -6.930382084314289968e+05 -5.686648446610202082e+05 9.513370354053292249e+04 -5.346652757151703117e+05 8.028770427183558058e+04 5.397398254464833735e+04 3.212355361714641331e+05 4.251791834594190004e+05
