4.184243975200407952e+07 4.231441466533294879e+06 5.245854502474110341e+05 -9.110372746270023345e+04 3.385183146303366520e+05 8.342044810989807957e+03 -1.948511706491199147e+05 2.567033702782916953e+05 -2.200778527908689866e+05 -5.935563321991590783e+05 1.129227938233403116e+07 1.005118557959904335e+07 4.033472602255146019e+06 -1.085476336948155513e+05 -6.967021527199300472e+05 8.480080783746805973e+05 1.150117993279848015e+06 -9.526048668927941471e+05
4.231441466533294879e+06 1.197202345945600048e+07 3.431228613995374180e+05 2.404742525907125964e+05 -7.844513372541171266e+05 3.258439392741865013e+05 3.752964631308026728e+05 1.636764447963360872e+05 4.287442201680039580e+04 5.781940580319376662e+06 7.061672774602789432e+06 -3.734609086924057454e+06 4.096205046951626427e+06 7.765559874354576459e+05 -1.088409118451316375e+06 1.549963438558111899e+06 -3.894731502464527730e+05 -8.152876919445192907e+05
5.245854502474110341e+05 3.431228613995374180e+05 5.349473890553534962e+06 3.148534929713283782e+05 7.858998395861259196e+05 9.259730615917656105e+05 4.038524789913742570e+05 4.500837456070315093e+05 3.051050075279168668e+05 4.068112710667717271e+06 2.866972167362972628e+06 4.488116269667710178e+06 2.159103074039432686e+06 2.030484379688362125e+06 1.157110716381278355e+06 3.221111896805604920e+05 1.129461236917456612e+06 -1.107752261450838851e+05
-9.110372746270023345e+04 2.404742525907125964e+05 3.148534929713283782e+05 2.490271246632069349e+06 2.506352666215531281e+04 2.570570242885357584e+05 1.682917044962379732e+05 1.146157882952898217e+05 -1.325251564872077142e+04 -1.187779139146217844e+06 2.479319256002615206e+06 3.728158217477570870e+05 1.180145020085458644e+06 1.131049238091456704e+06 1.412097325872993562e+06 -1.669724029942172274e+04 -3.357999777529916173e+04 3.129954971118951216e+05
3.385183146303366520e+05 -7.844513372541171266e+05 7.858998395861259196e+05 2.506352666215531281e+04 1.042702763931971393e+06 4.826636533657646942e+04 3.133581653484905473e+04 1.706473093564460578e+05 5.783397282284669927e+04 1.709147580315551022e+06 8.438132794582424685e+05 2.234826632408408448e+06 -6.668381026635069866e+05 -3.958712368959924206e+05 -1.726909537246147374e+04 -5.829506368684355402e+05 3.044617728915085900e+05 -2.581391094348474871e+04
8.342044810989807957e+03 3.258439392741865013e+05 9.259730615917656105e+05 2.570570242885357584e+05 4.826636533657646942e+04 6.018626898377708858e+05 2.388922087627119035e+05 5.709032231816418061e+04 5.585446872404487658e+04 1.222051346446800278e+06 1.034846595710302005e+06 4.553787038346629124e+05 6.299706598837154452e+05 7.684667151946235681e+05 4.886923856158647104e+05 1.600995279437760182e+05 2.725004261752141756e+05 -7.252807436210045125e+04
-1.948511706491199147e+05 3.752964631308026728e+05 4.038524789913742570e+05 1.682917044962379732e+05 3.133581653484905473e+04 2.388922087627119035e+05 3.544799180076236371e+05 1.008805288308002782e+05 5.429050509062629862e+04 2.275123838161966763e+06 4.801832777097922517e+05 1.523583896380180959e+05 2.506164027921058005e+05 6.912270916835634853e+04 3.041027697596144280e+05 2.381884140295736433e+05 1.468155708366353065e+05 -7.265961690476597869e+04
2.567033702782916953e+05 1.636764447963360872e+05 4.500837456070315093e+05 1.146157882952898217e+05 1.706473093564460578e+05 5.709032231816418061e+04 1.008805288308002782e+05 2.419030833159747417e+05 3.389628024246764835e+04 2.059442118501155404e+06 3.118691096710683196e+05 9.681987352445351426e+05 3.965014261348244036e+05 2.384259635867632460e+05 1.674384732190939540e+05 9.571130531363734917e+04 2.044803314824179397e+05 1.072833957007967547e+04
-2.200778527908689866e+05 4.287442201680039580e+04 3.051050075279168668e+05 -1.325251564872077142e+04 5.783397282284669927e+04 5.585446872404487658e+04 5.429050509062629862e+04 3.389628024246764835e+04 8.904003758162604936e+04 1.324534364720294252e+06 7.079879105108114891e+04 3.839891928537132917e+05 2.698315524639092037e+05 1.767100120975380996e+05 2.621700384756435597e+04 4.497700994270312367e+04 1.002518151022074453e+05 3.163527396031474564e+04
-5.935563321991590783e+05 5.781940580319376662e+06 4.068112710667717271e+06 -1.187779139146217844e+06 1.709147580315551022e+06 1.222051346446800278e+06 2.275123838161966763e+06 2.059442118501155404e+06 1.324534364720294252e+06 1.478647041621537209e+08 2.141092300479210913e+07 1.463555831796529144e+07 -9.422932326340317726e+06 7.993077483373383293e+05 1.936491440050193050e+05 1.431373185684092343e+06 2.868114276374140754e+06 -1.733947295020957943e+06
1.129227938233403116e+07 7.061672774602789432e+06 2.866972167362972628e+06 2.479319256002615206e+06 8.438132794582424685e+05 1.034846595710302005e+06 4.801832777097922517e+05 3.118691096710683196e+05 7.079879105108114891e+04 2.141092300479210913e+07 7.268888958013027906e+07 -4.392890078155113384e+06 7.793245363740169443e+06 6.766290028718771413e+06 3.201809300730879419e+06 -1.210038565488306340e+06 4.340561691648389678e+05 2.933639875580345397e+05
1.005118557959904335e+07 -3.734609086924057454e+06 4.488116269667710178e+06 3.728158217477570870e+05 2.234826632408408448e+06 4.553787038346629124e+05 1.523583896380180959e+05 9.681987352445351426e+05 3.839891928537132917e+05 1.463555831796529144e+07 -4.392890078155113384e+06 2.765346226832303777e+07 -1.652193723087584658e+05 -7.793991102509503253e+04 2.415823895815393887e+06 -1.466183665764169535e+06 2.078784355771064525e+06 5.509278625688297907e+05
4.033472602255146019e+06 4.096205046951626427e+06 2.159103074039432686e+06 1.180145020085458644e+06 -6.668381026635069866e+05 6.299706598837154452e+05 2.506164027921058005e+05 3.965014261348244036e+05 2.698315524639092037e+05 -9.422932326340317726e+06 7.793245363740169443e+06 -1.652193723087584658e+05 1.226152080521943048e+07 4.726063996835636906e+06 5.186621717933118343e+05 1.645446884484459413e+06 1.101715814456181368e+06 2.199974559450519737e+05
-1.085476336948155513e+05 7.765559874354576459e+05 2.030484379688362125e+06 1.131049238091456704e+06 -3.958712368959924206e+05 7.684667151946235681e+05 6.912270916835634853e+04 2.384259635867632460e+05 1.767100120975380996e+05 7.993077483373383293e+05 6.766290028718771413e+06 -7.793991102509503253e+04 4.726063996835636906e+06 6.133504788231343962e+06 7.798183876456286525e+05 7.308112697300063446e+05 7.275748298144441796e+05 2.879455261758969282e+05
-6.967021527199300472e+05 -1.088409118451316375e+06 1.157110716381278355e+06 1.412097325872993562e+06 -1.726909537246147374e+04 4.886923856158647104e+05 3.041027697596144280e+05 1.674384732190939540e+05 2.621700384756435597e+04 1.936491440050193050e+05 3.201809300730879419e+06 2.415823895815393887e+06 5.186621717933118343e+05 7.798183876456286525e+05 2.279136455256182235e+06 -2.605232296238234267e+05 9.520109952067045015e+03 3.553480684802376782e+05
8.480080783746805973e+05 1.549963438558111899e+06 3.221111896805604920e+05 -1.669724029942172274e+04 -5.829506368684355402e+05 1.600995279437760182e+05 2.381884140295736433e+05 9.571130531363734917e+04 4.497700994270312367e+04 1.431373185684092343e+06 -1.210038565488306340e+06 -1.466183665764169535e+06 1.645446884484459413e+06 7.308112697300063446e+05 -2.605232296238234267e+05 1.795894395497596124e+06 4.554924393968601362e+05 -1.510805114213983179e+05
1.150117993279848015e+06 -3.894731502464527730e+05 1.129461236917456612e+06 -3.357999777529916173e+04 3.044617728915085900e+05 2.725004261752141756e+05 1.468155708366353065e+05 2.044803314824179397e+05 1.002518151022074453e+05 2.868114276374140754e+06 4.340561691648389678e+05 2.078784355771064525e+06 1.101715814456181368e+06 7.275748298144441796e+05 9.520109952067045015e+03 4.554924393968601362e+05 1.233179828600274865e+06 -9.482388619350659428e+04
-9.526048668927941471e+05 -8.152876919445192907e+05 -1.107752261450838851e+05 3.129954971118951216e+05 -2.581391094348474871e+04 -7.252807436210045125e+04 -7.265961690476597869e+04 1.072833957007967547e+04 3.163527396031474564e+04 -1.733947295020957943e+06 2.933639875580345397e+05 5.509278625688297907e+05 2.199974559450519737e+05 2.879455261758969282e+05 3.553480684802376782e+05 -1.510805114213983179e+05 -9.482388619350659428e+04 4.597570231354323332e+05
