4.625014538288594782e+07 -7.200518743475780357e+05 -1.408057182206634199e+06 -3.459031523915050086e+06 -1.454457582805554848e+06 -4.349438129101555678e+05 1.395026671793895541e+06 7.917006792649490526e+05 4.623805053852534620e+05 2.966859391128407046e+07 -1.258542178881510627e+06 -2.570166535672631115e+06 1.066407781141708372e+06 3.858987338451263029e+06 2.358697757996126544e+06 1.217883361722679576e+06 7.341881297317772405e+05 2.749004913414600771e+06
-7.200518743475780357e+05 2.071054334267096221e+07 1.253390524242558051e+06 8.975436653127097088e+03 5.061328618704734254e+05 -3.119506076236992376e+05 2.812158627042806474e+05 -3.596427361423163093e+05 -2.872325195851695607e+05 -5.521142159316086210e+06 -1.249177341069964692e+06 5.851654182362013496e+06 3.306451961403315887e+06 -9.614511109954682179e+05 1.289461307506834390e+06 8.713802350606020773e+05 7.315915553977028467e+05 -6.359276797428682912e+05
-1.408057182206634199e+06 1.253390524242558051e+06 5.975908297825960442e+06 8.040649426183481701e+05 7.619166257325239712e+05 -4.998639091736784758e+04 4.958366212471841573e+04 2.244680424184264557e+05 -9.823484089198886068e+04 5.193211973075112328e+06 2.629187779802093282e+06 5.386240463856065646e+06 3.446696910298343282e+05 6.515241191512125079e+05 -1.036537865260095452e+06 4.522472655570789357e+04 -2.464482248396358627e+05 -9.230004644108389039e+04
-3.459031523915050086e+06 8.975436653127097088e+03 8.040649426183481701e+05 2.349920521556981839e+06 8.921405342817507917e+05 3.347654500640062615e+05 1.287376170849550690e+05 1.425880382681452611e+05 -5.966578189981560718e+04 -5.729622929803292500e+05 3.512480432986468659e+05 1.240830406654226361e+06 -2.112993787555121817e+05 1.208473232775150100e+06 5.423898436528573511e+05 7.465596500093543436e+05 -5.129957725964408746e+04 -3.296136831649909727e+05
-1.454457582805554848e+06 5.061328618704734254e+05 7.619166257325239712e+05 8.921405342817507917e+05 1.026240514802145190e+06 2.269866900923401408e+05 1.720191982834557712e+05 1.610889644129777153e+05 6.881036956134185311e+04 -3.575656858097732766e+05 -2.244985809270083439e+06 9.638785676914022770e+05 2.626679349197190095e+04 7.554584555947799236e+05 4.239226239699875587e+05 4.076616071666225325e+05 3.052441304247173830e+05 -6.959627471795398742e+04
-4.349438129101555678e+05 -3.119506076236992376e+05 -4.998639091736784758e+04 3.347654500640062615e+05 2.269866900923401408e+05 4.971256693556027603e+05 2.151213311382731627e+04 6.396314289289458247e+04 7.928759399164764909e+04 -3.651300554026651662e+05 -6.898405717366139288e+04 -9.334643520354882348e+05 6.222362971865829313e+05 2.607640422505564056e+05 3.279272705075103440e+05 -5.737789723339935881e+04 1.686801636871916708e+05 -8.667361338480393897e+03
1.395026671793895541e+06 2.812158627042806474e+05 4.958366212471841573e+04 1.287376170849550690e+05 1.720191982834557712e+05 2.151213311382731627e+04 2.813739274450287339e+05 -3.827625680253263454e+03 -1.738458056525688517e+04 6.622962263141710719e+04 -2.316305776513320394e+06 -1.345507683976666594e+05 2.691316785715551232e+05 3.699306044139364385e+05 3.317626100035537384e+05 2.441613740449926700e+05 4.771580975121451775e+04 1.162000320321238360e+04
7.917006792649490526e+05 -3.596427361423163093e+05 2.244680424184264557e+05 1.425880382681452611e+05 1.610889644129777153e+05 6.396314289289458247e+04 -3.827625680253263454e+03 1.681070523241819756e+05 5.005280025602750538e+04 9.098512440627862234e+05 -5.599349255867026513e+05 -1.295053553279463667e+05 -2.514537870820170210e+05 2.289910555144049576e+05 3.219299872156439233e+04 9.177772174743606593e+04 1.019320216425582039e+05 3.304355744394342037e+04
4.623805053852534620e+05 -2.872325195851695607e+05 -9.823484089198886068e+04 -5.966578189981560718e+04 6.881036956134185311e+04 7.928759399164764909e+04 -1.738458056525688517e+04 5.005280025602750538e+04 1.259247929732853518e+05 -7.447892359670437872e+05 -2.360508464022899279e+05 -2.168160617024131934e+05 -2.213295270256401564e+05 2.210918417700247301e+04 -7.832726938177713600e+04 -1.978232506667368580e+04 2.274013184418435048e+04 9.649662476215889910e+04
2.966859391128407046e+07 -5.521142159316086210e+06 5.193211973075112328e+06 -5.729622929803292500e+05 -3.575656858097732766e+05 -3.651300554026651662e+05 6.622962263141710719e+04 9.098512440627862234e+05 -7.447892359670437872e+05 2.171654462674163580e+08 1.876843421508544683e+07 -1.879478378465976194e+07 -5.274649507191028446e+06 1.142924318670092523e+07 4.090133312535580248e+06 -3.429240908044176176e+05 1.804168678182769567e+06 4.696523224333370104e+06
-1.258542178881510627e+06 -1.249177341069964692e+06 2.629187779802093282e+06 3.512480432986468659e+05 -2.244985809270083439e+06 -6.898405717366139288e+04 -2.316305776513320394e+06 -5.599349255867026513e+05 -2.360508464022899279e+05 1.876843421508544683e+07 7.898653390740333498e+07 6.686053773503843695e+06 -2.828582625612440985e+06 -3.306908746145840269e+06 -1.647335865155005828e+06 -2.939372262787161861e+06 -1.411985716554182349e+06 1.499434701189433690e+06
-2.570166535672631115e+06 5.851654182362013496e+06 5.386240463856065646e+06 1.240830406654226361e+06 9.638785676914022770e+05 -9.334643520354882348e+05 -1.345507683976666594e+05 -1.295053553279463667e+05 -2.168160617024131934e+05 -1.879478378465976194e+07 6.686053773503843695e+06 2.245308011979026720e+07 2.053111976854505774e+05 -2.056132125903091626e+06 -3.652274959904271236e+04 7.093622946916233050e+05 -3.884327008013675222e+05 -8.328110289003544021e+05
1.066407781141708372e+06 3.306451961403315887e+06 3.446696910298343282e+05 -2.112993787555121817e+05 2.626679349197190095e+04 6.222362971865829313e+05 2.691316785715551232e+05 -2.514537870820170210e+05 -2.213295270256401564e+05 -5.274649507191028446e+06 -2.828582625612440985e+06 2.053111976854505774e+05 1.029614616530559957e+07 2.193179057930525392e+06 1.299888940034893807e+06 -2.991771723129876191e+05 1.331218119680891978e+06 -4.004531567627041368e+05
3.858987338451263029e+06 -9.614511109954682179e+05 6.515241191512125079e+05 1.208473232775150100e+06 7.554584555947799236e+05 2.607640422505564056e+05 3.699306044139364385e+05 2.289910555144049576e+05 2.210918417700247301e+04 1.142924318670092523e+07 -3.306908746145840269e+06 -2.056132125903091626e+06 2.193179057930525392e+06 7.201813937984017655e+06 7.102986839019840118e+05 1.630459299563079607e+06 1.377207156990446092e+05 2.933310813311669044e+05
2.358697757996126544e+06 1.289461307506834390e+06 -1.036537865260095452e+06 5.423898436528573511e+05 4.239226239699875587e+05 3.279272705075103440e+05 3.317626100035537384e+05 3.219299872156439233e+04 -7.832726938177713600e+04 4.090133312535580248e+06 -1.647335865155005828e+06 -3.652274959904271236e+04 1.299888940034893807e+06 7.102986839019840118e+05 2.703441456862936728e+06 8.989589595284883399e+05 6.389324777241401607e+05 -1.274115366716730023e+04
1.217883361722679576e+06 8.713802350606020773e+05 4.522472655570789357e+04 7.465596500093543436e+05 4.076616071666225325e+05 -5.737789723339935881e+04 2.441613740449926700e+05 9.177772174743606593e+04 -1.978232506667368580e+04 -3.429240908044176176e+05 -2.939372262787161861e+06 7.093622946916233050e+05 -2.991771723129876191e+05 1.630459299563079607e+06 8.989589595284883399e+05 1.734025455221754964e+06 2.822414608420209261e+05 -2.081465366884312825e+05
7.341881297317772405e+05 7.315915553977028467e+05 -2.464482248396358627e+05 -5.129957725964408746e+04 3.052441304247173830e+05 1.686801636871916708e+05 4.771580975121451775e+04 1.019320216425582039e+05 2.274013184418435048e+04 1.804168678182769567e+06 -1.411985716554182349e+06 -3.884327008013675222e+05 1.331218119680891978e+06 1.377207156990446092e+05 6.389324777241401607e+05 2.822414608420209261e+05 1.114362981457016896e+06 -2.527753074002734138e+03
2.749004913414600771e+06 -6.359276797428682912e+05 -9.230004644108389039e+04 -3.296136831649909727e+05 -6.959627471795398742e+04 -8.667361338480393897e+03 1.162000320321238360e+04 3.304355744394342037e+04 9.649662476215889910e+04 4.696523224333370104e+06 1.499434701189433690e+06 -8.328110289003544021e+05 -4.004531567627041368e+05 2.933310813311669044e+05 -1.274115366716730023e+04 -2.081465366884312825e+05 -2.527753074002734138e+03 7.300783878200977342e+05
