4.637576153675169498e+07 6.362753048805971630e+06 1.488611783023684518e+06 8.116228596890057670e+05 1.113101020749085117e+06 -1.485327840625945944e+06 5.702775848725930555e+05 3.118746872770043556e+05 -4.752529735756643640e+04 2.648487491967984941e+06 -4.792701881240162998e+06 6.701012654059383785e+05 -8.590846788923008135e+05 1.451702880804926099e+05 -6.444252068958826567e+04 -1.803548573555467185e+06 1.418410353494763607e+06 3.335365593721136102e+05
6.362753048805971630e+06 1.579134205522361211e+07 1.688326565313578176e+05 -8.763137199679947225e+05 -1.513943009730803606e+05 2.164867023936751866e+04 3.977535176375262672e+05 -3.378422702186449314e+05 -3.018629945472947384e+03 -7.282791530688946135e+06 4.295765203202835284e+06 -2.904203594346688129e+06 -4.775275625305122696e+06 1.036694652324591298e+06 -1.658909178144013043e+06 -9.525682806006955216e+05 -1.825955083199287765e+05 -5.488697803379921243e+04
1.488611783023684518e+06 1.688326565313578176e+05 5.922587885518748313e+06 9.404871932501443662e+05 2.740697859670696562e+04 -2.938264604974174290e+05 -1.651233900964418717e+04 -2.454371443873587123e+05 1.655880880018205789e+04 1.065529820852679200e+07 4.215502947851969860e+06 8.349900360223226249e+06 2.614913320071563590e+06 -8.321969039633066859e+05 -5.109965736896766466e+05 -4.506326487066975096e+04 -3.638249030631456408e+05 2.510184249030985520e+05
8.116228596890057670e+05 -8.763137199679947225e+05 9.404871932501443662e+05 1.981858537000582786e+06 -4.694572349899246910e+04 -1.366616583327618137e+05 -2.147371674985317804e+05 -4.397688455546433397e+04 6.349656699721163750e+04 -2.209325321108406875e+06 2.772265767415418290e+06 3.486920832905163406e+05 1.924536011396374321e+06 1.663018736135141226e+05 -1.083521464228277182e+05 -2.401812953266958066e+05 -4.678059862907888019e+05 -1.142858564200310184e+03
1.113101020749085117e+06 -1.513943009730803606e+05 2.740697859670696562e+04 -4.694572349899246910e+04 9.041539364030000288e+05 2.795356410717295366e+05 1.370024019208296668e+05 4.533938898375326971e+04 1.776665549968365813e+05 -3.978381246176078566e+05 -1.421892235530342208e+06 2.267965282882776228e+05 3.065194554940179223e+05 3.222836312963062082e+05 2.236704610878875246e+05 1.470284266949951416e+05 -9.899270266619270842e+04 -1.072027345385286317e+05
-1.485327840625945944e+06 2.164867023936751866e+04 -2.938264604974174290e+05 -1.366616583327618137e+05 2.795356410717295366e+05 5.915612726021007402e+05 1.981904894558561500e+05 7.904300371593805903e+04 2.688874168164158982e+04 -1.731383461492582283e+05 2.033692831886626314e+06 3.359846030495723826e+05 2.499644346882382815e+05 2.790271848770328143e+04 -2.624763032403268426e+03 9.640479403425104101e+04 -2.280062581432677107e+05 -1.558771571976837731e+04
5.702775848725930555e+05 3.977535176375262672e+05 -1.651233900964418717e+04 -2.147371674985317804e+05 1.370024019208296668e+05 1.981904894558561500e+05 2.616293119560555206e+05 3.477465557687391265e+04 1.759715804066964483e+04 3.857590376126054325e+05 -2.606995444433207740e+05 2.514467392093002563e+05 -4.144890630531829083e+05 -2.064302746073896415e+05 -1.403786755395691434e+05 1.211744989485935075e+05 -4.664685900879610563e+04 8.638206715455835365e+03
3.118746872770043556e+05 -3.378422702186449314e+05 -2.454371443873587123e+05 -4.397688455546433397e+04 4.533938898375326971e+04 7.904300371593805903e+04 3.477465557687391265e+04 1.271095772253434843e+05 -3.250938199180575248e+04 1.147823231012561155e+05 -2.928852164028225234e+05 -3.068728315885842312e+05 -4.903249761381893040e+04 1.296309492079362681e+05 1.212666796280741983e+05 -2.719334041318600430e+04 8.267581135505672137e+03 4.873622607679887733e+04
-4.752529735756643640e+04 -3.018629945472947384e+03 1.655880880018205789e+04 6.349656699721163750e+04 1.776665549968365813e+05 2.688874168164158982e+04 1.759715804066964483e+04 -3.250938199180575248e+04 1.639945134588792571e+05 8.602138456924959319e+05 -5.045318263558347244e+05 -1.051589678987606021e+05 6.023274158148629795e+04 5.256985358058333804e+04 1.926295735111718022e+04 -4.660982387630829908e+04 -8.068938182895375576e+03 -2.515777813687739399e+04
2.648487491967984941e+06 -7.282791530688946135e+06 1.065529820852679200e+07 -2.209325321108406875e+06 -3.978381246176078566e+05 -1.731383461492582283e+05 3.857590376126054325e+05 1.147823231012561155e+05 8.602138456924959319e+05 3.026358291922147274e+08 1.761828899838013202e+07 2.736358248911930993e+07 -1.708430049115741253e+07 -4.290442160206714645e+06 2.270554866183133330e+06 -1.014297856235103100e+06 3.779147425030890736e+05 1.332461185638254043e+06
-4.792701881240162998e+06 4.295765203202835284e+06 4.215502947851969860e+06 2.772265767415418290e+06 -1.421892235530342208e+06 2.033692831886626314e+06 -2.606995444433207740e+05 -2.928852164028225234e+05 -5.045318263558347244e+05 1.761828899838013202e+07 6.911880998436985910e+07 1.224303068275783397e+07 4.030897621649149805e+06 1.952063303612221964e+06 -1.315855916369935730e+06 -4.345024268691720441e+06 -2.482213895619592629e+06 -3.467258026207443909e+05
6.701012654059383785e+05 -2.904203594346688129e+06 8.349900360223226249e+06 3.486920832905163406e+05 2.267965282882776228e+05 3.359846030495723826e+05 2.514467392093002563e+05 -3.068728315885842312e+05 -1.051589678987606021e+05 2.736358248911930993e+07 1.224303068275783397e+07 4.001024435024584830e+07 9.308962165759606287e+06 -4.250456643258414115e+05 -1.662797693049203139e+06 -1.278358736630430911e+06 1.009587140258557512e+06 1.951407813143612293e+05
-8.590846788923008135e+05 -4.775275625305122696e+06 2.614913320071563590e+06 1.924536011396374321e+06 3.065194554940179223e+05 2.499644346882382815e+05 -4.144890630531829083e+05 -4.903249761381893040e+04 6.023274158148629795e+04 -1.708430049115741253e+07 4.030897621649149805e+06 9.308962165759606287e+06 1.601629680272442661e+07 2.429697740863248240e+06 9.706759330351407407e+05 8.507641659219964640e+05 -7.791668469246545283e+04 2.960326150227458565e+05
1.451702880804926099e+05 1.036694652324591298e+06 -8.321969039633066859e+05 1.663018736135141226e+05 3.222836312963062082e+05 2.790271848770328143e+04 -2.064302746073896415e+05 1.296309492079362681e+05 5.256985358058333804e+04 -4.290442160206714645e+06 1.952063303612221964e+06 -4.250456643258414115e+05 2.429697740863248240e+06 3.195823450571890455e+06 6.078128745837588795e+05 2.297887093314154481e+05 -1.146923008083608293e+05 1.629454058709227829e+05
-6.444252068958826567e+04 -1.658909178144013043e+06 -5.109965736896766466e+05 -1.083521464228277182e+05 2.236704610878875246e+05 -2.624763032403268426e+03 -1.403786755395691434e+05 1.212666796280741983e+05 1.926295735111718022e+04 2.270554866183133330e+06 -1.315855916369935730e+06 -1.662797693049203139e+06 9.706759330351407407e+05 6.078128745837588795e+05 2.182102524305382278e+06 9.123251316367348190e+05 -1.117104564787778509e+05 6.604256074039911618e+04
-1.803548573555467185e+06 -9.525682806006955216e+05 -4.506326487066975096e+04 -2.401812953266958066e+05 1.470284266949951416e+05 9.640479403425104101e+04 1.211744989485935075e+05 -2.719334041318600430e+04 -4.660982387630829908e+04 -1.014297856235103100e+06 -4.345024268691720441e+06 -1.278358736630430911e+06 8.507641659219964640e+05 2.297887093314154481e+05 9.123251316367348190e+05 2.078320039555506082e+06 6.241346077117760615e+03 1.008121226340448920e+05
1.418410353494763607e+06 -1.825955083199287765e+05 -3.638249030631456408e+05 -4.678059862907888019e+05 -9.899270266619270842e+04 -2.280062581432677107e+05 -4.664685900879610563e+04 8.267581135505672137e+03 -8.068938182895375576e+03 3.779147425030890736e+05 -2.482213895619592629e+06 1.009587140258557512e+06 -7.791668469246545283e+04 -1.146923008083608293e+05 -1.117104564787778509e+05 6.241346077117760615e+03 7.594096138030773727e+05 3.609049099965518690e+04
3.335365593721136102e+05 -5.488697803379921243e+04 2.510184249030985520e+05 -1.142858564200310184e+03 -1.072027345385286317e+05 -1.558771571976837731e+04 8.638206715455835365e+03 4.873622607679887733e+04 -2.515777813687739399e+04 1.332461185638254043e+06 -3.467258026207443909e+05 1.951407813143612293e+05 2.960326150227458565e+05 1.629454058709227829e+05 6.604256074039911618e+04 1.008121226340448920e+05 3.609049099965518690e+04 3.300131593498441507e+05
