3.934978360713824630e+07 -7.274046916025756858e+06 -2.641312783953391947e+06 9.045353226159816841e+05 -2.031194257873086957e+06 1.934932544778619194e+05 5.526411015157076763e+05 1.081773560595084564e+05 -3.086627990498680811e+04 1.214083135594513826e+07 1.098502908915153705e+07 4.359695803168287501e+06 -3.224345096577371005e+06 -1.846133001070669619e+06 -2.057146688743975479e+06 -2.143383950076355832e+05 1.381537634698979091e+05 -1.959811694061488015e+04
-7.274046916025756858e+06 1.192862170741035417e+07 1.513696904887727695e+06 -2.040986085979228665e+04 1.198474791302099184e+05 3.687140059130489826e+05 2.245720221589569337e+04 2.625750803764545708e+05 -1.091020570693203263e+04 3.982433255804510321e+06 3.130210851287444588e+06 -6.844972566600491700e+04 -8.433419149456351297e+05 -1.289001189364169491e+06 -5.208180875048390590e+05 4.681643410184948152e+04 4.046873449326530099e+05 -5.798810311966493027e+05
-2.641312783953391947e+06 1.513696904887727695e+06 3.850243773434134666e+06 -2.656754469205709174e+05 -2.986392048429874121e+05 1.829776714335624129e+05 -3.387831078500865842e+05 1.654077170669032494e+05 1.510160522020058706e+05 -3.358281698477183469e+06 -2.408843403915663715e+06 6.163390117551526055e+05 -1.366244514278840274e+06 1.187250507761564106e+06 -4.928398811207676772e+05 -9.843538704434360843e+05 -2.603091154234934365e+05 5.756713031600270369e+03
9.045353226159816841e+05 -2.040986085979228665e+04 -2.656754469205709174e+05 2.257784481124314480e+06 1.894015703678856080e+05 2.213918878402682021e+05 1.966906958609461726e+05 -1.698863733935569180e+05 -1.461638234928341626e+04 -5.445352619768596487e+05 -5.197739738879131037e+05 -7.668912916384333512e+05 1.612513865380936069e+06 -2.422252000750424922e+05 -2.220245283664711751e+05 4.584840217323094839e+04 -4.625997327593350783e+05 1.204421168704549782e+05
-2.031194257873086957e+06 1.198474791302099184e+05 -2.986392048429874121e+05 1.894015703678856080e+05 1.500128044848013436e+06 3.034359736858937322e+04 1.189163576934296289e+05 -1.377378000619318918e+05 -4.545124674210821831e+04 3.021388029860970099e+06 -1.869560363548740279e+06 1.213471601198079064e+06 8.853151393923956493e+04 1.007131237606647774e+06 8.396122252573542064e+05 1.255312914165869879e+05 -2.441954505967560981e+05 8.704738533511858259e+04
1.934932544778619194e+05 3.687140059130489826e+05 1.829776714335624129e+05 2.213918878402682021e+05 3.034359736858937322e+04 7.617135833223483060e+05 1.307446031651750382e+05 1.130390482763704858e+04 6.298884275979745871e+04 -1.929331810361755546e+06 -9.958754859679449582e+05 -5.721611286900409323e+04 -3.170230951228457852e+05 -1.186588850952323446e+04 3.278111492531640106e+05 -3.568099112158442731e+05 -9.334387771688202338e+04 2.194495722835186170e+05
5.526411015157076763e+05 2.245720221589569337e+04 -3.387831078500865842e+05 1.966906958609461726e+05 1.189163576934296289e+05 1.307446031651750382e+05 2.737067322010153439e+05 -4.259427804627443948e+03 -8.758450982561191722e+02 1.794066442543956451e+06 5.439697748539678287e+05 2.001579402309467259e+05 3.762880755456407205e+05 -1.758862350617443153e+05 -1.375446578025623239e+04 -1.054455722461311234e+05 -5.207414791157533909e+04 1.614975030026165769e+05
1.081773560595084564e+05 2.625750803764545708e+05 1.654077170669032494e+05 -1.698863733935569180e+05 -1.377378000619318918e+05 1.130390482763704858e+04 -4.259427804627443948e+03 1.446997483733452391e+05 5.386463648913217185e+04 -6.560937518937418936e+05 2.393109086023735872e+05 -2.859985759455151856e+05 -2.845724101497294614e+05 -1.910889526594528579e+05 -1.291395400167695479e+05 -5.316900253552876529e+04 -3.034389642500127957e+04 1.285099633153434297e+04
-3.086627990498680811e+04 -1.091020570693203263e+04 1.510160522020058706e+05 -1.461638234928341626e+04 -4.545124674210821831e+04 6.298884275979745871e+04 -8.758450982561191722e+02 5.386463648913217185e+04 9.666401136346677958e+04 -1.505797052617572481e+06 2.488622618542780401e+05 -9.834008812746081094e+04 -1.424745803069128597e+05 8.391000508111658564e+04 2.573032636578245365e+04 4.215961805643155822e+04 -3.470803138900436170e+04 9.182354675980001048e+04
1.214083135594513826e+07 3.982433255804510321e+06 -3.358281698477183469e+06 -5.445352619768596487e+05 3.021388029860970099e+06 -1.929331810361755546e+06 1.794066442543956451e+06 -6.560937518937418936e+05 -1.505797052617572481e+06 1.532067348082624376e+08 -8.459945334486300126e+06 -6.899138158440575004e+06 -8.630725218266646843e+05 -5.105895476243376732e+06 -5.821168352713409811e+06 -9.602317118599748937e+05 -1.879282794783321908e+06 -2.370494850939552765e+06
1.098502908915153705e+07 3.130210851287444588e+06 -2.408843403915663715e+06 -5.197739738879131037e+05 -1.869560363548740279e+06 -9.958754859679449582e+05 5.439697748539678287e+05 2.393109086023735872e+05 2.488622618542780401e+05 -8.459945334486300126e+06 4.198288020126635581e+07 2.116277462720042386e+05 -4.087329141849041916e+06 3.958987080101121217e+06 2.445450393150646240e+06 2.353494164400239941e+06 1.198484560639324365e+06 -4.462640017905997229e+04
4.359695803168287501e+06 -6.844972566600491700e+04 6.163390117551526055e+05 -7.668912916384333512e+05 1.213471601198079064e+06 -5.721611286900409323e+04 2.001579402309467259e+05 -2.859985759455151856e+05 -9.834008812746081094e+04 -6.899138158440575004e+06 2.116277462720042386e+05 2.521821451790164784e+07 3.084119048364896793e+06 2.762032403823871166e+06 1.613282694759283913e+06 4.947112986065188888e+05 -3.614863719455718528e+05 4.671101511515696184e+05
-3.224345096577371005e+06 -8.433419149456351297e+05 -1.366244514278840274e+06 1.612513865380936069e+06 8.853151393923956493e+04 -3.170230951228457852e+05 3.762880755456407205e+05 -2.845724101497294614e+05 -1.424745803069128597e+05 -8.630725218266646843e+05 -4.087329141849041916e+06 3.084119048364896793e+06 1.150229472732228599e+07 9.665244392564346781e+05 -9.065950833174352301e+05 -2.630766026019969140e+05 -8.965391591057350161e+04 2.165572243434394186e+05
-1.846133001070669619e+06 -1.289001189364169491e+06 1.187250507761564106e+06 -2.422252000750424922e+05 1.007131237606647774e+06 -1.186588850952323446e+04 -1.758862350617443153e+05 -1.910889526594528579e+05 8.391000508111658564e+04 -5.105895476243376732e+06 3.958987080101121217e+06 2.762032403823871166e+06 9.665244392564346781e+05 7.015356391049327329e+06 9.797642498047979316e+05 3.991886777132381103e+05 -2.292465453980090097e+05 5.174271591804734780e+05
-2.057146688743975479e+06 -5.208180875048390590e+05 -4.928398811207676772e+05 -2.220245283664711751e+05 8.396122252573542064e+05 3.278111492531640106e+05 -1.375446578025623239e+04 -1.291395400167695479e+05 2.573032636578245365e+04 -5.821168352713409811e+06 2.445450393150646240e+06 1.613282694759283913e+06 -9.065950833174352301e+05 9.797642498047979316e+05 2.773485020434746984e+06 1.799704628699887835e+05 4.458485206151165767e+04 -2.528101198259124940e+05
-2.143383950076355832e+05 4.681643410184948152e+04 -9.843538704434360843e+05 4.584840217323094839e+04 1.255312914165869879e+05 -3.568099112158442731e+05 -1.054455722461311234e+05 -5.316900253552876529e+04 4.215961805643155822e+04 -9.602317118599748937e+05 2.353494164400239941e+06 4.947112986065188888e+05 -2.630766026019969140e+05 3.991886777132381103e+05 1.799704628699887835e+05 1.492799592298593838e+06 3.636055268682207679e+04 2.627780969547284767e+05
1.381537634698979091e+05 4.046873449326530099e+05 -2.603091154234934365e+05 -4.625997327593350783e+05 -2.441954505967560981e+05 -9.334387771688202338e+04 -5.207414791157533909e+04 -3.034389642500127957e+04 -3.470803138900436170e+04 -1.879282794783321908e+06 1.198484560639324365e+06 -3.614863719455718528e+05 -8.965391591057350161e+04 -2.292465453980090097e+05 4.458485206151165767e+04 3.636055268682207679e+04 7.113535850077506620e+05 -9.284472831166748074e+04
-1.959811694061488015e+04 -5.798810311966493027e+05 5.756713031600270369e+03 1.204421168704549782e+05 8.704738533511858259e+04 2.194495722835186170e+05 1.614975030026165769e+05 1.285099633153434297e+04 9.182354675980001048e+04 -2.370494850939552765e+06 -4.462640017905997229e+04 4.671101511515696184e+05 2.165572243434394186e+05 5.174271591804734780e+05 -2.528101198259124940e+05 2.627780969547284767e+05 -9.284472831166748074e+04 8.841087880242922110e+05
