# lambda=0.002045524819992608
5.142999266183469445e+07 4.773983040736896917e+06 -1.035318984563806589e+05 5.325479437167191645e+05 2.306284021002450318e+05 2.022209352581718122e+05 1.580902473483478825e+05 1.216061855439939973e+05 5.096950650089364353e+04 2.042728304844331369e+07 5.406152119225190021e+06 -4.443518579201195971e+05 2.901448326707031083e+04 2.440674809535808745e+05 4.127229023491532280e+04 1.911394844783473527e+05 3.516736458781405236e+05 -1.221810081321611360e+05
4.773983040736896917e+06 1.674584362957468443e+07 1.859887308292469243e+06 3.292593517692599562e+05 2.771726727070205961e+05 1.243223706998766720e+05 6.363307590266171610e+04 1.400182164117076027e+05 6.070638362669516937e+04 4.220205873069571331e+06 1.018382676086231321e+07 1.649983321677905740e+06 5.433095485593531048e+05 2.919896286177028669e+05 4.635548589827079559e+04 1.466497822236345673e+05 3.757251865395342611e+04 3.135897827936551766e+04
-1.035318984563806589e+05 1.859887308292469243e+06 5.233723290951373987e+06 7.623805779913683655e+05 1.865035547609422356e+05 1.105425238848278095e+05 4.284101816472833161e+04 6.296136822014758218e+04 4.251010111170514574e+04 7.688711930066060741e+05 1.152479780207982287e+06 3.301282355125213973e+06 6.170574683574743103e+05 2.310052272835584881e+05 1.667970018604982761e+05 -5.922201568755129119e+04 -6.352683025212950270e+03 5.594401123198590358e+04
5.325479437167191645e+05 3.292593517692599562e+05 7.623805779913683655e+05 2.156674178595212288e+06 2.941320471345402184e+05 8.212210638641638798e+04 4.469848900890201912e+04 3.670772734667130135e+04 4.929275269987252250e+04 -4.854531198597077746e+05 6.361336796186277643e+05 6.660474016515690600e+05 1.166915531938224798e+06 3.717494213825857150e+05 1.010826004886155570e+05 5.363311265618773177e+04 -3.013424398530896360e+04 6.083490989692789299e+04
2.306284021002450318e+05 2.771726727070205961e+05 1.865035547609422356e+05 2.941320471345402184e+05 1.058545252608162584e+06 1.545943183587592794e+05 3.923666900699894177e+04 3.936408492688615661e+04 4.116902691602335835e+04 5.099293393452963210e+05 9.138580366337565647e+04 1.204755415550752787e+03 1.208246256060490123e+05 6.215210189298342448e+05 1.781396634585688880e+05 3.319245167938337545e+04 3.219551984605856705e+04 1.454178232790027687e+04
2.022209352581718122e+05 1.243223706998766720e+05 1.105425238848278095e+05 8.212210638641638798e+04 1.545943183587592794e+05 5.713871933989495737e+05 8.084646897268632893e+04 3.294174582431078306e+04 2.688745439659896874e+04 -1.108863909784204734e+05 1.240734251428120558e+02 4.453735326659119892e+04 5.037086758588860539e+04 1.146836301383000246e+05 3.137695273340216954e+05 7.040913421817966446e+04 4.891612812901093275e+04 -3.021558111097193660e+02
1.580902473483478825e+05 6.363307590266171610e+04 4.284101816472833161e+04 4.469848900890201912e+04 3.923666900699894177e+04 8.084646897268632893e+04 3.339795253407153068e+05 5.687675422889454057e+04 2.206234343946599984e+04 -2.078931335188861704e+05 -1.139341763818556792e+05 -4.782078566074209084e+04 7.391902313654721365e+04 3.281954944837631047e+04 8.543758200914878398e+04 1.576440534274698002e+05 4.817405962208480196e+04 2.751610671720101527e+04
1.216061855439939973e+05 1.400182164117076027e+05 6.296136822014758218e+04 3.670772734667130135e+04 3.936408492688615661e+04 3.294174582431078306e+04 5.687675422889454057e+04 2.012836004844707786e+05 4.205389427403412992e+04 -8.433072772552509559e+04 -1.393420120538543961e+04 -4.725710166571866284e+04 4.938671059065605732e+03 3.789842990091721003e+04 4.546474309322598856e+04 4.813313480526126659e+04 1.114863022187327006e+05 3.354221198376995017e+04
5.096950650089364353e+04 6.070638362669516937e+04 4.251010111170514574e+04 4.929275269987252250e+04 4.116902691602335835e+04 2.688745439659896874e+04 2.206234343946599984e+04 4.205389427403412992e+04 1.205878054499251448e+05 3.154790779828615632e+04 5.978705620398774772e+04 -3.470075527743592261e+02 3.109768120180562619e+04 5.777708471082267351e+03 2.670720832272159168e+04 3.021896443649148569e+04 3.742534464449366351e+04 6.082434045349625376e+04
2.042728304844331369e+07 4.220205873069571331e+06 7.688711930066060741e+05 -4.854531198597077746e+05 5.099293393452963210e+05 -1.108863909784204734e+05 -2.078931335188861704e+05 -8.433072772552509559e+04 3.154790779828615632e+04 2.432202375899977088e+08 2.377269566733989120e+07 2.286140857093137223e+06 -1.450751745043964183e+05 -7.585963788823697250e+05 2.661932890337478602e+05 3.119783148723347113e+05 -1.567015491551512387e+05 3.545936603409718373e+05
5.406152119225190021e+06 1.018382676086231321e+07 1.152479780207982287e+06 6.361336796186277643e+05 9.138580366337565647e+04 1.240734251428120558e+02 -1.139341763818556792e+05 -1.393420120538543961e+04 5.978705620398774772e+04 2.377269566733989120e+07 7.989302645087042451e+07 8.606052751498470083e+06 1.063735574302877299e+06 5.461796255956850946e+05 -7.673850214769288141e+04 3.781151951869900804e+05 2.632968090437820501e+04 4.299308445525720017e+05
-4.443518579201195971e+05 1.649983321677905740e+06 3.301282355125213973e+06 6.660474016515690600e+05 1.204755415550752787e+03 4.453735326659119892e+04 -4.782078566074209084e+04 -4.725710166571866284e+04 -3.470075527743592261e+02 2.286140857093137223e+06 8.606052751498470083e+06 2.958312589022380114e+07 3.217163981410152745e+06 4.395415585454970133e+05 1.969091277592080878e+05 1.371382902883372444e+05 7.219968006245746801e+04 2.367726264462766121e+05
2.901448326707031083e+04 5.433095485593531048e+05 6.170574683574743103e+05 1.166915531938224798e+06 1.208246256060490123e+05 5.037086758588860539e+04 7.391902313654721365e+04 4.938671059065605732e+03 3.109768120180562619e+04 -1.450751745043964183e+05 1.063735574302877299e+06 3.217163981410152745e+06 1.181414866781774163e+07 1.802309156446201261e+06 1.781258564978975337e+05 2.419475638267648173e+05 2.371318651449324097e+05 4.398348521619735402e+05
2.440674809535808745e+05 2.919896286177028669e+05 2.310052272835584881e+05 3.717494213825857150e+05 6.215210189298342448e+05 1.146836301383000246e+05 3.281954944837631047e+04 3.789842990091721003e+04 5.777708471082267351e+03 -7.585963788823697250e+05 5.461796255956850946e+05 4.395415585454970133e+05 1.802309156446201261e+06 5.605898708824516274e+06 8.578390804512234172e+05 3.049754892984198523e+05 1.699198129252715444e+05 1.111785046368973854e+05
4.127229023491532280e+04 4.635548589827079559e+04 1.667970018604982761e+05 1.010826004886155570e+05 1.781396634585688880e+05 3.137695273340216954e+05 8.543758200914878398e+04 4.546474309322598856e+04 2.670720832272159168e+04 2.661932890337478602e+05 -7.673850214769288141e+04 1.969091277592080878e+05 1.781258564978975337e+05 8.578390804512234172e+05 3.147778140317818150e+06 5.150213011307370616e+05 1.347254139209662972e+05 7.125978502639527142e+04
1.911394844783473527e+05 1.466497822236345673e+05 -5.922201568755129119e+04 5.363311265618773177e+04 3.319245167938337545e+04 7.040913421817966446e+04 1.576440534274698002e+05 4.813313480526126659e+04 3.021896443649148569e+04 3.119783148723347113e+05 3.781151951869900804e+05 1.371382902883372444e+05 2.419475638267648173e+05 3.049754892984198523e+05 5.150213011307370616e+05 1.869917699197665788e+06 3.181014912985844421e+05 6.795876695637000375e+04
3.516736458781405236e+05 3.757251865395342611e+04 -6.352683025212950270e+03 -3.013424398530896360e+04 3.219551984605856705e+04 4.891612812901093275e+04 4.817405962208480196e+04 1.114863022187327006e+05 3.742534464449366351e+04 -1.567015491551512387e+05 2.632968090437820501e+04 7.219968006245746801e+04 2.371318651449324097e+05 1.699198129252715444e+05 1.347254139209662972e+05 3.181014912985844421e+05 1.082832794452518690e+06 2.072839496740421164e+05
-1.221810081321611360e+05 3.135897827936551766e+04 5.594401123198590358e+04 6.083490989692789299e+04 1.454178232790027687e+04 -3.021558111097193660e+02 2.751610671720101527e+04 3.354221198376995017e+04 6.082434045349625376e+04 3.545936603409718373e+05 4.299308445525720017e+05 2.367726264462766121e+05 4.398348521619735402e+05 1.111785046368973854e+05 7.125978502639527142e+04 6.795876695637000375e+04 2.072839496740421164e+05 6.829746968688162742e+05
