# alpha=-0.08405041264074997, beta=1.9291517520838481
5.671151390798786556e-08 2.344836421960233298e-09 2.905916382484324303e-09 -1.036856664735014352e-08 -2.013191060488204893e-08 -4.042592760908302305e-08 -6.946834876595565714e-08 -2.603031468726337225e-08 4.595486350181309195e-08 -6.627265538696262638e-10 -1.196512626893918775e-09 1.469706521157134575e-09 -2.017057970047892843e-09 -5.837409518991351615e-09 -8.495288157100979288e-09 -3.367765531955568442e-08 5.540945324378094491e-08 4.597488488754729329e-09
2.344836421960233712e-09 2.967601574515218368e-08 5.147667462106604571e-10 4.827397083120476323e-09 5.082104667889563373e-08 6.217450876827853818e-08 6.269302628467678131e-08 1.347241517671803201e-07 -1.938578595776025193e-07 -2.239420931087735385e-09 5.252926073010659542e-09 4.592776017065277842e-10 -1.755141343846187885e-10 3.099241432621524147e-08 6.629577316283715143e-09 2.578283954404899893e-08 -4.573694326854711696e-08 -2.072566587814784117e-08
2.905916382484323889e-09 5.147667462106604571e-10 2.822483644341089093e-07 3.478363332803975473e-08 -2.912245965587714064e-10 2.732497015695474376e-08 8.407883071855626045e-08 1.329245303224845772e-07 -1.623766824316552988e-08 -3.738218310623422619e-10 1.487623682037388585e-09 1.396916469215776285e-09 5.629330422669531296e-09 3.572752089983728217e-09 -2.667110653498140716e-09 1.592675847724021980e-08 -3.515628970094253788e-08 -2.997997512622232500e-08
-1.036856664735014352e-08 4.827397083120476323e-09 3.478363332803975473e-08 4.885075683802889848e-07 6.890253388570571050e-08 1.042792457303644346e-07 -2.381609319178621323e-07 -2.842944760702541806e-07 4.129425527382955526e-07 1.260057875976073159e-09 -4.277954077281180655e-09 6.155921025987236641e-09 3.389573137592318607e-08 -4.860984847206532277e-10 1.958907853556494588e-08 -4.910628411658214831e-08 5.754818742802432864e-09 2.358815875042128044e-07
-2.013191060488205224e-08 5.082104667889563373e-08 -2.912245965587698037e-10 6.890253388570571050e-08 1.452181145178046691e-06 -4.883164158283982091e-07 -3.497556608423970394e-07 -5.214839550859972783e-07 6.941137823989576740e-07 8.082524401887157228e-09 -1.919771510399356953e-08 -1.251796808832587569e-08 -2.954413396578990702e-08 -1.580470350173102634e-07 -3.999400745518777625e-08 -1.837240413009462280e-07 3.800631946625097535e-07 -2.426714380922999993e-08
-4.042592760908302305e-08 6.217450876827855141e-08 2.732497015695474376e-08 1.042792457303644214e-07 -4.883164158283982091e-07 1.403654429684718113e-06 -6.378736092720462793e-07 -7.222977052918234857e-07 6.920291793256409396e-07 8.739906543069581389e-09 -2.993700590611715173e-08 6.489663281359783427e-09 -1.093051708485057718e-07 -2.294919665630675971e-07 -6.973471059317407827e-08 -3.679191441751574073e-07 6.951779123485331514e-07 -1.081588871921629597e-07
-6.946834876595565714e-08 6.269302628467679454e-08 8.407883071855627369e-08 -2.381609319178621323e-07 -3.497556608423970394e-07 -6.378736092720462793e-07 3.744238203488835699e-06 -8.855448047420697196e-07 1.468142531105646170e-06 1.203213496173066250e-08 -5.612967497960693996e-08 6.282663348506309477e-08 -8.151945092058831706e-08 -1.060001942207275202e-07 -1.259160544459095214e-07 -5.070230134216149053e-07 7.885855585512712529e-07 2.845263555570408220e-07
-2.603031468726337225e-08 1.347241517671803201e-07 1.329245303224846037e-07 -2.842944760702541806e-07 -5.214839550859972783e-07 -7.222977052918234857e-07 -8.855448047420696137e-07 6.424317388710455262e-06 2.578321202808026645e-06 2.769480667621748579e-08 -4.382874168577332756e-08 -9.958013416323024227e-08 4.563110623929431259e-08 -4.264775143374040598e-07 9.277287727324569201e-08 -2.872198713330823217e-07 5.899823407839330800e-07 5.233502662323299638e-07
4.595486350181309857e-08 -1.938578595776025193e-07 -1.623766824316551996e-08 4.129425527382956585e-07 6.941137823989574622e-07 6.920291793256409396e-07 1.468142531105645747e-06 2.578321202808026645e-06 6.650907095255925221e-06 -4.982778401159606488e-08 9.212975425611147542e-08 -1.622421687574917363e-08 -1.244076084032390529e-07 4.790573212929645288e-07 9.457270487052288562e-08 5.691814404359815174e-07 -7.094749477541150326e-07 -8.617662979049539941e-07
-6.627265538696261604e-10 -2.239420931087735385e-09 -3.738218310623422619e-10 1.260057875976073779e-09 8.082524401887157228e-09 8.739906543069579734e-09 1.203213496173066250e-08 2.769480667621748910e-08 -4.982778401159607150e-08 1.178864626171508550e-08 1.792241102184122375e-09 -1.381607326049249370e-09 1.948623156704304251e-09 4.175583470736305432e-09 -6.235743398249143984e-11 3.314424723510980675e-09 -3.894383545955739287e-09 -1.045757718051025757e-08
-1.196512626893918775e-09 5.252926073010659542e-09 1.487623682037388378e-09 -4.277954077281181482e-09 -1.919771510399356622e-08 -2.993700590611714511e-08 -5.612967497960693996e-08 -4.382874168577332756e-08 9.212975425611147542e-08 1.792241102184122375e-09 7.795877115327823504e-09 5.215104971952823629e-09 -5.355992461217062297e-09 -5.280776674047881007e-09 -8.308169708978379019e-09 -2.005749495865693181e-08 3.534294072536023942e-08 1.038580477525153376e-08
1.469706521157134368e-09 4.592776017065275774e-10 1.396916469215777112e-09 6.155921025987236641e-09 -1.251796808832587734e-08 6.489663281359783427e-09 6.282663348506308154e-08 -9.958013416323024227e-08 -1.622421687574917032e-08 -1.381607326049249370e-09 5.215104971952823629e-09 4.027938474905439917e-08 1.299564282156366517e-08 -2.149245640325366006e-08 2.285939931714919413e-08 2.571619733442229250e-08 -2.693183466218728900e-08 -1.187697478743277199e-08
-2.017057970047892429e-09 -1.755141343846187885e-10 5.629330422669530469e-09 3.389573137592318607e-08 -2.954413396578990040e-08 -1.093051708485057850e-07 -8.151945092058831706e-08 4.563110623929431259e-08 -1.244076084032390529e-07 1.948623156704303837e-09 -5.355992461217062297e-09 1.299564282156366517e-08 1.597561485913913617e-07 7.134334924143133561e-09 -1.541100224219891230e-08 -3.519790019958527799e-08 7.817602807433409641e-08 -5.160113069749515179e-08
-5.837409518991353269e-09 3.099241432621524147e-08 3.572752089983728217e-09 -4.860984847206558126e-10 -1.580470350173102634e-07 -2.294919665630675971e-07 -1.060001942207274672e-07 -4.264775143374040598e-07 4.790573212929645288e-07 4.175583470736304605e-09 -5.280776674047881007e-09 -2.149245640325366668e-08 7.134334924143134388e-09 2.484756199732345056e-07 7.717503745145414123e-09 -8.459765233684271141e-08 1.109010266804611487e-07 5.391645759809776729e-08
-8.495288157100979288e-09 6.629577316283715143e-09 -2.667110653498140716e-09 1.958907853556494588e-08 -3.999400745518776963e-08 -6.973471059317409150e-08 -1.259160544459095214e-07 9.277287727324569201e-08 9.457270487052285915e-08 -6.235743398249167248e-11 -8.308169708978380673e-09 2.285939931714919083e-08 -1.541100224219891230e-08 7.717503745145410814e-09 6.868620310844023397e-07 -5.355942833524605265e-08 1.033832668671949970e-07 -2.656066278935696198e-08
-3.367765531955568442e-08 2.578283954404899562e-08 1.592675847724021649e-08 -4.910628411658214831e-08 -1.837240413009462015e-07 -3.679191441751573543e-07 -5.070230134216149053e-07 -2.872198713330822687e-07 5.691814404359815174e-07 3.314424723510980261e-09 -2.005749495865693512e-08 2.571619733442229250e-08 -3.519790019958526475e-08 -8.459765233684271141e-08 -5.355942833524605265e-08 4.246953953203019181e-07 3.923547929870516839e-07 7.868691984156322448e-08
5.540945324378094491e-08 -4.573694326854711696e-08 -3.515628970094254449e-08 5.754818742802440309e-09 3.800631946625097535e-07 6.951779123485331514e-07 7.885855585512711471e-07 5.899823407839330800e-07 -7.094749477541150326e-07 -3.894383545955739287e-09 3.534294072536024604e-08 -2.693183466218729231e-08 7.817602807433409641e-08 1.109010266804611487e-07 1.033832668671949970e-07 3.923547929870516839e-07 8.194416318022867093e-07 4.178430678575311494e-08
4.597488488754731811e-09 -2.072566587814784117e-08 -2.997997512622231839e-08 2.358815875042127780e-07 -2.426714380923001317e-08 -1.081588871921629862e-07 2.845263555570407690e-07 5.233502662323299638e-07 -8.617662979049539941e-07 -1.045757718051025757e-08 1.038580477525153376e-08 -1.187697478743277199e-08 -5.160113069749514517e-08 5.391645759809776729e-08 -2.656066278935695868e-08 7.868691984156321125e-08 4.178430678575309508e-08 1.726537464984806310e-06
