# alpha=0.010979851633992094, beta=0.8622702993902059
1.656958773482873887e-08 -3.452392607075873678e-09 7.270818927328139530e-10 -5.642809781278048361e-09 -1.390297458829825207e-08 9.686402804627719046e-09 -1.696585939549234480e-08 1.876097254937912028e-08 -9.929419866061018308e-09 -1.327874890202826131e-11 7.577454417493159227e-10 6.134894500221202039e-10 5.099853203345665897e-10 2.975452336958533173e-09 -5.384887291367297010e-09 1.140163529848447906e-08 -4.225205353288350541e-09 -1.287638877091439785e-08
-3.452392607075873678e-09 6.519388860982379106e-08 1.598675393827182925e-08 1.262779226145229881e-08 8.669802633438047171e-08 -1.069966499268906568e-07 4.570575198875163355e-08 -9.311445813549298135e-08 1.681923918972908370e-08 -1.524375007268424639e-10 -3.062184254031647676e-09 -8.375149894964784876e-09 1.018747869422255335e-09 -3.032229332935201533e-08 2.170690138937679940e-08 -4.081306236365172143e-08 -2.570844426303824777e-09 1.408934200819244489e-07
7.270818927328139530e-10 1.598675393827182925e-08 2.163319120122151477e-07 -1.937535890535417471e-08 7.535881860496052117e-08 -1.417487272520874573e-07 1.848404537516270090e-08 -9.773710898486004902e-08 -6.942471552443909910e-08 1.480550891783286751e-11 -7.366483511104325103e-10 -1.424946955692852506e-08 6.256898008552566897e-09 -3.843103179197272372e-08 1.342597387573527434e-08 -1.987596856136131033e-08 -1.766874926550455220e-08 1.905383714857843316e-07
-5.642809781278048361e-09 1.262779226145229881e-08 -1.937535890535417471e-08 8.405892360666978820e-07 -6.224393095770987424e-10 -7.345948306793180546e-08 1.936576477168274622e-08 4.391745549643475897e-08 1.590576880166798791e-07 3.387397344154438368e-10 -4.378878518722035425e-09 2.742049570353757442e-09 -1.445135343103277751e-08 7.916159736489194193e-09 1.565664302830104948e-08 -5.189506018499633184e-08 2.134697911814591483e-08 1.055503581221491726e-08
-1.390297458829825207e-08 8.669802633438047171e-08 7.535881860496050793e-08 -6.224393095770958473e-10 2.222697297604913827e-06 -3.986733313525736217e-07 2.177173918653005418e-07 -4.681282283517647110e-07 1.712262644463092755e-08 -1.132920246040135581e-09 -1.160056946655858589e-08 -3.945310269136614085e-08 1.544384755889611513e-08 -1.474120258515757518e-07 9.589547626313169060e-08 -1.737799427019530247e-07 -1.716329127573630591e-08 6.211041866752022692e-07
9.686402804627720701e-09 -1.069966499268906700e-07 -1.417487272520874573e-07 -7.345948306793180546e-08 -3.986733313525736217e-07 3.919561607704713505e-06 -1.796393841467708794e-07 4.194842026022895974e-07 4.813781257340774520e-08 3.905287504257573156e-10 1.272368210743792194e-08 5.861798254595901369e-08 -1.450714750536620510e-09 1.760940217493136531e-07 -1.067811820599466593e-07 2.020681652888568925e-07 5.312869695262954826e-08 -9.299397029051740352e-07
-1.696585939549234480e-08 4.570575198875164017e-08 1.848404537516270421e-08 1.936576477168274622e-08 2.177173918653005947e-07 -1.796393841467709059e-07 4.913785364863925459e-06 -3.012794416040860498e-07 -6.955087700719720162e-08 -6.166168858713945705e-11 -6.114193533213647309e-09 -1.917959530789647331e-08 4.698859701971644911e-09 -6.581440072291381280e-08 8.562906986827142903e-08 -1.557354689097472020e-07 4.073219699723399768e-08 2.490339192838678216e-07
1.876097254937912028e-08 -9.311445813549299458e-08 -9.773710898486004902e-08 4.391745549643475897e-08 -4.681282283517647110e-07 4.194842026022897032e-07 -3.012794416040860498e-07 8.381944140926442057e-06 2.981869323989135282e-08 9.252048315158417708e-11 1.238395666787328407e-08 4.599659511317031000e-08 -2.214424738814705347e-08 1.650553527293646102e-07 -1.230589757164048552e-07 1.789304777954262850e-07 -1.560529696553262563e-09 -6.884353022025186893e-07
-9.929419866061018308e-09 1.681923918972908701e-08 -6.942471552443909910e-08 1.590576880166799056e-07 1.712262644463092424e-08 4.813781257340774520e-08 -6.955087700719720162e-08 2.981869323989135282e-08 1.327919255322852890e-05 1.226403193451898282e-09 -1.118676553761351633e-08 1.959524197084174658e-08 -2.579445026523986773e-08 3.237344826846667439e-08 1.076029114480135289e-08 -5.373220121144984622e-08 3.934914326796325999e-08 -1.459556871990819285e-07
-1.327874890202825647e-11 -1.524375007268424639e-10 1.480550891783286104e-11 3.387397344154438368e-10 -1.132920246040135374e-09 3.905287504257574190e-10 -6.166168858713948290e-11 9.252048315158417708e-11 1.226403193451898282e-09 3.845651182984822650e-09 -4.769243986612862951e-11 3.209181648313978525e-11 -4.456718281312519622e-12 4.702657393887934713e-10 -3.251439356234736134e-11 -1.909898184105890004e-10 2.686119737501574687e-10 -1.599295804761066476e-09
7.577454417493159227e-10 -3.062184254031647676e-09 -7.366483511104327171e-10 -4.378878518722034598e-09 -1.160056946655858589e-08 1.272368210743792359e-08 -6.114193533213647309e-09 1.238395666787328407e-08 -1.118676553761351467e-08 -4.769243986612863598e-11 6.708415331927569843e-09 5.656917593130557838e-10 3.443256220693172259e-10 3.019218478308845051e-09 -3.169075020635870823e-09 6.907591217048154475e-09 -4.307255437646495719e-10 -1.481340597513888858e-08
6.134894500221204107e-10 -8.375149894964786530e-09 -1.424946955692852506e-08 2.742049570353756615e-09 -3.945310269136614747e-08 5.861798254595901369e-08 -1.917959530789647331e-08 4.599659511317031000e-08 1.959524197084174327e-08 3.209181648313978525e-11 5.656917593130556804e-10 3.278811933458237877e-08 -2.468286928781911756e-09 1.674767009981997030e-08 -9.353949809368081292e-09 1.709647868892415922e-08 2.307441459351213641e-09 -8.405894977682250417e-08
5.099853203345665897e-10 1.018747869422255335e-09 6.256898008552566897e-09 -1.445135343103277751e-08 1.544384755889611844e-08 -1.450714750536621131e-09 4.698859701971644084e-09 -2.214424738814705016e-08 -2.579445026523986773e-08 -4.456718281312530931e-12 3.443256220693173810e-10 -2.468286928781911756e-09 5.310640716757108882e-08 -6.834545458673891525e-09 1.291181413954771763e-09 1.441545640770350271e-09 -2.423034793708972084e-09 2.130572613537291913e-08
2.975452336958533173e-09 -3.032229332935202195e-08 -3.843103179197272372e-08 7.916159736489192539e-09 -1.474120258515757518e-07 1.760940217493136531e-07 -6.581440072291379956e-08 1.650553527293646102e-07 3.237344826846667439e-08 4.702657393887934713e-10 3.019218478308845051e-09 1.674767009981997030e-08 -6.834545458673891525e-09 1.719453446151095022e-07 -3.296973996666023388e-08 5.161998546739523555e-08 1.372384355616276019e-08 -2.544676376808481331e-07
-5.384887291367297010e-09 2.170690138937679940e-08 1.342597387573527434e-08 1.565664302830104948e-08 9.589547626313171707e-08 -1.067811820599466593e-07 8.562906986827142903e-08 -1.230589757164048817e-07 1.076029114480134793e-08 -3.251439356234736780e-11 -3.169075020635870823e-09 -9.353949809368081292e-09 1.291181413954771763e-09 -3.296973996666024049e-08 2.714285930880882178e-07 -5.682190873990673958e-08 7.651647507543759562e-09 1.424294771189437753e-07
1.140163529848448237e-08 -4.081306236365172805e-08 -1.987596856136131695e-08 -5.189506018499633184e-08 -1.737799427019530247e-07 2.020681652888569454e-07 -1.557354689097472020e-07 1.789304777954262850e-07 -5.373220121144983298e-08 -1.909898184105890004e-10 6.907591217048154475e-09 1.709647868892415922e-08 1.441545640770350064e-09 5.161998546739524878e-08 -5.682190873990673958e-08 4.915473511906994131e-07 -2.473821242653245452e-08 -2.555347111811623500e-07
-4.225205353288350541e-09 -2.570844426303825605e-09 -1.766874926550455220e-08 2.134697911814591483e-08 -1.716329127573630922e-08 5.312869695262954826e-08 4.073219699723399106e-08 -1.560529696553266698e-09 3.934914326796325999e-08 2.686119737501574687e-10 -4.307255437646496753e-10 2.307441459351214055e-09 -2.423034793708971671e-09 1.372384355616276185e-08 7.651647507543759562e-09 -2.473821242653245452e-08 7.910839042904314915e-07 -6.158750891897404684e-08
-1.287638877091439785e-08 1.408934200819244489e-07 1.905383714857843052e-07 1.055503581221491726e-08 6.211041866752022692e-07 -9.299397029051740352e-07 2.490339192838677687e-07 -6.884353022025185835e-07 -1.459556871990819285e-07 -1.599295804761066476e-09 -1.481340597513888527e-08 -8.405894977682250417e-08 2.130572613537291582e-08 -2.544676376808481331e-07 1.424294771189437489e-07 -2.555347111811623500e-07 -6.158750891897404684e-08 2.586966695258361948e-06
