# alpha=-0.012306522322611035, beta=1.3174913713770373
1.995590598251442753e-08 -2.677089409272292265e-10 1.204203420975675221e-09 1.181486549879145973e-09 1.660574810236575008e-09 1.296178661315835897e-09 9.398606451525368384e-10 -1.094143465624152498e-08 -1.416814428322547280e-09 -5.930546953700618718e-13 2.417824146676125370e-10 -4.534380009464787419e-10 -6.803294478473977488e-11 -2.072333156979903284e-11 -5.359826034338584837e-10 3.154353762124388585e-09 -4.784269235685215809e-09 9.222029909377006504e-09
-2.677089409272292265e-10 4.798293951194206523e-08 8.882378744969071698e-10 -3.041541690503433396e-09 -6.878409898847914630e-10 6.331058616188141539e-09 -2.027934102341912210e-09 2.313958077890549094e-09 -1.617035849419012359e-08 -2.757480835267387099e-11 4.679181414157670363e-10 -6.099197081302165928e-11 -9.656637707473332767e-10 2.585069172851077199e-09 -1.574756523575790176e-09 4.457397314335246191e-10 1.367889864542337549e-09 4.009268654374305754e-09
1.204203420975675221e-09 8.882378744969071698e-10 1.839919587342308736e-07 1.919148347396654811e-08 8.000596864682174310e-09 -2.995711027558075673e-08 2.715437423414235921e-08 -3.174969510437910591e-09 7.623462830314772632e-08 -3.159901344213083656e-10 -1.271154736106095782e-09 4.876117617070210702e-09 -1.623988558983631900e-09 -3.246396050560745179e-09 8.991546201799593941e-09 2.503733949029823863e-08 -2.714730966667211155e-08 -9.128814347676429575e-09
1.181486549879145973e-09 -3.041541690503432569e-09 1.919148347396654480e-08 4.208462112751551388e-07 -4.409795752122382685e-08 1.051494571570176482e-07 -1.512709580096666692e-07 1.645621427929655111e-07 -3.029664655198064451e-07 1.090128702851060620e-09 2.541579283213511815e-09 -1.102467886785416461e-08 -3.684581849640675512e-09 2.491217388056563223e-08 -3.340754134130869649e-08 -1.436977154944640517e-07 1.734223250002341951e-07 -6.281311270846352267e-08
1.660574810236575008e-09 -6.878409898847912562e-10 8.000596864682172655e-09 -4.409795752122382685e-08 5.270170293424080259e-07 5.138355197263856754e-08 -6.454634570351504157e-08 1.005965042921931189e-07 -1.106739820187521479e-07 8.278573736727360404e-10 9.048857899911268614e-10 -6.315675795403686716e-09 -5.048167901751261819e-09 1.128098420729710628e-08 -1.275808043465619916e-08 -6.169725475272233493e-08 9.075956841951875077e-08 -4.566608029623732501e-08
1.296178661315835897e-09 6.331058616188141539e-09 -2.995711027558075673e-08 1.051494571570176482e-07 5.138355197263856754e-08 2.619334278699626871e-06 1.032461059019369683e-07 -5.304243918197593345e-08 3.830868256573844888e-07 -2.368716001293014852e-09 -4.027323276012815157e-09 1.434311481852036049e-08 7.691218473242384062e-09 -2.878925398937612448e-08 4.276651202882896987e-08 1.188035378294187624e-07 -1.625059949612396081e-07 -1.132131633243713251e-08
9.398606451525374588e-10 -2.027934102341911796e-09 2.715437423414235921e-08 -1.512709580096666692e-07 -6.454634570351504157e-08 1.032461059019369683e-07 4.325797772381802762e-06 3.644480578266726612e-07 -3.940677727569603094e-07 -1.377882990689978138e-11 5.609466765539208052e-09 -2.085302708428538672e-08 -3.660614124326664548e-09 2.625507459347803471e-08 -4.202093691281996702e-08 -2.354129383247098472e-07 2.781540634097208553e-07 -1.552927314307468692e-07
-1.094143465624152498e-08 2.313958077890549508e-09 -3.174969510437906455e-09 1.645621427929655111e-07 1.005965042921931189e-07 -5.304243918197594668e-08 3.644480578266726083e-07 5.669233918950034140e-06 3.009666817349261831e-07 -4.020244761446510872e-10 -1.276770948781222387e-09 1.206457307219292287e-08 1.552921174163320058e-08 -3.077147051442282454e-08 2.253838051665209558e-08 2.697346335180096082e-07 -3.544482864294367877e-07 3.301697530073925348e-07
-1.416814428322547280e-09 -1.617035849419012359e-08 7.623462830314772632e-08 -3.029664655198064451e-07 -1.106739820187521479e-07 3.830868256573844888e-07 -3.940677727569603094e-07 3.009666817349261831e-07 1.573635215436897230e-05 2.160724229771997574e-09 9.753472249424112433e-09 -3.214048167754234247e-08 2.191008691847955012e-09 8.017369146859775536e-08 -1.093894631628251034e-07 -3.951153642654829674e-07 4.464631503927787933e-07 -4.313809458602660924e-08
-5.930546953700612660e-13 -2.757480835267386130e-11 -3.159901344213083139e-10 1.090128702851060413e-09 8.278573736727360404e-10 -2.368716001293014852e-09 -1.377882990689990094e-11 -4.020244761446510355e-10 2.160724229771997574e-09 2.655168065770179604e-09 4.662531771790618529e-11 1.146435926136013862e-10 6.132819335648426840e-10 -2.990568941891084576e-10 4.299026294426428754e-10 1.737082243610884924e-09 -3.069141129269669292e-09 1.644854040105965990e-10
2.417824146676125887e-10 4.679181414157670363e-10 -1.271154736106095782e-09 2.541579283213511815e-09 9.048857899911266546e-10 -4.027323276012815985e-09 5.609466765539208052e-09 -1.276770948781222593e-09 9.753472249424112433e-09 4.662531771790618529e-11 9.001264649131724878e-09 7.454375594730913783e-10 -2.657890582183947388e-10 -7.793455238149171780e-10 1.375284504428570956e-09 2.762855319641389854e-09 -2.715582073268511715e-09 -1.559289516111740369e-09
-4.534380009464787419e-10 -6.099197081302168513e-11 4.876117617070210702e-09 -1.102467886785416627e-08 -6.315675795403686716e-09 1.434311481852036049e-08 -2.085302708428538672e-08 1.206457307219292618e-08 -3.214048167754234908e-08 1.146435926136014250e-10 7.454375594730914817e-10 5.285390262657151294e-08 -2.412827431707443533e-10 2.039795193742003175e-09 -5.098734485863904798e-09 -1.502082257288206715e-08 1.955953337672852543e-08 -2.784849010238906603e-09
-6.803294478473976195e-11 -9.656637707473332767e-10 -1.623988558983632314e-09 -3.684581849640675512e-09 -5.048167901751260992e-09 7.691218473242384062e-09 -3.660614124326663721e-09 1.552921174163320058e-08 2.191008691847951703e-09 6.132819335648426840e-10 -2.657890582183946871e-10 -2.412827431707444567e-10 1.296779931440425114e-07 3.931642103598916567e-09 -1.576712504723757781e-09 2.713616238787950223e-10 1.865554699210515955e-08 -5.936514923631554710e-09
-2.072333156979901022e-11 2.585069172851077199e-09 -3.246396050560744352e-09 2.491217388056563223e-08 1.128098420729710463e-08 -2.878925398937612117e-08 2.625507459347803140e-08 -3.077147051442281793e-08 8.017369146859775536e-08 -2.990568941891084576e-10 -7.793455238149171780e-10 2.039795193742003175e-09 3.931642103598915740e-09 2.001134767388508980e-07 9.694481919406378878e-09 2.823794518777111423e-08 -3.800771681389011048e-08 5.646745520274930501e-09
-5.359826034338584837e-10 -1.574756523575790176e-09 8.991546201799593941e-09 -3.340754134130869649e-08 -1.275808043465619916e-08 4.276651202882896987e-08 -4.202093691281996702e-08 2.253838051665209889e-08 -1.093894631628251167e-07 4.299026294426428754e-10 1.375284504428570956e-09 -5.098734485863904798e-09 -1.576712504723757574e-09 9.694481919406378878e-09 3.675557571187618058e-07 -4.194321030837404529e-08 5.313752187324046289e-08 -2.366972845552776165e-09
3.154353762124388585e-09 4.457397314335247225e-10 2.503733949029823863e-08 -1.436977154944640517e-07 -6.169725475272233493e-08 1.188035378294187624e-07 -2.354129383247097943e-07 2.697346335180096082e-07 -3.951153642654829674e-07 1.737082243610884924e-09 2.762855319641389854e-09 -1.502082257288206384e-08 2.713616238787953325e-10 2.823794518777111423e-08 -4.194321030837404529e-08 9.434506691341825514e-07 2.676220721292938708e-07 -1.347640928665711563e-07
-4.784269235685216636e-09 1.367889864542337135e-09 -2.714730966667211155e-08 1.734223250002341951e-07 9.075956841951875077e-08 -1.625059949612396081e-07 2.781540634097208553e-07 -3.544482864294367877e-07 4.464631503927787933e-07 -3.069141129269669706e-09 -2.715582073268511301e-09 1.955953337672852543e-08 1.865554699210515955e-08 -3.800771681389011048e-08 5.313752187324046289e-08 2.676220721292938708e-07 8.004467646751335515e-07 1.781256214356137366e-07
9.222029909377006504e-09 4.009268654374305754e-09 -9.128814347676432884e-09 -6.281311270846352267e-08 -4.566608029623732501e-08 -1.132131633243713416e-08 -1.552927314307468692e-07 3.301697530073925348e-07 -4.313809458602660924e-08 1.644854040105965473e-10 -1.559289516111740369e-09 -2.784849010238904949e-09 -5.936514923631554710e-09 5.646745520274932155e-09 -2.366972845552775338e-09 -1.347640928665711563e-07 1.781256214356137366e-07 1.574552208253005767e-06
