# alpha=0.06022326197075774, beta=4.014098607570716
7.169013152587496655e-08 -4.627999688197009523e-09 8.946787958175050856e-09 -2.636693451548906062e-08 -4.977909678379379440e-08 4.937599956124309902e-08 1.018521844884090145e-07 -2.480862456399659801e-07 3.065721106565594465e-08 -4.562737366691802781e-10 -3.421208599731075399e-10 -1.475034622000822937e-08 1.864239184669744082e-08 -2.759490035797331347e-08 2.480545050083870070e-08 -5.926096255610550368e-08 9.295865885122658318e-09 -8.755946245655335768e-09
-4.627999688197008696e-09 2.707870204477578629e-07 5.956217845253858989e-09 5.413359181050321429e-08 9.230586070359866556e-08 -2.285726595837266396e-07 -3.764136761916891287e-07 5.453650081414709294e-07 -2.158134046557853863e-07 5.363875642622876094e-10 -2.871428855784353591e-09 4.630623753464125117e-08 -5.835527266858712935e-08 5.940878905511402682e-08 -8.043151163864778239e-08 1.848231793913937823e-07 -5.058818361049701632e-08 1.905123283724495496e-07
8.946787958175050856e-09 5.956217845253858989e-09 9.697867741591978319e-07 -6.251353124378596127e-08 9.068562893131726119e-08 -4.066674959140634754e-07 -2.131366646214565691e-07 2.569059427535299719e-07 -3.899230268915714801e-07 4.090756242278566032e-09 -5.327105616665452714e-09 4.765012336687092295e-08 -8.640703189946091911e-08 1.978920001013605313e-08 -8.839131850490329288e-08 1.668722224033106333e-07 -1.629253479580844454e-07 4.504779410697917461e-07
-2.636693451548905731e-08 5.413359181050320768e-08 -6.251353124378596127e-08 3.042733015378527709e-06 6.701932638435144509e-07 -8.503026866305428005e-07 -1.587891097371682367e-06 3.012996660153860519e-06 -4.728452906360751199e-07 6.023193841151520100e-09 -1.126683311492338941e-08 1.941157208195967355e-07 -2.045546872544280216e-07 3.476775046668955610e-07 -3.531358596511627832e-07 7.971906333625494510e-07 -1.803570596738654858e-07 3.525440737024629622e-07
-4.977909678379378779e-08 9.230586070359866556e-08 9.068562893131726119e-08 6.701932638435144509e-07 5.792153252907996065e-06 -2.343259216173636191e-06 -3.191110243033078992e-06 6.966901646477931132e-06 -1.515289689575395935e-06 2.281889662966993378e-08 -2.186910977771776012e-08 4.933407440026396671e-07 -6.166268675229728594e-07 7.826328979203449603e-07 -8.844707503218974536e-07 1.955833381411115746e-06 -5.988563173163716077e-07 1.219796621986418441e-06
4.937599956124309240e-08 -2.285726595837266132e-07 -4.066674959140634754e-07 -8.503026866305428005e-07 -2.343259216173636191e-06 1.027354982893437379e-05 5.839057007216993038e-06 -1.034563221592283241e-05 3.395993344617732411e-06 -3.380402350345649863e-08 5.157277572369451348e-08 -8.180229632126190509e-07 1.063515403876774111e-06 -1.115775031937456392e-06 1.444048461533933987e-06 -3.273798433031878965e-06 1.273454472513665959e-06 -3.240216114761071939e-06
1.018521844884090013e-07 -3.764136761916891287e-07 -2.131366646214565426e-07 -1.587891097371682367e-06 -3.191110243033078569e-06 5.839057007216993038e-06 2.458691441986345598e-05 -1.605369184149948143e-05 4.890187893351287662e-06 -3.778816632988569046e-08 6.508250639028028635e-08 -1.161616023510926695e-06 1.447133681485915459e-06 -1.648133278587364364e-06 2.061437839043984314e-06 -4.918824754947825668e-06 1.525851522368341790e-06 -4.288523777886872149e-06
-2.480862456399659271e-07 5.453650081414709294e-07 2.569059427535299190e-07 3.012996660153860942e-06 6.966901646477931132e-06 -1.034563221592283241e-05 -1.605369184149948143e-05 5.820420956191874897e-05 -7.978667126268533074e-06 9.504812492631786981e-08 -7.339945915490266404e-08 2.196827165922176256e-06 -2.838951212470374650e-06 3.411834614292342921e-06 -3.958163981386956159e-06 9.237907308819206151e-06 -2.821377695851721995e-06 6.335657289298204443e-06
3.065721106565594465e-08 -2.158134046557853863e-07 -3.899230268915714272e-07 -4.728452906360752258e-07 -1.515289689575395935e-06 3.395993344617732411e-06 4.890187893351287662e-06 -7.978667126268533074e-06 2.811077402897020137e-05 -2.315278360335001144e-08 2.728731467199659858e-08 -6.421898719923066851e-07 9.123062919626723074e-07 -7.643226793763273496e-07 1.213909053295186166e-06 -2.749046573460777584e-06 9.274960326781943127e-07 -3.084911144349216095e-06
-4.562737366691802781e-10 5.363875642622877128e-10 4.090756242278566032e-09 6.023193841151520927e-09 2.281889662966993378e-08 -3.380402350345650524e-08 -3.778816632988569708e-08 9.504812492631788305e-08 -2.315278360335001144e-08 1.424287771147888920e-08 -3.127202944138408471e-10 6.354411925870082722e-09 -9.069781110271767569e-09 8.500311080636644767e-09 -1.115391750675107460e-08 2.633614658793627102e-08 -1.130959147206000166e-08 2.226590808501191196e-08
-3.421208599731075916e-10 -2.871428855784353591e-09 -5.327105616665452714e-09 -1.126683311492338941e-08 -2.186910977771776012e-08 5.157277572369451348e-08 6.508250639028028635e-08 -7.339945915490267728e-08 2.728731467199659858e-08 -3.127202944138408471e-10 3.678018091460439208e-08 -8.887230231687384466e-09 7.772473910779244243e-09 -1.099554932770369973e-08 1.459591826101552953e-08 -3.033176530094485485e-08 1.445723754359437171e-08 -4.185084414802052813e-08
-1.475034622000822937e-08 4.630623753464125117e-08 4.765012336687092295e-08 1.941157208195967355e-07 4.933407440026397729e-07 -8.180229632126191568e-07 -1.161616023510926695e-06 2.196827165922176256e-06 -6.421898719923066851e-07 6.354411925870082722e-09 -8.887230231687384466e-09 3.704589029443059833e-07 -2.164625267004118603e-07 2.493089928935394997e-07 -3.043255023295424710e-07 6.710286095049912269e-07 -2.132965307666298236e-07 5.488969591447685501e-07
1.864239184669743751e-08 -5.835527266858712935e-08 -8.640703189946090588e-08 -2.045546872544280216e-07 -6.166268675229728594e-07 1.063515403876774111e-06 1.447133681485915459e-06 -2.838951212470374650e-06 9.123062919626723074e-07 -9.069781110271765915e-09 7.772473910779244243e-09 -2.164625267004118338e-07 7.574130018792411478e-07 -3.067997497216785929e-07 3.888363696854918432e-07 -8.819595545908273060e-07 2.986301452468743877e-07 -7.723557750413103150e-07
-2.759490035797331016e-08 5.940878905511402682e-08 1.978920001013604651e-08 3.476775046668955610e-07 7.826328979203449603e-07 -1.115775031937456392e-06 -1.648133278587364364e-06 3.411834614292342921e-06 -7.643226793763273496e-07 8.500311080636644767e-09 -1.099554932770369973e-08 2.493089928935394997e-07 -3.067997497216785929e-07 9.328804372588277220e-07 -4.581740871902016007e-07 9.835721542776887310e-07 -2.972327483212905929e-07 6.112858764196988817e-07
2.480545050083869739e-08 -8.043151163864778239e-08 -8.839131850490329288e-08 -3.531358596511627832e-07 -8.844707503218974536e-07 1.444048461533933987e-06 2.061437839043984314e-06 -3.958163981386956159e-06 1.213909053295186166e-06 -1.115391750675107460e-08 1.459591826101552953e-08 -3.043255023295424710e-07 3.888363696854918962e-07 -4.581740871902016007e-07 1.836635770322313264e-06 -1.220818353533151128e-06 3.888995052871298218e-07 -9.851783442032126401e-07
-5.926096255610549045e-08 1.848231793913937558e-07 1.668722224033106333e-07 7.971906333625494510e-07 1.955833381411115322e-06 -3.273798433031878965e-06 -4.918824754947825668e-06 9.237907308819206151e-06 -2.749046573460777584e-06 2.633614658793626771e-08 -3.033176530094484823e-08 6.710286095049912269e-07 -8.819595545908274119e-07 9.835721542776889428e-07 -1.220818353533151128e-06 5.766210574436478175e-06 -8.896394794592247160e-07 2.297929949175902655e-06
9.295865885122655010e-09 -5.058818361049701632e-08 -1.629253479580844454e-07 -1.803570596738654858e-07 -5.988563173163716077e-07 1.273454472513665959e-06 1.525851522368341790e-06 -2.821377695851721995e-06 9.274960326781943127e-07 -1.130959147206000166e-08 1.445723754359437171e-08 -2.132965307666298236e-07 2.986301452468743877e-07 -2.972327483212905929e-07 3.888995052871298218e-07 -8.896394794592247160e-07 4.045854532963636677e-06 -1.029819806989283373e-06
-8.755946245655330805e-09 1.905123283724495496e-07 4.504779410697917461e-07 3.525440737024629093e-07 1.219796621986418441e-06 -3.240216114761071939e-06 -4.288523777886872149e-06 6.335657289298204443e-06 -3.084911144349216095e-06 2.226590808501191196e-08 -4.185084414802052813e-08 5.488969591447685501e-07 -7.723557750413103150e-07 6.112858764196988817e-07 -9.851783442032126401e-07 2.297929949175902655e-06 -1.029819806989283373e-06 6.719984305496009958e-06
