# alpha=-0.20516594905065766, beta=1.9398945587206822
6.999567392158146695e-09 7.086195834132681637e-09 -1.131225282842908112e-08 4.231544497601215098e-08 -5.130154949703687896e-08 -3.793441216182853611e-08 1.383076291651482646e-07 -1.732120387025269378e-07 2.032757192475135089e-08 2.330320296513972591e-09 4.228899108964255838e-09 -4.908051606251307378e-09 3.008020560577871822e-09 3.387878305221237030e-08 -1.217137183499662668e-08 -1.885909236739061375e-09 -1.827185561461801195e-08 1.195401764834456067e-08
7.086195834132681637e-09 5.187040447717456525e-08 2.808366099159893335e-09 -5.757297218626533744e-08 -1.069762084265460016e-09 1.189455143189607473e-07 -1.962644333647898782e-07 1.300156501201741414e-07 3.342520849156179540e-07 -1.344570404982018422e-09 -3.259228165264395997e-09 1.395293349290747839e-08 -9.515796154539996687e-09 -1.975073264482933133e-08 -2.666531326726052537e-08 -3.892816588359213919e-08 6.482067771921279179e-08 -1.727476420284438142e-08
-1.131225282842908112e-08 2.808366099159890440e-09 2.013504396704905460e-07 -1.112126555381362380e-08 4.398354832325604388e-07 2.502925579378420370e-07 3.692254132169155178e-07 -6.364515436388803679e-07 6.058143127352124431e-07 2.647977514626958402e-08 -1.266298339395797367e-08 1.081493357236752531e-08 -3.337017463359116256e-08 -1.673489236255358536e-07 3.100081630022602161e-07 -1.019850177915784862e-07 -8.872100081948563999e-08 -2.465199322314303435e-07
4.231544497601215760e-08 -5.757297218626533744e-08 -1.112126555381363042e-08 2.274797258820525495e-07 7.910445212181939501e-07 7.331072977444225489e-07 -4.600950510130939031e-07 6.994822090635460860e-07 9.011168640352917515e-07 1.688965751807127195e-08 -4.673274389387262494e-08 4.603733661034548373e-08 -3.889551286295204109e-08 -3.393463401392873577e-07 2.694250749392345177e-07 -2.080116889099175235e-07 1.134386319789272656e-07 -2.826965925459148347e-07
-5.130154949703687896e-08 -1.069762084265469735e-09 4.398354832325604388e-07 7.910445212181939501e-07 -1.862472715641766982e-06 -1.994954271407580172e-06 -9.149047137452167980e-07 1.688525081082341810e-06 -3.116568262651421497e-06 -1.483830954588142554e-07 1.285234855651026940e-07 -9.836020058349701529e-08 1.908710788586218476e-07 1.556922574621767726e-06 -2.068864844260782975e-06 6.350128253461634102e-07 1.800640753177976274e-07 1.561019848257381935e-06
-3.793441216182854273e-08 1.189455143189607473e-07 2.502925579378419841e-07 7.331072977444225489e-07 -1.994954271407580172e-06 2.342369057606648912e-06 1.339719762265460303e-06 -1.148163625563252928e-06 -4.849170184532529968e-06 -1.023748754227404443e-07 1.503602476540609487e-07 -1.075632786076909479e-07 2.774402237084200716e-07 1.028760847347296595e-06 -1.286870113194406364e-06 7.409393624729229835e-07 2.380888559640142444e-07 9.165726969817232497e-07
1.383076291651482646e-07 -1.962644333647898782e-07 3.692254132169155707e-07 -4.600950510130939560e-07 -9.149047137452167980e-07 1.339719762265460303e-06 2.125344602937969150e-07 5.211265481517807350e-06 1.981863528049368759e-06 -8.944959829793553546e-08 -6.171717731682533140e-08 6.781535937282212817e-08 -4.571041484901961999e-08 5.005901240606618769e-08 -8.378221513950494315e-07 1.455981376540631438e-07 1.021954303704411294e-06 3.476450146748457984e-07
-1.732120387025269378e-07 1.300156501201741678e-07 -6.364515436388803679e-07 6.994822090635460860e-07 1.688525081082341810e-06 -1.148163625563252928e-06 5.211265481517807350e-06 -1.812600181538134365e-07 2.480666583118059277e-07 1.289504431492346244e-07 7.821270049072250019e-08 3.730944798958716984e-08 -1.096800506687417460e-07 -6.044396548501062411e-07 1.720644246771618723e-06 1.947135964358045354e-07 -7.673685343890779646e-07 -3.508430974241103974e-07
2.032757192475135089e-08 3.342520849156179010e-07 6.058143127352124431e-07 9.011168640352917515e-07 -3.116568262651421497e-06 -4.849170184532530815e-06 1.981863528049369182e-06 2.480666583118059807e-07 1.389677104850930533e-05 -1.957579162118580656e-07 2.170788075456511560e-07 -2.387704021893843801e-07 4.197080496065491309e-07 1.589348903587473483e-06 -1.694736854876600449e-06 1.619795649723097130e-06 -1.080204748577707932e-06 1.883433442407917108e-06
2.330320296513972177e-09 -1.344570404982018422e-09 2.647977514626958402e-08 1.688965751807127526e-08 -1.483830954588142554e-07 -1.023748754227404443e-07 -8.944959829793553546e-08 1.289504431492345979e-07 -1.957579162118580656e-07 2.215159186624873083e-09 5.178542946193554183e-09 -2.752308541371633054e-09 1.025822089101932743e-08 6.110651674969014459e-08 -9.732970112536135199e-08 4.017911063587611110e-08 2.299801321088723817e-08 6.014588186402900066e-08
4.228899108964255838e-09 -3.259228165264395997e-09 -1.266298339395797367e-08 -4.673274389387262494e-08 1.285234855651026940e-07 1.503602476540609487e-07 -6.171717731682534463e-08 7.821270049072250019e-08 2.170788075456511560e-07 5.178542946193555010e-09 7.747458896571910946e-09 5.587975479397356839e-09 -1.120231937833670478e-08 -6.031461474885556573e-08 7.507932899988831985e-08 -3.439107207572100315e-08 -9.527555811620304417e-09 -4.801993826988060793e-08
-4.908051606251307378e-09 1.395293349290747508e-08 1.081493357236752531e-08 4.603733661034547711e-08 -9.836020058349701529e-08 -1.075632786076909479e-07 6.781535937282212817e-08 3.730944798958716984e-08 -2.387704021893843801e-07 -2.752308541371633054e-09 5.587975479397356012e-09 2.612836405656908314e-08 1.758452836418389030e-08 5.948738692666589534e-08 -6.051671804090543916e-08 3.486138034399537179e-08 -1.522315405532134920e-08 3.197184881055427021e-08
3.008020560577871822e-09 -9.515796154539996687e-09 -3.337017463359116917e-08 -3.889551286295203447e-08 1.908710788586218211e-07 2.774402237084200716e-07 -4.571041484901962661e-08 -1.096800506687417460e-07 4.197080496065490780e-07 1.025822089101932578e-08 -1.120231937833670478e-08 1.758452836418389030e-08 6.923466829809084999e-08 -1.094367417544189763e-07 1.725066449724490690e-07 -5.378095665031624492e-08 -7.061577274325038952e-08 -5.350493070021868447e-08
3.387878305221236369e-08 -1.975073264482933464e-08 -1.673489236255358801e-07 -3.393463401392873577e-07 1.556922574621767726e-06 1.028760847347296807e-06 5.005901240606614137e-08 -6.044396548501061352e-07 1.589348903587473483e-06 6.110651674969014459e-08 -6.031461474885556573e-08 5.948738692666589534e-08 -1.094367417544189763e-07 -4.336610997510029655e-07 9.527607248628212663e-07 -2.653583179357051452e-07 -9.629194674657668159e-08 -5.940830888913655019e-07
-1.217137183499662999e-08 -2.666531326726053198e-08 3.100081630022602161e-07 2.694250749392344648e-07 -2.068864844260782975e-06 -1.286870113194406364e-06 -8.378221513950492198e-07 1.720644246771618935e-06 -1.694736854876600449e-06 -9.732970112536135199e-08 7.507932899988831985e-08 -6.051671804090543916e-08 1.725066449724490690e-07 9.527607248628212663e-07 -9.504799667217977570e-07 3.310842430679606396e-07 5.708065122480310601e-07 7.505792355523421573e-07
-1.885909236739061375e-09 -3.892816588359213257e-08 -1.019850177915784862e-07 -2.080116889099175235e-07 6.350128253461634102e-07 7.409393624729230894e-07 1.455981376540631173e-07 1.947135964358045354e-07 1.619795649723097130e-06 4.017911063587611110e-08 -3.439107207572100315e-08 3.486138034399537840e-08 -5.378095665031624492e-08 -2.653583179357051452e-07 3.310842430679606396e-07 3.554930385753496419e-07 6.506067206309949844e-08 -3.529212320605998956e-07
-1.827185561461801195e-08 6.482067771921279179e-08 -8.872100081948566646e-08 1.134386319789272656e-07 1.800640753177976274e-07 2.380888559640141121e-07 1.021954303704411294e-06 -7.673685343890779646e-07 -1.080204748577707932e-06 2.299801321088723817e-08 -9.527555811620306072e-09 -1.522315405532134920e-08 -7.061577274325040276e-08 -9.629194674657669483e-08 5.708065122480310601e-07 6.506067206309949844e-08 1.824083864926680673e-06 7.148203428877975867e-08
1.195401764834456067e-08 -1.727476420284438142e-08 -2.465199322314303435e-07 -2.826965925459148347e-07 1.561019848257381935e-06 9.165726969817233556e-07 3.476450146748457984e-07 -3.508430974241102916e-07 1.883433442407917108e-06 6.014588186402901390e-08 -4.801993826988061455e-08 3.197184881055427682e-08 -5.350493070021869770e-08 -5.940830888913655019e-07 7.505792355523422632e-07 -3.529212320605998956e-07 7.148203428877975867e-08 2.278884023565638084e-06
