# alpha=-0.16150697184190915, beta=3.2446673587601604
8.343241598771191024e-08 -1.315307928333311222e-08 5.856534889994817452e-08 -6.737418349501343325e-08 1.077403531898341197e-07 -4.921469921686162452e-08 4.537852130279582266e-09 -8.948285809692283921e-08 4.065574069852777993e-07 -3.570734560993793585e-09 6.972372325538857196e-09 -2.310884881384229691e-09 1.069131669154277434e-08 4.875674754519667554e-09 3.251423521138673145e-09 4.761126915832550428e-08 2.341841476906676526e-08 7.733247821343870458e-09
-1.315307928333311222e-08 8.744812471625783954e-08 7.076715454761009964e-08 -1.226176338671056548e-07 1.170693525308634148e-07 -3.218356672077929783e-08 1.498303547769864717e-07 -8.107974117791485897e-08 2.325315130182526742e-07 -3.157492047961650216e-09 1.357289633676813211e-08 -7.274541377383079645e-09 4.399772806066919207e-08 -5.655976129641156303e-09 2.732590663923851605e-08 7.691261134607787640e-08 -4.572636105898472207e-08 4.505711626590768496e-08
5.856534889994817452e-08 7.076715454761009964e-08 2.910826656527116933e-07 4.413232083594886451e-07 -7.141866423330753907e-07 4.001912761095036868e-07 -2.675638479529543913e-07 1.059386505295515197e-07 -2.570092350020005391e-06 3.053505833849371555e-08 -4.505940004484537371e-08 1.174040419402445160e-08 -6.285579146587332234e-08 -4.811870185834336787e-08 7.290653521352441926e-08 -3.108110838687760974e-07 -2.196855006550123106e-07 3.318994517563787376e-08
-6.737418349501343325e-08 -1.226176338671056548e-07 4.413232083594886451e-07 -1.766880226176250856e-07 6.820868012818340976e-07 2.016087168956894490e-07 2.110014561367199960e-07 -9.425727124060903522e-07 1.322056504834642965e-06 -2.982075114541938022e-08 7.682206436068513645e-08 -1.512344514537501080e-07 3.461159465316572128e-07 -8.161127707133261592e-08 1.455904193752903417e-07 2.842836936076431767e-07 -7.606164465296677175e-07 1.109337107094605474e-06
1.077403531898341197e-07 1.170693525308634148e-07 -7.141866423330753907e-07 6.820868012818340976e-07 1.517694668665214386e-06 8.734232137471921186e-07 -9.002282360744070950e-07 9.063736178239523854e-07 -5.926264361726417269e-06 5.169940366062222234e-08 -6.758907710345081919e-08 -6.711416849994927439e-08 -5.936692471804363379e-08 1.931567306640773780e-08 7.494132693171793866e-08 -6.777564160884868564e-07 -6.235252103811415467e-07 8.041855747773353063e-07
-4.921469921686162452e-08 -3.218356672077930445e-08 4.001912761095036868e-07 2.016087168956894490e-07 8.734232137471921186e-07 3.155487534895177872e-06 7.996599154310352785e-07 8.456147976887738376e-07 3.618669929010872777e-06 -3.486735774791257120e-08 1.357886834002759880e-08 1.498628698506843719e-07 -1.851008236703279025e-07 1.647582219573421072e-07 -4.208338613703074192e-07 3.813838315951218197e-07 1.166826489216759380e-06 -1.230258914819453274e-06
4.537852130279591365e-09 1.498303547769864717e-07 -2.675638479529544972e-07 2.110014561367202078e-07 -9.002282360744070950e-07 7.996599154310352785e-07 1.745361131794018490e-05 -6.805954422479368960e-07 2.108676816451245365e-06 3.283556913806420842e-08 -5.239773349012394309e-08 -4.115885946547443220e-08 -2.607999142491444299e-07 1.726381107895043645e-08 2.189591320284808190e-07 -3.901758031730774575e-07 7.854651547868638052e-07 3.246624287962549796e-07
-8.948285809692283921e-08 -8.107974117791485897e-08 1.059386505295514800e-07 -9.425727124060903522e-07 9.063736178239523854e-07 8.456147976887738376e-07 -6.805954422479370019e-07 1.672388075947698062e-05 3.062872665026425504e-06 1.522344815903512614e-09 5.661547350916934155e-08 -1.221564160628882514e-07 2.706665699893150230e-07 -3.187953190035451862e-07 7.712970104242027666e-07 -8.583743209949116154e-08 -4.561669648660704225e-07 5.355901986239788086e-07
4.065574069852777993e-07 2.325315130182526742e-07 -2.570092350020005391e-06 1.322056504834642965e-06 -5.926264361726418116e-06 3.618669929010872777e-06 2.108676816451245789e-06 3.062872665026425928e-06 1.842645182361169663e-05 1.807190573366495260e-07 -1.860703939528889252e-07 -4.940978030665570251e-07 7.235856219562678844e-07 -3.888635468714524850e-07 3.815416174779095445e-07 -2.148722478202247621e-06 -6.217129705049731655e-06 5.093588966361735399e-06
-3.570734560993793585e-09 -3.157492047961650216e-09 3.053505833849371555e-08 -2.982075114541938022e-08 5.169940366062222234e-08 -3.486735774791257120e-08 3.283556913806420842e-08 1.522344815903512201e-09 1.807190573366495260e-07 9.415034607627356042e-09 3.478674126237798047e-09 -1.827664755657443626e-09 4.386923163029080808e-09 5.476027107128715379e-09 -1.027662521940392632e-08 1.603873534211161498e-08 1.438237863250987817e-08 6.958316700529526493e-10
6.972372325538858023e-09 1.357289633676813211e-08 -4.505940004484537371e-08 7.682206436068513645e-08 -6.758907710345083243e-08 1.357886834002759714e-08 -5.239773349012394309e-08 5.661547350916934155e-08 -1.860703939528888987e-07 3.478674126237798047e-09 1.666745765114518930e-08 1.023393194948346194e-08 -2.424603447893858228e-08 -5.145858158284453181e-10 -3.138520346111641636e-09 -2.825211700050311908e-08 3.267788631912867575e-08 -5.653367959624943635e-08
-2.310884881384228450e-09 -7.274541377383078818e-09 1.174040419402445160e-08 -1.512344514537500550e-07 -6.711416849994927439e-08 1.498628698506843719e-07 -4.115885946547442559e-08 -1.221564160628881984e-07 -4.940978030665570251e-07 -1.827664755657443420e-09 1.023393194948346194e-08 2.943398345263824913e-08 7.134444194036808187e-08 -1.833267837569642395e-08 3.235726910881234012e-08 -4.503207682187876226e-08 -2.635345165885925558e-07 3.802965575502918833e-07
1.069131669154277931e-08 4.399772806066919207e-08 -6.285579146587332234e-08 3.461159465316572128e-07 -5.936692471804365364e-08 -1.851008236703279025e-07 -2.607999142491444299e-07 2.706665699893150230e-07 7.235856219562677785e-07 4.386923163029079981e-09 -2.424603447893858228e-08 7.134444194036809510e-08 7.992623920245110884e-08 5.276136104073106590e-08 -6.092424443593603647e-08 -2.095710120835078813e-08 5.350201578123654996e-07 -5.712015811856860835e-07
4.875674754519667554e-09 -5.655976129641155475e-09 -4.811870185834336787e-08 -8.161127707133262916e-08 1.931567306640775434e-08 1.647582219573421601e-07 1.726381107895044307e-08 -3.187953190035451862e-07 -3.888635468714524850e-07 5.476027107128715379e-09 -5.145858158284444909e-10 -1.833267837569642395e-08 5.276136104073106590e-08 2.524006065045270073e-07 7.813158503211701890e-08 -8.076883557710099436e-09 -2.313345140287899721e-07 1.586160928205907080e-07
3.251423521138673972e-09 2.732590663923851274e-08 7.290653521352441926e-08 1.455904193752903417e-07 7.494132693171793866e-08 -4.208338613703074192e-07 2.189591320284808454e-07 7.712970104242027666e-07 3.815416174779095445e-07 -1.027662521940392632e-08 -3.138520346111642049e-09 3.235726910881235335e-08 -6.092424443593603647e-08 7.813158503211701890e-08 1.009334968678354404e-06 6.533184245881618944e-08 2.437502462225787001e-07 -1.735599225149029728e-07
4.761126915832550428e-08 7.691261134607788963e-08 -3.108110838687760974e-07 2.842836936076431767e-07 -6.777564160884868564e-07 3.813838315951218197e-07 -3.901758031730774575e-07 -8.583743209949116154e-08 -2.148722478202247621e-06 1.603873534211161498e-08 -2.825211700050311908e-08 -4.503207682187875565e-08 -2.095710120835075835e-08 -8.076883557710096127e-09 6.533184245881618944e-08 8.668680971857762539e-07 -1.879073026857196253e-07 3.398449646478717962e-07
2.341841476906677519e-08 -4.572636105898472207e-08 -2.196855006550123106e-07 -7.606164465296676116e-07 -6.235252103811416526e-07 1.166826489216759380e-06 7.854651547868636993e-07 -4.561669648660704225e-07 -6.217129705049731655e-06 1.438237863250987982e-08 3.267788631912866914e-08 -2.635345165885925558e-07 5.350201578123653937e-07 -2.313345140287899191e-07 2.437502462225787001e-07 -1.879073026857196782e-07 1.291748502741586056e-06 2.376269506641372227e-06
7.733247821343872112e-09 4.505711626590768496e-08 3.318994517563782744e-08 1.109337107094605262e-06 8.041855747773352005e-07 -1.230258914819453062e-06 3.246624287962549796e-07 5.355901986239787027e-07 5.093588966361735399e-06 6.958316700529531663e-10 -5.653367959624943635e-08 3.802965575502918833e-07 -5.712015811856859776e-07 1.586160928205907080e-07 -1.735599225149029198e-07 3.398449646478717962e-07 2.376269506641372227e-06 1.249662831289199528e-06
