# alpha=0.07329277291057866, beta=2.287440896344409
6.314912540520803714e-08 2.216475222508000438e-08 -7.152914828201547627e-08 2.411092233138351370e-07 -1.036842952042441036e-07 2.910911569547842260e-07 6.450993622266274647e-07 -4.566706185408069166e-07 -7.010796554632343194e-07 -9.049570080333346293e-10 -1.310703064661592158e-08 -2.329641500522601021e-08 -6.596169401509536165e-09 -8.843906406861749971e-08 -7.812218314254551217e-08 -1.098548112436019005e-07 1.473232430916826177e-07 -1.561250383197614845e-07
2.216475222508000438e-08 1.482899032457684148e-07 -7.543659556658803027e-08 2.464447645854821947e-07 -1.252289060273849647e-07 2.859079355006105776e-07 6.483205476676457655e-07 -4.450300620950717409e-07 -6.706212688811299934e-07 -5.279001569162875263e-10 -2.288691877048071880e-08 -2.188006992551439807e-08 2.289672561086323315e-09 -8.781768854548940903e-08 -6.479606720618352737e-08 -1.208307549357974865e-07 1.367754785933975792e-07 -1.626088262675245050e-07
-7.152914828201547627e-08 -7.543659556658803027e-08 8.380310265647390576e-07 -7.671726116963647402e-07 3.599618388416075942e-07 -9.424445011518152331e-07 -2.045938445229363167e-06 1.489065159598332210e-06 2.185580922075301570e-06 2.448977968907422426e-09 7.151828337225708347e-08 5.499063842372425110e-08 -7.373161861323764035e-10 2.646541081259389795e-07 1.883119307660025560e-07 3.678063342141117695e-07 -4.568204369319109727e-07 5.231321618975832421e-07
2.411092233138351370e-07 2.464447645854821947e-07 -7.671726116963647402e-07 3.667693492132152972e-06 -1.234597545351639897e-06 2.958289365253527948e-06 6.552163101994850792e-06 -4.584715177951593887e-06 -7.347703166684462570e-06 -7.944122468922620109e-09 -1.943419666253214809e-07 -2.147618168348855901e-07 -3.344465061973162970e-08 -8.905868439024431086e-07 -7.099617526688683964e-07 -1.109202287108747851e-06 1.427855323679373314e-06 -1.697276401651864151e-06
-1.036842952042441036e-07 -1.252289060273849647e-07 3.599618388416075942e-07 -1.234597545351639897e-06 2.959370177374248501e-06 -1.410189650404644584e-06 -3.050318370562500369e-06 2.098698694388227010e-06 3.342227808286134109e-06 1.367557789387689332e-09 1.016178882141398630e-07 9.583648453658056963e-08 1.513149940099320231e-09 4.102643024915617112e-07 3.280037124460905809e-07 5.290206674646008993e-07 -6.958581677366704372e-07 8.467628917154061962e-07
2.910911569547842260e-07 2.859079355006105776e-07 -9.424445011518152331e-07 2.958289365253527948e-06 -1.410189650404644584e-06 7.370780958790829318e-06 7.807968436640208565e-06 -5.598681946074862269e-06 -8.820080370050294483e-06 -6.769541268481720165e-09 -2.275435988683376657e-07 -2.308253104413831416e-07 -2.936720294183330391e-08 -1.054920860472024061e-06 -8.553434210100432201e-07 -1.374072275958173850e-06 1.773328788230257498e-06 -1.923303449279652998e-06
6.450993622266274647e-07 6.483205476676457655e-07 -2.045938445229363167e-06 6.552163101994850792e-06 -3.050318370562500793e-06 7.807968436640208565e-06 2.321856304344399499e-05 -1.219375441439615568e-05 -1.865714439149125734e-05 -1.916010282137942975e-08 -5.132806099294448987e-07 -5.458151541326743145e-07 -7.286598592294329617e-08 -2.321750125455241006e-06 -1.803702269035033134e-06 -3.085164363096266271e-06 3.751363772111214229e-06 -4.405946299122615594e-06
-4.566706185408069166e-07 -4.450300620950716879e-07 1.489065159598332210e-06 -4.584715177951593887e-06 2.098698694388227010e-06 -5.598681946074862269e-06 -1.219375441439615568e-05 2.422898049447557448e-05 1.323025699632234395e-05 9.195556177219542778e-09 3.947861947586733433e-07 3.917528427009971450e-07 2.895902485843157135e-08 1.608639694091122678e-06 1.203546386369756265e-06 2.128075875083468586e-06 -2.482454449398926038e-06 3.055291100226274374e-06
-7.010796554632343194e-07 -6.706212688811299934e-07 2.185580922075301570e-06 -7.347703166684461723e-06 3.342227808286133686e-06 -8.820080370050294483e-06 -1.865714439149125734e-05 1.323025699632234395e-05 4.225898402768025000e-05 2.263048915877646346e-08 5.280886745710136759e-07 6.160208845217473713e-07 1.204220410161999893e-07 2.548141122889508784e-06 2.128513408269069301e-06 3.144968720043889852e-06 -4.155586906275398585e-06 4.513116614146676839e-06
-9.049570080333346293e-10 -5.279001569162873196e-10 2.448977968907422426e-09 -7.944122468922618455e-09 1.367557789387689332e-09 -6.769541268481720165e-09 -1.916010282137942975e-08 9.195556177219542778e-09 2.263048915877646346e-08 1.179992815665482275e-08 -5.189836950825242114e-10 9.605437380041132574e-10 6.483603826771037331e-10 3.414639689792742631e-09 3.040031620605811029e-09 3.462132668602980474e-09 -1.050908780160883307e-09 3.066152141104560147e-09
-1.310703064661591827e-08 -2.288691877048071550e-08 7.151828337225708347e-08 -1.943419666253214809e-07 1.016178882141398630e-07 -2.275435988683376657e-07 -5.132806099294447928e-07 3.947861947586733433e-07 5.280886745710136759e-07 -5.189836950825242114e-10 9.038520364833138606e-08 1.183309478811686684e-08 -9.364602759364046583e-09 6.193771993612730866e-08 2.412371005547139199e-08 9.888427939018384135e-08 -9.518292736446252697e-08 1.423967004897469309e-07
-2.329641500522601021e-08 -2.188006992551439807e-08 5.499063842372425110e-08 -2.147618168348855901e-07 9.583648453658056963e-08 -2.308253104413831681e-07 -5.458151541326743145e-07 3.917528427009971450e-07 6.160208845217473713e-07 9.605437380041132574e-10 1.183309478811686684e-08 1.244764242829875520e-07 5.734410728703901448e-09 7.645194377037099321e-08 6.751073920888391753e-08 9.604162078749648896e-08 -1.085106622533511572e-07 1.229476998513078069e-07
-6.596169401509536165e-09 2.289672561086323315e-09 -7.373161861323774375e-10 -3.344465061973162970e-08 1.513149940099318369e-09 -2.936720294183330060e-08 -7.286598592294328293e-08 2.895902485843157135e-08 1.204220410161999893e-07 6.483603826771036297e-10 -9.364602759364046583e-09 5.734410728703900621e-09 1.717056412523665420e-07 9.079940969596066982e-09 2.783649590501666463e-08 1.123104482947867473e-10 -1.448115388516605115e-08 8.944907109879683300e-09
-8.843906406861749971e-08 -8.781768854548940903e-08 2.646541081259389795e-07 -8.905868439024431086e-07 4.102643024915617112e-07 -1.054920860472024061e-06 -2.321750125455241006e-06 1.608639694091122678e-06 2.548141122889508784e-06 3.414639689792742631e-09 6.193771993612730866e-08 7.645194377037099321e-08 9.079940969596068636e-09 6.669986581200700233e-07 2.560696968447925435e-07 4.007680806608578366e-07 -5.043242556356784096e-07 5.843438944883700216e-07
-7.812218314254551217e-08 -6.479606720618351413e-08 1.883119307660025031e-07 -7.099617526688683964e-07 3.280037124460905809e-07 -8.553434210100432201e-07 -1.803702269035033134e-06 1.203546386369756054e-06 2.128513408269069301e-06 3.040031620605811029e-09 2.412371005547138869e-08 6.751073920888390430e-08 2.783649590501666794e-08 2.560696968447925435e-07 1.113130118862998850e-06 2.848527887320132465e-07 -4.570095411303752748e-07 4.184929385586388759e-07
-1.098548112436019005e-07 -1.208307549357974865e-07 3.678063342141117695e-07 -1.109202287108747851e-06 5.290206674646008993e-07 -1.374072275958173850e-06 -3.085164363096266271e-06 2.128075875083468586e-06 3.144968720043890275e-06 3.462132668602980887e-09 9.888427939018385459e-08 9.604162078749648896e-08 1.123104482947845242e-10 4.007680806608578366e-07 2.848527887320132994e-07 1.612365022373207772e-06 -6.721460460355097887e-07 7.379019403113890112e-07
1.473232430916826177e-07 1.367754785933975792e-07 -4.568204369319109727e-07 1.427855323679373314e-06 -6.958581677366704372e-07 1.773328788230257498e-06 3.751363772111214229e-06 -2.482454449398926038e-06 -4.155586906275398585e-06 -1.050908780160883307e-09 -9.518292736446252697e-08 -1.085106622533511572e-07 -1.448115388516605281e-08 -5.043242556356784096e-07 -4.570095411303752748e-07 -6.721460460355096829e-07 3.764079558813018491e-06 -9.389566642688589054e-07
-1.561250383197614845e-07 -1.626088262675245050e-07 5.231321618975832421e-07 -1.697276401651863940e-06 8.467628917154061962e-07 -1.923303449279652998e-06 -4.405946299122614747e-06 3.055291100226274374e-06 4.513116614146676839e-06 3.066152141104560974e-09 1.423967004897469309e-07 1.229476998513078069e-07 8.944907109879684955e-09 5.843438944883700216e-07 4.184929385586388759e-07 7.379019403113890112e-07 -9.389566642688587995e-07 3.583210154800901037e-06
