# alpha=0.07896262999276812, beta=2.919546130816198
4.949297480392607559e-07 1.752438676608294543e-07 -1.637972979146742055e-07 9.876779232091950591e-07 3.714736158940225910e-06 -6.264636241031688543e-07 -1.132690150211292185e-06 -2.919184278342637823e-06 -3.300205433983187021e-06 -3.615379814901475678e-08 -2.148542863677767604e-07 2.523499867557007283e-07 -5.279703620948709973e-07 1.193230677679938618e-06 -7.555622571941040639e-07 -1.385021071121218638e-06 -6.069982344363876905e-07 -1.004294817894242122e-06
1.752438676608294543e-07 3.365587359443135244e-07 -8.972727286608752322e-08 4.068919789774966555e-07 1.722518490408499397e-06 -3.611523081196622329e-07 -4.229512460098267789e-07 -1.339646615614150408e-06 -1.736893208218879217e-06 -1.659431251738481019e-08 -1.136733653423043331e-07 1.280709787941214812e-07 -2.546075067165223562e-07 5.360342499980966916e-07 -3.856459125171479285e-07 -6.478906776773177540e-07 -2.332930276454399680e-07 -5.454026873293366865e-07
-1.637972979146742055e-07 -8.972727286608753645e-08 6.754173359517601172e-07 -4.273818544059035963e-07 -1.588716949938924903e-06 2.785699304282833069e-07 4.238825944182847689e-07 1.290439287385910184e-06 1.513254987833135320e-06 1.634948918795822902e-08 9.739324669103014762e-08 -1.146121966559912475e-07 2.250876117706464593e-07 -4.932664720711004050e-07 3.191069054866215394e-07 5.946392386267829122e-07 2.139641025908539953e-07 5.071746265377778898e-07
9.876779232091950591e-07 4.068919789774966555e-07 -4.273818544059035433e-07 4.036440369919823802e-06 9.079636969833111137e-06 -1.341510065947737089e-06 -2.793921109278962539e-06 -7.278866009436336884e-06 -7.822679420743677107e-06 -9.322139920752635720e-08 -5.064682240112596863e-07 6.099484085137780262e-07 -1.283395431288798120e-06 2.935877947590931126e-06 -1.819532041086358377e-06 -3.371625195328038136e-06 -1.512653358085588591e-06 -2.403019147775467779e-06
3.714736158940225910e-06 1.722518490408499609e-06 -1.588716949938924903e-06 9.079636969833111137e-06 3.931152410167201107e-05 -6.367796542805062247e-06 -1.071120248911732430e-05 -2.774553006095129416e-05 -3.216615569379996473e-05 -3.301518908510186627e-07 -2.095823154892225797e-06 2.431781037359551389e-06 -5.061586102927096769e-06 1.123927333492371076e-05 -7.254510363187198690e-06 -1.321386120355246856e-05 -5.471370966020080359e-06 -9.843181324897044802e-06
-6.264636241031688543e-07 -3.611523081196622329e-07 2.785699304282833598e-07 -1.341510065947737089e-06 -6.367796542805062247e-06 5.543239780886462775e-06 1.969422357523941801e-06 4.878347047798794884e-06 6.741026890352073744e-06 4.527471543475957065e-08 4.273928598785609022e-07 -4.684441539954005699e-07 9.814867974734017486e-07 -1.974814798551359819e-06 1.341840753234912659e-06 2.533305242024660216e-06 6.784621911083273699e-07 2.043478002880298085e-06
-1.132690150211292185e-06 -4.229512460098267789e-07 4.238825944182847689e-07 -2.793921109278962539e-06 -1.071120248911732430e-05 1.969422357523941801e-06 1.543337964905065393e-05 8.619705729917908173e-06 9.702321884033305785e-06 7.697163171566368997e-08 6.039082541203756954e-07 -6.608831169668650804e-07 1.520957638909045702e-06 -3.505929530408804296e-06 1.936351491718150644e-06 4.345814663295354780e-06 1.558442070460815691e-06 2.620498177126744714e-06
-2.919184278342637399e-06 -1.339646615614150408e-06 1.290439287385910184e-06 -7.278866009436336884e-06 -2.774553006095129416e-05 4.878347047798794037e-06 8.619705729917908173e-06 3.806765213485903285e-05 2.505450534497588138e-05 2.582735383762088022e-07 1.664258064128357910e-06 -1.948231130085187684e-06 4.049040421321779019e-06 -8.925291567356247153e-06 5.756177205379851340e-06 1.057720169809218868e-05 3.977762083843388215e-06 8.004211784422782868e-06
-3.300205433983187021e-06 -1.736893208218879217e-06 1.513254987833135108e-06 -7.822679420743677107e-06 -3.216615569379996473e-05 6.741026890352073744e-06 9.702321884033305785e-06 2.505450534497588138e-05 6.150408098331826300e-05 2.791078782638372579e-07 2.039820335526809291e-06 -2.293381774363838439e-06 4.708015784968391745e-06 -1.015932389890074283e-05 6.843943474358946061e-06 1.233608604089489508e-05 4.393074764958067809e-06 9.439348411268232408e-06
-3.615379814901475016e-08 -1.659431251738481019e-08 1.634948918795822571e-08 -9.322139920752635720e-08 -3.301518908510186627e-07 4.527471543475955742e-08 7.697163171566368997e-08 2.582735383762088022e-07 2.791078782638372579e-07 1.517548911400176296e-08 1.863689152817197193e-08 -2.317549315975339738e-08 4.596368155831550185e-08 -1.049948764575533627e-07 6.943814400936512289e-08 1.158348983175721653e-07 5.976185872046158532e-08 9.184874673484856443e-08
-2.148542863677767604e-07 -1.136733653423043464e-07 9.739324669103014762e-08 -5.064682240112596863e-07 -2.095823154892225797e-06 4.273928598785609022e-07 6.039082541203756954e-07 1.664258064128358334e-06 2.039820335526809291e-06 1.863689152817197524e-08 1.739079943363463834e-07 -1.527694590225658647e-07 3.106572054723067654e-07 -6.613067107711493968e-07 4.597208942978943972e-07 7.924558841582619536e-07 2.900697447758964474e-07 6.324836247339552930e-07
2.523499867557007283e-07 1.280709787941214812e-07 -1.146121966559912475e-07 6.099484085137781320e-07 2.431781037359551389e-06 -4.684441539954005699e-07 -6.608831169668650804e-07 -1.948231130085187684e-06 -2.293381774363838439e-06 -2.317549315975340069e-08 -1.527694590225658647e-07 2.769889886721921409e-07 -3.622244160280821615e-07 7.720976917276966726e-07 -5.358927083030334940e-07 -9.077173031978440152e-07 -3.429801141912816997e-07 -7.424868006343774502e-07
-5.279703620948709973e-07 -2.546075067165223562e-07 2.250876117706464593e-07 -1.283395431288798120e-06 -5.061586102927096769e-06 9.814867974734017486e-07 1.520957638909045702e-06 4.049040421321779019e-06 4.708015784968391745e-06 4.596368155831550185e-08 3.106572054723067654e-07 -3.622244160280821615e-07 9.849593563293423380e-07 -1.617523680740102770e-06 1.081154685396595190e-06 1.922058046123524773e-06 7.123347752100887184e-07 1.488501853526272442e-06
1.193230677679938830e-06 5.360342499980966916e-07 -4.932664720711004050e-07 2.935877947590931126e-06 1.123927333492371246e-05 -1.974814798551359819e-06 -3.505929530408804719e-06 -8.925291567356247153e-06 -1.015932389890074283e-05 -1.049948764575533759e-07 -6.613067107711493968e-07 7.720976917276966726e-07 -1.617523680740103193e-06 3.914861298686918727e-06 -2.307178666583742518e-06 -4.242859389144463617e-06 -1.750653456980296600e-06 -3.095623358642805978e-06
-7.555622571941040639e-07 -3.856459125171479815e-07 3.191069054866215394e-07 -1.819532041086358377e-06 -7.254510363187198690e-06 1.341840753234912659e-06 1.936351491718151068e-06 5.756177205379851340e-06 6.843943474358946061e-06 6.943814400936512289e-08 4.597208942978943443e-07 -5.358927083030334940e-07 1.081154685396595190e-06 -2.307178666583742518e-06 2.938465597944421768e-06 2.675973110667930324e-06 1.080144426765748963e-06 2.164609943118827033e-06
-1.385021071121218214e-06 -6.478906776773177540e-07 5.946392386267828064e-07 -3.371625195328038136e-06 -1.321386120355246856e-05 2.533305242024660216e-06 4.345814663295354780e-06 1.057720169809218868e-05 1.233608604089489508e-05 1.158348983175721653e-07 7.924558841582618478e-07 -9.077173031978440152e-07 1.922058046123524773e-06 -4.242859389144463617e-06 2.675973110667930324e-06 6.894906426426545526e-06 1.872269403307254347e-06 3.735204908779163431e-06
-6.069982344363876905e-07 -2.332930276454399680e-07 2.139641025908539953e-07 -1.512653358085588591e-06 -5.471370966020080359e-06 6.784621911083272640e-07 1.558442070460815691e-06 3.977762083843389062e-06 4.393074764958067809e-06 5.976185872046158532e-08 2.900697447758964474e-07 -3.429801141912816997e-07 7.123347752100887184e-07 -1.750653456980296389e-06 1.080144426765748963e-06 1.872269403307254347e-06 3.580125639483521320e-06 1.233954521524873121e-06
-1.004294817894242122e-06 -5.454026873293366865e-07 5.071746265377778898e-07 -2.403019147775467779e-06 -9.843181324897044802e-06 2.043478002880298085e-06 2.620498177126744714e-06 8.004211784422782868e-06 9.439348411268232408e-06 9.184874673484856443e-08 6.324836247339552930e-07 -7.424868006343774502e-07 1.488501853526272442e-06 -3.095623358642805131e-06 2.164609943118826609e-06 3.735204908779163431e-06 1.233954521524873121e-06 7.115357413660842488e-06
