# alpha=-0.08099764482988411, beta=1.4290495068777045
1.809083806370219572e-08 1.311505681502332729e-08 -3.453406634389508336e-08 3.817413197143475746e-08 -2.309016952501821302e-08 -4.563208535656119446e-09 5.121722715244859697e-08 1.941103061783503382e-08 -6.238262475048986180e-08 4.220258652902168088e-10 9.980469296373045196e-10 1.194617131356587983e-09 -5.586656379944340489e-09 8.871732868251814671e-09 -9.868841587140582064e-09 -1.659085002002815488e-08 3.208079612546788262e-08 4.278607362227508095e-08
1.311505681502332729e-08 9.450572473604593302e-08 1.602269241245196517e-07 -1.406977887860909969e-07 8.786289447839512614e-08 4.588700504299049300e-08 -3.503498469016824354e-07 -9.518422504523786857e-08 2.334752986004222033e-07 3.567046297292287607e-09 -1.955428770609119755e-08 -1.166645826333710421e-08 2.829156382976252034e-08 -3.482631799501921376e-08 4.723445049662996458e-08 8.524603742360217916e-08 -1.427574334199429424e-07 -6.451052932626024310e-08
-3.453406634389508998e-08 1.602269241245196517e-07 -2.739210870322191012e-07 4.986768626036486325e-07 -4.343828081666030404e-07 -1.025380474430419461e-07 1.574191188825671952e-06 1.293471488102645252e-07 -6.783815835011502614e-07 -2.600195376088815969e-08 9.988020942733079085e-08 6.526691159159996399e-08 -1.166864531562303357e-07 1.545197061616192883e-07 -2.496336649307025930e-07 -3.209888371293003015e-07 6.291083884857218079e-07 2.219406910953095297e-07
3.817413197143475746e-08 -1.406977887860909704e-07 4.986768626036486325e-07 1.966450834964072668e-07 3.963707609913937245e-07 5.997020310656286542e-07 -1.526426775788611965e-06 -3.206973976906774287e-07 -5.214177862958842608e-08 1.013630212159624080e-08 -6.651555927201727230e-08 -3.009055882049702560e-08 5.439432564837797092e-08 -1.188927146552777635e-07 9.503075907599886489e-08 2.516668608298650928e-07 -5.334711453521235567e-07 1.230324217470317657e-07
-2.309016952501821302e-08 8.786289447839515261e-08 -4.343828081666030404e-07 3.963707609913937245e-07 6.076103651878608167e-07 -3.094300435672392068e-07 1.299652624716251388e-06 2.446663276467189696e-07 1.215680739737488583e-07 -2.038517149466980394e-08 6.123313686216579317e-08 -1.354042056475294989e-09 -6.355435821973330628e-08 1.311195241842139621e-07 -7.494241725916538799e-08 -1.807167256237030736e-07 3.304847568983028715e-07 -3.208608051480564070e-08
-4.563208535656121100e-09 4.588700504299051285e-08 -1.025380474430419593e-07 5.997020310656287601e-07 -3.094300435672392068e-07 8.327017479598191656e-07 1.565168851859307136e-06 5.292129800942413314e-07 8.833001592804347378e-07 -3.799121436685494536e-09 4.452899206379669385e-08 -6.384840636469396696e-09 4.230548017563464548e-08 8.365578681263137519e-08 9.215374089265235743e-08 -1.815129102212727560e-07 3.569226711506075901e-07 -6.167408468860192275e-07
5.121722715244859697e-08 -3.503498469016823825e-07 1.574191188825671528e-06 -1.526426775788611965e-06 1.299652624716251388e-06 1.565168851859306713e-06 7.305695258194473414e-07 -7.176475004776483983e-07 -1.048170485940756303e-07 6.020743071216280521e-08 -2.536484854611722845e-07 -3.211490702393463002e-08 1.892491123237897910e-07 -4.042165664489320543e-07 3.821542082091751921e-07 8.493844574153932367e-07 -1.610111943710543187e-06 2.633296480130725869e-07
1.941103061783503382e-08 -9.518422504523786857e-08 1.293471488102645252e-07 -3.206973976906774287e-07 2.446663276467189696e-07 5.292129800942414373e-07 -7.176475004776483983e-07 6.394839129123342520e-06 2.953969265909472836e-07 5.165619129808465756e-09 -1.130045128149582762e-08 -1.661243196549060274e-08 3.027471041250287312e-08 -9.361160071854004394e-08 -7.645066951095527896e-08 1.235332512509139849e-07 -5.754722109203028858e-08 1.796421439357065012e-07
-6.238262475048986180e-08 2.334752986004222033e-07 -6.783815835011502614e-07 -5.214177862958842608e-08 1.215680739737488583e-07 8.833001592804347378e-07 -1.048170485940756303e-07 2.953969265909472836e-07 9.284936809139134311e-06 -8.042058643273716146e-09 3.904611807588042974e-08 1.292097543196695043e-07 -1.542066613938581048e-07 6.343197603425828803e-08 -2.521251539572735593e-07 -3.567513543378725519e-07 2.656436588388834544e-07 1.081515357620391552e-06
4.220258652902168088e-10 3.567046297292287607e-09 -2.600195376088815969e-08 1.013630212159623749e-08 -2.038517149466980394e-08 -3.799121436685491227e-09 6.020743071216280521e-08 5.165619129808464929e-09 -8.042058643273716146e-09 3.499432575887870208e-09 4.178838857776501605e-09 7.285608328818698441e-10 -4.402739348647717108e-09 5.470941216658578052e-09 -6.761317900663736059e-09 -9.092074279252576613e-09 1.467540603185044996e-08 2.863103992109479677e-09
9.980469296373047264e-10 -1.955428770609119755e-08 9.988020942733079085e-08 -6.651555927201727230e-08 6.123313686216579317e-08 4.452899206379669385e-08 -2.536484854611722845e-07 -1.130045128149582597e-08 3.904611807588042974e-08 4.178838857776501605e-09 3.751830588905584009e-10 -5.252695095592580233e-09 1.332588935268491906e-08 -1.808276905729593536e-08 3.175829110126707928e-08 4.412616414024397981e-08 -9.063197127250058533e-08 -4.049547702273695784e-09
1.194617131356588810e-09 -1.166645826333710421e-08 6.526691159159996399e-08 -3.009055882049702560e-08 -1.354042056475294989e-09 -6.384840636469400832e-09 -3.211490702393463002e-08 -1.661243196549060274e-08 1.292097543196695043e-07 7.285608328818698441e-10 -5.252695095592579406e-09 2.660323597847486044e-08 1.051119323485550769e-08 -7.012517417081932806e-09 1.930605704115846507e-08 2.282792608557264557e-08 -5.454423052147590258e-08 -4.940353407014089640e-09
-5.586656379944341316e-09 2.829156382976252034e-08 -1.166864531562303357e-07 5.439432564837797754e-08 -6.355435821973330628e-08 4.230548017563464548e-08 1.892491123237898175e-07 3.027471041250287312e-08 -1.542066613938581048e-07 -4.402739348647717108e-09 1.332588935268491906e-08 1.051119323485550769e-08 5.194528496082189504e-08 2.575833644829780158e-08 -3.710934512923414520e-08 -4.858684875463015754e-08 8.636858805074365113e-08 5.817883583501577787e-08
8.871732868251814671e-09 -3.482631799501921376e-08 1.545197061616192883e-07 -1.188927146552777635e-07 1.311195241842139621e-07 8.365578681263136195e-08 -4.042165664489320543e-07 -9.361160071854004394e-08 6.343197603425828803e-08 5.470941216658578052e-09 -1.808276905729593205e-08 -7.012517417081932806e-09 2.575833644829780158e-08 2.730334849115062787e-07 3.035282415343012270e-08 8.301048326467646662e-08 -1.073795489352149674e-07 -6.555493024205271550e-09
-9.868841587140582064e-09 4.723445049662996458e-08 -2.496336649307025930e-07 9.503075907599889136e-08 -7.494241725916537475e-08 9.215374089265239714e-08 3.821542082091751921e-07 -7.645066951095530543e-08 -2.521251539572735593e-07 -6.761317900663736059e-09 3.175829110126707928e-08 1.930605704115846507e-08 -3.710934512923414520e-08 3.035282415343012270e-08 1.826529742959789340e-07 -8.907744603178133865e-08 2.289424778146140808e-07 1.610353357993742513e-07
-1.659085002002815488e-08 8.524603742360217916e-08 -3.209888371293003015e-07 2.516668608298650928e-07 -1.807167256237030471e-07 -1.815129102212727295e-07 8.493844574153932367e-07 1.235332512509139849e-07 -3.567513543378724989e-07 -9.092074279252576613e-09 4.412616414024397319e-08 2.282792608557264226e-08 -4.858684875463015754e-08 8.301048326467646662e-08 -8.907744603178131218e-08 2.464533730697457978e-07 3.218633381355001089e-07 6.292028731747315567e-08
3.208079612546788262e-08 -1.427574334199429159e-07 6.291083884857218079e-07 -5.334711453521235567e-07 3.304847568983028185e-07 3.569226711506075372e-07 -1.610111943710543187e-06 -5.754722109203028858e-08 2.656436588388834544e-07 1.467540603185044996e-08 -9.063197127250058533e-08 -5.454423052147590258e-08 8.636858805074363790e-08 -1.073795489352149542e-07 2.289424778146140543e-07 3.218633381355001089e-07 1.177768295911574158e-06 -4.401637570117853139e-08
4.278607362227508095e-08 -6.451052932626024310e-08 2.219406910953095297e-07 1.230324217470317657e-07 -3.208608051480563409e-08 -6.167408468860192275e-07 2.633296480130725869e-07 1.796421439357065542e-07 1.081515357620391552e-06 2.863103992109479263e-09 -4.049547702273694130e-09 -4.940353407014083023e-09 5.817883583501577787e-08 -6.555493024205266587e-09 1.610353357993742513e-07 6.292028731747315567e-08 -4.401637570117852478e-08 5.044791636592776219e-07
