# alpha=-0.09410030460395435, beta=2.011716481487566
2.160653876273860184e-08 1.419137656699124227e-08 -1.481695911869134515e-08 2.075609557130236633e-08 1.286277437651639037e-08 3.896724456796202036e-08 -4.265467439690988077e-08 9.854128020376683036e-08 -1.582145180069072785e-07 1.101024157625999202e-09 1.755686798670925459e-09 4.485325367077030035e-09 -1.128791050276942665e-08 -8.190652176983907821e-10 -1.876306197250947347e-08 4.056948683484362723e-09 -4.069273329253547766e-09 -7.028803624584560411e-09
1.419137656699124227e-08 8.220412202635681182e-08 4.031255611225987300e-08 -2.466624622559811955e-09 -1.509653312577304985e-08 -1.461616244975299426e-07 9.307541565275553941e-08 -6.161715490495534113e-08 2.428735307060036529e-07 -6.164022778719014100e-11 -3.406295900198700415e-09 -1.453974302458670522e-08 3.477621437164842623e-08 -1.867558047082296899e-08 5.377016806670407457e-08 -1.360262854653845857e-08 -2.648005945289368240e-08 1.903158960393034487e-08
-1.481695911869134515e-08 4.031255611225987300e-08 3.647485176277233067e-07 9.968666973957089790e-08 -2.617079782493618505e-08 7.134596881031729712e-08 -1.329076394480881868e-07 2.634730521738749227e-07 -5.871133019937849303e-07 5.659368994216619263e-09 -2.715777552872647254e-09 1.010533854036796125e-08 -6.802017393781310798e-09 2.371388477726555906e-08 -7.250164850496578865e-08 -3.144634864734456687e-08 -7.255922949934861194e-08 -6.342926387591831215e-08
2.075609557130235971e-08 -2.466624622559811955e-09 9.968666973957089790e-08 5.307097885823084606e-07 -1.287974038790557570e-08 5.805238232903488230e-07 -5.296511604580944303e-08 -1.247119900087403074e-06 1.907587961616839474e-06 -2.033308564852610229e-08 4.484152851112491323e-08 4.495647140516079017e-08 -1.303668379675991236e-07 2.533396045604016072e-08 1.072456654111423897e-07 1.536886266173380869e-07 6.990870635367556552e-07 1.256120441346721250e-07
1.286277437651638872e-08 -1.509653312577304985e-08 -2.617079782493617843e-08 -1.287974038790557073e-08 1.054372317200905917e-06 5.710386575500741631e-07 -7.769463178648092169e-07 1.095687364437752669e-07 2.679555139357331267e-07 2.279053932070413795e-08 -2.410812207254270316e-08 9.842660394248879687e-09 5.601159314419570415e-08 3.577904049478476683e-07 -2.925861242222726918e-07 1.834717339381787226e-07 -3.436462153927621015e-07 -1.252798982730586413e-07
3.896724456796202036e-08 -1.461616244975299426e-07 7.134596881031729712e-08 5.805238232903488230e-07 5.710386575500740573e-07 7.925264378073453336e-07 1.143509874712874330e-06 7.658302989551853350e-07 -1.139316692294443719e-06 3.647133732921364387e-09 -4.368334705166285182e-08 -1.296937346178418305e-07 2.796033084945061706e-07 -3.203254060971802175e-07 2.744695448761481519e-07 -3.421711346146812056e-07 -5.371168033427214730e-07 -3.373828650188556260e-08
-4.265467439690988077e-08 9.307541565275552618e-08 -1.329076394480881868e-07 -5.296511604580940333e-08 -7.769463178648090052e-07 1.143509874712874330e-06 2.304158011778217600e-06 6.456583338536424121e-07 -9.388848869462619466e-07 3.203263271208878151e-08 1.494965309204649145e-08 7.376529002998526303e-08 -1.127308566410332631e-07 3.327634740522233123e-07 -2.881781926487228240e-07 1.486325252729137797e-07 9.393576735957805020e-10 -1.949531055425635621e-07
9.854128020376681712e-08 -6.161715490495532789e-08 2.634730521738749227e-07 -1.247119900087403074e-06 1.095687364437753066e-07 7.658302989551853350e-07 6.456583338536424121e-07 5.590406669365029090e-06 5.253522171323642642e-06 -5.225332187200430360e-08 3.896862442808439227e-08 4.847102728738965951e-08 -1.388973035637564797e-07 7.297411943027924793e-08 2.675117946872243403e-07 3.691969297605450875e-07 1.486106797808162432e-06 2.999934060837561485e-07
-1.582145180069072521e-07 2.428735307060036529e-07 -5.871133019937849303e-07 1.907587961616839051e-06 2.679555139357331267e-07 -1.139316692294443295e-06 -9.388848869462618407e-07 5.253522171323642642e-06 1.526835763837946575e-05 7.738542478744659206e-08 -4.645588592491319533e-08 -4.357545620488924086e-08 1.249834977399546729e-07 -1.982812963358029451e-07 -3.636138478136894327e-07 -6.990013293256366839e-07 -1.605090981078339000e-06 -4.048423051756284842e-07
1.101024157625998995e-09 -6.164022778719070969e-11 5.659368994216619263e-09 -2.033308564852609898e-08 2.279053932070413795e-08 3.647133732921360664e-09 3.203263271208878813e-08 -5.225332187200430360e-08 7.738542478744659206e-08 4.614225922164217695e-09 1.906931725569546817e-09 1.125231726082685519e-09 -5.844130397726620112e-09 -8.735646830795492008e-09 1.139946699065684609e-08 1.867633769713802626e-10 2.802433684685070406e-08 1.104570484985378871e-08
1.755686798670925459e-09 -3.406295900198700415e-09 -2.715777552872647667e-09 4.484152851112491323e-08 -2.410812207254270647e-08 -4.368334705166284521e-08 1.494965309204649145e-08 3.896862442808439227e-08 -4.645588592491320857e-08 1.906931725569546817e-09 2.063364721394113466e-08 -5.093313913226240454e-09 1.916942919707727539e-08 1.324703325292154000e-08 -1.887102658932319858e-08 3.921367301501384554e-09 -7.761986421299995986e-08 -1.804165040731067660e-08
4.485325367077030035e-09 -1.453974302458670522e-08 1.010533854036796125e-08 4.495647140516078355e-08 9.842660394248873069e-09 -1.296937346178418305e-07 7.376529002998526303e-08 4.847102728738965951e-08 -4.357545620488924086e-08 1.125231726082685726e-09 -5.093313913226240454e-09 2.962411370384489691e-08 3.165156884552815921e-08 -1.061777931399148905e-08 9.578553414303780057e-09 -1.552745956389203591e-08 -6.098036111834203698e-08 -5.955761399106906068e-09
-1.128791050276942665e-08 3.477621437164841961e-08 -6.802017393781311625e-09 -1.303668379675991236e-07 5.601159314419570415e-08 2.796033084945061706e-07 -1.127308566410332896e-07 -1.388973035637564797e-07 1.249834977399547258e-07 -5.844130397726620112e-09 1.916942919707727539e-08 3.165156884552815921e-08 9.425893135559488519e-08 -1.818840603524831411e-08 2.679589124599942677e-08 2.392547509737930164e-08 1.965753144482740812e-07 7.215315166877337073e-08
-8.190652176983903685e-10 -1.867558047082296568e-08 2.371388477726555906e-08 2.533396045604014748e-08 3.577904049478476683e-07 -3.203254060971802175e-07 3.327634740522233652e-07 7.297411943027923469e-08 -1.982812963358029451e-07 -8.735646830795490354e-09 1.324703325292154000e-08 -1.061777931399149071e-08 -1.818840603524832735e-08 7.422033932301114176e-08 2.088720802105691000e-07 -1.192038878844377107e-07 1.393599737510372804e-07 7.134451711735688087e-08
-1.876306197250947347e-08 5.377016806670407457e-08 -7.250164850496578865e-08 1.072456654111423897e-07 -2.925861242222726918e-07 2.744695448761482049e-07 -2.881781926487228769e-07 2.675117946872243403e-07 -3.636138478136894327e-07 1.139946699065684609e-08 -1.887102658932319527e-08 9.578553414303781711e-09 2.679589124599942677e-08 2.088720802105691000e-07 1.692860769136245689e-07 1.150257875244808376e-07 -2.831954721319081570e-07 -9.403704291348813845e-08
4.056948683484364378e-09 -1.360262854653845857e-08 -3.144634864734456687e-08 1.536886266173380604e-07 1.834717339381787226e-07 -3.421711346146811527e-07 1.486325252729138062e-07 3.691969297605450875e-07 -6.990013293256366839e-07 1.867633769713804952e-10 3.921367301501384554e-09 -1.552745956389203591e-08 2.392547509737929833e-08 -1.192038878844377107e-07 1.150257875244808376e-07 9.021398834512796223e-07 -2.947909235695395616e-08 -4.767729414899540999e-08
-4.069273329253543630e-09 -2.648005945289369232e-08 -7.255922949934861194e-08 6.990870635367556552e-07 -3.436462153927621015e-07 -5.371168033427213671e-07 9.393576735957836039e-10 1.486106797808162432e-06 -1.605090981078339000e-06 2.802433684685070406e-08 -7.761986421299995986e-08 -6.098036111834203698e-08 1.965753144482740812e-07 1.393599737510372804e-07 -2.831954721319082099e-07 -2.947909235695395616e-08 2.292247328104458641e-06 -1.364831866748281100e-07
-7.028803624584560411e-09 1.903158960393035149e-08 -6.342926387591832538e-08 1.256120441346721250e-07 -1.252798982730586413e-07 -3.373828650188552290e-08 -1.949531055425635621e-07 2.999934060837561485e-07 -4.048423051756284842e-07 1.104570484985378871e-08 -1.804165040731067660e-08 -5.955761399106902759e-09 7.215315166877338397e-08 7.134451711735688087e-08 -9.403704291348815168e-08 -4.767729414899540999e-08 -1.364831866748281100e-07 3.604833297089980908e-06
