# alpha=0.07604512175379106, beta=2.902699211675579
8.076541602511604478e-08 6.171530229819412822e-08 -7.798558438984300378e-08 -5.180420236275505160e-08 -1.136095374135759043e-07 -4.662505942431390673e-09 1.662099766340836991e-07 -4.612937711773381971e-07 2.508821999858296884e-07 6.867266394258221830e-09 -8.141306247136133760e-10 3.652043582648302316e-08 3.148028085663257471e-08 3.089314527732159190e-08 -4.503848063034402926e-08 4.237298641764918276e-08 1.592046327396011285e-07 -2.663219407767736966e-07
6.171530229819412822e-08 9.767294126159071661e-07 -1.016380386687400824e-06 -6.476554149712028996e-07 -1.104576110670491726e-06 -3.624717108857568038e-07 1.745359203835330314e-06 -4.510587992251231793e-06 2.426574216412085179e-06 1.052766173546920264e-07 -5.985263480085790811e-08 5.038340437402283204e-07 2.605055441492813815e-07 4.601506121287470998e-07 -4.546918287281768780e-07 5.652787260947027579e-07 1.895467326625797848e-06 -3.634163524944544337e-06
-7.798558438984300378e-08 -1.016380386687400824e-06 1.861190744403027545e-06 8.403225106497215416e-07 1.402371441892262988e-06 5.801190178143932906e-07 -2.468715329043235728e-06 5.824753328128039841e-06 -3.106037915147740750e-06 -1.424469037447314285e-07 8.624821028790844419e-08 -6.529650749190824974e-07 -3.344361173400519302e-07 -5.899335531456868216e-07 5.405424540228426816e-07 -7.650136415079413246e-07 -2.518249085404671212e-06 4.733716891718570724e-06
-5.180420236275505160e-08 -6.476554149712028996e-07 8.403225106497215416e-07 2.344760587772275353e-06 7.783270357911213081e-07 4.386661086492614612e-07 -1.809176722283280877e-06 3.876732997040072102e-06 -2.168711739736889869e-06 -8.864703778913327049e-08 4.805749839856041276e-08 -4.204638162761166139e-07 -2.551252367794787997e-07 -3.409723104754062186e-07 3.018041609185996264e-07 -5.295948657551662802e-07 -1.680377817529328609e-06 3.088616085570572158e-06
-1.136095374135759043e-07 -1.104576110670491726e-06 1.402371441892262776e-06 7.783270357911212022e-07 5.771978516146491341e-06 2.013727831411050677e-07 -2.544421288591201763e-06 7.238434371300429325e-06 -3.795083900741014841e-06 -1.392899060346773982e-07 7.148599625435580934e-08 -6.932337042559336095e-07 -4.260503577436088527e-07 -7.015178009906434242e-07 6.874922252962655974e-07 -7.517046424662449897e-07 -2.797832537720251489e-06 5.181368875223795339e-06
-4.662505942431393154e-09 -3.624717108857567509e-07 5.801190178143932906e-07 4.386661086492614612e-07 2.013727831411050941e-07 5.366843960500389185e-06 -1.878089485375365128e-06 1.869591678392990200e-06 -1.087826828487413782e-06 -7.734874464345387011e-08 7.220767700956631076e-08 -2.460946049224798929e-07 -1.335221295381294423e-07 -1.357127991740281115e-07 -6.548338669339997947e-08 -6.140995870999250696e-07 -1.201704010618505372e-06 2.096734954747158584e-06
1.662099766340837256e-07 1.745359203835330314e-06 -2.468715329043235728e-06 -1.809176722283280877e-06 -2.544421288591201763e-06 -1.878089485375365340e-06 1.886066906345708504e-05 -1.306466991534629233e-05 6.676342131746104287e-06 2.740954765201494332e-07 -1.682833741412889657e-07 1.064002534600647136e-06 9.974864888325419995e-07 8.915142563389637395e-07 -3.219915788035467986e-07 2.308518454890673598e-06 5.697974261642508404e-06 -9.174021085948049991e-06
-4.612937711773381971e-07 -4.510587992251231793e-06 5.824753328128039841e-06 3.876732997040072102e-06 7.238434371300429325e-06 1.869591678392990200e-06 -1.306466991534629233e-05 3.885624425802403304e-05 -1.676367608127357476e-05 -5.892046617273158272e-07 2.613883143867205801e-07 -2.829856096799242696e-06 -2.083880990204850194e-06 -2.479813280688506769e-06 2.340080272351580779e-06 -3.986947627467014975e-06 -1.244374742109691999e-05 2.170502433947887772e-05
2.508821999858296884e-07 2.426574216412084755e-06 -3.106037915147740750e-06 -2.168711739736889869e-06 -3.795083900741014841e-06 -1.087826828487413782e-06 6.676342131746104287e-06 -1.676367608127357476e-05 2.644950252756330755e-05 3.164324943038430823e-07 -1.310320616310793707e-07 1.560058605097738473e-06 1.100801433867856955e-06 1.262557737265346088e-06 -1.323548651967553553e-06 2.009817012726179233e-06 6.685389604347167846e-06 -1.180050013985402151e-05
6.867266394258222657e-09 1.052766173546920264e-07 -1.424469037447314285e-07 -8.864703778913327049e-08 -1.392899060346774247e-07 -7.734874464345387011e-08 2.740954765201494332e-07 -5.892046617273158272e-07 3.164324943038431882e-07 2.681749738523101533e-08 -1.134002589548474127e-08 6.912405760935808214e-08 3.079789142265593172e-08 6.252014632097010583e-08 -4.907477177866474661e-08 8.600221882654660982e-08 2.713187462066521378e-07 -5.072851384140162350e-07
-8.141306247136128590e-10 -5.985263480085790811e-08 8.624821028790844419e-08 4.805749839856041276e-08 7.148599625435580934e-08 7.220767700956631076e-08 -1.682833741412889657e-07 2.613883143867205801e-07 -1.310320616310793442e-07 -1.134002589548474127e-08 8.666055835865563604e-08 -4.088138578237939974e-08 -4.026801436292406091e-09 -4.309111324684631674e-08 1.602003719010537053e-08 -4.985337197527286091e-08 -1.544647173372095135e-07 3.032687017900226417e-07
3.652043582648302316e-08 5.038340437402283204e-07 -6.529650749190824974e-07 -4.204638162761166139e-07 -6.932337042559336095e-07 -2.460946049224798929e-07 1.064002534600646924e-06 -2.829856096799242696e-06 1.560058605097738473e-06 6.912405760935806891e-08 -4.088138578237939974e-08 4.246184761240901982e-07 1.543712248780363301e-07 2.976664001565849543e-07 -2.898237235788298537e-07 3.457452779874136786e-07 1.223922670393592190e-06 -2.356994381786883333e-06
3.148028085663257471e-08 2.605055441492813815e-07 -3.344361173400519302e-07 -2.551252367794787997e-07 -4.260503577436088527e-07 -1.335221295381294687e-07 9.974864888325419995e-07 -2.083880990204850194e-06 1.100801433867856955e-06 3.079789142265593172e-08 -4.026801436292411054e-09 1.543712248780363301e-07 4.857675681962114306e-07 1.166707044326462691e-07 -1.075274264737962740e-07 3.089390523777930143e-07 7.847883454937934805e-07 -1.296449661747348214e-06
3.089314527732159190e-08 4.601506121287470468e-07 -5.899335531456868216e-07 -3.409723104754062186e-07 -7.015178009906434242e-07 -1.357127991740280850e-07 8.915142563389636336e-07 -2.479813280688506769e-06 1.262557737265345876e-06 6.252014632097010583e-08 -4.309111324684631674e-08 2.976664001565849543e-07 1.166707044326462559e-07 7.853282766400303751e-07 -2.762396905305128594e-07 2.772285350781200300e-07 1.057246099195336655e-06 -2.109133257894087001e-06
-4.503848063034402926e-08 -4.546918287281768250e-07 5.405424540228425757e-07 3.018041609185996264e-07 6.874922252962655974e-07 -6.548338669339999271e-08 -3.219915788035467457e-07 2.340080272351580779e-06 -1.323548651967553553e-06 -4.907477177866473999e-08 1.602003719010537053e-08 -2.898237235788298537e-07 -1.075274264737962608e-07 -2.762396905305128594e-07 1.467311645635109658e-06 -1.389711868847913671e-07 -8.448702807350037650e-07 1.819995966036868296e-06
4.237298641764918276e-08 5.652787260947027579e-07 -7.650136415079413246e-07 -5.295948657551662802e-07 -7.517046424662449897e-07 -6.140995870999250696e-07 2.308518454890673598e-06 -3.986947627467014975e-06 2.009817012726179233e-06 8.600221882654660982e-08 -4.985337197527286091e-08 3.457452779874136257e-07 3.089390523777930143e-07 2.772285350781200300e-07 -1.389711868847913406e-07 4.527230624965203951e-06 1.758542218828459230e-06 -2.958353496084957186e-06
1.592046327396011285e-07 1.895467326625797636e-06 -2.518249085404671212e-06 -1.680377817529328609e-06 -2.797832537720251489e-06 -1.201704010618505372e-06 5.697974261642507557e-06 -1.244374742109691999e-05 6.685389604347167846e-06 2.713187462066521378e-07 -1.544647173372095135e-07 1.223922670393592190e-06 7.847883454937934805e-07 1.057246099195336655e-06 -8.448702807350037650e-07 1.758542218828459230e-06 7.005118910952605704e-06 -9.390831775591538703e-06
-2.663219407767737495e-07 -3.634163524944543490e-06 4.733716891718570724e-06 3.088616085570572158e-06 5.181368875223795339e-06 2.096734954747158584e-06 -9.174021085948049991e-06 2.170502433947888110e-05 -1.180050013985402151e-05 -5.072851384140162350e-07 3.032687017900226417e-07 -2.356994381786883333e-06 -1.296449661747348214e-06 -2.109133257894087001e-06 1.819995966036868296e-06 -2.958353496084957186e-06 -9.390831775591538703e-06 2.130226210088356241e-05
