# alpha=0.05220957434460434, beta=2.528885423290061
1.136882101182111499e-07 -5.506655703025579231e-08 -7.103080702892292988e-08 -1.254997292572959805e-08 1.358418952605460600e-07 2.109187579711549612e-07 -3.222934898617847803e-07 7.265685568837462438e-07 -4.518688047533132365e-07 -4.429407510703711687e-09 -1.092697877461100370e-08 1.181314861008441596e-07 3.911259103670232760e-08 -1.148612213850318820e-07 -2.121256667071851168e-07 6.086424530147037842e-07 -1.684645729794357668e-07 -1.570538084449499439e-07
-5.506655703025579231e-08 2.535764376005793582e-07 7.284109790222667758e-08 -6.403064578290138001e-09 -1.149603860538149701e-07 -1.717767272860598140e-07 2.556098428665228642e-07 -7.376039058780395591e-07 4.882329513292448129e-07 3.986895544837005985e-09 1.006201736415303127e-08 -1.134307850202808996e-07 -2.272479062670882430e-08 1.071186230926815412e-07 2.248041029283629385e-07 -5.765922635723493808e-07 1.010118168314491283e-07 1.743598619068571965e-07
-7.103080702892292988e-08 7.284109790222667758e-08 6.029430436229638791e-07 -4.536024698621491583e-08 -7.552992764917795085e-08 -2.499849241568892296e-07 2.467229384141284288e-07 -8.919339648762617777e-07 4.559850003396019947e-07 3.934949953667670785e-09 1.154726246440535455e-08 -1.579776775237543061e-07 -1.132110193671233558e-08 8.983098082357430270e-08 3.264656996149259614e-07 -7.703627596839916782e-07 1.208092861082320024e-07 1.706769070475180392e-07
-1.254997292572959805e-08 -6.403064578290137174e-09 -4.536024698621492907e-08 1.526818265939523455e-06 -3.797310226006309317e-07 -1.960491289897734293e-07 4.601885840105309939e-07 -2.579539754767218657e-07 6.316005132852660580e-07 -3.419902139367682634e-09 2.194128257012027932e-08 7.531208243237221897e-09 -1.433449312008894329e-07 2.642306787315711883e-07 -1.617740915137002990e-07 1.100624900494081536e-08 3.908711936925560995e-07 -9.987685279865611042e-08
1.358418952605460600e-07 -1.149603860538149436e-07 -7.552992764917792438e-08 -3.797310226006308787e-07 2.799673275344708314e-06 6.027493115558115945e-07 -1.263155795553155802e-06 1.874237201798931578e-06 -1.946281618335279279e-06 -4.300752438827134585e-09 -5.299350876672116095e-08 2.309883328895362831e-07 2.755556678872322498e-07 -6.208883412429209101e-07 -2.037766837101804020e-07 1.231806929790183319e-06 -8.064012445021521346e-07 -2.447253177234435887e-07
2.109187579711549612e-07 -1.717767272860598140e-07 -2.499849241568891767e-07 -1.960491289897734293e-07 6.027493115558115945e-07 5.091389898960359668e-06 -1.406729579634321645e-06 2.579576860690589945e-06 -1.827022873932303652e-06 -1.205696976111882563e-08 -4.493661301279212950e-08 4.016118963149086947e-07 1.989041756817341153e-07 -5.220339581056086843e-07 -6.683984924847297038e-07 2.025466540623339262e-06 -8.416286364147381700e-07 -4.073491663954385989e-07
-3.222934898617847273e-07 2.556098428665228112e-07 2.467229384141283229e-07 4.601885840105309939e-07 -1.263155795553155802e-06 -1.406729579634321645e-06 7.956571854973576227e-06 -4.109650498208699194e-06 3.218651611424707938e-06 2.824236732801497151e-08 7.196835183772515599e-08 -5.668375348205517462e-07 -4.180578041832677021e-07 1.010470180418015775e-06 8.211578375541471830e-07 -3.095225781891590538e-06 1.506737539616843086e-06 8.840573910690484867e-07
7.265685568837462438e-07 -7.376039058780395591e-07 -8.919339648762616718e-07 -2.579539754767218128e-07 1.874237201798931578e-06 2.579576860690589945e-06 -4.109650498208699194e-06 2.385237092566757291e-05 -6.683183447634891438e-06 -6.322061183046482319e-08 -1.717144644311886207e-07 1.489311777659661345e-06 5.288463058457443628e-07 -1.753559401714116363e-06 -2.646394296643691506e-06 7.594383506179481801e-06 -2.222442012165456908e-06 -2.085161770982944870e-06
-4.518688047533132365e-07 4.882329513292448129e-07 4.559850003396019417e-07 6.316005132852660580e-07 -1.946281618335279703e-06 -1.827022873932303652e-06 3.218651611424708785e-06 -6.683183447634891438e-06 1.940036043752640065e-05 2.208628158976730645e-08 1.436075022257814410e-07 -8.657537841399941067e-07 -5.675714851597763340e-07 1.593105320450897310e-06 1.305579785664401721e-06 -4.387712706982324089e-06 1.849382305990049277e-06 1.120761632851788272e-06
-4.429407510703710860e-09 3.986895544837005158e-09 3.934949953667670785e-09 -3.419902139367683048e-09 -4.300752438827134585e-09 -1.205696976111882563e-08 2.824236732801497813e-08 -6.322061183046482319e-08 2.208628158976730315e-08 1.327137885915581009e-08 5.582281408664729356e-12 -9.252557898406482768e-09 -1.069064804652767600e-09 7.698336042783498589e-09 1.941457376872116960e-08 -5.211783273173176185e-08 1.113645277853799334e-08 2.668918913523183982e-08
-1.092697877461100370e-08 1.006201736415303293e-08 1.154726246440535455e-08 2.194128257012027932e-08 -5.299350876672116756e-08 -4.493661301279213612e-08 7.196835183772515599e-08 -1.717144644311886472e-07 1.436075022257814410e-07 5.582281408664659078e-12 4.612227939782081656e-08 -2.198172802222528481e-08 -1.820471102268467102e-08 4.447370560769480185e-08 2.365472457816027515e-08 -1.066412530991840638e-07 5.581516692426398250e-08 1.064555138554328414e-08
1.181314861008441331e-07 -1.134307850202808996e-07 -1.579776775237542796e-07 7.531208243237228514e-09 2.309883328895362831e-07 4.016118963149086947e-07 -5.668375348205518521e-07 1.489311777659661345e-06 -8.657537841399941067e-07 -9.252557898406482768e-09 -2.198172802222528151e-08 3.227851178728730265e-07 6.017495696290428211e-08 -2.160759835507553541e-07 -4.559405314002982010e-07 1.237568135432750345e-06 -2.957750973454899899e-07 -3.238659782143318631e-07
3.911259103670232760e-08 -2.272479062670882761e-08 -1.132110193671233227e-08 -1.433449312008894329e-07 2.755556678872322498e-07 1.989041756817341153e-07 -4.180578041832677021e-07 5.288463058457444687e-07 -5.675714851597763340e-07 -1.069064804652768014e-09 -1.820471102268467102e-08 6.017495696290428211e-08 2.349085887683265303e-07 -2.032336742922004932e-07 -1.759375173183935026e-08 3.260319732219021169e-07 -3.044603830775106889e-07 -4.132134757687259407e-08
-1.148612213850318820e-07 1.071186230926815412e-07 8.983098082357430270e-08 2.642306787315711354e-07 -6.208883412429209101e-07 -5.220339581056086843e-07 1.010470180418015987e-06 -1.753559401714116363e-06 1.593105320450897310e-06 7.698336042783498589e-09 4.447370560769479523e-08 -2.160759835507553541e-07 -2.032336742922004932e-07 1.062653901190060183e-06 2.456943974302889657e-07 -1.105995860528695408e-06 6.602178737487982802e-07 2.519434808946149592e-07
-2.121256667071851168e-07 2.248041029283629385e-07 3.264656996149259084e-07 -1.617740915137002990e-07 -2.037766837101804020e-07 -6.683984924847297038e-07 8.211578375541473947e-07 -2.646394296643691506e-06 1.305579785664401509e-06 1.941457376872116960e-08 2.365472457816026854e-08 -4.559405314002982010e-07 -1.759375173183934034e-08 2.456943974302889128e-07 2.010459365287629880e-06 -2.316364960179039806e-06 2.935322486902144955e-07 7.103462057060227165e-07
6.086424530147037842e-07 -5.765922635723493808e-07 -7.703627596839916782e-07 1.100624900494088484e-08 1.231806929790183319e-06 2.025466540623338838e-06 -3.095225781891590538e-06 7.594383506179481801e-06 -4.387712706982324089e-06 -5.211783273173175523e-08 -1.066412530991840374e-07 1.237568135432750345e-06 3.260319732219021169e-07 -1.105995860528695408e-06 -2.316364960179039806e-06 9.151221037787759824e-06 -1.540620070023123235e-06 -1.771981986288402245e-06
-1.684645729794357668e-07 1.010118168314491018e-07 1.208092861082320024e-07 3.908711936925560466e-07 -8.064012445021522405e-07 -8.416286364147381700e-07 1.506737539616843086e-06 -2.222442012165456908e-06 1.849382305990048853e-06 1.113645277853799334e-08 5.581516692426398250e-08 -2.957750973454899899e-07 -3.044603830775106889e-07 6.602178737487982802e-07 2.935322486902144425e-07 -1.540620070023123235e-06 4.246049612817249213e-06 2.373638661810879654e-07
-1.570538084449499174e-07 1.743598619068571965e-07 1.706769070475180392e-07 -9.987685279865613689e-08 -2.447253177234435887e-07 -4.073491663954385989e-07 8.840573910690484867e-07 -2.085161770982944870e-06 1.120761632851788060e-06 2.668918913523183982e-08 1.064555138554327752e-08 -3.238659782143318631e-07 -4.132134757687258083e-08 2.519434808946149063e-07 7.103462057060227165e-07 -1.771981986288402033e-06 2.373638661810879124e-07 7.107335722961587695e-06
