# alpha=-0.0038873566177188013, beta=1.7991020848619195
2.921183755076516270e-08 -1.005232549606213884e-09 -4.900218894012763041e-10 2.009860142969600866e-09 7.830847377602006314e-10 5.952677019402674604e-10 -5.452774497432875748e-09 -1.063345245500788820e-08 -1.410174155087008546e-08 -1.404472532259612133e-10 1.053652387677999044e-09 -5.516407921770688274e-11 1.209121361734364807e-09 1.508681244881332741e-09 3.399277665594444518e-11 2.222973449226580430e-09 5.490094995506058791e-09 2.718741298478465021e-09
-1.005232549606213884e-09 8.520398002665310275e-08 -3.933987907906628044e-10 6.861027148372197638e-09 1.099273467561260395e-08 4.741471208378259861e-09 -3.175164617064631318e-08 -4.535671908983623517e-08 -2.948971883331869385e-08 -3.128518006541251382e-10 3.995852088116017587e-09 -1.348046040954770174e-09 5.733164890677012329e-09 4.902131855900386509e-09 -1.438260932944999101e-09 1.204714660354793715e-08 1.995328773976357206e-08 7.429443240390337327e-10
-4.900218894012763041e-10 -3.933987907906629078e-10 2.770607925479874177e-07 1.579907448007976815e-09 -6.665847048336411144e-10 -2.707568960580905688e-09 -2.711153488171660075e-10 -1.045103316490775363e-08 -1.140824369376954683e-08 -9.522441062503384424e-12 9.239808070146654004e-10 2.573402504043821727e-10 7.513102553994273844e-10 1.235024396465968335e-09 -3.279360665501101182e-11 3.816237643778683026e-10 6.310635903444875523e-09 3.040792773379649812e-09
2.009860142969600866e-09 6.861027148372197638e-09 1.579907448007976815e-09 6.776757982214606498e-07 -7.996838137235431131e-09 -4.832458946197449644e-09 4.239759126968206762e-08 6.656492976679736224e-08 6.414839371239321816e-08 7.020903342932851592e-10 -5.808357406471442960e-09 1.425232488721340463e-09 -8.243729840207261825e-09 -9.877057243316411011e-09 6.590011034161071803e-10 -1.678966568915210970e-08 -3.198979495795338517e-08 -5.931900801362495928e-09
7.830847377602008382e-10 1.099273467561260395e-08 -6.665847048336411144e-10 -7.996838137235431131e-09 1.945338193504456173e-06 -8.788445126200650054e-09 7.240855258375473829e-08 9.025593619717757424e-08 -5.379198717642160417e-09 1.024310465403296385e-10 -6.993787803285083098e-09 3.859529503002962638e-09 -9.353862603322436898e-09 -1.453188387483035277e-09 4.062911082712073597e-09 -2.781735298012710844e-08 -3.093145779697005513e-08 1.017728267147887521e-08
5.952677019402676672e-10 4.741471208378260688e-09 -2.707568960580905688e-09 -4.832458946197449644e-09 -8.788445126200650054e-09 2.740615831884835184e-06 3.772229034057140591e-08 4.731209967559267358e-08 3.223843077736547862e-08 8.588720745197851471e-10 -5.065141694322161003e-09 8.708172701000852724e-10 -7.785798862556486496e-09 -6.814183316165079879e-09 5.150678781128697651e-09 -1.233499284776883694e-08 -2.234067069133491640e-08 -1.964635928265995981e-09
-5.452774497432875748e-09 -3.175164617064631318e-08 -2.711153488171653871e-10 4.239759126968206762e-08 7.240855258375472506e-08 3.772229034057139929e-08 4.187211910896466337e-06 -3.130793041566027449e-07 -1.575810720262483696e-07 -2.356032955831202170e-09 2.464320019337456983e-08 -1.124036092816069986e-08 3.727348116919333909e-08 3.261317710009213880e-08 -1.672877682242837243e-08 7.962304561679519327e-08 1.231884086463556504e-07 2.509187357415718942e-09
-1.063345245500788985e-08 -4.535671908983624179e-08 -1.045103316490775363e-08 6.656492976679736224e-08 9.025593619717757424e-08 4.731209967559267358e-08 -3.130793041566027979e-07 2.431647009319710527e-05 -3.382043353844065799e-07 -5.159867630390908887e-09 4.293018602439713068e-08 -1.011130140960432342e-08 5.798271341838541435e-08 5.127440992211545094e-08 -1.743647354964252166e-08 1.085320131551677699e-07 2.106971460246754967e-07 3.863011446899059455e-08
-1.410174155087008546e-08 -2.948971883331869385e-08 -1.140824369376954683e-08 6.414839371239321816e-08 -5.379198717642163726e-09 3.223843077736547200e-08 -1.575810720262483432e-07 -3.382043353844065799e-07 1.492728107780731141e-05 -5.776060848982737697e-09 3.367789616906238188e-08 6.963818700387923768e-10 4.341834898402112793e-08 5.852268227533280277e-08 -1.551713186002104944e-09 6.145326784638605580e-08 1.756428454770207392e-07 8.588544708627816521e-08
-1.404472532259612392e-10 -3.128518006541251899e-10 -9.522441062503353728e-12 7.020903342932851592e-10 1.024310465403295222e-10 8.588720745197852505e-10 -2.356032955831202170e-09 -5.159867630390908887e-09 -5.776060848982737697e-09 1.072552030352908718e-08 4.410104163774766785e-10 3.885458433808044239e-11 5.446341898636498865e-10 6.822216538607242227e-10 -9.266160959377892162e-11 7.849658843709091892e-10 2.085310338474490326e-09 1.278145027585721144e-09
1.053652387677999044e-09 3.995852088116016760e-09 9.239808070146651936e-10 -5.808357406471442133e-09 -6.993787803285082271e-09 -5.065141694322161003e-09 2.464320019337456983e-08 4.293018602439712407e-08 3.367789616906238188e-08 4.410104163774766268e-10 2.473172423915988243e-08 5.561375342169470791e-10 -5.169655292929409289e-09 -4.807764596659240193e-09 1.292572435471087222e-09 -8.980091276841334389e-09 -1.890522199596957653e-08 -3.997653833334917238e-09
-5.516407921770689566e-11 -1.348046040954770174e-09 2.573402504043821727e-10 1.425232488721340463e-09 3.859529503002961811e-09 8.708172701000851690e-10 -1.124036092816069986e-08 -1.011130140960432342e-08 6.963818700387906191e-10 3.885458433808044239e-11 5.561375342169470791e-10 1.201873965089163702e-07 1.366613247340549088e-09 1.065888000043845236e-09 -1.547143042819865731e-09 3.560697244200433105e-09 3.439489755513223719e-09 -1.991976583462590500e-09
1.209121361734365014e-09 5.733164890677012329e-09 7.513102553994274878e-10 -8.243729840207261825e-09 -9.353862603322436898e-09 -7.785798862556486496e-09 3.727348116919333909e-08 5.798271341838541435e-08 4.341834898402112793e-08 5.446341898636498865e-10 -5.169655292929410116e-09 1.366613247340549088e-09 1.549778671610342714e-07 -7.509270921099349117e-09 2.404692669183052851e-09 -1.221088322728118599e-08 -2.553475750310323141e-08 -1.513757549459188072e-09
1.508681244881332948e-09 4.902131855900386509e-09 1.235024396465968335e-09 -9.877057243316411011e-09 -1.453188387483035897e-09 -6.814183316165079879e-09 3.261317710009213880e-08 5.127440992211545094e-08 5.852268227533280277e-08 6.822216538607242227e-10 -4.807764596659241020e-09 1.065888000043845236e-09 -7.509270921099349117e-09 4.970350421693677553e-07 2.429755779339653354e-09 -1.111515362757563068e-08 -2.670723169421693377e-08 -6.177155609029875427e-09
3.399277665594446457e-11 -1.438260932944999101e-09 -3.279360665501110229e-11 6.590011034161070769e-10 4.062911082712074424e-09 5.150678781128697651e-09 -1.672877682242837243e-08 -1.743647354964252166e-08 -1.551713186002105358e-09 -9.266160959377892162e-11 1.292572435471087429e-09 -1.547143042819865731e-09 2.404692669183052851e-09 2.429755779339653354e-09 1.218147129136681684e-06 3.582028641662631404e-09 7.334677639869678501e-09 5.030971939382109738e-10
2.222973449226580844e-09 1.204714660354793715e-08 3.816237643778679924e-10 -1.678966568915210970e-08 -2.781735298012710844e-08 -1.233499284776883694e-08 7.962304561679519327e-08 1.085320131551677567e-07 6.145326784638605580e-08 7.849658843709091892e-10 -8.980091276841334389e-09 3.560697244200433105e-09 -1.221088322728118599e-08 -1.111515362757562902e-08 3.582028641662631404e-09 1.264038446100500680e-06 -4.770525120375732237e-08 -1.432071447378696946e-09
5.490094995506058791e-09 1.995328773976356876e-08 6.310635903444874696e-09 -3.198979495795338517e-08 -3.093145779697004852e-08 -2.234067069133491309e-08 1.231884086463556504e-07 2.106971460246754702e-07 1.756428454770207392e-07 2.085310338474490326e-09 -1.890522199596957653e-08 3.439489755513223719e-09 -2.553475750310323141e-08 -2.670723169421693377e-08 7.334677639869678501e-09 -4.770525120375731575e-08 5.241690891529205252e-06 -1.932697949487111297e-08
2.718741298478465021e-09 7.429443240390341463e-10 3.040792773379649812e-09 -5.931900801362496755e-09 1.017728267147887521e-08 -1.964635928265995981e-09 2.509187357415722251e-09 3.863011446899059455e-08 8.588544708627817844e-08 1.278145027585721351e-09 -3.997653833334917238e-09 -1.991976583462590500e-09 -1.513757549459188072e-09 -6.177155609029876254e-09 5.030971939382116976e-10 -1.432071447378697773e-09 -1.932697949487111628e-08 2.322228590505502199e-06
