# alpha=0.050212477069259784, beta=2.7938848075882827
1.030333738736633157e-07 -6.517053832116532687e-08 6.872653595076934818e-08 -1.780611578707192798e-07 1.683126228877813582e-07 -1.167607000357195972e-07 1.573368981289498890e-08 8.940093922308593734e-08 -5.112192958839487389e-07 -2.977974487784112334e-09 3.271797903974351924e-08 9.573140233067189310e-09 1.821375172172306530e-08 4.665944729668142394e-08 -2.045018788440673736e-07 -2.981495919498376454e-08 4.350939957231108623e-08 3.011070381194659270e-07
-6.517053832116532687e-08 4.062753777743206425e-07 -2.073700215905110905e-07 5.195078361429720771e-07 -4.287673395771555210e-07 1.780407725395086553e-07 -1.838022852201658282e-07 -7.977234279874087691e-08 1.606673794863144174e-06 4.663338755337036068e-09 -1.082532614437443653e-07 -3.533444720554936372e-08 -5.581484374611517223e-08 -1.223668422151272135e-07 5.874273320442057195e-07 1.473840695796238553e-07 -1.545916881290381294e-07 -9.257565512103060336e-07
6.872653595076934818e-08 -2.073700215905110905e-07 7.535572002736367862e-07 -4.859109244760100748e-07 4.377307628035503000e-07 -2.126912646438498470e-07 1.617279960892625714e-07 1.357793454468762082e-07 -1.573090732589088407e-06 -6.586125155096599299e-09 1.041278695584522688e-07 3.843876456240268772e-08 4.709185201651049349e-08 1.176354124094514848e-07 -5.827193276625253088e-07 -1.183435386766935983e-07 1.072755349680782212e-07 9.657702363304122605e-07
-1.780611578707192798e-07 5.195078361429720771e-07 -4.859109244760100748e-07 2.767437066589576815e-06 -1.243505377898736217e-06 6.899456615993242935e-07 -1.822070891893054218e-07 -4.952484230630017163e-07 3.926876981609569672e-06 1.531650044237306175e-08 -2.542085725379364429e-07 -6.226613113592059300e-08 -1.619895095646680580e-07 -3.604075202519466542e-07 1.512545895617471626e-06 3.277362281494112358e-07 -3.757782327615362866e-07 -2.148564144668231930e-06
1.683126228877813582e-07 -4.287673395771556269e-07 4.377307628035503000e-07 -1.243505377898736217e-06 3.154165861666214231e-06 -7.821048642132124442e-07 1.965484012605488231e-08 6.377730550629708021e-07 -3.380206203718002726e-06 -1.880506020963763812e-08 2.114927504805490479e-07 6.225832924409877830e-08 1.289657410293995392e-07 3.238788736059845763e-07 -1.354321600239834097e-06 -1.903126587573297445e-07 2.748005602881427867e-07 1.896943576054899269e-06
-1.167607000357195972e-07 1.780407725395086553e-07 -2.126912646438498470e-07 6.899456615993242935e-07 -7.821048642132122325e-07 7.599311960679387764e-06 2.918327234652609748e-07 -8.081271075117164380e-07 1.638585023996115678e-06 1.961290536032254942e-08 -8.583079498754428150e-08 -1.152401476044343323e-08 -5.442880497881060849e-08 -2.245960698997083583e-07 8.068567215326973037e-07 -1.901399459203290305e-08 -1.855331897390012751e-07 -9.218170315525820155e-07
1.573368981289499552e-08 -1.838022852201658546e-07 1.617279960892625714e-07 -1.822070891893054218e-07 1.965484012605490547e-08 2.918327234652609748e-07 8.145297123887006562e-06 -5.917139245077482781e-07 -1.189715950466920839e-06 9.519007300103319573e-09 9.474231545485462152e-08 3.088165206719472643e-08 4.390036435790760399e-08 -1.725971024400979440e-08 -2.589457586050655355e-07 -2.870434440927989254e-07 1.462127996661779656e-07 7.254595782791743206e-07
8.940093922308592411e-08 -7.977234279874087691e-08 1.357793454468761817e-07 -4.952484230630016104e-07 6.377730550629708021e-07 -8.081271075117164380e-07 -5.917139245077482781e-07 9.134416631326864965e-06 -9.748587904558299207e-07 -2.110884906960818042e-08 4.516265585055960667e-08 4.417533981163744783e-08 1.641777279321815018e-08 1.842321352536920239e-07 -6.054176093170307602e-07 1.775305087607460371e-07 -4.533914244624489428e-08 6.644104407432866707e-07
-5.112192958839487389e-07 1.606673794863144386e-06 -1.573090732589088407e-06 3.926876981609569672e-06 -3.380206203718002726e-06 1.638585023996115678e-06 -1.189715950466921050e-06 -9.748587904558299207e-07 2.928921580085985153e-05 4.211312552689364674e-08 -8.001107376535903777e-07 -2.576754115831911755e-07 -4.242323477557848653e-07 -9.350081112608957128e-07 4.447118562243520648e-06 1.035000399256136525e-06 -1.087059461767442924e-06 -7.029303635226812907e-06
-2.977974487784112334e-09 4.663338755337036068e-09 -6.586125155096599299e-09 1.531650044237306175e-08 -1.880506020963763812e-08 1.961290536032255273e-08 9.519007300103319573e-09 -2.110884906960818372e-08 4.211312552689364674e-08 1.267725607197232882e-08 -2.345643916956640675e-09 -1.791131250231826654e-09 -1.157688203592990389e-10 -7.165998135029839643e-09 2.175164269604534420e-08 -3.705413966932134793e-09 -2.999021462482586298e-09 -2.852215387092702013e-08
3.271797903974351924e-08 -1.082532614437443653e-07 1.041278695584522688e-07 -2.542085725379364429e-07 2.114927504805490744e-07 -8.583079498754429474e-08 9.474231545485463475e-08 4.516265585055961329e-08 -8.001107376535903777e-07 -2.345643916956640675e-09 1.095770981275054715e-07 1.877370205721566693e-08 2.722304543241647654e-08 5.899180930784167571e-08 -2.921738643985028389e-07 -7.183904152608943924e-08 7.012042546314193391e-08 4.672943185901172044e-07
9.573140233067189310e-09 -3.533444720554936372e-08 3.843876456240268772e-08 -6.226613113592059300e-08 6.225832924409877830e-08 -1.152401476044343488e-08 3.088165206719472643e-08 4.417533981163745445e-08 -2.576754115831911755e-07 -1.791131250231826654e-09 1.877370205721566693e-08 2.105818182898401170e-07 1.461491680154522430e-09 1.846459688551465709e-08 -1.042394562637940360e-07 -4.368029905955241563e-09 6.427930195671112198e-09 1.902519032914223943e-07
1.821375172172306530e-08 -5.581484374611517223e-08 4.709185201651049349e-08 -1.619895095646680580e-07 1.289657410293995657e-07 -5.442880497881060849e-08 4.390036435790761061e-08 1.641777279321815349e-08 -4.242323477557848653e-07 -1.157688203592990647e-10 2.722304543241647654e-08 1.461491680154523050e-09 1.964557655863377428e-07 3.257018522874960778e-08 -1.522744480189175426e-07 -5.531786132850972268e-08 4.309779461730637590e-08 2.110816399806732507e-07
4.665944729668142394e-08 -1.223668422151272135e-07 1.176354124094514583e-07 -3.604075202519466542e-07 3.238788736059845763e-07 -2.245960698997083583e-07 -1.725971024400979440e-08 1.842321352536920239e-07 -9.350081112608957128e-07 -7.165998135029839643e-09 5.899180930784167571e-08 1.846459688551465709e-08 3.257018522874960116e-08 3.898416375546274970e-07 -4.002047643569892025e-07 -5.292079039984900370e-08 9.610369148740168599e-08 5.231148811402437756e-07
-2.045018788440673736e-07 5.874273320442057195e-07 -5.827193276625252029e-07 1.512545895617471626e-06 -1.354321600239833886e-06 8.068567215326973037e-07 -2.589457586050655355e-07 -6.054176093170307602e-07 4.447118562243519801e-06 2.175164269604534089e-08 -2.921738643985028389e-07 -1.042394562637940360e-07 -1.522744480189175426e-07 -4.002047643569890966e-07 2.865540905827184818e-06 3.170569219820871720e-07 -3.922049401275134031e-07 -2.620691213485708971e-06
-2.981495919498376454e-08 1.473840695796238553e-07 -1.183435386766935983e-07 3.277362281494112358e-07 -1.903126587573297445e-07 -1.901399459203291959e-08 -2.870434440927989783e-07 1.775305087607460635e-07 1.035000399256136525e-06 -3.705413966932134793e-09 -7.183904152608943924e-08 -4.368029905955243217e-09 -5.531786132850972268e-08 -5.292079039984900370e-08 3.170569219820872249e-07 1.565917833040725036e-06 -1.215954954321082665e-07 -5.241743584129797485e-07
4.350939957231108623e-08 -1.545916881290381294e-07 1.072755349680782212e-07 -3.757782327615362866e-07 2.748005602881427867e-07 -1.855331897390012486e-07 1.462127996661779656e-07 -4.533914244624489428e-08 -1.087059461767442924e-06 -2.999021462482585884e-09 7.012042546314192068e-08 6.427930195671112198e-09 4.309779461730636929e-08 9.610369148740168599e-08 -3.922049401275134031e-07 -1.215954954321082665e-07 2.383293159209578371e-06 5.170314431248387978e-07
3.011070381194659270e-07 -9.257565512103060336e-07 9.657702363304122605e-07 -2.148564144668231930e-06 1.896943576054899269e-06 -9.218170315525820155e-07 7.254595782791743206e-07 6.644104407432866707e-07 -7.029303635226812060e-06 -2.852215387092701683e-08 4.672943185901172044e-07 1.902519032914223943e-07 2.110816399806732507e-07 5.231148811402437756e-07 -2.620691213485708971e-06 -5.241743584129796426e-07 5.170314431248387978e-07 8.164373640760113192e-06
