# alpha=-0.02270570778739253, beta=1.2985326191727462
3.095919935606960914e-08 2.422503186191812871e-09 7.302250836634760958e-09 6.929065398620196276e-09 -4.076542697850907530e-09 -1.806558171025652850e-08 -2.505061641557058705e-08 -2.591118442598352191e-08 3.793947416299853904e-08 6.073229423803207740e-10 -4.950985085731122203e-09 2.630511418140110827e-09 4.590695231256244498e-11 1.185252572817799989e-08 -2.474873741950392900e-09 1.300015438306776360e-08 -4.687923027236595183e-08 3.358894321397008029e-08
2.422503186191812871e-09 1.350802607035741594e-07 -4.847722585773240292e-09 4.009599011486758121e-09 -1.283435103063089715e-08 5.122227669088406189e-09 3.749880953651472443e-08 1.050742012602212365e-08 2.131117461320814121e-09 -2.678767908573071816e-10 1.200990096657636773e-09 -1.968428753361341900e-09 1.198990480396894783e-09 -8.095301141486185548e-09 2.403526101463988367e-09 -9.565137376854314258e-09 2.405815388157036684e-08 -2.496766459436391681e-08
7.302250836634760958e-09 -4.847722585773240292e-09 1.810770533144895768e-07 -1.380985318427002785e-08 1.996291676023502477e-09 4.260912401927968855e-08 8.010701990456266405e-08 3.926378164387672019e-08 -5.892120553223381862e-08 -1.673725112179851182e-09 1.136238929477625297e-08 -5.624196084250273591e-09 -9.971886488173357589e-10 -2.899490090136666689e-08 1.038698501196156848e-08 -2.961662874862025915e-08 1.044169783929469495e-07 -7.847669181675816262e-08
6.929065398620196276e-09 4.009599011486758121e-09 -1.380985318427002619e-08 8.758652504510961793e-07 6.995507205018904787e-08 4.336823681252861421e-08 -1.037894507698498178e-07 1.572669881160390246e-07 -2.286609452435038381e-07 -5.277840565248786542e-09 2.558363195702145013e-08 -4.077442649303498468e-10 -7.555625866733040557e-09 -1.502536283089565948e-08 1.030113133494468295e-08 2.428478197892179230e-08 1.051602554820357782e-07 -4.983094921364903102e-08
-4.076542697850907530e-09 -1.283435103063089715e-08 1.996291676023501236e-09 6.995507205018904787e-08 1.163575043293185803e-06 -6.379311632146645183e-08 6.091439755841614141e-08 -5.524309448752129797e-08 2.387369548387711409e-07 1.329207287222709380e-09 -6.952869860716836370e-09 -7.164329942604515422e-09 1.735025295611705051e-08 5.098799335988942240e-09 3.699060028873889728e-09 1.131882805474951814e-08 2.114011453607383734e-08 -3.605827518277639174e-08
-1.806558171025652850e-08 5.122227669088406189e-09 4.260912401927968855e-08 4.336823681252861421e-08 -6.379311632146645183e-08 3.296330323501009067e-06 -1.512379674674354034e-07 -2.393843888259647490e-07 2.749098893133477544e-07 3.784644661879228981e-09 -3.085376531905006794e-08 2.071405217705662650e-08 -1.714585582370066561e-09 7.907147469780104743e-08 -2.633129305726065817e-08 7.826008311046354922e-08 -3.000702865945233645e-07 2.138784627862044800e-07
-2.505061641557059036e-08 3.749880953651471782e-08 8.010701990456266405e-08 -1.037894507698497781e-07 6.091439755841614141e-08 -1.512379674674354034e-07 2.107011482202241234e-06 -6.812394167790704944e-08 -2.649611816525297055e-08 1.605907863057189719e-09 -1.584975355047374586e-08 3.051134079774498371e-08 -1.186345605759229119e-08 1.289598499431659122e-07 -3.856661536451465681e-08 1.939767035824611988e-07 -3.608735882090788271e-07 3.591374245755538563e-07
-2.591118442598352191e-08 1.050742012602212365e-08 3.926378164387672019e-08 1.572669881160390246e-07 -5.524309448752131782e-08 -2.393843888259647490e-07 -6.812394167790704944e-08 5.766857292567778342e-06 4.899526586885622647e-07 9.650365351710881037e-09 -6.506077489921789620e-08 4.520057924678646745e-08 -3.133488945647194152e-08 1.258946268556315459e-07 -5.801005007157711370e-08 7.215062077200358271e-08 -5.807706814964760409e-07 4.188466379395109971e-07
3.793947416299853242e-08 2.131117461320814121e-09 -5.892120553223381862e-08 -2.286609452435038381e-07 2.387369548387711409e-07 2.749098893133477544e-07 -2.649611816525298709e-08 4.899526586885622647e-07 5.711785470019586909e-06 -9.283770133174224170e-09 6.515185210404913596e-08 -1.850060111750361980e-08 -1.487000247243841738e-08 -9.828378823902563731e-08 2.656443025216727393e-08 -7.086742154780179046e-08 4.439074254828871162e-07 -2.283877810294405025e-07
6.073229423803207740e-10 -2.678767908573071816e-10 -1.673725112179850975e-09 -5.277840565248786542e-09 1.329207287222709586e-09 3.784644661879228981e-09 1.605907863057189719e-09 9.650365351710879382e-09 -9.283770133174224170e-09 3.756991098465109100e-09 1.771588529984026467e-09 -8.280230521435131785e-10 9.041207494339660275e-11 -2.953458489208881514e-09 1.302463159149782079e-09 -6.271956327968791531e-10 1.287495598240977963e-08 -8.412628563554238268e-09
-4.950985085731122203e-09 1.200990096657636980e-09 1.136238929477625297e-08 2.558363195702145013e-08 -6.952869860716835543e-09 -3.085376531905006794e-08 -1.584975355047374255e-08 -6.506077489921789620e-08 6.515185210404913596e-08 1.771588529984026881e-09 9.401426553550979257e-09 5.495522910952593601e-09 -6.335028105088588073e-10 1.944622521577108500e-08 -7.128027400209826606e-09 7.939677120598009830e-09 -8.911863086241182302e-08 5.736468689262803298e-08
2.630511418140110827e-09 -1.968428753361341900e-09 -5.624196084250273591e-09 -4.077442649303491747e-10 -7.164329942604515422e-09 2.071405217705662320e-08 3.051134079774498371e-08 4.520057924678646745e-08 -1.850060111750361649e-08 -8.280230521435131785e-10 5.495522910952593601e-09 1.660522453680847439e-08 4.367150517311146849e-09 -1.544291771985000862e-08 6.005993672401198891e-09 -1.235258542856498841e-08 6.534711508534151059e-08 -4.761188308990689824e-08
4.590695231256254838e-11 1.198990480396894576e-09 -9.971886488173365861e-10 -7.555625866733040557e-09 1.735025295611704389e-08 -1.714585582370065114e-09 -1.186345605759229119e-08 -3.133488945647194814e-08 -1.487000247243841738e-08 9.041207494339660275e-11 -6.335028105088584971e-10 4.367150517311146849e-09 1.131766511574388340e-07 7.361716294808983139e-09 -3.766369349546765297e-09 6.850972957646348477e-09 -3.059217569644065340e-08 2.808289128774471786e-08
1.185252572817799989e-08 -8.095301141486185548e-09 -2.899490090136666689e-08 -1.502536283089565948e-08 5.098799335988941413e-09 7.907147469780104743e-08 1.289598499431659387e-07 1.258946268556315459e-07 -9.828378823902563731e-08 -2.953458489208881514e-09 1.944622521577108500e-08 -1.544291771985000862e-08 7.361716294808983139e-09 1.257081088511260200e-07 2.022064198664159683e-08 -5.177190952588214842e-08 2.069752891414030995e-07 -1.572599359176561150e-07
-2.474873741950392487e-09 2.403526101463988367e-09 1.038698501196156683e-08 1.030113133494468295e-08 3.699060028873888901e-09 -2.633129305726065817e-08 -3.856661536451465020e-08 -5.801005007157710708e-08 2.656443025216727062e-08 1.302463159149782079e-09 -7.128027400209826606e-09 6.005993672401198891e-09 -3.766369349546765297e-09 2.022064198664159683e-08 3.187025622207737291e-07 1.498822985363181548e-08 -7.369238899214210576e-08 5.460944366106107517e-08
1.300015438306776360e-08 -9.565137376854314258e-09 -2.961662874862025915e-08 2.428478197892178568e-08 1.131882805474951483e-08 7.826008311046354922e-08 1.939767035824611988e-07 7.215062077200358271e-08 -7.086742154780180369e-08 -6.271956327968793599e-10 7.939677120598009830e-09 -1.235258542856499007e-08 6.850972957646349304e-09 -5.177190952588214842e-08 1.498822985363181548e-08 6.981691652913425932e-07 1.674318567673303171e-07 -1.491376149884934824e-07
-4.687923027236595183e-08 2.405815388157036684e-08 1.044169783929469495e-07 1.051602554820358047e-07 2.114011453607383072e-08 -3.000702865945233645e-07 -3.608735882090788271e-07 -5.807706814964760409e-07 4.439074254828871162e-07 1.287495598240977963e-08 -8.911863086241182302e-08 6.534711508534151059e-08 -3.059217569644065340e-08 2.069752891414030995e-07 -7.369238899214210576e-08 1.674318567673303171e-07 5.300921413453521557e-07 6.312736528199189199e-07
3.358894321397008691e-08 -2.496766459436392012e-08 -7.847669181675816262e-08 -4.983094921364903102e-08 -3.605827518277637851e-08 2.138784627862045330e-07 3.591374245755539093e-07 4.188466379395110500e-07 -2.283877810294405290e-07 -8.412628563554238268e-09 5.736468689262803960e-08 -4.761188308990691148e-08 2.808289128774471786e-08 -1.572599359176561150e-07 5.460944366106107517e-08 -1.491376149884934824e-07 6.312736528199189199e-07 1.649951807358370393e-06
