# lambda=0.08285369060940442
4.063983338184237480e+07 9.047969299759060144e+06 2.160294478319112677e+06 6.818447205598404398e+05 -1.654400879308595322e+06 1.125375197052020580e+06 3.185374808779068990e+05 5.626415141690648161e+05 1.143384177604040742e+05 2.192279850415944681e+07 1.168654345353280939e+07 1.626085800901101436e+06 -3.473202760447761975e+06 8.798158734021477867e+05 -2.262133755183062982e+06 -7.465354301213636063e+05 3.948490828451223788e+05 1.768080974997640806e+04
9.047969299759060144e+06 2.167714121562924609e+07 1.859668090769681614e+06 -7.255268668370178202e+05 2.513207844199864485e+05 -1.125792713165694004e+05 -3.088378922896921868e+05 -8.558346467764017871e+04 -3.183704554676870248e+04 -2.900632603023325279e+07 1.710250740179542080e+07 -1.438731993414108641e+06 -8.890982688412046991e+05 6.444041708511164179e+05 -1.903284422100138385e+06 -1.451085458229842596e+06 1.473063105459403305e+05 5.124967333807413233e+05
2.160294478319112677e+06 1.859668090769681614e+06 3.390133642327870708e+06 9.622772333975589136e+05 3.362026181819764897e+05 4.822862441839903477e+05 8.718224478667098083e+03 1.649478530193491024e+05 1.809795525770398963e+05 -1.250895638217398664e+06 -6.912186206921028497e+04 1.488947451985254651e+06 -4.836103831401661737e+05 -6.237311919752787799e+05 3.644210711810159264e+05 -5.545066894934310112e+05 7.209492763024481246e+05 3.390073286695760326e+05
6.818447205598404398e+05 -7.255268668370178202e+05 9.622772333975589136e+05 2.072295762412615120e+06 4.868948993843296776e+05 5.349412733839190332e+05 1.748164188433165837e+05 6.602406130563664192e+04 -5.995823734606326616e+04 -6.628712965017639799e+05 -1.051697605219094781e+06 6.192811551890585106e+05 -2.127711895746749942e+05 1.226316436340472661e+06 1.016017420050302520e+06 -1.405749721818145190e+05 2.045181609577306081e+05 -5.222220379726841929e+04
-1.654400879308595322e+06 2.513207844199864485e+05 3.362026181819764897e+05 4.868948993843296776e+05 8.174825152240232565e+05 2.228999760693961580e+05 -6.154849728734836390e+03 -6.399116503150649078e+04 2.437677154259689632e+04 1.602049118475238502e+05 -3.002253074070611037e+05 3.791698222605747869e+05 -1.035616756703892606e+05 6.599484954344086582e+05 8.250749053930491209e+05 1.828950289500789950e+05 4.135405000230742007e+04 -1.537338732392328166e+04
1.125375197052020580e+06 -1.125792713165694004e+05 4.822862441839903477e+05 5.349412733839190332e+05 2.228999760693961580e+05 7.589687962232998107e+05 8.927071569701890985e+04 -2.469616369304480031e+04 2.702765906814235859e+04 -4.179307611349224579e+06 -5.086607190269944840e+05 4.752160363610642380e+05 -3.692994481912977062e+05 9.307894885295889108e+05 5.055173717476617894e+05 -4.573416079527883267e+04 1.703723196817624193e+04 5.917572376692299258e+03
3.185374808779068990e+05 -3.088378922896921868e+05 8.718224478667098083e+03 1.748164188433165837e+05 -6.154849728734836390e+03 8.927071569701890985e+04 3.310870061196081806e+05 8.167924974352060235e+04 -1.334938700027932646e+04 3.682275129993740120e+05 -9.798528795836877543e+05 9.206227092471336073e+04 -6.008945373091900256e+05 2.192199263919649529e+05 3.792207364285440999e+05 1.100145704537127167e+05 4.853854477542609675e+04 -3.669161284064548090e+04
5.626415141690648161e+05 -8.558346467764017871e+04 1.649478530193491024e+05 6.602406130563664192e+04 -6.399116503150649078e+04 -2.469616369304480031e+04 8.167924974352060235e+04 1.749133105203905725e+05 2.567747861001071578e+04 6.513743718110364862e+05 -4.272630832437321078e+05 5.330625812908154330e+04 -1.027130393970102159e+05 -3.531600224856601562e+04 -2.374981702150419005e+05 -1.117472025757469237e+05 1.034139892811902973e+05 7.950761147275664553e+04
1.143384177604040742e+05 -3.183704554676870248e+04 1.809795525770398963e+05 -5.995823734606326616e+04 2.437677154259689632e+04 2.702765906814235859e+04 -1.334938700027932646e+04 2.567747861001071578e+04 9.002843882590622525e+04 6.016719498485123040e+05 -2.035305757732722559e+05 1.955533146078884020e+05 8.166833179135195678e+04 -6.334889116111820476e+04 -1.355119093585755618e+05 5.975964212431744090e+04 8.855866755945842306e+04 2.359710155890571696e+04
2.192279850415944681e+07 -2.900632603023325279e+07 -1.250895638217398664e+06 -6.628712965017639799e+05 1.602049118475238502e+05 -4.179307611349224579e+06 3.682275129993740120e+05 6.513743718110364862e+05 6.016719498485123040e+05 3.577297091866741776e+08 2.831337498858860880e+07 2.535279995158258453e+07 4.008309445962058846e+06 -8.651005594080813229e+06 1.021597765299577452e+07 3.127012259471251164e+06 -1.193897359401603229e+06 -4.042915504682449158e+06
1.168654345353280939e+07 1.710250740179542080e+07 -6.912186206921028497e+04 -1.051697605219094781e+06 -3.002253074070611037e+05 -5.086607190269944840e+05 -9.798528795836877543e+05 -4.272630832437321078e+05 -2.035305757732722559e+05 2.831337498858860880e+07 4.216859266747098416e+07 -3.982809079665749450e+05 8.337121484522463288e+04 -1.837915419519305229e+06 -2.541792845066830516e+06 -9.976224641500349389e+05 -9.547969743752714712e+05 -5.811859770214733435e+05
1.626085800901101436e+06 -1.438731993414108641e+06 1.488947451985254651e+06 6.192811551890585106e+05 3.791698222605747869e+05 4.752160363610642380e+05 9.206227092471336073e+04 5.330625812908154330e+04 1.955533146078884020e+05 2.535279995158258453e+07 -3.982809079665749450e+05 1.901771381689817831e+07 3.972405779695858248e+06 1.953765241239773808e+06 -1.252340561394432443e+05 6.130277820882719243e+05 9.298055488814265118e+04 -8.891685384033026639e+04
-3.473202760447761975e+06 -8.890982688412046991e+05 -4.836103831401661737e+05 -2.127711895746749942e+05 -1.035616756703892606e+05 -3.692994481912977062e+05 -6.008945373091900256e+05 -1.027130393970102159e+05 8.166833179135195678e+04 4.008309445962058846e+06 8.337121484522463288e+04 3.972405779695858248e+06 7.756618880306339823e+06 1.410125214155842841e+05 -5.667864852573631797e+05 -3.065341405351106077e+05 1.180958474677518243e+05 -1.389033743770736037e+05
8.798158734021477867e+05 6.444041708511164179e+05 -6.237311919752787799e+05 1.226316436340472661e+06 6.599484954344086582e+05 9.307894885295889108e+05 2.192199263919649529e+05 -3.531600224856601562e+04 -6.334889116111820476e+04 -8.651005594080813229e+06 -1.837915419519305229e+06 1.953765241239773808e+06 1.410125214155842841e+05 5.323790286371083930e+06 1.077859117466366151e+06 6.896682619207153330e+05 -1.534920184390846989e+05 -2.009746062475442159e+04
-2.262133755183062982e+06 -1.903284422100138385e+06 3.644210711810159264e+05 1.016017420050302520e+06 8.250749053930491209e+05 5.055173717476617894e+05 3.792207364285440999e+05 -2.374981702150419005e+05 -1.355119093585755618e+05 1.021597765299577452e+07 -2.541792845066830516e+06 -1.252340561394432443e+05 -5.667864852573631797e+05 1.077859117466366151e+06 4.241097960954417475e+06 4.532628411033049924e+05 -1.772548011008522371e+04 -2.058438686685492867e+05
-7.465354301213636063e+05 -1.451085458229842596e+06 -5.545066894934310112e+05 -1.405749721818145190e+05 1.828950289500789950e+05 -4.573416079527883267e+04 1.100145704537127167e+05 -1.117472025757469237e+05 5.975964212431744090e+04 3.127012259471251164e+06 -9.976224641500349389e+05 6.130277820882719243e+05 -3.065341405351106077e+05 6.896682619207153330e+05 4.532628411033049924e+05 1.202654061734342249e+06 1.327711831071718480e+05 -8.892702077409210324e+04
3.948490828451223788e+05 1.473063105459403305e+05 7.209492763024481246e+05 2.045181609577306081e+05 4.135405000230742007e+04 1.703723196817624193e+04 4.853854477542609675e+04 1.034139892811902973e+05 8.855866755945842306e+04 -1.193897359401603229e+06 -9.547969743752714712e+05 9.298055488814265118e+04 1.180958474677518243e+05 -1.534920184390846989e+05 -1.772548011008522371e+04 1.327711831071718480e+05 7.454425799618618330e+05 3.231826822993099340e+05
1.768080974997640806e+04 5.124967333807413233e+05 3.390073286695760326e+05 -5.222220379726841929e+04 -1.537338732392328166e+04 5.917572376692299258e+03 -3.669161284064548090e+04 7.950761147275664553e+04 2.359710155890571696e+04 -4.042915504682449158e+06 -5.811859770214733435e+05 -8.891685384033026639e+04 -1.389033743770736037e+05 -2.009746062475442159e+04 -2.058438686685492867e+05 -8.892702077409210324e+04 3.231826822993099340e+05 3.692197648312535603e+05
