# lambda=0.0942009578411538
3.666147772041649371e+07 2.870051818148653489e+06 -1.343610538600660628e+06 2.089913941282307496e+06 5.267022095779776573e+05 1.501391685068120714e+05 1.260774091696470510e+06 6.955374360253912164e+05 6.954224734135086183e+05 1.307773420242046379e+07 3.581805036290672724e+05 -6.433014767435871763e+05 1.838324680640015751e+06 -2.012843894070103124e+05 1.449648152166867862e+06 9.866033044593645027e+05 4.305097361608718056e+05 7.023127486556075746e+05
2.870051818148653489e+06 1.595332086920396425e+07 2.782165334939016495e+06 1.791645469357035821e+06 4.706084637514950009e+05 1.904582909090863250e+05 -1.069093856033042830e+05 2.817824962291180855e+05 3.378016763490623562e+05 9.708241886556515470e+06 4.034824347739054821e+06 3.203366260856860317e+06 1.309382833209509728e+06 -1.354881080517575319e+05 -7.462134574284245027e+05 -8.118517430868720403e+05 5.698510446748650866e+05 6.858287362202263903e+05
-1.343610538600660628e+06 2.782165334939016495e+06 7.567418984198416583e+06 1.081036432536227396e+06 9.398660626325958874e+05 2.661205953473549453e+05 4.962686564179427805e+05 -6.369239257655022811e+04 4.548672534865883063e+04 6.165381489759456599e+05 1.260990204357326496e+06 7.154177262104108930e+06 2.442920577550235670e+06 1.302972451789187966e+06 3.882411595892104669e+05 -8.470212843692217721e+05 2.236921730505911110e+05 1.268500143639732123e+05
2.089913941282307496e+06 1.791645469357035821e+06 1.081036432536227396e+06 2.216402291424571536e+06 2.526785591604959627e+05 1.548332361372724408e+05 2.347250440292008570e+05 -2.238495422543885070e+03 1.140089232003860088e+05 -1.195470132501652930e+06 -4.102371058072954183e+05 1.573701470250281505e+06 2.170657284979148302e+06 1.330958789691733196e+06 6.847030423939370085e+05 1.386653015373365197e+05 1.268681287983129441e+05 6.727928580696991048e+03
5.267022095779776573e+05 4.706084637514950009e+05 9.398660626325958874e+05 2.526785591604959627e+05 8.828441432840853231e+05 1.043371697204945231e+05 2.007347195046796114e+05 5.951805902249432256e+04 -1.158373609047834725e+04 -3.312320405518791173e+06 -2.010575306907418184e+06 2.335518364822003525e+06 1.023393453857542248e+06 1.199369051252151839e+06 6.952577740792177792e+04 1.825612833754314925e+05 -1.460535478623335439e+04 -2.003420103388011921e+04
1.501391685068120714e+05 1.904582909090863250e+05 2.661205953473549453e+05 1.548332361372724408e+05 1.043371697204945231e+05 4.945638402836428140e+05 9.049681838921981398e+04 1.809712124193401905e+04 1.924225398491150918e+04 -3.379645213122448884e+06 3.556767508379447099e+04 1.212471959058030741e+06 -2.273439041709342928e+04 2.809671902535373811e+05 9.074617415503949451e+04 8.376332401415023196e+04 -3.585385689219167398e+04 -7.263835534063739760e+04
1.260774091696470510e+06 -1.069093856033042830e+05 4.962686564179427805e+05 2.347250440292008570e+05 2.007347195046796114e+05 9.049681838921981398e+04 4.291253197345430963e+05 5.159019664100418595e+04 3.356880174521505978e+03 -9.111543826330561424e+05 -2.224139699068550544e+04 6.087735884884383995e+05 7.852910189456703374e+05 5.966544159950265894e+05 2.424804070438325580e+05 1.432456364622650726e+05 1.083991273967280140e+05 -8.305113981745914498e+04
6.955374360253912164e+05 2.817824962291180855e+05 -6.369239257655022811e+04 -2.238495422543885070e+03 5.951805902249432256e+04 1.809712124193401905e+04 5.159019664100418595e+04 1.724291217979805369e+05 5.654677673042865354e+04 1.882410007166525247e+04 8.945041452544424101e+04 2.577525274392231659e+05 -7.410588385794023634e+04 -6.877559233335105819e+04 7.665107348533885670e+04 1.743296924962139456e+05 2.091553658377614047e+05 -5.934012186443905375e+04
6.954224734135086183e+05 3.378016763490623562e+05 4.548672534865883063e+04 1.140089232003860088e+05 -1.158373609047834725e+04 1.924225398491150918e+04 3.356880174521505978e+03 5.654677673042865354e+04 7.891010416704294039e+04 8.427868455719398335e+05 2.455339430010355136e+05 3.372323101623939583e+05 1.295519360467295774e+05 -2.178335797619677323e+05 7.050337083349870227e+04 7.132202454510414100e+04 6.311293701848196361e+04 1.075498651165652882e+04
1.307773420242046379e+07 9.708241886556515470e+06 6.165381489759456599e+05 -1.195470132501652930e+06 -3.312320405518791173e+06 -3.379645213122448884e+06 -9.111543826330561424e+05 1.882410007166525247e+04 8.427868455719398335e+05 2.502373721991013885e+08 1.052388130864901282e+07 8.916425095140250400e+06 3.422331409541601781e+06 -9.662897848675649613e+06 4.337955190691414755e+05 7.354956964655597694e+06 5.686186551204766147e+05 3.663557061694492586e+06
3.581805036290672724e+05 4.034824347739054821e+06 1.260990204357326496e+06 -4.102371058072954183e+05 -2.010575306907418184e+06 3.556767508379447099e+04 -2.224139699068550544e+04 8.945041452544424101e+04 2.455339430010355136e+05 1.052388130864901282e+07 4.172732932921456546e+07 -7.183187744525387883e+06 -1.986711698692789767e+06 -3.601607227369302884e+06 -1.732152592426360119e+06 8.309372277576256311e+05 1.221414362961316481e+06 -4.495397156406218419e+05
-6.433014767435871763e+05 3.203366260856860317e+06 7.154177262104108930e+06 1.573701470250281505e+06 2.335518364822003525e+06 1.212471959058030741e+06 6.087735884884383995e+05 2.577525274392231659e+05 3.372323101623939583e+05 8.916425095140250400e+06 -7.183187744525387883e+06 2.194973657218624651e+07 5.212011590867073275e+06 3.095514052104215138e+06 1.365464272228050395e+05 6.814478828043004032e+05 6.378269230871467153e+05 1.109474611174702877e+06
1.838324680640015751e+06 1.309382833209509728e+06 2.442920577550235670e+06 2.170657284979148302e+06 1.023393453857542248e+06 -2.273439041709342928e+04 7.852910189456703374e+05 -7.410588385794023634e+04 1.295519360467295774e+05 3.422331409541601781e+06 -1.986711698692789767e+06 5.212011590867073275e+06 1.225075852855641767e+07 4.740453515761495568e+06 4.033724593299573753e+05 -4.141974386807481642e+05 3.512854747010906576e+05 2.880915667772641173e+05
-2.012843894070103124e+05 -1.354881080517575319e+05 1.302972451789187966e+06 1.330958789691733196e+06 1.199369051252151839e+06 2.809671902535373811e+05 5.966544159950265894e+05 -6.877559233335105819e+04 -2.178335797619677323e+05 -9.662897848675649613e+06 -3.601607227369302884e+06 3.095514052104215138e+06 4.740453515761495568e+06 5.006192620506651700e+06 5.070384010029090568e+05 -3.716826309887763346e+05 -2.735165756954113749e+04 -1.522206465255043877e+05
1.449648152166867862e+06 -7.462134574284245027e+05 3.882411595892104669e+05 6.847030423939370085e+05 6.952577740792177792e+04 9.074617415503949451e+04 2.424804070438325580e+05 7.665107348533885670e+04 7.050337083349870227e+04 4.337955190691414755e+05 -1.732152592426360119e+06 1.365464272228050395e+05 4.033724593299573753e+05 5.070384010029090568e+05 2.140873393862647936e+06 2.534498422700792435e+05 1.303873427874921908e+05 -1.346834082695139223e+05
9.866033044593645027e+05 -8.118517430868720403e+05 -8.470212843692217721e+05 1.386653015373365197e+05 1.825612833754314925e+05 8.376332401415023196e+04 1.432456364622650726e+05 1.743296924962139456e+05 7.132202454510414100e+04 7.354956964655597694e+06 8.309372277576256311e+05 6.814478828043004032e+05 -4.141974386807481642e+05 -3.716826309887763346e+05 2.534498422700792435e+05 2.084916078105748165e+06 3.035903206449534264e+04 -2.674790403492924524e+05
4.305097361608718056e+05 5.698510446748650866e+05 2.236921730505911110e+05 1.268681287983129441e+05 -1.460535478623335439e+04 -3.585385689219167398e+04 1.083991273967280140e+05 2.091553658377614047e+05 6.311293701848196361e+04 5.686186551204766147e+05 1.221414362961316481e+06 6.378269230871467153e+05 3.512854747010906576e+05 -2.735165756954113749e+04 1.303873427874921908e+05 3.035903206449534264e+04 9.334926345140358899e+05 4.857372788813887746e+04
7.023127486556075746e+05 6.858287362202263903e+05 1.268500143639732123e+05 6.727928580696991048e+03 -2.003420103388011921e+04 -7.263835534063739760e+04 -8.305113981745914498e+04 -5.934012186443905375e+04 1.075498651165652882e+04 3.663557061694492586e+06 -4.495397156406218419e+05 1.109474611174702877e+06 2.880915667772641173e+05 -1.522206465255043877e+05 -1.346834082695139223e+05 -2.674790403492924524e+05 4.857372788813887746e+04 6.207464490536940284e+05
