# lambda=0.12150026665278929
3.514604544914725423e+07 -6.390248276083726436e+06 -2.320392576389633119e+06 7.946340397212732350e+05 -1.784403613917892566e+06 1.699837724632856844e+05 4.854950603182581835e+05 9.503377845248446101e+04 -2.711601866595125466e+04 1.066571710881126113e+07 9.650345125630978495e+06 3.829991600558295380e+06 -2.832586307562606409e+06 -1.621827349164069630e+06 -1.807202817517679883e+06 -1.882962228602769901e+05 1.213680443692189729e+05 -1.721694050643751689e+04
-6.390248276083726436e+06 1.064946713763021119e+07 1.329782327312366804e+06 -1.793005732298120711e+04 1.052859784582248103e+05 3.239151558759954059e+05 1.972864615838871396e+04 2.306721380943377444e+05 -9.584612804303063967e+03 3.498566553297326900e+06 2.749889398176564835e+06 -6.013306574527482007e+04 -7.408756474002668401e+05 -1.132387201140660327e+06 -4.575385509954054141e+05 4.112822487474201625e+04 3.555177246123262448e+05 -5.094253312793620862e+05
-2.320392576389633119e+06 1.329782327312366804e+06 3.439358855951879639e+06 -2.333958092766226328e+05 -2.623544618215875234e+05 1.607458355628780264e+05 -2.976208699088403955e+05 1.453106353368453565e+05 1.326675615906105959e+05 -2.950249576617024373e+06 -2.116168288015097845e+06 5.414536574783851393e+05 -1.200245441481050802e+06 1.042999254484874313e+06 -4.329597041474653524e+05 -8.647546127038535196e+05 -2.286814884873872506e+05 5.057270863217293481e+03
7.946340397212732350e+05 -1.793005732298120711e+04 -2.333958092766226328e+05 2.006024949103071121e+06 1.663892290637303959e+05 1.944927144329111616e+05 1.727927238657184935e+05 -1.492451337255644030e+05 -1.284048799634635725e+04 -4.783740824448246858e+05 -4.566212974613518454e+05 -6.737137952106617158e+05 1.416593000755832531e+06 -2.127947736758995161e+05 -1.950484889664851362e+05 4.027780908357906446e+04 -4.063937418755668332e+05 1.058083675544682774e+05
-1.784403613917892566e+06 1.052859784582248103e+05 -2.623544618215875234e+05 1.663892290637303959e+05 1.328822925647433382e+06 2.665684219710087928e+04 1.044679885242994496e+05 -1.210026206262385822e+05 -3.992890814324033272e+04 2.654288578571316320e+06 -1.642408280854082666e+06 1.066034478076925268e+06 7.777491138844683883e+04 8.847645236830863869e+05 7.375991160036439542e+05 1.102792060362026386e+05 -2.145256382338521653e+05 7.647110480547358748e+04
1.699837724632856844e+05 3.239151558759954059e+05 1.607458355628780264e+05 1.944927144329111616e+05 2.665684219710087928e+04 6.753410323329929961e+05 1.148590990171931480e+05 9.930477376861394077e+03 5.533568156833145622e+04 -1.694917480941093760e+06 -8.748763488698634319e+05 -5.026433989858405403e+04 -2.785047045303274062e+05 -1.042417989154390852e+04 2.879820072071473114e+05 -3.134574118587612174e+05 -8.200257168387550337e+04 1.927863907342305465e+05
4.854950603182581835e+05 1.972864615838871396e+04 -2.976208699088403955e+05 1.727927238657184935e+05 1.044679885242994496e+05 1.148590990171931480e+05 2.440482462530334597e+05 -3.741906190576905828e+03 -7.694296852714597890e+02 1.576086891382044880e+06 4.778773021581528592e+05 1.758386971202137065e+05 3.305689740285804728e+05 -1.545160106011871831e+05 -1.208329452028846208e+04 -9.263390710087024490e+04 -4.574712505460214015e+04 1.418755133240390278e+05
9.503377845248446101e+04 2.306721380943377444e+05 1.453106353368453565e+05 -1.492451337255644030e+05 -1.210026206262385822e+05 9.930477376861394077e+03 -3.741906190576905828e+03 1.291339932846958109e+05 4.732006879254705564e+04 -5.763781860894234851e+05 2.102345693942639045e+05 -2.512496727058170072e+05 -2.499967864345104026e+05 -1.678715939569271286e+05 -1.134490514693135192e+05 -4.670895454979922215e+04 -2.665710491807899962e+04 1.128959685049889413e+04
-2.711601866595125466e+04 -9.584612804303063967e+03 1.326675615906105959e+05 -1.284048799634635725e+04 -3.992890814324033272e+04 5.533568156833145622e+04 -7.694296852714597890e+02 4.732006879254705564e+04 8.601865003547651577e+04 -1.322842309199552983e+06 2.186254306791670097e+05 -8.639174119731551036e+04 -1.251638808083787007e+05 7.371491708892400493e+04 2.260408485127658423e+04 3.703721322059537488e+04 -3.049099632024694802e+04 8.066696134347945917e+04
1.066571710881126113e+07 3.498566553297326900e+06 -2.950249576617024373e+06 -4.783740824448246858e+05 2.654288578571316320e+06 -1.694917480941093760e+06 1.576086891382044880e+06 -5.763781860894234851e+05 -1.322842309199552983e+06 1.346583454300343692e+08 -7.432059720478196628e+06 -6.060891032515610568e+06 -7.582089802840300836e+05 -4.485527814378536306e+06 -5.113894845627953298e+06 -8.435633028205236187e+05 -1.650949434101149207e+06 -2.082479094451333396e+06
9.650345125630978495e+06 2.749889398176564835e+06 -2.116168288015097845e+06 -4.566212974613518454e+05 -1.642408280854082666e+06 -8.748763488698634319e+05 4.778773021581528592e+05 2.102345693942639045e+05 2.186254306791670097e+05 -7.432059720478196628e+06 3.690648253751893342e+07 1.859149186688265763e+05 -3.590717561216667295e+06 3.477969094193886966e+06 2.148327518296674360e+06 2.067543995859826682e+06 1.052868366942395456e+06 -3.920428065755025455e+04
3.829991600558295380e+06 -6.013306574527482007e+04 5.414536574783851393e+05 -6.737137952106617158e+05 1.066034478076925268e+06 -5.026433989858405403e+04 1.758386971202137065e+05 -2.512496727058170072e+05 -8.639174119731551036e+04 -6.060891032515610568e+06 1.859149186688265763e+05 2.216334152527356893e+07 2.709397761599614751e+06 2.426444730255627073e+06 1.417268417159700533e+06 4.346037439096792950e+05 -3.175656813628358068e+05 4.103561432304290938e+05
-2.832586307562606409e+06 -7.408756474002668401e+05 -1.200245441481050802e+06 1.416593000755832531e+06 7.777491138844683883e+04 -2.785047045303274062e+05 3.305689740285804728e+05 -2.499967864345104026e+05 -1.251638808083787007e+05 -7.582089802840300836e+05 -3.590717561216667295e+06 2.709397761599614751e+06 1.010857124769651890e+07 8.490914621603401611e+05 -7.964435389482590836e+05 -2.311127252357442339e+05 -7.876094122097198851e+04 1.902454638401235861e+05
-1.621827349164069630e+06 -1.132387201140660327e+06 1.042999254484874313e+06 -2.127947736758995161e+05 8.847645236830863869e+05 -1.042417989154390852e+04 -1.545160106011871831e+05 -1.678715939569271286e+05 7.371491708892400493e+04 -4.485527814378536306e+06 3.477969094193886966e+06 2.426444730255627073e+06 8.490914621603401611e+05 6.164866319635326043e+06 8.607226321966450196e+05 3.506871469263053732e+05 -2.013930290029202006e+05 4.545596213666507392e+05
-1.807202817517679883e+06 -4.575385509954054141e+05 -4.329597041474653524e+05 -1.950484889664851362e+05 7.375991160036439542e+05 2.879820072071473114e+05 -1.208329452028846208e+04 -1.134490514693135192e+05 2.260408485127658423e+04 -5.113894845627953298e+06 2.148327518296674360e+06 1.417268417159700533e+06 -7.964435389482590836e+05 8.607226321966450196e+05 2.437565681611303706e+06 1.581040036416591902e+05 3.916778064736283704e+04 -2.220936228545405320e+05
-1.882962228602769901e+05 4.112822487474201625e+04 -8.647546127038535196e+05 4.027780908357906446e+04 1.102792060362026386e+05 -3.134574118587612174e+05 -9.263390710087024490e+04 -4.670895454979922215e+04 3.703721322059537488e+04 -8.435633028205236187e+05 2.067543995859826682e+06 4.346037439096792950e+05 -2.311127252357442339e+05 3.506871469263053732e+05 1.581040036416591902e+05 1.312044796685473761e+06 3.194273583973042332e+04 2.308504881042164925e+05
1.213680443692189729e+05 3.555177246123262448e+05 -2.286814884873872506e+05 -4.063937418755668332e+05 -2.145256382338521653e+05 -8.200257168387550337e+04 -4.574712505460214015e+04 -2.665710491807899962e+04 -3.049099632024694802e+04 -1.650949434101149207e+06 1.052868366942395456e+06 -3.175656813628358068e+05 -7.876094122097198851e+04 -2.013930290029202006e+05 3.916778064736283704e+04 3.194273583973042332e+04 6.252777793657095172e+05 -8.156406906449406233e+04
-1.721694050643751689e+04 -5.094253312793620862e+05 5.057270863217293481e+03 1.058083675544682774e+05 7.647110480547358748e+04 1.927863907342305465e+05 1.418755133240390278e+05 1.128959685049889413e+04 8.066696134347945917e+04 -2.082479094451333396e+06 -3.920428065755025455e+04 4.103561432304290938e+05 1.902454638401235861e+05 4.545596213666507392e+05 -2.220936228545405320e+05 2.308504881042164925e+05 -8.156406906449406233e+04 7.768868414458750049e+05
