# lambda=0.12076214689849493
5.020299618518643081e+07 -1.568206789748491021e+06 -2.566283097467094194e+06 1.060340479294878431e+06 3.841190436010172125e+05 1.124443944927057251e+06 -4.897978062946705613e+05 7.333604718762676930e+05 -2.744089260112861521e+05 2.579076009415379539e+07 2.393686431161914021e+07 -1.907953597485129954e+06 -2.115520345449859742e+06 -3.304796142908897251e+06 9.163672829311326495e+04 -5.064557597486140439e+05 1.169541905533539364e+06 -1.249088855594358756e+05
-1.568206789748491021e+06 8.302319646972237155e+06 7.395883763182800030e+05 6.399273035810859437e+04 7.992592233843398571e+04 7.523219142407485051e+05 1.119466035690626450e+05 1.150571834561421201e+04 -3.524998969365741505e+04 -2.178864650702727959e+06 -3.120921620056472719e+06 9.506855158707859227e+05 -1.231622273492572596e+06 5.713447183876478812e+05 -3.129659948471970274e+05 4.300443854641797370e+05 -6.825077955063998234e+05 -5.224373110830978840e+05
-2.566283097467094194e+06 7.395883763182800030e+05 3.343178357240204699e+06 5.370183044102619169e+05 1.630884493275640307e+04 6.659403202719270666e+03 2.546998672715330613e+05 -2.220766824255768734e+05 5.183159424696779752e+04 2.114566941828881390e+06 -5.838036035044344142e+06 2.114445735490758438e+06 -1.077541516181158513e+05 -1.414495755524539622e+06 -4.833717529138125246e+04 6.380272731770345126e+04 -2.942168115266528912e+05 -3.238087955096475780e+05
1.060340479294878431e+06 6.399273035810859437e+04 5.370183044102619169e+05 2.061467294199218974e+06 5.018480635931195575e+05 1.907695431799367070e+05 -7.767456760191332432e+04 3.972145096754164115e+04 9.090940448134674807e+04 -1.320727714223351097e+06 8.993512106934031472e+05 1.765836272089316510e+06 -4.751911970059174928e+04 -3.403718078154926188e+05 3.178843138909537229e+05 8.688800327277873293e+03 -1.018418928148966006e+04 -7.042408043196669314e+04
3.841190436010172125e+05 7.992592233843398571e+04 1.630884493275640307e+04 5.018480635931195575e+05 6.355966171344432514e+05 3.348196849735894939e+05 -2.713908404919664463e+04 -1.485035501810908136e+04 -1.574640195279419640e+04 -2.168583424856234342e+06 1.050686443200032692e+06 1.757005083651451860e+05 -2.922803471256281482e+05 3.082188322407900123e+05 4.582520341817832086e+05 -5.471022915932603064e+04 -1.590476869539952168e+04 -1.060913382993452688e+05
1.124443944927057251e+06 7.523219142407485051e+05 6.659403202719270666e+03 1.907695431799367070e+05 3.348196849735894939e+05 6.655951709003916476e+05 7.005286662001389777e+04 7.935119553299766267e+04 7.523192347912858531e+04 -1.313375514783282997e+06 -3.085540954829608090e+05 7.522440884735255968e+05 -7.914081452930028900e+04 -2.228192327356651658e+05 8.153627526365763042e+05 2.215645652576453867e+05 -2.133945252129602013e+05 -1.997047149012660157e+04
-4.897978062946705613e+05 1.119466035690626450e+05 2.546998672715330613e+05 -7.767456760191332432e+04 -2.713908404919664463e+04 7.005286662001389777e+04 3.067468447694613715e+05 -4.078664770745239366e+04 -1.552772888512426471e+04 -6.660362507481701323e+04 6.931131079259379767e+05 5.047074656693343422e+05 5.709693885914614657e+05 9.636738148139601981e+04 -1.713253311911665878e+04 2.970352135204187944e+05 -2.430096312735584070e+04 8.663231012213227223e+04
7.333604718762676930e+05 1.150571834561421201e+04 -2.220766824255768734e+05 3.972145096754164115e+04 -1.485035501810908136e+04 7.935119553299766267e+04 -4.078664770745239366e+04 2.503366646882286295e+05 8.353500169937119063e+04 6.737080543618552620e+05 1.539889478870357387e+06 2.080783639149445225e+05 -1.755302904388518364e+05 -1.328876243301585200e+05 2.784336418967536301e+05 2.955732015913829091e+05 2.981604128496021440e+04 6.505631224020008085e+04
-2.744089260112861521e+05 -3.524998969365741505e+04 5.183159424696779752e+04 9.090940448134674807e+04 -1.574640195279419640e+04 7.523192347912858531e+04 -1.552772888512426471e+04 8.353500169937119063e+04 1.362859192452952266e+05 5.716747558486093767e+05 -2.560870271008219279e+05 2.702362509709089063e+05 -1.768643659773594118e+04 -2.767891220542134251e+05 2.060438062755090650e+05 6.861112923101281922e+04 -1.451350940717787889e+05 4.500880689507738862e+04
2.579076009415379539e+07 -2.178864650702727959e+06 2.114566941828881390e+06 -1.320727714223351097e+06 -2.168583424856234342e+06 -1.313375514783282997e+06 -6.660362507481701323e+04 6.737080543618552620e+05 5.716747558486093767e+05 1.945523207737476826e+08 3.811533518394754268e+06 1.216553690509602800e+07 -8.183247411798493005e+06 -9.857323700510436669e+06 2.350651711982690729e+06 -1.852100818740820745e+06 2.782284819423800800e+06 -3.653551969980620779e+06
2.393686431161914021e+07 -3.120921620056472719e+06 -5.838036035044344142e+06 8.993512106934031472e+05 1.050686443200032692e+06 -3.085540954829608090e+05 6.931131079259379767e+05 1.539889478870357387e+06 -2.560870271008219279e+05 3.811533518394754268e+06 9.432880706824955344e+07 -3.457018800109342672e+06 1.140152769925335888e+06 2.614192771169004962e+06 -8.225403447114209412e+05 1.840584781002022792e+06 5.674521689788830699e+05 8.430708347812969005e+05
-1.907953597485129954e+06 9.506855158707859227e+05 2.114445735490758438e+06 1.765836272089316510e+06 1.757005083651451860e+05 7.522440884735255968e+05 5.047074656693343422e+05 2.080783639149445225e+05 2.702362509709089063e+05 1.216553690509602800e+07 -3.457018800109342672e+06 1.668875580798762850e+07 5.534533760023848154e+05 -6.162337090819888981e+05 4.063045304633545224e+06 7.343619649890940636e+05 -2.083402353031544772e+05 -7.285815001985408599e+05
-2.115520345449859742e+06 -1.231622273492572596e+06 -1.077541516181158513e+05 -4.751911970059174928e+04 -2.922803471256281482e+05 -7.914081452930028900e+04 5.709693885914614657e+05 -1.755302904388518364e+05 -1.768643659773594118e+04 -8.183247411798493005e+06 1.140152769925335888e+06 5.534533760023848154e+05 1.494992516863715276e+07 2.614485443854439538e+06 3.996623330024557654e+05 1.134779316814409103e+06 9.255499188491009409e+05 1.287312334197038552e+06
-3.304796142908897251e+06 5.713447183876478812e+05 -1.414495755524539622e+06 -3.403718078154926188e+05 3.082188322407900123e+05 -2.228192327356651658e+05 9.636738148139601981e+04 -1.328876243301585200e+05 -2.767891220542134251e+05 -9.857323700510436669e+06 2.614192771169004962e+06 -6.162337090819888981e+05 2.614485443854439538e+06 4.927376920663597062e+06 -1.286205152111959615e+05 2.136198590285608079e+05 5.289273601592696505e+05 1.048557912861940131e+05
9.163672829311326495e+04 -3.129659948471970274e+05 -4.833717529138125246e+04 3.178843138909537229e+05 4.582520341817832086e+05 8.153627526365763042e+05 -1.713253311911665878e+04 2.784336418967536301e+05 2.060438062755090650e+05 2.350651711982690729e+06 -8.225403447114209412e+05 4.063045304633545224e+06 3.996623330024557654e+05 -1.286205152111959615e+05 3.940956861526132096e+06 6.335648502688010922e+05 1.803846683465161477e+05 1.046114870716450678e+05
-5.064557597486140439e+05 4.300443854641797370e+05 6.380272731770345126e+04 8.688800327277873293e+03 -5.471022915932603064e+04 2.215645652576453867e+05 2.970352135204187944e+05 2.955732015913829091e+05 6.861112923101281922e+04 -1.852100818740820745e+06 1.840584781002022792e+06 7.343619649890940636e+05 1.134779316814409103e+06 2.136198590285608079e+05 6.335648502688010922e+05 1.469817117558605270e+06 1.581377900105686786e+04 3.738842771025805851e+05
1.169541905533539364e+06 -6.825077955063998234e+05 -2.942168115266528912e+05 -1.018418928148966006e+04 -1.590476869539952168e+04 -2.133945252129602013e+05 -2.430096312735584070e+04 2.981604128496021440e+04 -1.451350940717787889e+05 2.782284819423800800e+06 5.674521689788830699e+05 -2.083402353031544772e+05 9.255499188491009409e+05 5.289273601592696505e+05 1.803846683465161477e+05 1.581377900105686786e+04 1.059384342291391920e+06 2.831842298232787871e+05
-1.249088855594358756e+05 -5.224373110830978840e+05 -3.238087955096475780e+05 -7.042408043196669314e+04 -1.060913382993452688e+05 -1.997047149012660157e+04 8.663231012213227223e+04 6.505631224020008085e+04 4.500880689507738862e+04 -3.653551969980620779e+06 8.430708347812969005e+05 -7.285815001985408599e+05 1.287312334197038552e+06 1.048557912861940131e+05 1.046114870716450678e+05 3.738842771025805851e+05 2.831842298232787871e+05 6.911547254645016510e+05
