# lambda=0.13019745133347965
5.038033487991487235e+07 1.187214972606796399e+07 1.385731461140518077e+06 -4.002372262434237637e+05 -1.040421563240899937e+06 -8.029555826282331254e+05 4.615275212296374229e+04 4.672090054337420734e+05 -1.809635062055391900e+05 -6.104243766677238978e+06 -1.234770962621278828e+06 3.095368511215603910e+06 -4.335642920588065870e+06 -2.290247741779622156e+06 1.801569152190888533e+06 -7.937422363917102339e+05 -1.735846768896046793e+06 -3.940947747049332247e+05
1.187214972606796399e+07 1.773057409441948682e+07 1.762831856846792391e+06 -3.399996658171052113e+05 -5.041268818906780216e+05 -3.109479458053400958e+04 5.221411492171851569e+04 1.225517947200337658e+05 1.546869707463094092e+05 1.129286625622072630e+07 1.532867091045063734e+07 -5.629217176192293118e+04 5.873304698892827146e+05 2.349200276520699728e+06 1.120890345134556061e+06 -9.074854503790999297e+05 -1.421894172833747696e+06 -6.180887127578551881e+05
1.385731461140518077e+06 1.762831856846792391e+06 5.256768791711379774e+06 2.153887539743878413e+06 2.114028194557129755e+05 1.530774316611212271e+05 4.117658817427666690e+03 1.941189374558331911e+05 -6.458283003039027244e+04 1.343215624039570242e+07 3.121375122763581574e+06 4.255009101384592243e+06 3.783630578488971572e+06 9.256686763616102980e+05 8.612764742274285527e+05 -1.240052755222430453e+06 5.388424927516641037e+04 -3.467721316567620670e+04
-4.002372262434237637e+05 -3.399996658171052113e+05 2.153887539743878413e+06 2.237633314210512675e+06 6.731388809271667851e+05 3.230456873925494147e+05 1.181493323408279393e+05 3.794680174865706358e+05 1.602991817770778835e+04 9.217765039368623868e+06 -1.692467019157171308e+04 1.536395512406365015e+06 1.797662589586723829e+06 7.302048169836363522e+05 3.758360457704281434e+05 -4.672461604265622445e+05 -3.200641402186602354e+05 -1.380016080275415734e+05
-1.040421563240899937e+06 -5.041268818906780216e+05 2.114028194557129755e+05 6.731388809271667851e+05 8.616425558548633708e+05 2.616648468181097414e+05 1.294433929484695545e+05 1.837654365922044090e+05 1.528692256344110683e+04 3.482964588201440405e+06 -2.007772111473553232e+05 -8.289108564803064801e+05 -1.442631072370105248e+05 1.809311914157258288e+05 -1.152918934712844384e+04 -1.569079498645864660e+05 7.844445026336298906e+04 1.595920695499929388e+04
-8.029555826282331254e+05 -3.109479458053400958e+04 1.530774316611212271e+05 3.230456873925494147e+05 2.616648468181097414e+05 4.426642619015262462e+05 8.330426714578690007e+04 1.409263649734409410e+05 6.084681179939921276e+04 3.242539875929238740e+06 -5.671518597252590116e+05 -6.175538786017047241e+05 -9.790654603085211420e+04 -1.178236167128548113e+05 3.657988274574344396e+05 -4.001976150312240861e+03 -1.896073692541680066e+04 -1.748551509455096675e+05
4.615275212296374229e+04 5.221411492171851569e+04 4.117658817427666690e+03 1.181493323408279393e+05 1.294433929484695545e+05 8.330426714578690007e+04 2.139879294675202691e+05 9.126672262859778129e+04 2.844492472518392970e+04 -1.110519922267043963e+06 -1.216436673223062651e+06 -2.439758694653568382e+05 -1.783642606613122043e+05 -2.834946528648317690e+04 3.644817281087503943e+03 1.723311658592235472e+05 7.312135238830397429e+04 -3.297344434247897880e+04
4.672090054337420734e+05 1.225517947200337658e+05 1.941189374558331911e+05 3.794680174865706358e+05 1.837654365922044090e+05 1.409263649734409410e+05 9.126672262859778129e+04 2.168376067117557686e+05 3.769082636467483826e+04 1.675458670436839806e+06 -9.925207683244651416e+05 -7.110784811552019091e+05 -8.029673322418936004e+04 2.700698828910883167e+05 1.470633361768476898e+05 5.445181895841404184e+04 7.061376732666582029e+03 -1.433536366793445995e+04
-1.809635062055391900e+05 1.546869707463094092e+05 -6.458283003039027244e+04 1.602991817770778835e+04 1.528692256344110683e+04 6.084681179939921276e+04 2.844492472518392970e+04 3.769082636467483826e+04 8.311761241205228725e+04 -6.620725803898496088e+05 -2.833529286613020231e+05 -2.422578027073231933e+05 -3.775110430513753090e+04 1.130281175080354114e+04 -6.993071873267191404e+04 8.370050070632829375e+03 -3.594087576105338667e+04 2.198965938178534998e+04
-6.104243766677238978e+06 1.129286625622072630e+07 1.343215624039570242e+07 9.217765039368623868e+06 3.482964588201440405e+06 3.242539875929238740e+06 -1.110519922267043963e+06 1.675458670436839806e+06 -6.620725803898496088e+05 1.937410706241739988e+08 4.476395414053609222e+07 2.179773746796903666e+06 1.481999349606428109e+07 8.262743998007633723e+06 7.828705253539963451e+03 -4.641235891137678176e+06 2.862332457412970143e+03 -7.985397843392306240e+05
-1.234770962621278828e+06 1.532867091045063734e+07 3.121375122763581574e+06 -1.692467019157171308e+04 -2.007772111473553232e+05 -5.671518597252590116e+05 -1.216436673223062651e+06 -9.925207683244651416e+05 -2.833529286613020231e+05 4.476395414053609222e+07 7.217550231234125793e+07 1.126706222129606642e+07 5.838485501482913271e+06 4.216022277748969500e+05 2.487276057213213760e+06 -2.236414726725568995e+06 -2.418159538991098292e+06 1.136472849851576379e+06
3.095368511215603910e+06 -5.629217176192293118e+04 4.255009101384592243e+06 1.536395512406365015e+06 -8.289108564803064801e+05 -6.175538786017047241e+05 -2.439758694653568382e+05 -7.110784811552019091e+05 -2.422578027073231933e+05 2.179773746796903666e+06 1.126706222129606642e+07 2.687872813690514490e+07 7.075887365343560465e+06 -2.847486863546981011e+06 -4.719716640890890267e+04 2.029889054217384837e+05 -1.646367676393845119e+06 -4.322738569468134665e+04
-4.335642920588065870e+06 5.873304698892827146e+05 3.783630578488971572e+06 1.797662589586723829e+06 -1.442631072370105248e+05 -9.790654603085211420e+04 -1.783642606613122043e+05 -8.029673322418936004e+04 -3.775110430513753090e+04 1.481999349606428109e+07 5.838485501482913271e+06 7.075887365343560465e+06 9.346782063952233642e+06 1.950349414098036243e+06 9.488112595259100199e+05 -1.767751113803081971e+05 -2.605745385167920613e+05 -1.788863985756045731e+05
-2.290247741779622156e+06 2.349200276520699728e+06 9.256686763616102980e+05 7.302048169836363522e+05 1.809311914157258288e+05 -1.178236167128548113e+05 -2.834946528648317690e+04 2.700698828910883167e+05 1.130281175080354114e+04 8.262743998007633723e+06 4.216022277748969500e+05 -2.847486863546981011e+06 1.950349414098036243e+06 4.284823019279069267e+06 -9.288228170775201579e+04 -1.435304474311752419e+05 3.737285425326582044e+05 -1.555798266640487127e+05
1.801569152190888533e+06 1.120890345134556061e+06 8.612764742274285527e+05 3.758360457704281434e+05 -1.152918934712844384e+04 3.657988274574344396e+05 3.644817281087503943e+03 1.470633361768476898e+05 -6.993071873267191404e+04 7.828705253539963451e+03 2.487276057213213760e+06 -4.719716640890890267e+04 9.488112595259100199e+05 -9.288228170775201579e+04 2.728144841614122503e+06 8.043687333704404591e+04 -2.482071327763023437e+05 -2.787560122715210891e+05
-7.937422363917102339e+05 -9.074854503790999297e+05 -1.240052755222430453e+06 -4.672461604265622445e+05 -1.569079498645864660e+05 -4.001976150312240861e+03 1.723311658592235472e+05 5.445181895841404184e+04 8.370050070632829375e+03 -4.641235891137678176e+06 -2.236414726725568995e+06 2.029889054217384837e+05 -1.767751113803081971e+05 -1.435304474311752419e+05 8.043687333704404591e+04 1.298796040444750804e+06 9.483329797462484566e+04 5.677937552526275977e+04
-1.735846768896046793e+06 -1.421894172833747696e+06 5.388424927516641037e+04 -3.200641402186602354e+05 7.844445026336298906e+04 -1.896073692541680066e+04 7.312135238830397429e+04 7.061376732666582029e+03 -3.594087576105338667e+04 2.862332457412970143e+03 -2.418159538991098292e+06 -1.646367676393845119e+06 -2.605745385167920613e+05 3.737285425326582044e+05 -2.482071327763023437e+05 9.483329797462484566e+04 9.428603161187076475e+05 1.590186497420550440e+05
-3.940947747049332247e+05 -6.180887127578551881e+05 -3.467721316567620670e+04 -1.380016080275415734e+05 1.595920695499929388e+04 -1.748551509455096675e+05 -3.297344434247897880e+04 -1.433536366793445995e+04 2.198965938178534998e+04 -7.985397843392306240e+05 1.136472849851576379e+06 -4.322738569468134665e+04 -1.788863985756045731e+05 -1.555798266640487127e+05 -2.787560122715210891e+05 5.677937552526275977e+04 1.590186497420550440e+05 8.105940508907280164e+05
