# lambda=0.07302999386848238
4.482363238427598029e+07 -6.547824704841651255e+05 -2.307051953976875520e+05 2.692921955748070963e+06 7.075729522228410933e+05 4.664208173782144440e+05 -5.284644893852224341e+05 4.042243636048419285e+05 3.409634724437755649e+05 3.045824534837158769e+07 6.412268970245918259e+06 3.722644815704867709e+06 5.071481932522566989e+06 1.406739090041921940e+06 -5.585109036114440532e+05 -1.883543260560358642e+06 -6.680348385294206673e+05 -2.368537717407847522e+05
-6.547824704841651255e+05 2.016107678171579540e+07 -5.123062208658697200e+05 -1.448062063212512527e+06 2.556726030814797923e+04 4.065263058831812232e+05 2.064964906278158014e+05 7.757804504370708310e+04 -2.131958680350669019e+05 5.660960374867741019e+06 3.455415277357791550e+06 1.050249024608530477e+07 -6.132782751544064842e+06 8.784904935756328050e+05 1.856584371637544129e+06 1.220153111814901968e+04 -2.200670692173443967e+05 -5.936772103377309395e+05
-2.307051953976875520e+05 -5.123062208658697200e+05 3.165090504992437549e+06 -4.317577994263317669e+05 -2.645078247927721823e+05 -8.383800781928445213e+04 3.508308259946294856e+04 8.414328347692472744e+04 1.619278208833985846e+05 1.177640858184828423e+07 3.823396932197983377e+06 4.659188227449318394e+06 -2.988974873978927732e+06 -4.909322344904300408e+05 5.237388922062445781e+05 -2.863743602421670221e+05 -5.999785483122440055e+05 -6.036195290621193271e+04
2.692921955748070963e+06 -1.448062063212512527e+06 -4.317577994263317669e+05 2.900289474013246596e+06 5.536968401331522036e+05 6.480971198377771361e+04 1.614733711217398231e+05 -4.468995745715104567e+04 8.279504485369635222e+04 -6.178745173304863274e+06 -7.092586111714992439e+05 -9.552688981944238185e+04 3.090684627215144690e+06 5.148157186101056286e+05 2.113999640126439044e+04 1.366737821271009743e+05 2.908421347231451655e+05 -5.594180077305107989e+04
7.075729522228410933e+05 2.556726030814797923e+04 -2.645078247927721823e+05 5.536968401331522036e+05 8.264880278360595694e+05 3.766944849878983950e+04 -1.006290764522712270e+05 1.246076478665948962e+05 5.768763580825925601e+04 -1.869796785311303334e+06 1.418609488598953001e+06 4.539314186583151459e+05 2.914842997036512243e+05 3.303123441829770309e+04 -2.667989456790877739e+05 1.433255883375203412e+05 2.134559650516775437e+05 -8.589083231828866701e+04
4.664208173782144440e+05 4.065263058831812232e+05 -8.383800781928445213e+04 6.480971198377771361e+04 3.766944849878983950e+04 4.200294483779776492e+05 1.623420977840965497e+05 5.247053523886777111e+04 1.038527601632380392e+05 5.213717252424944309e+05 4.013161116633798811e+05 7.660278967283064267e+05 -6.674125291416479740e+05 -3.985554611478193547e+05 3.659486771840868169e+05 1.168002105559226620e+05 4.046535636400735239e+05 7.686284718633219018e+04
-5.284644893852224341e+05 2.064964906278158014e+05 3.508308259946294856e+04 1.614733711217398231e+05 -1.006290764522712270e+05 1.623420977840965497e+05 4.956974129374285112e+05 5.028839972929717987e+03 8.082279001229850110e+04 -1.904723524889626540e+06 -2.106523597489465959e+06 -4.321568267730605439e+05 -4.768699893718170351e+05 -2.333573891972328420e+05 4.506751668257873971e+05 3.534301626873911300e+04 6.188388038597376726e+04 -8.745982549367820320e+04
4.042243636048419285e+05 7.757804504370708310e+04 8.414328347692472744e+04 -4.468995745715104567e+04 1.246076478665948962e+05 5.247053523886777111e+04 5.028839972929717987e+03 2.318626274101159943e+05 6.214321525688640395e+04 5.806233547540863510e+05 -1.681998051403215213e+05 -9.001219382904735394e+05 -2.618369660261165118e+05 -1.119659174924350518e+05 -8.568095103990951611e+04 -8.132913647921607480e+04 1.543079843869438337e+05 -3.373528931641115196e+04
3.409634724437755649e+05 -2.131958680350669019e+05 1.619278208833985846e+05 8.279504485369635222e+04 5.768763580825925601e+04 1.038527601632380392e+05 8.082279001229850110e+04 6.214321525688640395e+04 1.496230079315979383e+05 4.359583660990586504e+05 3.717028953580931993e+05 3.468775223478713888e+05 -3.458529058428963763e+05 8.810772341049852912e+03 8.909414629297374631e+04 1.165120090905396501e+05 6.955995134166529169e+04 -9.689128814135734501e+03
3.045824534837158769e+07 5.660960374867741019e+06 1.177640858184828423e+07 -6.178745173304863274e+06 -1.869796785311303334e+06 5.213717252424944309e+05 -1.904723524889626540e+06 5.806233547540863510e+05 4.359583660990586504e+05 3.598226049288721085e+08 3.259474308743473142e+07 2.862023140035504103e+07 2.608608137437811121e+06 4.260124532585096895e+05 -2.655158138270117808e+06 -4.883895981410090812e+06 -1.474540566920597921e+05 1.008851052407464711e+06
6.412268970245918259e+06 3.455415277357791550e+06 3.823396932197983377e+06 -7.092586111714992439e+05 1.418609488598953001e+06 4.013161116633798811e+05 -2.106523597489465959e+06 -1.681998051403215213e+05 3.717028953580931993e+05 3.259474308743473142e+07 7.581099182243739069e+07 2.775884795136688650e+07 -8.950564189187308773e+06 9.023859349750470137e+05 1.786267765125571284e+06 -4.491966531548270141e+05 -1.027767324119344587e+06 -6.424256323190579424e+05
3.722644815704867709e+06 1.050249024608530477e+07 4.659188227449318394e+06 -9.552688981944238185e+04 4.539314186583151459e+05 7.660278967283064267e+05 -4.321568267730605439e+05 -9.001219382904735394e+05 3.468775223478713888e+05 2.862023140035504103e+07 2.775884795136688650e+07 4.191011615093835443e+07 -7.160131740875582211e+06 -8.991674685674718348e+05 2.948980987339393236e+06 4.155905801961251418e+05 -1.736522180820130510e+06 -5.271352545422044350e+05
5.071481932522566989e+06 -6.132782751544064842e+06 -2.988974873978927732e+06 3.090684627215144690e+06 2.914842997036512243e+05 -6.674125291416479740e+05 -4.768699893718170351e+05 -2.618369660261165118e+05 -3.458529058428963763e+05 2.608608137437811121e+06 -8.950564189187308773e+06 -7.160131740875582211e+06 1.493943969772705808e+07 1.574711802386710653e+06 -1.446137414189140778e+06 -4.079025935452709091e+05 2.268211161973170820e+05 8.818608975428184203e+04
1.406739090041921940e+06 8.784904935756328050e+05 -4.909322344904300408e+05 5.148157186101056286e+05 3.303123441829770309e+04 -3.985554611478193547e+05 -2.333573891972328420e+05 -1.119659174924350518e+05 8.810772341049852912e+03 4.260124532585096895e+05 9.023859349750470137e+05 -8.991674685674718348e+05 1.574711802386710653e+06 5.786938063240068033e+06 -4.249037077637040056e+05 -2.999437217338373375e+04 -8.848812795219335239e+05 -4.956186739080009866e+05
-5.585109036114440532e+05 1.856584371637544129e+06 5.237388922062445781e+05 2.113999640126439044e+04 -2.667989456790877739e+05 3.659486771840868169e+05 4.506751668257873971e+05 -8.568095103990951611e+04 8.909414629297374631e+04 -2.655158138270117808e+06 1.786267765125571284e+06 2.948980987339393236e+06 -1.446137414189140778e+06 -4.249037077637040056e+05 2.550925773255190346e+06 1.373718296353542537e+05 4.659575521491881227e+04 7.442429372114890430e+04
-1.883543260560358642e+06 1.220153111814901968e+04 -2.863743602421670221e+05 1.366737821271009743e+05 1.433255883375203412e+05 1.168002105559226620e+05 3.534301626873911300e+04 -8.132913647921607480e+04 1.165120090905396501e+05 -4.883895981410090812e+06 -4.491966531548270141e+05 4.155905801961251418e+05 -4.079025935452709091e+05 -2.999437217338373375e+04 1.373718296353542537e+05 1.363512502762144664e+06 5.062004906462375075e+05 5.003226293035510753e+04
-6.680348385294206673e+05 -2.200670692173443967e+05 -5.999785483122440055e+05 2.908421347231451655e+05 2.134559650516775437e+05 4.046535636400735239e+05 6.188388038597376726e+04 1.543079843869438337e+05 6.955995134166529169e+04 -1.474540566920597921e+05 -1.027767324119344587e+06 -1.736522180820130510e+06 2.268211161973170820e+05 -8.848812795219335239e+05 4.659575521491881227e+04 5.062004906462375075e+05 1.183804524507486029e+06 2.977757069345234777e+05
-2.368537717407847522e+05 -5.936772103377309395e+05 -6.036195290621193271e+04 -5.594180077305107989e+04 -8.589083231828866701e+04 7.686284718633219018e+04 -8.745982549367820320e+04 -3.373528931641115196e+04 -9.689128814135734501e+03 1.008851052407464711e+06 -6.424256323190579424e+05 -5.271352545422044350e+05 8.818608975428184203e+04 -4.956186739080009866e+05 7.442429372114890430e+04 5.003226293035510753e+04 2.977757069345234777e+05 3.942470655021010898e+05
