# lambda=0.1430870607635601
5.874428082392254472e+07 3.181036634981889278e+06 1.321661969450276578e+06 1.232261908730826108e+06 2.566017687345809303e+06 1.862898564403043361e+06 -1.114226616136373923e+05 -6.176220840459351894e+05 3.864331307775134919e+05 6.440312983371279389e+07 7.794325543833949603e+06 4.921464275993734598e+06 2.124785787213149481e+06 -2.574934192717296071e+06 2.919561276206178591e+06 9.055374829127121484e+05 -8.924641340032938169e+05 -1.577287761551612057e+06
3.181036634981889278e+06 1.225191011240757443e+07 1.448762074273106409e+06 3.405680532919181132e+04 1.661809873835793696e+06 3.209785502880365239e+05 7.315163046188068984e+04 7.351284488817004603e+04 5.002862620886716468e+04 9.695608401062462479e+06 1.725047235163989943e+06 1.524341242804569425e+06 2.908728904806154780e+06 6.770282394256035332e+05 2.010840096241362335e+05 1.838392318446433404e+06 3.951566941605652682e+05 -5.104522952304437058e+05
1.321661969450276578e+06 1.448762074273106409e+06 5.995741940133348107e+06 7.246733134496482089e+05 9.816752958387139952e+05 3.579951981282671914e+05 -9.221034243795002112e+04 1.592078653581108083e+05 -2.610077314322904276e+05 1.023722995718621276e+07 2.791974362408926710e+06 2.414776883364397567e+06 9.937533536124215461e+05 7.286476382436935091e+05 8.822137401057170937e+05 9.618979172905448359e+05 -1.952345004308037751e+05 -3.257999070500775124e+05
1.232261908730826108e+06 3.405680532919181132e+04 7.246733134496482089e+05 1.345176933224220993e+06 3.349257998115954688e+05 -5.257102455785970233e+04 7.744648383492254652e+04 5.579190900080680876e+04 2.960217105845653350e+03 3.038465051855915226e+05 -5.319676513692985754e+05 -3.721658565335283056e+05 1.018672206391141866e+06 5.233860292676361278e+05 1.900964754762052034e+05 3.302468716838609544e+05 1.086097179354843538e+05 2.783940169283057330e+05
2.566017687345809303e+06 1.661809873835793696e+06 9.816752958387139952e+05 3.349257998115954688e+05 1.254174297725504031e+06 2.885475083519416512e+05 1.136615811315466271e+05 1.806964401586476379e+04 -5.116806583124654571e+04 5.429651598243458197e+06 1.606117392114519840e+06 1.208721652602178976e+06 1.916461550564719364e+05 4.932864122662614100e+05 2.991213858344024047e+05 4.685490766525430954e+05 1.445282773660707753e+05 -1.095718762617340544e+05
1.862898564403043361e+06 3.209785502880365239e+05 3.579951981282671914e+05 -5.257102455785970233e+04 2.885475083519416512e+05 5.916821638528461335e+05 1.199415837050321570e+05 -1.191797960436264930e+03 1.014396219109028607e+04 1.267220622281027492e+06 1.539664162396715954e+06 2.890204655987882288e+05 4.847433548617603956e+05 -3.908322948222159903e+04 4.449951907630753703e+05 2.689671378867506282e+05 7.606116593883690075e+04 -2.084195147990057012e+05
-1.114226616136373923e+05 7.315163046188068984e+04 -9.221034243795002112e+04 7.744648383492254652e+04 1.136615811315466271e+05 1.199415837050321570e+05 3.173078247126612114e+05 -4.236630232373922809e+03 -2.489250179357685920e+04 -8.270673949169480475e+05 4.892972991547978745e+04 -3.360291901279760641e+05 2.149951978035598004e+05 4.856594876907354774e+04 -4.425237427074622246e+04 1.348260925383888534e+05 3.083582065487958243e+04 -6.166353058158471686e+04
-6.176220840459351894e+05 7.351284488817004603e+04 1.592078653581108083e+05 5.579190900080680876e+04 1.806964401586476379e+04 -1.191797960436264930e+03 -4.236630232373922809e+03 2.034371741155098134e+05 5.295632592451364326e+04 -3.079625318729856983e+06 -5.465181847123039188e+05 1.395263759878623823e+05 -1.823705039799119986e+05 3.654755081430772552e+05 1.384889316278125625e+05 -9.960899070327369554e+04 1.542920413197331654e+05 5.844775251114339335e+04
3.864331307775134919e+05 5.002862620886716468e+04 -2.610077314322904276e+05 2.960217105845653350e+03 -5.116806583124654571e+04 1.014396219109028607e+04 -2.489250179357685920e+04 5.295632592451364326e+04 1.013572560304677172e+05 -1.467524144317562692e+06 -4.256868162006545026e+04 -5.531937186237978312e+04 -1.003784896930956602e+05 2.511626444923916279e+04 1.560222247233418457e+05 -2.895309396360482788e+04 6.302820242583130312e+04 2.580616018967760829e+04
6.440312983371279389e+07 9.695608401062462479e+06 1.023722995718621276e+07 3.038465051855915226e+05 5.429651598243458197e+06 1.267220622281027492e+06 -8.270673949169480475e+05 -3.079625318729856983e+06 -1.467524144317562692e+06 2.923990465160945654e+08 4.533351667527285963e+07 2.531194650563564897e+07 1.876971317000752082e+06 -1.069824800855062716e+07 -2.871499999200105201e+06 2.815821160280238837e+06 -3.366643443197996356e+06 -8.864189333125887206e+05
7.794325543833949603e+06 1.725047235163989943e+06 2.791974362408926710e+06 -5.319676513692985754e+05 1.606117392114519840e+06 1.539664162396715954e+06 4.892972991547978745e+04 -5.465181847123039188e+05 -4.256868162006545026e+04 4.533351667527285963e+07 4.423182503957727551e+07 5.775974920948839746e+06 9.842928422172078863e+05 -2.945122642445284873e+06 -1.456207082192504313e+06 4.146850562318433076e+05 -6.301425125755956105e+04 -4.583506503295152215e+05
4.921464275993734598e+06 1.524341242804569425e+06 2.414776883364397567e+06 -3.721658565335283056e+05 1.208721652602178976e+06 2.890204655987882288e+05 -3.360291901279760641e+05 1.395263759878623823e+05 -5.531937186237978312e+04 2.531194650563564897e+07 5.775974920948839746e+06 2.477857520145331696e+07 1.518074347985312343e+06 -1.220623075659474358e+06 1.321250500467086909e+06 1.255553247559830779e+06 9.026847543925428763e+05 -5.577216624603517266e+04
2.124785787213149481e+06 2.908728904806154780e+06 9.937533536124215461e+05 1.018672206391141866e+06 1.916461550564719364e+05 4.847433548617603956e+05 2.149951978035598004e+05 -1.823705039799119986e+05 -1.003784896930956602e+05 1.876971317000752082e+06 9.842928422172078863e+05 1.518074347985312343e+06 8.113062486994619481e+06 8.721911038349349110e+04 -4.494940392976174480e+05 1.981870419494699221e+06 2.158996697387259046e+05 5.616293600994445151e+05
-2.574934192717296071e+06 6.770282394256035332e+05 7.286476382436935091e+05 5.233860292676361278e+05 4.932864122662614100e+05 -3.908322948222159903e+04 4.856594876907354774e+04 3.654755081430772552e+05 2.511626444923916279e+04 -1.069824800855062716e+07 -2.945122642445284873e+06 -1.220623075659474358e+06 8.721911038349349110e+04 2.841837409589991439e+06 6.589633683271979680e+05 4.080591335615091375e+05 3.473183919991477160e+05 3.728730306118726730e+05
2.919561276206178591e+06 2.010840096241362335e+05 8.822137401057170937e+05 1.900964754762052034e+05 2.991213858344024047e+05 4.449951907630753703e+05 -4.425237427074622246e+04 1.384889316278125625e+05 1.560222247233418457e+05 -2.871499999200105201e+06 -1.456207082192504313e+06 1.321250500467086909e+06 -4.494940392976174480e+05 6.589633683271979680e+05 2.341715041368495207e+06 6.339122093544205418e+05 1.843848023215674039e+05 6.901831697914579127e+04
9.055374829127121484e+05 1.838392318446433404e+06 9.618979172905448359e+05 3.302468716838609544e+05 4.685490766525430954e+05 2.689671378867506282e+05 1.348260925383888534e+05 -9.960899070327369554e+04 -2.895309396360482788e+04 2.815821160280238837e+06 4.146850562318433076e+05 1.255553247559830779e+06 1.981870419494699221e+06 4.080591335615091375e+05 6.339122093544205418e+05 1.941976062853140058e+06 5.190477618738618185e+04 1.240760171148347144e+05
-8.924641340032938169e+05 3.951566941605652682e+05 -1.952345004308037751e+05 1.086097179354843538e+05 1.445282773660707753e+05 7.606116593883690075e+04 3.083582065487958243e+04 1.542920413197331654e+05 6.302820242583130312e+04 -3.366643443197996356e+06 -6.301425125755956105e+04 9.026847543925428763e+05 2.158996697387259046e+05 3.473183919991477160e+05 1.843848023215674039e+05 5.190477618738618185e+04 1.020403636262593325e+06 3.485316039664543350e+05
-1.577287761551612057e+06 -5.104522952304437058e+05 -3.257999070500775124e+05 2.783940169283057330e+05 -1.095718762617340544e+05 -2.084195147990057012e+05 -6.166353058158471686e+04 5.844775251114339335e+04 2.580616018967760829e+04 -8.864189333125887206e+05 -4.583506503295152215e+05 -5.577216624603517266e+04 5.616293600994445151e+05 3.728730306118726730e+05 6.901831697914579127e+04 1.240760171148347144e+05 3.485316039664543350e+05 8.284439892520949943e+05
