# lambda=0.14395117125754245
3.650311113319417834e+07 3.622320511318094097e+06 4.490707602596312645e+05 -7.798923918851664348e+04 2.897882067471703631e+05 7.141197689764921051e+03 -1.668021164132757694e+05 2.197506194609730155e+05 -1.883973881137784338e+05 -5.081132029717593105e+05 9.666742539079649374e+06 8.604305642888842151e+06 3.452849496925310697e+06 -9.292207468721200712e+04 -5.964110618182448670e+05 7.259363222567874473e+05 9.845571610628397902e+05 -8.154762805579411797e+05
3.622320511318094097e+06 1.045025807684830576e+07 2.937299236158343847e+05 2.058577022729977034e+05 -6.715286484618413961e+05 2.789383225684957579e+05 3.212720976943104761e+05 1.401150288606330287e+05 3.670259875049178663e+04 4.949623461640886962e+06 6.045136707661218941e+06 -3.197007734672278166e+06 3.506551532731882762e+06 6.647698434970660601e+05 -9.317313510428601876e+05 1.326844386171303689e+06 -3.334080340951113030e+05 -6.979260737772473367e+05
4.490707602596312645e+05 2.937299236158343847e+05 4.646849438100319356e+06 2.695299638835772057e+05 6.727686371865883702e+05 7.926781548226984451e+05 3.457174416253038798e+05 3.852936632629176020e+05 2.611847843377318932e+05 3.482503121159404982e+06 2.454268165908298455e+06 3.842046675909011159e+06 1.848297657665696926e+06 1.738193775012078462e+06 9.905432734835393494e+05 2.757429066508834949e+05 9.668739689731961116e+05 -9.482900259517993254e+04
-7.798923918851664348e+04 2.058577022729977034e+05 2.695299638835772057e+05 2.158524669270259328e+06 2.145560264329341953e+04 2.200533645622225304e+05 1.440659165210762876e+05 9.811671132557635428e+04 -1.134480049897849858e+04 -1.016796940870843711e+06 2.122418345179660711e+06 3.191485475438246503e+05 1.010261762190400972e+06 9.682333755182403838e+05 1.208824261883932864e+06 -1.429365300155138357e+04 -2.874611776471918347e+04 2.679394287043011282e+05
2.897882067471703631e+05 -6.715286484618413961e+05 6.727686371865883702e+05 2.145560264329341953e+04 9.055906694443490123e+05 4.131836551403186604e+04 2.682498904234604197e+04 1.460824293026375235e+05 4.950870469652104657e+04 1.463113784277133644e+06 7.223453695575601887e+05 1.913120721115668770e+06 -5.708459767459381837e+05 -3.388851086776422453e+05 -1.478318886703745738e+04 -4.990342099058939493e+05 2.606341440806280880e+05 -2.209796822843224436e+04
7.141197689764921051e+03 2.789383225684957579e+05 7.926781548226984451e+05 2.200533645622225304e+05 4.131836551403186604e+04 5.225408815586873679e+05 2.045033955070181983e+05 4.887210355299380171e+04 4.781415253125084564e+04 1.046135623788926983e+06 8.858792161859235493e+05 3.898264060519217164e+05 5.392856455355676590e+05 6.578450314699212322e+05 4.183445443218184519e+05 1.370530133784897334e+05 2.332736706591126276e+05 -6.208757310862196755e+04
-1.668021164132757694e+05 3.212720976943104761e+05 3.457174416253038798e+05 1.440659165210762876e+05 2.682498904234604197e+04 2.045033955070181983e+05 3.077137214932192001e+05 8.635865854852632037e+04 4.647532329466708325e+04 1.947617096902596299e+06 4.110603324651818839e+05 1.304262209987124515e+05 2.145398780738301575e+05 5.917241422307697212e+04 2.603268198700551875e+05 2.039009128500400402e+05 1.256812974558569404e+05 -6.220017994820058811e+04
2.197506194609730155e+05 1.401150288606330287e+05 3.852936632629176020e+05 9.811671132557635428e+04 1.460824293026375235e+05 4.887210355299380171e+04 8.635865854852632037e+04 2.094685431546980981e+05 2.901687100029053545e+04 1.762983013405799866e+06 2.669751860548711265e+05 8.288253932960132370e+05 3.394245814374305191e+05 2.041042668702405354e+05 1.433355088856307557e+05 8.193355081115102803e+04 1.750451482663933712e+05 9.183982523318067251e+03
-1.883973881137784338e+05 3.670259875049178663e+04 2.611847843377318932e+05 -1.134480049897849858e+04 4.950870469652104657e+04 4.781415253125084564e+04 4.647532329466708325e+04 2.901687100029053545e+04 7.752509886648123211e+04 1.133866091547942953e+06 6.060722215566001978e+04 3.287134987921830616e+05 2.309889844444884802e+05 1.512723988831629977e+05 2.244303543684395117e+04 3.850251668178887485e+04 8.582044889755011536e+04 2.708133922067422463e+04
-5.081132029717593105e+05 4.949623461640886962e+06 3.482503121159404982e+06 -1.016796940870843711e+06 1.463113784277133644e+06 1.046135623788926983e+06 1.947617096902596299e+06 1.762983013405799866e+06 1.133866091547942953e+06 1.266579219360238165e+08 1.832879556054722518e+07 1.252875255608612113e+07 -8.066490181283069775e+06 6.842464617689498700e+05 1.657731229124757810e+05 1.225325339098227909e+06 2.455245866989604663e+06 -1.484343551003843779e+06
9.666742539079649374e+06 6.045136707661218941e+06 2.454268165908298455e+06 2.122418345179660711e+06 7.223453695575601887e+05 8.858792161859235493e+05 4.110603324651818839e+05 2.669751860548711265e+05 6.060722215566001978e+04 1.832879556054722518e+07 6.225430557606308162e+07 -3.760528406199045945e+06 6.671398565732361749e+06 5.792274654016474262e+06 2.740905101747377310e+06 -1.035852096719467430e+06 3.715732752219981630e+05 2.511338979442725249e+05
8.604305642888842151e+06 -3.197007734672278166e+06 3.842046675909011159e+06 3.191485475438246503e+05 1.913120721115668770e+06 3.898264060519217164e+05 1.304262209987124515e+05 8.288253932960132370e+05 3.287134987921830616e+05 1.252875255608612113e+07 -3.760528406199045945e+06 2.368355093262861669e+07 -1.414358501504769083e+05 -6.672036954532400705e+04 2.068063216460808413e+06 -1.255124809798740316e+06 1.779540912965964293e+06 4.716211514736323734e+05
3.452849496925310697e+06 3.506551532731882762e+06 1.848297657665696926e+06 1.010261762190400972e+06 -5.708459767459381837e+05 5.392856455355676590e+05 2.145398780738301575e+05 3.394245814374305191e+05 2.309889844444884802e+05 -8.066490181283069775e+06 6.671398565732361749e+06 -1.414358501504769083e+05 1.050097263901928253e+07 4.045741549053044524e+06 4.440001446766839363e+05 1.408582878220847342e+06 9.431225325722567504e+05 1.883285644880821928e+05
-9.292207468721200712e+04 6.647698434970660601e+05 1.738193775012078462e+06 9.682333755182403838e+05 -3.388851086776422453e+05 6.578450314699212322e+05 5.917241422307697212e+04 2.041042668702405354e+05 1.512723988831629977e+05 6.842464617689498700e+05 5.792274654016474262e+06 -6.672036954532400705e+04 4.045741549053044524e+06 5.252804135202182457e+06 6.675626173758722143e+05 6.256101314841599669e+05 6.228395808851479087e+05 2.464954304245073290e+05
-5.964110618182448670e+05 -9.317313510428601876e+05 9.905432734835393494e+05 1.208824261883932864e+06 -1.478318886703745738e+04 4.183445443218184519e+05 2.603268198700551875e+05 1.433355088856307557e+05 2.244303543684395117e+04 1.657731229124757810e+05 2.740905101747377310e+06 2.068063216460808413e+06 4.440001446766839363e+05 6.675626173758722143e+05 1.952307760047400370e+06 -2.230206055796763394e+05 8.149678973966412741e+03 3.041952978184020612e+05
7.259363222567874473e+05 1.326844386171303689e+06 2.757429066508834949e+05 -1.429365300155138357e+04 -4.990342099058939493e+05 1.370530133784897334e+05 2.039009128500400402e+05 8.193355081115102803e+04 3.850251668178887485e+04 1.225325339098227909e+06 -1.035852096719467430e+06 -1.255124809798740316e+06 1.408582878220847342e+06 6.256101314841599669e+05 -2.230206055796763394e+05 1.538108749879936920e+06 3.899237692467269371e+05 -1.293322948480995692e+05
9.845571610628397902e+05 -3.334080340951113030e+05 9.668739689731961116e+05 -2.874611776471918347e+04 2.606341440806280880e+05 2.332736706591126276e+05 1.256812974558569404e+05 1.750451482663933712e+05 8.582044889755011536e+04 2.455245866989604663e+06 3.715732752219981630e+05 1.779540912965964293e+06 9.431225325722567504e+05 6.228395808851479087e+05 8.149678973966412741e+03 3.899237692467269371e+05 1.056081376180456718e+06 -8.117387671275941830e+04
-8.154762805579411797e+05 -6.979260737772473367e+05 -9.482900259517993254e+04 2.679394287043011282e+05 -2.209796822843224436e+04 -6.208757310862196755e+04 -6.220017994820058811e+04 9.183982523318067251e+03 2.708133922067422463e+04 -1.484343551003843779e+06 2.511338979442725249e+05 4.716211514736323734e+05 1.883285644880821928e+05 2.464954304245073290e+05 3.041952978184020612e+05 -1.293322948480995692e+05 -8.117387671275941830e+04 3.938084635445794556e+05
