# lambda=0.14674277415393738
4.571378231102357060e+07 1.263658834004790289e+06 -2.121438693964568898e+06 -1.774403834494890645e+06 1.371364547329636058e+06 -4.253951876286068000e+05 -5.571544677876140922e+05 8.504461911985604092e+05 -1.869283351294297245e+04 1.115123144436360151e+07 2.545953796788596548e+06 -4.726638660255964845e+06 -7.865171219058881514e+06 -2.189724383847183548e+06 -1.601317120182587765e+06 -2.747861758935684338e+06 2.030045570914084325e+06 -6.018438358484701021e+05
1.263658834004790289e+06 1.699418242757793516e+07 3.426303909907260444e+06 1.852502931826153072e+06 3.455550396980802761e+05 -7.156652417708385037e+05 -7.614602443050361762e+04 -9.180167385622631991e+04 -1.002210421209245578e+04 -2.439888112790103629e+07 7.543917326605770737e+06 4.144349957733238582e+06 8.821609433005944593e+05 -3.617054938042011927e+05 3.701551926473896601e+05 -7.660665877178115770e+05 7.627419874933895189e+05 3.402562942749572103e+05
-2.121438693964568898e+06 3.426303909907260444e+06 4.445004236023467034e+06 1.325461800688949181e+06 3.634967641785591841e+05 1.879740492061004916e+05 9.503542727258207742e+04 -2.267943670632675057e+05 2.599345644076715325e+04 -4.175371587678844109e+06 4.562940411228819750e+06 4.371428557258145884e+06 3.280608937564449385e+06 8.341035477718146285e+05 -1.970350731984209269e+05 -3.919196395776424470e+04 -5.173132832697106060e+05 -6.150640550240534358e+05
-1.774403834494890645e+06 1.852502931826153072e+06 1.325461800688949181e+06 2.481027873952204827e+06 -1.339491124542529287e+05 -8.741447746048525005e+03 1.804305916553181014e+05 -9.983776901555129734e+04 1.200053906650120189e+05 -4.274191115726212738e+05 4.025397877639946993e+06 2.409724127489093225e+06 1.057848398787427228e+06 6.062126938217304414e+05 -2.595979273511694919e+05 3.472562264425304602e+05 -2.748785097304935334e+05 6.567155078577964559e+03
1.371364547329636058e+06 3.455550396980802761e+05 3.634967641785591841e+05 -1.339491124542529287e+05 1.170324904348526383e+06 3.470291715236030868e+05 8.893235868020140333e+04 -9.849440073955820480e+02 1.330337180886844872e+05 3.593909244791072793e+06 3.047181778169164434e+06 5.769987739752004854e+05 3.203422687920859898e+05 -8.664054912763395114e+05 9.740375549862239859e+04 1.778533939160417067e+05 -2.013960457317032269e+05 -2.707127727565392706e+04
-4.253951876286068000e+05 -7.156652417708385037e+05 1.879740492061004916e+05 -8.741447746048525005e+03 3.470291715236030868e+05 6.049293607070662547e+05 1.114812409111248271e+05 3.493164825819842372e+04 2.277246345025686605e+04 2.210926708847243804e+06 1.936506030559923034e+06 -5.066333968845656491e+05 6.043225568526209099e+05 -4.616490238685663207e+05 9.913257338012481341e+04 3.269673164919240517e+05 -2.176960484839633573e+05 2.265749725851093899e+04
-5.571544677876140922e+05 -7.614602443050361762e+04 9.503542727258207742e+04 1.804305916553181014e+05 8.893235868020140333e+04 1.114812409111248271e+05 3.172596521064534318e+05 1.109723955336634390e+04 9.819445374776867538e+03 8.538957007926371880e+05 2.401512544363877736e+06 -4.020953391430633492e+05 4.454020823690103862e+04 -1.994305165572042461e+05 6.229280880661642004e+04 4.463621738654383080e+04 1.211990057223531767e+05 1.143418826977069693e+05
8.504461911985604092e+05 -9.180167385622631991e+04 -2.267943670632675057e+05 -9.983776901555129734e+04 -9.849440073955820480e+02 3.493164825819842372e+04 1.109723955336634390e+04 1.598570938059365726e+05 4.052128774525965855e+04 -1.012241487674241798e+05 2.446863685681005009e+05 -4.237769888779076282e+05 -1.529071416263944702e+05 -1.842209867251765681e+05 3.806972288124526676e+04 3.871616618317698158e+04 1.421645528521847737e+05 1.145976220550947328e+05
-1.869283351294297245e+04 -1.002210421209245578e+04 2.599345644076715325e+04 1.200053906650120189e+05 1.330337180886844872e+05 2.277246345025686605e+04 9.819445374776867538e+03 4.052128774525965855e+04 9.407110080614581238e+04 6.524035114674031502e+05 6.725083707461050944e+05 -1.206847641650337755e+05 1.210205492034032359e+05 -6.392851849575405504e+04 1.269379340767457143e+04 3.392736479967442574e+04 -2.728010946387610966e+04 6.560554569746284687e+04
1.115123144436360151e+07 -2.439888112790103629e+07 -4.175371587678844109e+06 -4.274191115726212738e+05 3.593909244791072793e+06 2.210926708847243804e+06 8.538957007926371880e+05 -1.012241487674241798e+05 6.524035114674031502e+05 2.042693566373722851e+08 2.686028290764793381e+07 -4.364408755513037555e+06 1.105054169914641976e+07 -4.900312247129628435e+06 -4.576218762682303786e+06 4.052686438450863119e+06 -2.739497008577064611e+06 -1.526289752148160711e+06
2.545953796788596548e+06 7.543917326605770737e+06 4.562940411228819750e+06 4.025397877639946993e+06 3.047181778169164434e+06 1.936506030559923034e+06 2.401512544363877736e+06 2.446863685681005009e+05 6.725083707461050944e+05 2.686028290764793381e+07 6.711630011085572839e+07 1.321744421033241088e+06 1.532064238632155582e+06 -3.839787786871144199e+05 6.140759697908773087e+05 1.751853775904307840e+06 1.420506001180377090e+06 1.391972285438529216e+06
-4.726638660255964845e+06 4.144349957733238582e+06 4.371428557258145884e+06 2.409724127489093225e+06 5.769987739752004854e+05 -5.066333968845656491e+05 -4.020953391430633492e+05 -4.237769888779076282e+05 -1.206847641650337755e+05 -4.364408755513037555e+06 1.321744421033241088e+06 2.761084613141256571e+07 6.622871572882640176e+06 5.189469513292947668e+05 3.105840962944222847e+05 1.325298967428705189e+06 -5.301179847469086526e+05 -1.059337806804518215e+06
-7.865171219058881514e+06 8.821609433005944593e+05 3.280608937564449385e+06 1.057848398787427228e+06 3.203422687920859898e+05 6.043225568526209099e+05 4.454020823690103862e+04 -1.529071416263944702e+05 1.210205492034032359e+05 1.105054169914641976e+07 1.532064238632155582e+06 6.622871572882640176e+06 9.175612524282692000e+06 1.032085472611378529e+06 2.588090485238522524e+05 8.340937957256827503e+05 -9.743359209613284329e+05 -2.573298659954211907e+05
-2.189724383847183548e+06 -3.617054938042011927e+05 8.341035477718146285e+05 6.062126938217304414e+05 -8.664054912763395114e+05 -4.616490238685663207e+05 -1.994305165572042461e+05 -1.842209867251765681e+05 -6.392851849575405504e+04 -4.900312247129628435e+06 -3.839787786871144199e+05 5.189469513292947668e+05 1.032085472611378529e+06 5.662059595914145932e+06 3.529823832756946213e+05 -6.464416758385004505e+04 6.699613064391781518e+04 -2.673974435729696415e+05
-1.601317120182587765e+06 3.701551926473896601e+05 -1.970350731984209269e+05 -2.595979273511694919e+05 9.740375549862239859e+04 9.913257338012481341e+04 6.229280880661642004e+04 3.806972288124526676e+04 1.269379340767457143e+04 -4.576218762682303786e+06 6.140759697908773087e+05 3.105840962944222847e+05 2.588090485238522524e+05 3.529823832756946213e+05 1.941768893362923525e+06 1.907846656408440904e+05 4.874254831810737960e+04 7.590246375296825136e+04
-2.747861758935684338e+06 -7.660665877178115770e+05 -3.919196395776424470e+04 3.472562264425304602e+05 1.778533939160417067e+05 3.269673164919240517e+05 4.463621738654383080e+04 3.871616618317698158e+04 3.392736479967442574e+04 4.052686438450863119e+06 1.751853775904307840e+06 1.325298967428705189e+06 8.340937957256827503e+05 -6.464416758385004505e+04 1.907846656408440904e+05 1.680867200899674790e+06 -3.193675349125503999e+04 9.819383634640864329e+04
2.030045570914084325e+06 7.627419874933895189e+05 -5.173132832697106060e+05 -2.748785097304935334e+05 -2.013960457317032269e+05 -2.176960484839633573e+05 1.211990057223531767e+05 1.421645528521847737e+05 -2.728010946387610966e+04 -2.739497008577064611e+06 1.420506001180377090e+06 -5.301179847469086526e+05 -9.743359209613284329e+05 6.699613064391781518e+04 4.874254831810737960e+04 -3.193675349125503999e+04 1.111825519937175792e+06 1.647580596831873117e+05
-6.018438358484701021e+05 3.402562942749572103e+05 -6.150640550240534358e+05 6.567155078577964559e+03 -2.707127727565392706e+04 2.265749725851093899e+04 1.143418826977069693e+05 1.145976220550947328e+05 6.560554569746284687e+04 -1.526289752148160711e+06 1.391972285438529216e+06 -1.059337806804518215e+06 -2.573298659954211907e+05 -2.673974435729696415e+05 7.590246375296825136e+04 9.819383634640864329e+04 1.647580596831873117e+05 4.872369573129620403e+05
