# lambda=0.13080257929291886
6.212294195530629903e+07 9.127237974629299715e+06 2.124181924442489166e+06 2.075037698590150103e+06 -2.907117029983492102e+05 8.257138281032639788e+05 -1.000671933465461771e+05 -9.825793453023142647e+05 -2.909665306458598352e+05 4.182333297978405654e+07 6.974345416647819802e+06 1.473544679120900668e+07 -2.111174245859967486e+05 2.928661069353499333e+05 -1.177917781014540931e+06 1.162423038227603538e+06 9.660800428972992813e+05 -1.948949082621754613e+06
9.127237974629299715e+06 1.789384268028694764e+07 5.571129552005619742e+06 2.478124793860518839e+06 -2.401904935218167375e+05 8.318899767713522306e+05 1.182163032897965604e+05 -1.038753004952063638e+05 1.152603514002511838e+04 1.231145934987290949e+07 2.075975481638765708e+07 6.829280030246755108e+06 2.922207062457055785e+06 6.499549491754008923e+05 1.538788728204657556e+06 -5.958988536557269981e+05 -4.618995646952094976e+05 -6.643840340476949932e+05
2.124181924442489166e+06 5.571129552005619742e+06 7.450733068671987392e+06 1.468271202440882102e+06 -2.502786690870432067e+05 6.973381591640388360e+05 7.287363194282774348e+05 3.609741910065789125e+04 -1.215137452587321786e+04 6.429488738142632646e+05 6.816809635359540116e+05 3.943244844897559844e+06 2.773608106589689851e+06 -8.428747437405521050e+05 3.613411784013332217e+05 -3.794923317595294066e+04 -4.927234211732056428e+04 6.471293980218092911e+05
2.075037698590150103e+06 2.478124793860518839e+06 1.468271202440882102e+06 2.467073439734423533e+06 4.178677500864705071e+05 1.580169340246051725e+05 1.244005922016430268e+05 2.505827732773076059e+04 1.446120470308869844e+05 5.684179633740498684e+06 3.939698820040191524e+06 4.250383056317859329e+06 2.595335835294513963e+06 8.338236708878194913e+05 -4.253066439665108337e+05 -1.696293739138146293e+03 2.410004293928464467e+05 1.781241972831830790e+05
-2.907117029983492102e+05 -2.401904935218167375e+05 -2.502786690870432067e+05 4.178677500864705071e+05 7.577014003318862524e+05 -1.161323855573331821e+05 -2.055516921783424186e+04 1.140047383725870168e+05 8.115546327622504032e+04 6.363725768241741462e+05 -3.135585066414055182e+05 2.186798860541378148e+06 7.743782795493926387e+05 3.273068587900221464e+05 -5.577659780261918786e+04 -8.135342075240935628e+03 -1.163573504926668465e+04 -6.484540341484078454e+03
8.257138281032639788e+05 8.318899767713522306e+05 6.973381591640388360e+05 1.580169340246051725e+05 -1.161323855573331821e+05 3.315650348554907832e+05 1.230498530634930503e+05 1.758776962317174184e+04 -3.244278637091611381e+04 -7.701528058471578406e+05 5.323619290079810889e+05 -4.233702003298345371e+05 2.446702747302432908e+04 -7.677037909508243320e+04 2.045432965794079937e+05 -4.595297020382102346e+04 -3.349431688897069398e+04 8.656971042335280799e+04
-1.000671933465461771e+05 1.182163032897965604e+05 7.287363194282774348e+05 1.244005922016430268e+05 -2.055516921783424186e+04 1.230498530634930503e+05 2.980271876631342457e+05 1.094017912698563305e+04 -2.550094492947643084e+04 -8.108482728300057352e+05 -1.458719673682248686e+06 -1.946761023967519868e+05 3.704711509584749001e+05 -2.340189242035251518e+05 -1.259447358538280605e+04 2.233889806039021933e+05 3.066737962971210363e+05 1.522617486942051619e+05
-9.825793453023142647e+05 -1.038753004952063638e+05 3.609741910065789125e+04 2.505827732773076059e+04 1.140047383725870168e+05 1.758776962317174184e+04 1.094017912698563305e+04 1.688154163050436764e+05 6.136694626560511097e+04 -7.855585519365356304e+05 -3.504163642714433954e+05 3.748800354134212284e+03 7.860362279006514291e+04 1.119097107546209154e+05 -5.798988627524404001e+04 1.494135294808859471e+05 8.896721283037649118e+04 5.478660170847582776e+04
-2.909665306458598352e+05 1.152603514002511838e+04 -1.215137452587321786e+04 1.446120470308869844e+05 8.115546327622504032e+04 -3.244278637091611381e+04 -2.550094492947643084e+04 6.136694626560511097e+04 1.397195735893824894e+05 1.167342153375445632e+06 -4.327372988359250012e+05 -5.785135390826703224e+04 2.787045058294372284e+05 -4.532700088955811225e+04 1.050984640152909997e+05 8.361910347730903595e+04 4.613827028184362280e+04 1.234195911989687447e+05
4.182333297978405654e+07 1.231145934987290949e+07 6.429488738142632646e+05 5.684179633740498684e+06 6.363725768241741462e+05 -7.701528058471578406e+05 -8.108482728300057352e+05 -7.855585519365356304e+05 1.167342153375445632e+06 1.581817217528401017e+08 -6.135916139646766242e+05 3.343927745734966174e+07 -3.590399024028217886e+06 1.380183107943607902e+05 2.136197384815222118e+06 -5.046398145734253339e+05 -3.326703962214220664e+05 4.441510720086991932e+04
6.974345416647819802e+06 2.075975481638765708e+07 6.816809635359540116e+05 3.939698820040191524e+06 -3.135585066414055182e+05 5.323619290079810889e+05 -1.458719673682248686e+06 -3.504163642714433954e+05 -4.327372988359250012e+05 -6.135916139646766242e+05 6.312396490489742905e+07 9.278798950080230832e+06 4.438009265596959740e+06 5.515973349971461110e+06 3.314816775875115301e+06 -1.570432684443120146e+06 -1.147364314003348816e+06 -1.833133429715033388e+06
1.473544679120900668e+07 6.829280030246755108e+06 3.943244844897559844e+06 4.250383056317859329e+06 2.186798860541378148e+06 -4.233702003298345371e+05 -1.946761023967519868e+05 3.748800354134212284e+03 -5.785135390826703224e+04 3.343927745734966174e+07 9.278798950080230832e+06 3.989960839815321565e+07 8.389221950359020382e+06 2.493982372177551035e+06 -3.668269270345807308e+05 -9.849476631142494734e+05 -9.096025628831160720e+05 1.890568380170034943e+05
-2.111174245859967486e+05 2.922207062457055785e+06 2.773608106589689851e+06 2.595335835294513963e+06 7.743782795493926387e+05 2.446702747302432908e+04 3.704711509584749001e+05 7.860362279006514291e+04 2.787045058294372284e+05 -3.590399024028217886e+06 4.438009265596959740e+06 8.389221950359020382e+06 1.398646689972630329e+07 4.400923983127702377e+05 -8.677466444397571031e+05 -3.277370419455356896e+05 1.450144613415838918e+06 4.001048301394871669e+05
2.928661069353499333e+05 6.499549491754008923e+05 -8.428747437405521050e+05 8.338236708878194913e+05 3.273068587900221464e+05 -7.677037909508243320e+04 -2.340189242035251518e+05 1.119097107546209154e+05 -4.532700088955811225e+04 1.380183107943607902e+05 5.515973349971461110e+06 2.493982372177551035e+06 4.400923983127702377e+05 3.761216697389072739e+06 -4.032769019937789562e+04 1.112003266369426128e+05 7.786603885095831356e+04 -4.046940490659796633e+05
-1.177917781014540931e+06 1.538788728204657556e+06 3.613411784013332217e+05 -4.253066439665108337e+05 -5.577659780261918786e+04 2.045432965794079937e+05 -1.259447358538280605e+04 -5.798988627524404001e+04 1.050984640152909997e+05 2.136197384815222118e+06 3.314816775875115301e+06 -3.668269270345807308e+05 -8.677466444397571031e+05 -4.032769019937789562e+04 2.864816072270256467e+06 -1.146968477493380196e+05 -5.590399324415875599e+05 4.038430601847054204e+05
1.162423038227603538e+06 -5.958988536557269981e+05 -3.794923317595294066e+04 -1.696293739138146293e+03 -8.135342075240935628e+03 -4.595297020382102346e+04 2.233889806039021933e+05 1.494135294808859471e+05 8.361910347730903595e+04 -5.046398145734253339e+05 -1.570432684443120146e+06 -9.849476631142494734e+05 -3.277370419455356896e+05 1.112003266369426128e+05 -1.146968477493380196e+05 1.473816655616738135e+06 7.575438006112824660e+05 1.249742771651726362e+05
9.660800428972992813e+05 -4.618995646952094976e+05 -4.927234211732056428e+04 2.410004293928464467e+05 -1.163573504926668465e+04 -3.349431688897069398e+04 3.066737962971210363e+05 8.896721283037649118e+04 4.613827028184362280e+04 -3.326703962214220664e+05 -1.147364314003348816e+06 -9.096025628831160720e+05 1.450144613415838918e+06 7.786603885095831356e+04 -5.590399324415875599e+05 7.575438006112824660e+05 1.211551032190524740e+06 1.383696938805706450e+05
-1.948949082621754613e+06 -6.643840340476949932e+05 6.471293980218092911e+05 1.781241972831830790e+05 -6.484540341484078454e+03 8.656971042335280799e+04 1.522617486942051619e+05 5.478660170847582776e+04 1.234195911989687447e+05 4.441510720086991932e+04 -1.833133429715033388e+06 1.890568380170034943e+05 4.001048301394871669e+05 -4.046940490659796633e+05 4.038430601847054204e+05 1.249742771651726362e+05 1.383696938805706450e+05 8.094138766578885261e+05
