# lambda=0.17594450539760478
3.954809387837950885e+07 2.742678667352183256e+06 1.373806802639949601e+06 -4.378888200172528159e+05 -5.065197876204055501e+05 9.399606084111840464e+05 7.716810266604497156e+04 -6.561134605048652738e+05 -7.396373427552547073e+05 3.299537089198879898e+07 7.544630315804707818e+06 1.472763283579488052e+06 -5.864775658337521367e+06 -4.813259597521224990e+06 -1.195236680126962718e+06 -2.245136828280804621e+05 -2.603138414002049249e+06 -2.260179539540419821e+06
2.742678667352183256e+06 1.825711562140589952e+07 1.207912230670983903e+06 2.210254411714349873e+06 4.877382536078653648e+05 -2.572771441534214246e+05 -8.824821648381381528e+05 -2.910171212991671055e+05 1.668850419688544353e+05 -1.450231160895598354e+06 2.021397183824507892e+07 3.319962061311407015e+06 3.787639580181708094e+06 1.952951536868961295e+06 -8.647473208890012465e+05 1.112772447698023752e+05 -5.089922040433053917e+04 -5.839311446082787588e+05
1.373806802639949601e+06 1.207912230670983903e+06 5.067112665355063044e+06 6.027049662837431533e+05 3.499458537222743034e+05 1.691435964376617048e+05 9.031999421188040287e+04 4.064970218114885938e+04 1.102059755245634879e+05 1.912325557156177703e+06 3.956332979928963596e+03 2.994854735189886298e+06 -1.786834909948118031e+06 -3.319898258689700742e+05 -3.007054501989900600e+05 -2.530693217072163534e+05 3.220760247258397867e+05 1.314145604304613953e+05
-4.378888200172528159e+05 2.210254411714349873e+06 6.027049662837431533e+05 2.047420942447928479e+06 2.203774833505495917e+05 1.026953634712991770e+05 -2.293671586046109151e+05 -7.135658592987959855e+04 1.276521857681329711e+05 -7.370353304458438419e+06 -6.177790915213945555e+05 -6.582386914606938371e+05 1.125244293858107878e+06 1.466663316297994752e+05 -1.072450848075475078e+05 3.213617840071577230e+05 -2.211571834481406258e+05 -1.339934063250327563e+04
-5.065197876204055501e+05 4.877382536078653648e+05 3.499458537222743034e+05 2.203774833505495917e+05 7.156712951975277392e+05 1.659071409784957941e+05 8.083656264315903536e+04 7.454625194656742678e+04 6.524818950341147138e+04 -6.860016600113483146e+05 -7.671606044844575226e+05 -6.292512408552649431e+05 -2.447492038821552414e+05 -6.028152993172595743e+05 -7.601427408863132587e+04 1.524119141129911295e+05 3.928004235706033796e+03 1.863782282306514389e+04
9.399606084111840464e+05 -2.572771441534214246e+05 1.691435964376617048e+05 1.026953634712991770e+05 1.659071409784957941e+05 4.204918774830765324e+05 5.138652090367965138e+04 -1.752912710488780431e+04 -5.144603230015308509e+04 1.034237482235438540e+06 -9.867070463092885911e+05 -9.761155530494600534e+05 -5.186717088068515295e+05 -3.300223319637720124e+05 5.467337533429548785e+03 8.224113707680432708e+04 -1.107056874193128606e+05 -1.338674614537368179e+05
7.716810266604497156e+04 -8.824821648381381528e+05 9.031999421188040287e+04 -2.293671586046109151e+05 8.083656264315903536e+04 5.138652090367965138e+04 2.186691597576344793e+05 1.032675210457068606e+05 1.722032888892084156e+04 3.445961404231633060e+05 -6.273212675611411687e+05 -2.160233977072918497e+05 -3.814445164847967098e+05 -2.246741352853155404e+05 1.688553671380382439e+05 2.603581975864298583e+05 7.741817658930394100e+04 9.024650524249917362e+04
-6.561134605048652738e+05 -2.910171212991671055e+05 4.064970218114885938e+04 -7.135658592987959855e+04 7.454625194656742678e+04 -1.752912710488780431e+04 1.032675210457068606e+05 1.698464858084992738e+05 7.445082148596986372e+04 -7.979267884483938105e+05 -5.715029935537968995e+05 -2.174056082085061644e+05 8.000889148895907056e+03 1.562981079429222154e+05 1.183746035609224782e+05 1.486911730554051173e+05 2.176567105138130719e+05 6.295385786054368509e+04
-7.396373427552547073e+05 1.668850419688544353e+05 1.102059755245634879e+05 1.276521857681329711e+05 6.524818950341147138e+04 -5.144603230015308509e+04 1.722032888892084156e+04 7.445082148596986372e+04 8.764327376771996205e+04 -1.232753187280358514e+06 -1.502546215340381605e+05 6.500807906793209258e+04 2.234201290717762895e+05 5.927363144981928781e+04 -3.398756920264385553e+04 3.103844757081491480e+04 1.394563022797078302e+05 1.026487463426504546e+05
3.299537089198879898e+07 -1.450231160895598354e+06 1.912325557156177703e+06 -7.370353304458438419e+06 -6.860016600113483146e+05 1.034237482235438540e+06 3.445961404231633060e+05 -7.979267884483938105e+05 -1.232753187280358514e+06 1.582657665126731098e+08 1.629873796290650591e+07 2.597613826664423570e+07 -8.768962613969491795e+06 2.282980593761425000e+06 3.098368154633278958e+06 -2.930378747922851704e+06 -2.326758408684918657e+06 -3.598588020883497316e+06
7.544630315804707818e+06 2.021397183824507892e+07 3.956332979928963596e+03 -6.177790915213945555e+05 -7.671606044844575226e+05 -9.867070463092885911e+05 -6.273212675611411687e+05 -5.715029935537968995e+05 -1.502546215340381605e+05 1.629873796290650591e+07 7.866313486256630719e+07 1.853735256239521131e+07 1.755003309465883998e+06 3.389193453370604198e+06 -1.391459803422246594e+06 -1.319471437797294697e+06 -1.001996975952129345e+06 -2.007720666912012035e+06
1.472763283579488052e+06 3.319962061311407015e+06 2.994854735189886298e+06 -6.582386914606938371e+05 -6.292512408552649431e+05 -9.761155530494600534e+05 -2.160233977072918497e+05 -2.174056082085061644e+05 6.500807906793209258e+04 2.597613826664423570e+07 1.853735256239521131e+07 3.899544246560567617e+07 4.687533437682058662e+06 4.226996140208836645e+06 2.655032838303199969e+05 -1.599944578538453788e+05 1.258809405906096072e+05 -3.695360822758876602e+05
-5.864775658337521367e+06 3.787639580181708094e+06 -1.786834909948118031e+06 1.125244293858107878e+06 -2.447492038821552414e+05 -5.186717088068515295e+05 -3.814445164847967098e+05 8.000889148895907056e+03 2.234201290717762895e+05 -8.768962613969491795e+06 1.755003309465883998e+06 4.687533437682058662e+06 9.486822999227331951e+06 2.941952585303714965e+06 -5.806364002054656157e+05 5.123752295725900331e+05 5.300337064876424847e+05 6.919368047889471054e+05
-4.813259597521224990e+06 1.952951536868961295e+06 -3.319898258689700742e+05 1.466663316297994752e+05 -6.028152993172595743e+05 -3.300223319637720124e+05 -2.246741352853155404e+05 1.562981079429222154e+05 5.927363144981928781e+04 2.282980593761425000e+06 3.389193453370604198e+06 4.226996140208836645e+06 2.941952585303714965e+06 6.391045334712873213e+06 1.938588199184028490e+05 3.414442846700038062e+05 -7.689421541974024149e+04 2.925757605455085286e+05
-1.195236680126962718e+06 -8.647473208890012465e+05 -3.007054501989900600e+05 -1.072450848075475078e+05 -7.601427408863132587e+04 5.467337533429548785e+03 1.688553671380382439e+05 1.183746035609224782e+05 -3.398756920264385553e+04 3.098368154633278958e+06 -1.391459803422246594e+06 2.655032838303199969e+05 -5.806364002054656157e+05 1.938588199184028490e+05 1.895825525223180186e+06 1.809246517732793000e+05 -5.468004819455201505e+04 -3.378423083285412285e+05
-2.245136828280804621e+05 1.112772447698023752e+05 -2.530693217072163534e+05 3.213617840071577230e+05 1.524119141129911295e+05 8.224113707680432708e+04 2.603581975864298583e+05 1.486911730554051173e+05 3.103844757081491480e+04 -2.930378747922851704e+06 -1.319471437797294697e+06 -1.599944578538453788e+05 5.123752295725900331e+05 3.414442846700038062e+05 1.809246517732793000e+05 1.543412653084079502e+06 2.212451955973228614e+05 3.184763468454126269e+05
-2.603138414002049249e+06 -5.089922040433053917e+04 3.220760247258397867e+05 -2.211571834481406258e+05 3.928004235706033796e+03 -1.107056874193128606e+05 7.741817658930394100e+04 2.176567105138130719e+05 1.394563022797078302e+05 -2.326758408684918657e+06 -1.001996975952129345e+06 1.258809405906096072e+05 5.300337064876424847e+05 -7.689421541974024149e+04 -5.468004819455201505e+04 2.212451955973228614e+05 1.293089592836438678e+06 2.936347634504897869e+05
-2.260179539540419821e+06 -5.839311446082787588e+05 1.314145604304613953e+05 -1.339934063250327563e+04 1.863782282306514389e+04 -1.338674614537368179e+05 9.024650524249917362e+04 6.295385786054368509e+04 1.026487463426504546e+05 -3.598588020883497316e+06 -2.007720666912012035e+06 -3.695360822758876602e+05 6.919368047889471054e+05 2.925757605455085286e+05 -3.378423083285412285e+05 3.184763468454126269e+05 2.936347634504897869e+05 6.226968395944691729e+05
