# lambda=0.1377292160591487
5.063343278415421396e+07 1.609933074817823246e+07 -3.592346709397515748e+06 -5.359311968518904177e+05 1.313948310326067498e+06 -4.540465022885363433e+05 3.421574827810822171e+05 -2.920175997035758337e+05 1.658343543192713114e+05 4.044678491669157892e+07 1.788837906681627780e+07 -1.121686866559538059e+06 5.026657271507099271e+06 5.882391149185568094e+06 3.547675982265281957e+06 3.735808269583327696e+06 6.136303140797317028e+05 3.195832926550638513e+05
1.609933074817823246e+07 2.741330994761279598e+07 1.996515072417632036e+05 -3.406606647014569608e+05 9.410586786948308581e+05 -1.291621535366703523e+06 1.270311735318064711e+04 -7.387549412958223547e+04 1.130331690912559716e+05 5.679291664415619336e+06 2.579933562186855078e+07 8.261933901563525200e+06 2.328195560488586780e+06 8.018686491067607421e+05 -1.407685206252233358e+06 1.023601025609915494e+06 1.974026660815401410e+05 -1.131132372839306016e+06
-3.592346709397515748e+06 1.996515072417632036e+05 4.194112954032359645e+06 1.108733653969746811e+05 -1.547957077419086709e+05 -2.624635570595785393e+05 -2.212316576913168537e+05 -1.160998145562948775e+04 -2.408551280941054283e+05 1.881964587540889159e+06 1.842133330047312658e+06 2.673921636181210168e+06 2.400167147201313637e+06 2.326789558877167583e+05 2.326734573056095687e+05 -8.750119984490492789e+04 5.309992142435091955e+04 -2.456246635513644433e+05
-5.359311968518904177e+05 -3.406606647014569608e+05 1.108733653969746811e+05 1.792445682677814271e+06 1.568987286275379593e+05 -4.322037115830594121e+04 5.571717307945180073e+04 -1.562445133696137418e+04 8.785757155609552456e+02 -6.225862625111257657e+05 1.304463111748822557e+05 1.286362078144482803e+06 1.701210887495722389e+06 -1.423585999533472641e+05 -2.178243231219403096e+05 -2.683145209162816900e+04 -6.415398956359716249e+04 8.088396395676249813e+04
1.313948310326067498e+06 9.410586786948308581e+05 -1.547957077419086709e+05 1.568987286275379593e+05 8.590907298032605322e+05 9.307702528508029354e+04 1.972596725783094589e+05 1.482382938283496769e+05 8.304104101656273997e+04 1.917770565879968926e+06 -9.108814120141507592e+05 2.099468676749570004e+05 -4.073664335014837707e+04 5.784363478029691614e+05 -4.958856022137287073e+04 -1.434894445736434718e+05 9.904654273319618369e+04 -4.158034321545527928e+04
-4.540465022885363433e+05 -1.291621535366703523e+06 -2.624635570595785393e+05 -4.322037115830594121e+04 9.307702528508029354e+04 4.765908463585665450e+05 -1.285717301041139399e+04 5.548013013872451120e+04 4.330368811586781521e+04 -3.512932667936932296e+06 -1.526948958078842843e+06 -1.154208451320591150e+06 -4.071577968759182259e+05 -1.295456728750920738e+05 1.884568967862693244e+05 -2.616070492936169903e+05 1.410147056164165260e+05 8.721453653237911931e+04
3.421574827810822171e+05 1.270311735318064711e+04 -2.212316576913168537e+05 5.571717307945180073e+04 1.972596725783094589e+05 -1.285717301041139399e+04 2.316000794814161491e+05 1.753149732057691435e+05 3.903937690707990259e+04 -1.281786113754185499e+05 -1.745267142124480160e+05 2.507740765171703824e+05 -2.131662579241700587e+05 3.621795983627936803e+05 -7.464781045598252967e+04 8.685958183753103367e+04 6.392672435954012326e+04 1.026723199692760682e+04
-2.920175997035758337e+05 -7.387549412958223547e+04 -1.160998145562948775e+04 -1.562445133696137418e+04 1.482382938283496769e+05 5.548013013872451120e+04 1.753149732057691435e+05 2.652919499181685969e+05 6.204784714234519925e+04 -6.505297212678012438e+05 -3.315285374475402059e+05 -4.647177040854440420e+05 -3.123324146349271177e+05 8.607574867522492423e+04 -1.197527606361324579e+05 3.416875354750499537e+04 1.543411163736292219e+05 1.990646469393113875e+04
1.658343543192713114e+05 1.130331690912559716e+05 -2.408551280941054283e+05 8.785757155609552456e+02 8.304104101656273997e+04 4.330368811586781521e+04 3.903937690707990259e+04 6.204784714234519925e+04 1.239247566267682560e+05 6.644562785236745840e+05 4.146265758762353216e+05 -3.036324616673170822e+05 -2.346746856301304942e+05 1.013415838747045054e+05 7.182613573545229156e+04 -2.574560087826282688e+04 6.105969586186519882e+04 5.920429902869636135e+04
4.044678491669157892e+07 5.679291664415619336e+06 1.881964587540889159e+06 -6.225862625111257657e+05 1.917770565879968926e+06 -3.512932667936932296e+06 -1.281786113754185499e+05 -6.505297212678012438e+05 6.644562785236745840e+05 2.249675997807479501e+08 1.012282592189979553e+07 -2.232449249427856877e+06 1.862013961366454512e+07 -2.040234247081448091e+06 5.392460632352696732e+06 3.554405176372681744e+06 -1.432005149760013912e+06 -8.432136135536896472e+04
1.788837906681627780e+07 2.579933562186855078e+07 1.842133330047312658e+06 1.304463111748822557e+05 -9.108814120141507592e+05 -1.526948958078842843e+06 -1.745267142124480160e+05 -3.315285374475402059e+05 4.146265758762353216e+05 1.012282592189979553e+07 6.173866029395111650e+07 8.763346760328816250e+06 4.380732489791830070e+06 8.717113507707029930e+04 -4.578146965002191719e+05 -1.469809998936008196e+05 -4.946993731400506658e+04 5.079849910541228019e+04
-1.121686866559538059e+06 8.261933901563525200e+06 2.673921636181210168e+06 1.286362078144482803e+06 2.099468676749570004e+05 -1.154208451320591150e+06 2.507740765171703824e+05 -4.647177040854440420e+05 -3.036324616673170822e+05 -2.232449249427856877e+06 8.763346760328816250e+06 2.915429051226799190e+07 9.299911154505824670e+05 2.955851571065915283e+06 5.596217462248649681e+05 -1.118792240309041459e+06 -4.711155605733096600e+05 3.409101234137056599e+04
5.026657271507099271e+06 2.328195560488586780e+06 2.400167147201313637e+06 1.701210887495722389e+06 -4.073664335014837707e+04 -4.071577968759182259e+05 -2.131662579241700587e+05 -3.123324146349271177e+05 -2.346746856301304942e+05 1.862013961366454512e+07 4.380732489791830070e+06 9.299911154505824670e+05 1.162007376818005368e+07 7.719234561994844116e+05 5.040913328864300856e+05 1.687636113147712313e+06 -4.868774834390386823e+05 -4.798367894866967981e+04
5.882391149185568094e+06 8.018686491067607421e+05 2.326789558877167583e+05 -1.423585999533472641e+05 5.784363478029691614e+05 -1.295456728750920738e+05 3.621795983627936803e+05 8.607574867522492423e+04 1.013415838747045054e+05 -2.040234247081448091e+06 8.717113507707029930e+04 2.955851571065915283e+06 7.719234561994844116e+05 6.789796577504792251e+06 2.366404932803188916e+06 7.487732030798671767e+05 4.015240158953412902e+05 6.422390365728625329e+05
3.547675982265281957e+06 -1.407685206252233358e+06 2.326734573056095687e+05 -2.178243231219403096e+05 -4.958856022137287073e+04 1.884568967862693244e+05 -7.464781045598252967e+04 -1.197527606361324579e+05 7.182613573545229156e+04 5.392460632352696732e+06 -4.578146965002191719e+05 5.596217462248649681e+05 5.040913328864300856e+05 2.366404932803188916e+06 2.872338305359648541e+06 2.008982092650831037e+05 -7.927221832771913614e+04 4.516454142296380014e+05
3.735808269583327696e+06 1.023601025609915494e+06 -8.750119984490492789e+04 -2.683145209162816900e+04 -1.434894445736434718e+05 -2.616070492936169903e+05 8.685958183753103367e+04 3.416875354750499537e+04 -2.574560087826282688e+04 3.554405176372681744e+06 -1.469809998936008196e+05 -1.118792240309041459e+06 1.687636113147712313e+06 7.487732030798671767e+05 2.008982092650831037e+05 1.796371487157070078e+06 1.928418078530857019e+04 -8.112402726189845998e+04
6.136303140797317028e+05 1.974026660815401410e+05 5.309992142435091955e+04 -6.415398956359716249e+04 9.904654273319618369e+04 1.410147056164165260e+05 6.392672435954012326e+04 1.543411163736292219e+05 6.105969586186519882e+04 -1.432005149760013912e+06 -4.946993731400506658e+04 -4.711155605733096600e+05 -4.868774834390386823e+05 4.015240158953412902e+05 -7.927221832771913614e+04 1.928418078530857019e+04 8.044998660976779647e+05 1.270726042693573690e+05
3.195832926550638513e+05 -1.131132372839306016e+06 -2.456246635513644433e+05 8.088396395676249813e+04 -4.158034321545527928e+04 8.721453653237911931e+04 1.026723199692760682e+04 1.990646469393113875e+04 5.920429902869636135e+04 -8.432136135536896472e+04 5.079849910541228019e+04 3.409101234137056599e+04 -4.798367894866967981e+04 6.422390365728625329e+05 4.516454142296380014e+05 -8.112402726189845998e+04 1.270726042693573690e+05 4.757796043779267347e+05
