# lambda=0.10313185336076514
6.317562817980890721e+07 -1.286046196341702715e+06 3.549178588112172671e+06 -1.984526546976070676e+05 -2.377578719452970545e+05 -9.768412870527706109e+05 -8.005237078673843062e+05 -2.596128687655373360e+05 1.148978715755864250e+05 1.563855484941151366e+07 1.121763485899589397e+07 -7.252858897626365535e+06 3.799463724749852438e+06 2.000803122590374667e+06 3.506131794671633397e+05 9.285851678674314171e+05 -1.354073963479556842e+06 -1.180906923553094966e+06
-1.286046196341702715e+06 1.320064938749102503e+07 8.112852900357644830e+04 -7.919854154820243130e+05 -5.821166281100094784e+05 -5.624115901933598798e+05 -7.681915137920711422e+05 -2.261984396087446657e+05 -2.380146936466639163e+05 -8.798730525415237993e+06 7.907629150886011310e+06 2.715931123335115146e+06 3.730067668391633313e+06 -2.451944500482012052e+06 -1.234983244828491472e+06 -1.340222590829341207e+06 2.838635790119267767e+05 6.189095364313460886e+05
3.549178588112172671e+06 8.112852900357644830e+04 3.509378763985423837e+06 5.613369802498944337e+05 4.746135983901271829e+05 -3.062337184137815257e+03 -2.408709861376427289e+05 -7.747337343261088245e+04 -1.754729791888050386e+05 2.372569871145396959e+06 9.947708727655779803e+05 8.157580119394513313e+05 4.969507730205158441e+04 4.740581818962167599e+05 1.201430760139661579e+05 5.620711204632788431e+05 6.830209233519571717e+04 3.695552692046904704e+05
-1.984526546976070676e+05 -7.919854154820243130e+05 5.613369802498944337e+05 2.380415158048223704e+06 3.657946534056864330e+05 3.185071438973027398e+04 -6.242630413018431136e+04 4.485663601051330625e+04 7.433307098827422124e+03 -4.795895930572916404e+05 -3.400587444791978225e+06 9.450822735821248498e+05 7.749876861356912414e+05 1.575208457281537412e+05 -4.233370331489736564e+05 -2.070419576920310283e+04 -5.508861863576921169e+05 6.683377346374883782e+05
-2.377578719452970545e+05 -5.821166281100094784e+05 4.746135983901271829e+05 3.657946534056864330e+05 1.378889634686714271e+06 8.320723635225414182e+04 -2.140411795101941098e+05 4.163500440250921383e+04 -4.064448283385543618e+04 8.324195992981439922e+05 1.181623087552092271e+06 6.997955463540442288e+05 1.220211118239843287e+06 1.668950087532848353e+06 9.424763555018283660e+04 -2.712321024614203634e+04 1.163831501928984799e+05 2.135652138562299369e+05
-9.768412870527706109e+05 -5.624115901933598798e+05 -3.062337184137815257e+03 3.185071438973027398e+04 8.320723635225414182e+04 5.685189055828587152e+05 6.932860703360404295e+04 -2.686226106724321312e+02 3.054446608399310207e+04 1.748508308778523933e+06 9.535820666027126208e+03 2.226971287631886080e+05 -2.678626576565411524e+05 5.183266596371842315e+05 3.502219348782565794e+05 1.880874946501835948e+05 1.363592192925250856e+05 -7.582471171810739907e+04
-8.005237078673843062e+05 -7.681915137920711422e+05 -2.408709861376427289e+05 -6.242630413018431136e+04 -2.140411795101941098e+05 6.932860703360404295e+04 3.871673726714869845e+05 6.409111658610295126e+04 8.624228815846955695e+04 3.532088156829445506e+05 -7.171797777833049186e+05 -2.995009976528505795e+05 -6.286258187257763930e+05 3.616342459631066595e+04 -6.572863326825159311e+04 3.065154203951424570e+05 -2.995739628234232805e+04 -4.433259332556436857e+04
-2.596128687655373360e+05 -2.261984396087446657e+05 -7.747337343261088245e+04 4.485663601051330625e+04 4.163500440250921383e+04 -2.686226106724321312e+02 6.409111658610295126e+04 1.420258620101853157e+05 3.072248078253403582e+04 -8.880771582000710769e+05 -4.586975083095341688e+05 4.605307389664028888e+05 -9.050953684317681473e+04 1.610671011283113039e+05 -5.037504263521492976e+04 2.079548523784196004e+05 7.963525028391958040e+04 2.894110513071915648e+03
1.148978715755864250e+05 -2.380146936466639163e+05 -1.754729791888050386e+05 7.433307098827422124e+03 -4.064448283385543618e+04 3.054446608399310207e+04 8.624228815846955695e+04 3.072248078253403582e+04 8.078189124130095297e+04 -1.607187781438469829e+05 -1.865246071472647891e+05 -2.211042836000014795e+05 -1.895525804693530663e+05 1.305856943987446284e+05 4.224910105575215857e+04 9.781000811154696567e+04 7.944958619963263118e+03 -2.356490219317061474e+03
1.563855484941151366e+07 -8.798730525415237993e+06 2.372569871145396959e+06 -4.795895930572916404e+05 8.324195992981439922e+05 1.748508308778523933e+06 3.532088156829445506e+05 -8.880771582000710769e+05 -1.607187781438469829e+05 2.768166898284341693e+08 4.987361387303896248e+06 -4.388946667368941940e+06 -7.296035289190390147e+06 -2.733622424520262983e+06 -3.986422161887757480e+06 -1.887595084250391927e+06 -3.150561043550565373e+06 4.342258025154120289e+06
1.121763485899589397e+07 7.907629150886011310e+06 9.947708727655779803e+05 -3.400587444791978225e+06 1.181623087552092271e+06 9.535820666027126208e+03 -7.171797777833049186e+05 -4.586975083095341688e+05 -1.865246071472647891e+05 4.987361387303896248e+06 3.490605400651533157e+07 -4.993599397594406269e+06 4.176399845236044843e+06 2.434765254674613476e+06 1.095097075322492747e+06 1.211044583864322165e+06 3.072294841638068319e+05 7.182399807256421773e+05
-7.252858897626365535e+06 2.715931123335115146e+06 8.157580119394513313e+05 9.450822735821248498e+05 6.997955463540442288e+05 2.226971287631886080e+05 -2.995009976528505795e+05 4.605307389664028888e+05 -2.211042836000014795e+05 -4.388946667368941940e+06 -4.993599397594406269e+06 3.269868956125624478e+07 4.763778600897476077e+06 -1.974851538773111242e+05 -1.985807612402719446e+06 -2.433711442177115474e+06 4.364428451471485314e+05 8.272961610977217788e+05
3.799463724749852438e+06 3.730067668391633313e+06 4.969507730205158441e+04 7.749876861356912414e+05 1.220211118239843287e+06 -2.678626576565411524e+05 -6.286258187257763930e+05 -9.050953684317681473e+04 -1.895525804693530663e+05 -7.296035289190390147e+06 4.176399845236044843e+06 4.763778600897476077e+06 1.158973739313343912e+07 9.790978879951024428e+05 -9.508163767054042546e+04 -5.052451658244289574e+05 6.206409051441033371e+05 6.268710765158154536e+05
2.000803122590374667e+06 -2.451944500482012052e+06 4.740581818962167599e+05 1.575208457281537412e+05 1.668950087532848353e+06 5.183266596371842315e+05 3.616342459631066595e+04 1.610671011283113039e+05 1.305856943987446284e+05 -2.733622424520262983e+06 2.434765254674613476e+06 -1.974851538773111242e+05 9.790978879951024428e+05 5.964747119440643117e+06 2.308165709510268178e+06 1.411194136640400859e+06 -3.024912100626693573e+05 1.980058003004646744e+05
3.506131794671633397e+05 -1.234983244828491472e+06 1.201430760139661579e+05 -4.233370331489736564e+05 9.424763555018283660e+04 3.502219348782565794e+05 -6.572863326825159311e+04 -5.037504263521492976e+04 4.224910105575215857e+04 -3.986422161887757480e+06 1.095097075322492747e+06 -1.985807612402719446e+06 -9.508163767054042546e+04 2.308165709510268178e+06 3.128041443583637942e+06 8.549336996921375394e+05 -9.919332378539103956e+03 -1.519279257896348427e+05
9.285851678674314171e+05 -1.340222590829341207e+06 5.620711204632788431e+05 -2.070419576920310283e+04 -2.712321024614203634e+04 1.880874946501835948e+05 3.065154203951424570e+05 2.079548523784196004e+05 9.781000811154696567e+04 -1.887595084250391927e+06 1.211044583864322165e+06 -2.433711442177115474e+06 -5.052451658244289574e+05 1.411194136640400859e+06 8.549336996921375394e+05 1.770131035514157731e+06 1.510599515365260013e+05 -4.670180086128651601e+04
-1.354073963479556842e+06 2.838635790119267767e+05 6.830209233519571717e+04 -5.508861863576921169e+05 1.163831501928984799e+05 1.363592192925250856e+05 -2.995739628234232805e+04 7.963525028391958040e+04 7.944958619963263118e+03 -3.150561043550565373e+06 3.072294841638068319e+05 4.364428451471485314e+05 6.206409051441033371e+05 -3.024912100626693573e+05 -9.919332378539103956e+03 1.510599515365260013e+05 1.208719910074568354e+06 7.481432021220786555e+04
-1.180906923553094966e+06 6.189095364313460886e+05 3.695552692046904704e+05 6.683377346374883782e+05 2.135652138562299369e+05 -7.582471171810739907e+04 -4.433259332556436857e+04 2.894110513071915648e+03 -2.356490219317061474e+03 4.342258025154120289e+06 7.182399807256421773e+05 8.272961610977217788e+05 6.268710765158154536e+05 1.980058003004646744e+05 -1.519279257896348427e+05 -4.670180086128651601e+04 7.481432021220786555e+04 9.571071455084366025e+05
