# lambda=0.1227604509043611
4.562017737338347733e+07 1.088333847738660499e+07 -1.590857925429759081e+06 -3.045480100751047488e+06 -5.889418630965794728e+04 1.887260530710322782e+05 -2.887441637836908922e+05 -3.937913207017065724e+04 -5.004243329139486887e+05 -2.313703345257198438e+06 8.697608141088854522e+06 -2.546301627706058789e+05 -5.468074462892658077e+06 8.887358750721510733e+05 1.957998880711815786e+06 -3.474647620713989018e+05 1.054169199853846105e+06 1.326658205363524612e+06
1.088333847738660499e+07 1.970863844083961844e+07 1.347124625848561991e+06 -1.916876903371479362e+06 -1.308502000400329416e+04 -6.190107449371541152e+05 6.496065213577461691e+04 3.448744627517026966e+05 1.956776984295329312e+05 1.111431004707488231e+06 1.359804233332711272e+06 -4.113644683164597955e+06 -3.334253665190469939e+06 -7.668332419083671411e+05 -6.234359521984700114e+05 7.602963132073468296e+05 1.562562163757274975e+05 5.809006924456037814e+05
-1.590857925429759081e+06 1.347124625848561991e+06 2.806092201992728747e+06 4.031753925378735294e+05 7.332616882506139518e+04 4.467421996020003280e+04 1.139868281431536016e+05 -7.123935146357529447e+03 6.728539305105393578e+04 1.527940424162747804e+06 -1.319628508172390284e+06 2.812872417923850473e+06 4.285967741543540615e+05 -1.009610857087531476e+06 -1.395956468067576134e+04 4.169160653622163809e+05 4.948630687042608624e+05 5.131442243118734914e+05
-3.045480100751047488e+06 -1.916876903371479362e+06 4.031753925378735294e+05 2.254935034362354781e+06 4.427992881105212145e+05 3.630774885118243401e+04 5.700665650840332819e+04 5.064301101704707980e+04 2.034871155975450165e+04 -6.467688200635276735e+06 -5.482093973938628333e+05 1.144507467136770720e+06 1.292711163716431474e+06 -4.984978924258852494e+05 -8.343683083014804870e+05 -1.594709908534501155e+05 -2.335894956827330752e+05 1.042502153843631531e+05
-5.889418630965794728e+04 -1.308502000400329416e+04 7.332616882506139518e+04 4.427992881105212145e+05 9.591304621583125554e+05 9.973897107316504844e+03 1.243047020041095384e+05 -9.641417616107368667e+04 -8.277338172823148852e+03 4.874196073230656912e+05 -1.700928890586859779e+06 -1.203466550347355194e+06 -3.742527879934742232e+05 3.886702857796063763e+05 -3.887241416673470667e+04 -3.735667773080577717e+03 5.023705882632668363e+04 1.439672540022325993e+05
1.887260530710322782e+05 -6.190107449371541152e+05 4.467421996020003280e+04 3.630774885118243401e+04 9.973897107316504844e+03 4.053279300748780952e+05 8.453764043204465997e+04 -5.348883504967323097e+04 -1.373463909073195282e+04 3.744146261251956730e+03 6.650329325152699603e+05 4.372126086941840476e+05 6.722518971228742157e+04 8.254403671474198927e+04 1.892558236185302376e+05 5.866737523718774901e+04 1.829648469060180651e+05 4.731660853516370480e+03
-2.887441637836908922e+05 6.496065213577461691e+04 1.139868281431536016e+05 5.700665650840332819e+04 1.243047020041095384e+05 8.453764043204465997e+04 2.108393196686706215e+05 8.834594994646060513e+03 -3.274675311065095229e+03 7.790865155143892625e+05 -3.110021869911648682e+05 -2.699680940968502546e+05 3.284787412219640682e+05 1.341197564887051994e+05 4.872271234084558091e+04 1.594673842924459896e+05 9.442399523880408378e+04 8.011807430487037345e+04
-3.937913207017065724e+04 3.448744627517026966e+05 -7.123935146357529447e+03 5.064301101704707980e+04 -9.641417616107368667e+04 -5.348883504967323097e+04 8.834594994646060513e+03 2.288041392999734089e+05 5.015124436462678568e+04 -1.882373281226903899e+06 -1.839726413928406255e+05 -2.396438530717673129e+05 3.782166089026384871e+05 -4.189746001153180259e+04 5.175447373619177597e+03 4.306641316153717344e+04 9.613832963246673171e+04 1.195390693702277931e+05
-5.004243329139486887e+05 1.956776984295329312e+05 6.728539305105393578e+04 2.034871155975450165e+04 -8.277338172823148852e+03 -1.373463909073195282e+04 -3.274675311065095229e+03 5.015124436462678568e+04 8.950783837604217115e+04 -2.823885432558124303e+05 4.173636807765588746e+05 -3.748908423988320865e+05 -1.431605616411346418e+05 -6.957812179401704634e+04 -1.373909078815038956e+05 -5.216387783088734432e+04 8.061694809694195283e+04 4.587409256143513630e+04
-2.313703345257198438e+06 1.111431004707488231e+06 1.527940424162747804e+06 -6.467688200635276735e+06 4.874196073230656912e+05 3.744146261251956730e+03 7.790865155143892625e+05 -1.882373281226903899e+06 -2.823885432558124303e+05 1.464670309809841514e+08 4.174961288806145079e+06 1.097600562230139272e+06 -4.967692543772665784e+06 2.158191306193192024e+06 9.034335238065628335e+06 1.794323876761947060e+06 -5.895580473146098666e+05 -1.723942986404142343e+06
8.697608141088854522e+06 1.359804233332711272e+06 -1.319628508172390284e+06 -5.482093973938628333e+05 -1.700928890586859779e+06 6.650329325152699603e+05 -3.110021869911648682e+05 -1.839726413928406255e+05 4.173636807765588746e+05 4.174961288806145079e+06 4.576525953731141984e+07 -1.233207273237147927e+07 -8.465675268277272116e+05 1.670929238981071627e+06 1.358608660635065287e+06 -1.391359955242859141e+05 1.061899176042528125e+06 -2.679717779308802346e+04
-2.546301627706058789e+05 -4.113644683164597955e+06 2.812872417923850473e+06 1.144507467136770720e+06 -1.203466550347355194e+06 4.372126086941840476e+05 -2.699680940968502546e+05 -2.396438530717673129e+05 -3.748908423988320865e+05 1.097600562230139272e+06 -1.233207273237147927e+07 2.373531859090612084e+07 4.943288894933060743e+06 -1.764129705735715805e+06 5.342889249399377732e+05 3.143640206634731148e+05 -4.522138143701456138e+05 -1.023533698063630000e+05
-5.468074462892658077e+06 -3.334253665190469939e+06 4.285967741543540615e+05 1.292711163716431474e+06 -3.742527879934742232e+05 6.722518971228742157e+04 3.284787412219640682e+05 3.782166089026384871e+05 -1.431605616411346418e+05 -4.967692543772665784e+06 -8.465675268277272116e+05 4.943288894933060743e+06 1.271249352625376172e+07 1.987952644976870157e+06 1.126437348221000051e+06 6.103564973244888242e+05 5.317862387546248647e+04 -7.129663248272298370e+04
8.887358750721510733e+05 -7.668332419083671411e+05 -1.009610857087531476e+06 -4.984978924258852494e+05 3.886702857796063763e+05 8.254403671474198927e+04 1.341197564887051994e+05 -4.189746001153180259e+04 -6.957812179401704634e+04 2.158191306193192024e+06 1.670929238981071627e+06 -1.764129705735715805e+06 1.987952644976870157e+06 4.702045588337476365e+06 1.120717863843365340e+06 6.018099027721005259e+05 2.038962318154268432e+05 -9.012197498161588737e+04
1.957998880711815786e+06 -6.234359521984700114e+05 -1.395956468067576134e+04 -8.343683083014804870e+05 -3.887241416673470667e+04 1.892558236185302376e+05 4.872271234084558091e+04 5.175447373619177597e+03 -1.373909078815038956e+05 9.034335238065628335e+06 1.358608660635065287e+06 5.342889249399377732e+05 1.126437348221000051e+06 1.120717863843365340e+06 3.097141051417475101e+06 4.036148343638371443e+05 1.312696073873738351e+04 -6.516468323926144512e+04
-3.474647620713989018e+05 7.602963132073468296e+05 4.169160653622163809e+05 -1.594709908534501155e+05 -3.735667773080577717e+03 5.866737523718774901e+04 1.594673842924459896e+05 4.306641316153717344e+04 -5.216387783088734432e+04 1.794323876761947060e+06 -1.391359955242859141e+05 3.143640206634731148e+05 6.103564973244888242e+05 6.018099027721005259e+05 4.036148343638371443e+05 8.480046083668365609e+05 1.484072990948403894e+05 1.167983651211794495e+04
1.054169199853846105e+06 1.562562163757274975e+05 4.948630687042608624e+05 -2.335894956827330752e+05 5.023705882632668363e+04 1.829648469060180651e+05 9.442399523880408378e+04 9.613832963246673171e+04 8.061694809694195283e+04 -5.895580473146098666e+05 1.061899176042528125e+06 -4.522138143701456138e+05 5.317862387546248647e+04 2.038962318154268432e+05 1.312696073873738351e+04 1.484072990948403894e+05 1.058341545084263198e+06 4.943667777297868161e+05
1.326658205363524612e+06 5.809006924456037814e+05 5.131442243118734914e+05 1.042502153843631531e+05 1.439672540022325993e+05 4.731660853516370480e+03 8.011807430487037345e+04 1.195390693702277931e+05 4.587409256143513630e+04 -1.723942986404142343e+06 -2.679717779308802346e+04 -1.023533698063630000e+05 -7.129663248272298370e+04 -9.012197498161588737e+04 -6.516468323926144512e+04 1.167983651211794495e+04 4.943667777297868161e+05 5.985232791314497590e+05
