# lambda=0.10725180881096072
2.140254887658606097e+07 -7.527817544560771203e+05 -1.294317438287040684e+06 7.413392140146362362e+05 8.114548614932682831e+05 6.008538472900415072e+05 9.690960050332652172e+05 3.207215073838531389e+05 -4.224616705373217701e+05 2.186968020816588774e+07 7.590186637610451318e+06 -5.500014384630537592e+06 -4.550432379438683274e+05 2.570567583772250917e+06 7.461780991369792027e+05 -5.518596300390399992e+05 -4.018242119142921292e+05 -8.000537854275904829e+05
-7.527817544560771203e+05 1.270713541082265414e+07 -2.654672185255230288e+05 2.166685777538099792e+06 -5.977951073600623058e+05 -8.820379684172312263e+05 -1.748251650776261813e+05 2.787762257922507706e+05 1.255135321983945178e+05 1.063343963333117031e+07 4.890319545833629556e+06 2.906428299339917023e+06 3.593737789754220285e+06 -1.345315648947285721e+06 2.366455577933434397e+06 -2.444358380497232720e+05 -1.170794150728231034e+04 -1.608560519935143529e+05
-1.294317438287040684e+06 -2.654672185255230288e+05 4.032467033063423820e+06 1.849504933586583938e+05 -5.998361324445192004e+05 -4.547509382073071902e+05 1.620967431993559148e+04 9.896142071049733204e+04 -8.560642019178114424e+04 1.396206436708084075e+06 -4.214281134803944267e+06 1.571282966648524744e+05 -4.932550985230028164e+05 -5.828955288158283802e+05 -4.270422396969602560e+05 -2.489116441885479144e+05 -5.876424974624554307e+04 6.186618194598277478e+04
7.413392140146362362e+05 2.166685777538099792e+06 1.849504933586583938e+05 2.002457136362590594e+06 2.409157841428631800e+05 -5.968742731279844156e+04 -2.440681190444085951e+04 1.276216428970979759e+05 1.911822291011422349e+05 3.781008910283108708e+06 -2.518491134266488720e+06 6.298577194752140203e+05 1.711892018217093544e+06 5.943264774989687430e+04 5.829090463918842142e+05 -1.164299320117871393e+05 -1.400893221582867554e+05 5.965490863968585472e+03
8.114548614932682831e+05 -5.977951073600623058e+05 -5.998361324445192004e+05 2.409157841428631800e+05 1.221777675457409583e+06 3.373717233128636144e+05 2.871592266947545795e+04 1.563841834742642241e+05 5.032480870510820387e+04 -1.510171463517232565e+06 -2.255184576284851879e+06 -1.407483151085565565e+06 -1.006657160939660156e+06 6.245168687306217616e+05 3.619198857068798970e+05 -5.394015630284098443e+05 -7.333163239297155815e+04 -2.071313670907804917e+05
6.008538472900415072e+05 -8.820379684172312263e+05 -4.547509382073071902e+05 -5.968742731279844156e+04 3.373717233128636144e+05 6.873112933035718743e+05 9.169077922335246694e+04 6.428175779766187043e+04 3.035765107589413674e+04 2.631808781423699111e+05 -2.616718560385568999e+06 -6.519572506836022949e+05 -1.747745505395134678e+05 5.319762247955941129e+05 -1.403840165206692473e+05 -2.672621034148173640e+05 -6.222791916502557797e+03 -6.704015060497719969e+04
9.690960050332652172e+05 -1.748251650776261813e+05 1.620967431993559148e+04 -2.440681190444085951e+04 2.871592266947545795e+04 9.169077922335246694e+04 3.032716504892120720e+05 4.332493560405026074e+04 1.710073881067020193e+04 2.132410441820270382e+06 -2.485488374496615143e+05 -6.605255094213305274e+05 2.206170675203480641e+05 8.939449569371258258e+04 1.643755379214388377e+05 2.036914115947323153e+05 1.036601813002338758e+03 -9.920116200223783380e+04
3.207215073838531389e+05 2.787762257922507706e+05 9.896142071049733204e+04 1.276216428970979759e+05 1.563841834742642241e+05 6.428175779766187043e+04 4.332493560405026074e+04 1.385568306963367213e+05 1.991168899206824062e+04 6.192647075965392869e+05 3.737896186337963445e+05 -3.761475557566579664e+04 1.091736998333158699e+05 -5.404893182517390233e+04 2.114967893152965407e+05 3.641087335080345656e+04 -1.404142732529657042e+04 -8.982518974133736629e+04
-4.224616705373217701e+05 1.255135321983945178e+05 -8.560642019178114424e+04 1.911822291011422349e+05 5.032480870510820387e+04 3.035765107589413674e+04 1.710073881067020193e+04 1.991168899206824062e+04 1.156913842601451324e+05 -4.173763413386338507e+05 -8.689637835123885889e+05 -2.548581657632207207e+05 3.932061575466115028e+05 -7.663030545328438166e+04 5.607413873384627368e+04 1.105246042686828587e+05 3.116894099361108601e+04 4.234172010197387863e+04
2.186968020816588774e+07 1.063343963333117031e+07 1.396206436708084075e+06 3.781008910283108708e+06 -1.510171463517232565e+06 2.631808781423699111e+05 2.132410441820270382e+06 6.192647075965392869e+05 -4.173763413386338507e+05 2.388836704063004255e+08 5.917263910046961159e+06 -1.099442635292774625e+07 9.471743745095828548e+06 4.407943332543784752e+06 4.485631068542375229e+06 -8.425428034942277009e+05 4.073791012227555271e+06 1.632257663255865686e+06
7.590186637610451318e+06 4.890319545833629556e+06 -4.214281134803944267e+06 -2.518491134266488720e+06 -2.255184576284851879e+06 -2.616718560385568999e+06 -2.485488374496615143e+05 3.737896186337963445e+05 -8.689637835123885889e+05 5.917263910046961159e+06 9.264645781866185367e+07 3.875232696890225168e+06 4.341166448711162433e+06 -6.530143185968343168e+06 -5.434503930082635488e+05 1.698858262128669303e+06 5.834531548376238206e+05 2.581367948328504281e+05
-5.500014384630537592e+06 2.906428299339917023e+06 1.571282966648524744e+05 6.298577194752140203e+05 -1.407483151085565565e+06 -6.519572506836022949e+05 -6.605255094213305274e+05 -3.761475557566579664e+04 -2.548581657632207207e+05 -1.099442635292774625e+07 3.875232696890225168e+06 2.137237848023663089e+07 4.181709186230778694e+06 -5.916194644421600970e+05 -1.097937519528058358e+06 6.635267020413285354e+05 1.093760425176554359e+06 1.961496904705064953e+05
-4.550432379438683274e+05 3.593737789754220285e+06 -4.932550985230028164e+05 1.711892018217093544e+06 -1.006657160939660156e+06 -1.747745505395134678e+05 2.206170675203480641e+05 1.091736998333158699e+05 3.932061575466115028e+05 9.471743745095828548e+06 4.341166448711162433e+06 4.181709186230778694e+06 1.590804947719289921e+07 -1.044498581375292037e+06 1.696866558878754498e+06 1.491784151090900879e+06 9.072896293253867043e+03 9.439008716489201179e+05
2.570567583772250917e+06 -1.345315648947285721e+06 -5.828955288158283802e+05 5.943264774989687430e+04 6.245168687306217616e+05 5.319762247955941129e+05 8.939449569371258258e+04 -5.404893182517390233e+04 -7.663030545328438166e+04 4.407943332543784752e+06 -6.530143185968343168e+06 -5.916194644421600970e+05 -1.044498581375292037e+06 3.292681417905765586e+06 9.029190238904986763e+05 -5.377303476038420340e+05 9.177716176110824745e+04 1.951501115306136780e+05
7.461780991369792027e+05 2.366455577933434397e+06 -4.270422396969602560e+05 5.829090463918842142e+05 3.619198857068798970e+05 -1.403840165206692473e+05 1.643755379214388377e+05 2.114967893152965407e+05 5.607413873384627368e+04 4.485631068542375229e+06 -5.434503930082635488e+05 -1.097937519528058358e+06 1.696866558878754498e+06 9.029190238904986763e+05 4.159768497783997096e+06 1.487628532284899557e+05 -2.908634433924367768e+05 1.454581067430920375e+05
-5.518596300390399992e+05 -2.444358380497232720e+05 -2.489116441885479144e+05 -1.164299320117871393e+05 -5.394015630284098443e+05 -2.672621034148173640e+05 2.036914115947323153e+05 3.641087335080345656e+04 1.105246042686828587e+05 -8.425428034942277009e+05 1.698858262128669303e+06 6.635267020413285354e+05 1.491784151090900879e+06 -5.377303476038420340e+05 1.487628532284899557e+05 1.698039246199625079e+06 1.438684468950485461e+05 -1.418993654514804075e+05
-4.018242119142921292e+05 -1.170794150728231034e+04 -5.876424974624554307e+04 -1.400893221582867554e+05 -7.333163239297155815e+04 -6.222791916502557797e+03 1.036601813002338758e+03 -1.404142732529657042e+04 3.116894099361108601e+04 4.073791012227555271e+06 5.834531548376238206e+05 1.093760425176554359e+06 9.072896293253867043e+03 9.177716176110824745e+04 -2.908634433924367768e+05 1.438684468950485461e+05 6.629551713738796534e+05 1.457944700433159596e+05
-8.000537854275904829e+05 -1.608560519935143529e+05 6.186618194598277478e+04 5.965490863968585472e+03 -2.071313670907804917e+05 -6.704015060497719969e+04 -9.920116200223783380e+04 -8.982518974133736629e+04 4.234172010197387863e+04 1.632257663255865686e+06 2.581367948328504281e+05 1.961496904705064953e+05 9.439008716489201179e+05 1.951501115306136780e+05 1.454581067430920375e+05 -1.418993654514804075e+05 1.457944700433159596e+05 7.556385750665589003e+05
