# lambda=0.13671454138258535
3.609221363114809245e+07 1.757257936211987166e+06 -6.274868492432201747e+05 8.726986659089119639e+05 5.624530378339212621e+05 8.159496367174268235e+05 5.668092286889824754e+04 -5.732864547290733026e+04 5.343769954374458175e+05 -4.700430655523801222e+06 6.271675886440404691e+06 -1.031734378242744715e+06 1.161322872931892984e+06 2.696148931337446440e+06 4.911455038940438535e+05 1.899233134733390994e+06 1.608996007528075017e+06 2.088600076801741670e+05
1.757257936211987166e+06 1.163020404198917001e+07 1.474400383743924322e+06 6.407054777012453414e+05 7.120164956253966084e+05 4.957264512042247225e+05 7.597235603483802406e+05 -1.660185790533290128e+04 3.555001927043531905e+05 7.519071948981381720e+05 8.470398898228202015e+06 5.912579184019907843e+05 2.129661305277147796e+06 -3.108901938158634584e+05 1.137264679828507593e+06 6.023207020425669616e+05 -2.553905373777195637e+05 1.040837959655601531e+06
-6.274868492432201747e+05 1.474400383743924322e+06 3.505958059882996604e+06 1.172150882720107445e+06 5.091345818792285281e+05 -3.806199282120463322e+05 2.947334562126404126e+04 1.434527896928922564e+05 1.240028026890194888e+05 -2.263165855237353127e+06 1.696950158925114665e+06 1.893912694604509452e+05 6.641072188587385463e+05 4.155765500177694485e+05 -5.697137194606762205e+04 -3.273903631738467448e+04 5.152405057556558313e+04 -1.293397453039414977e+05
8.726986659089119639e+05 6.407054777012453414e+05 1.172150882720107445e+06 2.414126184691079892e+06 3.671710558484491194e+05 -2.734026926022137632e+05 -7.101042432129767258e+04 -5.566551433003866987e+04 -1.196338649356459200e+03 -5.506171344576387666e+06 1.008336119061319972e+06 -3.020226416826495552e+05 2.319425464878874831e+06 7.120214740496563027e+05 -5.385201753818471916e+05 -1.013101005380140152e+06 1.162134916517105557e+04 6.973249310953998065e+04
5.624530378339212621e+05 7.120164956253966084e+05 5.091345818792285281e+05 3.671710558484491194e+05 8.664883481671301415e+05 1.929961382473098929e+05 8.633090497545959079e+04 1.098509310389656894e+05 2.560235984560297220e+04 3.478874590789405629e+05 -2.494377078317236621e+06 -8.328585002314840676e+05 1.198081196965439711e+06 6.547657149483095855e+05 1.965686779330358549e+05 -1.696232209031994571e+05 -6.194263078763789963e+04 3.390153492939339776e+04
8.159496367174268235e+05 4.957264512042247225e+05 -3.806199282120463322e+05 -2.734026926022137632e+05 1.929961382473098929e+05 6.921478011542686727e+05 3.107588933282566722e+05 5.532695326760099124e+04 -4.892642307823508600e+04 -1.440831683267431508e+05 -6.570168431813303614e+05 -1.427239446263878199e+05 6.029490702030529501e+05 -1.758677115166703588e+05 6.185867924411875429e+05 4.791122587929604924e+05 1.254205353430138930e+05 -4.570686733179518342e+04
5.668092286889824754e+04 7.597235603483802406e+05 2.947334562126404126e+04 -7.101042432129767258e+04 8.633090497545959079e+04 3.107588933282566722e+05 3.909083812277623219e+05 1.486686690963207002e+04 4.115613558824332722e+04 5.037675087858028128e+05 2.084828703709692927e+05 -2.791897149667242193e+05 2.480205364994632837e+05 -6.552739908634071617e+04 1.643542228587771824e+05 1.994124322311163996e+05 1.138984339334456745e+05 7.261569426805032708e+04
-5.732864547290733026e+04 -1.660185790533290128e+04 1.434527896928922564e+05 -5.566551433003866987e+04 1.098509310389656894e+05 5.532695326760099124e+04 1.486686690963207002e+04 1.461954790989056928e+05 -4.386638215739688349e+03 1.215238694165765541e+06 -4.474520497098228661e+05 2.298023301859087078e+05 -7.536642486432174337e+04 9.224043612578154716e+04 1.115574072788114572e+05 1.483856304577874253e+05 1.461175121909131412e+05 -8.983759877952253737e+04
5.343769954374458175e+05 3.555001927043531905e+05 1.240028026890194888e+05 -1.196338649356459200e+03 2.560235984560297220e+04 -4.892642307823508600e+04 4.115613558824332722e+04 -4.386638215739688349e+03 1.134672745704874251e+05 8.072545584618499270e+05 2.415256637185198197e+05 -1.565589108397306991e+05 -1.173434237926293281e+05 4.655281721346588165e+04 -5.508829177017557231e+04 -2.652594783103409281e+04 3.425044806916453672e+04 5.846509272845699888e+04
-4.700430655523801222e+06 7.519071948981381720e+05 -2.263165855237353127e+06 -5.506171344576387666e+06 3.478874590789405629e+05 -1.440831683267431508e+05 5.037675087858028128e+05 1.215238694165765541e+06 8.072545584618499270e+05 1.643049687339827418e+08 1.915293216645466164e+07 1.275467904841404641e+06 -1.239896245011227950e+07 1.165550157181562390e+06 6.165474270832276903e+06 4.628724440563855023e+04 1.681320384624743368e+06 1.458526849152407376e+06
6.271675886440404691e+06 8.470398898228202015e+06 1.696950158925114665e+06 1.008336119061319972e+06 -2.494377078317236621e+06 -6.570168431813303614e+05 2.084828703709692927e+05 -4.474520497098228661e+05 2.415256637185198197e+05 1.915293216645466164e+07 6.132737448062097281e+07 1.200105391692102142e+07 2.278523053764408454e+06 -2.032336730679790257e+06 -5.397620479576584185e+05 2.252094297380995471e+06 -1.950969724616052990e+05 3.993755812537287129e+05
-1.031734378242744715e+06 5.912579184019907843e+05 1.893912694604509452e+05 -3.020226416826495552e+05 -8.328585002314840676e+05 -1.427239446263878199e+05 -2.791897149667242193e+05 2.298023301859087078e+05 -1.565589108397306991e+05 1.275467904841404641e+06 1.200105391692102142e+07 1.821077249500451609e+07 1.481460559530829312e+06 -2.424303754979461432e+06 -8.829229929323276738e+05 1.797901308582391066e+05 -3.549178309180147480e+05 4.828019630030273693e+05
1.161322872931892984e+06 2.129661305277147796e+06 6.641072188587385463e+05 2.319425464878874831e+06 1.198081196965439711e+06 6.029490702030529501e+05 2.480205364994632837e+05 -7.536642486432174337e+04 -1.173434237926293281e+05 -1.239896245011227950e+07 2.278523053764408454e+06 1.481460559530829312e+06 7.794683546118597500e+06 1.295690889957449166e+06 -1.845922792298803106e+05 -3.454118979608990485e+05 1.601339865068126528e+05 1.634171755013383809e+05
2.696148931337446440e+06 -3.108901938158634584e+05 4.155765500177694485e+05 7.120214740496563027e+05 6.547657149483095855e+05 -1.758677115166703588e+05 -6.552739908634071617e+04 9.224043612578154716e+04 4.655281721346588165e+04 1.165550157181562390e+06 -2.032336730679790257e+06 -2.424303754979461432e+06 1.295690889957449166e+06 4.239089722546551377e+06 2.147384833552672062e+05 -2.027281307513024949e+05 5.151383632279962185e+05 -5.129502376858353091e+04
4.911455038940438535e+05 1.137264679828507593e+06 -5.697137194606762205e+04 -5.385201753818471916e+05 1.965686779330358549e+05 6.185867924411875429e+05 1.643542228587771824e+05 1.115574072788114572e+05 -5.508829177017557231e+04 6.165474270832276903e+06 -5.397620479576584185e+05 -8.829229929323276738e+05 -1.845922792298803106e+05 2.147384833552672062e+05 3.060175360968598165e+06 6.920455567718544044e+05 3.023284646178684197e+05 -3.631360159112423571e+04
1.899233134733390994e+06 6.023207020425669616e+05 -3.273903631738467448e+04 -1.013101005380140152e+06 -1.696232209031994571e+05 4.791122587929604924e+05 1.994124322311163996e+05 1.483856304577874253e+05 -2.652594783103409281e+04 4.628724440563855023e+04 2.252094297380995471e+06 1.797901308582391066e+05 -3.454118979608990485e+05 -2.027281307513024949e+05 6.920455567718544044e+05 2.469464887406170368e+06 6.526822619699733332e+05 -9.912563441178084759e+03
1.608996007528075017e+06 -2.553905373777195637e+05 5.152405057556558313e+04 1.162134916517105557e+04 -6.194263078763789963e+04 1.254205353430138930e+05 1.138984339334456745e+05 1.461175121909131412e+05 3.425044806916453672e+04 1.681320384624743368e+06 -1.950969724616052990e+05 -3.549178309180147480e+05 1.601339865068126528e+05 5.151383632279962185e+05 3.023284646178684197e+05 6.526822619699733332e+05 1.055418359495440964e+06 1.386924779182050552e+05
2.088600076801741670e+05 1.040837959655601531e+06 -1.293397453039414977e+05 6.973249310953998065e+04 3.390153492939339776e+04 -4.570686733179518342e+04 7.261569426805032708e+04 -8.983759877952253737e+04 5.846509272845699888e+04 1.458526849152407376e+06 3.993755812537287129e+05 4.828019630030273693e+05 1.634171755013383809e+05 -5.129502376858353091e+04 -3.631360159112423571e+04 -9.912563441178084759e+03 1.386924779182050552e+05 6.488496103607487166e+05
