# lambda=0.1168654633743711
4.670724377971688658e+07 1.183198273898054380e+06 -3.140543572960581165e+06 1.855971252708312357e+06 1.392432264962373592e+05 4.689792145650720922e+05 1.965154715457087383e+06 4.435174881167102139e+05 2.193129065074101964e+05 1.945072581236207858e+07 -2.357700291444118135e+06 -4.063530258359049447e+06 -3.927424079869216308e+06 -2.507444249291036278e+06 3.594236644863283262e+06 1.007370492904983461e+06 2.858176196007061750e+06 1.033841241555714747e+06
1.183198273898054380e+06 1.652073682604387216e+07 5.439649409811005462e+05 -1.556909455269892715e+04 7.668845629637336824e+05 1.127861826242231298e+06 5.909731470846316079e+05 4.385743144554015598e+05 8.223236107578607334e+04 9.105772489124497399e+06 2.713375093996888958e+06 -3.662416941163355485e+06 -1.754850539769440365e+05 2.707389394371031318e+06 2.960786292331748991e+05 -2.071417993626972311e+05 -6.774319562944831559e+05 -5.761602103717619320e+05
-3.140543572960581165e+06 5.439649409811005462e+05 5.944680261125376448e+06 6.258786266637806548e+05 7.380330633300934278e+04 1.147512114145235682e+05 -1.216945005149772915e+05 1.325673549067817512e+05 3.042569991353090154e+05 -4.401004049235959537e+06 1.249399033991596429e+06 5.541439212834685110e+06 6.683828661672242451e+05 5.086761537322186050e+05 1.021606222168556269e+05 2.487600071545218816e+05 -5.638532387568139238e+05 -7.114887333486006828e+05
1.855971252708312357e+06 -1.556909455269892715e+04 6.258786266637806548e+05 1.173000864584188908e+06 3.395238922688784078e+04 6.695299006994019146e+04 1.969185392987434752e+05 3.554643030654916220e+04 -1.339305499718509782e+04 4.141983574166255421e+05 -5.990563877567558084e+05 1.071117782471244573e+05 4.039023264322032919e+05 2.737507663522027997e+03 -2.349303187882929633e+05 3.292182623525556410e+05 9.730434999077886459e+04 -1.216741744668949686e+05
1.392432264962373592e+05 7.668845629637336824e+05 7.380330633300934278e+04 3.395238922688784078e+04 1.196551893027866026e+06 1.374122191657196672e+05 -4.327543527357943094e+04 4.945777538234753592e+04 4.426627282261374785e+04 1.071883533792543691e+06 -4.231553324776711524e+05 1.678785303938287834e+05 -3.398486916108289151e+05 9.527370037903022021e+05 -6.200486200315713177e+03 1.347126119451057457e+04 6.865344253314092930e+04 1.158088427187028428e+05
4.689792145650720922e+05 1.127861826242231298e+06 1.147512114145235682e+05 6.695299006994019146e+04 1.374122191657196672e+05 5.024191241892687394e+05 7.721702088878795621e+04 7.995529855093520018e+04 9.139156774139228219e+04 5.784747638986796665e+04 -3.147943024614347960e+05 -3.867896538474551053e+05 -2.293640937874799420e+05 3.158275249412687263e+05 3.569481499023060314e+05 7.598788206921213714e+04 1.020014404118771781e+05 3.560394739633194695e+04
1.965154715457087383e+06 5.909731470846316079e+05 -1.216945005149772915e+05 1.969185392987434752e+05 -4.327543527357943094e+04 7.721702088878795621e+04 2.606840677065440104e+05 6.707628464595481637e+04 1.164137574373400412e+03 4.796216919151541078e+05 -1.313006305569089891e+05 -2.464159145283301477e+05 -4.513387355430441094e+05 -8.097024477515429317e+04 6.135290394485308934e+04 2.507195278708618716e+05 7.230847586802086153e+04 -1.180687497933124359e+04
4.435174881167102139e+05 4.385743144554015598e+05 1.325673549067817512e+05 3.554643030654916220e+04 4.945777538234753592e+04 7.995529855093520018e+04 6.707628464595481637e+04 2.088540564026460634e+05 7.837712048579314433e+04 -4.837712094620606513e+05 -4.501986710627646535e+05 2.257011618662254768e+05 2.004390167024218536e+05 2.551755743012159655e+05 3.007765194478338817e+05 3.014509411374937044e+05 1.557399469428998709e+05 -1.841380190789559128e+04
2.193129065074101964e+05 8.223236107578607334e+04 3.042569991353090154e+05 -1.339305499718509782e+04 4.426627282261374785e+04 9.139156774139228219e+04 1.164137574373400412e+03 7.837712048579314433e+04 1.143275395736145292e+05 -5.781962717825265136e+05 -1.335104101079894463e+05 1.035576113587497093e+05 4.404158165812743246e+05 1.189449540289094439e+05 2.440960925041082664e+05 4.949030336257182353e+04 1.444409821776702011e+05 1.677182608713768786e+04
1.945072581236207858e+07 9.105772489124497399e+06 -4.401004049235959537e+06 4.141983574166255421e+05 1.071883533792543691e+06 5.784747638986796665e+04 4.796216919151541078e+05 -4.837712094620606513e+05 -5.781962717825265136e+05 2.004480133474386930e+08 4.385177091579210013e+07 -1.448546048756359331e+07 -4.984493301516110078e+06 -6.712265545696601272e+06 -4.031562938419225626e+06 -4.444501144415192306e+06 8.511852936896476895e+05 3.338712317375431303e+05
-2.357700291444118135e+06 2.713375093996888958e+06 1.249399033991596429e+06 -5.990563877567558084e+05 -4.231553324776711524e+05 -3.147943024614347960e+05 -1.313006305569089891e+05 -4.501986710627646535e+05 -1.335104101079894463e+05 4.385177091579210013e+07 6.230499006196513772e+07 4.906358038274511695e+06 -1.213010928488059435e+06 -3.442371071795494296e+06 -3.479092726819185540e+06 -4.637131918375764973e+06 -3.221002760149449110e+06 4.040517139329446363e+05
-4.063530258359049447e+06 -3.662416941163355485e+06 5.541439212834685110e+06 1.071117782471244573e+05 1.678785303938287834e+05 -3.867896538474551053e+05 -2.464159145283301477e+05 2.257011618662254768e+05 1.035576113587497093e+05 -1.448546048756359331e+07 4.906358038274511695e+06 3.452454741239021719e+07 5.980664971142464317e+06 -1.255631062743517803e+06 -1.050285345593199367e+06 2.098373542457344476e+06 -5.630484794195677387e+05 5.866388589978700038e+05
-3.927424079869216308e+06 -1.754850539769440365e+05 6.683828661672242451e+05 4.039023264322032919e+05 -3.398486916108289151e+05 -2.293640937874799420e+05 -4.513387355430441094e+05 2.004390167024218536e+05 4.404158165812743246e+05 -4.984493301516110078e+06 -1.213010928488059435e+06 5.980664971142464317e+06 1.450309827329218015e+07 -2.752181525022750138e+05 1.792593139004739351e+04 3.029868445843286463e+05 1.009882234286557417e+06 2.182321430015043588e+05
-2.507444249291036278e+06 2.707389394371031318e+06 5.086761537322186050e+05 2.737507663522027997e+03 9.527370037903022021e+05 3.158275249412687263e+05 -8.097024477515429317e+04 2.551755743012159655e+05 1.189449540289094439e+05 -6.712265545696601272e+06 -3.442371071795494296e+06 -1.255631062743517803e+06 -2.752181525022750138e+05 3.826295479364345316e+06 8.314176323259021156e+05 5.860820268452431774e+05 -5.153939630801889143e+04 -2.317669133915257116e+05
3.594236644863283262e+06 2.960786292331748991e+05 1.021606222168556269e+05 -2.349303187882929633e+05 -6.200486200315713177e+03 3.569481499023060314e+05 6.135290394485308934e+04 3.007765194478338817e+05 2.440960925041082664e+05 -4.031562938419225626e+06 -3.479092726819185540e+06 -1.050285345593199367e+06 1.792593139004739351e+04 8.314176323259021156e+05 2.741972730328804348e+06 2.395417782714410278e+05 5.172779519156286842e+05 3.286123465677031345e+04
1.007370492904983461e+06 -2.071417993626972311e+05 2.487600071545218816e+05 3.292182623525556410e+05 1.347126119451057457e+04 7.598788206921213714e+04 2.507195278708618716e+05 3.014509411374937044e+05 4.949030336257182353e+04 -4.444501144415192306e+06 -4.637131918375764973e+06 2.098373542457344476e+06 3.029868445843286463e+05 5.860820268452431774e+05 2.395417782714410278e+05 1.598887465116193984e+06 3.756828120450222050e+05 -3.307610513641802390e+04
2.858176196007061750e+06 -6.774319562944831559e+05 -5.638532387568139238e+05 9.730434999077886459e+04 6.865344253314092930e+04 1.020014404118771781e+05 7.230847586802086153e+04 1.557399469428998709e+05 1.444409821776702011e+05 8.511852936896476895e+05 -3.221002760149449110e+06 -5.630484794195677387e+05 1.009882234286557417e+06 -5.153939630801889143e+04 5.172779519156286842e+05 3.756828120450222050e+05 1.159675969623217126e+06 1.492236845991234004e+05
1.033841241555714747e+06 -5.761602103717619320e+05 -7.114887333486006828e+05 -1.216741744668949686e+05 1.158088427187028428e+05 3.560394739633194695e+04 -1.180687497933124359e+04 -1.841380190789559128e+04 1.677182608713768786e+04 3.338712317375431303e+05 4.040517139329446363e+05 5.866388589978700038e+05 2.182321430015043588e+05 -2.317669133915257116e+05 3.286123465677031345e+04 -3.307610513641802390e+04 1.492236845991234004e+05 4.853997711690788274e+05
