# lambda=0.10864116818033859
4.421084483036650717e+07 1.029878118797707744e+07 -2.201610121129043400e+06 -4.767440107819990953e+05 7.033876167237369809e+05 -1.063647552549504442e+06 1.160999940621150192e+06 3.416564498544107191e+05 2.408767895334693312e+05 6.125833508971237391e+07 6.596810035424634814e+06 -6.497122270956961438e+06 6.597132071662541479e+06 1.783409316154658736e+05 -3.203037266773188487e+06 -2.502809381707713008e+06 8.259679997029819060e+05 1.566087655472555896e+06
1.029878118797707744e+07 2.313422698680715263e+07 3.462045843153470661e+06 -1.205091547647166408e+04 -5.507487699001014698e+05 -6.773055197864391375e+05 8.214182937259613536e+05 3.073844284750364604e+05 1.171845606944384053e+05 9.688944965913135558e+06 1.438906703869340010e+07 -1.636902477243852336e+06 -1.450420357661204180e+06 -4.456011597882799804e+06 -2.180546106952750590e+06 -1.197185497525427723e+06 -6.200208817557164002e+05 9.054729184202048054e+04
-2.201610121129043400e+06 3.462045843153470661e+06 5.095740060410778970e+06 9.196706084607873345e+05 3.853757718159382348e+05 3.165611195834268437e+04 6.061362693355406373e+04 -2.831964416639599949e+04 2.990383953990672599e+05 -6.390319971469861455e+06 -4.801531462761752482e+04 -8.701502227807918098e+05 3.406680566330464208e+05 -5.952873198612198466e+05 -2.713318639203571729e+04 -9.296990665152518777e+05 1.559615775833833322e+05 -8.081369625426070706e+04
-4.767440107819990953e+05 -1.205091547647166408e+04 9.196706084607873345e+05 1.655308503456145991e+06 1.125245395997858432e+05 -1.525798036214318709e+05 -3.918873830965489469e+04 7.819840121595929668e+04 1.679477496748159465e+05 -2.795860350196065381e+06 3.150701320723341778e+06 7.728825569842350669e+05 -2.718328817252390436e+05 -2.440546256513483531e+05 2.172453341773665743e+05 -1.464502369473497965e+05 6.768843041742207424e+04 8.444587748553423444e+04
7.033876167237369809e+05 -5.507487699001014698e+05 3.853757718159382348e+05 1.125245395997858432e+05 1.051791658085113391e+06 2.212632152241391886e+05 3.940178327758985688e+04 -1.018428551503484632e+05 8.260129487977968529e+04 3.483484714800420683e+06 1.791703165176268900e+06 -2.454690513839141000e+06 8.660461635623686016e+05 2.986003059406026732e+05 3.537792614901771885e+05 -1.331911446503018669e+05 2.704302433309859480e+05 2.743795918388000573e+05
-1.063647552549504442e+06 -6.773055197864391375e+05 3.165611195834268437e+04 -1.525798036214318709e+05 2.212632152241391886e+05 3.509769573439811356e+05 5.182541616031469312e+04 -9.862045087343480191e+03 6.263453860681474339e+01 -1.012847131449613022e+06 -5.016688551472171675e+05 -2.330360029100861866e+05 1.348765413456158421e+05 9.093449510787037434e+04 1.090252362522179901e+05 1.545588687417489709e+05 9.757219652400648556e+03 -8.285856820624039392e+04
1.160999940621150192e+06 8.214182937259613536e+05 6.061362693355406373e+04 -3.918873830965489469e+04 3.940178327758985688e+04 5.182541616031469312e+04 2.729764014724573935e+05 3.244587782804142626e+04 -1.628890527488068801e+04 8.161340233856182313e+05 -8.545548683330059284e+05 -2.909450846797766280e+05 3.483566506491642795e+05 -2.644893752536284737e+05 -4.500172975544192013e+05 2.051364930376248958e+05 4.462120983386526495e+04 -4.733055564386757760e+04
3.416564498544107191e+05 3.073844284750364604e+05 -2.831964416639599949e+04 7.819840121595929668e+04 -1.018428551503484632e+05 -9.862045087343480191e+03 3.244587782804142626e+04 1.045892808907822910e+05 1.474625228313978732e+04 8.368585101832118817e+05 5.328557455924976384e+05 2.888756679539929028e+05 -5.465902307775870577e+04 -1.079472258839561837e+05 -3.551454779604922078e+04 -3.811924969865956518e+04 -6.901700662688106240e+04 -1.672438059320259708e+04
2.408767895334693312e+05 1.171845606944384053e+05 2.990383953990672599e+05 1.679477496748159465e+05 8.260129487977968529e+04 6.263453860681474339e+01 -1.628890527488068801e+04 1.474625228313978732e+04 1.142308300556338072e+05 -3.025251555625604306e+04 -1.495910035624916645e+03 9.247646202715311665e+04 1.311206757971299230e+05 -5.516597473375152913e+04 -1.040718591031446886e+04 -9.942582592980208574e+04 1.016491917413451447e+05 1.038539808594931237e+05
6.125833508971237391e+07 9.688944965913135558e+06 -6.390319971469861455e+06 -2.795860350196065381e+06 3.483484714800420683e+06 -1.012847131449613022e+06 8.161340233856182313e+05 8.368585101832118817e+05 -3.025251555625604306e+04 3.195485923932555318e+08 6.811181630981402099e+07 -2.600563467135945708e+07 -7.488434831255400553e+06 -5.989414742047087289e+06 -2.044349273003723938e+06 3.877348854644875391e+05 9.216462171200991143e+05 2.923957365643259138e+06
6.596810035424634814e+06 1.438906703869340010e+07 -4.801531462761752482e+04 3.150701320723341778e+06 1.791703165176268900e+06 -5.016688551472171675e+05 -8.545548683330059284e+05 5.328557455924976384e+05 -1.495910035624916645e+03 6.811181630981402099e+07 8.851146348009510338e+07 -1.230656772634239495e+07 -5.797795702572545037e+06 -3.142861479481893126e+06 1.234982353871571366e+06 -1.420423669098428218e+06 -1.697618128012010129e+06 2.317793089265777380e+05
-6.497122270956961438e+06 -1.636902477243852336e+06 -8.701502227807918098e+05 7.728825569842350669e+05 -2.454690513839141000e+06 -2.330360029100861866e+05 -2.909450846797766280e+05 2.888756679539929028e+05 9.247646202715311665e+04 -2.600563467135945708e+07 -1.230656772634239495e+07 2.237737550172987580e+07 -3.317251471131129656e+06 -4.241066123524169088e+05 5.556918617675131100e+04 1.086112308369778330e+05 -1.522198096265316010e+06 -4.521461876197437523e+05
6.597132071662541479e+06 -1.450420357661204180e+06 3.406680566330464208e+05 -2.718328817252390436e+05 8.660461635623686016e+05 1.348765413456158421e+05 3.483566506491642795e+05 -5.465902307775870577e+04 1.311206757971299230e+05 -7.488434831255400553e+06 -5.797795702572545037e+06 -3.317251471131129656e+06 1.041307764053259045e+07 3.255639955948471092e+06 -1.543373077409716090e+06 -1.229667158353541046e+06 7.215217385936678620e+05 4.855931671218922129e+05
1.783409316154658736e+05 -4.456011597882799804e+06 -5.952873198612198466e+05 -2.440546256513483531e+05 2.986003059406026732e+05 9.093449510787037434e+04 -2.644893752536284737e+05 -1.079472258839561837e+05 -5.516597473375152913e+04 -5.989414742047087289e+06 -3.142861479481893126e+06 -4.241066123524169088e+05 3.255639955948471092e+06 3.516074021719930694e+06 4.021133689432471292e+05 -7.793798689602698432e+05 -7.632250888022191066e+04 2.146691834165378532e+05
-3.203037266773188487e+06 -2.180546106952750590e+06 -2.713318639203571729e+04 2.172453341773665743e+05 3.537792614901771885e+05 1.090252362522179901e+05 -4.500172975544192013e+05 -3.551454779604922078e+04 -1.040718591031446886e+04 -2.044349273003723938e+06 1.234982353871571366e+06 5.556918617675131100e+04 -1.543373077409716090e+06 4.021133689432471292e+05 2.484206202394526917e+06 1.548881343151034089e+05 1.556338386451286497e+05 2.531360651261385647e+05
-2.502809381707713008e+06 -1.197185497525427723e+06 -9.296990665152518777e+05 -1.464502369473497965e+05 -1.331911446503018669e+05 1.545588687417489709e+05 2.051364930376248958e+05 -3.811924969865956518e+04 -9.942582592980208574e+04 3.877348854644875391e+05 -1.420423669098428218e+06 1.086112308369778330e+05 -1.229667158353541046e+06 -7.793798689602698432e+05 1.548881343151034089e+05 1.549132954262613319e+06 3.857746971473880112e+05 -9.927017175272811437e+04
8.259679997029819060e+05 -6.200208817557164002e+05 1.559615775833833322e+05 6.768843041742207424e+04 2.704302433309859480e+05 9.757219652400648556e+03 4.462120983386526495e+04 -6.901700662688106240e+04 1.016491917413451447e+05 9.216462171200991143e+05 -1.697618128012010129e+06 -1.522198096265316010e+06 7.215217385936678620e+05 -7.632250888022191066e+04 1.556338386451286497e+05 3.857746971473880112e+05 8.785860412570086773e+05 2.669591079075759044e+05
1.566087655472555896e+06 9.054729184202048054e+04 -8.081369625426070706e+04 8.444587748553423444e+04 2.743795918388000573e+05 -8.285856820624039392e+04 -4.733055564386757760e+04 -1.672438059320259708e+04 1.038539808594931237e+05 2.923957365643259138e+06 2.317793089265777380e+05 -4.521461876197437523e+05 4.855931671218922129e+05 2.146691834165378532e+05 2.531360651261385647e+05 -9.927017175272811437e+04 2.669591079075759044e+05 4.150315583149727318e+05
