# lambda=0.13262070665619635
5.794243394459198415e+07 9.861567101219942793e+06 -1.237128146598812309e+05 1.752461521891782526e+06 -1.786713483340457547e+06 -2.228408606339397957e+05 -8.865342253981305985e+05 -4.261331746463769232e+05 3.626601291606820305e+05 4.414355283984906226e+07 3.056022905716811121e+07 -3.950118278809479903e+06 -6.643965346457143314e+06 -6.431302513296547346e+06 -3.765126181868178304e+06 1.245781612201456301e+05 -5.956063651537573896e+05 2.488331231191961706e+04
9.861567101219942793e+06 9.739252743546141312e+06 2.157290546675943304e+06 1.845550283531861613e+06 -6.903220287977427943e+05 6.347882023106499109e+05 -2.493598023037704406e+05 3.180083612239558715e+05 1.887336443884022301e+05 3.723174583890235052e+06 1.490685211634781398e+07 1.609615963934705826e+06 -1.503926411248821300e+06 -1.698486356802397873e+06 -9.764518208170690341e+05 -5.330789619765870739e+05 -9.453619815339034540e+04 -6.635009081633943133e+05
-1.237128146598812309e+05 2.157290546675943304e+06 6.124101174667146988e+06 1.387713730023063021e+06 1.748486093397714430e+05 3.403878071967035066e+05 9.074473906144491048e+04 6.515134247192982730e+04 1.077598641718210274e+04 -2.281245445752047817e+05 3.161917528949159314e+05 6.618716016654052772e+06 -7.785101442899579415e+05 -1.729958676199139154e+05 8.044636740678539500e+05 -5.943298464101473801e+05 1.798030140096571122e+05 -3.037374004039373831e+05
1.752461521891782526e+06 1.845550283531861613e+06 1.387713730023063021e+06 3.240740459287642036e+06 4.752266894170478190e+04 3.516330258164570114e+04 2.081562358191174862e+05 2.235460155251372489e+05 2.173361937515196623e+05 2.009204869618227938e+06 5.268139456182344584e+05 2.281964301748012193e+06 3.079262205140199512e+04 3.442137437222230801e+04 -1.012653768224017462e+06 -5.400258044730904512e+05 3.454556244674031041e+05 -3.245515836912427330e+05
-1.786713483340457547e+06 -6.903220287977427943e+05 1.748486093397714430e+05 4.752266894170478190e+04 8.305844393730289303e+05 1.430105082844070857e+05 -5.602274776032359659e+04 6.788558150230471801e+04 2.987173232238560740e+04 8.740953477247456321e+05 -1.471247150277688925e+05 -6.148044114034725353e+05 3.892779783191322349e+05 4.653785609925386379e+05 2.035663085402626602e+05 3.988654830181782017e+05 4.478984742770922458e+04 1.066226480152445001e+05
-2.228408606339397957e+05 6.347882023106499109e+05 3.403878071967035066e+05 3.516330258164570114e+04 1.430105082844070857e+05 5.791207687319536926e+05 3.245701157640256133e+04 4.136028374205036380e+04 7.330421890757532674e+04 1.194990189565775217e+06 2.640838024721728871e+05 -1.015214606508647907e+06 -3.152977080041076406e+05 1.525355744377600786e+05 4.716207274165357230e+05 8.686583368306673947e+04 2.711014150595715619e+05 1.248723014244621736e+05
-8.865342253981305985e+05 -2.493598023037704406e+05 9.074473906144491048e+04 2.081562358191174862e+05 -5.602274776032359659e+04 3.245701157640256133e+04 3.664958472987465793e+05 6.877865644601937674e+04 4.961760200744680333e+04 4.309399695798766916e+05 -1.462069083824982401e+06 3.324425477267834358e+05 5.006477030069048051e+05 1.539175769422209996e+05 2.766326286458358481e+03 6.682138550298336486e+04 2.487011243022714334e+05 1.279562201352303236e+05
-4.261331746463769232e+05 3.180083612239558715e+05 6.515134247192982730e+04 2.235460155251372489e+05 6.788558150230471801e+04 4.136028374205036380e+04 6.877865644601937674e+04 1.460885641734730161e+05 3.955125538035131467e+04 1.203190798087812727e+05 -7.779341602533003606e+04 1.338341815344920324e+05 1.657225726617898326e+05 1.439576717346123187e+05 -6.755506725246339920e+04 -1.581673730038017966e+05 -3.157430368994734090e+04 5.667983970750939989e+03
3.626601291606820305e+05 1.887336443884022301e+05 1.077598641718210274e+04 2.173361937515196623e+05 2.987173232238560740e+04 7.330421890757532674e+04 4.961760200744680333e+04 3.955125538035131467e+04 6.107065142697298143e+04 8.976081551062788349e+05 -7.965112835144915152e+04 -1.673486729059854697e+05 1.237058613551133931e+03 4.715940707490918430e+04 -4.596978137005455937e+04 2.048255449922895423e+04 4.606047716991209745e+04 3.967325407913458912e+04
4.414355283984906226e+07 3.723174583890235052e+06 -2.281245445752047817e+05 2.009204869618227938e+06 8.740953477247456321e+05 1.194990189565775217e+06 4.309399695798766916e+05 1.203190798087812727e+05 8.976081551062788349e+05 1.594553726970473826e+08 3.345918562787520885e+07 -3.434134040260638576e+06 7.708324442716664635e+05 -2.533327758707578760e+06 -3.671545850903476123e+06 -3.612554484543728177e+05 1.134012638253164943e+06 1.590628105529829394e+06
3.056022905716811121e+07 1.490685211634781398e+07 3.161917528949159314e+05 5.268139456182344584e+05 -1.471247150277688925e+05 2.640838024721728871e+05 -1.462069083824982401e+06 -7.779341602533003606e+04 -7.965112835144915152e+04 3.345918562787520885e+07 1.096052099636871070e+08 -8.122443503113724291e+05 -5.367863508862809977e+05 -5.156703563826880418e+06 -6.674333548403184861e+06 1.768659608648695285e+06 -3.191647031032454222e+06 -6.803805738280739170e+05
-3.950118278809479903e+06 1.609615963934705826e+06 6.618716016654052772e+06 2.281964301748012193e+06 -6.148044114034725353e+05 -1.015214606508647907e+06 3.324425477267834358e+05 1.338341815344920324e+05 -1.673486729059854697e+05 -3.434134040260638576e+06 -8.122443503113724291e+05 3.893482029826100171e+07 1.304984717494718265e+06 -4.621918078900261782e+06 -8.326333947337100981e+05 -5.185886086393488949e+04 7.808059101087041199e+05 -5.390688668487461982e+05
-6.643965346457143314e+06 -1.503926411248821300e+06 -7.785101442899579415e+05 3.079262205140199512e+04 3.892779783191322349e+05 -3.152977080041076406e+05 5.006477030069048051e+05 1.657225726617898326e+05 1.237058613551133931e+03 7.708324442716664635e+05 -5.367863508862809977e+05 1.304984717494718265e+06 5.991302991288920864e+06 1.960068383778924821e+06 -8.139613610885739326e+05 4.532829053210794809e+05 -3.679001122487674584e+05 1.176532918926968414e+05
-6.431302513296547346e+06 -1.698486356802397873e+06 -1.729958676199139154e+05 3.442137437222230801e+04 4.653785609925386379e+05 1.525355744377600786e+05 1.539175769422209996e+05 1.439576717346123187e+05 4.715940707490918430e+04 -2.533327758707578760e+06 -5.156703563826880418e+06 -4.621918078900261782e+06 1.960068383778924821e+06 3.728518180234511849e+06 8.411485088772193994e+05 2.509026246364433900e+05 -1.733848092547096603e+05 1.279524631716734584e+05
-3.765126181868178304e+06 -9.764518208170690341e+05 8.044636740678539500e+05 -1.012653768224017462e+06 2.035663085402626602e+05 4.716207274165357230e+05 2.766326286458358481e+03 -6.755506725246339920e+04 -4.596978137005455937e+04 -3.671545850903476123e+06 -6.674333548403184861e+06 -8.326333947337100981e+05 -8.139613610885739326e+05 8.411485088772193994e+05 2.644171171842166688e+06 2.689406007686397643e+05 3.661881105331956060e+05 1.170841072823544382e+05
1.245781612201456301e+05 -5.330789619765870739e+05 -5.943298464101473801e+05 -5.400258044730904512e+05 3.988654830181782017e+05 8.686583368306673947e+04 6.682138550298336486e+04 -1.581673730038017966e+05 2.048255449922895423e+04 -3.612554484543728177e+05 1.768659608648695285e+06 -5.185886086393488949e+04 4.532829053210794809e+05 2.509026246364433900e+05 2.689406007686397643e+05 1.647964405625837389e+06 4.134091119399478775e+05 2.072626345858054992e+05
-5.956063651537573896e+05 -9.453619815339034540e+04 1.798030140096571122e+05 3.454556244674031041e+05 4.478984742770922458e+04 2.711014150595715619e+05 2.487011243022714334e+05 -3.157430368994734090e+04 4.606047716991209745e+04 1.134012638253164943e+06 -3.191647031032454222e+06 7.808059101087041199e+05 -3.679001122487674584e+05 -1.733848092547096603e+05 3.661881105331956060e+05 4.134091119399478775e+05 9.634334513197509805e+05 2.536008221806363435e+05
2.488331231191961706e+04 -6.635009081633943133e+05 -3.037374004039373831e+05 -3.245515836912427330e+05 1.066226480152445001e+05 1.248723014244621736e+05 1.279562201352303236e+05 5.667983970750939989e+03 3.967325407913458912e+04 1.590628105529829394e+06 -6.803805738280739170e+05 -5.390688668487461982e+05 1.176532918926968414e+05 1.279524631716734584e+05 1.170841072823544382e+05 2.072626345858054992e+05 2.536008221806363435e+05 4.557205126185603440e+05
