# lambda=0.12219787014002643
5.709752135584470630e+07 1.911539903389847837e+06 -1.479276237617928768e+06 -9.647117611479654443e+05 -8.971040175979478518e+05 1.041738868073069490e+06 2.033046318780143338e+05 -2.814073932173646608e+04 -3.945748189482287853e+04 1.782790063305291906e+07 6.761461086370325647e+06 5.304158764759339392e+06 3.424872150984204374e+06 4.548665433488960261e+05 -2.028371306921093492e+06 -2.332409663008345291e+06 1.598612284382341313e+05 4.781677844084900571e+05
1.911539903389847837e+06 2.075301351755401120e+07 1.942867530724984361e+06 -2.829597586297268863e+05 2.813121366231041611e+05 -1.371818677145765396e+05 -3.404294726017373032e+05 -2.221766688446476765e+05 -8.612009325132920640e+04 8.141514706812042743e+06 1.547901588054253347e+07 3.833075874631141312e+06 -9.001340366716256831e+05 4.292307043444893206e+05 1.759579837619371945e+06 8.812480775747902226e+04 5.324737028408554615e+05 -5.818527819776241668e+05
-1.479276237617928768e+06 1.942867530724984361e+06 5.050578989263297990e+06 7.888189188320944086e+05 3.993010198684565839e+05 -3.528994223192168283e+04 5.876840061289972073e+04 2.528384437620032622e+04 7.571646637941691733e+04 -8.485776444702511653e+06 -2.696204261617528740e+06 5.067992830501189455e+06 -1.029252515904737404e+06 7.121324239176073752e+04 -1.134491081873364310e+05 -4.221327563067183946e+05 -8.303273785392618738e+05 -6.847415975835503195e+04
-9.647117611479654443e+05 -2.829597586297268863e+05 7.888189188320944086e+05 1.823099952013133792e+06 4.233574851264746394e+05 -3.847815812444638141e+04 -1.321146649335324219e+04 1.007452050485775835e+05 -1.465635036640255385e+04 -9.621694070353341522e+05 -9.045711561495416099e+05 -6.596019409766780445e+05 4.476919931681476883e+05 -2.171922757947522332e+05 -1.699979727803152637e+05 -4.462739117294811876e+04 -1.066906099758841628e+04 -1.152142233138342854e+05
-8.971040175979478518e+05 2.813121366231041611e+05 3.993010198684565839e+05 4.233574851264746394e+05 4.984290049277970102e+05 4.879762285963673639e+04 2.498910472654823025e+04 4.651193944668261247e+04 -2.177670297982401280e+03 -1.555697305249046534e+06 1.916889125054753851e+06 1.027356928061808343e+06 7.509880753874049988e+05 4.075495368646185962e+05 2.293611832184566592e+05 -5.654196648337797524e+04 1.593047267413458030e+05 -2.424568512591584658e+04
1.041738868073069490e+06 -1.371818677145765396e+05 -3.528994223192168283e+04 -3.847815812444638141e+04 4.879762285963673639e+04 4.515092104334614123e+05 5.856900207951119955e+04 6.586409010910101642e+04 1.391829323114566023e+03 2.088763463037200505e+06 7.481977555884126341e+05 4.365052010868342040e+04 1.493821880776218604e+05 4.669901381943679298e+05 5.732346738745247712e+05 1.128938968797419075e+05 -4.368050592331117514e+04 5.070097667143216677e+04
2.033046318780143338e+05 -3.404294726017373032e+05 5.876840061289972073e+04 -1.321146649335324219e+04 2.498910472654823025e+04 5.856900207951119955e+04 1.776025120506284293e+05 9.251348631621140157e+03 1.153830536748471968e+04 -8.383440478573932778e+05 1.397371063320435816e+06 -3.147062792212764616e+05 -3.162805617150790058e+05 1.657432374080578156e+05 3.512166311001530266e+05 -1.785031760226710321e+04 -1.622457783134007768e+05 6.924794448529500187e+03
-2.814073932173646608e+04 -2.221766688446476765e+05 2.528384437620032622e+04 1.007452050485775835e+05 4.651193944668261247e+04 6.586409010910101642e+04 9.251348631621140157e+03 1.641889583342957485e+05 2.234280928986284198e+04 -3.005916723597985110e+05 6.300228599865778815e+05 2.847066564861580264e+04 -1.499518884785768169e+05 1.893734944768524438e+05 7.139979389580195129e+04 1.218929006499032839e+05 6.654127158085940755e+04 -2.818195513675347684e+04
-3.945748189482287853e+04 -8.612009325132920640e+04 7.571646637941691733e+04 -1.465635036640255385e+04 -2.177670297982401280e+03 1.391829323114566023e+03 1.153830536748471968e+04 2.234280928986284198e+04 1.073326934152100584e+05 -1.692529509416303597e+06 2.272680889868278464e+05 2.849918372791841393e+05 -7.592924797286177636e+04 -6.239051210431080835e+04 -1.435580084271774103e+05 -8.405695227652617905e+04 -1.678757755803455802e+04 2.470322280979988500e+04
1.782790063305291906e+07 8.141514706812042743e+06 -8.485776444702511653e+06 -9.621694070353341522e+05 -1.555697305249046534e+06 2.088763463037200505e+06 -8.383440478573932778e+05 -3.005916723597985110e+05 -1.692529509416303597e+06 2.118299621860934198e+08 3.199131219327848777e+07 -1.374236792635702342e+07 6.807760661263170652e+06 -4.418892268631721847e+06 3.389455613740884233e+06 -1.129775787507047644e+06 1.015611472821779171e+05 -3.173309786940395832e+06
6.761461086370325647e+06 1.547901588054253347e+07 -2.696204261617528740e+06 -9.045711561495416099e+05 1.916889125054753851e+06 7.481977555884126341e+05 1.397371063320435816e+06 6.300228599865778815e+05 2.272680889868278464e+05 3.199131219327848777e+07 1.131290880739980191e+08 -6.053949876653633080e+06 -5.873362369288986549e+06 1.413206396960298764e+06 4.892608457706710324e+06 9.408896275727588218e+05 -1.347549345207547012e+05 7.549093305682762293e+05
5.304158764759339392e+06 3.833075874631141312e+06 5.067992830501189455e+06 -6.596019409766780445e+05 1.027356928061808343e+06 4.365052010868342040e+04 -3.147062792212764616e+05 2.847066564861580264e+04 2.849918372791841393e+05 -1.374236792635702342e+07 -6.053949876653633080e+06 3.178208411009615660e+07 4.239597273321576416e+06 3.126858802902331110e+06 -3.117025587257352308e+05 -3.288388217656079796e+05 2.419641869529033429e+05 -9.149615628232031595e+05
3.424872150984204374e+06 -9.001340366716256831e+05 -1.029252515904737404e+06 4.476919931681476883e+05 7.509880753874049988e+05 1.493821880776218604e+05 -3.162805617150790058e+05 -1.499518884785768169e+05 -7.592924797286177636e+04 6.807760661263170652e+06 -5.873362369288986549e+06 4.239597273321576416e+06 1.205030491113921814e+07 1.412483777076520491e+05 -1.100662360090503935e+06 -6.081530527347357711e+05 2.229788546449924179e+05 1.970114435647338541e+04
4.548665433488960261e+05 4.292307043444893206e+05 7.121324239176073752e+04 -2.171922757947522332e+05 4.075495368646185962e+05 4.669901381943679298e+05 1.657432374080578156e+05 1.893734944768524438e+05 -6.239051210431080835e+04 -4.418892268631721847e+06 1.413206396960298764e+06 3.126858802902331110e+06 1.412483777076520491e+05 5.215414435567901470e+06 1.629079386713013286e+06 3.862789978612482664e+05 7.445444314239962259e+05 5.475388715190121438e+05
-2.028371306921093492e+06 1.759579837619371945e+06 -1.134491081873364310e+05 -1.699979727803152637e+05 2.293611832184566592e+05 5.732346738745247712e+05 3.512166311001530266e+05 7.139979389580195129e+04 -1.435580084271774103e+05 3.389455613740884233e+06 4.892608457706710324e+06 -3.117025587257352308e+05 -1.100662360090503935e+06 1.629079386713013286e+06 3.237047972122254781e+06 6.623835971909801010e+05 3.382670158231812820e+04 -5.770304217766191141e+04
-2.332409663008345291e+06 8.812480775747902226e+04 -4.221327563067183946e+05 -4.462739117294811876e+04 -5.654196648337797524e+04 1.128938968797419075e+05 -1.785031760226710321e+04 1.218929006499032839e+05 -8.405695227652617905e+04 -1.129775787507047644e+06 9.408896275727588218e+05 -3.288388217656079796e+05 -6.081530527347357711e+05 3.862789978612482664e+05 6.623835971909801010e+05 1.890351519549029414e+06 3.276558293567596702e+05 -4.640492737785865756e+04
1.598612284382341313e+05 5.324737028408554615e+05 -8.303273785392618738e+05 -1.066906099758841628e+04 1.593047267413458030e+05 -4.368050592331117514e+04 -1.622457783134007768e+05 6.654127158085940755e+04 -1.678757755803455802e+04 1.015611472821779171e+05 -1.347549345207547012e+05 2.419641869529033429e+05 2.229788546449924179e+05 7.445444314239962259e+05 3.382670158231812820e+04 3.276558293567596702e+05 8.615117486682706513e+05 9.346632305902875669e+04
4.781677844084900571e+05 -5.818527819776241668e+05 -6.847415975835503195e+04 -1.152142233138342854e+05 -2.424568512591584658e+04 5.070097667143216677e+04 6.924794448529500187e+03 -2.818195513675347684e+04 2.470322280979988500e+04 -3.173309786940395832e+06 7.549093305682762293e+05 -9.149615628232031595e+05 1.970114435647338541e+04 5.475388715190121438e+05 -5.770304217766191141e+04 -4.640492737785865756e+04 9.346632305902875669e+04 5.238905912226047367e+05
