# lambda=0.1421788609595743
6.612693890266630054e+07 9.971080144132873043e+06 3.583063416234102566e+06 3.452876795469365083e+06 -8.455803359682866139e+05 -1.219622712880207459e+06 8.273148582815090194e+05 7.492720064759874949e+05 -5.694063691458903486e+04 4.138078556286745518e+07 5.405507370063894428e+06 -1.162654627019468136e+07 7.291638695392261259e+06 1.013699706272284384e+06 -4.281747623457735754e+05 7.885416656785113737e+05 -1.088919398942568339e+06 -8.323519922379669733e+05
9.971080144132873043e+06 1.170477607296060398e+07 1.924228692692430690e+06 8.487806885303849122e+05 -1.012029692179567792e+05 5.299310585145869991e+05 8.675848921323748073e+05 4.539958342901639990e+05 -1.264907403003587096e+05 1.475213384841571003e+07 1.098150101978300139e+07 -6.397250300235606730e+06 3.898440688182993326e+06 2.082662360202556942e+06 2.938301982008841354e+06 9.781583939642681507e+05 1.106142021230153507e+06 6.105961902458998375e+05
3.583063416234102566e+06 1.924228692692430690e+06 5.269553853404356167e+06 1.353724659194439882e+06 -2.022728420662559074e+04 6.776129931213217787e+04 1.422391642287413997e+05 1.274982724768546468e+05 1.252864175752234296e+05 5.244500463597549126e+06 2.807386634961319622e+06 -7.678256695211237820e+04 1.412054990673177876e+06 -2.994127155473308521e+05 -9.069147340256165480e+05 5.151570077043249039e+05 -1.036582943247161311e+05 -1.612111318560446089e+05
3.452876795469365083e+06 8.487806885303849122e+05 1.353724659194439882e+06 2.097783218618637417e+06 2.771055606044252636e+05 2.751008309522968921e+04 4.859783873211637547e+04 1.416985855474363052e+04 4.619303662460065971e+04 4.977547533305365592e+06 1.743469194097644882e+06 -1.457166365187491465e+05 1.873798078617309453e+06 1.041717440514195769e+05 1.937862117457253335e+05 1.777272067267638340e+05 -3.045360618770459550e+05 3.321908773542412382e+04
-8.455803359682866139e+05 -1.012029692179567792e+05 -2.022728420662559074e+04 2.771055606044252636e+05 7.795012151399424765e+05 1.444519705271515995e+05 3.361580815251324384e+04 3.917142457263752294e+04 9.930934730238337943e+04 1.317157121285029221e+06 1.059479833423849195e+06 -5.471034667246327735e+05 2.495098503851879796e+05 8.726275840943099465e+05 8.184617647947787773e+05 5.232858993238926632e+05 4.212541013029943570e+05 1.338933389682241250e+05
-1.219622712880207459e+06 5.299310585145869991e+05 6.776129931213217787e+04 2.751008309522968921e+04 1.444519705271515995e+05 3.322681422731954372e+05 1.169469127077935409e+05 5.837205598373955581e+04 2.198017714559978413e+04 -2.221372946540445089e+06 -4.937288743042424903e+05 -1.625292990382899006e+05 -1.373866606802609340e+03 5.462142724842041498e+05 4.002892038740974385e+05 -3.965957232392092556e+04 1.297848186188022810e+05 -7.424613808109807906e+03
8.273148582815090194e+05 8.675848921323748073e+05 1.422391642287413997e+05 4.859783873211637547e+04 3.361580815251324384e+04 1.169469127077935409e+05 2.707275909289125702e+05 1.356341795086081838e+05 1.520578454558840531e+04 1.154066479539593915e+06 5.562243846382389311e+05 2.305002620923380018e+05 6.033111022392919986e+05 3.200882489354627323e+05 3.001199705155374832e+05 2.949404291456552455e+05 3.365852273143080529e+05 7.217982366914581507e+04
7.492720064759874949e+05 4.539958342901639990e+05 1.274982724768546468e+05 1.416985855474363052e+04 3.917142457263752294e+04 5.837205598373955581e+04 1.356341795086081838e+05 2.069652149592508504e+05 6.098972021570299694e+04 5.892924676608131267e+05 -9.040831473697773181e+05 3.162854181292901048e+05 5.179066132716867724e+05 2.926841089944816777e+05 1.431006848699057300e+05 1.559854972531178501e+05 2.377591363992650586e+05 8.509592167259898270e+04
-5.694063691458903486e+04 -1.264907403003587096e+05 1.252864175752234296e+05 4.619303662460065971e+04 9.930934730238337943e+04 2.198017714559978413e+04 1.520578454558840531e+04 6.098972021570299694e+04 8.791779255190542608e+04 7.548146011902551400e+05 -5.248439580096168211e+05 -2.539797854907760848e+04 1.524258163341979671e+05 1.716728229996260779e+05 1.245102611326690385e+04 -7.870661242981636860e+03 9.770230847889628785e+04 9.503525029574711516e+04
4.138078556286745518e+07 1.475213384841571003e+07 5.244500463597549126e+06 4.977547533305365592e+06 1.317157121285029221e+06 -2.221372946540445089e+06 1.154066479539593915e+06 5.892924676608131267e+05 7.548146011902551400e+05 2.101121866359098256e+08 2.416393620112719387e+07 -2.936220878765800223e+07 5.613943647885381244e+06 2.690811053720114287e+06 2.999696908935220446e+06 5.760535823040067218e+06 6.185083868424260989e+06 4.760246774344085716e+06
5.405507370063894428e+06 1.098150101978300139e+07 2.807386634961319622e+06 1.743469194097644882e+06 1.059479833423849195e+06 -4.937288743042424903e+05 5.562243846382389311e+05 -9.040831473697773181e+05 -5.248439580096168211e+05 2.416393620112719387e+07 8.221337221396180987e+07 1.288438356902697822e+06 3.195706261556105688e+06 3.152165499494926073e+06 3.606725162428401411e+06 3.834506731596485246e+06 7.575674494963391917e+05 1.599065701606045943e+06
-1.162654627019468136e+07 -6.397250300235606730e+06 -7.678256695211237820e+04 -1.457166365187491465e+05 -5.471034667246327735e+05 -1.625292990382899006e+05 2.305002620923380018e+05 3.162854181292901048e+05 -2.539797854907760848e+04 -2.936220878765800223e+07 1.288438356902697822e+06 3.327386616386467218e+07 7.369183382610196248e+06 -1.671444745533308946e+06 -3.717357710945618805e+06 -3.860705969243251020e+05 -1.681681850744947733e+05 7.851454517481913790e+05
7.291638695392261259e+06 3.898440688182993326e+06 1.412054990673177876e+06 1.873798078617309453e+06 2.495098503851879796e+05 -1.373866606802609340e+03 6.033111022392919986e+05 5.179066132716867724e+05 1.524258163341979671e+05 5.613943647885381244e+06 3.195706261556105688e+06 7.369183382610196248e+06 9.563988306201808155e+06 9.945879377157486742e+05 8.370235754488751991e+05 3.251000966400600155e+05 4.829054108543798211e+05 1.233809332142926753e+06
1.013699706272284384e+06 2.082662360202556942e+06 -2.994127155473308521e+05 1.041717440514195769e+05 8.726275840943099465e+05 5.462142724842041498e+05 3.200882489354627323e+05 2.926841089944816777e+05 1.716728229996260779e+05 2.690811053720114287e+06 3.152165499494926073e+06 -1.671444745533308946e+06 9.945879377157486742e+05 3.319373389403321315e+06 2.081135651357866125e+06 7.569989239781446522e+05 6.257405126331406645e+05 3.126624909151590546e+05
-4.281747623457735754e+05 2.938301982008841354e+06 -9.069147340256165480e+05 1.937862117457253335e+05 8.184617647947787773e+05 4.002892038740974385e+05 3.001199705155374832e+05 1.431006848699057300e+05 1.245102611326690385e+04 2.999696908935220446e+06 3.606725162428401411e+06 -3.717357710945618805e+06 8.370235754488751991e+05 2.081135651357866125e+06 3.397359432934579439e+06 8.690868503992207116e+05 8.996663820622644853e+05 4.775847273331084289e+05
7.885416656785113737e+05 9.781583939642681507e+05 5.151570077043249039e+05 1.777272067267638340e+05 5.232858993238926632e+05 -3.965957232392092556e+04 2.949404291456552455e+05 1.559854972531178501e+05 -7.870661242981636860e+03 5.760535823040067218e+06 3.834506731596485246e+06 -3.860705969243251020e+05 3.251000966400600155e+05 7.569989239781446522e+05 8.690868503992207116e+05 1.544304954027991276e+06 9.220444551807576790e+05 2.633108915231464780e+05
-1.088919398942568339e+06 1.106142021230153507e+06 -1.036582943247161311e+05 -3.045360618770459550e+05 4.212541013029943570e+05 1.297848186188022810e+05 3.365852273143080529e+05 2.377591363992650586e+05 9.770230847889628785e+04 6.185083868424260989e+06 7.575674494963391917e+05 -1.681681850744947733e+05 4.829054108543798211e+05 6.257405126331406645e+05 8.996663820622644853e+05 9.220444551807576790e+05 1.387888580263551092e+06 5.619233486886933679e+05
-8.323519922379669733e+05 6.105961902458998375e+05 -1.612111318560446089e+05 3.321908773542412382e+04 1.338933389682241250e+05 -7.424613808109807906e+03 7.217982366914581507e+04 8.509592167259898270e+04 9.503525029574711516e+04 4.760246774344085716e+06 1.599065701606045943e+06 7.851454517481913790e+05 1.233809332142926753e+06 3.126624909151590546e+05 4.775847273331084289e+05 2.633108915231464780e+05 5.619233486886933679e+05 8.567988042212177534e+05
