# lambda=0.15267331618439747
3.713996639189712703e+07 1.444987416714116000e+06 -2.119886123022766551e+05 -1.633296082331742859e+06 -3.373771378213856951e+05 -4.563811906109449919e+05 2.538019726488938031e+05 4.333902887168223970e+05 1.769809119883004460e+05 -7.946353037642471492e+06 6.993976956828880124e+06 -6.272977615163965384e+05 -4.983447767228206620e+06 -3.255178435855658725e+06 -1.673664140694462461e+06 1.689808097187764244e+06 -1.410979062997607514e+06 -9.868265154601222603e+05
1.444987416714116000e+06 9.282941783712560311e+06 5.952665369506966090e+05 2.460955762753337331e+05 2.221290968484698096e+05 5.992330379462637939e+05 3.953973342716626357e+05 2.428186366806473816e+05 1.285169306892070599e+05 4.712399597053469159e+06 1.124389537280632742e+07 1.632687531185302883e+06 2.140942120951811783e+06 2.964443633038778717e+04 2.245913561129184382e+05 8.818889778978183167e+05 1.513641568956824020e+06 -3.455743259739704663e+05
-2.119886123022766551e+05 5.952665369506966090e+05 2.771391158459699713e+06 -1.264002532310137176e+05 4.524479267384452978e+05 1.973751093885290902e+05 -1.331494667086330446e+04 -6.414850521898991428e+04 -3.396844354108801053e+04 8.426743920346279629e+05 3.234967218804105185e+06 -3.932401197375319898e+05 1.613387906118827523e+05 3.438198240109902690e+05 4.487915932059467741e+04 1.494109540967648209e+05 3.667319784493535990e+05 1.519039533774999436e+05
-1.633296082331742859e+06 2.460955762753337331e+05 -1.264002532310137176e+05 1.344914610833209008e+06 1.924519469755763712e+05 1.270026337623736326e+05 -3.894191939614174771e+04 4.047085993972727738e+04 3.961444549304361135e+04 -2.768553502742788754e+06 2.951611480317053501e+05 -3.112502875451924047e+05 2.193775028816733975e+06 1.268663803914238000e+06 4.890263408546039718e+05 -3.933303036278551008e+04 1.285441768008893123e+05 1.148980882934473775e+05
-3.373771378213856951e+05 2.221290968484698096e+05 4.524479267384452978e+05 1.924519469755763712e+05 1.327617253265833249e+06 1.746138090320623596e+05 1.036392855020262068e+05 -6.841327667418541387e+04 6.294660108750285872e+03 -9.587342826955340570e+05 -6.211206237334942125e+04 -5.705704738338801544e+05 1.239891915767388651e+06 1.310154656423873035e+06 9.025567478768840374e+04 1.228427998493182968e+05 -3.139224150233667460e+05 8.513089944371803722e+04
-4.563811906109449919e+05 5.992330379462637939e+05 1.973751093885290902e+05 1.270026337623736326e+05 1.746138090320623596e+05 4.557076584483919432e+05 -8.694474423885962460e+04 -2.161543915178606767e+04 -3.599262788593416917e+04 1.690229862343493442e+05 1.076310148891169345e+06 -9.330039645671575272e+04 1.916589830080561806e+05 8.223036062464067072e+04 2.166747841143382830e+05 -6.130663310633003130e+04 7.960280007969988219e+04 -4.164151209930626646e+04
2.538019726488938031e+05 3.953973342716626357e+05 -1.331494667086330446e+04 -3.894191939614174771e+04 1.036392855020262068e+05 -8.694474423885962460e+04 3.142607954471198609e+05 1.402521405095943192e+05 -2.678416090919403359e+03 -9.225216995922726346e+05 -2.824873248783793533e+05 -5.520259675626085373e+05 1.033611461937056738e+05 1.798262149014315510e+05 -1.708430053369191592e+05 7.145307093465801154e+04 2.610951571634210268e+04 7.837249349555754452e+04
4.333902887168223970e+05 2.428186366806473816e+05 -6.414850521898991428e+04 4.047085993972727738e+04 -6.841327667418541387e+04 -2.161543915178606767e+04 1.402521405095943192e+05 1.711263911887747236e+05 2.679208232408896583e+04 -1.456494382215029327e+06 -7.114386800778511679e+04 -5.619379939847075148e+05 -3.671202333987080783e+04 2.341463000706861494e+05 -8.590162365434523963e+04 4.507313389310033381e+04 9.475290507356525632e+04 -1.948429865467693526e+04
1.769809119883004460e+05 1.285169306892070599e+05 -3.396844354108801053e+04 3.961444549304361135e+04 6.294660108750285872e+03 -3.599262788593416917e+04 -2.678416090919403359e+03 2.679208232408896583e+04 8.772210621459713730e+04 -3.822537060148963355e+05 7.631250520144761540e+05 3.909186664388478966e+05 -3.846918747085474752e+04 7.845557775319502980e+04 -4.645628269806114258e+04 3.242264129277436587e+04 5.490408179666467186e+04 -9.304848363269524998e+04
-7.946353037642471492e+06 4.712399597053469159e+06 8.426743920346279629e+05 -2.768553502742788754e+06 -9.587342826955340570e+05 1.690229862343493442e+05 -9.225216995922726346e+05 -1.456494382215029327e+06 -3.822537060148963355e+05 9.022736334651589394e+07 -5.132712639312248677e+06 5.242952901330566034e+06 -3.148820272602868732e+06 -5.417151947290518321e+06 1.902298514842083678e+06 -2.769318438242928591e+06 3.231813394791739527e+06 1.445929028362871148e+06
6.993976956828880124e+06 1.124389537280632742e+07 3.234967218804105185e+06 2.951611480317053501e+05 -6.211206237334942125e+04 1.076310148891169345e+06 -2.824873248783793533e+05 -7.114386800778511679e+04 7.631250520144761540e+05 -5.132712639312248677e+06 6.469083546495947242e+07 1.172833613967015594e+07 -2.177610264457959216e+06 -1.670312638219246292e+05 2.119717923428698443e+06 7.889171163506947923e+05 2.403912102730856277e+06 -2.273979565572361927e+06
-6.272977615163965384e+05 1.632687531185302883e+06 -3.932401197375319898e+05 -3.112502875451924047e+05 -5.705704738338801544e+05 -9.330039645671575272e+04 -5.520259675626085373e+05 -5.619379939847075148e+05 3.909186664388478966e+05 5.242952901330566034e+06 1.172833613967015594e+07 1.512140779412095435e+07 5.845262580952242715e+05 -5.837354520578689408e+05 -2.376826546547784528e+04 -2.707785182022830704e+05 4.373714792150987196e+05 -2.471024357759940322e+05
-4.983447767228206620e+06 2.140942120951811783e+06 1.613387906118827523e+05 2.193775028816733975e+06 1.239891915767388651e+06 1.916589830080561806e+05 1.033611461937056738e+05 -3.671202333987080783e+04 -3.846918747085474752e+04 -3.148820272602868732e+06 -2.177610264457959216e+06 5.845262580952242715e+05 9.935442940076325089e+06 5.216345180399806239e+06 1.060787906007867539e+06 1.179154873958460055e+06 3.814405543491376447e+05 8.366232953717769124e+05
-3.255178435855658725e+06 2.964443633038778717e+04 3.438198240109902690e+05 1.268663803914238000e+06 1.310154656423873035e+06 8.223036062464067072e+04 1.798262149014315510e+05 2.341463000706861494e+05 7.845557775319502980e+04 -5.417151947290518321e+06 -1.670312638219246292e+05 -5.837354520578689408e+05 5.216345180399806239e+06 7.150473974493495189e+06 1.005732041702892049e+06 4.140788996586488793e+05 -2.409822348054684117e+05 3.299521370936729363e+05
-1.673664140694462461e+06 2.245913561129184382e+05 4.487915932059467741e+04 4.890263408546039718e+05 9.025567478768840374e+04 2.166747841143382830e+05 -1.708430053369191592e+05 -8.590162365434523963e+04 -4.645628269806114258e+04 1.902298514842083678e+06 2.119717923428698443e+06 -2.376826546547784528e+04 1.060787906007867539e+06 1.005732041702892049e+06 2.019745238278558711e+06 1.485309128611086053e+05 4.292112466111399699e+05 -6.168636040691627568e+04
1.689808097187764244e+06 8.818889778978183167e+05 1.494109540967648209e+05 -3.933303036278551008e+04 1.228427998493182968e+05 -6.130663310633003130e+04 7.145307093465801154e+04 4.507313389310033381e+04 3.242264129277436587e+04 -2.769318438242928591e+06 7.889171163506947923e+05 -2.707785182022830704e+05 1.179154873958460055e+06 4.140788996586488793e+05 1.485309128611086053e+05 1.293457064209126169e+06 -4.051468148267490324e+04 6.794273500961306854e+04
-1.410979062997607514e+06 1.513641568956824020e+06 3.667319784493535990e+05 1.285441768008893123e+05 -3.139224150233667460e+05 7.960280007969988219e+04 2.610951571634210268e+04 9.475290507356525632e+04 5.490408179666467186e+04 3.231813394791739527e+06 2.403912102730856277e+06 4.373714792150987196e+05 3.814405543491376447e+05 -2.409822348054684117e+05 4.292112466111399699e+05 -4.051468148267490324e+04 1.215960035553107737e+06 2.448340323564714345e+05
-9.868265154601222603e+05 -3.455743259739704663e+05 1.519039533774999436e+05 1.148980882934473775e+05 8.513089944371803722e+04 -4.164151209930626646e+04 7.837249349555754452e+04 -1.948429865467693526e+04 -9.304848363269524998e+04 1.445929028362871148e+06 -2.273979565572361927e+06 -2.471024357759940322e+05 8.366232953717769124e+05 3.299521370936729363e+05 -6.168636040691627568e+04 6.794273500961306854e+04 2.448340323564714345e+05 6.461177238448916469e+05
