# lambda=0.10297293452222636
3.268874989366935194e+07 3.667788614162106998e+06 -1.493948177594188135e+06 -1.284328180938481120e+06 -2.316742404875388835e+06 4.541744855654255371e+05 6.112373629964238498e+05 -2.205209945265349816e+05 -7.961416694884542085e+04 -1.956075842685834318e+07 -5.748792669305846095e+06 -2.577853819069475867e+06 3.407278099068345502e+06 -7.486613170192471007e+05 1.109611576522468822e+06 5.273443458807271672e+05 -8.975659466739816125e+05 -7.227833238269804278e+05
3.667788614162106998e+06 1.876957137167335674e+07 2.311637803036564030e+06 -1.025083483986078529e+06 1.083519616286729433e+04 -4.719594467301286641e+05 6.114713830261832336e+05 -5.661154862876813859e+05 -6.583497022127840319e+04 -1.337130946884869039e+07 8.019986596119231544e+05 -6.044384249855818227e+06 -1.372151917936972110e+06 9.418048196437546285e+05 -4.335344893662172835e+05 3.568115711151887081e+05 2.240811289963872405e+05 1.039187901142108749e+05
-1.493948177594188135e+06 2.311637803036564030e+06 4.535158266025163233e+06 5.606789391263007419e+05 7.067393827168046846e+04 1.289995846936224552e+05 2.748955252271078643e+05 -1.695985236797697726e+05 1.287350200603479316e+05 -3.234809866094987839e+06 -1.884337185160824796e+06 5.590627948917566100e+05 -1.464590128160599852e+06 1.737569044078960433e+05 6.577752940642387839e+05 -8.524878628557259799e+04 2.795256997812161571e+05 4.453134630824303895e+04
-1.284328180938481120e+06 -1.025083483986078529e+06 5.606789391263007419e+05 1.264149642119539902e+06 1.819702402754826762e+05 3.588708563608848490e+05 8.072633762973228295e+04 2.265800740926709259e+05 8.880386217593314359e+04 -8.874161389174248325e+05 8.699614995954780607e+05 1.504029700042078737e+06 4.444371959876254550e+05 2.376593347403172229e+05 3.276652802155459067e+05 -7.492228366265684599e+04 1.660545942882695817e+05 2.358452114759314863e+05
-2.316742404875388835e+06 1.083519616286729433e+04 7.067393827168046846e+04 1.819702402754826762e+05 8.393758315680500818e+05 -8.111782550807013467e+04 2.865760751709275382e+02 4.217786141554742790e+04 2.434961307652087999e+04 -1.692657182223279378e+05 1.768592678800420836e+05 -9.172711930153172580e+04 -1.844629822363809508e+05 9.226462601261959644e+05 -1.960164073616307287e+05 1.128043954827193229e+05 4.722314436293797917e+04 -1.190616453417092634e+04
4.541744855654255371e+05 -4.719594467301286641e+05 1.289995846936224552e+05 3.588708563608848490e+05 -8.111782550807013467e+04 5.345790722509125480e+05 6.090461411809740821e+04 -1.164427168495905789e+03 5.357880880571431771e+04 -3.951289398061057087e+06 7.640127271281266585e+05 1.806759180451394292e+06 4.016492948239010875e+05 2.476689424069995584e+04 5.319479338413762162e+05 -1.358677939584002343e+04 -1.199240975695544621e+05 -5.524102725028789428e+04
6.112373629964238498e+05 6.114713830261832336e+05 2.748955252271078643e+05 8.072633762973228295e+04 2.865760751709275382e+02 6.090461411809740821e+04 3.872629780862152693e+05 1.094711012530234439e+05 4.048363803582666878e+04 -2.946528135771367233e+06 -7.983091939900366124e+05 -2.510062466434589005e+05 -1.849430960945777042e+04 3.810360561494823778e+05 2.536056728685330309e+05 1.552550547626457992e+05 3.451951095671422081e+04 -6.074984304512592644e+04
-2.205209945265349816e+05 -5.661154862876813859e+05 -1.695985236797697726e+05 2.265800740926709259e+05 4.217786141554742790e+04 -1.164427168495905789e+03 1.094711012530234439e+05 2.797278333208744880e+05 8.648102252043056069e+04 -4.913960934612788260e+05 6.812725282173244050e+05 1.232435860767423292e+05 3.205393234804857057e+05 1.247080386061326863e+05 -1.838257820285607886e+04 6.877388615563514759e+04 2.070554759620043333e+05 6.665495576355689263e+04
-7.961416694884542085e+04 -6.583497022127840319e+04 1.287350200603479316e+05 8.880386217593314359e+04 2.434961307652087999e+04 5.357880880571431771e+04 4.048363803582666878e+04 8.648102252043056069e+04 9.298241944740433246e+04 -6.142710751739060506e+05 3.047982844137124266e+04 4.731374881419826997e+05 1.715974882969141763e+05 7.584055666517731152e+04 1.035142833754941648e+03 3.876660251940533635e+04 7.599208563186908577e+03 3.185416823609848871e+04
-1.956075842685834318e+07 -1.337130946884869039e+07 -3.234809866094987839e+06 -8.874161389174248325e+05 -1.692657182223279378e+05 -3.951289398061057087e+06 -2.946528135771367233e+06 -4.913960934612788260e+05 -6.142710751739060506e+05 2.082231232457012534e+08 -4.374453500145316124e+06 1.541849827058231272e+07 -1.347129804992499948e+07 -7.107302573965042830e+06 -5.961008446021919139e+06 1.046417878345814650e+06 1.856505063320067944e+06 1.509840409843155416e+06
-5.748792669305846095e+06 8.019986596119231544e+05 -1.884337185160824796e+06 8.699614995954780607e+05 1.768592678800420836e+05 7.640127271281266585e+05 -7.983091939900366124e+05 6.812725282173244050e+05 3.047982844137124266e+04 -4.374453500145316124e+06 4.665091456479839236e+07 6.659563721189062111e+06 3.607782176525667310e+06 1.704668357687970856e+06 -2.034886438164145919e+06 1.115071835415741662e+06 2.704134473285750486e+06 1.126907194063897943e+06
-2.577853819069475867e+06 -6.044384249855818227e+06 5.590627948917566100e+05 1.504029700042078737e+06 -9.172711930153172580e+04 1.806759180451394292e+06 -2.510062466434589005e+05 1.232435860767423292e+05 4.731374881419826997e+05 1.541849827058231272e+07 6.659563721189062111e+06 2.004637542378579453e+07 -4.475872593570501194e+05 -1.609800648866986157e+06 -1.426712299494324907e+04 5.890414833874970209e+05 6.305672197066791123e+05 5.797892909113566857e+05
3.407278099068345502e+06 -1.372151917936972110e+06 -1.464590128160599852e+06 4.444371959876254550e+05 -1.844629822363809508e+05 4.016492948239010875e+05 -1.849430960945777042e+04 3.205393234804857057e+05 1.715974882969141763e+05 -1.347129804992499948e+07 3.607782176525667310e+06 -4.475872593570501194e+05 1.213705079969855025e+07 1.963510953730935464e+06 2.146133385940548498e+06 -4.110531886269705137e+05 -1.097620470650254174e+04 7.860156373806485208e+05
-7.486613170192471007e+05 9.418048196437546285e+05 1.737569044078960433e+05 2.376593347403172229e+05 9.226462601261959644e+05 2.476689424069995584e+04 3.810360561494823778e+05 1.247080386061326863e+05 7.584055666517731152e+04 -7.107302573965042830e+06 1.704668357687970856e+06 -1.609800648866986157e+06 1.963510953730935464e+06 4.928313245664302260e+06 3.232845640858872794e+05 7.147037869588390458e+05 -1.606963828435285541e+05 -8.017815781915231491e+04
1.109611576522468822e+06 -4.335344893662172835e+05 6.577752940642387839e+05 3.276652802155459067e+05 -1.960164073616307287e+05 5.319479338413762162e+05 2.536056728685330309e+05 -1.838257820285607886e+04 1.035142833754941648e+03 -5.961008446021919139e+06 -2.034886438164145919e+06 -1.426712299494324907e+04 2.146133385940548498e+06 3.232845640858872794e+05 2.201394474856804125e+06 -3.230681452468932257e+05 2.332653687774789796e+04 -1.230405980721672386e+05
5.273443458807271672e+05 3.568115711151887081e+05 -8.524878628557259799e+04 -7.492228366265684599e+04 1.128043954827193229e+05 -1.358677939584002343e+04 1.552550547626457992e+05 6.877388615563514759e+04 3.876660251940533635e+04 1.046417878345814650e+06 1.115071835415741662e+06 5.890414833874970209e+05 -4.110531886269705137e+05 7.147037869588390458e+05 -3.230681452468932257e+05 9.961469870997304097e+05 5.023873197354067815e+04 -7.042519487044830748e+04
-8.975659466739816125e+05 2.240811289963872405e+05 2.795256997812161571e+05 1.660545942882695817e+05 4.722314436293797917e+04 -1.199240975695544621e+05 3.451951095671422081e+04 2.070554759620043333e+05 7.599208563186908577e+03 1.856505063320067944e+06 2.704134473285750486e+06 6.305672197066791123e+05 -1.097620470650254174e+04 -1.606963828435285541e+05 2.332653687774789796e+04 5.023873197354067815e+04 1.095324139382514637e+06 2.429660627830040467e+05
-7.227833238269804278e+05 1.039187901142108749e+05 4.453134630824303895e+04 2.358452114759314863e+05 -1.190616453417092634e+04 -5.524102725028789428e+04 -6.074984304512592644e+04 6.665495576355689263e+04 3.185416823609848871e+04 1.509840409843155416e+06 1.126907194063897943e+06 5.797892909113566857e+05 7.860156373806485208e+05 -8.017815781915231491e+04 -1.230405980721672386e+05 -7.042519487044830748e+04 2.429660627830040467e+05 4.588644040880237008e+05
