# lambda=0.11429152224282046
3.678581962170981616e+07 -1.864008195121376310e+06 -2.804722198223018786e+05 5.225074701272767852e+05 -2.237871271320133819e+05 2.185629893881222699e+06 1.111153464028227841e+06 4.297987640234270948e+05 1.545064203224645171e+05 7.024961255114756525e+06 1.050281621119956300e+07 -1.046908858048059628e+06 3.428182528918385040e+06 -4.137698590966709889e+04 2.858122234803464729e+06 -5.619647225997976493e+05 -4.360431222505354672e+05 -2.346173998797142995e+05
-1.864008195121376310e+06 1.244809731200726144e+07 1.419355081997024128e+06 -9.320642715112796286e+05 7.858556071228991495e+05 -1.067169836230311077e+06 -9.160779184383082611e+04 5.344287836221119505e+04 2.360819135151446681e+05 1.838668309363114648e+06 9.647354163031244650e+06 -2.133076009297257289e+06 -3.796010177914184518e+06 -2.097430980069193989e+06 -2.652071078412817791e+06 -4.411539149993911851e+05 6.917104219792373478e+05 -4.171637476334100029e+03
-2.804722198223018786e+05 1.419355081997024128e+06 3.779824957075355574e+06 -2.218172325070717197e+05 -6.978889734435542778e+04 3.817894361231947551e+04 -2.145484883168154338e+05 8.931718794278463974e+03 -1.426604894572912599e+05 1.250664480795577867e+06 -2.987641652813806199e+06 1.238505849335533567e+06 -8.256326091213347390e+05 1.793003906804556260e+06 -2.313536800618843699e+05 -8.446553309858548455e+05 -1.016242434896178893e+05 -4.710411202739419241e+04
5.225074701272767852e+05 -9.320642715112796286e+05 -2.218172325070717197e+05 1.541416456067887601e+06 2.008917930587688461e+05 1.375870876182829961e+05 -2.665651432821560884e+05 5.622658178211722407e+04 -8.488389574486060883e+04 -1.261845330880749039e+06 -3.162792609246085398e+06 -8.776578290274039609e+05 5.394676568475863896e+05 1.855738423633219209e+05 2.003225859886313265e+05 -3.739898078578352579e+05 -2.934537799369833083e+05 -1.272207582357993233e+05
-2.237871271320133819e+05 7.858556071228991495e+05 -6.978889734435542778e+04 2.008917930587688461e+05 5.920781603048617253e+05 -1.359276386088170693e+04 -1.582328754380209648e+04 -6.237193691378086442e+03 -1.935984773086303449e+03 3.629925945960303303e+06 -2.106541329905585153e+05 -1.067243383461681660e+06 7.348828760271224019e+04 -1.049834687285815598e+05 7.798216647087501769e+04 8.181080591049353643e+03 -7.258824902429855138e+04 -3.087678940617986154e+04
2.185629893881222699e+06 -1.067169836230311077e+06 3.817894361231947551e+04 1.375870876182829961e+05 -1.359276386088170693e+04 7.063134814538222272e+05 1.490723897400354035e+05 -3.346125876599628100e+04 2.834535352317918296e+04 2.063176704019613317e+04 -9.899880263543017209e+05 -4.917614969721353846e+05 7.691658455123346066e+05 2.928939865117662703e+05 6.692734665611919481e+05 4.211697410882188706e+04 5.574650470827378012e+04 -6.331609834361684625e+04
1.111153464028227841e+06 -9.160779184383082611e+04 -2.145484883168154338e+05 -2.665651432821560884e+05 -1.582328754380209648e+04 1.490723897400354035e+05 2.581258570669065812e+05 5.076846053664607098e+03 5.573120534651305934e+04 9.741136526581451762e+05 4.887074586930907099e+05 -4.906696350649971282e+05 1.891071650607503834e+05 -2.346823761761490314e+05 1.370349740164428367e+05 3.233916465878904564e+05 1.902130318933565868e+05 -7.792899178569640208e+04
4.297987640234270948e+05 5.344287836221119505e+04 8.931718794278463974e+03 5.622658178211722407e+04 -6.237193691378086442e+03 -3.346125876599628100e+04 5.076846053664607098e+03 1.113163158988111973e+05 7.317297175926714772e+03 1.795964325050012849e+05 -5.029317668964531622e+05 -4.280929422146173310e+05 -1.923919295955151320e+05 -3.893003931057744194e+05 -1.147753146564374183e+05 -3.862614901299201301e+04 -4.936784718423426239e+04 -5.711556221949825704e+04
1.545064203224645171e+05 2.360819135151446681e+05 -1.426604894572912599e+05 -8.488389574486060883e+04 -1.935984773086303449e+03 2.834535352317918296e+04 5.573120534651305934e+04 7.317297175926714772e+03 1.090706430915425444e+05 4.832572339449907304e+05 1.066674695268090116e+06 -8.000654065501855803e+04 -1.279734546285210090e+05 -2.489552865911117115e+05 2.934363224371565957e+04 8.094168261379426986e+04 8.687714425810026296e+04 4.273707308156452928e+04
7.024961255114756525e+06 1.838668309363114648e+06 1.250664480795577867e+06 -1.261845330880749039e+06 3.629925945960303303e+06 2.063176704019613317e+04 9.741136526581451762e+05 1.795964325050012849e+05 4.832572339449907304e+05 1.598816337051479816e+08 4.495248799045085162e+07 -1.388698318521758355e+07 -6.082933492609190289e+05 3.128545908665419556e+06 6.573528305089873262e+06 5.705808578782827593e+06 1.481332039130090270e+06 -6.616219667426837841e+05
1.050281621119956300e+07 9.647354163031244650e+06 -2.987641652813806199e+06 -3.162792609246085398e+06 -2.106541329905585153e+05 -9.899880263543017209e+05 4.887074586930907099e+05 -5.029317668964531622e+05 1.066674695268090116e+06 4.495248799045085162e+07 9.906414830280694366e+07 3.651894271631797310e+06 3.274629091157977935e+06 -1.081635596523599997e+04 1.050454887289402075e+06 3.620192587748678867e+06 3.041482058925678488e+06 8.942543010429012356e+05
-1.046908858048059628e+06 -2.133076009297257289e+06 1.238505849335533567e+06 -8.776578290274039609e+05 -1.067243383461681660e+06 -4.917614969721353846e+05 -4.906696350649971282e+05 -4.280929422146173310e+05 -8.000654065501855803e+04 -1.388698318521758355e+07 3.651894271631797310e+06 3.318225292974275723e+07 1.671365667494100984e+06 5.390955067350088619e+06 1.561584993293408770e+06 -2.468052305716249626e+06 -1.734742023199487303e+05 -1.100603995273912233e+03
3.428182528918385040e+06 -3.796010177914184518e+06 -8.256326091213347390e+05 5.394676568475863896e+05 7.348828760271224019e+04 7.691658455123346066e+05 1.891071650607503834e+05 -1.923919295955151320e+05 -1.279734546285210090e+05 -6.082933492609190289e+05 3.274629091157977935e+06 1.671365667494100984e+06 9.190968514430915937e+06 1.733375791855036048e+06 3.189255197620074730e+06 7.045290305764001096e+05 3.026258227175035863e+05 1.119500296583031886e+05
-4.137698590966709889e+04 -2.097430980069193989e+06 1.793003906804556260e+06 1.855738423633219209e+05 -1.049834687285815598e+05 2.928939865117662703e+05 -2.346823761761490314e+05 -3.893003931057744194e+05 -2.489552865911117115e+05 3.128545908665419556e+06 -1.081635596523599997e+04 5.390955067350088619e+06 1.733375791855036048e+06 5.932048749256541952e+06 1.356788438951011980e+06 -5.634682278896928765e+05 2.324344712561306369e+05 3.890445112936671940e+05
2.858122234803464729e+06 -2.652071078412817791e+06 -2.313536800618843699e+05 2.003225859886313265e+05 7.798216647087501769e+04 6.692734665611919481e+05 1.370349740164428367e+05 -1.147753146564374183e+05 2.934363224371565957e+04 6.573528305089873262e+06 1.050454887289402075e+06 1.561584993293408770e+06 3.189255197620074730e+06 1.356788438951011980e+06 2.913846819075454026e+06 4.095861324774072855e+05 6.918063148355932208e+04 3.375009905029563815e+05
-5.619647225997976493e+05 -4.411539149993911851e+05 -8.446553309858548455e+05 -3.739898078578352579e+05 8.181080591049353643e+03 4.211697410882188706e+04 3.233916465878904564e+05 -3.862614901299201301e+04 8.094168261379426986e+04 5.705808578782827593e+06 3.620192587748678867e+06 -2.468052305716249626e+06 7.045290305764001096e+05 -5.634682278896928765e+05 4.095861324774072855e+05 1.826811911671392852e+06 6.561837208414735505e+05 1.893888363518573169e+05
-4.360431222505354672e+05 6.917104219792373478e+05 -1.016242434896178893e+05 -2.934537799369833083e+05 -7.258824902429855138e+04 5.574650470827378012e+04 1.902130318933565868e+05 -4.936784718423426239e+04 8.687714425810026296e+04 1.481332039130090270e+06 3.041482058925678488e+06 -1.734742023199487303e+05 3.026258227175035863e+05 2.324344712561306369e+05 6.918063148355932208e+04 6.561837208414735505e+05 9.874342622615625151e+05 1.910879424542567285e+05
-2.346173998797142995e+05 -4.171637476334100029e+03 -4.710411202739419241e+04 -1.272207582357993233e+05 -3.087678940617986154e+04 -6.331609834361684625e+04 -7.792899178569640208e+04 -5.711556221949825704e+04 4.273707308156452928e+04 -6.616219667426837841e+05 8.942543010429012356e+05 -1.100603995273912233e+03 1.119500296583031886e+05 3.890445112936671940e+05 3.375009905029563815e+05 1.893888363518573169e+05 1.910879424542567285e+05 7.605853861966596451e+05
