# lambda=0.1231582213074971
5.104040632726491243e+07 9.578337924499342218e+06 4.469826029031485319e+06 5.960676850813948549e+05 2.100113378855697811e+06 1.308716414310100226e+05 5.281917923841680167e+05 -6.669558998201235663e+05 -1.794724148998637975e+05 -8.204618171440524049e+06 1.220791785667785816e+07 -1.475464011730064172e+06 -1.805928552978726802e+06 2.236159385154470336e+06 -2.265559778319884557e+06 -1.179090983860758832e+06 5.781305138381075085e+04 5.976427808038851945e+05
9.578337924499342218e+06 1.017898907651167549e+07 1.225488817647628952e+06 9.809515348038390512e+05 1.200080661082992330e+06 2.103010143120119756e+05 3.176037505783221786e+04 -1.903555550639863941e+05 -1.914036806689732475e+05 -5.839688220970374532e+05 5.274253382125164382e+06 1.562912113319709606e+05 -1.104399443212500075e+06 2.459195489697961602e+06 -1.540121059782654280e+06 -9.404582960186843411e+04 -1.195601621458798327e+05 4.537663331741658621e+05
4.469826029031485319e+06 1.225488817647628952e+06 5.601683909560208209e+06 5.831785630691913684e+04 7.103172685181284323e+05 -3.873128571921447292e+05 2.142237068703948171e+05 -5.465738981318201695e+04 -1.284217964253392129e+05 -3.489613089137131348e+06 -3.945409314796885476e+06 2.012901093881319277e+06 -9.159871082341225119e+05 -9.044622119649952510e+05 -1.052388635182829574e+06 -1.252687225785107818e+06 -1.006026019714032649e+06 2.734293537291627727e+05
5.960676850813948549e+05 9.809515348038390512e+05 5.831785630691913684e+04 2.548244935959136579e+06 4.715176665820905473e+05 -2.299618857139680476e+05 -1.266505209101920045e+05 -8.960856096619534947e+04 -9.455926591136676507e+03 3.725056844776525162e+06 -4.724935842660326511e+06 -3.523049124885785859e+05 1.471023215141249122e+06 1.038642288241195492e+06 -2.516472010001360322e+05 4.031784878010018729e+05 7.544819692750308604e+04 1.913729422126386198e+05
2.100113378855697811e+06 1.200080661082992330e+06 7.103172685181284323e+05 4.715176665820905473e+05 1.103638197562912013e+06 3.410550499153808687e+03 4.028215747730954172e+04 1.189089199228935759e+05 5.257734693253399746e+04 -1.476635013197684661e+06 -3.104762056320056785e+06 -9.326639247762869345e+05 2.265336769733456313e+05 5.429165843286190648e+05 3.340629313126625493e+05 -3.419445365613580361e+04 1.654561792006347969e+04 2.103319389489037567e+05
1.308716414310100226e+05 2.103010143120119756e+05 -3.873128571921447292e+05 -2.299618857139680476e+05 3.410550499153808687e+03 4.329238521407429362e+05 1.539529692678818719e+04 1.164543442936174833e+05 3.169643180734737689e+04 -1.082695953002279392e+06 1.093250832025581185e+05 -5.985092103677147679e+04 8.259172512214402377e+04 3.388028540295911953e+05 2.067247183771403797e+05 -2.330237013708234372e+04 8.604843418856237258e+04 -1.444821603701296553e+05
5.281917923841680167e+05 3.176037505783221786e+04 2.142237068703948171e+05 -1.266505209101920045e+05 4.028215747730954172e+04 1.539529692678818719e+04 2.635020821532601840e+05 3.397782527083931200e+04 -4.738402446696580228e+03 4.843437937727890094e+05 1.607184652686571644e+05 1.879353734627525555e+05 8.319440987486482481e+04 -3.522603824338840204e+05 1.127731289648262609e+05 -5.387697237974630843e+04 8.502376285807651584e+04 8.508742915310179524e+04
-6.669558998201235663e+05 -1.903555550639863941e+05 -5.465738981318201695e+04 -8.960856096619534947e+04 1.189089199228935759e+05 1.164543442936174833e+05 3.397782527083931200e+04 2.338903175772325485e+05 5.845562552434336976e+04 1.397275532654641138e+05 -6.096336802185433917e+05 -2.823066031561154523e+05 1.554791448118436965e+05 -1.016729148656609614e+05 2.770596180423854385e+05 1.189576317700415530e+04 2.553908653175100917e+05 3.929091526895046263e+04
-1.794724148998637975e+05 -1.914036806689732475e+05 -1.284217964253392129e+05 -9.455926591136676507e+03 5.257734693253399746e+04 3.169643180734737689e+04 -4.738402446696580228e+03 5.845562552434336976e+04 7.481005685591472138e+04 -1.458316773201150587e+06 -4.400884671469440800e+05 -2.005939949736710987e+05 -7.971587823786110675e+04 -1.247762707904037234e+05 -2.456038144909085531e+03 6.912019117298812489e+04 1.050013056741060136e+05 1.190597918661620133e+04
-8.204618171440524049e+06 -5.839688220970374532e+05 -3.489613089137131348e+06 3.725056844776525162e+06 -1.476635013197684661e+06 -1.082695953002279392e+06 4.843437937727890094e+05 1.397275532654641138e+05 -1.458316773201150587e+06 2.225392271103543341e+08 6.595666364477615803e+06 2.024142744910503505e+06 1.481115632725116611e+07 8.301093810514115728e+06 7.228376714974692091e+06 2.548163994804691989e+06 -1.422951383361110056e+05 -1.466553667892762693e+06
1.220791785667785816e+07 5.274253382125164382e+06 -3.945409314796885476e+06 -4.724935842660326511e+06 -3.104762056320056785e+06 1.093250832025581185e+05 1.607184652686571644e+05 -6.096336802185433917e+05 -4.400884671469440800e+05 6.595666364477615803e+06 7.554798236482757330e+07 5.441512429680910893e+06 -5.603164064753357321e+06 -2.548558266453377903e+06 -2.950687327919667121e+06 -5.699064573741601780e+05 -1.594268284462948795e+05 1.589074408313102322e+05
-1.475464011730064172e+06 1.562912113319709606e+05 2.012901093881319277e+06 -3.523049124885785859e+05 -9.326639247762869345e+05 -5.985092103677147679e+04 1.879353734627525555e+05 -2.823066031561154523e+05 -2.005939949736710987e+05 2.024142744910503505e+06 5.441512429680910893e+06 1.484112454120472446e+07 -3.143746557549759746e+06 -3.802729360700704157e+06 -1.981685818544803187e+06 5.123956189457093715e+05 -6.612827375183998374e+05 -1.338800130258768331e+05
-1.805928552978726802e+06 -1.104399443212500075e+06 -9.159871082341225119e+05 1.471023215141249122e+06 2.265336769733456313e+05 8.259172512214402377e+04 8.319440987486482481e+04 1.554791448118436965e+05 -7.971587823786110675e+04 1.481115632725116611e+07 -5.603164064753357321e+06 -3.143746557549759746e+06 8.061379933067977428e+06 2.421629658063939307e+06 2.239687203306681942e+06 8.556130113437813707e+05 8.777176734230041038e+05 8.550678504512484651e+05
2.236159385154470336e+06 2.459195489697961602e+06 -9.044622119649952510e+05 1.038642288241195492e+06 5.429165843286190648e+05 3.388028540295911953e+05 -3.522603824338840204e+05 -1.016729148656609614e+05 -1.247762707904037234e+05 8.301093810514115728e+06 -2.548558266453377903e+06 -3.802729360700704157e+06 2.421629658063939307e+06 4.327343483745824546e+06 2.882478345015451196e+05 -4.304669196206777124e+05 -3.364383316910441499e+05 -1.958780589598521183e+05
-2.265559778319884557e+06 -1.540121059782654280e+06 -1.052388635182829574e+06 -2.516472010001360322e+05 3.340629313126625493e+05 2.067247183771403797e+05 1.127731289648262609e+05 2.770596180423854385e+05 -2.456038144909085531e+03 7.228376714974692091e+06 -2.950687327919667121e+06 -1.981685818544803187e+06 2.239687203306681942e+06 2.882478345015451196e+05 4.092252666270748712e+06 9.542083130446061259e+05 5.147072452202157001e+05 -2.477678715684597555e+05
-1.179090983860758832e+06 -9.404582960186843411e+04 -1.252687225785107818e+06 4.031784878010018729e+05 -3.419445365613580361e+04 -2.330237013708234372e+04 -5.387697237974630843e+04 1.189576317700415530e+04 6.912019117298812489e+04 2.548163994804691989e+06 -5.699064573741601780e+05 5.123956189457093715e+05 8.556130113437813707e+05 -4.304669196206777124e+05 9.542083130446061259e+05 2.045022397478615167e+06 7.642560378170653712e+05 1.788460294812871143e+05
5.781305138381075085e+04 -1.195601621458798327e+05 -1.006026019714032649e+06 7.544819692750308604e+04 1.654561792006347969e+04 8.604843418856237258e+04 8.502376285807651584e+04 2.553908653175100917e+05 1.050013056741060136e+05 -1.422951383361110056e+05 -1.594268284462948795e+05 -6.612827375183998374e+05 8.777176734230041038e+05 -3.364383316910441499e+05 5.147072452202157001e+05 7.642560378170653712e+05 9.643172850298698759e+05 3.732932240736031090e+05
5.976427808038851945e+05 4.537663331741658621e+05 2.734293537291627727e+05 1.913729422126386198e+05 2.103319389489037567e+05 -1.444821603701296553e+05 8.508742915310179524e+04 3.929091526895046263e+04 1.190597918661620133e+04 -1.466553667892762693e+06 1.589074408313102322e+05 -1.338800130258768331e+05 8.550678504512484651e+05 -1.958780589598521183e+05 -2.477678715684597555e+05 1.788460294812871143e+05 3.732932240736031090e+05 8.309804586597013986e+05
