# lambda=0.12215253822905613
4.156538921334666014e+07 2.882801949477441143e+06 -3.276484519272560137e+05 -1.430232278408720449e+05 2.580034329734885599e+06 5.195714885110230534e+05 1.822326964932158822e+06 4.253103637802207959e+05 -1.152952732611617830e+05 -1.094180310348387063e+07 7.325165460175427608e+06 5.704866157912560084e+03 -1.725074507231542375e+06 -2.888283304454543162e+06 5.821273428519408917e+05 5.907611916592530906e+05 -1.154019811160880374e+06 -2.056200378613186185e+05
2.882801949477441143e+06 1.587883414183527604e+07 6.059048018025073688e+05 3.001881886821156149e+04 1.455893807884559035e+06 1.164194193180220434e+06 -7.233441546126925095e+04 -6.159147153820133099e+04 2.786463645666656666e+05 5.768601058403693140e+06 2.016972571536126360e+07 3.663374955757623538e+06 -2.692771317676958861e+05 -3.063859824796427856e+05 -1.401487250856674509e+05 1.065426307300694520e+06 8.962097719191702781e+05 3.178783446450754418e+05
-3.276484519272560137e+05 6.059048018025073688e+05 2.518696219740585424e+06 2.084324320044503547e+05 -4.345248605171857889e+03 -2.307806971020656056e+05 -1.127362044926596718e+05 2.435739977068890294e+05 3.539405683809728362e+04 3.341669544866266195e+06 2.763677608174962457e+06 1.063766982821430545e+06 6.716253581033401424e+05 -4.370512575045591802e+05 -4.645249898911360069e+05 6.843052270367260789e+05 3.625443935683509335e+04 1.483865422346150735e+05
-1.430232278408720449e+05 3.001881886821156149e+04 2.084324320044503547e+05 1.895562136034880532e+06 1.054166617499765853e+05 1.291573643704959104e+05 -2.486857789002048958e+04 1.732550285196576151e+05 7.427175217713732854e+04 5.843724505830884445e+05 9.542549304465948371e+05 -2.617113131725081766e+05 5.583127966180712683e+05 -2.265866876293660607e+04 2.456387142629965674e+05 1.585659191232433368e+05 -1.938952006834556232e+05 -1.697601874264513317e+05
2.580034329734885599e+06 1.455893807884559035e+06 -4.345248605171857889e+03 1.054166617499765853e+05 8.880996190402772045e+05 2.412878132870869595e+05 8.201394411119502911e+04 8.011137599116479396e+04 3.974622859496958699e+04 -2.295567124573605251e+05 1.106492253620916745e+06 9.456422889596545137e+05 -4.914063585424687481e+05 -2.212589872801446763e+05 8.136765182972185721e+04 4.359956815198403201e+05 1.528635853342315240e+05 -1.077894865807782626e+05
5.195714885110230534e+05 1.164194193180220434e+06 -2.307806971020656056e+05 1.291573643704959104e+05 2.412878132870869595e+05 6.390003054521338781e+05 2.591492409684411541e+04 -3.109329938025553565e+04 1.041130283303558463e+04 1.081302463919252623e+06 -1.920199873142035794e+05 1.429946420879796147e+06 -6.100582625018813414e+05 -4.053478464694858994e+05 1.279209211164190783e+05 2.597518436435625772e+05 8.960822707342079957e+04 -1.360156353941967827e+05
1.822326964932158822e+06 -7.233441546126925095e+04 -1.127362044926596718e+05 -2.486857789002048958e+04 8.201394411119502911e+04 2.591492409684411541e+04 2.645357914512036368e+05 4.258807914869634260e+04 -1.149692284472785832e+04 1.852118973926322768e+06 -1.458367833882988198e+05 -5.534322973376289010e+05 2.310512723127560093e+03 1.099104317699090170e+05 2.037914511064226972e+05 1.792158399209103081e+05 -1.185125932197539951e+05 3.016756525600102032e+04
4.253103637802207959e+05 -6.159147153820133099e+04 2.435739977068890294e+05 1.732550285196576151e+05 8.011137599116479396e+04 -3.109329938025553565e+04 4.258807914869634260e+04 1.964157293885620311e+05 3.902983170841971150e+04 8.983767556127603166e+05 7.054553428005285095e+05 -5.121340434272884740e+05 8.527547212867789494e+04 1.663972924855494639e+05 7.512486586490577611e+04 3.085878842511098483e+05 2.730081042552154395e+04 -1.044271242270383846e+04
-1.152952732611617830e+05 2.786463645666656666e+05 3.539405683809728362e+04 7.427175217713732854e+04 3.974622859496958699e+04 1.041130283303558463e+04 -1.149692284472785832e+04 3.902983170841971150e+04 6.269780489417542412e+04 2.879262281674924307e+05 4.931810289602532284e+05 7.239884047640905192e+04 3.010972795798100560e+04 2.264216939260736399e+04 -3.710898576509487157e+03 -3.685188427845604019e+04 -3.701855130073353394e+03 -5.591895605536320772e+02
-1.094180310348387063e+07 5.768601058403693140e+06 3.341669544866266195e+06 5.843724505830884445e+05 -2.295567124573605251e+05 1.081302463919252623e+06 1.852118973926322768e+06 8.983767556127603166e+05 2.879262281674924307e+05 1.550532745585489273e+08 1.390638460072374903e+07 1.469870903360614739e+07 2.457452008903915703e+05 5.285428850682542659e+06 4.616556916919250041e+06 9.005065604180293158e+06 6.046570599090930773e+05 6.567748471389005426e+05
7.325165460175427608e+06 2.016972571536126360e+07 2.763677608174962457e+06 9.542549304465948371e+05 1.106492253620916745e+06 -1.920199873142035794e+05 -1.458367833882988198e+05 7.054553428005285095e+05 4.931810289602532284e+05 1.390638460072374903e+07 6.404860526535208523e+07 2.973918854778686073e+06 1.151953737336527789e+06 2.582259273016937077e+06 -7.380585341529920697e+05 1.368285090275507886e+06 2.100913654638426844e+06 1.984190974884328200e+06
5.704866157912560084e+03 3.663374955757623538e+06 1.063766982821430545e+06 -2.617113131725081766e+05 9.456422889596545137e+05 1.429946420879796147e+06 -5.534322973376289010e+05 -5.121340434272884740e+05 7.239884047640905192e+04 1.469870903360614739e+07 2.973918854778686073e+06 1.750316680396580324e+07 1.645230462152726017e+06 -1.401373127607120259e+05 -7.829755100085230079e+05 1.878612651501666522e+06 7.616924200397238601e+05 -5.070558257274935604e+05
-1.725074507231542375e+06 -2.692771317676958861e+05 6.716253581033401424e+05 5.583127966180712683e+05 -4.914063585424687481e+05 -6.100582625018813414e+05 2.310512723127560093e+03 8.527547212867789494e+04 3.010972795798100560e+04 2.457452008903915703e+05 1.151953737336527789e+06 1.645230462152726017e+06 7.743009412529930472e+06 2.117336985104907304e+06 -3.484861817190969014e+05 6.874835181508339010e+05 1.064584826852348924e+05 6.033786816042401188e+04
-2.888283304454543162e+06 -3.063859824796427856e+05 -4.370512575045591802e+05 -2.265866876293660607e+04 -2.212589872801446763e+05 -4.053478464694858994e+05 1.099104317699090170e+05 1.663972924855494639e+05 2.264216939260736399e+04 5.285428850682542659e+06 2.582259273016937077e+06 -1.401373127607120259e+05 2.117336985104907304e+06 5.069812923407940194e+06 1.272230679562009638e+06 2.127153650920170359e+06 2.758852562593671028e+05 2.016588750985175648e+04
5.821273428519408917e+05 -1.401487250856674509e+05 -4.645249898911360069e+05 2.456387142629965674e+05 8.136765182972185721e+04 1.279209211164190783e+05 2.037914511064226972e+05 7.512486586490577611e+04 -3.710898576509487157e+03 4.616556916919250041e+06 -7.380585341529920697e+05 -7.829755100085230079e+05 -3.484861817190969014e+05 1.272230679562009638e+06 1.769458106932067778e+06 8.422129546046860050e+05 4.712069699322774977e+04 -1.043028126365885546e+05
5.907611916592530906e+05 1.065426307300694520e+06 6.843052270367260789e+05 1.585659191232433368e+05 4.359956815198403201e+05 2.597518436435625772e+05 1.792158399209103081e+05 3.085878842511098483e+05 -3.685188427845604019e+04 9.005065604180293158e+06 1.368285090275507886e+06 1.878612651501666522e+06 6.874835181508339010e+05 2.127153650920170359e+06 8.422129546046860050e+05 3.044176032490210142e+06 1.427006505236188823e+05 -1.063927508228728402e+05
-1.154019811160880374e+06 8.962097719191702781e+05 3.625443935683509335e+04 -1.938952006834556232e+05 1.528635853342315240e+05 8.960822707342079957e+04 -1.185125932197539951e+05 2.730081042552154395e+04 -3.701855130073353394e+03 6.046570599090930773e+05 2.100913654638426844e+06 7.616924200397238601e+05 1.064584826852348924e+05 2.758852562593671028e+05 4.712069699322774977e+04 1.427006505236188823e+05 5.872244181002316764e+05 2.811288417554495027e+04
-2.056200378613186185e+05 3.178783446450754418e+05 1.483865422346150735e+05 -1.697601874264513317e+05 -1.077894865807782626e+05 -1.360156353941967827e+05 3.016756525600102032e+04 -1.044271242270383846e+04 -5.591895605536320772e+02 6.567748471389005426e+05 1.984190974884328200e+06 -5.070558257274935604e+05 6.033786816042401188e+04 2.016588750985175648e+04 -1.043028126365885546e+05 -1.063927508228728402e+05 2.811288417554495027e+04 3.240878695049167145e+05
