# lambda=0.11519234077446334
3.993354815684591979e+07 9.624191014853047673e+05 -1.296445686987471272e+05 -1.575750838455658639e+06 8.074144746374442475e+05 -1.635247719198676292e+06 -1.141892327617362025e+05 3.823986126528123859e+05 -1.643139276412416366e+05 -2.013760199380307924e+06 5.004586296532123350e+06 -2.471285490037878044e+06 -2.402345512483527884e+06 2.352492145119441207e+06 4.891750545904647443e+05 -2.248750201778236369e+05 -7.315074948304502759e+05 -5.923567436108695110e+05
9.624191014853047673e+05 2.329597667207038030e+07 5.417519057772004977e+06 1.951867178502416937e+06 1.137315443357490469e+06 3.974096281726410962e+04 -3.377985027322128735e+04 6.300267366498447518e+04 -1.453500540985228727e+05 -3.044440638352472335e+06 1.348704057206790522e+07 -6.010939301559790038e+05 -8.028486418159770546e+05 3.385262928895932622e+06 3.692771669319602195e+06 -7.870478866671849973e+05 6.280482047271144111e+05 4.767154887441580067e+05
-1.296445686987471272e+05 5.417519057772004977e+06 5.940931507568223402e+06 1.616168709152035648e+06 2.680854268283931888e+05 3.427670241647061193e+05 -8.500666587090448593e+04 -3.284087163272821344e+05 -1.075640952192957047e+05 7.627298738872640766e+06 4.850503337497484870e+06 2.402647953044692986e+06 4.126767890577599755e+05 1.207873573811067035e+06 1.704659624763056636e+06 -6.071374280481863534e+05 2.511598825045852864e+05 -4.979530825199167884e+04
-1.575750838455658639e+06 1.951867178502416937e+06 1.616168709152035648e+06 2.020066982812864939e+06 2.982212719557695091e+05 4.026644715844584862e+05 2.536224085353485425e+05 -7.596526842446821684e+04 5.990553868502969999e+04 -1.289980518094997387e+06 -4.660980025403184118e+05 1.647797202766289702e+05 1.584068577776927734e+06 5.988743675357954344e+05 2.218742243225989223e+05 2.437240066297467638e+04 2.346796893244758830e+05 2.740438440438090474e+05
8.074144746374442475e+05 1.137315443357490469e+06 2.680854268283931888e+05 2.982212719557695091e+05 4.571905694143769797e+05 6.841379427602983196e+04 9.535698563079207088e+04 4.011771297803804919e+04 3.785197093857290747e+04 -1.337687646565905772e+06 -8.343988652434160467e+05 -9.663091279086370487e+05 2.812601393811532762e+05 8.120553923937743821e+04 4.656421137656829524e+04 -5.441241321509105910e+04 1.032023343563521194e+05 4.124639754199086747e+04
-1.635247719198676292e+06 3.974096281726410962e+04 3.427670241647061193e+05 4.026644715844584862e+05 6.841379427602983196e+04 3.708357816626200220e+05 1.107343782608328183e+05 -1.664388710343798084e+04 6.897427894669293892e+04 -8.616865299390048021e+05 -1.310024161420387216e+06 -2.568820967748851690e+05 4.690634490626922343e+05 -8.072369003435593913e+04 1.078553065643169975e+05 -9.776867858455707028e+04 1.112632124351358507e+05 1.021803303790054815e+04
-1.141892327617362025e+05 -3.377985027322128735e+04 -8.500666587090448593e+04 2.536224085353485425e+05 9.535698563079207088e+04 1.107343782608328183e+05 4.421659909977010684e+05 3.262938320722753997e+04 1.022400573491974501e+05 1.596902705793684116e+06 -2.704868495572887477e+05 -5.327408713838604745e+05 4.154554613789297873e+05 1.180003651049279142e+05 9.822098485915480705e+04 6.792297507990045233e+03 -1.637659952628040810e+04 1.541327770705024304e+05
3.823986126528123859e+05 6.300267366498447518e+04 -3.284087163272821344e+05 -7.596526842446821684e+04 4.011771297803804919e+04 -1.664388710343798084e+04 3.262938320722753997e+04 1.882946199856261082e+05 5.800476052256521507e+04 -4.419837064079674310e+05 3.428667272173395031e+05 -4.841993992180147325e+05 2.589793370920719826e+04 -4.346143180294243939e+04 1.411033446990322846e+05 1.326274154700932559e+05 9.840125997396749153e+04 -3.841446972207495128e+04
-1.643139276412416366e+05 -1.453500540985228727e+05 -1.075640952192957047e+05 5.990553868502969999e+04 3.785197093857290747e+04 6.897427894669293892e+04 1.022400573491974501e+05 5.800476052256521507e+04 1.562496158107769734e+05 2.190209787420642897e+04 -3.780453653698985581e+05 -2.979017405402315198e+05 2.836861058248479385e+05 -2.161397742622754013e+05 -6.728411190151957271e+04 6.597760962780432601e+04 2.897412474346189993e+04 1.282430342221734754e+05
-2.013760199380307924e+06 -3.044440638352472335e+06 7.627298738872640766e+06 -1.289980518094997387e+06 -1.337687646565905772e+06 -8.616865299390048021e+05 1.596902705793684116e+06 -4.419837064079674310e+05 2.190209787420642897e+04 2.263872572870289087e+08 -5.473713017890554853e+06 8.424664648633856326e+06 1.455658134553116979e+06 8.123669352843587287e+06 1.150534031757306308e+07 1.389859883942059707e+06 1.068235482510243542e+06 -8.152371757332005072e+05
5.004586296532123350e+06 1.348704057206790522e+07 4.850503337497484870e+06 -4.660980025403184118e+05 -8.343988652434160467e+05 -1.310024161420387216e+06 -2.704868495572887477e+05 3.428667272173395031e+05 -3.780453653698985581e+05 -5.473713017890554853e+06 8.244084042680029571e+07 1.090529947543579526e+07 4.060116009532346390e+06 2.780173442104173824e+06 3.925610059466527775e+06 1.084648545311522903e+06 5.433760143396320054e+05 -7.062060350162565010e+05
-2.471285490037878044e+06 -6.010939301559790038e+05 2.402647953044692986e+06 1.647797202766289702e+05 -9.663091279086370487e+05 -2.568820967748851690e+05 -5.327408713838604745e+05 -4.841993992180147325e+05 -2.979017405402315198e+05 8.424664648633856326e+06 1.090529947543579526e+07 2.261751079521788284e+07 6.422126403743638657e+06 1.594002188923759153e+06 1.438691302141068038e+06 1.008827925482106861e+06 -6.658252103142213309e+04 4.026639672356925439e+05
-2.402345512483527884e+06 -8.028486418159770546e+05 4.126767890577599755e+05 1.584068577776927734e+06 2.812601393811532762e+05 4.690634490626922343e+05 4.154554613789297873e+05 2.589793370920719826e+04 2.836861058248479385e+05 1.455658134553116979e+06 4.060116009532346390e+06 6.422126403743638657e+06 1.069181747101029381e+07 8.391590352956643328e+05 -1.305530049226854928e+06 6.850450662231080933e+05 2.100798671891235572e+05 8.260754831860985141e+05
2.352492145119441207e+06 3.385262928895932622e+06 1.207873573811067035e+06 5.988743675357954344e+05 8.120553923937743821e+04 -8.072369003435593913e+04 1.180003651049279142e+05 -4.346143180294243939e+04 -2.161397742622754013e+05 8.123669352843587287e+06 2.780173442104173824e+06 1.594002188923759153e+06 8.391590352956643328e+05 3.319870244934882503e+06 1.523426655215737876e+06 3.014456653752396596e+04 1.700993670061570010e+05 2.600347267948614317e+05
4.891750545904647443e+05 3.692771669319602195e+06 1.704659624763056636e+06 2.218742243225989223e+05 4.656421137656829524e+04 1.078553065643169975e+05 9.822098485915480705e+04 1.411033446990322846e+05 -6.728411190151957271e+04 1.150534031757306308e+07 3.925610059466527775e+06 1.438691302141068038e+06 -1.305530049226854928e+06 1.523426655215737876e+06 3.768081602262206376e+06 1.270926080573785293e+05 4.381925500712557114e+05 -2.133475395876405237e+05
-2.248750201778236369e+05 -7.870478866671849973e+05 -6.071374280481863534e+05 2.437240066297467638e+04 -5.441241321509105910e+04 -9.776867858455707028e+04 6.792297507990045233e+03 1.326274154700932559e+05 6.597760962780432601e+04 1.389859883942059707e+06 1.084648545311522903e+06 1.008827925482106861e+06 6.850450662231080933e+05 3.014456653752396596e+04 1.270926080573785293e+05 1.232902322147115367e+06 2.757542253769297386e+05 -6.157122671923827875e+04
-7.315074948304502759e+05 6.280482047271144111e+05 2.511598825045852864e+05 2.346796893244758830e+05 1.032023343563521194e+05 1.112632124351358507e+05 -1.637659952628040810e+04 9.840125997396749153e+04 2.897412474346189993e+04 1.068235482510243542e+06 5.433760143396320054e+05 -6.658252103142213309e+04 2.100798671891235572e+05 1.700993670061570010e+05 4.381925500712557114e+05 2.757542253769297386e+05 6.855433853410033043e+05 1.531543990616260771e+03
-5.923567436108695110e+05 4.767154887441580067e+05 -4.979530825199167884e+04 2.740438440438090474e+05 4.124639754199086747e+04 1.021803303790054815e+04 1.541327770705024304e+05 -3.841446972207495128e+04 1.282430342221734754e+05 -8.152371757332005072e+05 -7.062060350162565010e+05 4.026639672356925439e+05 8.260754831860985141e+05 2.600347267948614317e+05 -2.133475395876405237e+05 -6.157122671923827875e+04 1.531543990616260771e+03 8.723885072897955542e+05
