# lambda=0.08201579565409768
6.954790857322396338e+07 9.627611573527062312e+06 2.274156455252282321e+06 -2.077268994854834629e+06 2.486605914335136767e+06 -7.294217534714189824e+05 3.340925108992046444e+05 7.860303242525274400e+05 4.359756756797052221e+05 6.081334479402098805e+07 1.334543511921645887e+07 -3.096990520157829858e+06 -5.588796825152241625e+06 6.622055363534507342e+05 -5.640116094471132237e+04 1.213151164164972724e+06 -1.114514456720895134e+06 -1.534113899274584139e+06
9.627611573527062312e+06 1.520190480642900802e+07 2.927574091660772101e+05 1.614207368900433939e+05 1.628443582396064012e+05 -3.346449623022025917e+05 -3.868861238061550830e+04 4.001795634014673415e+05 1.167658523354021891e+05 -4.867102210024237633e+06 4.936226630389953963e+06 1.298918111179255182e+06 3.117390638825531583e+06 2.388509098582604434e+06 1.884300561296460219e+05 -4.769037278436213383e+05 -2.440587155546657959e+04 -3.643437960456846631e+05
2.274156455252282321e+06 2.927574091660772101e+05 5.811227664925211109e+06 1.820018246118047973e+06 1.016283904618191184e+06 -6.623017694917081099e+04 -1.349158183339014067e+05 -5.593206499769046786e+04 -5.913264215745382899e+03 -5.586812905562369851e+05 1.584776018186142435e+06 1.321286165259911446e+06 2.061096285779887810e+06 4.250897536536944681e+05 2.977806564687641221e+05 -1.619318735844060429e+05 -2.723488830548517290e+05 -4.684718827149756253e+05
-2.077268994854834629e+06 1.614207368900433939e+05 1.820018246118047973e+06 2.356749208632904571e+06 8.108035402371139498e+05 4.530662080547484948e+04 -4.896170503061212366e+04 -8.626876019760215422e+04 -2.887799588784244042e+04 -1.145157337639666628e+06 6.032103206813611323e+05 -2.768874322866416187e+05 1.329136197272471618e+06 6.540261441468423000e+05 5.561132527757936623e+05 -2.953767041235233773e+05 -3.678013893044496945e+04 -1.876628909405560989e+05
2.486605914335136767e+06 1.628443582396064012e+05 1.016283904618191184e+06 8.108035402371139498e+05 1.231602461470044684e+06 4.552862576159596938e+04 1.304452148019138258e+05 6.931952341234333289e+04 1.162716786657935700e+04 3.926913818859199993e+06 8.042869394290813943e+05 -3.515623736900504446e+05 -8.916856281960238703e+05 8.563729711479890393e+05 7.519946153638100950e+05 -6.320284334774095623e+04 -2.477736831168254430e+05 -2.381259267456516100e+05
-7.294217534714189824e+05 -3.346449623022025917e+05 -6.623017694917081099e+04 4.530662080547484948e+04 4.552862576159596938e+04 6.618802108710507164e+05 1.926100446707578885e+04 -1.419413741065110844e+04 1.169011596115717985e+05 -5.199374441512176767e+06 1.187491279858801980e+06 8.228787652401713422e+04 -3.268712581879195059e+05 5.773764306292793481e+05 1.352394938236706657e+05 -3.220564763529183256e+04 -7.652867142051018891e+04 3.690579096579182874e+02
3.340925108992046444e+05 -3.868861238061550830e+04 -1.349158183339014067e+05 -4.896170503061212366e+04 1.304452148019138258e+05 1.926100446707578885e+04 2.260292103925765259e+05 1.101480240631814231e+05 3.357980383245857229e+04 2.615982320452889253e+05 -1.912180431355142209e+05 2.212988002417257230e+05 -2.689842255643537501e+05 6.264285558974128799e+04 1.986047962229449331e+04 -2.866074382729072022e+04 6.307578470455711067e+04 8.644624876611477521e+04
7.860303242525274400e+05 4.001795634014673415e+05 -5.593206499769046786e+04 -8.626876019760215422e+04 6.931952341234333289e+04 -1.419413741065110844e+04 1.101480240631814231e+05 1.863010926666604937e+05 3.471131556804966385e+04 -4.882336978193858522e+05 9.472042351742475876e+04 -3.907959529220650438e+04 -4.186764427828349289e+05 -4.961798863154288119e+04 4.050598557320478722e+04 9.693029207685402071e+04 1.505527826421641221e+05 4.558180916475311096e+04
4.359756756797052221e+05 1.167658523354021891e+05 -5.913264215745382899e+03 -2.887799588784244042e+04 1.162716786657935700e+04 1.169011596115717985e+05 3.357980383245857229e+04 3.471131556804966385e+04 9.009701122409106756e+04 -7.492938104671078036e+05 8.162924616814837791e+05 3.119654493815282476e+05 -3.565495200923086377e+05 1.895451163572095975e+05 -4.599358119817313127e+04 6.962930350257537793e+04 6.323019037752221629e+04 3.818739823383992916e+04
6.081334479402098805e+07 -4.867102210024237633e+06 -5.586812905562369851e+05 -1.145157337639666628e+06 3.926913818859199993e+06 -5.199374441512176767e+06 2.615982320452889253e+05 -4.882336978193858522e+05 -7.492938104671078036e+05 2.682615753314721882e+08 1.657412810457867011e+07 -1.043993560983807594e+07 -8.448760626889117062e+06 -7.597195939857464982e+05 6.563553082093879580e+06 2.221608042241718154e+06 -2.704734247205698397e+06 -3.217750472795868758e+06
1.334543511921645887e+07 4.936226630389953963e+06 1.584776018186142435e+06 6.032103206813611323e+05 8.042869394290813943e+05 1.187491279858801980e+06 -1.912180431355142209e+05 9.472042351742475876e+04 8.162924616814837791e+05 1.657412810457867011e+07 6.768227464403708279e+07 8.990371555043082684e+06 4.371780863427824341e+06 3.723545344687609933e+06 -1.854766682951853843e+06 1.097126455708706984e+06 -7.376628626828847919e+05 -1.353542861959190806e+06
-3.096990520157829858e+06 1.298918111179255182e+06 1.321286165259911446e+06 -2.768874322866416187e+05 -3.515623736900504446e+05 8.228787652401713422e+04 2.212988002417257230e+05 -3.907959529220650438e+04 3.119654493815282476e+05 -1.043993560983807594e+07 8.990371555043082684e+06 1.767254700598418340e+07 2.051509397930780426e+06 -2.159111028049100190e+06 -1.649478234495798242e+05 1.087329747078324202e+06 -1.635466845118190104e+05 -4.475131949332666118e+05
-5.588796825152241625e+06 3.117390638825531583e+06 2.061096285779887810e+06 1.329136197272471618e+06 -8.916856281960238703e+05 -3.268712581879195059e+05 -2.689842255643537501e+05 -4.186764427828349289e+05 -3.565495200923086377e+05 -8.448760626889117062e+06 4.371780863427824341e+06 2.051509397930780426e+06 1.384198117011026293e+07 1.227350011793773388e+06 8.795579484583738667e+04 -5.343575584155016113e+05 -6.607654216338524129e+05 1.815023755847257271e+05
6.622055363534507342e+05 2.388509098582604434e+06 4.250897536536944681e+05 6.540261441468423000e+05 8.563729711479890393e+05 5.773764306292793481e+05 6.264285558974128799e+04 -4.961798863154288119e+04 1.895451163572095975e+05 -7.597195939857464982e+05 3.723545344687609933e+06 -2.159111028049100190e+06 1.227350011793773388e+06 6.830315760119077750e+06 9.642355484835664975e+05 -4.319338106853406498e+04 -2.638056314529090305e+05 4.572736913348236703e+05
-5.640116094471132237e+04 1.884300561296460219e+05 2.977806564687641221e+05 5.561132527757936623e+05 7.519946153638100950e+05 1.352394938236706657e+05 1.986047962229449331e+04 4.050598557320478722e+04 -4.599358119817313127e+04 6.563553082093879580e+06 -1.854766682951853843e+06 -1.649478234495798242e+05 8.795579484583738667e+04 9.642355484835664975e+05 2.845415560787311755e+06 5.482937715732484357e+05 1.531451307755578891e+05 -3.685143644234877138e+04
1.213151164164972724e+06 -4.769037278436213383e+05 -1.619318735844060429e+05 -2.953767041235233773e+05 -6.320284334774095623e+04 -3.220564763529183256e+04 -2.866074382729072022e+04 9.693029207685402071e+04 6.962930350257537793e+04 2.221608042241718154e+06 1.097126455708706984e+06 1.087329747078324202e+06 -5.343575584155016113e+05 -4.319338106853406498e+04 5.482937715732484357e+05 1.089790719507277943e+06 1.858251951593466219e+05 9.547653417561177048e+04
-1.114514456720895134e+06 -2.440587155546657959e+04 -2.723488830548517290e+05 -3.678013893044496945e+04 -2.477736831168254430e+05 -7.652867142051018891e+04 6.307578470455711067e+04 1.505527826421641221e+05 6.323019037752221629e+04 -2.704734247205698397e+06 -7.376628626828847919e+05 -1.635466845118190104e+05 -6.607654216338524129e+05 -2.638056314529090305e+05 1.531451307755578891e+05 1.858251951593466219e+05 1.133807281654290855e+06 3.979446005792053766e+05
-1.534113899274584139e+06 -3.643437960456846631e+05 -4.684718827149756253e+05 -1.876628909405560989e+05 -2.381259267456516100e+05 3.690579096579182874e+02 8.644624876611477521e+04 4.558180916475311096e+04 3.818739823383992916e+04 -3.217750472795868758e+06 -1.353542861959190806e+06 -4.475131949332666118e+05 1.815023755847257271e+05 4.572736913348236703e+05 -3.685143644234877138e+04 9.547653417561177048e+04 3.979446005792053766e+05 5.806385835352642462e+05
