# lambda=0.11117725664572171
2.384352685381917283e+07 2.919181857233882882e+06 3.105183240276647266e+06 2.027770749080392532e+06 -2.249305584821540106e+05 -8.449909128744740156e+04 8.506573307025110116e+05 6.791637219874358270e+05 3.844165163999003125e+05 1.542776782801296748e+07 1.071654552316627651e+07 -2.059934211890633916e+06 -6.014852428139513358e+05 1.793873788963193074e+05 -2.307015073185808797e+04 -6.116505419365041889e+05 1.844536480185983703e+06 1.639853212519931607e+06
2.919181857233882882e+06 1.539297383390137739e+07 1.570087260239166208e+06 3.904743215090224403e+05 4.983844135391020100e+05 2.403052351406479138e+05 3.202720324585909839e+05 2.760822979650987545e+05 2.900644408926160540e+05 -2.580223396435904782e+06 3.033660702036185190e+06 -1.898591051227470394e+06 -1.178962851898677880e+06 1.126534698055855464e+06 1.921797636548589915e+06 6.095815542951358948e+05 1.167640473543953849e+06 8.919425129973489093e+05
3.105183240276647266e+06 1.570087260239166208e+06 3.806337073709469754e+06 5.431274159561677370e+05 3.135720023743862403e+05 -8.025046425488531531e+04 2.116990745880137838e+05 2.632630908411541022e+05 -7.860344211327918856e+03 5.004092363952864893e+06 4.536253917848901823e+06 6.324809198359930888e+05 5.715292576883864822e+05 -3.181201122578827199e+05 -5.386480243726905901e+05 -1.019105769948806119e+05 2.810752549386883620e+05 3.422418031423498760e+05
2.027770749080392532e+06 3.904743215090224403e+05 5.431274159561677370e+05 1.367864123577352148e+06 -1.942048929047490237e+05 1.577088159397024720e+05 2.067912866011575388e+05 7.663628098336563562e+04 5.854988187693035434e+04 -9.894993662701724097e+05 1.195223566248815740e+06 -1.132407359730098164e+06 -8.220080476685785688e+05 -2.970294220382306958e+05 1.964810850764390780e+05 1.773148279822411714e+05 1.623676497028018348e+05 -7.555617933077862835e+04
-2.249305584821540106e+05 4.983844135391020100e+05 3.135720023743862403e+05 -1.942048929047490237e+05 1.275844748887575697e+06 -9.241785444219819328e+04 1.225035689657218609e+05 -3.776904187650936365e+04 5.652664285312608990e+04 5.277899518123773858e+06 1.373427087970538996e+06 2.635914672544751782e+06 9.470861380972708575e+05 1.664767111830913927e+06 4.013417449015016318e+05 6.216388191280149476e+04 2.354492474444179970e+05 -4.571752292598196800e+04
-8.449909128744740156e+04 2.403052351406479138e+05 -8.025046425488531531e+04 1.577088159397024720e+05 -9.241785444219819328e+04 3.277342964052261086e+05 1.170417951150339941e+05 7.501626148854897474e+04 -2.556956544614879476e+02 -7.087662927267098567e+05 4.436048552875170135e+05 -1.324022318808710843e+05 -5.495641039041522890e+05 -9.608997353672391910e+04 1.134518853217026044e+05 1.093984539856842275e+04 1.268577765121159173e+05 -5.154372424187578144e+04
8.506573307025110116e+05 3.202720324585909839e+05 2.116990745880137838e+05 2.067912866011575388e+05 1.225035689657218609e+05 1.170417951150339941e+05 3.001652950150443939e+05 8.741559286651304865e+04 4.207872289948120306e+04 1.699742062452753540e+06 1.457070722042994341e+06 -2.974382879436492221e+05 -3.696258510411297320e+05 2.077624960979490061e+04 2.132499063420150487e+05 -3.824032711821181238e+03 2.217839598479340930e+04 8.433629577584208164e+04
6.791637219874358270e+05 2.760822979650987545e+05 2.632630908411541022e+05 7.663628098336563562e+04 -3.776904187650936365e+04 7.501626148854897474e+04 8.741559286651304865e+04 1.670368493503378122e+05 5.745721661982435762e+04 8.219172703929953277e+05 -5.080064975085834885e+04 -2.150495530819813139e+05 -2.792314401576628443e+05 -3.060275335259147687e+05 -3.618384011496130552e+04 -4.703944940815441078e+04 2.601128617933345377e+05 5.183184187122648291e+04
3.844165163999003125e+05 2.900644408926160540e+05 -7.860344211327918856e+03 5.854988187693035434e+04 5.652664285312608990e+04 -2.556956544614879476e+02 4.207872289948120306e+04 5.745721661982435762e+04 2.113606397341399570e+05 2.197623446212882176e+06 -5.218375350101719378e+05 1.243810510767434753e+05 -2.654839288267274969e+05 -2.007251966630213428e+05 9.161276228466597968e+04 -7.800250468045558955e+04 6.245902852754753258e+04 4.965797668715865439e+04
1.542776782801296748e+07 -2.580223396435904782e+06 5.004092363952864893e+06 -9.894993662701724097e+05 5.277899518123773858e+06 -7.087662927267098567e+05 1.699742062452753540e+06 8.219172703929953277e+05 2.197623446212882176e+06 1.712127249717901647e+08 9.265803193172283471e+06 2.804288717911507189e+07 6.433766552386651747e+06 7.142506578017802909e+06 2.312581779480906203e+06 4.535782043778047897e+06 -1.150098542962134583e+06 9.481276093811220489e+05
1.071654552316627651e+07 3.033660702036185190e+06 4.536253917848901823e+06 1.195223566248815740e+06 1.373427087970538996e+06 4.436048552875170135e+05 1.457070722042994341e+06 -5.080064975085834885e+04 -5.218375350101719378e+05 9.265803193172283471e+06 6.043820159457178414e+07 1.536816765318763070e+07 7.073487167380860774e+04 8.031978668650720268e+06 4.311697384253927739e+05 -2.780992415444872808e+06 1.943295543121487426e+05 1.775108547560473671e+06
-2.059934211890633916e+06 -1.898591051227470394e+06 6.324809198359930888e+05 -1.132407359730098164e+06 2.635914672544751782e+06 -1.324022318808710843e+05 -2.974382879436492221e+05 -2.150495530819813139e+05 1.243810510767434753e+05 2.804288717911507189e+07 1.536816765318763070e+07 2.756830807804677263e+07 6.481379794712130912e+06 6.790694843759837560e+06 8.376043456939700991e+05 -1.129599053339393344e+06 9.929131252730404958e+05 1.717100934342605178e+05
-6.014852428139513358e+05 -1.178962851898677880e+06 5.715292576883864822e+05 -8.220080476685785688e+05 9.470861380972708575e+05 -5.495641039041522890e+05 -3.696258510411297320e+05 -2.792314401576628443e+05 -2.654839288267274969e+05 6.433766552386651747e+06 7.073487167380860774e+04 6.481379794712130912e+06 1.435981966555223428e+07 1.162728490979340160e+06 2.494753956981097581e+05 -1.050894831391563639e+06 -8.456544401539165992e+05 2.442221377331341500e+04
1.793873788963193074e+05 1.126534698055855464e+06 -3.181201122578827199e+05 -2.970294220382306958e+05 1.664767111830913927e+06 -9.608997353672391910e+04 2.077624960979490061e+04 -3.060275335259147687e+05 -2.007251966630213428e+05 7.142506578017802909e+06 8.031978668650720268e+06 6.790694843759837560e+06 1.162728490979340160e+06 7.484104876225074753e+06 1.470404040390469134e+06 6.200853030187494587e+05 5.550549939323920989e+05 -5.290688209967907751e+05
-2.307015073185808797e+04 1.921797636548589915e+06 -5.386480243726905901e+05 1.964810850764390780e+05 4.013417449015016318e+05 1.134518853217026044e+05 2.132499063420150487e+05 -3.618384011496130552e+04 9.161276228466597968e+04 2.312581779480906203e+06 4.311697384253927739e+05 8.376043456939700991e+05 2.494753956981097581e+05 1.470404040390469134e+06 2.969275894823859446e+06 3.380838262831706088e+05 -3.585276839439066680e+04 -4.802854820487746038e+05
-6.116505419365041889e+05 6.095815542951358948e+05 -1.019105769948806119e+05 1.773148279822411714e+05 6.216388191280149476e+04 1.093984539856842275e+04 -3.824032711821181238e+03 -4.703944940815441078e+04 -7.800250468045558955e+04 4.535782043778047897e+06 -2.780992415444872808e+06 -1.129599053339393344e+06 -1.050894831391563639e+06 6.200853030187494587e+05 3.380838262831706088e+05 1.285774750234153587e+06 -1.756294558714206214e+05 -2.707040164823989035e+05
1.844536480185983703e+06 1.167640473543953849e+06 2.810752549386883620e+05 1.623676497028018348e+05 2.354492474444179970e+05 1.268577765121159173e+05 2.217839598479340930e+04 2.601128617933345377e+05 6.245902852754753258e+04 -1.150098542962134583e+06 1.943295543121487426e+05 9.929131252730404958e+05 -8.456544401539165992e+05 5.550549939323920989e+05 -3.585276839439066680e+04 -1.756294558714206214e+05 1.615167887436540797e+06 2.510451125482495409e+05
1.639853212519931607e+06 8.919425129973489093e+05 3.422418031423498760e+05 -7.555617933077862835e+04 -4.571752292598196800e+04 -5.154372424187578144e+04 8.433629577584208164e+04 5.183184187122648291e+04 4.965797668715865439e+04 9.481276093811220489e+05 1.775108547560473671e+06 1.717100934342605178e+05 2.442221377331341500e+04 -5.290688209967907751e+05 -4.802854820487746038e+05 -2.707040164823989035e+05 2.510451125482495409e+05 7.582818819542650599e+05
