# lambda=0.08727170559309207
7.245526844750234485e+07 7.949117454464639537e+06 1.688176855151109921e+05 6.933834274129446130e+05 2.160781189502054360e+06 4.853844791138243745e+05 4.373215801201423164e+05 -3.613958055096907774e+05 -1.046182676347996894e+05 -4.840432693190336227e+06 -1.113744754970255494e+07 -9.720120199381668121e+06 1.873394588884249330e+06 2.756876301577035803e+06 -4.546895101055051782e+05 2.120352664048998151e+06 1.498862544755463721e+06 -4.993204870187000779e+04
7.949117454464639537e+06 1.458116395407477394e+07 2.767221469802855980e+06 -1.650352926636297489e+06 3.227923181531527662e+05 -1.518122088040229282e+05 1.169524577279516234e+05 -2.494505402596375789e+05 8.968515843230501559e+03 -2.496672899635309353e+06 -7.502630776733187959e+06 3.482298931284957565e+06 2.878672073432125617e+05 1.099821254994503455e+06 1.249059238575688069e+05 8.417933401409165235e+05 -2.656471529909831588e+05 -2.083166917736917094e+05
1.688176855151109921e+05 2.767221469802855980e+06 4.177780245586377103e+06 -5.858626931979854999e+04 4.866074480743953027e+05 2.854346851909754332e+05 1.162060489306043746e+05 -1.041839559371496289e+05 2.956427578528121230e+05 3.235792953552989755e+06 -2.384044634464443952e+05 6.515372788835759275e+06 1.249424259248052491e+06 1.513748098608460743e+06 2.041350150281824172e+05 -7.536853526100963063e+04 1.780775680304499692e+05 3.749591025717585580e+05
6.933834274129446130e+05 -1.650352926636297489e+06 -5.858626931979854999e+04 1.986387602180240676e+06 4.367793433590985369e+05 8.711522789318472496e+04 -3.234729789818053541e+04 1.287005828130444424e+05 2.101714823621512332e+05 -1.030181493545270525e+07 2.110896754817754496e+06 8.557796147944872500e+05 1.241508472932517761e+06 1.982777756351624266e+05 3.240020747700615320e+05 4.125146131641029497e+05 4.490658180913949036e+05 7.432596035722733359e+04
2.160781189502054360e+06 3.227923181531527662e+05 4.866074480743953027e+05 4.367793433590985369e+05 1.451557170094389236e+06 5.003393675935694046e+04 1.418588711797815922e+05 1.127095437012719049e+05 1.541781239131703915e+05 -1.685549384116471279e+06 -1.540083292816969799e+06 6.776778896828864235e+05 2.934766784149366431e+05 9.563616858105005231e+05 9.820966181827752735e+04 3.906092462381534278e+05 -1.648459783257612798e+04 1.299651662013947207e+05
4.853844791138243745e+05 -1.518122088040229282e+05 2.854346851909754332e+05 8.711522789318472496e+04 5.003393675935694046e+04 4.914862881828370155e+05 4.005900184281278052e+04 4.608593442979233077e+04 7.828607463678710337e+04 1.370373916481589200e+06 -5.508078431357181398e+05 -2.890943026335798786e+05 -9.636595718074715114e+04 -3.227733921552432585e+05 8.210879308768629562e+04 5.692081836800029268e+05 2.583485314230375516e+05 5.892864095317318424e+04
4.373215801201423164e+05 1.169524577279516234e+05 1.162060489306043746e+05 -3.234729789818053541e+04 1.418588711797815922e+05 4.005900184281278052e+04 4.044347098425108125e+05 -1.336592061232797460e+04 2.864175588315178538e+04 3.910199096614970476e+05 -4.419554392515352083e+04 7.366189161045782967e+05 8.126616358761547599e+05 2.049164054833888658e+05 1.914725465244308361e+04 2.294583836955559673e+05 1.105061420852093288e+05 4.763003687502290268e+04
-3.613958055096907774e+05 -2.494505402596375789e+05 -1.041839559371496289e+05 1.287005828130444424e+05 1.127095437012719049e+05 4.608593442979233077e+04 -1.336592061232797460e+04 1.405649299426619837e+05 6.513659282204708870e+04 -1.816105089153891022e+05 -2.546859924340627040e+05 -1.463827053054967255e+05 1.925548558018348558e+04 -1.064793683977048204e+05 3.853855461132356868e+04 6.092078313216796232e+04 4.791898978090895980e+04 6.960297633336941362e+04
-1.046182676347996894e+05 8.968515843230501559e+03 2.956427578528121230e+05 2.101714823621512332e+05 1.541781239131703915e+05 7.828607463678710337e+04 2.864175588315178538e+04 6.513659282204708870e+04 1.487700355057969864e+05 6.015056523322522407e+05 1.580561873936225602e+05 6.417958561708163470e+05 2.473435215131201549e+05 1.387832925754619064e+05 -3.773953012116930768e+04 8.301379432107321918e+04 1.176807824850279721e+05 1.318976855953552586e+05
-4.840432693190336227e+06 -2.496672899635309353e+06 3.235792953552989755e+06 -1.030181493545270525e+07 -1.685549384116471279e+06 1.370373916481589200e+06 3.910199096614970476e+05 -1.816105089153891022e+05 6.015056523322522407e+05 2.549160903557588756e+08 4.122975109711655416e+06 -6.038035473428767174e+06 -1.353905582876849547e+07 1.998630126354039414e+06 -5.137976617124372162e+06 -3.521508949628349859e+06 9.833421027999710059e+05 -1.961432933904913370e+05
-1.113744754970255494e+07 -7.502630776733187959e+06 -2.384044634464443952e+05 2.110896754817754496e+06 -1.540083292816969799e+06 -5.508078431357181398e+05 -4.419554392515352083e+04 -2.546859924340627040e+05 1.580561873936225602e+05 4.122975109711655416e+06 4.704265468232769519e+07 6.456725584436232224e+06 -3.969310806996367755e+05 3.261203432777744718e+06 2.711673982199507300e+06 -1.356721576230637729e+06 1.037338027758385637e+06 6.565353333089041989e+05
-9.720120199381668121e+06 3.482298931284957565e+06 6.515372788835759275e+06 8.557796147944872500e+05 6.776778896828864235e+05 -2.890943026335798786e+05 7.366189161045782967e+05 -1.463827053054967255e+05 6.417958561708163470e+05 -6.038035473428767174e+06 6.456725584436232224e+06 2.841743112805810943e+07 5.481843565307876095e+06 3.754590156479126308e+06 5.034086363303873222e+05 -1.675245199600915890e+06 1.173651565116985934e+06 2.031213806789466646e+06
1.873394588884249330e+06 2.878672073432125617e+05 1.249424259248052491e+06 1.241508472932517761e+06 2.934766784149366431e+05 -9.636595718074715114e+04 8.126616358761547599e+05 1.925548558018348558e+04 2.473435215131201549e+05 -1.353905582876849547e+07 -3.969310806996367755e+05 5.481843565307876095e+06 1.047657238749115728e+07 1.493236985026326030e+06 2.581979999575705151e+05 -5.041346209721951745e+05 -1.824743658225183608e+05 2.121625575872089248e+05
2.756876301577035803e+06 1.099821254994503455e+06 1.513748098608460743e+06 1.982777756351624266e+05 9.563616858105005231e+05 -3.227733921552432585e+05 2.049164054833888658e+05 -1.064793683977048204e+05 1.387832925754619064e+05 1.998630126354039414e+06 3.261203432777744718e+06 3.754590156479126308e+06 1.493236985026326030e+06 3.545870088897320442e+06 -2.655300901726661687e+04 -5.949009684824396390e+05 -2.367994728617413493e+05 2.113746542725046165e+05
-4.546895101055051782e+05 1.249059238575688069e+05 2.041350150281824172e+05 3.240020747700615320e+05 9.820966181827752735e+04 8.210879308768629562e+04 1.914725465244308361e+04 3.853855461132356868e+04 -3.773953012116930768e+04 -5.137976617124372162e+06 2.711673982199507300e+06 5.034086363303873222e+05 2.581979999575705151e+05 -2.655300901726661687e+04 2.087004996615404962e+06 5.571861301096304087e+05 6.031973555470233259e+04 7.861122762010886800e+04
2.120352664048998151e+06 8.417933401409165235e+05 -7.536853526100963063e+04 4.125146131641029497e+05 3.906092462381534278e+05 5.692081836800029268e+05 2.294583836955559673e+05 6.092078313216796232e+04 8.301379432107321918e+04 -3.521508949628349859e+06 -1.356721576230637729e+06 -1.675245199600915890e+06 -5.041346209721951745e+05 -5.949009684824396390e+05 5.571861301096304087e+05 2.023848347335123923e+06 5.983397797161717899e+05 -2.054887428095415817e+04
1.498862544755463721e+06 -2.656471529909831588e+05 1.780775680304499692e+05 4.490658180913949036e+05 -1.648459783257612798e+04 2.583485314230375516e+05 1.105061420852093288e+05 4.791898978090895980e+04 1.176807824850279721e+05 9.833421027999710059e+05 1.037338027758385637e+06 1.173651565116985934e+06 -1.824743658225183608e+05 -2.367994728617413493e+05 6.031973555470233259e+04 5.983397797161717899e+05 1.003950806468256866e+06 2.144836481817488093e+05
-4.993204870187000779e+04 -2.083166917736917094e+05 3.749591025717585580e+05 7.432596035722733359e+04 1.299651662013947207e+05 5.892864095317318424e+04 4.763003687502290268e+04 6.960297633336941362e+04 1.318976855953552586e+05 -1.961432933904913370e+05 6.565353333089041989e+05 2.031213806789466646e+06 2.121625575872089248e+05 2.113746542725046165e+05 7.861122762010886800e+04 -2.054887428095415817e+04 2.144836481817488093e+05 5.790958122991046403e+05
