# lambda=0.16301659721083164
3.581155360292011499e+07 8.606501384548276663e+06 -6.758133726323941955e+05 -7.903463479326202068e+05 7.747660117139291251e+05 -1.817593954062835546e+05 -1.407341300500964979e+06 -9.887333599910556222e+04 -4.114108102500680834e+05 8.774536950122931972e+06 -5.653747182463272475e+06 -2.161295152093959914e+05 2.453127185352161760e+05 1.608332382292072289e+06 -1.464875501297240146e+06 -7.297702656743589323e+05 -6.702010519163417630e+05 -5.326632689283929067e+05
8.606501384548276663e+06 1.920224376912942901e+07 2.574557119917877484e+06 6.168410511155764107e+05 5.510422247594938381e+05 -3.662844360208015423e+05 -6.097877391021234216e+05 -3.030768142619833234e+05 2.659950129924229714e+03 1.966615757436675951e+07 1.491497940124141984e+07 8.436226812781991437e+06 2.109003485101155005e+06 1.073016746462819283e+05 -1.102629348615784897e+06 2.761354752217923524e+05 2.354266864414348092e+05 -8.343050207095996011e+05
-6.758133726323941955e+05 2.574557119917877484e+06 4.428907265019797720e+06 7.458675526472168276e+05 3.490109616141021834e+05 -1.340203006852863473e+05 2.032813237762526551e+05 5.816118609212809679e+04 7.626088408109398733e+04 1.143363469017021824e+06 2.402333135797402821e+06 2.596204221372014377e+06 -5.790228571073923958e+05 -5.036912881247163168e+05 -3.150300466698326636e+05 -1.419982746277670085e+05 -2.327427930515698681e+05 9.689156780250080919e+04
-7.903463479326202068e+05 6.168410511155764107e+05 7.458675526472168276e+05 1.418881389807777479e+06 2.327140039406037540e+05 1.712620679166764021e+05 -1.810231935188977805e+05 1.829971070637147932e+05 7.636183430275779392e+04 -1.386908651289716829e+06 -2.451053745068471413e+06 5.632496218784307130e+05 1.181196891742779408e+06 3.991451518339908216e+05 -2.841028074823995121e+05 -1.421248189138438029e+05 4.782502278205753537e+05 -9.672586592324681988e+03
7.747660117139291251e+05 5.510422247594938381e+05 3.490109616141021834e+05 2.327140039406037540e+05 9.356850899203857407e+05 -7.541853923404544184e+04 -1.542625025336813123e+05 3.371915373978422576e+04 7.345008979972079396e+04 -3.005049915101958904e+05 7.320667459427205613e+05 1.431748890168488258e+06 -4.771362896021389752e+05 9.045454353605803335e+05 -3.737264325790902949e+05 9.799254024469353317e+04 2.033887424581526138e+05 2.340198805053774777e+04
-1.817593954062835546e+05 -3.662844360208015423e+05 -1.340203006852863473e+05 1.712620679166764021e+05 -7.541853923404544184e+04 4.446772534396965057e+05 1.526740951527382713e+05 9.241204815063186106e+04 1.755349034193993066e+04 -1.578751468648136128e+06 -3.542783682112707756e+05 -8.530873896818369394e+05 5.327357941643320955e+05 -4.805377616492355592e+05 9.177627861200764892e+04 8.378782300263106299e+04 6.886691800416274054e+04 -9.780374020785111497e+03
-1.407341300500964979e+06 -6.097877391021234216e+05 2.032813237762526551e+05 -1.810231935188977805e+05 -1.542625025336813123e+05 1.526740951527382713e+05 4.201979432114607189e+05 7.829749735998718825e+04 2.374831479552300880e+04 -7.550359309631045908e+05 -2.126858960013106116e+05 -6.102720444178346079e+05 4.666179093337022641e+04 -4.142399541243427666e+05 1.524501325326145743e+05 1.442857098144698830e+05 -2.151348285907832178e+04 1.451885787665711359e+04
-9.887333599910556222e+04 -3.030768142619833234e+05 5.816118609212809679e+04 1.829971070637147932e+05 3.371915373978422576e+04 9.241204815063186106e+04 7.829749735998718825e+04 1.652761820816207910e+05 2.963750074817431596e+04 2.459430699011024626e+04 -9.438445012416262180e+05 -2.170047678680292738e+05 2.568620033681343775e+05 2.797916097129977788e+04 8.824905991424422245e+04 2.405084762521761149e+04 9.587644923522751196e+04 2.005260077912871202e+04
-4.114108102500680834e+05 2.659950129924229714e+03 7.626088408109398733e+04 7.636183430275779392e+04 7.345008979972079396e+04 1.755349034193993066e+04 2.374831479552300880e+04 2.963750074817431596e+04 9.591082513761955488e+04 6.721396315128955757e+05 -4.118126820144698140e+05 1.059257667094015196e+05 1.185863613879386248e+05 -3.423816047934730886e+04 2.565273220400295395e+04 -1.360240573905803467e+04 9.645415665933911805e+04 6.034478446051742503e+04
8.774536950122931972e+06 1.966615757436675951e+07 1.143363469017021824e+06 -1.386908651289716829e+06 -3.005049915101958904e+05 -1.578751468648136128e+06 -7.550359309631045908e+05 2.459430699011024626e+04 6.721396315128955757e+05 1.475436116373711526e+08 2.559475143650583550e+07 1.682449301427127048e+07 -2.159994279587838682e+05 -4.457492384502347559e+06 -4.160337558242056984e+06 7.680558968961250503e+04 2.053970178759267554e+06 1.856417252340300009e+06
-5.653747182463272475e+06 1.491497940124141984e+07 2.402333135797402821e+06 -2.451053745068471413e+06 7.320667459427205613e+05 -3.542783682112707756e+05 -2.126858960013106116e+05 -9.438445012416262180e+05 -4.118126820144698140e+05 2.559475143650583550e+07 6.174731698574428260e+07 1.693493128991689906e+07 -7.500488521974920295e+05 -2.076973431789238006e+06 -1.583814804751031334e+06 3.611219770176215097e+06 -3.191047305155709037e+05 -7.021295956281658728e+05
-2.161295152093959914e+05 8.436226812781991437e+06 2.596204221372014377e+06 5.632496218784307130e+05 1.431748890168488258e+06 -8.530873896818369394e+05 -6.102720444178346079e+05 -2.170047678680292738e+05 1.059257667094015196e+05 1.682449301427127048e+07 1.693493128991689906e+07 1.790359125088756904e+07 4.699476073139484040e+06 2.395140018920887262e+06 -2.031621041031418135e+06 8.077899694742814172e+05 3.944297934146170737e+05 -1.535147583207279677e+05
2.453127185352161760e+05 2.109003485101155005e+06 -5.790228571073923958e+05 1.181196891742779408e+06 -4.771362896021389752e+05 5.327357941643320955e+05 4.666179093337022641e+04 2.568620033681343775e+05 1.185863613879386248e+05 -2.159994279587838682e+05 -7.500488521974920295e+05 4.699476073139484040e+06 1.406152116274997965e+07 -2.033595094522841682e+05 -7.015977484912067885e+05 4.883541801420423435e+05 8.443588829408882884e+05 3.390353637626960990e+05
1.608332382292072289e+06 1.073016746462819283e+05 -5.036912881247163168e+05 3.991451518339908216e+05 9.045454353605803335e+05 -4.805377616492355592e+05 -4.142399541243427666e+05 2.797916097129977788e+04 -3.423816047934730886e+04 -4.457492384502347559e+06 -2.076973431789238006e+06 2.395140018920887262e+06 -2.033595094522841682e+05 4.627736962925387546e+06 -2.566810309714030591e+05 -1.611664384152823186e+05 3.551108317490748595e+05 -2.605348778897523298e+05
-1.464875501297240146e+06 -1.102629348615784897e+06 -3.150300466698326636e+05 -2.841028074823995121e+05 -3.737264325790902949e+05 9.177627861200764892e+04 1.524501325326145743e+05 8.824905991424422245e+04 2.565273220400295395e+04 -4.160337558242056984e+06 -1.583814804751031334e+06 -2.031621041031418135e+06 -7.015977484912067885e+05 -2.566810309714030591e+05 2.051371749268359970e+06 4.475373905123881559e+04 -9.005629931895916525e+04 4.207183187756894768e+04
-7.297702656743589323e+05 2.761354752217923524e+05 -1.419982746277670085e+05 -1.421248189138438029e+05 9.799254024469353317e+04 8.378782300263106299e+04 1.442857098144698830e+05 2.405084762521761149e+04 -1.360240573905803467e+04 7.680558968961250503e+04 3.611219770176215097e+06 8.077899694742814172e+05 4.883541801420423435e+05 -1.611664384152823186e+05 4.475373905123881559e+04 9.877093669065046124e+05 1.184111372854619258e+05 -1.321963757308741042e+05
-6.702010519163417630e+05 2.354266864414348092e+05 -2.327427930515698681e+05 4.782502278205753537e+05 2.033887424581526138e+05 6.886691800416274054e+04 -2.151348285907832178e+04 9.587644923522751196e+04 9.645415665933911805e+04 2.053970178759267554e+06 -3.191047305155709037e+05 3.944297934146170737e+05 8.443588829408882884e+05 3.551108317490748595e+05 -9.005629931895916525e+04 1.184111372854619258e+05 8.557470261920616031e+05 6.393195598869167588e+04
-5.326632689283929067e+05 -8.343050207095996011e+05 9.689156780250080919e+04 -9.672586592324681988e+03 2.340198805053774777e+04 -9.780374020785111497e+03 1.451885787665711359e+04 2.005260077912871202e+04 6.034478446051742503e+04 1.856417252340300009e+06 -7.021295956281658728e+05 -1.535147583207279677e+05 3.390353637626960990e+05 -2.605348778897523298e+05 4.207183187756894768e+04 -1.321963757308741042e+05 6.393195598869167588e+04 3.573920510633711820e+05
