# lambda=0.09421585470853981
4.911934277060673386e+07 2.238511328506658319e+06 1.960548166121464456e+06 2.495569342943587806e+06 3.190092681405054871e+06 1.097029982941812137e+06 1.222082452676070097e+05 -2.148869522486425121e+05 7.101051360829498153e+05 6.844158691983926296e+07 1.409613782068035565e+07 4.646736469549370930e+06 3.917400443895094097e+06 3.606704216678092722e+06 -5.064506174300962593e+05 -3.244568908192243427e+06 -1.625553736159621971e+06 -1.069178664856628980e+06
2.238511328506658319e+06 1.171026640664736554e+07 6.582791428662870312e+05 -4.792533608181059244e+05 2.084164336122325913e+05 6.690067243779738201e+05 9.511638285746284237e+04 3.898585483557793777e+05 3.177636169219587464e+05 2.829249595837308839e+07 6.134758278877606615e+06 -1.543703619887639536e+06 -9.590892437452889862e+04 8.234683150452710688e+05 9.467604581973556196e+05 6.358553751363551710e+05 -5.313309603216730757e+05 5.657360667950387578e+05
1.960548166121464456e+06 6.582791428662870312e+05 4.769774450526723638e+06 5.969698010974128265e+05 -3.353712397570327157e+05 -1.981775556562922720e+05 1.015541993647502386e+05 3.800359323397619301e+05 1.113902858524654293e+05 6.770059143572483212e+06 5.191847126573038287e+06 1.081960740594559815e+06 -8.441472207175237127e+05 -3.696805679968322511e+05 -4.322052363464784139e+04 9.465943817435516394e+04 -4.346487886511727993e+03 -3.284265438490246888e+05
2.495569342943587806e+06 -4.792533608181059244e+05 5.969698010974128265e+05 2.186380479142971803e+06 4.570899167989822454e+05 -8.060582664052883047e+04 1.903038777842141280e+05 4.403527700961065420e+04 1.889991737475323680e+04 1.894759505512168631e+06 2.395119332088454394e+05 2.827309269055978395e+06 1.069579963828742737e+06 2.184765253994872328e+05 3.399788447217446519e+05 7.227298320258146850e+05 1.407985272560551857e+04 -1.663569481447847502e+05
3.190092681405054871e+06 2.084164336122325913e+05 -3.353712397570327157e+05 4.570899167989822454e+05 1.548942403965814505e+06 1.397941364221499825e+05 1.768939682943455118e+05 1.284089923623065697e+05 7.541954272576973017e+04 5.091536378766858019e+06 9.183661093433393398e+05 1.114233239818114089e+06 4.396526779085636372e+05 1.093561182883330388e+06 5.721552666938592447e+05 -2.466942027493863425e+05 1.469749493950057658e+05 -2.093532887806615690e+03
1.097029982941812137e+06 6.690067243779738201e+05 -1.981775556562922720e+05 -8.060582664052883047e+04 1.397941364221499825e+05 4.284275008215878624e+05 1.016083441259252431e+05 -2.266536289290899276e+03 7.088713343714874645e+04 2.579155192611701321e+06 -7.637495671812662622e+05 -8.743413920810035197e+05 -4.208931974730960210e+05 8.833915990185215196e+04 2.547680013457720343e+05 -5.819716248894588352e+04 6.472446367512277902e+03 1.760194062018262412e+04
1.222082452676070097e+05 9.511638285746284237e+04 1.015541993647502386e+05 1.903038777842141280e+05 1.768939682943455118e+05 1.016083441259252431e+05 3.797697663787311176e+05 7.998204287850075343e+04 7.692921338811048190e+04 1.106905692888037069e+06 3.499821429971565958e+05 6.683107014940457884e+05 1.057695150478942232e+05 1.264712243392765959e+05 9.722342384269376635e+04 3.471646368002112722e+05 1.308180729143276767e+04 -7.143477363942479133e+04
-2.148869522486425121e+05 3.898585483557793777e+05 3.800359323397619301e+05 4.403527700961065420e+04 1.284089923623065697e+05 -2.266536289290899276e+03 7.998204287850075343e+04 1.458621479297438927e+05 3.910286390846074937e+04 1.002958709627098171e+06 2.602200296503436111e+05 5.914224798606617842e+05 1.920295217473183584e+05 2.650755237635039375e+05 7.691232246823085006e+04 6.320916991841737035e+04 3.520175016580088140e+03 -4.103519667329157528e+04
7.101051360829498153e+05 3.177636169219587464e+05 1.113902858524654293e+05 1.889991737475323680e+04 7.541954272576973017e+04 7.088713343714874645e+04 7.692921338811048190e+04 3.910286390846074937e+04 1.234638612001099391e+05 1.916267589848311152e+06 -2.672491357329646125e+05 -2.412443211513844435e+05 -5.875238263168176491e+04 -7.742632799165921460e+04 1.683468387498055527e+05 2.586817822697367228e+04 -5.428022797537134466e+04 1.075984307343235560e+05
6.844158691983926296e+07 2.829249595837308839e+07 6.770059143572483212e+06 1.894759505512168631e+06 5.091536378766858019e+06 2.579155192611701321e+06 1.106905692888037069e+06 1.002958709627098171e+06 1.916267589848311152e+06 2.636763504370612800e+08 4.637729324482163787e+07 -1.621956312108062208e+06 -1.811532435455308296e+06 8.791896967134835199e+06 -2.616080759194551967e+06 -4.207617366820675321e+06 -3.627193421675928403e+06 -5.043476697009993368e+05
1.409613782068035565e+07 6.134758278877606615e+06 5.191847126573038287e+06 2.395119332088454394e+05 9.183661093433393398e+05 -7.637495671812662622e+05 3.499821429971565958e+05 2.602200296503436111e+05 -2.672491357329646125e+05 4.637729324482163787e+07 8.120971360552395880e+07 3.317714393171167467e+06 -1.957040004387824098e+06 4.950511052696718834e+06 1.934619698815117357e+06 2.581778116067713127e+06 -8.229723399950286839e+05 2.066107439800065244e+06
4.646736469549370930e+06 -1.543703619887639536e+06 1.081960740594559815e+06 2.827309269055978395e+06 1.114233239818114089e+06 -8.743413920810035197e+05 6.683107014940457884e+05 5.914224798606617842e+05 -2.412443211513844435e+05 -1.621956312108062208e+06 3.317714393171167467e+06 2.116001423676332086e+07 9.569113314942436293e+06 1.817871341412630165e+06 3.433538733127982705e+05 7.529169165416921023e+05 -6.579277014057037013e+04 -1.256358184431311442e+06
3.917400443895094097e+06 -9.590892437452889862e+04 -8.441472207175237127e+05 1.069579963828742737e+06 4.396526779085636372e+05 -4.208931974730960210e+05 1.057695150478942232e+05 1.920295217473183584e+05 -5.875238263168176491e+04 -1.811532435455308296e+06 -1.957040004387824098e+06 9.569113314942436293e+06 9.575225630321063101e+06 1.317519224653739715e+06 1.392356423192905495e+05 4.882263700430681929e+05 1.028498278565155779e+05 8.834777897275560827e+04
3.606704216678092722e+06 8.234683150452710688e+05 -3.696805679968322511e+05 2.184765253994872328e+05 1.093561182883330388e+06 8.833915990185215196e+04 1.264712243392765959e+05 2.650755237635039375e+05 -7.742632799165921460e+04 8.791896967134835199e+06 4.950511052696718834e+06 1.817871341412630165e+06 1.317519224653739715e+06 3.582390429989466444e+06 -1.144147131655939593e+05 3.000170245075921994e+05 1.592708227044992964e+05 -6.280034406658940134e+04
-5.064506174300962593e+05 9.467604581973556196e+05 -4.322052363464784139e+04 3.399788447217446519e+05 5.721552666938592447e+05 2.547680013457720343e+05 9.722342384269376635e+04 7.691232246823085006e+04 1.683468387498055527e+05 -2.616080759194551967e+06 1.934619698815117357e+06 3.433538733127982705e+05 1.392356423192905495e+05 -1.144147131655939593e+05 3.057199261494792998e+06 3.822415373474984663e+05 1.999330785570137668e+05 3.204369868770342437e+05
-3.244568908192243427e+06 6.358553751363551710e+05 9.465943817435516394e+04 7.227298320258146850e+05 -2.466942027493863425e+05 -5.819716248894588352e+04 3.471646368002112722e+05 6.320916991841737035e+04 2.586817822697367228e+04 -4.207617366820675321e+06 2.581778116067713127e+06 7.529169165416921023e+05 4.882263700430681929e+05 3.000170245075921994e+05 3.822415373474984663e+05 1.900544738733813399e+06 3.569349558265167871e+05 5.082992301640109508e+05
-1.625553736159621971e+06 -5.313309603216730757e+05 -4.346487886511727993e+03 1.407985272560551857e+04 1.469749493950057658e+05 6.472446367512277902e+03 1.308180729143276767e+04 3.520175016580088140e+03 -5.428022797537134466e+04 -3.627193421675928403e+06 -8.229723399950286839e+05 -6.579277014057037013e+04 1.028498278565155779e+05 1.592708227044992964e+05 1.999330785570137668e+05 3.569349558265167871e+05 7.549216575042307377e+05 1.532046010612498212e+05
-1.069178664856628980e+06 5.657360667950387578e+05 -3.284265438490246888e+05 -1.663569481447847502e+05 -2.093532887806615690e+03 1.760194062018262412e+04 -7.143477363942479133e+04 -4.103519667329157528e+04 1.075984307343235560e+05 -5.043476697009993368e+05 2.066107439800065244e+06 -1.256358184431311442e+06 8.834777897275560827e+04 -6.280034406658940134e+04 3.204369868770342437e+05 5.082992301640109508e+05 1.532046010612498212e+05 8.933037659810583573e+05
