# lambda=0.15848884267946706
2.147306816029814631e+07 9.050888791906645056e+05 8.247849707873032894e+05 3.105307461462324718e+05 -9.368995321823001141e+05 -4.569954961015514564e+05 6.465494910761164501e+05 5.833660740925782593e+05 1.884656151321841171e+05 -1.767641150231877342e+07 -1.544156097210134845e+06 2.703206950663385447e+06 2.914846540704533458e+06 -3.476562252139472985e+05 -1.313318056794507138e+05 1.227077848132953281e+06 1.743325436875342391e+06 6.824042777954152552e+05
9.050888791906645056e+05 1.353585593279989064e+07 2.140741273158768658e+06 1.284007842950962717e+06 1.411220169268799364e+05 2.244018462074921699e+05 5.757390832931259647e+05 -2.184977093303737929e+05 -4.192070653684844729e+05 1.373626940750157088e+07 1.612062582686085626e+07 -3.806051745596229099e+06 -1.364157168561212718e+06 3.481859677432370954e+05 -1.230133347201904980e+06 7.285540701870054472e+05 -4.908289878398725996e+05 -3.278325257229493582e+05
8.247849707873032894e+05 2.140741273158768658e+06 5.225769771831024438e+06 1.221004436780860415e+06 4.170880189453853527e+05 -2.273973757674818917e+05 1.277521331922184327e+05 -2.732558544336571140e+04 -1.268968356943498511e+05 -2.870217884399958421e+05 8.577383692622093949e+05 -1.941979941610116803e+05 2.879339631927524460e+05 1.683434384191033896e+06 4.167627814151657367e+04 3.447675847414437449e+05 -3.486421296664296533e+05 4.773563715671302634e+04
3.105307461462324718e+05 1.284007842950962717e+06 1.221004436780860415e+06 1.543083675212454516e+06 9.299696185442803835e+04 -2.154133302462961583e+05 -8.949228194249166700e+04 -1.003649859267935244e+05 -5.324517903900028614e+04 1.986351992877426092e+06 3.762121163696338044e+04 -8.280272264601545176e+05 4.600349601761562517e+05 4.580524753647197213e+04 1.204503161868282186e+05 -1.312463068602773128e+05 -7.665514252680017671e+04 1.936450648833519663e+05
-9.368995321823001141e+05 1.411220169268799364e+05 4.170880189453853527e+05 9.299696185442803835e+04 8.555812059029688826e+05 1.109286890435758978e+05 1.852312662923048265e+04 -2.777891029934736434e+04 6.469908372300163137e+03 -7.613392686862124829e+05 3.991613357546937186e+05 -3.831162333191303769e+05 -2.894394156388211413e+05 4.679141316243867623e+05 2.254742134521431872e+05 1.656708834299044101e+05 2.316446709783000188e+04 -2.453599821140818221e+03
-4.569954961015514564e+05 2.244018462074921699e+05 -2.273973757674818917e+05 -2.154133302462961583e+05 1.109286890435758978e+05 5.237687209147411631e+05 3.879501767242803908e+04 2.554680985258748080e+02 1.011614234271256282e+04 1.470910182873470010e+06 -4.184972929487202200e+05 -2.991861706566205830e+05 -2.139881358475366142e+05 -7.196290064856785648e+03 -1.924468220365955203e+05 -1.781376862110855291e+05 -4.074100319433302502e+04 -1.631957204149065001e+04
6.465494910761164501e+05 5.757390832931259647e+05 1.277521331922184327e+05 -8.949228194249166700e+04 1.852312662923048265e+04 3.879501767242803908e+04 2.634194470892326790e+05 5.339326667036199797e+04 3.008806280150218299e+04 -1.041279819999495754e+06 9.144741375484801829e+05 3.966221684454960632e+05 -2.855556374718405423e+05 -1.760601701264310977e+05 -1.861325652227812498e+03 2.400774358865040122e+05 9.929421519245664240e+04 3.245882224713256073e+04
5.833660740925782593e+05 -2.184977093303737929e+05 -2.732558544336571140e+04 -1.003649859267935244e+05 -2.777891029934736434e+04 2.554680985258748080e+02 5.339326667036199797e+04 1.456555590191727388e+05 4.237784784504884010e+04 -6.298209423312861472e+05 -3.454780325220690574e+05 4.192470192079229746e+05 7.880078444064033101e+04 1.146947143832928268e+05 1.733206846971370396e+04 5.568487298071348778e+04 1.780285084200654455e+04 -8.278251147216436948e+03
1.884656151321841171e+05 -4.192070653684844729e+05 -1.268968356943498511e+05 -5.324517903900028614e+04 6.469908372300163137e+03 1.011614234271256282e+04 3.008806280150218299e+04 4.237784784504884010e+04 1.166574322358357022e+05 -1.900213331577552482e+06 -6.296428308012752095e+05 4.077629929416074301e+05 -5.070441054646021075e+04 -9.577867598892333626e+04 -3.235391450731314035e+04 7.369025424547657894e+04 1.015676284009700612e+05 1.163025711962210771e+05
-1.767641150231877342e+07 1.373626940750157088e+07 -2.870217884399958421e+05 1.986351992877426092e+06 -7.613392686862124829e+05 1.470910182873470010e+06 -1.041279819999495754e+06 -6.298209423312861472e+05 -1.900213331577552482e+06 2.172843923940992355e+08 1.696487582083422691e+07 -4.279505072410757653e+06 5.157004095100059174e+06 6.334690293877289630e+06 7.316534005909531843e+05 1.528605940142333740e+06 -2.951066721182665322e+06 -2.969903650042708032e+06
-1.544156097210134845e+06 1.612062582686085626e+07 8.577383692622093949e+05 3.762121163696338044e+04 3.991613357546937186e+05 -4.184972929487202200e+05 9.144741375484801829e+05 -3.454780325220690574e+05 -6.296428308012752095e+05 1.696487582083422691e+07 7.728252501480339468e+07 4.762250925573707558e+06 -8.502945680744998390e+05 7.790508008590535028e+05 -1.952371930422085337e+06 -2.652994514646209427e+05 -5.807596649512561271e+05 4.114916019687042572e+05
2.703206950663385447e+06 -3.806051745596229099e+06 -1.941979941610116803e+05 -8.280272264601545176e+05 -3.831162333191303769e+05 -2.991861706566205830e+05 3.966221684454960632e+05 4.192470192079229746e+05 4.077629929416074301e+05 -4.279505072410757653e+06 4.762250925573707558e+06 2.345900399020330608e+07 -8.151465997427346883e+05 -2.068388417913379846e+06 1.409412931875466602e+05 2.730431761689051054e+05 1.652949929841539124e+05 2.121387302639434638e+05
2.914846540704533458e+06 -1.364157168561212718e+06 2.879339631927524460e+05 4.600349601761562517e+05 -2.894394156388211413e+05 -2.139881358475366142e+05 -2.855556374718405423e+05 7.880078444064033101e+04 -5.070441054646021075e+04 5.157004095100059174e+06 -8.502945680744998390e+05 -8.151465997427346883e+05 7.785833351217498071e+06 1.090201760109829251e+06 1.349648644751685904e+06 5.839454166955646360e+04 -1.862228883571092447e+05 4.188678915061609005e+05
-3.476562252139472985e+05 3.481859677432370954e+05 1.683434384191033896e+06 4.580524753647197213e+04 4.679141316243867623e+05 -7.196290064856785648e+03 -1.760601701264310977e+05 1.146947143832928268e+05 -9.577867598892333626e+04 6.334690293877289630e+06 7.790508008590535028e+05 -2.068388417913379846e+06 1.090201760109829251e+06 4.168743180562169291e+06 5.195016260292398511e+05 6.001939915776615962e+05 -1.746530918519970146e+05 -1.169505814607917127e+05
-1.313318056794507138e+05 -1.230133347201904980e+06 4.167627814151657367e+04 1.204503161868282186e+05 2.254742134521431872e+05 -1.924468220365955203e+05 -1.861325652227812498e+03 1.733206846971370396e+04 -3.235391450731314035e+04 7.316534005909531843e+05 -1.952371930422085337e+06 1.409412931875466602e+05 1.349648644751685904e+06 5.195016260292398511e+05 2.027663619797210908e+06 5.717741373173373286e+05 9.180929473878662975e+04 -1.043719110158190306e+05
1.227077848132953281e+06 7.285540701870054472e+05 3.447675847414437449e+05 -1.312463068602773128e+05 1.656708834299044101e+05 -1.781376862110855291e+05 2.400774358865040122e+05 5.568487298071348778e+04 7.369025424547657894e+04 1.528605940142333740e+06 -2.652994514646209427e+05 2.730431761689051054e+05 5.839454166955646360e+04 6.001939915776615962e+05 5.717741373173373286e+05 1.517507061355648097e+06 4.205043895377387526e+05 -1.343855334171488648e+05
1.743325436875342391e+06 -4.908289878398725996e+05 -3.486421296664296533e+05 -7.665514252680017671e+04 2.316446709783000188e+04 -4.074100319433302502e+04 9.929421519245664240e+04 1.780285084200654455e+04 1.015676284009700612e+05 -2.951066721182665322e+06 -5.807596649512561271e+05 1.652949929841539124e+05 -1.862228883571092447e+05 -1.746530918519970146e+05 9.180929473878662975e+04 4.205043895377387526e+05 6.939477047026184155e+05 1.291765455738540913e+05
6.824042777954152552e+05 -3.278325257229493582e+05 4.773563715671302634e+04 1.936450648833519663e+05 -2.453599821140818221e+03 -1.631957204149065001e+04 3.245882224713256073e+04 -8.278251147216436948e+03 1.163025711962210771e+05 -2.969903650042708032e+06 4.114916019687042572e+05 2.121387302639434638e+05 4.188678915061609005e+05 -1.169505814607917127e+05 -1.043719110158190306e+05 -1.343855334171488648e+05 1.291765455738540913e+05 5.334383247179463506e+05
