# lambda=0.12772094007551849
3.941417924452803284e+07 6.165531758765232749e+06 -4.430829006960182451e+06 -1.077089144532249309e+06 -3.356277391042175237e+06 -9.133602789231626084e+05 -6.880309178287782706e+05 -5.450686686958546052e+05 -1.033538896096813725e+06 1.218061893243745342e+07 1.352674287381033879e+06 5.311808760486362502e+06 -1.580421206180957379e+06 1.328746148502702126e+05 3.100437728313479107e+06 -1.082611417896928964e+06 4.978192614158297074e+05 -9.590541769773934502e+05
6.165531758765232749e+06 1.236905127852119319e+07 1.877787623186727753e+06 1.379770919844417600e+06 -1.801430324754408328e+06 -5.231366209518081741e+05 -4.893953863131476101e+04 7.036187851040092937e+04 -2.895424608641818049e+05 5.582838829026834108e+06 9.961830897934760898e+06 3.558961386278384831e+06 3.481600726999491919e+06 2.398589730835524853e+06 -7.833911788379770005e+05 -8.050743639244444203e+05 4.344497443914679461e+05 6.148740319061743794e+05
-4.430829006960182451e+06 1.877787623186727753e+06 3.902493760107692331e+06 1.290854456372552784e+06 1.114347838469920680e+05 9.979793066690406704e+04 8.840477627413596201e+04 3.944850361676375614e+05 8.482990994622943617e+03 -3.860598610660605133e+06 -9.570270119586755754e+05 2.490843870445530862e+06 2.369576454575100914e+06 4.904459669935252168e+05 -1.177837483434066089e+05 3.510893082537323353e+05 2.461917788311486365e+05 6.638074911515702261e+05
-1.077089144532249309e+06 1.379770919844417600e+06 1.290854456372552784e+06 1.794637254192099441e+06 6.049321358672342467e+04 1.057182908770149079e+05 2.956696424518315471e+05 -4.113674109730589407e+04 -4.356227921810062981e+03 -4.994530212425789796e+06 4.803895385861270130e+06 1.352622547935639974e+06 1.572496230068455450e+06 1.022382479521136964e+06 -8.190655017601462314e+05 6.963288321606146928e+04 -8.851516537889883693e+03 5.554094495379116852e+05
-3.356277391042175237e+06 -1.801430324754408328e+06 1.114347838469920680e+05 6.049321358672342467e+04 1.403691271210264647e+06 3.755389536517729284e+05 1.416908865856339398e+05 -8.032268606716155773e+04 7.737017834033397958e+04 4.508928873208431178e+05 -5.431673577133426443e+05 -9.174427485249481397e+05 -4.455517265132302418e+05 3.415648517614258453e+05 -1.136511216876256076e+05 4.250125933316472219e+05 4.707023971834556141e+04 -4.743697910428784962e+04
-9.133602789231626084e+05 -5.231366209518081741e+05 9.979793066690406704e+04 1.057182908770149079e+05 3.755389536517729284e+05 5.316273374313839013e+05 8.856879481412861787e+04 3.049676194569710424e+04 5.450006804497736994e+03 8.248297183774864534e+05 1.515424276521751890e+06 -4.342609035274464986e+05 -6.099575338268789928e+05 3.164084454953275272e+05 1.625977167918648338e+05 9.653552535700940643e+04 1.251670261468114768e+05 2.112435721965987614e+04
-6.880309178287782706e+05 -4.893953863131476101e+04 8.840477627413596201e+04 2.956696424518315471e+05 1.416908865856339398e+05 8.856879481412861787e+04 2.645703083177822991e+05 -2.058174975518006613e+04 2.088342116290638296e+04 -2.665787737983702216e+06 2.217772800715663005e+06 9.833082581642568402e+04 2.904840901259598322e+05 3.664719807815075619e+05 -9.319291932378856291e+04 2.481765308440298541e+05 7.005637965217814781e+04 2.126880562983970158e+05
-5.450686686958546052e+05 7.036187851040092937e+04 3.944850361676375614e+05 -4.113674109730589407e+04 -8.032268606716155773e+04 3.049676194569710424e+04 -2.058174975518006613e+04 1.663019690715238103e+05 8.386270942256423950e+02 1.111418285254786722e+06 -6.327339509623479098e+05 -1.832419317100144326e+04 2.359445502668738482e+05 -1.235541655397089635e+05 3.798896641071447084e+04 -9.464778579034699942e+04 4.697827330380222702e+04 6.586048789007680898e+04
-1.033538896096813725e+06 -2.895424608641818049e+05 8.482990994622943617e+03 -4.356227921810062981e+03 7.737017834033397958e+04 5.450006804497736994e+03 2.088342116290638296e+04 8.386270942256423950e+02 8.496648110603399982e+04 -1.023709509289104026e+06 -1.795461264867695572e+05 -4.273476671986014699e+05 -5.090085884180850553e+04 -5.604507832363208581e+04 -9.807040572258275643e+04 -4.443505073260619974e+04 4.683466341751902655e+04 5.879967881761881290e+04
1.218061893243745342e+07 5.582838829026834108e+06 -3.860598610660605133e+06 -4.994530212425789796e+06 4.508928873208431178e+05 8.248297183774864534e+05 -2.665787737983702216e+06 1.111418285254786722e+06 -1.023709509289104026e+06 1.925728661804833710e+08 1.681200729714730754e+06 -1.546841157606824487e+07 -2.843894120195042808e+06 -7.741206958086577244e+06 5.896850279254964553e+06 -4.278622061703193933e+06 -4.335557357256327756e+06 -2.155316242141644936e+06
1.352674287381033879e+06 9.961830897934760898e+06 -9.570270119586755754e+05 4.803895385861270130e+06 -5.431673577133426443e+05 1.515424276521751890e+06 2.217772800715663005e+06 -6.327339509623479098e+05 -1.795461264867695572e+05 1.681200729714730754e+06 8.594655132701466978e+07 1.380297378208508156e+07 4.404944144588261843e+06 4.763219090274226852e+06 -1.468315875494145090e+06 -3.910979091323440662e+05 -1.106281135667434894e+06 3.911196962949267123e+06
5.311808760486362502e+06 3.558961386278384831e+06 2.490843870445530862e+06 1.352622547935639974e+06 -9.174427485249481397e+05 -4.342609035274464986e+05 9.833082581642568402e+04 -1.832419317100144326e+04 -4.273476671986014699e+05 -1.546841157606824487e+07 1.380297378208508156e+07 2.728481841855633631e+07 1.127840268160925945e+06 1.197644528361685225e+05 1.809912733889047813e+05 -1.030772832730563474e+06 -4.080710608554448118e+05 1.108874016452689888e+06
-1.580421206180957379e+06 3.481600726999491919e+06 2.369576454575100914e+06 1.572496230068455450e+06 -4.455517265132302418e+05 -6.099575338268789928e+05 2.904840901259598322e+05 2.359445502668738482e+05 -5.090085884180850553e+04 -2.843894120195042808e+06 4.404944144588261843e+06 1.127840268160925945e+06 1.122470963689862564e+07 2.340231073898054659e+06 7.459865190285121789e+05 1.778614540039237123e+06 1.821770135923220369e+04 1.044737813951834803e+06
1.328746148502702126e+05 2.398589730835524853e+06 4.904459669935252168e+05 1.022382479521136964e+06 3.415648517614258453e+05 3.164084454953275272e+05 3.664719807815075619e+05 -1.235541655397089635e+05 -5.604507832363208581e+04 -7.741206958086577244e+06 4.763219090274226852e+06 1.197644528361685225e+05 2.340231073898054659e+06 5.330817765938200057e+06 2.433249194856095710e+05 1.510049196939967573e+06 6.893477299600008409e+05 3.204447334453313379e+05
3.100437728313479107e+06 -7.833911788379770005e+05 -1.177837483434066089e+05 -8.190655017601462314e+05 -1.136511216876256076e+05 1.625977167918648338e+05 -9.319291932378856291e+04 3.798896641071447084e+04 -9.807040572258275643e+04 5.896850279254964553e+06 -1.468315875494145090e+06 1.809912733889047813e+05 7.459865190285121789e+05 2.433249194856095710e+05 3.163875430786139332e+06 6.421144288079484832e+05 -3.429732319373085920e+04 1.645797033700126121e+04
-1.082611417896928964e+06 -8.050743639244444203e+05 3.510893082537323353e+05 6.963288321606146928e+04 4.250125933316472219e+05 9.653552535700940643e+04 2.481765308440298541e+05 -9.464778579034699942e+04 -4.443505073260619974e+04 -4.278622061703193933e+06 -3.910979091323440662e+05 -1.030772832730563474e+06 1.778614540039237123e+06 1.510049196939967573e+06 6.421144288079484832e+05 1.868870041452808306e+06 1.987079470883286849e+05 1.268290045830131930e+04
4.978192614158297074e+05 4.344497443914679461e+05 2.461917788311486365e+05 -8.851516537889883693e+03 4.707023971834556141e+04 1.251670261468114768e+05 7.005637965217814781e+04 4.697827330380222702e+04 4.683466341751902655e+04 -4.335557357256327756e+06 -1.106281135667434894e+06 -4.080710608554448118e+05 1.821770135923220369e+04 6.893477299600008409e+05 -3.429732319373085920e+04 1.987079470883286849e+05 9.235190075372277061e+05 1.090116379933407188e+04
-9.590541769773934502e+05 6.148740319061743794e+05 6.638074911515702261e+05 5.554094495379116852e+05 -4.743697910428784962e+04 2.112435721965987614e+04 2.126880562983970158e+05 6.586048789007680898e+04 5.879967881761881290e+04 -2.155316242141644936e+06 3.911196962949267123e+06 1.108874016452689888e+06 1.044737813951834803e+06 3.204447334453313379e+05 1.645797033700126121e+04 1.268290045830131930e+04 1.090116379933407188e+04 7.820049122883068630e+05
