# lambda=0.10642146814352292
2.547302308615916222e+07 -2.409682770506077446e+06 2.467672562766540330e+06 -4.668412578346343362e+05 -2.019147992859615711e+06 2.918028749033154454e+05 3.410966443098086165e+05 1.903566050201633770e+05 -1.596732801894916338e+04 -4.371991824672281742e+06 5.835999104096501134e+06 3.243883114095597062e+06 -1.554726906798758544e+06 8.628844406899994938e+05 -2.845217338691724581e+05 -2.021761468952256721e+06 -1.106074633304258168e+05 2.464579252685536921e+05
-2.409682770506077446e+06 1.326937475756923668e+07 5.522021358770031948e+05 -9.777585322590292199e+05 1.134312923273566179e+06 1.823216949398958532e+05 3.342863089850206743e+05 3.757149442119235173e+05 -2.202776434813674714e+05 5.503033422146993689e+06 1.091727223927081935e+07 -3.829773612918733153e+06 -2.959599458423811593e+05 -1.719641231405638624e+06 1.029016599538410548e+06 1.117051528702078387e+06 1.285513355515683506e+05 -1.084071732453192119e+06
2.467672562766540330e+06 5.522021358770031948e+05 4.610950744744108990e+06 1.776010320972617774e+05 -2.525390978352736565e+05 -1.286754232001986675e+05 -2.600635003180385975e+05 -1.560214033605057630e+05 -3.037200740322227284e+04 -7.731494608475879068e+05 1.185542771984370658e+06 3.154802446492384188e+06 -4.270606297925480176e+05 5.257102160599086201e+05 -5.373897550050542923e+05 -6.125868245696398662e+05 4.409101553792853374e+05 4.808147013554828591e+05
-4.668412578346343362e+05 -9.777585322590292199e+05 1.776010320972617774e+05 1.182010918988299556e+06 1.409754310701394279e+05 1.061323200187751063e+05 -1.680051364493911969e+05 -2.626300383107615198e+04 -8.432517627949273447e+03 5.664980547138462774e+06 -3.501069776755378698e+05 1.509080677352602826e+06 2.572968222370255680e+05 5.391266782471352490e+05 4.915791155734214117e+05 3.136567842631759777e+04 1.827890775696916899e+04 4.000232283598180511e+05
-2.019147992859615711e+06 1.134312923273566179e+06 -2.525390978352736565e+05 1.409754310701394279e+05 1.001860212068386259e+06 1.351432662287373678e+05 -7.898777426761816059e+03 1.097899981888989860e+05 -2.481854229709817446e+04 5.457307632625324652e+06 -6.847778302145330235e+04 -2.969042876428692252e+05 5.462501194465914741e+05 6.103736134640455712e+05 1.587733012094462174e+05 1.944359898882533889e+05 -1.480569658400299377e+05 -1.562768258707998320e+05
2.918028749033154454e+05 1.823216949398958532e+05 -1.286754232001986675e+05 1.061323200187751063e+05 1.351432662287373678e+05 3.424421521050232695e+05 9.233749166080422583e+04 8.378837592629181745e+04 2.138122905230041579e+04 2.884580064843649510e+06 5.942392933886746177e+05 1.442427462362627557e+05 -2.418627096369124774e+05 -7.267818323418778891e+04 7.538936888912194408e+05 -2.507266661451946129e+04 1.072183129179223943e+04 8.317270003334973808e+03
3.410966443098086165e+05 3.342863089850206743e+05 -2.600635003180385975e+05 -1.680051364493911969e+05 -7.898777426761816059e+03 9.233749166080422583e+04 3.573973941690057400e+05 9.572734481495576620e+04 1.439062521163802558e+04 1.249976533217422897e+06 1.200782617545856338e+05 1.874491852295724384e+05 -7.461942150497302464e+03 -1.590444630245527369e+05 4.082941311851263745e+05 3.426028608708127285e+05 -2.236715930534072322e+04 -1.024009877105948981e+05
1.903566050201633770e+05 3.757149442119235173e+05 -1.560214033605057630e+05 -2.626300383107615198e+04 1.097899981888989860e+05 8.378837592629181745e+04 9.572734481495576620e+04 2.161522876190355164e+05 3.095719136905934192e+03 1.636850468056209153e+06 -1.657304202705306234e+05 -3.511343613153460319e+05 1.555152857002498349e+05 -5.067413136219553417e+04 1.159398027778446121e+05 -2.955206792688414134e+04 1.067333604559853848e+05 1.423389915544550058e+04
-1.596732801894916338e+04 -2.202776434813674714e+05 -3.037200740322227284e+04 -8.432517627949273447e+03 -2.481854229709817446e+04 2.138122905230041579e+04 1.439062521163802558e+04 3.095719136905934192e+03 8.719540921130811330e+04 -8.600998384089962929e+04 -6.612514151041692821e+05 -1.203176914221147163e+05 -3.512221142253034486e+04 2.182539415272155111e+03 -1.851884835450688479e+04 1.216106539207723254e+05 6.327045849293819629e+04 5.212170282333181240e+04
-4.371991824672281742e+06 5.503033422146993689e+06 -7.731494608475879068e+05 5.664980547138462774e+06 5.457307632625324652e+06 2.884580064843649510e+06 1.249976533217422897e+06 1.636850468056209153e+06 -8.600998384089962929e+04 2.049472871894856989e+08 4.495564403946135193e+07 2.054727443077911437e+07 6.390270694919829257e+05 4.408944489021560177e+06 3.996666862599628512e+06 1.264299992120662471e+06 -5.156538174625991378e+05 1.063148569025746780e+06
5.835999104096501134e+06 1.091727223927081935e+07 1.185542771984370658e+06 -3.501069776755378698e+05 -6.847778302145330235e+04 5.942392933886746177e+05 1.200782617545856338e+05 -1.657304202705306234e+05 -6.612514151041692821e+05 4.495564403946135193e+07 7.696345517810223997e+07 1.848653832185735554e+07 7.924674761402204633e+06 6.168615535571536049e+06 5.299108270427925745e+05 -1.308224818589655770e+05 -6.237605734881622484e+05 2.211840776123539254e+05
3.243883114095597062e+06 -3.829773612918733153e+06 3.154802446492384188e+06 1.509080677352602826e+06 -2.969042876428692252e+05 1.442427462362627557e+05 1.874491852295724384e+05 -3.511343613153460319e+05 -1.203176914221147163e+05 2.054727443077911437e+07 1.848653832185735554e+07 3.044516143294530734e+07 3.944389184018889908e+06 2.632573246017012745e+06 -1.002059710043212544e+05 4.103857769675228046e+05 5.250629717708365206e+04 2.211965812571802642e+06
-1.554726906798758544e+06 -2.959599458423811593e+05 -4.270606297925480176e+05 2.572968222370255680e+05 5.462501194465914741e+05 -2.418627096369124774e+05 -7.461942150497302464e+03 1.555152857002498349e+05 -3.512221142253034486e+04 6.390270694919829257e+05 7.924674761402204633e+06 3.944389184018889908e+06 1.106131435182699189e+07 3.475319736023438163e+06 -9.997289158564555692e+05 -1.698873973504425376e+05 4.549294527544740122e+05 -3.556233874170902709e+04
8.628844406899994938e+05 -1.719641231405638624e+06 5.257102160599086201e+05 5.391266782471352490e+05 6.103736134640455712e+05 -7.267818323418778891e+04 -1.590444630245527369e+05 -5.067413136219553417e+04 2.182539415272155111e+03 4.408944489021560177e+06 6.168615535571536049e+06 2.632573246017012745e+06 3.475319736023438163e+06 4.399031507099074312e+06 -7.168498348119475413e+05 -3.836496805170088774e+05 -5.967467161455078167e+04 3.954447833936139941e+05
-2.845217338691724581e+05 1.029016599538410548e+06 -5.373897550050542923e+05 4.915791155734214117e+05 1.587733012094462174e+05 7.538936888912194408e+05 4.082941311851263745e+05 1.159398027778446121e+05 -1.851884835450688479e+04 3.996666862599628512e+06 5.299108270427925745e+05 -1.002059710043212544e+05 -9.997289158564555692e+05 -7.168498348119475413e+05 3.677638721684914082e+06 7.991533366297563771e+05 6.993338448219629936e+04 1.071558263258806401e+05
-2.021761468952256721e+06 1.117051528702078387e+06 -6.125868245696398662e+05 3.136567842631759777e+04 1.944359898882533889e+05 -2.507266661451946129e+04 3.426028608708127285e+05 -2.955206792688414134e+04 1.216106539207723254e+05 1.264299992120662471e+06 -1.308224818589655770e+05 4.103857769675228046e+05 -1.698873973504425376e+05 -3.836496805170088774e+05 7.991533366297563771e+05 2.320098553731271531e+06 4.145874865309273591e+05 2.655996913543785467e+03
-1.106074633304258168e+05 1.285513355515683506e+05 4.409101553792853374e+05 1.827890775696916899e+04 -1.480569658400299377e+05 1.072183129179223943e+04 -2.236715930534072322e+04 1.067333604559853848e+05 6.327045849293819629e+04 -5.156538174625991378e+05 -6.237605734881622484e+05 5.250629717708365206e+04 4.549294527544740122e+05 -5.967467161455078167e+04 6.993338448219629936e+04 4.145874865309273591e+05 1.222943075812631287e+06 1.511745092831439979e+05
2.464579252685536921e+05 -1.084071732453192119e+06 4.808147013554828591e+05 4.000232283598180511e+05 -1.562768258707998320e+05 8.317270003334973808e+03 -1.024009877105948981e+05 1.423389915544550058e+04 5.212170282333181240e+04 1.063148569025746780e+06 2.211840776123539254e+05 2.211965812571802642e+06 -3.556233874170902709e+04 3.954447833936139941e+05 1.071558263258806401e+05 2.655996913543785467e+03 1.511745092831439979e+05 5.894047781670042314e+05
