# lambda=0.09716009784247724
3.305224785168610513e+07 6.428151930251462618e+05 -3.518702903669950552e+06 7.284551632696610177e+05 7.147386000153385103e+05 1.163313371872480202e+05 8.159550931126837386e+05 -1.755709166880327393e+04 7.049514955067248957e+04 3.711783106264586747e+07 5.265975878395069391e+06 2.460981143563675694e+06 1.698714815312542021e+06 3.520558105112658814e+06 1.954500094255476957e+06 1.767785528271657182e+06 -6.413702325584400678e+05 5.840509929566276260e+05
6.428151930251462618e+05 1.534626539488152973e+07 1.832976227023891406e+06 7.813974394461375196e+05 3.473246949269903707e+05 1.076381076006010408e+06 1.117371535732428019e+05 -2.578524527779672644e+05 4.154744014711332275e+05 -3.488739706400357187e+06 1.514441272766875848e+07 8.101999911412610672e+05 -2.504269525286298885e+05 1.941631097015585052e+06 1.735806685496461811e+06 2.415456442584719043e+06 2.743567279438908445e+05 1.201008680765478406e+06
-3.518702903669950552e+06 1.832976227023891406e+06 4.695937781924782321e+06 5.552962943419998046e+05 3.412327653077407740e+05 4.651815073259850760e+04 2.279921949158954085e+05 1.254298491742985352e+05 2.672720712335444478e+04 -2.840683517321853898e+06 -3.545815999019656447e+05 -1.184973969736696919e+06 -5.695593873541515786e+05 1.081345812181279616e+05 -2.128308435295349336e+05 8.506312165044437861e+05 4.433407958555742516e+05 2.647728552379145985e+05
7.284551632696610177e+05 7.813974394461375196e+05 5.552962943419998046e+05 2.083126281131680822e+06 3.194879290507489932e+05 2.658966067903031362e+05 3.995686094555638847e+05 -1.354214655476003463e+04 -1.408277492023975065e+05 -2.177862319543167949e+06 -7.530160895716678351e+04 1.055696481360604987e+06 7.994112837091741676e+04 2.538811078581596958e+05 -1.168326844239318889e+05 3.673085888373717899e+05 -4.897349719358875882e+04 -1.333572199703341175e+05
7.147386000153385103e+05 3.473246949269903707e+05 3.412327653077407740e+05 3.194879290507489932e+05 7.403870445892342832e+05 6.810608716529012599e+04 1.894367495827574458e+05 -8.505027159075044619e+04 5.770041657251507559e+02 -1.663508407141435659e+06 -1.029371184013323975e+06 6.952195617241204018e+05 3.558494952313175309e+05 7.979205532280983170e+05 -4.224745124765971559e+05 -2.406285853859558702e+05 6.129149873455103807e+04 1.910539509667123784e+05
1.163313371872480202e+05 1.076381076006010408e+06 4.651815073259850760e+04 2.658966067903031362e+05 6.810608716529012599e+04 3.238930863909740001e+05 1.105597287462642562e+05 1.637708016286056227e+04 -1.311283553294026569e+04 -8.514408357591724489e+05 6.486300746829380514e+05 -6.390454197297904175e+05 -4.462138080869232363e+04 1.747741240991786763e+05 3.104816805238369270e+05 1.283218461717132595e+05 -1.789426349624897994e+05 1.161952192004885583e+05
8.159550931126837386e+05 1.117371535732428019e+05 2.279921949158954085e+05 3.995686094555638847e+05 1.894367495827574458e+05 1.105597287462642562e+05 4.099954808402596391e+05 6.198515404341502290e+04 5.279375719170614502e+03 -3.313431995440481114e+04 -9.308184872310523642e+05 -1.097200961726485693e+05 9.431321686969531584e+04 4.128455059286114410e+05 -5.849252890286697038e+03 2.234009182955864817e+05 -6.716199773240700597e+04 1.398564577294128248e+05
-1.755709166880327393e+04 -2.578524527779672644e+05 1.254298491742985352e+05 -1.354214655476003463e+04 -8.505027159075044619e+04 1.637708016286056227e+04 6.198515404341502290e+04 1.972808398044162313e+05 2.306215398181326236e+04 9.735588639693758450e+05 4.968793852330422960e+05 3.481914874576436123e+05 -3.759813917048768490e+05 -9.785138860627282702e+04 8.378611305934994016e+04 1.891603706375322945e+05 1.917645118379109772e+05 1.431300606459377159e+05
7.049514955067248957e+04 4.154744014711332275e+05 2.672720712335444478e+04 -1.408277492023975065e+05 5.770041657251507559e+02 -1.311283553294026569e+04 5.279375719170614502e+03 2.306215398181326236e+04 1.208737682386160304e+05 1.346181564150537830e+06 2.542131030898046447e+05 9.408663876166618138e+04 -8.570155399863005732e+04 8.388168864384021435e+04 6.768196359528471658e+04 1.306144932870923803e+05 8.683921828833562904e+04 1.641910658481511346e+05
3.711783106264586747e+07 -3.488739706400357187e+06 -2.840683517321853898e+06 -2.177862319543167949e+06 -1.663508407141435659e+06 -8.514408357591724489e+05 -3.313431995440481114e+04 9.735588639693758450e+05 1.346181564150537830e+06 2.022421763522773087e+08 5.264801269468174130e+07 9.153729554784080014e+06 7.646896903220067732e+06 4.481286908840769902e+05 2.572193084394829813e+06 5.446581698745186441e+06 5.666371262696478516e+05 2.376012948447578121e+06
5.265975878395069391e+06 1.514441272766875848e+07 -3.545815999019656447e+05 -7.530160895716678351e+04 -1.029371184013323975e+06 6.486300746829380514e+05 -9.308184872310523642e+05 4.968793852330422960e+05 2.542131030898046447e+05 5.264801269468174130e+07 8.861856050283701718e+07 2.626092197798988223e+07 3.701479432037123479e+06 -2.335783854628832545e+06 1.267357554103143513e+06 2.595326966585497838e+06 4.712816312481073546e+05 1.376482151550810318e+06
2.460981143563675694e+06 8.101999911412610672e+05 -1.184973969736696919e+06 1.055696481360604987e+06 6.952195617241204018e+05 -6.390454197297904175e+05 -1.097200961726485693e+05 3.481914874576436123e+05 9.408663876166618138e+04 9.153729554784080014e+06 2.626092197798988223e+07 2.797081046198301390e+07 2.196158901902317069e+06 -1.445169834796080599e+06 -3.073543089630196337e+06 1.160695279945532558e+06 2.016636568990748841e+06 9.141828273024833470e+04
1.698714815312542021e+06 -2.504269525286298885e+05 -5.695593873541515786e+05 7.994112837091741676e+04 3.558494952313175309e+05 -4.462138080869232363e+04 9.431321686969531584e+04 -3.759813917048768490e+05 -8.570155399863005732e+04 7.646896903220067732e+06 3.701479432037123479e+06 2.196158901902317069e+06 8.617697990345818922e+06 1.561300060207192786e+06 -1.358719518232605886e+06 -1.809748970149023226e+05 -3.429269689965743455e+05 -8.410732745970761171e+05
3.520558105112658814e+06 1.941631097015585052e+06 1.081345812181279616e+05 2.538811078581596958e+05 7.979205532280983170e+05 1.747741240991786763e+05 4.128455059286114410e+05 -9.785138860627282702e+04 8.388168864384021435e+04 4.481286908840769902e+05 -2.335783854628832545e+06 -1.445169834796080599e+06 1.561300060207192786e+06 3.923677769519723020e+06 3.180830605937484070e+05 8.002876782510494813e+05 -2.178891916015114111e+04 5.667646879271798534e+05
1.954500094255476957e+06 1.735806685496461811e+06 -2.128308435295349336e+05 -1.168326844239318889e+05 -4.224745124765971559e+05 3.104816805238369270e+05 -5.849252890286697038e+03 8.378611305934994016e+04 6.768196359528471658e+04 2.572193084394829813e+06 1.267357554103143513e+06 -3.073543089630196337e+06 -1.358719518232605886e+06 3.180830605937484070e+05 2.105982615101415664e+06 8.684280294236944756e+05 -4.793019880428862525e+05 3.564899249133696430e+05
1.767785528271657182e+06 2.415456442584719043e+06 8.506312165044437861e+05 3.673085888373717899e+05 -2.406285853859558702e+05 1.283218461717132595e+05 2.234009182955864817e+05 1.891603706375322945e+05 1.306144932870923803e+05 5.446581698745186441e+06 2.595326966585497838e+06 1.160695279945532558e+06 -1.809748970149023226e+05 8.002876782510494813e+05 8.684280294236944756e+05 3.548977113761232700e+06 9.882974804759409744e+05 2.641763356169555336e+05
-6.413702325584400678e+05 2.743567279438908445e+05 4.433407958555742516e+05 -4.897349719358875882e+04 6.129149873455103807e+04 -1.789426349624897994e+05 -6.716199773240700597e+04 1.917645118379109772e+05 8.683921828833562904e+04 5.666371262696478516e+05 4.712816312481073546e+05 2.016636568990748841e+06 -3.429269689965743455e+05 -2.178891916015114111e+04 -4.793019880428862525e+05 9.882974804759409744e+05 1.398930051420400385e+06 2.205373252510729362e+05
5.840509929566276260e+05 1.201008680765478406e+06 2.647728552379145985e+05 -1.333572199703341175e+05 1.910539509667123784e+05 1.161952192004885583e+05 1.398564577294128248e+05 1.431300606459377159e+05 1.641910658481511346e+05 2.376012948447578121e+06 1.376482151550810318e+06 9.141828273024833470e+04 -8.410732745970761171e+05 5.667646879271798534e+05 3.564899249133696430e+05 2.641763356169555336e+05 2.205373252510729362e+05 8.699894212001304841e+05
