# lambda=0.20369980398584558
3.371069969649552554e+07 -1.649888871912020259e+06 -1.719212553269312775e+05 2.554044585046435706e+06 1.307551929452096956e+05 -8.197137972984221997e+05 5.946541357617155882e+05 4.778812405863618478e+05 5.980683248329281923e+04 5.277385243058715947e+06 -8.734374586200729012e+06 -1.347295012281271862e+06 -1.456124675704807742e+05 -1.741964172475075582e+06 -4.198501966633948032e+05 -8.009072715462399356e+04 8.248678642863174900e+05 5.427042216761790769e+04
-1.649888871912020259e+06 1.139420691523642465e+07 1.157989747818438802e+06 -2.741451611365463468e+05 -8.895032428134877700e+05 -9.357031710929684050e+04 1.931415170681498130e+05 1.397487632889574161e+05 2.569255541672273539e+05 -7.013789409633016912e+05 1.462541512950092368e+07 1.075574482215504628e+06 -1.686738986609536223e+06 -1.628162057945574168e+06 -6.386258571964350995e+05 -6.358855792077272199e+05 -9.031213380449465476e+05 -9.402837074895758997e+04
-1.719212553269312775e+05 1.157989747818438802e+06 3.756550223764942028e+06 5.971290078822004143e+05 -2.167654867366797698e+05 1.567767052349974801e+04 2.738769983695339761e+05 -1.563855935926294660e+04 -7.019661322998620744e+04 3.003221397146788891e+06 4.292370789884997532e+06 4.296264983619345352e+06 -1.069545155907064443e+06 -1.051806470898199594e+06 9.019176693209271180e+05 1.563867839648967783e+05 3.087426212205967749e+04 -1.833889346174502862e+05
2.554044585046435706e+06 -2.741451611365463468e+05 5.971290078822004143e+05 1.653146200250683352e+06 1.767536852088423329e+05 2.339253438543363518e+04 -2.319989944246876985e+04 5.740769715006063780e+04 -1.212566548579076771e+05 -2.043611623287068447e+06 6.870338702615022194e+05 1.975303707131679985e+05 7.775313965170831943e+04 2.773392018514560186e+05 3.048966797043963379e+04 6.810327095199719770e+04 2.031865522475576436e+05 -2.038637487060280400e+05
1.307551929452096956e+05 -8.895032428134877700e+05 -2.167654867366797698e+05 1.767536852088423329e+05 7.484002556940104114e+05 -1.474262811775791924e+05 1.647262549728722297e+04 -3.157977158533330658e+04 -5.789423858709869819e+04 9.777363286821958609e+05 -1.414746348139125621e+06 -1.030523344626924023e+06 3.244548938501110115e+03 1.186153275775228627e+06 9.600338755881424004e+04 2.045358393621429859e+05 1.698617592860553123e+05 1.167944301029162307e+05
-8.197137972984221997e+05 -9.357031710929684050e+04 1.567767052349974801e+04 2.339253438543363518e+04 -1.474262811775791924e+05 4.571056909591060830e+05 3.908818113352518594e+03 -7.912685179134902137e+04 -1.210948078664528475e+04 1.824766852081062039e+06 1.779681747716339305e+05 4.974816443182511139e+05 9.586274576912650373e+05 2.146652454253953765e+05 5.889324047328333836e+05 1.770862216125091072e+05 6.594242566248579533e+04 -9.968111682831813232e+04
5.946541357617155882e+05 1.931415170681498130e+05 2.738769983695339761e+05 -2.319989944246876985e+04 1.647262549728722297e+04 3.908818113352518594e+03 2.189563436008626595e+05 4.610295520556508563e+03 -2.280304144179917330e+03 5.043207432174243149e+05 -3.136040412551726331e+05 6.322048820636948803e+05 -2.749010032178805704e+04 -2.691498501710991841e+05 9.424422910861867422e+04 -9.022461560202884721e+04 -4.313574550943925715e+04 8.154784596757867803e+03
4.778812405863618478e+05 1.397487632889574161e+05 -1.563855935926294660e+04 5.740769715006063780e+04 -3.157977158533330658e+04 -7.912685179134902137e+04 4.610295520556508563e+03 1.475020546519524360e+05 3.415784707628958859e+04 -1.825579397166962968e+06 -4.075776509211923112e+05 1.218480565041155205e+05 -4.054663467039631214e+05 -3.893079079433960724e+05 -1.216667253278101953e+03 -3.615626960988256906e+04 1.048572970276668493e+05 -1.449392299072397873e+04
5.980683248329281923e+04 2.569255541672273539e+05 -7.019661322998620744e+04 -1.212566548579076771e+05 -5.789423858709869819e+04 -1.210948078664528475e+04 -2.280304144179917330e+03 3.415784707628958859e+04 1.029774335293790355e+05 -6.763200890506864525e+05 8.213251726462008082e+04 1.155397280148631689e+05 3.975081804637987079e+04 -4.364773674917111930e+04 6.295357320487491052e+03 -1.944674570209714511e+04 -3.417756806401317249e+02 5.435997835896325705e+04
5.277385243058715947e+06 -7.013789409633016912e+05 3.003221397146788891e+06 -2.043611623287068447e+06 9.777363286821958609e+05 1.824766852081062039e+06 5.043207432174243149e+05 -1.825579397166962968e+06 -6.763200890506864525e+05 1.385377829692272544e+08 1.180125735269715637e+07 -3.288993342805610038e+06 5.192272325051627122e+06 6.087581913037412800e+06 6.988613480089516379e+05 1.716257795080613578e+06 1.170546876678942936e+06 5.725324803176485002e+05
-8.734374586200729012e+06 1.462541512950092368e+07 4.292370789884997532e+06 6.870338702615022194e+05 -1.414746348139125621e+06 1.779681747716339305e+05 -3.136040412551726331e+05 -4.075776509211923112e+05 8.213251726462008082e+04 1.180125735269715637e+07 6.616839350854524225e+07 1.062760289868541248e+07 -5.968024669021356385e+05 -6.781164727499405853e+04 2.014551164837838951e+04 1.338173457731674134e+05 -2.599809953469599131e+06 -1.616029440196085256e+06
-1.347295012281271862e+06 1.075574482215504628e+06 4.296264983619345352e+06 1.975303707131679985e+05 -1.030523344626924023e+06 4.974816443182511139e+05 6.322048820636948803e+05 1.218480565041155205e+05 1.155397280148631689e+05 -3.288993342805610038e+06 1.062760289868541248e+07 2.843708609263399616e+07 1.635994222266747151e+06 -3.613925917274890002e+06 -2.793274880844061263e+05 -1.211998257157152984e+06 -1.329692304577247705e+06 -2.219268849872664548e+06
-1.456124675704807742e+05 -1.686738986609536223e+06 -1.069545155907064443e+06 7.775313965170831943e+04 3.244548938501110115e+03 9.586274576912650373e+05 -2.749010032178805704e+04 -4.054663467039631214e+05 3.975081804637987079e+04 5.192272325051627122e+06 -5.968024669021356385e+05 1.635994222266747151e+06 6.989816618202457204e+06 2.573620002523995470e+06 6.759221458781323163e+05 2.635536185475107050e+05 7.386212900420152582e+05 -1.954731630917447619e+05
-1.741964172475075582e+06 -1.628162057945574168e+06 -1.051806470898199594e+06 2.773392018514560186e+05 1.186153275775228627e+06 2.146652454253953765e+05 -2.691498501710991841e+05 -3.893079079433960724e+05 -4.364773674917111930e+04 6.087581913037412800e+06 -6.781164727499405853e+04 -3.613925917274890002e+06 2.573620002523995470e+06 8.172004313362117857e+06 9.846563646579772467e+05 2.317504255727617710e+05 7.053801201192032313e+05 2.190883788092926552e+05
-4.198501966633948032e+05 -6.386258571964350995e+05 9.019176693209271180e+05 3.048966797043963379e+04 9.600338755881424004e+04 5.889324047328333836e+05 9.424422910861867422e+04 -1.216667253278101953e+03 6.295357320487491052e+03 6.988613480089516379e+05 2.014551164837838951e+04 -2.793274880844061263e+05 6.759221458781323163e+05 9.846563646579772467e+05 2.850072890582656022e+06 5.814695254030190408e+05 3.993093630769068259e+05 2.050876199600212931e+04
-8.009072715462399356e+04 -6.358855792077272199e+05 1.563867839648967783e+05 6.810327095199719770e+04 2.045358393621429859e+05 1.770862216125091072e+05 -9.022461560202884721e+04 -3.615626960988256906e+04 -1.944674570209714511e+04 1.716257795080613578e+06 1.338173457731674134e+05 -1.211998257157152984e+06 2.635536185475107050e+05 2.317504255727617710e+05 5.814695254030190408e+05 1.090411558057021117e+06 2.924906546087912866e+05 2.420357533886535020e+04
8.248678642863174900e+05 -9.031213380449465476e+05 3.087426212205967749e+04 2.031865522475576436e+05 1.698617592860553123e+05 6.594242566248579533e+04 -4.313574550943925715e+04 1.048572970276668493e+05 -3.417756806401317249e+02 1.170546876678942936e+06 -2.599809953469599131e+06 -1.329692304577247705e+06 7.386212900420152582e+05 7.053801201192032313e+05 3.993093630769068259e+05 2.924906546087912866e+05 9.572645558367482154e+05 1.258333658331955230e+05
5.427042216761790769e+04 -9.402837074895758997e+04 -1.833889346174502862e+05 -2.038637487060280400e+05 1.167944301029162307e+05 -9.968111682831813232e+04 8.154784596757867803e+03 -1.449392299072397873e+04 5.435997835896325705e+04 5.725324803176485002e+05 -1.616029440196085256e+06 -2.219268849872664548e+06 -1.954731630917447619e+05 2.190883788092926552e+05 2.050876199600212931e+04 2.420357533886535020e+04 1.258333658331955230e+05 3.666520044870732818e+05
