# lambda=0.0907642459271442
5.079342851135955006e+07 -1.766166588489288930e+06 -2.307946385980984662e+06 -6.602782891363897361e+05 1.695586254751710920e+06 1.144489674441480078e+06 -1.257240102948008105e+06 6.893050558746082243e+05 4.589392484161996981e+04 3.004153372330426355e+05 2.350756875076396391e+06 -8.932245113245261833e+06 -4.662532589775922708e+06 -1.337950717439174477e+05 1.865112254749275045e+06 -1.911831070194835076e+06 1.047808668241194217e+06 3.792696859955292311e+05
-1.766166588489288930e+06 1.387563113389677368e+07 3.260023112665368710e+06 5.988267429687697440e+05 1.038584107155673555e+06 -2.874291594022396603e+05 -6.108614684477428673e+05 -2.389789051582988031e+04 -2.596587896712809161e+05 2.067818475223499164e+07 2.687577522909085453e+07 4.852916848119653761e+06 2.774394738898685668e+06 1.328668146667680936e+06 -2.509765751039111055e+05 -1.324080208017867757e+06 -1.805433242239492756e+04 1.621878393396318424e+05
-2.307946385980984662e+06 3.260023112665368710e+06 6.620455610154613853e+06 6.229227647528776433e+05 -1.225538008744458057e+05 -9.870558665650557668e+04 -5.304124731504016090e+05 -1.558253346336818140e+04 -1.343308087708045787e+05 9.962737243510719389e+06 7.204835703964122571e+06 7.184030732375037856e+06 1.378005900992337381e+06 1.548314514325298835e+06 -3.136879968115653610e+05 -1.495547723378993978e+05 1.190975676217386936e+05 -1.471510106495835353e+05
-6.602782891363897361e+05 5.988267429687697440e+05 6.229227647528776433e+05 2.097843020346758887e+06 -2.340853411319973529e+05 -9.847313003552576993e+04 -2.021954895699901972e+05 -1.115206262571616753e+04 1.614355383535843284e+05 -2.729936833389230887e+05 1.381093856379334582e+06 5.596152585593336698e+04 2.768904242043615784e+06 2.979474874802896520e+05 -4.670646071566177416e+05 2.562238487567424017e+05 -2.493352344800109568e+05 3.268499800777415512e+05
1.695586254751710920e+06 1.038584107155673555e+06 -1.225538008744458057e+05 -2.340853411319973529e+05 6.417259139677961357e+05 -1.690965041000438578e+04 -2.440737446230362912e+04 3.556223775106635003e+04 2.531869481899041602e+03 2.678125848399801645e+06 1.313754625272839097e+06 -6.325592586843022145e+05 -4.448544073132043122e+05 9.587069559929355455e+04 1.258089603255021066e+05 -3.431105547621728620e+05 -3.800614519918578299e+04 -1.088905575005861283e+04
1.144489674441480078e+06 -2.874291594022396603e+05 -9.870558665650557668e+04 -9.847313003552576993e+04 -1.690965041000438578e+04 3.652936476420722320e+05 3.300954844803852757e+04 -6.852514313670911361e+04 3.743692732696559688e+04 -9.162567903073798516e+04 -3.899297653502099565e+05 -6.012520664945585886e+05 -3.721538787687770091e+05 -1.359167246050403046e+05 2.283762513782761816e+05 1.018362917415088159e+05 1.647461140078537283e+05 7.763812778074705420e+03
-1.257240102948008105e+06 -6.108614684477428673e+05 -5.304124731504016090e+05 -2.021954895699901972e+05 -2.440737446230362912e+04 3.300954844803852757e+04 4.352625180376525386e+05 6.608006089605829038e+04 3.164184062346932842e+04 -3.920214585414161440e+06 -3.031251680207621772e+06 -1.458314763007279485e+06 -9.531558634504600195e+04 -1.034661729994377965e+05 1.314587642771626415e+05 4.077925447839651606e+05 8.575609224385002744e+04 -2.359308341156660026e+04
6.893050558746082243e+05 -2.389789051582988031e+04 -1.558253346336818140e+04 -1.115206262571616753e+04 3.556223775106635003e+04 -6.852514313670911361e+04 6.608006089605829038e+04 2.006243102679406293e+05 5.530324446420181630e+03 -2.949457778733749001e+04 -6.672556070542936213e+05 -8.640979575632308843e+05 -1.002073223964294593e+05 -1.380461904740078317e+05 5.455111632687733800e+04 6.053387934264993237e+04 3.526180111370404484e+04 9.842383979310716313e+03
4.589392484161996981e+04 -2.596587896712809161e+05 -1.343308087708045787e+05 1.614355383535843284e+05 2.531869481899041602e+03 3.743692732696559688e+04 3.164184062346932842e+04 5.530324446420181630e+03 1.161773214382851584e+05 -1.014192335793680162e+06 -1.137467391626399709e+06 -2.543914925089790195e+05 2.822402900525438017e+05 -2.220924822948324727e+05 -7.223445353627542499e+04 3.266433555558400985e+04 2.015293289719670065e+04 1.296371729031480209e+05
3.004153372330426355e+05 2.067818475223499164e+07 9.962737243510719389e+06 -2.729936833389230887e+05 2.678125848399801645e+06 -9.162567903073798516e+04 -3.920214585414161440e+06 -2.949457778733749001e+04 -1.014192335793680162e+06 1.971087359142361283e+08 8.507126679510578513e+07 2.384717431457006931e+07 -5.764128878364566714e+06 -5.728794965579064563e+06 -8.102797595237911679e+06 -6.433888123295078054e+06 -2.017595910466590896e+06 -2.600892225885605440e+06
2.350756875076396391e+06 2.687577522909085453e+07 7.204835703964122571e+06 1.381093856379334582e+06 1.313754625272839097e+06 -3.899297653502099565e+05 -3.031251680207621772e+06 -6.672556070542936213e+05 -1.137467391626399709e+06 8.507126679510578513e+07 1.607816688093415797e+08 3.410639579151690751e+07 4.773560381652601995e+06 6.347973866489721462e+06 1.080032883482564008e+06 -3.911978289787367918e+06 8.195236399228933733e+05 1.754914010956917482e+05
-8.932245113245261833e+06 4.852916848119653761e+06 7.184030732375037856e+06 5.596152585593336698e+04 -6.325592586843022145e+05 -6.012520664945585886e+05 -1.458314763007279485e+06 -8.640979575632308843e+05 -2.543914925089790195e+05 2.384717431457006931e+07 3.410639579151690751e+07 2.953216780233177543e+07 2.953064210381006356e+06 2.832803271306172945e+06 -2.444187529118712060e+06 -1.742998110614727950e+06 -1.973691026894344541e+05 -6.364428295615945244e+05
-4.662532589775922708e+06 2.774394738898685668e+06 1.378005900992337381e+06 2.768904242043615784e+06 -4.448544073132043122e+05 -3.721538787687770091e+05 -9.531558634504600195e+04 -1.002073223964294593e+05 2.822402900525438017e+05 -5.764128878364566714e+06 4.773560381652601995e+06 2.953064210381006356e+06 1.138430911492748931e+07 9.256029116095273057e+05 -8.114595819410841214e+05 1.366214446399325039e+06 3.637649138356199837e+05 7.479609741712295217e+05
-1.337950717439174477e+05 1.328668146667680936e+06 1.548314514325298835e+06 2.979474874802896520e+05 9.587069559929355455e+04 -1.359167246050403046e+05 -1.034661729994377965e+05 -1.380461904740078317e+05 -2.220924822948324727e+05 -5.728794965579064563e+06 6.347973866489721462e+06 2.832803271306172945e+06 9.256029116095273057e+05 4.125314288996682968e+06 6.491833416969092796e+05 -3.056037819205246051e+05 9.120475671406144102e+04 -3.293611448929997860e+05
1.865112254749275045e+06 -2.509765751039111055e+05 -3.136879968115653610e+05 -4.670646071566177416e+05 1.258089603255021066e+05 2.283762513782761816e+05 1.314587642771626415e+05 5.455111632687733800e+04 -7.223445353627542499e+04 -8.102797595237911679e+06 1.080032883482564008e+06 -2.444187529118712060e+06 -8.114595819410841214e+05 6.491833416969092796e+05 3.264323702369447798e+06 6.629655198319896590e+05 7.138365105391069083e+05 -1.714622232150081982e+04
-1.911831070194835076e+06 -1.324080208017867757e+06 -1.495547723378993978e+05 2.562238487567424017e+05 -3.431105547621728620e+05 1.018362917415088159e+05 4.077925447839651606e+05 6.053387934264993237e+04 3.266433555558400985e+04 -6.433888123295078054e+06 -3.911978289787367918e+06 -1.742998110614727950e+06 1.366214446399325039e+06 -3.056037819205246051e+05 6.629655198319896590e+05 1.580480665177374380e+06 4.287110668052913970e+05 8.039865904357880936e+04
1.047808668241194217e+06 -1.805433242239492756e+04 1.190975676217386936e+05 -2.493352344800109568e+05 -3.800614519918578299e+04 1.647461140078537283e+05 8.575609224385002744e+04 3.526180111370404484e+04 2.015293289719670065e+04 -2.017595910466590896e+06 8.195236399228933733e+05 -1.973691026894344541e+05 3.637649138356199837e+05 9.120475671406144102e+04 7.138365105391069083e+05 4.287110668052913970e+05 1.149087578442884842e+06 1.659297696026550257e+05
3.792696859955292311e+05 1.621878393396318424e+05 -1.471510106495835353e+05 3.268499800777415512e+05 -1.088905575005861283e+04 7.763812778074705420e+03 -2.359308341156660026e+04 9.842383979310716313e+03 1.296371729031480209e+05 -2.600892225885605440e+06 1.754914010956917482e+05 -6.364428295615945244e+05 7.479609741712295217e+05 -3.293611448929997860e+05 -1.714622232150081982e+04 8.039865904357880936e+04 1.659297696026550257e+05 5.153902357646737946e+05
