# lambda=0.09097103582217493
3.622342257886625081e+07 2.254157129985365085e+06 1.480560483356778976e+06 1.125544631678427104e+06 5.344087750251075486e+05 1.015285581679383526e+06 -3.006317821414901409e+05 6.886293884850163013e+05 6.141616522215730511e+05 9.341989177682660520e+06 2.547074408416158403e+05 -1.685849065297826310e+05 3.495283523229057435e+06 2.812438370198228862e+06 -1.033947492585705040e+05 6.242143374930922873e+05 3.082784349517796072e+05 2.656959282810764387e+06
2.254157129985365085e+06 8.802219933195075020e+06 1.161490665085859131e+06 -2.854451914938597474e+04 5.200869328496242524e+05 1.220169539109723992e+05 8.121054411537181295e+04 1.206326029748232977e+05 2.663264063203870901e+05 -6.228182741770531051e+06 4.987213752254604362e+06 -1.883720479960597819e+06 -6.521092644873608369e+05 1.399251087130393367e+06 3.367848894200524956e+04 7.115677543834819517e+04 6.647826985711759189e+05 5.796662259346548235e+05
1.480560483356778976e+06 1.161490665085859131e+06 3.977179380744531285e+06 9.675562104812178295e+05 2.686928215388257522e+05 9.710734996725780366e+04 -1.425868309170754219e+05 2.083131688694923942e+05 9.407630002245234209e+04 1.868249071348016383e+06 2.362764292751512025e+06 3.433555775343836285e+06 3.416504920864889864e+05 2.103453217551028356e+05 2.225943879239867092e+05 4.614164540894362726e+05 -3.738581683161121327e+05 3.720732706914332084e+03
1.125544631678427104e+06 -2.854451914938597474e+04 9.675562104812178295e+05 1.463241425384501694e+06 3.826414844498222810e+05 -2.804272656710566025e+03 -1.177781699638581194e+05 -4.651104028160768939e+04 -1.043440241928959222e+04 4.019928391039269045e+06 3.723867146151969675e+06 3.317106332100506406e+06 7.913188816784707597e+05 3.377775287024909048e+05 3.322689637856913614e+05 1.922836639555397851e+05 -1.250835777106667665e+05 -1.908274006618994463e+04
5.344087750251075486e+05 5.200869328496242524e+05 2.686928215388257522e+05 3.826414844498222810e+05 6.991302053334759548e+05 1.066605434021343244e+05 5.402723930811824539e+04 1.910553016223633676e+04 6.015553158704835369e+04 2.871633706648231018e+06 9.287080448591524037e+05 1.877532082638537977e+05 1.592829626841519494e+05 8.233893255799991312e+04 5.184435812650575099e+04 2.220535004787513171e+05 3.499467592795282690e+04 -7.370643215576070361e+04
1.015285581679383526e+06 1.220169539109723992e+05 9.710734996725780366e+04 -2.804272656710566025e+03 1.066605434021343244e+05 5.298680502016490791e+05 1.179883498537245614e+05 6.115805877071111900e+04 3.014090134889031833e+04 1.432709170370441163e+06 -1.214310661502295174e+06 -1.710024793788151510e+04 6.313188402417631587e+05 8.141600835230947705e+05 5.945154338621386560e+05 4.312395128585086204e+05 1.615753143855698581e+05 4.354410592760019426e+03
-3.006317821414901409e+05 8.121054411537181295e+04 -1.425868309170754219e+05 -1.177781699638581194e+05 5.402723930811824539e+04 1.179883498537245614e+05 2.571746042410730734e+05 1.425501806714571103e+04 8.591501525484993181e+03 -5.698231814091090346e+05 -1.748497886569609400e+06 -8.408746082619405352e+05 -3.135575945450905056e+04 1.056469283745090652e+05 -1.027658721325735532e+05 9.461052321280597243e+04 -9.893850811688809699e+03 -1.146161858972050977e+05
6.886293884850163013e+05 1.206326029748232977e+05 2.083131688694923942e+05 -4.651104028160768939e+04 1.910553016223633676e+04 6.115805877071111900e+04 1.425501806714571103e+04 1.436638033995157166e+05 2.273396516298838105e+04 6.191056020848581102e+05 -1.385247796884396113e+06 -8.107084659973167581e+05 -1.134113233028074173e+05 2.234216272331291693e+05 5.064033709621633170e+04 -3.973446665101142571e+04 -3.166381013700974290e+04 -1.519143262974071513e+04
6.141616522215730511e+05 2.663264063203870901e+05 9.407630002245234209e+04 -1.043440241928959222e+04 6.015553158704835369e+04 3.014090134889031833e+04 8.591501525484993181e+03 2.273396516298838105e+04 1.061874201946118847e+05 -5.383354479542582994e+05 8.803033558357547736e+04 -4.946882695113548543e+05 -1.111815948386458476e+05 -4.715928389867755322e+04 -3.044678417898080625e+03 -4.397455103269533720e+04 -7.977074965354494634e+04 -2.366555133774127171e+02
9.341989177682660520e+06 -6.228182741770531051e+06 1.868249071348016383e+06 4.019928391039269045e+06 2.871633706648231018e+06 1.432709170370441163e+06 -5.698231814091090346e+05 6.191056020848581102e+05 -5.383354479542582994e+05 2.496466091924044490e+08 -1.834845726397724077e+07 -9.268937581380205229e+06 1.661040612753749080e+07 1.266917768322322518e+07 4.909057271591428667e+06 3.581852881961872801e+06 1.850114108771657804e+06 2.284172126962193288e+06
2.547074408416158403e+05 4.987213752254604362e+06 2.362764292751512025e+06 3.723867146151969675e+06 9.287080448591524037e+05 -1.214310661502295174e+06 -1.748497886569609400e+06 -1.385247796884396113e+06 8.803033558357547736e+04 -1.834845726397724077e+07 6.439321056637614965e+07 2.009843077362608165e+07 2.568275925951037556e+06 -2.508717885124808177e+06 -7.918956628243568121e+05 -2.144239347743994149e+05 3.462582447303068475e+05 1.188009113870160887e+06
-1.685849065297826310e+05 -1.883720479960597819e+06 3.433555775343836285e+06 3.317106332100506406e+06 1.877532082638537977e+05 -1.710024793788151510e+04 -8.408746082619405352e+05 -8.107084659973167581e+05 -4.946882695113548543e+05 -9.268937581380205229e+06 2.009843077362608165e+07 3.693647636757280678e+07 7.613099507347787730e+06 2.033246870464593871e+06 1.486565085924725747e+06 2.073943574946085690e+06 7.208038519649974769e+05 9.022734900110021699e+05
3.495283523229057435e+06 -6.521092644873608369e+05 3.416504920864889864e+05 7.913188816784707597e+05 1.592829626841519494e+05 6.313188402417631587e+05 -3.135575945450905056e+04 -1.134113233028074173e+05 -1.111815948386458476e+05 1.661040612753749080e+07 2.568275925951037556e+06 7.613099507347787730e+06 6.549916261749684811e+06 3.052035335434319451e+06 8.657600688691796968e+05 6.700589346853018505e+05 8.587418057771788444e+05 5.831162774863400264e+05
2.812438370198228862e+06 1.399251087130393367e+06 2.103453217551028356e+05 3.377775287024909048e+05 8.233893255799991312e+04 8.141600835230947705e+05 1.056469283745090652e+05 2.234216272331291693e+05 -4.715928389867755322e+04 1.266917768322322518e+07 -2.508717885124808177e+06 2.033246870464593871e+06 3.052035335434319451e+06 4.244562372711924836e+06 5.328392881801263429e+05 8.874078021399808349e+05 9.455535678856108570e+05 4.262169032104215585e+05
-1.033947492585705040e+05 3.367848894200524956e+04 2.225943879239867092e+05 3.322689637856913614e+05 5.184435812650575099e+04 5.945154338621386560e+05 -1.027658721325735532e+05 5.064033709621633170e+04 -3.044678417898080625e+03 4.909057271591428667e+06 -7.918956628243568121e+05 1.486565085924725747e+06 8.657600688691796968e+05 5.328392881801263429e+05 3.297323783681568690e+06 1.305317255907272687e+06 2.217254957415249082e+05 2.864791225575752323e+05
6.242143374930922873e+05 7.115677543834819517e+04 4.614164540894362726e+05 1.922836639555397851e+05 2.220535004787513171e+05 4.312395128585086204e+05 9.461052321280597243e+04 -3.973446665101142571e+04 -4.397455103269533720e+04 3.581852881961872801e+06 -2.144239347743994149e+05 2.073943574946085690e+06 6.700589346853018505e+05 8.874078021399808349e+05 1.305317255907272687e+06 1.756262918319924735e+06 4.659729792431749520e+05 2.806562103974981583e+05
3.082784349517796072e+05 6.647826985711759189e+05 -3.738581683161121327e+05 -1.250835777106667665e+05 3.499467592795282690e+04 1.615753143855698581e+05 -9.893850811688809699e+03 -3.166381013700974290e+04 -7.977074965354494634e+04 1.850114108771657804e+06 3.462582447303068475e+05 7.208038519649974769e+05 8.587418057771788444e+05 9.455535678856108570e+05 2.217254957415249082e+05 4.659729792431749520e+05 6.436141256731949979e+05 2.853330613210131414e+05
2.656959282810764387e+06 5.796662259346548235e+05 3.720732706914332084e+03 -1.908274006618994463e+04 -7.370643215576070361e+04 4.354410592760019426e+03 -1.146161858972050977e+05 -1.519143262974071513e+04 -2.366555133774127171e+02 2.284172126962193288e+06 1.188009113870160887e+06 9.022734900110021699e+05 5.831162774863400264e+05 4.262169032104215585e+05 2.864791225575752323e+05 2.806562103974981583e+05 2.853330613210131414e+05 6.144362165280140471e+05
