# lambda=0.17494293679545433
4.361807457115305960e+07 3.327232274702690076e+06 -5.003218711104727699e+05 -1.607712437312503811e+06 -8.879312401134867105e+04 1.443070298756575212e+06 2.625609195578995277e+05 3.126753418309438275e+05 2.110468056905553385e+05 2.075625747137236223e+07 1.228008984729383810e+05 -1.239542098268897738e+06 -4.472144192382625188e+05 2.297184635896145366e+06 1.296231417944474611e+06 1.325016419871537073e+05 8.402868817812583875e+05 6.498393867631730391e+05
3.327232274702690076e+06 1.091128979576189443e+07 8.453532150862952694e+05 1.253265706243880792e+06 1.953919326772568456e+05 3.485176160441450775e+05 -2.796637063428860856e+05 1.670787053498319292e+05 -1.008240811271318962e+05 -8.823273834527017316e+05 2.243987779522364028e+06 -2.780942186065475456e+06 1.431962331145369215e+06 1.851069848205736838e+06 1.524791981084109982e+06 3.447848062205297756e+05 -2.955103119947914383e+05 8.240293623297143495e+05
-5.003218711104727699e+05 8.453532150862952694e+05 5.180595668414906599e+06 3.516366510644498048e+05 -1.919005639369867858e+05 9.424574610857234802e+04 -2.813566676790706697e+05 3.328276389138409868e+05 -4.650895489424616244e+04 2.031562495411539276e+05 1.535651802425727947e+06 2.201074489063341636e+06 3.295629256485369842e+04 -3.426412311049433774e+05 1.155553766939420486e+06 -1.307608026267024106e+05 -1.536520577131822938e+05 2.717878949336322257e+05
-1.607712437312503811e+06 1.253265706243880792e+06 3.516366510644498048e+05 1.620901456716666697e+06 2.420154888010616414e+05 9.754077259056417097e+04 2.085391863167225383e+05 -9.285600443492586783e+04 1.224856387933791702e+05 -2.297271578088430222e+06 1.550147644377715886e+06 -4.013431234202804044e+05 -1.043111984987083124e+05 8.365574930138036143e+04 3.957329413949147565e+05 3.177926451226975769e+05 -2.100356630631762091e+05 1.463321576180375414e+05
-8.879312401134867105e+04 1.953919326772568456e+05 -1.919005639369867858e+05 2.420154888010616414e+05 7.771767483649874339e+05 6.463472504983551335e+04 6.780123528523954155e+04 3.245587952058617884e+04 -5.073743972278649017e+04 3.989313781451385934e+06 4.147370574479925563e+05 6.407046776406695426e+04 -7.206807906822199002e+05 2.976717701486938749e+05 2.083198571720789478e+05 2.154550416072104999e+05 2.127655864432164890e+04 -8.279307515647579567e+04
1.443070298756575212e+06 3.485176160441450775e+05 9.424574610857234802e+04 9.754077259056417097e+04 6.463472504983551335e+04 3.325950786427929997e+05 6.841561720281276212e+04 1.073078347738133562e+04 1.952781263032752395e+04 1.965959821269189706e+06 2.955063828556218650e+05 5.493674918231681222e+05 4.473005665259453235e+04 1.502445441938784788e+05 4.029966408515870571e+05 2.304444696353539475e+05 7.800965389947821677e+04 6.423734518989244680e+04
2.625609195578995277e+05 -2.796637063428860856e+05 -2.813566676790706697e+05 2.085391863167225383e+05 6.780123528523954155e+04 6.841561720281276212e+04 2.893284176711888867e+05 4.726219114831932529e+03 7.024697725638450356e+04 3.770213828613238547e+03 -4.449107138017753459e+04 8.441507056179242500e+04 -3.824356135152608040e+05 2.864693546762554251e+04 -4.982217782943492784e+04 4.930007441143433680e+05 7.752578074710557121e+04 -7.230020663646979665e+04
3.126753418309438275e+05 1.670787053498319292e+05 3.328276389138409868e+05 -9.285600443492586783e+04 3.245587952058617884e+04 1.073078347738133562e+04 4.726219114831932529e+03 1.762071759623749531e+05 1.005515462325639237e+04 7.918488728887395700e+05 3.273749762206864543e+05 -2.691042188821124728e+05 -3.316760428889428731e+05 -1.342659427718288207e+05 7.192781793210608157e+03 6.187978046802895551e+04 1.016891088726936432e+05 2.025414039746539856e+04
2.110468056905553385e+05 -1.008240811271318962e+05 -4.650895489424616244e+04 1.224856387933791702e+05 -5.073743972278649017e+04 1.952781263032752395e+04 7.024697725638450356e+04 1.005515462325639237e+04 1.022547760099514271e+05 -1.262157195908919908e+06 6.194462382898802171e+05 -3.416846514715119847e+05 -3.710328167863077833e+05 1.294685688886104326e+05 -4.407158414064017416e+04 1.059379368412817857e+05 1.552781550892632913e+04 2.521818258530774256e+04
2.075625747137236223e+07 -8.823273834527017316e+05 2.031562495411539276e+05 -2.297271578088430222e+06 3.989313781451385934e+06 1.965959821269189706e+06 3.770213828613238547e+03 7.918488728887395700e+05 -1.262157195908919908e+06 1.955447826905423105e+08 1.834644532496106345e+06 1.727830193265245110e+07 7.174547680449731415e+05 -6.431856295360218734e+06 1.310773648199859075e+06 -1.156193492016730830e+06 -4.274729399600492790e+06 -2.049526542331929551e+06
1.228008984729383810e+05 2.243987779522364028e+06 1.535651802425727947e+06 1.550147644377715886e+06 4.147370574479925563e+05 2.955063828556218650e+05 -4.449107138017753459e+04 3.273749762206864543e+05 6.194462382898802171e+05 1.834644532496106345e+06 3.275275146353700384e+07 1.817319008065316360e+06 -1.139979649073008914e+06 2.244491221501978362e+04 -1.825282930582310539e+06 -1.238163570696386043e+06 -4.332618004006956471e+05 1.627510691724882228e+06
-1.239542098268897738e+06 -2.780942186065475456e+06 2.201074489063341636e+06 -4.013431234202804044e+05 6.407046776406695426e+04 5.493674918231681222e+05 8.441507056179242500e+04 -2.691042188821124728e+05 -3.416846514715119847e+05 1.727830193265245110e+07 1.817319008065316360e+06 1.544062994281940907e+07 3.592923895544684492e+06 -1.532225211465426721e+06 2.741383608624819317e+05 3.141064378203647793e+05 7.431668362419701880e+05 6.513983245835220441e+05
-4.472144192382625188e+05 1.431962331145369215e+06 3.295629256485369842e+04 -1.043111984987083124e+05 -7.206807906822199002e+05 4.473005665259453235e+04 -3.824356135152608040e+05 -3.316760428889428731e+05 -3.710328167863077833e+05 7.174547680449731415e+05 -1.139979649073008914e+06 3.592923895544684492e+06 9.735880492550976574e+06 1.378675086447697831e+05 -2.283583417545223201e+05 -9.061464332885243930e+05 7.825706114531659114e+04 5.360314841244115960e+05
2.297184635896145366e+06 1.851069848205736838e+06 -3.426412311049433774e+05 8.365574930138036143e+04 2.976717701486938749e+05 1.502445441938784788e+05 2.864693546762554251e+04 -1.342659427718288207e+05 1.294685688886104326e+05 -6.431856295360218734e+06 2.244491221501978362e+04 -1.532225211465426721e+06 1.378675086447697831e+05 3.719018691641011741e+06 1.652285324548662174e+06 5.358991660569158848e+05 2.059929443186584103e+05 3.103965614912710153e+05
1.296231417944474611e+06 1.524791981084109982e+06 1.155553766939420486e+06 3.957329413949147565e+05 2.083198571720789478e+05 4.029966408515870571e+05 -4.982217782943492784e+04 7.192781793210608157e+03 -4.407158414064017416e+04 1.310773648199859075e+06 -1.825282930582310539e+06 2.741383608624819317e+05 -2.283583417545223201e+05 1.652285324548662174e+06 4.265768491239350289e+06 1.041113409371248679e+06 1.847792690148186521e+05 -1.206502240102325013e+05
1.325016419871537073e+05 3.447848062205297756e+05 -1.307608026267024106e+05 3.177926451226975769e+05 2.154550416072104999e+05 2.304444696353539475e+05 4.930007441143433680e+05 6.187978046802895551e+04 1.059379368412817857e+05 -1.156193492016730830e+06 -1.238163570696386043e+06 3.141064378203647793e+05 -9.061464332885243930e+05 5.358991660569158848e+05 1.041113409371248679e+06 1.876856476596109103e+06 2.999197636053755414e+05 -7.552160805677851022e+04
8.402868817812583875e+05 -2.955103119947914383e+05 -1.536520577131822938e+05 -2.100356630631762091e+05 2.127655864432164890e+04 7.800965389947821677e+04 7.752578074710557121e+04 1.016891088726936432e+05 1.552781550892632913e+04 -4.274729399600492790e+06 -4.332618004006956471e+05 7.431668362419701880e+05 7.825706114531659114e+04 2.059929443186584103e+05 1.847792690148186521e+05 2.999197636053755414e+05 9.932739598425669828e+05 2.517384387729886803e+05
6.498393867631730391e+05 8.240293623297143495e+05 2.717878949336322257e+05 1.463321576180375414e+05 -8.279307515647579567e+04 6.423734518989244680e+04 -7.230020663646979665e+04 2.025414039746539856e+04 2.521818258530774256e+04 -2.049526542331929551e+06 1.627510691724882228e+06 6.513983245835220441e+05 5.360314841244115960e+05 3.103965614912710153e+05 -1.206502240102325013e+05 -7.552160805677851022e+04 2.517384387729886803e+05 5.998256130489337957e+05
