# lambda=0.08217727927876452
4.444211541399838030e+07 8.822488225042128935e+06 -2.337550841188013088e+06 2.520833121389872686e+05 2.265752510064718779e+06 1.721184698099975940e+05 7.720095344033687143e+05 -8.990693444937515305e+05 -3.382308887156966375e+05 -5.462014458921530284e+06 1.629699979807403684e+07 8.409926020013486966e+06 -7.480478251247153385e+05 -7.949935650862157345e+05 -3.864763902873123065e+06 2.083379264462094754e+06 -3.706970847179444972e+05 -2.485720441717859358e+06
8.822488225042128935e+06 1.615480417155445553e+07 1.446062913075023564e+06 1.530430216990456218e+06 1.087072292049231706e+06 -2.551336108670619797e+04 3.106810617853059666e+05 1.782864418477021682e+05 4.374983276722113806e+04 4.361403771308917552e+06 1.695368257518737018e+07 -1.212830929513861192e+06 -1.687156448231439805e+06 -2.659873377910709474e+06 -7.595696401673500659e+05 1.669894610646451591e+06 -7.985954217450138822e+04 -1.265881708810100099e+06
-2.337550841188013088e+06 1.446062913075023564e+06 2.732126242247641087e+06 4.953409284138972289e+05 3.238384061941850232e+05 1.804282799751395651e+05 -5.557839368190760433e+04 7.542862564684865356e+04 7.000407539962381998e+04 3.770426747421672568e+06 5.714980295524771325e+06 2.730385567338761408e+06 -4.855817533189516980e+05 -8.936290689463221934e+05 6.750788520831480855e+05 3.403496551809493103e+05 -1.729365665658657963e+05 -5.148077876010507316e+04
2.520833121389872686e+05 1.530430216990456218e+06 4.953409284138972289e+05 1.985827646444557235e+06 7.521457612846703269e+05 4.405448636498494889e+05 -8.208125279066734947e+04 1.465945892927425157e+05 6.015399750475196925e+03 -1.227330181503033964e+06 5.064896103312932886e+06 -7.189762501040846473e+03 2.716520284431908745e+06 1.004740858656901517e+06 4.590968345036813989e+05 2.767297333687695209e+05 3.557629283199419151e+05 8.406002164467835973e+04
2.265752510064718779e+06 1.087072292049231706e+06 3.238384061941850232e+05 7.521457612846703269e+05 1.416201431637682486e+06 3.179065272709859419e+05 -4.474461277344940754e+04 1.334701321414445993e+05 5.189793057258394401e+04 -2.315935501025063451e+06 3.633377816901929677e+06 4.940904888519499218e+04 -6.630889814321954327e+04 9.968845156052113743e+05 -1.496349231161964417e+04 2.475247173500103818e+05 4.038773249244237086e+05 -3.500663024517294252e+05
1.721184698099975940e+05 -2.551336108670619797e+04 1.804282799751395651e+05 4.405448636498494889e+05 3.179065272709859419e+05 5.644150627472382039e+05 -4.752731550229872482e+03 1.960860459314686595e+05 3.724557931833266048e+04 -5.363723753720072564e+05 1.070050984969334444e+06 6.154472235598299885e+05 4.263927199119598954e+05 9.449684649329008535e+05 3.300520694578270195e+05 1.316363357068258338e+05 3.133273850290062837e+05 4.995780919069388619e+04
7.720095344033687143e+05 3.106810617853059666e+05 -5.557839368190760433e+04 -8.208125279066734947e+04 -4.474461277344940754e+04 -4.752731550229872482e+03 2.421614684887673939e+05 5.886803764993078403e+03 3.264933458683481877e+04 -2.010802247195622767e+05 3.907522019689435256e+05 1.540436629623110639e+05 2.355667551293648139e+05 -1.411412090175902122e+05 -3.877876677090000012e+05 -4.399176249977484986e+03 4.333428456790695782e+04 1.024108496389706706e+05
-8.990693444937515305e+05 1.782864418477021682e+05 7.542862564684865356e+04 1.465945892927425157e+05 1.334701321414445993e+05 1.960860459314686595e+05 5.886803764993078403e+03 2.456534015108562890e+05 3.583369896801296272e+04 -9.397261781053427840e+05 -7.903742136201167887e+04 -5.680771920475930674e+05 -3.958998174373058282e+04 2.608178905506104056e+05 1.816544561263436044e+05 1.621559743089919721e+04 3.189363768202438368e+05 8.084161304063029820e+04
-3.382308887156966375e+05 4.374983276722113806e+04 7.000407539962381998e+04 6.015399750475196925e+03 5.189793057258394401e+04 3.724557931833266048e+04 3.264933458683481877e+04 3.583369896801296272e+04 9.083347203184965474e+04 3.660739106892034179e+05 7.206809078770192573e+05 2.537560506113124138e+05 -5.784867298066726653e+04 9.898474262951134006e+04 -8.920309760722985084e+04 5.272710360136316740e+04 9.957676400758183445e+04 9.859864441067958251e+04
-5.462014458921530284e+06 4.361403771308917552e+06 3.770426747421672568e+06 -1.227330181503033964e+06 -2.315935501025063451e+06 -5.363723753720072564e+05 -2.010802247195622767e+05 -9.397261781053427840e+05 3.660739106892034179e+05 2.834598825671652555e+08 3.745132014655906707e+07 1.329137090472728945e+07 8.455111229340985417e+06 -1.556719350151797524e+06 -3.397940766094635474e+05 3.952472056034572423e+06 2.731175972905651201e+06 7.321278388563344255e+06
1.629699979807403684e+07 1.695368257518737018e+07 5.714980295524771325e+06 5.064896103312932886e+06 3.633377816901929677e+06 1.070050984969334444e+06 3.907522019689435256e+05 -7.903742136201167887e+04 7.206809078770192573e+05 3.745132014655906707e+07 8.691425386112920940e+07 1.533645043081457168e+07 9.150717978491358459e+06 5.248622945787941571e+05 1.018825177116590086e+06 4.966134093210700899e+06 2.596881124111039098e+06 -6.849754913234523265e+05
8.409926020013486966e+06 -1.212830929513861192e+06 2.730385567338761408e+06 -7.189762501040846473e+03 4.940904888519499218e+04 6.154472235598299885e+05 1.540436629623110639e+05 -5.680771920475930674e+05 2.537560506113124138e+05 1.329137090472728945e+07 1.533645043081457168e+07 2.457455490652400628e+07 2.453373780700067990e+06 1.077828376494384371e+06 1.205340448038003640e+06 4.113860680718885269e+05 -1.246340408219767036e+06 2.597927629475017602e+05
-7.480478251247153385e+05 -1.687156448231439805e+06 -4.855817533189516980e+05 2.716520284431908745e+06 -6.630889814321954327e+04 4.263927199119598954e+05 2.355667551293648139e+05 -3.958998174373058282e+04 -5.784867298066726653e+04 8.455111229340985417e+06 9.150717978491358459e+06 2.453373780700067990e+06 1.474986188762083091e+07 3.749215107600509655e+06 8.508032373442972312e+05 -8.157444035164643719e+04 1.083485687276578741e+06 1.076479821611264022e+06
-7.949935650862157345e+05 -2.659873377910709474e+06 -8.936290689463221934e+05 1.004740858656901517e+06 9.968845156052113743e+05 9.449684649329008535e+05 -1.411412090175902122e+05 2.608178905506104056e+05 9.898474262951134006e+04 -1.556719350151797524e+06 5.248622945787941571e+05 1.077828376494384371e+06 3.749215107600509655e+06 5.389141530744342133e+06 2.000635624077710090e+06 -2.967556704964686069e+05 1.052458943847552408e+06 3.870964899777069804e+05
-3.864763902873123065e+06 -7.595696401673500659e+05 6.750788520831480855e+05 4.590968345036813989e+05 -1.496349231161964417e+04 3.300520694578270195e+05 -3.877876677090000012e+05 1.816544561263436044e+05 -8.920309760722985084e+04 -3.397940766094635474e+05 1.018825177116590086e+06 1.205340448038003640e+06 8.508032373442972312e+05 2.000635624077710090e+06 3.470187073876580689e+06 6.235503138796606436e+03 3.110143674982755911e+05 7.919643300893677224e+04
2.083379264462094754e+06 1.669894610646451591e+06 3.403496551809493103e+05 2.767297333687695209e+05 2.475247173500103818e+05 1.316363357068258338e+05 -4.399176249977484986e+03 1.621559743089919721e+04 5.272710360136316740e+04 3.952472056034572423e+06 4.966134093210700899e+06 4.113860680718885269e+05 -8.157444035164643719e+04 -2.967556704964686069e+05 6.235503138796606436e+03 1.108987433352104621e+06 1.396911081081723969e+05 -7.657104463967698393e+04
-3.706970847179444972e+05 -7.985954217450138822e+04 -1.729365665658657963e+05 3.557629283199419151e+05 4.038773249244237086e+05 3.133273850290062837e+05 4.333428456790695782e+04 3.189363768202438368e+05 9.957676400758183445e+04 2.731175972905651201e+06 2.596881124111039098e+06 -1.246340408219767036e+06 1.083485687276578741e+06 1.052458943847552408e+06 3.110143674982755911e+05 1.396911081081723969e+05 1.369118498635567958e+06 4.309728825838636258e+05
-2.485720441717859358e+06 -1.265881708810100099e+06 -5.148077876010507316e+04 8.406002164467835973e+04 -3.500663024517294252e+05 4.995780919069388619e+04 1.024108496389706706e+05 8.084161304063029820e+04 9.859864441067958251e+04 7.321278388563344255e+06 -6.849754913234523265e+05 2.597927629475017602e+05 1.076479821611264022e+06 3.870964899777069804e+05 7.919643300893677224e+04 -7.657104463967698393e+04 4.309728825838636258e+05 9.257363477956112474e+05
