# lambda=0.12246084490936383
3.129216608356867731e+07 2.326561500629720744e+06 -1.389122182517382316e+06 1.601307198843683582e+06 4.050802223809007555e+05 -3.914154934243494063e+04 5.593052775401285908e+04 5.342693160248124041e+05 -8.964738612817677495e+04 3.585166276221001893e+07 -6.423487671337072738e+06 -4.392110254835815169e+06 -2.793337825044477824e+06 -6.244242639673859812e+05 1.471646029712920310e+06 -4.155624889490766218e+05 6.654720484586234670e+05 7.249984418570193229e+05
2.326561500629720744e+06 1.216502690714629740e+07 1.748387848174436949e+06 1.452912266605499201e+06 -2.325839498288152681e+05 -9.393783241019877605e+05 7.296436614041237626e+05 6.017920548176662996e+05 1.061796411546411546e+05 1.003484313156213984e+07 -4.019240962554787286e+06 1.713680429310827516e+06 2.562465188962766901e+06 1.667633122369671240e+06 -6.102392600839064689e+05 1.198441659946119325e+05 6.485251400208460400e+05 2.423138182070686889e+05
-1.389122182517382316e+06 1.748387848174436949e+06 5.670051547548898496e+06 -4.387130311584955052e+04 -1.545270320282266184e+05 1.871223051234199665e+05 3.054144031258482137e+05 2.087626907013707096e+05 -9.842972834757360397e+04 -2.183584040279019624e+06 -2.866486469366804697e+06 5.993091776669581421e+06 8.316934825938851573e+05 3.804719350870614871e+05 -4.924640481898526195e+04 1.510456099157260323e+05 2.981268713673752500e+05 -6.478774608631969750e+04
1.601307198843683582e+06 1.452912266605499201e+06 -4.387130311584955052e+04 1.529680284238480963e+06 8.285221326236885216e+04 -2.705280519589220057e+05 7.356503734966432967e+04 -8.292739491709593858e+04 -6.096299823939125054e+04 3.786484806884548161e+06 -1.713872948675126070e+06 -4.830894237631687429e+05 6.000797208376792260e+05 3.749050417750333436e+05 -1.289046588793260744e+05 -1.127608066053803632e+05 9.504432165443299164e+04 1.415455891224460793e+05
4.050802223809007555e+05 -2.325839498288152681e+05 -1.545270320282266184e+05 8.285221326236885216e+04 1.207672967489939416e+06 1.032315726076978899e+05 -9.637989951266844582e+04 2.752702844624928912e+04 6.397765848349070438e+04 1.593972974395088851e+06 -1.234767976320135640e+05 -1.033062078692927491e+06 2.093248679375448410e+04 6.293423426458099857e+05 7.473667819239643868e+05 -4.143447710085812723e+05 -3.016841441960425436e+04 -2.117225670640610406e+04
-3.914154934243494063e+04 -9.393783241019877605e+05 1.871223051234199665e+05 -2.705280519589220057e+05 1.032315726076978899e+05 6.099940646277175983e+05 1.308975722740874771e+05 1.005951417166529718e+05 5.335501404212025955e+04 2.852615875246765208e+05 -8.852626472028932767e+04 -7.735766309645236470e+05 1.745208043581058737e+05 1.038510057676965080e+05 4.549708227010561968e+05 3.431440336722619249e+05 2.184379491583629278e+05 5.199827888751553110e+04
5.593052775401285908e+04 7.296436614041237626e+05 3.054144031258482137e+05 7.356503734966432967e+04 -9.637989951266844582e+04 1.308975722740874771e+05 4.092834134204389993e+05 7.495919553681630350e+04 4.260147120073133556e+04 1.958383594524295186e+05 -1.627886357688021963e+05 1.068969791865681327e+05 2.381894113595743547e+05 1.287247399511743133e+05 -1.715601643836003132e+04 3.677442055885738228e+05 1.712909000987595355e+05 1.079088411203135329e+05
5.342693160248124041e+05 6.017920548176662996e+05 2.087626907013707096e+05 -8.292739491709593858e+04 2.752702844624928912e+04 1.005951417166529718e+05 7.495919553681630350e+04 2.127850023270513339e+05 2.501667569028442449e+04 -2.348591561140474805e+05 -8.566970308749987744e+05 -6.738448194355395390e+05 -9.504716933861656798e+03 1.094744987254024891e+05 4.507435261760905269e+04 -1.071907273118661215e+04 8.212664272424312367e+04 -2.198933809058912811e+04
-8.964738612817677495e+04 1.061796411546411546e+05 -9.842972834757360397e+04 -6.096299823939125054e+04 6.397765848349070438e+04 5.335501404212025955e+04 4.260147120073133556e+04 2.501667569028442449e+04 1.094078195826530864e+05 -1.622307774879057892e+06 -3.389935439730350627e+05 -2.921813316866611422e+04 9.449568621718669601e+04 2.486720050379641762e+05 1.906119993674139550e+05 7.830549252710338624e+04 4.536362794341463086e+03 3.768589415403865132e+04
3.585166276221001893e+07 1.003484313156213984e+07 -2.183584040279019624e+06 3.786484806884548161e+06 1.593972974395088851e+06 2.852615875246765208e+05 1.958383594524295186e+05 -2.348591561140474805e+05 -1.622307774879057892e+06 1.936386768933045864e+08 7.774435386251327582e+06 -1.138284715393555351e+07 -6.650671067503968254e+06 -3.123738738127897028e+06 -2.380914480860397685e+06 -1.433431406452510040e+06 2.754114594042782206e+06 1.001597753410119796e+06
-6.423487671337072738e+06 -4.019240962554787286e+06 -2.866486469366804697e+06 -1.713872948675126070e+06 -1.234767976320135640e+05 -8.852626472028932767e+04 -1.627886357688021963e+05 -8.566970308749987744e+05 -3.389935439730350627e+05 7.774435386251327582e+06 4.507384997932882607e+07 2.267283466269634664e+06 -3.968543550768201821e+05 -3.593712263402507640e+06 -1.487261642530914396e+06 -3.723099517639335245e+05 -1.346886070672421716e+06 -5.185495538248333614e+05
-4.392110254835815169e+06 1.713680429310827516e+06 5.993091776669581421e+06 -4.830894237631687429e+05 -1.033062078692927491e+06 -7.735766309645236470e+05 1.068969791865681327e+05 -6.738448194355395390e+05 -2.921813316866611422e+04 -1.138284715393555351e+07 2.267283466269634664e+06 2.204162479877281934e+07 6.621157467685867232e+03 -7.111097391842388315e+05 -1.040817039277667645e+06 -3.995621981979690026e+05 -1.021805732140125474e+06 9.707396463722293265e+04
-2.793337825044477824e+06 2.562465188962766901e+06 8.316934825938851573e+05 6.000797208376792260e+05 2.093248679375448410e+04 1.745208043581058737e+05 2.381894113595743547e+05 -9.504716933861656798e+03 9.449568621718669601e+04 -6.650671067503968254e+06 -3.968543550768201821e+05 6.621157467685867232e+03 6.378221410004929639e+06 2.719192790095367935e+06 -1.198284707905320247e+05 4.666448600654885522e+05 9.395453050546430750e+05 4.341021570241958834e+05
-6.244242639673859812e+05 1.667633122369671240e+06 3.804719350870614871e+05 3.749050417750333436e+05 6.293423426458099857e+05 1.038510057676965080e+05 1.287247399511743133e+05 1.094744987254024891e+05 2.486720050379641762e+05 -3.123738738127897028e+06 -3.593712263402507640e+06 -7.111097391842388315e+05 2.719192790095367935e+06 6.520850703687419184e+06 2.085791767205624841e+06 -8.132247363222477725e+04 7.054142290742797777e+05 6.880374423017994268e+05
1.471646029712920310e+06 -6.102392600839064689e+05 -4.924640481898526195e+04 -1.289046588793260744e+05 7.473667819239643868e+05 4.549708227010561968e+05 -1.715601643836003132e+04 4.507435261760905269e+04 1.906119993674139550e+05 -2.380914480860397685e+06 -1.487261642530914396e+06 -1.040817039277667645e+06 -1.198284707905320247e+05 2.085791767205624841e+06 3.024201909127896652e+06 2.692285569647429511e+05 3.985880399887082749e+05 4.277512130044518271e+05
-4.155624889490766218e+05 1.198441659946119325e+05 1.510456099157260323e+05 -1.127608066053803632e+05 -4.143447710085812723e+05 3.431440336722619249e+05 3.677442055885738228e+05 -1.071907273118661215e+04 7.830549252710338624e+04 -1.433431406452510040e+06 -3.723099517639335245e+05 -3.995621981979690026e+05 4.666448600654885522e+05 -8.132247363222477725e+04 2.692285569647429511e+05 1.111289449843837181e+06 4.430278736218882259e+05 1.680850747862286808e+05
6.654720484586234670e+05 6.485251400208460400e+05 2.981268713673752500e+05 9.504432165443299164e+04 -3.016841441960425436e+04 2.184379491583629278e+05 1.712909000987595355e+05 8.212664272424312367e+04 4.536362794341463086e+03 2.754114594042782206e+06 -1.346886070672421716e+06 -1.021805732140125474e+06 9.395453050546430750e+05 7.054142290742797777e+05 3.985880399887082749e+05 4.430278736218882259e+05 9.647253453108302783e+05 3.846213882328841137e+05
7.249984418570193229e+05 2.423138182070686889e+05 -6.478774608631969750e+04 1.415455891224460793e+05 -2.117225670640610406e+04 5.199827888751553110e+04 1.079088411203135329e+05 -2.198933809058912811e+04 3.768589415403865132e+04 1.001597753410119796e+06 -5.185495538248333614e+05 9.707396463722293265e+04 4.341021570241958834e+05 6.880374423017994268e+05 4.277512130044518271e+05 1.680850747862286808e+05 3.846213882328841137e+05 6.076940162411654601e+05
