# lambda=0.07894571029151745
4.332027367648541927e+07 3.132472534809056669e+06 -1.388915094451732468e+06 1.530867448032731190e+06 1.982899494985877071e+06 1.481564024172037607e+05 4.333445705716451048e+05 -1.042131083203298040e+05 4.070310927075632499e+05 -2.569248121086677071e+06 1.365829430991234072e+07 4.774144624470914714e+06 6.916849992949545383e+06 5.613802246835625730e+06 2.419928125555296894e+06 1.529299935022717575e+06 9.966328378636977868e+05 1.955317168860411912e+05
3.132472534809056669e+06 1.787246976183957234e+07 1.131262601887533208e+06 1.261044407638623845e+06 6.841643448871559231e+05 5.498431255234627752e+05 4.261627334968744544e+05 4.158565574808907695e+05 2.976103931167869014e+05 2.365539191160279885e+07 2.113267472325910255e+07 8.294782248737563379e+06 3.221755713916508947e+06 5.185605695454942761e+05 1.620546427550968365e+05 1.595639183973131469e+06 1.323553397407945478e+06 7.469877831665076083e+05
-1.388915094451732468e+06 1.131262601887533208e+06 4.395616882832478732e+06 3.089801071400063811e+05 1.466132418346545601e+05 2.495789236339768686e+05 -2.430648828019846405e+05 1.925860975689688057e+05 7.744573181635084620e+04 2.460394533397880848e+06 1.280090448521436658e+06 4.031942343491278589e+06 7.006629931250559166e+05 -3.162285043315025396e+05 -4.190652523316548904e+05 2.777232105883499389e+04 1.991255680824989104e+05 3.449814010245037498e+05
1.530867448032731190e+06 1.261044407638623845e+06 3.089801071400063811e+05 1.626345922470169375e+06 3.543931813387974980e+05 4.861019968374394375e+04 1.950372815651340061e+05 2.412101264333542204e+05 6.774245097541714495e+04 3.821421564852892887e+06 4.950201305545168929e+06 1.053634372323492309e+06 8.381333274647622602e+04 -3.971378284506100463e+05 -3.675248524127748096e+05 1.242537322037450649e+05 1.129406698660716211e+05 2.967581467477342085e+04
1.982899494985877071e+06 6.841643448871559231e+05 1.466132418346545601e+05 3.543931813387974980e+05 5.979838254306181334e+05 1.166800156660255743e+05 -3.590573381072582561e+04 -3.430129152969377174e+03 -2.923266640711226501e+04 2.881328309162781108e+06 1.933504195035387762e+06 1.233034955738655059e+06 7.961925440672689583e+05 5.207297356100754114e+05 2.664158773357234895e+05 4.470346775061119843e+04 1.084127855828114989e+05 -6.469745522703027382e+04
1.481564024172037607e+05 5.498431255234627752e+05 2.495789236339768686e+05 4.861019968374394375e+04 1.166800156660255743e+05 4.399611100624819519e+05 4.979231378457837855e+04 8.964740428381807578e+04 2.472732779791012217e+04 2.351801600036608521e+06 -4.635493531843030360e+05 2.917004976269131876e+05 -1.203326121675573959e+05 4.264475044195102782e+03 7.420702503953514679e+04 1.790796401759296423e+05 1.500532324304877511e+04 1.902241878782785498e+05
4.333445705716451048e+05 4.261627334968744544e+05 -2.430648828019846405e+05 1.950372815651340061e+05 -3.590573381072582561e+04 4.979231378457837855e+04 3.153983587349023437e+05 3.269543275723847546e+04 2.821529887641138703e+04 -4.878047532543220586e+04 -4.708668569216401083e+05 -2.100357098221158085e+05 2.710344156312338328e+03 -4.215580590288539534e+05 1.050945068775091349e+05 1.397501265760252718e+05 1.117972870229971013e+05 9.148566667197234347e+04
-1.042131083203298040e+05 4.158565574808907695e+05 1.925860975689688057e+05 2.412101264333542204e+05 -3.430129152969377174e+03 8.964740428381807578e+04 3.269543275723847546e+04 2.349724605449835071e+05 3.850762780389545514e+04 -5.621231432805994991e+05 6.660323345630273689e+05 2.132189344857999822e+05 5.331321251084854157e+04 -3.247356102838406514e+04 3.734276682601535867e+04 2.986970909682768397e+05 1.655564449017895386e+05 2.637586509568653241e+02
4.070310927075632499e+05 2.976103931167869014e+05 7.744573181635084620e+04 6.774245097541714495e+04 -2.923266640711226501e+04 2.472732779791012217e+04 2.821529887641138703e+04 3.850762780389545514e+04 7.537747889414253586e+04 8.551675422741592629e+05 -5.925350509890976537e+04 -7.466140431476655067e+04 -1.819127331450869096e+05 3.112746673641491725e+03 -5.870530441641671132e+03 1.478354057464397047e+05 3.884569136849708593e+04 5.963514213394736726e+04
-2.569248121086677071e+06 2.365539191160279885e+07 2.460394533397880848e+06 3.821421564852892887e+06 2.881328309162781108e+06 2.351801600036608521e+06 -4.878047532543220586e+04 -5.621231432805994991e+05 8.551675422741592629e+05 2.593765435672628582e+08 3.117072319721985608e+07 2.337272896476135775e+07 3.278943639735621866e+06 1.195688538401416130e+07 -1.692671453152162954e+06 -6.823904024797085440e+05 3.530508929638864473e+06 -4.023290183280755882e+05
1.365829430991234072e+07 2.113267472325910255e+07 1.280090448521436658e+06 4.950201305545168929e+06 1.933504195035387762e+06 -4.635493531843030360e+05 -4.708668569216401083e+05 6.660323345630273689e+05 -5.925350509890976537e+04 3.117072319721985608e+07 6.702119372842279077e+07 1.828018711665077507e+07 9.977375279170174152e+06 2.313655961335711181e+06 -1.044840337226155330e+06 4.326553395521547645e+05 6.272928115773044992e+05 -9.457955414877758594e+05
4.774144624470914714e+06 8.294782248737563379e+06 4.031942343491278589e+06 1.053634372323492309e+06 1.233034955738655059e+06 2.917004976269131876e+05 -2.100357098221158085e+05 2.132189344857999822e+05 -7.466140431476655067e+04 2.337272896476135775e+07 1.828018711665077507e+07 3.618406184347131848e+07 3.235396565656756982e+06 -2.417768918714117259e+06 9.753742409430157859e+05 1.372979367898959201e+06 5.411330214070585789e+05 -4.708019020233504125e+04
6.916849992949545383e+06 3.221755713916508947e+06 7.006629931250559166e+05 8.381333274647622602e+04 7.961925440672689583e+05 -1.203326121675573959e+05 2.710344156312338328e+03 5.331321251084854157e+04 -1.819127331450869096e+05 3.278943639735621866e+06 9.977375279170174152e+06 3.235396565656756982e+06 8.095078970616871491e+06 1.657991698613122571e+06 7.740571048085144721e+05 -1.067228845402828010e+05 6.893014394008332165e+05 -4.778131814692296903e+05
5.613802246835625730e+06 5.185605695454942761e+05 -3.162285043315025396e+05 -3.971378284506100463e+05 5.207297356100754114e+05 4.264475044195102782e+03 -4.215580590288539534e+05 -3.247356102838406514e+04 3.112746673641491725e+03 1.195688538401416130e+07 2.313655961335711181e+06 -2.417768918714117259e+06 1.657991698613122571e+06 5.859611782823133282e+06 5.003586295736787142e+05 2.249337249473901829e+04 9.673577082388044801e+05 -9.071453019283544563e+04
2.419928125555296894e+06 1.620546427550968365e+05 -4.190652523316548904e+05 -3.675248524127748096e+05 2.664158773357234895e+05 7.420702503953514679e+04 1.050945068775091349e+05 3.734276682601535867e+04 -5.870530441641671132e+03 -1.692671453152162954e+06 -1.044840337226155330e+06 9.753742409430157859e+05 7.740571048085144721e+05 5.003586295736787142e+05 1.932919001993267564e+06 5.350021671317875152e+05 1.296388025587467127e+05 -1.007889640332424606e+05
1.529299935022717575e+06 1.595639183973131469e+06 2.777232105883499389e+04 1.242537322037450649e+05 4.470346775061119843e+04 1.790796401759296423e+05 1.397501265760252718e+05 2.986970909682768397e+05 1.478354057464397047e+05 -6.823904024797085440e+05 4.326553395521547645e+05 1.372979367898959201e+06 -1.067228845402828010e+05 2.249337249473901829e+04 5.350021671317875152e+05 1.247125653481434565e+06 3.520298037426088704e+05 1.925539581751764053e+05
9.966328378636977868e+05 1.323553397407945478e+06 1.991255680824989104e+05 1.129406698660716211e+05 1.084127855828114989e+05 1.500532324304877511e+04 1.117972870229971013e+05 1.655564449017895386e+05 3.884569136849708593e+04 3.530508929638864473e+06 6.272928115773044992e+05 5.411330214070585789e+05 6.893014394008332165e+05 9.673577082388044801e+05 1.296388025587467127e+05 3.520298037426088704e+05 7.590826694679671200e+05 9.304586722128650581e+04
1.955317168860411912e+05 7.469877831665076083e+05 3.449814010245037498e+05 2.967581467477342085e+04 -6.469745522703027382e+04 1.902241878782785498e+05 9.148566667197234347e+04 2.637586509568653241e+02 5.963514213394736726e+04 -4.023290183280755882e+05 -9.457955414877758594e+05 -4.708019020233504125e+04 -4.778131814692296903e+05 -9.071453019283544563e+04 -1.007889640332424606e+05 1.925539581751764053e+05 9.304586722128650581e+04 4.804770815636143088e+05
