# lambda=0.19403857072007683
5.269539511951706558e+07 2.937040843865717761e+06 2.414394411131910980e+06 1.218382859270190122e+06 -1.547894968359021004e+06 9.833792967774473364e+05 6.329631535848992644e+05 1.749917960357800475e+05 -3.541482052195392316e+05 3.846236116134104878e+07 -1.296549687719540671e+07 -2.690189895301416516e+06 -2.765532858391867951e+06 3.288978713500631042e+06 -2.125430813642862719e+06 3.878023395479120314e+06 7.287092172085861675e+05 -1.477517063059443375e+06
2.937040843865717761e+06 8.877145227580649778e+06 2.887617860383657171e+04 -5.434492796601878945e+05 1.693366074077798694e+05 -2.725341935967291356e+05 1.701093948152511148e+05 2.131526280010039627e+05 -6.871514670870445843e+04 6.206994714561731555e+06 9.714931766822928330e+05 -3.044497053422357421e+06 -2.880720137722053565e+06 1.039042698635385837e+06 4.749908250527893688e+04 9.362079088814513525e+05 4.688201079218707164e+05 5.244462305112245958e+05
2.414394411131910980e+06 2.887617860383657171e+04 3.975088137442329898e+06 -2.081370198132391379e+05 1.577473265854456113e+05 5.337677608166139107e+05 9.551929362770778243e+04 -6.099861774874191178e+04 -8.271853435635101050e+04 -1.804883294995228061e+06 -2.881821487039044499e+06 3.174450514178341255e+06 2.131546811129156500e+06 1.831565553643966559e+06 4.485073001204315224e+05 2.246973420506686089e+05 6.666797243479593890e+05 4.096777951162209501e+04
1.218382859270190122e+06 -5.434492796601878945e+05 -2.081370198132391379e+05 1.572780709001146955e+06 8.043462110073308577e+04 9.324628508364196023e+03 1.786983026341132063e+05 -1.106841412955871783e+05 -8.936425418342809280e+03 3.599073083902519662e+06 1.406297777861139039e+06 1.329526729889879003e+06 2.909365434994782554e+05 5.700064100885081280e+04 4.240051790820002789e+05 2.209972388349017128e+05 -1.890740993054185819e+05 -3.976033998834335944e+05
-1.547894968359021004e+06 1.693366074077798694e+05 1.577473265854456113e+05 8.043462110073308577e+04 7.163202103399686748e+05 7.958362259798424202e+04 -9.665729831683625889e+03 -4.534874002945411485e+04 5.674666424463994917e+04 2.160272910514697433e+06 -1.850471663489158964e+05 3.596065398987305234e+05 4.379747920947765670e+04 5.760534970765562030e+05 2.868332800675267936e+05 -3.275961199901719738e+04 -5.780085276939432515e+04 3.381149306058068032e+04
9.833792967774473364e+05 -2.725341935967291356e+05 5.337677608166139107e+05 9.324628508364196023e+03 7.958362259798424202e+04 3.206301359582789592e+05 -3.398269447107812084e+03 2.444702592619109782e+04 -7.549722990519508130e+03 4.252806433907123574e+04 -8.020955292735034600e+05 6.584065030335097108e+05 3.036564452066550730e+05 2.973377135679883650e+05 -1.449332991227241000e+05 6.975363687971240142e+04 1.947784070147204620e+05 4.075785875098459655e+04
6.329631535848992644e+05 1.701093948152511148e+05 9.551929362770778243e+04 1.786983026341132063e+05 -9.665729831683625889e+03 -3.398269447107812084e+03 2.169466550016662513e+05 1.577138979019656472e+04 -9.099704660991479614e+03 5.892860200489362469e+05 1.324341767228888348e+06 7.983479119789375691e+05 1.658860128223846186e+04 1.100603531214894465e+05 3.093916232266295701e+05 2.925765329964388511e+05 -6.546688682282798482e+02 -1.222107250084314292e+05
1.749917960357800475e+05 2.131526280010039627e+05 -6.099861774874191178e+04 -1.106841412955871783e+05 -4.534874002945411485e+04 2.444702592619109782e+04 1.577138979019656472e+04 9.839621193861130450e+04 -1.349821155957924202e+04 -1.332712536877468694e+06 -6.802302150057167746e+05 2.153688541107753190e+04 7.085330182246105687e+04 1.134985105066803953e+05 -1.754756255099431728e+05 4.705671530353229173e+04 9.284379308948331163e+04 5.611325600973787914e+03
-3.541482052195392316e+05 -6.871514670870445843e+04 -8.271853435635101050e+04 -8.936425418342809280e+03 5.674666424463994917e+04 -7.549722990519508130e+03 -9.099704660991479614e+03 -1.349821155957924202e+04 7.775692237024397764e+04 8.114190734446203569e+05 -8.439758830279363610e+04 -4.919312828772736248e+05 8.346294675369118340e+04 -1.276201564501663961e+05 5.778266054286455619e+04 -3.345144236670925602e+04 -8.219203861005970975e+04 6.110028693005238893e+04
3.846236116134104878e+07 6.206994714561731555e+06 -1.804883294995228061e+06 3.599073083902519662e+06 2.160272910514697433e+06 4.252806433907123574e+04 5.892860200489362469e+05 -1.332712536877468694e+06 8.114190734446203569e+05 1.918505973240574896e+08 1.084466168885897147e+06 -6.022639785599082708e+06 -1.603161207095320895e+07 -2.054525612901676446e+06 5.942199972257580608e+06 3.748442720038842876e+06 2.559187127929583658e+06 -1.241315090563978767e+06
-1.296549687719540671e+07 9.714931766822928330e+05 -2.881821487039044499e+06 1.406297777861139039e+06 -1.850471663489158964e+05 -8.020955292735034600e+05 1.324341767228888348e+06 -6.802302150057167746e+05 -8.439758830279363610e+04 1.084466168885897147e+06 7.372609682488127053e+07 1.012833568608628027e+07 -4.892274358894914389e+06 -5.101466093982048333e+06 2.729349746876782272e+06 -4.775187652138760313e+05 -1.970221073536072159e+06 7.145469694129273994e+05
-2.690189895301416516e+06 -3.044497053422357421e+06 3.174450514178341255e+06 1.329526729889879003e+06 3.596065398987305234e+05 6.584065030335097108e+05 7.983479119789375691e+05 2.153688541107753190e+04 -4.919312828772736248e+05 -6.022639785599082708e+06 1.012833568608628027e+07 2.045159007803062350e+07 7.008675491724725580e+05 1.476855801122514531e+06 1.797816984148529125e+06 8.766471711575306254e+05 1.556109243310814491e+06 -8.271775986701697111e+05
-2.765532858391867951e+06 -2.880720137722053565e+06 2.131546811129156500e+06 2.909365434994782554e+05 4.379747920947765670e+04 3.036564452066550730e+05 1.658860128223846186e+04 7.085330182246105687e+04 8.346294675369118340e+04 -1.603161207095320895e+07 -4.892274358894914389e+06 7.008675491724725580e+05 9.136377236635807902e+06 -2.346947022722193651e+03 -2.962356864921261440e+05 -8.090689926507530035e+05 -1.492460844403372030e+05 4.838883807388587156e+05
3.288978713500631042e+06 1.039042698635385837e+06 1.831565553643966559e+06 5.700064100885081280e+04 5.760534970765562030e+05 2.973377135679883650e+05 1.100603531214894465e+05 1.134985105066803953e+05 -1.276201564501663961e+05 -2.054525612901676446e+06 -5.101466093982048333e+06 1.476855801122514531e+06 -2.346947022722193651e+03 4.841273815726736560e+06 8.040136181883463869e+05 9.531921074780061608e+05 3.859099560685407487e+05 -3.696633795216681319e+05
-2.125430813642862719e+06 4.749908250527893688e+04 4.485073001204315224e+05 4.240051790820002789e+05 2.868332800675267936e+05 -1.449332991227241000e+05 3.093916232266295701e+05 -1.754756255099431728e+05 5.778266054286455619e+04 5.942199972257580608e+06 2.729349746876782272e+06 1.797816984148529125e+06 -2.962356864921261440e+05 8.040136181883463869e+05 3.206235686351255048e+06 6.201927860526532168e+05 1.315688798683822970e+05 -2.072933326349550043e+04
3.878023395479120314e+06 9.362079088814513525e+05 2.246973420506686089e+05 2.209972388349017128e+05 -3.275961199901719738e+04 6.975363687971240142e+04 2.925765329964388511e+05 4.705671530353229173e+04 -3.345144236670925602e+04 3.748442720038842876e+06 -4.775187652138760313e+05 8.766471711575306254e+05 -8.090689926507530035e+05 9.531921074780061608e+05 6.201927860526532168e+05 1.687716556630735751e+06 3.845233332796967588e+05 -2.783866285169014591e+05
7.287092172085861675e+05 4.688201079218707164e+05 6.666797243479593890e+05 -1.890740993054185819e+05 -5.780085276939432515e+04 1.947784070147204620e+05 -6.546688682282798482e+02 9.284379308948331163e+04 -8.219203861005970975e+04 2.559187127929583658e+06 -1.970221073536072159e+06 1.556109243310814491e+06 -1.492460844403372030e+05 3.859099560685407487e+05 1.315688798683822970e+05 3.845233332796967588e+05 7.728112285399799002e+05 -2.373115954836035235e+04
-1.477517063059443375e+06 5.244462305112245958e+05 4.096777951162209501e+04 -3.976033998834335944e+05 3.381149306058068032e+04 4.075785875098459655e+04 -1.222107250084314292e+05 5.611325600973787914e+03 6.110028693005238893e+04 -1.241315090563978767e+06 7.145469694129273994e+05 -8.271775986701697111e+05 4.838883807388587156e+05 -3.696633795216681319e+05 -2.072933326349550043e+04 -2.783866285169014591e+05 -2.373115954836035235e+04 5.989735855065590004e+05
