# lambda=0.12382027652451887
2.966925136526683345e+07 2.258194378189058974e+06 -3.704365724147160538e+06 -1.443357336319214199e+06 5.059139196539510158e+05 -4.129725008607500349e+05 1.912395792774325237e+05 1.261491809569491888e+05 1.260043059419305646e+05 3.188990853211034089e+07 4.256619893828517525e+05 -1.214302336768004671e+07 -1.797799531341518043e+06 4.126105479861321393e+06 2.922126563139820937e+06 2.031844563773898641e+06 1.074078633328279015e+06 -2.003537367232471006e+05
2.258194378189058974e+06 8.636930998772094026e+06 1.181639738745319191e+06 -4.681137708498830907e+05 -1.534949500126142753e+06 -3.590282857103053830e+05 8.167484418396567344e+04 -2.240935975879053585e+05 1.287076654747666034e+05 2.492079454703534488e+06 -9.594603070069320966e+05 7.563904310740971006e+06 1.463188328141867882e+06 2.624802667160713463e+05 1.987065576800574549e+06 1.195898278900249861e+06 -2.970351020528473309e+05 -1.213756165734143578e+05
-3.704365724147160538e+06 1.181639738745319191e+06 6.028315227972912602e+06 1.174707127369330730e+06 -7.026292402254929766e+05 2.208118989622700028e+05 -5.649337186956637015e+04 -1.491406857308803592e+05 1.054220812006558481e+04 -2.667342402956641745e+05 3.577243321156482678e+06 1.080086569715840742e+07 1.958105747231427580e+06 -9.382585290616758866e+05 4.143306890155646397e+04 1.910005880449848191e+05 1.258163852304095781e+05 1.465366544812440698e+05
-1.443357336319214199e+06 -4.681137708498830907e+05 1.174707127369330730e+06 1.717003173687938601e+06 6.081983639565782505e+04 -1.427882445202271047e+05 -5.828025998390588938e+04 -1.800426853013997970e+04 -6.714089826773060850e+03 9.080407898039199645e+05 5.177362328679505736e+06 1.837289934066574788e+06 1.425168473819386447e+06 1.664088029346569383e+05 -3.815902468569616321e+05 1.651355636939811520e+05 -1.718675741680353822e+05 2.116752387832203822e+05
5.059139196539510158e+05 -1.534949500126142753e+06 -7.026292402254929766e+05 6.081983639565782505e+04 1.199356671446915949e+06 3.723329722033448343e+04 2.148538788546564319e+04 2.060784128130022436e+05 5.226483444783135201e+04 -1.406542080487493658e+06 -2.430669545340281911e+06 -2.083289288092346629e+06 2.631236529397944687e+05 5.302052152663377346e+05 -1.671905387769459921e+05 1.598045646397680102e+05 4.529824021124896244e+05 -1.010108854645279462e+04
-4.129725008607500349e+05 -3.590282857103053830e+05 2.208118989622700028e+05 -1.427882445202271047e+05 3.723329722033448343e+04 5.409988883598833345e+05 5.498656744125860860e+04 7.234662268891633721e+04 -2.694567184194170841e+04 2.476663678571162454e+05 8.604732341448754305e+05 5.413319283501351019e+05 -1.076093860145293147e+05 -6.224871981006247224e+05 -2.810280157629865062e+04 -2.038412354565162386e+05 -2.966772754185734357e+03 3.314160608334662538e+04
1.912395792774325237e+05 8.167484418396567344e+04 -5.649337186956637015e+04 -5.828025998390588938e+04 2.148538788546564319e+04 5.498656744125860860e+04 2.300513098000579921e+05 7.905183157691941597e+04 -3.059425563579802474e+04 -3.256825675642998889e+06 -6.644167352546788752e+05 9.440291944390154094e+04 -4.193158156418648286e+04 -2.386173619269153569e+05 1.012714811817084556e+05 -6.375784144997859403e+04 -8.313778817625725424e+03 6.391985797820587322e+04
1.261491809569491888e+05 -2.240935975879053585e+05 -1.491406857308803592e+05 -1.800426853013997970e+04 2.060784128130022436e+05 7.234662268891633721e+04 7.905183157691941597e+04 2.409057602717107511e+05 3.128852131186555926e+04 -1.421226776758495020e+06 -9.800497987072255928e+05 8.677864880180105683e+04 -3.284886580678200698e+05 3.336426385243896948e+04 1.625436741843408090e+05 -8.990520466516001034e+04 1.089574796086565038e+05 5.751166076386701025e+04
1.260043059419305646e+05 1.287076654747666034e+05 1.054220812006558481e+04 -6.714089826773060850e+03 5.226483444783135201e+04 -2.694567184194170841e+04 -3.059425563579802474e+04 3.128852131186555926e+04 1.202641524032764573e+05 1.947460438995234726e+05 -1.463954673076758627e+05 7.457792233323444379e+05 1.702666499278621341e+05 1.706687863701483002e+05 4.865745186883887800e+04 2.205124003873951151e+05 9.732406232664188428e+04 5.235418473834574252e+04
3.188990853211034089e+07 2.492079454703534488e+06 -2.667342402956641745e+05 9.080407898039199645e+05 -1.406542080487493658e+06 2.476663678571162454e+05 -3.256825675642998889e+06 -1.421226776758495020e+06 1.947460438995234726e+05 2.123273006387934387e+08 9.806139050559088588e+06 -3.266870801785638556e+06 6.249203339097195305e+06 1.095733027512589470e+07 2.009224818973575253e+06 4.201422613313484006e+06 5.656414653949539643e+05 1.760427812652175315e+06
4.256619893828517525e+05 -9.594603070069320966e+05 3.577243321156482678e+06 5.177362328679505736e+06 -2.430669545340281911e+06 8.604732341448754305e+05 -6.644167352546788752e+05 -9.800497987072255928e+05 -1.463954673076758627e+05 9.806139050559088588e+06 6.514602657833651453e+07 9.938724659619547427e+06 4.953316680768908933e+06 -5.188226524609653861e+05 -3.572447814556176309e+06 -2.468349623631495924e+05 -6.836441744930789573e+05 3.899921211894538719e+05
-1.214302336768004671e+07 7.563904310740971006e+06 1.080086569715840742e+07 1.837289934066574788e+06 -2.083289288092346629e+06 5.413319283501351019e+05 9.440291944390154094e+04 8.677864880180105683e+04 7.457792233323444379e+05 -3.266870801785638556e+06 9.938724659619547427e+06 5.097800186431194842e+07 4.685345336262971163e+06 -2.623502965163008776e+06 1.962807501983490773e+06 1.437118398462792626e+06 2.560688138626791188e+05 1.016432117956176982e+06
-1.797799531341518043e+06 1.463188328141867882e+06 1.958105747231427580e+06 1.425168473819386447e+06 2.631236529397944687e+05 -1.076093860145293147e+05 -4.193158156418648286e+04 -3.284886580678200698e+05 1.702666499278621341e+05 6.249203339097195305e+06 4.953316680768908933e+06 4.685345336262971163e+06 8.375143793697473593e+06 1.284561274306831881e+06 -1.746042360764888115e+06 2.117311358963710722e+06 6.806134879795076558e+05 8.333564340977615211e+05
4.126105479861321393e+06 2.624802667160713463e+05 -9.382585290616758866e+05 1.664088029346569383e+05 5.302052152663377346e+05 -6.224871981006247224e+05 -2.386173619269153569e+05 3.336426385243896948e+04 1.706687863701483002e+05 1.095733027512589470e+07 -5.188226524609653861e+05 -2.623502965163008776e+06 1.284561274306831881e+06 3.965536744506857358e+06 3.255219873440420488e+05 6.402298863881877623e+05 4.243390908532246831e+05 1.251248655927176151e+05
2.922126563139820937e+06 1.987065576800574549e+06 4.143306890155646397e+04 -3.815902468569616321e+05 -1.671905387769459921e+05 -2.810280157629865062e+04 1.012714811817084556e+05 1.625436741843408090e+05 4.865745186883887800e+04 2.009224818973575253e+06 -3.572447814556176309e+06 1.962807501983490773e+06 -1.746042360764888115e+06 3.255219873440420488e+05 2.878652561710079666e+06 4.361263087020108360e+05 3.531236889242222242e+04 -2.067754001385444135e+05
2.031844563773898641e+06 1.195898278900249861e+06 1.910005880449848191e+05 1.651355636939811520e+05 1.598045646397680102e+05 -2.038412354565162386e+05 -6.375784144997859403e+04 -8.990520466516001034e+04 2.205124003873951151e+05 4.201422613313484006e+06 -2.468349623631495924e+05 1.437118398462792626e+06 2.117311358963710722e+06 6.402298863881877623e+05 4.361263087020108360e+05 2.163510319135682192e+06 6.786554992988548474e+05 1.834930290710703994e+05
1.074078633328279015e+06 -2.970351020528473309e+05 1.258163852304095781e+05 -1.718675741680353822e+05 4.529824021124896244e+05 -2.966772754185734357e+03 -8.313778817625725424e+03 1.089574796086565038e+05 9.732406232664188428e+04 5.656414653949539643e+05 -6.836441744930789573e+05 2.560688138626791188e+05 6.806134879795076558e+05 4.243390908532246831e+05 3.531236889242222242e+04 6.786554992988548474e+05 6.923394290121995145e+05 1.594741007398371585e+05
-2.003537367232471006e+05 -1.213756165734143578e+05 1.465366544812440698e+05 2.116752387832203822e+05 -1.010108854645279462e+04 3.314160608334662538e+04 6.391985797820587322e+04 5.751166076386701025e+04 5.235418473834574252e+04 1.760427812652175315e+06 3.899921211894538719e+05 1.016432117956176982e+06 8.333564340977615211e+05 1.251248655927176151e+05 -2.067754001385444135e+05 1.834930290710703994e+05 1.594741007398371585e+05 5.135283161637132871e+05
