# lambda=0.15404995708070265
5.393363312390902638e+07 3.836058320641829632e+06 1.741504447161242831e+06 3.500555425602905452e+06 7.513930577799705788e+05 -1.268836324568075361e+06 -1.592617763578611659e+06 -4.721618895250907517e+05 -4.113114692015875480e+05 -9.473237604185065255e+06 -1.431884384523106553e+07 -3.762463920679263771e+06 -1.252316834878454101e+05 1.993553187146823329e+05 -2.082473828703392064e+06 -1.150265367045762017e+06 -3.725565988633999223e+04 7.075808759987872327e+05
3.836058320641829632e+06 1.312068500031398796e+07 3.870956313410542207e+05 2.917073577453657635e+05 1.127640622517121956e+05 -1.012947740058775526e+05 -1.381304460010553594e+05 -1.513267461638275709e+05 -2.659375397256508004e+05 1.006945805617574602e+07 8.349328064177417196e+06 4.107881467133642640e+06 -1.816539158647243166e+06 4.737214657009453513e+05 6.575651268986559007e+05 2.297407430254484643e+05 -5.847829317330567865e+05 1.060729022582026846e+04
1.741504447161242831e+06 3.870956313410542207e+05 3.063086961060039233e+06 7.089956961957694730e+05 -1.507760890337605633e+04 -1.588832879190148742e+04 3.108158667239773204e+05 1.557953520267947461e+05 1.109412226902388829e+04 -2.527129799063641578e+06 4.257863621196851134e+06 -4.143559353238090989e+05 -8.561724495207063155e+05 2.064440567518138560e+05 -1.758815638262322464e+05 3.158677725195984822e+05 -2.001153695866578710e+04 -1.896298267327600624e+05
3.500555425602905452e+06 2.917073577453657635e+05 7.089956961957694730e+05 1.721041140988808125e+06 3.799875336136730039e+05 1.226042555435475879e+04 -1.713561365691105020e+05 1.370868340620210220e+05 1.012867872130030155e+05 -3.224382813648344600e+05 5.611698979018527316e+05 -3.034344889630771358e+05 8.148400932278676191e+05 -3.798717411590662668e+05 -1.189722213092097663e+05 -5.538661635718335165e+05 -1.442738251092507016e+04 3.146433376551557740e+04
7.513930577799705788e+05 1.127640622517121956e+05 -1.507760890337605633e+04 3.799875336136730039e+05 1.138919538298868341e+06 2.624535165224093944e+05 -1.029995300046788725e+04 1.383197398923710280e+05 9.186562894271023106e+04 3.533392617652570829e+06 -6.479690297396976966e+05 -6.045258966584751615e+05 4.109014858736260794e+05 1.683056079123646196e+05 -1.389963993445931119e+05 -9.627661599166851374e+04 -7.875029241045625531e+04 1.495585428499619047e+04
-1.268836324568075361e+06 -1.012947740058775526e+05 -1.588832879190148742e+04 1.226042555435475879e+04 2.624535165224093944e+05 6.318697147438168759e+05 7.460248849459784105e+04 6.423068720570791811e+03 4.077339381800125557e+04 -4.080787055660388432e+05 3.710260491440230981e+05 -1.040320960630419897e+06 -4.608678739717793651e+05 2.108161807531887007e+03 4.349059144390567672e+05 1.755538059706268250e+05 -2.450640370345546398e+05 -4.213429829768246418e+04
-1.592617763578611659e+06 -1.381304460010553594e+05 3.108158667239773204e+05 -1.713561365691105020e+05 -1.029995300046788725e+04 7.460248849459784105e+04 4.029009947843451519e+05 3.790303683789278875e+04 4.454951552635592816e+04 -2.126925046603322029e+06 8.163969560273098759e+05 1.088965920398361486e+05 -3.554887502692421549e+05 -1.745104820051182178e+05 1.598355326310794626e+05 4.545022118935562903e+05 3.420914828684322129e+04 -1.072100766676648636e+05
-4.721618895250907517e+05 -1.513267461638275709e+05 1.557953520267947461e+05 1.370868340620210220e+05 1.383197398923710280e+05 6.423068720570791811e+03 3.790303683789278875e+04 1.272202866945201531e+05 5.751848613435190782e+04 -3.296457857646312332e+05 1.400037544809357496e+05 1.468574136947506922e+05 2.544815021269989957e+05 7.175592678248252196e+04 3.408853645766547561e+04 -5.442626587484441552e+04 6.501164747265304322e+04 -2.209928569307207363e+04
-4.113114692015875480e+05 -2.659375397256508004e+05 1.109412226902388829e+04 1.012867872130030155e+05 9.186562894271023106e+04 4.077339381800125557e+04 4.454951552635592816e+04 5.751848613435190782e+04 1.454145599668516079e+05 -6.974021146765713347e+05 -2.502223979867420567e+05 5.026729582968106843e+04 -3.989448981696867122e+04 -2.870590386824653251e+05 -2.194001202222090433e+04 -3.185756966138210555e+04 6.515611927777765959e+04 -4.636766466405973188e+04
-9.473237604185065255e+06 1.006945805617574602e+07 -2.527129799063641578e+06 -3.224382813648344600e+05 3.533392617652570829e+06 -4.080787055660388432e+05 -2.126925046603322029e+06 -3.296457857646312332e+05 -6.974021146765713347e+05 1.370463771760608852e+08 3.533488207960295025e+06 9.283044734307654202e+06 1.411427312742965482e+07 5.530262172578952275e+06 -5.561214810065797530e+06 -1.211839653692847351e+06 -8.848977836319661001e+05 1.805887760363570880e+06
-1.431884384523106553e+07 8.349328064177417196e+06 4.257863621196851134e+06 5.611698979018527316e+05 -6.479690297396976966e+05 3.710260491440230981e+05 8.163969560273098759e+05 1.400037544809357496e+05 -2.502223979867420567e+05 3.533488207960295025e+06 7.636660314209623635e+07 1.603875841566034034e+07 -2.209925737648057751e+06 2.548625430739088042e+05 6.484463636931315996e+05 1.229320129480440170e+06 -1.467108544115944300e+06 -6.091177982306256890e+05
-3.762463920679263771e+06 4.107881467133642640e+06 -4.143559353238090989e+05 -3.034344889630771358e+05 -6.045258966584751615e+05 -1.040320960630419897e+06 1.088965920398361486e+05 1.468574136947506922e+05 5.026729582968106843e+04 9.283044734307654202e+06 1.603875841566034034e+07 1.720049641516687721e+07 5.532042393709457479e+06 5.585858491272641113e+05 -1.053748193534197519e+06 -6.149432569574544323e+04 2.215919297164506570e+05 5.005387844302787562e+05
-1.252316834878454101e+05 -1.816539158647243166e+06 -8.561724495207063155e+05 8.148400932278676191e+05 4.109014858736260794e+05 -4.608678739717793651e+05 -3.554887502692421549e+05 2.544815021269989957e+05 -3.989448981696867122e+04 1.411427312742965482e+07 -2.209925737648057751e+06 5.532042393709457479e+06 1.274015602621939033e+07 2.811584977513024583e+06 4.257039634087115992e+05 -7.834189802681735018e+05 1.145383605146811111e+06 1.045606879196157795e+06
1.993553187146823329e+05 4.737214657009453513e+05 2.064440567518138560e+05 -3.798717411590662668e+05 1.683056079123646196e+05 2.108161807531887007e+03 -1.745104820051182178e+05 7.175592678248252196e+04 -2.870590386824653251e+05 5.530262172578952275e+06 2.548625430739088042e+05 5.585858491272641113e+05 2.811584977513024583e+06 3.633656832907543518e+06 7.613841368100706022e+05 -5.950515543091647851e+04 2.746544566411491251e+05 1.951396767144735786e+05
-2.082473828703392064e+06 6.575651268986559007e+05 -1.758815638262322464e+05 -1.189722213092097663e+05 -1.389963993445931119e+05 4.349059144390567672e+05 1.598355326310794626e+05 3.408853645766547561e+04 -2.194001202222090433e+04 -5.561214810065797530e+06 6.484463636931315996e+05 -1.053748193534197519e+06 4.257039634087115992e+05 7.613841368100706022e+05 2.163599067321815994e+06 6.642060100214822451e+05 2.372253388853324577e+05 1.527505070353674237e+05
-1.150265367045762017e+06 2.297407430254484643e+05 3.158677725195984822e+05 -5.538661635718335165e+05 -9.627661599166851374e+04 1.755538059706268250e+05 4.545022118935562903e+05 -5.442626587484441552e+04 -3.185756966138210555e+04 -1.211839653692847351e+06 1.229320129480440170e+06 -6.149432569574544323e+04 -7.834189802681735018e+05 -5.950515543091647851e+04 6.642060100214822451e+05 1.744698658873901935e+06 -1.018226404280745191e+05 1.110682210617920791e+05
-3.725565988633999223e+04 -5.847829317330567865e+05 -2.001153695866578710e+04 -1.442738251092507016e+04 -7.875029241045625531e+04 -2.450640370345546398e+05 3.420914828684322129e+04 6.501164747265304322e+04 6.515611927777765959e+04 -8.848977836319661001e+05 -1.467108544115944300e+06 2.215919297164506570e+05 1.145383605146811111e+06 2.746544566411491251e+05 2.372253388853324577e+05 -1.018226404280745191e+05 6.740638888180847280e+05 2.326417941920449957e+05
7.075808759987872327e+05 1.060729022582026846e+04 -1.896298267327600624e+05 3.146433376551557740e+04 1.495585428499619047e+04 -4.213429829768246418e+04 -1.072100766676648636e+05 -2.209928569307207363e+04 -4.636766466405973188e+04 1.805887760363570880e+06 -6.091177982306256890e+05 5.005387844302787562e+05 1.045606879196157795e+06 1.951396767144735786e+05 1.527505070353674237e+05 1.110682210617920791e+05 2.326417941920449957e+05 4.026073906250047148e+05
