# lambda=0.09499556281330904
5.672458671279265732e+07 -2.041842334942841204e+06 -3.290508346359850839e+06 -4.481314504425655119e+06 -1.182616623611707764e+05 1.751500900995097181e+05 -4.766387872247942723e+05 -8.963959611222743988e+05 -7.080727118163729319e+05 5.373806692693359405e+07 -6.411713757191523910e+06 -1.300798083823755942e+07 -2.287493526340668090e+06 -1.268828937251892174e+06 -2.359730677302679513e+06 3.406246133123673644e+04 -3.315975502281451918e+04 -6.668040369737220462e+05
-2.041842334942841204e+06 1.141490103905261494e+07 2.189160067886888515e+06 1.239908180498028174e+06 -4.542537017569342861e+05 1.789130462159947783e+05 -5.742814568867373746e+05 8.647347457933175610e+04 2.125467564515858539e+05 1.228048337830828875e+07 6.523367760600795969e+06 2.397572638437262271e+06 1.379676641691793222e+06 -1.492421612389784772e+06 -1.354038748287225608e+06 -6.698936880093610380e+05 6.346806964630223811e+05 1.687126758799671952e+05
-3.290508346359850839e+06 2.189160067886888515e+06 2.749723763230403420e+06 6.647774564931776840e+05 -3.779678110053050477e+04 2.319973323449937161e+05 -2.158878606134700822e+05 1.486935806164828828e+05 9.429583190938744519e+04 4.690276485401507467e+06 5.759720424585198984e+06 5.034811360250331461e+06 2.712306611712336307e+05 -1.257735672778544016e+06 -2.318657629546289681e+05 -4.588910850195122766e+05 -2.185117427846122300e+05 1.808101637398730090e+05
-4.481314504425655119e+06 1.239908180498028174e+06 6.647774564931776840e+05 3.434075951659725048e+06 6.745635417065974325e+05 -1.469979315773158451e+05 -2.080851502591707394e+05 -3.720985691087452324e+03 1.254697910681051435e+05 -1.253114537794412300e+07 2.549439622895481531e+06 9.716823750120559707e+05 -3.023193363505103625e+05 1.382403659065501124e+05 9.133420596126397140e+05 1.421892769821210641e+04 3.926035002106376342e+05 2.022988412799965590e+05
-1.182616623611707764e+05 -4.542537017569342861e+05 -3.779678110053050477e+04 6.745635417065974325e+05 1.006017566469278419e+06 9.808425615211264812e+04 3.884756737809997867e+04 1.694450333114411842e+04 7.440391214840859175e+04 -2.522320460486282595e+06 2.125962634054461028e+06 -1.912840266825259430e+06 -9.731148538601556793e+05 4.317400628047570353e+05 5.911425360966352746e+05 -1.957472978784156148e+05 8.941545228489449073e+04 1.964626668317865187e+04
1.751500900995097181e+05 1.789130462159947783e+05 2.319973323449937161e+05 -1.469979315773158451e+05 9.808425615211264812e+04 5.681669438853935571e+05 7.764886042058374733e+04 -4.121922607568417152e+04 7.801377473223968991e+04 4.374132581801315770e+06 2.387062820830937708e+05 -3.148417002398768091e+05 1.522099552543340251e+05 8.087871800255775452e+04 2.668708256968950736e+05 8.852475273692322662e+04 6.736015969494711317e+04 7.079108947043694207e+04
-4.766387872247942723e+05 -5.742814568867373746e+05 -2.158878606134700822e+05 -2.080851502591707394e+05 3.884756737809997867e+04 7.764886042058374733e+04 2.448563396175837843e+05 3.476628743289961858e+04 -6.117569635546351492e+03 -2.840808529540390708e+06 -3.849290902863671654e+05 -3.245817750500104739e+05 4.394193616088917770e+04 2.475186050422511835e+04 1.348338009288832545e+05 7.089408882694855856e+04 -1.006673663200806623e+05 -4.275616627007004718e+04
-8.963959611222743988e+05 8.647347457933175610e+04 1.486935806164828828e+05 -3.720985691087452324e+03 1.694450333114411842e+04 -4.121922607568417152e+04 3.476628743289961858e+04 1.625184493982113199e+05 3.690896704272129136e+04 -1.094086402767677093e+06 -4.545432568411750835e+05 2.563765403458971996e+05 -1.274933812409585225e+05 -3.354218599103576853e+05 3.104026690857771428e+03 -2.549188767521532282e+04 6.466802467138916109e+04 1.232378097757917567e+04
-7.080727118163729319e+05 2.125467564515858539e+05 9.429583190938744519e+04 1.254697910681051435e+05 7.440391214840859175e+04 7.801377473223968991e+04 -6.117569635546351492e+03 3.690896704272129136e+04 1.307132294770939334e+05 1.050514275226386817e+05 7.940775847987491579e+04 -2.907505223030890338e+05 1.809412421151490344e+04 -4.754128451124260755e+04 4.469159996902519197e+04 -3.793071399286955057e+02 -6.827222138062481827e+04 8.074877437246755289e+04
5.373806692693359405e+07 1.228048337830828875e+07 4.690276485401507467e+06 -1.253114537794412300e+07 -2.522320460486282595e+06 4.374132581801315770e+06 -2.840808529540390708e+06 -1.094086402767677093e+06 1.050514275226386817e+05 3.624274072798371911e+08 2.406075323718826100e+07 -1.311950141243816167e+07 5.130454703030805103e+06 3.441895917406907305e+06 -5.818094264743520878e+06 -3.318600281135325204e+05 -3.233832859608975705e+06 2.195065816724189091e+06
-6.411713757191523910e+06 6.523367760600795969e+06 5.759720424585198984e+06 2.549439622895481531e+06 2.125962634054461028e+06 2.387062820830937708e+05 -3.849290902863671654e+05 -4.545432568411750835e+05 7.940775847987491579e+04 2.406075323718826100e+07 7.822660340445263684e+07 9.962334162601798773e+06 7.034715011014165357e+05 -7.560785938558606722e+04 8.785666084693134762e+05 -2.553242474900736474e+06 -1.161711608795475448e+06 -3.497594056178372120e+05
-1.300798083823755942e+07 2.397572638437262271e+06 5.034811360250331461e+06 9.716823750120559707e+05 -1.912840266825259430e+06 -3.148417002398768091e+05 -3.245817750500104739e+05 2.563765403458971996e+05 -2.907505223030890338e+05 -1.311950141243816167e+07 9.962334162601798773e+06 3.272765743363533542e+07 3.397023623636937235e+06 -1.869335670506280148e+06 -9.190902169346015435e+05 2.086514208983955323e+05 4.946511145417987136e+05 1.168709249067673460e+06
-2.287493526340668090e+06 1.379676641691793222e+06 2.712306611712336307e+05 -3.023193363505103625e+05 -9.731148538601556793e+05 1.522099552543340251e+05 4.394193616088917770e+04 -1.274933812409585225e+05 1.809412421151490344e+04 5.130454703030805103e+06 7.034715011014165357e+05 3.397023623636937235e+06 8.316466202239193022e+06 6.364492612310226541e+05 -9.552715945820728084e+05 1.076030156940462533e+06 1.571235135802005425e+04 4.377868004230439547e+05
-1.268828937251892174e+06 -1.492421612389784772e+06 -1.257735672778544016e+06 1.382403659065501124e+05 4.317400628047570353e+05 8.087871800255775452e+04 2.475186050422511835e+04 -3.354218599103576853e+05 -4.754128451124260755e+04 3.441895917406907305e+06 -7.560785938558606722e+04 -1.869335670506280148e+06 6.364492612310226541e+05 4.717505264289961196e+06 4.405978035980454879e+05 -4.118024108826289885e+05 -2.027543097076889826e+05 1.551482588807631691e+05
-2.359730677302679513e+06 -1.354038748287225608e+06 -2.318657629546289681e+05 9.133420596126397140e+05 5.911425360966352746e+05 2.668708256968950736e+05 1.348338009288832545e+05 3.104026690857771428e+03 4.469159996902519197e+04 -5.818094264743520878e+06 8.785666084693134762e+05 -9.190902169346015435e+05 -9.552715945820728084e+05 4.405978035980454879e+05 2.307054745223251637e+06 -9.922528472524893004e+04 1.301857496633588162e+05 1.144019573117327091e+05
3.406246133123673644e+04 -6.698936880093610380e+05 -4.588910850195122766e+05 1.421892769821210641e+04 -1.957472978784156148e+05 8.852475273692322662e+04 7.089408882694855856e+04 -2.549188767521532282e+04 -3.793071399286955057e+02 -3.318600281135325204e+05 -2.553242474900736474e+06 2.086514208983955323e+05 1.076030156940462533e+06 -4.118024108826289885e+05 -9.922528472524893004e+04 1.256092344707015436e+06 8.073622768740929314e+04 1.517071564984547149e+05
-3.315975502281451918e+04 6.346806964630223811e+05 -2.185117427846122300e+05 3.926035002106376342e+05 8.941545228489449073e+04 6.736015969494711317e+04 -1.006673663200806623e+05 6.466802467138916109e+04 -6.827222138062481827e+04 -3.233832859608975705e+06 -1.161711608795475448e+06 4.946511145417987136e+05 1.571235135802005425e+04 -2.027543097076889826e+05 1.301857496633588162e+05 8.073622768740929314e+04 1.156124336108164163e+06 1.761450203611907782e+05
-6.668040369737220462e+05 1.687126758799671952e+05 1.808101637398730090e+05 2.022988412799965590e+05 1.964626668317865187e+04 7.079108947043694207e+04 -4.275616627007004718e+04 1.232378097757917567e+04 8.074877437246755289e+04 2.195065816724189091e+06 -3.497594056178372120e+05 1.168709249067673460e+06 4.377868004230439547e+05 1.551482588807631691e+05 1.144019573117327091e+05 1.517071564984547149e+05 1.761450203611907782e+05 4.041219873210883234e+05
