# lambda=0.09170669157719878
4.239126010376384109e+07 5.986676761996922083e+06 2.268578364777635317e+06 -3.152717666523180087e+05 3.332783527037900640e+05 8.510934457431840710e+05 2.188210039724100352e+04 8.856046886652894318e+05 1.052829474769402295e+06 1.564282817996058427e+07 2.399834189085454121e+07 -8.507224462676451076e+05 -3.353648036746514030e+06 1.937739491709287744e+06 3.418614058894190006e+06 4.206223988171716919e+05 -1.617382053203536780e+05 -1.323214271215413697e+06
5.986676761996922083e+06 1.594175289578018896e+07 3.354253014440575615e+06 -1.516464768600524403e+05 -8.114050025074785808e+05 1.991650571889485873e+05 -2.171931883347913099e+05 4.139820248068357469e+05 -3.848524112846062053e+05 1.806554120097236335e+07 1.295017442444504984e+07 1.714920090872540139e+06 1.232981349430463510e+06 -2.106162683940524235e+06 1.804318030783280497e+06 5.493382074302720139e+05 1.297300026524016866e+05 -2.653274877934900578e+05
2.268578364777635317e+06 3.354253014440575615e+06 4.670296136129188351e+06 7.431900469142759684e+05 -3.660263373297528015e+05 9.657466856012900826e+04 3.431779398863181268e+04 9.125846283930524805e+03 7.759189902108746173e+04 1.237147924823132530e+07 4.161921364514011890e+06 4.412263418601620011e+06 -3.300587050821136927e+03 -1.052565331632821122e+06 5.274243490683729760e+05 -6.140063803444384830e+05 2.732629813237089547e+05 2.719942635682054097e+05
-3.152717666523180087e+05 -1.516464768600524403e+05 7.431900469142759684e+05 1.623539344623101177e+06 1.882186711166888927e+04 -2.054032177065013675e+05 -6.624557630361606425e+04 1.985653447412420064e+04 6.172229197111951362e+04 3.874378892259042244e+06 -5.679938929201824358e+05 9.834761968771832471e+04 9.764465371732292697e+05 5.254066160590512445e+05 -5.831932929778294638e+05 -6.909213587051273789e+05 -3.360954514877743350e+03 -9.867392939790115634e+03
3.332783527037900640e+05 -8.114050025074785808e+05 -3.660263373297528015e+05 1.882186711166888927e+04 8.464838695642391685e+05 1.091582012309301062e+05 -1.852667467841267353e+05 -3.655707391903311509e+04 7.509771791821590159e+04 -3.520412476424573455e+06 8.570091292070988566e+05 -3.456999306971257902e+05 -6.170393529806148726e+05 4.366258132367485086e+05 -8.771511336342577124e+04 -1.438063298898079956e+05 2.259848254187181010e+04 4.059239005299495602e+03
8.510934457431840710e+05 1.991650571889485873e+05 9.657466856012900826e+04 -2.054032177065013675e+05 1.091582012309301062e+05 4.371748615435805405e+05 4.140534357518352772e+04 -2.397335617265064502e+04 -6.909296112413408991e+03 -2.464426501979568042e+06 9.030719077931495849e+05 1.734113814839869519e+04 -5.004030408972813166e+05 3.220520458621529397e+05 3.171465331139260670e+05 8.856475304111749574e+04 -5.061196494705601071e+04 -2.435304751815445488e+05
2.188210039724100352e+04 -2.171931883347913099e+05 3.431779398863181268e+04 -6.624557630361606425e+04 -1.852667467841267353e+05 4.140534357518352772e+04 2.976155192793589085e+05 4.703518194555419541e+03 1.392938093959352273e+03 1.706917766670592828e+06 -1.381425541124162264e+06 3.180219474225453450e+05 -1.253480170571398485e+05 -2.579294648911978584e+05 2.464211619194134619e+04 1.064523814955694252e+05 -1.739416850494881219e+05 -3.021535732001579163e+04
8.856046886652894318e+05 4.139820248068357469e+05 9.125846283930524805e+03 1.985653447412420064e+04 -3.655707391903311509e+04 -2.397335617265064502e+04 4.703518194555419541e+03 1.258952417968826921e+05 3.511633627429221815e+04 2.894994357540666591e+06 9.620258302629586542e+05 -2.828241923843581462e+05 -7.650006551776400011e+04 -1.190005633204465266e+04 2.021012635787510371e+05 6.506350734923251002e+04 1.615409217940852977e+04 1.532976203910753384e+03
1.052829474769402295e+06 -3.848524112846062053e+05 7.759189902108746173e+04 6.172229197111951362e+04 7.509771791821590159e+04 -6.909296112413408991e+03 1.392938093959352273e+03 3.511633627429221815e+04 1.232492900524704892e+05 1.290709971803210676e+06 2.023814037693639984e+05 -2.990903175162749249e+05 -1.372931424428271130e+05 3.921792075530264992e+04 4.321266881396690587e+04 -9.080447501095094776e+04 -3.819809118558854971e+04 3.179401540696675147e+04
1.564282817996058427e+07 1.806554120097236335e+07 1.237147924823132530e+07 3.874378892259042244e+06 -3.520412476424573455e+06 -2.464426501979568042e+06 1.706917766670592828e+06 2.894994357540666591e+06 1.290709971803210676e+06 2.369072863679758608e+08 4.104726331387428194e+07 -1.060068941066391766e+07 9.199875946281313896e+06 -1.564863978669426590e+07 1.794703365270130744e+05 -1.401629224683431210e+06 5.046365137594765401e+05 2.403554781383036636e+06
2.399834189085454121e+07 1.295017442444504984e+07 4.161921364514011890e+06 -5.679938929201824358e+05 8.570091292070988566e+05 9.030719077931495849e+05 -1.381425541124162264e+06 9.620258302629586542e+05 2.023814037693639984e+05 4.104726331387428194e+07 5.355839907135832310e+07 8.413084318723350298e+05 -1.450745482474771328e+06 -7.514358497480988735e+05 1.476380485174048226e+06 -4.394789499295933638e+05 2.841148410707747564e+06 -1.295537033627271303e+05
-8.507224462676451076e+05 1.714920090872540139e+06 4.412263418601620011e+06 9.834761968771832471e+04 -3.456999306971257902e+05 1.734113814839869519e+04 3.180219474225453450e+05 -2.828241923843581462e+05 -2.990903175162749249e+05 -1.060068941066391766e+07 8.413084318723350298e+05 2.569159958569359034e+07 -1.127382367836650461e+06 2.347525362091810384e+05 9.463897743701029103e+05 4.973186028285262873e+05 3.459659228141708882e+05 2.410388271317371400e+05
-3.353648036746514030e+06 1.232981349430463510e+06 -3.300587050821136927e+03 9.764465371732292697e+05 -6.170393529806148726e+05 -5.004030408972813166e+05 -1.253480170571398485e+05 -7.650006551776400011e+04 -1.372931424428271130e+05 9.199875946281313896e+06 -1.450745482474771328e+06 -1.127382367836650461e+06 9.164131728020399809e+06 3.712028515199309331e+05 -1.803996904715505661e+05 3.472536231273635058e+05 4.741203537822180660e+05 1.113833817354084225e+06
1.937739491709287744e+06 -2.106162683940524235e+06 -1.052565331632821122e+06 5.254066160590512445e+05 4.366258132367485086e+05 3.220520458621529397e+05 -2.579294648911978584e+05 -1.190005633204465266e+04 3.921792075530264992e+04 -1.564863978669426590e+07 -7.514358497480988735e+05 2.347525362091810384e+05 3.712028515199309331e+05 5.768461053925665095e+06 2.096791127143370220e+06 1.616622745758612000e+05 1.120573221201549459e+05 -6.107577248515262036e+05
3.418614058894190006e+06 1.804318030783280497e+06 5.274243490683729760e+05 -5.831932929778294638e+05 -8.771511336342577124e+04 3.171465331139260670e+05 2.464211619194134619e+04 2.021012635787510371e+05 4.321266881396690587e+04 1.794703365270130744e+05 1.476380485174048226e+06 9.463897743701029103e+05 -1.803996904715505661e+05 2.096791127143370220e+06 3.813527627554254606e+06 5.145702195020583458e+05 -3.562162367971577332e+05 -2.328182633972101030e+05
4.206223988171716919e+05 5.493382074302720139e+05 -6.140063803444384830e+05 -6.909213587051273789e+05 -1.438063298898079956e+05 8.856475304111749574e+04 1.064523814955694252e+05 6.506350734923251002e+04 -9.080447501095094776e+04 -1.401629224683431210e+06 -4.394789499295933638e+05 4.973186028285262873e+05 3.472536231273635058e+05 1.616622745758612000e+05 5.145702195020583458e+05 1.958676618636931293e+06 1.672599018351510458e+05 -1.298137160478441656e+05
-1.617382053203536780e+05 1.297300026524016866e+05 2.732629813237089547e+05 -3.360954514877743350e+03 2.259848254187181010e+04 -5.061196494705601071e+04 -1.739416850494881219e+05 1.615409217940852977e+04 -3.819809118558854971e+04 5.046365137594765401e+05 2.841148410707747564e+06 3.459659228141708882e+05 4.741203537822180660e+05 1.120573221201549459e+05 -3.562162367971577332e+05 1.672599018351510458e+05 9.675773893013194902e+05 2.476042472025568131e+05
-1.323214271215413697e+06 -2.653274877934900578e+05 2.719942635682054097e+05 -9.867392939790115634e+03 4.059239005299495602e+03 -2.435304751815445488e+05 -3.021535732001579163e+04 1.532976203910753384e+03 3.179401540696675147e+04 2.403554781383036636e+06 -1.295537033627271303e+05 2.410388271317371400e+05 1.113833817354084225e+06 -6.107577248515262036e+05 -2.328182633972101030e+05 -1.298137160478441656e+05 2.476042472025568131e+05 6.766211255013148766e+05
