# lambda=0.07212333444766247
4.846334758163692057e+07 4.526110632058887742e+06 2.079437827506314265e+06 8.513919884587663691e+05 -5.732168425369774923e+05 2.737691147349951207e+05 8.074435252415821014e+04 -3.437600649668897968e+05 -1.496406835112531844e+05 9.111688917111150920e+07 1.110331644225456007e+07 3.382019782895887271e+06 -2.652975515215133317e+06 -3.873231968717725016e+06 2.286244249437142629e+06 1.145964995847875485e+06 1.031487864765654434e+06 -7.683239247658738168e+05
4.526110632058887742e+06 1.443075413625668921e+07 2.533296968847167154e+05 -8.061340986741132801e+05 6.111808483776327921e+05 6.551216276750384131e+05 6.865996289731492288e+05 3.528827820996374357e+05 -9.453780511770350859e+04 -8.772695914182078093e+06 -2.774182352083981968e+06 1.536739244930133689e+06 4.089443145318090683e+05 -1.134755587063485989e+06 9.742978174374788068e+05 1.381037937358076451e+06 3.251790243519001524e+05 -3.234394003965488519e+05
2.079437827506314265e+06 2.533296968847167154e+05 5.741025677188575268e+06 1.955824745026369637e+05 8.703999373014587909e+05 5.500494858088139445e+05 -8.726324393234211311e+04 -1.677909248946099979e+04 1.949686113617471419e+05 7.239453822954492643e+06 6.333618325425045332e+05 5.791291320183626376e+06 -1.131253297011417453e+04 3.511996310230452800e+05 7.467762555791137274e+05 -2.685586775771001703e+05 -2.394392149936743663e+05 5.530979606621462153e+05
8.513919884587663691e+05 -8.061340986741132801e+05 1.955824745026369637e+05 1.493943414626312442e+06 4.246816979040321894e+05 -3.166872018536602991e+04 1.428455145603201800e+03 -1.198600750069648202e+05 -2.258278884105254838e+04 7.775521168678604998e+06 5.633389213147674454e+05 -6.740568822153942165e+03 1.761532662104186311e+05 3.140088267277410487e+05 1.888414295708340651e+05 5.095447941663060919e+04 -2.575005894704335660e+05 -9.035471874520815618e+04
-5.732168425369774923e+05 6.111808483776327921e+05 8.703999373014587909e+05 4.246816979040321894e+05 1.122419967155132210e+06 3.724212869463283569e+05 2.760079292528118822e+05 1.902985556876916235e+04 7.180901981705965591e+04 -2.202210949550395831e+06 3.924357084149578004e+05 2.298404052755654324e+06 -4.261433881845089491e+05 6.384700633930673357e+05 -3.184778686538511465e+04 -2.759080272974501713e+05 -1.392456805613652978e+05 1.386316696996609098e+05
2.737691147349951207e+05 6.551216276750384131e+05 5.500494858088139445e+05 -3.166872018536602991e+04 3.724212869463283569e+05 6.219276529645248083e+05 7.437923225298924308e+02 -5.992292340484503802e+04 -3.663717577652645559e+04 -2.328159356581185013e+06 2.478206667380693834e+05 8.954906178081346443e+05 -1.609921567135627265e+05 2.799212166079702438e+05 2.091749382567867870e+05 2.937172803272566307e+04 1.594041080878177308e+05 -3.662779904762248043e+04
8.074435252415821014e+04 6.865996289731492288e+05 -8.726324393234211311e+04 1.428455145603201800e+03 2.760079292528118822e+05 7.437923225298924308e+02 4.160116048326196033e+05 1.139774439531690878e+05 2.334257884360838943e+04 -1.586633338381680194e+06 -1.614480684907815885e+06 -2.728809397331090076e+04 2.879352254069420742e+05 1.818345733886221715e+05 7.944361107497697230e+04 1.041673996153326152e+05 -5.355238110892016266e+04 1.264983083863265201e+05
-3.437600649668897968e+05 3.528827820996374357e+05 -1.677909248946099979e+04 -1.198600750069648202e+05 1.902985556876916235e+04 -5.992292340484503802e+04 1.139774439531690878e+05 1.618642640610183880e+05 2.599564154688919007e+04 -1.451296132626714651e+06 -7.952239621090625878e+05 5.911491137525602244e+05 1.063151203058621759e+05 -1.768228454623990983e+05 5.888585544108655449e+04 4.432424003734843427e+04 7.106871952651334141e+03 1.072575645078465895e+05
-1.496406835112531844e+05 -9.453780511770350859e+04 1.949686113617471419e+05 -2.258278884105254838e+04 7.180901981705965591e+04 -3.663717577652645559e+04 2.334257884360838943e+04 2.599564154688919007e+04 7.233405116999743041e+04 -1.330062770363386371e+05 -2.996243233244975563e+05 2.597844010726939887e+05 1.564159092879305244e+05 -1.335649609268287604e+05 -4.730690768032803317e+04 -1.159537933888092812e+05 4.135406322545254625e+03 1.065944540941834275e+05
9.111688917111150920e+07 -8.772695914182078093e+06 7.239453822954492643e+06 7.775521168678604998e+06 -2.202210949550395831e+06 -2.328159356581185013e+06 -1.586633338381680194e+06 -1.451296132626714651e+06 -1.330062770363386371e+05 3.961025974384629130e+08 3.638184758177436888e+07 1.552659552378901653e+07 -7.179370296495629475e+06 9.056670214622411877e+05 2.550098340723372065e+06 2.020691067854005145e+06 -1.558314117526335875e+06 -1.328755824612355093e+06
1.110331644225456007e+07 -2.774182352083981968e+06 6.333618325425045332e+05 5.633389213147674454e+05 3.924357084149578004e+05 2.478206667380693834e+05 -1.614480684907815885e+06 -7.952239621090625878e+05 -2.996243233244975563e+05 3.638184758177436888e+07 5.047086730676080287e+07 1.132557629980520904e+07 -8.148286004560021684e+06 -1.624251634152460843e+06 -1.682792934925245121e+06 -3.697855704465507530e+06 2.060247262085662456e+06 -2.080735073356983950e+06
3.382019782895887271e+06 1.536739244930133689e+06 5.791291320183626376e+06 -6.740568822153942165e+03 2.298404052755654324e+06 8.954906178081346443e+05 -2.728809397331090076e+04 5.911491137525602244e+05 2.597844010726939887e+05 1.552659552378901653e+07 1.132557629980520904e+07 3.113026880892838538e+07 -7.640577082839900628e+06 -2.092998422567476984e+06 8.492036654232330620e+05 -5.719354461568250554e+05 -2.052173814420137787e+05 7.651112998605235480e+05
-2.652975515215133317e+06 4.089443145318090683e+05 -1.131253297011417453e+04 1.761532662104186311e+05 -4.261433881845089491e+05 -1.609921567135627265e+05 2.879352254069420742e+05 1.063151203058621759e+05 1.564159092879305244e+05 -7.179370296495629475e+06 -8.148286004560021684e+06 -7.640577082839900628e+06 1.252397575231166556e+07 3.310058076743269805e+06 9.748952574132567970e+05 1.031052048290502280e+06 -1.476728031048572739e+05 5.661264684021725552e+05
-3.873231968717725016e+06 -1.134755587063485989e+06 3.511996310230452800e+05 3.140088267277410487e+05 6.384700633930673357e+05 2.799212166079702438e+05 1.818345733886221715e+05 -1.768228454623990983e+05 -1.335649609268287604e+05 9.056670214622411877e+05 -1.624251634152460843e+06 -2.092998422567476984e+06 3.310058076743269805e+06 4.800580011265091598e+06 4.329750524817228434e+05 9.703437686808978906e+05 -6.030621659838153282e+05 -9.216972244722372852e+04
2.286244249437142629e+06 9.742978174374788068e+05 7.467762555791137274e+05 1.888414295708340651e+05 -3.184778686538511465e+04 2.091749382567867870e+05 7.944361107497697230e+04 5.888585544108655449e+04 -4.730690768032803317e+04 2.550098340723372065e+06 -1.682792934925245121e+06 8.492036654232330620e+05 9.748952574132567970e+05 4.329750524817228434e+05 1.862326355240185512e+06 5.633884949734426336e+05 7.654864603216013347e+04 -2.141779918262849242e+04
1.145964995847875485e+06 1.381037937358076451e+06 -2.685586775771001703e+05 5.095447941663060919e+04 -2.759080272974501713e+05 2.937172803272566307e+04 1.041673996153326152e+05 4.432424003734843427e+04 -1.159537933888092812e+05 2.020691067854005145e+06 -3.697855704465507530e+06 -5.719354461568250554e+05 1.031052048290502280e+06 9.703437686808978906e+05 5.633884949734426336e+05 1.538053572562358109e+06 -2.143130681764896144e+05 1.939658123450079438e+04
1.031487864765654434e+06 3.251790243519001524e+05 -2.394392149936743663e+05 -2.575005894704335660e+05 -1.392456805613652978e+05 1.594041080878177308e+05 -5.355238110892016266e+04 7.106871952651334141e+03 4.135406322545254625e+03 -1.558314117526335875e+06 2.060247262085662456e+06 -2.052173814420137787e+05 -1.476728031048572739e+05 -6.030621659838153282e+05 7.654864603216013347e+04 -2.143130681764896144e+05 8.432505301899635233e+05 -1.947233394954092364e+04
-7.683239247658738168e+05 -3.234394003965488519e+05 5.530979606621462153e+05 -9.035471874520815618e+04 1.386316696996609098e+05 -3.662779904762248043e+04 1.264983083863265201e+05 1.072575645078465895e+05 1.065944540941834275e+05 -1.328755824612355093e+06 -2.080735073356983950e+06 7.651112998605235480e+05 5.661264684021725552e+05 -9.216972244722372852e+04 -2.141779918262849242e+04 1.939658123450079438e+04 -1.947233394954092364e+04 7.427889097232471686e+05
