# lambda=0.09136451120689261
7.405662077517119050e+07 4.895239550148101524e+06 4.218317272326443344e+05 2.757159826986942440e+06 5.976650787701761583e+05 1.727024632438787376e+05 -1.710660844547023298e+05 -8.604887433168969583e+05 6.504241710196776548e+05 5.815563021529265493e+07 7.597438894797369838e+06 8.290789788256469183e+06 -7.722732686589686200e+05 2.264946278959351126e+06 -1.006754101314559695e+06 8.476048024531925330e+05 1.544023206922951154e+06 2.516114030610925518e+06
4.895239550148101524e+06 1.271313160385706089e+07 4.779462293428087607e+06 1.642932642990399152e+06 1.239149555519814137e+06 3.225185430023086374e+05 -2.564836015337287608e+04 -4.117351261875947239e+05 7.655786505552000017e+04 -1.073219435251142085e+07 1.376173509537196532e+07 1.743809887502030935e+06 2.625921146197958384e+06 2.800802434283302166e+06 4.559688983285207360e+04 2.353913049594770710e+05 9.419830345235174755e+05 4.208829573832091410e+05
4.218317272326443344e+05 4.779462293428087607e+06 4.997558912706079893e+06 1.446189334358337801e+06 4.592163025984884589e+05 1.739711301220477035e+05 2.202782518437618637e+04 -1.264565714618096099e+05 1.456178096199116844e+05 -1.161124066321382858e+07 6.123821707804550417e+06 2.129361835592073388e+06 3.572022183567676693e+06 -6.763265882810474432e+04 7.382404979786778567e+05 3.403056286826044670e+05 4.960228081390660373e+05 3.787069008157443022e+05
2.757159826986942440e+06 1.642932642990399152e+06 1.446189334358337801e+06 2.529441717699184548e+06 7.667053207984726178e+05 2.905088825427944539e+05 1.489300911734314577e+05 -9.160718382731460224e+03 1.351272890765757475e+05 -3.339054834204729181e+06 2.179574419836731104e+05 8.695673763166809222e+05 2.614354835291481111e+06 5.744077046959871659e+05 -7.154659810204091482e+05 4.693329145355216315e+04 4.798775269107495114e+04 1.755503329995555978e+05
5.976650787701761583e+05 1.239149555519814137e+06 4.592163025984884589e+05 7.667053207984726178e+05 8.820739448144841008e+05 1.767100793282442610e+05 4.027600767762769829e+04 -2.502040605744042114e+04 4.155192381092641153e+04 -5.486155160683717579e+06 9.458902966356257675e+05 -7.527227141226860695e+05 7.954134356709808344e+05 6.233854988270883914e+05 -4.755833540032171877e+05 -1.869281575309534383e+05 -1.614812038974228199e+05 -1.283439043154986866e+05
1.727024632438787376e+05 3.225185430023086374e+05 1.739711301220477035e+05 2.905088825427944539e+05 1.767100793282442610e+05 5.604732794149651891e+05 1.296574696507876797e+04 -6.201178238674822296e+02 3.518256792047326599e+04 -1.106171572578856954e+06 -1.676365636827107752e+06 1.420356327737874351e+06 7.461226666577022988e+05 2.481986416370107036e+05 4.037364981639538018e+04 1.569959531831716595e+05 4.460009211413322191e+04 1.975676031477271172e+05
-1.710660844547023298e+05 -2.564836015337287608e+04 2.202782518437618637e+04 1.489300911734314577e+05 4.027600767762769829e+04 1.296574696507876797e+04 2.285925068832621619e+05 8.951814371320608188e+04 1.649989832268512691e+04 -1.769051082882953109e+06 -1.436238133292822866e+06 1.160079117054416420e+05 -3.676748526648610714e+05 -1.419302251911466010e+05 3.348111176843101566e+04 1.014574209815691720e+05 -6.758337861883235746e+04 2.251842332369124415e+04
-8.604887433168969583e+05 -4.117351261875947239e+05 -1.264565714618096099e+05 -9.160718382731460224e+03 -2.502040605744042114e+04 -6.201178238674822296e+02 8.951814371320608188e+04 1.597046509674448171e+05 6.336293544461707825e+03 -4.553374741159066907e+05 -1.685908004587494070e+06 -7.214444850110824918e+05 -1.671961828554230451e+05 -1.961423153365078324e+05 1.783162863813098229e+05 1.483353035102628928e+05 -8.580937987388793772e+03 5.479653967763441324e+04
6.504241710196776548e+05 7.655786505552000017e+04 1.456178096199116844e+05 1.351272890765757475e+05 4.155192381092641153e+04 3.518256792047326599e+04 1.649989832268512691e+04 6.336293544461707825e+03 1.260836990241512685e+05 4.893411464216861641e+05 5.638190497366291238e+05 4.491534394046356902e+05 1.921249496283094049e+04 -7.690533264053473249e+04 3.728226292744513194e+04 1.441920048122294829e+05 1.778097232614242967e+04 7.351093137353978818e+04
5.815563021529265493e+07 -1.073219435251142085e+07 -1.161124066321382858e+07 -3.339054834204729181e+06 -5.486155160683717579e+06 -1.106171572578856954e+06 -1.769051082882953109e+06 -4.553374741159066907e+05 4.893411464216861641e+05 2.592594469569691420e+08 -7.927406648419883102e+06 -2.136479595902682468e+07 -1.533815694794061221e+07 -9.923341908533723326e+05 9.530387828846462071e+05 3.144704696788170841e+06 3.762596632804483641e+06 4.382165791941992356e+05
7.597438894797369838e+06 1.376173509537196532e+07 6.123821707804550417e+06 2.179574419836731104e+05 9.458902966356257675e+05 -1.676365636827107752e+06 -1.436238133292822866e+06 -1.685908004587494070e+06 5.638190497366291238e+05 -7.927406648419883102e+06 7.185838976878294349e+07 2.849652825578757096e+06 3.755555930383057799e+06 4.181585845786152873e+06 -1.401002294606955023e+06 8.492588882493190467e+05 6.012760969456372550e+05 1.171426562221956410e+05
8.290789788256469183e+06 1.743809887502030935e+06 2.129361835592073388e+06 8.695673763166809222e+05 -7.527227141226860695e+05 1.420356327737874351e+06 1.160079117054416420e+05 -7.214444850110824918e+05 4.491534394046356902e+05 -2.136479595902682468e+07 2.849652825578757096e+06 2.925769225713714212e+07 6.042997571029223502e+06 -4.430851350816072081e+05 5.567432448258035583e+05 1.385869897044669371e+06 -3.268027997253311332e+05 1.048937515533181373e+06
-7.722732686589686200e+05 2.625921146197958384e+06 3.572022183567676693e+06 2.614354835291481111e+06 7.954134356709808344e+05 7.461226666577022988e+05 -3.676748526648610714e+05 -1.671961828554230451e+05 1.921249496283094049e+04 -1.533815694794061221e+07 3.755555930383057799e+06 6.042997571029223502e+06 1.338483646388189495e+07 1.829275733024124056e+06 -4.180452225554816541e+05 -1.680971912349156046e+05 -4.310209417625513161e+05 5.397852348300240701e+05
2.264946278959351126e+06 2.800802434283302166e+06 -6.763265882810474432e+04 5.744077046959871659e+05 6.233854988270883914e+05 2.481986416370107036e+05 -1.419302251911466010e+05 -1.961423153365078324e+05 -7.690533264053473249e+04 -9.923341908533723326e+05 4.181585845786152873e+06 -4.430851350816072081e+05 1.829275733024124056e+06 4.085514394975422882e+06 -1.068198348871158436e+06 -6.514758830267278245e+05 -5.556480493507417850e+05 2.534737347313110949e+05
-1.006754101314559695e+06 4.559688983285207360e+04 7.382404979786778567e+05 -7.154659810204091482e+05 -4.755833540032171877e+05 4.037364981639538018e+04 3.348111176843101566e+04 1.783162863813098229e+05 3.728226292744513194e+04 9.530387828846462071e+05 -1.401002294606955023e+06 5.567432448258035583e+05 -4.180452225554816541e+05 -1.068198348871158436e+06 2.137583730763518251e+06 9.405076948496595724e+05 5.026333593327602139e+05 4.520927204007470282e+05
8.476048024531925330e+05 2.353913049594770710e+05 3.403056286826044670e+05 4.693329145355216315e+04 -1.869281575309534383e+05 1.569959531831716595e+05 1.014574209815691720e+05 1.483353035102628928e+05 1.441920048122294829e+05 3.144704696788170841e+06 8.492588882493190467e+05 1.385869897044669371e+06 -1.680971912349156046e+05 -6.514758830267278245e+05 9.405076948496595724e+05 1.303633070376257878e+06 4.118144754187616636e+05 4.221386143680641544e+05
1.544023206922951154e+06 9.419830345235174755e+05 4.960228081390660373e+05 4.798775269107495114e+04 -1.614812038974228199e+05 4.460009211413322191e+04 -6.758337861883235746e+04 -8.580937987388793772e+03 1.778097232614242967e+04 3.762596632804483641e+06 6.012760969456372550e+05 -3.268027997253311332e+05 -4.310209417625513161e+05 -5.556480493507417850e+05 5.026333593327602139e+05 4.118144754187616636e+05 8.768254807497358415e+05 2.716383691352092428e+05
2.516114030610925518e+06 4.208829573832091410e+05 3.787069008157443022e+05 1.755503329995555978e+05 -1.283439043154986866e+05 1.975676031477271172e+05 2.251842332369124415e+04 5.479653967763441324e+04 7.351093137353978818e+04 4.382165791941992356e+05 1.171426562221956410e+05 1.048937515533181373e+06 5.397852348300240701e+05 2.534737347313110949e+05 4.520927204007470282e+05 4.221386143680641544e+05 2.716383691352092428e+05 6.061361112476293929e+05
