# s_min=18
8.988545628560258448e+07 2.078969460292428732e+07 2.932809564263183158e+06 2.056091092892690562e+06 -5.952164197513860418e+05 4.918061176316676429e+05 -2.856704897504232940e+05 -8.986337292649820447e+05 -9.343592400999758393e+05 -1.986099150517113134e+07 -2.707261945792496949e+07 1.914034720455060713e+06 -1.406185726626208797e+07 -5.239515430602885783e+06 8.675553996724189492e+05 -4.289546461611571722e+06 -2.225245399583612569e+06 -1.380144914077327354e+06
2.078969460292428732e+07 2.512483268530174717e+07 7.684821829913644120e+06 2.164599721302316058e+06 -1.139087451020434492e+04 3.263043588717334205e+05 -1.683167510851664993e+05 -6.878782274236019002e+05 -2.615452463047033234e+05 -1.742090121468709083e+06 1.580499592054061405e+07 3.436267412084758747e+06 -9.106628349132519215e+06 -2.969027924283070955e+06 2.481811107123054564e+06 -1.843233352476790315e+06 1.295297200815117219e+06 1.275161296373133548e+06
2.932809564263183158e+06 7.684821829913645983e+06 9.944231884686028585e+06 2.318523764124945737e+06 1.543449521416142816e+06 9.055155931457983388e+04 -3.186037215039003640e+05 -4.739795512073419522e+05 -2.067228064686391444e+05 -8.732946154686260968e+06 8.192079408305551857e+06 6.970128450481154025e+06 -2.995144609500248916e+06 -1.797573524897765601e+06 -1.915279996220688103e+06 -1.150297033636648441e+06 -3.996375402386144269e+05 -6.593660230068911915e+04
2.056091092892690562e+06 2.164599721302316524e+06 2.318523764124945737e+06 4.097554977693338413e+06 1.510397012548031751e+06 -2.688975538587527262e+04 -8.266874461487411463e+04 -3.322525652991413954e+05 -1.343284006095237783e+04 -5.947219811627984047e+06 3.006749241423374508e+06 1.445889311746716266e+05 2.204931027873510611e+05 1.345010033547093393e+06 -3.723171806262529572e+05 -4.411004417519653216e+05 -4.476447066786198993e+05 -1.347442199562645983e+05
-5.952164197513859253e+05 -1.139087451020429216e+04 1.543449521416142816e+06 1.510397012548031518e+06 3.824101999540213030e+06 -3.386519448423272115e+05 -2.529500314695089182e+05 1.393546026879679121e+05 -1.713292749961301161e+05 2.050685331978503673e+05 3.830798773329344112e+06 -1.230311029260662384e+06 -1.029236826663374784e+06 2.379730135724730790e+06 8.271685855071707920e+04 -3.648070711991735152e+05 -4.770431541035991977e+05 -3.252738160024379613e+05
4.918061176316675846e+05 3.263043588717334205e+05 9.055155931457980478e+04 -2.688975538587525807e+04 -3.386519448423272697e+05 1.893471228350580903e+06 2.126710164125537267e+05 3.484667766935445834e+05 6.130620053935223405e+04 2.090949516827788670e+06 -1.991820327184205176e+06 -3.593114482736313221e+03 5.893200852057861630e+05 -2.389288371079594654e+05 8.035525624089071061e+04 -1.525980889790936490e+05 -1.606223868230461667e+05 -3.942730946726183756e+05
-2.856704897504232940e+05 -1.683167510851665284e+05 -3.186037215039004222e+05 -8.266874461487414374e+04 -2.529500314695088891e+05 2.126710164125536685e+05 1.099797447469637496e+06 2.402473929285517370e+05 2.012230059063479130e+05 -4.999333465578497271e+04 -3.635689897700150032e+05 -5.620135401811543852e+04 5.063505748827519710e+02 1.445978711382585752e+05 1.596215290005598217e+05 2.010762704186768678e+04 2.182228911623433814e+05 -3.346932640954601811e+04
-8.986337292649820447e+05 -6.878782274236019002e+05 -4.739795512073419522e+05 -3.322525652991413954e+05 1.393546026879679121e+05 3.484667766935445834e+05 2.402473929285517370e+05 9.835490437808005372e+05 2.526988757706710894e+05 -1.101208958024614491e+06 5.938566584391448123e+04 4.395480226706364192e+05 6.468739397307212930e+05 -6.400601283388389857e+04 2.293112924497354834e+05 -2.812303521060262938e+04 1.540170866736527241e+05 -7.275011051354481606e+04
-9.343592400999758393e+05 -2.615452463047033234e+05 -2.067228064686391444e+05 -1.343284006095237055e+04 -1.713292749961301452e+05 6.130620053935223405e+04 2.012230059063479130e+05 2.526988757706710894e+05 6.550674240257595666e+05 -1.466303770945271710e+06 6.832424100989751751e+05 7.050742567225767998e+05 3.039683575685340329e+05 -2.524824508129030874e+05 2.527069328896068619e+05 8.263307422012096504e+04 7.603815264775694232e+04 2.884283962278241524e+05
-1.986099150517112389e+07 -1.742090121468709316e+06 -8.732946154686260968e+06 -5.947219811627984047e+06 2.050685331978503091e+05 2.090949516827788670e+06 -4.999333465578495816e+04 -1.101208958024614723e+06 -1.466303770945271477e+06 2.235696521674669385e+08 1.259395209064605646e+07 -2.956180348056043312e+07 -4.982982755706315511e+05 7.017401691931410693e+06 5.145317656347149052e+06 -2.713986485971710645e+06 -1.647620106540304259e+05 1.026687634485725663e+06
-2.707261945792496949e+07 1.580499592054061219e+07 8.192079408305550925e+06 3.006749241423374508e+06 3.830798773329344112e+06 -1.991820327184205176e+06 -3.635689897700150032e+05 5.938566584391448123e+04 6.832424100989751751e+05 1.259395209064605646e+07 9.038484288414666057e+07 1.934971304761012271e+07 -6.160399967175018974e+06 4.142173397018587682e+06 4.074959177354297717e+05 1.235204730229505512e+05 5.326588010081041604e+06 4.610992765949396417e+06
1.914034720455060713e+06 3.436267412084758282e+06 6.970128450481154025e+06 1.445889311746716558e+05 -1.230311029260662384e+06 -3.593114482736326863e+03 -5.620135401811543852e+04 4.395480226706364774e+05 7.050742567225769162e+05 -2.956180348056043312e+07 1.934971304761012271e+07 4.263732186250169575e+07 8.807163543933542445e+06 -4.791914070567508228e+06 -3.940770506113403011e+06 5.902147447066313907e+04 -9.602796050102126901e+04 -4.141905943968022475e+05
-1.406185726626208797e+07 -9.106628349132519215e+06 -2.995144609500248451e+06 2.204931027873510902e+05 -1.029236826663374784e+06 5.893200852057861630e+05 5.063505748827572006e+02 6.468739397307212930e+05 3.039683575685339747e+05 -4.982982755706309690e+05 -6.160399967175017111e+06 8.807163543933542445e+06 2.029851284237604961e+07 4.758273664943226613e+05 -2.110923471976559144e+06 9.160924097584284609e+05 -6.953720692218681797e+05 -1.441750759116918314e+06
-5.239515430602885783e+06 -2.969027924283070955e+06 -1.797573524897764670e+06 1.345010033547093160e+06 2.379730135724730790e+06 -2.389288371079594654e+05 1.445978711382585752e+05 -6.400601283388390584e+04 -2.524824508129031165e+05 7.017401691931410693e+06 4.142173397018588148e+06 -4.791914070567508228e+06 4.758273664943226613e+05 1.143023802302447148e+07 4.491398620747215115e+06 3.798612415566205163e+05 -6.552748141049398109e+05 6.987054481385827239e+04
8.675553996724189492e+05 2.481811107123054564e+06 -1.915279996220688103e+06 -3.723171806262528407e+05 8.271685855071707920e+04 8.035525624089073972e+04 1.596215290005597926e+05 2.293112924497355416e+05 2.527069328896068328e+05 5.145317656347149052e+06 4.074959177354297717e+05 -3.940770506113403011e+06 -2.110923471976559144e+06 4.491398620747215115e+06 6.736117228048278019e+06 6.561883097597179003e+05 1.120803606631091388e+05 4.791426872341216658e+05
-4.289546461611571722e+06 -1.843233352476790315e+06 -1.150297033636648208e+06 -4.411004417519653798e+05 -3.648070711991736316e+05 -1.525980889790936199e+05 2.010762704186768315e+04 -2.812303521060261119e+04 8.263307422012099414e+04 -2.713986485971710645e+06 1.235204730229505803e+05 5.902147447066315362e+04 9.160924097584284609e+05 3.798612415566204581e+05 6.561883097597179003e+05 2.622842528553574812e+06 5.083660003067889484e+05 1.896765281396833598e+05
-2.225245399583612103e+06 1.295297200815116754e+06 -3.996375402386143105e+05 -4.476447066786198993e+05 -4.770431541035991395e+05 -1.606223868230461667e+05 2.182228911623433814e+05 1.540170866736526950e+05 7.603815264775694232e+04 -1.647620106540303095e+05 5.326588010081041604e+06 -9.602796050102119625e+04 -6.953720692218681797e+05 -6.552748141049398109e+05 1.120803606631091534e+05 5.083660003067889484e+05 3.018583663878497202e+06 8.284958570664268918e+05
-1.380144914077327354e+06 1.275161296373133780e+06 -6.593660230068911915e+04 -1.347442199562646565e+05 -3.252738160024379613e+05 -3.942730946726182592e+05 -3.346932640954601084e+04 -7.275011051354483061e+04 2.884283962278241524e+05 1.026687634485725663e+06 4.610992765949396417e+06 -4.141905943968021311e+05 -1.441750759116918314e+06 6.987054481385827239e+04 4.791426872341216658e+05 1.896765281396833598e+05 8.284958570664268918e+05 2.282918650700846221e+06
