# s_min=18
8.398965566164596379e+07 1.744338046970065311e+07 -4.876194390403646976e+06 -7.882262278484300710e+06 -6.460911756199959200e+05 1.622091288048481802e+06 -3.717015103036270593e+05 -1.692932551096981158e+06 -1.569458017632948176e+05 3.794213939387261868e+07 9.671157346802625805e+06 -3.973536215585828293e+06 -5.031297876393683255e+06 4.895387917008243967e+05 -6.595609422349839471e+06 -8.229801428311201744e+06 -1.270949314647368155e+06 -9.901739395956429653e+05
1.744338046970064938e+07 1.795485644105370343e+07 3.745159151313841576e+05 2.074169626080968010e+05 -1.155742566745893797e+06 -5.547362157536883606e+05 -1.042063122401026427e+06 -9.059256894665335130e+04 -2.201390547531585034e+05 2.635370148495771363e+07 2.240649870580980554e+07 1.367842666447329568e+06 -1.205084168201802531e+06 -8.788120439583407715e+05 -2.680608065630352590e+06 -1.369906575802770909e+06 -1.214763437177572167e+06 -9.968923810511297779e+05
-4.876194390403646044e+06 3.745159151313840412e+05 8.010470199031064287e+06 2.844866111533105373e+06 -1.154061427542576130e+05 -5.159702399139011395e+05 -3.032276926219980232e+05 9.554420403959261021e+05 -5.509660824818472611e+04 1.149346908192036301e+07 5.693091903130532242e+06 6.463113178244275041e+06 2.514280308880901430e+06 3.456979402612686972e+05 7.011795867792982608e+05 3.188832340417738073e+06 -2.524127898756395734e+05 8.555073507965243189e+05
-7.882262278484300710e+06 2.074169626080967428e+05 2.844866111533105839e+06 4.984170864377113990e+06 4.375356829081310425e+05 5.153889283201774815e+05 3.092639061616585823e+05 3.319024745287271217e+05 3.076534070092960610e+05 3.915501130356800277e+06 -5.892694364281949820e+05 8.546141740996633889e+05 -4.077482413362193620e+05 -4.629161493542337557e+05 1.012975606780047296e+06 1.252718196089574834e+06 -8.651109201088086702e+05 -3.918069431919818162e+05
-6.460911756199959200e+05 -1.155742566745893797e+06 -1.154061427542576421e+05 4.375356829081310425e+05 3.019963483522255439e+06 2.970493833225481794e+05 2.050176449004625320e+05 -7.884250592568870343e+04 1.096026539231096540e+05 -4.682703183113284409e+06 -2.120807570316312369e+06 5.211522669973729644e+05 8.431756553619477199e+05 1.587053822323107859e+06 4.661278482734988211e+05 -9.965550430484941899e+03 2.608053663950505506e+04 7.762275229356375348e+04
1.622091288048481569e+06 -5.547362157536883606e+05 -5.159702399139012559e+05 5.153889283201774815e+05 2.970493833225481794e+05 2.021271159440233372e+06 2.041573024300413381e+05 -1.677496721579112636e+05 1.602193477291384770e+05 -2.756824947087819455e+05 -4.203258880981779657e+06 -7.203039888768303208e+05 -7.652173833247374278e+05 5.043528321271254681e+05 7.172382133209108142e+05 -5.394093783599693561e+05 3.902512367615154362e+05 -3.371043077849353431e+05
-3.717015103036270593e+05 -1.042063122401026427e+06 -3.032276926219980814e+05 3.092639061616585823e+05 2.050176449004625320e+05 2.041573024300412799e+05 1.379298351135115139e+06 1.888695150719004159e+05 2.923332733964145518e+04 -4.636814882290454581e+06 -2.236366537511781789e+06 -1.219426227254702477e+06 -5.791716635105408204e+04 -3.864742783962499816e+05 1.055328294081254426e+05 1.845134877424001752e+05 1.340932960963299265e+05 -1.200591459239765027e+04
-1.692932551096981158e+06 -9.059256894665333675e+04 9.554420403959261021e+05 3.319024745287271217e+05 -7.884250592568873253e+04 -1.677496721579112636e+05 1.888695150719004159e+05 1.032794673790613189e+06 2.807056313145332388e+05 -2.386817645874544047e+06 1.603845844057939830e+05 5.669131242914223112e+05 6.792663423859332688e+05 1.397022191721312993e+05 4.392488813285664655e+05 5.731035873471602099e+05 2.028330403735216823e+05 -2.123261152882229908e+03
-1.569458017632947594e+05 -2.201390547531585325e+05 -5.509660824818472611e+04 3.076534070092960610e+05 1.096026539231096540e+05 1.602193477291384770e+05 2.923332733964145518e+04 2.807056313145332388e+05 4.223554643637230620e+05 -1.333568181979713263e+06 -1.203237145594593836e+06 -1.455272993053875980e+05 2.135026608963407925e+05 5.051178049945898238e+04 1.632262986900490650e+05 4.919897313005918113e+04 -6.192881893276979099e+04 9.186818104969670821e+04
3.794213939387261868e+07 2.635370148495771363e+07 1.149346908192036301e+07 3.915501130356800277e+06 -4.682703183113283478e+06 -2.756824947087819455e+05 -4.636814882290454581e+06 -2.386817645874544047e+06 -1.333568181979713263e+06 3.420614250126624703e+08 -3.121155539676825516e+06 1.212211590111954883e+07 -2.022478349127942696e+07 -5.286256170541193336e+06 -5.659354617493330501e+06 2.120365383173935115e+06 -9.512997363279924029e+05 7.433468955226497201e+04
9.671157346802627668e+06 2.240649870580980554e+07 5.693091903130534105e+06 -5.892694364281948656e+05 -2.120807570316312835e+06 -4.203258880981779657e+06 -2.236366537511781789e+06 1.603845844057939248e+05 -1.203237145594593836e+06 -3.121155539676826913e+06 1.262899727298030704e+08 7.272728879636705853e+06 6.518257629270415055e+05 -5.214250333185541444e+06 -6.557517715639779344e+06 -4.247419301822024863e+05 -6.437690149283938808e+05 -4.543030480197446304e+05
-3.973536215585828293e+06 1.367842666447329568e+06 6.463113178244275972e+06 8.546141740996632725e+05 5.211522669973728480e+05 -7.203039888768303208e+05 -1.219426227254702477e+06 5.669131242914223112e+05 -1.455272993053875689e+05 1.212211590111954883e+07 7.272728879636705853e+06 2.243887603076297045e+07 4.206414442016859539e+06 1.331295963566836901e+06 1.373607011038803728e+06 1.308225596152574290e+06 -1.161051753487355076e+06 -1.820111460765462834e+05
-5.031297876393683255e+06 -1.205084168201802997e+06 2.514280308880901430e+06 -4.077482413362191292e+05 8.431756553619477199e+05 -7.652173833247375442e+05 -5.791716635105407477e+04 6.792663423859333852e+05 2.135026608963407925e+05 -2.022478349127942696e+07 6.518257629270412726e+05 4.206414442016859539e+06 1.127013345037546940e+07 2.240356310402226169e+06 1.731435012463812251e+06 -3.997187541638272814e+05 1.369775918673773958e+04 9.503103129613839556e+05
4.895387917008243967e+05 -8.788120439583407715e+05 3.456979402612686972e+05 -4.629161493542336975e+05 1.587053822323108092e+06 5.043528321271255845e+05 -3.864742783962499816e+05 1.397022191721312993e+05 5.051178049945898965e+04 -5.286256170541193336e+06 -5.214250333185542375e+06 1.331295963566836668e+06 2.240356310402225237e+06 8.017889368072627112e+06 3.278596267980081029e+05 1.057456866103450069e+06 1.036867342779524508e+06 1.350438199473494315e+05
-6.595609422349839471e+06 -2.680608065630352590e+06 7.011795867792982608e+05 1.012975606780047296e+06 4.661278482734988211e+05 7.172382133209108142e+05 1.055328294081254280e+05 4.392488813285664655e+05 1.632262986900490941e+05 -5.659354617493330501e+06 -6.557517715639782138e+06 1.373607011038803728e+06 1.731435012463812716e+06 3.278596267980080447e+05 6.362462790982057340e+06 5.981498222466401057e+05 7.102485517962127924e+05 1.058292929669884732e+06
-8.229801428311201744e+06 -1.369906575802770676e+06 3.188832340417738073e+06 1.252718196089574834e+06 -9.965550430484930985e+03 -5.394093783599692397e+05 1.845134877424002334e+05 5.731035873471602099e+05 4.919897313005916658e+04 2.120365383173935581e+06 -4.247419301822023117e+05 1.308225596152574057e+06 -3.997187541638272814e+05 1.057456866103450069e+06 5.981498222466401057e+05 4.738913032282324508e+06 1.163183955483065220e+06 1.013124830059778877e+06
-1.270949314647368155e+06 -1.214763437177572167e+06 -2.524127898756395734e+05 -8.651109201088087866e+05 2.608053663950504779e+04 3.902512367615153780e+05 1.340932960963299265e+05 2.028330403735216823e+05 -6.192881893276977644e+04 -9.512997363279924029e+05 -6.437690149283938808e+05 -1.161051753487355076e+06 1.369775918673774322e+04 1.036867342779524508e+06 7.102485517962127924e+05 1.163183955483065220e+06 2.769201758044325747e+06 5.668543655661355006e+05
-9.901739395956428489e+05 -9.968923810511297779e+05 8.555073507965243189e+05 -3.918069431919818162e+05 7.762275229356372438e+04 -3.371043077849352267e+05 -1.200591459239765754e+04 -2.123261152882243550e+03 9.186818104969672277e+04 7.433468955226495746e+04 -4.543030480197446304e+05 -1.820111460765463125e+05 9.503103129613841884e+05 1.350438199473494606e+05 1.058292929669884965e+06 1.013124830059778993e+06 5.668543655661355006e+05 2.049781279958861414e+06
