# s_min=18
5.969857962952314317e+07 -7.151884294769642875e+06 5.427664358610977419e+06 3.324182594887769781e+06 2.128079065539543983e+06 4.399680251395195723e+06 6.243649832343264716e+05 -2.512001883710682159e+05 -3.361547444430437172e+05 -2.305856702181987837e+07 -1.491025165829374827e+07 1.024327908682973124e+07 6.229991455349067226e+06 -4.298625925819220953e+06 9.353975599810195854e+05 -1.496772660088811070e+06 5.903523904024005169e+05 4.881474269037700142e+05
-7.151884294769644737e+06 1.084311137553965859e+07 -1.832454877311663004e+06 9.727695487025172915e+05 1.415830478048707664e+04 3.879827666218970553e+05 6.340642938018367859e+05 5.881273078138848359e+04 -6.196082445444264158e+04 -1.249242740835253615e+06 3.613473818549810443e+06 -2.700196437451363541e+06 -5.567441219668379053e+05 1.566854626001773868e+06 2.041109032826876792e+05 1.335309712063989427e+05 -2.318742914246123401e+05 -8.602739184903487330e+05
5.427664358610977419e+06 -1.832454877311663004e+06 7.224877751869115978e+06 1.447472207543940982e+06 5.072559757949402556e+05 1.331257760529050604e+06 1.161951071011357853e+05 4.395418695081486949e+05 -8.554389885394921293e+04 -6.323324689619934186e+06 -3.389305151174805593e+06 6.627387190682666376e+06 5.516318388999887742e+06 2.801416418342051096e+06 1.276905640382313170e+06 9.558469101238906151e+05 5.378159126666777302e+05 1.292768244711429114e+06
3.324182594887769315e+06 9.727695487025174079e+05 1.447472207543940982e+06 4.658992936922580004e+06 5.338083665139155928e+05 1.217070058130062826e+05 -5.223115402270562481e+05 1.723990298189766763e+05 2.376670832082113484e+05 6.033823887063503498e+05 -2.644629498952656519e+06 3.589186284306814894e+06 3.495501271022481378e+06 9.487357360543296672e+05 -3.130340810668736231e+05 1.590055056034916488e+05 1.669510726500838646e+05 5.468770905730478698e+05
2.128079065539543983e+06 1.415830478048709483e+04 5.072559757949401974e+05 5.338083665139155928e+05 2.607845355081509333e+06 7.848462714278874919e+05 3.628465494137339647e+03 5.321191164401521673e+05 1.548931994405549485e+05 -2.977257415765336715e+06 2.368442776059864555e+05 2.269930167569493933e+05 2.426859523243759293e+06 1.270849975078136427e+06 -2.880015298523253296e+05 2.608828021069545684e+03 5.729802279137545265e+05 -8.513761534882741398e+04
4.399680251395195723e+06 3.879827666218971135e+05 1.331257760529050604e+06 1.217070058130062680e+05 7.848462714278874919e+05 2.302471417629809584e+06 3.901684725130038569e+05 1.846700998086186300e+05 1.569102858390827023e+05 -8.941199882195698097e+06 -2.787842728905408178e+06 6.516641845380060840e+05 2.684075675908331177e+05 -6.832703150440449826e+05 7.754398018107003300e+05 1.195207979402410710e+05 3.401850090210709022e+05 3.779681713838735595e+04
6.243649832343263552e+05 6.340642938018367859e+05 1.161951071011358144e+05 -5.223115402270564227e+05 3.628465494137340556e+03 3.901684725130039151e+05 1.972904025806317106e+06 5.067701523025857568e+03 6.098259083614873816e+04 -3.989711003121542744e+06 -8.563891364835596178e+05 -7.870004788863083813e+05 -6.812590481746599544e+05 3.972739143487707479e+05 -3.750251023012541118e+05 2.734004917810505722e+05 3.911709476302467519e+05 -3.591224115277038072e+05
-2.512001883710682159e+05 5.881273078138849087e+04 4.395418695081486949e+05 1.723990298189766472e+05 5.321191164401520509e+05 1.846700998086185718e+05 5.067701523025843926e+03 1.216404051169102080e+06 1.236635094074743247e+05 1.755289062964808429e+06 -2.614832630519170489e+05 -5.393585596131167840e+05 5.524950752023788664e+04 2.962215940265420795e+04 5.078076014463341562e+05 1.428621043378401664e+05 1.464867650508767983e+05 -1.111871989593356848e+05
-3.361547444430437754e+05 -6.196082445444265613e+04 -8.554389885394918383e+04 2.376670832082113484e+05 1.548931994405549485e+05 1.569102858390827314e+05 6.098259083614873089e+04 1.236635094074743247e+05 1.090159658247416141e+06 -9.241132467626425205e+05 -7.265753236214468488e+05 -4.205559407612783834e+05 -3.959773062474674662e+05 1.757081388957923045e+05 1.563982665897432889e+05 2.273603766769733047e+05 7.555795049152421416e+04 1.007160668075616268e+05
-2.305856702181987464e+07 -1.249242740835253848e+06 -6.323324689619934186e+06 6.033823887063510483e+05 -2.977257415765336715e+06 -8.941199882195698097e+06 -3.989711003121542744e+06 1.755289062964808429e+06 -9.241132467626425205e+05 2.568798228624660373e+08 2.237388444985902309e+07 1.579267059895682149e+07 -1.285151343918482400e+07 1.186076920006677276e+06 4.515240947889867239e+06 8.933226520250331378e+05 -7.984213903011358343e+06 -5.790685594501537271e+06
-1.491025165829375014e+07 3.613473818549810909e+06 -3.389305151174805593e+06 -2.644629498952656519e+06 2.368442776059865719e+05 -2.787842728905408178e+06 -8.563891364835593849e+05 -2.614832630519170489e+05 -7.265753236214468488e+05 2.237388444985902309e+07 7.356944789640274644e+07 2.831364738032484427e+06 6.082319423089774325e+06 -3.327160559816555120e+06 4.468072307569175027e+06 2.242045276640844066e+06 -1.341547102959723910e+06 9.066201057926433859e+05
1.024327908682972938e+07 -2.700196437451363541e+06 6.627387190682666376e+06 3.589186284306814894e+06 2.269930167569493933e+05 6.516641845380060840e+05 -7.870004788863083813e+05 -5.393585596131167840e+05 -4.205559407612783834e+05 1.579267059895682335e+07 2.831364738032484427e+06 3.164772165102963895e+07 9.983839815560564399e+06 4.973608235412172973e+06 3.011657837889582384e+06 3.788189711346239201e+05 5.834431440380730201e+05 1.564563024539282778e+06
6.229991455349067226e+06 -5.567441219668380218e+05 5.516318388999887742e+06 3.495501271022481378e+06 2.426859523243758827e+06 2.684075675908331177e+05 -6.812590481746599544e+05 5.524950752023785753e+04 -3.959773062474675826e+05 -1.285151343918482400e+07 6.082319423089774325e+06 9.983839815560564399e+06 1.666045416318684630e+07 3.596976857037561946e+06 6.182403967607134255e+05 1.277173970004722476e+06 1.436157946129468735e+06 2.771103037564523052e+06
-4.298625925819220953e+06 1.566854626001773868e+06 2.801416418342052493e+06 9.487357360543296672e+05 1.270849975078136427e+06 -6.832703150440449826e+05 3.972739143487707479e+05 2.962215940265421159e+04 1.757081388957923045e+05 1.186076920006677741e+06 -3.327160559816555120e+06 4.973608235412172973e+06 3.596976857037561946e+06 1.014247255891774409e+07 -1.186711669795335736e+06 1.869048041484888177e+06 1.535714162423489848e+06 8.854078546179953264e+05
9.353975599810195854e+05 2.041109032826877083e+05 1.276905640382312937e+06 -3.130340810668737395e+05 -2.880015298523253878e+05 7.754398018107003300e+05 -3.750251023012541700e+05 5.078076014463341562e+05 1.563982665897432889e+05 4.515240947889867239e+06 4.468072307569175959e+06 3.011657837889582384e+06 6.182403967607134255e+05 -1.186711669795335736e+06 5.761548170249057002e+06 1.446798234595441027e+06 -3.079366359709998942e+05 7.709015715471123112e+05
-1.496772660088811070e+06 1.335309712063989136e+05 9.558469101238908479e+05 1.590055056034917361e+05 2.608828021069552960e+03 1.195207979402409983e+05 2.734004917810505722e+05 1.428621043378401373e+05 2.273603766769733047e+05 8.933226520250331378e+05 2.242045276640844066e+06 3.788189711346239201e+05 1.277173970004722709e+06 1.869048041484888177e+06 1.446798234595441027e+06 4.503780403926928528e+06 3.831299704026537365e+05 7.124794424215217587e+05
5.903523904024006333e+05 -2.318742914246123401e+05 5.378159126666777302e+05 1.669510726500839228e+05 5.729802279137546429e+05 3.401850090210709604e+05 3.911709476302467519e+05 1.464867650508767692e+05 7.555795049152421416e+04 -7.984213903011358343e+06 -1.341547102959723910e+06 5.834431440380730201e+05 1.436157946129468735e+06 1.535714162423489848e+06 -3.079366359709998360e+05 3.831299704026537365e+05 2.612863735136075877e+06 4.921236473093676032e+05
4.881474269037700142e+05 -8.602739184903487330e+05 1.292768244711429114e+06 5.468770905730477534e+05 -8.513761534882739943e+04 3.779681713838736323e+04 -3.591224115277038072e+05 -1.111871989593356848e+05 1.007160668075616413e+05 -5.790685594501537271e+06 9.066201057926433859e+05 1.564563024539282545e+06 2.771103037564523052e+06 8.854078546179953264e+05 7.709015715471124277e+05 7.124794424215217587e+05 4.921236473093676032e+05 2.560066924378019758e+06
