# s_min=18
4.515405836426192522e+07 3.193983379736557603e+06 6.481327958250047639e+06 2.346536237370487768e+06 2.036260095008329954e+06 2.013275885932288133e+06 1.813473593470009044e+06 -3.151717667029082659e+05 7.078754482414491940e+05 2.337126869355574250e+07 9.056754301484145224e+06 -1.884177519749154104e+06 1.146628321998456493e+06 -1.026409059569160454e+05 4.632426634253642522e+06 7.449171534849825548e+05 -4.709453135712556541e+05 -1.188421438585486962e+06
3.193983379736558069e+06 1.564716383806282654e+07 4.782803173388018273e+06 7.410967190830296604e+05 1.170980277459376492e+06 1.121037794829260238e+05 8.586752331787094008e+05 2.353505827316332725e+05 8.220075329698823043e+04 1.146352376258977689e+07 5.539997175897845067e+06 4.400386394525822834e+05 -6.213534473053337075e+06 -1.929991667521953816e+06 8.987850502833143109e+05 -2.048998185621505836e+05 -2.671624124175117468e+05 -5.903120472473903792e+05
6.481327958250047639e+06 4.782803173388018273e+06 1.084120451143814437e+07 1.708131102970307227e+06 1.489981829322803067e+06 1.014330253124977229e+06 1.283416148850234924e+06 9.729806134162365925e+04 1.636626343339760497e+05 -2.626675761311313137e+06 -4.083733945104268845e+06 5.533779607917144895e+06 1.255752900873944396e+06 -9.473366292371887248e+05 1.908940030635647476e+06 1.498891651269989961e+05 1.315719565963430796e+06 4.280447868249262101e+05
2.346536237370487768e+06 7.410967190830296604e+05 1.708131102970307227e+06 4.201588116096916609e+06 4.476573930145205813e+05 3.746689553167332197e+05 2.701940417707306333e+05 -6.850641810572755639e+04 1.339536405489848112e+05 -4.143916202351824846e+06 -8.239456384069918422e+05 -1.061372188624248374e+06 3.130165408452260774e+06 8.535342313976184232e+05 1.367263575571800116e+06 -3.532397440688364441e+04 4.754557939963563695e+05 7.121204796562234378e+02
2.036260095008330187e+06 1.170980277459376492e+06 1.489981829322803067e+06 4.476573930145205231e+05 3.729176522269969340e+06 5.384476787120060762e+05 -2.525051493968740688e+05 8.761191467101300077e+04 2.822723622632442857e+05 -5.773584986383051611e+06 -1.726592334771412658e+06 -9.754957941775846994e+05 1.590824347164430888e+06 8.200921092429583659e+05 6.656565250260438770e+05 -2.356690116816869704e+05 7.192480231780835893e+05 -1.816402056752177305e+05
2.013275885932288133e+06 1.121037794829260529e+05 1.014330253124977229e+06 3.746689553167333361e+05 5.384476787120060762e+05 2.238810481941859704e+06 1.258196116758940771e+05 2.298273648689964903e+05 1.448757415698920377e+05 1.129007933186075417e+06 3.554101854605809785e+05 1.521091360899628373e+06 -9.829992948359531874e+04 -2.324581353459553502e+05 5.560181259843790904e+05 2.244332527463484803e+04 5.120516761535574915e+04 2.402195322715492512e+04
1.813473593470009044e+06 8.586752331787095172e+05 1.283416148850234924e+06 2.701940417707306915e+05 -2.525051493968740688e+05 1.258196116758940771e+05 1.751748178044104716e+06 1.633717938023402530e+05 1.939562077286195417e+05 1.337787425171509385e+06 6.104293413473704131e+05 1.487732038458728930e+06 -2.289741776997236884e+05 -5.509840946951383958e+05 -2.676754600518212537e+05 9.468138765562724438e+04 -4.728765766308493767e+03 5.913304885779081815e+04
-3.151717667029082659e+05 2.353505827316332725e+05 9.729806134162365925e+04 -6.850641810572755639e+04 8.761191467101300077e+04 2.298273648689965194e+05 1.633717938023402530e+05 1.381932439872289542e+06 -4.838371785077867389e+04 -2.239975799514634069e+06 -6.104795537989024306e+05 -6.030691163810173748e+05 -5.977264801467668731e+05 -8.247311566055388539e+04 -1.642157116388466966e+05 1.291209183418327884e+05 3.076027265744450779e+04 2.033307182047384558e+05
7.078754482414493104e+05 8.220075329698823043e+04 1.636626343339759915e+05 1.339536405489848112e+05 2.822723622632442857e+05 1.448757415698920377e+05 1.939562077286195708e+05 -4.838371785077866662e+04 1.335382576599302934e+06 1.675697045544189634e+06 9.323746719083482458e+04 6.556731987929240568e+05 2.066946034620417049e+05 -7.420321994700211508e+04 2.364689583034743555e+05 1.569682021564462048e+05 -8.010395051277533639e+04 1.441382346256927412e+05
2.337126869355574250e+07 1.146352376258978061e+07 -2.626675761311313603e+06 -4.143916202351823915e+06 -5.773584986383050680e+06 1.129007933186075417e+06 1.337787425171509385e+06 -2.239975799514634069e+06 1.675697045544189634e+06 2.503390663065144718e+08 4.071820423108117282e+07 3.308487196013803408e+07 5.418895730276597897e+05 -6.916791875581148081e+06 8.803094246307328576e+05 1.647114211799374083e+06 -4.661142720780071802e+06 -3.973428573760136496e+06
9.056754301484145224e+06 5.539997175897845067e+06 -4.083733945104268845e+06 -8.239456384069917258e+05 -1.726592334771412658e+06 3.554101854605810368e+05 6.104293413473704131e+05 -6.104795537989024306e+05 9.323746719083482458e+04 4.071820423108117282e+07 6.277129607852620631e+07 1.104402997275262326e+07 -2.662329588809161447e+06 -8.439926642995087896e+05 -2.615172328094985860e+05 2.413790358390040696e+06 -3.224246155651736073e+06 -6.725789428842992056e+05
-1.884177519749154570e+06 4.400386394525821088e+05 5.533779607917144895e+06 -1.061372188624248607e+06 -9.754957941775846994e+05 1.521091360899628373e+06 1.487732038458728697e+06 -6.030691163810173748e+05 6.556731987929240568e+05 3.308487196013803035e+07 1.104402997275262326e+07 4.704384605861340463e+07 3.850425581245136913e+06 -3.228633479180892929e+06 2.995161308930156752e+06 3.035516016574771143e+06 7.282565661011572229e+05 8.874461332836566726e+05
1.146628321998456260e+06 -6.213534473053336143e+06 1.255752900873944163e+06 3.130165408452261239e+06 1.590824347164430423e+06 -9.829992948359534785e+04 -2.289741776997236884e+05 -5.977264801467668731e+05 2.066946034620417049e+05 5.418895730276595568e+05 -2.662329588809161447e+06 3.850425581245136913e+06 2.404648452766513824e+07 7.016654720293967053e+06 2.246495441108727828e+06 -2.335233914530651527e+05 2.604313932448317762e+06 2.034247322333226213e+06
-1.026409059569160745e+05 -1.929991667521953350e+06 -9.473366292371888412e+05 8.535342313976184232e+05 8.200921092429582495e+05 -2.324581353459553502e+05 -5.509840946951383958e+05 -8.247311566055387084e+04 -7.420321994700210053e+04 -6.916791875581148081e+06 -8.439926642995086731e+05 -3.228633479180891998e+06 7.016654720293967053e+06 6.174014513340684585e+06 7.406886328608638141e+05 -3.696554475797776249e+05 5.037943265480015543e+05 4.372605188725966727e+05
4.632426634253642522e+06 8.987850502833143109e+05 1.908940030635647476e+06 1.367263575571800116e+06 6.656565250260438770e+05 5.560181259843789740e+05 -2.676754600518212537e+05 -1.642157116388466966e+05 2.364689583034743555e+05 8.803094246307325084e+05 -2.615172328094986151e+05 2.995161308930157218e+06 2.246495441108727828e+06 7.406886328608638141e+05 4.021905772370165680e+06 4.235036999727875227e+05 2.263679140809309320e+05 -1.489057321413874452e+05
7.449171534849825548e+05 -2.048998185621505254e+05 1.498891651269989670e+05 -3.532397440688362985e+04 -2.356690116816869413e+05 2.244332527463484803e+04 9.468138765562727349e+04 1.291209183418327884e+05 1.569682021564462048e+05 1.647114211799374083e+06 2.413790358390040696e+06 3.035516016574771143e+06 -2.335233914530651236e+05 -3.696554475797776249e+05 4.235036999727875227e+05 3.571234144553305116e+06 7.556419877740172669e+05 1.055681056867587467e+05
-4.709453135712556541e+05 -2.671624124175116885e+05 1.315719565963431029e+06 4.754557939963563695e+05 7.192480231780835893e+05 5.120516761535573460e+04 -4.728765766308485581e+03 3.076027265744450051e+04 -8.010395051277535094e+04 -4.661142720780071802e+06 -3.224246155651736073e+06 7.282565661011572229e+05 2.604313932448317762e+06 5.037943265480015543e+05 2.263679140809308738e+05 7.556419877740172669e+05 3.244405056064245291e+06 2.484633586960498942e+05
-1.188421438585486962e+06 -5.903120472473904956e+05 4.280447868249262101e+05 7.121204796562295769e+02 -1.816402056752177305e+05 2.402195322715491420e+04 5.913304885779081815e+04 2.033307182047384558e+05 1.441382346256926830e+05 -3.973428573760136962e+06 -6.725789428842993220e+05 8.874461332836566726e+05 2.034247322333226213e+06 4.372605188725967309e+05 -1.489057321413875034e+05 1.055681056867587758e+05 2.484633586960498942e+05 2.287915480868868064e+06
