# s_min=20
9.537522297987739742e+07 6.728167768380257301e+06 4.898575421216817573e+06 1.731078084306558594e+06 4.084488301883966778e+05 1.880367263948366977e+06 2.261850795451702084e+06 9.049262258349071490e+05 3.447173328210563050e+05 9.761309484956422821e+06 1.567340643314559944e+07 8.001851600996149704e+06 1.411122824421518855e+07 6.297612314958364703e+06 2.109911655253737234e+06 4.253566510288927704e+06 5.155409595934344456e+06 9.598101025050391036e+04
6.728167768380257301e+06 2.820269057707014680e+07 1.123742618483497202e+07 1.110924511378829367e+06 3.666965040502555203e+05 -4.602409685113686282e+04 8.398411810906413011e+05 7.642046039822021266e+05 -1.636330584479595127e+05 2.523314421210507303e+07 1.833595843339121342e+07 1.944934126684911549e+07 1.280023703102028370e+07 -2.298952226389039308e+06 4.822355139946889831e+05 4.169629660330116283e+06 2.912577065159273800e+06 2.130996579542785883e+06
4.898575421216818504e+06 1.123742618483497389e+07 2.007137316992065310e+07 2.993813393770540133e+06 1.435543236187687377e+06 -6.437738071466316469e+05 1.950728859401067893e+05 2.990727368316666107e+05 2.876520913336472004e+05 1.679941086952970549e+07 -1.303339864485185361e+06 1.971618225597862527e+07 6.678248642793377861e+06 -2.549117724232356530e+06 -2.058452059260014445e+06 5.467792743506117258e+05 2.213017077336558723e+05 1.467746607868361752e+06
1.731078084306558594e+06 1.110924511378829367e+06 2.993813393770540133e+06 4.830704632809958421e+06 1.110260027210858243e+05 -4.028114636232247576e+05 -4.976633013003743836e+05 5.398575531140092789e+04 -1.809803918149373203e+05 3.390284367474963889e+06 2.605227872355638538e+06 1.840918809312308440e+06 1.291411760706225410e+06 1.030663459218693897e+06 1.297973046098603169e+06 -3.327362561157564633e+05 -2.390765247288158280e+05 -8.009177353827349725e+04
4.084488301883966778e+05 3.666965040502555203e+05 1.435543236187687377e+06 1.110260027210858243e+05 3.561854124742686283e+06 2.389506509708680824e+04 2.492505687373505207e+05 1.024131873692498048e+05 1.161387958615889947e+05 -2.087619494853897952e+06 2.564263013429537416e+06 -8.645558718577747641e+03 7.150193010838777991e+05 1.932317920623013633e+05 6.220673879532179126e+04 -7.901387987052572425e+05 -5.821489201103644446e+05 5.491883780395310605e+05
1.880367263948367210e+06 -4.602409685113686282e+04 -6.437738071466317633e+05 -4.028114636232246994e+05 2.389506509708680824e+04 1.986331343428272987e+06 2.858618214942600462e+05 -1.414762538655162207e+05 2.214310579917305731e+05 2.807159771061389474e+05 -8.053639125020076754e+05 5.506602053777674446e+05 1.361323515961546684e+06 -4.574593233042306965e+05 8.760154440359234577e+05 3.747945024690818973e+05 -1.540263647264814936e+05 -3.854079347444021842e+05
2.261850795451702084e+06 8.398411810906414175e+05 1.950728859401067602e+05 -4.976633013003743836e+05 2.492505687373505207e+05 2.858618214942600462e+05 1.466735489932246739e+06 4.540952938540622563e+04 1.739659022670636186e+05 5.725889191513037076e+05 -1.346424789195819525e+06 5.633956018226763699e+05 4.613918856724688085e+05 5.357325283098372165e+05 -4.166410432474029949e+05 -6.058540406618367415e+05 -4.411066191371259629e+05 -2.463925534190896142e+05
9.049262258349071490e+05 7.642046039822021266e+05 2.990727368316666107e+05 5.398575531140093517e+04 1.024131873692498339e+05 -1.414762538655162207e+05 4.540952938540622563e+04 9.930152649137028493e+05 3.342936674590667735e+03 9.232799194874016102e+05 6.768700561826677294e+05 -2.075497062800026324e+05 2.256494656642784248e+05 -2.848880428950844216e+05 -2.165467123369811161e+05 -1.429694879821921350e+05 1.352044448076072149e+05 1.271521267832388548e+05
3.447173328210563050e+05 -1.636330584479595127e+05 2.876520913336471422e+05 -1.809803918149373203e+05 1.161387958615889802e+05 2.214310579917305731e+05 1.739659022670636186e+05 3.342936674590673647e+03 8.734270211551421089e+05 -4.801768325395312277e+05 -5.548869904910487821e+05 -4.328019436038737185e+05 -1.084446956449524878e+05 -2.249346649978586647e+05 -2.045890427659212728e+05 -5.307489686648218594e+02 4.729846899844665842e+01 -7.394705851155628625e+04
9.761309484956422821e+06 2.523314421210506558e+07 1.679941086952970177e+07 3.390284367474963889e+06 -2.087619494853897719e+06 2.807159771061389474e+05 5.725889191513037076e+05 9.232799194874016102e+05 -4.801768325395312277e+05 2.480888494572065175e+08 5.648941931124161929e+06 2.241651696241236478e+07 1.739570293956455775e+06 -7.788800638289975934e+06 -1.801406913655798649e+06 3.847367758779442869e+06 2.390450685392958112e+06 1.951135523157598916e+06
1.567340643314559944e+07 1.833595843339121342e+07 -1.303339864485185361e+06 2.605227872355639003e+06 2.564263013429537416e+06 -8.053639125020079082e+05 -1.346424789195819525e+06 6.768700561826677294e+05 -5.548869904910487821e+05 5.648941931124162860e+06 1.481608670903717577e+08 1.061342026839330047e+07 1.301178898452139087e+07 2.435107123723600991e+06 3.152449034600513056e+06 1.594879179646794219e+06 6.124617313890713267e+06 1.506764374782573432e+06
8.001851600996148773e+06 1.944934126684911549e+07 1.971618225597862527e+07 1.840918809312308440e+06 -8.645558718577758555e+03 5.506602053777675610e+05 5.633956018226764863e+05 -2.075497062800025742e+05 -4.328019436038737185e+05 2.241651696241236478e+07 1.061342026839330047e+07 4.351591510971603543e+07 1.340156429266108572e+07 -4.846390283250268549e+06 -1.758552650159655605e+05 2.300473416956978384e+06 1.509189203567381017e+06 9.317727275626176270e+05
1.411122824421518855e+07 1.280023703102028370e+07 6.678248642793375999e+06 1.291411760706225643e+06 7.150193010838777991e+05 1.361323515961546684e+06 4.613918856724688085e+05 2.256494656642784830e+05 -1.084446956449524878e+05 1.739570293956456007e+06 1.301178898452139087e+07 1.340156429266108572e+07 2.010059554137039185e+07 1.522044603894622531e+06 1.927307061870761216e+06 2.403799681683445349e+06 8.504503067858564900e+05 -5.128657386585455388e+05
6.297612314958366565e+06 -2.298952226389040239e+06 -2.549117724232356530e+06 1.030663459218693897e+06 1.932317920623013051e+05 -4.574593233042306965e+05 5.357325283098373329e+05 -2.848880428950845380e+05 -2.249346649978586647e+05 -7.788800638289976865e+06 2.435107123723600991e+06 -4.846390283250268549e+06 1.522044603894622531e+06 1.181931558610041626e+07 8.918673407560113119e+05 1.300273670431427745e+05 -1.105535031735885568e+05 7.160588653436817694e+05
2.109911655253737234e+06 4.822355139946888667e+05 -2.058452059260014445e+06 1.297973046098603169e+06 6.220673879532180581e+04 8.760154440359234577e+05 -4.166410432474028203e+05 -2.165467123369811161e+05 -2.045890427659212146e+05 -1.801406913655798649e+06 3.152449034600513056e+06 -1.758552650159655313e+05 1.927307061870761449e+06 8.918673407560113119e+05 6.838712057717009448e+06 2.343495253127604257e+06 -1.379448168111159757e+05 1.200086913659414044e+06
4.253566510288928635e+06 4.169629660330116283e+06 5.467792743506118422e+05 -3.327362561157564633e+05 -7.901387987052574754e+05 3.747945024690818973e+05 -6.058540406618367415e+05 -1.429694879821921641e+05 -5.307489686648335692e+02 3.847367758779442869e+06 1.594879179646794451e+06 2.300473416956978384e+06 2.403799681683445349e+06 1.300273670431427017e+05 2.343495253127604257e+06 5.018801781551929191e+06 1.312799144100372447e+06 8.298121005896901479e+05
5.155409595934344456e+06 2.912577065159273800e+06 2.213017077336558723e+05 -2.390765247288158862e+05 -5.821489201103644446e+05 -1.540263647264815227e+05 -4.411066191371259629e+05 1.352044448076072149e+05 4.729846899844207542e+01 2.390450685392957646e+06 6.124617313890713267e+06 1.509189203567381017e+06 8.504503067858564900e+05 -1.105535031735885859e+05 -1.379448168111159466e+05 1.312799144100372447e+06 2.590296374527736567e+06 1.055301516284029465e+06
9.598101025050388125e+04 2.130996579542785883e+06 1.467746607868361752e+06 -8.009177353827351180e+04 5.491883780395310605e+05 -3.854079347444021842e+05 -2.463925534190896433e+05 1.271521267832388548e+05 -7.394705851155630080e+04 1.951135523157598916e+06 1.506764374782573432e+06 9.317727275626177434e+05 -5.128657386585455388e+05 7.160588653436818859e+05 1.200086913659414044e+06 8.298121005896901479e+05 1.055301516284029465e+06 3.551775945488268044e+06
