# s_min=18
8.638452635986284912e+07 1.745481184268771112e+07 -5.442038266085190699e+06 -8.284732094633772969e+06 -6.452280136819045292e+05 1.669049311990143498e+06 -2.814594572985124541e+05 -1.735096400295797503e+06 -1.275258876516097225e+05 3.603166397161623836e+07 8.945917682826647535e+06 -4.472805863795512356e+06 -5.263586815756572410e+06 4.378778205915899598e+05 -6.923831127702686936e+06 -8.622994246907075867e+06 -1.340974857580209151e+06 -1.077311988844106905e+06
1.745481184268771112e+07 1.772769516518547013e+07 3.913607924709125655e+05 1.391815516247598280e+05 -1.140543770545621170e+06 -5.649428831250559306e+05 -1.006925362111849827e+06 -5.813429242289011017e+04 -2.041865162311308959e+05 2.519255892931167781e+07 2.218031534841542691e+07 1.393157543066975195e+06 -1.034097216917270911e+06 -8.327825415238876594e+05 -2.616066384270631708e+06 -1.378342034046070417e+06 -1.194813933878559852e+06 -9.442995665021443274e+05
-5.442038266085190699e+06 3.913607924709125655e+05 8.016435133608677424e+06 2.911301427195818629e+06 -1.598195082675208396e+05 -4.958825116838612012e+05 -2.869138197832865408e+05 9.716093349204513943e+05 -5.170681565265756217e+04 1.101726543416052498e+07 5.716049128050300293e+06 6.453992602875879034e+06 2.522471699008148629e+06 3.708330523806199199e+05 7.136744259684698191e+05 3.227460697851389181e+06 -2.684782017798511661e+05 8.500725174216004089e+05
-8.284732094633773901e+06 1.391815516247598571e+05 2.911301427195819560e+06 5.059596012782531790e+06 4.704511333868998336e+05 5.441688292948884191e+05 3.275897248189948150e+05 3.460592470311649377e+05 3.083038049273606739e+05 3.819583023276910186e+06 -5.879517838857505703e+05 8.677848830324625596e+05 -3.717848787523464998e+05 -3.750894467211434967e+05 1.076662990646453109e+06 1.312813403325260850e+06 -8.457141040886556730e+05 -4.093748004622015869e+05
-6.452280136819045292e+05 -1.140543770545621170e+06 -1.598195082675208687e+05 4.704511333868998336e+05 3.062539007154924795e+06 2.843299013385780272e+05 2.051199705386369606e+05 -1.011743193036220182e+05 1.065023944555671915e+05 -4.656899982543366030e+06 -2.064505021860120818e+06 4.941625901065671933e+05 7.939324470138960751e+05 1.590687168565588072e+06 4.788227968014175422e+05 -2.944608819594542001e+04 -3.663480235247231121e+03 6.826634762868407415e+04
1.669049311990143731e+06 -5.649428831250560470e+05 -4.958825116838612012e+05 5.441688292948884191e+05 2.843299013385780272e+05 2.019214485611524200e+06 2.110864085752414248e+05 -1.643275469720893889e+05 1.666064135828709695e+05 -2.044120608849871205e+05 -4.287733083171305247e+06 -7.705360162354627391e+05 -7.612133831271248637e+05 5.011253823792205076e+05 7.123280419314884348e+05 -5.348600777372109005e+05 3.851635639965596492e+05 -3.228432820124094142e+05
-2.814594572985123959e+05 -1.006925362111849827e+06 -2.869138197832865990e+05 3.275897248189948150e+05 2.051199705386369606e+05 2.110864085752413666e+05 1.350746107727588853e+06 1.821945273163524689e+05 3.262146147546810244e+04 -4.409976079682082869e+06 -2.163416689277065918e+06 -1.225296862989401445e+06 -6.104685384349402739e+04 -3.704740253520926926e+05 1.024300152851305174e+05 1.547658306811964430e+05 1.222350514003941062e+05 -3.900383421436672506e+03
-1.735096400295797503e+06 -5.813429242289011745e+04 9.716093349204513943e+05 3.460592470311649377e+05 -1.011743193036220182e+05 -1.643275469720893598e+05 1.821945273163524689e+05 1.036316000993750407e+06 2.837312900137185934e+05 -2.291600376595690381e+06 2.149753230224517465e+05 5.903440426033454714e+05 6.770306334721128223e+05 1.480692379129145993e+05 4.523204923367605079e+05 5.676679109104246600e+05 2.010595072515803622e+05 4.697829557766203834e+03
-1.275258876516097225e+05 -2.041865162311309250e+05 -5.170681565265756944e+04 3.083038049273606739e+05 1.065023944555671915e+05 1.666064135828709404e+05 3.262146147546810607e+04 2.837312900137186516e+05 4.181074460685150698e+05 -1.322718192578568123e+06 -1.176966225347775035e+06 -1.490377708484827890e+05 2.168925867747571319e+05 5.484140271891339944e+04 1.620958690613287326e+05 4.599255138522507332e+04 -6.044309533917676163e+04 9.425668424089859764e+04
3.603166397161624581e+07 2.519255892931167781e+07 1.101726543416052498e+07 3.819583023276910186e+06 -4.656899982543366030e+06 -2.044120608849870914e+05 -4.409976079682082869e+06 -2.291600376595690381e+06 -1.322718192578568123e+06 3.334011348407155871e+08 -4.064329063628875650e+06 1.093017550865454040e+07 -2.023653210926617682e+07 -5.627161773201660253e+06 -5.274457677857201546e+06 2.103749476571450941e+06 -7.554343218369636452e+05 3.525484149758639251e+04
8.945917682826647535e+06 2.218031534841542691e+07 5.716049128050302155e+06 -5.879517838857505703e+05 -2.064505021860120585e+06 -4.287733083171306178e+06 -2.163416689277065918e+06 2.149753230224517174e+05 -1.176966225347775035e+06 -4.064329063628875650e+06 1.253329378506359607e+08 7.691472573061218485e+06 8.922699564746733522e+05 -5.070628824661016464e+06 -6.368763354671102948e+06 -3.056844413922018721e+05 -6.636232509899506113e+05 -3.612735680794744403e+05
-4.472805863795512356e+06 1.393157543066975195e+06 6.453992602875879034e+06 8.677848830324625596e+05 4.941625901065672515e+05 -7.705360162354628555e+05 -1.225296862989401678e+06 5.903440426033455878e+05 -1.490377708484827890e+05 1.093017550865454040e+07 7.691472573061220348e+06 2.231868863299367949e+07 4.278237359096928500e+06 1.321647116184858140e+06 1.378818797400987940e+06 1.321838077592277201e+06 -1.179435400475030299e+06 -1.736815737778261246e+05
-5.263586815756572410e+06 -1.034097216917270678e+06 2.522471699008148629e+06 -3.717848787523464416e+05 7.939324470138960751e+05 -7.612133831271248637e+05 -6.104685384349404922e+04 6.770306334721127059e+05 2.168925867747571610e+05 -2.023653210926616937e+07 8.922699564746731194e+05 4.278237359096928500e+06 1.131947519937423244e+07 2.137217146944530308e+06 1.642208852829936892e+06 -4.321750364782461547e+05 -7.954557517409994034e+04 9.262121043329439126e+05
4.378778205915899598e+05 -8.327825415238877758e+05 3.708330523806200363e+05 -3.750894467211434385e+05 1.590687168565588072e+06 5.011253823792204494e+05 -3.704740253520926926e+05 1.480692379129145993e+05 5.484140271891341399e+04 -5.627161773201660253e+06 -5.070628824661016464e+06 1.321647116184858140e+06 2.137217146944530308e+06 7.897727465173585340e+06 3.075377570970160305e+05 1.080937704437703826e+06 9.893534599724168656e+05 1.041572134263957123e+05
-6.923831127702687867e+06 -2.616066384270630777e+06 7.136744259684695862e+05 1.076662990646453109e+06 4.788227968014174839e+05 7.123280419314885512e+05 1.024300152851305320e+05 4.523204923367604497e+05 1.620958690613287326e+05 -5.274457677857201546e+06 -6.368763354671102948e+06 1.378818797400987707e+06 1.642208852829936892e+06 3.075377570970160305e+05 6.366167032357734628e+06 6.544658029915022198e+05 7.125155478701193351e+05 1.024928404006459168e+06
-8.622994246907075867e+06 -1.378342034046070417e+06 3.227460697851388715e+06 1.312813403325261083e+06 -2.944608819594546367e+04 -5.348600777372109005e+05 1.547658306811964430e+05 5.676679109104246600e+05 4.599255138522502966e+04 2.103749476571450941e+06 -3.056844413922019303e+05 1.321838077592277201e+06 -4.321750364782461547e+05 1.080937704437703826e+06 6.544658029915019870e+05 4.782373488868095912e+06 1.155943482690601377e+06 1.016716146640996332e+06
-1.340974857580209151e+06 -1.194813933878559852e+06 -2.684782017798512243e+05 -8.457141040886556730e+05 -3.663480235247221572e+03 3.851635639965595328e+05 1.222350514003941207e+05 2.010595072515804495e+05 -6.044309533917676890e+04 -7.554343218369637616e+05 -6.636232509899506113e+05 -1.179435400475030299e+06 -7.954557517409991124e+04 9.893534599724168656e+05 7.125155478701193351e+05 1.155943482690601377e+06 2.731405672909545247e+06 5.604080283886620309e+05
-1.077311988844106905e+06 -9.442995665021444438e+05 8.500725174216004089e+05 -4.093748004622015869e+05 6.826634762868405960e+04 -3.228432820124094142e+05 -3.900383421436668414e+03 4.697829557766201106e+03 9.425668424089861219e+04 3.525484149758647982e+04 -3.612735680794745567e+05 -1.736815737778261246e+05 9.262121043329439126e+05 1.041572134263957269e+05 1.024928404006459168e+06 1.016716146640996332e+06 5.604080283886621473e+05 2.051756283461100189e+06
