# s_min=18
6.908497051969456673e+07 1.890399791369929537e+07 -3.347360215493376832e+06 -3.505966398643954657e+06 2.409599878238352831e+05 -9.365182320320795989e+05 4.174306360731711175e+04 2.225310967412858445e+05 1.180247770402138121e+05 -5.840135108397951117e+05 1.174209503782834671e+07 -1.258822868150973134e+07 -3.292720957555226516e+06 1.093329253989031073e+06 -2.066450963396955281e+06 -1.045183212425626232e+06 1.287452807283394737e+06 5.900307738980961731e+05
1.890399791369929537e+07 2.129369688991623744e+07 3.096965881504062098e+06 -2.956739063675104626e+04 -1.580851770931348437e+06 6.542372641931427643e+05 7.369802848558074329e+05 3.022961010448972811e+05 -7.066579679478831531e+04 -6.728384095587136690e+05 1.012617828326665424e+07 6.313077729117543437e+06 -2.336733764831220731e+06 1.696369773018337728e+05 -3.278031149963827804e+06 -6.452745573488100199e+05 -1.950967676917651901e+06 -2.322914546938225685e+05
-3.347360215493376832e+06 3.096965881504062098e+06 1.264757390953628533e+07 1.752110530963984085e+06 9.550192294021709822e+05 7.571633794888417469e+05 6.343484640992502682e+05 5.675326823759969557e+05 9.304717919422066188e+04 1.681197703542359639e+06 5.816875569282252342e+06 1.482587556897572801e+07 9.388972586219070945e+05 3.588337986603435595e+06 1.401387912800476261e+04 -3.500850178367950721e+05 3.596557333456732449e+05 1.434409496407988481e+05
-3.505966398643954657e+06 -2.956739063675104262e+04 1.752110530963983852e+06 6.735866472850902006e+06 2.159090908759445418e+06 1.012107718043802306e+06 2.421975375806959637e+05 7.512480505480314605e+05 2.405140830426568573e+04 3.889430260564422701e+06 3.150476151169058285e+05 5.902622809636051767e+06 1.714359159414078109e+06 6.447394501886230428e+05 9.880057464182785479e+05 4.457086892798033659e+04 6.040862084405889036e+05 3.187103374568074942e+05
2.409599878238352831e+05 -1.580851770931348670e+06 9.550192294021709822e+05 2.159090908759445418e+06 2.943611681216474157e+06 6.400178226505033672e+05 1.246413167776699265e+05 3.424657287197593832e+05 3.141471469195419922e+04 1.803499885376969120e+06 9.949108766649024328e+05 1.876055063550788444e+06 5.969611323566229548e+05 1.549014598499611020e+06 1.090287076306529343e+06 1.274349189035394229e+05 9.347783735656258650e+05 2.174897199660088227e+05
-9.365182320320797153e+05 6.542372641931427643e+05 7.571633794888417469e+05 1.012107718043802073e+06 6.400178226505033672e+05 2.239506584890242666e+06 -7.462595446552492831e+03 3.456500529064049479e+05 1.854294243420861894e+05 1.197128478718356462e+06 3.780896433592478745e+06 -2.138209942623893439e+05 5.702480820798928471e+04 6.397952064390808664e+04 9.928824470617698971e+05 1.815555184227057180e+04 9.734181775507739803e+04 -4.938171058871269634e+04
4.174306360731711902e+04 7.369802848558073165e+05 6.343484640992502682e+05 2.421975375806959637e+05 1.246413167776699265e+05 -7.462595446552493740e+03 1.427039691630599555e+06 2.585217818620312610e+05 2.691261983643245767e+05 -8.436098476486242143e+05 -4.328722516596749192e+05 4.643626939347159350e+05 -3.714182501858361647e+05 7.374851011058392942e+03 -1.689216973256573328e+04 -5.864563447513372921e+03 -1.417605255803846230e+05 9.389585040598639171e+04
2.225310967412858154e+05 3.022961010448972811e+05 5.675326823759969557e+05 7.512480505480314605e+05 3.424657287197593832e+05 3.456500529064049479e+05 2.585217818620312319e+05 1.555299122217331780e+06 1.452229638260369829e+05 1.077335488967406331e+06 2.002719377120073885e+06 -4.218716746957506402e+05 -5.386261463804872474e+05 1.426169446696114901e+05 7.310763291550353169e+05 -2.990278915611056145e+05 1.313274544337201514e+05 1.582575876923892938e+05
1.180247770402137976e+05 -7.066579679478832986e+04 9.304717919422069099e+04 2.405140830426569664e+04 3.141471469195419922e+04 1.854294243420862185e+05 2.691261983643245767e+05 1.452229638260369829e+05 9.189939133465903578e+05 -5.776025711531547131e+05 1.773529361655043438e+06 -8.539981210134869907e+05 5.690366836031644198e+04 2.781489705017433516e+04 3.504691109579090262e+05 -1.678499554416757310e+05 -2.656264780149139915e+04 7.732978446920850547e+04
-5.840135108397954609e+05 -6.728384095587135525e+05 1.681197703542359872e+06 3.889430260564422701e+06 1.803499885376969585e+06 1.197128478718356462e+06 -8.436098476486242143e+05 1.077335488967406331e+06 -5.776025711531547131e+05 1.663009210691034496e+08 2.364229336930401996e+07 3.490353215758786537e+06 -3.110270115267027635e+06 -3.107978079761032946e+06 3.989014772394756321e+06 -1.432382973859377904e+06 -2.822577816190433223e+06 9.040081073029869003e+04
1.174209503782834671e+07 1.012617828326665424e+07 5.816875569282252342e+06 3.150476151169058285e+05 9.949108766649025492e+05 3.780896433592478745e+06 -4.328722516596749192e+05 2.002719377120073885e+06 1.773529361655043438e+06 2.364229336930401996e+07 1.009850516421061754e+08 3.250373387693372206e+05 5.669268805525663309e+06 8.951075894140301272e+06 7.467489661751671694e+06 -1.442410571652682731e+06 5.398228137670975411e+05 -1.390575548996973550e+06
-1.258822868150973134e+07 6.313077729117543437e+06 1.482587556897572801e+07 5.902622809636052698e+06 1.876055063550788444e+06 -2.138209942623893730e+05 4.643626939347159350e+05 -4.218716746957506984e+05 -8.539981210134869907e+05 3.490353215758786537e+06 3.250373387693363475e+05 4.837008742390277982e+07 2.079118430988312233e+06 4.888896478640791029e+06 -6.785632910829856992e+06 2.166376101825080987e+05 -3.011310583107244747e+04 1.173988654410609743e+06
-3.292720957555225119e+06 -2.336733764831220731e+06 9.388972586219072109e+05 1.714359159414078575e+06 5.969611323566230712e+05 5.702480820798928471e+04 -3.714182501858361647e+05 -5.386261463804872474e+05 5.690366836031644198e+04 -3.110270115267027635e+06 5.669268805525663309e+06 2.079118430988312233e+06 1.149794570959581248e+07 2.221875640368479304e+06 -1.482684212518777640e+05 -8.999804560454577440e+05 6.329226315963318339e+05 8.840937400217246031e+05
1.093329253989031538e+06 1.696369773018337146e+05 3.588337986603436060e+06 6.447394501886230428e+05 1.549014598499610787e+06 6.397952064390812302e+04 7.374851011058401127e+03 1.426169446696114901e+05 2.781489705017432789e+04 -3.107978079761032946e+06 8.951075894140301272e+06 4.888896478640791960e+06 2.221875640368479304e+06 1.170302970821309648e+07 9.956180388274174184e+05 -2.326624597089281888e+05 6.174292558391781058e+05 9.131791110342362663e+05
-2.066450963396955281e+06 -3.278031149963828269e+06 1.401387912800469530e+04 9.880057464182784315e+05 1.090287076306529343e+06 9.928824470617698971e+05 -1.689216973256573692e+04 7.310763291550353169e+05 3.504691109579090844e+05 3.989014772394756321e+06 7.467489661751671694e+06 -6.785632910829856992e+06 -1.482684212518777931e+05 9.956180388274174184e+05 5.854150057760517113e+06 3.260248406749659916e+05 5.958764716062053340e+05 -4.480190677351078484e+05
-1.045183212425626116e+06 -6.452745573488100199e+05 -3.500850178367950721e+05 4.457086892798038753e+04 1.274349189035393501e+05 1.815555184227057180e+04 -5.864563447513372012e+03 -2.990278915611056145e+05 -1.678499554416758183e+05 -1.432382973859378137e+06 -1.442410571652682731e+06 2.166376101825081860e+05 -8.999804560454577440e+05 -2.326624597089281888e+05 3.260248406749659916e+05 3.410585840039851610e+06 -7.174228385792895278e+04 2.161295434757491967e+04
1.287452807283394737e+06 -1.950967676917651901e+06 3.596557333456731867e+05 6.040862084405889036e+05 9.347783735656258650e+05 9.734181775507742714e+04 -1.417605255803846230e+05 1.313274544337201514e+05 -2.656264780149138096e+04 -2.822577816190432757e+06 5.398228137670975411e+05 -3.011310583107244383e+04 6.329226315963319503e+05 6.174292558391781058e+05 5.958764716062054504e+05 -7.174228385792896734e+04 2.959344141515058000e+06 1.037995452663134784e+05
5.900307738980961731e+05 -2.322914546938225976e+05 1.434409496407988481e+05 3.187103374568074942e+05 2.174897199660088518e+05 -4.938171058871266723e+04 9.389585040598639171e+04 1.582575876923893520e+05 7.732978446920852002e+04 9.040081073029869003e+04 -1.390575548996973317e+06 1.173988654410609743e+06 8.840937400217246031e+05 9.131791110342362663e+05 -4.480190677351078484e+05 2.161295434757492694e+04 1.037995452663134929e+05 1.912682882556375815e+06
