# s_min=18
6.016591730335757136e+07 1.628761695766084082e+07 3.324653383634277619e+06 6.341188923361135647e+06 -9.334901317441054562e+04 -1.598007765054598451e+06 9.425137165643125772e+05 1.371433034871072974e+06 5.782295305857566564e+04 4.597072175399865210e+07 1.047647961452426575e+07 -3.902045579683814663e+06 7.981366484086066484e+06 -3.965231861404794268e+06 -1.131231676485345233e+06 -1.825922122778801946e+06 -1.718115947129937587e+06 2.081294244856261648e+06
1.628761695766084082e+07 3.727738279621722549e+07 4.422447471854825504e+06 3.890130377236670465e+05 -1.333816021162941819e+06 -9.699622220969070913e+05 7.599537310328318563e+04 1.026241313443765277e+06 3.978630047466525575e+05 4.985898191509902477e+06 -3.918237774561978877e+06 -3.632278845631470438e+06 6.014883958808109164e+06 -1.062961562403885648e+06 -1.344679657429207582e+06 6.727369602462511975e+05 1.009186308789088391e+06 1.281151268986455863e+06
3.324653383634277619e+06 4.422447471854825504e+06 6.618767811162991449e+06 1.685103894118895696e+05 -2.613611933151634730e+04 1.875347903960382100e+05 1.759361480598323396e+04 7.705365659911986440e+05 2.873481643380482637e+04 -4.872608070414929651e+06 2.436979707245048601e+06 3.768423743436463643e+06 -1.631404266184629872e+06 1.661782064500483917e+06 -9.287006190429447452e+04 1.592207055819400353e+06 -6.788217638661383717e+03 2.909916150546023273e+05
6.341188923361135647e+06 3.890130377236666391e+05 1.685103894118896278e+05 8.691103229221094400e+06 9.288354172021360137e+05 4.682443290863346192e+05 3.775895481698153308e+05 1.176285986652385036e+05 3.518484774853284762e+04 1.720276391368930053e+05 4.553507185911959969e+06 1.557148128521670122e+06 3.648367354153272696e+06 -9.053471986601593671e+05 -2.080269357656232605e+05 5.739972258157817414e+05 -3.775922570387064479e+04 8.660413967959653819e+05
-9.334901317441054562e+04 -1.333816021162941819e+06 -2.613611933151636185e+04 9.288354172021360137e+05 2.344180865453395993e+06 5.657045398824183503e+05 1.909661592361521616e+05 3.830427302685771137e+05 -1.944203136125579476e+05 -3.939157589384398307e+05 -2.124302566934859351e+04 2.111565711394412909e+06 -1.780782533818338998e+05 2.107189606876577891e+05 7.799505201746817329e+04 1.150153002507908677e+05 2.829010617446224787e+05 1.817424084741144907e+05
-1.598007765054598451e+06 -9.699622220969070913e+05 1.875347903960382100e+05 4.682443290863346192e+05 5.657045398824184667e+05 1.870745040233291220e+06 2.094280697577331448e+05 -1.717903314005869324e+05 -6.210090436717590637e+04 -2.441108292300303467e+06 1.630104781883632822e+05 1.136007488041047007e+06 -5.685673400930790231e+05 -7.445760725155111868e+05 -2.327522948507487599e+05 8.756061565171746770e+05 -3.663259390923306346e+05 3.222500013736789697e+05
9.425137165643124608e+05 7.599537310328317108e+04 1.759361480598323033e+04 3.775895481698153890e+05 1.909661592361521616e+05 2.094280697577331448e+05 1.497547698094336782e+06 7.533543354830170574e+04 1.954027042531685220e+04 1.813268547299266327e+06 -2.061287883040873334e+06 -3.466928555955596385e+05 7.666845807901684020e+04 -5.299802304496616125e+05 -4.743280031390775694e+05 -3.094350326862955262e+04 3.245805842739934087e+04 2.850310651794637670e+05
1.371433034871072974e+06 1.026241313443765277e+06 7.705365659911986440e+05 1.176285986652385473e+05 3.830427302685770555e+05 -1.717903314005869615e+05 7.533543354830170574e+04 9.227651640161336400e+05 2.691825481424850659e+04 2.820743078775961185e+05 -5.958704621793123661e+05 -8.421291805806076154e+05 2.281738381424820691e+05 4.045084550675902283e+05 -9.251276043508795556e+04 -2.719370808045302329e+04 1.298614795380581636e+05 3.990376068300096667e+05
5.782295305857564381e+04 3.978630047466525575e+05 2.873481643380482637e+04 3.518484774853285489e+04 -1.944203136125579476e+05 -6.210090436717592092e+04 1.954027042531684856e+04 2.691825481424849204e+04 7.398344583757588407e+05 -6.190389017385151237e+05 -2.517928592111778853e+05 1.336097118350082892e+05 -3.076748461483198480e+04 -1.200925010693290824e+05 -3.458766142371351016e+05 2.168035775986345834e+05 2.653454416239361162e+05 2.425496314627664397e+05
4.597072175399865210e+07 4.985898191509901546e+06 -4.872608070414929651e+06 1.720276391368930344e+05 -3.939157589384397725e+05 -2.441108292300303467e+06 1.813268547299266560e+06 2.820743078775961185e+05 -6.190389017385151237e+05 2.380454276250498295e+08 2.277628302835135907e+07 -1.670306230641651666e+06 7.593438914697633125e+06 -1.488587043988855742e+07 -9.573572296775465365e+05 -2.374643461090798955e+06 -2.271855677068528719e+06 -1.700976078443022445e+06
1.047647961452426575e+07 -3.918237774561978877e+06 2.436979707245048601e+06 4.553507185911959969e+06 -2.124302566934857896e+04 1.630104781883633405e+05 -2.061287883040873334e+06 -5.958704621793122496e+05 -2.517928592111778853e+05 2.277628302835135907e+07 6.102986614401386678e+07 9.237465815519336611e+06 -1.769272620085681789e+06 -3.786397019986128900e+06 -9.313487911061171908e+05 1.740281451940022875e+06 4.858500002719998010e+05 -1.947231249082252383e+06
-3.902045579683815129e+06 -3.632278845631469972e+06 3.768423743436463643e+06 1.557148128521669889e+06 2.111565711394412443e+06 1.136007488041046774e+06 -3.466928555955596385e+05 -8.421291805806077318e+05 1.336097118350082892e+05 -1.670306230641651899e+06 9.237465815519336611e+06 3.212012955804267153e+07 -5.639573730468978174e+05 1.723915220600894885e+06 3.026655576626677066e+05 4.863358515444862656e+06 1.238232831526119728e+06 7.366477594900920521e+05
7.981366484086066484e+06 6.014883958808109164e+06 -1.631404266184630338e+06 3.648367354153272230e+06 -1.780782533818338998e+05 -5.685673400930790231e+05 7.666845807901684020e+04 2.281738381424820691e+05 -3.076748461483195206e+04 7.593438914697632194e+06 -1.769272620085682021e+06 -5.639573730468979338e+05 2.394559721583896503e+07 -5.553127977580220439e+06 -1.978156890618661651e+06 9.626270755835225573e+05 -2.903593617766338866e+05 5.349157181676520268e+05
-3.965231861404793803e+06 -1.062961562403885648e+06 1.661782064500483917e+06 -9.053471986601593671e+05 2.107189606876577309e+05 -7.445760725155111868e+05 -5.299802304496616125e+05 4.045084550675902865e+05 -1.200925010693290824e+05 -1.488587043988855742e+07 -3.786397019986127969e+06 1.723915220600895118e+06 -5.553127977580220439e+06 9.255003665832037106e+06 -4.850777229237974097e+04 -1.087774949278804008e+06 -7.309160346884800820e+05 -4.566494616822256357e+05
-1.131231676485345466e+06 -1.344679657429207582e+06 -9.287006190429443086e+04 -2.080269357656232605e+05 7.799505201746817329e+04 -2.327522948507487599e+05 -4.743280031390776276e+05 -9.251276043508797011e+04 -3.458766142371351598e+05 -9.573572296775463037e+05 -9.313487911061171908e+05 3.026655576626677066e+05 -1.978156890618661651e+06 -4.850777229237976280e+04 4.056345237104899716e+06 3.567015927434213227e+05 1.886601483363319130e+05 2.947863158762641833e+05
-1.825922122778801946e+06 6.727369602462511975e+05 1.592207055819400353e+06 5.739972258157816250e+05 1.150153002507908823e+05 8.756061565171746770e+05 -3.094350326862957445e+04 -2.719370808045301965e+04 2.168035775986345834e+05 -2.374643461090798955e+06 1.740281451940022875e+06 4.863358515444862656e+06 9.626270755835225573e+05 -1.087774949278803775e+06 3.567015927434213227e+05 5.847888849405724555e+06 7.083515194653456565e+05 1.843457255106543307e+05
-1.718115947129937820e+06 1.009186308789088391e+06 -6.788217638661387355e+03 -3.775922570387063752e+04 2.829010617446224787e+05 -3.663259390923305764e+05 3.245805842739933723e+04 1.298614795380581636e+05 2.653454416239360580e+05 -2.271855677068528719e+06 4.858500002719998010e+05 1.238232831526119960e+06 -2.903593617766338866e+05 -7.309160346884800820e+05 1.886601483363319130e+05 7.083515194653456565e+05 3.746616447670434136e+06 2.871076768212938332e+05
2.081294244856261648e+06 1.281151268986455863e+06 2.909916150546023273e+05 8.660413967959654983e+05 1.817424084741144907e+05 3.222500013736789697e+05 2.850310651794637670e+05 3.990376068300096085e+05 2.425496314627664397e+05 -1.700976078443022212e+06 -1.947231249082252383e+06 7.366477594900920521e+05 5.349157181676520268e+05 -4.566494616822255775e+05 2.947863158762641833e+05 1.843457255106543307e+05 2.871076768212938332e+05 2.282580787831877358e+06
