# s_min=17
9.263217585431712866e+07 5.696503144825084135e+06 3.019948445866589900e+06 1.072708975895186188e+06 -3.436038547316549812e+05 1.767596840799932368e+06 1.453711182261262089e+06 1.063582322960214806e+05 -1.133470068020886392e+05 3.122528416014140099e+07 -4.656855904315766878e+06 -3.475957323876250302e+05 4.868906043498855084e+06 -3.924271732045854442e+06 -3.157415767909829505e+06 8.285144784228842473e+05 1.246899317219732562e+06 -9.934572760902182199e+05
5.696503144825084135e+06 2.516095232771582901e+07 5.428555434244215488e+06 4.897033159951359965e+06 1.099765704831789713e+06 1.613410985058562830e+06 -5.738492285806518048e+05 -5.239624148583686328e+05 1.049574324984175764e+05 -8.183312254870858975e+06 2.556725942255238071e+07 2.001408124629018828e+07 6.176926220160065219e+06 -7.933413805801658891e+05 -4.919634550473025069e+06 -1.955240209706335561e+06 -2.516328927456986858e+05 6.202110622129226103e+05
3.019948445866589900e+06 5.428555434244215488e+06 9.476356384850934148e+06 3.377427843109649140e+06 9.795511621877293801e+05 1.633591857426627830e+05 -2.331381978456566867e+05 1.314592248986012419e+05 -1.927541634551655734e+05 -4.375670721220559441e+06 9.529717827207863331e+06 5.195619478453146294e+06 2.353225690542901400e+06 -1.813724767603996210e+06 -1.796758248279823922e+06 -1.170529416456084000e+06 -2.837752426003378932e+05 2.819490691788732656e+05
1.072708975895186421e+06 4.897033159951359034e+06 3.377427843109649606e+06 5.250663647465452552e+06 5.937509651572008152e+05 5.259077024321692297e+05 -1.311858656696369289e+05 1.533208724394513993e+05 1.958996819954481907e+05 -2.852443484544601757e+06 6.675756231886046007e+06 5.691180833228387870e+06 3.067704707093973644e+06 8.512117055304627866e+05 -1.845109462213263847e+06 -9.892155578032205813e+04 -6.368154042470840504e+05 5.051268135966919363e+05
-3.436038547316549812e+05 1.099765704831789713e+06 9.795511621877293801e+05 5.937509651572008152e+05 2.583311746230167337e+06 3.396011247310439358e+05 -1.804994624520352518e+05 6.923373611325728416e+04 6.029109177252610971e+04 2.012522415791291744e+06 -1.228904204339807387e+06 4.440831391875964589e+06 6.210432116313524311e+05 1.183364899997345172e+06 2.298587356391688227e+05 -1.549608790687962901e+05 -2.961202161594543140e+05 8.842799857970331504e+04
1.767596840799932368e+06 1.613410985058562830e+06 1.633591857426628121e+05 5.259077024321692297e+05 3.396011247310439358e+05 2.403365344720477704e+06 1.213184864229946106e+05 1.781019222740636033e+05 8.026980788379478327e+04 3.120164340478754602e+05 6.394961335387983127e+05 1.051324079186025774e+06 1.711131306165265560e+05 1.595481366900248919e+06 1.501645610848338110e+05 2.186758964670481218e+05 -3.928147255767280003e+05 1.015674238539510225e+04
1.453711182261262089e+06 -5.738492285806516884e+05 -2.331381978456566576e+05 -1.311858656696369289e+05 -1.804994624520352227e+05 1.213184864229945961e+05 1.717776306379923597e+06 1.730747812692980806e+05 -6.157171945660445635e+04 -6.561049043463185662e+05 -3.731201741040972411e+05 -1.326904992086246610e+06 2.795044460093742819e+05 1.832888175221795245e+04 -1.522457499179738807e+05 3.021852681869951775e+05 -4.702952458539132203e+04 1.889531204208026611e+04
1.063582322960214951e+05 -5.239624148583686328e+05 1.314592248986012710e+05 1.533208724394513993e+05 6.923373611325726961e+04 1.781019222740636033e+05 1.730747812692981388e+05 1.450022062116169138e+06 1.517066028257750440e+05 -5.141803367919536540e+05 -1.512215028251976706e+06 -1.654885769836759428e+05 -2.503174507783603913e+05 5.396993030736434739e+05 3.082031964465666097e+05 2.643285628737073275e+05 9.851500102182410774e+04 -3.752991356744898803e+04
-1.133470068020886538e+05 1.049574324984176055e+05 -1.927541634551655734e+05 1.958996819954482489e+05 6.029109177252610971e+04 8.026980788379478327e+04 -6.157171945660447091e+04 1.517066028257750440e+05 1.390540053910610732e+06 5.262083830577352783e+05 -1.267506517252831720e+06 1.017052895501258783e+06 2.761607508404405089e+05 1.667863980747462192e+05 5.891436082767092739e+04 8.746242447634294513e+04 6.665475748096885218e+04 1.441676628411026613e+05
3.122528416014140099e+07 -8.183312254870860837e+06 -4.375670721220559441e+06 -2.852443484544601757e+06 2.012522415791291744e+06 3.120164340478754602e+05 -6.561049043463187991e+05 -5.141803367919536540e+05 5.262083830577352783e+05 1.685373259382328391e+08 3.758613618782369792e+07 1.695539271089239046e+07 -8.471749010392565280e+06 1.138934974094107747e+07 2.510414324504992925e+06 -1.959762600374468602e+06 7.478530452019688673e+05 -1.229434677413044730e+06
-4.656855904315765947e+06 2.556725942255238071e+07 9.529717827207863331e+06 6.675756231886046007e+06 -1.228904204339806922e+06 6.394961335387983127e+05 -3.731201741040972411e+05 -1.512215028251976939e+06 -1.267506517252831720e+06 3.758613618782369792e+07 1.382285943291183710e+08 6.937073107833300717e+06 -3.870407307527475990e+06 -3.266699457320000976e+06 -6.791052002717313357e+06 -3.554481518672429956e+06 -2.573103032947627828e+06 6.783492208088221960e+05
-3.475957323876249138e+05 2.001408124629019201e+07 5.195619478453146294e+06 5.691180833228387870e+06 4.440831391875964589e+06 1.051324079186025541e+06 -1.326904992086246610e+06 -1.654885769836759428e+05 1.017052895501258550e+06 1.695539271089239046e+07 6.937073107833299786e+06 6.325620962934566289e+07 1.496265895451377705e+07 7.022026000388050452e+06 -1.897971713834554423e+06 -8.530162009989569196e+05 1.512510621241930639e+06 1.337469679387224838e+06
4.868906043498856016e+06 6.176926220160065219e+06 2.353225690542901400e+06 3.067704707093973644e+06 6.210432116313525476e+05 1.711131306165265851e+05 2.795044460093742819e+05 -2.503174507783603913e+05 2.761607508404405671e+05 -8.471749010392567143e+06 -3.870407307527476456e+06 1.496265895451377705e+07 1.632771688269522227e+07 2.029504797364124388e+05 -3.645706704224979039e+06 -9.675336779028627789e+05 1.104979180360919097e+06 2.097115117450670805e+05
-3.924271732045854442e+06 -7.933413805801658891e+05 -1.813724767603996210e+06 8.512117055304627866e+05 1.183364899997344473e+06 1.595481366900248919e+06 1.832888175221793790e+04 5.396993030736435903e+05 1.667863980747462192e+05 1.138934974094107747e+07 -3.266699457320000976e+06 7.022026000388051383e+06 2.029504797364125843e+05 9.790106712315216660e+06 9.317227080415007658e+05 8.984818362965924898e+05 -4.706957749445923837e+05 4.276404256457870943e+05
-3.157415767909829505e+06 -4.919634550473026000e+06 -1.796758248279823689e+06 -1.845109462213263847e+06 2.298587356391688227e+05 1.501645610848338110e+05 -1.522457499179738807e+05 3.082031964465666097e+05 5.891436082767092012e+04 2.510414324504992925e+06 -6.791052002717315219e+06 -1.897971713834554423e+06 -3.645706704224978108e+06 9.317227080415009987e+05 4.942479269846189767e+06 8.380736175394195598e+05 1.694663721122226270e+05 -4.281036803722889745e+05
8.285144784228841309e+05 -1.955240209706335561e+06 -1.170529416456084000e+06 -9.892155578032205813e+04 -1.549608790687962901e+05 2.186758964670480927e+05 3.021852681869951775e+05 2.643285628737073857e+05 8.746242447634295968e+04 -1.959762600374468369e+06 -3.554481518672430422e+06 -8.530162009989569196e+05 -9.675336779028626624e+05 8.984818362965923734e+05 8.380736175394195598e+05 2.761940847574449144e+06 -2.777384922382323202e+04 -1.012860261494128645e+05
1.246899317219732329e+06 -2.516328927456986858e+05 -2.837752426003378932e+05 -6.368154042470840504e+05 -2.961202161594543140e+05 -3.928147255767280003e+05 -4.702952458539128565e+04 9.851500102182410774e+04 6.665475748096889583e+04 7.478530452019688673e+05 -2.573103032947627828e+06 1.512510621241930639e+06 1.104979180360919097e+06 -4.706957749445923837e+05 1.694663721122226270e+05 -2.777384922382323202e+04 2.393332525960056111e+06 -3.044655258970136056e+05
-9.934572760902182199e+05 6.202110622129226103e+05 2.819490691788732656e+05 5.051268135966920527e+05 8.842799857970331504e+04 1.015674238539511134e+04 1.889531204208026247e+04 -3.752991356744898803e+04 1.441676628411026904e+05 -1.229434677413044730e+06 6.783492208088224288e+05 1.337469679387224605e+06 2.097115117450670805e+05 4.276404256457870360e+05 -4.281036803722890327e+05 -1.012860261494128790e+05 -3.044655258970136056e+05 1.855481448590918677e+06
