# s_min=18
9.715792926858574152e+07 4.780363143470030278e+06 5.084437913229950937e+05 1.372387745397245511e+06 -4.179018502348934766e+06 -9.435385867440489819e+05 9.945018824373973766e+05 -8.673688922750633210e+05 -9.591258407858735882e+04 9.791177262408779934e+06 -5.723564977776044980e+06 1.911466869217672944e+07 9.158290921706747264e+06 -1.508843747318504844e+06 2.700614190496512689e+06 3.739458984145446680e+06 -1.680257886945760343e+06 -2.277801303431692999e+06
4.780363143470031209e+06 3.237430399697696418e+07 2.231445344734692480e+06 -3.315375014869211009e+05 2.617502565710439230e+05 -1.099397309094468132e+06 -3.785629270569711807e+05 6.168379151748053264e+05 5.219183237686086795e+05 -5.769188274716168642e+06 9.033382955967407674e+06 5.153403496181599796e+06 6.696537228919276036e+06 3.729438035767159425e+06 -2.483464281430710573e+06 -2.548686268485136330e+06 -8.510487684759503463e+05 -1.000727311284513678e+06
5.084437913229950937e+05 2.231445344734692015e+06 7.857093738564178348e+06 1.711779735262728296e+06 8.594623609640095383e+05 -5.116972103065816918e+05 -4.480116922308537178e+05 -3.511087221380633418e+05 -9.081642573090721271e+04 3.484974351595470682e+06 9.496669466058425605e+06 4.791746150034457445e+06 1.309893506390492199e+06 2.250720053238649562e+05 9.603135272459656699e+05 -1.566096734099703608e+06 -2.378462417739681550e+05 2.641514311774856760e+05
1.372387745397245511e+06 -3.315375014869210427e+05 1.711779735262728296e+06 4.551600446278501302e+06 3.730477659633403528e+05 -4.288239469439557288e+05 1.844259809808791615e+05 2.731364698942666291e+05 3.078601264138522674e+05 3.612678857610709965e+06 5.054876914105487056e+06 -1.911983985285234638e+06 7.887491445957217366e+05 1.769540179410858313e+06 2.069499332768653985e+06 8.244949914888243657e+05 2.670181624793622759e+05 -3.994727101630700636e+05
-4.179018502348934766e+06 2.617502565710439230e+05 8.594623609640095383e+05 3.730477659633402945e+05 2.945607330904631410e+06 -3.026605198336450849e+05 3.290193193401221652e+05 -2.590626186812040396e+05 -1.183375738747645664e+05 1.614486050377400592e+06 2.886213519512146246e+06 8.333976812480537046e+04 -2.350781786210973514e+05 3.626180367797006038e+05 8.746568901293750969e+04 4.472621289243607898e+05 -4.202369001725429553e+05 9.129944021332607372e+05
-9.435385867440489819e+05 -1.099397309094468132e+06 -5.116972103065816918e+05 -4.288239469439557288e+05 -3.026605198336450849e+05 1.950869935731222387e+06 2.121345609699385241e+05 -7.955188894598730258e+04 1.582960790936427366e+05 -2.039308322793121915e+06 -2.450983165175719187e+06 -1.502540960682255449e+06 -8.509183713931919192e+04 -5.823471696954643121e+05 1.174407369391922657e+04 -5.311134550331963692e+05 -5.486328604863250075e+04 -1.155050532446596335e+05
9.945018824373973766e+05 -3.785629270569710643e+05 -4.480116922308537760e+05 1.844259809808791615e+05 3.290193193401221652e+05 2.121345609699385241e+05 1.830993689957122551e+06 2.717984158893408603e+05 -1.902916137251015607e+04 -2.802778479258709121e+05 -1.227608798967858544e+06 -1.932356767642884515e+06 -5.378375009699896909e+05 2.795027742292691073e+03 5.102330849473089911e+05 3.735402030536453094e+04 7.868266371720365714e+04 6.598129382575624622e+05
-8.673688922750634374e+05 6.168379151748053264e+05 -3.511087221380632836e+05 2.731364698942666291e+05 -2.590626186812040396e+05 -7.955188894598727347e+04 2.717984158893408603e+05 7.628246708233229583e+05 4.161722448431422818e+05 -1.239316845227121841e+06 -2.738341420493580517e+05 -1.124379087844838155e+06 -2.215858096320753684e+05 1.764724505937052600e+05 2.754666254556158674e+05 1.677409344510681112e+05 2.765349113661173615e+05 -1.835138046412964759e+05
-9.591258407858732971e+04 5.219183237686086795e+05 -9.081642573090722726e+04 3.078601264138522092e+05 -1.183375738747645810e+05 1.582960790936427366e+05 -1.902916137251015243e+04 4.161722448431422818e+05 1.177589040758718271e+06 -1.422065215169462143e+06 7.303497041008494562e+05 -5.700186528612959664e+05 8.998470728618488647e+04 5.918313162734109937e+04 9.988834160378185334e+04 -1.405925701655344747e+05 1.285770237305570190e+05 1.458152183063751363e+04
9.791177262408778071e+06 -5.769188274716165848e+06 3.484974351595470682e+06 3.612678857610709500e+06 1.614486050377400592e+06 -2.039308322793121915e+06 -2.802778479258709121e+05 -1.239316845227121841e+06 -1.422065215169462143e+06 1.835269052451834083e+08 3.290401713103889488e+06 8.976203334506891668e+06 -1.716529800169442594e+07 -5.213841366629160009e+06 -1.877368049345643725e+06 3.634273234864569269e+06 2.233743296379121486e+06 -7.493111806871487061e+05
-5.723564977776044980e+06 9.033382955967405811e+06 9.496669466058425605e+06 5.054876914105487987e+06 2.886213519512146246e+06 -2.450983165175719187e+06 -1.227608798967858776e+06 -2.738341420493581099e+05 7.303497041008494562e+05 3.290401713103889022e+06 1.240041811155578047e+08 3.391719056222753972e+07 5.312974061459943652e+06 -8.146943407906305976e+06 -2.101185390832761768e+06 -4.737109117917132564e+06 -1.055508720570140984e+06 6.742659942745105363e+05
1.911466869217672944e+07 5.153403496181599796e+06 4.791746150034457445e+06 -1.911983985285234638e+06 8.333976812480532681e+04 -1.502540960682255449e+06 -1.932356767642884515e+06 -1.124379087844837923e+06 -5.700186528612958500e+05 8.976203334506891668e+06 3.391719056222753972e+07 5.034136819940800220e+07 8.423049877734301612e+06 -3.418170227974199224e+06 -4.734335894024359062e+06 -9.952348592756636208e+05 1.364124203717620112e+06 4.854515202874277602e+05
9.158290921706747264e+06 6.696537228919274174e+06 1.309893506390491966e+06 7.887491445957217366e+05 -2.350781786210974387e+05 -8.509183713931920647e+04 -5.378375009699896909e+05 -2.215858096320753684e+05 8.998470728618485737e+04 -1.716529800169442594e+07 5.312974061459943652e+06 8.423049877734301612e+06 1.311835868921664543e+07 2.571063598838391248e+06 2.079598065881696995e+06 -8.535388936164482730e+05 -6.714235851607774384e+05 -1.242255086958434666e+06
-1.508843747318504611e+06 3.729438035767159425e+06 2.250720053238649562e+05 1.769540179410858080e+06 3.626180367797004874e+05 -5.823471696954644285e+05 2.795027742292696530e+03 1.764724505937052891e+05 5.918313162734109937e+04 -5.213841366629160009e+06 -8.146943407906305976e+06 -3.418170227974199224e+06 2.571063598838391714e+06 8.650290378007344902e+06 1.217765691502535716e+06 4.458196794747513486e+05 8.739319774397526635e+05 -7.932659421629728749e+05
2.700614190496513154e+06 -2.483464281430710573e+06 9.603135272459655534e+05 2.069499332768653985e+06 8.746568901293752424e+04 1.174407369391925749e+04 5.102330849473089329e+05 2.754666254556158674e+05 9.988834160378189699e+04 -1.877368049345643725e+06 -2.101185390832761768e+06 -4.734335894024359062e+06 2.079598065881696763e+06 1.217765691502535949e+06 8.326415464933617041e+06 1.464206609775874764e+06 9.219176756451097317e+05 -2.900770199661694351e+05
3.739458984145446680e+06 -2.548686268485136796e+06 -1.566096734099703375e+06 8.244949914888244821e+05 4.472621289243607898e+05 -5.311134550331963692e+05 3.735402030536452367e+04 1.677409344510680821e+05 -1.405925701655344456e+05 3.634273234864569269e+06 -4.737109117917132564e+06 -9.952348592756635044e+05 -8.535388936164482730e+05 4.458196794747514068e+05 1.464206609775874764e+06 5.039483823914693668e+06 1.374697383609579992e+05 2.211163367965669313e+05
-1.680257886945760343e+06 -8.510487684759502299e+05 -2.378462417739681550e+05 2.670181624793622177e+05 -4.202369001725429553e+05 -5.486328604863248620e+04 7.868266371720361349e+04 2.765349113661173615e+05 1.285770237305570045e+05 2.233743296379121486e+06 -1.055508720570140984e+06 1.364124203717620112e+06 -6.714235851607774384e+05 8.739319774397527799e+05 9.219176756451097317e+05 1.374697383609579992e+05 2.555430004233723041e+06 1.225565395774590579e+05
-2.277801303431692999e+06 -1.000727311284513678e+06 2.641514311774857924e+05 -3.994727101630700054e+05 9.129944021332607372e+05 -1.155050532446596189e+05 6.598129382575624622e+05 -1.835138046412964759e+05 1.458152183063749544e+04 -7.493111806871487061e+05 6.742659942745104199e+05 4.854515202874277602e+05 -1.242255086958434666e+06 -7.932659421629728749e+05 -2.900770199661694351e+05 2.211163367965669022e+05 1.225565395774590579e+05 2.847701223880816251e+06
