# s_min=18
6.821886464845606685e+07 8.232310956820419990e+06 7.359499478870431893e+06 5.088477792032996076e+05 2.234209898224680801e+05 9.476755559575773077e+05 -9.344468888784295996e+04 -2.774666088546477258e+05 -7.451004309359455947e+05 2.470125254426784068e+07 -4.024224052335014101e+06 3.855503398369761184e+06 9.880366535173943266e+06 3.763437277924087364e+06 3.672808456241654232e+06 -1.133043259988402948e+06 -2.703275670651195105e+05 -2.217317892344000284e+06
8.232310956820419990e+06 2.234598424837055430e+07 5.648888320639751852e+06 -6.267555487602447392e+05 -2.324580469164392271e+05 -8.480990347543027019e+05 -3.672138383654880454e+05 2.179624399436386375e+04 5.548371908987985225e+05 1.439154076890153997e+07 1.029298075635793246e+07 1.564258731684739701e+06 -4.654741832966003130e+04 2.184227520677992608e+06 1.093778565983674722e+06 -3.992581958994512679e+05 -5.231804131894389866e+05 -9.739232607941846363e+05
7.359499478870431893e+06 5.648888320639751852e+06 1.071265897680235468e+07 8.592833725797551451e+05 -1.064656362346061738e+06 -6.903080575428344309e+04 1.268590908539057709e+05 3.690681093077135301e+04 1.381960438517141156e+05 8.565121682848915225e+05 2.279750284999119584e+06 8.081675961881297641e+06 3.762331951614533085e+06 2.314514076333233970e+05 2.662944679165126872e+05 -1.029619709789569024e+06 -8.163358987267584598e+04 -4.188981600965033867e+05
5.088477792032996076e+05 -6.267555487602448557e+05 8.592833725797551451e+05 3.501490331028994638e+06 1.211989485851765843e+06 5.677400968160580378e+05 6.199457538983577397e+05 1.375824710343926854e+05 -2.644763603144219378e+05 -2.183505257988805417e+06 -1.907752306970097416e+05 -2.923040398308797739e+05 2.205857075704249088e+06 1.053975693743543001e+06 5.985316696596256224e+05 2.310084415167765401e+05 5.236347521779683302e+05 -3.241178253577249125e+05
2.234209898224680801e+05 -2.324580469164391689e+05 -1.064656362346061738e+06 1.211989485851765843e+06 3.028520616361126304e+06 2.557958828116692021e+05 3.587339770268774009e+05 1.244245277652583609e+05 1.723916724429921669e+04 2.390765933306507766e+06 -2.925824671295888256e+05 -1.637485041328396183e+06 1.803301926728408725e+05 5.280515982127264142e+05 -3.835521185819365201e+04 6.284228750211371807e+05 1.204459850492767524e+06 4.696659538048321265e+05
9.476755559575774241e+05 -8.480990347543025855e+05 -6.903080575428347220e+04 5.677400968160580378e+05 2.557958828116692021e+05 1.951497891781126847e+06 1.334011472618473344e+05 1.420194189280515093e+04 -4.591337050394787220e+05 -2.238496026149990503e+06 -1.460515535835589282e+06 -2.196952076101854444e+06 1.186672085089949891e+06 -2.450759625249746896e+05 7.992147196683181683e+05 7.879812436132313451e+05 6.328176509439451183e+04 -1.977583931165006361e+05
-9.344468888784295996e+04 -3.672138383654881618e+05 1.268590908539057709e+05 6.199457538983577397e+05 3.587339770268774009e+05 1.334011472618473636e+05 1.599249837109184824e+06 9.411773548127182585e+04 3.330605349122442567e+04 1.332348811935311416e+06 2.093047373978822725e+06 3.195062398733242662e+04 5.450521557558244094e+05 -6.440145345492174965e+04 1.009868942699052568e+05 6.538011216014473757e+04 2.204249257262088940e+05 2.491377689020199468e+05
-2.774666088546477258e+05 2.179624399436386011e+04 3.690681093077135301e+04 1.375824710343926854e+05 1.244245277652583463e+05 1.420194189280515093e+04 9.411773548127182585e+04 1.050802513448775746e+06 1.846530013998715440e+05 -1.955665901109669125e+06 -8.160030181816779077e+05 2.511945811692502757e+05 -2.498890430144936909e+04 9.913589300174260279e+04 1.497155839395851654e+05 -8.868206952130771242e+04 2.706065287704502698e+05 -1.816161083594366937e+04
-7.451004309359455947e+05 5.548371908987985225e+05 1.381960438517140865e+05 -2.644763603144219378e+05 1.723916724429920941e+04 -4.591337050394787802e+05 3.330605349122442567e+04 1.846530013998715440e+05 9.547786399220089661e+05 -2.111892784667026135e+05 9.011359572265074821e+05 8.854014187401126837e+05 -8.725106403889114154e+04 4.920781587943671911e+04 -3.376870108064290835e+05 -1.735889537035936373e+05 1.608932586178850670e+03 1.241278201383367850e+05
2.470125254426784068e+07 1.439154076890153997e+07 8.565121682848915225e+05 -2.183505257988805417e+06 2.390765933306507766e+06 -2.238496026149990503e+06 1.332348811935311416e+06 -1.955665901109669125e+06 -2.111892784667026426e+05 4.218549776944243908e+08 8.817823998319566250e+06 2.210620840067299549e+06 1.028728515616039373e+07 4.229846217759856954e+06 -1.952950416993388208e+05 4.864941484973256476e+06 -8.727393443464044249e+05 -7.822067657161895186e+06
-4.024224052335013635e+06 1.029298075635793246e+07 2.279750284999119584e+06 -1.907752306970096834e+05 -2.925824671295888256e+05 -1.460515535835589282e+06 2.093047373978822725e+06 -8.160030181816779077e+05 9.011359572265074821e+05 8.817823998319566250e+06 8.459398344955058396e+07 2.380570218570420984e+06 -1.116430246318414621e+07 4.418084726347867399e+05 3.066868620813049842e+06 4.401547606393700466e+06 1.964836701148481807e+06 2.871535993510886561e+06
3.855503398369761184e+06 1.564258731684740400e+06 8.081675961881299503e+06 -2.923040398308797157e+05 -1.637485041328396183e+06 -2.196952076101854444e+06 3.195062398733244481e+04 2.511945811692503048e+05 8.854014187401126837e+05 2.210620840067299549e+06 2.380570218570422381e+06 4.161106365131001920e+07 -1.174573292174169561e+06 -2.340424493466787040e+06 -2.691080722587783821e+06 -6.262847187262604013e+06 -1.677984474366391776e+06 4.880701919155886280e+05
9.880366535173941404e+06 -4.654741832966006041e+04 3.762331951614533085e+06 2.205857075704249088e+06 1.803301926728409308e+05 1.186672085089949891e+06 5.450521557558244094e+05 -2.498890430144936181e+04 -8.725106403889117064e+04 1.028728515616039559e+07 -1.116430246318414621e+07 -1.174573292174169794e+06 1.941596642209463194e+07 7.596768432080053026e+05 2.142231245432987344e+06 -3.222922818423884455e+05 7.947510664333096938e+05 -7.795608877029041760e+05
3.763437277924087364e+06 2.184227520677992608e+06 2.314514076333234261e+05 1.053975693743543001e+06 5.280515982127265306e+05 -2.450759625249746023e+05 -6.440145345492171327e+04 9.913589300174261734e+04 4.920781587943673367e+04 4.229846217759857886e+06 4.418084726347869146e+05 -2.340424493466787040e+06 7.596768432080053026e+05 5.094894672177588567e+06 5.666649187697458547e+05 8.654468229039486687e+03 5.158525461112168850e+05 -3.871407959736034391e+05
3.672808456241653301e+06 1.093778565983674955e+06 2.662944679165126872e+05 5.985316696596256224e+05 -3.835521185819360835e+04 7.992147196683180518e+05 1.009868942699052714e+05 1.497155839395851654e+05 -3.376870108064290835e+05 -1.952950416993389372e+05 3.066868620813049842e+06 -2.691080722587783821e+06 2.142231245432987344e+06 5.666649187697458547e+05 6.750377039070735686e+06 2.273905572755169589e+06 4.314593000847239164e+05 -5.113910498570500058e+05
-1.133043259988402948e+06 -3.992581958994512679e+05 -1.029619709789569024e+06 2.310084415167765401e+05 6.284228750211371807e+05 7.879812436132313451e+05 6.538011216014472302e+04 -8.868206952130771242e+04 -1.735889537035936373e+05 4.864941484973256476e+06 4.401547606393700466e+06 -6.262847187262603082e+06 -3.222922818423883873e+05 8.654468229039493963e+03 2.273905572755169589e+06 5.023479746172697283e+06 9.499473262849267339e+05 6.707507294123015599e+05
-2.703275670651194523e+05 -5.231804131894390448e+05 -8.163358987267587509e+04 5.236347521779683884e+05 1.204459850492767524e+06 6.328176509439451183e+04 2.204249257262089232e+05 2.706065287704502698e+05 1.608932586178844076e+03 -8.727393443464044249e+05 1.964836701148481807e+06 -1.677984474366392009e+06 7.947510664333098102e+05 5.158525461112168850e+05 4.314593000847238582e+05 9.499473262849265011e+05 3.586456619482869748e+06 7.979600354019927327e+05
-2.217317892344000284e+06 -9.739232607941845199e+05 -4.188981600965033285e+05 -3.241178253577248543e+05 4.696659538048321847e+05 -1.977583931165006361e+05 2.491377689020199759e+05 -1.816161083594367301e+04 1.241278201383367850e+05 -7.822067657161895186e+06 2.871535993510886561e+06 4.880701919155886280e+05 -7.795608877029041760e+05 -3.871407959736034391e+05 -5.113910498570500640e+05 6.707507294123015599e+05 7.979600354019927327e+05 2.860516681837044656e+06
