# s_min=18
4.632123697012259811e+07 1.218096653629540466e+06 3.870566288132493850e+06 8.253392300974098907e+04 6.841063858832413098e+05 -1.057475660918716458e+05 4.877876354377832613e+05 1.496978147118935362e+06 7.690284925497309305e+05 4.062795402503302693e+07 -1.252506851979363244e+06 5.131195854738499038e+06 5.221612149900771910e+05 3.196239425103414338e+06 -2.647119668945948360e+05 -1.638774049821388442e+06 1.183828054265420418e+06 1.717501925272251712e+06
1.218096653629540931e+06 3.221629636448695511e+07 7.944323359921048395e+06 7.886320643200634513e+05 1.622931970839163056e+06 4.121048874459561775e+05 -1.808808203329486540e+06 8.851229847239970695e+05 1.350548668482424458e+06 -6.838444594824244268e+06 -1.497256207098057494e+06 -7.618117027251056861e+05 3.071731029991510441e+05 -1.537553827987720491e+06 -3.344846384408646729e+06 -1.925637302384612150e+06 9.911906461828695610e+05 -2.507042920130722050e+05
3.870566288132493850e+06 7.944323359921048395e+06 9.031627307042891160e+06 1.427726046508696163e+06 1.145882919316500425e+06 -5.988061950680415612e+05 -3.831294449203268741e+05 3.791385273456749273e+05 5.002421639172792202e+05 1.431932739808189683e+07 2.786041271286206320e+06 3.162566506324783433e+06 1.431361917540030088e+06 -1.197904615895449824e+05 -2.259612688387894072e+06 -1.460715259464774281e+06 6.188623837952947360e+04 -1.725563398996654141e+05
8.253392300974095997e+04 7.886320643200634513e+05 1.427726046508696163e+06 6.201941760204424150e+06 5.114616364280051203e+05 9.845737124616513029e+04 -8.735767205467728199e+05 -8.077099016676098108e+05 -1.902376245654176455e+05 -8.450778976614335552e+06 -1.248582673078792403e+06 -9.524568774994766572e+05 2.464314775124812964e+06 2.755847945709398482e+05 -7.783856294908084674e+05 -9.522503917805578094e+05 -7.904605556981852278e+05 -4.271474986293202965e+05
6.841063858832411934e+05 1.622931970839163056e+06 1.145882919316500425e+06 5.114616364280051203e+05 2.810459008445757441e+06 2.054706549420276424e+05 8.146507518357149092e+04 9.029103842046603677e+04 9.832180975611874601e+04 4.172425025334652979e+06 -1.228738228496540338e+06 1.704160967173419893e+06 1.268522261895668227e+06 8.310615032250441145e+05 -4.338713478260536795e+05 -5.787766052563578123e+05 -1.225121279109644529e+05 -5.329934582319026231e+04
-1.057475660918716603e+05 4.121048874459561775e+05 -5.988061950680415612e+05 9.845737124616513029e+04 2.054706549420277006e+05 2.084482364310534438e+06 2.172105240983982803e+05 1.782778894179908457e+04 1.559629941601808532e+05 -2.303438213522851467e+06 -6.216222167862455826e+05 -1.003304783614811749e+05 -6.079708603501564357e+05 -5.001511839712719666e+05 6.018120728918648092e+05 -2.878621469381460920e+05 1.030793384847207490e+05 -2.596144957923776819e+05
4.877876354377833777e+05 -1.808808203329486307e+06 -3.831294449203268741e+05 -8.735767205467729364e+05 8.146507518357147637e+04 2.172105240983982803e+05 1.568762986247485736e+06 1.359162716403312515e+05 1.134416812667960330e+05 2.705727577183951624e+06 1.444134565216139425e+06 -6.008133960612650262e+05 -3.857969883381982218e+05 3.737788257768630865e+05 6.334871086331448751e+05 7.518753700159884756e+05 1.052660587013983604e+05 2.771084203651953794e+04
1.496978147118935362e+06 8.851229847239970695e+05 3.791385273456749273e+05 -8.077099016676098108e+05 9.029103842046605132e+04 1.782778894179907729e+04 1.359162716403312224e+05 1.127083372099832864e+06 2.055609538239742105e+05 1.241019212258162210e+06 -1.394806166454995517e+06 -3.636440559856042382e+05 -7.080807721818716964e+05 7.988886442160502775e+05 2.099250366850020946e+05 2.509868633785297570e+05 1.483362949456868228e+05 1.413877734293229005e+05
7.690284925497308141e+05 1.350548668482424458e+06 5.002421639172792202e+05 -1.902376245654176746e+05 9.832180975611871690e+04 1.559629941601808823e+05 1.134416812667960185e+05 2.055609538239742396e+05 9.506387715500915656e+05 5.804432141245565144e+05 -6.191604545976375230e+05 4.806378651196127175e+05 -3.815050486503037973e+05 7.201959361817668832e+04 -4.736613506013011647e+04 -3.301003267918084748e+04 -4.166699854734793917e+04 1.632448799463917094e+05
4.062795402503302693e+07 -6.838444594824245200e+06 1.431932739808189683e+07 -8.450778976614335552e+06 4.172425025334652979e+06 -2.303438213522851467e+06 2.705727577183951624e+06 1.241019212258162210e+06 5.804432141245565144e+05 3.691225348771713972e+08 2.683916449426556379e+07 2.831565225506057963e+07 1.969774435533214360e+07 -1.089649097345002554e+07 4.675339265283633722e+05 -5.904732725864533335e+06 2.047695584967676783e+06 1.188524762934314553e+06
-1.252506851979363244e+06 -1.497256207098057959e+06 2.786041271286206320e+06 -1.248582673078792403e+06 -1.228738228496540338e+06 -6.216222167862456990e+05 1.444134565216139425e+06 -1.394806166454995517e+06 -6.191604545976375230e+05 2.683916449426556379e+07 5.647630047449265420e+07 6.639833974124835804e+06 1.005181584256634465e+06 -1.875381640631267568e+06 -3.123340228411318734e+06 1.956671485586194787e+06 -9.739842401793272002e+05 -1.441740384533773176e+06
5.131195854738499038e+06 -7.618117027251053369e+05 3.162566506324782968e+06 -9.524568774994765408e+05 1.704160967173419893e+06 -1.003304783614811604e+05 -6.008133960612650262e+05 -3.636440559856042382e+05 4.806378651196127175e+05 2.831565225506057963e+07 6.639833974124835804e+06 3.945878587927275151e+07 6.018377755747815594e+06 -2.818340473822821863e+06 -4.234247651375718415e+05 -1.948736265883320244e+06 -8.553013680046225199e+05 4.751393979770828737e+05
5.221612149900771910e+05 3.071731029991511605e+05 1.431361917540030088e+06 2.464314775124813430e+06 1.268522261895668227e+06 -6.079708603501564357e+05 -3.857969883381982218e+05 -7.080807721818716964e+05 -3.815050486503037973e+05 1.969774435533214360e+07 1.005181584256634349e+06 6.018377755747816525e+06 1.342637807617634907e+07 -2.015867987611957069e+05 -2.761766276136039756e+06 -2.752438729840509593e+06 -7.236646484311930835e+05 -2.118414839241505251e+05
3.196239425103414338e+06 -1.537553827987720491e+06 -1.197904615895449970e+05 2.755847945709398482e+05 8.310615032250439981e+05 -5.001511839712720248e+05 3.737788257768630865e+05 7.988886442160502775e+05 7.201959361817671743e+04 -1.089649097345002554e+07 -1.875381640631267568e+06 -2.818340473822821863e+06 -2.015867987611957360e+05 7.150086571388164535e+06 -3.583114039337920258e+05 3.874583538332233729e+04 2.538521169866850541e+05 8.233307123804201838e+05
-2.647119668945948360e+05 -3.344846384408646729e+06 -2.259612688387893606e+06 -7.783856294908084674e+05 -4.338713478260536795e+05 6.018120728918650420e+05 6.334871086331448751e+05 2.099250366850020946e+05 -4.736613506013011647e+04 4.675339265283633722e+05 -3.123340228411319200e+06 -4.234247651375718415e+05 -2.761766276136039756e+06 -3.583114039337920258e+05 7.322918422756822780e+06 1.608717358251706697e+06 1.326708924563178094e+06 4.696912950477579143e+05
-1.638774049821388442e+06 -1.925637302384612150e+06 -1.460715259464774281e+06 -9.522503917805579258e+05 -5.787766052563578123e+05 -2.878621469381460338e+05 7.518753700159884756e+05 2.509868633785297279e+05 -3.301003267918084748e+04 -5.904732725864532404e+06 1.956671485586194787e+06 -1.948736265883320011e+06 -2.752438729840509593e+06 3.874583538332233002e+04 1.608717358251706930e+06 4.966325445805986412e+06 -6.958643347784380603e+04 6.204117744458093075e+05
1.183828054265420418e+06 9.911906461828694446e+05 6.188623837952947360e+04 -7.904605556981852278e+05 -1.225121279109644529e+05 1.030793384847207635e+05 1.052660587013983750e+05 1.483362949456868228e+05 -4.166699854734795372e+04 2.047695584967676550e+06 -9.739842401793272002e+05 -8.553013680046226364e+05 -7.236646484311929671e+05 2.538521169866851124e+05 1.326708924563178094e+06 -6.958643347784379148e+04 1.903704118951901095e+06 1.641049484225356136e+05
1.717501925272251712e+06 -2.507042920130722341e+05 -1.725563398996654141e+05 -4.271474986293202965e+05 -5.329934582319026958e+04 -2.596144957923777110e+05 2.771084203651953430e+04 1.413877734293229296e+05 1.632448799463917094e+05 1.188524762934314553e+06 -1.441740384533772944e+06 4.751393979770828155e+05 -2.118414839241504669e+05 8.233307123804201838e+05 4.696912950477580889e+05 6.204117744458095403e+05 1.641049484225355845e+05 1.721769226231382927e+06
