# s_min=17
5.217455519019164145e+07 1.684990619806955382e+07 7.307042380782616325e+06 3.025280521893117111e+06 2.597665572812494822e+06 8.244680316907123197e+05 4.460454807135177543e+05 5.751976448255826253e+05 2.307006307603034074e+05 1.834890353822987154e+07 6.285387724510311149e+06 3.491191483012848999e+06 -2.093913090339330724e+06 2.191130219471053220e+06 2.322910745291153435e+06 -9.552727887425040826e+05 1.219548401943835430e+06 1.144764585261168890e+06
1.684990619806955382e+07 2.277140541808427498e+07 8.557818406779370271e+05 -7.631539085468286648e+05 6.620811044131139060e+05 1.126901683186266106e+06 5.062142745653978200e+05 6.449087857983013382e+05 3.550037131201365264e+05 1.226878469374865852e+07 1.699139804951239750e+07 -8.864184917311346158e+06 -1.574432056514637778e+06 -1.081825771271625767e+06 -1.669242473053166876e+06 5.319842517703487538e+05 6.261805980904202443e+05 -6.957883851422795851e+04
7.307042380782616325e+06 8.557818406779367942e+05 9.014333115253232419e+06 8.310722188482002821e+04 -7.634446997595495777e+05 -3.906198513669223757e+05 -4.444063014773174073e+05 -4.654638703315354360e+04 -5.256750549952051369e+05 -1.384680041521920590e+06 2.196544878298717376e+05 5.106454473670145497e+06 1.900541832387863833e+05 1.222487356793968065e+05 -4.334006371622538427e+05 -1.385410398785063531e+06 -9.020276841739703668e+05 -2.894192398436001531e+04
3.025280521893117111e+06 -7.631539085468287813e+05 8.310722188482002821e+04 4.532300894036517479e+06 5.390355693160718074e+05 3.588065467418390472e+04 2.943180758217306575e+05 1.078709563397576858e+05 1.173039295119772723e+05 3.666120208603303414e+06 1.152317740736210719e+06 3.708377122459813021e+06 8.566864051265943272e+04 -5.153915999301787815e+05 1.798726811844501644e+05 -7.065176836078416090e+05 -8.347614441202087328e+05 -1.051913968944796128e+06
2.597665572812494356e+06 6.620811044131139060e+05 -7.634446997595496941e+05 5.390355693160718074e+05 3.253023893343182281e+06 -1.726968634217950603e+04 1.467782735516948160e+05 3.422808264817050076e+04 -1.310330103707165836e+05 3.822070290269148536e+06 3.931770016346550081e+06 2.371363140997408424e+06 -6.660799220981785329e+05 7.186308680372394156e+05 -1.036754681222001556e+06 1.072960481872487289e+05 -5.582559714077587705e+05 -8.534143133563782321e+05
8.244680316907124361e+05 1.126901683186265873e+06 -3.906198513669223175e+05 3.588065467418391927e+04 -1.726968634217951694e+04 1.747981765799963148e+06 8.989629127944394713e+04 -8.056343132883228827e+04 -9.788578176714185975e+04 2.751817569441914558e+06 2.276942910114647821e+06 -1.053199664701928152e+06 -5.471120171774920309e+05 -1.203728237934898425e+04 -9.200999233561923029e+04 4.346627977302044746e+04 -8.745820236731099430e+04 5.646000477157323621e+04
4.460454807135176961e+05 5.062142745653978200e+05 -4.444063014773174655e+05 2.943180758217306575e+05 1.467782735516948160e+05 8.989629127944394713e+04 1.591666938310963102e+06 3.527615159228802077e+04 4.241139327448853146e+04 -7.329578361058726441e+05 6.773446746024452150e+05 5.004542717041872093e+05 -2.151954765607548470e+05 -7.121616510185843799e+05 -3.342158376232325681e+05 3.297528839190509752e+05 2.370437486016891489e+05 8.323804477712520747e+04
5.751976448255826253e+05 6.449087857983012218e+05 -4.654638703315353632e+04 1.078709563397576858e+05 3.422808264817050076e+04 -8.056343132883227372e+04 3.527615159228801349e+04 1.295429354187461082e+06 1.800923868232455861e+05 1.048404093574019382e+06 9.156867534416248091e+05 -4.488906518126639421e+05 1.325801029453894298e+05 -1.690095163448948879e+05 -1.348731687395212066e+05 -2.922009979748024125e+04 8.095670831358755822e+04 -7.452052490830409806e+04
2.307006307603034365e+05 3.550037131201365264e+05 -5.256750549952052534e+05 1.173039295119772869e+05 -1.310330103707165545e+05 -9.788578176714184519e+04 4.241139327448854601e+04 1.800923868232455861e+05 1.376798365403857082e+06 3.269478822388148983e+05 3.628342901929228101e+05 -8.796473898728949716e+05 2.083251694219368510e+05 -2.389175390198132955e+05 3.773641175642703893e+05 1.927010200121476373e+05 4.391564545369965490e+05 1.157000962457591086e+05
1.834890353822987154e+07 1.226878469374865852e+07 -1.384680041521920590e+06 3.666120208603303414e+06 3.822070290269148536e+06 2.751817569441914558e+06 -7.329578361058726441e+05 1.048404093574019382e+06 3.269478822388148983e+05 2.792563840944260955e+08 4.285306989101371169e+07 1.006765211168884672e+07 -1.244213008102382347e+07 6.546600582352404017e+05 2.517873357284448575e+06 -6.108693083732317202e+06 -4.864478756504349411e+06 -2.226625582506342325e+06
6.285387724510312080e+06 1.699139804951239750e+07 2.196544878298718832e+05 1.152317740736210719e+06 3.931770016346550081e+06 2.276942910114647821e+06 6.773446746024452150e+05 9.156867534416248091e+05 3.628342901929228101e+05 4.285306989101371169e+07 6.420809065698225796e+07 5.196077805144431069e+06 -1.353884760118986014e+06 5.948918188734737923e+05 -4.387492448354480788e+06 3.044313853688240051e+06 -4.069915347185026621e+05 -1.812339306148289703e+06
3.491191483012848068e+06 -8.864184917311344296e+06 5.106454473670144565e+06 3.708377122459813021e+06 2.371363140997408424e+06 -1.053199664701928385e+06 5.004542717041872093e+05 -4.488906518126639421e+05 -8.796473898728952045e+05 1.006765211168884672e+07 5.196077805144431069e+06 4.438601941076403111e+07 1.145094279077764135e+06 1.812921764491766458e+06 1.388763218573580962e+06 -2.111207626985473558e+06 -2.586930924077587260e+05 -1.228451959385442780e+06
-2.093913090339330724e+06 -1.574432056514637545e+06 1.900541832387863833e+05 8.566864051265944727e+04 -6.660799220981785329e+05 -5.471120171774920309e+05 -2.151954765607548179e+05 1.325801029453894589e+05 2.083251694219369383e+05 -1.244213008102382161e+07 -1.353884760118986014e+06 1.145094279077764135e+06 1.088742925373666920e+07 -1.332410895077819587e+05 -4.824852668728549615e+05 2.203063613899807970e+05 -1.246117690935571882e+05 8.792225766727668233e+05
2.191130219471053686e+06 -1.081825771271625767e+06 1.222487356793968065e+05 -5.153915999301787233e+05 7.186308680372395320e+05 -1.203728237934897879e+04 -7.121616510185844963e+05 -1.690095163448948879e+05 -2.389175390198132663e+05 6.546600582352405181e+05 5.948918188734737923e+05 1.812921764491766458e+06 -1.332410895077819587e+05 6.381431030465437099e+06 1.173167578847492812e+06 -3.086972992069189786e+05 1.274464621831052355e+05 2.096961153784510097e+05
2.322910745291153435e+06 -1.669242473053166876e+06 -4.334006371622538427e+05 1.798726811844501644e+05 -1.036754681222001556e+06 -9.200999233561923029e+04 -3.342158376232326846e+05 -1.348731687395212066e+05 3.773641175642704475e+05 2.517873357284448575e+06 -4.387492448354480788e+06 1.388763218573580962e+06 -4.824852668728549615e+05 1.173167578847492812e+06 6.700652217513361014e+06 9.292552028785841540e+05 -6.153351133940650616e+05 1.250959094881387195e+06
-9.552727887425040826e+05 5.319842517703487538e+05 -1.385410398785063764e+06 -7.065176836078416090e+05 1.072960481872487435e+05 4.346627977302046202e+04 3.297528839190509752e+05 -2.922009979748024489e+04 1.927010200121476664e+05 -6.108693083732317202e+06 3.044313853688240051e+06 -2.111207626985473558e+06 2.203063613899807679e+05 -3.086972992069189204e+05 9.292552028785842704e+05 4.183588169420892373e+06 -3.053807667334119742e+03 1.672119758432284871e+05
1.219548401943835430e+06 6.261805980904201278e+05 -9.020276841739703668e+05 -8.347614441202087328e+05 -5.582559714077587705e+05 -8.745820236731099430e+04 2.370437486016891780e+05 8.095670831358755822e+04 4.391564545369965490e+05 -4.864478756504350342e+06 -4.069915347185027204e+05 -2.586930924077587842e+05 -1.246117690935571009e+05 1.274464621831052355e+05 -6.153351133940650616e+05 -3.053807667334115195e+03 4.335100048382805660e+06 1.148718950709278230e+06
1.144764585261168657e+06 -6.957883851422801672e+04 -2.894192398435999712e+04 -1.051913968944796361e+06 -8.534143133563782321e+05 5.646000477157323621e+04 8.323804477712522203e+04 -7.452052490830408351e+04 1.157000962457591086e+05 -2.226625582506342325e+06 -1.812339306148289703e+06 -1.228451959385442780e+06 8.792225766727668233e+05 2.096961153784509515e+05 1.250959094881387195e+06 1.672119758432284871e+05 1.148718950709278230e+06 2.876468516934498679e+06
