# s_min=19
7.627165424662698805e+07 7.810711652746546082e+06 -4.087263700222474523e+06 2.879439804773404263e+06 2.630265075417681364e+05 1.231580548992402386e+06 -5.336859345414288109e+05 1.210802596563477535e+06 8.572928892569215968e+05 3.161644192274372280e+07 7.373455024772168836e+05 5.910346056335614063e+06 6.995121214202286676e+06 1.106859114075058512e+07 4.766391204125151038e+06 5.723283754324809648e+06 -7.450597501964555122e+05 2.249292841732509900e+06
7.810711652746547945e+06 3.345879844629789144e+07 -1.432383798686119262e+06 -1.900090209550682688e+06 7.669134366658083163e+05 1.963534679030325031e+06 -1.541437946880593372e+05 3.931887919703618973e+05 4.331521510856723180e+05 3.141363450997465476e+07 2.300893504095004126e+07 -1.154286317782990448e+07 7.257839431526973203e+04 3.513009187701337971e+06 2.986161711233255337e+05 3.597257395418473170e+05 7.692617694813713897e+05 9.144934614990161499e+05
-4.087263700222475920e+06 -1.432383798686119495e+06 9.246172126968247816e+06 -5.351471547036654083e+05 -6.891484377532430226e+05 -6.150735348310058907e+04 -3.046618595987323788e+05 -5.372039379138355143e+05 2.580048662942268129e+05 3.504942850039446261e+06 -1.010375272683406435e+07 -5.520748445619496051e+05 -4.285642018509756774e+06 -2.773594070401140489e+06 -5.179302538340096944e+05 6.630131314096077404e+04 -5.538976814082121709e+05 9.884466502157460200e+05
2.879439804773404263e+06 -1.900090209550683154e+06 -5.351471547036654083e+05 3.782226881296609994e+06 3.828571518266005442e+05 -1.160781745148064219e+05 1.044249834779832745e+05 -7.222124831468165212e+04 -5.059176567290197272e+04 2.089627803182994714e+06 6.473298149719734211e+05 3.868995144710017485e+05 1.574137257515429985e+06 -4.567079804016910930e+04 -1.980156939630867273e+05 7.162936152942531044e+05 -7.368327758886815282e+05 4.620785012576797744e+05
2.630265075417681364e+05 7.669134366658083163e+05 -6.891484377532430226e+05 3.828571518266005442e+05 2.489880433779493906e+06 4.523096803132095956e+05 5.742450997189288319e+04 4.243451363259027130e+04 1.119114228234254260e+05 6.470646338953257538e+06 8.679692482016091235e+05 -2.525665501462166198e+06 -9.930892804743577726e+05 2.279184031072556973e+06 7.463143547868410824e+05 1.478792426827898016e+05 -5.998699440948621486e+04 -1.071836166640183801e+05
1.231580548992402386e+06 1.963534679030325031e+06 -6.150735348310062545e+04 -1.160781745148063783e+05 4.523096803132095956e+05 1.569832939161610091e+06 1.402717290370077826e+05 -3.752694502925431880e+04 -5.768229422819575848e+04 2.257531686868159566e+06 5.382353008046932518e+05 3.331055707036118838e+04 -1.908621303447964834e+06 4.951852774644546444e+05 8.777288629269630183e+05 -4.722854731878548628e+05 -5.518022872078279033e+05 -1.227893480405650189e+04
-5.336859345414289273e+05 -1.541437946880593372e+05 -3.046618595987324370e+05 1.044249834779833182e+05 5.742450997189289046e+04 1.402717290370077826e+05 1.835512457004759694e+06 3.330661189240744570e+05 -1.381926934907414834e+05 -2.293741447938696947e+06 2.510565089439410716e+06 8.236032715897997841e+05 3.367803549459062633e+05 3.749888716849349439e+05 -2.688101026680889772e+05 7.508184901680812472e+05 -4.303413699235471722e+04 -1.185941287862878380e+04
1.210802596563477535e+06 3.931887919703618973e+05 -5.372039379138355143e+05 -7.222124831468163757e+04 4.243451363259027130e+04 -3.752694502925431880e+04 3.330661189240744570e+05 1.247350955158554483e+06 2.337962137993896031e+05 1.112827677677742940e+03 -5.318558066826532595e+05 -4.502267752912659780e+05 7.063341689760067966e+05 5.469952686021323316e+05 -1.557960095149658155e+05 3.321804918130762526e+05 3.038824944120918517e+05 1.658599234755336656e+05
8.572928892569214804e+05 4.331521510856723180e+05 2.580048662942267838e+05 -5.059176567290196544e+04 1.119114228234254260e+05 -5.768229422819575120e+04 -1.381926934907415125e+05 2.337962137993896031e+05 8.876384146623760462e+05 1.257534726267277030e+06 1.098406424855586840e+06 -4.064343866609788383e+05 9.259657602410652908e+04 2.946377915264409385e+05 -1.352398152805819991e+05 3.986946760856779874e+05 3.813549677177996637e+04 4.690247780101842945e+05
3.161644192274373397e+07 3.141363450997466221e+07 3.504942850039446261e+06 2.089627803182994947e+06 6.470646338953256607e+06 2.257531686868159566e+06 -2.293741447938696947e+06 1.112827677677728161e+03 1.257534726267277030e+06 2.143239525892080665e+08 1.549161302300567366e+07 -1.223549742308908701e+07 6.220786708586777560e+06 1.348931825858352520e+07 1.097625173538515531e+07 -3.610770858157676645e+06 -3.246491149450673256e+05 2.656248904219839722e+06
7.373455024772172328e+05 2.300893504095004126e+07 -1.010375272683406435e+07 6.473298149719734211e+05 8.679692482016091235e+05 5.382353008046932518e+05 2.510565089439410716e+06 -5.318558066826532595e+05 1.098406424855586840e+06 1.549161302300567366e+07 1.191424864324136972e+08 -4.322473029474325012e+05 -1.865473489858584013e+06 -1.271467765381821664e+06 2.636556781322350260e+06 4.993653036818666384e+06 8.395262432688579429e+05 -1.536705348423167015e+05
5.910346056335614063e+06 -1.154286317782990262e+07 -5.520748445619493723e+05 3.868995144710016320e+05 -2.525665501462166198e+06 3.331055707036118838e+04 8.236032715897997841e+05 -4.502267752912660944e+05 -4.064343866609788383e+05 -1.223549742308908701e+07 -4.322473029474323848e+05 4.518125381648645550e+07 8.239774242532678880e+06 -1.769158195247607771e+06 2.818719212980106007e+06 2.132947539583035745e+06 2.868156314337644260e+06 -2.523978021251851460e+05
6.995121214202286676e+06 7.257839431526960107e+04 -4.285642018509756774e+06 1.574137257515430218e+06 -9.930892804743577726e+05 -1.908621303447964834e+06 3.367803549459061469e+05 7.063341689760067966e+05 9.259657602410654363e+04 6.220786708586778492e+06 -1.865473489858584246e+06 8.239774242532678880e+06 3.334000762857872620e+07 3.958487999657619745e+06 -2.943037061146262567e+06 1.782364635778706521e+06 1.843689272135470062e+06 9.424412977780892979e+05
1.106859114075058512e+07 3.513009187701338436e+06 -2.773594070401140489e+06 -4.567079804016912385e+04 2.279184031072557438e+06 4.951852774644547026e+05 3.749888716849350021e+05 5.469952686021323316e+05 2.946377915264409385e+05 1.348931825858352706e+07 -1.271467765381821431e+06 -1.769158195247607771e+06 3.958487999657619745e+06 1.745764795016722754e+07 9.865463544752979651e+05 2.564398906127420720e+06 4.338032359729168820e+05 -2.235882201927215210e+05
4.766391204125151969e+06 2.986161711233255337e+05 -5.179302538340096362e+05 -1.980156939630867855e+05 7.463143547868409660e+05 8.777288629269630183e+05 -2.688101026680890354e+05 -1.557960095149658155e+05 -1.352398152805819991e+05 1.097625173538515531e+07 2.636556781322349794e+06 2.818719212980106007e+06 -2.943037061146262102e+06 9.865463544752980815e+05 6.179211914109599777e+06 2.468840628166999668e+05 6.862547856024248758e+05 8.746019899771201017e+04
5.723283754324809648e+06 3.597257395418472006e+05 6.630131314096080314e+04 7.162936152942531044e+05 1.478792426827898016e+05 -4.722854731878548628e+05 7.508184901680813637e+05 3.321804918130761944e+05 3.986946760856779292e+05 -3.610770858157676645e+06 4.993653036818666384e+06 2.132947539583035279e+06 1.782364635778706055e+06 2.564398906127420720e+06 2.468840628166999668e+05 4.796845666501107626e+06 3.441573048007860780e+05 8.746625933812487638e+05
-7.450597501964555122e+05 7.692617694813712733e+05 -5.538976814082121709e+05 -7.368327758886815282e+05 -5.998699440948621486e+04 -5.518022872078279033e+05 -4.303413699235473177e+04 3.038824944120918517e+05 3.813549677177998092e+04 -3.246491149450673256e+05 8.395262432688580593e+05 2.868156314337644260e+06 1.843689272135470062e+06 4.338032359729168820e+05 6.862547856024248758e+05 3.441573048007860780e+05 3.295404611801928841e+06 -1.915473555074680771e+05
2.249292841732509900e+06 9.144934614990161499e+05 9.884466502157460200e+05 4.620785012576797744e+05 -1.071836166640183801e+05 -1.227893480405650189e+04 -1.185941287862877471e+04 1.658599234755336947e+05 4.690247780101842945e+05 2.656248904219839722e+06 -1.536705348423167306e+05 -2.523978021251852042e+05 9.424412977780892979e+05 -2.235882201927214919e+05 8.746019899771199562e+04 8.746625933812487638e+05 -1.915473555074680771e+05 2.378659043651095591e+06
