# s_min=16
8.887968176954908669e+07 5.260196236988794059e+06 8.892789565813418478e+06 -2.943459535349601065e+05 3.125155644954124931e+06 -8.352188690430992574e+04 6.036707380176623119e+05 -8.612981655316308606e+05 -6.905817703743188176e+05 2.023621788081665710e+07 -1.415477407467601821e+07 -8.435894859605571255e+06 -1.268579701187865809e+07 -7.884897542112566589e+04 -3.277379647169409320e+06 -5.801320220783062279e+06 -2.290438330785180908e+06 -4.160634860348726623e+06
5.260196236988794059e+06 1.710295026877801865e+07 -4.851345038629184128e+05 8.588096488582552411e+05 2.686497434042021632e+06 1.659490430125629937e+05 9.188407295513410354e+05 8.097442496572574601e+05 -2.857529741930275341e+05 1.137365653908379842e+06 7.900092978565573692e+06 -1.019456407706923597e+07 1.709532220549998572e+06 2.315182376175021753e+06 -1.039322225393906469e+06 5.676194998907073168e+05 1.497888323561111232e+06 -2.240286642807454627e+05
8.892789565813418478e+06 -4.851345038629184710e+05 1.014849275294016674e+07 7.337418703391181771e+05 9.638184032387334155e+05 5.537167541593996575e+05 2.137658483578926243e+05 4.294556137530785054e+05 3.867225758970744791e+05 -3.481356961723612156e+06 -1.083099837275196798e+06 3.188808709802217782e+06 -3.003382608511489816e+06 1.089122855847566621e+06 -1.220521236726705683e+06 3.239916623297022306e+05 -3.859176210019913560e+04 2.208237647274797491e+05
-2.943459535349602229e+05 8.588096488582551247e+05 7.337418703391181771e+05 6.451446884496738203e+06 7.399329805539603112e+05 6.960291769157912349e+05 2.317389633708680631e+05 -5.187862540920111314e+03 4.345640629148578155e+05 -2.877642589014382102e+06 1.227381339884183370e+06 -2.352301347501486074e+06 7.018086374567984603e+05 -3.558524394162127865e+05 6.996581579021095531e+05 2.162627240030541085e+06 1.273368986748270108e+05 2.931744178474636865e+05
3.125155644954124466e+06 2.686497434042022098e+06 9.638184032387334155e+05 7.399329805539603112e+05 3.479409068901080173e+06 3.380541710256150109e+05 2.904407820132306078e+05 4.512492862610319862e+05 2.682055182359637693e+05 1.347017154523025034e+06 2.132147894794187509e+06 -3.470682918667328078e+06 -1.442710811475723749e+06 1.595558723515433725e+06 1.029610727775129606e+06 -1.603908657202580071e+05 5.270987344911771361e+05 3.823014311822713935e+05
-8.352188690430992574e+04 1.659490430125630519e+05 5.537167541593996575e+05 6.960291769157911185e+05 3.380541710256150109e+05 1.910027793564644409e+06 6.985925176418155897e+05 1.351149163990470988e+05 2.060513035692487319e+05 1.157938111867661122e+06 2.173765269596324360e+05 -1.158937506495942827e+06 4.235226185107477359e+05 3.471084088169096503e+04 -1.655682929302981065e+05 4.049678278354985523e+05 2.753103013425073586e+05 2.936329990031466587e+05
6.036707380176621955e+05 9.188407295513410354e+05 2.137658483578926534e+05 2.317389633708680631e+05 2.904407820132306661e+05 6.985925176418157062e+05 2.060454586956938729e+06 4.959273211022232135e+04 -1.417587891268952080e+04 -2.099779670803850982e+06 8.104842255863090395e+04 -2.825212572238531429e+06 2.918909659070124326e+04 6.935537182225137949e+05 -3.561634867277921876e+05 2.138519033908910060e+05 2.910105511976354173e+05 8.674798438287069439e+04
-8.612981655316309771e+05 8.097442496572574601e+05 4.294556137530785054e+05 -5.187862540920109495e+03 4.512492862610319280e+05 1.351149163990471279e+05 4.959273211022232863e+04 1.588454356921944767e+06 2.846417586668410222e+05 1.326670168614557944e+06 1.562959001832603710e+06 -1.522846709438193589e+06 -8.006434667918337800e+04 3.818621940646230360e+05 -3.277743011491046636e+05 2.888947471966945450e+05 3.969356280717203044e+05 1.194075733797350113e+05
-6.905817703743188176e+05 -2.857529741930275341e+05 3.867225758970744791e+05 4.345640629148578155e+05 2.682055182359637110e+05 2.060513035692487319e+05 -1.417587891268952080e+04 2.846417586668410222e+05 8.761758186503772158e+05 -1.129460264777358097e+05 1.012086839619014354e+05 -5.185131571303246892e+05 -1.653251940934927261e+05 2.832016897759183194e+05 3.231777795634339564e+05 1.389663644405339146e+05 3.066059228540459881e+05 -4.479154577503455948e+04
2.023621788081665710e+07 1.137365653908380773e+06 -3.481356961723612156e+06 -2.877642589014382102e+06 1.347017154523025034e+06 1.157938111867661122e+06 -2.099779670803850982e+06 1.326670168614557944e+06 -1.129460264777357661e+05 2.972492794472996593e+08 6.083537281554149836e+07 -2.005107796944028512e+07 -8.949181299132505432e+06 1.228338773149354849e+06 -2.155743869948592503e+06 -5.391670801832753234e+06 3.144479760625761002e+06 4.773487180197990499e+06
-1.415477407467602007e+07 7.900092978565574624e+06 -1.083099837275196798e+06 1.227381339884183370e+06 2.132147894794187509e+06 2.173765269596324652e+05 8.104842255863099126e+04 1.562959001832603710e+06 1.012086839619014208e+05 6.083537281554148346e+07 7.068680541926765442e+07 -4.061453512680769200e+05 4.360392839129847474e+06 2.650537915289854631e+06 -1.811154033967391355e+06 -2.646626878476502025e+05 1.805109071336852794e+05 1.728747029525623657e+06
-8.435894859605569392e+06 -1.019456407706923597e+07 3.188808709802217782e+06 -2.352301347501486074e+06 -3.470682918667328078e+06 -1.158937506495942594e+06 -2.825212572238531895e+06 -1.522846709438193589e+06 -5.185131571303246892e+05 -2.005107796944028512e+07 -4.061453512680770364e+05 3.944738096027887613e+07 4.529911378064428456e+06 -5.589852176099333912e+06 2.455327015107409097e+06 -2.844377511389349238e+05 -2.074231231692377944e+06 1.155325001153618563e+06
-1.268579701187865809e+07 1.709532220549998339e+06 -3.003382608511489816e+06 7.018086374567984603e+05 -1.442710811475723749e+06 4.235226185107477359e+05 2.918909659070125417e+04 -8.006434667918337800e+04 -1.653251940934927261e+05 -8.949181299132505432e+06 4.360392839129847474e+06 4.529911378064428456e+06 1.305257575053292513e+07 -5.482817613614471629e+05 -5.422559357447688235e+05 1.770828991067789961e+06 4.148829816781735281e+05 1.134747888528389623e+06
-7.884897542112556403e+04 2.315182376175021287e+06 1.089122855847566621e+06 -3.558524394162127865e+05 1.595558723515433958e+06 3.471084088169097231e+04 6.935537182225137949e+05 3.818621940646231524e+05 2.832016897759183194e+05 1.228338773149354383e+06 2.650537915289854631e+06 -5.589852176099333912e+06 -5.482817613614471629e+05 9.623805583546191454e+06 2.623914594002597732e+05 4.466485001046082471e+05 7.489722271449466934e+05 -1.841570206356439448e+05
-3.277379647169409320e+06 -1.039322225393906352e+06 -1.220521236726705916e+06 6.996581579021095531e+05 1.029610727775129606e+06 -1.655682929302981065e+05 -3.561634867277921876e+05 -3.277743011491046054e+05 3.231777795634339564e+05 -2.155743869948592968e+06 -1.811154033967391355e+06 2.455327015107409097e+06 -5.422559357447687071e+05 2.623914594002596568e+05 7.568397453324349597e+06 3.046788441991803702e+05 1.795326127737518167e+06 1.216522984223887790e+06
-5.801320220783062279e+06 5.676194998907072004e+05 3.239916623297020560e+05 2.162627240030541085e+06 -1.603908657202579780e+05 4.049678278354985523e+05 2.138519033908910060e+05 2.888947471966944868e+05 1.389663644405338855e+05 -5.391670801832753234e+06 -2.646626878476502025e+05 -2.844377511389348656e+05 1.770828991067789728e+06 4.466485001046081888e+05 3.046788441991803702e+05 5.238662461330522783e+06 6.364822753391215811e+05 8.220420402707282919e+05
-2.290438330785181373e+06 1.497888323561111232e+06 -3.859176210019913560e+04 1.273368986748270690e+05 5.270987344911771361e+05 2.753103013425072422e+05 2.910105511976354173e+05 3.969356280717203044e+05 3.066059228540460463e+05 3.144479760625760537e+06 1.805109071336853958e+05 -2.074231231692377944e+06 4.148829816781735281e+05 7.489722271449465770e+05 1.795326127737518167e+06 6.364822753391215811e+05 4.503619295993560925e+06 3.993191378765177797e+05
-4.160634860348726623e+06 -2.240286642807454627e+05 2.208237647274797200e+05 2.931744178474636865e+05 3.823014311822713935e+05 2.936329990031466004e+05 8.674798438287072349e+04 1.194075733797350113e+05 -4.479154577503455948e+04 4.773487180197990499e+06 1.728747029525623191e+06 1.155325001153618563e+06 1.134747888528389623e+06 -1.841570206356439157e+05 1.216522984223887790e+06 8.220420402707282919e+05 3.993191378765177797e+05 2.313729249869992025e+06
