# lambda=0.4854028641695296
3.726159736972369999e+07 -1.367334725491555640e+06 1.020009805048676935e+04 -3.178638644174528308e+05 9.602476613979054382e+05 -7.081467872931216843e+05 9.199143943958038290e+04 1.497859581930239437e+04 4.384825825419847388e+05 2.653637033069609106e+07 3.459822011551947333e+06 2.944920849571822211e+06 -1.065393896086180612e+05 -6.767960552667290904e+05 -4.204517728400345659e+05 -4.791962936320339795e+05 5.126472319692415767e+05 -8.358320888035571261e+04
-1.367334725491555640e+06 1.919306643350187317e+07 2.798050274552979972e+06 6.081667429224620573e+05 -2.761998670295996126e+05 2.837503589369855472e+05 4.223429836191196810e+05 -2.529695266870494379e+04 -1.400410437077592542e+04 -1.790756782693542540e+07 5.165746357416669838e+06 2.373541136781318113e+06 -1.424096882544201566e+06 7.750859422501617810e+05 2.721458919224135389e+04 2.054343733574073121e+05 -3.627252124673396465e+05 -4.334325589310026407e+04
1.020009805048676935e+04 2.798050274552979972e+06 4.973711019024629146e+06 5.602411798614062136e+05 8.335218490238446975e+03 1.190416239125130232e+05 2.540776129352049611e+05 1.279333616771622037e+05 2.016845977267216585e+04 -5.324040300835486501e+06 2.769109911838973407e+06 8.923036649309311761e+05 1.374413338162726955e+06 -4.377063336892428924e+05 -6.719562256362737389e+04 -4.374411646049778938e+04 -9.361927700976170308e+04 2.870207145465613576e+05
-3.178638644174528308e+05 6.081667429224620573e+05 5.602411798614062136e+05 1.288413835941598052e+06 1.142719809145502950e+05 8.008575295527339040e+04 1.554800707986412453e+05 5.182419793044029939e+04 1.388566841358391002e+03 -4.254229090225996450e+06 6.721654466678957688e+05 7.252811776441502152e+05 1.388054789321554359e+06 -8.765506762827899365e+04 -1.845341646532350569e+05 3.689199881936216116e+04 2.355207728499119185e+03 1.532794059780484822e+05
9.602476613979054382e+05 -2.761998670295996126e+05 8.335218490238446975e+03 1.142719809145502950e+05 9.536801887418093393e+05 4.556045750628003589e+04 9.015027233832776255e+04 6.363880499994826096e+04 7.706651977278091363e+04 2.637417820230419165e+05 -8.502539348122875672e+05 1.569856765771475038e+05 -4.977799068224097573e+04 3.346028634460101021e+05 -1.271964112831122911e+05 5.815823415229503735e+04 -5.138080305400952784e+04 -3.021396456205780487e+04
-7.081467872931216843e+05 2.837503589369855472e+05 1.190416239125130232e+05 8.008575295527339040e+04 4.556045750628003589e+04 2.768334011974102468e+05 7.120814227687042148e+04 9.941718393545786512e+02 -3.657773284777770459e+04 -1.712817826165451203e+06 -5.042399965959347319e+05 -1.583225182927715941e+05 5.438922594396626664e+04 1.344270687153800100e+05 1.696628631130804133e+05 5.469211312114930479e+04 -3.465204324517680652e+04 1.419094173944086106e+04
9.199143943958038290e+04 4.223429836191196810e+05 2.540776129352049611e+05 1.554800707986412453e+05 9.015027233832776255e+04 7.120814227687042148e+04 5.533190581340795616e+05 6.281409963764956046e+04 -2.404093274906591614e+04 -2.055022064556060592e+06 1.298466324206669669e+05 -1.619698601583771233e+05 -2.262881470511235239e+05 1.702656073305688333e+05 5.400845131359891820e+04 8.094129655132607695e+03 2.200467067427231996e+03 5.093995850403663644e+04
1.497859581930239437e+04 -2.529695266870494379e+04 1.279333616771622037e+05 5.182419793044029939e+04 6.363880499994826096e+04 9.941718393545786512e+02 6.281409963764956046e+04 2.293985632648615283e+05 2.493471244457905777e+04 6.187551176234787563e+05 4.223899670090476866e+04 6.724839658096779021e+04 4.148488397052339860e+04 4.147908336582913762e+04 9.386374291866108251e+04 4.167115575499089027e+04 7.491927388937889191e+04 1.484600687434068241e+05
4.384825825419847388e+05 -1.400410437077592542e+04 2.016845977267216585e+04 1.388566841358391002e+03 7.706651977278091363e+04 -3.657773284777770459e+04 -2.404093274906591614e+04 2.493471244457905777e+04 1.171495899827331159e+05 1.041075828205517028e+06 1.798346221982751449e+05 2.294776922400203766e+05 3.342207947882942244e+04 1.085156117855045741e+05 -4.090760205236407637e+04 7.660649467539459874e+04 5.678972762567555765e+04 4.129848363339874049e+04
2.653637033069609106e+07 -1.790756782693542540e+07 -5.324040300835486501e+06 -4.254229090225996450e+06 2.637417820230419165e+05 -1.712817826165451203e+06 -2.055022064556060592e+06 6.187551176234787563e+05 1.041075828205517028e+06 3.735903884395919442e+08 1.932771704036878794e+07 1.115433752244452480e+06 -1.868036457486141007e+06 6.163050574056049809e+06 4.618459678385955282e+06 3.333690051704098471e+06 2.289901402554055210e+06 1.943677258878784487e+06
3.459822011551947333e+06 5.165746357416669838e+06 2.769109911838973407e+06 6.721654466678957688e+05 -8.502539348122875672e+05 -5.042399965959347319e+05 1.298466324206669669e+05 4.223899670090476866e+04 1.798346221982751449e+05 1.932771704036878794e+07 6.519974107860483229e+07 1.229253528452959470e+07 1.056309566224446055e+06 2.979928890392124653e+06 1.608362131695239572e+06 3.225842679613520158e+05 -6.295831630360378185e+05 1.966037326168738073e+05
2.944920849571822211e+06 2.373541136781318113e+06 8.923036649309311761e+05 7.252811776441502152e+05 1.569856765771475038e+05 -1.583225182927715941e+05 -1.619698601583771233e+05 6.724839658096779021e+04 2.294776922400203766e+05 1.115433752244452480e+06 1.229253528452959470e+07 1.821721381793163717e+07 5.775752282871998614e+05 1.103083575625525322e+06 7.835782676199731650e+05 5.151114527742026839e+05 -2.102938919057341118e+05 4.870502700021074270e+04
-1.065393896086180612e+05 -1.424096882544201566e+06 1.374413338162726955e+06 1.388054789321554359e+06 -4.977799068224097573e+04 5.438922594396626664e+04 -2.262881470511235239e+05 4.148488397052339860e+04 3.342207947882942244e+04 -1.868036457486141007e+06 1.056309566224446055e+06 5.775752282871998614e+05 2.039534139766491950e+07 -1.764737212210395839e+06 9.297598459411257863e+03 3.328045880106378463e+05 1.747578261650174973e+05 4.154464501843184116e+05
-6.767960552667290904e+05 7.750859422501617810e+05 -4.377063336892428924e+05 -8.765506762827899365e+04 3.346028634460101021e+05 1.344270687153800100e+05 1.702656073305688333e+05 4.147908336582913762e+04 1.085156117855045741e+05 6.163050574056049809e+06 2.979928890392124653e+06 1.103083575625525322e+06 -1.764737212210395839e+06 6.423307739002176560e+06 9.205330424611323979e+05 9.230540549067952670e+05 -8.735296670312497008e+04 -3.345493302094610408e+04
-4.204517728400345659e+05 2.721458919224135389e+04 -6.719562256362737389e+04 -1.845341646532350569e+05 -1.271964112831122911e+05 1.696628631130804133e+05 5.400845131359891820e+04 9.386374291866108251e+04 -4.090760205236407637e+04 4.618459678385955282e+06 1.608362131695239572e+06 7.835782676199731650e+05 9.297598459411257863e+03 9.205330424611323979e+05 3.148237100938865915e+06 6.566126557918041945e+05 1.071490342040201358e+05 2.893003651445942814e+05
-4.791962936320339795e+05 2.054343733574073121e+05 -4.374411646049778938e+04 3.689199881936216116e+04 5.815823415229503735e+04 5.469211312114930479e+04 8.094129655132607695e+03 4.167115575499089027e+04 7.660649467539459874e+04 3.333690051704098471e+06 3.225842679613520158e+05 5.151114527742026839e+05 3.328045880106378463e+05 9.230540549067952670e+05 6.566126557918041945e+05 1.954978347396161407e+06 1.296476691301161918e+05 1.981262081527382834e+05
5.126472319692415767e+05 -3.627252124673396465e+05 -9.361927700976170308e+04 2.355207728499119185e+03 -5.138080305400952784e+04 -3.465204324517680652e+04 2.200467067427231996e+03 7.491927388937889191e+04 5.678972762567555765e+04 2.289901402554055210e+06 -6.295831630360378185e+05 -2.102938919057341118e+05 1.747578261650174973e+05 -8.735296670312497008e+04 1.071490342040201358e+05 1.296476691301161918e+05 5.531680827557571465e+05 2.417857343907541945e+05
-8.358320888035571261e+04 -4.334325589310026407e+04 2.870207145465613576e+05 1.532794059780484822e+05 -3.021396456205780487e+04 1.419094173944086106e+04 5.093995850403663644e+04 1.484600687434068241e+05 4.129848363339874049e+04 1.943677258878784487e+06 1.966037326168738073e+05 4.870502700021074270e+04 4.154464501843184116e+05 -3.345493302094610408e+04 2.893003651445942814e+05 1.981262081527382834e+05 2.417857343907541945e+05 7.746594051520671928e+05
