# lambda=0.7434946287833005
4.902474270009090006e+07 -4.073548922646032297e+05 -1.303263451523163822e+06 -3.822403823325618287e+05 2.010040524785375164e+05 3.449807202397917863e+05 -4.135204787000952638e+05 8.742230646557539876e+04 2.199038254671599498e+04 3.722854017565095797e+06 -7.106694773228258826e+06 -1.663538060978926485e+06 -1.733726296484081540e+06 3.564116985760884709e+05 8.950586324893357232e+05 4.630350958288157708e+05 9.148925575304984814e+05 -7.095123255031587905e+04
-4.073548922646032297e+05 1.744896632658182085e+07 2.534166718425069703e+05 4.315727245806375286e+05 -3.174267397722438182e+04 -1.322395183473420620e+05 -3.051143342544837287e+04 -1.730753848483910770e+04 9.852514750124100829e+04 3.392694801508203615e+06 2.979223193159921095e+06 7.534554934155433439e+05 7.582512491514715366e+05 3.007537167236966197e+05 -2.181177975964328216e+05 -2.745272775105311885e+05 -1.947966511994061875e+05 2.047610663701502199e+05
-1.303263451523163822e+06 2.534166718425069703e+05 5.986084615856220946e+06 3.537185082802401157e+05 3.526495364086715563e+04 -3.186660838944215357e+04 2.029130248442409356e+04 2.609001207106895163e+04 5.446358820140660828e+04 -3.138053094616349787e+06 1.858578746396221453e+06 9.742370826260254253e+05 2.738070983758968068e+05 4.929890118835600151e+04 1.214078613869004621e+05 -1.118874577458976128e+05 -3.553646172845227411e+05 1.469380157522499030e+04
-3.822403823325618287e+05 4.315727245806375286e+05 3.537185082802401157e+05 2.633847098567549605e+06 -9.230145987524712109e+04 -7.657866248558924781e+03 1.823050253221020103e+04 3.433719598489054624e+04 -1.525227281066402247e+04 -1.731249589519879315e+06 1.132109214216604363e+06 5.332205530267467111e+04 7.583272383701479994e+05 1.419695132731863996e+05 -3.148311413436297153e+04 -6.841600704970270453e+04 5.102097914675194625e+04 4.280790269308963616e+04
2.010040524785375164e+05 -3.174267397722438182e+04 3.526495364086715563e+04 -9.230145987524712109e+04 1.048864574231043691e+06 4.551817142553535814e+04 1.185663049944516933e+04 -1.585249826079488412e+04 2.010668679890869271e+03 2.313142807476026937e+05 -3.418119569496017066e+05 -1.497137159554000245e+05 -1.922572372975389007e+05 2.368568973358925723e+05 6.637703054379279820e+03 1.412563114694993128e+05 5.833752339536786894e+04 -4.242248182015005295e+04
3.449807202397917863e+05 -1.322395183473420620e+05 -3.186660838944215357e+04 -7.657866248558924781e+03 4.551817142553535814e+04 7.875682154091456905e+05 4.095501541818324768e+04 -2.360487257738887638e+04 -1.530581034554327198e+04 -6.607652529473881004e+05 -4.566561758998180740e+05 -2.606057998032434843e+05 -2.889847898452742957e+05 -5.928301210842891305e+04 1.165841874032669584e+05 8.289351692769676447e+04 -2.819447755145202973e+04 -5.213540927094810468e+04
-4.135204787000952638e+05 -3.051143342544837287e+04 2.029130248442409356e+04 1.823050253221020103e+04 1.185663049944516933e+04 4.095501541818324768e+04 2.257011600454428699e+05 -1.634089489075417987e+04 -9.137717919543483731e+03 -7.583395443709824467e+05 1.306556561682777392e+05 -8.738903474718735379e+04 -8.253715911966330896e+04 -1.258252042305536015e+05 -8.591699775777728064e+03 -1.058418289592312249e+04 -3.463690911221344868e+04 -6.322396342259815356e+03
8.742230646557539876e+04 -1.730753848483910770e+04 2.609001207106895163e+04 3.433719598489054624e+04 -1.585249826079488412e+04 -2.360487257738887638e+04 -1.634089489075417987e+04 9.416549906712434313e+04 3.780691016563054291e+03 -1.326749831374737259e+05 1.146037483683574974e+05 2.185616184555966465e+05 1.038790909645633365e+05 7.645834703855113185e+04 -2.656359879918234583e+04 -1.923999286916137862e+04 -2.027558502466212929e+02 2.297366195789380072e+04
2.199038254671599498e+04 9.852514750124100829e+04 5.446358820140660828e+04 -1.525227281066402247e+04 2.010668679890869271e+03 -1.530581034554327198e+04 -9.137717919543483731e+03 3.780691016563054291e+03 1.032992295057924639e+05 1.067217473845123168e+05 1.873066498019526771e+05 1.563836771283261987e+04 9.857080019038159662e+03 1.385009462607466776e+04 1.495914682221121438e+04 -1.433044433266825399e+04 -2.101033131777855306e+04 2.411213421980212297e+04
3.722854017565095797e+06 3.392694801508203615e+06 -3.138053094616349787e+06 -1.731249589519879315e+06 2.313142807476026937e+05 -6.607652529473881004e+05 -7.583395443709824467e+05 -1.326749831374737259e+05 1.067217473845123168e+05 1.967521529881041944e+08 -7.365912852279115468e+06 -5.861598033854117617e+06 1.847916127489884151e+06 7.458565984721375862e+05 -9.744414168002962833e+05 1.006929651073742076e+06 1.134018225285875611e+06 4.344665682021546527e+05
-7.106694773228258826e+06 2.979223193159921095e+06 1.858578746396221453e+06 1.132109214216604363e+06 -3.418119569496017066e+05 -4.566561758998180740e+05 1.306556561682777392e+05 1.146037483683574974e+05 1.873066498019526771e+05 -7.365912852279115468e+06 6.988904905219268799e+07 4.804148456059636548e+06 1.621878538985646795e+06 4.191777717498287675e+05 -7.724005037447205978e+05 -8.432555099481669022e+05 -1.367709737439702731e+06 6.476406903250402538e+05
-1.663538060978926485e+06 7.534554934155433439e+05 9.742370826260254253e+05 5.332205530267467111e+04 -1.497137159554000245e+05 -2.606057998032434843e+05 -8.738903474718735379e+04 2.185616184555966465e+05 1.563836771283261987e+04 -5.861598033854117617e+06 4.804148456059636548e+06 3.004517826087458804e+07 1.056100715914798348e+05 4.260291071635037661e+05 -1.832130351127813919e+05 -4.128611864730477682e+05 -8.768396971496505430e+05 2.830132689899518737e+05
-1.733726296484081540e+06 7.582512491514715366e+05 2.738070983758968068e+05 7.583272383701479994e+05 -1.922572372975389007e+05 -2.889847898452742957e+05 -8.253715911966330896e+04 1.038790909645633365e+05 9.857080019038159662e+03 1.847916127489884151e+06 1.621878538985646795e+06 1.056100715914798348e+05 1.542910267163351923e+07 6.440537014898493653e+05 -4.443110454831848037e+05 -3.328734857898362679e+05 1.614952152341982001e+05 1.164027414613189176e+05
3.564116985760884709e+05 3.007537167236966197e+05 4.929890118835600151e+04 1.419695132731863996e+05 2.368568973358925723e+05 -5.928301210842891305e+04 -1.258252042305536015e+05 7.645834703855113185e+04 1.385009462607466776e+04 7.458565984721375862e+05 4.191777717498287675e+05 4.260291071635037661e+05 6.440537014898493653e+05 4.939459237167622894e+06 -7.123582236169502721e+04 9.614562120835875976e+04 2.920706137588464189e+05 -4.918720674895762386e+03
8.950586324893357232e+05 -2.181177975964328216e+05 1.214078613869004621e+05 -3.148311413436297153e+04 6.637703054379279820e+03 1.165841874032669584e+05 -8.591699775777728064e+03 -2.656359879918234583e+04 1.495914682221121438e+04 -9.744414168002962833e+05 -7.724005037447205978e+05 -1.832130351127813919e+05 -4.443110454831848037e+05 -7.123582236169502721e+04 2.120993014126813039e+06 6.435837539256791933e+04 4.647946215804908206e+03 -1.498825072633499221e+05
4.630350958288157708e+05 -2.745272775105311885e+05 -1.118874577458976128e+05 -6.841600704970270453e+04 1.412563114694993128e+05 8.289351692769676447e+04 -1.058418289592312249e+04 -1.923999286916137862e+04 -1.433044433266825399e+04 1.006929651073742076e+06 -8.432555099481669022e+05 -4.128611864730477682e+05 -3.328734857898362679e+05 9.614562120835875976e+04 6.435837539256791933e+04 8.189997058523052838e+05 1.009982038476992893e+05 -7.524295829444870469e+04
9.148925575304984814e+05 -1.947966511994061875e+05 -3.553646172845227411e+05 5.102097914675194625e+04 5.833752339536786894e+04 -2.819447755145202973e+04 -3.463690911221344868e+04 -2.027558502466212929e+02 -2.101033131777855306e+04 1.134018225285875611e+06 -1.367709737439702731e+06 -8.768396971496505430e+05 1.614952152341982001e+05 2.920706137588464189e+05 4.647946215804908206e+03 1.009982038476992893e+05 1.540834468628791161e+06 -5.419643621027402696e+04
-7.095123255031587905e+04 2.047610663701502199e+05 1.469380157522499030e+04 4.280790269308963616e+04 -4.242248182015005295e+04 -5.213540927094810468e+04 -6.322396342259815356e+03 2.297366195789380072e+04 2.411213421980212297e+04 4.344665682021546527e+05 6.476406903250402538e+05 2.830132689899518737e+05 1.164027414613189176e+05 -4.918720674895762386e+03 -1.498825072633499221e+05 -7.524295829444870469e+04 -5.419643621027402696e+04 7.306701378447350580e+05
