# lambda=0.5760317838662923
5.639655523112271726e+07 1.788963840146222850e+06 1.138407865443586605e+06 1.826101222960983170e+06 1.127319196770053823e+06 1.482496443273012119e+05 -4.233900421890856524e+04 5.105267395071412902e+05 4.244665813562648691e+04 2.991930376476398855e+07 1.561399726526828483e+06 2.122920516698139720e+06 4.204575883507964318e+05 8.445155606250475394e+05 1.238402743002901785e+06 8.951985726612271974e+05 -1.374266694604179647e+05 -6.517295050725318724e+05
1.788963840146222850e+06 1.619579545718460158e+07 1.352363167933784425e+05 2.019774120428869210e+05 6.968635456123846816e+05 -1.251345214929837384e+05 -1.579686765830143413e+05 -2.291077101086243638e+05 9.430769614109712711e+04 -1.974761397085497389e+06 6.800906073357312009e+06 2.603634815449039452e+06 7.084433693011346040e+05 -3.192043576120011276e+05 -9.458695930787632242e+05 -1.235125115177255590e+06 -5.719549057717004325e+05 -2.680289115601381054e+05
1.138407865443586605e+06 1.352363167933784425e+05 6.375012737176714465e+06 6.670436462044075597e+05 -2.417229185674487962e+05 2.420001793304753373e+05 1.792380519674562092e+05 7.812847293447752600e+04 -1.445617115268088237e+05 2.599023120794165414e+06 2.500522705498806667e+06 2.901256462674245238e+06 1.041563353798563010e+06 -4.131832280564351095e+03 1.140916667668238952e+05 5.440690543256416277e+04 2.159306722860232242e+02 3.374862100575838704e+05
1.826101222960983170e+06 2.019774120428869210e+05 6.670436462044075597e+05 1.613317041503629647e+06 -2.631517077111321487e+04 2.492408278175883243e+04 5.015474019646581291e+04 4.590509201037513412e+04 -3.023966872191227230e+04 -1.101704990993598010e+06 5.583651334894412430e+05 6.390331973576246528e+05 4.697160830997638404e+05 -3.262181107637670939e+05 1.491459664792882977e+05 -1.041003859756686288e+05 8.531126823186363617e+04 7.859744984175250283e+04
1.127319196770053823e+06 6.968635456123846816e+05 -2.417229185674487962e+05 -2.631517077111321487e+04 1.065819584078225307e+06 -5.561391953540466056e+04 -6.265224277753593924e+03 2.164276387548545608e+04 2.846030120869301390e+04 1.153495335341192316e+06 1.460630099573242012e+06 1.060231937857894227e+06 -1.571929821502814011e+05 6.370595781195895979e+05 -1.328011510263397031e+04 -1.574642443249135104e+05 -7.583796289038217219e+04 -1.177461509205067559e+05
1.482496443273012119e+05 -1.251345214929837384e+05 2.420001793304753373e+05 2.492408278175883243e+04 -5.561391953540466056e+04 7.168950613754926017e+05 6.098893441275261284e+04 2.748710063869403166e+04 -4.639929342232373892e+04 -2.933628505215669284e+05 -1.416359973033359856e+05 1.624258120330135571e+05 2.437598093403610692e+05 -4.910701665090340248e+04 3.115889744040144142e+05 1.367338430355821911e+05 2.408016994089608488e+04 -2.358721924692027824e+04
-4.233900421890856524e+04 -1.579686765830143413e+05 1.792380519674562092e+05 5.015474019646581291e+04 -6.265224277753593924e+03 6.098893441275261284e+04 3.841900763519525062e+05 -1.495749687505807015e+04 -3.225370283583539640e+04 -1.862593194891621533e+04 3.314484263624881278e+05 5.822743191958074458e+05 5.207589849140139268e+04 -1.266122705382805580e+05 -4.571834051358200668e+04 4.541991522277877812e+04 3.368758893824785628e+04 4.498890943053930823e+04
5.105267395071412902e+05 -2.291077101086243638e+05 7.812847293447752600e+04 4.590509201037513412e+04 2.164276387548545608e+04 2.748710063869403166e+04 -1.495749687505807015e+04 2.948734860896500759e+05 4.316419673628688179e+04 1.049840345562429633e+06 -2.486370901428371144e+05 -2.761578489644986694e+05 -9.983741857131113647e+03 6.925549023776414106e+04 1.543677868196255295e+05 2.991836828257083107e+04 5.406593157457008783e+04 3.976712821434244688e+04
4.244665813562648691e+04 9.430769614109712711e+04 -1.445617115268088237e+05 -3.023966872191227230e+04 2.846030120869301390e+04 -4.639929342232373892e+04 -3.225370283583539640e+04 4.316419673628688179e+04 1.294272609208225622e+05 5.297153328527251724e+05 -1.933161738166807336e+05 -3.645258421067846939e+05 -7.607963993991071766e+04 -4.008341635100181884e+04 2.692832365990270046e+04 -3.560009776663812954e+04 2.214268358361260107e+04 1.066629215592677610e+04
2.991930376476398855e+07 -1.974761397085497389e+06 2.599023120794165414e+06 -1.101704990993598010e+06 1.153495335341192316e+06 -2.933628505215669284e+05 -1.862593194891621533e+04 1.049840345562429633e+06 5.297153328527251724e+05 4.144120708402049541e+08 1.582921150244478835e+06 1.027047769966479950e+07 4.872855652652453864e+05 -4.395201856335947523e+05 -2.838273769089885987e+06 -2.139490724961462896e+06 -2.030989267774275271e+06 1.430026286639900645e+06
1.561399726526828483e+06 6.800906073357312009e+06 2.500522705498806667e+06 5.583651334894412430e+05 1.460630099573242012e+06 -1.416359973033359856e+05 3.314484263624881278e+05 -2.486370901428371144e+05 -1.933161738166807336e+05 1.582921150244478835e+06 6.639927240077552944e+07 1.487106266430698335e+07 1.763874616840079194e+06 1.612901129885199713e+06 -3.481229265548493247e+06 -3.324384588700831868e+06 -5.950197785628065467e+05 -4.735894920138045563e+05
2.122920516698139720e+06 2.603634815449039452e+06 2.901256462674245238e+06 6.390331973576246528e+05 1.060231937857894227e+06 1.624258120330135571e+05 5.822743191958074458e+05 -2.761578489644986694e+05 -3.645258421067846939e+05 1.027047769966479950e+07 1.487106266430698335e+07 3.794633094486384839e+07 2.679276920614804607e+06 1.964506611767535331e+06 -1.533305999749087961e+06 -8.439078941578425001e+05 -1.884098217347733444e+05 6.040323751912995795e+04
4.204575883507964318e+05 7.084433693011346040e+05 1.041563353798563010e+06 4.697160830997638404e+05 -1.571929821502814011e+05 2.437598093403610692e+05 5.207589849140139268e+04 -9.983741857131113647e+03 -7.607963993991071766e+04 4.872855652652453864e+05 1.763874616840079194e+06 2.679276920614804607e+06 4.667596728428184986e+06 -1.553149067860505311e+05 1.523471088644196971e+04 1.782329765774776170e+05 -6.632787126146457740e+04 2.730157287303279372e+04
8.445155606250475394e+05 -3.192043576120011276e+05 -4.131832280564351095e+03 -3.262181107637670939e+05 6.370595781195895979e+05 -4.910701665090340248e+04 -1.266122705382805580e+05 6.925549023776414106e+04 -4.008341635100181884e+04 -4.395201856335947523e+05 1.612901129885199713e+06 1.964506611767535331e+06 -1.553149067860505311e+05 7.760649566273260862e+06 6.331405704283132218e+05 4.918761360292551690e+05 9.614933752243602066e+04 -3.461205686052031233e+05
1.238402743002901785e+06 -9.458695930787632242e+05 1.140916667668238952e+05 1.491459664792882977e+05 -1.328011510263397031e+04 3.115889744040144142e+05 -4.571834051358200668e+04 1.543677868196255295e+05 2.692832365990270046e+04 -2.838273769089885987e+06 -3.481229265548493247e+06 -1.533305999749087961e+06 1.523471088644196971e+04 6.331405704283132218e+05 4.479328618506237864e+06 8.196559431227648165e+05 1.588497512291293242e+05 -1.088755834999609797e+05
8.951985726612271974e+05 -1.235125115177255590e+06 5.440690543256416277e+04 -1.041003859756686288e+05 -1.574642443249135104e+05 1.367338430355821911e+05 4.541991522277877812e+04 2.991836828257083107e+04 -3.560009776663812954e+04 -2.139490724961462896e+06 -3.324384588700831868e+06 -8.439078941578425001e+05 1.782329765774776170e+05 4.918761360292551690e+05 8.196559431227648165e+05 3.418692403562474996e+06 8.693090524271274626e+04 -1.604629033084517287e+05
-1.374266694604179647e+05 -5.719549057717004325e+05 2.159306722860232242e+02 8.531126823186363617e+04 -7.583796289038217219e+04 2.408016994089608488e+04 3.368758893824785628e+04 5.406593157457008783e+04 2.214268358361260107e+04 -2.030989267774275271e+06 -5.950197785628065467e+05 -1.884098217347733444e+05 -6.632787126146457740e+04 9.614933752243602066e+04 1.588497512291293242e+05 8.693090524271274626e+04 9.348307764072871068e+05 1.190016887040152797e+05
-6.517295050725318724e+05 -2.680289115601381054e+05 3.374862100575838704e+05 7.859744984175250283e+04 -1.177461509205067559e+05 -2.358721924692027824e+04 4.498890943053930823e+04 3.976712821434244688e+04 1.066629215592677610e+04 1.430026286639900645e+06 -4.735894920138045563e+05 6.040323751912995795e+04 2.730157287303279372e+04 -3.461205686052031233e+05 -1.088755834999609797e+05 -1.604629033084517287e+05 1.190016887040152797e+05 6.969181701470137341e+05
