# lambda=0.830753517587083
1.953151400872679055e+07 -2.677377994840784231e+05 -1.779189801899329177e+05 1.943140815679669031e+05 -2.839617257925319718e+05 4.069948256780139491e+04 5.897341597626066505e+04 -1.212068844182325702e+05 -1.185301953674931428e+04 1.442708524279437959e+06 -4.799435751629849547e+05 -8.900769117200245382e+05 1.026323373770594044e+05 1.453216813947471674e+05 -2.674168554793735384e+05 -1.424500993807833001e+05 3.506706792562070041e+04 -2.167785136142747069e+05
-2.677377994840784231e+05 1.192851582532637380e+07 4.231134847562788054e+05 -1.436563759576234734e+05 -5.570959701995088835e+04 6.075498136093610810e+04 1.056337862443936319e+05 8.868569805364859349e+03 -1.902362245690436976e+04 4.178568710954166949e+06 1.492521604545029346e+06 1.045519745426517911e+06 -3.082349490412155501e+04 -1.824368152547991776e+05 3.462844592352617765e+05 1.219335066458913207e+05 -1.399829378034353722e+05 -1.420037903020100784e+05
-1.779189801899329177e+05 4.231134847562788054e+05 4.184919297874299344e+06 4.413468811823525903e+04 -4.793324937781849439e+04 -3.548770582392141660e+04 -6.541177569092345948e+03 4.445504361007863190e+04 -8.373285559408337576e+03 -1.232320790275287436e+05 -8.860630352622242935e+04 7.114646365501688560e+05 -7.092211312717627152e+04 -4.189905821745495778e+05 5.806129317379827989e+04 1.202331680434843583e+05 1.101192881527152203e+05 1.482483492877260142e+04
1.943140815679669031e+05 -1.436563759576234734e+05 4.413468811823525903e+04 2.176291014565915801e+06 7.865820693188194127e+04 -4.271359130002721940e+04 -3.685960925764607236e+04 -2.723797221329601598e+04 -1.334823361113681676e+04 3.855480989497252740e+05 1.163037297640273173e+05 -1.210462909810802375e+05 -9.129470767502704985e+04 9.080540885704937682e+04 4.298661072795267501e+03 -6.752805093152490372e+03 -2.502013111014047536e+04 2.332157610201085845e+04
-2.839617257925319718e+05 -5.570959701995088835e+04 -4.793324937781849439e+04 7.865820693188194127e+04 1.151058216534859035e+06 -1.820939378709417360e+04 -1.191167180979466502e+04 4.146094909630849543e+03 8.925138805654441967e+02 -6.880244496335131116e+05 -2.234671394626187248e+04 -6.876965629367866495e+04 2.081404618442961146e+04 1.401768402905357070e+05 -2.450330906087469702e+04 -2.460811351991465472e+03 -5.135872512909250509e+04 -8.630631057183410348e+02
4.069948256780139491e+04 6.075498136093610810e+04 -3.548770582392141660e+04 -4.271359130002721940e+04 -1.820939378709417360e+04 6.140858028340401361e+05 2.503609180008660405e+04 -1.251252177642094921e+03 7.853196232567796869e+03 3.004282847047811374e+05 1.099715087515265477e+05 -6.810306792716766358e+04 6.738696966204918863e+04 5.078184779136604629e+04 6.568921417203852616e+04 3.256087321425001574e+04 2.838341651085037302e+04 -1.702686336241101162e+04
5.897341597626066505e+04 1.056337862443936319e+05 -6.541177569092345948e+03 -3.685960925764607236e+04 -1.191167180979466502e+04 2.503609180008660405e+04 2.535320522995571373e+05 2.884270607719059171e+03 -1.889915774659944645e+03 2.863738410901100724e+05 6.236342343464519945e+04 -3.789262652363188681e+04 1.057944694921283808e+05 -2.253085553195863758e+04 1.663222120901466405e+04 3.020020814874346615e+04 -1.259807098470847632e+04 -1.494604937392164356e+04
-1.212068844182325702e+05 8.868569805364859349e+03 4.445504361007863190e+04 -2.723797221329601598e+04 4.146094909630849543e+03 -1.251252177642094921e+03 2.884270607719059171e+03 2.684884137224803562e+05 2.496884813669583764e+03 -1.432927144574869017e+05 -4.433975996879374725e+04 -5.208133266222128441e+04 3.571760942360328045e+04 -2.448021760908366196e+04 1.642917490971365623e+04 2.986932153137552814e+04 5.797430205497423594e+04 3.208190999731522970e+04
-1.185301953674931428e+04 -1.902362245690436976e+04 -8.373285559408337576e+03 -1.334823361113681676e+04 8.925138805654441967e+02 7.853196232567796869e+03 -1.889915774659944645e+03 2.496884813669583764e+03 4.939253482836730836e+04 -4.409853590494164382e+04 -1.593923110689637178e+04 7.106407086793571943e+04 -8.565041665770670079e+03 3.324568157554182835e+04 2.868747483384530642e+04 3.285742301864589081e+03 4.837551502602443179e+03 -2.122438407948251097e+03
1.442708524279437959e+06 4.178568710954166949e+06 -1.232320790275287436e+05 3.855480989497252740e+05 -6.880244496335131116e+05 3.004282847047811374e+05 2.863738410901100724e+05 -1.432927144574869017e+05 -4.409853590494164382e+04 1.551221647403311729e+08 3.126201306122786831e+06 1.044386546578992420e+05 1.007097366092307726e+06 9.218354607011950575e+05 1.738255400376431411e+06 1.665450825406818476e+05 -5.997526383297052234e+05 -4.199350660214464297e+05
-4.799435751629849547e+05 1.492521604545029346e+06 -8.860630352622242935e+04 1.163037297640273173e+05 -2.234671394626187248e+04 1.099715087515265477e+05 6.236342343464519945e+04 -4.433975996879374725e+04 -1.593923110689637178e+04 3.126201306122786831e+06 4.234667425425259024e+07 9.268320348519033287e+05 -1.193973121905394830e+06 -2.548011680289061333e+05 6.862560314669801155e+05 -1.376724740854596312e+05 -8.737430986915286630e+05 -2.102597093360921426e+05
-8.900769117200245382e+05 1.045519745426517911e+06 7.114646365501688560e+05 -1.210462909810802375e+05 -6.876965629367866495e+04 -6.810306792716766358e+04 -3.789262652363188681e+04 -5.208133266222128441e+04 7.106407086793571943e+04 1.044386546578992420e+05 9.268320348519033287e+05 2.941007826016372442e+07 -1.082220262513803085e+06 9.342303669720201287e+04 7.499031413765004836e+05 -7.994779858431209868e+04 -2.255290124641233415e+05 -2.837561826823198353e+05
1.026323373770594044e+05 -3.082349490412155501e+04 -7.092211312717627152e+04 -9.129470767502704985e+04 2.081404618442961146e+04 6.738696966204918863e+04 1.057944694921283808e+05 3.571760942360328045e+04 -8.565041665770670079e+03 1.007097366092307726e+06 -1.193973121905394830e+06 -1.082220262513803085e+06 5.542673987974037416e+06 3.913104417480638858e+03 -9.740426064032920112e+04 1.729857241815740126e+05 1.369770886364424077e+05 9.705450013722771837e+04
1.453216813947471674e+05 -1.824368152547991776e+05 -4.189905821745495778e+05 9.080540885704937682e+04 1.401768402905357070e+05 5.078184779136604629e+04 -2.253085553195863758e+04 -2.448021760908366196e+04 3.324568157554182835e+04 9.218354607011950575e+05 -2.548011680289061333e+05 9.342303669720201287e+04 3.913104417480638858e+03 4.166884840210604481e+06 1.966396712729961146e+05 -5.178944192493891023e+04 -5.846207290596692474e+04 -6.824492038410913665e+04
-2.674168554793735384e+05 3.462844592352617765e+05 5.806129317379827989e+04 4.298661072795267501e+03 -2.450330906087469702e+04 6.568921417203852616e+04 1.663222120901466405e+04 1.642917490971365623e+04 2.868747483384530642e+04 1.738255400376431411e+06 6.862560314669801155e+05 7.499031413765004836e+05 -9.740426064032920112e+04 1.966396712729961146e+05 3.230997309948836453e+06 7.577350426701433025e+04 -2.135868134552365518e+04 1.408202488217575046e+04
-1.424500993807833001e+05 1.219335066458913207e+05 1.202331680434843583e+05 -6.752805093152490372e+03 -2.460811351991465472e+03 3.256087321425001574e+04 3.020020814874346615e+04 2.986932153137552814e+04 3.285742301864589081e+03 1.665450825406818476e+05 -1.376724740854596312e+05 -7.994779858431209868e+04 1.729857241815740126e+05 -5.178944192493891023e+04 7.577350426701433025e+04 7.488652251085853204e+05 9.184684468791556719e+04 6.009563753493753757e+04
3.506706792562070041e+04 -1.399829378034353722e+05 1.101192881527152203e+05 -2.502013111014047536e+04 -5.135872512909250509e+04 2.838341651085037302e+04 -1.259807098470847632e+04 5.797430205497423594e+04 4.837551502602443179e+03 -5.997526383297052234e+05 -8.737430986915286630e+05 -2.255290124641233415e+05 1.369770886364424077e+05 -5.846207290596692474e+04 -2.135868134552365518e+04 9.184684468791556719e+04 1.673124648140633712e+06 9.930135167415784963e+04
-2.167785136142747069e+05 -1.420037903020100784e+05 1.482483492877260142e+04 2.332157610201085845e+04 -8.630631057183410348e+02 -1.702686336241101162e+04 -1.494604937392164356e+04 3.208190999731522970e+04 -2.122438407948251097e+03 -4.199350660214464297e+05 -2.102597093360921426e+05 -2.837561826823198353e+05 9.705450013722771837e+04 -6.824492038410913665e+04 1.408202488217575046e+04 6.009563753493753757e+04 9.930135167415784963e+04 6.967440029839671915e+05
