# lambda=0.7042106268977576
5.737663377796862274e+07 1.779304879108527675e+06 2.520672961684336420e+06 4.493074417247781530e+05 3.032068216345244437e+05 3.635042569221619633e+05 3.133945139097562060e+05 4.664274150960462284e+05 -6.561363541889432236e+04 1.163052621760020405e+07 -2.209670659523493610e+06 -9.426144810856203549e+05 2.037549174131538719e+06 2.290868605801945087e+06 -2.174326242331219328e+04 -8.825422465531319613e+05 7.763068162185818655e+05 -1.056285268182509812e+06
1.779304879108527675e+06 1.501074437576257065e+07 1.247338350872519426e+06 5.434402654109164141e+05 2.412125328900982859e+05 1.018233244082699821e+05 1.606536373526432144e+05 3.604772314900940546e+04 -5.434089828404157743e+04 8.383787469631313346e+06 1.168870502555161249e+06 1.616191776154811727e+06 -4.876508528619306744e+05 -3.498679564136176486e+05 7.963509135125614703e+05 -1.737087413973795192e+05 -1.636854498691662739e+05 -3.034459363639775547e+05
2.520672961684336420e+06 1.247338350872519426e+06 8.268122837163120508e+06 4.636582869154224172e+05 -1.245087480276876522e+04 2.846575514563710894e+05 5.705806872236014169e+04 1.074199914947111101e+05 -5.666409508566356635e+03 3.497610605926686898e+06 -8.924603647381867049e+05 6.416144207330424106e+05 -6.945119338457378326e+05 5.374462356063575717e+05 9.515823022304636834e+04 -8.535111398948921124e+04 2.137267252702876867e+05 -3.356196407644870342e+05
4.493074417247781530e+05 5.434402654109164141e+05 4.636582869154224172e+05 2.809948825643392280e+06 1.437452837212208833e+05 -3.830589410929080623e+04 -2.260152627521648901e+04 5.388246377175379894e+04 1.106664272282857746e+04 2.000256849206229672e+06 8.752247889814621885e+04 6.404492077506076312e+05 -2.556526846185567138e+03 5.972322906451164745e+05 7.882193019901787920e+04 -2.204239419622906717e+05 -4.343341126430635995e+03 1.722056950345172663e+04
3.032068216345244437e+05 2.412125328900982859e+05 -1.245087480276876522e+04 1.437452837212208833e+05 1.028289262321420480e+06 3.927596770309509884e+04 3.301801994382095290e+04 2.031914094299972930e+04 7.061315111605160928e+04 9.000821194576639682e+05 8.473414344634263543e+05 9.816806888352126407e+04 -2.190660532584048342e+05 2.473044413926269917e+05 2.137542218257226632e+05 3.884161074325138179e+04 -1.731219067541334152e+04 4.870550520031385531e+04
3.635042569221619633e+05 1.018233244082699821e+05 2.846575514563710894e+05 -3.830589410929080623e+04 3.927596770309509884e+04 5.363006078635259764e+05 4.877373322349868977e+04 2.552935467936410714e+04 7.971476089687701460e+03 8.152879655083758989e+05 -3.468893668068735278e+05 -7.992810408169288712e+04 -2.183591429777843587e+05 7.214872199313204328e+04 1.179797350126465899e+05 -1.684948541507675691e+04 2.684157219555885968e+04 -7.620422139861232426e+04
3.133945139097562060e+05 1.606536373526432144e+05 5.705806872236014169e+04 -2.260152627521648901e+04 3.301801994382095290e+04 4.877373322349868977e+04 2.667025280410509440e+05 2.108140758003934388e+04 2.268506605967408905e+04 5.031899693848430179e+05 -5.185993985908299219e+05 8.605945570654311450e+04 -3.034114792063848290e+04 3.037544880534524054e+04 3.287860818659055076e+04 -2.343028578539029331e+04 1.743669993955857365e+02 2.497280097556252804e+04
4.664274150960462284e+05 3.604772314900940546e+04 1.074199914947111101e+05 5.388246377175379894e+04 2.031914094299972930e+04 2.552935467936410714e+04 2.108140758003934388e+04 2.111244174929259461e+05 -2.173758463582827517e+03 4.595944171398243634e+05 1.045044436452590617e+03 -1.124234835550202661e+04 6.338378476071437035e+04 2.039591949819918373e+05 -4.119886472536899419e+03 -3.156578219480373082e+04 3.770726716540069174e+04 -1.264594130071447762e+04
-6.561363541889432236e+04 -5.434089828404157743e+04 -5.666409508566356635e+03 1.106664272282857746e+04 7.061315111605160928e+04 7.971476089687701460e+03 2.268506605967408905e+04 -2.173758463582827517e+03 1.760962345273190585e+05 -1.010201205660133273e+05 -1.274268096442683600e+05 6.193990438488666405e+04 -2.062153424914531934e+04 6.065523488721180911e+04 3.117859370666136238e+04 4.476346547474942054e+04 -2.317212045536175356e+04 5.513836038525968615e+04
1.163052621760020405e+07 8.383787469631313346e+06 3.497610605926686898e+06 2.000256849206229672e+06 9.000821194576639682e+05 8.152879655083758989e+05 5.031899693848430179e+05 4.595944171398243634e+05 -1.010201205660133273e+05 1.262163514132558405e+08 -2.894924336395843886e+06 5.856073462301579304e+06 -4.097919013024233282e+05 1.609057857359652407e+06 1.524953570869093761e+06 -1.468379594785836991e+06 -1.490761995839158772e+05 -1.113540317231275607e+06
-2.209670659523493610e+06 1.168870502555161249e+06 -8.924603647381867049e+05 8.752247889814621885e+04 8.473414344634263543e+05 -3.468893668068735278e+05 -5.185993985908299219e+05 1.045044436452590617e+03 -1.274268096442683600e+05 -2.894924336395843886e+06 1.019196995425443947e+08 3.044903750727139413e+06 -2.361570876479138678e+04 -5.424962378072104184e+05 2.164849544007459655e+06 1.190718085335588781e+06 1.524798934550939826e+06 3.934180192078934488e+04
-9.426144810856203549e+05 1.616191776154811727e+06 6.416144207330424106e+05 6.404492077506076312e+05 9.816806888352126407e+04 -7.992810408169288712e+04 8.605945570654311450e+04 -1.124234835550202661e+04 6.193990438488666405e+04 5.856073462301579304e+06 3.044903750727139413e+06 1.893921976964890957e+07 5.750449532734035893e+04 -1.132394613254584110e+05 2.869387900535291410e+05 3.211714949801606708e+05 8.954487528983510856e+04 2.638770237168927561e+05
2.037549174131538719e+06 -4.876508528619306744e+05 -6.945119338457378326e+05 -2.556526846185567138e+03 -2.190660532584048342e+05 -2.183591429777843587e+05 -3.034114792063848290e+04 6.338378476071437035e+04 -2.062153424914531934e+04 -4.097919013024233282e+05 -2.361570876479138678e+04 5.750449532734035893e+04 7.049792218510601670e+06 5.939739343098128447e+05 -2.291391803680699959e+05 1.416758130964127486e+04 2.385578103010395134e+05 8.284528252623116714e+04
2.290868605801945087e+06 -3.498679564136176486e+05 5.374462356063575717e+05 5.972322906451164745e+05 2.473044413926269917e+05 7.214872199313204328e+04 3.037544880534524054e+04 2.039591949819918373e+05 6.065523488721180911e+04 1.609057857359652407e+06 -5.424962378072104184e+05 -1.132394613254584110e+05 5.939739343098128447e+05 7.957100069006050937e+06 1.250209832167769309e+04 3.961130926694435766e+04 2.021402733454613190e+05 5.102773304977628868e+04
-2.174326242331219328e+04 7.963509135125614703e+05 9.515823022304636834e+04 7.882193019901787920e+04 2.137542218257226632e+05 1.179797350126465899e+05 3.287860818659055076e+04 -4.119886472536899419e+03 3.117859370666136238e+04 1.524953570869093761e+06 2.164849544007459655e+06 2.869387900535291410e+05 -2.291391803680699959e+05 1.250209832167769309e+04 2.704075245676509105e+06 8.012937347294598294e+04 1.441788992308710876e+05 3.040271278210260425e+04
-8.825422465531319613e+05 -1.737087413973795192e+05 -8.535111398948921124e+04 -2.204239419622906717e+05 3.884161074325138179e+04 -1.684948541507675691e+04 -2.343028578539029331e+04 -3.156578219480373082e+04 4.476346547474942054e+04 -1.468379594785836991e+06 1.190718085335588781e+06 3.211714949801606708e+05 1.416758130964127486e+04 3.961130926694435766e+04 8.012937347294598294e+04 1.240813269358368590e+06 5.717287028674824978e+04 1.273068997297241003e+05
7.763068162185818655e+05 -1.636854498691662739e+05 2.137267252702876867e+05 -4.343341126430635995e+03 -1.731219067541334152e+04 2.684157219555885968e+04 1.743669993955857365e+02 3.770726716540069174e+04 -2.317212045536175356e+04 -1.490761995839158772e+05 1.524798934550939826e+06 8.954487528983510856e+04 2.385578103010395134e+05 2.021402733454613190e+05 1.441788992308710876e+05 5.717287028674824978e+04 1.073903366034083767e+06 -3.789221547888823989e+04
-1.056285268182509812e+06 -3.034459363639775547e+05 -3.356196407644870342e+05 1.722056950345172663e+04 4.870550520031385531e+04 -7.620422139861232426e+04 2.497280097556252804e+04 -1.264594130071447762e+04 5.513836038525968615e+04 -1.113540317231275607e+06 3.934180192078934488e+04 2.638770237168927561e+05 8.284528252623116714e+04 5.102773304977628868e+04 3.040271278210260425e+04 1.273068997297241003e+05 -3.789221547888823989e+04 1.095086955445968080e+06
