# lambda=0.5380238011797244
2.698765253195424378e+07 3.796540603953496553e+06 -3.562633460062931990e+05 -6.622211012233414222e+05 -8.641372345669310307e+05 -4.351633127032496268e+05 -5.740866885810265085e+05 2.994735129748695763e+05 -2.378466940613999031e+05 1.652860830095818080e+07 1.176684946840701392e+06 -4.501489716471402906e+06 -1.220931276922476012e+06 2.110215986491775839e+05 4.375065427051841398e+05 -7.972633623908034679e+03 -2.794962456836307538e+05 3.190719237382950378e+05
3.796540603953496553e+06 3.114770013201445714e+07 1.345968847404320259e+06 1.944643904504888691e+06 -5.120026903113627486e+04 5.596969914608147228e+05 -4.313005128670299309e+05 2.749998651070454507e+05 8.342227923910827667e+04 7.713623739542238582e+03 7.633721916229936760e+05 -4.709551187274848111e+06 3.728627677047388162e+06 1.510367005992218386e+06 3.122053289036307833e+05 -1.504316370261136442e+06 1.677737163657364727e+05 -1.389273895110477461e+05
-3.562633460062931990e+05 1.345968847404320259e+06 3.725851132496480364e+06 -8.373210498847027338e+03 -3.006138844368385035e+05 -6.184925706886099942e+04 -2.049682301937844895e+05 -1.297478502914405835e+05 6.650912555291421086e+03 2.064171133107734611e+06 2.137656624740783125e+06 1.631841743236939888e+06 1.501070596215066966e+06 8.716648370790889021e+05 -3.296432861011112691e+05 7.223694627946216497e+04 2.854004818373795133e+05 1.847400484727240982e+05
-6.622211012233414222e+05 1.944643904504888691e+06 -8.373210498847027338e+03 3.723665038547225762e+06 2.201379975335419003e+05 2.748432759828093695e+05 1.090043971367208869e+05 1.157517585287334950e+05 4.723205184253983316e+04 -4.197788103344018571e+06 -1.715383659387862310e+06 5.736720297266265843e+05 1.838168010002297116e+06 5.411773621845488669e+05 5.666760708316157106e+05 -1.115131250862175657e+05 2.161839671191364178e+05 -2.175870266591011605e+05
-8.641372345669310307e+05 -5.120026903113627486e+04 -3.006138844368385035e+05 2.201379975335419003e+05 1.255737043561970582e+06 2.149217106720551965e+05 8.607604837308692368e+03 -6.968799426501730341e+04 -6.421803393892694658e+03 -4.336297966397684999e+06 6.983615215168936411e+05 -6.550241954438523389e+05 -9.742852495109244774e+04 -1.510308432568868157e+05 -7.603628285811052774e+04 -2.421014213399690198e+04 -4.361467022574824114e+03 -1.301650629904809175e+05
-4.351633127032496268e+05 5.596969914608147228e+05 -6.184925706886099942e+04 2.748432759828093695e+05 2.149217106720551965e+05 4.957760460499078035e+05 2.584525281391646786e+04 2.001195598405470810e+04 3.116657808491720425e+04 -2.596077852116907015e+06 -5.223782433312520734e+05 -2.189808934968034155e+05 8.687411159107176354e+04 2.773094505694782711e+05 2.245039221648647508e+05 -5.046354820595232741e+04 7.799075009998863970e+04 -4.511021236039450014e+04
-5.740866885810265085e+05 -4.313005128670299309e+05 -2.049682301937844895e+05 1.090043971367208869e+05 8.607604837308692368e+03 2.584525281391646786e+04 4.104777790299190674e+05 1.956384655657474286e+04 2.913947958302072584e+04 -6.579635794606704731e+05 -1.478947549497049535e+06 4.964220539586976520e+04 2.774899320811542566e+05 -4.747216539928455313e+04 8.965743664997810265e+04 9.090609031329557183e+03 2.895070162905790494e+04 2.005844907787275588e+04
2.994735129748695763e+05 2.749998651070454507e+05 -1.297478502914405835e+05 1.157517585287334950e+05 -6.968799426501730341e+04 2.001195598405470810e+04 1.956384655657474286e+04 2.025174418877903954e+05 -5.556367481113883287e+02 -3.565065693330519716e+05 -7.422624250443169149e+05 -1.151779546073581005e+05 -1.165872510594513733e+05 7.614919783150455623e+04 1.338360595137328492e+05 -2.158843242385891244e+03 -1.061685177132028002e+04 -1.492323846885894636e+04
-2.378466940613999031e+05 8.342227923910827667e+04 6.650912555291421086e+03 4.723205184253983316e+04 -6.421803393892694658e+03 3.116657808491720425e+04 2.913947958302072584e+04 -5.556367481113883287e+02 7.691213814371969784e+04 1.343932164937721973e+05 -3.551328383316719555e+05 7.335954902678323560e+04 -3.118172883266694407e+04 6.957078981157070666e+04 7.811168673780803510e+04 -1.196718835960914112e+04 1.864730172296841920e+04 1.725077795557838544e+04
1.652860830095818080e+07 7.713623739542238582e+03 2.064171133107734611e+06 -4.197788103344018571e+06 -4.336297966397684999e+06 -2.596077852116907015e+06 -6.579635794606704731e+05 -3.565065693330519716e+05 1.343932164937721973e+05 3.433683574040733576e+08 3.358447563759408891e+07 -4.572557699494428001e+06 -3.897519905574318022e+06 -8.950820752044174587e+05 -1.204643833595925011e+06 -9.704358536749824998e+04 -1.047781257009656518e+06 2.803391936709971167e+06
1.176684946840701392e+06 7.633721916229936760e+05 2.137656624740783125e+06 -1.715383659387862310e+06 6.983615215168936411e+05 -5.223782433312520734e+05 -1.478947549497049535e+06 -7.422624250443169149e+05 -3.551328383316719555e+05 3.358447563759408891e+07 9.321176053778511286e+07 -4.995302494266070426e+06 -3.397626311186397797e+05 3.979143084856193746e+05 -4.006906754634190351e+06 -2.672841360017255647e+04 -1.052381023193166126e+06 -1.036612842250824469e+05
-4.501489716471402906e+06 -4.709551187274848111e+06 1.631841743236939888e+06 5.736720297266265843e+05 -6.550241954438523389e+05 -2.189808934968034155e+05 4.964220539586976520e+04 -1.151779546073581005e+05 7.335954902678323560e+04 -4.572557699494428001e+06 -4.995302494266070426e+06 2.564537737726392597e+07 4.048215146437096992e+05 -2.550714774824033157e+04 8.418930060982605210e+05 3.876568676078132121e+05 7.410032264099462191e+05 -2.176874938964522153e+05
-1.220931276922476012e+06 3.728627677047388162e+06 1.501070596215066966e+06 1.838168010002297116e+06 -9.742852495109244774e+04 8.687411159107176354e+04 2.774899320811542566e+05 -1.165872510594513733e+05 -3.118172883266694407e+04 -3.897519905574318022e+06 -3.397626311186397797e+05 4.048215146437096992e+05 1.587893935990283638e+07 8.936558779012215091e+05 -4.732884492931860150e+05 -6.014324582607037155e+05 5.735727990387300961e+05 3.445490587847501738e+05
2.110215986491775839e+05 1.510367005992218386e+06 8.716648370790889021e+05 5.411773621845488669e+05 -1.510308432568868157e+05 2.773094505694782711e+05 -4.747216539928455313e+04 7.614919783150455623e+04 6.957078981157070666e+04 -8.950820752044174587e+05 3.979143084856193746e+05 -2.550714774824033157e+04 8.936558779012215091e+05 4.773072584668038413e+06 7.028950332319620065e+05 1.657314449135664327e+05 2.900185105176509824e+05 2.028678631044580834e+05
4.375065427051841398e+05 3.122053289036307833e+05 -3.296432861011112691e+05 5.666760708316157106e+05 -7.603628285811052774e+04 2.245039221648647508e+05 8.965743664997810265e+04 1.338360595137328492e+05 7.811168673780803510e+04 -1.204643833595925011e+06 -4.006906754634190351e+06 8.418930060982605210e+05 -4.732884492931860150e+05 7.028950332319620065e+05 2.953295709225582890e+06 9.562737628171319375e+04 2.363989806755264872e+05 -8.521936107087189157e+04
-7.972633623908034679e+03 -1.504316370261136442e+06 7.223694627946216497e+04 -1.115131250862175657e+05 -2.421014213399690198e+04 -5.046354820595232741e+04 9.090609031329557183e+03 -2.158843242385891244e+03 -1.196718835960914112e+04 -9.704358536749824998e+04 -2.672841360017255647e+04 3.876568676078132121e+05 -6.014324582607037155e+05 1.657314449135664327e+05 9.562737628171319375e+04 2.015421141175345518e+06 2.635228439802111825e+05 1.279133075485426089e+05
-2.794962456836307538e+05 1.677737163657364727e+05 2.854004818373795133e+05 2.161839671191364178e+05 -4.361467022574824114e+03 7.799075009998863970e+04 2.895070162905790494e+04 -1.061685177132028002e+04 1.864730172296841920e+04 -1.047781257009656518e+06 -1.052381023193166126e+06 7.410032264099462191e+05 5.735727990387300961e+05 2.900185105176509824e+05 2.363989806755264872e+05 2.635228439802111825e+05 9.130559068031680072e+05 1.509015352670565335e+04
3.190719237382950378e+05 -1.389273895110477461e+05 1.847400484727240982e+05 -2.175870266591011605e+05 -1.301650629904809175e+05 -4.511021236039450014e+04 2.005844907787275588e+04 -1.492323846885894636e+04 1.725077795557838544e+04 2.803391936709971167e+06 -1.036612842250824469e+05 -2.176874938964522153e+05 3.445490587847501738e+05 2.028678631044580834e+05 -8.521936107087189157e+04 1.279133075485426089e+05 1.509015352670565335e+04 9.382215636144498130e+05
