# lambda=0.3269833386720813
4.717510604846739769e+07 9.834839368198027834e+06 5.549984809411754832e+05 -1.164091621037089964e+06 2.714774081442519557e+06 2.411786588957607746e+05 8.039725916868766071e+05 3.678909068115498521e+05 1.498632031564434583e+05 3.031549468575693294e+07 9.889090905471509323e+06 -6.477790446439815685e+06 -2.124100791055208072e+06 -2.255798765335723758e+06 7.335804620999721810e+05 9.943514221265652450e+05 1.584546230835935799e+06 -1.836097583480368834e+06
9.834839368198027834e+06 1.499680876114461944e+07 3.300332706579184160e+05 -1.234361315078079700e+06 5.265359995698381681e+05 -2.552864968791488209e+05 7.053663241245322570e+04 2.746911465854553389e+05 1.392000094023466518e+05 7.778671516805378720e+06 7.540984894280493259e+06 -4.821464411018786021e+06 -2.435561791125961114e+06 -9.814527114074790152e+05 -6.314367204235583777e+05 7.392326180410965753e+04 4.290382756652827957e+05 -4.549212115560649545e+05
5.549984809411754832e+05 3.300332706579184160e+05 5.763673000164343044e+06 -3.841687012344117975e+05 -2.376636840553191723e+05 -2.772723252333857818e+05 -3.175316284660216188e+05 8.780652238276076969e+04 -5.698996789715775958e+04 -3.848451809666599147e+06 2.151390991562508512e+06 9.771140101985273650e+05 4.936823163953602489e+03 2.764876276470910525e+05 6.939616256257270288e+04 -1.978200163442292542e+05 -1.275917913635611476e+05 2.882633518668668694e+04
-1.164091621037089964e+06 -1.234361315078079700e+06 -3.841687012344117975e+05 1.762253129345911089e+06 -2.067763860349653696e+05 -9.320026998196529166e+04 9.458823680212126055e+04 4.969360541381880466e+04 7.435180628295109273e+03 -6.082612240650990047e+06 -1.813069827119396999e+06 1.465014443827545503e+06 1.630096362169455504e+06 2.521178410511648399e+05 4.370905739735621610e+05 -1.630602164193552562e+04 -4.354467671381398686e+05 -6.782356208966026315e+04
2.714774081442519557e+06 5.265359995698381681e+05 -2.376636840553191723e+05 -2.067763860349653696e+05 2.237615065520929638e+06 2.994227628502352745e+05 2.255035304325018951e+05 -1.138634282009275339e+05 7.178525144784277654e+04 6.815192290961698629e+06 1.188004135544170626e+06 1.109853046904299175e+06 -1.648959808428403921e+05 -4.389285778275904595e+05 -1.123679936960250343e+05 -2.484658305231632839e+05 9.811762346291917493e+04 -6.742714614016645646e+04
2.411786588957607746e+05 -2.552864968791488209e+05 -2.772723252333857818e+05 -9.320026998196529166e+04 2.994227628502352745e+05 4.331115183929544291e+05 2.615392053011272583e+04 -6.244845180554222316e+04 1.256297637488146756e+04 1.827056015142109711e+06 -7.302474004875496030e+05 -3.726304896736989031e+05 -6.147498840234694217e+04 1.365789888375356677e+05 2.265449974133775395e+05 -1.800925540978706849e+05 1.218862194924861105e+05 3.083950391491936443e+03
8.039725916868766071e+05 7.053663241245322570e+04 -3.175316284660216188e+05 9.458823680212126055e+04 2.255035304325018951e+05 2.615392053011272583e+04 2.692644464972413261e+05 -3.854382362056932152e+02 3.199644138295977245e+04 6.070039820255377563e+05 -4.205525714572858415e+05 3.684171359484246932e+05 1.137165101645435643e+05 -3.831210437831936870e+05 2.093310241488501197e+04 1.500997591496123059e+05 -2.346992338822553938e+04 -1.391447114045164199e+05
3.678909068115498521e+05 2.746911465854553389e+05 8.780652238276076969e+04 4.969360541381880466e+04 -1.138634282009275339e+05 -6.244845180554222316e+04 -3.854382362056932152e+02 2.289724498916110606e+05 2.158888856280900654e+04 -1.305051159623617306e+06 -1.692906909523248032e+05 -2.422340149017212680e+05 2.003333276923359153e+04 1.487149119140518305e+05 1.769334309687051282e+05 5.902724178976625262e+04 7.069486000295034319e+04 1.304531516607185040e+04
1.498632031564434583e+05 1.392000094023466518e+05 -5.698996789715775958e+04 7.435180628295109273e+03 7.178525144784277654e+04 1.256297637488146756e+04 3.199644138295977245e+04 2.158888856280900654e+04 1.257539575179533567e+05 3.134418098790145013e+05 -5.922498755685372744e+05 -2.229282183256882126e+05 -8.180341482938033005e+04 -1.607115199331350741e+05 -3.718709355249247164e+04 -5.706248143630081177e+04 -2.774338092946199595e+03 4.403257689272605057e+04
3.031549468575693294e+07 7.778671516805378720e+06 -3.848451809666599147e+06 -6.082612240650990047e+06 6.815192290961698629e+06 1.827056015142109711e+06 6.070039820255377563e+05 -1.305051159623617306e+06 3.134418098790145013e+05 2.546677646503143013e+08 5.096110478190838546e+07 -1.364928306866413169e+07 -7.772787278123605065e+06 -6.510077312616766430e+06 -9.175470597666512476e+05 -1.074100540572820697e+06 4.922914692606298253e+06 1.302432134604084538e+06
9.889090905471509323e+06 7.540984894280493259e+06 2.151390991562508512e+06 -1.813069827119396999e+06 1.188004135544170626e+06 -7.302474004875496030e+05 -4.205525714572858415e+05 -1.692906909523248032e+05 -5.922498755685372744e+05 5.096110478190838546e+07 8.939437987817661464e+07 2.321406783689540811e+06 -1.727637533842046512e+06 -9.420976957999778679e+05 -3.401605623354605399e+06 1.001802734108650824e+06 6.831776651530299569e+05 1.656436183150863741e+06
-6.477790446439815685e+06 -4.821464411018786021e+06 9.771140101985273650e+05 1.465014443827545503e+06 1.109853046904299175e+06 -3.726304896736989031e+05 3.684171359484246932e+05 -2.422340149017212680e+05 -2.229282183256882126e+05 -1.364928306866413169e+07 2.321406783689540811e+06 2.851146102475308254e+07 3.039302342364679556e+06 1.027422953881287714e+06 -1.545766329481635476e+06 6.486092052723815868e+04 -1.569092658842366887e+06 -3.138621896206514211e+05
-2.124100791055208072e+06 -2.435561791125961114e+06 4.936823163953602489e+03 1.630096362169455504e+06 -1.648959808428403921e+05 -6.147498840234694217e+04 1.137165101645435643e+05 2.003333276923359153e+04 -8.180341482938033005e+04 -7.772787278123605065e+06 -1.727637533842046512e+06 3.039302342364679556e+06 7.940931040317553096e+06 1.369425101946296869e+06 6.138789417072240030e+05 1.619010763702187396e+05 -8.225495599354554433e+05 -3.426060818780525005e+05
-2.255798765335723758e+06 -9.814527114074790152e+05 2.764876276470910525e+05 2.521178410511648399e+05 -4.389285778275904595e+05 1.365789888375356677e+05 -3.831210437831936870e+05 1.487149119140518305e+05 -1.607115199331350741e+05 -6.510077312616766430e+06 -9.420976957999778679e+05 1.027422953881287714e+06 1.369425101946296869e+06 3.810595203477530740e+06 8.422364088629656471e+05 -6.144120559453855094e+03 5.406471305497358117e+04 2.604354059876396495e+05
7.335804620999721810e+05 -6.314367204235583777e+05 6.939616256257270288e+04 4.370905739735621610e+05 -1.123679936960250343e+05 2.265449974133775395e+05 2.093310241488501197e+04 1.769334309687051282e+05 -3.718709355249247164e+04 -9.175470597666512476e+05 -3.401605623354605399e+06 -1.545766329481635476e+06 6.138789417072240030e+05 8.422364088629656471e+05 3.266391294642180204e+06 4.016158583859210485e+05 4.776858589073166368e+05 1.159903480475608812e+05
9.943514221265652450e+05 7.392326180410965753e+04 -1.978200163442292542e+05 -1.630602164193552562e+04 -2.484658305231632839e+05 -1.800925540978706849e+05 1.500997591496123059e+05 5.902724178976625262e+04 -5.706248143630081177e+04 -1.074100540572820697e+06 1.001802734108650824e+06 6.486092052723815868e+04 1.619010763702187396e+05 -6.144120559453855094e+03 4.016158583859210485e+05 1.722918520696832566e+06 7.655848146200558404e+03 -9.823158189697405032e+04
1.584546230835935799e+06 4.290382756652827957e+05 -1.275917913635611476e+05 -4.354467671381398686e+05 9.811762346291917493e+04 1.218862194924861105e+05 -2.346992338822553938e+04 7.069486000295034319e+04 -2.774338092946199595e+03 4.922914692606298253e+06 6.831776651530299569e+05 -1.569092658842366887e+06 -8.225495599354554433e+05 5.406471305497358117e+04 4.776858589073166368e+05 7.655848146200558404e+03 1.451377225246218732e+06 2.925820237631562632e+05
-1.836097583480368834e+06 -4.549212115560649545e+05 2.882633518668668694e+04 -6.782356208966026315e+04 -6.742714614016645646e+04 3.083950391491936443e+03 -1.391447114045164199e+05 1.304531516607185040e+04 4.403257689272605057e+04 1.302432134604084538e+06 1.656436183150863741e+06 -3.138621896206514211e+05 -3.426060818780525005e+05 2.604354059876396495e+05 1.159903480475608812e+05 -9.823158189697405032e+04 2.925820237631562632e+05 8.697152169015663676e+05
