# lambda=0.9371271087461628
6.540445101476562768e+07 -3.055944666643468081e+05 1.575106816692909633e+05 -7.096185863413586048e+04 -6.511311394107336673e+04 2.847096994327940774e+04 -4.721576964625923574e+04 -5.687776921374141966e+04 -2.231086880423691127e+03 2.075048552460367326e+06 -7.226028964939252473e+05 7.252438160248575150e+04 -3.500894348649660242e+05 -1.199003464279997570e+05 1.346540764733100368e+05 3.474804222549397382e+05 1.176534293668387108e+05 5.299023688477875112e+04
-3.055944666643468081e+05 1.862426107082169503e+07 1.813363158272563596e+05 -5.321246618813343957e+04 3.207943361641339652e+04 3.212540321193876480e+03 1.697745618691450363e+04 3.026763625809004225e+03 -1.167679615571041904e+04 -1.003010565477609169e+06 9.741659350564205088e+05 6.216314355262295576e+05 4.390259873188618803e+04 -1.148269025608332595e+05 2.186526631123188781e+04 4.471084150439025689e+04 4.112698787338974216e+04 5.403224360582733789e+04
1.575106816692909633e+05 1.813363158272563596e+05 4.657409070001461543e+06 -3.304865248090334353e+04 2.734868002749806328e+04 -3.116153450904379497e+04 2.082774777371924210e+04 2.056820845272684164e+04 -6.532571391853669411e+03 2.610530240626002487e+05 7.237132369621731050e+04 4.709768375982705038e+05 1.457356117755835585e+05 -9.226073551434050387e+03 -1.569297436736937925e+04 3.745533417776738497e+04 2.936560423204379913e+04 2.473025295649751456e+02
-7.096185863413586048e+04 -5.321246618813343957e+04 -3.304865248090334353e+04 1.634731607222130988e+06 3.911256120167345216e+04 2.465326295480653789e+04 2.885494599479764020e+03 7.837788378792140065e+03 6.247922733431369124e+03 -2.566509240521895117e+05 -3.285767888222592592e+04 8.472200368235315182e+03 1.663905380168446572e+05 -2.695532553942852246e+04 -1.151956690689734751e+04 1.062048971182183777e+04 -5.866669117529442701e+03 7.538655730621686416e+03
-6.511311394107336673e+04 3.207943361641339652e+04 2.734868002749806328e+04 3.911256120167345216e+04 9.138503904907465912e+05 9.760497407955466770e+03 1.204008958440524339e+03 9.148963855997471910e+03 5.667054544908270145e+03 6.381548337679441465e+04 -7.828104232320205483e+04 2.021982724332202451e+03 8.187941959093359765e+04 7.764661248992334549e+03 -1.459322430694070135e+03 1.515268136969008447e+04 -1.604273999859417245e+03 9.332543182148633605e+02
2.847096994327940774e+04 3.212540321193876480e+03 -3.116153450904379497e+04 2.465326295480653789e+04 9.760497407955466770e+03 4.361846833960796939e+05 -6.275262639208151086e+03 -6.040741261978949296e+03 2.596752608535753097e+03 8.623234333262691507e+04 -1.260154750899253668e+04 -7.596131167890927463e+04 -4.087044725271536663e+03 -4.283234573705833100e+03 1.499339252451642642e+04 6.843574300625690739e+03 -8.315039278131989704e+03 6.610782694576458198e+03
-4.721576964625923574e+04 1.697745618691450363e+04 2.082774777371924210e+04 2.885494599479764020e+03 1.204008958440524339e+03 -6.275262639208151086e+03 1.507607495162543491e+05 5.775625301668987959e+03 -1.565233218027748762e+03 -6.001619298290763254e+04 -1.033484140217997992e+04 8.389340752016117040e+04 2.327098294000958413e+04 -1.192766676686388200e+04 -7.447138224308313511e+03 7.715394080029669794e+02 1.227184167712121507e+03 -8.705881229466831428e+03
-5.687776921374141966e+04 3.026763625809004225e+03 2.056820845272684164e+04 7.837788378792140065e+03 9.148963855997471910e+03 -6.040741261978949296e+03 5.775625301668987959e+03 2.062919303228272183e+05 1.495704701120185291e+03 3.783732114992388688e+03 -6.391945486826141132e+04 4.513271767759224167e+04 4.711181992976599577e+04 8.117563518911356368e+03 -1.594907235445775768e+04 4.712510057046028123e+03 7.029679290017900712e+03 -1.263087222880825948e+03
-2.231086880423691127e+03 -1.167679615571041904e+04 -6.532571391853669411e+03 6.247922733431369124e+03 5.667054544908270145e+03 2.596752608535753097e+03 -1.565233218027748762e+03 1.495704701120185291e+03 7.121479556963211508e+04 -4.086947254622472428e+03 3.432284309544855205e+04 -3.636371387508585030e+04 6.777182169303571300e+02 2.397971100608694087e+03 -1.422365722112755248e+04 4.949458834793520509e+03 2.526447253305751474e+03 -3.122250253389750014e+03
2.075048552460367326e+06 -1.003010565477609169e+06 2.610530240626002487e+05 -2.566509240521895117e+05 6.381548337679441465e+04 8.623234333262691507e+04 -6.001619298290763254e+04 3.783732114992388688e+03 -4.086947254622472428e+03 2.514370078436236084e+08 -1.711401119170353049e+06 -9.058411554718251573e+05 -1.051685945801781956e+06 8.609699241010691912e+04 4.445137455320720328e+05 -2.819155562036250485e+05 -2.055854913530788035e+05 -1.507142201998934324e+05
-7.226028964939252473e+05 9.741659350564205088e+05 7.237132369621731050e+04 -3.285767888222592592e+04 -7.828104232320205483e+04 -1.260154750899253668e+04 -1.033484140217997992e+04 -6.391945486826141132e+04 3.432284309544855205e+04 -1.711401119170353049e+06 5.848807309454086423e+07 2.081385303081846214e+05 -1.243154802310647356e+05 -2.884059682263488648e+05 -1.417245410810840840e+05 -3.830460456837699166e+04 6.194176048748323228e+04 -4.585296375981708115e+04
7.252438160248575150e+04 6.216314355262295576e+05 4.709768375982705038e+05 8.472200368235315182e+03 2.021982724332202451e+03 -7.596131167890927463e+04 8.389340752016117040e+04 4.513271767759224167e+04 -3.636371387508585030e+04 -9.058411554718251573e+05 2.081385303081846214e+05 4.304164461860065907e+07 3.861420162655373570e+05 -3.118262758040713379e+05 1.674548405941596138e+04 7.309131059487561288e+04 1.774389314954938527e+04 1.462288304112180231e+04
-3.500894348649660242e+05 4.390259873188618803e+04 1.457356117755835585e+05 1.663905380168446572e+05 8.187941959093359765e+04 -4.087044725271536663e+03 2.327098294000958413e+04 4.711181992976599577e+04 6.777182169303571300e+02 -1.051685945801781956e+06 -1.243154802310647356e+05 3.861420162655373570e+05 1.325137832682745717e+07 6.727464452197283390e+04 -3.607611046841359348e+04 5.345683467289298278e+04 8.914621778307028580e+04 6.069538615321012185e+04
-1.199003464279997570e+05 -1.148269025608332595e+05 -9.226073551434050387e+03 -2.695532553942852246e+04 7.764661248992334549e+03 -4.283234573705833100e+03 -1.192766676686388200e+04 8.117563518911356368e+03 2.397971100608694087e+03 8.609699241010691912e+04 -2.884059682263488648e+05 -3.118262758040713379e+05 6.727464452197283390e+04 3.868720721420510672e+06 1.088549618743411338e+04 -7.151536555259944180e+03 3.295712825154253369e+04 2.146377756569028134e+04
1.346540764733100368e+05 2.186526631123188781e+04 -1.569297436736937925e+04 -1.151956690689734751e+04 -1.459322430694070135e+03 1.499339252451642642e+04 -7.447138224308313511e+03 -1.594907235445775768e+04 -1.422365722112755248e+04 4.445137455320720328e+05 -1.417245410810840840e+05 1.674548405941596138e+04 -3.607611046841359348e+04 1.088549618743411338e+04 2.672170697794776876e+06 4.123870086347492179e+04 -1.352269285392423808e+04 1.970285545748014192e+04
3.474804222549397382e+05 4.471084150439025689e+04 3.745533417776738497e+04 1.062048971182183777e+04 1.515268136969008447e+04 6.843574300625690739e+03 7.715394080029669794e+02 4.712510057046028123e+03 4.949458834793520509e+03 -2.819155562036250485e+05 -3.830460456837699166e+04 7.309131059487561288e+04 5.345683467289298278e+04 -7.151536555259944180e+03 4.123870086347492179e+04 2.541940582067547832e+06 4.016138108697345888e+04 1.333886359798577905e+04
1.176534293668387108e+05 4.112698787338974216e+04 2.936560423204379913e+04 -5.866669117529442701e+03 -1.604273999859417245e+03 -8.315039278131989704e+03 1.227184167712121507e+03 7.029679290017900712e+03 2.526447253305751474e+03 -2.055854913530788035e+05 6.194176048748323228e+04 1.774389314954938527e+04 8.914621778307028580e+04 3.295712825154253369e+04 -1.352269285392423808e+04 4.016138108697345888e+04 8.966951312868932728e+05 8.766647982912729276e+03
5.299023688477875112e+04 5.403224360582733789e+04 2.473025295649751456e+02 7.538655730621686416e+03 9.332543182148633605e+02 6.610782694576458198e+03 -8.705881229466831428e+03 -1.263087222880825948e+03 -3.122250253389750014e+03 -1.507142201998934324e+05 -4.585296375981708115e+04 1.462288304112180231e+04 6.069538615321012185e+04 2.146377756569028134e+04 1.970285545748014192e+04 1.333886359798577905e+04 8.766647982912729276e+03 6.445710717386063188e+05
