# lambda=0.5974890162343744
6.172188729355448484e+07 2.137398461485736188e+05 -3.273023988391955383e+06 -3.330763406807971187e+05 1.727713978221314959e+06 -7.990162960113482550e+05 2.258032406040198111e+05 -1.129012265722363809e+05 -2.086038097677792539e+05 2.509517190137524158e+07 1.044758030570037197e+06 -4.273274820599278901e+05 -9.717990690443913918e+05 1.827882382604791317e+06 -5.847319003403466195e+05 -8.947873115862983977e+05 -3.645418761406145059e+05 -6.357963795458507957e+05
2.137398461485736188e+05 9.881779124186687171e+06 2.859316967274053604e+05 -2.283456164214013261e+05 1.771874692119376850e+05 -2.670351277306811244e+04 1.746852316696254638e+04 1.591870735987420194e+05 2.570812943608297792e+04 2.200309441132232081e+06 4.101601258738139179e+06 7.759447756651042728e+05 -2.045518272723354399e+06 3.004256180770834326e+05 4.458759947528507910e+05 7.465827785588667030e+04 1.534746663178808813e+05 -1.688912382065121346e+04
-3.273023988391955383e+06 2.859316967274053604e+05 4.894833406107409857e+06 5.968975018156862352e+05 -2.426156455587190067e+04 3.059153653415654553e+05 -1.556465766748929163e+05 -5.187144519463617144e+03 -3.131774788303192690e+04 -1.930156337832977762e+06 7.052698044358540210e+04 1.220849306313556852e+06 -9.062959917240786308e+04 -1.937428191896814387e+05 9.856018873336500837e+04 2.003879799560986285e+05 -3.091609444214896212e+04 1.092553029199237644e+05
-3.330763406807971187e+05 -2.283456164214013261e+05 5.968975018156862352e+05 1.976013678905861452e+06 3.699446650469311135e+04 -8.765968526591945556e+04 -1.173750068633891060e+05 -1.084317927760663588e+05 2.054350111589743392e+04 2.506417772255222953e+05 -2.535313981095085910e+05 3.250030773314793478e+05 -3.956845746726465877e+05 -3.447235895560766221e+05 5.139552681084565120e+04 -5.281614775649060175e+04 -1.995449428195368673e+05 -1.096194695519384986e+05
1.727713978221314959e+06 1.771874692119376850e+05 -2.426156455587190067e+04 3.699446650469311135e+04 8.758619077497184044e+05 -6.583527897366141588e+03 -1.861056961344660522e+04 -1.682697842748157564e+04 -2.814359412561755744e+04 1.259996468993574614e+06 1.692583751868752996e+06 -3.911446154037094675e+04 2.378681941744728538e+05 3.495740929720803397e+05 1.119913105285288912e+05 1.540766583673192326e+04 -1.029637758945542737e+05 -1.829996542144328487e+04
-7.990162960113482550e+05 -2.670351277306811244e+04 3.059153653415654553e+05 -8.765968526591945556e+04 -6.583527897366141588e+03 8.758967441454611253e+05 -8.312044063365829061e+03 8.704073094364328426e+04 -1.070911476411319745e+04 -2.253086316274038982e+06 -4.917608150628051226e+04 1.438056436314794119e+05 -2.274593659159048402e+05 -2.057564764441357402e+05 8.305158536774216918e+04 1.252107969919851894e+04 9.275615210530644981e+04 7.381087527205035440e+04
2.258032406040198111e+05 1.746852316696254638e+04 -1.556465766748929163e+05 -1.173750068633891060e+05 -1.861056961344660522e+04 -8.312044063365829061e+03 3.509418902615960687e+05 5.647645560222362110e+04 1.250160329081644886e+04 1.460320360640758881e+05 -8.941010136414255248e+04 8.863637524850573391e+04 7.782898554539809993e+04 1.106345140115650138e+05 4.288278654367555646e+03 1.190055134034671064e+05 1.408487245758281148e+01 -5.152416715416572515e+03
-1.129012265722363809e+05 1.591870735987420194e+05 -5.187144519463617144e+03 -1.084317927760663588e+05 -1.682697842748157564e+04 8.704073094364328426e+04 5.647645560222362110e+04 2.052379084427798516e+05 1.052706354055780503e+04 -3.453399348987470148e+05 2.294814925531525805e+05 2.211557566789497796e+05 -7.663345400984812295e+04 5.303819790359450417e+04 1.549009609484462089e+04 8.549717727016199206e+04 6.883070823590116925e+04 2.766556448798351994e+04
-2.086038097677792539e+05 2.570812943608297792e+04 -3.131774788303192690e+04 2.054350111589743392e+04 -2.814359412561755744e+04 -1.070911476411319745e+04 1.250160329081644886e+04 1.052706354055780503e+04 8.449300124810505076e+04 -3.523488490183482063e+05 -1.173599913739149197e+05 -1.426526808042478515e+05 -2.668795636958300020e+04 -6.802404503675809792e+03 2.457625552426531431e+04 2.472519526371699249e+04 -5.195546328071170137e+03 1.546847698519435880e+03
2.509517190137524158e+07 2.200309441132232081e+06 -1.930156337832977762e+06 2.506417772255222953e+05 1.259996468993574614e+06 -2.253086316274038982e+06 1.460320360640758881e+05 -3.453399348987470148e+05 -3.523488490183482063e+05 2.254449488722681105e+08 9.859341722073366866e+06 -1.345435180853087222e+06 1.788791462874705205e+06 1.871978721450700890e+06 1.928165220962412423e+05 -2.823038849707652116e+05 -1.627553897473580204e+06 -1.096552877624315210e+06
1.044758030570037197e+06 4.101601258738139179e+06 7.052698044358540210e+04 -2.535313981095085910e+05 1.692583751868752996e+06 -4.917608150628051226e+04 -8.941010136414255248e+04 2.294814925531525805e+05 -1.173599913739149197e+05 9.859341722073366866e+06 7.662577837307812274e+07 -5.386454332054801489e+04 4.183378369271652307e+06 2.871194447620373219e+06 1.299006069355737884e+06 1.498392550315765198e+06 -1.146415536702836864e+06 1.892193493148179550e+05
-4.273274820599278901e+05 7.759447756651042728e+05 1.220849306313556852e+06 3.250030773314793478e+05 -3.911446154037094675e+04 1.438056436314794119e+05 8.863637524850573391e+04 2.211557566789497796e+05 -1.426526808042478515e+05 -1.345435180853087222e+06 -5.386454332054801489e+04 2.782740999117429554e+07 1.071198096309278393e+06 4.885256934303918970e+05 -1.082815455198050709e+06 2.403103308011750050e+05 7.221161536621267442e+05 1.824037971391306928e+04
-9.717990690443913918e+05 -2.045518272723354399e+06 -9.062959917240786308e+04 -3.956845746726465877e+05 2.378681941744728538e+05 -2.274593659159048402e+05 7.782898554539809993e+04 -7.663345400984812295e+04 -2.668795636958300020e+04 1.788791462874705205e+06 4.183378369271652307e+06 1.071198096309278393e+06 1.447653749710126221e+07 1.272698251979821129e+06 -3.037448427926859586e+05 7.231972978931396501e+05 -6.018827927365994547e+05 1.612889727130722895e+05
1.827882382604791317e+06 3.004256180770834326e+05 -1.937428191896814387e+05 -3.447235895560766221e+05 3.495740929720803397e+05 -2.057564764441357402e+05 1.106345140115650138e+05 5.303819790359450417e+04 -6.802404503675809792e+03 1.871978721450700890e+06 2.871194447620373219e+06 4.885256934303918970e+05 1.272698251979821129e+06 3.720801096925644204e+06 -1.000568844209153467e+05 2.399847425932706392e+05 8.066388554608460981e+04 1.150538965221238759e+05
-5.847319003403466195e+05 4.458759947528507910e+05 9.856018873336500837e+04 5.139552681084565120e+04 1.119913105285288912e+05 8.305158536774216918e+04 4.288278654367555646e+03 1.549009609484462089e+04 2.457625552426531431e+04 1.928165220962412423e+05 1.299006069355737884e+06 -1.082815455198050709e+06 -3.037448427926859586e+05 -1.000568844209153467e+05 1.343060567690707045e+06 3.670923800914180902e+04 -1.026342495960260276e+05 8.122787087404126942e+04
-8.947873115862983977e+05 7.465827785588667030e+04 2.003879799560986285e+05 -5.281614775649060175e+04 1.540766583673192326e+04 1.252107969919851894e+04 1.190055134034671064e+05 8.549717727016199206e+04 2.472519526371699249e+04 -2.823038849707652116e+05 1.498392550315765198e+06 2.403103308011750050e+05 7.231972978931396501e+05 2.399847425932706392e+05 3.670923800914180902e+04 1.283172687935831724e+06 -2.640178638925998821e+05 4.493742458777350112e+04
-3.645418761406145059e+05 1.534746663178808813e+05 -3.091609444214896212e+04 -1.995449428195368673e+05 -1.029637758945542737e+05 9.275615210530644981e+04 1.408487245758281148e+01 6.883070823590116925e+04 -5.195546328071170137e+03 -1.627553897473580204e+06 -1.146415536702836864e+06 7.221161536621267442e+05 -6.018827927365994547e+05 8.066388554608460981e+04 -1.026342495960260276e+05 -2.640178638925998821e+05 1.318779801564501831e+06 1.098485283922662347e+05
-6.357963795458507957e+05 -1.688912382065121346e+04 1.092553029199237644e+05 -1.096194695519384986e+05 -1.829996542144328487e+04 7.381087527205035440e+04 -5.152416715416572515e+03 2.766556448798351994e+04 1.546847698519435880e+03 -1.096552877624315210e+06 1.892193493148179550e+05 1.824037971391306928e+04 1.612889727130722895e+05 1.150538965221238759e+05 8.122787087404126942e+04 4.493742458777350112e+04 1.098485283922662347e+05 5.912486409102651523e+05
