# lambda=0.44230631633632667
3.362342897860616446e+07 2.498338700290479232e+06 -7.130184955715844408e+05 6.482012187963128090e+05 -1.298031422427799553e+06 -1.587960434277960740e+05 9.347514823680910049e+05 -5.199764262047012453e+05 -3.360427279553935514e+05 3.084941266227936745e+07 1.795946671333746752e+06 -6.033353660408376891e+04 2.934391624117723768e+04 -3.612125518149605487e+05 -1.362196069300269010e+06 5.539338662156286882e+05 -3.134160853116522194e+05 -1.919675092817552213e+05
2.498338700290479232e+06 1.211936374878404289e+07 7.885012397118973313e+05 1.226191664977204055e+06 3.370273912133921403e+05 -1.246420951438299089e+05 3.419281834328919067e+05 1.881411597150709131e+05 1.675075357465891284e+05 6.337139155602616258e+06 5.775120348928916268e+06 -1.612174701568563934e+06 1.235803659387530293e+06 4.216165017826510011e+05 -9.919586821360038593e+05 4.696590597185535589e+05 9.004338201344035333e+05 5.214783361148280092e+05
-7.130184955715844408e+05 7.885012397118973313e+05 3.019823637524740305e+06 2.889965699879914173e+05 3.745368083961870288e+05 5.123638705429915717e+04 1.002271698626230864e+04 5.215297917390945076e+04 4.624866155944484490e+04 1.292271765704599908e+06 -5.207309004253980238e+05 1.751712919907275820e+06 1.349919233113765251e+06 -1.924735557173526904e+05 -8.186406693962072313e+04 -1.479351414303124766e+05 7.958017696358766989e+04 1.146319504035397840e+05
6.482012187963128090e+05 1.226191664977204055e+06 2.889965699879914173e+05 2.969800385323633440e+06 4.474059120971528464e+05 1.201420889464541106e+05 -5.323607052570194355e+04 -9.036881614717164484e+04 1.452998705932331213e+05 -2.941936983113086317e+06 -1.075116542633101344e+06 -7.950016516867112659e+04 -3.795110793527655915e+04 1.231775465839257813e+05 3.240466106434630274e+04 8.246686858093211777e+04 -3.982229320455795096e+04 1.446881817255516071e+05
-1.298031422427799553e+06 3.370273912133921403e+05 3.745368083961870288e+05 4.474059120971528464e+05 1.488833394282960799e+06 -2.538777048249816653e+04 -8.469381494962451688e+04 2.865484728978331623e+04 1.101915602959348034e+05 -2.655034716039353516e+06 -1.025846115011239075e+06 -2.982689318803619244e+05 -2.920904654110566480e+05 2.189701410945949319e+05 5.713306771928493399e+05 7.328329578222850978e+04 -5.754366821186459129e+04 8.543287255489260133e+04
-1.587960434277960740e+05 -1.246420951438299089e+05 5.123638705429915717e+04 1.201420889464541106e+05 -2.538777048249816653e+04 3.272025944260189426e+05 4.157270695600652107e+04 -1.655586264240151650e+04 -2.319453283391457080e+04 -2.281153652138534235e+05 6.821390100796324259e+04 6.135278004981732229e+05 1.919708069798348588e+05 -1.187338408346807410e+05 -1.348965331706028519e+04 7.715495175500954792e+04 -2.793810665968775356e+04 1.893791688226890983e+04
9.347514823680910049e+05 3.419281834328919067e+05 1.002271698626230864e+04 -5.323607052570194355e+04 -8.469381494962451688e+04 4.157270695600652107e+04 4.123425120981954387e+05 -6.471975084889253048e+04 -7.811584740760437853e+04 2.247311937543046195e+06 3.023505490829253104e+05 2.363387686348144780e+05 4.058907182889035321e+05 7.097886288389636320e+04 9.167829974158492405e+04 1.683210527565665834e+05 2.532836614567896504e+03 -1.766745442406448637e+04
-5.199764262047012453e+05 1.881411597150709131e+05 5.215297917390945076e+04 -9.036881614717164484e+04 2.865484728978331623e+04 -1.655586264240151650e+04 -6.471975084889253048e+04 2.018728971906038350e+05 1.404440955305417447e+04 -9.179587110029517207e+05 1.459482754758736410e+05 -2.135482858231045539e+05 -7.779636905481560098e+04 -8.852904793934717600e+04 -3.392939051471979474e+04 -5.358802030760674825e+04 1.366026276034931361e+05 2.323064050795749790e+04
-3.360427279553935514e+05 1.675075357465891284e+05 4.624866155944484490e+04 1.452998705932331213e+05 1.101915602959348034e+05 -2.319453283391457080e+04 -7.811584740760437853e+04 1.404440955305417447e+04 1.694918353586731828e+05 -1.019095135833306587e+06 -7.437661630769495387e+05 -2.585792342661186121e+05 -9.309056726094837359e+04 1.820196595971264760e+05 1.894987211108264319e+03 6.544146036074175208e+04 -1.671385346903128811e+04 4.507069230222855549e+04
3.084941266227936745e+07 6.337139155602616258e+06 1.292271765704599908e+06 -2.941936983113086317e+06 -2.655034716039353516e+06 -2.281153652138534235e+05 2.247311937543046195e+06 -9.179587110029517207e+05 -1.019095135833306587e+06 2.119515273368626833e+08 1.477803697043623403e+07 1.021204286720531876e+06 -5.214465252456397866e+05 -4.959390458759129047e+06 -6.069695026645828038e+06 -1.284719222496480681e+06 -2.038815094477826264e+06 -4.155337703407305526e+05
1.795946671333746752e+06 5.775120348928916268e+06 -5.207309004253980238e+05 -1.075116542633101344e+06 -1.025846115011239075e+06 6.821390100796324259e+04 3.023505490829253104e+05 1.459482754758736410e+05 -7.437661630769495387e+05 1.477803697043623403e+07 9.806980581377796829e+07 1.324095637050734460e+07 1.227388451144636376e+06 -2.432978488165037706e+06 -1.575634415938824182e+06 1.328243451085142326e+06 1.456066907152193366e+06 1.149391046844935045e+06
-6.033353660408376891e+04 -1.612174701568563934e+06 1.751712919907275820e+06 -7.950016516867112659e+04 -2.982689318803619244e+05 6.135278004981732229e+05 2.363387686348144780e+05 -2.135482858231045539e+05 -2.585792342661186121e+05 1.021204286720531876e+06 1.324095637050734460e+07 2.485212109705144539e+07 2.317338675824125297e+06 -9.727383051681115758e+05 9.889074790216841502e+05 1.008564111468342133e+06 8.422564860299002612e+04 3.492204788858033135e+05
2.934391624117723768e+04 1.235803659387530293e+06 1.349919233113765251e+06 -3.795110793527655915e+04 -2.920904654110566480e+05 1.919708069798348588e+05 4.058907182889035321e+05 -7.779636905481560098e+04 -9.309056726094837359e+04 -5.214465252456397866e+05 1.227388451144636376e+06 2.317338675824125297e+06 8.268935980758067220e+06 6.868920169223495759e+05 -2.501902245540454460e+05 2.198150234299631265e+05 7.860447924237646475e+03 7.222690375080157537e+04
-3.612125518149605487e+05 4.216165017826510011e+05 -1.924735557173526904e+05 1.231775465839257813e+05 2.189701410945949319e+05 -1.187338408346807410e+05 7.097886288389636320e+04 -8.852904793934717600e+04 1.820196595971264760e+05 -4.959390458759129047e+06 -2.432978488165037706e+06 -9.727383051681115758e+05 6.868920169223495759e+05 3.765930261624913197e+06 1.399683872381311958e+05 2.209676855606044119e+05 -1.375614952605321014e+05 3.493089516360861307e+04
-1.362196069300269010e+06 -9.919586821360038593e+05 -8.186406693962072313e+04 3.240466106434630274e+04 5.713306771928493399e+05 -1.348965331706028519e+04 9.167829974158492405e+04 -3.392939051471979474e+04 1.894987211108264319e+03 -6.069695026645828038e+06 -1.575634415938824182e+06 9.889074790216841502e+05 -2.501902245540454460e+05 1.399683872381311958e+05 4.228303190182865597e+06 5.042612423660783097e+05 1.130190615244515502e+05 2.842653127265123203e+03
5.539338662156286882e+05 4.696590597185535589e+05 -1.479351414303124766e+05 8.246686858093211777e+04 7.328329578222850978e+04 7.715495175500954792e+04 1.683210527565665834e+05 -5.358802030760674825e+04 6.544146036074175208e+04 -1.284719222496480681e+06 1.328243451085142326e+06 1.008564111468342133e+06 2.198150234299631265e+05 2.209676855606044119e+05 5.042612423660783097e+05 2.364652666638888884e+06 1.940245266969599179e+05 2.344354824971004273e+05
-3.134160853116522194e+05 9.004338201344035333e+05 7.958017696358766989e+04 -3.982229320455795096e+04 -5.754366821186459129e+04 -2.793810665968775356e+04 2.532836614567896504e+03 1.366026276034931361e+05 -1.671385346903128811e+04 -2.038815094477826264e+06 1.456066907152193366e+06 8.422564860299002612e+04 7.860447924237646475e+03 -1.375614952605321014e+05 1.130190615244515502e+05 1.940245266969599179e+05 9.251253939216968138e+05 1.301821530305962515e+05
-1.919675092817552213e+05 5.214783361148280092e+05 1.146319504035397840e+05 1.446881817255516071e+05 8.543287255489260133e+04 1.893791688226890983e+04 -1.766745442406448637e+04 2.323064050795749790e+04 4.507069230222855549e+04 -4.155337703407305526e+05 1.149391046844935045e+06 3.492204788858033135e+05 7.222690375080157537e+04 3.493089516360861307e+04 2.842653127265123203e+03 2.344354824971004273e+05 1.301821530305962515e+05 2.974254209000247065e+05
