# lambda=0.29359992282836866
7.340433979364088178e+07 2.415937760164607782e+06 -2.798721885738438927e+06 2.478492692267974839e+06 -1.130774173374427482e+06 3.471953493678126018e+06 -4.086602884356601135e+04 -9.440648598778912565e+05 -6.852515772939381714e+04 6.365589945582483709e+07 1.495520837894234620e+07 1.419083971393226460e+07 2.996874644586708397e+06 2.999953879920560867e+06 3.270364777417827398e+06 1.727054688371045748e+06 1.744368837437761016e+06 -1.829730790393893607e+06
2.415937760164607782e+06 1.853047769266919047e+07 8.076129768132950412e+05 6.916905925350121688e+05 9.974315960397417657e+05 2.821884824475710629e+05 -2.189144799020701903e+05 -4.162301092203878798e+05 -2.558214122556403163e+05 7.116071499581130221e+06 -7.850256172061466612e+06 -1.503672531635709456e+05 3.332569980418159394e+05 1.311038707174797542e+06 1.393665569576671114e+06 7.492151307713201968e+05 -1.165179921413167147e+06 -5.776806202686389443e+05
-2.798721885738438927e+06 8.076129768132950412e+05 9.144699333757251501e+06 5.444764534581890621e+04 8.090240680690684821e+05 4.539109500777004869e+05 -1.362454114197178860e+05 -5.776982649316939205e+04 -1.100856743148795213e+05 3.738950506262470502e+06 -3.430492247606813442e+06 2.288544938582567964e+06 -2.549829290773781016e+06 5.624306456779374275e+05 -4.209967285790282767e+05 8.810490943516138941e+03 -2.447823932158605894e+05 -3.952587528565121465e+05
2.478492692267974839e+06 6.916905925350121688e+05 5.444764534581890621e+04 2.062604188627080992e+06 1.954121891114940809e+05 3.232664800594249391e+05 -5.197458780842636043e+04 -6.751642381219842355e+04 2.325544322222502160e+04 7.333660476553206332e+06 -7.378993859721246408e+05 2.710198406787664164e+06 1.041509026234140736e+06 7.333113246407466941e+05 4.115287055346610723e+05 2.214564855435272912e+05 2.326674423376872146e+05 -1.476047058750266442e+05
-1.130774173374427482e+06 9.974315960397417657e+05 8.090240680690684821e+05 1.954121891114940809e+05 9.455867622325336561e+05 1.174421014159608458e+05 -1.325002138883467414e+05 -8.250849859098333400e+04 7.901472526243433094e+02 1.708107733910269337e+06 -2.575531028441791888e+06 6.473469938728268025e+05 -4.477081025991676142e+05 1.059724273002247355e+05 -3.041009201032830242e+04 -1.234780659653092589e+05 -2.000398460212410428e+05 -4.956034812539754785e+04
3.471953493678126018e+06 2.821884824475710629e+05 4.539109500777004869e+05 3.232664800594249391e+05 1.174421014159608458e+05 8.199947542144341860e+05 4.220184973936131428e+04 -1.229445097911639314e+05 2.716384801250334203e+04 6.148861022177617997e+06 7.662975860114323441e+05 1.646419622606460704e+06 5.051426199515701737e+05 6.598499501440066379e+05 6.211450494935803581e+05 2.373968124325780082e+05 2.040499761041786114e+05 -2.443883852460393973e+05
-4.086602884356601135e+04 -2.189144799020701903e+05 -1.362454114197178860e+05 -5.197458780842636043e+04 -1.325002138883467414e+05 4.220184973936131428e+04 4.268329290628256858e+05 5.872479192296876863e+04 1.384669201499253395e+05 -1.492988043640801683e+06 -5.845355967015862698e+05 -4.574310091844642302e+05 2.575388542759192060e+05 7.465816982871566142e+04 1.093425731894896307e+05 1.223240998212308768e+05 1.710490934170978726e+05 9.247006709719763603e+04
-9.440648598778912565e+05 -4.162301092203878798e+05 -5.776982649316939205e+04 -6.751642381219842355e+04 -8.250849859098333400e+04 -1.229445097911639314e+05 5.872479192296876863e+04 3.102875142103916733e+05 4.737112031199485500e+04 -1.451081538201881805e+06 -8.674002650767667219e+05 -1.255480645134649531e+05 1.524625343912270037e+05 -1.163356536447341205e+05 -1.036351316516813531e+05 -2.776107843516184948e+05 1.850771802814376133e+05 1.079616413477733149e+05
-6.852515772939381714e+04 -2.558214122556403163e+05 -1.100856743148795213e+05 2.325544322222502160e+04 7.901472526243433094e+02 2.716384801250334203e+04 1.384669201499253395e+05 4.737112031199485500e+04 1.943270220098580758e+05 -5.197160683830355993e+05 -2.264730391765590466e+05 -4.094402456436466891e+05 -9.030191244857368292e+04 6.721416553842922440e+04 3.191720765299164486e+04 9.459135860061607673e+04 1.425440418046083360e+05 5.032551153959828662e+04
6.365589945582483709e+07 7.116071499581130221e+06 3.738950506262470502e+06 7.333660476553206332e+06 1.708107733910269337e+06 6.148861022177617997e+06 -1.492988043640801683e+06 -1.451081538201881805e+06 -5.197160683830355993e+05 2.487641582122657895e+08 1.758359790687728673e+07 2.815974884696345776e+07 3.459677314428483602e+06 6.529544677580469288e+06 1.045343784192427993e+07 -1.864233389265508857e+06 6.798399815906694857e+05 -5.353800198241023347e+06
1.495520837894234620e+07 -7.850256172061466612e+06 -3.430492247606813442e+06 -7.378993859721246408e+05 -2.575531028441791888e+06 7.662975860114323441e+05 -5.845355967015862698e+05 -8.674002650767667219e+05 -2.264730391765590466e+05 1.758359790687728673e+07 7.181717525121140480e+07 5.500132206168198958e+06 -3.153228446962865070e+06 2.411184385424470529e+06 5.445503886637028772e+05 5.227948007359851035e+05 1.289385521701321471e+06 -4.953765142142766272e+05
1.419083971393226460e+07 -1.503672531635709456e+05 2.288544938582567964e+06 2.710198406787664164e+06 6.473469938728268025e+05 1.646419622606460704e+06 -4.574310091844642302e+05 -1.255480645134649531e+05 -4.094402456436466891e+05 2.815974884696345776e+07 5.500132206168198958e+06 2.328407126149002090e+07 3.294774122028582729e+06 2.935993274847076274e+06 5.149495755088301958e+05 -9.275656110061100917e+05 1.139687675567711005e+06 -6.225787647913289256e+05
2.996874644586708397e+06 3.332569980418159394e+05 -2.549829290773781016e+06 1.041509026234140736e+06 -4.477081025991676142e+05 5.051426199515701737e+05 2.575388542759192060e+05 1.524625343912270037e+05 -9.030191244857368292e+04 3.459677314428483602e+06 -3.153228446962865070e+06 3.294774122028582729e+06 1.110431319283384271e+07 1.014566711581295938e+06 1.320687221463642083e+06 1.130185855055922439e+05 7.334597424095565220e+05 4.782186825684042997e+05
2.999953879920560867e+06 1.311038707174797542e+06 5.624306456779374275e+05 7.333113246407466941e+05 1.059724273002247355e+05 6.598499501440066379e+05 7.465816982871566142e+04 -1.163356536447341205e+05 6.721416553842922440e+04 6.529544677580469288e+06 2.411184385424470529e+06 2.935993274847076274e+06 1.014566711581295938e+06 3.015321412521883380e+06 6.788174483793457039e+05 1.745850634026975968e+04 1.482882978841162985e+05 -8.861836726850990090e+04
3.270364777417827398e+06 1.393665569576671114e+06 -4.209967285790282767e+05 4.115287055346610723e+05 -3.041009201032830242e+04 6.211450494935803581e+05 1.093425731894896307e+05 -1.036351316516813531e+05 3.191720765299164486e+04 1.045343784192427993e+07 5.445503886637028772e+05 5.149495755088301958e+05 1.320687221463642083e+06 6.788174483793457039e+05 3.565127284760521725e+06 8.195691129936279031e+05 4.133876136076050461e+05 -5.128141730949805351e+05
1.727054688371045748e+06 7.492151307713201968e+05 8.810490943516138941e+03 2.214564855435272912e+05 -1.234780659653092589e+05 2.373968124325780082e+05 1.223240998212308768e+05 -2.776107843516184948e+05 9.459135860061607673e+04 -1.864233389265508857e+06 5.227948007359851035e+05 -9.275656110061100917e+05 1.130185855055922439e+05 1.745850634026975968e+04 8.195691129936279031e+05 2.316778623595353216e+06 3.605747256332152756e+05 -1.497959325717604661e+05
1.744368837437761016e+06 -1.165179921413167147e+06 -2.447823932158605894e+05 2.326674423376872146e+05 -2.000398460212410428e+05 2.040499761041786114e+05 1.710490934170978726e+05 1.850771802814376133e+05 1.425440418046083360e+05 6.798399815906694857e+05 1.289385521701321471e+06 1.139687675567711005e+06 7.334597424095565220e+05 1.482882978841162985e+05 4.133876136076050461e+05 3.605747256332152756e+05 1.243478243463097606e+06 1.352238570867193339e+05
-1.829730790393893607e+06 -5.776806202686389443e+05 -3.952587528565121465e+05 -1.476047058750266442e+05 -4.956034812539754785e+04 -2.443883852460393973e+05 9.247006709719763603e+04 1.079616413477733149e+05 5.032551153959828662e+04 -5.353800198241023347e+06 -4.953765142142766272e+05 -6.225787647913289256e+05 4.782186825684042997e+05 -8.861836726850990090e+04 -5.128141730949805351e+05 -1.497959325717604661e+05 1.352238570867193339e+05 8.637856943516817410e+05
