# lambda=0.5844957917321607
6.421802621867963672e+07 3.264878363386131357e+06 8.132460268753240816e+05 1.855112911627009744e+06 1.106698468120809179e+06 9.408920892252796330e+05 4.339098513532223878e+05 5.905230843131704023e+05 1.341585093046588299e+05 2.391606065433532000e+07 9.251232909595364705e+06 1.738126504390463000e+06 -1.717105487654309763e+04 -1.132034199236844201e+06 -9.972794972773506306e+05 1.904685522731330246e+06 5.957149164096738677e+05 -3.702689003135766834e+05
3.264878363386131357e+06 1.572999745609851554e+07 1.516058743514415575e+06 3.643117657559511135e+05 -3.240416640615058714e+05 -1.544012653795962397e+05 1.093469642213647021e+05 1.078835612079528219e+05 1.912375334026945638e+05 9.883635958735395223e+06 3.437735820812690072e+06 3.503556132257113233e+06 2.219101268099239562e+06 -1.981261447873246216e+05 9.022638597803238081e+05 -1.060931310670130915e+05 -6.535671382011315291e+04 3.265008107446306967e+05
8.132460268753240816e+05 1.516058743514415575e+06 4.435276496383233927e+06 2.172037760529816442e+05 -6.202634789504090440e+04 1.026769016574459383e+05 9.484167767333009397e+04 -4.101566166997469554e+04 -1.635592836097828695e+04 5.071569029238112271e+06 1.149935453177130083e+06 2.232516739269938320e+06 7.475855085411856417e+05 -3.253261734676769120e+05 -1.726587677115216502e+05 -3.121142277202781406e+05 -1.301590193103775891e+04 -1.827533346300626818e+03
1.855112911627009744e+06 3.643117657559511135e+05 2.172037760529816442e+05 1.715222710351526039e+06 3.968740631604260852e+04 1.042559271912332915e+05 5.546475014992986689e+04 -4.908767427273075555e+03 4.968786805053128046e+04 1.655720682544355281e+06 2.447531276502082124e+06 4.626391302047506906e+05 3.022389204837413854e+04 5.979927070747710968e+04 7.355873524109848950e+04 2.382505830362677225e+05 1.004943924011827330e+05 -6.294422985669117770e+04
1.106698468120809179e+06 -3.240416640615058714e+05 -6.202634789504090440e+04 3.968740631604260852e+04 1.044016429592750501e+06 1.887889225950527180e+05 -5.081303257526208654e+03 3.996271832930637902e+04 -1.376968876220145148e+02 1.968567928504047915e+06 5.207288320202560863e+05 -1.422193821895845176e+05 2.584135658877390379e+05 4.890747253087009885e+05 1.682899626141257177e+05 8.577702840300828393e+04 -4.768317353129463299e+04 1.537781978466557803e+03
9.408920892252796330e+05 -1.544012653795962397e+05 1.026769016574459383e+05 1.042559271912332915e+05 1.887889225950527180e+05 7.715340741246996913e+05 1.300238089281684806e+05 3.846245277842915675e+04 -2.123996093173976988e+04 2.124195939688407816e+06 4.150540018116029678e+05 -3.727698065344629576e+05 3.376759084146166570e+05 1.966624175135596888e+05 1.822120819398457534e+05 2.598512670433477251e+04 1.023976043185975504e+04 -1.443020018512801653e+04
4.339098513532223878e+05 1.093469642213647021e+05 9.484167767333009397e+04 5.546475014992986689e+04 -5.081303257526208654e+03 1.300238089281684806e+05 5.040849528926958446e+05 4.569252779637071944e+04 -1.815661251468275077e+04 2.515358240734704304e+06 4.467317246279537212e+05 2.004674583637450123e+05 5.267095948072445753e+04 2.848313949907330098e+05 2.366802420342045079e+05 6.603877183570920897e+04 4.990308381393785385e+04 -3.245307959717315680e+04
5.905230843131704023e+05 1.078835612079528219e+05 -4.101566166997469554e+04 -4.908767427273075555e+03 3.996271832930637902e+04 3.846245277842915675e+04 4.569252779637071944e+04 2.054436577056307869e+05 1.344115131147270768e+04 4.005568290146142244e+05 -3.421560575115056126e+05 -4.308608504848765733e+04 3.320554837821021647e+04 1.470098735944888031e+05 8.585100272679683985e+04 6.229619152144180407e+04 7.943897311067226110e+04 1.657717873790070371e+04
1.341585093046588299e+05 1.912375334026945638e+05 -1.635592836097828695e+04 4.968786805053128046e+04 -1.376968876220145148e+02 -2.123996093173976988e+04 -1.815661251468275077e+04 1.344115131147270768e+04 7.954112688875457388e+04 5.073236373535058228e+05 1.426047725346047082e+05 5.759818139649646037e+04 1.036471609976139371e+04 -5.511702382024403778e+04 -2.815753647573109265e+04 -2.327764101547328028e+04 6.771911701312558762e+03 1.792178670369251631e+04
2.391606065433532000e+07 9.883635958735395223e+06 5.071569029238112271e+06 1.655720682544355281e+06 1.968567928504047915e+06 2.124195939688407816e+06 2.515358240734704304e+06 4.005568290146142244e+05 5.073236373535058228e+05 3.013228035061177015e+08 2.033350784878120199e+07 9.849938561207028106e+06 2.448178090711133555e+06 -1.502787294119625003e+05 8.446468794017423643e+05 -1.055181801859313564e+05 -5.561937369835553545e+04 1.706953723141373193e+05
9.251232909595364705e+06 3.437735820812690072e+06 1.149935453177130083e+06 2.447531276502082124e+06 5.207288320202560863e+05 4.150540018116029678e+05 4.467317246279537212e+05 -3.421560575115056126e+05 1.426047725346047082e+05 2.033350784878120199e+07 6.861598642663763463e+07 5.852611620305682532e+06 2.863095869307883549e+06 5.940538620068826713e+05 1.021391107928288402e+06 1.411924873724215897e+06 -9.584572678743900033e+05 -4.952704128059570212e+05
1.738126504390463000e+06 3.503556132257113233e+06 2.232516739269938320e+06 4.626391302047506906e+05 -1.422193821895845176e+05 -3.727698065344629576e+05 2.004674583637450123e+05 -4.308608504848765733e+04 5.759818139649646037e+04 9.849938561207028106e+06 5.852611620305682532e+06 4.541812082222141325e+07 5.511909974961780943e+06 -2.532496111092173669e+05 6.916549203546408098e+05 -1.319644666182322180e+04 -2.895274456642068108e+05 4.248551905913019436e+05
-1.717105487654309763e+04 2.219101268099239562e+06 7.475855085411856417e+05 3.022389204837413854e+04 2.584135658877390379e+05 3.376759084146166570e+05 5.267095948072445753e+04 3.320554837821021647e+04 1.036471609976139371e+04 2.448178090711133555e+06 2.863095869307883549e+06 5.511909974961780943e+06 1.033246218029257841e+07 3.491416964653859031e+05 9.772377327017433709e+05 -8.337858543648474733e+04 -1.958143424435174675e+05 4.122592941275479970e+05
-1.132034199236844201e+06 -1.981261447873246216e+05 -3.253261734676769120e+05 5.979927070747710968e+04 4.890747253087009885e+05 1.966624175135596888e+05 2.848313949907330098e+05 1.470098735944888031e+05 -5.511702382024403778e+04 -1.502787294119625003e+05 5.940538620068826713e+05 -2.532496111092173669e+05 3.491416964653859031e+05 6.935229820414621383e+06 1.768798382509826450e+06 2.101249708889300819e+05 2.418651714052606258e+04 3.855563476099538821e+04
-9.972794972773506306e+05 9.022638597803238081e+05 -1.726587677115216502e+05 7.355873524109848950e+04 1.682899626141257177e+05 1.822120819398457534e+05 2.366802420342045079e+05 8.585100272679683985e+04 -2.815753647573109265e+04 8.446468794017423643e+05 1.021391107928288402e+06 6.916549203546408098e+05 9.772377327017433709e+05 1.768798382509826450e+06 4.247333322848832235e+06 2.864296624744535075e+05 -8.693260585934981646e+04 5.916566816957250558e+04
1.904685522731330246e+06 -1.060931310670130915e+05 -3.121142277202781406e+05 2.382505830362677225e+05 8.577702840300828393e+04 2.598512670433477251e+04 6.603877183570920897e+04 6.229619152144180407e+04 -2.327764101547328028e+04 -1.055181801859313564e+05 1.411924873724215897e+06 -1.319644666182322180e+04 -8.337858543648474733e+04 2.101249708889300819e+05 2.864296624744535075e+05 1.786190227269235067e+06 6.569503905102383578e+04 -1.261247720986416098e+05
5.957149164096738677e+05 -6.535671382011315291e+04 -1.301590193103775891e+04 1.004943924011827330e+05 -4.768317353129463299e+04 1.023976043185975504e+04 4.990308381393785385e+04 7.943897311067226110e+04 6.771911701312558762e+03 -5.561937369835553545e+04 -9.584572678743900033e+05 -2.895274456642068108e+05 -1.958143424435174675e+05 2.418651714052606258e+04 -8.693260585934981646e+04 6.569503905102383578e+04 5.581329624026829842e+05 1.088825620110557065e+04
-3.702689003135766834e+05 3.265008107446306967e+05 -1.827533346300626818e+03 -6.294422985669117770e+04 1.537781978466557803e+03 -1.443020018512801653e+04 -3.245307959717315680e+04 1.657717873790070371e+04 1.792178670369251631e+04 1.706953723141373193e+05 -4.952704128059570212e+05 4.248551905913019436e+05 4.122592941275479970e+05 3.855563476099538821e+04 5.916566816957250558e+04 -1.261247720986416098e+05 1.088825620110557065e+04 5.018366407439021859e+05
