# lambda=0.8332033230217023
2.646102495342351869e+07 8.012441908710214775e+05 -1.360813943321990955e+05 -3.130269339308483759e+05 1.690780716420765675e+05 -4.844716624371788203e+04 6.902169131432424365e+03 1.412257314916462637e+05 5.867639485415814306e+03 5.952119668548509479e+06 7.709055224755227100e+05 -1.416487366727857385e+06 -1.840296680692108930e+05 6.757177003802552354e+05 -2.820966771469704690e+05 3.686356839546519914e+05 2.140514985082703352e+05 1.904154769538871187e+05
8.012441908710214775e+05 1.268546282422566041e+07 9.164871367714116350e+05 -6.346393917659702129e+04 1.469167022487896611e+05 2.630697836137409104e+04 -2.725059925782751452e+04 6.229066797666714410e+04 2.957683797366160798e+04 1.344462177817391930e+06 1.418251398023010464e+06 6.813250589757080888e+05 2.243924140668480832e+05 -7.229581285846987157e+04 -4.251596755127087818e+04 -2.111851988298675860e+05 -7.034380803586303955e+04 4.139637655170714424e+04
-1.360813943321990955e+05 9.164871367714116350e+05 7.164450084775594994e+06 2.117451052798952733e+05 -4.332913673410214687e+04 -6.939001377942468389e+04 -3.691066984149117343e+04 1.103668677311892861e+04 6.760381092521800019e+04 -6.233568023757978808e+05 2.579571653164629242e+05 8.316952132870929781e+05 1.673035276477430016e+05 1.216390101796395320e+05 -2.139508103518312564e+05 -1.296946240003338462e+05 -1.259619005028054526e+05 3.270792171110689651e+03
-3.130269339308483759e+05 -6.346393917659702129e+04 2.117451052798952733e+05 2.677729430112340022e+06 5.460083207053848309e+04 -5.300039509501331486e+04 -8.326709012842366064e+03 1.613145401428462037e+03 1.597739971524664543e+04 -7.765743372865736019e+05 7.563273733394859591e+05 3.524481323999260203e+05 -1.980975966235272936e+05 2.423258941302307067e+05 1.607021477995499481e+04 1.124042723458624096e+04 -1.414015527585929958e+05 -8.498338474822565331e+04
1.690780716420765675e+05 1.469167022487896611e+05 -4.332913673410214687e+04 5.460083207053848309e+04 8.921638775387899950e+05 2.024811073702300200e+04 1.874211599648698029e+04 1.275005761619873192e+04 5.081740152166327789e+03 2.662744119944300619e+05 4.010514671584052849e+05 -7.398762985849419783e+04 6.547324383542186115e+04 1.813322251786705165e+05 1.300844951008750650e+05 9.095475781525239290e+04 4.875641157547575131e+04 6.518190915803130565e+02
-4.844716624371788203e+04 2.630697836137409104e+04 -6.939001377942468389e+04 -5.300039509501331486e+04 2.024811073702300200e+04 4.839246682457202114e+05 1.983618528679576775e+04 1.608846036065463750e+03 1.199757067499906725e+03 -1.065016478799962788e+05 2.242211445636919962e+03 3.035020579190648277e+04 5.205704403459547029e+04 6.403003765645613385e+03 1.963338100490011857e+04 3.436297885322378716e+04 5.023661589029004244e+04 3.125223141707659306e+04
6.902169131432424365e+03 -2.725059925782751452e+04 -3.691066984149117343e+04 -8.326709012842366064e+03 1.874211599648698029e+04 1.983618528679576775e+04 3.984726410924274242e+05 -8.474262358889058305e+03 -8.377773780146507079e+02 7.022685522665292956e+04 5.838465524851405062e+05 -4.199789895312479348e+04 -2.323284814397863374e+04 -1.097607496472296043e+04 6.233255936877763452e+04 3.882506291566784057e+04 5.956841134511295240e+04 5.603687299218101543e+03
1.412257314916462637e+05 6.229066797666714410e+04 1.103668677311892861e+04 1.613145401428462037e+03 1.275005761619873192e+04 1.608846036065463750e+03 -8.474262358889058305e+03 1.641815389278910006e+05 9.343947284181522264e+03 3.883849799645459861e+05 2.259056487607719318e+05 1.871667183637646303e+04 -7.185454550748498150e+03 1.874911033373922692e+04 -2.571041788063871354e+04 2.755599904070230332e+04 -6.414868501920591370e+03 7.278079124466821668e+02
5.867639485415814306e+03 2.957683797366160798e+04 6.760381092521800019e+04 1.597739971524664543e+04 5.081740152166327789e+03 1.199757067499906725e+03 -8.377773780146507079e+02 9.343947284181522264e+03 1.012497929624101962e+05 2.621221861959551170e+05 8.427865801747415389e+04 -2.392724949682449005e+04 -6.740399420172583632e+03 5.944658107459185703e+04 -2.237694043763250374e+04 8.225344654147123947e+03 3.932739345866437816e+03 4.262917124961662012e+03
5.952119668548509479e+06 1.344462177817391930e+06 -6.233568023757978808e+05 -7.765743372865736019e+05 2.662744119944300619e+05 -1.065016478799962788e+05 7.022685522665292956e+04 3.883849799645459861e+05 2.621221861959551170e+05 1.591187877393248081e+08 1.842936140614256728e+06 -4.136457827465215698e+06 -7.912450837768473430e+05 4.588675009020856814e+05 -1.136485890530873789e+06 4.185250861600195640e+05 1.873965761489725846e+05 3.196196255881623365e+05
7.709055224755227100e+05 1.418251398023010464e+06 2.579571653164629242e+05 7.563273733394859591e+05 4.010514671584052849e+05 2.242211445636919962e+03 5.838465524851405062e+05 2.259056487607719318e+05 8.427865801747415389e+04 1.842936140614256728e+06 9.143860667109879851e+07 1.459426574116766918e+06 -1.384507300452479627e+06 -2.779645150328281452e+05 4.075516043959751842e+05 3.264619702282326762e+05 3.451786192240518285e+05 -2.168282325966538046e+05
-1.416487366727857385e+06 6.813250589757080888e+05 8.316952132870929781e+05 3.524481323999260203e+05 -7.398762985849419783e+04 3.035020579190648277e+04 -4.199789895312479348e+04 1.871667183637646303e+04 -2.392724949682449005e+04 -4.136457827465215698e+06 1.459426574116766918e+06 2.246046462087168172e+07 1.295589062518469291e+06 -2.862564462217742112e+05 -2.916682831754254876e+05 -4.056873373413961963e+05 -2.624608609948015655e+05 -1.090555880747270130e+05
-1.840296680692108930e+05 2.243924140668480832e+05 1.673035276477430016e+05 -1.980975966235272936e+05 6.547324383542186115e+04 5.205704403459547029e+04 -2.323284814397863374e+04 -7.185454550748498150e+03 -6.740399420172583632e+03 -7.912450837768473430e+05 -1.384507300452479627e+06 1.295589062518469291e+06 1.387954040645687282e+07 -1.731056653825492540e+05 -5.533201084028073092e+04 -2.774776411363155930e+05 -4.000465125521721347e+04 -2.172288579071080312e+04
6.757177003802552354e+05 -7.229581285846987157e+04 1.216390101796395320e+05 2.423258941302307067e+05 1.813322251786705165e+05 6.403003765645613385e+03 -1.097607496472296043e+04 1.874911033373922692e+04 5.944658107459185703e+04 4.588675009020856814e+05 -2.779645150328281452e+05 -2.862564462217742112e+05 -1.731056653825492540e+05 8.049720501755280420e+06 1.718443431025980390e+05 1.735967804578949872e+05 1.183456529152758303e+05 4.696299777235800866e+04
-2.820966771469704690e+05 -4.251596755127087818e+04 -2.139508103518312564e+05 1.607021477995499481e+04 1.300844951008750650e+05 1.963338100490011857e+04 6.233255936877763452e+04 -2.571041788063871354e+04 -2.237694043763250374e+04 -1.136485890530873789e+06 4.075516043959751842e+05 -2.916682831754254876e+05 -5.533201084028073092e+04 1.718443431025980390e+05 3.002953182037681341e+06 1.576894376913173182e+05 1.139064273440159013e+05 -3.325790036240433983e+04
3.686356839546519914e+05 -2.111851988298675860e+05 -1.296946240003338462e+05 1.124042723458624096e+04 9.095475781525239290e+04 3.436297885322378716e+04 3.882506291566784057e+04 2.755599904070230332e+04 8.225344654147123947e+03 4.185250861600195640e+05 3.264619702282326762e+05 -4.056873373413961963e+05 -2.774776411363155930e+05 1.735967804578949872e+05 1.576894376913173182e+05 3.158597141132425983e+06 2.078269192347624048e+05 3.434656763190537458e+04
2.140514985082703352e+05 -7.034380803586303955e+04 -1.259619005028054526e+05 -1.414015527585929958e+05 4.875641157547575131e+04 5.023661589029004244e+04 5.956841134511295240e+04 -6.414868501920591370e+03 3.932739345866437816e+03 1.873965761489725846e+05 3.451786192240518285e+05 -2.624608609948015655e+05 -4.000465125521721347e+04 1.183456529152758303e+05 1.139064273440159013e+05 2.078269192347624048e+05 1.805804632075080415e+06 8.787398380864743376e+04
1.904154769538871187e+05 4.139637655170714424e+04 3.270792171110689651e+03 -8.498338474822565331e+04 6.518190915803130565e+02 3.125223141707659306e+04 5.603687299218101543e+03 7.278079124466821668e+02 4.262917124961662012e+03 3.196196255881623365e+05 -2.168282325966538046e+05 -1.090555880747270130e+05 -2.172288579071080312e+04 4.696299777235800866e+04 -3.325790036240433983e+04 3.434656763190537458e+04 8.787398380864743376e+04 3.926625991873664316e+05
