# lambda=0.4261910233038495
4.317269018081294000e+07 6.182836329091964290e+05 5.166785381528628641e+05 6.633703116318344837e+05 6.059074271389991045e+05 7.069334613271601265e+05 -3.497353168983951327e+05 -2.883025757578586345e+05 1.825495635446340893e+05 2.184749141527495161e+07 7.905154705184262246e+06 -2.850483160475108773e+06 -3.523833570871455595e+04 2.064316780564764282e+06 -1.164563660460730083e+06 1.628534131190502376e+05 -1.971490442006875528e+05 3.604628023395224591e+05
6.182836329091964290e+05 9.444993312783038244e+06 1.361113907823417336e+06 -2.657849878761681794e+03 -8.028472798541930388e+04 -5.291548876582077355e+04 -3.044101906275185756e+05 3.070975065943493391e+05 6.777664556237921352e+04 6.987144908381205983e+06 4.626657965016951784e+06 -1.255873805311795790e+06 -1.031776799813564983e+06 -3.272102326649483759e+06 1.421136755908587715e+06 -2.500885730412999983e+05 2.468721338029787003e+05 4.217778778833674733e+05
5.166785381528628641e+05 1.361113907823417336e+06 4.005894385205926374e+06 -1.325540642785327509e+05 4.767807704083962599e+05 6.066332684656936908e+04 1.701807438335629968e+03 1.290838977458117151e+05 1.385304563578059024e+05 5.335853098668566672e+05 1.604027679865084065e+05 1.201166448419919237e+06 -7.639526461364590796e+05 -3.270554451899551786e+05 4.984829835201433743e+05 2.892438881056637038e+05 1.428739279970755160e+05 2.099489889343962132e+05
6.633703116318344837e+05 -2.657849878761681794e+03 -1.325540642785327509e+05 1.217734997607411351e+06 -9.069443367477804713e+04 1.990832247990329633e+05 -2.591676349369937452e+04 1.249394281789673551e+04 4.197514039378119924e+04 1.462321652303373208e+06 -9.225968337892686250e+05 -2.391200587211922684e+05 3.732733793752730708e+05 2.015044933610517764e+05 1.494784736833182396e+05 3.510019413482287928e+04 4.133925852944638464e+05 3.932565973534665536e+05
6.059074271389991045e+05 -8.028472798541930388e+04 4.767807704083962599e+05 -9.069443367477804713e+04 1.396511846072554355e+06 8.532455398578806489e+04 8.814991875764724682e+04 -9.854661849844502285e+04 -8.592140154861504561e+04 -3.086408023141399492e+06 -1.570533903821965505e+05 1.375031976762807230e+06 -1.330836880585145555e+05 6.935099444151350763e+05 4.462463673265039106e+05 9.827758741842164454e+03 -2.636949523382906918e+05 -1.161422885872320767e+05
7.069334613271601265e+05 -5.291548876582077355e+04 6.066332684656936908e+04 1.990832247990329633e+05 8.532455398578806489e+04 5.870065516947534634e+05 5.566273770832153241e+04 -7.440889270006144898e+02 5.616640441174369334e+04 -2.463313180021210865e+05 2.899847733988243854e+05 -3.622311218228174257e+05 -6.361225084208410408e+04 4.155553310494960897e+04 2.925555290523445583e+05 -1.133540155311379785e+05 6.798616847387919734e+03 6.301390762009430910e+04
-3.497353168983951327e+05 -3.044101906275185756e+05 1.701807438335629968e+03 -2.591676349369937452e+04 8.814991875764724682e+04 5.566273770832153241e+04 1.697313453737373929e+05 7.034064456372641871e+03 -5.957654063009466881e+03 -2.823016371798111591e+06 -7.888843849700761493e+05 2.600273176157271955e+05 2.248160352849134506e+04 9.561084866818781302e+04 1.166305372053802130e+05 -6.921980342979925808e+03 -3.261798627196085727e+04 -6.715277389969051001e+04
-2.883025757578586345e+05 3.070975065943493391e+05 1.290838977458117151e+05 1.249394281789673551e+04 -9.854661849844502285e+04 -7.440889270006144898e+02 7.034064456372641871e+03 2.076541024404567725e+05 4.950870822947879060e+04 2.560458578263655654e+05 1.781686072901661682e+05 -2.157315358161305776e+05 1.005400623378918244e+05 -3.005079914182507200e+05 2.703222235047544818e+05 -6.389766839592698670e+04 7.138119431863761565e+04 8.921648196406589705e+04
1.825495635446340893e+05 6.777664556237921352e+04 1.385304563578059024e+05 4.197514039378119924e+04 -8.592140154861504561e+04 5.616640441174369334e+04 -5.957654063009466881e+03 4.950870822947879060e+04 1.912815605870658765e+05 1.956641532196553657e+06 3.556407308407712844e+05 1.684935831414041168e+05 2.140132387132623408e+05 -1.774603196476111407e+04 7.217968485690891976e+04 1.984808083879035985e+04 -6.136208710062417595e+03 9.433585877008741954e+04
2.184749141527495161e+07 6.987144908381205983e+06 5.335853098668566672e+05 1.462321652303373208e+06 -3.086408023141399492e+06 -2.463313180021210865e+05 -2.823016371798111591e+06 2.560458578263655654e+05 1.956641532196553657e+06 2.444555670936222076e+08 3.660495660570766777e+07 8.600249990969320759e+06 6.224219569889640436e+06 -1.381354056349812774e+06 -2.807620215529086534e+06 -6.940079311904876959e+05 -2.953242623895196812e+04 3.090997158468049020e+06
7.905154705184262246e+06 4.626657965016951784e+06 1.604027679865084065e+05 -9.225968337892686250e+05 -1.570533903821965505e+05 2.899847733988243854e+05 -7.888843849700761493e+05 1.781686072901661682e+05 3.556407308407712844e+05 3.660495660570766777e+07 5.052727526180663705e+07 3.485543854681686498e+05 -1.623564026700891736e+04 -1.553875859039273346e+05 4.109527632316199597e+05 -7.916324350970927626e+05 -5.456983683457392035e+05 -1.724957852321050013e+05
-2.850483160475108773e+06 -1.255873805311795790e+06 1.201166448419919237e+06 -2.391200587211922684e+05 1.375031976762807230e+06 -3.622311218228174257e+05 2.600273176157271955e+05 -2.157315358161305776e+05 1.684935831414041168e+05 8.600249990969320759e+06 3.485543854681686498e+05 3.761764698674225807e+07 2.826254657173315063e+06 1.589077404348194366e+06 -4.853394144844844122e+05 1.458609083997953276e+05 -7.835436208197763190e+05 1.542727901504734473e+05
-3.523833570871455595e+04 -1.031776799813564983e+06 -7.639526461364590796e+05 3.732733793752730708e+05 -1.330836880585145555e+05 -6.361225084208410408e+04 2.248160352849134506e+04 1.005400623378918244e+05 2.140132387132623408e+05 6.224219569889640436e+06 -1.623564026700891736e+04 2.826254657173315063e+06 6.906155065005160868e+06 7.565708043656809023e+05 1.445666436466114828e+05 -2.620317860067741130e+05 1.665575076444709266e+05 4.282528544999529840e+05
2.064316780564764282e+06 -3.272102326649483759e+06 -3.270554451899551786e+05 2.015044933610517764e+05 6.935099444151350763e+05 4.155553310494960897e+04 9.561084866818781302e+04 -3.005079914182507200e+05 -1.774603196476111407e+04 -1.381354056349812774e+06 -1.553875859039273346e+05 1.589077404348194366e+06 7.565708043656809023e+05 7.767491902822351083e+06 -7.153850475455517881e+05 3.743849000607156195e+05 -4.585224364812896238e+05 -4.681263830932094424e+04
-1.164563660460730083e+06 1.421136755908587715e+06 4.984829835201433743e+05 1.494784736833182396e+05 4.462463673265039106e+05 2.925555290523445583e+05 1.166305372053802130e+05 2.703222235047544818e+05 7.217968485690891976e+04 -2.807620215529086534e+06 4.109527632316199597e+05 -4.853394144844844122e+05 1.445666436466114828e+05 -7.153850475455517881e+05 4.380729853560409509e+06 -2.760559205546124140e+05 -2.239326098428299301e+05 6.379997233146255894e+04
1.628534131190502376e+05 -2.500885730412999983e+05 2.892438881056637038e+05 3.510019413482287928e+04 9.827758741842164454e+03 -1.133540155311379785e+05 -6.921980342979925808e+03 -6.389766839592698670e+04 1.984808083879035985e+04 -6.940079311904876959e+05 -7.916324350970927626e+05 1.458609083997953276e+05 -2.620317860067741130e+05 3.743849000607156195e+05 -2.760559205546124140e+05 9.118650616430916125e+05 1.529535881395208417e+05 -3.342002901053943060e+04
-1.971490442006875528e+05 2.468721338029787003e+05 1.428739279970755160e+05 4.133925852944638464e+05 -2.636949523382906918e+05 6.798616847387919734e+03 -3.261798627196085727e+04 7.138119431863761565e+04 -6.136208710062417595e+03 -2.953242623895196812e+04 -5.456983683457392035e+05 -7.835436208197763190e+05 1.665575076444709266e+05 -4.585224364812896238e+05 -2.239326098428299301e+05 1.529535881395208417e+05 1.709102491175512783e+06 3.473095842884714366e+05
3.604628023395224591e+05 4.217778778833674733e+05 2.099489889343962132e+05 3.932565973534665536e+05 -1.161422885872320767e+05 6.301390762009430910e+04 -6.715277389969051001e+04 8.921648196406589705e+04 9.433585877008741954e+04 3.090997158468049020e+06 -1.724957852321050013e+05 1.542727901504734473e+05 4.282528544999529840e+05 -4.681263830932094424e+04 6.379997233146255894e+04 -3.342002901053943060e+04 3.473095842884714366e+05 9.103764241095721954e+05
