# lambda=0.5521394454065831
4.190655752683047950e+07 -5.543576565018369583e+05 2.433188332650092896e+06 4.322051586266954546e+05 -3.882974220546552096e+05 2.308647401858075464e+05 -9.336778768383515853e+03 -1.394393626262230282e+04 -1.307282206338216347e+05 -2.176826803001387510e+06 -6.086938132563118823e+06 -2.987800703543900512e+06 -2.163128545375349000e+06 -1.064673510949574411e+06 1.027974058927207487e+06 6.518041741382755572e+05 1.163530614473352907e+05 3.420361499035732704e+05
-5.543576565018369583e+05 1.763798356916677952e+07 -6.250287547044744715e+05 -4.405977250196571113e+05 4.490013902755513554e+05 3.941474635981346946e+05 -2.006104051149042789e+05 5.037764623776895860e+03 9.341522194399434375e+04 4.068797139181782026e+06 1.268312056817736290e+07 6.276705866529969499e+05 -5.116247831015574629e+05 1.181782532318801852e+06 5.074679478922564158e+04 1.603768704207345945e+04 -3.819653371216040687e+05 -2.208875415421767393e+05
2.433188332650092896e+06 -6.250287547044744715e+05 8.385584809164838865e+06 1.804609170461780159e+05 -2.042692232829556160e+05 1.665882190635587031e+05 -1.840389131006776297e+05 -4.824572020750786578e+03 1.616100593840699003e+05 -3.855057577918643598e+06 -7.389407288939422928e+06 -6.954913801691102562e+05 -4.518371240146327909e+04 5.820421563509812113e+05 8.078300536657541525e+05 2.680234913303195499e+05 9.709556723021648941e+04 2.576861454248969967e+05
4.322051586266954546e+05 -4.405977250196571113e+05 1.804609170461780159e+05 1.557288296626574825e+06 1.790444704041380828e+04 -5.716554902571904677e+04 1.828400812879913428e+04 -4.764526633480939927e+04 1.201734135902804846e+05 -1.776360541680299211e+06 -1.423924289949605241e+06 -1.558742431098755915e+05 2.418649365747015981e+05 -5.912621598566486500e+05 -1.127661129302472837e+05 -2.084631853754964686e+04 -2.305856561343625071e+04 -9.278671896387152083e+04
-3.882974220546552096e+05 4.490013902755513554e+05 -2.042692232829556160e+05 1.790444704041380828e+04 1.633787314593345858e+06 7.718155497628936428e+04 -4.354759461119615298e+04 4.781728328578449873e+04 1.254171756509023544e+04 1.313306621131911874e+06 -4.169220155419017829e+04 -6.677798774149502860e+05 -3.422830739663971472e+05 4.078176451774223242e+05 2.135851335871641932e+05 1.525493665885126575e+04 9.830913134678824281e+04 -1.557094239561036811e+05
2.308647401858075464e+05 3.941474635981346946e+05 1.665882190635587031e+05 -5.716554902571904677e+04 7.718155497628936428e+04 5.912441092240252765e+05 3.732360869266036025e+04 9.548590645420143801e+02 1.658066454694078493e+04 9.502010136444650125e+05 7.917026010273337597e+05 -4.469722416899384698e+05 -6.766479590109775017e+04 2.403273561737927666e+05 9.878647273266507545e+04 3.933143566042793827e+04 2.926605715359341411e+04 7.342707220902794506e+04
-9.336778768383515853e+03 -2.006104051149042789e+05 -1.840389131006776297e+05 1.828400812879913428e+04 -4.354759461119615298e+04 3.732360869266036025e+04 3.233765260398568353e+05 1.373507815227167703e+04 -3.275667544304533294e+03 6.800767242208069656e+05 2.497711991863546136e+05 -1.738877009904693405e+05 2.301017472215342059e+04 -5.554050630318624462e+04 -8.950171754682782921e+04 -6.897071666309500870e+04 6.777621648997056582e+03 4.690777501242490689e+04
-1.394393626262230282e+04 5.037764623776895860e+03 -4.824572020750786578e+03 -4.764526633480939927e+04 4.781728328578449873e+04 9.548590645420143801e+02 1.373507815227167703e+04 1.749065940877548419e+05 8.867208037779551887e+03 5.165704860724195605e+05 1.859028604510692821e+05 -6.131493293609177636e+04 1.142108258695386212e+03 -7.563040532014442761e+03 1.365930060792587574e+04 -6.070042794316769869e+04 -5.593114760724362714e+04 -8.103937614543918244e+03
-1.307282206338216347e+05 9.341522194399434375e+04 1.616100593840699003e+05 1.201734135902804846e+05 1.254171756509023544e+04 1.658066454694078493e+04 -3.275667544304533294e+03 8.867208037779551887e+03 1.283838482078746019e+05 -3.397221572710460750e+05 5.232458475873223506e+04 2.237311342796633835e+05 1.420091292425586435e+05 2.033527064091149441e+04 6.964588549689165666e+04 -1.327963968134466631e+04 -8.002772997201220733e+02 -1.368225739912033532e+04
-2.176826803001387510e+06 4.068797139181782026e+06 -3.855057577918643598e+06 -1.776360541680299211e+06 1.313306621131911874e+06 9.502010136444650125e+05 6.800767242208069656e+05 5.165704860724195605e+05 -3.397221572710460750e+05 1.411367993042588532e+08 1.854618128219821304e+07 -7.748585878743216395e+06 -7.905400780318262056e+06 8.101865183520717546e+05 -1.427966990978810936e+06 -6.495627390284711873e+04 1.412244805639623431e+06 -7.607929378340138355e+05
-6.086938132563118823e+06 1.268312056817736290e+07 -7.389407288939422928e+06 -1.423924289949605241e+06 -4.169220155419017829e+04 7.917026010273337597e+05 2.497711991863546136e+05 1.859028604510692821e+05 5.232458475873223506e+04 1.854618128219821304e+07 9.817252090348212421e+07 6.339976482243998908e+06 2.374780542562785093e+06 6.666491992771946825e+05 -1.312279151780250017e+06 -2.972129400697030942e+05 -3.831144636367705534e+05 -6.784692274707374163e+05
-2.987800703543900512e+06 6.276705866529969499e+05 -6.954913801691102562e+05 -1.558742431098755915e+05 -6.677798774149502860e+05 -4.469722416899384698e+05 -1.738877009904693405e+05 -6.131493293609177636e+04 2.237311342796633835e+05 -7.748585878743216395e+06 6.339976482243998908e+06 3.100736742442461848e+07 3.255811539074904285e+06 1.893007105096450541e+06 3.121785946063562878e+05 -7.921855160810929956e+05 -4.537161074240701419e+04 2.949575763824754977e+05
-2.163128545375349000e+06 -5.116247831015574629e+05 -4.518371240146327909e+04 2.418649365747015981e+05 -3.422830739663971472e+05 -6.766479590109775017e+04 2.301017472215342059e+04 1.142108258695386212e+03 1.420091292425586435e+05 -7.905400780318262056e+06 2.374780542562785093e+06 3.255811539074904285e+06 8.398594547098932788e+06 -1.993072124697359977e+05 -3.430610928527053911e+05 9.239001616669970099e+04 2.723239578021505440e+04 4.465231633954782410e+03
-1.064673510949574411e+06 1.181782532318801852e+06 5.820421563509812113e+05 -5.912621598566486500e+05 4.078176451774223242e+05 2.403273561737927666e+05 -5.554050630318624462e+04 -7.563040532014442761e+03 2.033527064091149441e+04 8.101865183520717546e+05 6.666491992771946825e+05 1.893007105096450541e+06 -1.993072124697359977e+05 5.965829043829823844e+06 7.092797445428031497e+05 5.570530751250241883e+04 8.744173631044641661e+04 1.528709119830513373e+05
1.027974058927207487e+06 5.074679478922564158e+04 8.078300536657541525e+05 -1.127661129302472837e+05 2.135851335871641932e+05 9.878647273266507545e+04 -8.950171754682782921e+04 1.365930060792587574e+04 6.964588549689165666e+04 -1.427966990978810936e+06 -1.312279151780250017e+06 3.121785946063562878e+05 -3.430610928527053911e+05 7.092797445428031497e+05 3.085033865200957283e+06 1.303244315372263518e+05 7.492156334754360432e+04 1.387356677996433573e+05
6.518041741382755572e+05 1.603768704207345945e+04 2.680234913303195499e+05 -2.084631853754964686e+04 1.525493665885126575e+04 3.933143566042793827e+04 -6.897071666309500870e+04 -6.070042794316769869e+04 -1.327963968134466631e+04 -6.495627390284711873e+04 -2.972129400697030942e+05 -7.921855160810929956e+05 9.239001616669970099e+04 5.570530751250241883e+04 1.303244315372263518e+05 1.056274116868675221e+06 3.134072021813253523e+05 -2.466278104870183233e+04
1.163530614473352907e+05 -3.819653371216040687e+05 9.709556723021648941e+04 -2.305856561343625071e+04 9.830913134678824281e+04 2.926605715359341411e+04 6.777621648997056582e+03 -5.593114760724362714e+04 -8.002772997201220733e+02 1.412244805639623431e+06 -3.831144636367705534e+05 -4.537161074240701419e+04 2.723239578021505440e+04 8.744173631044641661e+04 7.492156334754360432e+04 3.134072021813253523e+05 1.433647889051914681e+06 1.490208144976192852e+05
3.420361499035732704e+05 -2.208875415421767393e+05 2.576861454248969967e+05 -9.278671896387152083e+04 -1.557094239561036811e+05 7.342707220902794506e+04 4.690777501242490689e+04 -8.103937614543918244e+03 -1.368225739912033532e+04 -7.607929378340138355e+05 -6.784692274707374163e+05 2.949575763824754977e+05 4.465231633954782410e+03 1.528709119830513373e+05 1.387356677996433573e+05 -2.466278104870183233e+04 1.490208144976192852e+05 7.261754629440137651e+05
