# lambda=0.5191777577079908
8.611518801341086626e+07 8.508367266929892823e+06 -1.169830896622503176e+06 -1.063064237021455541e+06 1.290602920391935855e+06 -1.454651676935398020e+06 2.512728942216804717e+05 -2.885225993635046507e+03 -8.112283074931085575e+05 3.176858650807527080e+07 6.995595037914197892e+06 3.093271959719100036e+06 -2.404312254712603055e+06 1.010119199602326495e+06 1.487210181807145244e+06 4.173872540175914182e+05 -3.598634756966027198e+05 -7.720155996337594697e+05
8.508367266929892823e+06 2.360404880504179746e+07 -3.098521135635116934e+03 -3.629217649533236981e+05 3.430034116918357322e+05 7.318842149207117036e+05 3.872455250765148085e+05 4.900929642861531465e+04 -2.325967853513290174e+04 6.526483242483518086e+06 1.328085526821089350e+07 3.114768069850039668e+06 -5.236435711954395520e+05 1.229564167552654864e+06 1.416836861247188877e+06 2.952519161662015249e+05 -3.163996293046287610e+05 1.548991612336188264e+05
-1.169830896622503176e+06 -3.098521135635116934e+03 4.457709000704658218e+06 6.685969986072847387e+05 -3.569581221865449916e+05 -2.251077550567003491e+05 1.718179814067195402e+05 8.359208156522168429e+04 8.185934817812607798e+04 -2.991274608031327371e+06 -1.471150200424592244e+06 -3.563818676342772669e+05 -6.196408784875283018e+05 3.147862874772981158e+05 -5.673486539329793304e+05 -5.905114282554417150e+05 -1.117726137940032932e+05 -1.822826749669658311e+05
-1.063064237021455541e+06 -3.629217649533236981e+05 6.685969986072847387e+05 1.738843191784775350e+06 1.703121721035014707e+04 -3.357594513163921511e+04 1.176755476622544375e+05 4.845666788966143213e+04 6.513608981680633588e+04 6.238267948097819462e+05 -1.801971234848293476e+06 -4.096536567262653843e+05 -1.539428762881171133e+05 6.088627009716840257e+04 -1.014829698386638192e+05 -1.441093261287715868e+05 -1.884227919418634556e+05 -8.443606082862053881e+04
1.290602920391935855e+06 3.430034116918357322e+05 -3.569581221865449916e+05 1.703121721035014707e+04 1.328519270738144638e+06 2.188613970162121987e+05 6.446140341724245081e+04 2.525824747432565709e+04 3.127871310633563917e+04 1.077596488877309021e+06 2.078625018202339415e+05 -2.279039832215670904e+05 -8.454031304617341375e+05 -5.561480181382786250e+05 -4.069087743793037225e+04 3.538406425343175670e+03 1.159478128555451985e+05 1.320689180538792971e+04
-1.454651676935398020e+06 7.318842149207117036e+05 -2.251077550567003491e+05 -3.357594513163921511e+04 2.188613970162121987e+05 1.000669047908529406e+06 7.726965055940399179e+04 4.149062661009537260e+04 6.139123226910233643e+04 -8.994658508488627849e+05 1.195535170082376339e+06 -4.956080682783394004e+05 -3.952626580010342877e+05 -3.700110485043321969e+05 2.167288489685858076e+05 1.154441679878044852e+04 -4.601095472940782201e+04 9.366846723619929980e+04
2.512728942216804717e+05 3.872455250765148085e+05 1.718179814067195402e+05 1.176755476622544375e+05 6.446140341724245081e+04 7.726965055940399179e+04 3.593475787687161355e+05 6.018600956303347630e+04 3.214251687515635422e+04 1.438900475679623196e+06 7.157380541961193085e+05 2.653614376568309963e+05 -9.794977582740255457e+04 1.472769742801719694e+05 4.547566219814303622e+04 5.051935161695490388e+04 -3.492402778321639744e+03 1.676944126892573331e+04
-2.885225993635046507e+03 4.900929642861531465e+04 8.359208156522168429e+04 4.845666788966143213e+04 2.525824747432565709e+04 4.149062661009537260e+04 6.018600956303347630e+04 1.528003511440395378e+05 4.645798437556287536e+04 5.405974610888595926e+05 5.769116564362565987e+05 1.232750292696316756e+05 -9.735626971524390683e+04 -1.680083971053522691e+04 -8.330889776990847895e+04 -4.323020113671950821e+04 -1.422571376968466393e+04 4.216127544779968594e+04
-8.112283074931085575e+05 -2.325967853513290174e+04 8.185934817812607798e+04 6.513608981680633588e+04 3.127871310633563917e+04 6.139123226910233643e+04 3.214251687515635422e+04 4.645798437556287536e+04 1.332194109958163754e+05 -5.366252707467975561e+05 3.758048174490238307e+05 4.004856868825198944e+03 -1.063150143585582409e+05 -5.370552956995554268e+04 -9.787861388512152189e+04 -2.894103913139935321e+04 7.185412923112095996e+03 4.647030515674851631e+04
3.176858650807527080e+07 6.526483242483518086e+06 -2.991274608031327371e+06 6.238267948097819462e+05 1.077596488877309021e+06 -8.994658508488627849e+05 1.438900475679623196e+06 5.405974610888595926e+05 -5.366252707467975561e+05 2.358257585949860215e+08 1.183427555890423991e+07 1.531731892646157555e+07 3.527111410741691012e+06 -2.679560805354021024e+06 6.467878765676381998e+06 1.978955637381283566e+06 -2.299539568654214672e+05 4.322842929086011718e+05
6.995595037914197892e+06 1.328085526821089350e+07 -1.471150200424592244e+06 -1.801971234848293476e+06 2.078625018202339415e+05 1.195535170082376339e+06 7.157380541961193085e+05 5.769116564362565987e+05 3.758048174490238307e+05 1.183427555890423991e+07 5.818567481854517758e+07 3.887622954836424440e+06 3.261528102121348275e+04 1.338151772287824191e+06 5.499043889862773940e+05 7.455127767398887081e+05 -1.100550549587627902e+05 8.359142845262988703e+05
3.093271959719100036e+06 3.114768069850039668e+06 -3.563818676342772669e+05 -4.096536567262653843e+05 -2.279039832215670904e+05 -4.956080682783394004e+05 2.653614376568309963e+05 1.232750292696316756e+05 4.004856868825198944e+03 1.531731892646157555e+07 3.887622954836424440e+06 2.478629829214849696e+07 3.256625723067482002e+06 1.509257042141319718e+06 1.032311124486005283e+06 7.629839216849100776e+05 4.240032133510976564e+05 8.272575003748458112e+05
-2.404312254712603055e+06 -5.236435711954395520e+05 -6.196408784875283018e+05 -1.539428762881171133e+05 -8.454031304617341375e+05 -3.952626580010342877e+05 -9.794977582740255457e+04 -9.735626971524390683e+04 -1.063150143585582409e+05 3.527111410741691012e+06 3.261528102121348275e+04 3.256625723067482002e+06 2.021128418688244000e+07 2.824380200538298581e+06 3.973991067204390420e+05 3.429638492083677556e+05 -2.654618736882696394e+05 7.636253167993192328e+05
1.010119199602326495e+06 1.229564167552654864e+06 3.147862874772981158e+05 6.088627009716840257e+04 -5.561480181382786250e+05 -3.700110485043321969e+05 1.472769742801719694e+05 -1.680083971053522691e+04 -5.370552956995554268e+04 -2.679560805354021024e+06 1.338151772287824191e+06 1.509257042141319718e+06 2.824380200538298581e+06 8.082856152729319409e+06 -5.154467408022357267e+05 1.021059706164854462e+06 9.772631997050419159e+04 1.119540895448205556e+05
1.487210181807145244e+06 1.416836861247188877e+06 -5.673486539329793304e+05 -1.014829698386638192e+05 -4.069087743793037225e+04 2.167288489685858076e+05 4.547566219814303622e+04 -8.330889776990847895e+04 -9.787861388512152189e+04 6.467878765676381998e+06 5.499043889862773940e+05 1.032311124486005283e+06 3.973991067204390420e+05 -5.154467408022357267e+05 3.908301360222090967e+06 8.907739666016897900e+03 -1.848903583374295849e+05 -1.372203892132916662e+05
4.173872540175914182e+05 2.952519161662015249e+05 -5.905114282554417150e+05 -1.441093261287715868e+05 3.538406425343175670e+03 1.154441679878044852e+04 5.051935161695490388e+04 -4.323020113671950821e+04 -2.894103913139935321e+04 1.978955637381283566e+06 7.455127767398887081e+05 7.629839216849100776e+05 3.429638492083677556e+05 1.021059706164854462e+06 8.907739666016897900e+03 2.257333704593883362e+06 2.009961572557080653e+05 1.207576463635017280e+05
-3.598634756966027198e+05 -3.163996293046287610e+05 -1.117726137940032932e+05 -1.884227919418634556e+05 1.159478128555451985e+05 -4.601095472940782201e+04 -3.492402778321639744e+03 -1.422571376968466393e+04 7.185412923112095996e+03 -2.299539568654214672e+05 -1.100550549587627902e+05 4.240032133510976564e+05 -2.654618736882696394e+05 9.772631997050419159e+04 -1.848903583374295849e+05 2.009961572557080653e+05 6.181925448005861836e+05 3.642581780982266355e+04
-7.720155996337594697e+05 1.548991612336188264e+05 -1.822826749669658311e+05 -8.443606082862053881e+04 1.320689180538792971e+04 9.366846723619929980e+04 1.676944126892573331e+04 4.216127544779968594e+04 4.647030515674851631e+04 4.322842929086011718e+05 8.359142845262988703e+05 8.272575003748458112e+05 7.636253167993192328e+05 1.119540895448205556e+05 -1.372203892132916662e+05 1.207576463635017280e+05 3.642581780982266355e+04 5.511221674609520705e+05
