# lambda=0.5291176798815429
4.258877159550709277e+07 1.650477899905986851e+06 -4.649896225082022138e+06 -2.005148823409853037e+06 2.434365344905742386e+05 5.815428554164597153e+04 1.916185844993953651e+05 -5.512477934292722493e+05 7.920644825003636652e+04 2.552213482555786148e+07 5.712576108159869909e+06 1.799956979316295183e+05 -6.034777495078206994e+05 -5.376737163567684911e+04 -2.746175662110722624e+06 1.486119717745580943e+06 -9.822147833368027932e+04 6.099785316704638535e+05
1.650477899905986851e+06 2.957808071184012294e+07 7.334354220542077674e+05 -4.319672841669716581e+04 9.729866936778048985e+05 5.082584906936183688e+05 -2.276080138919087476e+05 2.190839994359551056e+05 1.294263609724501584e+05 3.321566975563291460e+06 1.365276181487589143e+07 5.967431398858199827e+06 1.506072412414245191e+05 1.414867942290743114e+06 1.201063970796522917e+06 8.832585621176756104e+04 -4.143942088770518312e+05 1.737441563844973280e+04
-4.649896225082022138e+06 7.334354220542077674e+05 9.239990888914136216e+06 1.088574865608046297e+06 1.645465665724576393e+05 -7.521734831719686917e+04 2.038249928097449083e+04 3.531519296994639444e+05 -6.658353700833836047e+04 -1.935593366516008740e+06 -7.862702488714278443e+05 3.036860780066480394e+06 -9.470240072092870250e+05 7.572776999218331184e+04 5.740937258815091336e+05 -3.116084164552660659e+05 -2.882516213323121192e+05 -4.965920931490897201e+05
-2.005148823409853037e+06 -4.319672841669716581e+04 1.088574865608046297e+06 1.881483537037912058e+06 -3.203387148384776810e+04 -5.770964473917843134e+04 -3.471072348191710626e+04 1.581538412775943470e+04 -4.115159380972745566e+04 -2.785383213100631256e+06 -9.545354585563372821e+05 7.581013490167747950e+05 -8.131797035872815468e+04 2.080976397214246972e+05 2.793979814005236258e+05 4.126426657223681104e+03 -4.119761376581646618e+04 -6.703998602139743161e+04
2.434365344905742386e+05 9.729866936778048985e+05 1.645465665724576393e+05 -3.203387148384776810e+04 7.644772506425107131e+05 1.480925202337410883e+05 -1.397264183742222485e+03 2.951417151551700954e+03 4.981100554839264078e+03 1.134502241172571667e+06 1.902623645311547676e+06 8.627437279249388957e+05 -1.593077600191821111e+05 -7.335839404496518546e+04 -7.223561511814483674e+04 -6.847185932740411954e+04 -6.051580219764312642e+04 -4.514734142850401986e+04
5.815428554164597153e+04 5.082584906936183688e+05 -7.521734831719686917e+04 -5.770964473917843134e+04 1.480925202337410883e+05 4.415310885009655030e+05 3.654787443114145572e+04 -2.015356432256145490e+04 2.474472557941969353e+04 1.515598589891741867e+05 1.692735625545032090e+06 4.025969675228437409e+05 5.828612070251454861e+04 -9.815746584728546441e+04 8.496031368158523401e+04 -1.138502502942480933e+05 -2.758755534864016681e+03 2.363420893809860354e+04
1.916185844993953651e+05 -2.276080138919087476e+05 2.038249928097449083e+04 -3.471072348191710626e+04 -1.397264183742222485e+03 3.654787443114145572e+04 2.712029542857657652e+05 -1.077348734715604587e+04 1.260529200150300494e+04 -6.115075464922798565e+05 6.749625346594975563e+05 3.459524237801250274e+04 -1.661626739506640588e+05 -1.477502055571783858e+05 1.450437798094899917e+05 9.482105865254026139e+04 4.907250631992176750e+03 1.040551066768601686e+03
-5.512477934292722493e+05 2.190839994359551056e+05 3.531519296994639444e+05 1.581538412775943470e+04 2.951417151551700954e+03 -2.015356432256145490e+04 -1.077348734715604587e+04 2.825017428256057319e+05 -5.371602124994422411e+03 -3.558587457723031985e+05 1.642462434009431308e+04 -5.450625856114802446e+03 -1.331670623065601394e+05 6.131704463341878727e+04 4.942874145010259235e+04 -1.096831258272993582e+05 8.868572212159951960e+03 -1.861400810064512189e+04
7.920644825003636652e+04 1.294263609724501584e+05 -6.658353700833836047e+04 -4.115159380972745566e+04 4.981100554839264078e+03 2.474472557941969353e+04 1.260529200150300494e+04 -5.371602124994422411e+03 8.339710879602376372e+04 -3.412162737121279351e+05 1.867885011370128486e+05 2.550394464804208837e+05 3.091316811934066664e+03 -6.815039613886750885e+04 4.616466958356826945e+04 -1.209469268152206496e+04 -2.011117995640742811e+04 4.196507892389803601e+04
2.552213482555786148e+07 3.321566975563291460e+06 -1.935593366516008740e+06 -2.785383213100631256e+06 1.134502241172571667e+06 1.515598589891741867e+05 -6.115075464922798565e+05 -3.558587457723031985e+05 -3.412162737121279351e+05 2.168031183908980787e+08 7.954280357826713473e+06 7.980206076340883970e+06 -1.808798769266011892e+06 9.317619573034638306e+05 -5.403247107853675261e+06 8.995820331582780927e+05 -5.940220078685928602e+05 4.562975685361778014e+05
5.712576108159869909e+06 1.365276181487589143e+07 -7.862702488714278443e+05 -9.545354585563372821e+05 1.902623645311547676e+06 1.692735625545032090e+06 6.749625346594975563e+05 1.642462434009431308e+04 1.867885011370128486e+05 7.954280357826713473e+06 1.093914387181690484e+08 6.919909079147729091e+06 1.169490981349817303e+05 1.583885578300678462e+05 1.717195188875437016e+06 9.481267401654133573e+05 4.379060505504939938e+05 3.550496200505450834e+05
1.799956979316295183e+05 5.967431398858199827e+06 3.036860780066480394e+06 7.581013490167747950e+05 8.627437279249388957e+05 4.025969675228437409e+05 3.459524237801250274e+04 -5.450625856114802446e+03 2.550394464804208837e+05 7.980206076340883970e+06 6.919909079147729091e+06 2.785836037472455204e+07 -6.770530854843702400e+05 7.180472545158577850e+05 8.710875974167534150e+04 1.336321079673805507e+05 -9.897463050080890534e+05 -8.582512271848059754e+03
-6.034777495078206994e+05 1.506072412414245191e+05 -9.470240072092870250e+05 -8.131797035872815468e+04 -1.593077600191821111e+05 5.828612070251454861e+04 -1.661626739506640588e+05 -1.331670623065601394e+05 3.091316811934066664e+03 -1.808798769266011892e+06 1.169490981349817303e+05 -6.770530854843702400e+05 5.681560967559595592e+06 5.314283570463473443e+05 -5.307331217592788016e+04 -7.495232986692267878e+04 -2.296311430025590016e+04 2.735091465978276683e+05
-5.376737163567684911e+04 1.414867942290743114e+06 7.572776999218331184e+04 2.080976397214246972e+05 -7.335839404496518546e+04 -9.815746584728546441e+04 -1.477502055571783858e+05 6.131704463341878727e+04 -6.815039613886750885e+04 9.317619573034638306e+05 1.583885578300678462e+05 7.180472545158577850e+05 5.314283570463473443e+05 2.617082117280821316e+06 1.446897605618554517e+05 1.335502489377688325e+05 -1.140723030046944768e+04 9.552218501637682493e+04
-2.746175662110722624e+06 1.201063970796522917e+06 5.740937258815091336e+05 2.793979814005236258e+05 -7.223561511814483674e+04 8.496031368158523401e+04 1.450437798094899917e+05 4.942874145010259235e+04 4.616466958356826945e+04 -5.403247107853675261e+06 1.717195188875437016e+06 8.710875974167534150e+04 -5.307331217592788016e+04 1.446897605618554517e+05 2.609520012965087779e+06 -5.199018700325031386e+04 7.123073975813343714e+04 5.624014582227024948e+04
1.486119717745580943e+06 8.832585621176756104e+04 -3.116084164552660659e+05 4.126426657223681104e+03 -6.847185932740411954e+04 -1.138502502942480933e+05 9.482105865254026139e+04 -1.096831258272993582e+05 -1.209469268152206496e+04 8.995820331582780927e+05 9.481267401654133573e+05 1.336321079673805507e+05 -7.495232986692267878e+04 1.335502489377688325e+05 -5.199018700325031386e+04 1.518237535183026223e+06 8.271544601043203147e+04 3.928487084006333316e+04
-9.822147833368027932e+04 -4.143942088770518312e+05 -2.882516213323121192e+05 -4.119761376581646618e+04 -6.051580219764312642e+04 -2.758755534864016681e+03 4.907250631992176750e+03 8.868572212159951960e+03 -2.011117995640742811e+04 -5.940220078685928602e+05 4.379060505504939938e+05 -9.897463050080890534e+05 -2.296311430025590016e+04 -1.140723030046944768e+04 7.123073975813343714e+04 8.271544601043203147e+04 6.930920921314994339e+05 1.423571405232927063e+05
6.099785316704638535e+05 1.737441563844973280e+04 -4.965920931490897201e+05 -6.703998602139743161e+04 -4.514734142850401986e+04 2.363420893809860354e+04 1.040551066768601686e+03 -1.861400810064512189e+04 4.196507892389803601e+04 4.562975685361778014e+05 3.550496200505450834e+05 -8.582512271848059754e+03 2.735091465978276683e+05 9.552218501637682493e+04 5.624014582227024948e+04 3.928487084006333316e+04 1.423571405232927063e+05 7.158818417352983961e+05
