# lambda=0.8794779137959767
5.267338648647203296e+07 1.024486205083596404e+06 -4.765195102218268439e+05 2.592670308978430694e+05 3.165861076562162489e+05 -2.017463118700023624e+05 -1.778528482834387396e+05 6.104661714550456963e+04 1.609690917354966223e+05 8.729713676570630632e+05 7.517878331999569200e+05 -4.429618858643922140e+05 -3.842984471796667785e+05 -2.994111785708232674e+03 -1.192188963317598391e+05 -2.739763122427395429e+05 5.144369523679978738e+04 3.282256417179752025e+05
1.024486205083596404e+06 1.641107979582645558e+07 4.958762561670048744e+05 -1.345533338758625723e+04 1.152654751793965697e+05 -1.538697967492195021e+05 -4.782592198435801947e+03 3.516320667341692752e+04 -9.663459012671795790e+03 1.614706182734861737e+06 2.953068405288571026e+06 3.270627443730194354e+05 -3.034047268099261564e+05 -1.793375680579289910e+05 -4.809465281235337607e+05 -8.805545216090265603e+04 -6.888576045139915368e+04 5.529829124270817374e+03
-4.765195102218268439e+05 4.958762561670048744e+05 6.551087475085791200e+06 7.681677556285305764e+04 1.070056730082569848e+05 1.342105124423409325e+04 3.248725243981027597e+04 1.246673428958562181e+04 -1.685190614890038705e+04 1.208518349929826101e+06 1.778155206067502964e+06 4.636786676597932819e+05 1.621454445373168564e+05 4.814527743307919445e+04 -2.499928693611428389e+04 4.865327272356903268e+04 6.604279589641248549e+02 -6.191015400450128072e+04
2.592670308978430694e+05 -1.345533338758625723e+04 7.681677556285305764e+04 2.456749797197953798e+06 6.070453721530687471e+04 4.577402453645701826e+03 8.182064260021591508e+03 2.370079898785733803e+03 -3.018910764306557439e+02 -1.609280183368290018e+05 2.320669975743908726e+05 5.528824209248496481e+04 1.677741946162216482e+05 -7.072765832544081786e+04 3.671152517336804158e+04 9.654784751839433738e+04 5.131793636163679912e+04 -1.589182945497261790e+04
3.165861076562162489e+05 1.152654751793965697e+05 1.070056730082569848e+05 6.070453721530687471e+04 1.479624566381629789e+06 2.360917073983625232e+04 1.839983934897826839e+04 3.073752961623862939e+04 1.624821514314347405e+04 2.837924370239087730e+05 3.947659569735460100e+05 -6.876137731631625502e+04 3.156029490892484318e+03 9.286956392175841029e+04 6.705931977296470723e+04 6.944382353636204789e+04 1.987643232217126933e+04 8.699597209138388280e+03
-2.017463118700023624e+05 -1.538697967492195021e+05 1.342105124423409325e+04 4.577402453645701826e+03 2.360917073983625232e+04 6.560400460605894914e+05 7.402375571733557990e+03 1.143139971279464771e+04 9.865762382176590108e+03 -3.610764171090613236e+05 -2.002753132063244993e+05 1.018677822401442536e+05 4.861051731734145869e+04 1.107880627643139997e+04 1.020807103218734119e+05 2.513384527366236580e+04 9.954814312855756725e+03 2.132168622272493303e+04
-1.778528482834387396e+05 -4.782592198435801947e+03 3.248725243981027597e+04 8.182064260021591508e+03 1.839983934897826839e+04 7.402375571733557990e+03 3.707092196169079398e+05 1.147965705463554877e+04 2.547046513945614606e+03 -4.820584303862863453e+04 -3.981779716632213240e+04 -2.021527611415769788e+05 8.819300640386349187e+03 -1.886669258049691780e+04 -9.724809806481775013e+03 3.077565501408552882e+04 -8.104562344069087885e+03 -7.794545066285071698e+03
6.104661714550456963e+04 3.516320667341692752e+04 1.246673428958562181e+04 2.370079898785733803e+03 3.073752961623862939e+04 1.143139971279464771e+04 1.147965705463554877e+04 1.548108140136417642e+05 7.948713752307431605e+03 -2.064130140815717095e+04 1.576354653333482020e+04 -6.879061884586575388e+02 1.720634516643270399e+04 1.023542501760889718e+04 8.767381966360102524e+03 1.615894393127428702e+04 -2.758142960898676847e+03 9.387041219080741939e+03
1.609690917354966223e+05 -9.663459012671795790e+03 -1.685190614890038705e+04 -3.018910764306557439e+02 1.624821514314347405e+04 9.865762382176590108e+03 2.547046513945614606e+03 7.948713752307431605e+03 1.008126833855587611e+05 -3.677893329589803034e+04 -6.800647911644038686e+04 -6.024294297686948266e+04 -8.203080440995352546e+03 1.038919218446555988e+03 1.454272776376473303e+04 1.457135535159538676e+03 -1.941289822825671763e+03 1.906018467034663990e+04
8.729713676570630632e+05 1.614706182734861737e+06 1.208518349929826101e+06 -1.609280183368290018e+05 2.837924370239087730e+05 -3.610764171090613236e+05 -4.820584303862863453e+04 -2.064130140815717095e+04 -3.677893329589803034e+04 1.938992959138922989e+08 4.703869952170182951e+06 9.589333276177016087e+05 5.001496149151374120e+05 6.650816912366055476e+04 1.215431210312582116e+05 -6.013386853582389886e+05 -6.973855716310580028e+05 -1.814367692764133681e+05
7.517878331999569200e+05 2.953068405288571026e+06 1.778155206067502964e+06 2.320669975743908726e+05 3.947659569735460100e+05 -2.002753132063244993e+05 -3.981779716632213240e+04 1.576354653333482020e+04 -6.800647911644038686e+04 4.703869952170182951e+06 7.188151707880893350e+07 2.685590135756670497e+06 -1.346848588360651047e+05 1.809077402168039989e+05 -7.673585800942495698e+05 -7.674859997725450376e+04 -2.573543293835743389e+05 -1.393125460188467114e+05
-4.429618858643922140e+05 3.270627443730194354e+05 4.636786676597932819e+05 5.528824209248496481e+04 -6.876137731631625502e+04 1.018677822401442536e+05 -2.021527611415769788e+05 -6.879061884586575388e+02 -6.024294297686948266e+04 9.589333276177016087e+05 2.685590135756670497e+06 4.439236708338058740e+07 5.970000832665533526e+05 3.090557158431244898e+04 -2.136703971921279444e+05 -1.596752923647371936e+05 -1.487702498007323011e+05 -1.889422267366713641e+04
-3.842984471796667785e+05 -3.034047268099261564e+05 1.621454445373168564e+05 1.677741946162216482e+05 3.156029490892484318e+03 4.861051731734145869e+04 8.819300640386349187e+03 1.720634516643270399e+04 -8.203080440995352546e+03 5.001496149151374120e+05 -1.346848588360651047e+05 5.970000832665533526e+05 7.351232649156942964e+06 1.167084578110957955e+05 9.787253506098793878e+04 1.099397993105525384e+05 8.353982528993888991e+04 -6.733503659129430889e+04
-2.994111785708232674e+03 -1.793375680579289910e+05 4.814527743307919445e+04 -7.072765832544081786e+04 9.286956392175841029e+04 1.107880627643139997e+04 -1.886669258049691780e+04 1.023542501760889718e+04 1.038919218446555988e+03 6.650816912366055476e+04 1.809077402168039989e+05 3.090557158431244898e+04 1.167084578110957955e+05 2.713005063139262609e+06 8.107413422888434434e+04 3.619711932563055598e+04 -9.704029648635649210e+03 -4.200452991506936814e+04
-1.192188963317598391e+05 -4.809465281235337607e+05 -2.499928693611428389e+04 3.671152517336804158e+04 6.705931977296470723e+04 1.020807103218734119e+05 -9.724809806481775013e+03 8.767381966360102524e+03 1.454272776376473303e+04 1.215431210312582116e+05 -7.673585800942495698e+05 -2.136703971921279444e+05 9.787253506098793878e+04 8.107413422888434434e+04 4.710406661148273386e+06 1.344152942758335557e+05 8.316642042060122185e+04 2.928918735499851027e+04
-2.739763122427395429e+05 -8.805545216090265603e+04 4.865327272356903268e+04 9.654784751839433738e+04 6.944382353636204789e+04 2.513384527366236580e+04 3.077565501408552882e+04 1.615894393127428702e+04 1.457135535159538676e+03 -6.013386853582389886e+05 -7.674859997725450376e+04 -1.596752923647371936e+05 1.099397993105525384e+05 3.619711932563055598e+04 1.344152942758335557e+05 1.522089201741374563e+06 5.213301602477535198e+04 1.369179784244651273e+03
5.144369523679978738e+04 -6.888576045139915368e+04 6.604279589641248549e+02 5.131793636163679912e+04 1.987643232217126933e+04 9.954814312855756725e+03 -8.104562344069087885e+03 -2.758142960898676847e+03 -1.941289822825671763e+03 -6.973855716310580028e+05 -2.573543293835743389e+05 -1.487702498007323011e+05 8.353982528993888991e+04 -9.704029648635649210e+03 8.316642042060122185e+04 5.213301602477535198e+04 9.718133544189280365e+05 4.726200248325639222e+03
3.282256417179752025e+05 5.529829124270817374e+03 -6.191015400450128072e+04 -1.589182945497261790e+04 8.699597209138388280e+03 2.132168622272493303e+04 -7.794545066285071698e+03 9.387041219080741939e+03 1.906018467034663990e+04 -1.814367692764133681e+05 -1.393125460188467114e+05 -1.889422267366713641e+04 -6.733503659129430889e+04 -4.200452991506936814e+04 2.928918735499851027e+04 1.369179784244651273e+03 4.726200248325639222e+03 6.606921521464962279e+05
