# lambda=0.8814056487418116
5.123423123452077061e+07 2.656794505288513610e+05 -3.064481751686530188e+05 2.430973052042920899e+05 -2.578008203818847542e+05 -1.922778305110129877e+05 -8.699357517510816979e+04 -1.873257804806080094e+04 -7.790166781966135204e+03 3.569120597537832335e+06 -2.784299062058419921e+06 -7.369113220252105966e+05 -2.901800717263736296e+05 1.899049909045772220e+05 2.128912514742356434e+05 1.497895221731954662e+05 2.290211170875984535e+05 4.719184058299456956e+05
2.656794505288513610e+05 9.238401300530863926e+06 -1.053306760869225400e+05 -2.513068469203516433e+05 -6.056037032761484443e+04 -6.566206803188350750e+04 1.569063150753562149e+04 -5.356242174610684015e+04 2.936717531848485305e+04 -2.001606895062316908e+05 -9.596391315181400860e+05 1.968657641967880772e+05 2.508024756461485813e+05 -5.142037385420604551e+04 4.621327787414822524e+04 1.233916606970784778e+05 1.602042524412040257e+04 -1.835518601459239653e+04
-3.064481751686530188e+05 -1.053306760869225400e+05 2.536118387734021526e+06 1.004063956498391053e+05 -3.526185567375674873e+04 7.410510192350909347e+04 3.193173250060506325e+04 4.251292794653169040e+03 1.370374255393911199e+03 -8.953158894341537962e+05 7.607531462686228333e+05 7.143451554029394174e+05 2.475371591480736679e+05 9.443668548905121861e+04 -2.726290789124003641e+04 -7.664906708597016404e+03 -1.944203395763344452e+04 5.517785114332166995e+04
2.430973052042920899e+05 -2.513068469203516433e+05 1.004063956498391053e+05 1.652191570023996755e+06 3.506051416051538399e+04 5.247798074817606539e+04 -7.593267880000805235e+03 1.012521234546917549e+04 -1.001277049534657817e+04 -7.907102304407780757e+05 1.819442404543947196e+05 1.302475733066141402e+04 8.942533418766289833e+04 8.233809405424045690e+04 2.101267526484320570e+03 -1.748167628638540191e+04 5.572685219261079510e+03 4.068103367779192922e+04
-2.578008203818847542e+05 -6.056037032761484443e+04 -3.526185567375674873e+04 3.506051416051538399e+04 1.294456533786690794e+06 1.684480270555019524e+04 8.123072948918081238e+03 1.157719748238971079e+04 3.072824675554125406e+03 -7.478731792868914781e+05 1.240052350827370974e+05 -2.042618217127179087e+05 -4.886697090335096436e+04 8.195912581975312787e+04 6.349368314243180794e+04 4.182016962993015477e+04 9.238927572884418623e+03 -1.534316504696325683e+04
-1.922778305110129877e+05 -6.566206803188350750e+04 7.410510192350909347e+04 5.247798074817606539e+04 1.684480270555019524e+04 6.577892909512963379e+05 1.604749711453468080e+04 1.700749734421137327e+04 5.891497581739366979e+03 -4.067963762592127314e+05 3.178580795114672510e+05 1.908018634740316193e+05 2.398882027429194713e+05 2.864901649130520309e+04 5.315581740635963797e+04 -3.281117048191274080e+04 4.710547403464714989e+03 8.040124972132964558e+02
-8.699357517510816979e+04 1.569063150753562149e+04 3.193173250060506325e+04 -7.593267880000805235e+03 8.123072948918081238e+03 1.604749711453468080e+04 2.287623119519036263e+05 -1.883142962563623996e+03 2.208242993782584108e+03 -6.791215144153159054e+04 -1.174139245001623931e+04 1.758179447149473417e+05 4.646069747108034062e+04 -5.146426294768159551e+02 1.734071332618291854e+04 2.900226098885188912e+04 -9.443335005517654281e+03 1.003696125155775553e+04
-1.873257804806080094e+04 -5.356242174610684015e+04 4.251292794653169040e+03 1.012521234546917549e+04 1.157719748238971079e+04 1.700749734421137327e+04 -1.883142962563623996e+03 1.911685447155450820e+05 4.714519315273490065e+03 2.924867299874087985e+04 1.474781940095583559e+05 -3.089063545943147801e+03 4.736761303154598136e+04 1.807872641948751379e+03 9.632314442685377799e+03 -1.400673047466496428e+04 6.674508384558872422e+03 7.382273381864835756e+03
-7.790166781966135204e+03 2.936717531848485305e+04 1.370374255393911199e+03 -1.001277049534657817e+04 3.072824675554125406e+03 5.891497581739366979e+03 2.208242993782584108e+03 4.714519315273490065e+03 1.076078030731215113e+05 4.557056759805370530e+04 6.833068375936966913e+04 9.383415587376180338e+04 3.102102051836674946e+04 -8.882930802697186664e+03 2.856290430180016847e+04 -1.943449639072542413e+04 -3.621899345911957880e+03 1.836114469016411749e+04
3.569120597537832335e+06 -2.001606895062316908e+05 -8.953158894341537962e+05 -7.907102304407780757e+05 -7.478731792868914781e+05 -4.067963762592127314e+05 -6.791215144153159054e+04 2.924867299874087985e+04 4.557056759805370530e+04 2.655990580052251220e+08 4.603584226180033758e+06 -1.053067462195902830e+06 -2.832125300825108774e+06 -4.546819193556262762e+05 3.375971510598163586e+05 1.818631068257821607e+05 -2.802893118787958520e+05 2.436640086778668338e+05
-2.784299062058419921e+06 -9.596391315181400860e+05 7.607531462686228333e+05 1.819442404543947196e+05 1.240052350827370974e+05 3.178580795114672510e+05 -1.174139245001623931e+04 1.474781940095583559e+05 6.833068375936966913e+04 4.603584226180033758e+06 8.440536823711957037e+07 1.848147813588006655e+06 6.717018892275368562e+05 5.078230671346414601e+05 7.724814162017774070e+05 8.368995274864482053e+04 -1.538368443705022510e+05 2.334827223914116330e+05
-7.369113220252105966e+05 1.968657641967880772e+05 7.143451554029394174e+05 1.302475733066141402e+04 -2.042618217127179087e+05 1.908018634740316193e+05 1.758179447149473417e+05 -3.089063545943147801e+03 9.383415587376180338e+04 -1.053067462195902830e+06 1.848147813588006655e+06 3.140149417769036442e+07 1.188023117316185962e+06 7.370727910804802377e+04 2.701476321503160289e+05 6.139129543310552435e+03 -1.278490368589377904e+05 3.373466584474726696e+05
-2.901800717263736296e+05 2.508024756461485813e+05 2.475371591480736679e+05 8.942533418766289833e+04 -4.886697090335096436e+04 2.398882027429194713e+05 4.646069747108034062e+04 4.736761303154598136e+04 3.102102051836674946e+04 -2.832125300825108774e+06 6.717018892275368562e+05 1.188023117316185962e+06 1.748723011387605220e+07 2.315269740180253575e+05 2.191339203650704876e+05 -7.954012927049335849e+04 8.215027083797787782e+04 1.039780673574497632e+05
1.899049909045772220e+05 -5.142037385420604551e+04 9.443668548905121861e+04 8.233809405424045690e+04 8.195912581975312787e+04 2.864901649130520309e+04 -5.146426294768159551e+02 1.807872641948751379e+03 -8.882930802697186664e+03 -4.546819193556262762e+05 5.078230671346414601e+05 7.370727910804802377e+04 2.315269740180253575e+05 4.139361808758633677e+06 9.978385393064544769e+04 1.869793042461086006e+05 6.499673027069963427e+04 6.196417177645258198e+04
2.128912514742356434e+05 4.621327787414822524e+04 -2.726290789124003641e+04 2.101267526484320570e+03 6.349368314243180794e+04 5.315581740635963797e+04 1.734071332618291854e+04 9.632314442685377799e+03 2.856290430180016847e+04 3.375971510598163586e+05 7.724814162017774070e+05 2.701476321503160289e+05 2.191339203650704876e+05 9.978385393064544769e+04 4.496563639669553377e+06 8.295265478232651367e+04 8.457144714199539158e+04 1.379630417484127684e+05
1.497895221731954662e+05 1.233916606970784778e+05 -7.664906708597016404e+03 -1.748167628638540191e+04 4.182016962993015477e+04 -3.281117048191274080e+04 2.900226098885188912e+04 -1.400673047466496428e+04 -1.943449639072542413e+04 1.818631068257821607e+05 8.368995274864482053e+04 6.139129543310552435e+03 -7.954012927049335849e+04 1.869793042461086006e+05 8.295265478232651367e+04 3.123123048127918970e+06 5.525664037251342961e+04 3.652377585798611835e+04
2.290211170875984535e+05 1.602042524412040257e+04 -1.944203395763344452e+04 5.572685219261079510e+03 9.238927572884418623e+03 4.710547403464714989e+03 -9.443335005517654281e+03 6.674508384558872422e+03 -3.621899345911957880e+03 -2.802893118787958520e+05 -1.538368443705022510e+05 -1.278490368589377904e+05 8.215027083797787782e+04 6.499673027069963427e+04 8.457144714199539158e+04 5.525664037251342961e+04 7.036033498844887363e+05 2.091393739381410342e+04
4.719184058299456956e+05 -1.835518601459239653e+04 5.517785114332166995e+04 4.068103367779192922e+04 -1.534316504696325683e+04 8.040124972132964558e+02 1.003696125155775553e+04 7.382273381864835756e+03 1.836114469016411749e+04 2.436640086778668338e+05 2.334827223914116330e+05 3.373466584474726696e+05 1.039780673574497632e+05 6.196417177645258198e+04 1.379630417484127684e+05 3.652377585798611835e+04 2.091393739381410342e+04 1.171648197868608171e+06
