# lambda=0.5490852045659834
5.014652085785177350e+07 4.012084310499514453e+06 -8.622024747534024937e+04 -2.071832207124784763e+05 1.707017534473991022e+06 -4.620631727838891093e+05 4.868427431335275178e+05 -5.454567081972135929e+04 4.896302395186346257e+05 4.808758782319195569e+06 6.928086127397364005e+06 -8.477779016297871713e+05 4.963742954491911805e+05 8.213461651297103381e+05 1.300246301470992621e+06 1.290021190339414636e+06 4.217700562324365601e+05 7.520331439850708703e+05
4.012084310499514453e+06 5.922250143416446634e+06 9.086740701855306979e+05 1.535848468386275636e+05 6.462705582522606710e+05 2.663960329615214723e+05 9.162510916905228805e+04 -4.614438926620605343e+04 2.557361074620728323e+05 3.035344041996239685e+06 9.636186839654829819e+05 7.074660455982792191e+05 9.332933514055184787e+05 3.027106956408853875e+05 6.358408018268896267e+05 3.634029645018225419e+05 4.083443083006393135e+04 1.683459483688375039e+05
-8.622024747534024937e+04 9.086740701855306979e+05 5.042918270191396587e+06 1.951621119680633710e+05 5.432136100501179462e+05 2.356967043691918661e+05 2.483811129322727720e+04 -5.537541861617255927e+04 1.079285597942254244e+05 5.636304521574806422e+06 -2.227336484285009559e+06 1.106148498881831532e+06 8.520756631362941116e+05 -1.988572553561365639e+05 4.749716517479307950e+05 -1.402149381610479031e+04 -3.087965930859245127e+05 7.500064423996086407e+04
-2.071832207124784763e+05 1.535848468386275636e+05 1.951621119680633710e+05 1.106091640185887460e+06 3.148837249734303259e+04 3.418805599337028980e+04 8.916789161564112874e+04 4.100287811587094620e+04 1.336842334083010792e+04 1.260810135911920806e+06 -9.171043749313900480e+05 2.044498925851615204e+05 5.909076210236715851e+05 -2.938561031939142849e+05 -3.939042282582104235e+04 5.628355462983185134e+04 -1.571668812634898350e+05 1.255780443237612189e+03
1.707017534473991022e+06 6.462705582522606710e+05 5.432136100501179462e+05 3.148837249734303259e+04 1.621946020207479363e+06 5.148514924744361633e+04 6.347319816462952440e+04 3.536369332186588872e+04 1.362979301397954805e+04 2.353763491032109596e+05 -5.262575901069685351e+05 9.998845418582500133e+04 2.322266415553865081e+05 3.672964303591178032e+05 3.137813438736011740e+05 -4.801769394125860708e+04 -8.304188442943674454e+04 -6.317145258264271251e+04
-4.620631727838891093e+05 2.663960329615214723e+05 2.356967043691918661e+05 3.418805599337028980e+04 5.148514924744361633e+04 4.944999660871447995e+05 6.266374879770643020e+04 8.572119954156210952e+03 1.330898089846160838e+04 1.164756733841602458e+06 -8.488408311364392284e+05 1.666205508519469877e+05 1.517962080534440174e+05 -8.003254855917544046e+04 2.498273292004895848e+04 4.880128494834724552e+04 -7.262295014279156749e+04 -6.701896805118535121e+04
4.868427431335275178e+05 9.162510916905228805e+04 2.483811129322727720e+04 8.916789161564112874e+04 6.347319816462952440e+04 6.266374879770643020e+04 3.459246064562968677e+05 5.059522744934076036e+04 4.066084003279192257e+04 1.054469631975911558e+06 -4.086377049290732830e+05 -1.983050920345416234e+05 2.948909934251611121e+05 -4.139988739007572440e+04 -6.059252133814799163e+04 1.496051004490697233e+05 -1.951275822391308736e+02 9.787389186722903105e+03
-5.454567081972135929e+04 -4.614438926620605343e+04 -5.537541861617255927e+04 4.100287811587094620e+04 3.536369332186588872e+04 8.572119954156210952e+03 5.059522744934076036e+04 1.569856519379743841e+05 -3.799910255163694274e+03 3.471476113683089497e+05 -2.060992922069863707e+05 -2.867847341670857859e+05 -1.123085030974210531e+05 -1.487456383761149191e+05 -2.439932504275464089e+04 5.390546173351295147e+04 3.638908077638653049e+04 -1.545778761769193261e+04
4.896302395186346257e+05 2.557361074620728323e+05 1.079285597942254244e+05 1.336842334083010792e+04 1.362979301397954805e+04 1.330898089846160838e+04 4.066084003279192257e+04 -3.799910255163694274e+03 2.052861245878103946e+05 -8.244010837969336717e+04 7.857757625524786999e+04 -2.867944930460648611e+05 2.014861447597717051e+05 3.618278148754468566e+04 3.718556245331269747e+04 1.613834892053562799e+05 3.820908225000374659e+04 5.460783749624827033e+04
4.808758782319195569e+06 3.035344041996239685e+06 5.636304521574806422e+06 1.260810135911920806e+06 2.353763491032109596e+05 1.164756733841602458e+06 1.054469631975911558e+06 3.471476113683089497e+05 -8.244010837969336717e+04 2.278861602865317464e+08 2.291574920036600530e+07 1.514590683163697459e+07 6.638838664514298551e+06 -3.922418010560854804e+06 4.134587507429851685e+06 1.621756158480438869e+06 -1.239343815543450037e+05 -4.335664895656217705e+05
6.928086127397364005e+06 9.636186839654829819e+05 -2.227336484285009559e+06 -9.171043749313900480e+05 -5.262575901069685351e+05 -8.488408311364392284e+05 -4.086377049290732830e+05 -2.060992922069863707e+05 7.857757625524786999e+04 2.291574920036600530e+07 8.006854208478781581e+07 1.212225773598680831e+07 -3.437380609673302970e+05 1.757326993907535914e+06 2.624981087694953661e+06 1.136126276033259463e+06 2.062953230196398683e+06 1.733585870355579827e+05
-8.477779016297871713e+05 7.074660455982792191e+05 1.106148498881831532e+06 2.044498925851615204e+05 9.998845418582500133e+04 1.666205508519469877e+05 -1.983050920345416234e+05 -2.867847341670857859e+05 -2.867944930460648611e+05 1.514590683163697459e+07 1.212225773598680831e+07 3.594567130900723487e+07 1.116969670657513896e+06 1.114463341781743336e+06 1.359770644893775694e+06 2.514156306165418355e+05 9.762901419312647777e+05 3.480007625389386085e+05
4.963742954491911805e+05 9.332933514055184787e+05 8.520756631362941116e+05 5.909076210236715851e+05 2.322266415553865081e+05 1.517962080534440174e+05 2.948909934251611121e+05 -1.123085030974210531e+05 2.014861447597717051e+05 6.638838664514298551e+06 -3.437380609673302970e+05 1.116969670657513896e+06 8.934446488909538835e+06 8.808062227818978718e+05 5.908634425950198201e+05 8.358521404202458507e+04 -4.833871097935151774e+05 5.447476125958505872e+04
8.213461651297103381e+05 3.027106956408853875e+05 -1.988572553561365639e+05 -2.938561031939142849e+05 3.672964303591178032e+05 -8.003254855917544046e+04 -4.139988739007572440e+04 -1.487456383761149191e+05 3.618278148754468566e+04 -3.922418010560854804e+06 1.757326993907535914e+06 1.114463341781743336e+06 8.808062227818978718e+05 4.306259291575892828e+06 4.496367104295793688e+05 -4.109877079228961375e+05 1.764367785700760724e+05 2.698248351016939341e+04
1.300246301470992621e+06 6.358408018268896267e+05 4.749716517479307950e+05 -3.939042282582104235e+04 3.137813438736011740e+05 2.498273292004895848e+04 -6.059252133814799163e+04 -2.439932504275464089e+04 3.718556245331269747e+04 4.134587507429851685e+06 2.624981087694953661e+06 1.359770644893775694e+06 5.908634425950198201e+05 4.496367104295793688e+05 3.108350544493803754e+06 -1.810318489258404952e+04 5.482947580389997893e+04 1.130046049052005983e+05
1.290021190339414636e+06 3.634029645018225419e+05 -1.402149381610479031e+04 5.628355462983185134e+04 -4.801769394125860708e+04 4.880128494834724552e+04 1.496051004490697233e+05 5.390546173351295147e+04 1.613834892053562799e+05 1.621756158480438869e+06 1.136126276033259463e+06 2.514156306165418355e+05 8.358521404202458507e+04 -4.109877079228961375e+05 -1.810318489258404952e+04 1.705469042029212462e+06 1.713371661527481338e+05 1.485789299437861482e+05
4.217700562324365601e+05 4.083443083006393135e+04 -3.087965930859245127e+05 -1.571668812634898350e+05 -8.304188442943674454e+04 -7.262295014279156749e+04 -1.951275822391308736e+02 3.638908077638653049e+04 3.820908225000374659e+04 -1.239343815543450037e+05 2.062953230196398683e+06 9.762901419312647777e+05 -4.833871097935151774e+05 1.764367785700760724e+05 5.482947580389997893e+04 1.713371661527481338e+05 1.183816862360754283e+06 1.395403916365539480e+05
7.520331439850708703e+05 1.683459483688375039e+05 7.500064423996086407e+04 1.255780443237612189e+03 -6.317145258264271251e+04 -6.701896805118535121e+04 9.787389186722903105e+03 -1.545778761769193261e+04 5.460783749624827033e+04 -4.335664895656217705e+05 1.733585870355579827e+05 3.480007625389386085e+05 5.447476125958505872e+04 2.698248351016939341e+04 1.130046049052005983e+05 1.485789299437861482e+05 1.395403916365539480e+05 5.816686991837749956e+05
