# lambda=0.9466569646309148
3.577201377293069661e+07 -5.931528868240146403e+04 -1.046975425718907645e+05 3.813033122590550192e+04 -6.466165219652788073e+04 -4.795532809243493102e+04 4.711908720978337806e+04 2.299147721280356564e+04 2.625461897013372800e+04 6.264523850257323356e+05 3.763715123441096512e+05 -4.294613534948289162e+05 3.160329313070080825e+05 -7.735938483767563594e+04 -6.733762377777761139e+04 1.841106469522215484e+05 1.590621923834466434e+05 7.718506126053498883e+04
-5.931528868240146403e+04 1.196119670570570976e+07 1.246433541466402530e+05 -3.419391371588269976e+03 3.932618427912601328e+04 1.724350441532067634e+04 -8.538753583983819908e+02 2.652627979579803650e+04 -6.691188716355727593e+03 3.517776764424322755e+05 -4.295315020332376298e+04 5.092720859888850828e+05 6.938201205304051109e+04 6.732495264538543415e+04 6.135047378177315841e+04 -2.468661128832481154e+03 5.919520442440585612e+04 4.294321963619656162e+04
-1.046975425718907645e+05 1.246433541466402530e+05 5.323225144291930832e+06 2.002297361598336647e+04 -7.136072387566342513e+03 3.044484278791003453e+04 1.619851710438335249e+04 1.787582011911685913e+04 6.674077940920018648e+01 -5.188997129632912111e+05 2.006382036817258049e+05 2.507087480864256795e+05 -2.961131198271198082e+04 1.939877711960215311e+04 -1.753388489294004830e+04 -4.117964471392536507e+04 2.335740348812958473e+03 4.088014120680133055e+04
3.813033122590550192e+04 -3.419391371588269976e+03 2.002297361598336647e+04 1.841748938587071374e+06 -1.129644719192841876e+04 3.603530033090326469e+03 4.963897343504575474e+03 -6.505335777592884369e+03 7.481377869135961191e+03 2.151156360779031093e+04 4.209753625716937677e+04 -5.745519909112316964e+04 1.050571134274359647e+05 -2.184467868994656328e+03 -2.546894887749693589e+04 -5.310678888643265054e+03 -5.283266832172642353e+03 2.127361209516272720e+04
-6.466165219652788073e+04 3.932618427912601328e+04 -7.136072387566342513e+03 -1.129644719192841876e+04 1.195701447191634914e+06 1.341364396172864190e+03 -1.368145375420782693e+04 2.938837253086411692e+03 -5.500859504704731989e+03 1.223683319370578974e+05 1.795518273212861095e+05 1.793515389048970537e+05 -5.314262900275297579e+04 5.547870935432006809e+04 8.091139252515777480e+04 3.781245858747829334e+04 7.882916872015020090e+03 6.996853457283178841e+02
-4.795532809243493102e+04 1.724350441532067634e+04 3.044484278791003453e+04 3.603530033090326469e+03 1.341364396172864190e+03 4.060463293725589174e+05 2.160719638342407507e+03 -4.089509602557759749e+00 -1.089695522743307265e+03 -6.885261941848757851e+04 4.965458065521928074e+04 2.013884141071353952e+04 -1.065675039455887054e+04 -1.057155600918673190e+04 2.072580877957636403e+04 -1.026499875592584613e+04 -7.367992773834190302e+03 1.393100067763904917e+03
4.711908720978337806e+04 -8.538753583983819908e+02 1.619851710438335249e+04 4.963897343504575474e+03 -1.368145375420782693e+04 2.160719638342407507e+03 4.480611507943904726e+05 6.405129757855491334e+03 -8.698355138483427709e+02 6.826703177493352268e+04 -6.956345622115179140e+04 7.464767452574524214e+02 2.000179141343617084e+04 -1.705212368580387192e+04 -7.757655519797775924e+03 2.123563426496347802e+03 -1.534245491218301822e+02 6.494295823801331608e+03
2.299147721280356564e+04 2.652627979579803650e+04 1.787582011911685913e+04 -6.505335777592884369e+03 2.938837253086411692e+03 -4.089509602557759749e+00 6.405129757855491334e+03 3.446055912625181954e+05 2.552292834554245474e+03 -6.192254353586190518e+03 -6.777264759927015984e+04 9.958239671239973177e+03 2.659978157309600283e+04 8.906313277760193159e+03 1.528260752552183476e+04 1.113234654369947384e+04 8.707785298596720168e+03 7.250371339836848165e+03
2.625461897013372800e+04 -6.691188716355727593e+03 6.674077940920018648e+01 7.481377869135961191e+03 -5.500859504704731989e+03 -1.089695522743307265e+03 -8.698355138483427709e+02 2.552292834554245474e+03 1.263202936998422665e+05 -6.170500962524236093e+04 -4.925719956991753747e+02 -5.698297106618584803e+04 2.795302791975877699e+04 -1.263108282883241918e+04 -1.643414004694757068e+03 4.658226416970419450e+03 4.850772125905502321e+02 7.708949238521795451e+03
6.264523850257323356e+05 3.517776764424322755e+05 -5.188997129632912111e+05 2.151156360779031093e+04 1.223683319370578974e+05 -6.885261941848757851e+04 6.826703177493352268e+04 -6.192254353586190518e+03 -6.170500962524236093e+04 9.297703851505482197e+07 3.033387235534743377e+04 8.032441863634960027e+05 1.346814284910504648e+05 -2.124434518966207979e+05 1.866029500226397067e+05 6.319998868563520955e+04 1.516929418741171830e+05 1.627177090936108834e+04
3.763715123441096512e+05 -4.295315020332376298e+04 2.006382036817258049e+05 4.209753625716937677e+04 1.795518273212861095e+05 4.965458065521928074e+04 -6.956345622115179140e+04 -6.777264759927015984e+04 -4.925719956991753747e+02 3.033387235534743377e+04 7.092732715238516033e+07 1.143020111737079918e+06 -9.477069488692619416e+03 4.020752647207787959e+04 3.426472792057511979e+05 2.869956237486230675e+05 6.022084804355312372e+04 1.829091197481350973e+05
-4.294613534948289162e+05 5.092720859888850828e+05 2.507087480864256795e+05 -5.745519909112316964e+04 1.793515389048970537e+05 2.013884141071353952e+04 7.464767452574524214e+02 9.958239671239973177e+03 -5.698297106618584803e+04 8.032441863634960027e+05 1.143020111737079918e+06 4.184134955335195363e+07 -7.559550531355859130e+04 1.318053311592449900e+05 2.228949331986731559e+05 1.610786924032374227e+05 8.850948267114542250e+04 5.854778160277074494e+04
3.160329313070080825e+05 6.938201205304051109e+04 -2.961131198271198082e+04 1.050571134274359647e+05 -5.314262900275297579e+04 -1.065675039455887054e+04 2.000179141343617084e+04 2.659978157309600283e+04 2.795302791975877699e+04 1.346814284910504648e+05 -9.477069488692619416e+03 -7.559550531355859130e+04 1.292875392740951106e+07 7.997546593893477984e+04 -9.978779464907443980e+03 5.518276139578725997e+04 2.665631643568135769e+04 1.047254917824903387e+05
-7.735938483767563594e+04 6.732495264538543415e+04 1.939877711960215311e+04 -2.184467868994656328e+03 5.547870935432006809e+04 -1.057155600918673190e+04 -1.705212368580387192e+04 8.906313277760193159e+03 -1.263108282883241918e+04 -2.124434518966207979e+05 4.020752647207787959e+04 1.318053311592449900e+05 7.997546593893477984e+04 5.311684605711096898e+06 6.759284279140317813e+04 3.375237672703300632e+04 9.948953904984451583e+03 -2.596081701260392833e+02
-6.733762377777761139e+04 6.135047378177315841e+04 -1.753388489294004830e+04 -2.546894887749693589e+04 8.091139252515777480e+04 2.072580877957636403e+04 -7.757655519797775924e+03 1.528260752552183476e+04 -1.643414004694757068e+03 1.866029500226397067e+05 3.426472792057511979e+05 2.228949331986731559e+05 -9.978779464907443980e+03 6.759284279140317813e+04 4.002838233518179040e+06 8.580411146910108801e+04 1.894815913214505053e+04 8.743993759724004121e+03
1.841106469522215484e+05 -2.468661128832481154e+03 -4.117964471392536507e+04 -5.310678888643265054e+03 3.781245858747829334e+04 -1.026499875592584613e+04 2.123563426496347802e+03 1.113234654369947384e+04 4.658226416970419450e+03 6.319998868563520955e+04 2.869956237486230675e+05 1.610786924032374227e+05 5.518276139578725997e+04 3.375237672703300632e+04 8.580411146910108801e+04 2.312812393917384092e+06 3.167784492825427878e+04 2.122945836964093542e+04
1.590621923834466434e+05 5.919520442440585612e+04 2.335740348812958473e+03 -5.283266832172642353e+03 7.882916872015020090e+03 -7.367992773834190302e+03 -1.534245491218301822e+02 8.707785298596720168e+03 4.850772125905502321e+02 1.516929418741171830e+05 6.022084804355312372e+04 8.850948267114542250e+04 2.665631643568135769e+04 9.948953904984451583e+03 1.894815913214505053e+04 3.167784492825427878e+04 6.732228842149196425e+05 1.632358978074887455e+04
7.718506126053498883e+04 4.294321963619656162e+04 4.088014120680133055e+04 2.127361209516272720e+04 6.996853457283178841e+02 1.393100067763904917e+03 6.494295823801331608e+03 7.250371339836848165e+03 7.708949238521795451e+03 1.627177090936108834e+04 1.829091197481350973e+05 5.854778160277074494e+04 1.047254917824903387e+05 -2.596081701260392833e+02 8.743993759724004121e+03 2.122945836964093542e+04 1.632358978074887455e+04 8.656390170433481690e+05
