# lambda=0.5817253109897352
7.309838450990433991e+07 6.660517048176251352e+06 4.519332355648068478e+05 8.470874361036795017e+04 2.291966909696365474e+05 1.408288923243043537e+05 1.024277897735658626e+05 -3.462553520603819052e+05 5.554179945532239508e+05 3.183624956634065136e+07 4.285372401599680074e+06 -4.335290733061361825e+05 3.795054642287685070e+06 -2.154797389530782588e+06 5.037001057102084160e+05 -3.309631063664845424e+05 -4.124734860215006047e+05 -2.240002814410865249e+05
6.660517048176251352e+06 1.526318017874690890e+07 3.182508400270116981e+05 -2.859338891639400390e+05 -7.518481220138818026e+04 2.075555186694952426e+05 -7.957859426121451543e+04 -5.364932707589321217e+04 1.697970824642337975e+05 9.413530961106650531e+06 3.763516815303658601e+06 1.131667754068492213e+06 2.166558225233081728e+06 -3.387054309459340875e+05 8.579663447943552164e+05 5.878576401574021438e+05 -5.598864400405039778e+05 1.855790909482288116e+05
4.519332355648068478e+05 3.182508400270116981e+05 6.486768085537016392e+06 3.148945018490605289e+05 2.737105978181025130e+05 3.023537312455848441e+05 8.386438544549228027e+03 7.417007442831384833e+04 6.693912195271752717e+04 -3.128441801252868492e+06 1.696193406509957567e+05 1.858653159273226047e+06 3.945852941986194346e+05 5.158219698584228754e+05 -5.851136075902846642e+04 -3.006483876271867193e+05 2.191266666521805018e+04 6.505153524614230264e+04
8.470874361036795017e+04 -2.859338891639400390e+05 3.148945018490605289e+05 1.300994366933985148e+06 1.353226714972073387e+04 2.784079776610684348e+04 3.717810234709823271e+04 -5.514774903167964658e+04 7.370074327022740363e+03 1.376387602853554301e+06 5.381029859983933857e+05 5.178223941628153552e+05 3.406905132212594035e+05 7.955543476115619706e+04 -6.963074376703516464e+04 1.613558303216840432e+05 9.269296636023739120e+04 1.555944671716063458e+05
2.291966909696365474e+05 -7.518481220138818026e+04 2.737105978181025130e+05 1.353226714972073387e+04 5.520691876673616935e+05 -4.878515180440382392e+04 -3.526107546534825815e+04 1.300649003608505700e+04 -2.389958683434605700e+04 -2.415005911816944426e+05 -2.863232822807786288e+05 5.321873372625822958e+04 2.299283493450211536e+05 2.970954710028817062e+05 2.825067249617268681e+04 -1.233295828293536761e+05 8.361419406950731354e+04 3.078861828195065391e+04
1.408288923243043537e+05 2.075555186694952426e+05 3.023537312455848441e+05 2.784079776610684348e+04 -4.878515180440382392e+04 6.565125874345488846e+05 7.360517989637870414e+03 -1.472820337092012051e+04 4.979173062292816212e+03 -1.245484145457934588e+06 3.928756931190556497e+04 4.054148430658226716e+05 8.715595830687611306e+04 3.722766929523419094e+04 2.055284257163522707e+05 1.374034457735324104e+05 3.117017232440871885e+04 3.039636598659863921e+03
1.024277897735658626e+05 -7.957859426121451543e+04 8.386438544549228027e+03 3.717810234709823271e+04 -3.526107546534825815e+04 7.360517989637870414e+03 1.834579594637769915e+05 3.657301482766326808e+04 7.304972325061551601e+03 -1.306430813785033824e+05 1.552634019024235604e+05 -4.001578039741449174e+04 -1.934126781687305775e+05 -1.554245721850336413e+05 -9.054454025722456208e+03 3.190723914980814516e+04 -7.444924202949196115e+03 -1.112358980757105383e+04
-3.462553520603819052e+05 -5.364932707589321217e+04 7.417007442831384833e+04 -5.514774903167964658e+04 1.300649003608505700e+04 -1.472820337092012051e+04 3.657301482766326808e+04 2.063563778306486493e+05 2.794594355378262208e+03 -8.102833038844696712e+05 3.142436135590305203e+05 -1.557666801389353059e+05 -3.877319309726819047e+05 1.232536559307507996e+05 4.187191232078654934e+02 -2.134587719115287473e+04 2.007288989572864739e+04 1.799868370142472122e+04
5.554179945532239508e+05 1.697970824642337975e+05 6.693912195271752717e+04 7.370074327022740363e+03 -2.389958683434605700e+04 4.979173062292816212e+03 7.304972325061551601e+03 2.794594355378262208e+03 8.758459657861162850e+04 7.650825624160976149e+05 6.485519100344281178e+05 2.653351234350366212e+03 6.280103738417666318e+04 -2.624694025090698415e+04 -1.247780259225521695e+04 3.216621182851996127e+04 9.138004423197902724e+03 -3.794485332801145887e+03
3.183624956634065136e+07 9.413530961106650531e+06 -3.128441801252868492e+06 1.376387602853554301e+06 -2.415005911816944426e+05 -1.245484145457934588e+06 -1.306430813785033824e+05 -8.102833038844696712e+05 7.650825624160976149e+05 2.290622915958371758e+08 2.054996897860688390e+06 -1.096884777138506994e+07 3.754793924978125375e+06 -1.053936791463680100e+06 1.468281493144457927e+06 3.142839500980658922e+06 -1.396342300089966506e+06 4.918007909992280183e+05
4.285372401599680074e+06 3.763516815303658601e+06 1.696193406509957567e+05 5.381029859983933857e+05 -2.863232822807786288e+05 3.928756931190556497e+04 1.552634019024235604e+05 3.142436135590305203e+05 6.485519100344281178e+05 2.054996897860688390e+06 8.286030192124122381e+07 9.454084162340853363e+06 1.454207341082375497e+06 3.246038903369198670e+05 5.513085954029025743e+05 1.681898355708264047e+06 1.590227024827831192e+06 1.578857637388523726e+05
-4.335290733061361825e+05 1.131667754068492213e+06 1.858653159273226047e+06 5.178223941628153552e+05 5.321873372625822958e+04 4.054148430658226716e+05 -4.001578039741449174e+04 -1.557666801389353059e+05 2.653351234350366212e+03 -1.096884777138506994e+07 9.454084162340853363e+06 2.612777351130521297e+07 2.212101436051345430e+06 2.444387711458384001e+05 -3.913221870359902969e+05 -5.979047347113616997e+05 3.465361432844068040e+05 -1.066290365069005784e+05
3.795054642287685070e+06 2.166558225233081728e+06 3.945852941986194346e+05 3.406905132212594035e+05 2.299283493450211536e+05 8.715595830687611306e+04 -1.934126781687305775e+05 -3.877319309726819047e+05 6.280103738417666318e+04 3.754793924978125375e+06 1.454207341082375497e+06 2.212101436051345430e+06 1.086080504918891937e+07 2.065579372688561562e+05 4.279148565031835460e+05 -1.280571076678668323e+05 1.060174904748808040e+05 4.247174504851722304e+04
-2.154797389530782588e+06 -3.387054309459340875e+05 5.158219698584228754e+05 7.955543476115619706e+04 2.970954710028817062e+05 3.722766929523419094e+04 -1.554245721850336413e+05 1.232536559307507996e+05 -2.624694025090698415e+04 -1.053936791463680100e+06 3.246038903369198670e+05 2.444387711458384001e+05 2.065579372688561562e+05 7.667730882542336360e+06 1.768250602921754471e+05 3.680489934465952683e+04 1.259737202416241635e+05 4.034291055592106568e+04
5.037001057102084160e+05 8.579663447943552164e+05 -5.851136075902846642e+04 -6.963074376703516464e+04 2.825067249617268681e+04 2.055284257163522707e+05 -9.054454025722456208e+03 4.187191232078654934e+02 -1.247780259225521695e+04 1.468281493144457927e+06 5.513085954029025743e+05 -3.913221870359902969e+05 4.279148565031835460e+05 1.768250602921754471e+05 2.295865233073739335e+06 4.874335996748229372e+05 -5.313487393471233372e+04 8.150100940709913266e+04
-3.309631063664845424e+05 5.878576401574021438e+05 -3.006483876271867193e+05 1.613558303216840432e+05 -1.233295828293536761e+05 1.374034457735324104e+05 3.190723914980814516e+04 -2.134587719115287473e+04 3.216621182851996127e+04 3.142839500980658922e+06 1.681898355708264047e+06 -5.979047347113616997e+05 -1.280571076678668323e+05 3.680489934465952683e+04 4.874335996748229372e+05 2.374076768471593503e+06 7.317258436600648565e+04 1.511358952600873599e+05
-4.124734860215006047e+05 -5.598864400405039778e+05 2.191266666521805018e+04 9.269296636023739120e+04 8.361419406950731354e+04 3.117017232440871885e+04 -7.444924202949196115e+03 2.007288989572864739e+04 9.138004423197902724e+03 -1.396342300089966506e+06 1.590227024827831192e+06 3.465361432844068040e+05 1.060174904748808040e+05 1.259737202416241635e+05 -5.313487393471233372e+04 7.317258436600648565e+04 8.496654264168704394e+05 6.128461153463395749e+04
-2.240002814410865249e+05 1.855790909482288116e+05 6.505153524614230264e+04 1.555944671716063458e+05 3.078861828195065391e+04 3.039636598659863921e+03 -1.112358980757105383e+04 1.799868370142472122e+04 -3.794485332801145887e+03 4.918007909992280183e+05 1.578857637388523726e+05 -1.066290365069005784e+05 4.247174504851722304e+04 4.034291055592106568e+04 8.150100940709913266e+04 1.511358952600873599e+05 6.128461153463395749e+04 5.410588580174465897e+05
