# lambda=0.990891091136485
5.412721193744585663e+07 8.724290494486500393e+04 -9.057170166682348281e+03 -1.139368436967593334e+04 -2.029287827082402509e+04 8.434929658257537994e+02 6.619415955930676319e+03 4.907051827905600476e+03 -1.123944608748128485e+04 1.888306822858586966e+05 2.652749398870675359e+05 -1.526208717881655612e+05 -1.681487878716607520e+04 -9.897883132749602373e+04 -3.760848776034593175e+04 1.021494532786711898e+04 -4.376419243856234971e+03 -6.382518235971283502e+03
8.724290494486500393e+04 9.657160326615978032e+06 1.759203028887414621e+04 3.312560265156139849e+03 -4.769654717768642513e+03 -6.750893631589285178e+03 1.593638676650891284e+03 2.518922613913173791e+03 1.981294495899539498e+01 2.467733926251525190e+03 1.681926793896031741e+05 2.658290534722943994e+04 8.685210634821258282e+03 -1.598308614300661065e+04 -2.223013776102480915e+04 -8.471206076245105578e+03 -5.239677932445352781e+03 8.288583822150994820e+03
-9.057170166682348281e+03 1.759203028887414621e+04 4.742035935344221070e+06 -2.055632624784060226e+03 2.199769687975458226e+02 -4.486739912396187719e+03 1.435087805923796623e+03 1.595340087190614668e+03 -1.412114793371804126e+03 -1.670612905546202819e+04 7.393651226027907978e+04 5.596150732920330483e+04 -8.318330600826846421e+03 -2.244764740021472790e+03 -4.482217969780709609e+03 5.376452983365460568e+03 2.812278346541305837e+03 -6.376153704395117074e+02
-1.139368436967593334e+04 3.312560265156139849e+03 -2.055632624784060226e+03 1.626841560130026657e+06 6.166075968957543409e+03 4.159124001753027187e+03 -1.612420318124473852e+03 -1.187298154958998566e+02 9.967368373484031281e+02 1.446928191488736229e+04 -7.914944886144313614e+02 4.112800396218915012e+03 1.518911187306153988e+04 -3.754194624087839202e+03 8.791703959584422137e+02 -4.449478465290016175e+03 -3.251105747467471247e+03 1.484102954161538264e+03
-2.029287827082402509e+04 -4.769654717768642513e+03 2.199769687975458226e+02 6.166075968957543409e+03 1.139131907020612853e+06 3.883189880870989782e+03 7.454547262133306731e+02 -5.981200590782235622e+02 1.510325339017633041e+03 -3.333846765767276520e+04 -3.284723373167269892e+04 -7.053468006555952343e+03 1.626716309781668497e+04 9.062440525988604350e+03 6.483440880074908819e+03 1.945853279286173802e+03 4.657254552655416546e+02 8.037775232338432261e+02
8.434929658257537994e+02 -6.750893631589285178e+03 -4.486739912396187719e+03 4.159124001753027187e+03 3.883189880870989782e+03 7.976640488218629034e+05 9.901906380690736569e+02 -1.035384146344734745e+03 -7.847416914027470511e+02 -8.375579409473497435e+03 -3.000232649080490592e+04 -1.997700410998811640e+04 1.058963308347349994e+04 3.845856821611555915e+03 7.405035975614650852e+03 2.649145279720065673e+02 6.401451714550661336e+02 -1.565513957432993266e+03
6.619415955930676319e+03 1.593638676650891284e+03 1.435087805923796623e+03 -1.612420318124473852e+03 7.454547262133306731e+02 9.901906380690736569e+02 2.817780617868826957e+05 -1.689017404302922998e+01 -4.506317414993955595e+02 -3.195897728905248005e+04 3.608092818085805902e+03 -3.138878511653191708e+03 -1.186284189504595361e+03 -7.104957325846822869e+02 -9.833658926438923800e+02 2.238087662379938592e+03 1.121967935529537954e+03 -3.688648731383780444e+01
4.907051827905600476e+03 2.518922613913173791e+03 1.595340087190614668e+03 -1.187298154958998566e+02 -5.981200590782235622e+02 -1.035384146344734745e+03 -1.689017404302922998e+01 1.666693449252792925e+05 5.581143392661207372e+02 -1.440296246118562522e+04 1.945322285793689298e+04 8.803277844480291606e+03 -5.288452889442254445e+02 -4.156434926688168161e+03 -3.762473400472114463e+03 -7.315272325753981875e+01 1.911120120948409067e+03 3.359255220345108910e+02
-1.123944608748128485e+04 1.981294495899539498e+01 -1.412114793371804126e+03 9.967368373484031281e+02 1.510325339017633041e+03 -7.847416914027470511e+02 -4.506317414993955595e+02 5.581143392661207372e+02 2.351638218251236831e+05 -1.583946172577373181e+04 -3.473466954910845288e+03 8.751996039610459775e+03 2.091051116895537689e+03 2.898792240523593591e+03 -3.732118797517673556e+02 -1.959106657031340546e+03 7.652421596593835318e+01 -4.204784575736052687e+00
1.888306822858586966e+05 2.467733926251525190e+03 -1.670612905546202819e+04 1.446928191488736229e+04 -3.333846765767276520e+04 -8.375579409473497435e+03 -3.195897728905248005e+04 -1.440296246118562522e+04 -1.583946172577373181e+04 2.076176241529426873e+08 -1.354755885125068889e+05 -1.595088589393465663e+05 -1.071813793226472771e+05 1.162592930650405287e+04 -8.145616660221152415e+03 -4.161932676536274812e+03 3.986038427962952483e+03 -8.720815386039206714e+03
2.652749398870675359e+05 1.681926793896031741e+05 7.393651226027907978e+04 -7.914944886144313614e+02 -3.284723373167269892e+04 -3.000232649080490592e+04 3.608092818085805902e+03 1.945322285793689298e+04 -3.473466954910845288e+03 -1.354755885125068889e+05 9.107258334523843229e+07 2.671699368268384715e+05 5.197528395010328677e+04 -8.381293021010704979e+04 -7.686303690597493551e+04 -5.602130589638148194e+03 4.991956639539156640e+03 6.231300493560839641e+03
-1.526208717881655612e+05 2.658290534722943994e+04 5.596150732920330483e+04 4.112800396218915012e+03 -7.053468006555952343e+03 -1.997700410998811640e+04 -3.138878511653191708e+03 8.803277844480291606e+03 8.751996039610459775e+03 -1.595088589393465663e+05 2.671699368268384715e+05 3.778216893109003454e+07 4.476333538776956993e+04 4.735873183691457962e+04 -1.234061333722432209e+04 -2.344319244706892277e+03 1.611464819531458124e+04 6.515310559748208107e+03
-1.681487878716607520e+04 8.685210634821258282e+03 -8.318330600826846421e+03 1.518911187306153988e+04 1.626716309781668497e+04 1.058963308347349994e+04 -1.186284189504595361e+03 -5.288452889442254445e+02 2.091051116895537689e+03 -1.071813793226472771e+05 5.197528395010328677e+04 4.476333538776956993e+04 1.200151577814386040e+07 4.153968193080536003e+04 3.047903173704294022e+04 -3.910338085951408175e+03 4.313527951249929174e+03 5.678573105284982375e+03
-9.897883132749602373e+04 -1.598308614300661065e+04 -2.244764740021472790e+03 -3.754194624087839202e+03 9.062440525988604350e+03 3.845856821611555915e+03 -7.104957325846822869e+02 -4.156434926688168161e+03 2.898792240523593591e+03 1.162592930650405287e+04 -8.381293021010704979e+04 4.735873183691457962e+04 4.153968193080536003e+04 8.626998040903795511e+06 3.270939465467759874e+04 5.001675576698890836e+03 9.320989188850919163e+03 5.542899939254640458e+02
-3.760848776034593175e+04 -2.223013776102480915e+04 -4.482217969780709609e+03 8.791703959584422137e+02 6.483440880074908819e+03 7.405035975614650852e+03 -9.833658926438923800e+02 -3.762473400472114463e+03 -3.732118797517673556e+02 -8.145616660221152415e+03 -7.686303690597493551e+04 -1.234061333722432209e+04 3.047903173704294022e+04 3.270939465467759874e+04 4.593901030880916864e+06 6.182813087605670432e+01 8.521871103052834542e+02 -3.463786458370599576e+03
1.021494532786711898e+04 -8.471206076245105578e+03 5.376452983365460568e+03 -4.449478465290016175e+03 1.945853279286173802e+03 2.649145279720065673e+02 2.238087662379938592e+03 -7.315272325753981875e+01 -1.959106657031340546e+03 -4.161932676536274812e+03 -5.602130589638148194e+03 -2.344319244706892277e+03 -3.910338085951408175e+03 5.001675576698890836e+03 6.182813087605670432e+01 1.767184128001616569e+06 3.384215602534591198e+03 -3.784072615696271669e+02
-4.376419243856234971e+03 -5.239677932445352781e+03 2.812278346541305837e+03 -3.251105747467471247e+03 4.657254552655416546e+02 6.401451714550661336e+02 1.121967935529537954e+03 1.911120120948409067e+03 7.652421596593835318e+01 3.986038427962952483e+03 4.991956639539156640e+03 1.611464819531458124e+04 4.313527951249929174e+03 9.320989188850919163e+03 8.521871103052834542e+02 3.384215602534591198e+03 1.284647980407494353e+06 1.487016834583353329e+03
-6.382518235971283502e+03 8.288583822150994820e+03 -6.376153704395117074e+02 1.484102954161538264e+03 8.037775232338432261e+02 -1.565513957432993266e+03 -3.688648731383780444e+01 3.359255220345108910e+02 -4.204784575736052687e+00 -8.720815386039206714e+03 6.231300493560839641e+03 6.515310559748208107e+03 5.678573105284982375e+03 5.542899939254640458e+02 -3.463786458370599576e+03 -3.784072615696271669e+02 1.487016834583353329e+03 5.790540843544680392e+05
