# lambda=0.4219873443145992
4.768238427009655535e+07 5.213316160797339864e+06 1.758972495138525963e+06 -7.901990450147681404e+05 2.026043206825509842e+05 8.652181526449217927e+05 5.720879271797032561e+05 5.458491773819061927e+05 1.272491020745590067e+05 2.446897559032014757e+07 1.228734864113154635e+07 1.062656474939809740e+07 -5.215187174990336411e+06 -1.255699609291947447e+06 5.837665069932419574e+05 2.231638990342135075e+06 1.397092417407773668e+06 8.570467013503635535e+05
5.213316160797339864e+06 2.188933386378228664e+07 -2.167227012022523850e+05 -7.278572630414610030e+05 6.850589410928859143e+05 1.398706200518242804e+04 6.789079718675297045e+04 1.356448346791428339e+05 -2.671723567247272003e+05 -5.682829555465579964e+06 1.219143697998587973e+06 6.399464292584324256e+06 1.500122709795863484e+05 1.186869649951540167e+06 1.334407247757385951e+06 1.116178033902032301e+06 5.295219915927558905e+05 9.019874536449806765e+05
1.758972495138525963e+06 -2.167227012022523850e+05 2.910441803601878695e+06 5.337641608020170825e+05 1.645770582839701092e+05 -6.951318881583602342e+04 -1.265609383594786050e+05 -5.653147795042380312e+04 3.604437908402517496e+04 5.150173343261343427e+06 2.856725737112462055e+06 3.177503623690171167e+06 3.342088201945482288e+05 -7.054365213967377786e+05 -6.749019233760910574e+05 2.717606122251995839e+05 -2.801028737008395256e+05 1.462802748704215264e+04
-7.901990450147681404e+05 -7.278572630414610030e+05 5.337641608020170825e+05 2.299836234311712906e+06 -1.224086240373315522e+05 -1.796422605009075596e+03 -6.460121719301693520e+04 -6.411869335967005463e+04 1.018820837606775895e+05 2.903578447084990796e+06 -3.461781318196139910e+04 2.775722576908265473e+05 5.704024725671894703e+04 -2.470863275044705078e+05 -5.429443206901240628e+05 9.142073756422633596e+04 -2.311750316009982489e+05 1.138709668731108104e+05
2.026043206825509842e+05 6.850589410928859143e+05 1.645770582839701092e+05 -1.224086240373315522e+05 7.257841809787219390e+05 1.548310439895245945e+05 2.656363586599198243e+04 5.002094943792286358e+04 9.033520473530496020e+03 3.720886848202167894e+05 8.297638925254404312e+05 1.054863948450152202e+04 4.232299939267985756e+05 6.031933432593430916e+04 2.799836333805077011e+05 1.718048904450596601e+05 1.495442874315650843e+05 1.930638287101175229e+05
8.652181526449217927e+05 1.398706200518242804e+04 -6.951318881583602342e+04 -1.796422605009075596e+03 1.548310439895245945e+05 5.332650485337222926e+05 9.418690641420507745e+04 6.317094429736588063e+04 3.207589754185892161e+04 1.049161578273087274e+06 9.961793421771726571e+05 -4.996764026759657427e+05 -6.422488871821911307e+05 8.859726038224202057e+04 3.649395712226647447e+04 1.368788017737216433e+05 1.207711926554274251e+05 1.516795123909128888e+05
5.720879271797032561e+05 6.789079718675297045e+04 -1.265609383594786050e+05 -6.460121719301693520e+04 2.656363586599198243e+04 9.418690641420507745e+04 3.118606748617532430e+05 4.842359210106738465e+04 6.409071259312039183e+04 -3.524008767398919445e+05 -7.224200685223436449e+05 -2.869701166316869203e+05 -3.628552233709521824e+05 -7.324560889848982333e+04 2.435194528952724941e+05 2.405782856038210448e+05 3.410166677834979055e+04 2.779785126162676897e+04
5.458491773819061927e+05 1.356448346791428339e+05 -5.653147795042380312e+04 -6.411869335967005463e+04 5.002094943792286358e+04 6.317094429736588063e+04 4.842359210106738465e+04 2.485017169323674752e+05 1.555370385375063961e+04 6.569628754193857312e+05 4.520162064247990493e+05 3.870274658211893984e+05 2.260823374248024193e+05 -1.289060062789186341e+05 1.264346713076567248e+05 1.375291083856132173e+05 1.586947087550703727e+05 2.612555135845104815e+04
1.272491020745590067e+05 -2.671723567247272003e+05 3.604437908402517496e+04 1.018820837606775895e+05 9.033520473530496020e+03 3.207589754185892161e+04 6.409071259312039183e+04 1.555370385375063961e+04 1.262554798037301225e+05 8.989615287539826240e+05 -2.047211455150321126e+05 -9.634032232442821260e+04 9.677297549407227052e+03 -9.752565401958662551e+04 4.276258568394872418e+04 1.238835245297031070e+05 -1.660481973126514049e+03 -1.199806752715812399e+04
2.446897559032014757e+07 -5.682829555465579964e+06 5.150173343261343427e+06 2.903578447084990796e+06 3.720886848202167894e+05 1.049161578273087274e+06 -3.524008767398919445e+05 6.569628754193857312e+05 8.989615287539826240e+05 3.624766248595520258e+08 3.799372012738202512e+07 2.188123106048879772e+07 2.364060211162579246e+06 -4.347250747938509099e+06 3.835279078122092877e+06 9.543269547423714772e+06 1.645178076380543876e+06 1.938337364226136706e+05
1.228734864113154635e+07 1.219143697998587973e+06 2.856725737112462055e+06 -3.461781318196139910e+04 8.297638925254404312e+05 9.961793421771726571e+05 -7.224200685223436449e+05 4.520162064247990493e+05 -2.047211455150321126e+05 3.799372012738202512e+07 6.115088976896278560e+07 1.311000539529330842e+07 3.992832359438281856e+05 2.229444951691270398e+05 -2.610355143698966131e+06 1.253670305507668527e+06 8.936310529401022941e+05 3.735764608422354213e+05
1.062656474939809740e+07 6.399464292584324256e+06 3.177503623690171167e+06 2.775722576908265473e+05 1.054863948450152202e+04 -4.996764026759657427e+05 -2.869701166316869203e+05 3.870274658211893984e+05 -9.634032232442821260e+04 2.188123106048879772e+07 1.311000539529330842e+07 4.105205526544420421e+07 3.231556992339210585e+06 -2.234288142175212270e+05 8.760600199093818665e+05 2.367129774012093432e+06 -4.243706141276827839e+04 1.429913976959946158e+05
-5.215187174990336411e+06 1.500122709795863484e+05 3.342088201945482288e+05 5.704024725671894703e+04 4.232299939267985756e+05 -6.422488871821911307e+05 -3.628552233709521824e+05 2.260823374248024193e+05 9.677297549407227052e+03 2.364060211162579246e+06 3.992832359438281856e+05 3.231556992339210585e+06 1.371780685603327304e+07 5.811830078926632414e+05 8.376848025608616881e+05 1.141281500161156757e+06 5.004331085053659626e+05 -1.971574149807698268e+04
-1.255699609291947447e+06 1.186869649951540167e+06 -7.054365213967377786e+05 -2.470863275044705078e+05 6.031933432593430916e+04 8.859726038224202057e+04 -7.324560889848982333e+04 -1.289060062789186341e+05 -9.752565401958662551e+04 -4.347250747938509099e+06 2.229444951691270398e+05 -2.234288142175212270e+05 5.811830078926632414e+05 3.229638820376241580e+06 4.658880287781454972e+05 3.781035589811792597e+05 4.077017333295883145e+04 3.192444030950741144e+05
5.837665069932419574e+05 1.334407247757385951e+06 -6.749019233760910574e+05 -5.429443206901240628e+05 2.799836333805077011e+05 3.649395712226647447e+04 2.435194528952724941e+05 1.264346713076567248e+05 4.276258568394872418e+04 3.835279078122092877e+06 -2.610355143698966131e+06 8.760600199093818665e+05 8.376848025608616881e+05 4.658880287781454972e+05 3.644281255450565368e+06 8.465847541763487970e+05 3.304746879670044873e+05 2.677300230009838706e+05
2.231638990342135075e+06 1.116178033902032301e+06 2.717606122251995839e+05 9.142073756422633596e+04 1.718048904450596601e+05 1.368788017737216433e+05 2.405782856038210448e+05 1.375291083856132173e+05 1.238835245297031070e+05 9.543269547423714772e+06 1.253670305507668527e+06 2.367129774012093432e+06 1.141281500161156757e+06 3.781035589811792597e+05 8.465847541763487970e+05 3.277196222165484913e+06 3.684554858614449622e+05 2.842408377403039485e+05
1.397092417407773668e+06 5.295219915927558905e+05 -2.801028737008395256e+05 -2.311750316009982489e+05 1.495442874315650843e+05 1.207711926554274251e+05 3.410166677834979055e+04 1.586947087550703727e+05 -1.660481973126514049e+03 1.645178076380543876e+06 8.936310529401022941e+05 -4.243706141276827839e+04 5.004331085053659626e+05 4.077017333295883145e+04 3.304746879670044873e+05 3.684554858614449622e+05 1.010221630975274136e+06 9.405590010515681934e+04
8.570467013503635535e+05 9.019874536449806765e+05 1.462802748704215264e+04 1.138709668731108104e+05 1.930638287101175229e+05 1.516795123909128888e+05 2.779785126162676897e+04 2.612555135845104815e+04 -1.199806752715812399e+04 1.938337364226136706e+05 3.735764608422354213e+05 1.429913976959946158e+05 -1.971574149807698268e+04 3.192444030950741144e+05 2.677300230009838706e+05 2.842408377403039485e+05 9.405590010515681934e+04 5.143153044415024342e+05
