# lambda=0.6087136391200416
1.304476904096689075e+08 7.560406169413008727e+06 1.430607731367290253e+05 -1.428433088608356775e+05 6.269282226294706343e+05 4.180809840230951086e+05 -1.390478049711180618e+06 -4.784264184087154572e+05 2.763673543969437014e+05 2.625271405725887418e+07 1.162378180968953110e+07 1.217948380558147095e+07 -4.540111507768453099e+06 3.181295763387402985e+05 -2.446154818086164538e+06 -1.502731453162117628e+06 -6.759382635402972810e+05 -4.116614930321332649e+05
7.560406169413008727e+06 1.552007205122015253e+07 7.996910327400923707e+05 1.217115423112317076e+05 2.282748182963872678e+05 -2.195501054402826412e+04 -3.831625717578328913e+05 -1.051265383390953648e+05 -6.577419491481648583e+04 -2.606927823633905035e+06 1.944430845977087971e+06 -3.799552143307755468e+05 -4.940122134031460155e+05 -3.326173780770295998e+05 -1.921951694981139735e+05 -6.509834764966695802e+05 -2.048444868701512751e+05 -8.274987242769208387e+04
1.430607731367290253e+05 7.996910327400923707e+05 4.074754209613189101e+06 -1.500982621452542080e+05 -7.954307981535533327e+04 1.266864167762072384e+03 6.058092594897072559e+04 -8.129268742717790883e+04 -2.927774138505822702e+04 2.639319511604013387e+05 1.369987122325960399e+03 1.716125288708639331e+06 2.055978294017729932e+05 -4.855950447523006005e+05 4.100408964582668850e+05 -1.827795876232081791e+05 1.481119046154692769e+05 3.357594339790551749e+04
-1.428433088608356775e+05 1.217115423112317076e+05 -1.500982621452542080e+05 1.788811414623779245e+06 7.914200726999744074e+04 -7.289725224599990179e+04 -1.907702583021107785e+04 1.783358962728177357e+04 -7.733453467789621754e+03 2.337782329118575435e+06 -5.545346217937059700e+05 -4.084700608249102370e+05 -6.899212835995326714e+02 -2.194578912139509703e+04 3.769080664354381497e+03 2.450948979695080779e+05 2.810146498439574862e+04 2.315451012805653590e+04
6.269282226294706343e+05 2.282748182963872678e+05 -7.954307981535533327e+04 7.914200726999744074e+04 1.131278300494292052e+06 1.475985191529882723e+05 -1.730512663145010811e+04 3.880658268922757998e+04 2.616329130581056961e+04 -7.692566078133465489e+05 -9.189682696167328395e+05 -5.678984382828109665e+05 3.640306170238525374e+05 3.162891924070796231e+05 -4.795374535109850694e+04 -1.206359384991577972e+05 9.887312201843190996e+04 5.354233100183399802e+04
4.180809840230951086e+05 -2.195501054402826412e+04 1.266864167762072384e+03 -7.289725224599990179e+04 1.475985191529882723e+05 4.787962823408344993e+05 3.070102018895218498e+04 3.564584896125793603e+04 3.959235302260849858e+04 1.397294506362081273e+06 2.749549908587411046e+05 -4.964129050116887083e+04 2.421271648255286564e+05 1.150642576276155742e+05 -5.587405692224453378e+04 -4.568115869257276790e+04 4.437205905761953181e+04 7.051911489809250634e+04
-1.390478049711180618e+06 -3.831625717578328913e+05 6.058092594897072559e+04 -1.907702583021107785e+04 -1.730512663145010811e+04 3.070102018895218498e+04 3.028520653365461621e+05 3.792400001027607505e+04 7.299752975616936055e+03 -3.855236387078528642e+05 3.365894192996032652e+05 8.766548724111315096e+04 3.069173362565428251e+05 -3.203817961710668897e+04 1.331544082986929279e+05 6.361778920035009651e+04 2.285792968862756970e+04 2.539695689932907771e+04
-4.784264184087154572e+05 -1.051265383390953648e+05 -8.129268742717790883e+04 1.783358962728177357e+04 3.880658268922757998e+04 3.564584896125793603e+04 3.792400001027607505e+04 1.833737215134043363e+05 1.566228187446866650e+04 8.831181910098198568e+05 -4.621494332049347577e+04 -1.106830913744249847e+05 1.397194774826807552e+05 -3.338008127468631574e+04 -4.089144120751657465e+04 5.617389277014543040e+04 9.202826603008834354e+04 2.665815109450790987e+04
2.763673543969437014e+05 -6.577419491481648583e+04 -2.927774138505822702e+04 -7.733453467789621754e+03 2.616329130581056961e+04 3.959235302260849858e+04 7.299752975616936055e+03 1.566228187446866650e+04 1.701411415015259117e+05 8.373685100030314643e+05 1.331666889843523386e+05 1.841805813305323245e+05 -2.433004514784085040e+04 -6.110108081589009817e+04 -2.111742343581402747e+04 -9.770826155124361321e+03 4.271855869392335444e+04 4.695112020955068874e+04
2.625271405725887418e+07 -2.606927823633905035e+06 2.639319511604013387e+05 2.337782329118575435e+06 -7.692566078133465489e+05 1.397294506362081273e+06 -3.855236387078528642e+05 8.831181910098198568e+05 8.373685100030314643e+05 3.337844898250593543e+08 -3.786521292442066595e+06 1.779222555489042401e+07 -1.008057204784396919e+06 -2.785311093507617712e+06 -2.315824624626327306e+06 2.431561839312179014e+06 2.328775273571844678e+06 1.338131343021229375e+06
1.162378180968953110e+07 1.944430845977087971e+06 1.369987122325960399e+03 -5.545346217937059700e+05 -9.189682696167328395e+05 2.749549908587411046e+05 3.365894192996032652e+05 -4.621494332049347577e+04 1.331666889843523386e+05 -3.786521292442066595e+06 7.120251167386622727e+07 4.462019082393991761e+06 1.189980297463192139e+06 8.313215623826591764e+05 -5.018856334623611183e+05 -3.492326731283477275e+05 -1.042652894517235341e+06 3.271082878884416423e+05
1.217948380558147095e+07 -3.799552143307755468e+05 1.716125288708639331e+06 -4.084700608249102370e+05 -5.678984382828109665e+05 -4.964129050116887083e+04 8.766548724111315096e+04 -1.106830913744249847e+05 1.841805813305323245e+05 1.779222555489042401e+07 4.462019082393991761e+06 2.708088335596192256e+07 -1.316726781992161646e+06 -1.013161819006182486e+06 1.651115611974815838e+05 -2.591378501271748391e+05 1.919303449850470060e+05 -1.100603834876834153e+05
-4.540111507768453099e+06 -4.940122134031460155e+05 2.055978294017729932e+05 -6.899212835995326714e+02 3.640306170238525374e+05 2.421271648255286564e+05 3.069173362565428251e+05 1.397194774826807552e+05 -2.433004514784085040e+04 -1.008057204784396919e+06 1.189980297463192139e+06 -1.316726781992161646e+06 6.893953191799227148e+06 4.983230521766903694e+05 -2.991047690590412094e+04 -1.778930555444665079e+05 1.263027581059175573e+05 3.521785738775681239e+05
3.181295763387402985e+05 -3.326173780770295998e+05 -4.855950447523006005e+05 -2.194578912139509703e+04 3.162891924070796231e+05 1.150642576276155742e+05 -3.203817961710668897e+04 -3.338008127468631574e+04 -6.110108081589009817e+04 -2.785311093507617712e+06 8.313215623826591764e+05 -1.013161819006182486e+06 4.983230521766903694e+05 3.676972035787594505e+06 -1.916023376549795212e+05 3.033171911520601134e+04 -3.772371370048994431e+05 -1.310893226348433236e+05
-2.446154818086164538e+06 -1.921951694981139735e+05 4.100408964582668850e+05 3.769080664354381497e+03 -4.795374535109850694e+04 -5.587405692224453378e+04 1.331544082986929279e+05 -4.089144120751657465e+04 -2.111742343581402747e+04 -2.315824624626327306e+06 -5.018856334623611183e+05 1.651115611974815838e+05 -2.991047690590412094e+04 -1.916023376549795212e+05 1.802932334787736647e+06 2.474061165239864786e+05 -3.447434605507235392e+04 -1.541569759384332610e+04
-1.502731453162117628e+06 -6.509834764966695802e+05 -1.827795876232081791e+05 2.450948979695080779e+05 -1.206359384991577972e+05 -4.568115869257276790e+04 6.361778920035009651e+04 5.617389277014543040e+04 -9.770826155124361321e+03 2.431561839312179014e+06 -3.492326731283477275e+05 -2.591378501271748391e+05 -1.778930555444665079e+05 3.033171911520601134e+04 2.474061165239864786e+05 1.508748348263810389e+06 -4.317267332842264295e+04 -3.066153045893981835e+04
-6.759382635402972810e+05 -2.048444868701512751e+05 1.481119046154692769e+05 2.810146498439574862e+04 9.887312201843190996e+04 4.437205905761953181e+04 2.285792968862756970e+04 9.202826603008834354e+04 4.271855869392335444e+04 2.328775273571844678e+06 -1.042652894517235341e+06 1.919303449850470060e+05 1.263027581059175573e+05 -3.772371370048994431e+05 -3.447434605507235392e+04 -4.317267332842264295e+04 9.609476318204244599e+05 8.270689288774371380e+04
-4.116614930321332649e+05 -8.274987242769208387e+04 3.357594339790551749e+04 2.315451012805653590e+04 5.354233100183399802e+04 7.051911489809250634e+04 2.539695689932907771e+04 2.665815109450790987e+04 4.695112020955068874e+04 1.338131343021229375e+06 3.271082878884416423e+05 -1.100603834876834153e+05 3.521785738775681239e+05 -1.310893226348433236e+05 -1.541569759384332610e+04 -3.066153045893981835e+04 8.270689288774371380e+04 5.214778300610457663e+05
