# lambda=0.9721505768650738
6.537875420979803056e+07 1.227521886748071265e+05 -3.722465794756474497e+04 3.268659469747957246e+03 -8.178933437739976216e+04 -3.578656093887836323e+04 -3.869846547458189889e+04 2.958042564927936110e+04 -1.296545434314210252e+04 1.015931313241514727e+05 -3.865167508510943153e+05 5.275447331967613427e+05 9.031695488740151632e+03 4.109110921958181279e+04 8.903850994490865105e+02 -4.311235636076347146e+04 -8.089553984541755926e+04 3.731189964738621347e+04
1.227521886748071265e+05 1.962521739521907642e+07 -5.834500022385122065e+03 -1.355823228156486221e+04 9.117055573919000381e+03 -1.013897185184589580e+04 -8.769566390151074302e+03 -8.254929796461266960e+03 -1.304818277141686485e+04 5.278634121823653004e+03 2.243023244018712139e+05 1.603038750796510431e+05 -5.092494660316793306e+04 6.937280358070049260e+04 5.663571047455983353e+04 1.702230471794866753e+04 2.582468046955916179e+03 -1.479277088922921394e+04
-3.722465794756474497e+04 -5.834500022385122065e+03 4.101333469370278995e+06 7.963469483636192308e+03 4.828273674970837419e+03 7.925459097305173600e+03 6.679708549473322819e+03 -7.631125065282315518e+03 2.611645525348369574e+03 -3.449286591787325451e+05 -6.831702709536107432e+04 3.106008960976944218e+04 -9.573176681971319340e+03 1.494525604088124965e+04 1.679918263152340296e+04 8.869688228817511117e+03 2.258823650931139127e+04 3.895750090873750651e+03
3.268659469747957246e+03 -1.355823228156486221e+04 7.963469483636192308e+03 2.156083597981457599e+06 1.714074628965753072e+04 6.945160956877795797e+03 -7.112009428019310917e+02 8.125504197958779287e+02 6.596475059396474535e+03 1.466476223460491747e+05 8.027045860132887901e+04 4.238384432066170120e+04 5.995853080184766441e+04 3.870398702603860875e+04 5.530568617158184679e+03 -9.975223128673560495e+03 -7.099060660046819066e+03 1.355756138313971314e+04
-8.178933437739976216e+04 9.117055573919000381e+03 4.828273674970837419e+03 1.714074628965753072e+04 1.023917166849578265e+06 7.992251172629790744e+03 -1.424706363239851271e+03 5.174952189246847638e+02 2.059307137288691138e+03 3.744854066500512272e+04 1.870467784774365282e+04 -3.354168105292350083e+04 1.838764908146555535e+04 1.540367200164461246e+04 -5.952431772766090944e+03 -2.833364468471744203e+03 2.382139315818966224e+03 -8.948553899816351986e+03
-3.578656093887836323e+04 -1.013897185184589580e+04 7.925459097305173600e+03 6.945160956877795797e+03 7.992251172629790744e+03 6.453079044430768117e+05 1.107330027685197138e+03 2.589800089246467905e+03 4.136596760981922671e+03 -4.730938414583288250e+04 -7.603029596675269204e+03 -5.251940357309963292e+04 3.347483430456494261e+03 1.286064333118722243e+04 6.000517670608890512e+03 9.835552358347773406e+03 1.675290998211593660e+03 -1.195169622340876685e+03
-3.869846547458189889e+04 -8.769566390151074302e+03 6.679708549473322819e+03 -7.112009428019310917e+02 -1.424706363239851271e+03 1.107330027685197138e+03 4.031983687827722169e+05 5.812522704356837266e+02 1.197206413223380650e+03 -9.741960962081997423e+03 2.480936537063496507e+04 -1.031253378507852176e+04 1.937323236658919996e+04 1.218012796158806486e+04 8.807719168420353526e+03 1.678120261792429301e+04 2.326126986338619645e+03 7.721707679765743706e+03
2.958042564927936110e+04 -8.254929796461266960e+03 -7.631125065282315518e+03 8.125504197958779287e+02 5.174952189246847638e+02 2.589800089246467905e+03 5.812522704356837266e+02 1.556423792332552257e+05 2.400633127877358675e+02 3.161214908360541813e+04 -1.395035514034370135e+04 -1.011717108980767443e+04 4.475947350307716079e+03 1.617199388623866298e+03 -1.653789549464635456e+03 7.236419339024946566e+02 -4.001495359968552293e+03 -2.042072421301322294e+01
-1.296545434314210252e+04 -1.304818277141686485e+04 2.611645525348369574e+03 6.596475059396474535e+03 2.059307137288691138e+03 4.136596760981922671e+03 1.197206413223380650e+03 2.400633127877358675e+02 1.155646546513645444e+05 -1.322155785552306043e+04 -1.200186389221967693e+04 -1.127724344744416339e+04 -2.187062917200943957e+03 -1.563273133645580856e+03 -6.989067722642355420e+02 4.001550734984192786e+03 1.510166922075929506e+03 3.640841953766149345e+03
1.015931313241514727e+05 5.278634121823653004e+03 -3.449286591787325451e+05 1.466476223460491747e+05 3.744854066500512272e+04 -4.730938414583288250e+04 -9.741960962081997423e+03 3.161214908360541813e+04 -1.322155785552306043e+04 2.063883409799558520e+08 9.975272277219905518e+05 2.402533161813982588e+05 3.797851488359764917e+05 -3.717027175147524758e+03 -5.025661791740990157e+04 -1.622225539237478806e+05 -1.830336177903368371e+05 1.687947332271826235e+04
-3.865167508510943153e+05 2.243023244018712139e+05 -6.831702709536107432e+04 8.027045860132887901e+04 1.870467784774365282e+04 -7.603029596675269204e+03 2.480936537063496507e+04 -1.395035514034370135e+04 -1.200186389221967693e+04 9.975272277219905518e+05 3.850838056045765430e+07 8.825941595552441140e+04 3.816840294103825581e+05 1.828299611364348966e+05 1.104088601936768973e+05 -2.532107243740469858e+04 -3.161264338843227233e+04 -7.936388416365253761e+03
5.275447331967613427e+05 1.603038750796510431e+05 3.106008960976944218e+04 4.238384432066170120e+04 -3.354168105292350083e+04 -5.251940357309963292e+04 -1.031253378507852176e+04 -1.011717108980767443e+04 -1.127724344744416339e+04 2.402533161813982588e+05 8.825941595552441140e+04 2.367873287958288938e+07 1.857319028556473131e+04 -2.961219419621880888e+02 -1.386528435324989914e+04 -6.456773492437408277e+04 -3.989761868575485278e+04 3.802071461312157044e+04
9.031695488740151632e+03 -5.092494660316793306e+04 -9.573176681971319340e+03 5.995853080184766441e+04 1.838764908146555535e+04 3.347483430456494261e+03 1.937323236658919996e+04 4.475947350307716079e+03 -2.187062917200943957e+03 3.797851488359764917e+05 3.816840294103825581e+05 1.857319028556473131e+04 1.485130458245314099e+07 1.354722981814184459e+05 1.099247127028873592e+03 -3.216798698569172757e+03 -3.093671363763082991e+04 3.479476188681609528e+03
4.109110921958181279e+04 6.937280358070049260e+04 1.494525604088124965e+04 3.870398702603860875e+04 1.540367200164461246e+04 1.286064333118722243e+04 1.218012796158806486e+04 1.617199388623866298e+03 -1.563273133645580856e+03 -3.717027175147524758e+03 1.828299611364348966e+05 -2.961219419621880888e+02 1.354722981814184459e+05 6.810391522419722751e+06 1.184837032727615224e+04 7.884415192098940679e+02 -9.125299259489143878e+03 -6.988629824205666409e+03
8.903850994490865105e+02 5.663571047455983353e+04 1.679918263152340296e+04 5.530568617158184679e+03 -5.952431772766090944e+03 6.000517670608890512e+03 8.807719168420353526e+03 -1.653789549464635456e+03 -6.989067722642355420e+02 -5.025661791740990157e+04 1.104088601936768973e+05 -1.386528435324989914e+04 1.099247127028873592e+03 1.184837032727615224e+04 2.791324443495362531e+06 2.706386988900415963e+04 1.457292804665129188e+04 1.069847911627557551e+04
-4.311235636076347146e+04 1.702230471794866753e+04 8.869688228817511117e+03 -9.975223128673560495e+03 -2.833364468471744203e+03 9.835552358347773406e+03 1.678120261792429301e+04 7.236419339024946566e+02 4.001550734984192786e+03 -1.622225539237478806e+05 -2.532107243740469858e+04 -6.456773492437408277e+04 -3.216798698569172757e+03 7.884415192098940679e+02 2.706386988900415963e+04 2.304915831882625353e+06 1.571184822933810028e+04 1.315147606311308664e+04
-8.089553984541755926e+04 2.582468046955916179e+03 2.258823650931139127e+04 -7.099060660046819066e+03 2.382139315818966224e+03 1.675290998211593660e+03 2.326126986338619645e+03 -4.001495359968552293e+03 1.510166922075929506e+03 -1.830336177903368371e+05 -3.161264338843227233e+04 -3.989761868575485278e+04 -3.093671363763082991e+04 -9.125299259489143878e+03 1.457292804665129188e+04 1.571184822933810028e+04 8.529468585381701123e+05 7.506107376836141611e+02
3.731189964738621347e+04 -1.479277088922921394e+04 3.895750090873750651e+03 1.355756138313971314e+04 -8.948553899816351986e+03 -1.195169622340876685e+03 7.721707679765743706e+03 -2.042072421301322294e+01 3.640841953766149345e+03 1.687947332271826235e+04 -7.936388416365253761e+03 3.802071461312157044e+04 3.479476188681609528e+03 -6.988629824205666409e+03 1.069847911627557551e+04 1.315147606311308664e+04 7.506107376836141611e+02 1.002585003334415960e+06
