# lambda=0.35721656885674963
3.590986048228223622e+07 1.298492911594093312e+06 -5.882876745867211139e+05 9.079478938159036916e+05 -1.775445135889070341e+06 4.027936504763672128e+05 7.479789650891359197e+05 5.603231692003902281e+05 3.137239747455008910e+05 8.769820584174917312e+05 6.328308184227617458e+06 -2.324133866997998848e+05 3.947490397274693009e+06 -5.384214272424795199e+05 2.945052263066786341e+06 -2.862159068253099686e+05 7.615840280567269074e+05 1.296043049479862966e+05
1.298492911594093312e+06 2.013969496750273556e+07 2.370228704430533107e+06 1.419225535672813654e+06 2.022661410126673582e+05 4.275132198772028787e+05 1.491213734644761425e+05 -1.113420908533705078e+05 8.163866291678948619e+04 7.888301227730310522e+06 1.699556796640111133e+07 1.973375872015988687e+06 2.127794016940070782e+06 1.320392236268388340e+06 -1.300852920553109143e+06 -1.614630620110203512e+06 2.007005561752881622e+05 -1.771590261856616999e+05
-5.882876745867211139e+05 2.370228704430533107e+06 4.466491473438759334e+06 2.316660188002270588e+05 5.751841108802764211e+04 -2.004008479895491910e+05 -1.320561326279748464e+05 -1.155766094654180924e+05 -2.437779375219571739e+04 -3.034520393475748599e+06 6.306060338625838049e+05 2.756233658614388201e+06 7.946384715592451394e+05 2.950531831891069887e+05 -6.669613286714410642e+05 -1.340870190181004873e+05 -1.224041076544212847e+05 1.659744963425807946e+05
9.079478938159036916e+05 1.419225535672813654e+06 2.316660188002270588e+05 1.389052179431401426e+06 1.066314579607052146e+05 1.480820670605377236e+05 5.365115216604105080e+04 9.490077961236844203e+03 1.213043999650357582e+05 -7.047160588591174455e+05 1.532452885648005642e+06 -2.658135364776423667e+05 7.629684162637002300e+05 -3.434590981505585951e+05 -3.971874321774729178e+05 -1.745910778624855448e+05 1.491201938331712445e+05 6.435615039399438683e+04
-1.775445135889070341e+06 2.022661410126673582e+05 5.751841108802764211e+04 1.066314579607052146e+05 9.987305626557531068e+05 7.223877519850224780e+04 -1.028464845170075569e+05 -8.254463041298500320e+04 3.343640753754540128e+03 6.499587182215421490e+04 2.537995066751485690e+06 -6.666630535945685115e+05 -3.262755178052680567e+05 2.311853930541064183e+05 -2.409299744500765228e+05 -5.297390391254227870e+04 -1.241312015515815801e+04 4.954419577517132711e+04
4.027936504763672128e+05 4.275132198772028787e+05 -2.004008479895491910e+05 1.480820670605377236e+05 7.223877519850224780e+04 3.226007901394575601e+05 7.333919509129704966e+04 1.330269216845785741e+04 5.003289217166091839e+04 -1.108043391850380925e+06 6.460293100620723562e+05 -2.205213949482699391e+05 4.002620085283060325e+05 2.307484538489007973e+05 -5.681082334741655359e+04 -1.091709240323359118e+05 7.809972593365356443e+04 6.099032001679889618e+03
7.479789650891359197e+05 1.491213734644761425e+05 -1.320561326279748464e+05 5.365115216604105080e+04 -1.028464845170075569e+05 7.333919509129704966e+04 3.050158751889697742e+05 3.545083025633465149e+04 2.303355719476527884e+04 -3.389319884293740615e+05 -1.233839729083927115e+06 -4.942892387787439511e+05 2.655942779039895977e+05 2.227850220090707298e+05 2.033559535532285809e+05 -2.298123603998615636e+03 8.435528749303285440e+04 -2.380271287146379836e+04
5.603231692003902281e+05 -1.113420908533705078e+05 -1.155766094654180924e+05 9.490077961236844203e+03 -8.254463041298500320e+04 1.330269216845785741e+04 3.545083025633465149e+04 1.124846289354865876e+05 2.288147436019231100e+04 -4.976902129377449746e+05 -5.589500242468348006e+05 3.173404108032764634e+05 6.963082400924984540e+04 9.483507856472001004e+04 2.105170816892411094e+05 -4.014648746626458887e+04 4.140146003964147530e+04 -1.897281312219364554e+04
3.137239747455008910e+05 8.163866291678948619e+04 -2.437779375219571739e+04 1.213043999650357582e+05 3.343640753754540128e+03 5.003289217166091839e+04 2.303355719476527884e+04 2.288147436019231100e+04 1.393409471850420814e+05 -3.384609798971674754e+05 1.738866970779791591e+05 2.109215653979276613e+04 2.370164881132871378e+05 3.303628659365106432e+04 -2.185235192913792343e+04 2.048948135015930166e+04 1.074057571599879593e+05 3.847140526567746565e+04
8.769820584174917312e+05 7.888301227730310522e+06 -3.034520393475748599e+06 -7.047160588591174455e+05 6.499587182215421490e+04 -1.108043391850380925e+06 -3.389319884293740615e+05 -4.976902129377449746e+05 -3.384609798971674754e+05 1.295517689029899538e+08 4.801893194128271192e+07 -9.028594225404866040e+06 -2.393045171777937561e+06 -5.257911628660036251e+06 1.577021095503250370e+06 -1.403332770674376516e+06 -1.106209918011747301e+06 8.824805780721410410e+05
6.328308184227617458e+06 1.699556796640111133e+07 6.306060338625838049e+05 1.532452885648005642e+06 2.537995066751485690e+06 6.460293100620723562e+05 -1.233839729083927115e+06 -5.589500242468348006e+05 1.738866970779791591e+05 4.801893194128271192e+07 1.383440600835230350e+08 -3.738805521999987308e+06 -8.225922375506912358e+05 -1.214868492302352330e+06 -1.671503475419410737e+06 -3.446497874911885243e+06 3.001616999378727633e+05 1.039584523167664418e+06
-2.324133866997998848e+05 1.973375872015988687e+06 2.756233658614388201e+06 -2.658135364776423667e+05 -6.666630535945685115e+05 -2.205213949482699391e+05 -4.942892387787439511e+05 3.173404108032764634e+05 2.109215653979276613e+04 -9.028594225404866040e+06 -3.738805521999987308e+06 2.126685019466292858e+07 -1.311284402910968056e+06 5.653021723685070174e+05 2.709417850143577089e+05 -1.678681777803526958e+06 -6.752395538972557988e+05 -5.818744653362841927e+04
3.947490397274693009e+06 2.127794016940070782e+06 7.946384715592451394e+05 7.629684162637002300e+05 -3.262755178052680567e+05 4.002620085283060325e+05 2.655942779039895977e+05 6.963082400924984540e+04 2.370164881132871378e+05 -2.393045171777937561e+06 -8.225922375506912358e+05 -1.311284402910968056e+06 9.936626900322666392e+06 1.338528177717175102e+06 -5.535404732516761869e+05 5.482631475924043916e+05 1.035908908895262517e+06 4.757233098525765236e+05
-5.384214272424795199e+05 1.320392236268388340e+06 2.950531831891069887e+05 -3.434590981505585951e+05 2.311853930541064183e+05 2.307484538489007973e+05 2.227850220090707298e+05 9.483507856472001004e+04 3.303628659365106432e+04 -5.257911628660036251e+06 -1.214868492302352330e+06 5.653021723685070174e+05 1.338528177717175102e+06 4.292677459764818661e+06 3.714765544777490431e+05 -1.454818772046796512e+05 3.524994070148638566e+05 3.162743908930064572e+04
2.945052263066786341e+06 -1.300852920553109143e+06 -6.669613286714410642e+05 -3.971874321774729178e+05 -2.409299744500765228e+05 -5.681082334741655359e+04 2.033559535532285809e+05 2.105170816892411094e+05 -2.185235192913792343e+04 1.577021095503250370e+06 -1.671503475419410737e+06 2.709417850143577089e+05 -5.535404732516761869e+05 3.714765544777490431e+05 2.525959119219796266e+06 -1.868366401025055675e+05 -1.170850985479195806e+05 4.903978516204842890e+04
-2.862159068253099686e+05 -1.614630620110203512e+06 -1.340870190181004873e+05 -1.745910778624855448e+05 -5.297390391254227870e+04 -1.091709240323359118e+05 -2.298123603998615636e+03 -4.014648746626458887e+04 2.048948135015930166e+04 -1.403332770674376516e+06 -3.446497874911885243e+06 -1.678681777803526958e+06 5.482631475924043916e+05 -1.454818772046796512e+05 -1.868366401025055675e+05 1.643168754341356922e+06 1.459821327847328212e+05 5.353500122526939958e+04
7.615840280567269074e+05 2.007005561752881622e+05 -1.224041076544212847e+05 1.491201938331712445e+05 -1.241312015515815801e+04 7.809972593365356443e+04 8.435528749303285440e+04 4.140146003964147530e+04 1.074057571599879593e+05 -1.106209918011747301e+06 3.001616999378727633e+05 -6.752395538972557988e+05 1.035908908895262517e+06 3.524994070148638566e+05 -1.170850985479195806e+05 1.459821327847328212e+05 9.117097942020689370e+05 7.135603393965912983e+04
1.296043049479862966e+05 -1.771590261856616999e+05 1.659744963425807946e+05 6.435615039399438683e+04 4.954419577517132711e+04 6.099032001679889618e+03 -2.380271287146379836e+04 -1.897281312219364554e+04 3.847140526567746565e+04 8.824805780721410410e+05 1.039584523167664418e+06 -5.818744653362841927e+04 4.757233098525765236e+05 3.162743908930064572e+04 4.903978516204842890e+04 5.353500122526939958e+04 7.135603393965912983e+04 5.292444813953011762e+05
