# lambda=0.5865908917048834
3.803585552545799315e+07 5.593618165988037363e+05 1.762683615629068227e+05 1.385483523218220216e+05 -2.189966951897015315e+04 2.137441910735807323e+05 5.262767022734730563e+04 1.786228446265199182e+03 -1.096603729715467925e+05 1.442789879268485308e+07 7.394331731005059555e+06 -3.497288099341849796e+06 4.774382645912080072e+06 1.823031429771473864e+06 -4.238731905734135071e+05 -4.956036594664933509e+05 1.850137093657273217e+05 2.152177751125862706e+05
5.593618165988037363e+05 1.668001078467153758e+07 4.764714312335071154e+05 4.803590366198400152e+05 7.637806077419083522e+03 1.733968241981549363e+05 1.713432632939192699e+05 7.061603515126701677e+04 -7.434061481663743325e+04 -8.827419210084441584e+05 5.446782876797554083e+06 -1.832992561087745940e+06 -1.385527065307017881e+06 4.241834991397845442e+05 6.110607072194806533e+05 -5.543513340268383035e+05 -2.040900143983599846e+05 -3.010577291545978514e+05
1.762683615629068227e+05 4.764714312335071154e+05 3.955394604299175553e+06 1.504336614659136394e+05 -1.916121929247264343e+05 -1.853773229161618219e+05 -5.464946200329552812e+04 5.796596637410897529e+04 -5.734421542149379820e+04 -3.156792412655533757e+06 1.367875633504646132e+06 -2.314149950573348906e+05 -7.864409669498035219e+05 -1.382607445065547945e+05 1.683735890517953376e+05 -1.719755124392713697e+04 -1.634176441332838440e+05 -1.057603741446893109e+05
1.385483523218220216e+05 4.803590366198400152e+05 1.504336614659136394e+05 1.608683360949282302e+06 -5.989277092221700877e+04 1.029685397415288899e+05 -1.744555637377195308e+04 1.042220663851130848e+04 4.982109859079743728e+03 -1.494651074547874508e+06 1.889279974829622370e+05 -3.205789563237002585e+05 -2.379732030426614219e+05 7.612936529238981893e+04 2.081464102350407338e+05 1.412253090192622913e+05 -3.646107938084939815e+04 -1.025961499001064658e+04
-2.189966951897015315e+04 7.637806077419083522e+03 -1.916121929247264343e+05 -5.989277092221700877e+04 5.565382070281581255e+05 -3.200042109123863702e+04 -2.603792111322963319e+04 -1.302907616329907432e+04 1.620899302336922301e+04 1.584987414360877592e+06 -4.479308537634845125e+05 -7.050152555553731509e+04 -1.256980197901038919e+05 -2.872531768321379204e+05 -2.660005902746678912e+05 -9.732912645457156759e+04 -1.944667730058273719e+03 -4.637606964691590292e+03
2.137441910735807323e+05 1.733968241981549363e+05 -1.853773229161618219e+05 1.029685397415288899e+05 -3.200042109123863702e+04 4.888660977368212771e+05 5.656654987500095012e+04 2.234950521298964304e+04 2.725589821147396651e+04 -6.609391495307026198e+05 3.186661720228297636e+05 -3.714681507814258803e+05 2.622140940225255326e+05 1.948220935219858948e+05 1.677735021679133351e+05 4.146141076291327772e+04 6.396807276590959373e+04 2.063914942683876507e+04
5.262767022734730563e+04 1.713432632939192699e+05 -5.464946200329552812e+04 -1.744555637377195308e+04 -2.603792111322963319e+04 5.656654987500095012e+04 2.955954590808908106e+05 1.812409882235836994e+04 -1.626312803231238831e+04 -6.074828226854561362e+05 -1.076903640845952032e+05 -2.558337381738337281e+05 7.227146514010997635e+03 7.403606984073940839e+04 6.563403172397146409e+04 4.017415915499792027e+04 -1.239533426593387730e+02 7.044441249865510326e+04
1.786228446265199182e+03 7.061603515126701677e+04 5.796596637410897529e+04 1.042220663851130848e+04 -1.302907616329907432e+04 2.234950521298964304e+04 1.812409882235836994e+04 1.681459733048240596e+05 8.477454464442736935e+03 4.242435125705587561e+05 -1.429773151225511392e+05 -2.445033219489697367e+05 -1.096372121570709569e+05 4.332626975051319459e+04 9.084324002967763226e+04 -6.906373210534796272e+03 1.957063965434895363e+04 3.069479302058139729e+04
-1.096603729715467925e+05 -7.434061481663743325e+04 -5.734421542149379820e+04 4.982109859079743728e+03 1.620899302336922301e+04 2.725589821147396651e+04 -1.626312803231238831e+04 8.477454464442736935e+03 9.752054644090855436e+04 1.637987660473613869e+04 -3.536913156731594936e+05 -5.160025086471230316e+04 -2.626402478427705501e+04 -6.851078427255077986e+04 -7.622968246762261515e+03 -8.183845143812078459e+04 2.420153477254870813e+04 1.243693387895272281e+04
1.442789879268485308e+07 -8.827419210084441584e+05 -3.156792412655533757e+06 -1.494651074547874508e+06 1.584987414360877592e+06 -6.609391495307026198e+05 -6.074828226854561362e+05 4.242435125705587561e+05 1.637987660473613869e+04 2.556633469811864495e+08 1.275613994206385873e+07 1.579536688607554184e+06 9.988953819105343893e+06 -4.472640210866543464e+06 1.257082599451413407e+05 -5.245499944727169350e+05 3.462453330587730161e+05 1.961383710106016835e+06
7.394331731005059555e+06 5.446782876797554083e+06 1.367875633504646132e+06 1.889279974829622370e+05 -4.479308537634845125e+05 3.186661720228297636e+05 -1.076903640845952032e+05 -1.429773151225511392e+05 -3.536913156731594936e+05 1.275613994206385873e+07 6.336914516915004700e+07 -1.704550117679560557e+06 5.518021506237503141e+06 1.764276788625466404e+06 1.662679410617222544e+06 7.414359429649066878e+05 7.199793454947908176e+05 -2.142905073941887531e+05
-3.497288099341849796e+06 -1.832992561087745940e+06 -2.314149950573348906e+05 -3.205789563237002585e+05 -7.050152555553731509e+04 -3.714681507814258803e+05 -2.558337381738337281e+05 -2.445033219489697367e+05 -5.160025086471230316e+04 1.579536688607554184e+06 -1.704550117679560557e+06 2.590769382306407019e+07 2.983664608700899407e+06 3.145763378110386548e+05 1.347553716079528909e+06 3.920355257416400709e+05 -5.616500612952968804e+05 4.534684575877041789e+05
4.774382645912080072e+06 -1.385527065307017881e+06 -7.864409669498035219e+05 -2.379732030426614219e+05 -1.256980197901038919e+05 2.622140940225255326e+05 7.227146514010997635e+03 -1.096372121570709569e+05 -2.626402478427705501e+04 9.988953819105343893e+06 5.518021506237503141e+06 2.983664608700899407e+06 1.323839775342295691e+07 1.141425472908335039e+06 9.600050129611010198e+05 1.642583073129450786e+05 3.329058865361849894e+05 5.278362994584895205e+05
1.823031429771473864e+06 4.241834991397845442e+05 -1.382607445065547945e+05 7.612936529238981893e+04 -2.872531768321379204e+05 1.948220935219858948e+05 7.403606984073940839e+04 4.332626975051319459e+04 -6.851078427255077986e+04 -4.472640210866543464e+06 1.764276788625466404e+06 3.145763378110386548e+05 1.141425472908335039e+06 5.023409640030760318e+06 8.542298628770484356e+05 2.300920248849162017e+05 5.662296080381352658e+04 -1.144021131229173043e+05
-4.238731905734135071e+05 6.110607072194806533e+05 1.683735890517953376e+05 2.081464102350407338e+05 -2.660005902746678912e+05 1.677735021679133351e+05 6.563403172397146409e+04 9.084324002967763226e+04 -7.622968246762261515e+03 1.257082599451413407e+05 1.662679410617222544e+06 1.347553716079528909e+06 9.600050129611010198e+05 8.542298628770484356e+05 3.890005658377543092e+06 1.721431918843383319e+05 -8.526033647672712686e+04 8.049733630483993329e+04
-4.956036594664933509e+05 -5.543513340268383035e+05 -1.719755124392713697e+04 1.412253090192622913e+05 -9.732912645457156759e+04 4.146141076291327772e+04 4.017415915499792027e+04 -6.906373210534796272e+03 -8.183845143812078459e+04 -5.245499944727169350e+05 7.414359429649066878e+05 3.920355257416400709e+05 1.642583073129450786e+05 2.300920248849162017e+05 1.721431918843383319e+05 1.643681470213323133e+06 7.355386535183874366e+04 -1.086133922535869169e+04
1.850137093657273217e+05 -2.040900143983599846e+05 -1.634176441332838440e+05 -3.646107938084939815e+04 -1.944667730058273719e+03 6.396807276590959373e+04 -1.239533426593387730e+02 1.957063965434895363e+04 2.420153477254870813e+04 3.462453330587730161e+05 7.199793454947908176e+05 -5.616500612952968804e+05 3.329058865361849894e+05 5.662296080381352658e+04 -8.526033647672712686e+04 7.355386535183874366e+04 8.482452665572575061e+05 4.481298836740582919e+04
2.152177751125862706e+05 -3.010577291545978514e+05 -1.057603741446893109e+05 -1.025961499001064658e+04 -4.637606964691590292e+03 2.063914942683876507e+04 7.044441249865510326e+04 3.069479302058139729e+04 1.243693387895272281e+04 1.961383710106016835e+06 -2.142905073941887531e+05 4.534684575877041789e+05 5.278362994584895205e+05 -1.144021131229173043e+05 8.049733630483993329e+04 -1.086133922535869169e+04 4.481298836740582919e+04 5.712941073437283048e+05
