# lambda=0.7854434759554105
1.040452250101425052e+08 4.091385840885463171e+06 -3.030472260228790110e+05 -3.610818726563126984e+04 -3.017613227093889727e+05 3.790328794970542076e+05 1.246197553246931056e+05 -2.851495138493223349e+05 2.082488060487640323e+05 1.017272260373682715e+07 5.065987221913219430e+06 6.537941538199100178e+05 1.256249870423417538e+06 1.959079122712227516e+06 -1.818396871880376420e+04 -1.937944040134597453e+05 -7.503589527112449287e+04 -7.878120144989994878e+04
4.091385840885463171e+06 2.217414394449574500e+07 -4.493182838779633748e+05 -6.874048700874102069e+05 -2.841112011375473812e+05 4.269512308924845274e+04 -1.476748379956489662e+05 -1.487789924546528200e+05 7.794323151833949669e+04 2.048690277187451022e+06 3.037819240550508723e+06 1.101953820381125668e+06 8.415117670506528520e+04 -4.931830412442089437e+04 -3.812789047418926493e+05 -3.449539903804014903e+05 -1.721172187233149889e+05 -9.871673807650640083e+04
-3.030472260228790110e+05 -4.493182838779633748e+05 5.700342345744472928e+06 2.019016489927759394e+05 8.276419750198029215e+04 1.136497417596454511e+02 2.052391015576523387e+03 -3.407565836824107828e+04 -1.555963590832965338e+03 8.927891702892407775e+05 -1.092091744931619847e+06 2.267856740156899323e+05 -5.593233906716589263e+04 2.995684639560531359e+05 1.349714116913066828e+05 -1.692477379091711191e+04 3.687058735591817822e+03 -1.346099819319014496e+05
-3.610818726563126984e+04 -6.874048700874102069e+05 2.019016489927759394e+05 2.794139741431798786e+06 2.015644534292822937e+05 5.093163151200130233e+04 3.555223249140498228e+04 2.590243500962832331e+04 -1.586572310746492803e+04 -7.450135165156220319e+05 -1.162496913270780118e+06 5.946070830637841718e+05 2.570805382526460744e+05 1.041424712951309448e+04 -1.061674579232654942e+05 -1.541046733197668982e+04 -3.315933905662337111e+03 4.965774556671048049e+04
-3.017613227093889727e+05 -2.841112011375473812e+05 8.276419750198029215e+04 2.015644534292822937e+05 9.678986631672369549e+05 1.204797606301095766e+04 -1.454004673739063946e+04 7.524242761927523134e+03 -1.453671653297492412e+03 -7.007410352640335914e+05 -4.116289500568818767e+04 1.879949839087019209e+05 4.841806699690250389e+04 1.758325721764502232e+05 -5.090421017924525950e+04 -2.336322782831957011e+04 -3.342022822297318635e+04 5.969325064199519693e+04
3.790328794970542076e+05 4.269512308924845274e+04 1.136497417596454511e+02 5.093163151200130233e+04 1.204797606301095766e+04 3.175464693059272249e+05 2.808119564067646570e+04 4.577241839786592209e+03 1.183225536469444933e+03 -1.191200562210745265e+05 3.491378915982070612e+05 2.280285022478731116e+05 2.005444331229596282e+05 5.771097660188966256e+04 2.136537095534271430e+04 4.392988507788842253e+04 2.495698442725103450e+04 1.721378898295007457e+04
1.246197553246931056e+05 -1.476748379956489662e+05 2.052391015576523387e+03 3.555223249140498228e+04 -1.454004673739063946e+04 2.808119564067646570e+04 3.599211429473455064e+05 3.645124355219648714e+04 1.001321317732108946e+04 -2.267304138777116314e+05 4.603852103827211977e+04 1.727527807162576355e+05 2.456447877188638085e+04 -1.633420884121572817e+04 5.028731852019124926e+04 1.232245802095164254e+05 5.318752585844749410e+04 2.030953496135277601e+04
-2.851495138493223349e+05 -1.487789924546528200e+05 -3.407565836824107828e+04 2.590243500962832331e+04 7.524242761927523134e+03 4.577241839786592209e+03 3.645124355219648714e+04 1.886346628872454166e+05 4.915270731438872645e+03 -9.090441727143959724e+04 2.490134452125852113e+05 2.093890645912655455e+05 4.490815308776501479e+04 1.165460149107887901e+03 6.746333719186659437e+04 9.389458751366342767e+04 3.246196782763164447e+04 2.375615870585629091e+04
2.082488060487640323e+05 7.794323151833949669e+04 -1.555963590832965338e+03 -1.586572310746492803e+04 -1.453671653297492412e+03 1.183225536469444933e+03 1.001321317732108946e+04 4.915270731438872645e+03 6.709942859957147448e+04 -1.970985753193804339e+04 2.317948268279577605e+05 3.200513254564146337e+04 4.916078713535422867e+04 2.580098980993857549e+04 1.972632979703547608e+04 2.723135811437982920e+04 -4.055317073210048875e+03 7.430275932966363143e+03
1.017272260373682715e+07 2.048690277187451022e+06 8.927891702892407775e+05 -7.450135165156220319e+05 -7.007410352640335914e+05 -1.191200562210745265e+05 -2.267304138777116314e+05 -9.090441727143959724e+04 -1.970985753193804339e+04 1.614068937895281017e+08 3.143162193580902647e+06 4.352856891963222064e+06 4.393917713148958865e+05 1.453585459696093807e+06 -2.996575955779811484e+05 9.756722429467405891e+05 -1.004876149698018562e+05 -4.788098599441679544e+05
5.065987221913219430e+06 3.037819240550508723e+06 -1.092091744931619847e+06 -1.162496913270780118e+06 -4.116289500568818767e+04 3.491378915982070612e+05 4.603852103827211977e+04 2.490134452125852113e+05 2.317948268279577605e+05 3.143162193580902647e+06 1.054896531098243147e+08 2.283712451541944873e+06 1.739898147323529236e+06 9.429241969145362964e+05 1.120865110074443743e+06 5.141247681605555699e+05 4.478664303225962794e+04 3.272119949657575926e+05
6.537941538199100178e+05 1.101953820381125668e+06 2.267856740156899323e+05 5.946070830637841718e+05 1.879949839087019209e+05 2.280285022478731116e+05 1.727527807162576355e+05 2.093890645912655455e+05 3.200513254564146337e+04 4.352856891963222064e+06 2.283712451541944873e+06 4.438691931996912509e+07 2.840751220452663023e+06 9.496925022259298712e+05 3.682234484310361440e+05 7.736592368357614614e+05 6.586807709879007598e+04 4.973475792582995200e+04
1.256249870423417538e+06 8.415117670506528520e+04 -5.593233906716589263e+04 2.570805382526460744e+05 4.841806699690250389e+04 2.005444331229596282e+05 2.456447877188638085e+04 4.490815308776501479e+04 4.916078713535422867e+04 4.393917713148958865e+05 1.739898147323529236e+06 2.840751220452663023e+06 1.638222445539451018e+07 4.361996109332953929e+05 4.735472874165522517e+05 1.647393460366801010e+05 -3.065158752447941515e+04 1.438268209894335014e+05
1.959079122712227516e+06 -4.931830412442089437e+04 2.995684639560531359e+05 1.041424712951309448e+04 1.758325721764502232e+05 5.771097660188966256e+04 -1.633420884121572817e+04 1.165460149107887901e+03 2.580098980993857549e+04 1.453585459696093807e+06 9.429241969145362964e+05 9.496925022259298712e+05 4.361996109332953929e+05 6.088682064819696359e+06 5.704094430557634914e+05 1.044470040113423602e+05 9.736880535294627771e+04 -8.995075673764355088e+03
-1.818396871880376420e+04 -3.812789047418926493e+05 1.349714116913066828e+05 -1.061674579232654942e+05 -5.090421017924525950e+04 2.136537095534271430e+04 5.028731852019124926e+04 6.746333719186659437e+04 1.972632979703547608e+04 -2.996575955779811484e+05 1.120865110074443743e+06 3.682234484310361440e+05 4.735472874165522517e+05 5.704094430557634914e+05 3.253926333954162430e+06 1.804084093592576100e+05 1.822117149728061340e+05 1.849916046359147731e+04
-1.937944040134597453e+05 -3.449539903804014903e+05 -1.692477379091711191e+04 -1.541046733197668982e+04 -2.336322782831957011e+04 4.392988507788842253e+04 1.232245802095164254e+05 9.389458751366342767e+04 2.723135811437982920e+04 9.756722429467405891e+05 5.141247681605555699e+05 7.736592368357614614e+05 1.647393460366801010e+05 1.044470040113423602e+05 1.804084093592576100e+05 2.411331029370147269e+06 1.079510743149279879e+05 2.029966147745759008e+04
-7.503589527112449287e+04 -1.721172187233149889e+05 3.687058735591817822e+03 -3.315933905662337111e+03 -3.342022822297318635e+04 2.495698442725103450e+04 5.318752585844749410e+04 3.246196782763164447e+04 -4.055317073210048875e+03 -1.004876149698018562e+05 4.478664303225962794e+04 6.586807709879007598e+04 -3.065158752447941515e+04 9.736880535294627771e+04 1.822117149728061340e+05 1.079510743149279879e+05 6.332001848219938111e+05 1.458310525062919623e+04
-7.878120144989994878e+04 -9.871673807650640083e+04 -1.346099819319014496e+05 4.965774556671048049e+04 5.969325064199519693e+04 1.721378898295007457e+04 2.030953496135277601e+04 2.375615870585629091e+04 7.430275932966363143e+03 -4.788098599441679544e+05 3.272119949657575926e+05 4.973475792582995200e+04 1.438268209894335014e+05 -8.995075673764355088e+03 1.849916046359147731e+04 2.029966147745759008e+04 1.458310525062919623e+04 5.483528987931190059e+05
