# lambda=0.99467923456011
3.674240549567209929e+07 -1.509425727417539201e+04 -1.076425018224050109e+04 -2.861510348843013162e+03 -8.786868624418630134e+03 2.864594692086911891e+03 -3.602777810523978701e+02 -2.657071759273472708e+03 -2.426800388814794587e+03 1.078758549061439844e+05 -5.631231701904060901e+04 3.763135737173243979e+04 -3.227163319140355088e+04 2.994797526752452541e+03 2.447166223853971587e+03 -6.218289221234093020e+03 -6.395319757083873810e+03 -6.983112671447828689e+03
-1.509425727417539201e+04 1.510257431768535823e+07 1.112783854562390115e+04 -7.446464106737355905e+03 8.026919239170867968e+02 2.499330388160725306e+03 -9.172381319243087319e+02 -1.612519857694828261e+03 -6.072745356295959027e+02 5.096374456942664256e+04 5.246663539158348431e+04 6.974845364766562852e+03 -8.698925432032037861e+03 -1.214869408323310608e+03 -4.336917633337523512e+03 -1.378818361920556299e+03 9.926292437192400030e+03 2.597575855225691157e+03
-1.076425018224050109e+04 1.112783854562390115e+04 5.344180758534808643e+06 1.193373591788661543e+03 -2.111523739121691051e+03 3.679811430448789906e+02 -9.641490543915922444e+02 1.674081168621832376e+03 3.268166156169357919e+02 2.646132367123881340e+04 9.017152275003074465e+03 1.160248297972661385e+04 1.566547844388659723e+04 3.389482826844141073e+03 5.731963915127568043e+02 -5.515231039878266017e+01 6.010859929598692361e+03 -4.024369114691623508e+03
-2.861510348843013162e+03 -7.446464106737355905e+03 1.193373591788661543e+03 2.135868002491756342e+06 4.951738368964276560e+03 5.751274549084022283e+02 -7.283766420495411467e+02 1.891163606287997254e+03 4.477514438237929539e+02 2.615297875162798664e+04 1.736052784796104606e+04 -3.586227146392152008e+03 1.301638122488149565e+04 1.385845938123656015e+04 3.915778077691154976e+03 -2.864547142002551936e+03 2.053600791204621601e+03 4.152596726038432848e+02
-8.786868624418630134e+03 8.026919239170867968e+02 -2.111523739121691051e+03 4.951738368964276560e+03 1.431177614348520059e+06 1.351074177122530500e+03 4.019756884188791446e+01 1.061977468478908804e+03 1.025294557168479969e+03 6.414846237424893843e+03 9.332822376303216515e+03 -3.793142245918831122e+03 -2.279443248388653956e+03 4.438758999004078760e+03 3.079462774557520333e+03 -3.812215768687699438e+03 2.773882672760446439e+03 1.995443102321813967e+03
2.864594692086911891e+03 2.499330388160725306e+03 3.679811430448789906e+02 5.751274549084022283e+02 1.351074177122530500e+03 4.251699144456306822e+05 4.658925977488071908e+02 1.010907699861366950e+03 2.463804546094620918e+01 1.339324418118862923e+02 -4.908878250053241572e+03 -5.307651918320442746e+03 -3.330523203819895571e+03 -9.961244397197609715e+02 -1.670801148891686807e+03 -2.936220573089734671e+02 1.613374779213082775e+03 4.193058085506629595e+01
-3.602777810523978701e+02 -9.172381319243087319e+02 -9.641490543915922444e+02 -7.283766420495411467e+02 4.019756884188791446e+01 4.658925977488071908e+02 3.804857209604909876e+05 6.605292879835308213e+02 -9.255473070577295402e+01 -2.408139319732842068e+03 -4.804649113610103996e+03 -4.223649213585092184e+03 -1.846059039623147783e+03 4.434633638537432603e+02 -9.613999075431397614e+02 1.882684072010879390e+03 -5.823569824230079348e+02 -3.846408666048956206e+02
-2.657071759273472708e+03 -1.612519857694828261e+03 1.674081168621832376e+03 1.891163606287997254e+03 1.061977468478908804e+03 1.010907699861366950e+03 6.605292879835308213e+02 3.527518769599171355e+05 2.701382423048904684e+02 7.835485792860779384e+02 2.379546474791034143e+03 -3.684206718554537474e+03 1.812970918808329543e+03 2.053887702095952591e+03 8.401912796659337346e+02 -8.153891170920051081e+02 1.613464474627902064e+03 -1.418900275273252376e+01
-2.426800388814794587e+03 -6.072745356295959027e+02 3.268166156169357919e+02 4.477514438237929539e+02 1.025294557168479969e+03 2.463804546094620918e+01 -9.255473070577295402e+01 2.701382423048904684e+02 1.658401514327270852e+05 -1.790278760811349002e+03 4.857345381636487218e+03 -3.920276836843304409e+02 1.538667367240719841e+03 9.044904684567395634e+02 1.062721854657658696e+03 -8.179212116344011747e+02 8.833638945598924010e+02 8.823675011469855463e+02
1.078758549061439844e+05 5.096374456942664256e+04 2.646132367123881340e+04 2.615297875162798664e+04 6.414846237424893843e+03 1.339324418118862923e+02 -2.408139319732842068e+03 7.835485792860779384e+02 -1.790278760811349002e+03 2.400533884483550787e+08 1.163544477567451213e+04 4.486765724701489671e+04 -1.425484212170704450e+04 1.460704613799518265e+05 2.267368580356367602e+04 1.617554012164883898e+04 1.311446190655344799e+04 7.380010516935955820e+03
-5.631231701904060901e+04 5.246663539158348431e+04 9.017152275003074465e+03 1.736052784796104606e+04 9.332822376303216515e+03 -4.908878250053241572e+03 -4.804649113610103996e+03 2.379546474791034143e+03 4.857345381636487218e+03 1.163544477567451213e+04 5.110352192564300448e+07 -5.078358034551021774e+03 3.674649217500467785e+04 3.596868931128489930e+04 2.231037585318211859e+04 -3.727146696563298974e+03 8.406450605262552926e+03 1.786361223558732490e+03
3.763135737173243979e+04 6.974845364766562852e+03 1.160248297972661385e+04 -3.586227146392152008e+03 -3.793142245918831122e+03 -5.307651918320442746e+03 -4.223649213585092184e+03 -3.684206718554537474e+03 -3.920276836843304409e+02 4.486765724701489671e+04 -5.078358034551021774e+03 1.466221422873345390e+07 1.626083636117818969e+04 4.844416060434955398e+03 9.899238220379551422e+03 -8.293223010422267180e+03 1.765244369405324733e+03 -3.493875774795372763e+03
-3.227163319140355088e+04 -8.698925432032037861e+03 1.566547844388659723e+04 1.301638122488149565e+04 -2.279443248388653956e+03 -3.330523203819895571e+03 -1.846059039623147783e+03 1.812970918808329543e+03 1.538667367240719841e+03 -1.425484212170704450e+04 3.674649217500467785e+04 1.626083636117818969e+04 1.648214557451043464e+07 2.317445635958055573e+04 1.107268185047247971e+04 6.355328602886301269e+03 4.160229917899048814e+03 1.286906345708782510e+03
2.994797526752452541e+03 -1.214869408323310608e+03 3.389482826844141073e+03 1.385845938123656015e+04 4.438758999004078760e+03 -9.961244397197609715e+02 4.434633638537432603e+02 2.053887702095952591e+03 9.044904684567395634e+02 1.460704613799518265e+05 3.596868931128489930e+04 4.844416060434955398e+03 2.317445635958055573e+04 1.009547850921704620e+07 1.713595042220699543e+04 -4.414331509040732726e+02 2.128952172987523227e+03 3.868995014423334851e+03
2.447166223853971587e+03 -4.336917633337523512e+03 5.731963915127568043e+02 3.915778077691154976e+03 3.079462774557520333e+03 -1.670801148891686807e+03 -9.613999075431397614e+02 8.401912796659337346e+02 1.062721854657658696e+03 2.267368580356367602e+04 2.231037585318211859e+04 9.899238220379551422e+03 1.107268185047247971e+04 1.713595042220699543e+04 2.569052648749247193e+06 -3.189047922105427006e+03 2.027390532891026169e+03 3.097714517193378015e+03
-6.218289221234093020e+03 -1.378818361920556299e+03 -5.515231039878266017e+01 -2.864547142002551936e+03 -3.812215768687699438e+03 -2.936220573089734671e+02 1.882684072010879390e+03 -8.153891170920051081e+02 -8.179212116344011747e+02 1.617554012164883898e+04 -3.727146696563298974e+03 -8.293223010422267180e+03 6.355328602886301269e+03 -4.414331509040732726e+02 -3.189047922105427006e+03 2.069469099316477310e+06 -2.186953979998738305e+03 -8.971768106049994458e+02
-6.395319757083873810e+03 9.926292437192400030e+03 6.010859929598692361e+03 2.053600791204621601e+03 2.773882672760446439e+03 1.613374779213082775e+03 -5.823569824230079348e+02 1.613464474627902064e+03 8.833638945598924010e+02 1.311446190655344799e+04 8.406450605262552926e+03 1.765244369405324733e+03 4.160229917899048814e+03 2.128952172987523227e+03 2.027390532891026169e+03 -2.186953979998738305e+03 1.307114463574198307e+06 1.424440407839006184e+03
-6.983112671447828689e+03 2.597575855225691157e+03 -4.024369114691623508e+03 4.152596726038432848e+02 1.995443102321813967e+03 4.193058085506629595e+01 -3.846408666048956206e+02 -1.418900275273252376e+01 8.823675011469855463e+02 7.380010516935955820e+03 1.786361223558732490e+03 -3.493875774795372763e+03 1.286906345708782510e+03 3.868995014423334851e+03 3.097714517193378015e+03 -8.971768106049994458e+02 1.424440407839006184e+03 7.324827341182227246e+05
