# lambda=0.9828684979399094
5.766090698893735558e+07 1.767709159678775759e+05 1.333073087437602771e+04 -5.345821467269754976e+03 -5.272325369408554252e+03 8.277386298503039143e+03 1.695826472261375102e+03 -1.443175267422053730e+04 -4.749628683908375024e+03 -2.116086469036487397e+05 -3.916084848760278692e+04 1.181452770232192997e+05 -6.511128964157028531e+04 4.077919696070597274e+04 1.273301967416923617e+04 -7.090576235361953150e+04 2.833929629395510710e+04 -9.681226418987875149e+03
1.767709159678775759e+05 1.941322335830484703e+07 5.574032144849222823e+04 -2.099980214512362363e+04 -1.096990213554588263e+04 7.822131769423695914e+03 -9.101311520832778115e+03 2.492167536444571283e+02 1.786657260673960081e+02 2.607876627012646350e+04 5.106604750163183198e+05 8.375699439840692503e+04 -1.355149659052921379e+03 7.478416436840573442e+04 2.856581218060462561e+04 -3.314412171809290157e+04 -2.664674963019367624e+03 -1.387457438688153161e+04
1.333073087437602771e+04 5.574032144849222823e+04 4.922417932983233593e+06 8.407692537939889007e+03 3.730838356704234684e+03 8.901563673568776721e+03 -1.003018174439326231e+03 2.187771240363485049e+03 1.312650325840238111e+03 -1.722320547052470793e+05 1.031829039590779430e+05 7.039800610144909297e+04 4.882205122112232857e+03 3.830143188467268192e+04 2.938666853020234339e+04 -5.659323228326090430e+03 -2.391933708797332201e+03 -3.898368326253888426e+03
-5.345821467269754976e+03 -2.099980214512362363e+04 8.407692537939889007e+03 1.156531520571136847e+06 3.158371295564021693e+03 2.426060763255807160e+03 1.315006660634506943e+03 -2.046873629881254601e+03 -1.755519405152480658e+03 -1.871058588484182474e+04 -4.291059144759173250e+03 2.848719364821894033e+03 2.353007877155864117e+04 -1.917946381732476539e+03 -5.247664835827057686e+03 5.641772054311602005e+03 -3.158224749946290558e+03 4.232101188772621754e+02
-5.272325369408554252e+03 -1.096990213554588263e+04 3.730838356704234684e+03 3.158371295564021693e+03 4.880242724623778486e+05 -1.378430122299932236e+03 7.325587598330790797e+02 7.954535339818710327e+02 -4.719057736616927059e+02 3.060487703337568382e+04 9.216802092822519626e+03 1.876262619754506659e+03 -4.083917806366290733e+03 1.431957562281541504e+04 5.065820919972278716e+03 1.003551424566939568e+04 4.610729342460370390e+03 6.020160707793203301e+02
8.277386298503039143e+03 7.822131769423695914e+03 8.901563673568776721e+03 2.426060763255807160e+03 -1.378430122299932236e+03 2.792695241301745409e+05 5.440390365183544645e+02 3.970844829033767951e+02 2.929884492303827415e+01 1.016176228418818209e+04 8.037864147003560902e+03 8.984958401421925373e+03 -8.495098914404634343e+03 9.452388342630782745e+02 3.116900335591604744e+03 -1.058377966082673538e+03 -2.149360541472446130e+03 2.544396647753210800e+03
1.695826472261375102e+03 -9.101311520832778115e+03 -1.003018174439326231e+03 1.315006660634506943e+03 7.325587598330790797e+02 5.440390365183544645e+02 1.895959599135039316e+05 6.118718909435278874e+02 6.612610898984282812e+02 1.568437895222129191e+04 -1.711994749085804142e+04 3.435723731414674603e+03 6.390312246071468962e+02 1.823894671518251243e+03 -2.673222291917115854e+03 5.563870769046878195e+03 1.435773111743064192e+03 2.900576150135088483e+03
-1.443175267422053730e+04 2.492167536444571283e+02 2.187771240363485049e+03 -2.046873629881254601e+03 7.954535339818710327e+02 3.970844829033767951e+02 6.118718909435278874e+02 1.134636149938758026e+05 4.850091536632169209e+02 1.698786855308567101e+04 -4.944623244401937882e+03 2.323429137941308454e+03 -2.183740398824288604e+03 2.284712627056354449e+03 4.769109132477197818e+03 3.862535363873952065e+03 1.670154148349151683e+03 1.356257452649801735e+03
-4.749628683908375024e+03 1.786657260673960081e+02 1.312650325840238111e+03 -1.755519405152480658e+03 -4.719057736616927059e+02 2.929884492303827415e+01 6.612610898984282812e+02 4.850091536632169209e+02 6.831009453323538764e+04 -2.140694120535295497e+03 1.380543204713472915e+04 6.266594448999315318e+03 3.900085696062037641e+03 2.713691578770041815e+03 1.049316623475354845e+03 -1.545060079451957780e+00 -2.593507701318167733e+02 1.203845555033588653e+03
-2.116086469036487397e+05 2.607876627012646350e+04 -1.722320547052470793e+05 -1.871058588484182474e+04 3.060487703337568382e+04 1.016176228418818209e+04 1.568437895222129191e+04 1.698786855308567101e+04 -2.140694120535295497e+03 2.303374108181525767e+08 8.594072614235850051e+05 2.329230908577646187e+05 -2.086040726062787871e+05 -3.947620928908552742e+04 -3.371650878228164947e+04 1.013232336472646421e+05 5.048839944668373937e+04 7.274007655928561871e+04
-3.916084848760278692e+04 5.106604750163183198e+05 1.031829039590779430e+05 -4.291059144759173250e+03 9.216802092822519626e+03 8.037864147003560902e+03 -1.711994749085804142e+04 -4.944623244401937882e+03 1.380543204713472915e+04 8.594072614235850051e+05 1.451150530694307387e+08 6.110777146437668707e+05 1.872341767441953125e+05 2.338423865173902013e+05 4.576791611105166521e+04 -8.152500339574766986e+04 -3.390794714023527922e+04 2.245430874070790742e+04
1.181452770232192997e+05 8.375699439840692503e+04 7.039800610144909297e+04 2.848719364821894033e+03 1.876262619754506659e+03 8.984958401421925373e+03 3.435723731414674603e+03 2.323429137941308454e+03 6.266594448999315318e+03 2.329230908577646187e+05 6.110777146437668707e+05 3.328041383433662355e+07 1.778314207110477146e+05 1.149577293909260334e+05 3.193770973016963762e+04 -3.151963120488008281e+04 1.330063522514789656e+04 4.471284933304550941e+04
-6.511128964157028531e+04 -1.355149659052921379e+03 4.882205122112232857e+03 2.353007877155864117e+04 -4.083917806366290733e+03 -8.495098914404634343e+03 6.390312246071468962e+02 -2.183740398824288604e+03 3.900085696062037641e+03 -2.086040726062787871e+05 1.872341767441953125e+05 1.778314207110477146e+05 1.754350170937652141e+07 6.535482862063089124e+04 -7.933732446833805625e+02 -1.468815043751877965e+04 -1.408004422777487162e+04 1.180435442875044100e+04
4.077919696070597274e+04 7.478416436840573442e+04 3.830143188467268192e+04 -1.917946381732476539e+03 1.431957562281541504e+04 9.452388342630782745e+02 1.823894671518251243e+03 2.284712627056354449e+03 2.713691578770041815e+03 -3.947620928908552742e+04 2.338423865173902013e+05 1.149577293909260334e+05 6.535482862063089124e+04 7.640574738674568012e+06 4.552398905238789303e+04 1.067330138169181373e+04 2.112224828839349811e+03 1.398511845725533385e+04
1.273301967416923617e+04 2.856581218060462561e+04 2.938666853020234339e+04 -5.247664835827057686e+03 5.065820919972278716e+03 3.116900335591604744e+03 -2.673222291917115854e+03 4.769109132477197818e+03 1.049316623475354845e+03 -3.371650878228164947e+04 4.576791611105166521e+04 3.193770973016963762e+04 -7.933732446833805625e+02 4.552398905238789303e+04 3.642639651687372010e+06 1.162179965153285957e+04 1.658890417830937849e+03 2.821288019373443603e+03
-7.090576235361953150e+04 -3.314412171809290157e+04 -5.659323228326090430e+03 5.641772054311602005e+03 1.003551424566939568e+04 -1.058377966082673538e+03 5.563870769046878195e+03 3.862535363873952065e+03 -1.545060079451957780e+00 1.013232336472646421e+05 -8.152500339574766986e+04 -3.151963120488008281e+04 -1.468815043751877965e+04 1.067330138169181373e+04 1.162179965153285957e+04 2.356520337294182740e+06 1.272002178401213132e+04 6.058932229127488426e+03
2.833929629395510710e+04 -2.664674963019367624e+03 -2.391933708797332201e+03 -3.158224749946290558e+03 4.610729342460370390e+03 -2.149360541472446130e+03 1.435773111743064192e+03 1.670154148349151683e+03 -2.593507701318167733e+02 5.048839944668373937e+04 -3.390794714023527922e+04 1.330063522514789656e+04 -1.408004422777487162e+04 2.112224828839349811e+03 1.658890417830937849e+03 1.272002178401213132e+04 1.148655184333403828e+06 2.294188891956323459e+03
-9.681226418987875149e+03 -1.387457438688153161e+04 -3.898368326253888426e+03 4.232101188772621754e+02 6.020160707793203301e+02 2.544396647753210800e+03 2.900576150135088483e+03 1.356257452649801735e+03 1.203845555033588653e+03 7.274007655928561871e+04 2.245430874070790742e+04 4.471284933304550941e+04 1.180435442875044100e+04 1.398511845725533385e+04 2.821288019373443603e+03 6.058932229127488426e+03 2.294188891956323459e+03 6.478162788563767681e+05
