# lambda=0.22871011881933176
6.701670087231482565e+07 1.178883373948504031e+07 6.301103994768948294e+06 3.803922180497926194e+06 -6.701016421838947281e+04 3.021465373831051984e+05 2.295046119603853149e+05 3.134869636350426590e+05 -3.673545992210421828e+05 5.541538668475518376e+07 2.852931393640378863e+07 5.133171213057910092e+06 1.026751425187979825e+07 -1.095243861530428985e+06 -1.688174966201944044e+05 1.101127571698384127e+06 1.925433398443881015e+05 -1.244506963515115203e+06
1.178883373948504031e+07 1.982078595628569648e+07 2.811494430860357359e+06 -7.122653260433432879e+05 -3.007609082408571849e+05 6.404065099539001239e+05 2.963846422688042512e+05 3.803193355176413897e+05 1.612658860382806452e+05 2.130977385637855530e+07 1.336226776625330932e+07 -1.179132371001928113e+06 6.123478557364720618e+05 6.419077244668728672e+05 2.457367037564675789e+06 1.174587563668934396e+06 1.436892145619150717e+06 1.050050461265093647e+06
6.301103994768948294e+06 2.811494430860357359e+06 5.133975423421042971e+06 4.559224448630965198e+05 -2.452953787998240441e+05 -1.963284908180196653e+05 1.771095229100782599e+05 -9.559128952922859753e+04 3.359644448785667191e+04 9.662869531752508134e+06 7.803988997762674466e+06 3.214678487624634989e+06 4.642143799492808757e+05 -1.440444424030036665e+06 -1.031239395568643347e+06 2.931261776283841464e+05 -2.686003561989206937e+05 2.410960872905916767e+04
3.803922180497926194e+06 -7.122653260433432879e+05 4.559224448630965198e+05 3.377877366457507946e+06 -1.155352933624147554e+05 -4.235153161982421298e+05 -1.184633332044742747e+04 -1.659281759690266626e+05 -2.823099438585345633e+05 -4.838433995595756918e+06 -1.162790494373640511e+06 -1.188765105945507996e+06 2.183672355095677543e+06 4.794648281451669754e+05 -7.769883583759632893e+05 4.668886925181453989e+04 -5.052369452601549565e+05 -1.985288639546128397e+05
-6.701016421838947281e+04 -3.007609082408571849e+05 -2.452953787998240441e+05 -1.155352933624147554e+05 5.360498747606867692e+05 9.450369545193322119e+04 -5.317479412007905921e+04 -2.214763325059795534e+04 3.296987153964274330e+04 -1.152478993101483677e+06 3.057117441285757814e+05 -7.161199594194517704e+05 -2.877623165338302715e+04 2.048896307893130579e+05 2.246969294318504690e+05 1.377222028115371941e+05 3.261044075312910136e+05 1.293226055959726546e+04
3.021465373831051984e+05 6.404065099539001239e+05 -1.963284908180196653e+05 -4.235153161982421298e+05 9.450369545193322119e+04 6.725331692216941155e+05 6.195189055780770286e+04 8.054538661763709388e+04 7.093018414922386000e+04 2.419833272234166972e+06 -2.315751660528815119e+05 6.466242799190236838e+04 -2.299001349895483290e+05 -1.229188844564038445e+05 6.868199843120613368e+05 2.620847198593408684e+05 3.245863575071322848e+05 1.175558291620195378e+05
2.295046119603853149e+05 2.963846422688042512e+05 1.771095229100782599e+05 -1.184633332044742747e+04 -5.317479412007905921e+04 6.195189055780770286e+04 4.429133626801626524e+05 1.084980166061451928e+04 -1.681588585769443671e+04 3.005516445956256241e+06 -3.539912892536200816e+05 1.122899399368088227e+06 2.479017290312699333e+04 -3.692471535126108211e+05 8.735636204468183860e+04 2.250511188097548147e+05 2.423020325314161164e+04 1.876303147396652776e+03
3.134869636350426590e+05 3.803193355176413897e+05 -9.559128952922859753e+04 -1.659281759690266626e+05 -2.214763325059795534e+04 8.054538661763709388e+04 1.084980166061451928e+04 1.760338814075292903e+05 3.031650902269094877e+04 2.359860402268928010e+06 1.797619816817724204e+05 2.719701574878112297e+05 -7.120639736372802872e+04 1.466855638602462204e+04 -3.199618255964621494e+04 -1.743170361206883099e+05 5.463430170897210337e+04 5.858571290144841623e+04
-3.673545992210421828e+05 1.612658860382806452e+05 3.359644448785667191e+04 -2.823099438585345633e+05 3.296987153964274330e+04 7.093018414922386000e+04 -1.681588585769443671e+04 3.031650902269094877e+04 1.088280150373429642e+05 7.295708762930493685e+04 7.244940918562787147e+02 1.588817856956935138e+05 -2.860997552946529468e+05 -1.925963599714520969e+05 4.406773830487084342e+04 -5.426982386402340489e+04 4.801792472799379175e+04 9.610364254772811546e+04
5.541538668475518376e+07 2.130977385637855530e+07 9.662869531752508134e+06 -4.838433995595756918e+06 -1.152478993101483677e+06 2.419833272234166972e+06 3.005516445956256241e+06 2.359860402268928010e+06 7.295708762930493685e+04 3.279134147638461590e+08 7.258239635512645543e+07 1.871527726582591236e+07 1.766689073646725714e+07 -7.381838331112684682e+06 6.673401090014521033e+06 -5.001436653714514687e+05 3.047215331147396006e+06 1.808666205020412162e+05
2.852931393640378863e+07 1.336226776625330932e+07 7.803988997762674466e+06 -1.162790494373640511e+06 3.057117441285757814e+05 -2.315751660528815119e+05 -3.539912892536200816e+05 1.797619816817724204e+05 7.244940918562787147e+02 7.258239635512645543e+07 1.019117012499465942e+08 1.532165869745063037e+07 1.045214661001643911e+07 -4.871559065262078308e+06 -3.992843503321277094e+05 -4.332370817093702499e+05 1.380383429591126740e+06 8.058070063351442805e+05
5.133171213057910092e+06 -1.179132371001928113e+06 3.214678487624634989e+06 -1.188765105945507996e+06 -7.161199594194517704e+05 6.466242799190236838e+04 1.122899399368088227e+06 2.719701574878112297e+05 1.588817856956935138e+05 1.871527726582591236e+07 1.532165869745063037e+07 3.351880067949799448e+07 1.465627845704216277e+06 -6.184883077298513614e+06 -1.163999532594210468e+06 -1.163093703364187386e+05 -7.387760905331914546e+05 2.130571045812619268e+05
1.026751425187979825e+07 6.123478557364720618e+05 4.642143799492808757e+05 2.183672355095677543e+06 -2.877623165338302715e+04 -2.299001349895483290e+05 2.479017290312699333e+04 -7.120639736372802872e+04 -2.860997552946529468e+05 1.766689073646725714e+07 1.045214661001643911e+07 1.465627845704216277e+06 9.594255955480992794e+06 5.649952030202592723e+05 5.758853029511601198e+05 4.772074835096019087e+05 -4.859846867120530806e+05 -1.596696249476992234e+05
-1.095243861530428985e+06 6.419077244668728672e+05 -1.440444424030036665e+06 4.794648281451669754e+05 2.048896307893130579e+05 -1.229188844564038445e+05 -3.692471535126108211e+05 1.466855638602462204e+04 -1.925963599714520969e+05 -7.381838331112684682e+06 -4.871559065262078308e+06 -6.184883077298513614e+06 5.649952030202592723e+05 3.911886879691901617e+06 5.336920760007597273e+05 2.361719348135100154e+05 1.328306808832654788e+05 -1.955213906492308888e+05
-1.688174966201944044e+05 2.457367037564675789e+06 -1.031239395568643347e+06 -7.769883583759632893e+05 2.246969294318504690e+05 6.868199843120613368e+05 8.735636204468183860e+04 -3.199618255964621494e+04 4.406773830487084342e+04 6.673401090014521033e+06 -3.992843503321277094e+05 -1.163999532594210468e+06 5.758853029511601198e+05 5.336920760007597273e+05 4.060500613971108571e+06 1.157781212860417552e+06 1.018028345851247548e+06 3.497922985199532122e+05
1.101127571698384127e+06 1.174587563668934396e+06 2.931261776283841464e+05 4.668886925181453989e+04 1.377222028115371941e+05 2.620847198593408684e+05 2.250511188097548147e+05 -1.743170361206883099e+05 -5.426982386402340489e+04 -5.001436653714514687e+05 -4.332370817093702499e+05 -1.163093703364187386e+05 4.772074835096019087e+05 2.361719348135100154e+05 1.157781212860417552e+06 1.617627686437371187e+06 2.547295679709551914e+05 -7.216573949696673662e+04
1.925433398443881015e+05 1.436892145619150717e+06 -2.686003561989206937e+05 -5.052369452601549565e+05 3.261044075312910136e+05 3.245863575071322848e+05 2.423020325314161164e+04 5.463430170897210337e+04 4.801792472799379175e+04 3.047215331147396006e+06 1.380383429591126740e+06 -7.387760905331914546e+05 -4.859846867120530806e+05 1.328306808832654788e+05 1.018028345851247548e+06 2.547295679709551914e+05 1.074391514962241985e+06 3.207017598302722326e+05
-1.244506963515115203e+06 1.050050461265093647e+06 2.410960872905916767e+04 -1.985288639546128397e+05 1.293226055959726546e+04 1.175558291620195378e+05 1.876303147396652776e+03 5.858571290144841623e+04 9.610364254772811546e+04 1.808666205020412162e+05 8.058070063351442805e+05 2.130571045812619268e+05 -1.596696249476992234e+05 -1.955213906492308888e+05 3.497922985199532122e+05 -7.216573949696673662e+04 3.207017598302722326e+05 8.161158157648839988e+05
