# lambda=0.4808902675235634
6.432991229965708405e+07 3.075427879452684894e+06 4.952711411309845425e+04 2.150935710644709878e+06 2.083790387934991857e+06 6.234897471996891545e+05 8.387753002708370332e+05 2.648627322725911508e+05 -1.241951498459764844e+05 1.486903092311335169e+07 1.521422522846917436e+07 4.929456925860203919e+05 2.344704380600460805e+06 2.671468371083073318e+06 1.110723312297085533e+06 1.965614843486887868e+06 -3.727925825476464233e+05 -1.501438248107080348e+06
3.075427879452684894e+06 1.490722760631470010e+07 2.631686718765249010e+06 9.653188852779953741e+05 9.919221699961831328e+05 3.501296119988632854e+05 1.551267330292421102e+05 2.959866532762270072e+05 2.290546867304788902e+05 5.454526247976779938e+06 1.303052395087620243e+07 3.537533854038240388e+06 -6.650315962016829872e+04 5.081574297041366226e+05 1.227485076862818096e+05 1.103597907855100697e+06 -9.493245363873218594e+03 -6.653528296114542754e+05
4.952711411309845425e+04 2.631686718765249010e+06 8.361093555059047416e+06 4.405080892627779976e+05 4.530029982273468049e+05 2.967247694291963126e+05 9.453074652665166650e+04 -2.857692186064574344e+04 3.146082173372153557e+04 7.834008050125099253e+05 5.093187900180120952e+06 3.193848669455143157e+06 2.652240841517635272e+05 -9.658129963231575675e+05 7.104613405165264849e+05 8.595297311922009103e+05 2.050960160142715904e+05 6.631968045231945871e+04
2.150935710644709878e+06 9.653188852779953741e+05 4.405080892627779976e+05 1.587826726895533968e+06 9.091369188623203081e+04 9.189541928061054205e+04 6.859560268061910756e+04 -3.857511281489781686e+04 -1.692629363188761999e+04 2.142688283813605376e+05 3.615290240249010734e+06 7.432903850719959009e+05 7.578364304364126874e+05 -3.621582004651820753e+05 -2.653395078888197313e+05 9.398421655871965049e+04 -1.060067582623945636e+05 -1.669088263294771896e+05
2.083790387934991857e+06 9.919221699961831328e+05 4.530029982273468049e+05 9.091369188623203081e+04 9.891995820884536952e+05 1.484478967077120033e+05 1.363428822959902755e+05 1.382400421485003317e+05 5.716190972436780430e+04 9.372683075774724130e+05 2.283770910721862223e+06 8.830589772781773354e+04 3.645791228780777310e+05 1.298155839986527862e+05 1.404568486479835701e+05 2.272155142113017209e+05 -7.302413409034690994e+04 -9.441707023631541233e+04
6.234897471996891545e+05 3.501296119988632854e+05 2.967247694291963126e+05 9.189541928061054205e+04 1.484478967077120033e+05 4.798686947940490209e+05 6.672559088467538822e+04 1.448376135956887993e+04 2.998915167927116272e+04 -2.249271509522588531e+03 9.613536241431185044e+05 2.080142744946152379e+05 3.033316004033153295e+05 -4.933715973007918365e+04 5.271789211212265218e+04 1.275576654884495656e+05 -1.239673839820982685e+05 -5.749780765357739256e+03
8.387753002708370332e+05 1.551267330292421102e+05 9.453074652665166650e+04 6.859560268061910756e+04 1.363428822959902755e+05 6.672559088467538822e+04 2.737106167181348428e+05 1.853277404141489387e+04 1.795421132420911454e+04 5.333577233280485962e+05 1.217474658819257049e+06 3.499455867469285149e+05 1.860966522306824918e+05 1.123175444044361357e+05 1.724196554140774533e+05 2.604828037103302267e+04 -8.414015168141766480e+03 3.918350785398484004e+04
2.648627322725911508e+05 2.959866532762270072e+05 -2.857692186064574344e+04 -3.857511281489781686e+04 1.382400421485003317e+05 1.448376135956887993e+04 1.853277404141489387e+04 2.266154950879871612e+05 2.954932523819806374e+04 -4.000113783516833209e+05 3.011512333230361110e+05 -4.289691323002080026e+04 2.778178612801715499e+05 2.646796363724981202e+05 9.881711300035742170e+04 2.187706831774967213e+04 -5.355370615271423958e+03 -5.477113314609757072e+04
-1.241951498459764844e+05 2.290546867304788902e+05 3.146082173372153557e+04 -1.692629363188761999e+04 5.716190972436780430e+04 2.998915167927116272e+04 1.795421132420911454e+04 2.954932523819806374e+04 1.053304124030905077e+05 9.492873593220511975e+04 8.209692563274579588e+05 3.245073893185658962e+05 1.565457488326163730e+05 -2.660274420857847144e+04 8.668761363767016519e+03 1.105930835857243219e+05 2.779008480289081945e+03 4.426599253466901428e+04
1.486903092311335169e+07 5.454526247976779938e+06 7.834008050125099253e+05 2.142688283813605376e+05 9.372683075774724130e+05 -2.249271509522588531e+03 5.333577233280485962e+05 -4.000113783516833209e+05 9.492873593220511975e+04 2.326922280328199267e+08 3.396754580428081751e+07 8.395014304513426498e+06 -7.628118396851480007e+06 4.604866709393593483e+06 2.846845407699344680e+06 1.926512521569556324e+06 1.356507998936478689e+05 -2.082346417041823501e+06
1.521422522846917436e+07 1.303052395087620243e+07 5.093187900180120952e+06 3.615290240249010734e+06 2.283770910721862223e+06 9.613536241431185044e+05 1.217474658819257049e+06 3.011512333230361110e+05 8.209692563274579588e+05 3.396754580428081751e+07 1.140839280237829983e+08 1.089639513212842122e+07 7.217201376937704626e+05 1.687221623728350503e+06 1.852283944032866275e+06 3.856048917061323766e+06 1.062325745050805155e+06 -4.042065777999217389e+05
4.929456925860203919e+05 3.537533854038240388e+06 3.193848669455143157e+06 7.432903850719959009e+05 8.830589772781773354e+04 2.080142744946152379e+05 3.499455867469285149e+05 -4.289691323002080026e+04 3.245073893185658962e+05 8.395014304513426498e+06 1.089639513212842122e+07 3.745199340940532088e+07 -2.788288922215174884e+06 4.685121796572484891e+05 2.202182718045681249e+06 2.802997615199672524e+06 1.094717001089592930e+06 6.837660687050125562e+05
2.344704380600460805e+06 -6.650315962016829872e+04 2.652240841517635272e+05 7.578364304364126874e+05 3.645791228780777310e+05 3.033316004033153295e+05 1.860966522306824918e+05 2.778178612801715499e+05 1.565457488326163730e+05 -7.628118396851480007e+06 7.217201376937704626e+05 -2.788288922215174884e+06 1.602684006184923090e+07 -6.575667672214546474e+05 -1.110128092540633632e+06 -3.148111730017076479e+05 -6.568507111688128207e+05 -9.257154272696153203e+04
2.671468371083073318e+06 5.081574297041366226e+05 -9.658129963231575675e+05 -3.621582004651820753e+05 1.298155839986527862e+05 -4.933715973007918365e+04 1.123175444044361357e+05 2.646796363724981202e+05 -2.660274420857847144e+04 4.604866709393593483e+06 1.687221623728350503e+06 4.685121796572484891e+05 -6.575667672214546474e+05 5.131648580242790282e+06 6.568294481737692840e+05 8.003500105244919541e+04 2.012299041680982918e+05 -3.794744927723945584e+05
1.110723312297085533e+06 1.227485076862818096e+05 7.104613405165264849e+05 -2.653395078888197313e+05 1.404568486479835701e+05 5.271789211212265218e+04 1.724196554140774533e+05 9.881711300035742170e+04 8.668761363767016519e+03 2.846845407699344680e+06 1.852283944032866275e+06 2.202182718045681249e+06 -1.110128092540633632e+06 6.568294481737692840e+05 3.092408311994661577e+06 5.992976877037538216e+05 4.570539194844234735e+05 1.419010662365472817e+05
1.965614843486887868e+06 1.103597907855100697e+06 8.595297311922009103e+05 9.398421655871965049e+04 2.272155142113017209e+05 1.275576654884495656e+05 2.604828037103302267e+04 2.187706831774967213e+04 1.105930835857243219e+05 1.926512521569556324e+06 3.856048917061323766e+06 2.802997615199672524e+06 -3.148111730017076479e+05 8.003500105244919541e+04 5.992976877037538216e+05 2.560125231512094848e+06 2.786681814980997005e+05 -9.769848332531881169e+04
-3.727925825476464233e+05 -9.493245363873218594e+03 2.050960160142715904e+05 -1.060067582623945636e+05 -7.302413409034690994e+04 -1.239673839820982685e+05 -8.414015168141766480e+03 -5.355370615271423958e+03 2.779008480289081945e+03 1.356507998936478689e+05 1.062325745050805155e+06 1.094717001089592930e+06 -6.568507111688128207e+05 2.012299041680982918e+05 4.570539194844234735e+05 2.786681814980997005e+05 6.524297799466637662e+05 1.122502495891666767e+05
-1.501438248107080348e+06 -6.653528296114542754e+05 6.631968045231945871e+04 -1.669088263294771896e+05 -9.441707023631541233e+04 -5.749780765357739256e+03 3.918350785398484004e+04 -5.477113314609757072e+04 4.426599253466901428e+04 -2.082346417041823501e+06 -4.042065777999217389e+05 6.837660687050125562e+05 -9.257154272696153203e+04 -3.794744927723945584e+05 1.419010662365472817e+05 -9.769848332531881169e+04 1.122502495891666767e+05 8.345428410967639647e+05
