# lambda=0.6181750834580337
6.116206690190465748e+07 -1.632194550571135478e+05 -1.443939419992724666e+06 3.919350764275791589e+05 -1.422066612710695947e+06 -3.565544392521731788e+05 -3.797747533780464437e+05 -6.126856600136968773e+05 -2.848248168303855928e+05 1.076250727178610861e+07 6.220411161401506513e+06 -7.253165827480569715e+05 1.493433556958599016e+06 1.843605650310384342e+06 5.853275893490813905e+05 -3.329007788208927377e+05 -1.297211386124407873e+06 -6.632489170186920092e+05
-1.632194550571135478e+05 1.855157382284364477e+07 -3.145719654014401021e+04 7.025410806207066344e+04 2.027797073234033887e+05 3.284905581892495393e+05 1.178686179978301079e+05 2.113919507288831228e+05 7.266587920189580473e+04 -1.341013674854257377e+06 4.241584462997792289e+06 -1.200216756129536079e+06 -8.424045220506374608e+04 -1.641208815876342996e+05 2.859247350794086815e+05 7.061759495396648708e+04 3.127946190808954416e+05 -1.852123848817379912e+05
-1.443939419992724666e+06 -3.145719654014401021e+04 5.148568309346657246e+06 7.397357674035150558e+05 5.453735226056716056e+04 3.099317153619417149e+04 2.464633557640982326e+04 1.291987529919709923e+05 6.195255782980147342e+04 2.243061522572971880e+06 2.730859729807143100e+06 9.650720745541952783e+05 6.889083015266794246e+05 -1.207798106020989071e+05 -3.806431628803737112e+05 4.426009410740044550e+05 1.463908295514711062e+05 1.156138454748170770e+05
3.919350764275791589e+05 7.025410806207066344e+04 7.397357674035150558e+05 2.911715329036941286e+06 6.401167927897017216e+04 7.215347190419782419e+04 8.266925554236315656e+04 6.322359318505579722e+04 9.851939411928456684e+04 5.942901646637523081e+05 1.168764255938540911e+06 -2.814237502054484794e+05 1.949109276070436463e+06 2.573072745981164044e+05 1.687428063503055018e+05 -5.725283687599121913e+04 -2.721338264318670263e+05 9.987243499585606332e+04
-1.422066612710695947e+06 2.027797073234033887e+05 5.453735226056716056e+04 6.401167927897017216e+04 6.818356515700045275e+05 6.191042100120618852e+04 2.825574166811285249e+04 5.996396811679540406e+04 4.990632759975843510e+04 9.548863458394388726e+04 -8.934202629778171831e+04 -1.481917961901379167e+05 -3.164781433395232889e+05 9.083153730615282257e+04 -1.969246382617399286e+04 -2.513611290115182419e+04 5.373784387607248937e+04 7.751893364996032324e+04
-3.565544392521731788e+05 3.284905581892495393e+05 3.099317153619417149e+04 7.215347190419782419e+04 6.191042100120618852e+04 2.723720547120845877e+05 5.968358686879871675e+04 3.313437403224419540e+04 1.015503819927767836e+04 3.872617249333786312e+05 -4.012872242985379125e+04 -2.529496436753511662e+05 1.374901268008930201e+05 1.262051929780806822e+05 -4.958512652648233052e+04 1.552874719145488780e+04 8.299084392141486751e+04 4.316106690083537615e+03
-3.797747533780464437e+05 1.178686179978301079e+05 2.464633557640982326e+04 8.266925554236315656e+04 2.825574166811285249e+04 5.968358686879871675e+04 3.396323233915276360e+05 3.508926517636515200e+04 1.044882914907034319e+04 -9.011623649515268626e+05 -6.369225007859080797e+05 -7.858841228196071461e+04 4.302091377521000104e+05 1.010205274288941146e+05 3.625920831409491075e+04 1.341215856490728911e+05 1.413136850729596335e+05 6.809460491300637659e+04
-6.126856600136968773e+05 2.113919507288831228e+05 1.291987529919709923e+05 6.322359318505579722e+04 5.996396811679540406e+04 3.313437403224419540e+04 3.508926517636515200e+04 2.332585103844889090e+05 4.536810412917120266e+04 -1.567766556492755422e+06 2.584998291944230004e+03 5.854662412190683244e+04 1.452556091578066480e+04 -2.583909471980419403e+04 -1.896036816297203768e+04 7.329248521333215467e+04 9.246754116749172681e+04 6.906012123611712013e+04
-2.848248168303855928e+05 7.266587920189580473e+04 6.195255782980147342e+04 9.851939411928456684e+04 4.990632759975843510e+04 1.015503819927767836e+04 1.044882914907034319e+04 4.536810412917120266e+04 1.449856845195914793e+05 -8.839641736176142003e+05 -3.954484213367013144e+05 -4.113962428916584759e+04 1.103459905722388794e+05 -2.708871724631887628e+04 6.658078204424519208e+04 1.536768646537458517e+04 2.252259872969358639e+03 2.255844559833079256e+04
1.076250727178610861e+07 -1.341013674854257377e+06 2.243061522572971880e+06 5.942901646637523081e+05 9.548863458394388726e+04 3.872617249333786312e+05 -9.011623649515268626e+05 -1.567766556492755422e+06 -8.839641736176142003e+05 3.144657134581928253e+08 2.991128650903533027e+07 -1.151973442919352558e+06 -4.676277888665453531e+06 3.412663951695428696e+06 -4.882496400402046740e+06 7.692997290861653164e+05 -8.326497958119740942e+05 -9.208422246913254494e+05
6.220411161401506513e+06 4.241584462997792289e+06 2.730859729807143100e+06 1.168764255938540911e+06 -8.934202629778171831e+04 -4.012872242985379125e+04 -6.369225007859080797e+05 2.584998291944230004e+03 -3.954484213367013144e+05 2.991128650903533027e+07 8.745773150579123199e+07 5.366127631423182786e+06 -5.755328347108983435e+06 -1.888903695412544766e+05 -2.575395056914227083e+06 2.436275038149437751e+05 -1.851665729304598062e+05 -2.833012320952248410e+05
-7.253165827480569715e+05 -1.200216756129536079e+06 9.650720745541952783e+05 -2.814237502054484794e+05 -1.481917961901379167e+05 -2.529496436753511662e+05 -7.858841228196071461e+04 5.854662412190683244e+04 -4.113962428916584759e+04 -1.151973442919352558e+06 5.366127631423182786e+06 2.942883942267435789e+07 1.997284764747317240e+05 -2.415238534482988063e+06 -3.374180812374083325e+05 7.816051289246624801e+05 4.501792866081646062e+05 -5.619168586059021764e+05
1.493433556958599016e+06 -8.424045220506374608e+04 6.889083015266794246e+05 1.949109276070436463e+06 -3.164781433395232889e+05 1.374901268008930201e+05 4.302091377521000104e+05 1.452556091578066480e+04 1.103459905722388794e+05 -4.676277888665453531e+06 -5.755328347108983435e+06 1.997284764747317240e+05 2.360507636392542720e+07 -1.278511711493830517e+05 1.023013096285971813e+06 1.078687222117500496e+05 -4.327070261623620172e+05 8.282723664136207663e+04
1.843605650310384342e+06 -1.641208815876342996e+05 -1.207798106020989071e+05 2.573072745981164044e+05 9.083153730615282257e+04 1.262051929780806822e+05 1.010205274288941146e+05 -2.583909471980419403e+04 -2.708871724631887628e+04 3.412663951695428696e+06 -1.888903695412544766e+05 -2.415238534482988063e+06 -1.278511711493830517e+05 4.363488284221443348e+06 5.840109332111137337e+04 -2.257012841078883212e+05 -1.426546053568928328e+05 1.810780386746691074e+05
5.853275893490813905e+05 2.859247350794086815e+05 -3.806431628803737112e+05 1.687428063503055018e+05 -1.969246382617399286e+04 -4.958512652648233052e+04 3.625920831409491075e+04 -1.896036816297203768e+04 6.658078204424519208e+04 -4.882496400402046740e+06 -2.575395056914227083e+06 -3.374180812374083325e+05 1.023013096285971813e+06 5.840109332111137337e+04 2.530820365694311913e+06 -2.255956037303756748e+05 -3.459234375054487609e+05 -1.468059373526773707e+05
-3.329007788208927377e+05 7.061759495396648708e+04 4.426009410740044550e+05 -5.725283687599121913e+04 -2.513611290115182419e+04 1.552874719145488780e+04 1.341215856490728911e+05 7.329248521333215467e+04 1.536768646537458517e+04 7.692997290861653164e+05 2.436275038149437751e+05 7.816051289246624801e+05 1.078687222117500496e+05 -2.257012841078883212e+05 -2.255956037303756748e+05 1.608604829214137746e+06 3.741922594548206544e+05 1.111299780354068644e+05
-1.297211386124407873e+06 3.127946190808954416e+05 1.463908295514711062e+05 -2.721338264318670263e+05 5.373784387607248937e+04 8.299084392141486751e+04 1.413136850729596335e+05 9.246754116749172681e+04 2.252259872969358639e+03 -8.326497958119740942e+05 -1.851665729304598062e+05 4.501792866081646062e+05 -4.327070261623620172e+05 -1.426546053568928328e+05 -3.459234375054487609e+05 3.741922594548206544e+05 1.505080019657890312e+06 8.098585450624804071e+04
-6.632489170186920092e+05 -1.852123848817379912e+05 1.156138454748170770e+05 9.987243499585606332e+04 7.751893364996032324e+04 4.316106690083537615e+03 6.809460491300637659e+04 6.906012123611712013e+04 2.255844559833079256e+04 -9.208422246913254494e+05 -2.833012320952248410e+05 -5.619168586059021764e+05 8.282723664136207663e+04 1.810780386746691074e+05 -1.468059373526773707e+05 1.111299780354068644e+05 8.098585450624804071e+04 7.653853372788910056e+05
