# lambda=0.9273489349845567
3.224616776146940142e+07 -3.618273458030415350e+05 1.144653596237246093e+05 2.692310013306274777e+05 1.071730298498737830e+05 -7.428991766590824409e+04 -3.360502871740667615e+04 -5.913320615985253971e+04 1.445769245069898170e+04 4.038517183853020542e+05 -4.897524585968134343e+05 -2.854613009906287189e+05 1.835106937568599242e+05 5.430953544653356075e+05 1.221740269612836419e+05 1.818706349735280091e+05 -5.251065394116224343e+04 9.741834144900228421e+04
-3.618273458030415350e+05 2.550271693383583426e+07 2.671644606280827793e+04 -1.089391869763747491e+04 -5.615803806774327677e+04 -5.466076042788221821e+04 3.327581931625324796e+04 2.464169889729574425e+04 -1.153983794295384723e+04 1.384468659989148146e+06 2.076475840934419073e+06 4.512558580158817931e+05 4.699384408656161395e+05 -9.232596634527118294e+04 2.686415245820666314e+05 1.754763093314284633e+05 1.395214744170992053e+05 5.128546200286251405e+04
1.144653596237246093e+05 2.671644606280827793e+04 4.444708429442793131e+06 8.404256227131701598e+04 -3.898426072292658500e+04 2.352093672690983658e+04 -4.571149638768012665e+03 -1.266524895864106293e+04 -4.220389172301460349e+03 3.378075280415069428e+05 -4.437118287072345265e+04 1.961268997526051244e+05 2.804744320287893061e+04 -1.231599306413487648e+05 -1.463821500685337378e+04 -4.395456662489069276e+04 -2.298492925075388484e+04 -2.736575878690273385e+03
2.692310013306274777e+05 -1.089391869763747491e+04 8.404256227131701598e+04 3.557488033327421639e+06 3.433021929838262440e+04 1.005400764393241661e+04 -7.527976194331609804e+03 -1.303872538064177570e+04 9.235158003523863954e+03 -2.340367649920644471e+05 -1.977081533379061730e+05 -1.626776971894212184e+05 2.905211220727029722e+05 1.026189353866909951e+05 6.636293436825578101e+04 9.968869307470104832e+04 3.606314378750177184e+03 5.155257026423742354e+04
1.071730298498737830e+05 -5.615803806774327677e+04 -3.898426072292658500e+04 3.433021929838262440e+04 9.388465905987861333e+05 3.416655132250145016e+03 -9.108583394720557408e+03 3.724436031085081140e+03 -3.132428306984209485e+03 1.931846727289112459e+05 3.019915527149259560e+03 -4.076573564304651518e+04 1.153675176360413025e+04 1.052400876293820038e+05 1.737295444799047254e+04 -2.841436387514359922e+03 1.672013535131779236e+03 1.873841765690596731e+04
-7.428991766590824409e+04 -5.466076042788221821e+04 2.352093672690983658e+04 1.005400764393241661e+04 3.416655132250145016e+03 7.087307649412823375e+05 3.595559758734722891e+03 -2.849817086274066469e+02 -1.654758820486143804e+03 -2.266679810364140722e+05 -2.757433767913105112e+04 6.867200370141414169e+04 -1.618035966277561556e+03 -1.884822242293495583e+04 -4.549923082999311737e+04 -7.751067930018401967e+03 1.155907257987490812e+04 -2.762192454131849217e+02
-3.360502871740667615e+04 3.327581931625324796e+04 -4.571149638768012665e+03 -7.527976194331609804e+03 -9.108583394720557408e+03 3.595559758734722891e+03 1.492180645836516051e+05 1.110325864322713187e+03 2.831664386642950376e+03 1.095605568749329832e+05 -3.485288051486909535e+04 -3.104675419983378015e+04 -6.783351458267575254e+03 -7.066456558532338931e+03 2.322050627396103664e+03 3.228514135550648916e+03 6.983857033390785546e+03 2.900260270397601744e+03
-5.913320615985253971e+04 2.464169889729574425e+04 -1.266524895864106293e+04 -1.303872538064177570e+04 3.724436031085081140e+03 -2.849817086274066469e+02 1.110325864322713187e+03 1.510338354674154252e+05 1.164811347140491989e+03 8.318778383930781274e+04 6.679071006762303296e+04 4.642131015908348672e+03 -4.716180710934814670e+03 -2.687363955541250471e+04 1.291048514001392323e+04 -1.624107542033390382e+04 1.267381362798771534e+03 -2.065409452567323115e+03
1.445769245069898170e+04 -1.153983794295384723e+04 -4.220389172301460349e+03 9.235158003523863954e+03 -3.132428306984209485e+03 -1.654758820486143804e+03 2.831664386642950376e+03 1.164811347140491989e+03 6.290143008244878729e+04 6.479788279585325654e+04 -7.430294455029990058e+04 -4.302706450317338022e+04 1.298537750970041270e+04 1.004162836075258565e+04 3.708621947716711929e+03 9.370643284402018480e+02 -6.060764503108699500e+03 4.034511714365385728e+02
4.038517183853020542e+05 1.384468659989148146e+06 3.378075280415069428e+05 -2.340367649920644471e+05 1.931846727289112459e+05 -2.266679810364140722e+05 1.095605568749329832e+05 8.318778383930781274e+04 6.479788279585325654e+04 2.535762426326834559e+08 1.891543304330457002e+06 -1.372250823946339078e+06 -1.073893816633100214e+05 8.177640096939699724e+05 1.537792550566364953e+05 -2.844940562869427959e+05 -8.306535297306469874e+04 -2.489653564477165492e+04
-4.897524585968134343e+05 2.076475840934419073e+06 -4.437118287072345265e+04 -1.977081533379061730e+05 3.019915527149259560e+03 -2.757433767913105112e+04 -3.485288051486909535e+04 6.679071006762303296e+04 -7.430294455029990058e+04 1.891543304330457002e+06 1.247844353402664661e+08 2.475755702900585718e+06 -3.476271782571286312e+05 -6.977533385452519869e+05 1.882188805736241629e+05 -1.174874640970603068e+05 1.457667745321072871e+05 1.015083199754580855e+05
-2.854613009906287189e+05 4.512558580158817931e+05 1.961268997526051244e+05 -1.626776971894212184e+05 -4.076573564304651518e+04 6.867200370141414169e+04 -3.104675419983378015e+04 4.642131015908348672e+03 -4.302706450317338022e+04 -1.372250823946339078e+06 2.475755702900585718e+06 3.960823460956916958e+07 -8.964321890321382671e+04 -3.562638474101611646e+05 -2.555071637272090811e+03 -2.208305145066068799e+05 4.347511114846796409e+04 1.410252413033546763e+05
1.835106937568599242e+05 4.699384408656161395e+05 2.804744320287893061e+04 2.905211220727029722e+05 1.153675176360413025e+04 -1.618035966277561556e+03 -6.783351458267575254e+03 -4.716180710934814670e+03 1.298537750970041270e+04 -1.073893816633100214e+05 -3.476271782571286312e+05 -8.964321890321382671e+04 1.257946713506561704e+07 2.024801402749656118e+05 1.368691212569120689e+05 1.788018946407141339e+05 8.673038369594825781e+04 4.647192649201220775e+04
5.430953544653356075e+05 -9.232596634527118294e+04 -1.231599306413487648e+05 1.026189353866909951e+05 1.052400876293820038e+05 -1.884822242293495583e+04 -7.066456558532338931e+03 -2.687363955541250471e+04 1.004162836075258565e+04 8.177640096939699724e+05 -6.977533385452519869e+05 -3.562638474101611646e+05 2.024801402749656118e+05 9.866481432196559384e+06 7.105960187517467421e+04 1.070033181913893350e+05 -3.138928501755460820e+04 3.077524235932025476e+04
1.221740269612836419e+05 2.686415245820666314e+05 -1.463821500685337378e+04 6.636293436825578101e+04 1.737295444799047254e+04 -4.549923082999311737e+04 2.322050627396103664e+03 1.291048514001392323e+04 3.708621947716711929e+03 1.537792550566364953e+05 1.882188805736241629e+05 -2.555071637272090811e+03 1.368691212569120689e+05 7.105960187517467421e+04 2.446869352648918051e+06 5.525760433630332409e+04 1.696108013645638493e+04 3.917789810685018892e+04
1.818706349735280091e+05 1.754763093314284633e+05 -4.395456662489069276e+04 9.968869307470104832e+04 -2.841436387514359922e+03 -7.751067930018401967e+03 3.228514135550648916e+03 -1.624107542033390382e+04 9.370643284402018480e+02 -2.844940562869427959e+05 -1.174874640970603068e+05 -2.208305145066068799e+05 1.788018946407141339e+05 1.070033181913893350e+05 5.525760433630332409e+04 2.414782201642740052e+06 3.829009239636976417e+04 2.990380668967511883e+04
-5.251065394116224343e+04 1.395214744170992053e+05 -2.298492925075388484e+04 3.606314378750177184e+03 1.672013535131779236e+03 1.155907257987490812e+04 6.983857033390785546e+03 1.267381362798771534e+03 -6.060764503108699500e+03 -8.306535297306469874e+04 1.457667745321072871e+05 4.347511114846796409e+04 8.673038369594825781e+04 -3.138928501755460820e+04 1.696108013645638493e+04 3.829009239636976417e+04 8.331938768534783740e+05 2.245441252420341698e+04
9.741834144900228421e+04 5.128546200286251405e+04 -2.736575878690273385e+03 5.155257026423742354e+04 1.873841765690596731e+04 -2.762192454131849217e+02 2.900260270397601744e+03 -2.065409452567323115e+03 4.034511714365385728e+02 -2.489653564477165492e+04 1.015083199754580855e+05 1.410252413033546763e+05 4.647192649201220775e+04 3.077524235932025476e+04 3.917789810685018892e+04 2.990380668967511883e+04 2.245441252420341698e+04 7.005256901168160839e+05
