# lambda=0.8088271107706271
3.064498474079243094e+07 1.070666084782873979e+06 -9.849896239810872357e+05 -2.364803017518985434e+05 2.683982575217938283e+05 7.564759103259888070e+04 1.271013339027241891e+05 1.075596257683809818e+05 1.270719428402115409e+04 1.858599305598281091e+06 -3.222792668976066052e+05 -1.224095909483241616e+06 4.508879770250504371e+05 -1.435488910044277145e+05 5.518245863411329919e+05 1.537129844537163444e+05 3.722034917901575100e+05 -1.868353697225393989e+04
1.070666084782873979e+06 1.570134381033138931e+07 6.455795592438200256e+05 5.211348761828966090e+05 1.132592919298640045e+05 -9.825130624526145402e+04 1.172438255878570490e+05 1.203524569672412181e+05 5.621856877964620071e+04 2.434509095397452358e+06 -1.210061973930341890e+06 2.322535114655915822e+05 1.245624415937842277e+05 7.274170951707153290e+04 -3.681548785245024919e+04 1.101062722386539244e+05 2.051275225067142164e+05 1.096980055549521639e+05
-9.849896239810872357e+05 6.455795592438200256e+05 8.855256918325204402e+06 4.190787777198074618e+05 2.066170418694801047e+05 7.710572610404447187e+04 2.772414872510350688e+04 -2.917461099852876214e+04 4.774221238535102020e+04 2.393687290967677254e+06 -5.481830413080863655e+05 2.214455685814162716e+06 -1.227650356156222406e+05 3.039765010481173886e+04 -2.245534417085523455e+04 3.141549377020163229e+04 -2.021411603764619795e+05 2.242808707493987749e+05
-2.364803017518985434e+05 5.211348761828966090e+05 4.190787777198074618e+05 2.844584503476692829e+06 8.544114278445285163e+04 3.445627097433171002e+04 4.233602825002640748e+04 2.851004326268162004e+03 1.819863269939994279e+04 -1.310449150774796493e+06 -1.010268689392102417e+06 2.643545749394167797e+05 3.657356265207824763e+05 1.208220826589009666e+05 2.481897525461033365e+04 9.068819840587791987e+04 -7.728019478620514747e+03 -8.918760585492025712e+03
2.683982575217938283e+05 1.132592919298640045e+05 2.066170418694801047e+05 8.544114278445285163e+04 9.769755818435363472e+05 2.639031659822545043e+04 2.616969866613816339e+04 -1.494669173296491317e+04 1.802147305426389039e+03 -2.601877051292733231e+05 -4.146910697896777419e+05 2.562709806166818889e+05 1.103722692823339748e+05 1.597531600712066574e+05 6.963455885050636425e+04 2.580185945780750262e+04 -8.169280586363094335e+04 4.055383052601561212e+04
7.564759103259888070e+04 -9.825130624526145402e+04 7.710572610404447187e+04 3.445627097433171002e+04 2.639031659822545043e+04 5.218461903845036286e+05 1.050040117241943153e+04 -3.670307951238298756e+03 1.082442162803215615e+04 -5.010137416811827570e+05 3.625416526207013521e+05 1.013344713072222366e+05 -3.239861245195975062e+04 1.395013515364953855e+04 5.058227274899635813e+04 2.356076793345095939e+04 -5.338516682487355865e+03 -2.883002863612956207e+04
1.271013339027241891e+05 1.172438255878570490e+05 2.772414872510350688e+04 4.233602825002640748e+04 2.616969866613816339e+04 1.050040117241943153e+04 3.606506359905780992e+05 1.061572645023068799e+04 9.636301864372664568e+03 -4.221458257253001211e+05 -1.374227775704768719e+05 -1.829664234216855257e+05 1.177967332790570363e+05 -4.345016500634430486e+03 1.895767404558610360e+04 4.784851061506217229e+04 -1.143299596107114485e+04 1.158032991699697413e+04
1.075596257683809818e+05 1.203524569672412181e+05 -2.917461099852876214e+04 2.851004326268162004e+03 -1.494669173296491317e+04 -3.670307951238298756e+03 1.061572645023068799e+04 1.427913337040788028e+05 8.703760945248675853e+03 -2.038205597908443888e+05 -4.987800073689275564e+02 -8.846110697626728506e+04 -5.196537527084307658e+04 -6.224923788753890221e+03 8.932298837955477211e+03 2.243700170203231391e+04 2.841500619735062719e+04 -2.128869175007952799e+04
1.270719428402115409e+04 5.621856877964620071e+04 4.774221238535102020e+04 1.819863269939994279e+04 1.802147305426389039e+03 1.082442162803215615e+04 9.636301864372664568e+03 8.703760945248675853e+03 6.349685792320837936e+04 -4.729535327185694041e+04 5.159696465439302847e+04 8.283350772914741538e+04 -2.051287920691505860e+04 -1.054013469840682956e+04 1.224261182059157727e+04 2.473588041405320837e+04 -5.321274258202573037e+03 -6.840524571186779212e+03
1.858599305598281091e+06 2.434509095397452358e+06 2.393687290967677254e+06 -1.310449150774796493e+06 -2.601877051292733231e+05 -5.010137416811827570e+05 -4.221458257253001211e+05 -2.038205597908443888e+05 -4.729535327185694041e+04 3.689310596049566269e+08 8.210059511241935194e+06 7.106455299439167604e+06 2.599619874381693080e+06 -2.998752675674337428e+06 -7.821458615541575709e+05 -1.431825772485983034e+05 -3.844968439022512757e+05 1.068927496294675628e+06
-3.222792668976066052e+05 -1.210061973930341890e+06 -5.481830413080863655e+05 -1.010268689392102417e+06 -4.146910697896777419e+05 3.625416526207013521e+05 -1.374227775704768719e+05 -4.987800073689275564e+02 5.159696465439302847e+04 8.210059511241935194e+06 7.620556125703269243e+07 1.154030879138356540e+06 -8.664560814017874654e+05 2.891765196344621363e+05 -2.310579924956737959e+05 5.677117234830105444e+05 6.410727995020423259e+04 4.775979040309260017e+04
-1.224095909483241616e+06 2.322535114655915822e+05 2.214455685814162716e+06 2.643545749394167797e+05 2.562709806166818889e+05 1.013344713072222366e+05 -1.829664234216855257e+05 -8.846110697626728506e+04 8.283350772914741538e+04 7.106455299439167604e+06 1.154030879138356540e+06 3.915932863169395924e+07 -2.732533120766771608e+05 -1.008575479068336572e+05 3.432233849727434426e+04 1.454593301651214133e+05 -6.863426190771530673e+04 4.508174933553548180e+05
4.508879770250504371e+05 1.245624415937842277e+05 -1.227650356156222406e+05 3.657356265207824763e+05 1.103722692823339748e+05 -3.239861245195975062e+04 1.177967332790570363e+05 -5.196537527084307658e+04 -2.051287920691505860e+04 2.599619874381693080e+06 -8.664560814017874654e+05 -2.732533120766771608e+05 9.805071839602002874e+06 3.287603548471227987e+05 1.572038703407894936e+05 1.218856759258454840e+05 -7.308877308308445208e+04 3.155239540171456247e+04
-1.435488910044277145e+05 7.274170951707153290e+04 3.039765010481173886e+04 1.208220826589009666e+05 1.597531600712066574e+05 1.395013515364953855e+04 -4.345016500634430486e+03 -6.224923788753890221e+03 -1.054013469840682956e+04 -2.998752675674337428e+06 2.891765196344621363e+05 -1.008575479068336572e+05 3.287603548471227987e+05 4.620103881431215443e+06 2.689395554783580592e+05 1.048451290709508321e+05 -2.217479153906487045e+04 1.355866350624439656e+04
5.518245863411329919e+05 -3.681548785245024919e+04 -2.245534417085523455e+04 2.481897525461033365e+04 6.963455885050636425e+04 5.058227274899635813e+04 1.895767404558610360e+04 8.932298837955477211e+03 1.224261182059157727e+04 -7.821458615541575709e+05 -2.310579924956737959e+05 3.432233849727434426e+04 1.572038703407894936e+05 2.689395554783580592e+05 2.186798621668485459e+06 1.191901980844912177e+05 -1.343355527093619457e+04 -5.267048177482313622e+04
1.537129844537163444e+05 1.101062722386539244e+05 3.141549377020163229e+04 9.068819840587791987e+04 2.580185945780750262e+04 2.356076793345095939e+04 4.784851061506217229e+04 2.243700170203231391e+04 2.473588041405320837e+04 -1.431825772485983034e+05 5.677117234830105444e+05 1.454593301651214133e+05 1.218856759258454840e+05 1.048451290709508321e+05 1.191901980844912177e+05 1.547430344885357888e+06 4.447683065625301242e+04 2.268699960310077586e+04
3.722034917901575100e+05 2.051275225067142164e+05 -2.021411603764619795e+05 -7.728019478620514747e+03 -8.169280586363094335e+04 -5.338516682487355865e+03 -1.143299596107114485e+04 2.841500619735062719e+04 -5.321274258202573037e+03 -3.844968439022512757e+05 6.410727995020423259e+04 -6.863426190771530673e+04 -7.308877308308445208e+04 -2.217479153906487045e+04 -1.343355527093619457e+04 4.447683065625301242e+04 1.136064340006605024e+06 2.276417731578100938e+04
-1.868353697225393989e+04 1.096980055549521639e+05 2.242808707493987749e+05 -8.918760585492025712e+03 4.055383052601561212e+04 -2.883002863612956207e+04 1.158032991699697413e+04 -2.128869175007952799e+04 -6.840524571186779212e+03 1.068927496294675628e+06 4.775979040309260017e+04 4.508174933553548180e+05 3.155239540171456247e+04 1.355866350624439656e+04 -5.267048177482313622e+04 2.268699960310077586e+04 2.276417731578100938e+04 7.317115915546510369e+05
