# lambda=0.9592364604962066
4.969395170458364487e+07 -2.251283586626065371e+05 -1.369448095430330432e+05 -3.736795130655815592e+04 3.386218653039163473e+04 -9.594160262305231299e+03 -2.546929060434631538e+04 1.520559092795759716e+04 -6.260616276725207172e+03 2.290510411636936478e+06 -2.382490705372518278e+04 -6.658403298931340687e+05 -2.262363182361059007e+05 -2.313282072004829824e+05 -6.335668743456482161e+02 1.501154635973291297e+05 -1.297462106623068685e+05 -8.469928436048659205e+04
-2.251283586626065371e+05 1.545807368940020166e+07 1.074241208641996636e+05 -5.967185944025396020e+04 -2.617920915315579623e+04 3.612347133745413157e+04 1.009869609912370470e+04 -2.270346275493576832e+04 -7.677835157614669697e+03 1.961712286211896862e+05 -2.215378009301415004e+05 1.415592446883672092e+05 -1.225669240400105264e+04 7.954920522831434027e+03 6.889924933319746924e+04 1.394975471227290691e+05 4.190033699307917414e+04 1.941631737129853718e+04
-1.369448095430330432e+05 1.074241208641996636e+05 5.561757365856767632e+06 7.753904459295740526e+04 2.400924844951177147e+04 2.099135038697515847e+04 8.348234205830260180e+03 1.329040495006936180e+04 7.595761109068297628e+03 3.016856102807259231e+04 -7.807186429685134499e+04 3.111273159685778082e+05 8.730764545707800426e+04 5.943886745152364892e+04 2.032594916736371670e+04 3.059197693072481343e+03 2.214738266597121037e+04 1.602249329796995335e+04
-3.736795130655815592e+04 -5.967185944025396020e+04 7.753904459295740526e+04 2.394457461522626691e+06 1.914693950669645346e+04 -9.296640225707264108e+03 -1.292933989473517613e+03 1.137098724472169488e+04 2.674314209585581466e+03 5.666192355259710894e+04 7.848437312790131546e+04 1.148958536543279915e+05 9.512630379433563212e+04 4.042731454549207410e+04 1.213292833422334843e+04 -3.651594963798808021e+04 1.595671097741202630e+03 -5.812088623092881789e+03
3.386218653039163473e+04 -2.617920915315579623e+04 2.400924844951177147e+04 1.914693950669645346e+04 1.401386038001846056e+06 -2.319971527258428523e+03 3.187999325544478779e+03 2.711430491043933216e+03 -1.057094685359450295e+03 -1.087078485735166614e+05 4.637701367613192269e+04 -9.737280981404606791e+03 -4.708514483512606967e+04 6.059163753132785496e+04 -9.834801092696148771e+03 -3.122176269439207681e+04 7.868727107829967281e+03 6.851727639516259842e+03
-9.594160262305231299e+03 3.612347133745413157e+04 2.099135038697515847e+04 -9.296640225707264108e+03 -2.319971527258428523e+03 4.881675392435419490e+05 4.976671536309834664e+03 4.175647153833743687e+03 5.646758109500987302e+03 2.009103067771801216e+04 -9.746530369928754226e+04 1.048085618719067133e+04 5.246765041427049255e+03 -2.179267232626656551e+04 1.197376349619859138e+04 1.302511235085336921e+04 -2.200654357801231527e+03 1.293992187364276106e+03
-2.546929060434631538e+04 1.009869609912370470e+04 8.348234205830260180e+03 -1.292933989473517613e+03 3.187999325544478779e+03 4.976671536309834664e+03 2.673670834143740358e+05 2.952567646968784175e+03 8.050831359959287283e+02 -8.749541064175673819e+04 -6.340904175845785358e+04 -5.875990790085033223e+04 2.266903888504537827e+04 1.371358634035613250e+04 -1.167900137159009773e+03 -4.548766722538852264e+03 -1.143205682400834803e+03 4.422248147118283669e+03
1.520559092795759716e+04 -2.270346275493576832e+04 1.329040495006936180e+04 1.137098724472169488e+04 2.711430491043933216e+03 4.175647153833743687e+03 2.952567646968784175e+03 1.841113796736781369e+05 3.594852995578448827e+03 3.696013836068633827e+04 -2.101357222146556887e+04 1.299553031372263285e+04 1.171543857939361988e+04 -8.313631022074254361e+03 1.312396441622228849e+04 -2.987826398996862736e+03 -3.017821207334333849e+03 5.037088756744495868e+02
-6.260616276725207172e+03 -7.677835157614669697e+03 7.595761109068297628e+03 2.674314209585581466e+03 -1.057094685359450295e+03 5.646758109500987302e+03 8.050831359959287283e+02 3.594852995578448827e+03 1.192972095306250849e+05 1.673718409765985416e+04 -7.878415237433638140e+03 7.159641397362597672e+03 -4.127130286615508339e+03 -1.470128291565052314e+04 6.889745010100416948e+03 5.039223978616143540e+03 -9.991276477995604921e+00 1.136772892532582546e+03
2.290510411636936478e+06 1.961712286211896862e+05 3.016856102807259231e+04 5.666192355259710894e+04 -1.087078485735166614e+05 2.009103067771801216e+04 -8.749541064175673819e+04 3.696013836068633827e+04 1.673718409765985416e+04 2.821997209742984772e+08 -3.510191820050795213e+05 -5.405457568679536926e+05 -4.954813520866432809e+05 -2.497659056546603970e+05 2.650213661773314234e+05 3.581505254292727332e+05 1.009649883511816442e+05 -1.750400154990370211e+05
-2.382490705372518278e+04 -2.215378009301415004e+05 -7.807186429685134499e+04 7.848437312790131546e+04 4.637701367613192269e+04 -9.746530369928754226e+04 -6.340904175845785358e+04 -2.101357222146556887e+04 -7.878415237433638140e+03 -3.510191820050795213e+05 5.465520038703314215e+07 8.025043912171832926e+04 -1.974032742814402445e+05 6.196725293268688984e+04 -1.304952381435302777e+04 1.871741149981872150e+04 3.406512575729813761e+03 -3.468984915390219248e+04
-6.658403298931340687e+05 1.415592446883672092e+05 3.111273159685778082e+05 1.148958536543279915e+05 -9.737280981404606791e+03 1.048085618719067133e+04 -5.875990790085033223e+04 1.299553031372263285e+04 7.159641397362597672e+03 -5.405457568679536926e+05 8.025043912171832926e+04 5.028324886389654130e+07 1.448223164109147328e+05 -1.838007666046146478e+05 5.914179115840791201e+04 -2.311596915915340560e+03 3.672832367497140513e+04 2.657136509948347157e+04
-2.262363182361059007e+05 -1.225669240400105264e+04 8.730764545707800426e+04 9.512630379433563212e+04 -4.708514483512606967e+04 5.246765041427049255e+03 2.266903888504537827e+04 1.171543857939361988e+04 -4.127130286615508339e+03 -4.954813520866432809e+05 -1.974032742814402445e+05 1.448223164109147328e+05 9.519277270132761449e+06 -2.109782016985039263e+03 4.661001076344420289e+04 -2.317255372705005357e+04 -3.071415722943998844e+04 -5.503211388065134088e+03
-2.313282072004829824e+05 7.954920522831434027e+03 5.943886745152364892e+04 4.042731454549207410e+04 6.059163753132785496e+04 -2.179267232626656551e+04 1.371358634035613250e+04 -8.313631022074254361e+03 -1.470128291565052314e+04 -2.497659056546603970e+05 6.196725293268688984e+04 -1.838007666046146478e+05 -2.109782016985039263e+03 8.170282780781817622e+06 1.659780343044353504e+04 -6.763741061015991727e+04 3.472827616717055935e+04 1.405421798000651688e+04
-6.335668743456482161e+02 6.889924933319746924e+04 2.032594916736371670e+04 1.213292833422334843e+04 -9.834801092696148771e+03 1.197376349619859138e+04 -1.167900137159009773e+03 1.312396441622228849e+04 6.889745010100416948e+03 2.650213661773314234e+05 -1.304952381435302777e+04 5.914179115840791201e+04 4.661001076344420289e+04 1.659780343044353504e+04 3.954987966307620984e+06 5.944524960433841625e+04 -3.402348485005000839e+03 6.206971242439060916e+03
1.501154635973291297e+05 1.394975471227290691e+05 3.059197693072481343e+03 -3.651594963798808021e+04 -3.122176269439207681e+04 1.302511235085336921e+04 -4.548766722538852264e+03 -2.987826398996862736e+03 5.039223978616143540e+03 3.581505254292727332e+05 1.871741149981872150e+04 -2.311596915915340560e+03 -2.317255372705005357e+04 -6.763741061015991727e+04 5.944524960433841625e+04 2.831431090990170371e+06 -1.493817822588958961e+03 -2.256250957293536430e+03
-1.297462106623068685e+05 4.190033699307917414e+04 2.214738266597121037e+04 1.595671097741202630e+03 7.868727107829967281e+03 -2.200654357801231527e+03 -1.143205682400834803e+03 -3.017821207334333849e+03 -9.991276477995604921e+00 1.009649883511816442e+05 3.406512575729813761e+03 3.672832367497140513e+04 -3.071415722943998844e+04 3.472827616717055935e+04 -3.402348485005000839e+03 -1.493817822588958961e+03 9.451247024771011202e+05 1.500110720753795431e+04
-8.469928436048659205e+04 1.941631737129853718e+04 1.602249329796995335e+04 -5.812088623092881789e+03 6.851727639516259842e+03 1.293992187364276106e+03 4.422248147118283669e+03 5.037088756744495868e+02 1.136772892532582546e+03 -1.750400154990370211e+05 -3.468984915390219248e+04 2.657136509948347157e+04 -5.503211388065134088e+03 1.405421798000651688e+04 6.206971242439060916e+03 -2.256250957293536430e+03 1.500110720753795431e+04 4.004430378633853397e+05
