# lambda=0.42467471521498035
4.396995923149106652e+07 -3.496402019751063548e+06 -1.000036447548875702e+06 4.498251421766310232e+05 3.282992618087559822e+05 3.873376896058979037e+04 -2.226692093033920974e+05 8.934873509424063377e+04 3.302546127998096053e+05 3.467860744700546563e+07 -4.689577164421971887e+06 -3.546596550261832308e+06 -4.844539385826185753e+04 7.981505776605545543e+04 -8.497752903009164147e+05 5.859067487864032155e+05 1.236714885873121675e+05 4.372308203170849010e+05
-3.496402019751063548e+06 1.937231876707307622e+07 1.304490896593831276e+05 -9.177649384908213979e+05 3.182182902840960887e+05 -4.046567520204914035e+05 3.044180296275644796e+05 3.009716249633269617e+05 -2.963564961571433814e+05 4.903811488623016514e+06 4.379622347199003212e+06 -1.799608009735164000e+06 -3.521955940806733444e+06 -3.459046393734741956e+06 -1.427964989801052725e+06 2.973476491985723842e+05 -5.921279352964281570e+05 -1.100935311860954156e+06
-1.000036447548875702e+06 1.304490896593831276e+05 3.801041141801989637e+06 5.209053820114873815e+05 4.212590216526649310e+05 -2.798612191688241437e+05 1.378924705934278027e+05 -8.463335434459192038e+04 -2.539958565874888154e+04 -3.575302881325816736e+06 7.387298659488377161e+05 8.278033617653928231e+05 1.306912349478633609e+06 3.720937197344668093e+05 -1.138088721778548555e+06 -4.226531343142154219e+04 -7.747555418013232156e+03 -2.279886283000184048e+05
4.498251421766310232e+05 -9.177649384908213979e+05 5.209053820114873815e+05 2.284566173117171973e+06 5.689495442792690301e+04 -2.647232650082791588e+04 9.288105743814895686e+04 -1.091921261188798235e+05 7.011447236155779683e+04 -4.541426927555593662e+06 -1.547571743914350169e+06 3.312424722262544674e+05 1.096696552711113356e+06 1.029583586204394960e+05 -1.585766137127337570e+05 8.999998082501516910e+04 -1.155069804854374343e+04 1.827054468527672288e+05
3.282992618087559822e+05 3.182182902840960887e+05 4.212590216526649310e+05 5.689495442792690301e+04 9.155934591951158363e+05 -5.155349622545351303e+04 3.019278104387912390e+04 -8.477597101699944687e+03 1.610285526738503904e+04 3.820297254694225267e+05 -1.687489278993792133e+06 -1.354091289187480230e+06 6.871567487409104360e+05 2.981088390985632432e+05 7.725963464396395466e+03 -9.132696446682559326e+04 1.403418370770996262e+05 5.726885392243491515e+04
3.873376896058979037e+04 -4.046567520204914035e+05 -2.798612191688241437e+05 -2.647232650082791588e+04 -5.155349622545351303e+04 6.717403736166968010e+05 -7.385310878930642502e+03 -7.235239810083601697e+03 1.935603218134866984e+04 -4.739763879493815475e+05 1.311500532796505140e+05 6.315092363178110681e+05 3.853498109485613531e+05 3.309427144783711992e+05 6.313020492453305051e+05 -9.930019924862717744e+04 -6.508057868784148741e+04 -3.395702224977328297e+04
-2.226692093033920974e+05 3.044180296275644796e+05 1.378924705934278027e+05 9.288105743814895686e+04 3.019278104387912390e+04 -7.385310878930642502e+03 2.941223939188236254e+05 2.021825696717656319e+04 1.442147459224521845e+04 -1.813356352493714774e+06 -6.885079814173227642e+05 -2.027815628798483522e+05 -2.856124851429927730e+04 9.034035187941022741e+04 -1.319628923530835891e+05 1.104401955881015310e+05 -2.946525183148482392e+04 -6.836987657608320296e+04
8.934873509424063377e+04 3.009716249633269617e+05 -8.463335434459192038e+04 -1.091921261188798235e+05 -8.477597101699944687e+03 -7.235239810083601697e+03 2.021825696717656319e+04 1.046763649988613615e+05 -2.251395011317906756e+04 4.919187401078407129e+04 -7.880578983144517406e+04 -2.901526674262034794e+04 -2.815027358950274647e+05 -1.026649372201336373e+05 -4.533264590692654747e+04 8.366987221287958164e+03 -3.619091499835457944e+04 -9.176559362971285009e+04
3.302546127998096053e+05 -2.963564961571433814e+05 -2.539958565874888154e+04 7.011447236155779683e+04 1.610285526738503904e+04 1.935603218134866984e+04 1.442147459224521845e+04 -2.251395011317906756e+04 1.327886504086451605e+05 -9.935093199544752715e+05 -7.620327645382696064e+05 -1.468919315669435891e+05 2.089328172260487918e+05 2.006960005473326601e+05 8.246923051849109470e+04 -5.528626436550170183e+04 1.644912022404720483e+04 5.246349758118961472e+04
3.467860744700546563e+07 4.903811488623016514e+06 -3.575302881325816736e+06 -4.541426927555593662e+06 3.820297254694225267e+05 -4.739763879493815475e+05 -1.813356352493714774e+06 4.919187401078407129e+04 -9.935093199544752715e+05 2.983108118916077614e+08 1.960247568432334810e+07 -6.794879138558625244e+06 -3.878504071016631089e+06 -6.277889263235999271e+06 2.383255186054180740e+04 -3.785799458531468408e+05 9.463634942661508685e+05 1.141850091894104145e+06
-4.689577164421971887e+06 4.379622347199003212e+06 7.387298659488377161e+05 -1.547571743914350169e+06 -1.687489278993792133e+06 1.311500532796505140e+05 -6.885079814173227642e+05 -7.880578983144517406e+04 -7.620327645382696064e+05 1.960247568432334810e+07 4.701862566958165169e+07 7.761885553849797696e+06 -3.682257191561127082e+06 -5.629455855349669233e+06 -1.079543491069138283e+06 -9.120525437225442147e+05 -2.046007933066009544e+06 -1.134120030693872832e+06
-3.546596550261832308e+06 -1.799608009735164000e+06 8.278033617653928231e+05 3.312424722262544674e+05 -1.354091289187480230e+06 6.315092363178110681e+05 -2.027815628798483522e+05 -2.901526674262034794e+04 -1.468919315669435891e+05 -6.794879138558625244e+06 7.761885553849797696e+06 3.002153313245125115e+07 3.868828006282091606e+06 -1.250981250124026556e+05 1.569890330950540490e+06 -1.115815745838900795e+06 -9.035845622404536698e+05 3.779840279710589675e+04
-4.844539385826185753e+04 -3.521955940806733444e+06 1.306912349478633609e+06 1.096696552711113356e+06 6.871567487409104360e+05 3.853498109485613531e+05 -2.856124851429927730e+04 -2.815027358950274647e+05 2.089328172260487918e+05 -3.878504071016631089e+06 -3.682257191561127082e+06 3.868828006282091606e+06 1.598771962645257451e+07 1.413614989807846025e+06 1.011832837561942171e+06 -1.232911228887192439e+06 4.669291635309263074e+04 3.098252171062952257e+05
7.981505776605545543e+04 -3.459046393734741956e+06 3.720937197344668093e+05 1.029583586204394960e+05 2.981088390985632432e+05 3.309427144783711992e+05 9.034035187941022741e+04 -1.026649372201336373e+05 2.006960005473326601e+05 -6.277889263235999271e+06 -5.629455855349669233e+06 -1.250981250124026556e+05 1.413614989807846025e+06 6.784740920195365325e+06 1.390678861988698365e+06 2.598106149524504726e+05 7.334376577937736874e+05 3.651112262968485593e+05
-8.497752903009164147e+05 -1.427964989801052725e+06 -1.138088721778548555e+06 -1.585766137127337570e+05 7.725963464396395466e+03 6.313020492453305051e+05 -1.319628923530835891e+05 -4.533264590692654747e+04 8.246923051849109470e+04 2.383255186054180740e+04 -1.079543491069138283e+06 1.569890330950540490e+06 1.011832837561942171e+06 1.390678861988698365e+06 6.030858974076239392e+06 -5.147644761168521363e+05 2.063374666645997204e+05 5.072148632579847472e+05
5.859067487864032155e+05 2.973476491985723842e+05 -4.226531343142154219e+04 8.999998082501516910e+04 -9.132696446682559326e+04 -9.930019924862717744e+04 1.104401955881015310e+05 8.366987221287958164e+03 -5.528626436550170183e+04 -3.785799458531468408e+05 -9.120525437225442147e+05 -1.115815745838900795e+06 -1.232911228887192439e+06 2.598106149524504726e+05 -5.147644761168521363e+05 2.307026466634381562e+06 3.966992822190649458e+05 -1.499695605290773092e+05
1.236714885873121675e+05 -5.921279352964281570e+05 -7.747555418013232156e+03 -1.155069804854374343e+04 1.403418370770996262e+05 -6.508057868784148741e+04 -2.946525183148482392e+04 -3.619091499835457944e+04 1.644912022404720483e+04 9.463634942661508685e+05 -2.046007933066009544e+06 -9.035845622404536698e+05 4.669291635309263074e+04 7.334376577937736874e+05 2.063374666645997204e+05 3.966992822190649458e+05 1.033447258772452129e+06 1.806418303380609723e+05
4.372308203170849010e+05 -1.100935311860954156e+06 -2.279886283000184048e+05 1.827054468527672288e+05 5.726885392243491515e+04 -3.395702224977328297e+04 -6.836987657608320296e+04 -9.176559362971285009e+04 5.246349758118961472e+04 1.141850091894104145e+06 -1.134120030693872832e+06 3.779840279710589675e+04 3.098252171062952257e+05 3.651112262968485593e+05 5.072148632579847472e+05 -1.499695605290773092e+05 1.806418303380609723e+05 9.308478217738240492e+05
