# lambda=0.4338498919089723
4.739052723422881961e+07 5.785473756358918734e+06 3.679525924338768236e+05 8.223743390048041474e+05 -2.147606880879010540e+06 9.202418038432528265e+05 4.142983389905095100e+05 -6.945125885688579001e+04 3.395285331447331700e+05 2.527953242508014664e+07 1.008784991617469117e+07 6.176332583456553519e+06 1.128917496518681291e+06 -4.053984834533942863e+06 -7.218979181555706309e+05 2.770515164590695640e+05 6.589739663429638604e+05 6.276219920155751606e+04
5.785473756358918734e+06 2.272161412450068071e+07 7.130146011920631863e+05 -5.467616046698193531e+05 -1.880744996193710715e+06 3.287934794506088947e+05 -7.403952452929063293e+04 6.662443787340241252e+05 2.511170215390569065e+05 8.546105798504182603e+05 2.016592310029619932e+07 7.958883392690504901e+06 -1.469320488415763248e+06 -7.887916485298787011e+05 -1.984878957010712766e+05 -3.720978480342674884e+05 7.105545789726431249e+05 9.896764812323902734e+05
3.679525924338768236e+05 7.130146011920631863e+05 4.814758729698124342e+06 7.155035350133297034e+05 -4.914195250720296463e+04 4.327950681383898336e+04 -1.334316018301858276e+05 9.609231558645567566e+04 1.339857782500454923e+05 -8.729415378430578858e+06 -9.833184558104741154e+04 2.446522859713412356e+06 9.887367013766891323e+05 1.113834246647880878e+06 8.957741067872239000e+03 -3.798554608698028023e+05 9.703957871556977625e+04 2.045280558982299699e+05
8.223743390048041474e+05 -5.467616046698193531e+05 7.155035350133297034e+05 1.739633007902099518e+06 2.111383188959489635e+05 -1.265798089981043158e+05 3.634429818180931761e+04 -2.078302375649803798e+04 -8.680775724570257807e+03 7.657281229410186643e+05 6.031171828606869094e+05 7.911836568878378603e+04 1.058530517083115643e+06 3.430591379387701745e+05 3.708975957825020305e+04 -8.834163210671098204e+04 1.257989633817337308e+05 1.331276386867742694e+05
-2.147606880879010540e+06 -1.880744996193710715e+06 -4.914195250720296463e+04 2.111383188959489635e+05 1.349190866555959452e+06 -3.788196705151889910e+04 8.957071497139768326e+04 -1.234154870947709860e+05 -9.841322436368955823e+04 -9.695683819726116781e+04 -2.284433569437703583e+06 -1.855424628339645918e+06 7.134966504819660622e+04 5.117164855458682869e+05 3.550694304577870062e+05 1.541403645723789232e+05 -2.551316360817025998e+05 -1.652010966797390720e+05
9.202418038432528265e+05 3.287934794506088947e+05 4.327950681383898336e+04 -1.265798089981043158e+05 -3.788196705151889910e+04 6.986500939661313314e+05 3.738821134885690844e+04 2.529510406565574885e+04 3.764940707523251331e+04 1.110820214334123535e+06 -1.916403496727695223e+06 3.871774545617215917e+05 -3.352513238317904761e+05 -6.094370968688245630e+05 9.250753256658115424e+04 -1.189985958973575034e+05 -4.994245043699246889e+04 -7.021407891826792911e+04
4.142983389905095100e+05 -7.403952452929063293e+04 -1.334316018301858276e+05 3.634429818180931761e+04 8.957071497139768326e+04 3.738821134885690844e+04 2.150596355243418366e+05 3.492277751261142839e+04 1.626504283840651260e+04 4.229006932667650981e+05 -3.429561001913524233e+05 6.545715538512980129e+04 2.250298917973377102e+05 -2.768630744945623446e+05 7.357993591305345763e+04 6.304506251595769572e+04 -1.779228081121889772e+04 -1.668421093628595918e+04
-6.945125885688579001e+04 6.662443787340241252e+05 9.609231558645567566e+04 -2.078302375649803798e+04 -1.234154870947709860e+05 2.529510406565574885e+04 3.492277751261142839e+04 3.486378810096260859e+05 6.038600841436022893e+04 -1.643369026243866421e+06 2.536693560824287852e+04 3.250950596832489828e+05 2.779388419718680088e+05 -9.334931000191121711e+04 4.268598897277246579e+04 -4.860349337131197535e+04 1.231761532366390202e+04 5.760182200358042610e+04
3.395285331447331700e+05 2.511170215390569065e+05 1.339857782500454923e+05 -8.680775724570257807e+03 -9.841322436368955823e+04 3.764940707523251331e+04 1.626504283840651260e+04 6.038600841436022893e+04 1.092807473248155584e+05 -7.704824788256629836e+05 -4.711673470212941902e+04 6.671234342543805251e+05 3.208642019377183169e+05 -1.328884570936831878e+05 -6.436139791834439529e+04 -7.526266152319590037e+04 7.804734864880105306e+03 2.506789614370551135e+04
2.527953242508014664e+07 8.546105798504182603e+05 -8.729415378430578858e+06 7.657281229410186643e+05 -9.695683819726116781e+04 1.110820214334123535e+06 4.229006932667650981e+05 -1.643369026243866421e+06 -7.704824788256629836e+05 2.770196690894709229e+08 4.042302631901356578e+07 -6.700276340525278822e+06 1.344568237017332576e+06 -2.508725424245214090e+06 -5.004365229375538416e+06 -4.370508374865161604e+05 -4.375615144853710080e+05 1.054821839094062103e+06
1.008784991617469117e+07 2.016592310029619932e+07 -9.833184558104741154e+04 6.031171828606869094e+05 -2.284433569437703583e+06 -1.916403496727695223e+06 -3.429561001913524233e+05 2.536693560824287852e+04 -4.711673470212941902e+04 4.042302631901356578e+07 1.366620941326491833e+08 1.492701989420107938e+07 2.578108776882130653e+06 4.657245831560913473e+06 -2.949214453110775910e+06 2.278341016839949880e+05 3.528324323606163380e+05 2.452882599445708562e+06
6.176332583456553519e+06 7.958883392690504901e+06 2.446522859713412356e+06 7.911836568878378603e+04 -1.855424628339645918e+06 3.871774545617215917e+05 6.545715538512980129e+04 3.250950596832489828e+05 6.671234342543805251e+05 -6.700276340525278822e+06 1.492701989420107938e+07 3.555328913241239637e+07 3.786822855167487171e+06 -1.132749287366575561e+06 -1.204216169517464936e+06 -7.860162440182368737e+05 7.314804666312062182e+05 1.228504309709142894e+06
1.128917496518681291e+06 -1.469320488415763248e+06 9.887367013766891323e+05 1.058530517083115643e+06 7.134966504819660622e+04 -3.352513238317904761e+05 2.250298917973377102e+05 2.779388419718680088e+05 3.208642019377183169e+05 1.344568237017332576e+06 2.578108776882130653e+06 3.786822855167487171e+06 1.139354867292160913e+07 7.455798674174795160e+05 -6.185329087784369476e+05 -2.901808754131662499e+04 -1.523677150408548187e+05 3.207623776338936295e+05
-4.053984834533942863e+06 -7.887916485298787011e+05 1.113834246647880878e+06 3.430591379387701745e+05 5.117164855458682869e+05 -6.094370968688245630e+05 -2.768630744945623446e+05 -9.334931000191121711e+04 -1.328884570936831878e+05 -2.508725424245214090e+06 4.657245831560913473e+06 -1.132749287366575561e+06 7.455798674174795160e+05 5.000274414704648778e+06 -2.255887624682200840e+05 1.162126061536479538e+05 -2.609154044927185460e+05 7.441227504910946300e+04
-7.218979181555706309e+05 -1.984878957010712766e+05 8.957741067872239000e+03 3.708975957825020305e+04 3.550694304577870062e+05 9.250753256658115424e+04 7.357993591305345763e+04 4.268598897277246579e+04 -6.436139791834439529e+04 -5.004365229375538416e+06 -2.949214453110775910e+06 -1.204216169517464936e+06 -6.185329087784369476e+05 -2.255887624682200840e+05 2.153761054399904795e+06 3.624571521379762562e+05 -5.059491085053909774e+04 -5.767952573936720000e+04
2.770515164590695640e+05 -3.720978480342674884e+05 -3.798554608698028023e+05 -8.834163210671098204e+04 1.541403645723789232e+05 -1.189985958973575034e+05 6.304506251595769572e+04 -4.860349337131197535e+04 -7.526266152319590037e+04 -4.370508374865161604e+05 2.278341016839949880e+05 -7.860162440182368737e+05 -2.901808754131662499e+04 1.162126061536479538e+05 3.624571521379762562e+05 1.975829119288711343e+06 -1.781640902167398308e+05 -5.668207530147419311e+04
6.589739663429638604e+05 7.105545789726431249e+05 9.703957871556977625e+04 1.257989633817337308e+05 -2.551316360817025998e+05 -4.994245043699246889e+04 -1.779228081121889772e+04 1.231761532366390202e+04 7.804734864880105306e+03 -4.375615144853710080e+05 3.528324323606163380e+05 7.314804666312062182e+05 -1.523677150408548187e+05 -2.609154044927185460e+05 -5.059491085053909774e+04 -1.781640902167398308e+05 6.758141372849039035e+05 1.487230031003181066e+05
6.276219920155751606e+04 9.896764812323902734e+05 2.045280558982299699e+05 1.331276386867742694e+05 -1.652010966797390720e+05 -7.021407891826792911e+04 -1.668421093628595918e+04 5.760182200358042610e+04 2.506789614370551135e+04 1.054821839094062103e+06 2.452882599445708562e+06 1.228504309709142894e+06 3.207623776338936295e+05 7.441227504910946300e+04 -5.767952573936720000e+04 -5.668207530147419311e+04 1.487230031003181066e+05 4.791449942387735937e+05
