# lambda=0.9763045236382076
7.039385764402490854e+07 1.392582034543820919e+04 -6.716388870635683998e+04 1.366401976038151770e+05 2.751141474454211857e+04 7.524744723312913948e+02 -2.107883166534804695e+04 -2.581715885277330472e+03 -4.042340526310899349e+03 -2.701208599193824339e+05 -1.016252265505044343e+05 9.845081238097911410e+04 -7.280827817319096357e+04 9.595985122109255462e+04 1.428568846278938581e+05 7.802374959549949381e+03 -7.750696010065488736e+03 3.433452638208525059e+03
1.392582034543820919e+04 1.293067938558480702e+07 2.488942800859483032e+04 3.741134929359202215e+04 3.163526824353214033e+04 2.431098703334675520e+04 7.965496009561327810e+03 7.528514072369286623e+03 8.194942739522643024e+03 5.306839362374675693e+05 2.557971351384553418e+05 -9.444414213010898675e+04 -4.766610561649945157e+04 5.084754758410749491e+04 -2.702099361585318547e+04 1.283058766609260601e+04 -4.010028443607694498e+03 2.869914752862219393e+04
-6.716388870635683998e+04 2.488942800859483032e+04 3.817027748476466164e+06 8.809083873542451329e+03 1.138990230250374225e+04 1.847901382275287233e+03 3.924806170220522745e+03 8.296344166299096514e+02 -1.185277600091723798e+03 1.112485940735433542e+05 -6.561316122127045674e+03 1.240881655627687578e+05 6.223983966183816665e+04 3.459658544681633066e+04 1.245656243655375874e+04 -1.457026146341589993e+04 -9.631805645940303293e+03 2.872053382281561881e+03
1.366401976038151770e+05 3.741134929359202215e+04 8.809083873542451329e+03 1.950808784441553755e+06 8.272119049711411208e+03 1.450105494463291052e+03 -4.981782463778959936e+03 2.391969157318886118e+03 -2.501044058851162390e+03 2.763817505219739396e+05 6.424755444154974248e+04 7.386036228605183851e+02 4.212875822802933544e+04 1.299557366861253649e+04 -1.902561805141730702e+03 1.464934913181147022e+04 -5.285790646050806572e+03 8.513589812986247125e+03
2.751141474454211857e+04 3.163526824353214033e+04 1.138990230250374225e+04 8.272119049711411208e+03 1.071722390970374923e+06 -5.813706798631204720e+02 9.585258206712870788e+02 3.185292953512083841e+03 3.399977731717915958e+03 6.484792133153080067e+04 2.409353007620861899e+04 -2.623115571503806859e+04 -2.062102932574139777e+04 1.174026535174392120e+04 1.265407376881534765e+04 4.586476350107822327e+03 5.217212613320170931e+03 1.612998927146566075e+03
7.524744723312913948e+02 2.431098703334675520e+04 1.847901382275287233e+03 1.450105494463291052e+03 -5.813706798631204720e+02 2.740137207230171189e+05 1.909882839403371918e+03 -1.675964428993153888e+03 1.514790267733339078e+03 5.878094725435787404e+04 2.355547151495457001e+04 1.037757308594969800e+04 -6.903397309721478450e+03 9.496383636339873192e+03 3.469185663315715374e+03 1.784274037476374701e+02 -6.647379972628029066e+01 1.648138619644310893e+03
-2.107883166534804695e+04 7.965496009561327810e+03 3.924806170220522745e+03 -4.981782463778959936e+03 9.585258206712870788e+02 1.909882839403371918e+03 3.529761289342085365e+05 9.680393988838297901e+02 6.768439913362452671e+02 -5.605042570740515657e+04 -2.873335009589770561e+04 2.784067145575099130e+04 -1.652704306458439760e+03 -3.272695955778823190e+03 1.767117435960715852e+02 6.335460042251342202e+03 3.757004495587101701e+03 -5.991935814786265837e+02
-2.581715885277330472e+03 7.528514072369286623e+03 8.296344166299096514e+02 2.391969157318886118e+03 3.185292953512083841e+03 -1.675964428993153888e+03 9.680393988838297901e+02 1.708790356891894771e+05 1.168725066381080637e+02 4.822670804011131622e+03 -2.516536765166395708e+04 -1.360814572850868535e+04 -6.439635172628877626e+03 -1.234043966691801688e+04 -4.608944043498879182e+03 3.843101093686382228e+03 3.041881333000134873e+03 1.171050605299760718e+03
-4.042340526310899349e+03 8.194942739522643024e+03 -1.185277600091723798e+03 -2.501044058851162390e+03 3.399977731717915958e+03 1.514790267733339078e+03 6.768439913362452671e+02 1.168725066381080637e+02 8.558069347289728466e+04 -5.097506328446370389e+03 -2.871186535630610706e+03 -1.111168919703302345e+04 -9.990799403529585106e+03 -1.810370705766172023e+03 3.376793734090298130e+03 -6.465438257270691338e+02 9.914848541357220029e+02 -2.522137407741651884e+02
-2.701208599193824339e+05 5.306839362374675693e+05 1.112485940735433542e+05 2.763817505219739396e+05 6.484792133153080067e+04 5.878094725435787404e+04 -5.605042570740515657e+04 4.822670804011131622e+03 -5.097506328446370389e+03 2.775260545775137544e+08 9.871083160702957539e+05 -4.939923659561921959e+05 2.815778470925675356e+05 3.404793482373884181e+05 -2.191427790319506312e+05 5.211055428349783324e+04 -5.226946687133344312e+03 4.258188955013013037e+04
-1.016252265505044343e+05 2.557971351384553418e+05 -6.561316122127045674e+03 6.424755444154974248e+04 2.409353007620861899e+04 2.355547151495457001e+04 -2.873335009589770561e+04 -2.516536765166395708e+04 -2.871186535630610706e+03 9.871083160702957539e+05 1.051567877630881220e+08 3.818886076322176377e+05 9.743856292837382352e+04 1.116153559384788095e+05 -1.354585175809206885e+04 -8.402167394846916068e+03 -2.015888575601887351e+04 4.354847326677040837e+04
9.845081238097911410e+04 -9.444414213010898675e+04 1.240881655627687578e+05 7.386036228605183851e+02 -2.623115571503806859e+04 1.037757308594969800e+04 2.784067145575099130e+04 -1.360814572850868535e+04 -1.111168919703302345e+04 -4.939923659561921959e+05 3.818886076322176377e+05 3.719669579803121090e+07 1.567538346947229584e+05 5.697335054552720248e+04 1.046254326504202618e+05 -1.830300712887854752e+04 3.371698570273898895e+03 -6.693732991666527596e+03
-7.280827817319096357e+04 -4.766610561649945157e+04 6.223983966183816665e+04 4.212875822802933544e+04 -2.062102932574139777e+04 -6.903397309721478450e+03 -1.652704306458439760e+03 -6.439635172628877626e+03 -9.990799403529585106e+03 2.815778470925675356e+05 9.743856292837382352e+04 1.567538346947229584e+05 1.608356007202546671e+07 5.449808520254392351e+04 -9.458168176011843025e+04 -8.050422014300039336e+03 -9.160410150561798218e+03 9.749762329911563938e+03
9.595985122109255462e+04 5.084754758410749491e+04 3.459658544681633066e+04 1.299557366861253649e+04 1.174026535174392120e+04 9.496383636339873192e+03 -3.272695955778823190e+03 -1.234043966691801688e+04 -1.810370705766172023e+03 3.404793482373884181e+05 1.116153559384788095e+05 5.697335054552720248e+04 5.449808520254392351e+04 7.104138751085500233e+06 3.757840791886643274e+03 -2.190613387112999044e+04 -8.881816264854580368e+03 1.241966084629764919e+04
1.428568846278938581e+05 -2.702099361585318547e+04 1.245656243655375874e+04 -1.902561805141730702e+03 1.265407376881534765e+04 3.469185663315715374e+03 1.767117435960715852e+02 -4.608944043498879182e+03 3.376793734090298130e+03 -2.191427790319506312e+05 -1.354585175809206885e+04 1.046254326504202618e+05 -9.458168176011843025e+04 3.757840791886643274e+03 4.377769224387186579e+06 -1.750219024212908698e+04 -6.117781904661186672e+03 -2.660644040138491619e+03
7.802374959549949381e+03 1.283058766609260601e+04 -1.457026146341589993e+04 1.464934913181147022e+04 4.586476350107822327e+03 1.784274037476374701e+02 6.335460042251342202e+03 3.843101093686382228e+03 -6.465438257270691338e+02 5.211055428349783324e+04 -8.402167394846916068e+03 -1.830300712887854752e+04 -8.050422014300039336e+03 -2.190613387112999044e+04 -1.750219024212908698e+04 2.045310190840336727e+06 8.679446061489190470e+03 -2.306440836900418617e+03
-7.750696010065488736e+03 -4.010028443607694498e+03 -9.631805645940303293e+03 -5.285790646050806572e+03 5.217212613320170931e+03 -6.647379972628029066e+01 3.757004495587101701e+03 3.041881333000134873e+03 9.914848541357220029e+02 -5.226946687133344312e+03 -2.015888575601887351e+04 3.371698570273898895e+03 -9.160410150561798218e+03 -8.881816264854580368e+03 -6.117781904661186672e+03 8.679446061489190470e+03 6.982240729834104422e+05 -4.598889913087915602e+02
3.433452638208525059e+03 2.869914752862219393e+04 2.872053382281561881e+03 8.513589812986247125e+03 1.612998927146566075e+03 1.648138619644310893e+03 -5.991935814786265837e+02 1.171050605299760718e+03 -2.522137407741651884e+02 4.258188955013013037e+04 4.354847326677040837e+04 -6.693732991666527596e+03 9.749762329911563938e+03 1.241966084629764919e+04 -2.660644040138491619e+03 -2.306440836900418617e+03 -4.598889913087915602e+02 5.631811632648428204e+05
