# lambda=0.8569314087605413
6.433035110627843440e+07 5.644057849032186205e+05 -6.267309714850496966e+05 -1.850902817127029120e+05 2.198697671163273917e+05 1.170290447022090812e+05 1.072567476928205142e+05 -5.647873747097205342e+04 2.273662374035967150e+04 2.197947751300467178e+06 1.053018032152700005e+06 1.104317558994343417e+05 1.956614930618047016e+06 -4.316819786997005576e+05 -4.914681873131360771e+04 2.475072039901326352e+05 -1.172615101454595133e+05 -7.784607833323221712e+04
5.644057849032186205e+05 3.190703388770509511e+07 1.023028991572522908e+06 1.624215924824468675e+05 -1.911194039829382673e+05 -7.419235521978062752e+04 -5.737894386220287970e+02 -8.067792605205332802e+04 -4.852465611499710940e+04 6.124314424393757246e+06 3.214650885949464515e+06 2.949675358654296026e+06 6.474568666118392721e+05 -2.331750805908082984e+05 -1.618545619940476026e+05 2.961369874678544584e+05 -6.032940429574573500e+04 2.036086788190613879e+04
-6.267309714850496966e+05 1.023028991572522908e+06 6.872328391331696883e+06 2.475383626325371733e+05 2.238721876962875831e+04 -5.931150441734226661e+03 2.244163576385852866e+04 1.186861387501092941e+04 -2.725611403096303184e+04 7.142347078774980037e+05 1.840815848116263514e+06 8.620818300229734741e+05 3.861501153775583225e+04 5.268356707177671342e+04 -1.704891173414967852e+04 3.498809677914856002e+04 -2.895542843490817540e+04 -6.761266430805853452e+04
-1.850902817127029120e+05 1.624215924824468675e+05 2.475383626325371733e+05 2.085550240679619601e+06 3.907768589549476019e+04 -4.483682501875072194e+04 6.611360441978765266e+03 2.223330651615550232e+04 -2.213649023513362408e+04 1.943232683811779134e+04 4.279941810133574181e+05 1.580698099061564717e+05 2.651988064866011264e+05 2.247963531556178932e+05 3.916149659954249364e+04 9.999651645656280380e+03 3.347284813017264241e+04 1.504285344069015264e+04
2.198697671163273917e+05 -1.911194039829382673e+05 2.238721876962875831e+04 3.907768589549476019e+04 9.212135031570203137e+05 1.142088457714324977e+04 -5.765531519429913715e+03 -9.672934880075150431e+03 -4.215773432564181348e+03 -7.251771003593360074e+05 -4.205217570506224001e+04 -1.217412139180844388e+05 9.671378573609088562e+03 1.551809565867952479e+05 8.128459635408471513e+04 -6.439209748014739307e+04 -4.379975904650668235e+04 -1.755966531849641979e+04
1.170290447022090812e+05 -7.419235521978062752e+04 -5.931150441734226661e+03 -4.483682501875072194e+04 1.142088457714324977e+04 4.530685455304564675e+05 2.498772024516302918e+04 9.792365013704202283e+03 8.599020370869749968e+03 1.690904180629859329e+05 4.989290563399424718e+04 -1.995174477809907985e+05 -1.510979254184924066e+05 3.846864289726150309e+04 7.461664977434143657e+04 -3.538103988146954634e+03 2.865850716353530515e+03 3.542537384129187558e+03
1.072567476928205142e+05 -5.737894386220287970e+02 2.244163576385852866e+04 6.611360441978765266e+03 -5.765531519429913715e+03 2.498772024516302918e+04 3.680400856017238111e+05 5.177781263077302356e+03 -5.940385832330640596e+02 2.248948075845514541e+05 6.188003760788118962e+04 -4.728144328325518291e+04 -2.908411405587692570e+04 1.595398330126073779e+04 7.261276060742762638e+04 2.914389990044260048e+04 -5.806906227499215674e+03 7.477472732466122579e+03
-5.647873747097205342e+04 -8.067792605205332802e+04 1.186861387501092941e+04 2.223330651615550232e+04 -9.672934880075150431e+03 9.792365013704202283e+03 5.177781263077302356e+03 1.580083616077169427e+05 8.037636150937779348e+03 7.524246292319115310e+04 1.557436341725135280e+05 -1.208602701885132847e+05 -4.945318166006982938e+04 2.430115748668390006e+04 1.725829162889881627e+04 3.182128913056166857e+04 2.086189284126458369e+04 -6.551795020190843388e+03
2.273662374035967150e+04 -4.852465611499710940e+04 -2.725611403096303184e+04 -2.213649023513362408e+04 -4.215773432564181348e+03 8.599020370869749968e+03 -5.940385832330640596e+02 8.037636150937779348e+03 9.954577150671466370e+04 -1.004915037405489238e+04 1.022189817909839803e+04 -8.995889635450050991e+04 -8.937752222188934684e+04 7.410755047127282523e+03 -2.716219725921065674e+03 8.510721444166998708e+02 5.801739515971039509e+03 -1.031330180260854803e+02
2.197947751300467178e+06 6.124314424393757246e+06 7.142347078774980037e+05 1.943232683811779134e+04 -7.251771003593360074e+05 1.690904180629859329e+05 2.248948075845514541e+05 7.524246292319115310e+04 -1.004915037405489238e+04 4.039114716347818971e+08 5.657830321339854971e+06 4.075355989727926790e+05 3.674768577304465231e+06 1.210318986931436375e+05 2.621241411696875934e+06 1.355917053149378160e+06 1.648529755794894008e+05 3.323418172365234350e+05
1.053018032152700005e+06 3.214650885949464515e+06 1.840815848116263514e+06 4.279941810133574181e+05 -4.205217570506224001e+04 4.989290563399424718e+04 6.188003760788118962e+04 1.557436341725135280e+05 1.022189817909839803e+04 5.657830321339854971e+06 6.318666981040648371e+07 1.070263422435714165e+06 2.001344793275761884e+06 7.366131483263442060e+05 3.800022663095201715e+05 4.810121197131132940e+05 2.310145549618729856e+05 -6.467681614468179760e+04
1.104317558994343417e+05 2.949675358654296026e+06 8.620818300229734741e+05 1.580698099061564717e+05 -1.217412139180844388e+05 -1.995174477809907985e+05 -4.728144328325518291e+04 -1.208602701885132847e+05 -8.995889635450050991e+04 4.075355989727926790e+05 1.070263422435714165e+06 2.614410954607775435e+07 2.020719275664203160e+05 -7.287570189419243252e+05 -7.934620007123111282e+05 1.844185710002235965e+03 -1.654409762467676483e+05 -1.066547755855644355e+05
1.956614930618047016e+06 6.474568666118392721e+05 3.861501153775583225e+04 2.651988064866011264e+05 9.671378573609088562e+03 -1.510979254184924066e+05 -2.908411405587692570e+04 -4.945318166006982938e+04 -8.937752222188934684e+04 3.674768577304465231e+06 2.001344793275761884e+06 2.020719275664203160e+05 2.266226986673106998e+07 4.319578089520390495e+05 -1.145692531653472543e+04 1.143175538978321565e+05 2.926710989378818776e+05 2.379258557380174461e+05
-4.316819786997005576e+05 -2.331750805908082984e+05 5.268356707177671342e+04 2.247963531556178932e+05 1.551809565867952479e+05 3.846864289726150309e+04 1.595398330126073779e+04 2.430115748668390006e+04 7.410755047127282523e+03 1.210318986931436375e+05 7.366131483263442060e+05 -7.287570189419243252e+05 4.319578089520390495e+05 6.346751451202759519e+06 3.644658094075231929e+05 -1.223354524731032725e+05 2.501979580872642327e+04 1.264282647789702460e+05
-4.914681873131360771e+04 -1.618545619940476026e+05 -1.704891173414967852e+04 3.916149659954249364e+04 8.128459635408471513e+04 7.461664977434143657e+04 7.261276060742762638e+04 1.725829162889881627e+04 -2.716219725921065674e+03 2.621241411696875934e+06 3.800022663095201715e+05 -7.934620007123111282e+05 -1.145692531653472543e+04 3.644658094075231929e+05 5.551517905232676305e+06 9.164038890055064985e+04 -5.971427074414354865e+04 3.846937098100892035e+04
2.475072039901326352e+05 2.961369874678544584e+05 3.498809677914856002e+04 9.999651645656280380e+03 -6.439209748014739307e+04 -3.538103988146954634e+03 2.914389990044260048e+04 3.182128913056166857e+04 8.510721444166998708e+02 1.355917053149378160e+06 4.810121197131132940e+05 1.844185710002235965e+03 1.143175538978321565e+05 -1.223354524731032725e+05 9.164038890055064985e+04 1.686957947054514196e+06 3.404141682411152578e+04 -1.652677220181981102e+04
-1.172615101454595133e+05 -6.032940429574573500e+04 -2.895542843490817540e+04 3.347284813017264241e+04 -4.379975904650668235e+04 2.865850716353530515e+03 -5.806906227499215674e+03 2.086189284126458369e+04 5.801739515971039509e+03 1.648529755794894008e+05 2.310145549618729856e+05 -1.654409762467676483e+05 2.926710989378818776e+05 2.501979580872642327e+04 -5.971427074414354865e+04 3.404141682411152578e+04 1.302176350692936219e+06 6.149048246649114299e+04
-7.784607833323221712e+04 2.036086788190613879e+04 -6.761266430805853452e+04 1.504285344069015264e+04 -1.755966531849641979e+04 3.542537384129187558e+03 7.477472732466122579e+03 -6.551795020190843388e+03 -1.031330180260854803e+02 3.323418172365234350e+05 -6.467681614468179760e+04 -1.066547755855644355e+05 2.379258557380174461e+05 1.264282647789702460e+05 3.846937098100892035e+04 -1.652677220181981102e+04 6.149048246649114299e+04 6.324741700137275038e+05
