# lambda=0.6020116752960822
4.904932839233697951e+07 4.496757625556915067e+06 4.383856126508619636e+05 6.918019445688512642e+05 8.035592720106631168e+04 -1.904397506041438610e+05 4.028912531251722830e+05 -3.699257529979973333e+04 2.166053312990053964e+05 -6.293408981725132093e+06 5.697013808809474111e+06 1.314426826071762247e+06 1.145389205218917923e+05 -3.049827127875928301e+06 -9.087570703439020144e+04 1.099540767739784205e+06 7.474615240291419905e+05 -1.742854226932509046e+05
4.496757625556915067e+06 1.132974471603921615e+07 6.399640196538504679e+05 4.086142976484145620e+05 1.937641753606861457e+05 1.759672425925441494e+05 2.624146041348070721e+05 2.528918931263677659e+05 2.481878247860984702e+05 -1.824383175916342996e+06 3.837422756227308419e+06 9.428075315998677397e+05 -9.832796673981742933e+05 7.113997842507358291e+04 2.083438372577646223e+05 5.211780666891970322e+05 2.143925307189363521e+05 -4.448786045881237078e+04
4.383856126508619636e+05 6.399640196538504679e+05 4.846608068141480908e+06 3.495007851589460042e+05 -2.392681554274936570e+04 2.141251227543978894e+04 1.989835450283310784e+05 1.246837759660653501e+04 4.787039315483099926e+04 5.138207162299309857e+06 2.609714862112539820e+06 2.120495682450011373e+06 1.265028412922427087e+05 -3.919865320556340739e+05 -3.119462865524322842e+05 -1.591695545991144609e+05 -1.709462139455301221e+05 4.973896555228537909e+04
6.918019445688512642e+05 4.086142976484145620e+05 3.495007851589460042e+05 1.511818810774224345e+06 1.315385359194082266e+05 5.458708353475696640e+04 3.976454062845385488e+04 1.591080861946214645e+04 3.616246644690896937e+04 2.174928376302262768e+06 1.732729104056713870e+06 2.664132913564859773e+05 5.047655663474235334e+05 1.492730925304795383e+05 1.443003877937490761e+05 1.713306332273947774e+05 -6.338975430485025572e+04 8.325529196088947356e+04
8.035592720106631168e+04 1.937641753606861457e+05 -2.392681554274936570e+04 1.315385359194082266e+05 9.283930695500010625e+05 1.015769835059988982e+05 -4.311726651155729633e+04 -1.636534604536956067e+04 1.839276563033368075e+04 -5.823104002690747147e+05 2.912036834858792135e+05 -5.697945152040488756e+04 -2.243451062971987412e+05 3.769882540605511749e+05 -1.809863107271653644e+04 -1.623048670352868503e+05 6.234384581027378590e+04 1.195909667461770441e+05
-1.904397506041438610e+05 1.759672425925441494e+05 2.141251227543978894e+04 5.458708353475696640e+04 1.015769835059988982e+05 6.863438352007295471e+05 4.832830145210586124e+03 -8.949825852041876715e+03 1.189947633419890735e+04 1.944361828080412466e+06 1.405491085951492889e+06 -2.937809448971381644e+05 -2.501466757668594655e+05 6.685301317628491961e+04 2.062476240012112248e+05 3.683649544442925981e+04 -1.159764437200209941e+05 -3.511942618091443728e+04
4.028912531251722830e+05 2.624146041348070721e+05 1.989835450283310784e+05 3.976454062845385488e+04 -4.311726651155729633e+04 4.832830145210586124e+03 2.901441049869338749e+05 5.040081547926438361e+04 9.849643245522902362e+03 2.940208202426692587e+05 1.126334564801481902e+05 3.922500603135803976e+04 -3.284287704908305022e+04 -6.639692227617680328e+04 -7.840513118026957090e+04 9.088853299715431058e+04 4.628663831695549015e+04 -1.600643252814095376e+03
-3.699257529979973333e+04 2.528918931263677659e+05 1.246837759660653501e+04 1.591080861946214645e+04 -1.636534604536956067e+04 -8.949825852041876715e+03 5.040081547926438361e+04 2.305077401961631840e+05 3.509024344522465253e+04 -7.230543103158513259e+04 -2.256940387636149535e+05 3.188707328431044007e+05 1.976737543418242058e+04 1.569315558801576553e+05 9.440868121068162509e+03 1.327702279057185224e+05 8.580341248881755746e+04 -1.633104523295282343e+04
2.166053312990053964e+05 2.481878247860984702e+05 4.787039315483099926e+04 3.616246644690896937e+04 1.839276563033368075e+04 1.189947633419890735e+04 9.849643245522902362e+03 3.509024344522465253e+04 9.979048618336528307e+04 2.136817245390243479e+05 3.458184595773092587e+04 3.358769334549052292e+05 -1.006443652102451015e+05 6.017361126884477562e+04 5.264120271493461769e+04 7.135349540979713493e+04 1.889654798272455082e+04 -1.650282456557634941e+04
-6.293408981725132093e+06 -1.824383175916342996e+06 5.138207162299309857e+06 2.174928376302262768e+06 -5.823104002690747147e+05 1.944361828080412466e+06 2.940208202426692587e+05 -7.230543103158513259e+04 2.136817245390243479e+05 1.999431219288823605e+08 2.405111594022301212e+07 1.841475988816845231e+06 -7.115668369831326418e+05 -4.226501495770150796e+06 1.457262714912851341e+06 -3.877246564965135767e+05 -2.671519582117313053e+06 -8.252838131691563176e+05
5.697013808809474111e+06 3.837422756227308419e+06 2.609714862112539820e+06 1.732729104056713870e+06 2.912036834858792135e+05 1.405491085951492889e+06 1.126334564801481902e+05 -2.256940387636149535e+05 3.458184595773092587e+04 2.405111594022301212e+07 8.895010697150550783e+07 -6.020515238982360810e+06 -8.973439892365932465e+05 -1.107189720100056380e+06 1.635961441817329964e+06 1.470474133257710841e+06 -6.546607448012855602e+05 -5.870308022918516072e+05
1.314426826071762247e+06 9.428075315998677397e+05 2.120495682450011373e+06 2.664132913564859773e+05 -5.697945152040488756e+04 -2.937809448971381644e+05 3.922500603135803976e+04 3.188707328431044007e+05 3.358769334549052292e+05 1.841475988816845231e+06 -6.020515238982360810e+06 3.645677493196283281e+07 4.072000588961871690e+05 -9.453844028161951574e+05 -1.693416053942836006e+05 8.009202143474018667e+05 6.347415068973432062e+05 4.494231584778780816e+05
1.145389205218917923e+05 -9.832796673981742933e+05 1.265028412922427087e+05 5.047655663474235334e+05 -2.243451062971987412e+05 -2.501466757668594655e+05 -3.284287704908305022e+04 1.976737543418242058e+04 -1.006443652102451015e+05 -7.115668369831326418e+05 -8.973439892365932465e+05 4.072000588961871690e+05 1.271759316869504377e+07 1.070903546941948356e+06 -4.114489787701502792e+04 3.695935977515443228e+05 2.196834290273951192e+05 5.997216795002894942e+05
-3.049827127875928301e+06 7.113997842507358291e+04 -3.919865320556340739e+05 1.492730925304795383e+05 3.769882540605511749e+05 6.685301317628491961e+04 -6.639692227617680328e+04 1.569315558801576553e+05 6.017361126884477562e+04 -4.226501495770150796e+06 -1.107189720100056380e+06 -9.453844028161951574e+05 1.070903546941948356e+06 6.580648463470464572e+06 6.716302225068089319e+04 6.454680747255973256e+04 2.007276660258489428e+05 2.837195733540662332e+05
-9.087570703439020144e+04 2.083438372577646223e+05 -3.119462865524322842e+05 1.443003877937490761e+05 -1.809863107271653644e+04 2.062476240012112248e+05 -7.840513118026957090e+04 9.440868121068162509e+03 5.264120271493461769e+04 1.457262714912851341e+06 1.635961441817329964e+06 -1.693416053942836006e+05 -4.114489787701502792e+04 6.716302225068089319e+04 2.024416212460830342e+06 4.817893321309633902e+05 7.184620357212692033e+04 -1.407389850433662832e+04
1.099540767739784205e+06 5.211780666891970322e+05 -1.591695545991144609e+05 1.713306332273947774e+05 -1.623048670352868503e+05 3.683649544442925981e+04 9.088853299715431058e+04 1.327702279057185224e+05 7.135349540979713493e+04 -3.877246564965135767e+05 1.470474133257710841e+06 8.009202143474018667e+05 3.695935977515443228e+05 6.454680747255973256e+04 4.817893321309633902e+05 2.252848480417849030e+06 3.179621060945836361e+05 2.738639247583154793e+04
7.474615240291419905e+05 2.143925307189363521e+05 -1.709462139455301221e+05 -6.338975430485025572e+04 6.234384581027378590e+04 -1.159764437200209941e+05 4.628663831695549015e+04 8.580341248881755746e+04 1.889654798272455082e+04 -2.671519582117313053e+06 -6.546607448012855602e+05 6.347415068973432062e+05 2.196834290273951192e+05 2.007276660258489428e+05 7.184620357212692033e+04 3.179621060945836361e+05 1.292522023878577864e+06 1.787250041124832351e+05
-1.742854226932509046e+05 -4.448786045881237078e+04 4.973896555228537909e+04 8.325529196088947356e+04 1.195909667461770441e+05 -3.511942618091443728e+04 -1.600643252814095376e+03 -1.633104523295282343e+04 -1.650282456557634941e+04 -8.252838131691563176e+05 -5.870308022918516072e+05 4.494231584778780816e+05 5.997216795002894942e+05 2.837195733540662332e+05 -1.407389850433662832e+04 2.738639247583154793e+04 1.787250041124832351e+05 8.993192746595353819e+05
