# lambda=0.6608195657170868
5.110788383497613668e+07 2.206071103400107473e+06 6.999777009029561887e+05 5.381286664310001070e+05 5.429185917955699551e+04 -3.989163954680840252e+05 7.872802490913709626e+05 3.069222254174209229e+04 7.638012087663132115e+04 1.434145473838784918e+07 -6.533744333238769323e+06 1.198129724172602175e+06 4.410606416682486306e+05 1.906592128436864587e+06 1.590685340140176006e+06 9.977982205364885740e+05 1.117016355660528177e+06 2.438867083301967432e+04
2.206071103400107473e+06 1.665364865616356209e+07 8.839400953062380431e+05 4.250222533574952977e+05 1.545104564636824944e+05 -3.590337180902719265e+05 4.978960424713421526e+04 2.719027924998139861e+04 -8.282047287196121761e+04 1.785342196987806354e+06 4.994263004597373307e+06 1.243170307429867098e+06 2.534416999652364175e+05 2.478684934916590864e+05 3.060723763242068235e+05 9.424185480915936641e+05 -7.960534549216607411e+04 -2.162715347976360354e+05
6.999777009029561887e+05 8.839400953062380431e+05 3.760386194688139483e+06 2.917770045661611366e+05 -1.478139980861307413e+05 -2.109757871080609330e+05 -1.467891693179222966e+04 2.987572495389453252e+04 2.859808049313032825e+03 -1.564579052561275195e+06 -3.951483336386283918e+04 7.058243133222092874e+05 -7.773337291246250970e+04 -3.294931958102185745e+05 -9.147500926418560266e+04 2.304343009436849570e+03 1.527684383135318640e+05 6.177130957749792287e+04
5.381286664310001070e+05 4.250222533574952977e+05 2.917770045661611366e+05 2.829922026118434500e+06 2.632318121187011711e+05 -3.702586390952763759e+04 1.139254356000141415e+05 2.744978310172957094e+02 3.239884908482826359e+04 -7.705148077013221337e+05 1.548584883281484072e+05 -6.506109224415095523e+05 -4.855980960499701323e+05 1.210215440658853477e+05 1.099187409112969763e+05 -2.583430930303337518e+05 -7.108124992230227690e+03 9.424060465328645660e+04
5.429185917955699551e+04 1.545104564636824944e+05 -1.478139980861307413e+05 2.632318121187011711e+05 1.174669555041260552e+06 5.105186870219765296e+03 7.868986988109580125e+04 -4.015627849811057786e+03 2.474908568681504403e+04 9.445532823909594445e+05 1.180158342350762105e+06 -7.905623730091606558e+04 -1.533363794175979565e+05 1.112221657752783212e+05 2.025550597360669053e+05 1.529876461985609494e+05 -1.235316719116583117e+05 4.121065536671161681e+04
-3.989163954680840252e+05 -3.590337180902719265e+05 -2.109757871080609330e+05 -3.702586390952763759e+04 5.105186870219765296e+03 5.345625352121311007e+05 -2.435187775950677678e+04 1.457264747117988736e+04 7.665257415381621286e+03 -1.012164323828773224e+06 -4.076471871149466024e+05 -3.779347746266312315e+05 6.518225949587797368e+04 -5.188138352887040674e+04 3.621073190949591663e+04 -6.321854507194777398e+03 7.445914360354600649e+04 1.149567474617403604e+03
7.872802490913709626e+05 4.978960424713421526e+04 -1.467891693179222966e+04 1.139254356000141415e+05 7.868986988109580125e+04 -2.435187775950677678e+04 4.018702686260534683e+05 1.934809060345753460e+04 1.534605940576546891e+04 1.057537681789764902e+06 -2.621608150914190919e+05 1.481818265494199004e+05 5.657560374340156704e+04 1.979654180751784006e+05 1.020322950373505591e+05 9.487198342176448205e+04 9.134753265005086860e+02 4.437152113527691836e+04
3.069222254174209229e+04 2.719027924998139861e+04 2.987572495389453252e+04 2.744978310172957094e+02 -4.015627849811057786e+03 1.457264747117988736e+04 1.934809060345753460e+04 1.498876190477556956e+05 2.376911521644214372e+04 3.884018426299011335e+05 -1.077614720468561427e+04 1.928903570843537454e+05 1.681837961470508890e+05 1.876455707336320484e+04 2.977282192328560086e+03 2.342525149398761278e+04 2.199313604113194378e+04 8.380957055145356208e+03
7.638012087663132115e+04 -8.282047287196121761e+04 2.859808049313032825e+03 3.239884908482826359e+04 2.474908568681504403e+04 7.665257415381621286e+03 1.534605940576546891e+04 2.376911521644214372e+04 1.796187836352532031e+05 2.078216702357107424e+05 -2.490990825996602071e+05 -2.270531913178402174e+05 -4.115918187605014100e+04 2.287634340523551145e+04 8.449320450779357634e+04 2.181256684055242658e+04 1.385399493488535654e+03 3.103554632688482161e+04
1.434145473838784918e+07 1.785342196987806354e+06 -1.564579052561275195e+06 -7.705148077013221337e+05 9.445532823909594445e+05 -1.012164323828773224e+06 1.057537681789764902e+06 3.884018426299011335e+05 2.078216702357107424e+05 2.401748683812533021e+08 1.491158692366550304e+07 -1.632850525432067690e+06 -1.158771145937171386e+05 3.004648959142003674e+06 -1.335550859551315429e+06 1.446945232097594766e+06 1.749111723854868906e+06 1.664867518549126806e+06
-6.533744333238769323e+06 4.994263004597373307e+06 -3.951483336386283918e+04 1.548584883281484072e+05 1.180158342350762105e+06 -4.076471871149466024e+05 -2.621608150914190919e+05 -1.077614720468561427e+04 -2.490990825996602071e+05 1.491158692366550304e+07 7.267323037677526474e+07 -5.671125128891263157e+05 -1.775435562159103807e+06 -1.352708559725512983e+06 -8.688537837883762550e+05 9.186972444059640402e+05 -4.856299239145805477e+05 -6.191613805710596353e+04
1.198129724172602175e+06 1.243170307429867098e+06 7.058243133222092874e+05 -6.506109224415095523e+05 -7.905623730091606558e+04 -3.779347746266312315e+05 1.481818265494199004e+05 1.928903570843537454e+05 -2.270531913178402174e+05 -1.632850525432067690e+06 -5.671125128891263157e+05 3.005226852058814466e+07 2.229700212329786271e+06 2.664965828304204042e+05 2.633235513316548895e+05 9.487491240615866845e+05 -2.581882883925228962e+05 -9.068104029560936033e+04
4.410606416682486306e+05 2.534416999652364175e+05 -7.773337291246250970e+04 -4.855980960499701323e+05 -1.533363794175979565e+05 6.518225949587797368e+04 5.657560374340156704e+04 1.681837961470508890e+05 -4.115918187605014100e+04 -1.158771145937171386e+05 -1.775435562159103807e+06 2.229700212329786271e+06 9.545372017490763217e+06 4.855030577020894852e+05 -3.271033892379028839e+05 7.163462282084659673e+05 2.689766637598926318e+05 -1.846531589224897907e+05
1.906592128436864587e+06 2.478684934916590864e+05 -3.294931958102185745e+05 1.210215440658853477e+05 1.112221657752783212e+05 -5.188138352887040674e+04 1.979654180751784006e+05 1.876455707336320484e+04 2.287634340523551145e+04 3.004648959142003674e+06 -1.352708559725512983e+06 2.664965828304204042e+05 4.855030577020894852e+05 3.503816922400640324e+06 2.338293553203814663e+05 3.096484935338573414e+05 2.003256614233483851e+05 -3.052986726012939107e+04
1.590685340140176006e+06 3.060723763242068235e+05 -9.147500926418560266e+04 1.099187409112969763e+05 2.025550597360669053e+05 3.621073190949591663e+04 1.020322950373505591e+05 2.977282192328560086e+03 8.449320450779357634e+04 -1.335550859551315429e+06 -8.688537837883762550e+05 2.633235513316548895e+05 -3.271033892379028839e+05 2.338293553203814663e+05 2.358939465385165997e+06 1.387303911002556852e+05 -1.118328460449066479e+05 -6.282645159496665292e+04
9.977982205364885740e+05 9.424185480915936641e+05 2.304343009436849570e+03 -2.583430930303337518e+05 1.529876461985609494e+05 -6.321854507194777398e+03 9.487198342176448205e+04 2.342525149398761278e+04 2.181256684055242658e+04 1.446945232097594766e+06 9.186972444059640402e+05 9.487491240615866845e+05 7.163462282084659673e+05 3.096484935338573414e+05 1.387303911002556852e+05 3.167922370735058095e+06 2.039948348733060702e+05 -3.906968077578755037e+04
1.117016355660528177e+06 -7.960534549216607411e+04 1.527684383135318640e+05 -7.108124992230227690e+03 -1.235316719116583117e+05 7.445914360354600649e+04 9.134753265005086860e+02 2.199313604113194378e+04 1.385399493488535654e+03 1.749111723854868906e+06 -4.856299239145805477e+05 -2.581882883925228962e+05 2.689766637598926318e+05 2.003256614233483851e+05 -1.118328460449066479e+05 2.039948348733060702e+05 1.454987454127843259e+06 5.439903003627024736e+04
2.438867083301967432e+04 -2.162715347976360354e+05 6.177130957749792287e+04 9.424060465328645660e+04 4.121065536671161681e+04 1.149567474617403604e+03 4.437152113527691836e+04 8.380957055145356208e+03 3.103554632688482161e+04 1.664867518549126806e+06 -6.191613805710596353e+04 -9.068104029560936033e+04 -1.846531589224897907e+05 -3.052986726012939107e+04 -6.282645159496665292e+04 -3.906968077578755037e+04 5.439903003627024736e+04 5.613610628668520367e+05
