# lambda=0.6864093348413842
2.927488074662787467e+07 3.692853508386888541e+06 2.484527096512856224e+04 -3.791920905615848023e+05 2.063611090479540289e+05 -5.661217935277039942e+04 -1.950560901327703905e+05 1.407628740894256043e+05 -4.509522107293464069e+04 2.810975432392778341e+06 7.115806497145679779e+06 -1.906692987484907499e+06 4.239304539506293368e+05 8.285464667508527637e+05 -4.929072074801242561e+05 -8.074252016805558233e+05 4.858327827160409070e+05 -1.371940705495877774e+04
3.692853508386888541e+06 4.410268832151351869e+07 1.637067014482082101e+06 4.551259323456544662e+05 6.798759970312156947e+05 1.294283851061284513e+05 -8.322685636979772244e+04 3.005979099142340128e+05 -1.082191528435422879e+04 5.349244564462311566e+06 1.416119741496142931e+07 -2.101332958216779400e+06 -3.806871376728434116e+05 2.040508789442260284e+06 2.038134576128654880e+05 -1.048819276109819999e+06 4.207173265094291419e+05 1.598175146822507959e+05
2.484527096512856224e+04 1.637067014482082101e+06 6.112592300007248297e+06 4.761149878265451407e+05 8.302904786746305763e+04 9.031797686862137925e+04 7.335858358612748270e+04 1.435425287947514444e+05 1.160977736199207866e+05 -7.319994355750048999e+05 1.464160739169684704e+06 -1.524698476198282151e+05 -1.381413502326916787e+05 1.921202977281829808e+05 2.596676304329886334e+05 -1.135576250689764711e+05 8.938269166387977020e+04 7.366543854154908331e+04
-3.791920905615848023e+05 4.551259323456544662e+05 4.761149878265451407e+05 2.805766676728455350e+06 2.015751439946719038e+05 1.099753248086567910e+05 -1.108457506937388534e+05 4.149834836984393405e+03 4.074331358849933895e+04 -9.143634104306075023e+05 9.241010262118303217e+05 3.619879404317445005e+05 1.554649707110583549e+05 -3.306383310085915582e+04 2.913777357069431455e+05 7.276103935011723661e+04 1.118805393650035112e+05 2.268467572872716119e+05
2.063611090479540289e+05 6.798759970312156947e+05 8.302904786746305763e+04 2.015751439946719038e+05 1.028422723202121211e+06 -3.631602768637204281e+04 -4.180467177932856430e+04 4.319957306200490711e+04 2.482698197204716780e+04 5.270476643404061906e+05 6.741628130223653279e+05 -4.550085051086515887e+05 -6.212050060869677282e+02 -1.216225265362166647e+04 1.296308108646785877e+04 5.070616250622572989e+04 1.355040593126308522e+05 6.878878152229372063e+04
-5.661217935277039942e+04 1.294283851061284513e+05 9.031797686862137925e+04 1.099753248086567910e+05 -3.631602768637204281e+04 8.046509787232512608e+05 -1.931760766979718028e+04 -1.698179881411534370e+04 4.651476638255641774e+03 -4.222954096101083451e+03 9.164149685574424220e+05 4.857409980247060303e+05 -2.773934045276081306e+05 -2.975775130005895044e+05 8.560523978821741184e+04 -4.136574570494536601e+03 1.153527084909898695e+05 -4.227674151504499605e+04
-1.950560901327703905e+05 -8.322685636979772244e+04 7.335858358612748270e+04 -1.108457506937388534e+05 -4.180467177932856430e+04 -1.931760766979718028e+04 3.659781160629147780e+05 4.993486042905621616e+03 2.114060031549486666e+04 -5.243378886233075755e+05 -6.242501354063813342e+05 -1.912679277316990483e+05 -2.067669420791752927e+05 9.896647289336155518e+04 -4.299317700280252757e+04 -7.183205245807525353e+04 -1.683363752635265337e+04 9.820245370231112247e+03
1.407628740894256043e+05 3.005979099142340128e+05 1.435425287947514444e+05 4.149834836984393405e+03 4.319957306200490711e+04 -1.698179881411534370e+04 4.993486042905621616e+03 2.009776724308327539e+05 2.204041955530020641e+04 1.600970664569333530e+04 1.721623926333939380e+03 -4.273383121205174248e+05 -8.772799814840208273e+04 2.780775855531497291e+04 2.086713864015124273e+04 3.252691079050883491e+04 5.511749044066388160e+04 4.713179453478795040e+04
-4.509522107293464069e+04 -1.082191528435422879e+04 1.160977736199207866e+05 4.074331358849933895e+04 2.482698197204716780e+04 4.651476638255641774e+03 2.114060031549486666e+04 2.204041955530020641e+04 1.677121747524596285e+05 -5.861151776233670535e+05 2.944168595506885322e+05 -1.122764603983321867e+05 -2.331073672741339542e+05 4.510862032709766208e+04 3.889845939843770611e+04 3.377071702335010195e+04 2.440380451303257723e+04 1.022702551440535717e+04
2.810975432392778341e+06 5.349244564462311566e+06 -7.319994355750048999e+05 -9.143634104306075023e+05 5.270476643404061906e+05 -4.222954096101083451e+03 -5.243378886233075755e+05 1.600970664569333530e+04 -5.861151776233670535e+05 1.406782775204521716e+08 1.697046545139165223e+07 -9.879902483369677793e+05 4.071457813919470180e+06 4.439952692724716617e+05 -1.306392463852091692e+06 -1.115915616912818514e+06 4.435878186402572901e+05 -9.066092701641485328e+05
7.115806497145679779e+06 1.416119741496142931e+07 1.464160739169684704e+06 9.241010262118303217e+05 6.741628130223653279e+05 9.164149685574424220e+05 -6.242501354063813342e+05 1.721623926333939380e+03 2.944168595506885322e+05 1.697046545139165223e+07 1.530866463798186481e+08 5.740112829489840195e+06 -1.541865356204940006e+06 1.125208168468496297e+06 2.389931764556510607e+05 -4.407414599134313758e+05 1.520293848977750633e+06 -4.533942803942782339e+05
-1.906692987484907499e+06 -2.101332958216779400e+06 -1.524698476198282151e+05 3.619879404317445005e+05 -4.550085051086515887e+05 4.857409980247060303e+05 -1.912679277316990483e+05 -4.273383121205174248e+05 -1.122764603983321867e+05 -9.879902483369677793e+05 5.740112829489840195e+06 3.159303401886430383e+07 1.334454535864966456e+06 -1.873686245436622994e+06 1.134952434556142427e+06 8.575791593310898170e+05 1.332592312818205392e+05 -5.700451708847918781e+05
4.239304539506293368e+05 -3.806871376728434116e+05 -1.381413502326916787e+05 1.554649707110583549e+05 -6.212050060869677282e+02 -2.773934045276081306e+05 -2.067669420791752927e+05 -8.772799814840208273e+04 -2.331073672741339542e+05 4.071457813919470180e+06 -1.541865356204940006e+06 1.334454535864966456e+06 9.392262713364891708e+06 -6.102106674466216418e+02 5.482833224375364807e+04 -8.958189633231806511e+04 -1.348097396361030114e+05 -1.332992539663837524e+05
8.285464667508527637e+05 2.040508789442260284e+06 1.921202977281829808e+05 -3.306383310085915582e+04 -1.216225265362166647e+04 -2.975775130005895044e+05 9.896647289336155518e+04 2.780775855531497291e+04 4.510862032709766208e+04 4.439952692724716617e+05 1.125208168468496297e+06 -1.873686245436622994e+06 -6.102106674466216418e+02 4.960375519004061818e+06 -1.765020076848011813e+05 -5.851778263341381680e+05 -2.346479459384256916e+05 9.678927822847091011e+04
-4.929072074801242561e+05 2.038134576128654880e+05 2.596676304329886334e+05 2.913777357069431455e+05 1.296308108646785877e+04 8.560523978821741184e+04 -4.299317700280252757e+04 2.086713864015124273e+04 3.889845939843770611e+04 -1.306392463852091692e+06 2.389931764556510607e+05 1.134952434556142427e+06 5.482833224375364807e+04 -1.765020076848011813e+05 2.504364548702388071e+06 1.772119285533581569e+05 1.126373803805454081e+05 -3.848256704029639423e+03
-8.074252016805558233e+05 -1.048819276109819999e+06 -1.135576250689764711e+05 7.276103935011723661e+04 5.070616250622572989e+04 -4.136574570494536601e+03 -7.183205245807525353e+04 3.252691079050883491e+04 3.377071702335010195e+04 -1.115915616912818514e+06 -4.407414599134313758e+05 8.575791593310898170e+05 -8.958189633231806511e+04 -5.851778263341381680e+05 1.772119285533581569e+05 2.715305280430487357e+06 2.684366293891785317e+05 1.019482434446170955e+05
4.858327827160409070e+05 4.207173265094291419e+05 8.938269166387977020e+04 1.118805393650035112e+05 1.355040593126308522e+05 1.153527084909898695e+05 -1.683363752635265337e+04 5.511749044066388160e+04 2.440380451303257723e+04 4.435878186402572901e+05 1.520293848977750633e+06 1.332592312818205392e+05 -1.348097396361030114e+05 -2.346479459384256916e+05 1.126373803805454081e+05 2.684366293891785317e+05 1.195881662093919003e+06 8.810794905085965001e+04
-1.371940705495877774e+04 1.598175146822507959e+05 7.366543854154908331e+04 2.268467572872716119e+05 6.878878152229372063e+04 -4.227674151504499605e+04 9.820245370231112247e+03 4.713179453478795040e+04 1.022702551440535717e+04 -9.066092701641485328e+05 -4.533942803942782339e+05 -5.700451708847918781e+05 -1.332992539663837524e+05 9.678927822847091011e+04 -3.848256704029639423e+03 1.019482434446170955e+05 8.810794905085965001e+04 8.748854837246672250e+05
