# lambda=0.8624792104881321
4.988932734521067888e+07 1.239366344152890844e+06 -1.334047892131347326e+05 1.684108364303290145e+05 -1.904055336906611046e+05 9.514585320482814859e+04 1.192113762516804127e+05 -7.125335863399988739e+04 -2.722913774744904367e+04 1.027297251138718799e+06 2.891514809778481256e+06 1.436224621957905823e+06 2.446997720240532653e+05 -4.732391222614275466e+04 -2.817876512978001847e+05 -7.521508983158917545e+03 2.187850383577478351e+05 -2.181347483884844696e+05
1.239366344152890844e+06 2.299482752970770001e+07 1.821852254578404827e+05 -1.130089926584872010e+05 1.532864677662927133e+05 -4.736184272485144174e+04 4.719095352469133650e+04 4.556905170245644695e+04 4.720567362000419234e+04 -5.603566749295543414e+05 5.777742143095199717e+05 1.215091977256471757e+06 -4.353658835192772676e+05 -5.312297386560431187e+04 -4.028425078818578622e+05 1.146403683247274603e+05 1.223987143505296262e+05 3.912589001777215799e+03
-1.334047892131347326e+05 1.821852254578404827e+05 3.989713489331895486e+06 1.986943995526176004e+05 2.917102236571958929e+04 -6.874594269806041666e+03 1.164794377060838633e+04 5.352275568864135494e+03 -2.367981812247985727e+04 7.641588877893945028e+04 -4.904173315615580213e+04 1.404967853111572622e+05 4.844371756944690133e+05 2.493980038191186322e+05 1.299305560433726350e+05 4.316353503453584563e+04 -4.134696856475516688e+04 3.991827416157687549e+04
1.684108364303290145e+05 -1.130089926584872010e+05 1.986943995526176004e+05 2.093563928980908357e+06 5.918955146823012183e+04 -1.525290555590980512e+04 -4.239790241500742923e+03 -2.342456238482218760e+04 -3.550830294278262591e+04 -1.412040372382508940e+05 -4.178238558759912121e+04 -3.416755791561932710e+04 1.667309386628190405e+05 2.341540975932360452e+05 1.841743025530516170e+05 -8.373007819470907270e+04 -1.179679849474489602e+05 -3.673511721366516576e+04
-1.904055336906611046e+05 1.532864677662927133e+05 2.917102236571958929e+04 5.918955146823012183e+04 8.950112270679461071e+05 6.036734912302942575e+03 -1.483126972009010024e+04 -6.558270160046813544e+03 -1.702865395563535003e+03 -1.240845537399357563e+05 1.222675005183616304e+05 -3.986002922069627675e+04 7.427565744396418449e+04 9.885314422612113412e+04 2.943151862951162548e+04 -5.148782163421927544e+04 -3.009098730136422455e+04 1.861423127962752915e+04
9.514585320482814859e+04 -4.736184272485144174e+04 -6.874594269806041666e+03 -1.525290555590980512e+04 6.036734912302942575e+03 3.498993383573602187e+05 -5.494569001368981631e+00 8.859973645529651549e+03 -2.310647012925723175e+03 -2.934347975974293076e+05 2.455292653348000604e+05 -1.739847822197189962e+05 1.355961914421579240e+04 -6.944960404970447598e+03 4.373851346936453774e+04 -6.886793663434144946e+03 5.015516096961438598e+04 1.137015309622295717e+04
1.192113762516804127e+05 4.719095352469133650e+04 1.164794377060838633e+04 -4.239790241500742923e+03 -1.483126972009010024e+04 -5.494569001368981631e+00 2.586416293193742167e+05 -6.028646745836602349e+03 7.591395559956482430e+03 -1.164650703995565564e+05 -1.536854570310050913e+05 -1.149416264866077399e+05 3.331576028817729821e+04 2.703748163729084808e+03 -2.760925571652107919e+03 1.098221135466939268e+04 -1.127577469235166973e+04 -3.816116013140364885e+03
-7.125335863399988739e+04 4.556905170245644695e+04 5.352275568864135494e+03 -2.342456238482218760e+04 -6.558270160046813544e+03 8.859973645529651549e+03 -6.028646745836602349e+03 2.580049815818909265e+05 1.240985141556583403e+04 -3.264409016452015494e+05 1.619083027116361191e+05 5.349417547878807090e+04 -4.235062983610607625e+04 2.806600269652509269e+03 -1.084554085348723493e+04 4.216530743975330552e+03 3.845739648447628861e+04 1.594318305324387438e+04
-2.722913774744904367e+04 4.720567362000419234e+04 -2.367981812247985727e+04 -3.550830294278262591e+04 -1.702865395563535003e+03 -2.310647012925723175e+03 7.591395559956482430e+03 1.240985141556583403e+04 1.238227935259334627e+05 -2.022625031717802049e+05 -8.123989166517259036e+03 -7.245017716533305247e+03 -7.339075800741882631e+03 -7.566194328271222730e+03 -3.351381156131535681e+04 -2.990448150546189936e+03 1.457827824084165513e+04 1.061507663929006594e+04
1.027297251138718799e+06 -5.603566749295543414e+05 7.641588877893945028e+04 -1.412040372382508940e+05 -1.240845537399357563e+05 -2.934347975974293076e+05 -1.164650703995565564e+05 -3.264409016452015494e+05 -2.022625031717802049e+05 1.889536839660552442e+08 -4.043927698286443949e+06 1.356282192010365659e+06 3.481882071061410534e+04 -8.198302675441802712e+05 -1.669353580637099920e+06 1.239803823933219071e+06 -4.242847028142125346e+05 -1.696748677543555968e+05
2.891514809778481256e+06 5.777742143095199717e+05 -4.904173315615580213e+04 -4.178238558759912121e+04 1.222675005183616304e+05 2.455292653348000604e+05 -1.536854570310050913e+05 1.619083027116361191e+05 -8.123989166517259036e+03 -4.043927698286443949e+06 6.731466735567492247e+07 2.651924817806490231e+06 -6.814261748969029868e+05 1.499515332232505607e+05 1.030336141131699260e+05 -3.614215258486411767e+05 3.570876462794810650e+05 2.392275464455248148e+05
1.436224621957905823e+06 1.215091977256471757e+06 1.404967853111572622e+05 -3.416755791561932710e+04 -3.986002922069627675e+04 -1.739847822197189962e+05 -1.149416264866077399e+05 5.349417547878807090e+04 -7.245017716533305247e+03 1.356282192010365659e+06 2.651924817806490231e+06 2.935715147682484984e+07 -3.877942666171884048e+05 1.121462417358395396e+04 -4.889806192143280641e+05 1.221834150653036195e+05 5.040894863147985598e+04 1.756335064338940356e+04
2.446997720240532653e+05 -4.353658835192772676e+05 4.844371756944690133e+05 1.667309386628190405e+05 7.427565744396418449e+04 1.355961914421579240e+04 3.331576028817729821e+04 -4.235062983610607625e+04 -7.339075800741882631e+03 3.481882071061410534e+04 -6.814261748969029868e+05 -3.877942666171884048e+05 1.386852128589143045e+07 5.858759103395099519e+05 2.813544966061701998e+05 -1.241334258681287974e+04 4.726195717915228306e+04 2.997097321928675956e+04
-4.732391222614275466e+04 -5.312297386560431187e+04 2.493980038191186322e+05 2.341540975932360452e+05 9.885314422612113412e+04 -6.944960404970447598e+03 2.703748163729084808e+03 2.806600269652509269e+03 -7.566194328271222730e+03 -8.198302675441802712e+05 1.499515332232505607e+05 1.121462417358395396e+04 5.858759103395099519e+05 4.906161495415491052e+06 2.768474441154769156e+05 -1.249499143240208650e+05 -6.472882609732861602e+04 -6.330952076931863121e+04
-2.817876512978001847e+05 -4.028425078818578622e+05 1.299305560433726350e+05 1.841743025530516170e+05 2.943151862951162548e+04 4.373851346936453774e+04 -2.760925571652107919e+03 -1.084554085348723493e+04 -3.351381156131535681e+04 -1.669353580637099920e+06 1.030336141131699260e+05 -4.889806192143280641e+05 2.813544966061701998e+05 2.768474441154769156e+05 3.243703679826248903e+06 -6.522718167688819813e+04 -6.991204896896235005e+04 -2.800435110335120407e+04
-7.521508983158917545e+03 1.146403683247274603e+05 4.316353503453584563e+04 -8.373007819470907270e+04 -5.148782163421927544e+04 -6.886793663434144946e+03 1.098221135466939268e+04 4.216530743975330552e+03 -2.990448150546189936e+03 1.239803823933219071e+06 -3.614215258486411767e+05 1.221834150653036195e+05 -1.241334258681287974e+04 -1.249499143240208650e+05 -6.522718167688819813e+04 1.534106142790340586e+06 1.764539170234042467e+04 -7.158631116268034020e+03
2.187850383577478351e+05 1.223987143505296262e+05 -4.134696856475516688e+04 -1.179679849474489602e+05 -3.009098730136422455e+04 5.015516096961438598e+04 -1.127577469235166973e+04 3.845739648447628861e+04 1.457827824084165513e+04 -4.242847028142125346e+05 3.570876462794810650e+05 5.040894863147985598e+04 4.726195717915228306e+04 -6.472882609732861602e+04 -6.991204896896235005e+04 1.764539170234042467e+04 1.284496752813826548e+06 1.940036008298796878e+04
-2.181347483884844696e+05 3.912589001777215799e+03 3.991827416157687549e+04 -3.673511721366516576e+04 1.861423127962752915e+04 1.137015309622295717e+04 -3.816116013140364885e+03 1.594318305324387438e+04 1.061507663929006594e+04 -1.696748677543555968e+05 2.392275464455248148e+05 1.756335064338940356e+04 2.997097321928675956e+04 -6.330952076931863121e+04 -2.800435110335120407e+04 -7.158631116268034020e+03 1.940036008298796878e+04 4.814817781794815091e+05
