# lambda=0.7318974550186121
5.945592328309947252e+07 1.391598910515090451e+06 -1.714573646153217880e+06 4.439522918285478954e+05 2.835643580118135433e+05 -9.853877879377419595e+04 -1.277719894928578724e+05 3.172098243188656634e+05 -8.183505860865594877e+04 6.842821170810688287e+06 2.835581158646002412e+06 -2.228231369581885170e+06 1.110917571339008828e+04 -2.641035983558034641e+05 -7.744371025415827753e+05 -5.442117652328045806e+05 -1.568539043557921250e+05 -2.076709055729348038e+05
1.391598910515090451e+06 1.425486042318997718e+07 6.782452223320672056e+05 3.287673656114931800e+05 -1.460897446931167178e+04 -5.740878125813412771e+04 1.293174892846139701e+05 6.093972347467284271e+04 -4.518289307586482028e+04 3.431253883715116419e+06 3.949446004766162019e+06 1.508918760099845240e+06 -9.235464491508319043e+05 1.138385197421635967e+05 -3.837412958493230399e+05 -4.282155646454910748e+05 -6.191776479843112174e+05 6.056533384815591853e+04
-1.714573646153217880e+06 6.782452223320672056e+05 6.199443271444405429e+06 1.639264054264713486e+05 -9.043837993481916783e+04 1.034766211374779814e+05 2.152933763720670322e+04 -3.182036716926898589e+04 -1.608167213670164841e+01 4.795994873178275302e+05 4.838402241135126678e+05 1.325726982046646765e+06 -1.338948635645210452e+05 -7.387404509538036073e+05 -2.723582132310391171e+04 1.084521645493599644e+05 -1.105821866009535297e+05 -1.870279204200607492e+05
4.439522918285478954e+05 3.287673656114931800e+05 1.639264054264713486e+05 2.855312624154015444e+06 2.524295211431101488e+05 1.413249035922910552e+05 1.605243457173564639e+04 2.517933377767059937e+04 6.834717088750191579e+03 2.001609518195411656e+06 1.606392627538047265e+06 -2.682453456936073489e+05 6.545198509027574910e+05 5.820064835579701466e+05 6.533650622783342260e+04 2.695210931816707016e+05 5.884491166208336654e+04 -9.813206794619851280e+04
2.835643580118135433e+05 -1.460897446931167178e+04 -9.043837993481916783e+04 2.524295211431101488e+05 1.022189976902674767e+06 3.689479949775186833e+04 -2.507113339533178441e+04 8.871983903994900174e+03 -1.288272723732446684e+04 3.320629336947815609e+05 8.776915705028666416e+05 3.416908810133610968e+05 5.050309142762653646e+05 3.503511823692042381e+05 1.034726811694908538e+05 8.046317701281348127e+04 4.106389685414810083e+04 -9.146614784950370085e+04
-9.853877879377419595e+04 -5.740878125813412771e+04 1.034766211374779814e+05 1.413249035922910552e+05 3.689479949775186833e+04 5.292945797557748156e+05 3.474431656982368622e+03 -1.849717791462507421e+03 -9.601047763343274710e+03 1.160436114452713635e+06 -4.671383841907929309e+04 1.510314885297174624e+05 1.892923106920022401e+05 1.240673363991443148e+04 2.195583731248429103e+03 8.763095357021329983e+04 1.194082296076139319e+05 -1.756330183293194568e+04
-1.277719894928578724e+05 1.293174892846139701e+05 2.152933763720670322e+04 1.605243457173564639e+04 -2.507113339533178441e+04 3.474431656982368622e+03 2.782562224397202372e+05 4.787980537172289587e+03 -3.360006896161101395e+03 -1.822424527915646904e+05 -2.482929846520057763e+05 7.766051518436403421e+04 -6.447362796547858306e+04 -5.999084158446455695e+04 1.452228376872998524e+04 3.619445415264866460e+04 7.018849621507751181e+03 6.746065263503513415e+04
3.172098243188656634e+05 6.093972347467284271e+04 -3.182036716926898589e+04 2.517933377767059937e+04 8.871983903994900174e+03 -1.849717791462507421e+03 4.787980537172289587e+03 1.400179532597319921e+05 -3.540085952372250517e+02 5.795067241137907695e+04 7.945809365233278368e+04 -2.883286205286424592e+04 -6.886291930088817026e+04 -4.456103463789423404e+04 -8.554515512005462369e+03 6.462995411942943974e+03 2.306472038585216069e+04 1.560261070504177951e+04
-8.183505860865594877e+04 -4.518289307586482028e+04 -1.608167213670164841e+01 6.834717088750191579e+03 -1.288272723732446684e+04 -9.601047763343274710e+03 -3.360006896161101395e+03 -3.540085952372250517e+02 7.119100610042191693e+04 5.050536256811871135e+04 6.415424084288060112e+04 -8.103949266955180792e+04 -2.234603526849983973e+04 3.745537877737407143e+03 3.403485458380171622e+04 1.142184320209048383e+04 1.690079019951198006e+03 1.264557051112094814e+04
6.842821170810688287e+06 3.431253883715116419e+06 4.795994873178275302e+05 2.001609518195411656e+06 3.320629336947815609e+05 1.160436114452713635e+06 -1.822424527915646904e+05 5.795067241137907695e+04 5.050536256811871135e+04 2.365285778569113612e+08 1.005207303312375769e+07 -2.143831899403226562e+06 -1.386676951044383692e+06 -1.024754110018629115e+06 4.110446034954793868e+05 2.358491021776725829e+05 1.788188572520945687e+06 8.490608824282435235e+05
2.835581158646002412e+06 3.949446004766162019e+06 4.838402241135126678e+05 1.606392627538047265e+06 8.776915705028666416e+05 -4.671383841907929309e+04 -2.482929846520057763e+05 7.945809365233278368e+04 6.415424084288060112e+04 1.005207303312375769e+07 5.842414139506466687e+07 3.136481133650461677e+06 -5.788838300265145954e+05 9.650510158144716406e+05 -6.026175995270803105e+05 -5.496543807841581292e+05 -3.096238988309554406e+05 -8.519229151451222424e+04
-2.228231369581885170e+06 1.508918760099845240e+06 1.325726982046646765e+06 -2.682453456936073489e+05 3.416908810133610968e+05 1.510314885297174624e+05 7.766051518436403421e+04 -2.883286205286424592e+04 -8.103949266955180792e+04 -2.143831899403226562e+06 3.136481133650461677e+06 3.693663989754413813e+07 8.533457597081147833e+05 -2.400841860615978076e+05 6.587512934578614659e+04 -3.509077933154629427e+05 3.565770355235919396e+03 -1.186382269200108276e+05
1.110917571339008828e+04 -9.235464491508319043e+05 -1.338948635645210452e+05 6.545198509027574910e+05 5.050309142762653646e+05 1.892923106920022401e+05 -6.447362796547858306e+04 -6.886291930088817026e+04 -2.234603526849983973e+04 -1.386676951044383692e+06 -5.788838300265145954e+05 8.533457597081147833e+05 1.067053864049342275e+07 1.274913321002931567e+06 1.936219142188536061e+05 5.015544435509321047e+05 1.360979799220705172e+05 -3.370530094291424030e+05
-2.641035983558034641e+05 1.138385197421635967e+05 -7.387404509538036073e+05 5.820064835579701466e+05 3.503511823692042381e+05 1.240673363991443148e+04 -5.999084158446455695e+04 -4.456103463789423404e+04 3.745537877737407143e+03 -1.024754110018629115e+06 9.650510158144716406e+05 -2.400841860615978076e+05 1.274913321002931567e+06 9.098492980006970465e+06 2.998069419410596602e+05 2.334125684124002000e+05 -9.185922672777027765e+04 -1.658379553074335563e+05
-7.744371025415827753e+05 -3.837412958493230399e+05 -2.723582132310391171e+04 6.533650622783342260e+04 1.034726811694908538e+05 2.195583731248429103e+03 1.452228376872998524e+04 -8.554515512005462369e+03 3.403485458380171622e+04 4.110446034954793868e+05 -6.026175995270803105e+05 6.587512934578614659e+04 1.936219142188536061e+05 2.998069419410596602e+05 2.838478027725411113e+06 2.860817873048830079e+05 1.422019500759797520e+05 6.496776009886495012e+04
-5.442117652328045806e+05 -4.282155646454910748e+05 1.084521645493599644e+05 2.695210931816707016e+05 8.046317701281348127e+04 8.763095357021329983e+04 3.619445415264866460e+04 6.462995411942943974e+03 1.142184320209048383e+04 2.358491021776725829e+05 -5.496543807841581292e+05 -3.509077933154629427e+05 5.015544435509321047e+05 2.334125684124002000e+05 2.860817873048830079e+05 1.473998052086663898e+06 2.009359869203469716e+05 -1.596972563086743321e+04
-1.568539043557921250e+05 -6.191776479843112174e+05 -1.105821866009535297e+05 5.884491166208336654e+04 4.106389685414810083e+04 1.194082296076139319e+05 7.018849621507751181e+03 2.306472038585216069e+04 1.690079019951198006e+03 1.788188572520945687e+06 -3.096238988309554406e+05 3.565770355235919396e+03 1.360979799220705172e+05 -9.185922672777027765e+04 1.422019500759797520e+05 2.009359869203469716e+05 1.582776459483937593e+06 8.257641715319784998e+04
-2.076709055729348038e+05 6.056533384815591853e+04 -1.870279204200607492e+05 -9.813206794619851280e+04 -9.146614784950370085e+04 -1.756330183293194568e+04 6.746065263503513415e+04 1.560261070504177951e+04 1.264557051112094814e+04 8.490608824282435235e+05 -8.519229151451222424e+04 -1.186382269200108276e+05 -3.370530094291424030e+05 -1.658379553074335563e+05 6.496776009886495012e+04 -1.596972563086743321e+04 8.257641715319784998e+04 7.753670355624664808e+05
