# lambda=0.8061514308076706
4.032270001073131710e+07 -6.080102874797729310e+05 2.356440074689851026e+05 -3.123566116637478699e+05 1.372804654497780939e+04 -1.386867953755776107e+05 3.542634780002371408e+05 3.660343548080667824e+04 5.529759315099820924e+03 3.534075901497786399e+06 1.191676247771156341e+05 -2.338405033095251420e+05 -4.851021975858297665e+05 -3.806889281051010767e+04 2.105084415001642774e+05 4.111463686486936058e+05 -4.556811553314814228e+05 -2.376799848445614916e+05
-6.080102874797729310e+05 1.695892105008349568e+07 7.031020558957880130e+05 1.612280149393502506e+05 -7.857875451928745315e+04 9.243949704483285313e+04 -8.529623360569753277e+04 -3.814088736496471392e+04 -2.944445172335230745e+04 -2.599234098776514176e+06 3.520845443204196170e+06 1.278761499983828980e+05 8.815678754594190978e+05 2.507151956233833916e+05 -1.816140406475404452e+05 4.498279025754032045e+04 1.018521722349983320e+05 4.122393313793622656e+04
2.356440074689851026e+05 7.031020558957880130e+05 6.764390865663644858e+06 2.228518911455599009e+05 -9.549876237203647179e+03 1.289826016774549644e+05 -4.286018036681497324e+04 5.996999176346362219e+03 4.603888973939805874e+04 1.831607198527677683e+06 5.458844160666664829e+05 4.498732601066964562e+05 2.157954552683620132e+05 5.030334191166586825e+05 2.377560930321896449e+05 1.594416238334719965e+05 -4.916037446508615540e+04 2.282047809077310831e+03
-3.123566116637478699e+05 1.612280149393502506e+05 2.228518911455599009e+05 1.435963481900337618e+06 1.253005648277459295e+04 1.970726668175444865e+04 -6.189341531966547336e+03 -1.995559587088321678e+03 1.082011442978379819e+04 -1.059903236496004276e+06 4.721675430126891588e+05 1.756776991264918470e+05 -2.288575880604735357e+04 9.796376626014435897e+04 -1.408849419113318145e+05 -6.396746663817291846e+04 -3.569368956749789504e+04 -1.237279433522277941e+04
1.372804654497780939e+04 -7.857875451928745315e+04 -9.549876237203647179e+03 1.253005648277459295e+04 8.398981031352997525e+05 -3.426789621408542735e+04 2.726717921022100199e+04 -1.483362169271062703e+04 1.007361202419637812e+04 9.211689213019961608e+04 -3.456068963763330830e+05 -3.581557308634532092e+04 4.608294093483977485e+04 8.652429962488776073e+04 -7.900974486072087893e+04 4.243336428006554115e+02 -6.817168091894451936e+04 6.522262875984268612e+04
-1.386867953755776107e+05 9.243949704483285313e+04 1.289826016774549644e+05 1.970726668175444865e+04 -3.426789621408542735e+04 3.252983396956989309e+05 -1.553595080765826606e+04 -1.757440817952062207e+04 -5.892763169061377084e+03 1.644330087427893595e+05 2.594288867311433132e+05 8.508364161614430486e+04 -5.597850423497638985e+04 7.890590981398260919e+04 5.683118936646292423e+04 5.918043275243453536e+04 -4.063814322344345783e+03 -2.216356170429415215e+04
3.542634780002371408e+05 -8.529623360569753277e+04 -4.286018036681497324e+04 -6.189341531966547336e+03 2.726717921022100199e+04 -1.553595080765826606e+04 3.229959837693595327e+05 1.241979344831972185e+03 -6.679829840315560432e+03 1.960693187091869186e+05 -1.373782095314283797e+05 -6.861336777468246873e+04 -4.770319070000211070e+01 4.389778704539925820e+04 2.619586121906319931e+03 1.579481986630568463e+04 -3.715919203996975557e+04 1.861407619290693037e+04
3.660343548080667824e+04 -3.814088736496471392e+04 5.996999176346362219e+03 -1.995559587088321678e+03 -1.483362169271062703e+04 -1.757440817952062207e+04 1.241979344831972185e+03 1.929011886023175030e+05 2.852040192228885189e+02 1.070197615131134662e+05 -4.857274055677537399e+04 -4.725229896183162055e+03 -2.347798723527410039e+04 -6.823550798321959155e+04 1.415433893770076429e+04 -2.256748982473702199e+04 2.478119833507244402e+04 -1.627210242201730580e+04
5.529759315099820924e+03 -2.944445172335230745e+04 4.603888973939805874e+04 1.082011442978379819e+04 1.007361202419637812e+04 -5.892763169061377084e+03 -6.679829840315560432e+03 2.852040192228885189e+02 1.292007454094459681e+05 1.248693274023023405e+05 2.864719319320345676e+04 -1.533447777194913397e+04 -5.116747547164052230e+04 1.672627909901012754e+04 -2.624330019289296615e+03 5.406532381568281380e+03 -7.410355608249389661e+03 5.563532121624062711e+03
3.534075901497786399e+06 -2.599234098776514176e+06 1.831607198527677683e+06 -1.059903236496004276e+06 9.211689213019961608e+04 1.644330087427893595e+05 1.960693187091869186e+05 1.070197615131134662e+05 1.248693274023023405e+05 2.678892668460955024e+08 -6.492608372996845283e+06 2.729806279060215224e+06 -3.832407052121305373e+06 1.431908276832222939e+06 7.696112039647478377e+05 7.418916552259295713e+04 8.491702510658219690e+05 -3.103838132543392021e+03
1.191676247771156341e+05 3.520845443204196170e+06 5.458844160666664829e+05 4.721675430126891588e+05 -3.456068963763330830e+05 2.594288867311433132e+05 -1.373782095314283797e+05 -4.857274055677537399e+04 2.864719319320345676e+04 -6.492608372996845283e+06 6.407500842080476135e+07 9.986573211154661840e+05 -2.865356424232353456e+05 -1.003989069272574619e+06 -2.306254582351533754e+05 1.447596489036587882e+05 -6.456316763413322042e+04 -3.214283124307063408e+05
-2.338405033095251420e+05 1.278761499983828980e+05 4.498732601066964562e+05 1.756776991264918470e+05 -3.581557308634532092e+04 8.508364161614430486e+04 -6.861336777468246873e+04 -4.725229896183162055e+03 -1.533447777194913397e+04 2.729806279060215224e+06 9.986573211154661840e+05 7.177109131479172967e+06 -7.725367491483376361e+05 9.864720524814148666e+04 1.420190659820546862e+05 -1.011492449230526654e+04 2.044583587596255529e+05 -1.034343482378888002e+05
-4.851021975858297665e+05 8.815678754594190978e+05 2.157954552683620132e+05 -2.288575880604735357e+04 4.608294093483977485e+04 -5.597850423497638985e+04 -4.770319070000211070e+01 -2.347798723527410039e+04 -5.116747547164052230e+04 -3.832407052121305373e+06 -2.865356424232353456e+05 -7.725367491483376361e+05 8.876554396635720506e+06 5.838935326568382152e+03 -7.103530858945709770e+04 -1.430368895491492876e+05 -1.455848915378875681e+05 1.694711869419576833e+05
-3.806889281051010767e+04 2.507151956233833916e+05 5.030334191166586825e+05 9.796376626014435897e+04 8.652429962488776073e+04 7.890590981398260919e+04 4.389778704539925820e+04 -6.823550798321959155e+04 1.672627909901012754e+04 1.431908276832222939e+06 -1.003989069272574619e+06 9.864720524814148666e+04 5.838935326568382152e+03 5.549128826108978130e+06 1.327470360288080992e+05 1.686506055229137128e+05 3.662403758396253397e+04 5.521801710165508121e+04
2.105084415001642774e+05 -1.816140406475404452e+05 2.377560930321896449e+05 -1.408849419113318145e+05 -7.900974486072087893e+04 5.683118936646292423e+04 2.619586121906319931e+03 1.415433893770076429e+04 -2.624330019289296615e+03 7.696112039647478377e+05 -2.306254582351533754e+05 1.420190659820546862e+05 -7.103530858945709770e+04 1.327470360288080992e+05 2.316898540537529159e+06 1.808410271068975562e+05 4.652223245604308613e+04 -3.595761944323082571e+04
4.111463686486936058e+05 4.498279025754032045e+04 1.594416238334719965e+05 -6.396746663817291846e+04 4.243336428006554115e+02 5.918043275243453536e+04 1.579481986630568463e+04 -2.256748982473702199e+04 5.406532381568281380e+03 7.418916552259295713e+04 1.447596489036587882e+05 -1.011492449230526654e+04 -1.430368895491492876e+05 1.686506055229137128e+05 1.808410271068975562e+05 1.156387228802112630e+06 -3.734987739560559567e+04 1.112055724830980125e+03
-4.556811553314814228e+05 1.018521722349983320e+05 -4.916037446508615540e+04 -3.569368956749789504e+04 -6.817168091894451936e+04 -4.063814322344345783e+03 -3.715919203996975557e+04 2.478119833507244402e+04 -7.410355608249389661e+03 8.491702510658219690e+05 -6.456316763413322042e+04 2.044583587596255529e+05 -1.455848915378875681e+05 3.662403758396253397e+04 4.652223245604308613e+04 -3.734987739560559567e+04 9.874926381470920751e+05 1.848029134774280465e+04
-2.376799848445614916e+05 4.122393313793622656e+04 2.282047809077310831e+03 -1.237279433522277941e+04 6.522262875984268612e+04 -2.216356170429415215e+04 1.861407619290693037e+04 -1.627210242201730580e+04 5.563532121624062711e+03 -3.103838132543392021e+03 -3.214283124307063408e+05 -1.034343482378888002e+05 1.694711869419576833e+05 5.521801710165508121e+04 -3.595761944323082571e+04 1.112055724830980125e+03 1.848029134774280465e+04 6.824247822493985295e+05
