# lambda=0.609455109528603
6.471872152778780460e+07 8.276916817327331519e+05 -1.041268204428073950e+06 1.445352655466649914e+06 -2.938724032941210316e+05 5.675847443217850523e+05 -8.614189892053043877e+04 1.444154403222554538e+04 -1.582593151417515764e+05 8.799408030276482925e+06 9.488611286921001971e+06 1.788162771420667181e+06 6.433811694555648137e+05 1.541453997098753462e+06 9.474286667687037261e+05 -8.344246992738522822e+05 -4.619177172603552463e+05 -9.578933745169686154e+05
8.276916817327331519e+05 2.084483919380448014e+07 -2.789305199126127409e+05 -9.404993985142402817e+05 -7.600080270541366190e+05 -7.640022933099976217e+04 -1.777256092869748245e+05 4.399380326318848529e+04 -8.090483295288318004e+03 9.263973799511093646e+06 7.018945022060276009e+06 2.512565019736420363e+05 -1.082273675346723525e+06 -2.201156184047771967e+05 -4.726162617324307794e+05 5.596165484264687257e+04 -7.819911568226058735e+05 -2.822131623597615981e+05
-1.041268204428073950e+06 -2.789305199126127409e+05 2.879421645764243323e+06 1.209205553455585032e+05 2.690678077384193894e+05 1.256820101981586631e+05 2.988733388952666792e+04 -9.808534450782615750e+03 1.824296880290001582e+03 -8.910287377511200029e+05 -1.294063939256546437e+05 9.426854360267641023e+05 1.173313749079645349e+05 -3.122999000199547154e+05 2.002212548010385071e+05 -4.418148852596422512e+04 8.833233074183952340e+03 4.904621929538733821e+04
1.445352655466649914e+06 -9.404993985142402817e+05 1.209205553455585032e+05 3.494314817875403911e+06 1.666978247275693866e+05 -8.022700855330788272e+02 1.053600689898769633e+05 -1.546891845185905549e+04 -5.374762772778341969e+03 1.177221947747904342e+06 -1.424695525616918923e+06 1.190994330999386730e+06 1.014331609640156501e+06 -2.961259421479115263e+05 2.789561143898852170e+05 -5.424495621020910039e+04 -6.432160935787186463e+04 -7.726822326731144130e+03
-2.938724032941210316e+05 -7.600080270541366190e+05 2.690678077384193894e+05 1.666978247275693866e+05 1.346717915993326111e+06 1.387044168105615536e+05 3.678895953536126763e+04 -2.624098900435735050e+04 1.975148242251639385e+04 2.213336064817105886e+06 5.957979185218065977e+05 -3.229182313289594022e+05 1.004579189871763811e+05 1.363933305352381722e+05 3.295728094169371761e+05 -3.949780648199578718e+04 3.099958811252196392e+04 -5.523866339686686842e+04
5.675847443217850523e+05 -7.640022933099976217e+04 1.256820101981586631e+05 -8.022700855330788272e+02 1.387044168105615536e+05 5.951487215387501055e+05 8.575621043398894471e+03 1.311879858222888288e+04 1.641409596290683839e+04 1.247482485395218711e+06 1.494614351298537105e+06 -1.809774072365866741e+05 1.301005931514065887e+05 -2.626797973716186243e+04 2.967106193810202531e+05 7.596098101515439339e+04 5.691089543115259585e+04 -6.496040906533144880e+04
-8.614189892053043877e+04 -1.777256092869748245e+05 2.988733388952666792e+04 1.053600689898769633e+05 3.678895953536126763e+04 8.575621043398894471e+03 3.319600378116783104e+05 1.529031552323424876e+04 -4.148173185063576966e+03 -9.534304079782073386e+05 -6.066348813369603886e+04 -8.879172502163821264e+03 -4.802523080216808739e+04 -4.192699136334934155e+04 1.446575877475531888e+05 6.977889589457483453e+03 2.963654025046981042e+04 -6.769259411180112511e+04
1.444154403222554538e+04 4.399380326318848529e+04 -9.808534450782615750e+03 -1.546891845185905549e+04 -2.624098900435735050e+04 1.311879858222888288e+04 1.529031552323424876e+04 1.329307365759532840e+05 1.371811671878024572e+04 -2.233011336716405640e+04 -4.733627611326366896e+05 -3.036859168901430530e+04 6.637456016793446906e+04 -8.228564822036933037e+04 -5.271887964179207484e+04 3.088288485889261938e+04 6.006525570812953083e+04 2.209260095841378586e+02
-1.582593151417515764e+05 -8.090483295288318004e+03 1.824296880290001582e+03 -5.374762772778341969e+03 1.975148242251639385e+04 1.641409596290683839e+04 -4.148173185063576966e+03 1.371811671878024572e+04 8.574345386075216811e+04 1.116035342601507582e+05 -1.324269273575213629e+04 -1.116583784937604505e+05 3.342649246454842796e+04 -4.916125839162875491e+04 -1.979270667340364889e+04 2.123731753816983110e+04 1.125026071088100070e+04 2.568644212203314964e+04
8.799408030276482925e+06 9.263973799511093646e+06 -8.910287377511200029e+05 1.177221947747904342e+06 2.213336064817105886e+06 1.247482485395218711e+06 -9.534304079782073386e+05 -2.233011336716405640e+04 1.116035342601507582e+05 2.322506497781678438e+08 2.710378550325514749e+07 -1.143748298226038925e+06 2.066118114144441672e+06 1.043643598701070761e+06 2.907695197138452902e+06 -8.496365316129451385e+05 1.238491541822427389e+05 -3.920484808915490867e+05
9.488611286921001971e+06 7.018945022060276009e+06 -1.294063939256546437e+05 -1.424695525616918923e+06 5.957979185218065977e+05 1.494614351298537105e+06 -6.066348813369603886e+04 -4.733627611326366896e+05 -1.324269273575213629e+04 2.710378550325514749e+07 1.097769138710063994e+08 9.850624765544299735e+05 -3.434877728686424904e+06 -9.109406807815025095e+05 4.010359717834327370e+06 1.423202774614025257e+05 -7.959014955724227475e+05 -1.000543831855415017e+06
1.788162771420667181e+06 2.512565019736420363e+05 9.426854360267641023e+05 1.190994330999386730e+06 -3.229182313289594022e+05 -1.809774072365866741e+05 -8.879172502163821264e+03 -3.036859168901430530e+04 -1.116583784937604505e+05 -1.143748298226038925e+06 9.850624765544299735e+05 1.722240243729636073e+07 7.417707091627519112e+05 -1.765842909691153094e+06 7.761670548777480144e+05 -4.396650952718161861e+05 -3.478474990483575966e+05 3.490288491544400313e+04
6.433811694555648137e+05 -1.082273675346723525e+06 1.173313749079645349e+05 1.014331609640156501e+06 1.004579189871763811e+05 1.301005931514065887e+05 -4.802523080216808739e+04 6.637456016793446906e+04 3.342649246454842796e+04 2.066118114144441672e+06 -3.434877728686424904e+06 7.417707091627519112e+05 1.442867179702919722e+07 3.304027734016428003e+05 -7.639547553221243434e+05 -1.539693716783975251e+05 7.869454218595183920e+05 4.446274961561128730e+05
1.541453997098753462e+06 -2.201156184047771967e+05 -3.122999000199547154e+05 -2.961259421479115263e+05 1.363933305352381722e+05 -2.626797973716186243e+04 -4.192699136334934155e+04 -8.228564822036933037e+04 -4.916125839162875491e+04 1.043643598701070761e+06 -9.109406807815025095e+05 -1.765842909691153094e+06 3.304027734016428003e+05 4.079190055957571603e+06 3.886864745692288852e+04 -1.165036467319431686e+05 8.409012868633370090e+04 7.921769016050094251e+03
9.474286667687037261e+05 -4.726162617324307794e+05 2.002212548010385071e+05 2.789561143898852170e+05 3.295728094169371761e+05 2.967106193810202531e+05 1.446575877475531888e+05 -5.271887964179207484e+04 -1.979270667340364889e+04 2.907695197138452902e+06 4.010359717834327370e+06 7.761670548777480144e+05 -7.639547553221243434e+05 3.886864745692288852e+04 4.783745422927560285e+06 3.385880309044838214e+04 -2.255023740845042266e+04 -1.734288072766311816e+05
-8.344246992738522822e+05 5.596165484264687257e+04 -4.418148852596422512e+04 -5.424495621020910039e+04 -3.949780648199578718e+04 7.596098101515439339e+04 6.977889589457483453e+03 3.088288485889261938e+04 2.123731753816983110e+04 -8.496365316129451385e+05 1.423202774614025257e+05 -4.396650952718161861e+05 -1.539693716783975251e+05 -1.165036467319431686e+05 3.385880309044838214e+04 9.457996032451055944e+05 3.693842657824479375e+03 5.605372406333532126e+03
-4.619177172603552463e+05 -7.819911568226058735e+05 8.833233074183952340e+03 -6.432160935787186463e+04 3.099958811252196392e+04 5.691089543115259585e+04 2.963654025046981042e+04 6.006525570812953083e+04 1.125026071088100070e+04 1.238491541822427389e+05 -7.959014955724227475e+05 -3.478474990483575966e+05 7.869454218595183920e+05 8.409012868633370090e+04 -2.255023740845042266e+04 3.693842657824479375e+03 1.047472212451579631e+06 1.142411085723697761e+05
-9.578933745169686154e+05 -2.822131623597615981e+05 4.904621929538733821e+04 -7.726822326731144130e+03 -5.523866339686686842e+04 -6.496040906533144880e+04 -6.769259411180112511e+04 2.209260095841378586e+02 2.568644212203314964e+04 -3.920484808915490867e+05 -1.000543831855415017e+06 3.490288491544400313e+04 4.446274961561128730e+05 7.921769016050094251e+03 -1.734288072766311816e+05 5.605372406333532126e+03 1.142411085723697761e+05 4.619321713529261760e+05
