# lambda=0.7331195532852708
4.674588271273889393e+07 9.849975788750660140e+05 -3.900637832773817354e+05 4.571457367624215549e+05 2.698244228984907386e+05 -6.059481006827130477e+04 2.447096730890833715e+05 -8.741541326506124460e+04 1.879983422609477711e+05 1.570590267578556389e+07 3.423983523022231180e+06 -4.490318670571499388e+05 -1.724046005690973951e+06 -9.343960631068011280e+05 -1.455756522347859340e+06 -7.972664806954737287e+05 8.069645699599834625e+05 9.538739520635223016e+04
9.849975788750660140e+05 1.938545130517709628e+07 6.791423452044383157e+05 7.680211474909927929e+05 6.380045380229022703e+04 2.717406231218072353e+05 -8.857854817556367198e+04 -7.123384628464105481e+04 2.471846124805276122e+04 -4.745359543830920942e+06 1.570521636013985379e+06 -1.593628865378856193e+06 5.954714988658694783e+05 6.550273474116954021e+05 1.462023200562686543e+05 1.891465402931001154e+05 6.027420233486848883e+04 -3.390927564007219626e+05
-3.900637832773817354e+05 6.791423452044383157e+05 2.352762001977979671e+06 3.207591077986523160e+05 2.467536662636186520e+05 1.157480074506288802e+05 2.533375077217157013e+04 5.798516258523811848e+04 7.093419370228735716e+03 -2.248944681756189559e+06 1.488962841038306942e+05 6.020342819705761503e+05 5.330597057035965845e+05 4.559396520014170092e+05 3.970679432648883085e+04 1.956764072469130333e+05 9.903415116279102222e+04 -1.012660269662625360e+05
4.571457367624215549e+05 7.680211474909927929e+05 3.207591077986523160e+05 2.536507948148525320e+06 2.073256427434330690e+05 8.412100865945218538e+04 3.172559981043634252e+04 4.749262600595911499e+04 4.827747190270847932e+04 -6.353247267410928616e+05 6.910333950413019629e+05 5.303088306683955016e+05 6.593423098111717263e+05 4.748416991183758364e+05 -2.257471568417473463e+05 -1.072404167161048681e+05 1.156570949239416805e+05 -3.136773653107193604e+04
2.698244228984907386e+05 6.380045380229022703e+04 2.467536662636186520e+05 2.073256427434330690e+05 9.165990650534960441e+05 9.118461765939522593e+04 4.670328788646978501e+04 1.834421694782918712e+04 -4.263653664131455798e+02 1.757482295057160081e+05 -7.175897498296384583e+04 5.708957184274628526e+05 3.129472170993137988e+05 2.134147482537364995e+05 -1.158989416926266567e+05 2.109605331327894237e+04 1.217465540671792987e+05 -6.553824058798931947e+04
-6.059481006827130477e+04 2.717406231218072353e+05 1.157480074506288802e+05 8.412100865945218538e+04 9.118461765939522593e+04 5.137374729180141585e+05 2.511262754413753646e+04 -4.422864096747993244e+03 -1.443733846083474418e+04 2.423491018093353887e+03 2.997863515505253235e+04 4.898994535361345042e+05 2.256639383539971022e+05 1.389007680626680376e+05 4.097443840198366524e+04 4.006988229142173077e+04 5.108929355832548026e+04 -1.521843468824162846e+04
2.447096730890833715e+05 -8.857854817556367198e+04 2.533375077217157013e+04 3.172559981043634252e+04 4.670328788646978501e+04 2.511262754413753646e+04 2.294736261654862319e+05 3.249760538343926328e+03 3.508120245595788674e+03 5.450479414524048334e+05 1.141643773957846679e+04 1.808384357055045548e+05 -1.610064066682487028e+05 2.195666586164144610e+04 -1.582670139896941146e+04 3.981425591306135175e+03 -1.840049292413961666e+03 -2.259649687465259558e+04
-8.741541326506124460e+04 -7.123384628464105481e+04 5.798516258523811848e+04 4.749262600595911499e+04 1.834421694782918712e+04 -4.422864096747993244e+03 3.249760538343926328e+03 1.300831666834357020e+05 -2.111737779715695069e+03 -5.618909009108070750e+05 -4.744353393632986263e+04 6.081194882889447763e+04 1.926118187964170647e+04 2.234122561474678150e+04 7.673130949392852926e+03 -1.823145940193541537e+04 1.190543586824166232e+04 -6.520061400392243740e+03
1.879983422609477711e+05 2.471846124805276122e+04 7.093419370228735716e+03 4.827747190270847932e+04 -4.263653664131455798e+02 -1.443733846083474418e+04 3.508120245595788674e+03 -2.111737779715695069e+03 1.155276612387599016e+05 5.119813053627402405e+05 2.122928397485514870e+05 9.995603046301954600e+04 -1.085308774699757487e+05 -6.822788837076986965e+02 4.100358712974663831e+03 6.161564131386388681e+02 1.675314253011361870e+04 3.859973044656777347e+04
1.570590267578556389e+07 -4.745359543830920942e+06 -2.248944681756189559e+06 -6.353247267410928616e+05 1.757482295057160081e+05 2.423491018093353887e+03 5.450479414524048334e+05 -5.618909009108070750e+05 5.119813053627402405e+05 3.111820633334551454e+08 3.004694063983942382e+06 2.257827382075684611e+06 -6.521756501861160621e+06 -3.757833354183299467e+06 -4.019499597850668710e+06 -1.565972536791965365e+06 1.191504876508836634e+06 1.613273725222659064e+06
3.423983523022231180e+06 1.570521636013985379e+06 1.488962841038306942e+05 6.910333950413019629e+05 -7.175897498296384583e+04 2.997863515505253235e+04 1.141643773957846679e+04 -4.744353393632986263e+04 2.122928397485514870e+05 3.004694063983942382e+06 5.297369160085587949e+07 -3.492408071467632893e+06 -1.394980433980418136e+06 -7.234906290558604524e+05 7.832352423550253734e+05 1.968473347708771471e+05 1.062622497088911710e+06 6.874522018374687759e+05
-4.490318670571499388e+05 -1.593628865378856193e+06 6.020342819705761503e+05 5.303088306683955016e+05 5.708957184274628526e+05 4.898994535361345042e+05 1.808384357055045548e+05 6.081194882889447763e+04 9.995603046301954600e+04 2.257827382075684611e+06 -3.492408071467632893e+06 3.385899096144133061e+07 2.219942914787832182e+06 1.064903912262053927e+06 -2.878998339831977501e+05 3.694019024926984566e+05 -3.306900461869719584e+04 8.233355127681356680e+04
-1.724046005690973951e+06 5.954714988658694783e+05 5.330597057035965845e+05 6.593423098111717263e+05 3.129472170993137988e+05 2.256639383539971022e+05 -1.610064066682487028e+05 1.926118187964170647e+04 -1.085308774699757487e+05 -6.521756501861160621e+06 -1.394980433980418136e+06 2.219942914787832182e+06 1.465311875684505701e+07 1.362796098716523964e+06 -6.013767319928356446e+05 -1.227762907033456395e+04 4.596413828606796596e+04 -2.068908903240191285e+05
-9.343960631068011280e+05 6.550273474116954021e+05 4.559396520014170092e+05 4.748416991183758364e+05 2.134147482537364995e+05 1.389007680626680376e+05 2.195666586164144610e+04 2.234122561474678150e+04 -6.822788837076986965e+02 -3.757833354183299467e+06 -7.234906290558604524e+05 1.064903912262053927e+06 1.362796098716523964e+06 4.901923103310691193e+06 2.695478454059847081e+03 1.013420516779031750e+05 6.668846052343962947e+04 2.284061927106855001e+04
-1.455756522347859340e+06 1.462023200562686543e+05 3.970679432648883085e+04 -2.257471568417473463e+05 -1.158989416926266567e+05 4.097443840198366524e+04 -1.582670139896941146e+04 7.673130949392852926e+03 4.100358712974663831e+03 -4.019499597850668710e+06 7.832352423550253734e+05 -2.878998339831977501e+05 -6.013767319928356446e+05 2.695478454059847081e+03 3.535398694537781645e+06 3.217410919372932985e+05 -5.043115694031029852e+04 5.822900263063681632e+04
-7.972664806954737287e+05 1.891465402931001154e+05 1.956764072469130333e+05 -1.072404167161048681e+05 2.109605331327894237e+04 4.006988229142173077e+04 3.981425591306135175e+03 -1.823145940193541537e+04 6.161564131386388681e+02 -1.565972536791965365e+06 1.968473347708771471e+05 3.694019024926984566e+05 -1.227762907033456395e+04 1.013420516779031750e+05 3.217410919372932985e+05 1.148591439660476753e+06 -3.186604640474926782e+04 -3.380866547597292083e+04
8.069645699599834625e+05 6.027420233486848883e+04 9.903415116279102222e+04 1.156570949239416805e+05 1.217465540671792987e+05 5.108929355832548026e+04 -1.840049292413961666e+03 1.190543586824166232e+04 1.675314253011361870e+04 1.191504876508836634e+06 1.062622497088911710e+06 -3.306900461869719584e+04 4.596413828606796596e+04 6.668846052343962947e+04 -5.043115694031029852e+04 -3.186604640474926782e+04 1.011852944235868752e+06 9.617865564739450929e+04
9.538739520635223016e+04 -3.390927564007219626e+05 -1.012660269662625360e+05 -3.136773653107193604e+04 -6.553824058798931947e+04 -1.521843468824162846e+04 -2.259649687465259558e+04 -6.520061400392243740e+03 3.859973044656777347e+04 1.613273725222659064e+06 6.874522018374687759e+05 8.233355127681356680e+04 -2.068908903240191285e+05 2.284061927106855001e+04 5.822900263063681632e+04 -3.380866547597292083e+04 9.617865564739450929e+04 8.644762696401383728e+05
