# s_min=17
4.576400167152076960e+07 7.227634926317742094e+06 -1.807249187684739474e+06 1.239399123495485168e+06 5.260923459334732033e+05 6.895514286570055410e+05 1.090294026737433596e+05 2.118909705027512100e+05 9.403223684316589497e+05 3.241222170515788347e+07 -2.208179545366812032e+06 -8.113635234944111668e+06 -7.838904001456025988e+06 5.601477905275085941e+05 3.295151965204195119e+06 -1.025616370921314927e+06 1.010948254831768805e+06 5.260781631833465071e+05
7.227634926317743957e+06 2.584267720377912372e+07 4.251862491671056487e+06 1.351748557476500515e+06 1.534204838755542878e+06 -7.454535557390480535e+05 -2.763612335531949648e+05 2.976195617152585182e+05 4.087685097728290129e+05 2.068639833055913821e+07 8.022574925002140924e+06 -1.354660794147489825e+06 -1.869573097958142404e+06 -2.577571902963278117e+05 -7.474492667192168301e+05 1.010385458888227586e+06 3.541409692357029999e+05 1.067177960959241726e+06
-1.807249187684739241e+06 4.251862491671056487e+06 7.017835996936465614e+06 8.077235865569091402e+05 6.089289127949920949e+05 -9.781734201769406209e+05 -1.141610609030325140e+05 2.657784819496813579e+05 4.536973079782850982e+04 -3.745923298379941378e+06 -7.212463525739342440e+05 2.063196604483887786e+06 2.441148656226335152e+05 1.058714604174196429e+05 -8.618194261428163154e+05 1.237095540735260438e+05 -3.172837154979741317e+05 -6.686000581550817878e+04
1.239399123495485168e+06 1.351748557476500515e+06 8.077235865569092566e+05 6.292216851077197120e+06 3.658691385228603031e+05 -1.407692347093961143e+05 -4.380766073575908085e+05 -2.466010724231980857e+05 -5.071900674133455323e+04 -7.518537873457890935e+06 1.115519465033371234e+06 -3.178889624431405216e+06 -5.411301274772554170e+05 5.632995481735506473e+04 -9.211848121545749018e+05 -7.761132363764039474e+05 -4.205075244278709288e+05 -1.166021125689481385e+06
5.260923459334732033e+05 1.534204838755542878e+06 6.089289127949920949e+05 3.658691385228603031e+05 3.066295523424733896e+06 2.578503650342645415e+05 -1.635836298455439683e+05 2.773990189712186111e+04 3.142612344300629338e+05 7.736817822074228898e+06 -1.374814696576246759e+06 9.165455653454907006e+05 9.042474163928739727e+05 8.912239325934252702e+05 2.563566223026813241e+05 -1.873507541016586183e+05 4.358906148079992854e+05 1.012317858537116554e+06
6.895514286570056574e+05 -7.454535557390480535e+05 -9.781734201769406209e+05 -1.407692347093961143e+05 2.578503650342644833e+05 1.769612941472120117e+06 -2.714564061518359449e+04 -2.957784123736190377e+05 2.073139685743078589e+05 3.888956761846960057e+06 -1.911823859559994889e+06 8.626204499511930626e+05 -6.837194966002885485e+05 -2.853560733247296303e+05 -6.501560438901351881e+04 -4.337299135752613656e+05 2.386675220741739031e+05 -1.899662944964366325e+05
1.090294026737433887e+05 -2.763612335531950230e+05 -1.141610609030325431e+05 -4.380766073575908085e+05 -1.635836298455439683e+05 -2.714564061518360541e+04 1.535577669803072466e+06 2.903163719326640712e+05 1.891736429211710638e+05 1.597839264073930448e+06 -2.878715745266919024e+06 -1.721054407092108158e+05 2.493836067189703463e+05 7.605873158860420808e+05 2.611558202511380368e+05 4.538634255445981398e+05 1.044528667568576988e+06 -3.042983529839099720e+04
2.118909705027512100e+05 2.976195617152585182e+05 2.657784819496813579e+05 -2.466010724231981148e+05 2.773990189712187203e+04 -2.957784123736190377e+05 2.903163719326640130e+05 1.634037003452340374e+06 2.617045204675192654e+05 -4.460073591605395777e+05 1.913769447945356369e+06 7.938602689417111687e+05 5.297302082283128984e+05 -4.150741044224925281e+04 -7.509776489902726098e+03 6.355974494424374279e+04 5.002225767118125223e+05 3.644349256498261238e+05
9.403223684316588333e+05 4.087685097728290712e+05 4.536973079782850982e+04 -5.071900674133455323e+04 3.142612344300629338e+05 2.073139685743078589e+05 1.891736429211710638e+05 2.617045204675192654e+05 1.203953509902111720e+06 3.004208705058794003e+06 -5.758030460085412487e+05 8.790954281811037799e+04 -2.691977400636954117e+05 -4.769156446383740404e+05 -1.003818489759016084e+05 6.849039427748831804e+04 2.821594721635864698e+05 2.168651279976365040e+05
3.241222170515788347e+07 2.068639833055913821e+07 -3.745923298379941378e+06 -7.518537873457890935e+06 7.736817822074227035e+06 3.888956761846960522e+06 1.597839264073930448e+06 -4.460073591605395777e+05 3.004208705058794003e+06 5.020031298499404788e+08 -2.095231396315480396e+07 2.038399502746387199e+07 -1.133439231814411096e+07 -1.487255222866730951e+07 -1.385013885477286531e+05 8.837663692161232233e+06 6.206804752637724392e+06 -7.855680779269045161e+04
-2.208179545366812032e+06 8.022574925002139993e+06 -7.212463525739342440e+05 1.115519465033371234e+06 -1.374814696576246992e+06 -1.911823859559994889e+06 -2.878715745266919490e+06 1.913769447945356369e+06 -5.758030460085412487e+05 -2.095231396315480396e+07 1.067133711993262619e+08 6.909535974233235233e+06 1.133419467805630900e+07 -5.046810123112319969e+06 -8.662072243834752589e+06 -3.153498828480969183e+06 2.089398093649464194e+06 4.935030537909742445e+06
-8.113635234944110736e+06 -1.354660794147489825e+06 2.063196604483887786e+06 -3.178889624431405216e+06 9.165455653454905841e+05 8.626204499511930626e+05 -1.721054407092108158e+05 7.938602689417111687e+05 8.790954281811037799e+04 2.038399502746387199e+07 6.909535974233233370e+06 3.913122491565608233e+07 6.157079520340476884e+05 -2.038591964473905740e+06 -2.416311665776738431e+06 1.673316099489490734e+06 2.764352114305863623e+06 2.567764063611285295e+06
-7.838904001456025988e+06 -1.869573097958142404e+06 2.441148656226336316e+05 -5.411301274772554170e+05 9.042474163928739727e+05 -6.837194966002885485e+05 2.493836067189703463e+05 5.297302082283128984e+05 -2.691977400636954699e+05 -1.133439231814411096e+07 1.133419467805630900e+07 6.157079520340476884e+05 1.962547098036437109e+07 5.320395050251146778e+06 2.649819934548286255e+05 -1.675668624077869579e+06 1.042704806631172192e+06 1.234882331455229083e+06
5.601477905275087105e+05 -2.577571902963278117e+05 1.058714604174196866e+05 5.632995481735516660e+04 8.912239325934253866e+05 -2.853560733247296303e+05 7.605873158860420808e+05 -4.150741044224925281e+04 -4.769156446383740986e+05 -1.487255222866731323e+07 -5.046810123112319969e+06 -2.038591964473905740e+06 5.320395050251146778e+06 1.237011228138251044e+07 8.609460615590348607e+05 -1.234396366455005016e+06 1.016487251509994385e+06 -1.973954291772689030e+05
3.295151965204195119e+06 -7.474492667192168301e+05 -8.618194261428158497e+05 -9.211848121545749018e+05 2.563566223026814114e+05 -6.501560438901346060e+04 2.611558202511380368e+05 -7.509776489902745197e+03 -1.003818489759015501e+05 -1.385013885477287113e+05 -8.662072243834752589e+06 -2.416311665776738431e+06 2.649819934548286838e+05 8.609460615590346279e+05 6.392908404962327331e+06 4.089991980939523201e+05 6.039933055525619420e+04 3.212428944836250157e+05
-1.025616370921314810e+06 1.010385458888227586e+06 1.237095540735260147e+05 -7.761132363764040638e+05 -1.873507541016585892e+05 -4.337299135752613656e+05 4.538634255445980816e+05 6.355974494424375007e+04 6.849039427748830349e+04 8.837663692161232233e+06 -3.153498828480969183e+06 1.673316099489490734e+06 -1.675668624077870045e+06 -1.234396366455005016e+06 4.089991980939523783e+05 3.527938882424978074e+06 5.741547456025475403e+05 9.042391665694313124e+05
1.010948254831768805e+06 3.541409692357031163e+05 -3.172837154979742481e+05 -4.205075244278709288e+05 4.358906148079993436e+05 2.386675220741738449e+05 1.044528667568576988e+06 5.002225767118125223e+05 2.821594721635865280e+05 6.206804752637724392e+06 2.089398093649464194e+06 2.764352114305864088e+06 1.042704806631172192e+06 1.016487251509994268e+06 6.039933055525618693e+04 5.741547456025475403e+05 4.252829186056288891e+06 9.726973483591936529e+05
5.260781631833465071e+05 1.067177960959241726e+06 -6.686000581550819334e+04 -1.166021125689481385e+06 1.012317858537116670e+06 -1.899662944964366616e+05 -3.042983529839098628e+04 3.644349256498261238e+05 2.168651279976365331e+05 -7.855680779269061168e+04 4.935030537909742445e+06 2.567764063611285295e+06 1.234882331455229083e+06 -1.973954291772688448e+05 3.212428944836250157e+05 9.042391665694313124e+05 9.726973483591936529e+05 3.195905973737521563e+06
