# s_min=16
4.340966309610236436e+07 9.529538082341652364e+06 3.400306932905894239e+06 -2.272380592328969389e+06 1.662002001554958057e+06 7.727455447080811427e+04 -1.689760354021261446e+05 2.780700477824457339e+05 -1.383364389803355443e+05 3.602752304391610622e+07 2.320881221246859431e+07 -4.171733561467380729e+06 -3.404606019839031156e+06 5.445164622474935604e+05 -1.862279874750913354e+06 -2.984314454429698526e+05 2.012387637806478189e+06 -1.209762372763979714e+06
9.529538082341652364e+06 2.914356575617776811e+07 -9.565150183417684166e+05 -3.242136895963642281e+06 -6.886766608012916986e+05 -5.247443981893189484e+05 -7.890340048617485445e+05 -4.672688643605585676e+05 -2.131629706443572941e+05 1.269023488217985816e+07 1.209999434131284058e+07 -2.285661094481339678e+06 5.007764795061548240e+06 -3.753509494833035395e+06 -4.168892999127926305e+06 -1.738563924119640607e+06 -1.221813467690119753e+06 -1.066149176059950114e+05
3.400306932905894239e+06 -9.565150183417684166e+05 1.242612283174806088e+07 1.625932066617481643e+06 3.584153526768638403e+05 9.204155152526670136e+05 -1.677713525243029871e+05 6.971709628973479848e+05 -5.121125804547658190e+05 8.855867373082803562e+06 -5.294003627208811231e+06 -2.397447974005015567e+06 -1.011227186754988070e+05 3.344185670542423148e+06 -5.287113919173434842e+05 -6.048607333095279755e+05 1.030640124116482795e+06 -1.225051358773957181e+05
-2.272380592328969389e+06 -3.242136895963642281e+06 1.625932066617481643e+06 6.033867157788253389e+06 1.340545849445605418e+06 6.483253647140803514e+05 4.138402611268524197e+05 4.491298399525267305e+05 2.375571341150637891e+05 3.762308461021074909e+05 -8.463589611878266558e+06 1.007473986145596835e+06 4.346286183484604582e+06 3.038944928259233478e+06 1.204462547489227261e+06 1.108480770226500463e+06 4.458715655537539860e+05 -1.002980758617791435e+05
1.662002001554958057e+06 -6.886766608012916986e+05 3.584153526768638403e+05 1.340545849445605185e+06 3.351739384892995935e+06 3.915702666784615722e+05 7.184192010632940801e+05 3.480048711294318782e+05 2.827878924184204661e+05 3.490173150512631517e+06 -1.303524039816472447e+06 1.468493307768815197e+06 1.674701360458764946e+06 2.603102270868664607e+06 1.787855210708304308e+06 1.270879871932898241e+05 -4.261331044092902448e+04 6.603612893060075585e+05
7.727455447080801241e+04 -5.247443981893189484e+05 9.204155152526670136e+05 6.483253647140803514e+05 3.915702666784615722e+05 2.339777291508398484e+06 5.034501772933412576e+05 -1.773325365833977703e+05 3.259505963636128581e+05 6.373565372039742069e+05 -3.392990044584130519e+05 -1.626911669105781766e+04 7.871851865362420995e+02 -2.434139281159929305e+04 6.007021148351229494e+05 5.571636524894633330e+05 -1.561571415324828704e+05 7.261155204003454419e+05
-1.689760354021260864e+05 -7.890340048617486609e+05 -1.677713525243029871e+05 4.138402611268524197e+05 7.184192010632940801e+05 5.034501772933412576e+05 3.100253040865597315e+06 5.330490598621482495e+05 1.667077961908422003e+05 -2.513790712564032059e+06 -1.759657476077485364e+06 5.810588522667154903e+05 6.129493385342892725e+05 8.677380601861631731e+05 1.104182163286388619e+06 8.144974341315032216e+05 1.192728420936161419e+05 1.585087189352554851e+05
2.780700477824457339e+05 -4.672688643605584512e+05 6.971709628973479848e+05 4.491298399525267305e+05 3.480048711294319364e+05 -1.773325365833977703e+05 5.330490598621482495e+05 2.360676639263378922e+06 -6.214900802784477855e+04 -9.695924631378602935e+05 -6.158976098961299285e+05 -1.988200218560753565e+05 1.125464930362882558e+06 8.746345987873326521e+05 3.201965009729753947e+05 4.524228343764697638e+04 1.245571218276655127e+05 -3.254569883200795157e+05
-1.383364389803355443e+05 -2.131629706443572941e+05 -5.121125804547658190e+05 2.375571341150637891e+05 2.827878924184204661e+05 3.259505963636128581e+05 1.667077961908422003e+05 -6.214900802784477855e+04 1.148296195006568683e+06 -9.498359699682322098e+05 -1.654780666810151597e+05 -2.475441187198874541e+05 2.328785662314104266e+05 6.757089135532120417e+04 5.478132628187715309e+05 2.649020322371426155e+05 -4.525599901677843445e+04 3.011395448948470876e+05
3.602752304391610622e+07 1.269023488217985444e+07 8.855867373082803562e+06 3.762308461021071998e+05 3.490173150512631517e+06 6.373565372039742069e+05 -2.513790712564032059e+06 -9.695924631378602935e+05 -9.498359699682322098e+05 2.713268982395734787e+08 -2.736502140914606676e+07 -1.847721335035292059e+07 -5.274469169926140457e+06 3.950024254736025818e+06 -1.057795122221355885e+07 -2.152814635732848197e+06 -2.702570478685142472e+06 2.519295609808404930e+06
2.320881221246859431e+07 1.209999434131284431e+07 -5.294003627208811231e+06 -8.463589611878266558e+06 -1.303524039816472447e+06 -3.392990044584130519e+05 -1.759657476077485364e+06 -6.158976098961298121e+05 -1.654780666810151888e+05 -2.736502140914606676e+07 1.072831975301788896e+08 4.997735057684453204e+06 6.014919010758500546e+06 -1.152557914531857474e+06 -2.267466972158730961e+06 -2.350657852153075393e+06 1.698020348928694380e+06 -2.109056022324149031e+06
-4.171733561467380263e+06 -2.285661094481339678e+06 -2.397447974005016033e+06 1.007473986145596835e+06 1.468493307768815197e+06 -1.626911669105775945e+04 5.810588522667154903e+05 -1.988200218560753856e+05 -2.475441187198874250e+05 -1.847721335035292059e+07 4.997735057684453204e+06 3.257113930366900191e+07 -1.154677509300595848e+06 1.615138256594875595e+06 -1.639521206720016431e+06 1.777823418299129407e+05 -7.804611715442265850e+05 -2.019011604358065408e+06
-3.404606019839030690e+06 5.007764795061548240e+06 -1.011227186754989380e+05 4.346286183484604582e+06 1.674701360458764946e+06 7.871851865362602894e+02 6.129493385342895053e+05 1.125464930362882558e+06 2.328785662314104848e+05 -5.274469169926141389e+06 6.014919010758501478e+06 -1.154677509300595615e+06 2.423646519472231343e+07 5.942864894460354932e+06 1.933265281158369035e+06 8.975980945854787715e+05 -2.060214625655485725e+05 1.391349019144807011e+06
5.445164622474937933e+05 -3.753509494833035860e+06 3.344185670542423613e+06 3.038944928259233944e+06 2.603102270868665073e+06 -2.434139281159928578e+04 8.677380601861629402e+05 8.746345987873326521e+05 6.757089135532121873e+04 3.950024254736026283e+06 -1.152557914531857474e+06 1.615138256594875595e+06 5.942864894460354932e+06 1.349448513463973626e+07 5.779002331291536801e+06 2.431932917865576688e+06 1.165621774449751945e+06 1.094563028479649802e+05
-1.862279874750913354e+06 -4.168892999127926771e+06 -5.287113919173432514e+05 1.204462547489227494e+06 1.787855210708304774e+06 6.007021148351229494e+05 1.104182163286388386e+06 3.201965009729753947e+05 5.478132628187715309e+05 -1.057795122221355885e+07 -2.267466972158730496e+06 -1.639521206720016431e+06 1.933265281158369035e+06 5.779002331291536801e+06 1.118843376037509181e+07 3.134527630116043612e+06 6.968919531249138527e+05 9.088629387638518529e+04
-2.984314454429699108e+05 -1.738563924119640142e+06 -6.048607333095279755e+05 1.108480770226500463e+06 1.270879871932898532e+05 5.571636524894633330e+05 8.144974341315032216e+05 4.524228343764696183e+04 2.649020322371426155e+05 -2.152814635732848197e+06 -2.350657852153075393e+06 1.777823418299128825e+05 8.975980945854787715e+05 2.431932917865576688e+06 3.134527630116043612e+06 5.157783890358434990e+06 4.621206971992586041e+05 2.206434831803720444e+05
2.012387637806478189e+06 -1.221813467690119753e+06 1.030640124116482795e+06 4.458715655537538696e+05 -4.261331044092900993e+04 -1.561571415324828704e+05 1.192728420936161419e+05 1.245571218276654836e+05 -4.525599901677842718e+04 -2.702570478685142938e+06 1.698020348928694380e+06 -7.804611715442264685e+05 -2.060214625655485142e+05 1.165621774449751945e+06 6.968919531249138527e+05 4.621206971992586623e+05 3.983656811175744515e+06 1.977533104935298616e+05
-1.209762372763979714e+06 -1.066149176059949823e+05 -1.225051358773957181e+05 -1.002980758617792162e+05 6.603612893060075585e+05 7.261155204003454419e+05 1.585087189352554560e+05 -3.254569883200795157e+05 3.011395448948470876e+05 2.519295609808404930e+06 -2.109056022324148566e+06 -2.019011604358065408e+06 1.391349019144806778e+06 1.094563028479649947e+05 9.088629387638517073e+04 2.206434831803720153e+05 1.977533104935298907e+05 2.569379020060561132e+06
