# s_min=16
6.273641151659908146e+07 -6.596848540305751376e+06 -1.866670550185438478e+06 -5.536355281111345394e+05 1.119953255847912049e+06 -2.716244010294256732e+05 -1.198413463812645990e+06 4.427860596889369772e+05 -3.141147487220084877e+05 5.664811613310472667e+07 -7.470971525090305367e+05 -7.421431666717344895e+06 -6.175358158167596906e+06 -8.017548823474947363e+06 -1.338622946380463196e+06 4.382326709558666684e+06 -4.224038466363667510e+06 -2.595070294850438368e+06
-6.596848540305751376e+06 2.181879684056282043e+07 2.741398687202358618e+06 -1.814953392707417021e+06 -4.310743477143266355e+05 1.093980384094728623e+06 4.601353340273948270e+05 -8.090558394560070010e+05 -4.604691234531741356e+05 2.828190854437239468e+06 -4.842888745541000739e+06 6.432171172525964212e+05 -7.476456736630279920e+04 8.414272258699405938e+05 1.903336130434028339e+06 3.896619241146981250e+06 1.068591100368865998e+06 4.235913550163793261e+05
-1.866670550185438246e+06 2.741398687202358153e+06 1.226406530242561363e+07 3.403179143962609582e+06 1.372857269764150027e+06 1.181632819859629497e+06 5.458676437679755036e+05 8.208189635191439884e+05 6.612606028155051172e+05 -1.251246240639576456e+06 -1.166709906965394504e+06 6.990433924222561531e+06 2.558062894929012749e+06 2.632544747784911655e+06 5.241613681524008280e+05 1.000801777509116655e+05 6.044075134883429855e+05 8.938542397193363868e+05
-5.536355281111344229e+05 -1.814953392707417486e+06 3.403179143962609582e+06 6.138422147478893399e+06 1.117477649283820763e+06 -3.893326132694765111e+05 -7.205829202732183330e+04 6.277068505746031879e+05 3.180568913654815988e+05 1.263374508567258250e+06 2.819493389289759565e+06 2.856175333560021129e+06 3.653600278989540879e+06 1.564744635158778401e+06 6.367192746255127713e+05 -1.597807493828047067e+06 2.584999113760730324e+03 -3.184770113354908535e+05
1.119953255847911816e+06 -4.310743477143265773e+05 1.372857269764150027e+06 1.117477649283820763e+06 4.821404048426773399e+06 6.697878011272095318e+04 3.079742748133681016e+05 1.173869573634242406e+05 -9.281609182159592820e+03 -2.339235556445496622e+06 1.399541508704559412e+06 4.303410543596133357e+05 -2.484362884532744531e+06 2.806408633187032770e+06 -3.044920543742331793e+05 -1.466190888892163290e+06 6.545610911428700201e+05 4.100006848111114814e+05
-2.716244010294256732e+05 1.093980384094728623e+06 1.181632819859629730e+06 -3.893326132694765693e+05 6.697878011272096774e+04 2.467709294474460650e+06 2.551407004955158336e+05 3.282288895726114279e+05 5.714223992351345951e+05 1.432928035998140112e+05 -2.576068970338369254e+06 -1.773407218103181804e+05 1.738102998281561595e+05 -1.239272309119682526e+06 6.794816128855317365e+05 6.586797531422036700e+05 -9.200974496200885915e+04 -1.309634210260494001e+05
-1.198413463812645990e+06 4.601353340273948270e+05 5.458676437679755036e+05 -7.205829202732184785e+04 3.079742748133681016e+05 2.551407004955158336e+05 1.533865694061787101e+06 5.080933408032954321e+05 1.784275375033643504e+05 -2.263619124141410459e+06 -1.562437213256918127e+06 -1.584350893453656230e+06 8.755423616635145154e+05 2.956540443068841123e+05 -1.806444892866302107e+05 -1.218210445300416613e+05 -1.463389159659689467e+05 4.277885136431964929e+05
4.427860596889369190e+05 -8.090558394560070010e+05 8.208189635191439884e+05 6.277068505746031879e+05 1.173869573634242406e+05 3.282288895726114279e+05 5.080933408032954321e+05 1.392098118574365741e+06 2.288484187263355416e+05 6.856469178220581962e+05 -4.152307120923295151e+05 4.940339328137287521e+05 3.456518451320132008e+05 -6.595681898682353785e+05 9.273189560664744349e+05 -4.092034505370406987e+04 -7.318328780504089082e+04 -2.614845322991178182e+04
-3.141147487220084877e+05 -4.604691234531741939e+05 6.612606028155051172e+05 3.180568913654815406e+05 -9.281609182159600095e+03 5.714223992351345951e+05 1.784275375033643504e+05 2.288484187263355416e+05 1.062902034180893563e+06 3.163700682332303841e+05 -1.319383732859138690e+05 1.445970861554993098e+04 -3.503424803739631316e+05 -8.879893748298418941e+05 5.700432429187113885e+05 4.901447179935640888e+05 -3.639161240296984033e+04 6.753524037108565972e+04
5.664811613310472667e+07 2.828190854437239468e+06 -1.251246240639576456e+06 1.263374508567258250e+06 -2.339235556445496157e+06 1.432928035998140695e+05 -2.263619124141410459e+06 6.856469178220581962e+05 3.163700682332303841e+05 2.915645531772499681e+08 -1.369730177693362348e+06 -1.750872898262549937e+07 -1.348826003096707538e+07 -5.288312134027245454e+06 5.747908009999650531e+06 7.999730838269134983e+06 2.549400540769544430e+06 -4.679458663393895142e+06
-7.470971525090300711e+05 -4.842888745541000739e+06 -1.166709906965394272e+06 2.819493389289759565e+06 1.399541508704559179e+06 -2.576068970338369254e+06 -1.562437213256918360e+06 -4.152307120923295151e+05 -1.319383732859138690e+05 -1.369730177693362348e+06 5.996005096059589833e+07 1.089022227962652687e+06 -5.281415961969356053e+06 2.187342363047737628e+06 -1.585100054311717395e+05 7.037498822353690630e+05 5.101263305635261349e+05 -9.280329899234543554e+05
-7.421431666717344895e+06 6.432171172525961883e+05 6.990433924222561531e+06 2.856175333560021129e+06 4.303410543596133357e+05 -1.773407218103182386e+05 -1.584350893453656230e+06 4.940339328137285775e+05 1.445970861554992553e+04 -1.750872898262549937e+07 1.089022227962652454e+06 5.280157488372610509e+07 2.643967758751135319e+06 -4.564068171438428573e+06 1.687534773106554523e+06 -3.908596263068634435e+05 -1.949684216035589052e+05 5.192234635562275071e+05
-6.175358158167597838e+06 -7.476456736630274099e+04 2.558062894929012749e+06 3.653600278989541344e+06 -2.484362884532744065e+06 1.738102998281561886e+05 8.755423616635145154e+05 3.456518451320132008e+05 -3.503424803739631316e+05 -1.348826003096707538e+07 -5.281415961969356053e+06 2.643967758751135319e+06 1.802404180731587484e+07 -1.149100870263012359e+06 2.196725979369654320e+06 -3.597843806423601345e+05 -1.621367794589376776e+06 -6.728432841044832021e+05
-8.017548823474947363e+06 8.414272258699405938e+05 2.632544747784911655e+06 1.564744635158778867e+06 2.806408633187033236e+06 -1.239272309119682526e+06 2.956540443068841123e+05 -6.595681898682353785e+05 -8.879893748298418941e+05 -5.288312134027245454e+06 2.187342363047737628e+06 -4.564068171438428573e+06 -1.149100870263012359e+06 1.706888907039747387e+07 8.848274366375621175e+05 -2.797071703252851032e+06 1.433750285231234040e+06 4.346485148828921374e+05
-1.338622946380462963e+06 1.903336130434028339e+06 5.241613681524006533e+05 6.367192746255126549e+05 -3.044920543742331211e+05 6.794816128855317365e+05 -1.806444892866301816e+05 9.273189560664745513e+05 5.700432429187113885e+05 5.747908009999649599e+06 -1.585100054311717977e+05 1.687534773106554989e+06 2.196725979369654320e+06 8.848274366375621175e+05 1.096969380978029035e+07 2.957906837091075722e+06 -4.310525474819454248e+05 6.134566135904912371e+05
4.382326709558666684e+06 3.896619241146981250e+06 1.000801777509117237e+05 -1.597807493828047067e+06 -1.466190888892163290e+06 6.586797531422036700e+05 -1.218210445300416613e+05 -4.092034505370407715e+04 4.901447179935639724e+05 7.999730838269135915e+06 7.037498822353690630e+05 -3.908596263068634435e+05 -3.597843806423601927e+05 -2.797071703252851032e+06 2.957906837091075722e+06 6.896773997215779498e+06 5.169929797060620331e+04 1.094780234184639630e+04
-4.224038466363667510e+06 1.068591100368865766e+06 6.044075134883429855e+05 2.584999113760743967e+03 6.545610911428700201e+05 -9.200974496200887370e+04 -1.463389159659689176e+05 -7.318328780504089082e+04 -3.639161240296985488e+04 2.549400540769544896e+06 5.101263305635260185e+05 -1.949684216035589634e+05 -1.621367794589376776e+06 1.433750285231234273e+06 -4.310525474819454248e+05 5.169929797060620331e+04 3.181752160375915468e+06 1.055299833984815050e+06
-2.595070294850438368e+06 4.235913550163793261e+05 8.938542397193363868e+05 -3.184770113354909117e+05 4.100006848111114232e+05 -1.309634210260494146e+05 4.277885136431964929e+05 -2.614845322991178909e+04 6.753524037108565972e+04 -4.679458663393895142e+06 -9.280329899234543554e+05 5.192234635562275071e+05 -6.728432841044832021e+05 4.346485148828921956e+05 6.134566135904911207e+05 1.094780234184640904e+04 1.055299833984815050e+06 1.973554405386038823e+06
