# s_min=15
4.641192383675637841e+07 3.146719567112570629e+06 7.196008886679160642e+05 -1.426049523991223192e+06 -6.815931891462648055e+05 3.137546309455906739e+05 -6.982615417296147207e+05 -7.502192416443375405e+05 -2.183775674158343172e+05 1.695515499572559260e+06 1.931592003198920935e+07 -1.350172930347779207e+07 -3.363962678285360336e+06 -1.472825058217751328e+06 9.660559081112211570e+05 8.153171189664533595e+05 -7.935041395529569127e+04 -1.260930815913729602e+06
3.146719567112570629e+06 1.548696175196809508e+07 -4.685658403699993505e+04 -8.021800512570928549e+05 5.044328257875468698e+05 1.426728094515200704e+06 5.628755976372155128e+05 3.693295566062616417e+05 4.146979858026657021e+05 -3.598368286125220358e+06 2.800718907834490295e+06 -2.651084439845583402e+06 -5.147889341406934545e+05 -4.080493483098947909e+05 2.105434105596339330e+06 2.646615234750623349e+06 6.259620486214174889e+05 -5.634880849975435995e+05
7.196008886679158313e+05 -4.685658403699981864e+04 8.309576111607588828e+06 1.915618088543006219e+06 3.318506017349465401e+05 -6.211721087574666599e+05 3.931110203446136438e+05 2.511487171262301272e+05 -4.419201013234192214e+04 -2.192850771269703284e+06 -2.266093273184005171e+06 2.048115781340658723e+05 3.323000731741561089e+06 3.334409229021649226e+05 8.894074957420334686e+05 5.578999010822655400e+05 4.837745819626611192e+05 5.188826243955322425e+05
-1.426049523991223192e+06 -8.021800512570928549e+05 1.915618088543006219e+06 3.634481693883782253e+06 4.369613103302406380e+05 7.703491342131234705e+05 6.817943163331091637e+05 1.674820336642430339e+05 2.225151997580405441e+05 -1.854453490912195994e+06 -1.258991161785008851e+06 2.249441343400224112e+06 1.667696916213466087e+06 -2.815630374008424114e+05 1.220274140202796785e+06 3.512789210313135409e+05 3.821663701479187876e+04 8.129382923682067485e+04
-6.815931891462649219e+05 5.044328257875468698e+05 3.318506017349465401e+05 4.369613103302406380e+05 2.683580703285195399e+06 2.788393731931350776e+05 -2.053293067725764922e+04 1.419267743040199566e+05 1.617793182363475207e+05 1.303085713538640179e+06 -4.816566448595698457e+05 2.110652671148819209e+05 -3.556044909882534994e+05 1.188442527581006521e+06 8.240332022885465994e+04 1.029324000738059985e+06 6.704232573406577576e+05 -6.353537629283996066e+05
3.137546309455904411e+05 1.426728094515200704e+06 -6.211721087574666599e+05 7.703491342131234705e+05 2.788393731931350776e+05 2.568315329398271162e+06 3.280688647099325317e+05 2.906548215808490058e+05 1.510491878241583181e+05 2.082844882376930618e+05 -3.973873647723723552e+05 9.205408162067035446e+05 1.046662913281779329e+05 2.114908172622841666e+05 1.014014177733963821e+06 1.344260419529893901e+06 -1.267057191819585132e+05 -3.886268877296055434e+05
-6.982615417296148371e+05 5.628755976372155128e+05 3.931110203446136438e+05 6.817943163331092801e+05 -2.053293067725763831e+04 3.280688647099325317e+05 1.752103015926242340e+06 3.787267751762737316e+04 9.798942019088039524e+04 1.401021282781739719e+06 -6.952676447617526865e+05 1.257620766694760183e+06 5.417929282942077843e+05 -2.564171766922165698e+05 3.148558154839822091e+05 9.957616927155750454e+04 1.732171489906614006e+05 -2.148848067199509533e+05
-7.502192416443375405e+05 3.693295566062616417e+05 2.511487171262301272e+05 1.674820336642430339e+05 1.419267743040199275e+05 2.906548215808490058e+05 3.787267751762737316e+04 1.429391618192152120e+06 2.441866533756875142e+05 5.350026885367378127e+05 -5.699280927869695006e+05 1.161704194009095227e+05 -3.523084727744160336e+05 -9.996323973110092629e+04 1.174654722764839535e+05 2.587464583823497524e+05 -6.692138717361199087e+04 1.795302068091869587e+05
-2.183775674158342881e+05 4.146979858026657021e+05 -4.419201013234190032e+04 2.225151997580405732e+05 1.617793182363475207e+05 1.510491878241583181e+05 9.798942019088039524e+04 2.441866533756875142e+05 1.206383087309372611e+06 1.335649538118370401e+05 1.222987735160582670e+05 -6.347684658658886328e+05 -4.722170945617199177e+05 -5.298660991511166794e+05 -7.257489571250478912e+04 7.957602683095793509e+03 -1.995255664180210733e+05 7.510766525318000640e+04
1.695515499572559493e+06 -3.598368286125219427e+06 -2.192850771269703284e+06 -1.854453490912196226e+06 1.303085713538640179e+06 2.082844882376930618e+05 1.401021282781739486e+06 5.350026885367378127e+05 1.335649538118370692e+05 1.730614596708370745e+08 -6.835466737266869284e+06 -7.494494700816030614e+06 -8.079109617875710130e+06 -6.415323835129722022e+06 2.953032100467727985e+06 -1.264155894099617377e+06 -2.161239310201815329e+06 3.165758299020309467e+06
1.931592003198920563e+07 2.800718907834490295e+06 -2.266093273184005171e+06 -1.258991161785008851e+06 -4.816566448595699039e+05 -3.973873647723722970e+05 -6.952676447617529193e+05 -5.699280927869695006e+05 1.222987735160582670e+05 -6.835466737266869284e+06 2.689448484153393283e+07 -6.972992153740163893e+06 -6.270141620654764120e+05 -5.910829985476365546e+05 8.735256374687434873e+05 1.084695716364009306e+06 1.035622880727038137e+06 -1.425619487613114296e+06
-1.350172930347779393e+07 -2.651084439845583867e+06 2.048115781340658141e+05 2.249441343400224112e+06 2.110652671148819209e+05 9.205408162067035446e+05 1.257620766694759950e+06 1.161704194009094790e+05 -6.347684658658886328e+05 -7.494494700816030614e+06 -6.972992153740163893e+06 3.277701753506948799e+07 6.318740778334645554e+06 6.961080747740317136e+06 1.986047897116938373e+06 1.727532330234484281e+06 8.300795418730203528e+05 1.540089493622022856e+05
-3.363962678285360802e+06 -5.147889341406935127e+05 3.323000731741559692e+06 1.667696916213465855e+06 -3.556044909882534994e+05 1.046662913281779474e+05 5.417929282942079008e+05 -3.523084727744160919e+05 -4.722170945617199177e+05 -8.079109617875711061e+06 -6.270141620654764120e+05 6.318740778334645554e+06 1.911865532441287860e+07 2.252780090620165225e+06 -4.336516972604963230e+05 2.475308284914995020e+05 -4.907114218595597195e+05 7.202754036285403417e+05
-1.472825058217751095e+06 -4.080493483098946745e+05 3.334409229021650390e+05 -2.815630374008424114e+05 1.188442527581006521e+06 2.114908172622841375e+05 -2.564171766922165698e+05 -9.996323973110089719e+04 -5.298660991511165630e+05 -6.415323835129722022e+06 -5.910829985476365546e+05 6.961080747740315273e+06 2.252780090620165691e+06 9.045802287754569203e+06 1.336459083184814779e+06 5.029931170039335266e+05 -6.467916155360321281e+05 -1.044860558456884464e+06
9.660559081112212734e+05 2.105434105596339330e+06 8.894074957420335850e+05 1.220274140202796785e+06 8.240332022885463084e+04 1.014014177733963937e+06 3.148558154839822673e+05 1.174654722764839535e+05 -7.257489571250477456e+04 2.953032100467727985e+06 8.735256374687437201e+05 1.986047897116938373e+06 -4.336516972604963230e+05 1.336459083184814779e+06 7.165004095698331483e+06 1.552223648692936869e+06 -3.478680977828487521e+05 -6.499122684307409218e+05
8.153171189664533595e+05 2.646615234750623349e+06 5.578999010822655400e+05 3.512789210313135409e+05 1.029324000738059985e+06 1.344260419529893668e+06 9.957616927155750454e+04 2.587464583823496941e+05 7.957602683095775319e+03 -1.264155894099617377e+06 1.084695716364009306e+06 1.727532330234484281e+06 2.475308284914994729e+05 5.029931170039334684e+05 1.552223648692936637e+06 4.155172666296481621e+06 3.123575514983791436e+04 -2.876810202804706641e+05
-7.935041395529567671e+04 6.259620486214174889e+05 4.837745819626611774e+05 3.821663701479189331e+04 6.704232573406577576e+05 -1.267057191819584987e+05 1.732171489906614297e+05 -6.692138717361197632e+04 -1.995255664180210733e+05 -2.161239310201815795e+06 1.035622880727038253e+06 8.300795418730205856e+05 -4.907114218595597195e+05 -6.467916155360320117e+05 -3.478680977828487521e+05 3.123575514983790708e+04 3.321534573559569661e+06 4.360826278679820243e+05
-1.260930815913730068e+06 -5.634880849975435995e+05 5.188826243955323007e+05 8.129382923682066030e+04 -6.353537629283996066e+05 -3.886268877296055434e+05 -2.148848067199509533e+05 1.795302068091869587e+05 7.510766525318003551e+04 3.165758299020309001e+06 -1.425619487613114296e+06 1.540089493622022565e+05 7.202754036285403417e+05 -1.044860558456884464e+06 -6.499122684307409218e+05 -2.876810202804707224e+05 4.360826278679820243e+05 3.558299658592951484e+06
