# s_min=16
4.571259949098391086e+07 -1.279578119634626491e+05 6.112758920047566062e+05 5.314707708447773475e+05 5.740238306235291384e+04 6.562894902013358660e+05 1.137397977180507223e+04 -1.400374847579991620e+05 -1.953336001233014395e+05 3.660798637784384936e+07 1.651989155130797066e+07 -6.033654115191082470e+06 1.397836282544015907e+07 5.127161553513295017e+06 -1.209738626297809184e+06 -1.425911338660708629e+06 1.736024513946913066e+04 6.547896476268327096e+05
-1.279578119634628820e+05 2.408726439304051921e+07 1.358392101978183724e+06 1.521981352831735276e+06 2.340260621583143366e+05 3.155586370879951864e+05 5.046813582079176558e+05 3.145812592324026045e+05 -2.122106309583295370e+05 4.245396325102187693e+05 1.342200814514674246e+07 -4.790124530471712351e+06 -5.710905333207245916e+06 5.707071961122938665e+05 1.740293818598565646e+06 -2.152928816328266170e+06 -7.881729605129257543e+05 -8.771534160590480315e+05
6.112758920047566062e+05 1.358392101978183957e+06 7.209175390931994654e+06 4.675503833889507805e+05 -7.501273253672253340e+05 -7.394593117928669089e+05 -1.441415657099834352e+05 3.511419692902935203e+05 -1.972991102738376940e+05 -6.993404575747519732e+06 3.719482898803657386e+06 -6.701021606810690137e+05 -2.799027550855602603e+06 -7.596188541281498037e+05 8.662098504116394324e+05 1.554934034696550043e+04 -5.441828609004158061e+05 -1.568232286259602115e+05
5.314707708447773475e+05 1.521981352831735509e+06 4.675503833889507805e+05 3.846995126513763797e+06 -2.233066917939967243e+05 3.233952641455407138e+05 -1.947517277308153280e+05 1.461639061525850593e+04 5.132052503858154523e+04 -3.819797116037939209e+06 1.545881547390624182e+05 -5.998357408837570110e+05 -7.780646069395202212e+05 2.716150294984090142e+05 8.798772231823226903e+05 5.565634158687143354e+05 -1.800321009977825452e+05 2.092576132682205935e+04
5.740238306235292839e+04 2.340260621583143366e+05 -7.501273253672253340e+05 -2.233066917939967243e+05 2.162873114129529335e+06 -9.864301824808290985e+04 -9.072182155347577645e+04 -9.790381922153593041e+04 4.610237014981557149e+04 4.616286400884557515e+06 -9.053555187768433243e+05 -1.936950519144830178e+05 -2.897106158402641886e+05 -9.921263499255903298e+05 -1.010171168856666307e+06 -3.893633202014690032e+05 4.186182077666775876e+04 -1.070014140363603510e+05
6.562894902013357496e+05 3.155586370879951864e+05 -7.394593117928669089e+05 3.233952641455407138e+05 -9.864301824808288075e+04 2.026460958343757084e+06 1.617020470733676048e+05 1.652122256090364244e+05 1.965675118935190258e+05 -5.925780880935511086e+05 7.958378473492535995e+05 -1.020810573251525871e+06 1.036569120852536988e+06 5.091103998272441677e+05 6.153928855090265861e+05 1.522151732410039112e+05 1.946725775689658767e+05 1.364689120479544799e+05
1.137397977180499402e+04 5.046813582079176558e+05 -1.441415657099834643e+05 -1.947517277308152698e+05 -9.072182155347574735e+04 1.617020470733676048e+05 1.541773603589078411e+06 6.112405771862980328e+04 -1.254904769654503907e+05 -1.774926637386228656e+06 -3.215374227497070679e+05 -7.586483369866266148e+05 1.184050484317157388e+05 2.089881745422781969e+05 2.973135956257511280e+05 2.796534877805566648e+05 -5.948622287694447550e+03 5.026808524267018074e+05
-1.400374847579991329e+05 3.145812592324026045e+05 3.511419692902935203e+05 1.461639061525851503e+04 -9.790381922153593041e+04 1.652122256090364244e+05 6.112405771862979600e+04 1.482590618367174640e+06 2.286558761511363264e+04 1.201049770443050424e+06 -2.864694095449642627e+05 -7.480155091648431262e+05 -3.738937052572111133e+05 2.681241836299543502e+05 4.461606899102444295e+05 1.659686610436545016e+04 3.487150967029514868e+04 1.845732202337587951e+05
-1.953336001233014395e+05 -2.122106309583295370e+05 -1.972991102738376940e+05 5.132052503858154523e+04 4.610237014981556422e+04 1.965675118935189967e+05 -1.254904769654504053e+05 2.286558761511362536e+04 1.244866386455007596e+06 6.106998521523983218e+05 -8.493023647955679335e+05 -1.608090706565000291e+05 3.301856689348679356e+04 -2.692421816177350120e+05 2.048838131825052187e+04 -4.009644335022576270e+05 9.169554547852346150e+04 8.857094264385990391e+04
3.660798637784384191e+07 4.245396325102187693e+05 -6.993404575747519732e+06 -3.819797116037939675e+06 4.616286400884557515e+06 -5.925780880935511086e+05 -1.774926637386228656e+06 1.201049770443050424e+06 6.106998521523983218e+05 2.790268958055344224e+08 3.823310461257757992e+07 2.916382794981571846e+06 2.617310060247923806e+07 -1.526877113545839116e+07 -7.351668460314774420e+05 -2.486985967401236296e+06 1.023973937622413854e+06 5.242056579463576898e+06
1.651989155130797066e+07 1.342200814514673874e+07 3.719482898803656921e+06 1.545881547390624473e+05 -9.053555187768433243e+05 7.958378473492538324e+05 -3.215374227497070679e+05 -2.864694095449642627e+05 -8.493023647955679335e+05 3.823310461257757992e+07 7.084687440770256519e+07 -5.350611352741181850e+06 1.341627310509783961e+07 2.697391792331523262e+06 3.311781011486772913e+06 2.242114385088621639e+06 2.202288654259711970e+06 -4.086308579614145565e+05
-6.033654115191082470e+06 -4.790124530471712351e+06 -6.701021606810688972e+05 -5.998357408837570110e+05 -1.936950519144830178e+05 -1.020810573251525755e+06 -7.586483369866264984e+05 -7.480155091648432426e+05 -1.608090706565000000e+05 2.916382794981571380e+06 -5.350611352741181850e+06 3.248499014519918337e+07 9.520695510223321617e+06 1.964833290179216769e+06 3.811048420973736793e+06 8.033596041696013417e+05 -1.789158109117798274e+06 1.324790771677821409e+06
1.397836282544015907e+07 -5.710905333207245916e+06 -2.799027550855602603e+06 -7.780646069395203376e+05 -2.897106158402641886e+05 1.036569120852537220e+06 1.184050484317156952e+05 -3.738937052572110551e+05 3.301856689348677173e+04 2.617310060247923806e+07 1.341627310509783961e+07 9.520695510223321617e+06 1.841292630579951033e+07 3.153700726453664247e+06 2.710557105657250620e+06 1.324753864272238279e+05 1.054712112787057646e+06 1.726084571013364010e+06
5.127161553513295017e+06 5.707071961122940993e+05 -7.596188541281498037e+05 2.716150294984090142e+05 -9.921263499255903298e+05 5.091103998272441677e+05 2.089881745422781969e+05 2.681241836299543502e+05 -2.692421816177350120e+05 -1.526877113545839116e+07 2.697391792331523262e+06 1.964833290179216769e+06 3.153700726453664247e+06 8.995742105177650228e+06 3.216439731521261390e+06 1.066577141889775172e+06 -4.847596420174872765e+04 -4.436226334912995808e+05
-1.209738626297808718e+06 1.740293818598565413e+06 8.662098504116394324e+05 8.798772231823226903e+05 -1.010171168856666307e+06 6.153928855090265861e+05 2.973135956257511280e+05 4.461606899102444295e+05 2.048838131825053279e+04 -7.351668460314774420e+05 3.311781011486772913e+06 3.811048420973736793e+06 2.710557105657250620e+06 3.216439731521261390e+06 7.265519089762897231e+06 4.959632046626480296e+05 -4.712373150323267910e+05 2.306045437578296987e+05
-1.425911338660708629e+06 -2.152928816328266170e+06 1.554934034696551680e+04 5.565634158687143354e+05 -3.893633202014690032e+05 1.522151732410038821e+05 2.796534877805566648e+05 1.659686610436545016e+04 -4.009644335022576270e+05 -2.486985967401235830e+06 2.242114385088621639e+06 8.033596041696013417e+05 1.324753864272238570e+05 1.066577141889775172e+06 4.959632046626481460e+05 4.070844715662071947e+06 2.904710927167214104e+05 -1.337544960707272112e+05
1.736024513946907609e+04 -7.881729605129258707e+05 -5.441828609004158061e+05 -1.800321009977825161e+05 4.186182077666774421e+04 1.946725775689658476e+05 -5.948622287694454826e+03 3.487150967029514140e+04 9.169554547852346150e+04 1.023973937622413621e+06 2.202288654259711970e+06 -1.789158109117798274e+06 1.054712112787057646e+06 -4.847596420174873492e+04 -4.712373150323267910e+05 2.904710927167214104e+05 2.421667123428346589e+06 2.286280312536087877e+05
6.547896476268325932e+05 -8.771534160590481479e+05 -1.568232286259602115e+05 2.092576132682205935e+04 -1.070014140363603656e+05 1.364689120479544508e+05 5.026808524267018074e+05 1.845732202337588533e+05 8.857094264385987481e+04 5.242056579463576898e+06 -4.086308579614145565e+05 1.324790771677821642e+06 1.726084571013364242e+06 -4.436226334912995808e+05 2.306045437578296987e+05 -1.337544960707272112e+05 2.286280312536087586e+05 2.147475669908068143e+06
