5.152567102048730850e+07 4.783768357645547949e+06 -1.037441096075109090e+05 5.336395165928393835e+05 2.311011251877453469e+05 2.026354310618185846e+05 1.584142877056914149e+05 1.218554438788994157e+05 5.107397959380870452e+04 2.046915320937729627e+07 5.417233204200069420e+06 -4.452626537297392497e+05 2.907395476315422638e+04 2.445677503571059788e+05 4.135688677328756603e+04 1.915312664376501343e+05 3.523944775283536292e+05 -1.224314446910241386e+05
4.783768357645547949e+06 1.677729699652838707e+07 1.863699551983056823e+06 3.299342404470588663e+05 2.777407984036796843e+05 1.245771964472145628e+05 6.376350573625496327e+04 1.403052142097480537e+05 6.083081456771387457e+04 4.228856103188830428e+06 1.020470072948505729e+07 1.653365321479503531e+06 5.444231796859817114e+05 2.925881248891982832e+05 4.645050155209662626e+04 1.469503728586240322e+05 3.764953170551810763e+04 3.142325532806394040e+04
-1.037441096075109090e+05 1.863699551983056823e+06 5.243490689071396366e+06 7.639432428556962404e+05 1.868858343736583483e+05 1.107691048380624707e+05 4.292883015229812008e+04 6.309042124270341446e+04 4.259723481277769315e+04 7.704471617985594785e+05 1.154842038260411471e+06 3.308049051565941423e+06 6.183222618909269804e+05 2.314787227562561166e+05 1.671388886055270268e+05 -5.934340409352748975e+04 -6.365704231214642277e+03 5.605868065464100800e+04
5.336395165928393835e+05 3.299342404470588663e+05 7.639432428556962404e+05 2.160714131058187224e+06 2.947349347589082900e+05 8.229043351061033900e+04 4.479010828709344787e+04 3.678296782030069153e+04 4.939378892106393323e+04 -4.864481616479975055e+05 6.374375739974355092e+05 6.674126107119563967e+05 1.169307379204588942e+06 3.725114027025448158e+05 1.012897912706714997e+05 5.374304538943380612e+04 -3.019601067460886770e+04 6.095960428050054907e+04
2.311011251877453469e+05 2.777407984036796843e+05 1.868858343736583483e+05 2.947349347589082900e+05 1.060530061339653796e+06 1.549111930490356754e+05 3.931709309677832789e+04 3.944477018331508589e+04 4.125341179375683714e+04 5.109745504706691718e+05 9.157311875062460604e+04 1.207224823891348478e+03 1.210722819638192886e+05 6.227949614813093795e+05 1.785047994563444227e+05 3.326048683072075073e+04 3.226151156870288469e+04 1.457158887461006816e+04
2.026354310618185846e+05 1.245771964472145628e+05 1.107691048380624707e+05 8.229043351061033900e+04 1.549111930490356754e+05 5.724541887256633490e+05 8.101218140046269400e+04 3.300926709945245966e+04 2.694256608423858779e+04 -1.111136767620778119e+05 1.243277406220173731e+02 4.462864226202064310e+04 5.047411363810234616e+04 1.149186991897739936e+05 3.144126662465491681e+05 7.055345305754507717e+04 4.901639237620294443e+04 -3.027751451840593973e+02
1.584142877056914149e+05 6.376350573625496327e+04 4.292883015229812008e+04 4.479010828709344787e+04 3.931709309677832789e+04 8.101218140046269400e+04 3.346034081714743515e+05 5.699333551125693339e+04 2.210756501240845319e+04 -2.083192557269583049e+05 -1.141677092647984391e+05 -4.791880476523366815e+04 7.407053625689104956e+04 3.288682025545949000e+04 8.561270492197341810e+04 1.579671792132944684e+05 4.827280283842155768e+04 2.757250696454647186e+04
1.218554438788994157e+05 1.403052142097480537e+05 6.309042124270341446e+04 3.678296782030069153e+04 3.944477018331508589e+04 3.300926709945245966e+04 5.699333551125693339e+04 2.016621767223974166e+05 4.214009287993684848e+04 -8.450358189967900398e+04 -1.396276238239427948e+04 -4.735396537722290668e+04 4.948793939898772805e+03 3.797611097849046928e+04 4.555793297587568668e+04 4.823179413728182408e+04 1.117148176509987679e+05 3.361096404494775197e+04
5.107397959380870452e+04 6.083081456771387457e+04 4.259723481277769315e+04 4.939378892106393323e+04 4.125341179375683714e+04 2.694256608423858779e+04 2.210756501240845319e+04 4.214009287993684848e+04 1.208164304236003372e+05 3.161257209913868792e+04 5.990960278343717073e+04 -3.477188202515608282e+02 3.116142266529371409e+04 5.789551141639094567e+03 2.676195055681695521e+04 3.028090477878829188e+04 3.750205603090568911e+04 6.094901317269507854e+04
2.046915320937729627e+07 4.228856103188830428e+06 7.704471617985594785e+05 -4.864481616479975055e+05 5.109745504706691718e+05 -1.111136767620778119e+05 -2.083192557269583049e+05 -8.450358189967900398e+04 3.161257209913868792e+04 2.437176524087648988e+08 2.382142297929155827e+07 2.290826800171199255e+06 -1.453725376382810646e+05 -7.601512872073019389e+05 2.667389100948041305e+05 3.126177823052113527e+05 -1.570227430734113441e+05 3.553204771961281658e+05
5.417233204200069420e+06 1.020470072948505729e+07 1.154842038260411471e+06 6.374375739974355092e+05 9.157311875062460604e+04 1.243277406220173731e+02 -1.141677092647984391e+05 -1.396276238239427948e+04 5.990960278343717073e+04 2.382142297929155827e+07 8.005637070939752460e+07 8.623692729015663266e+06 1.065915931797393598e+06 5.472991395696359687e+05 -7.689579440369867370e+04 3.788902245453518117e+05 2.638364931389185585e+04 4.308120813577424851e+05
-4.452626537297392497e+05 1.653365321479503531e+06 3.308049051565941423e+06 6.674126107119563967e+05 1.207224823891348478e+03 4.462864226202064310e+04 -4.791880476523366815e+04 -4.735396537722290668e+04 -3.477188202515608282e+02 2.290826800171199255e+06 8.623692729015663266e+06 2.964360863602913544e+07 3.223758258942469489e+06 4.404424945999800693e+05 1.973127358577055857e+05 1.374193850512076751e+05 7.234766901509661693e+04 2.372579434583612019e+05
2.907395476315422638e+04 5.444231796859817114e+05 6.183222618909269804e+05 1.169307379204588942e+06 1.210722819638192886e+05 5.047411363810234616e+04 7.407053625689104956e+04 4.948793939898772805e+03 3.116142266529371409e+04 -1.453725376382810646e+05 1.065915931797393598e+06 3.223758258942469489e+06 1.183830008798691817e+07 1.806003381187407300e+06 1.784909641953035025e+05 2.424434879989119654e+05 2.376179184948889306e+05 4.407363893855354981e+05
2.445677503571059788e+05 2.925881248891982832e+05 2.314787227562561166e+05 3.725114027025448158e+05 6.227949614813093795e+05 1.149186991897739936e+05 3.288682025545949000e+04 3.797611097849046928e+04 5.789551141639094567e+03 -7.601512872073019389e+05 5.472991395696359687e+05 4.404424945999800693e+05 1.806003381187407300e+06 5.617357542643712834e+06 8.595974082850698614e+05 3.056006029166905209e+05 1.702681005510018731e+05 1.114063891710526223e+05
4.135688677328756603e+04 4.645050155209662626e+04 1.671388886055270268e+05 1.012897912706714997e+05 1.785047994563444227e+05 3.144126662465491681e+05 8.561270492197341810e+04 4.555793297587568668e+04 2.676195055681695521e+04 2.667389100948041305e+05 -7.689579440369867370e+04 1.973127358577055857e+05 1.784909641953035025e+05 8.595974082850698614e+05 3.154212317058083136e+06 5.160769493396367761e+05 1.350015629687565088e+05 7.140584745966656192e+04
1.915312664376501343e+05 1.469503728586240322e+05 -5.934340409352748975e+04 5.374304538943380612e+04 3.326048683072075073e+04 7.055345305754507717e+04 1.579671792132944684e+05 4.823179413728182408e+04 3.028090477878829188e+04 3.126177823052113527e+05 3.788902245453518117e+05 1.374193850512076751e+05 2.424434879989119654e+05 3.056006029166905209e+05 5.160769493396367761e+05 1.873740030213885242e+06 3.187535095137546887e+05 6.809806323491039802e+04
3.523944775283536292e+05 3.764953170551810763e+04 -6.365704231214642277e+03 -3.019601067460886770e+04 3.226151156870288469e+04 4.901639237620294443e+04 4.827280283842155768e+04 1.117148176509987679e+05 3.750205603090568911e+04 -1.570227430734113441e+05 2.638364931389185585e+04 7.234766901509661693e+04 2.376179184948889306e+05 1.702681005510018731e+05 1.350015629687565088e+05 3.187535095137546887e+05 1.085046326472425601e+06 2.077088232272847672e+05
-1.224314446910241386e+05 3.142325532806394040e+04 5.605868065464100800e+04 6.095960428050054907e+04 1.457158887461006816e+04 -3.027751451840593973e+02 2.757250696454647186e+04 3.361096404494775197e+04 6.094901317269507854e+04 3.553204771961281658e+05 4.308120813577424851e+05 2.372579434583612019e+05 4.407363893855354981e+05 1.114063891710526223e+05 7.140584745966656192e+04 6.809806323491039802e+04 2.077088232272847672e+05 6.843712701487906743e+05
