5.152567102048731595e+07 4.783768357645547017e+06 -1.037441096075109963e+05 5.336395165928394999e+05 2.311011251877453469e+05 2.026354310618186428e+05 1.584142877056914149e+05 1.218554438788995176e+05 5.107397959380869725e+04 2.046915320937729254e+07 5.417233204200071283e+06 -4.452626537297400064e+05 2.907395476315363339e+04 2.445677503571060661e+05 4.135688677328743506e+04 1.915312664376502507e+05 3.523944775283537456e+05 -1.224314446910242696e+05
4.783768357645547017e+06 1.677729699652837962e+07 1.863699551983056357e+06 3.299342404470586916e+05 2.777407984036795679e+05 1.245771964472145628e+05 6.376350573625497054e+04 1.403052142097480537e+05 6.083081456771386001e+04 4.228856103188830428e+06 1.020470072948505543e+07 1.653365321479503764e+06 5.444231796859814785e+05 2.925881248891982832e+05 4.645050155209652439e+04 1.469503728586240904e+05 3.764953170551814401e+04 3.142325532806402407e+04
-1.037441096075109963e+05 1.863699551983056357e+06 5.243490689071397297e+06 7.639432428556961240e+05 1.868858343736583483e+05 1.107691048380624270e+05 4.292883015229812736e+04 6.309042124270337808e+04 4.259723481277768587e+04 7.704471617985597113e+05 1.154842038260410773e+06 3.308049051565941889e+06 6.183222618909267476e+05 2.314787227562560583e+05 1.671388886055270268e+05 -5.934340409352746065e+04 -6.365704231214628635e+03 5.605868065464102256e+04
5.336395165928394999e+05 3.299342404470586916e+05 7.639432428556961240e+05 2.160714131058187224e+06 2.947349347589082317e+05 8.229043351061035355e+04 4.479010828709344059e+04 3.678296782030070608e+04 4.939378892106393323e+04 -4.864481616479976801e+05 6.374375739974352764e+05 6.674126107119565131e+05 1.169307379204589175e+06 3.725114027025448158e+05 1.012897912706714997e+05 5.374304538943379885e+04 -3.019601067460881313e+04 6.095960428050058545e+04
2.311011251877453469e+05 2.777407984036795679e+05 1.868858343736583483e+05 2.947349347589082317e+05 1.060530061339653796e+06 1.549111930490356172e+05 3.931709309677831334e+04 3.944477018331508589e+04 4.125341179375683714e+04 5.109745504706692882e+05 9.157311875062432955e+04 1.207224823891213873e+03 1.210722819638194051e+05 6.227949614813093795e+05 1.785047994563443353e+05 3.326048683072071435e+04 3.226151156870286286e+04 1.457158887461006998e+04
2.026354310618186428e+05 1.245771964472145628e+05 1.107691048380624270e+05 8.229043351061035355e+04 1.549111930490356172e+05 5.724541887256633490e+05 8.101218140046269400e+04 3.300926709945245966e+04 2.694256608423859507e+04 -1.111136767620779137e+05 1.243277406221866244e+02 4.462864226202073769e+04 5.047411363810240437e+04 1.149186991897739936e+05 3.144126662465491681e+05 7.055345305754503352e+04 4.901639237620293716e+04 -3.027751451840593973e+02
1.584142877056914149e+05 6.376350573625497054e+04 4.292883015229812736e+04 4.479010828709344059e+04 3.931709309677831334e+04 8.101218140046269400e+04 3.346034081714743515e+05 5.699333551125692611e+04 2.210756501240846046e+04 -2.083192557269578974e+05 -1.141677092647984537e+05 -4.791880476523366087e+04 7.407053625689097680e+04 3.288682025545951183e+04 8.561270492197343265e+04 1.579671792132945266e+05 4.827280283842156496e+04 2.757250696454646823e+04
1.218554438788995176e+05 1.403052142097480537e+05 6.309042124270337808e+04 3.678296782030070608e+04 3.944477018331508589e+04 3.300926709945245966e+04 5.699333551125692611e+04 2.016621767223974166e+05 4.214009287993683392e+04 -8.450358189967896033e+04 -1.396276238239421400e+04 -4.735396537722295761e+04 4.948793939898760073e+03 3.797611097849044017e+04 4.555793297587566485e+04 4.823179413728179497e+04 1.117148176509987825e+05 3.361096404494775197e+04
5.107397959380869725e+04 6.083081456771386001e+04 4.259723481277768587e+04 4.939378892106393323e+04 4.125341179375683714e+04 2.694256608423859507e+04 2.210756501240846046e+04 4.214009287993683392e+04 1.208164304236003518e+05 3.161257209913880070e+04 5.990960278343715618e+04 -3.477188202515390003e+02 3.116142266529369226e+04 5.789551141639111847e+03 2.676195055681696249e+04 3.028090477878829915e+04 3.750205603090568184e+04 6.094901317269510764e+04
2.046915320937729254e+07 4.228856103188830428e+06 7.704471617985597113e+05 -4.864481616479976801e+05 5.109745504706692882e+05 -1.111136767620779137e+05 -2.083192557269578974e+05 -8.450358189967896033e+04 3.161257209913880070e+04 2.437176524087648690e+08 2.382142297929156572e+07 2.290826800171196461e+06 -1.453725376382795221e+05 -7.601512872073020553e+05 2.667389100948044797e+05 3.126177823052117601e+05 -1.570227430734110239e+05 3.553204771961280494e+05
5.417233204200071283e+06 1.020470072948505543e+07 1.154842038260410773e+06 6.374375739974352764e+05 9.157311875062432955e+04 1.243277406221866244e+02 -1.141677092647984537e+05 -1.396276238239421400e+04 5.990960278343715618e+04 2.382142297929156572e+07 8.005637070939755440e+07 8.623692729015665129e+06 1.065915931797393830e+06 5.472991395696358522e+05 -7.689579440369883378e+04 3.788902245453515789e+05 2.638364931389172489e+04 4.308120813577424269e+05
-4.452626537297400064e+05 1.653365321479503764e+06 3.308049051565941889e+06 6.674126107119565131e+05 1.207224823891213873e+03 4.462864226202073769e+04 -4.791880476523366087e+04 -4.735396537722295761e+04 -3.477188202515390003e+02 2.290826800171196461e+06 8.623692729015665129e+06 2.964360863602912799e+07 3.223758258942469023e+06 4.404424945999800693e+05 1.973127358577057603e+05 1.374193850512077042e+05 7.234766901509657328e+04 2.372579434583612310e+05
2.907395476315363339e+04 5.444231796859814785e+05 6.183222618909267476e+05 1.169307379204589175e+06 1.210722819638194051e+05 5.047411363810240437e+04 7.407053625689097680e+04 4.948793939898760073e+03 3.116142266529369226e+04 -1.453725376382795221e+05 1.065915931797393830e+06 3.223758258942469023e+06 1.183830008798691817e+07 1.806003381187407300e+06 1.784909641953035607e+05 2.424434879989119072e+05 2.376179184948889888e+05 4.407363893855355564e+05
2.445677503571060661e+05 2.925881248891982832e+05 2.314787227562560583e+05 3.725114027025448158e+05 6.227949614813093795e+05 1.149186991897739936e+05 3.288682025545951183e+04 3.797611097849044017e+04 5.789551141639111847e+03 -7.601512872073020553e+05 5.472991395696358522e+05 4.404424945999800693e+05 1.806003381187407300e+06 5.617357542643711902e+06 8.595974082850700943e+05 3.056006029166906374e+05 1.702681005510018731e+05 1.114063891710525641e+05
4.135688677328743506e+04 4.645050155209652439e+04 1.671388886055270268e+05 1.012897912706714997e+05 1.785047994563443353e+05 3.144126662465491681e+05 8.561270492197343265e+04 4.555793297587566485e+04 2.676195055681696249e+04 2.667389100948044797e+05 -7.689579440369883378e+04 1.973127358577057603e+05 1.784909641953035607e+05 8.595974082850700943e+05 3.154212317058083136e+06 5.160769493396367761e+05 1.350015629687565379e+05 7.140584745966659102e+04
1.915312664376502507e+05 1.469503728586240904e+05 -5.934340409352746065e+04 5.374304538943379885e+04 3.326048683072071435e+04 7.055345305754503352e+04 1.579671792132945266e+05 4.823179413728179497e+04 3.028090477878829915e+04 3.126177823052117601e+05 3.788902245453515789e+05 1.374193850512077042e+05 2.424434879989119072e+05 3.056006029166906374e+05 5.160769493396367761e+05 1.873740030213885242e+06 3.187535095137544558e+05 6.809806323491041258e+04
3.523944775283537456e+05 3.764953170551814401e+04 -6.365704231214628635e+03 -3.019601067460881313e+04 3.226151156870286286e+04 4.901639237620293716e+04 4.827280283842156496e+04 1.117148176509987825e+05 3.750205603090568184e+04 -1.570227430734110239e+05 2.638364931389172489e+04 7.234766901509657328e+04 2.376179184948889888e+05 1.702681005510018731e+05 1.350015629687565379e+05 3.187535095137544558e+05 1.085046326472426066e+06 2.077088232272847090e+05
-1.224314446910242696e+05 3.142325532806402407e+04 5.605868065464102256e+04 6.095960428050058545e+04 1.457158887461006998e+04 -3.027751451840593973e+02 2.757250696454646823e+04 3.361096404494775197e+04 6.094901317269510764e+04 3.553204771961280494e+05 4.308120813577424269e+05 2.372579434583612310e+05 4.407363893855355564e+05 1.114063891710525641e+05 7.140584745966659102e+04 6.809806323491041258e+04 2.077088232272847090e+05 6.843712701487907907e+05
