# lambda=0.24610598559916125
5.292820980883830786e+07 9.811137095449842513e+06 1.124893995210595131e+04 1.124399375036472920e+06 -6.048819529538273346e+05 1.357476840881637763e+06 1.306428943948526168e+06 7.670866400316626823e+04 4.131693865737232263e+05 1.572007311229080334e+07 -1.418041890851770993e+06 -7.893692930672182702e+06 8.308479745780481957e+06 4.485603816385520622e+06 7.918231610628460476e+04 2.424181076987876557e+06 1.724095457525211968e+05 -1.398308084996989230e+06
9.811137095449842513e+06 8.632368780022032559e+06 3.072576503672159743e+06 1.027414244561750442e+06 2.357565022478405081e+04 4.109698441013497068e+05 1.191370683121433016e+06 -4.185036519802822295e+04 3.086972997000328614e+05 1.269328653481773799e+06 3.895842878390062833e+05 1.332118208676624577e+06 1.627469710208242759e+06 1.214228213286046637e+06 -9.478987157385618775e+04 4.164207721420910093e+05 -7.076400048749704729e+04 4.348348744909381639e+04
1.124893995210595131e+04 3.072576503672159743e+06 5.535191556571816094e+06 6.234543488338652533e+05 2.471233707304482523e+05 2.645751769840106717e+05 6.008848227910470450e+05 4.710458565113912482e+04 2.501888461080979323e+04 -1.469816887158740312e+06 1.288481728610168211e+05 5.722865054585822858e+06 2.227639001902016345e+06 2.606662211852557957e+05 2.222533756953543343e+05 -4.258422796354127931e+05 8.554843289857258787e+05 2.381181204210695287e+05
1.124399375036472920e+06 1.027414244561750442e+06 6.234543488338652533e+05 1.130132147150014061e+06 -2.823449800213248818e+05 -5.496629270731734141e+04 8.550693131453734532e+04 -6.507327815662229114e+04 -2.272382100653626549e+04 -7.205453167791612213e+05 7.594184688213623594e+05 1.178372276349526132e+06 3.325365308273927076e+05 -7.882998536751192296e+04 8.440893081364527461e+04 -3.251442616608046810e+05 -2.610744802364747447e+05 -1.117356991954478872e+05
-6.048819529538273346e+05 2.357565022478405081e+04 2.471233707304482523e+05 -2.823449800213248818e+05 8.344123384734322317e+05 2.781759382628659951e+05 5.045257427625026139e+03 3.951301072257668238e+03 -2.845907996354311399e+04 -4.553724897529981099e+05 1.551284727847079921e+05 -2.219485462501471920e+05 -2.038054933779813291e+05 5.075408513266288355e+04 -6.450881585965867271e+04 -1.975786394062314939e+05 -2.385858372382935195e+05 1.440862647891283268e+05
1.357476840881637763e+06 4.109698441013497068e+05 2.645751769840106717e+05 -5.496629270731734141e+04 2.781759382628659951e+05 6.331113122270056047e+05 1.105239487833626772e+05 7.693113574957290257e+04 2.256369717881316683e+04 -2.643263150989347603e+06 5.798957735453153728e+05 -3.735373086248048348e+05 9.284453273237500107e+05 -2.436801842371003295e+05 3.602997260484569124e+05 -2.068300309868266922e+05 5.540905936927591392e+04 -9.553259963736023929e+04
1.306428943948526168e+06 1.191370683121433016e+06 6.008848227910470450e+05 8.550693131453734532e+04 5.045257427625026139e+03 1.105239487833626772e+05 4.164883733701033052e+05 3.421887206633292953e+04 7.002270584784919629e+04 1.395727329469925491e+06 -2.705703488404289237e+05 -7.094912283988417767e+04 8.707383508868841454e+05 1.533544737395428238e+05 -8.389640109844296239e+04 1.005105572289808479e+05 1.606263710096114664e+05 4.164674847430812224e+04
7.670866400316626823e+04 -4.185036519802822295e+04 4.710458565113912482e+04 -6.507327815662229114e+04 3.951301072257668238e+03 7.693113574957290257e+04 3.421887206633292953e+04 1.798797853516233154e+05 2.146224172679115145e+04 8.044742840177199105e+04 7.121834164508720860e+05 -8.620661029129348753e+04 -1.336441704139164067e+05 -1.919662036306982336e+05 3.729318356048782152e+04 8.996148696379255853e+04 2.027124117266237736e+05 9.960059706008677313e+04
4.131693865737232263e+05 3.086972997000328614e+05 2.501888461080979323e+04 -2.272382100653626549e+04 -2.845907996354311399e+04 2.256369717881316683e+04 7.002270584784919629e+04 2.146224172679115145e+04 6.613224420063564321e+04 -2.541399429677364533e+05 2.812184935256543104e+05 -1.698216176235156308e+05 1.421309694565488026e+05 4.303652878777994374e+03 -1.025072240468946547e+05 3.416345747197517630e+04 4.338887239073800447e+04 1.154638499297754061e+04
1.572007311229080334e+07 1.269328653481773799e+06 -1.469816887158740312e+06 -7.205453167791612213e+05 -4.553724897529981099e+05 -2.643263150989347603e+06 1.395727329469925491e+06 8.044742840177199105e+04 -2.541399429677364533e+05 8.020257184856553376e+07 -9.708263140022816369e+05 -2.788702998615466524e+06 1.149103950004266575e+06 3.235082200224353001e+06 -6.896646155468443176e+05 1.429702736831186106e+06 1.240652149603338214e+06 7.993395186520474963e+05
-1.418041890851770993e+06 3.895842878390062833e+05 1.288481728610168211e+05 7.594184688213623594e+05 1.551284727847079921e+05 5.798957735453153728e+05 -2.705703488404289237e+05 7.121834164508720860e+05 2.812184935256543104e+05 -9.708263140022816369e+05 3.360097016493380070e+07 8.462673368515504524e+06 -3.440535780446259771e+06 -6.622638489883390721e+05 -2.213194005398798734e+06 1.994716772139091510e+06 2.073840027090481250e+06 1.133249129266660661e+06
-7.893692930672182702e+06 1.332118208676624577e+06 5.722865054585822858e+06 1.178372276349526132e+06 -2.219485462501471920e+05 -3.735373086248048348e+05 -7.094912283988417767e+04 -8.620661029129348753e+04 -1.698216176235156308e+05 -2.788702998615466524e+06 8.462673368515504524e+06 2.269701542217754200e+07 2.805215668273556046e+06 -3.020454289034474059e+05 -1.348601870250434382e+06 -1.139875859693159815e+06 1.845933876082568197e+06 8.045979085057788761e+05
8.308479745780481957e+06 1.627469710208242759e+06 2.227639001902016345e+06 3.325365308273927076e+05 -2.038054933779813291e+05 9.284453273237500107e+05 8.707383508868841454e+05 -1.336441704139164067e+05 1.421309694565488026e+05 1.149103950004266575e+06 -3.440535780446259771e+06 2.805215668273556046e+06 1.102440656157381646e+07 6.966832434759900207e+05 1.347836072759545175e+06 -2.384176291480198561e+05 8.254227456743456423e+05 -3.167952761109034182e+05
4.485603816385520622e+06 1.214228213286046637e+06 2.606662211852557957e+05 -7.882998536751192296e+04 5.075408513266288355e+04 -2.436801842371003295e+05 1.533544737395428238e+05 -1.919662036306982336e+05 4.303652878777994374e+03 3.235082200224353001e+06 -6.622638489883390721e+05 -3.020454289034474059e+05 6.966832434759900207e+05 2.824836746625215746e+06 -2.108291206508926698e+05 2.274682578156659729e+05 -5.040993663736326271e+05 -3.101383860622647917e+05
7.918231610628460476e+04 -9.478987157385618775e+04 2.222533756953543343e+05 8.440893081364527461e+04 -6.450881585965867271e+04 3.602997260484569124e+05 -8.389640109844296239e+04 3.729318356048782152e+04 -1.025072240468946547e+05 -6.896646155468443176e+05 -2.213194005398798734e+06 -1.348601870250434382e+06 1.347836072759545175e+06 -2.108291206508926698e+05 2.284655949861335568e+06 -7.994167321332082793e+04 -9.028365127688281063e+04 -1.578538590193250857e+05
2.424181076987876557e+06 4.164207721420910093e+05 -4.258422796354127931e+05 -3.251442616608046810e+05 -1.975786394062314939e+05 -2.068300309868266922e+05 1.005105572289808479e+05 8.996148696379255853e+04 3.416345747197517630e+04 1.429702736831186106e+06 1.994716772139091510e+06 -1.139875859693159815e+06 -2.384176291480198561e+05 2.274682578156659729e+05 -7.994167321332082793e+04 1.832190771752828732e+06 4.758133028393965214e+05 1.277406623915439704e+05
1.724095457525211968e+05 -7.076400048749704729e+04 8.554843289857258787e+05 -2.610744802364747447e+05 -2.385858372382935195e+05 5.540905936927591392e+04 1.606263710096114664e+05 2.027124117266237736e+05 4.338887239073800447e+04 1.240652149603338214e+06 2.073840027090481250e+06 1.845933876082568197e+06 8.254227456743456423e+05 -5.040993663736326271e+05 -9.028365127688281063e+04 4.758133028393965214e+05 1.157875325727695599e+06 3.327220255170038436e+05
-1.398308084996989230e+06 4.348348744909381639e+04 2.381181204210695287e+05 -1.117356991954478872e+05 1.440862647891283268e+05 -9.553259963736023929e+04 4.164674847430812224e+04 9.960059706008677313e+04 1.154638499297754061e+04 7.993395186520474963e+05 1.133249129266660661e+06 8.045979085057788761e+05 -3.167952761109034182e+05 -3.101383860622647917e+05 -1.578538590193250857e+05 1.277406623915439704e+05 3.327220255170038436e+05 3.864774782266099937e+05
