# lambda=0.11376238489425174
4.279842940249008685e+07 7.993314394922142848e+06 2.696943698022817727e+06 -1.211572290371938841e+06 3.106429733081004233e+05 1.326595299608080648e+06 8.771535280889818678e+05 8.369229780907606473e+05 1.951046220833698171e+05 3.751704458016041666e+07 1.883957115571564808e+07 1.629317508473240584e+07 -7.996183126497343183e+06 -1.925300797624426661e+06 8.950597047444042983e+05 3.421659365282591898e+06 2.142091249918392859e+06 1.314066425999500789e+06
7.993314394922142848e+06 1.955848932787396386e+07 -3.322899731754281675e+05 -1.115986784355722135e+06 1.050366278643339640e+06 2.144565582065020499e+04 1.040935308156362298e+05 2.079773748983214900e+05 -4.096418822614456294e+05 -8.713195572363797575e+06 1.869251464925598586e+06 9.811975424464002252e+06 2.300062394168504397e+05 1.819767296906634700e+06 2.045979244918115670e+06 1.711379411971143447e+06 8.118893286492843181e+05 1.382971811967930524e+06
2.696943698022817727e+06 -3.322899731754281675e+05 2.632638669743150473e+06 8.183936324667028384e+05 2.523376922634210205e+05 -1.065810619691213360e+05 -1.940494954115636938e+05 -8.667686028046980209e+04 5.526502619482490263e+04 7.896500701530250721e+06 4.380073306989538483e+06 4.871905841075127013e+06 5.124255063330843695e+05 -1.081610193447760306e+06 -1.034793036311395932e+06 4.166768227116900380e+05 -4.294675909449442406e+05 2.242841582498763091e+04
-1.211572290371938841e+06 -1.115986784355722135e+06 8.183936324667028384e+05 2.059326384805500740e+06 -1.876829615548518195e+05 -2.754364060242687174e+03 -9.904978393626863544e+04 -9.830995451023307396e+04 1.562106539466684917e+05 4.451910201110928319e+06 -5.307774473930553359e+04 4.255875252138524083e+05 8.745693056477067876e+04 -3.788449880100620794e+05 -8.324691080216073897e+05 1.401708001255703566e+05 -3.544490015277002240e+05 1.745926029798525269e+05
3.106429733081004233e+05 1.050366278643339640e+06 2.523376922634210205e+05 -1.876829615548518195e+05 6.534800265250666998e+05 2.373946207231379813e+05 4.072868139971568598e+04 7.669459569639255642e+04 1.385064074588016592e+04 5.705047898162002675e+05 1.272235073020361131e+06 1.617369621132169414e+04 6.489171764139626175e+05 9.248458917286734504e+04 4.292847657834605197e+05 2.634197623077749158e+05 2.292887038760147989e+05 2.960150187652038294e+05
1.326595299608080648e+06 2.144565582065020499e+04 -1.065810619691213360e+05 -2.754364060242687174e+03 2.373946207231379813e+05 4.783820811850737664e+05 1.444120271306746581e+05 9.685681873468645790e+04 4.918035385603301256e+04 1.608626464911516057e+06 1.527391477928515757e+06 -7.661285943766442360e+05 -9.847277849059075816e+05 1.358417051490942540e+05 5.595434149700013222e+04 2.098693543286364875e+05 1.851723707078793377e+05 2.325625364765186096e+05
8.771535280889818678e+05 1.040935308156362298e+05 -1.940494954115636938e+05 -9.904978393626863544e+04 4.072868139971568598e+04 1.444120271306746581e+05 2.797505395907264319e+05 7.424544835893881100e+04 9.826705301392171532e+04 -5.403184679283568403e+05 -1.107650208579929313e+06 -4.399967877324597794e+05 -5.563475896693215473e+05 -1.123037931932353240e+05 3.733760793002890423e+05 3.688665360223618336e+05 5.228636352423550852e+04 4.262104153750046680e+04
8.369229780907606473e+05 2.079773748983214900e+05 -8.667686028046980209e+04 -9.830995451023307396e+04 7.669459569639255642e+04 9.685681873468645790e+04 7.424544835893881100e+04 2.221185250434733753e+05 2.384770865105680787e+04 1.007288000008053845e+06 6.930536223225804279e+05 5.934096683109281585e+05 3.466406307303119102e+05 -1.976450696256284718e+05 1.938558965175388439e+05 2.108664366159211495e+05 2.433185827916243870e+05 4.005698854773570201e+04
1.951046220833698171e+05 -4.096418822614456294e+05 5.526502619482490263e+04 1.562106539466684917e+05 1.385064074588016592e+04 4.918035385603301256e+04 9.826705301392171532e+04 2.384770865105680787e+04 1.129216843172588851e+05 1.378332314142909134e+06 -3.138885939232929377e+05 -1.477137509975057619e+05 1.483771162533730967e+04 -1.495311602259954088e+05 6.556571310252565308e+04 1.899443519967751054e+05 -2.545933154430233571e+03 -1.839603103246534010e+04
3.751704458016041666e+07 -8.713195572363797575e+06 7.896500701530250721e+06 4.451910201110928319e+06 5.705047898162002675e+05 1.608626464911516057e+06 -5.403184679283568403e+05 1.007288000008053845e+06 1.378332314142909134e+06 3.213024688369325399e+08 5.825385237414754182e+07 3.354938657464279234e+07 3.624694135845083743e+06 -6.665420034015034325e+06 5.880439727447556332e+06 1.463221325836053677e+07 2.522468462402183563e+06 2.971954793801449123e+05
1.883957115571564808e+07 1.869251464925598586e+06 4.380073306989538483e+06 -5.307774473930553359e+04 1.272235073020361131e+06 1.527391477928515757e+06 -1.107650208579929313e+06 6.930536223225804279e+05 -3.138885939232929377e+05 5.825385237414754182e+07 5.421718974388860166e+07 2.010090921239614487e+07 6.122008217189658899e+05 3.418295356618998921e+05 -4.002325717916327063e+06 1.922189368612596765e+06 1.370159364768521395e+06 5.727859216575124301e+05
1.629317508473240584e+07 9.811975424464002252e+06 4.871905841075127013e+06 4.255875252138524083e+05 1.617369621132169414e+04 -7.661285943766442360e+05 -4.399967877324597794e+05 5.934096683109281585e+05 -1.477137509975057619e+05 3.354938657464279234e+07 2.010090921239614487e+07 3.639043982541558892e+07 4.954783141509235837e+06 -3.425721176005083835e+05 1.343218587166299811e+06 3.629400541548164561e+06 -6.506660317662289162e+04 2.192414889678627369e+05
-7.996183126497343183e+06 2.300062394168504397e+05 5.124255063330843695e+05 8.745693056477067876e+04 6.489171764139626175e+05 -9.847277849059075816e+05 -5.563475896693215473e+05 3.466406307303119102e+05 1.483771162533730967e+04 3.624694135845083743e+06 6.122008217189658899e+05 4.954783141509235837e+06 1.216080228737795353e+07 8.910985560411639744e+05 1.284379804368734127e+06 1.749869289051763713e+06 7.672888132109345170e+05 -3.022915078663475288e+04
-1.925300797624426661e+06 1.819767296906634700e+06 -1.081610193447760306e+06 -3.788449880100620794e+05 9.248458917286734504e+04 1.358417051490942540e+05 -1.123037931932353240e+05 -1.976450696256284718e+05 -1.495311602259954088e+05 -6.665420034015034325e+06 3.418295356618998921e+05 -3.425721176005083835e+05 8.910985560411639744e+05 2.863985429460039828e+06 7.143225870047163917e+05 5.797270926137949573e+05 6.251084786232651823e+04 4.894813213031568448e+05
8.950597047444042983e+05 2.045979244918115670e+06 -1.034793036311395932e+06 -8.324691080216073897e+05 4.292847657834605197e+05 5.595434149700013222e+04 3.733760793002890423e+05 1.938558965175388439e+05 6.556571310252565308e+04 5.880439727447556332e+06 -4.002325717916327063e+06 1.343218587166299811e+06 1.284379804368734127e+06 7.143225870047163917e+05 3.230691462805334013e+06 1.298025650729854126e+06 5.067001499636745430e+05 4.104969238004730432e+05
3.421659365282591898e+06 1.711379411971143447e+06 4.166768227116900380e+05 1.401708001255703566e+05 2.634197623077749158e+05 2.098693543286364875e+05 3.688665360223618336e+05 2.108664366159211495e+05 1.899443519967751054e+05 1.463221325836053677e+07 1.922189368612596765e+06 3.629400541548164561e+06 1.749869289051763713e+06 5.797270926137949573e+05 1.298025650729854126e+06 2.904955783725390676e+06 5.649341893306304701e+05 4.358121222379134852e+05
2.142091249918392859e+06 8.118893286492843181e+05 -4.294675909449442406e+05 -3.544490015277002240e+05 2.292887038760147989e+05 1.851723707078793377e+05 5.228636352423550852e+04 2.433185827916243870e+05 -2.545933154430233571e+03 2.522468462402183563e+06 1.370159364768521395e+06 -6.506660317662289162e+04 7.672888132109345170e+05 6.251084786232651823e+04 5.067001499636745430e+05 5.649341893306304701e+05 8.956277185901170596e+05 1.442111617728788697e+05
1.314066425999500789e+06 1.382971811967930524e+06 2.242841582498763091e+04 1.745926029798525269e+05 2.960150187652038294e+05 2.325625364765186096e+05 4.262104153750046680e+04 4.005698854773570201e+04 -1.839603103246534010e+04 2.971954793801449123e+05 5.727859216575124301e+05 2.192414889678627369e+05 -3.022915078663475288e+04 4.894813213031568448e+05 4.104969238004730432e+05 4.358121222379134852e+05 1.442111617728788697e+05 4.559904972860957496e+05
