# lambda=0.1979465717715596
4.569640806018733233e+07 1.633102824325657217e+06 2.048757483851191588e+06 2.538318217076252680e+06 5.872020571614810033e+05 -7.293802759791928111e+04 -2.044576269028976676e+05 7.126730770946029807e+05 6.472379606095399940e+05 -4.933143339769059792e+06 1.388486843713157251e+07 5.199623901372046210e+06 2.856451257733393461e+06 7.148961916801681218e+04 4.166656619645907194e+05 2.370430359891875647e+06 1.526654959423079155e+06 6.036841221526986919e+05
1.633102824325657217e+06 1.410106310047455132e+07 3.468466568219183479e+06 -1.174166536322315224e+06 6.251641908779797086e+04 6.642134568454262335e+05 -8.346008408400649205e+05 -2.389952380684209929e+05 -4.346428585056588636e+05 -1.690115960597540811e+07 2.779099436555829365e+06 4.328595312272655778e+06 -4.461074750622318126e+06 -5.985593158861424308e+05 -7.525684667247703765e+05 -1.449549737764577381e+06 -1.940759530647325737e+05 -1.333794127913387259e+06
2.048757483851191588e+06 3.468466568219183479e+06 4.236153009134630673e+06 -8.064703950661887939e+04 1.203858136102679651e+06 6.067626436029050965e+05 -2.268109825129966193e+05 1.873726008716564320e+04 3.411374473535626748e+04 -8.148835968637098267e+04 5.437236357245340478e+05 2.113389043140019756e+06 5.476409065286542755e+05 2.003058256177624920e+06 1.790029982727958704e+05 -4.540681874569289503e+05 -9.063875594257429475e+04 -5.460045407299203798e+05
2.538318217076252680e+06 -1.174166536322315224e+06 -8.064703950661887939e+04 2.400352285097422544e+06 4.012533657593707903e+05 1.484289946670904756e+05 1.396955084006983379e+05 1.611568730414085167e+03 1.770886270226383640e+05 3.854088826337304898e+06 4.551181759314577095e+06 1.271089624090329198e+04 1.314093264537228970e+06 7.357100872763935477e+05 1.028842386849327362e+06 5.419997597613414982e+05 3.735442799907568260e+05 5.920457359273542534e+04
5.872020571614810033e+05 6.251641908779797086e+04 1.203858136102679651e+06 4.012533657593707903e+05 1.076070876132131554e+06 3.793020194894140586e+05 6.263348277405116096e+04 3.697887040298956708e+04 -2.963705825579390512e+04 -1.565404816440942697e+06 1.987328451150093460e+05 5.339864740004672203e+05 1.368358326095255092e+06 1.328044258838880807e+06 2.695023912733341785e+04 1.500073668874521099e+05 -2.171320465401415640e+04 -3.075112780244973255e+05
-7.293802759791928111e+04 6.642134568454262335e+05 6.067626436029050965e+05 1.484289946670904756e+05 3.793020194894140586e+05 4.811535757026495412e+05 7.046236342603637604e+04 3.458637894317714381e+04 -8.625185055163126890e+03 -7.230664588953163475e+05 1.527334271789779188e+06 -3.945604248749117833e+05 -7.402272662180500338e+05 6.164786699902511900e+05 3.718291663954739925e+05 -3.066522634983868920e+05 -4.110769664707393531e+03 -1.502949759338731528e+05
-2.044576269028976676e+05 -8.346008408400649205e+05 -2.268109825129966193e+05 1.396955084006983379e+05 6.263348277405116096e+04 7.046236342603637604e+04 3.428596042075948208e+05 8.158634611792261421e+04 5.329115628362752614e+04 -1.668844130081446841e+06 6.950477927985694259e+05 -3.847474354206065764e+05 1.252212208028210793e+06 3.527451997368992306e+05 2.082901048479908204e+05 -3.344337298728977657e+03 1.056464484369833372e+05 1.554250160967683769e+05
7.126730770946029807e+05 -2.389952380684209929e+05 1.873726008716564320e+04 1.611568730414085167e+03 3.697887040298956708e+04 3.458637894317714381e+04 8.158634611792261421e+04 1.846569562533050193e+05 6.596635306289240543e+04 -1.814202486961161252e+06 -1.132822781561753480e+06 -4.991214505778118619e+05 -2.344717346069742343e+05 9.469955893132335041e+04 4.240693479399647913e+05 1.216496191878499521e+05 2.550202474662285240e+05 6.584575010538402421e+04
6.472379606095399940e+05 -4.346428585056588636e+05 3.411374473535626748e+04 1.770886270226383640e+05 -2.963705825579390512e+04 -8.625185055163126890e+03 5.329115628362752614e+04 6.596635306289240543e+04 1.461423091977976728e+05 -1.784472689459047688e+05 -1.366747183739870379e+05 -2.204994275462259247e+04 -6.243336306919386698e+04 -1.131345533515910356e+05 2.565313532526855124e+05 7.825318341992457863e+04 1.095246341185713245e+05 1.104051013613137475e+05
-4.933143339769059792e+06 -1.690115960597540811e+07 -8.148835968637098267e+04 3.854088826337304898e+06 -1.565404816440942697e+06 -7.230664588953163475e+05 -1.668844130081446841e+06 -1.814202486961161252e+06 -1.784472689459047688e+05 1.792918571563726962e+08 1.206234428712171875e+07 5.674528540122512728e+06 -5.420360786268871278e+06 -1.700323645517209079e+05 9.780423511614829767e+05 2.193199524241364095e+06 -3.794745828306811862e+06 -1.334578264388754906e+05
1.388486843713157251e+07 2.779099436555829365e+06 5.437236357245340478e+05 4.551181759314577095e+06 1.987328451150093460e+05 1.527334271789779188e+06 6.950477927985694259e+05 -1.132822781561753480e+06 -1.366747183739870379e+05 1.206234428712171875e+07 7.665679824073676765e+07 -1.779593976643789792e+06 -8.198912640891667688e+05 4.567616299680787488e+05 -9.009164861115462845e+05 -1.317947764438431943e+06 -3.329273723161652219e+06 -9.890334353967788629e+05
5.199623901372046210e+06 4.328595312272655778e+06 2.113389043140019756e+06 1.271089624090329198e+04 5.339864740004672203e+05 -3.945604248749117833e+05 -3.847474354206065764e+05 -4.991214505778118619e+05 -2.204994275462259247e+04 5.674528540122512728e+06 -1.779593976643789792e+06 2.276252324065555260e+07 9.710324741935824975e+06 8.245334694840164157e+05 -1.654259712197924266e+06 -2.543771570897410566e+05 -3.686824189303757739e+05 -1.323030156257476658e+06
2.856451257733393461e+06 -4.461074750622318126e+06 5.476409065286542755e+05 1.314093264537228970e+06 1.368358326095255092e+06 -7.402272662180500338e+05 1.252212208028210793e+06 -2.344717346069742343e+05 -6.243336306919386698e+04 -5.420360786268871278e+06 -8.198912640891667688e+05 9.710324741935824975e+06 2.288712500467575714e+07 4.952410211223366670e+06 -1.392317252574156271e+06 8.832808618790016044e+05 -7.753482703232321655e+05 4.940597410521654529e+05
7.148961916801681218e+04 -5.985593158861424308e+05 2.003058256177624920e+06 7.357100872763935477e+05 1.328044258838880807e+06 6.164786699902511900e+05 3.527451997368992306e+05 9.469955893132335041e+04 -1.131345533515910356e+05 -1.700323645517209079e+05 4.567616299680787488e+05 8.245334694840164157e+05 4.952410211223366670e+06 5.204747628227782436e+06 2.946081514686623705e+05 6.845679671328079421e+05 -4.347330711089225370e+05 -1.370412602611363982e+05
4.166656619645907194e+05 -7.525684667247703765e+05 1.790029982727958704e+05 1.028842386849327362e+06 2.695023912733341785e+04 3.718291663954739925e+05 2.082901048479908204e+05 4.240693479399647913e+05 2.565313532526855124e+05 9.780423511614829767e+05 -9.009164861115462845e+05 -1.654259712197924266e+06 -1.392317252574156271e+06 2.946081514686623705e+05 2.796174304115114734e+06 5.315076291560754726e+03 5.844239883000107948e+05 2.369116836302579031e+05
2.370430359891875647e+06 -1.449549737764577381e+06 -4.540681874569289503e+05 5.419997597613414982e+05 1.500073668874521099e+05 -3.066522634983868920e+05 -3.344337298728977657e+03 1.216496191878499521e+05 7.825318341992457863e+04 2.193199524241364095e+06 -1.317947764438431943e+06 -2.543771570897410566e+05 8.832808618790016044e+05 6.845679671328079421e+05 5.315076291560754726e+03 1.271464030003250577e+06 -7.992620973117222093e+03 1.199817275688493391e+05
1.526654959423079155e+06 -1.940759530647325737e+05 -9.063875594257429475e+04 3.735442799907568260e+05 -2.171320465401415640e+04 -4.110769664707393531e+03 1.056464484369833372e+05 2.550202474662285240e+05 1.095246341185713245e+05 -3.794745828306811862e+06 -3.329273723161652219e+06 -3.686824189303757739e+05 -7.753482703232321655e+05 -4.347330711089225370e+05 5.844239883000107948e+05 -7.992620973117222093e+03 1.025640096252455143e+06 1.380125021098915895e+05
6.036841221526986919e+05 -1.333794127913387259e+06 -5.460045407299203798e+05 5.920457359273542534e+04 -3.075112780244973255e+05 -1.502949759338731528e+05 1.554250160967683769e+05 6.584575010538402421e+04 1.104051013613137475e+05 -1.334578264388754906e+05 -9.890334353967788629e+05 -1.323030156257476658e+06 4.940597410521654529e+05 -1.370412602611363982e+05 2.369116836302579031e+05 1.199817275688493391e+05 1.380125021098915895e+05 4.540206296810019994e+05
