# lambda=0.20919548687449344
2.928259776951378584e+07 -8.793424982817909913e+05 -1.552129319340998074e+06 5.652778813912776532e+05 -9.586017374032114167e+05 -7.109323573643174022e+05 6.985351801229907433e+05 3.408460695478997077e+05 3.892217799065290601e+05 9.287086306747639552e+06 5.579665433626377955e+06 -6.366716370878376067e+06 4.685152741021286696e+06 -1.146844198853017995e+06 -9.982727157944093924e+05 2.729419679942939896e+06 2.358079151929299813e+06 1.144259871384714730e+06
-8.793424982817909913e+05 9.751972486252637580e+06 1.847823737593098311e+06 -5.069209335548148374e+04 5.830062687051681569e+05 2.556330178698084201e+05 -1.265860636531076852e+04 3.932491211608896847e+05 -9.919612182652804768e+04 5.215064576334591024e+06 -6.367756315088130068e+05 7.549901523643979803e+06 1.028580542551409570e+06 9.980848676786654396e+05 9.095138889889959246e+05 -3.659762419874667103e+04 8.775622626330095809e+05 6.366284119655726245e+05
-1.552129319340998074e+06 1.847823737593098311e+06 4.307634857004980557e+06 2.968383368541729869e+05 -1.057914723268314410e+05 4.513413777729808935e+05 2.401411982549267414e+05 2.650070272193390992e+05 9.894245650088597586e+02 -7.692630013115383685e+06 2.974438853715051897e+06 3.716729055536515545e+06 -4.389843771257741610e+05 2.875846938434217591e+05 -2.599378758636604762e+05 -6.104836116534539033e+05 3.462708855149102601e+04 6.060435057709928369e+05
5.652778813912776532e+05 -5.069209335548148374e+04 2.968383368541729869e+05 1.495309743461349048e+06 -1.674685619191103906e+05 5.342192834798190597e+04 7.358922106277671992e+04 -9.644087286601478991e+04 1.109105873404942540e+05 3.189065164313071873e+05 6.240912507751258090e+05 -8.517668788326370995e+05 1.557459916922971141e+06 -3.238449101416884514e+04 -3.775743089520548237e+05 -7.873021855320534087e+04 -7.832383789224311477e+04 3.153789119598153047e+05
-9.586017374032114167e+05 5.830062687051681569e+05 -1.057914723268314410e+05 -1.674685619191103906e+05 9.644381408264186466e+05 1.988557664369674603e+04 -2.028260165565263596e+05 4.356793247706697002e+04 -8.154962484401342226e+04 1.814096788641836494e+06 2.661835690510680899e+06 2.658866437214326113e+06 -7.878335112344801892e+05 8.224656402886456344e+05 1.199502314209259814e+06 5.605654551986536244e+05 1.168633579969744605e+05 1.037275673087035102e+04
-7.109323573643174022e+05 2.556330178698084201e+05 4.513413777729808935e+05 5.342192834798190597e+04 1.988557664369674603e+04 3.317366659756259178e+05 3.203242615980497430e+04 -6.062652092811027416e+01 -1.615461383769476015e+04 -1.020732356153256376e+06 7.361235859153781785e+05 2.985560639082210837e+05 -1.579851286856699735e+05 -1.567221314831469790e+05 3.072577892814108054e+05 -1.521774546057871776e+05 -1.092296660268606647e+05 2.065255216919308805e+04
6.985351801229907433e+05 -1.265860636531076852e+04 2.401411982549267414e+05 7.358922106277671992e+04 -2.028260165565263596e+05 3.203242615980497430e+04 3.605219086067864555e+05 9.495532986865096609e+04 -1.289521387878811947e+04 1.012051085052934592e+06 -1.031270431981771020e+06 1.106643397790123709e+04 2.965243130785036483e+05 -2.527958200317031587e+05 -1.150063725073371606e+05 3.148158948890303509e+04 -2.274501723239111925e+03 9.627720678997223149e+04
3.408460695478997077e+05 3.932491211608896847e+05 2.650070272193390992e+05 -9.644087286601478991e+04 4.356793247706697002e+04 -6.062652092811027416e+01 9.495532986865096609e+04 2.759855444811097695e+05 3.783745485081872175e+04 -9.179947588949886267e+04 -1.004721895129126962e+06 1.476297856002017215e+05 3.943387767608720460e+05 1.320350948653405067e+05 2.265629415328066680e+05 1.650357882246933295e+05 1.290919398532965715e+05 1.074859414674723812e+05
3.892217799065290601e+05 -9.919612182652804768e+04 9.894245650088597586e+02 1.109105873404942540e+05 -8.154962484401342226e+04 -1.615461383769476015e+04 -1.289521387878811947e+04 3.783745485081872175e+04 1.017874718905859190e+05 -9.147698430819774512e+05 -7.302324559203751051e+03 -8.447661513569523813e+05 4.144005019871745026e+05 -1.872543854617559118e+05 -2.436342819365442119e+04 6.905768387967601302e+04 7.191215240692182306e+03 1.142843073532996641e+05
9.287086306747639552e+06 5.215064576334591024e+06 -7.692630013115383685e+06 3.189065164313071873e+05 1.814096788641836494e+06 -1.020732356153256376e+06 1.012051085052934592e+06 -9.179947588949886267e+04 -9.147698430819774512e+05 7.364076293420018256e+07 4.496962535634790547e+05 1.190800492178611830e+07 1.996637063263903139e+06 -3.149450333701364230e+06 2.766367793272566982e+06 9.369327398839085363e+05 2.248830840114866383e+06 2.412271776930893539e+05
5.579665433626377955e+06 -6.367756315088130068e+05 2.974438853715051897e+06 6.240912507751258090e+05 2.661835690510680899e+06 7.361235859153781785e+05 -1.031270431981771020e+06 -1.004721895129126962e+06 -7.302324559203751051e+03 4.496962535634790547e+05 5.613189141274752468e+07 1.694514488537633047e+07 -1.404964916414481995e+05 5.960720678103722166e+05 5.079707461925226264e+06 4.254677915070676245e+06 8.927673141878766473e+05 2.711607173979222775e+06
-6.366716370878376067e+06 7.549901523643979803e+06 3.716729055536515545e+06 -8.517668788326370995e+05 2.658866437214326113e+06 2.985560639082210837e+05 1.106643397790123709e+04 1.476297856002017215e+05 -8.447661513569523813e+05 1.190800492178611830e+07 1.694514488537633047e+07 3.310407673861373961e+07 -1.120694882852717303e+06 1.953999243079075124e+06 3.304392371126175392e+06 2.387973538428580388e+06 1.312143147956484696e+06 8.679642919568561483e+05
4.685152741021286696e+06 1.028580542551409570e+06 -4.389843771257741610e+05 1.557459916922971141e+06 -7.878335112344801892e+05 -1.579851286856699735e+05 2.965243130785036483e+05 3.943387767608720460e+05 4.144005019871745026e+05 1.996637063263903139e+06 -1.404964916414481995e+05 -1.120694882852717303e+06 1.023067413749729283e+07 1.185627307599338936e+06 -1.479342857363210060e+05 8.180782450150415534e+05 3.951768997542879079e+05 1.552543663251642138e+06
-1.146844198853017995e+06 9.980848676786654396e+05 2.875846938434217591e+05 -3.238449101416884514e+04 8.224656402886456344e+05 -1.567221314831469790e+05 -2.527958200317031587e+05 1.320350948653405067e+05 -1.872543854617559118e+05 -3.149450333701364230e+06 5.960720678103722166e+05 1.953999243079075124e+06 1.185627307599338936e+06 4.203736954740093090e+06 1.002056309030416072e+06 5.003751972449432942e+05 1.474921251575237548e+05 -3.848661988569675941e+03
-9.982727157944093924e+05 9.095138889889959246e+05 -2.599378758636604762e+05 -3.775743089520548237e+05 1.199502314209259814e+06 3.072577892814108054e+05 -1.150063725073371606e+05 2.265629415328066680e+05 -2.436342819365442119e+04 2.766367793272566982e+06 5.079707461925226264e+06 3.304392371126175392e+06 -1.479342857363210060e+05 1.002056309030416072e+06 3.167287324873322621e+06 1.272036323486268520e+06 2.809043327482762397e+05 1.296287262261503929e+05
2.729419679942939896e+06 -3.659762419874667103e+04 -6.104836116534539033e+05 -7.873021855320534087e+04 5.605654551986536244e+05 -1.521774546057871776e+05 3.148158948890303509e+04 1.650357882246933295e+05 6.905768387967601302e+04 9.369327398839085363e+05 4.254677915070676245e+06 2.387973538428580388e+06 8.180782450150415534e+05 5.003751972449432942e+05 1.272036323486268520e+06 1.830051272721727611e+06 4.696204961345642805e+05 3.147243379339402309e+05
2.358079151929299813e+06 8.775622626330095809e+05 3.462708855149102601e+04 -7.832383789224311477e+04 1.168633579969744605e+05 -1.092296660268606647e+05 -2.274501723239111925e+03 1.290919398532965715e+05 7.191215240692182306e+03 2.248830840114866383e+06 8.927673141878766473e+05 1.312143147956484696e+06 3.951768997542879079e+05 1.474921251575237548e+05 2.809043327482762397e+05 4.696204961345642805e+05 5.329969341499832226e+05 2.419953866462356527e+05
1.144259871384714730e+06 6.366284119655726245e+05 6.060435057709928369e+05 3.153789119598153047e+05 1.037275673087035102e+04 2.065255216919308805e+04 9.627720678997223149e+04 1.074859414674723812e+05 1.142843073532996641e+05 2.412271776930893539e+05 2.711607173979222775e+06 8.679642919568561483e+05 1.552543663251642138e+06 -3.848661988569675941e+03 1.296287262261503929e+05 3.147243379339402309e+05 2.419953866462356527e+05 6.848913028549354058e+05
