# lambda=0.20800143624943274
2.652717322456881404e+07 -3.944425840705486014e+06 1.247833055192122003e+06 2.934995740608318709e+06 1.168336426945066545e+06 -8.098643575292431051e+05 -3.663419727339872625e+05 -6.446349318983023986e+05 1.576091369571390678e+05 4.402550476876946166e+06 -5.338989094234667718e+06 -3.111928783740306739e+06 2.000524092212669086e+06 5.920501518108772114e+06 1.331868347152121365e+06 1.982645149893113645e+06 -5.724398189367660088e+05 1.061996634105383884e+06
-3.944425840705486014e+06 2.048944691677422449e+07 2.912467546864709002e+05 -1.187590018165639194e+05 -6.122014244835635182e+05 -5.958789970001712209e+05 3.627531282644495950e+05 2.686290989799482631e+05 -1.258004280431536463e+05 1.509265129198034480e+07 2.263650069456283376e+07 4.919322123586733826e+06 5.122988494905521162e+06 -1.006482599075383274e+06 2.928569616805105470e+06 1.912938026898843003e+06 1.520979869011076400e+06 5.590835074326484464e+05
1.247833055192122003e+06 2.912467546864709002e+05 3.617647689308939502e+06 9.161818701302155387e+05 -4.249831505549488938e+05 2.564112184979082085e+05 -4.983194599863913754e+04 -1.380689874629484548e+05 -4.600816467343852128e+04 3.682576118824025150e+06 -4.837081617187127122e+05 2.138058442555468995e+06 3.057564913719274919e+05 -1.342616080835612258e+06 -1.595770861560732883e+05 -4.791664599795220420e+05 -2.505679848001662467e+05 -2.983251745939899774e+04
2.934995740608318709e+06 -1.187590018165639194e+05 9.161818701302155387e+05 2.856150055563726928e+06 3.742475677649246063e+05 1.096027926395720860e+05 -8.206550492538184335e+04 -1.421404045819733292e+05 1.006761824241074501e+05 -2.551329174584615044e+06 -2.155296325692043174e+06 -1.773415193581594154e+06 3.167087934249467682e+06 1.118690406294736313e+06 7.234491152298912639e+05 1.086746652930021519e+06 3.931388766009176470e+04 5.619953623287861701e+05
1.168336426945066545e+06 -6.122014244835635182e+05 -4.249831505549488938e+05 3.742475677649246063e+05 7.623294731255691731e+05 3.724633571438924264e+04 -9.929634155930801353e+04 4.060157943690469256e+04 -3.414786444845316873e+04 2.105984039014401380e+06 3.292131725311718765e+04 -4.444037272222383181e+05 1.257667843572430138e+05 1.147264644141649827e+06 1.893895838689727243e+05 -3.097564416187991446e+04 1.822729395796728932e+04 2.042750490728955192e+05
-8.098643575292431051e+05 -5.958789970001712209e+05 2.564112184979082085e+05 1.096027926395720860e+05 3.724633571438924264e+04 5.718864505553466734e+05 3.919664720939620747e+04 -3.106700553943855994e+03 -1.803919335387615502e+04 -2.470999088463747408e+06 -3.005989772290703841e+05 7.486212114004452014e+05 -1.763886270787893227e+04 -2.054720751174475008e+05 -4.960054675241186633e+05 -8.449751792080045561e+04 1.260101125785765762e+05 -3.011177408080741770e+03
-3.663419727339872625e+05 3.627531282644495950e+05 -4.983194599863913754e+04 -8.206550492538184335e+04 -9.929634155930801353e+04 3.919664720939620747e+04 1.243382719630475622e+05 1.210411010013093437e+04 3.086911563881586335e+04 1.194363822061168496e+06 -3.799453085027571069e+05 -3.384531903304985608e+05 -7.394805033100665605e+04 -7.703429322025393776e+04 2.531361049508211363e+04 3.519533482215280674e+04 7.613384247992846940e+04 3.161690703597344327e+04
-6.446349318983023986e+05 2.686290989799482631e+05 -1.380689874629484548e+05 -1.421404045819733292e+05 4.060157943690469256e+04 -3.106700553943855994e+03 1.210411010013093437e+04 1.230686629288443073e+05 1.269807832520463853e+04 9.068635856655301759e+05 7.281124706732594641e+05 5.060574262138973427e+04 -5.141298821503191721e+04 -2.929603843537995126e+05 1.407424059928171337e+05 -1.770505140418086667e+05 1.381623543780804721e+04 -2.251586153131336323e+04
1.576091369571390678e+05 -1.258004280431536463e+05 -4.600816467343852128e+04 1.006761824241074501e+05 -3.414786444845316873e+04 -1.803919335387615502e+04 3.086911563881586335e+04 1.269807832520463853e+04 5.169985197363334009e+04 7.063878567710525822e+05 -8.100063688504279125e+05 -4.690553852400179603e+05 1.415588379228234699e+05 1.094678410804090672e+05 4.042918373544983478e+04 1.021531621193401406e+04 -6.607083847528127080e+04 4.398183953026705240e+03
4.402550476876946166e+06 1.509265129198034480e+07 3.682576118824025150e+06 -2.551329174584615044e+06 2.105984039014401380e+06 -2.470999088463747408e+06 1.194363822061168496e+06 9.068635856655301759e+05 7.063878567710525822e+05 2.009454699561101198e+08 2.062047651996947825e+07 -1.495945973317817412e+07 -1.170694965329464758e+06 8.914775317152693868e+06 1.676409686679734616e+06 -3.101384459084477741e+06 -9.055289174097699579e+05 -2.714071771533223800e+05
-5.338989094234667718e+06 2.263650069456283376e+07 -4.837081617187127122e+05 -2.155296325692043174e+06 3.292131725311718765e+04 -3.005989772290703841e+05 -3.799453085027571069e+05 7.281124706732594641e+05 -8.100063688504279125e+05 2.062047651996947825e+07 9.887109346053369343e+07 2.698921152054327354e+07 -3.789624086608835496e+06 -7.606490584309175611e+06 2.051849935762987239e+06 -1.280778235030535376e+06 1.589062404624645598e+06 1.106583139726947760e+06
-3.111928783740306739e+06 4.919322123586733826e+06 2.138058442555468995e+06 -1.773415193581594154e+06 -4.444037272222383181e+05 7.486212114004452014e+05 -3.384531903304985608e+05 5.060574262138973427e+04 -4.690553852400179603e+05 -1.495945973317817412e+07 2.698921152054327354e+07 3.138532370939114690e+07 -9.772368871155752568e+05 -3.883775900671528187e+06 -2.785386651343860649e+04 -2.407362511263309047e+06 4.739397224412845680e+05 1.537373038386870408e+06
2.000524092212669086e+06 5.122988494905521162e+06 3.057564913719274919e+05 3.167087934249467682e+06 1.257667843572430138e+05 -1.763886270787893227e+04 -7.394805033100665605e+04 -5.141298821503191721e+04 1.415588379228234699e+05 -1.170694965329464758e+06 -3.789624086608835496e+06 -9.772368871155752568e+05 9.969439659100277349e+06 2.207317680087662302e+06 1.492065497377556982e+06 1.949191573739820160e+06 9.454828956206670264e+05 5.066092152753975824e+05
5.920501518108772114e+06 -1.006482599075383274e+06 -1.342616080835612258e+06 1.118690406294736313e+06 1.147264644141649827e+06 -2.054720751174475008e+05 -7.703429322025393776e+04 -2.929603843537995126e+05 1.094678410804090672e+05 8.914775317152693868e+06 -7.606490584309175611e+06 -3.883775900671528187e+06 2.207317680087662302e+06 7.817453467589919455e+06 7.746493821372382808e+05 1.166486331702239113e+06 -3.421872569352693972e+05 3.354933302419743850e+05
1.331868347152121365e+06 2.928569616805105470e+06 -1.595770861560732883e+05 7.234491152298912639e+05 1.893895838689727243e+05 -4.960054675241186633e+05 2.531361049508211363e+04 1.407424059928171337e+05 4.042918373544983478e+04 1.676409686679734616e+06 2.051849935762987239e+06 -2.785386651343860649e+04 1.492065497377556982e+06 7.746493821372382808e+05 1.939731381933750352e+06 6.023854331845865818e+05 1.848995758682447195e+05 4.270940697812990402e+05
1.982645149893113645e+06 1.912938026898843003e+06 -4.791664599795220420e+05 1.086746652930021519e+06 -3.097564416187991446e+04 -8.449751792080045561e+04 3.519533482215280674e+04 -1.770505140418086667e+05 1.021531621193401406e+04 -3.101384459084477741e+06 -1.280778235030535376e+06 -2.407362511263309047e+06 1.949191573739820160e+06 1.166486331702239113e+06 6.023854331845865818e+05 1.913566728587000631e+06 4.174157416323505458e+05 3.259934585110747139e+05
-5.724398189367660088e+05 1.520979869011076400e+06 -2.505679848001662467e+05 3.931388766009176470e+04 1.822729395796728932e+04 1.260101125785765762e+05 7.613384247992846940e+04 1.381623543780804721e+04 -6.607083847528127080e+04 -9.055289174097699579e+05 1.589062404624645598e+06 4.739397224412845680e+05 9.454828956206670264e+05 -3.421872569352693972e+05 1.848995758682447195e+05 4.174157416323505458e+05 6.604941153394938447e+05 2.447846079785834299e+05
1.061996634105383884e+06 5.590835074326484464e+05 -2.983251745939899774e+04 5.619953623287861701e+05 2.042750490728955192e+05 -3.011177408080741770e+03 3.161690703597344327e+04 -2.251586153131336323e+04 4.398183953026705240e+03 -2.714071771533223800e+05 1.106583139726947760e+06 1.537373038386870408e+06 5.066092152753975824e+05 3.354933302419743850e+05 4.270940697812990402e+05 3.259934585110747139e+05 2.447846079785834299e+05 5.551534608722187113e+05
