# lambda=0.17204033203595165
6.194558135393895209e+07 2.264595834079530556e+06 -1.432238379330817843e+06 1.187011243483965285e+06 -1.073680461241053883e+06 -9.351934292295326013e+05 8.668661268966490170e+05 4.483679061852648156e+05 -2.195633066582016763e+05 -1.763804490899985284e+07 -9.578418577609660104e+06 -8.008334337426981889e+06 -1.147428569477856904e+07 -8.071020558801361360e+06 -2.710618454695098102e+06 -4.983021879487001337e+06 -4.441188432745748432e+05 -1.257907918700504350e+06
2.264595834079530556e+06 5.679056506445096806e+06 2.491537308241589926e+06 1.554559017141402001e+06 6.196000540613981429e+05 -4.711314169449589681e+05 -3.299738933583920589e+05 1.907194087635119504e+05 3.454727122713298886e+05 -9.256705836338087916e+06 3.255325260947171599e+06 -1.592748923351051984e+06 3.333876554742446635e+06 -2.996530936380961444e+06 -6.398328122362891445e+05 -3.052828109605921782e+05 3.132291201452105306e+05 3.619989604696992901e+05
-1.432238379330817843e+06 2.491537308241589926e+06 4.804569213359271176e+06 4.832917638415134861e+05 1.387230229065985768e+05 -2.009047832201471028e+05 6.270510351930679462e+04 2.430943334995179321e+05 1.578109129611442331e+05 -3.258221080483175465e+05 6.318032107200347818e+06 3.558623315424209461e+06 1.493964904127574759e+06 -3.423661740639499389e+06 -1.064276108304124791e+06 -3.450980838377655018e+05 3.884485708883205662e+05 4.273338170203265036e+05
1.187011243483965285e+06 1.554559017141402001e+06 4.832917638415134861e+05 1.163058724800644908e+06 4.496938019736023853e+05 -1.041267466128679371e+05 -2.333426911070597707e+05 1.350659618571410247e+05 1.308037213544710539e+05 -5.980267755543643609e+06 2.637392466417723335e+06 -5.896056598502995912e+05 1.212914962570639560e+06 1.684650992487691110e+05 -2.062889013787972217e+05 -2.405437646401150560e+05 1.450019104727825033e+05 1.860638995349860343e+05
-1.073680461241053883e+06 6.196000540613981429e+05 1.387230229065985768e+05 4.496938019736023853e+05 1.049877116452080430e+06 -1.006495837724725279e+05 -1.900116565361417306e+05 3.299231484855938470e+04 1.042608183976751461e+05 -2.834286084749032278e+06 5.608715404897148255e+05 -4.007431560329660424e+05 1.288719693338294514e+06 7.839603335541537963e+05 -4.093142941021599690e+05 -2.427210134623012564e+05 -3.880319901442480386e+03 1.897068655548180104e+05
-9.351934292295326013e+05 -4.711314169449589681e+05 -2.009047832201471028e+05 -1.041267466128679371e+05 -1.006495837724725279e+05 6.917679790629976196e+05 -4.456365669294307736e+04 -6.701190760488785600e+03 -8.211244190406920097e+04 4.747899026741639245e+05 7.331582954927845858e+05 -1.033851142393380171e+06 3.483231302022545133e+05 8.950844254798418842e+05 2.749294963024883764e+05 3.156775484235782642e+05 -2.666254223774085767e+04 -1.316997720956111152e+05
8.668661268966490170e+05 -3.299738933583920589e+05 6.270510351930679462e+04 -2.333426911070597707e+05 -1.900116565361417306e+05 -4.456365669294307736e+04 2.325865729860620049e+05 7.541682677151457028e+03 -3.485077017698200507e+04 1.942087077557979384e+06 -1.593560113737095962e+05 8.859328258233313682e+05 -6.159295267429829109e+05 -6.844082399736674270e+05 -7.160905106265052746e+04 -1.102909794418369529e+04 1.662638671527402184e+05 4.031063570629202877e+04
4.483679061852648156e+05 1.907194087635119504e+05 2.430943334995179321e+05 1.350659618571410247e+05 3.299231484855938470e+04 -6.701190760488785600e+03 7.541682677151457028e+03 8.168339807793745422e+04 5.858435053860722110e+04 -1.087000041844103253e+06 1.691757230716009508e+05 5.061734823037018650e+05 2.395241684227619771e+03 -8.343274373876400932e+04 6.441586488433194972e+03 -5.725703204554769763e+04 1.354540594661634823e+05 3.222602691188718381e+04
-2.195633066582016763e+05 3.454727122713298886e+05 1.578109129611442331e+05 1.308037213544710539e+05 1.042608183976751461e+05 -8.211244190406920097e+04 -3.485077017698200507e+04 5.858435053860722110e+04 1.360855784258529020e+05 -1.041901061158319819e+06 6.062863274290886475e+05 4.633068015258763917e+05 1.675508332405316469e+05 -9.352790894608749659e+04 1.110060286982950638e+05 -5.408046465282615827e+04 1.007607813494050206e+05 1.939391030932849026e+04
-1.763804490899985284e+07 -9.256705836338087916e+06 -3.258221080483175465e+05 -5.980267755543643609e+06 -2.834286084749032278e+06 4.747899026741639245e+05 1.942087077557979384e+06 -1.087000041844103253e+06 -1.041901061158319819e+06 1.558740850305448174e+08 4.396214316748448648e+06 1.608301634781623818e+07 -5.274707619360692799e+06 -2.515116818499888293e+06 1.068909320079230238e+06 -2.322671001187908463e+06 -1.676513994610063033e+06 1.729316209721175546e+05
-9.578418577609660104e+06 3.255325260947171599e+06 6.318032107200347818e+06 2.637392466417723335e+06 5.608715404897148255e+05 7.331582954927845858e+05 -1.593560113737095962e+05 1.691757230716009508e+05 6.062863274290886475e+05 4.396214316748448648e+06 5.738743439061600715e+07 8.198869929671192076e+05 3.755870425000260118e+06 -3.302873571603578981e+06 1.836118523731026216e+05 2.126654010225299280e+06 3.677390272891476052e+05 3.684015534683293663e+05
-8.008334337426981889e+06 -1.592748923351051984e+06 3.558623315424209461e+06 -5.896056598502995912e+05 -4.007431560329660424e+05 -1.033851142393380171e+06 8.859328258233313682e+05 5.061734823037018650e+05 4.633068015258763917e+05 1.608301634781623818e+07 8.198869929671192076e+05 3.245427967572672665e+07 1.240910552639347268e+06 1.204908560579675250e+06 1.747873614161078352e+06 6.974748650365126086e+05 2.532685039128164761e+06 5.012078291163569083e+05
-1.147428569477856904e+07 3.333876554742446635e+06 1.493964904127574759e+06 1.212914962570639560e+06 1.288719693338294514e+06 3.483231302022545133e+05 -6.159295267429829109e+05 2.395241684227619771e+03 1.675508332405316469e+05 -5.274707619360692799e+06 3.755870425000260118e+06 1.240910552639347268e+06 7.706310530683173798e+06 1.983322158724180190e+06 -1.957300133048560238e+05 1.150755491736807860e+06 1.720306677110891542e+03 -2.813222732276878014e+04
-8.071020558801361360e+06 -2.996530936380961444e+06 -3.423661740639499389e+06 1.684650992487691110e+05 7.839603335541537963e+05 8.950844254798418842e+05 -6.844082399736674270e+05 -8.343274373876400932e+04 -9.352790894608749659e+04 -2.515116818499888293e+06 -3.302873571603578981e+06 1.204908560579675250e+06 1.983322158724180190e+06 8.350334480273262598e+06 1.745279825667040655e+06 1.441781046947072726e+06 -2.999486012320473674e+05 -4.348212946814824827e+05
-2.710618454695098102e+06 -6.398328122362891445e+05 -1.064276108304124791e+06 -2.062889013787972217e+05 -4.093142941021599690e+05 2.749294963024883764e+05 -7.160905106265052746e+04 6.441586488433194972e+03 1.110060286982950638e+05 1.068909320079230238e+06 1.836118523731026216e+05 1.747873614161078352e+06 -1.957300133048560238e+05 1.745279825667040655e+06 1.672301499522970989e+06 7.916979078355202219e+05 2.581869922141939460e+05 -1.765263318776485685e+05
-4.983021879487001337e+06 -3.052828109605921782e+05 -3.450980838377655018e+05 -2.405437646401150560e+05 -2.427210134623012564e+05 3.156775484235782642e+05 -1.102909794418369529e+04 -5.725703204554769763e+04 -5.408046465282615827e+04 -2.322671001187908463e+06 2.126654010225299280e+06 6.974748650365126086e+05 1.150755491736807860e+06 1.441781046947072726e+06 7.916979078355202219e+05 2.058270980890409322e+06 5.247634690388211748e+05 -1.240622286550046119e+05
-4.441188432745748432e+05 3.132291201452105306e+05 3.884485708883205662e+05 1.450019104727825033e+05 -3.880319901442480386e+03 -2.666254223774085767e+04 1.662638671527402184e+05 1.354540594661634823e+05 1.007607813494050206e+05 -1.676513994610063033e+06 3.677390272891476052e+05 2.532685039128164761e+06 1.720306677110891542e+03 -2.999486012320473674e+05 2.581869922141939460e+05 5.247634690388211748e+05 9.119699865675998153e+05 2.491695720897962747e+05
-1.257907918700504350e+06 3.619989604696992901e+05 4.273338170203265036e+05 1.860638995349860343e+05 1.897068655548180104e+05 -1.316997720956111152e+05 4.031063570629202877e+04 3.222602691188718381e+04 1.939391030932849026e+04 1.729316209721175546e+05 3.684015534683293663e+05 5.012078291163569083e+05 -2.813222732276878014e+04 -4.348212946814824827e+05 -1.765263318776485685e+05 -1.240622286550046119e+05 2.491695720897962747e+05 4.994523934081949992e+05
