# lambda=0.1599281781844131
6.242476687204701453e+07 2.873104492996021640e+06 -3.328322673351295292e+06 2.947496664619267453e+06 -1.344750022808772279e+06 4.128949572558608372e+06 -4.859908769891272095e+04 -1.122709796302874340e+06 -8.149214015437559283e+04 7.570147449484473467e+07 1.778517522086472437e+07 1.687616544339586794e+07 3.563971782833209727e+06 3.567633700378668495e+06 3.889214321106889751e+06 2.053864411006438313e+06 2.074454908119490137e+06 -2.175969862110883463e+06
2.873104492996021640e+06 1.579093134505471587e+07 9.604371894605739508e+05 8.225788685218534665e+05 1.186175094114477979e+06 3.355868723772938829e+05 -2.603395609602423210e+05 -4.949931312964956742e+05 -3.042303742569051683e+05 8.462642264647772536e+06 -9.335756347292164341e+06 -1.788211756888515956e+05 3.963190584558232804e+05 1.559125927076433552e+06 1.657388230652007507e+06 8.909887472817256348e+05 -1.385666353893500520e+06 -6.869948443942822050e+05
-3.328322673351295292e+06 9.604371894605739508e+05 7.757127754354495555e+06 6.475074691720028204e+04 9.621153008315861225e+05 5.398042994284250308e+05 -1.620270646680119971e+05 -6.870158279483855586e+04 -1.309171331744188356e+05 4.446470300584453158e+06 -4.079642634964079596e+06 2.721605189455246087e+06 -3.032332253127193078e+06 6.688591244940996403e+05 -5.006617357289122301e+05 1.047769587971184592e+04 -2.911024469880756806e+05 -4.700533753198488266e+05
2.947496664619267453e+06 8.225788685218534665e+05 6.475074691720028204e+04 1.762433379924789304e+06 2.323899430605235393e+05 3.844380395919062430e+05 -6.180971389918243221e+04 -8.029252400634447986e+04 2.765605948550437461e+04 8.721405498400237411e+06 -8.775317295719855465e+05 3.223047939331748057e+06 1.238593275087243645e+06 8.720754716158927185e+05 4.894020832672081306e+05 2.633625890986799495e+05 2.766949898199181189e+05 -1.755358729142098455e+05
-1.344750022808772279e+06 1.186175094114477979e+06 9.621153008315861225e+05 2.323899430605235393e+05 8.087883088271613233e+05 1.396656134146856202e+05 -1.575731652207816660e+05 -9.812154183804742934e+04 9.396664347382802589e+02 2.031332133525027195e+06 -3.062897518172240350e+06 7.698441521509911399e+05 -5.324276901242483873e+05 1.260255384183511342e+05 -3.616457900030657038e+04 -1.468437606137740659e+05 -2.378932892471124360e+05 -5.893862880963660427e+04
4.128949572558608372e+06 3.355868723772938829e+05 5.398042994284250308e+05 3.844380395919062430e+05 1.396656134146856202e+05 6.969836283770865994e+05 5.018768533616557397e+04 -1.462092398630829412e+05 3.230404982223835032e+04 7.312407016819400713e+06 9.113037072575264610e+05 1.957970810781623702e+06 6.007305133919316577e+05 7.847130367848452879e+05 7.386840265208856435e+05 2.823192963284376310e+05 2.426622543043916812e+05 -2.906338810808593989e+05
-4.859908769891272095e+04 -2.603395609602423210e+05 -1.620270646680119971e+05 -6.180971389918243221e+04 -1.575731652207816660e+05 5.018768533616557397e+04 3.633049105470075738e+05 6.983725587063231796e+04 1.646689484198326827e+05 -1.775505448402555659e+06 -6.951469846992298262e+05 -5.439904576159460703e+05 3.062728069992897217e+05 8.878569916433947219e+04 1.300334153827971459e+05 1.454714300148719922e+05 2.034166305617393809e+05 1.099681331304249034e+05
-1.122709796302874340e+06 -4.949931312964956742e+05 -6.870158279483855586e+04 -8.029252400634447986e+04 -9.812154183804742934e+04 -1.462092398630829412e+05 6.983725587063231796e+04 2.633164970832125982e+05 5.633513447688086308e+04 -1.725668995225831866e+06 -1.031537997339881724e+06 -1.493054639851374959e+05 1.813129459689182113e+05 -1.383497930673268565e+05 -1.232459574456887785e+05 -3.301429386866492569e+05 2.200992455126009299e+05 1.283911704771642835e+05
-8.149214015437559283e+04 -3.042303742569051683e+05 -1.309171331744188356e+05 2.765605948550437461e+04 9.396664347382802589e+02 3.230404982223835032e+04 1.646689484198326827e+05 5.633513447688086308e+04 1.646956953251901141e+05 -6.180616884152634302e+05 -2.693284227472409257e+05 -4.869184251220137230e+05 -1.073896996272177494e+05 7.993306954574929841e+04 3.795688540645571629e+04 1.124908355981451605e+05 1.695175818315489450e+05 5.984858372630073427e+04
7.570147449484473467e+07 8.462642264647772536e+06 4.446470300584453158e+06 8.721405498400237411e+06 2.031332133525027195e+06 7.312407016819400713e+06 -1.775505448402555659e+06 -1.725668995225831866e+06 -6.180616884152634302e+05 2.090669890384049118e+08 2.091093362680107728e+07 3.348840448950051144e+07 4.114350377852297388e+06 7.765127256050051190e+06 1.243153682437620312e+07 -2.217001371064708102e+06 8.084857722052418394e+05 -6.366897218048050068e+06
1.778517522086472437e+07 -9.335756347292164341e+06 -4.079642634964079596e+06 -8.775317295719855465e+05 -3.062897518172240350e+06 9.113037072575264610e+05 -6.951469846992298262e+05 -1.031537997339881724e+06 -2.693284227472409257e+05 2.091093362680107728e+07 6.036387813521117717e+07 6.540919560997832566e+06 -3.749912339544132818e+06 2.867451639454856049e+06 6.475953951006650459e+05 6.217230078009867575e+05 1.533375319797841599e+06 -5.891163721936166985e+05
1.687616544339586794e+07 -1.788211756888515956e+05 2.721605189455246087e+06 3.223047939331748057e+06 7.698441521509911399e+05 1.957970810781623702e+06 -5.439904576159460703e+05 -1.493054639851374959e+05 -4.869184251220137230e+05 3.348840448950051144e+07 6.540919560997832566e+06 1.957233189379025251e+07 3.918242634182087146e+06 3.491569860969638452e+06 6.123932344018704025e+05 -1.103088402554161148e+06 1.355350222707178211e+06 -7.403890430703839520e+05
3.563971782833209727e+06 3.963190584558232804e+05 -3.032332253127193078e+06 1.238593275087243645e+06 -5.324276901242483873e+05 6.007305133919316577e+05 3.062728069992897217e+05 1.813129459689182113e+05 -1.073896996272177494e+05 4.114350377852297388e+06 -3.749912339544132818e+06 3.918242634182087146e+06 9.333433524493996054e+06 1.206552679275070550e+06 1.570600225053433795e+06 1.344050377299653774e+05 8.722519744072472677e+05 5.687117723712825682e+05
3.567633700378668495e+06 1.559125927076433552e+06 6.688591244940996403e+05 8.720754716158927185e+05 1.260255384183511342e+05 7.847130367848452879e+05 8.878569916433947219e+04 -1.383497930673268565e+05 7.993306954574929841e+04 7.765127256050051190e+06 2.867451639454856049e+06 3.491569860969638452e+06 1.206552679275070550e+06 2.535557997729409486e+06 8.072697455293344101e+05 2.076217104359963560e+04 1.763488207082613953e+05 -1.053875780077131494e+05
3.889214321106889751e+06 1.657388230652007507e+06 -5.006617357289122301e+05 4.894020832672081306e+05 -3.616457900030657038e+04 7.386840265208856435e+05 1.300334153827971459e+05 -1.232459574456887785e+05 3.795688540645571629e+04 1.243153682437620312e+07 6.475953951006650459e+05 6.123932344018704025e+05 1.570600225053433795e+06 8.072697455293344101e+05 2.996358005407448392e+06 9.746557795024988009e+05 4.916127516149216681e+05 -6.098537508229688974e+05
2.053864411006438313e+06 8.909887472817256348e+05 1.047769587971184592e+04 2.633625890986799495e+05 -1.468437606137740659e+05 2.823192963284376310e+05 1.454714300148719922e+05 -3.301429386866492569e+05 1.124908355981451605e+05 -2.217001371064708102e+06 6.217230078009867575e+05 -1.103088402554161148e+06 1.344050377299653774e+05 2.076217104359963560e+04 9.746557795024988009e+05 1.947077522722915513e+06 4.288061064151808969e+05 -1.781417443780218018e+05
2.074454908119490137e+06 -1.385666353893500520e+06 -2.911024469880756806e+05 2.766949898199181189e+05 -2.378932892471124360e+05 2.426622543043916812e+05 2.034166305617393809e+05 2.200992455126009299e+05 1.695175818315489450e+05 8.084857722052418394e+05 1.533375319797841599e+06 1.355350222707178211e+06 8.722519744072472677e+05 1.763488207082613953e+05 4.916127516149216681e+05 4.288061064151808969e+05 1.045076791410074802e+06 1.608122021031015029e+05
-2.175969862110883463e+06 -6.869948443942822050e+05 -4.700533753198488266e+05 -1.755358729142098455e+05 -5.893862880963660427e+04 -2.906338810808593989e+05 1.099681331304249034e+05 1.283911704771642835e+05 5.984858372630073427e+04 -6.366897218048050068e+06 -5.891163721936166985e+05 -7.403890430703839520e+05 5.687117723712825682e+05 -1.053875780077131494e+05 -6.098537508229688974e+05 -1.781417443780218018e+05 1.608122021031015029e+05 7.259019960030345246e+05
