# lambda=0.12440113316674757
4.997181346921059489e+07 3.694651277216717135e+06 2.351092839143646415e+06 3.771349126424124930e+06 2.328192005176006351e+06 3.061720563988694339e+05 -8.744047951281604765e+04 1.054363552713940619e+06 8.766281138558700331e+04 6.179073684288945049e+07 3.224675292143779807e+06 4.384354128592818975e+06 8.683485551551217213e+05 1.744132790541865863e+06 2.557606908237103373e+06 1.848805702844752464e+06 -2.838199456306908396e+05 -1.345982067540971562e+06
3.694651277216717135e+06 1.435525932052556425e+07 2.792963274908344611e+05 4.171331396570793004e+05 1.439194985982569633e+06 -2.584336302852081135e+05 -3.262442535730426316e+05 -4.731638922918861499e+05 1.947686376772103831e+05 -4.078369028042428195e+06 1.404554734214568697e+07 5.377147642916272394e+06 1.463110176117484458e+06 -6.592356765846795170e+05 -1.953453849499422824e+06 -2.550837798901011702e+06 -1.181227856985112419e+06 -5.535457666633047629e+05
2.351092839143646415e+06 2.792963274908344611e+05 5.640233661082863808e+06 1.377609543637825875e+06 -4.992174071806729189e+05 4.997900189960992429e+05 3.701707562592606409e+05 1.613545538688838715e+05 -2.985555661569454242e+05 5.367623356754416600e+06 5.164195720594019629e+06 5.991809702803448774e+06 2.151085052171568852e+06 -8.533252081486780298e+03 2.356274134112044703e+05 1.123636700389663456e+05 4.459500612860973092e+02 6.969922080316421343e+05
3.771349126424124930e+06 4.171331396570793004e+05 1.377609543637825875e+06 1.435719131703084568e+06 -5.434731385723405401e+04 5.147437428112226917e+04 1.035819007443990558e+05 9.480532977850502357e+04 -6.245236944358339679e+04 -2.275292356807965785e+06 1.153161627588531002e+06 1.319761062698869966e+06 9.700794881421014434e+05 -6.737208056067042053e+05 3.080231825699641486e+05 -2.149929559069905081e+05 1.761887965874537185e+05 1.623231067767542845e+05
2.328192005176006351e+06 1.439194985982569633e+06 -4.992174071806729189e+05 -5.434731385723405401e+04 9.444529526412729174e+05 -1.148564516685345152e+05 -1.293923239832476793e+04 4.469764195375036070e+04 5.877753694679233740e+04 2.382252183271363378e+06 3.016561174589402974e+06 2.189640279723288491e+06 -3.246422533747645211e+05 1.315685052510788431e+06 -2.742671099574667824e+04 -3.252024766266124789e+05 -1.566240860584205366e+05 -2.431748239529787679e+05
3.061720563988694339e+05 -2.584336302852081135e+05 4.997900189960992429e+05 5.147437428112226917e+04 -1.148564516685345152e+05 6.340358067763986764e+05 1.259571822344632819e+05 5.676763789335988986e+04 -9.582597750591184013e+04 -6.058665949776003836e+05 -2.925132451496960712e+05 3.354493368807754014e+05 5.034240886835679994e+05 -1.014180933778589970e+05 6.435080332056031330e+05 2.823890882941894233e+05 4.973148625544909737e+04 -4.871342156893552601e+04
-8.744047951281604765e+04 -3.262442535730426316e+05 3.701707562592606409e+05 1.035819007443990558e+05 -1.293923239832476793e+04 1.259571822344632819e+05 3.400792292126433458e+05 -3.089091780015038967e+04 -6.661184631191178050e+04 -3.846714043073680659e+04 6.845226964965064544e+05 1.202539989255146356e+06 1.075495661543041933e+05 -2.614855463022280019e+05 -9.441964190675214923e+04 9.380332012479270634e+04 6.957317454045130580e+04 9.291318692866548372e+04
1.054363552713940619e+06 -4.731638922918861499e+05 1.613545538688838715e+05 9.480532977850502357e+04 4.469764195375036070e+04 5.676763789335988986e+04 -3.089091780015038967e+04 2.602543093501882977e+05 8.914470545627182582e+04 2.168179080293111503e+06 -5.134968757024156512e+05 -5.703340260397384409e+05 -2.061888774724285031e+04 1.430296575699992827e+05 3.188075286572759505e+05 6.178880484158109175e+04 1.116594749783035513e+05 8.212892164234696247e+04
8.766281138558700331e+04 1.947686376772103831e+05 -2.985555661569454242e+05 -6.245236944358339679e+04 5.877753694679233740e+04 -9.582597750591184013e+04 -6.661184631191178050e+04 8.914470545627182582e+04 1.144519520452747674e+05 1.093992727614680538e+06 -3.992455478809843189e+05 -7.528357129947632784e+05 -1.571232087347299675e+05 -8.278213460386861698e+04 5.561362570371051697e+04 -7.352297667000291403e+04 4.573009937222271401e+04 2.202852235059174564e+04
6.179073684288945049e+07 -4.078369028042428195e+06 5.367623356754416600e+06 -2.275292356807965785e+06 2.382252183271363378e+06 -6.058665949776003836e+05 -3.846714043073680659e+04 2.168179080293111503e+06 1.093992727614680538e+06 3.629265916000486016e+08 3.269122336763441097e+06 2.121106793728755042e+07 1.006364799374231836e+06 -9.077175171304526739e+05 -5.861734916453947313e+06 -4.418575692914000712e+06 -4.194493440170562826e+06 2.953356757594239432e+06
3.224675292143779807e+06 1.404554734214568697e+07 5.164195720594019629e+06 1.153161627588531002e+06 3.016561174589402974e+06 -2.925132451496960712e+05 6.845226964965064544e+05 -5.134968757024156512e+05 -3.992455478809843189e+05 3.269122336763441097e+06 5.816424689458007365e+07 3.071240985047566891e+07 3.642835847048579715e+06 3.331038384245689958e+06 -7.189596493572319858e+06 -6.865673576498438604e+06 -1.228862504373813281e+06 -9.780790322750188643e+05
4.384354128592818975e+06 5.377147642916272394e+06 5.991809702803448774e+06 1.319761062698869966e+06 2.189640279723288491e+06 3.354493368807754014e+05 1.202539989255146356e+06 -5.703340260397384409e+05 -7.528357129947632784e+05 2.121106793728755042e+07 3.071240985047566891e+07 3.323512955494341627e+07 5.533367234497962520e+06 4.057190368741246406e+06 -3.166654821750889067e+06 -1.742877809508265229e+06 -3.891127215045649791e+05 1.247475737854138424e+05
8.683485551551217213e+05 1.463110176117484458e+06 2.151085052171568852e+06 9.700794881421014434e+05 -3.246422533747645211e+05 5.034240886835679994e+05 1.075495661543041933e+05 -2.061888774724285031e+04 -1.571232087347299675e+05 1.006364799374231836e+06 3.642835847048579715e+06 5.533367234497962520e+06 4.090841730077782646e+06 -3.207635648359298357e+05 3.146343306191117517e+04 3.680950278460021946e+05 -1.369834027786754887e+05 5.638447732802201062e+04
1.744132790541865863e+06 -6.592356765846795170e+05 -8.533252081486780298e+03 -6.737208056067042053e+05 1.315685052510788431e+06 -1.014180933778589970e+05 -2.614855463022280019e+05 1.430296575699992827e+05 -8.278213460386861698e+04 -9.077175171304526739e+05 3.331038384245689958e+06 4.057190368741246406e+06 -3.207635648359298357e+05 6.797138395336214453e+06 1.307591335663603153e+06 1.015845459494794137e+06 1.985720810610535846e+05 -7.148242866460991791e+05
2.557606908237103373e+06 -1.953453849499422824e+06 2.356274134112044703e+05 3.080231825699641486e+05 -2.742671099574667824e+04 6.435080332056031330e+05 -9.441964190675214923e+04 3.188075286572759505e+05 5.561362570371051697e+04 -5.861734916453947313e+06 -7.189596493572319858e+06 -3.166654821750889067e+06 3.146343306191117517e+04 1.307591335663603153e+06 3.923180197128705215e+06 1.692791552952390164e+06 3.280638898862763308e+05 -2.248549157947022759e+05
1.848805702844752464e+06 -2.550837798901011702e+06 1.123636700389663456e+05 -2.149929559069905081e+05 -3.252024766266124789e+05 2.823890882941894233e+05 9.380332012479270634e+04 6.178880484158109175e+04 -7.352297667000291403e+04 -4.418575692914000712e+06 -6.865673576498438604e+06 -1.742877809508265229e+06 3.680950278460021946e+05 1.015845459494794137e+06 1.692791552952390164e+06 2.994038768240254372e+06 1.795337462261630280e+05 -3.313954465429643169e+05
-2.838199456306908396e+05 -1.181227856985112419e+06 4.459500612860973092e+02 1.761887965874537185e+05 -1.566240860584205366e+05 4.973148625544909737e+04 6.957317454045130580e+04 1.116594749783035513e+05 4.573009937222271401e+04 -4.194493440170562826e+06 -1.228862504373813281e+06 -3.891127215045649791e+05 -1.369834027786754887e+05 1.985720810610535846e+05 3.280638898862763308e+05 1.795337462261630280e+05 8.188990613029742381e+05 2.457678189433383814e+05
-1.345982067540971562e+06 -5.535457666633047629e+05 6.969922080316421343e+05 1.623231067767542845e+05 -2.431748239529787679e+05 -4.871342156893552601e+04 9.291318692866548372e+04 8.212892164234696247e+04 2.202852235059174564e+04 2.953356757594239432e+06 -9.780790322750188643e+05 1.247475737854138424e+05 5.638447732802201062e+04 -7.148242866460991791e+05 -2.248549157947022759e+05 -3.313954465429643169e+05 2.457678189433383814e+05 6.104229825279260986e+05
