# lambda=0.15032777768542926
6.691388600957627594e+07 6.625073994369815104e+06 4.335366432942890562e+06 -7.740448956537226913e+05 -4.307443830802843877e+04 7.437163189522210741e+05 9.701359566643662984e+05 8.783877145931500709e+05 2.659079491157276207e+05 -5.287231793062468059e+06 -8.432302909998316318e+06 6.701362210075894371e+06 4.632838907816689461e+06 9.972657923078911379e+06 -4.087927427978654392e+06 -1.614923590883455006e+06 7.931120162224277155e+05 -1.106480886291529285e+06
6.625073994369815104e+06 7.006683098820286803e+06 -1.035086360960305319e+06 5.065911100710788742e+05 -3.019047629101288039e+05 -7.292832705492532114e+04 -1.260958135687439353e+05 6.891781305009605421e+04 2.210361544391567077e+04 1.039785828106404841e+07 7.556218726796341361e+05 -3.715488983070591930e+06 8.784736759892962873e+05 3.526525143189150840e+05 -8.720870010879809270e+05 4.597489973246873124e+05 -9.967602802651203820e+04 1.000703352965440019e+06
4.335366432942890562e+06 -1.035086360960305319e+06 3.373052719896099530e+06 2.475202438240438642e+05 -2.680920921102836728e+05 1.410414170307239692e+05 2.402128676671241119e+05 3.578751291898755590e+05 1.441795133061893284e+05 1.159181676395226037e+06 8.433433420604141429e+05 3.539714357073601335e+06 -9.377442739711379400e+05 4.392981110192312626e+05 -2.428984498042792547e+05 -6.040367760541188763e+05 3.862605041773425182e+05 -2.367775509537807084e+05
-7.740448956537226913e+05 5.065911100710788742e+05 2.475202438240438642e+05 1.707059901297048433e+06 2.890729908389225020e+05 2.471044139602087089e+05 2.498415185714706604e+04 5.083482097648728086e+04 -2.102474647380946408e+04 8.372251054951761034e+04 -3.245402214412863832e+06 -7.256706598466048017e+05 -7.217295212841297034e+05 3.017887577070734696e+05 9.177605104969127569e+05 4.340682575227748748e+04 7.172099531718922663e+04 -3.307991059146199841e+05
-4.307443830802843877e+04 -3.019047629101288039e+05 -2.680920921102836728e+05 2.890729908389225020e+05 6.829940420481167966e+05 1.547153948590102800e+03 -6.410889921719070117e+04 -1.867871717014454043e+04 -1.019008723692693311e+05 -4.070566877646700013e+05 -2.625632517981494777e+06 1.548304246880648716e+05 -3.217985754550240745e+04 2.544085946977815183e+05 1.753639703614839236e+05 -2.770367091444499674e+05 -1.941863756383934524e+05 -2.861033305376491626e+05
7.437163189522210741e+05 -7.292832705492532114e+04 1.410414170307239692e+05 2.471044139602087089e+05 1.547153948590102800e+03 4.086256154759125784e+05 1.424015082341835659e+05 5.614444566278526327e+04 6.738068391763510590e+04 -2.135103879184685647e+06 -3.516945751761541469e+05 4.184567229087997694e+05 -2.327795981356863922e+05 6.323516297506993869e+05 3.823920250399418874e+05 2.160134576597549894e+05 1.074298346171843004e+05 -1.740880994255359110e+05
9.701359566643662984e+05 -1.260958135687439353e+05 2.402128676671241119e+05 2.498415185714706604e+04 -6.410889921719070117e+04 1.424015082341835659e+05 3.621324215094552492e+05 6.267898473624463804e+04 7.385836603372145328e+04 -2.838387998202951159e+06 6.619463607936719200e+05 9.605069620299362214e+03 1.578245748967708205e+05 5.586355704358193325e+05 2.124950549865674402e+05 2.177197987801860436e+05 8.155180661380419042e+04 -1.133002788267907308e+05
8.783877145931500709e+05 6.891781305009605421e+04 3.578751291898755590e+05 5.083482097648728086e+04 -1.867871717014454043e+04 5.614444566278526327e+04 6.267898473624463804e+04 1.467430040996512398e+05 6.073167296958777297e+04 1.459890885997619713e+06 4.311388694129498908e+05 4.395921921917406144e+05 3.064588354785393458e+05 7.762824069990972930e+04 -1.228406841138856253e+05 1.211948028725937729e+04 1.075952135556653375e+05 7.909535497082098345e+02
2.659079491157276207e+05 2.210361544391567077e+04 1.441795133061893284e+05 -2.102474647380946408e+04 -1.019008723692693311e+05 6.738068391763510590e+04 7.385836603372145328e+04 6.073167296958777297e+04 1.184856485150936642e+05 -7.716863503101767274e+05 -3.074768776570046321e+05 1.604427348685388570e+05 2.518455723714407359e+05 -2.028095337407551415e+05 -1.371906716259008390e+05 5.882751825038497918e+04 1.386390519519316440e+05 4.977135202582399506e+04
-5.287231793062468059e+06 1.039785828106404841e+07 1.159181676395226037e+06 8.372251054951761034e+04 -4.070566877646700013e+05 -2.135103879184685647e+06 -2.838387998202951159e+06 1.459890885997619713e+06 -7.716863503101767274e+05 1.894434642035152018e+08 -4.724876711478384212e+06 1.453449005093778716e+06 -4.866295948395732790e+06 5.584620397781339707e+05 -6.609208078428798355e+06 -4.767476300159612671e+06 -3.817292750026877504e+06 2.299375358481878066e+05
-8.432302909998316318e+06 7.556218726796341361e+05 8.433433420604141429e+05 -3.245402214412863832e+06 -2.625632517981494777e+06 -3.516945751761541469e+05 6.619463607936719200e+05 4.311388694129498908e+05 -3.074768776570046321e+05 -4.724876711478384212e+06 5.441211684792228043e+07 -1.773776982042839983e+06 2.224082977478528395e+06 -1.475176188573040068e+06 2.282890572946937289e+06 2.988531536801181734e+06 -1.669413495054481551e+06 2.682815974520866293e+06
6.701362210075894371e+06 -3.715488983070591930e+06 3.539714357073601335e+06 -7.256706598466048017e+05 1.548304246880648716e+05 4.184567229087997694e+05 9.605069620299362214e+03 4.395921921917406144e+05 1.604427348685388570e+05 1.453449005093778716e+06 -1.773776982042839983e+06 1.192224261517694406e+07 -1.730266179255337920e+06 4.791788189890386420e+05 -1.798853492632185109e+06 -5.913375703141115373e+05 1.069495366877863271e+05 -7.302580042409400921e+05
4.632838907816689461e+06 8.784736759892962873e+05 -9.377442739711379400e+05 -7.217295212841297034e+05 -3.217985754550240745e+04 -2.327795981356863922e+05 1.578245748967708205e+05 3.064588354785393458e+05 2.518455723714407359e+05 -4.866295948395732790e+06 2.224082977478528395e+06 -1.730266179255337920e+06 6.009119034095359035e+06 1.560753874545524304e+05 -2.331506356171473395e+06 6.651171811699953396e+05 4.046996790707212640e+05 2.087405129799022106e+05
9.972657923078911379e+06 3.526525143189150840e+05 4.392981110192312626e+05 3.017887577070734696e+05 2.544085946977815183e+05 6.323516297506993869e+05 5.586355704358193325e+05 7.762824069990972930e+04 -2.028095337407551415e+05 5.584620397781339707e+05 -1.475176188573040068e+06 4.791788189890386420e+05 1.560753874545524304e+05 4.814469468559377827e+06 5.800618749188083457e+05 1.094910486804117245e+05 -1.399851814315230295e+05 -1.040289040679280180e+06
-4.087927427978654392e+06 -8.720870010879809270e+05 -2.428984498042792547e+05 9.177605104969127569e+05 1.753639703614839236e+05 3.823920250399418874e+05 2.124950549865674402e+05 -1.228406841138856253e+05 -1.371906716259008390e+05 -6.609208078428798355e+06 2.282890572946937289e+06 -1.798853492632185109e+06 -2.331506356171473395e+06 5.800618749188083457e+05 3.668254000087770168e+06 4.271359439712685416e+05 -7.833980077415605774e+04 -3.136814517456343165e+05
-1.614923590883455006e+06 4.597489973246873124e+05 -6.040367760541188763e+05 4.340682575227748748e+04 -2.770367091444499674e+05 2.160134576597549894e+05 2.177197987801860436e+05 1.211948028725937729e+04 5.882751825038497918e+04 -4.767476300159612671e+06 2.988531536801181734e+06 -5.913375703141115373e+05 6.651171811699953396e+05 1.094910486804117245e+05 4.271359439712685416e+05 1.081975408919680165e+06 1.195707707389556890e+05 1.282683801780908689e+05
7.931120162224277155e+05 -9.967602802651203820e+04 3.862605041773425182e+05 7.172099531718922663e+04 -1.941863756383934524e+05 1.074298346171843004e+05 8.155180661380419042e+04 1.075952135556653375e+05 1.386390519519316440e+05 -3.817292750026877504e+06 -1.669413495054481551e+06 1.069495366877863271e+05 4.046996790707212640e+05 -1.399851814315230295e+05 -7.833980077415605774e+04 1.195707707389556890e+05 8.123553400201033801e+05 4.085267358082673309e+04
-1.106480886291529285e+06 1.000703352965440019e+06 -2.367775509537807084e+05 -3.307991059146199841e+05 -2.861033305376491626e+05 -1.740880994255359110e+05 -1.133002788267907308e+05 7.909535497082098345e+02 4.977135202582399506e+04 2.299375358481878066e+05 2.682815974520866293e+06 -7.302580042409400921e+05 2.087405129799022106e+05 -1.040289040679280180e+06 -3.136814517456343165e+05 1.282683801780908689e+05 4.085267358082673309e+04 6.704139826073833974e+05
