# lambda=0.1421774745047258
2.312992973817152902e+07 4.545487118802632904e+05 -6.178579046111350181e+05 2.691856748940853402e+06 1.119013526025988860e+06 6.513488938893649029e+05 -1.664634076393374708e+06 2.232287062165571115e+04 3.146968096221488304e+04 3.519603918770601973e+06 1.425457546285439841e+07 1.086190502295496501e+07 9.943172866122517735e+06 2.106682890323679429e+06 -1.968161328899071319e+06 -1.591287443888828158e+06 7.536241592090582708e+05 1.421756510225316044e+06
4.545487118802632904e+05 1.358389738274854794e+07 1.466408984295303468e+06 2.218684922597633675e+06 1.426384187139960413e+05 -3.298853702898325864e+05 -2.376630485288214695e+05 1.220863548654967308e+05 4.288064700221914245e+04 -1.565420894728906453e+07 -3.679305436520149931e+06 1.007603680278078653e+06 1.253190004969701637e+06 -1.374279978990450501e+06 -3.895525748234543949e+06 -9.597521753165565897e+05 5.445510347371200623e+04 -1.173700080427728099e+05
-6.178579046111350181e+05 1.466408984295303468e+06 6.011873995124849491e+06 8.403319229324628832e+05 1.584800035972174373e+05 1.518271146079018072e+05 -5.092659191662839730e+05 2.402126101416291203e+05 8.116733375752842403e+04 -1.267117272472965345e+07 1.853282926650286827e+05 8.300471906732994132e+06 2.023514756821870804e+06 -9.753649260525662685e+05 -1.268758839750572573e+06 -4.056471304804285755e+05 1.555742189910498855e+05 -2.550686206323480874e+05
2.691856748940853402e+06 2.218684922597633675e+06 8.403319229324628832e+05 1.874167196008285508e+06 8.813095665030590317e+04 1.364293521119111101e+05 -2.796672526579952682e+05 1.758730207685467030e+05 1.633313203628779738e+05 -1.818912535254881717e+06 3.119979268633943051e+06 2.152531214065759443e+06 2.325262845951846335e+06 2.378396746128020459e+05 -1.193544097495988244e+06 -1.921290660007276456e+05 1.921006025515242363e+05 2.326996775002162030e+04
1.119013526025988860e+06 1.426384187139960413e+05 1.584800035972174373e+05 8.813095665030590317e+04 5.592855920074374881e+05 1.833940796426954330e+05 -2.257333855638759851e+05 1.210574232923614327e+05 4.285008648253572755e+04 -4.056792770026115701e+06 -1.888782068664259277e+06 8.674168397887165193e+05 1.243177218197262846e+05 3.415206742018961231e+05 -4.833083825156720559e+04 -3.078376195993769579e+04 -5.767441770335473848e+04 9.359859168432423758e+03
6.513488938893649029e+05 -3.298853702898325864e+05 1.518271146079018072e+05 1.364293521119111101e+05 1.833940796426954330e+05 4.003487760812109336e+05 1.091250792769001127e+05 1.049243643043387856e+05 7.904402121846613591e+04 -1.475535516446386930e+06 -3.303906986794190598e+05 5.702510279606777476e+05 5.655510754940385232e+05 4.875045514452909702e+05 1.994376596980073082e+05 2.446434495599864167e+05 3.739018787093809078e+04 3.425000960994754860e+04
-1.664634076393374708e+06 -2.376630485288214695e+05 -5.092659191662839730e+05 -2.796672526579952682e+05 -2.257333855638759851e+05 1.091250792769001127e+05 4.903432732462172862e+05 -8.049063131133892057e+03 2.459576763137383750e+03 1.525605945265254937e+06 -3.118404398359162733e+05 -1.983890052112138597e+06 -4.368217638062131009e+05 1.160370138510329707e+05 1.309085125378663361e+05 2.297929971924963465e+05 -6.554299682600583765e+04 -1.923566301785524047e+04
2.232287062165571115e+04 1.220863548654967308e+05 2.402126101416291203e+05 1.758730207685467030e+05 1.210574232923614327e+05 1.049243643043387856e+05 -8.049063131133892057e+03 1.502057200324282458e+05 7.045651642932555114e+04 -1.391645623740817653e+06 -4.995682973722059978e+05 7.683431624292436754e+05 1.515397648414090509e+05 -1.517172721306693566e+05 -2.080577465325183584e+04 1.214791602070567751e+05 1.561655892590457006e+04 -3.732228298736398301e+03
3.146968096221488304e+04 4.288064700221914245e+04 8.116733375752842403e+04 1.633313203628779738e+05 4.285008648253572755e+04 7.904402121846613591e+04 2.459576763137383750e+03 7.045651642932555114e+04 7.297495445860482869e+04 2.655400201036355575e+05 1.184931332371481549e+05 8.256240057748699328e+05 2.572555843026354851e+05 6.865549962145769678e+04 1.252126797966487793e+05 1.317466096139088622e+05 3.774603270869974949e+04 2.345438961084904804e+03
3.519603918770601973e+06 -1.565420894728906453e+07 -1.267117272472965345e+07 -1.818912535254881717e+06 -4.056792770026115701e+06 -1.475535516446386930e+06 1.525605945265254937e+06 -1.391645623740817653e+06 2.655400201036355575e+05 2.091455582345531881e+08 1.026914599830342457e+07 -3.000934632766883355e+06 -3.264643155953677837e+06 8.486352267278106883e+06 7.886804004077197984e+06 1.476400434429982677e+06 -7.876055699359111022e+05 3.949024369702349650e+05
1.425457546285439841e+07 -3.679305436520149931e+06 1.853282926650286827e+05 3.119979268633943051e+06 -1.888782068664259277e+06 -3.303906986794190598e+05 -3.118404398359162733e+05 -4.995682973722059978e+05 1.184931332371481549e+05 1.026914599830342457e+07 6.979020609468199313e+07 2.167516411946633086e+07 1.125880395527224801e+07 1.275733512696609600e+06 -2.240870914566884749e+06 1.509405607945238007e+05 1.922079484712890349e+06 4.363242188623858383e+05
1.086190502295496501e+07 1.007603680278078653e+06 8.300471906732994132e+06 2.152531214065759443e+06 8.674168397887165193e+05 5.702510279606777476e+05 -1.983890052112138597e+06 7.683431624292436754e+05 8.256240057748699328e+05 -3.000934632766883355e+06 2.167516411946633086e+07 3.837541440037580580e+07 1.136216965500709042e+07 8.769185094975585816e+05 6.855879797086672625e+05 6.207621761418681126e+05 1.869129802705914015e+06 3.844634360867966461e+04
9.943172866122517735e+06 1.253190004969701637e+06 2.023514756821870804e+06 2.325262845951846335e+06 1.243177218197262846e+05 5.655510754940385232e+05 -4.368217638062131009e+05 1.515397648414090509e+05 2.572555843026354851e+05 -3.264643155953677837e+06 1.125880395527224801e+07 1.136216965500709042e+07 1.377854773461176641e+07 4.236812902048927732e+06 -1.816937982709165663e+06 -8.142739731767933699e+04 1.210380511248541530e+06 9.554230336780650541e+05
2.106682890323679429e+06 -1.374279978990450501e+06 -9.753649260525662685e+05 2.378396746128020459e+05 3.415206742018961231e+05 4.875045514452909702e+05 1.160370138510329707e+05 -1.517172721306693566e+05 6.865549962145769678e+04 8.486352267278106883e+06 1.275733512696609600e+06 8.769185094975585816e+05 4.236812902048927732e+06 5.209409507191786543e+06 2.997014625609470531e+05 3.324967627807383542e+05 5.984622123976154253e+05 3.910623384260854800e+05
-1.968161328899071319e+06 -3.895525748234543949e+06 -1.268758839750572573e+06 -1.193544097495988244e+06 -4.833083825156720559e+04 1.994376596980073082e+05 1.309085125378663361e+05 -2.080577465325183584e+04 1.252126797966487793e+05 7.886804004077197984e+06 -2.240870914566884749e+06 6.855879797086672625e+05 -1.816937982709165663e+06 2.997014625609470531e+05 3.959920318124898244e+06 9.597307036582466681e+05 -2.714957602267575930e+04 6.718124159183309530e+04
-1.591287443888828158e+06 -9.597521753165565897e+05 -4.056471304804285755e+05 -1.921290660007276456e+05 -3.078376195993769579e+04 2.446434495599864167e+05 2.297929971924963465e+05 1.214791602070567751e+05 1.317466096139088622e+05 1.476400434429982677e+06 1.509405607945238007e+05 6.207621761418681126e+05 -8.142739731767933699e+04 3.324967627807383542e+05 9.597307036582466681e+05 7.700382330024923431e+05 5.418274727908358182e+04 -1.473500898497498711e+05
7.536241592090582708e+05 5.445510347371200623e+04 1.555742189910498855e+05 1.921006025515242363e+05 -5.767441770335473848e+04 3.739018787093809078e+04 -6.554299682600583765e+04 1.561655892590457006e+04 3.774603270869974949e+04 -7.876055699359111022e+05 1.922079484712890349e+06 1.869129802705914015e+06 1.210380511248541530e+06 5.984622123976154253e+05 -2.714957602267575930e+04 5.418274727908358182e+04 6.083658322975492338e+05 1.937799351481082267e+05
1.421756510225316044e+06 -1.173700080427728099e+05 -2.550686206323480874e+05 2.326996775002162030e+04 9.359859168432423758e+03 3.425000960994754860e+04 -1.923566301785524047e+04 -3.732228298736398301e+03 2.345438961084904804e+03 3.949024369702349650e+05 4.363242188623858383e+05 3.844634360867966461e+04 9.554230336780650541e+05 3.910623384260854800e+05 6.718124159183309530e+04 -1.473500898497498711e+05 1.937799351481082267e+05 5.207476592973159277e+05
