# lambda=0.16612233115324407
8.170038222110559046e+07 3.942745299019590486e+06 1.987953509691483108e+06 -1.115911426675106486e+05 -3.526018180303268600e+05 1.543689101632121485e+06 1.224198994389131200e+06 8.618798396165231243e+05 2.873794609773603588e+04 8.333521197369981557e+06 -8.523202485249478370e+06 -1.998935224080225825e+07 9.085314020418852568e+06 5.114623539044775069e+06 3.218380740513629862e+05 -4.907101519339287770e+05 -8.937627596024191234e+02 1.684643996772803366e+06
3.942745299019590486e+06 6.403082491179462522e+06 -3.937595542400552076e+05 1.362961956411503954e+06 6.974774108530040830e+05 1.238106098638146650e+05 1.051192928961365105e+05 2.626030896562829148e+05 -7.227976923776922922e+04 -1.278145410145024769e+07 8.586814580491617322e+06 -1.427242258697227575e+06 -6.553191375798953231e+05 1.606885927019498777e+06 1.418607926024914254e+06 3.570243953577431384e+05 2.633686745845579426e+05 4.114655926135600312e+05
1.987953509691483108e+06 -3.937595542400552076e+05 5.311757365693928674e+06 1.940348733540249057e+06 6.917983943456783891e+05 -3.865382374717121129e+05 -7.001014954755960207e+04 -3.395203308536881232e+05 1.505903283839453070e+05 1.454424926449286751e+07 -1.409702186038044048e+06 6.006003604266458424e+05 9.117527187356329523e+05 1.324015329674744746e+06 -4.783548398491172120e+05 -5.400307913405891741e+05 3.077516201815536479e+05 4.798422260891798069e+05
-1.115911426675106486e+05 1.362961956411503954e+06 1.940348733540249057e+06 1.957071804335754132e+06 4.600974724228569539e+05 -3.386186888028904214e+05 -3.822319664382963674e+04 -6.592031770316063194e+04 1.571664794373692712e+05 -3.956263673647520132e+06 1.532711506933064898e+06 2.805917518007511389e+05 1.280452966834356776e+06 1.331418283602342417e+05 1.304700022931836720e+05 -5.685324489049919794e+04 5.904844075098695466e+05 3.341195853905253462e+05
-3.526018180303268600e+05 6.974774108530040830e+05 6.917983943456783891e+05 4.600974724228569539e+05 7.806856811710068723e+05 -1.320351122103821544e+05 -1.636338619474971492e+05 1.134168751645081938e+05 7.269397354293413810e+04 7.636196365708102472e+06 1.094094159362375503e+06 -9.668731365712913685e+05 -4.515291116731569055e+05 -7.291235438977889135e+04 4.609393855209510075e+05 -2.125699724523452169e+05 -1.133170431001388206e+05 1.240941342433443788e+05
1.543689101632121485e+06 1.238106098638146650e+05 -3.865382374717121129e+05 -3.386186888028904214e+05 -1.320351122103821544e+05 4.234896428069222020e+05 4.368753993311193335e+04 2.722910107356282242e+04 -5.107878943017570418e+04 -1.406959056552414782e+06 -5.901846795450595673e+05 -7.368942662468950730e+05 -2.592913110573464364e+05 -6.277215245749858877e+04 -1.501452079143834708e+05 -2.399918944765943161e+05 -1.647593011157137225e+05 -1.090997090233555500e+05
1.224198994389131200e+06 1.051192928961365105e+05 -7.001014954755960207e+04 -3.822319664382963674e+04 -1.636338619474971492e+05 4.368753993311193335e+04 3.404018838506248430e+05 -1.089046832420449846e+03 -3.909964828813105851e+04 -3.470421290144392755e+06 5.115996749149090028e+05 5.829609547866003122e+05 1.375829671092169883e+05 3.628005142609748291e+05 3.232251975008911177e+04 6.625869353352312464e+04 8.099723450434635743e+04 -2.018568233851734112e+04
8.618798396165231243e+05 2.626030896562829148e+05 -3.395203308536881232e+05 -6.592031770316063194e+04 1.134168751645081938e+05 2.722910107356282242e+04 -1.089046832420449846e+03 1.385030993555622117e+05 2.332497364929453033e+04 1.991942045551414369e+06 1.345079287559922377e+05 -7.129218794224695303e+05 1.083671769578245039e+04 -9.330914639108320989e+04 1.989530598331229994e+05 2.966364942864691784e+03 2.175032887933376060e+03 -4.638540146191890017e+03
2.873794609773603588e+04 -7.227976923776922922e+04 1.505903283839453070e+05 1.571664794373692712e+05 7.269397354293413810e+04 -5.107878943017570418e+04 -3.909964828813105851e+04 2.332497364929453033e+04 1.263153837185851007e+05 1.455330356312062824e+06 -9.620261652637070511e+05 2.340603785181720159e+05 4.762217804882613127e+05 -2.732079164072400308e+05 2.021987950694756873e+05 1.269893052504081134e+05 5.032353176124939637e+04 4.708012010354288213e+04
8.333521197369981557e+06 -1.278145410145024769e+07 1.454424926449286751e+07 -3.956263673647520132e+06 7.636196365708102472e+06 -1.406959056552414782e+06 -3.470421290144392755e+06 1.991942045551414369e+06 1.455330356312062824e+06 3.797712866485986710e+08 -1.612526507078158297e+07 -6.779171877237357199e+06 6.586394400470743887e+06 9.266866993426991627e+06 1.879770859116663923e+05 -4.394943853580602445e+06 -5.169732271579908207e+06 1.722798881399951410e+06
-8.523202485249478370e+06 8.586814580491617322e+06 -1.409702186038044048e+06 1.532711506933064898e+06 1.094094159362375503e+06 -5.901846795450595673e+05 5.115996749149090028e+05 1.345079287559922377e+05 -9.620261652637070511e+05 -1.612526507078158297e+07 5.177913395172294229e+07 8.826932844036364928e+06 -6.426795183880422264e+06 3.431976731328070629e+06 -4.303666094559283811e+05 -3.200319878594194539e+06 -1.294457906578507042e+06 -5.902856851276725065e+05
-1.998935224080225825e+07 -1.427242258697227575e+06 6.006003604266458424e+05 2.805917518007511389e+05 -9.668731365712913685e+05 -7.368942662468950730e+05 5.829609547866003122e+05 -7.129218794224695303e+05 2.340603785181720159e+05 -6.779171877237357199e+06 8.826932844036364928e+06 1.706953771205827221e+07 1.224938723013675073e+06 7.078632439253313350e+04 -5.489043541431780795e+03 9.730228095493487781e+05 -7.591409555839159293e+04 -3.605611567087676958e+05
9.085314020418852568e+06 -6.553191375798953231e+05 9.117527187356329523e+05 1.280452966834356776e+06 -4.515291116731569055e+05 -2.592913110573464364e+05 1.375829671092169883e+05 1.083671769578245039e+04 4.762217804882613127e+05 6.586394400470743887e+06 -6.426795183880422264e+06 1.224938723013675073e+06 9.739462012472193688e+06 8.342789461409889627e+05 5.469581163325386588e+05 1.708045070967970649e+06 1.407646358945753193e+06 9.434326969620340969e+05
5.114623539044775069e+06 1.606885927019498777e+06 1.324015329674744746e+06 1.331418283602342417e+05 -7.291235438977889135e+04 -6.277215245749858877e+04 3.628005142609748291e+05 -9.330914639108320989e+04 -2.732079164072400308e+05 9.266866993426991627e+06 3.431976731328070629e+06 7.078632439253313350e+04 8.342789461409889627e+05 6.063453830641389824e+06 2.114892693160652125e+05 -1.910050105030039267e+05 1.494888191993622168e+05 4.236667355352587765e+05
3.218380740513629862e+05 1.418607926024914254e+06 -4.783548398491172120e+05 1.304700022931836720e+05 4.609393855209510075e+05 -1.501452079143834708e+05 3.232251975008911177e+04 1.989530598331229994e+05 2.021987950694756873e+05 1.879770859116663923e+05 -4.303666094559283811e+05 -5.489043541431780795e+03 5.469581163325386588e+05 2.114892693160652125e+05 2.434150737901813351e+06 7.723392584008312551e+05 1.039346889800662320e+05 2.796615591501946328e+05
-4.907101519339287770e+05 3.570243953577431384e+05 -5.400307913405891741e+05 -5.685324489049919794e+04 -2.125699724523452169e+05 -2.399918944765943161e+05 6.625869353352312464e+04 2.966364942864691784e+03 1.269893052504081134e+05 -4.394943853580602445e+06 -3.200319878594194539e+06 9.730228095493487781e+05 1.708045070967970649e+06 -1.910050105030039267e+05 7.723392584008312551e+05 2.165934392399604432e+06 1.017371211573708337e+06 5.968225878145147581e+05
-8.937627596024191234e+02 2.633686745845579426e+05 3.077516201815536479e+05 5.904844075098695466e+05 -1.133170431001388206e+05 -1.647593011157137225e+05 8.099723450434635743e+04 2.175032887933376060e+03 5.032353176124939637e+04 -5.169732271579908207e+06 -1.294457906578507042e+06 -7.591409555839159293e+04 1.407646358945753193e+06 1.494888191993622168e+05 1.039346889800662320e+05 1.017371211573708337e+06 1.210823505121449241e+06 4.775735553113794886e+05
1.684643996772803366e+06 4.114655926135600312e+05 4.798422260891798069e+05 3.341195853905253462e+05 1.240941342433443788e+05 -1.090997090233555500e+05 -2.018568233851734112e+04 -4.638540146191890017e+03 4.708012010354288213e+04 1.722798881399951410e+06 -5.902856851276725065e+05 -3.605611567087676958e+05 9.434326969620340969e+05 4.236667355352587765e+05 2.796615591501946328e+05 5.968225878145147581e+05 4.775735553113794886e+05 5.181275528089150903e+05
