# lambda=0.10099078253750202
3.397834604767412692e+07 -2.388755078455056995e+06 1.781973028592571427e+04 -5.553131257685075980e+05 1.677567632105752826e+06 -1.237143475479241228e+06 1.607104785967388598e+05 2.616784037180166706e+04 7.660359064490997698e+05 4.635945259740707278e+07 6.044362983375678770e+06 5.144822627490795217e+06 -1.861259743049362150e+05 -1.182373257956676418e+06 -7.345358008486175677e+05 -8.371633943391947541e+05 8.956027050232449546e+05 -1.460211687483779679e+05
-2.388755078455056995e+06 1.739619371480177343e+07 4.888237443620950915e+06 1.062476779547331389e+06 -4.825254729037758661e+05 4.957162999575669528e+05 7.378397755585003179e+05 -4.419417062276557408e+04 -2.446538862156049800e+04 -3.128480012382641807e+07 9.024639406311918050e+06 4.146613362993521150e+06 -2.487919451593336649e+06 1.354087222588154254e+06 4.754431152011002268e+04 3.588970524173011654e+05 -6.336866000777935842e+05 -7.572134364846111566e+04
1.781973028592571427e+04 4.888237443620950915e+06 4.518724447919634171e+06 9.787500738507733913e+05 1.456175662578281117e+04 2.079675725095951057e+05 4.438775501752276323e+05 2.235015769823919982e+05 3.523461359417123458e+04 -9.301181392835693434e+06 4.837678178858212195e+06 1.558868411216244800e+06 2.401121525127870031e+06 -7.646797876037559472e+05 -1.173918000152519235e+05 -7.642165330802818062e+04 -1.635543362053962192e+05 5.014296621834256221e+05
-5.553131257685075980e+05 1.062476779547331389e+06 9.787500738507733913e+05 1.177049308397135697e+06 1.996349318464208918e+05 1.399110587314545992e+05 2.716261071957246750e+05 9.053768158246329403e+04 2.425847915825230757e+03 -7.432204532460216433e+06 1.174283512555948691e+06 1.267077522500928957e+06 2.424953352935381234e+06 -1.531347694501788064e+05 -3.223840620338280569e+05 6.445089698312761902e+04 4.114584612956658020e+03 2.677815114517831244e+05
1.677567632105752826e+06 -4.825254729037758661e+05 1.456175662578281117e+04 1.996349318464208918e+05 8.664779073832663707e+05 7.959482942681570421e+04 1.574939309720740421e+05 1.111779842904138204e+05 1.346364113000247162e+05 4.607610042097324622e+05 -1.485406877258300316e+06 2.742564239590652287e+05 -8.696292562506560353e+04 5.845564179867650382e+05 -2.222141131569389254e+05 1.016033415924029832e+05 -8.976306382202121313e+04 -5.278426704326572508e+04
-1.237143475479241228e+06 4.957162999575669528e+05 2.079675725095951057e+05 1.399110587314545992e+05 7.959482942681570421e+04 2.540091358201130643e+05 1.244017344985325908e+05 1.736833699781525411e+03 -6.390186943221969705e+04 -2.992319440472179092e+06 -8.809151337801949121e+05 -2.765919072739789262e+05 9.501882550388817617e+04 2.348461843973507930e+05 2.964036664401228190e+05 9.554797412361242459e+04 -6.053765968022403104e+04 2.479179641690343851e+04
1.607104785967388598e+05 7.378397755585003179e+05 4.438775501752276323e+05 2.716261071957246750e+05 1.574939309720740421e+05 1.244017344985325908e+05 5.004287153768975986e+05 1.097372111675693595e+05 -4.199988424522928835e+04 -3.590155578971874900e+06 2.268440907939705648e+05 -2.829638703653095872e+05 -3.953289201137123746e+05 2.974566699832145241e+05 9.435360628939783783e+04 1.414057067293512773e+04 3.844250266078954155e+03 8.899290152165367908e+04
2.616784037180166706e+04 -4.419417062276557408e+04 2.235015769823919982e+05 9.053768158246329403e+04 1.111779842904138204e+05 1.736833699781525411e+03 1.097372111675693595e+05 2.079065386716347130e+05 4.356133130487994640e+04 1.080974835193907376e+06 7.379218562730474514e+04 1.174839970461487246e+05 7.247473893276658782e+04 7.246460518595008762e+04 1.639814219588005799e+05 7.280015864370067720e+04 1.308851392720109870e+05 2.593620541825330874e+05
7.660359064490997698e+05 -2.446538862156049800e+04 3.523461359417123458e+04 2.425847915825230757e+03 1.346364113000247162e+05 -6.390186943221969705e+04 -4.199988424522928835e+04 4.356133130487994640e+04 1.062323319807645312e+05 1.818775699409450637e+06 3.141738881119561265e+05 4.009011052750306553e+05 5.838889380863265978e+04 1.895784652518739458e+05 -7.146621842349068902e+04 1.338327402843534655e+05 9.921253935911227018e+04 7.214909463833663904e+04
4.635945259740707278e+07 -3.128480012382641807e+07 -9.301181392835693434e+06 -7.432204532460216433e+06 4.607610042097324622e+05 -2.992319440472179092e+06 -3.590155578971874900e+06 1.080974835193907376e+06 1.818775699409450637e+06 3.359162860516811609e+08 3.376582293594972044e+07 1.948680151742822723e+06 -3.263488808824793901e+06 1.076694541803521477e+07 8.068521047337720171e+06 5.824008483468042687e+06 4.000493443583020009e+06 3.395634467891655397e+06
6.044362983375678770e+06 9.024639406311918050e+06 4.837678178858212195e+06 1.174283512555948691e+06 -1.485406877258300316e+06 -8.809151337801949121e+05 2.268440907939705648e+05 7.379218562730474514e+04 3.141738881119561265e+05 3.376582293594972044e+07 5.863556038243806362e+07 2.147525074919147417e+07 1.845389277180971578e+06 5.205982220483795740e+06 2.809833714053166565e+06 5.635597443379239412e+05 -1.099891599309361307e+06 3.434697853979704087e+05
5.144822627490795217e+06 4.146613362993521150e+06 1.558868411216244800e+06 1.267077522500928957e+06 2.742564239590652287e+05 -2.765919072739789262e+05 -2.829638703653095872e+05 1.174839970461487246e+05 4.009011052750306553e+05 1.948680151742822723e+06 2.147525074919147417e+07 1.638504593747791275e+07 1.009032926641201018e+06 1.927104200683967443e+06 1.368923447381418897e+06 8.999077371799974935e+05 -3.673867070678762393e+05 8.508844134797964944e+04
-1.861259743049362150e+05 -2.487919451593336649e+06 2.401121525127870031e+06 2.424953352935381234e+06 -8.696292562506560353e+04 9.501882550388817617e+04 -3.953289201137123746e+05 7.247473893276658782e+04 5.838889380863265978e+04 -3.263488808824793901e+06 1.845389277180971578e+06 1.009032926641201018e+06 1.833876544177297503e+07 -3.083023417174404487e+06 1.624304943280818952e+04 5.814148027709574671e+05 3.053046463084431598e+05 7.257914241497446783e+05
-1.182373257956676418e+06 1.354087222588154254e+06 -7.646797876037559472e+05 -1.531347694501788064e+05 5.845564179867650382e+05 2.348461843973507930e+05 2.974566699832145241e+05 7.246460518595008762e+04 1.895784652518739458e+05 1.076694541803521477e+07 5.205982220483795740e+06 1.927104200683967443e+06 -3.083023417174404487e+06 5.776173522020236589e+06 1.608185573780554580e+06 1.612589821818839991e+06 -1.526069944250047847e+05 -5.844628945880766696e+04
-7.345358008486175677e+05 4.754431152011002268e+04 -1.173918000152519235e+05 -3.223840620338280569e+05 -2.222141131569389254e+05 2.964036664401228190e+05 9.435360628939783783e+04 1.639814219588005799e+05 -7.146621842349068902e+04 8.068521047337720171e+06 2.809833714053166565e+06 1.368923447381418897e+06 1.624304943280818952e+04 1.608185573780554580e+06 2.831175101707661524e+06 1.147112544469800545e+06 1.871910329158011300e+05 5.054122473117280751e+05
-8.371633943391947541e+05 3.588970524173011654e+05 -7.642165330802818062e+04 6.445089698312761902e+04 1.016033415924029832e+05 9.554797412361242459e+04 1.414057067293512773e+04 7.280015864370067720e+04 1.338327402843534655e+05 5.824008483468042687e+06 5.635597443379239412e+05 8.999077371799974935e+05 5.814148027709574671e+05 1.612589821818839991e+06 1.147112544469800545e+06 1.758059522846220294e+06 2.264964988240829844e+05 3.461295738903693273e+05
8.956027050232449546e+05 -6.336866000777935842e+05 -1.635543362053962192e+05 4.114584612956658020e+03 -8.976306382202121313e+04 -6.053765968022403104e+04 3.844250266078954155e+03 1.308851392720109870e+05 9.921253935911227018e+04 4.000493443583020009e+06 -1.099891599309361307e+06 -3.673867070678762393e+05 3.053046463084431598e+05 -1.526069944250047847e+05 1.871910329158011300e+05 2.264964988240829844e+05 4.975973201559652807e+05 4.224034467611906584e+05
-1.460211687483779679e+05 -7.572134364846111566e+04 5.014296621834256221e+05 2.677815114517831244e+05 -5.278426704326572508e+04 2.479179641690343851e+04 8.899290152165367908e+04 2.593620541825330874e+05 7.214909463833663904e+04 3.395634467891655397e+06 3.434697853979704087e+05 8.508844134797964944e+04 7.257914241497446783e+05 -5.844628945880766696e+04 5.054122473117280751e+05 3.461295738903693273e+05 4.224034467611906584e+05 6.965901129861288937e+05
