# lambda=0.16716249663084642
5.526550073763742298e+07 -4.048017000405234285e+06 2.086444575068267295e+06 -9.399869482808551984e+05 -8.625123192177856108e+05 3.771369671919116518e+05 -6.254374966324403649e+05 -7.534239059872764628e+05 -2.955379958255595193e+04 2.748685834764112905e+07 -9.571864443351652473e+06 9.606847037358036032e+05 -4.637413757730783895e+06 -1.588244204788299510e+06 1.783677553744853940e+06 4.602853814565130509e+06 1.558480712793954415e+06 7.019282191411185777e+05
-4.048017000405234285e+06 1.574511484057740122e+07 2.402047711373784579e+06 -7.048719504455078859e+05 4.249360077099946793e+05 4.255449379246665194e+04 2.248896454782666406e+05 4.009362717598087329e+04 -1.546751479649645335e+05 -1.328624783346944675e+07 1.290416122179127857e+07 8.234359235831244849e+06 5.815500128928829217e+05 -1.521039496375011746e+06 2.896353808770744363e+05 5.922562947155336151e+05 5.447832478910679929e+05 7.157310244320080383e+05
2.086444575068267295e+06 2.402047711373784579e+06 3.957177617459099740e+06 -4.377746382107167738e+05 3.622707010973224533e+05 -4.127771776374264155e+05 2.758920277204227168e+05 2.724540741634794977e+05 -8.653284969203831861e+04 3.458004626023849938e+06 9.586572422657581046e+05 6.238732874338803813e+06 1.930467656929099699e+06 -1.222119725885448279e+05 -2.078749256144376122e+05 4.961471690323338262e+05 3.889876228977998253e+05 3.275860505098053636e+03
-9.399869482808551984e+05 -7.048719504455078859e+05 -4.377746382107167738e+05 1.392506882298934972e+06 5.180994093314720667e+05 3.265662125555775710e+05 3.822232555702987156e+04 1.038222352297282487e+05 8.276228859185447800e+04 -3.399692785910595208e+06 -4.352449314967406099e+05 1.122258903958657611e+05 2.204070426898677833e+06 -3.570601824898630730e+05 -1.525924313532945525e+05 1.406829232719856664e+05 -7.771206259960150055e+04 9.985981386003691296e+04
-8.625123192177856108e+05 4.249360077099946793e+05 3.622707010973224533e+05 5.180994093314720667e+05 7.761690181453275727e+05 1.292911480730831972e+05 1.594874666942412114e+04 1.211905491268229816e+05 7.506789435820905783e+04 8.453234262323110597e+05 -1.036939554543098551e+06 2.678392881901410874e+04 1.084604986815627431e+06 1.028535663010935241e+05 -1.933072307559385445e+04 2.007180053217415407e+05 -2.125080501497406294e+04 1.236223085801087291e+04
3.771369671919116518e+05 4.255449379246665194e+04 -4.127771776374264155e+05 3.265662125555775710e+05 1.292911480730831972e+05 3.717678240984107251e+05 -8.312444306599110132e+04 -8.001788641807581007e+04 3.439754266475319309e+04 1.142265419938574079e+06 -1.669247454138128960e+05 -1.006211546974911354e+06 -5.413850162243768864e+04 -5.673730470430518471e+04 1.986080065371558303e+05 9.065250891108889482e+04 -1.101440766396002000e+05 8.756886545011626731e+04
-6.254374966324403649e+05 2.248896454782666406e+05 2.758920277204227168e+05 3.822232555702987156e+04 1.594874666942412114e+04 -8.312444306599110132e+04 1.305079688530796993e+05 7.650606264021847164e+04 -2.073365642164796736e+04 -7.949966245994060300e+05 -1.368991204231032752e+05 1.111283013630421599e+06 3.082560217321149539e+05 -1.579982725945955899e+05 -9.864753922223029076e+04 1.022009552126154267e+04 1.625573403782570858e+04 -1.153213132589161833e+05
-7.534239059872764628e+05 4.009362717598087329e+04 2.724540741634794977e+05 1.038222352297282487e+05 1.211905491268229816e+05 -8.001788641807581007e+04 7.650606264021847164e+04 1.745803502793018124e+05 1.981265604645492567e+04 5.012071093319768261e+04 -8.467006709501552396e+05 5.978446220822829055e+05 6.240605403539285762e+05 1.075282399092477863e+05 -2.112672939934173774e+05 6.242364606181059207e+04 9.311772423106181668e+04 -1.673131914666550438e+04
-2.955379958255595193e+04 -1.546751479649645335e+05 -8.653284969203831861e+04 8.276228859185447800e+04 7.506789435820905783e+04 3.439754266475319309e+04 -2.073365642164796736e+04 1.981265604645492567e+04 6.082284901737538894e+04 -5.413721049027564732e+04 4.546530369779989705e+05 -4.816871639429880306e+05 8.977305425597476642e+03 3.176440950551067726e+04 -1.884118088509175286e+05 6.556235695215080341e+04 3.346625200266418688e+04 -4.135847825779961568e+04
2.748685834764112905e+07 -1.328624783346944675e+07 3.458004626023849938e+06 -3.399692785910595208e+06 8.453234262323110597e+05 1.142265419938574079e+06 -7.949966245994060300e+05 5.012071093319768261e+04 -5.413721049027564732e+04 2.094973451198847592e+08 -2.266985034294924140e+07 -1.199910599508402497e+07 -1.393101987140644901e+07 1.140472511705116834e+06 5.888192997957729734e+06 -3.734357420301135629e+06 -2.723261232828530017e+06 -1.996416140093564056e+06
-9.571864443351652473e+06 1.290416122179127857e+07 9.586572422657581046e+05 -4.352449314967406099e+05 -1.036939554543098551e+06 -1.669247454138128960e+05 -1.368991204231032752e+05 -8.467006709501552396e+05 4.546530369779989705e+05 -2.266985034294924140e+07 4.874481441922540218e+07 2.757079728319538292e+06 -1.646728695325562265e+06 -3.820331811442445498e+06 -1.877335535335435299e+06 -5.073969178142857272e+05 8.205034018622003496e+05 -6.073852672946969979e+05
9.606847037358036032e+05 8.234359235831244849e+06 6.238732874338803813e+06 1.122258903958657611e+05 2.678392881901410874e+04 -1.006211546974911354e+06 1.111283013630421599e+06 5.978446220822829055e+05 -4.816871639429880306e+05 -1.199910599508402497e+07 2.757079728319538292e+06 3.585928018964336812e+07 5.114979546179115772e+06 -4.130565842392590363e+06 2.218168571323779761e+05 9.681944542370698182e+05 2.350421521265388001e+05 1.937001012862399220e+05
-4.637413757730783895e+06 5.815500128928829217e+05 1.930467656929099699e+06 2.204070426898677833e+06 1.084604986815627431e+06 -5.413850162243768864e+04 3.082560217321149539e+05 6.240605403539285762e+05 8.977305425597476642e+03 -1.393101987140644901e+07 -1.646728695325562265e+06 5.114979546179115772e+06 1.104148451047957689e+07 8.911447504063628148e+05 -4.778774631578540429e+05 7.081089455111168791e+05 1.180863675467188936e+06 8.039934678012937075e+05
-1.588244204788299510e+06 -1.521039496375011746e+06 -1.222119725885448279e+05 -3.570601824898630730e+05 1.028535663010935241e+05 -5.673730470430518471e+04 -1.579982725945955899e+05 1.075282399092477863e+05 3.176440950551067726e+04 1.140472511705116834e+06 -3.820331811442445498e+06 -4.130565842392590363e+06 8.911447504063628148e+05 3.224598947538263630e+06 1.441932967751624819e+05 -9.473189050411964126e+04 4.365622745169444242e+05 2.843171128954461310e+05
1.783677553744853940e+06 2.896353808770744363e+05 -2.078749256144376122e+05 -1.525924313532945525e+05 -1.933072307559385445e+04 1.986080065371558303e+05 -9.864753922223029076e+04 -2.112672939934173774e+05 -1.884118088509175286e+05 5.888192997957729734e+06 -1.877335535335435299e+06 2.218168571323779761e+05 -4.778774631578540429e+05 1.441932967751624819e+05 2.226942108822476584e+06 5.462630393544639228e+05 -1.791265763462533359e+05 2.609912892696752388e+05
4.602853814565130509e+06 5.922562947155336151e+05 4.961471690323338262e+05 1.406829232719856664e+05 2.007180053217415407e+05 9.065250891108889482e+04 1.022009552126154267e+04 6.242364606181059207e+04 6.556235695215080341e+04 -3.734357420301135629e+06 -5.073969178142857272e+05 9.681944542370698182e+05 7.081089455111168791e+05 -9.473189050411964126e+04 5.462630393544639228e+05 2.117877492349762470e+06 5.319924643085465068e+05 1.766915062308377237e+05
1.558480712793954415e+06 5.447832478910679929e+05 3.889876228977998253e+05 -7.771206259960150055e+04 -2.125080501497406294e+04 -1.101440766396002000e+05 1.625573403782570858e+04 9.311772423106181668e+04 3.346625200266418688e+04 -2.723261232828530017e+06 8.205034018622003496e+05 2.350421521265388001e+05 1.180863675467188936e+06 4.365622745169444242e+05 -1.791265763462533359e+05 5.319924643085465068e+05 7.472881609297799878e+05 1.161262520841947553e+05
7.019282191411185777e+05 7.157310244320080383e+05 3.275860505098053636e+03 9.985981386003691296e+04 1.236223085801087291e+04 8.756886545011626731e+04 -1.153213132589161833e+05 -1.673131914666550438e+04 -4.135847825779961568e+04 -1.996416140093564056e+06 -6.073852672946969979e+05 1.937001012862399220e+05 8.039934678012937075e+05 2.843171128954461310e+05 2.609912892696752388e+05 1.766915062308377237e+05 1.161262520841947553e+05 5.370946960963862948e+05
