# lambda=0.19561970813952914
4.731072390147441626e+07 8.299975126520341262e+06 6.259216006764592603e+05 -2.510038767758622416e+05 -2.475529935759634536e+05 3.886504746214015177e+05 7.962462298504968931e+04 -6.776181905958479038e+05 -2.230106673419664730e+05 -9.935721021981181577e+06 -1.838730464233150939e+06 5.547308816269122064e+06 -3.057188913242375478e+06 1.914717240673453547e+06 5.978570965842787409e+05 -3.329258439600711688e+06 1.330623044266288402e+06 -4.545653793320429395e+05
8.299975126520341262e+06 1.588960386297171749e+07 2.617191176691104192e+06 -9.860096866729344474e+05 -5.150729370092679164e+05 3.672747791518995655e+05 -4.273364700749311596e+05 1.170154516106610936e+04 8.388942684386820474e+03 1.224483734709620941e+06 2.397718661763742566e+07 3.932665995265916921e+06 -6.362872761770199577e+04 3.511362153195890132e+06 1.341258709158664336e+06 -1.556225379861263093e+06 -1.251152419063171546e+05 -6.514568398972334107e+05
6.259216006764592603e+05 2.617191176691104192e+06 4.051140349693676457e+06 3.947687805668931105e+05 1.751751151605743798e+05 4.179576525540190632e+05 -4.709499780386414932e+04 1.027230456894458475e+05 6.163324433003790182e+04 -8.086860681894136593e+06 4.844776255490525626e+06 3.305417615784899332e+06 2.292355665762649733e+05 1.798378031885429984e+06 1.379800610957404831e+06 -2.657238141854797141e+05 -1.123091441745487828e+05 -1.830411974999424419e+05
-2.510038767758622416e+05 -9.860096866729344474e+05 3.947687805668931105e+05 9.666165906287474791e+05 1.482959063144800893e+05 1.139115214751122694e+05 6.174388198824713618e+04 -9.610744008495165326e+04 -8.242740225172077771e+04 -8.785234640919665108e+05 -2.014793212612011121e+05 1.337567310832690273e+05 1.104814485231780913e+06 -9.005388230987044517e+04 -2.463951005243127292e+05 2.648997289169055875e+05 -1.482890255163838156e+05 1.987110515743042924e+04
-2.475529935759634536e+05 -5.150729370092679164e+05 1.751751151605743798e+05 1.482959063144800893e+05 4.102044423234085552e+05 -6.472182183416899352e+04 3.439603993698843988e+04 3.734915616747711465e+04 -2.215752609532860879e+04 1.436999501509579364e+06 4.327591317702330998e+05 8.809669277050178789e+04 -1.917533550471238850e+05 6.723511095755849965e+05 2.378569313903246948e+05 4.712003564886919921e+05 2.164888870321445575e+05 2.826663190534047317e+04
3.886504746214015177e+05 3.672747791518995655e+05 4.179576525540190632e+05 1.139115214751122694e+05 -6.472182183416899352e+04 2.345822413409582223e+05 2.554441971539584119e+04 1.864442073618107679e+04 1.375677004135592824e+03 4.771281165715120151e+05 3.774041228739366634e+05 4.218733089450842817e+05 -3.988727970369355753e+05 4.438206800054309861e+04 1.463487085282417247e+05 -4.969432185631533503e+04 -1.009195372127130686e+05 1.194677799383637466e+05
7.962462298504968931e+04 -4.273364700749311596e+05 -4.709499780386414932e+04 6.174388198824713618e+04 3.439603993698843988e+04 2.554441971539584119e+04 1.582984777919416665e+05 2.872939503448127289e+04 3.104838014919849957e+04 7.364331087248080876e+05 -8.038377668828581227e+05 1.613185141696012870e+05 3.000461495754750649e+04 8.563784559302373964e+04 -1.255165670726266835e+05 2.612420076991308888e+05 6.741426353733243013e+04 1.361915774825433909e+05
-6.776181905958479038e+05 1.170154516106610936e+04 1.027230456894458475e+05 -9.610744008495165326e+04 3.734915616747711465e+04 1.864442073618107679e+04 2.872939503448127289e+04 9.451260442299081478e+04 2.277277282576789366e+04 7.976362269279081374e+05 -2.321663024363586155e+05 1.090926295627148211e+05 -1.025337844394766726e+05 1.072747622083975293e+05 2.239253383877626620e+05 1.813587222192404151e+05 7.841922305404437066e+04 6.368074216573486046e+04
-2.230106673419664730e+05 8.388942684386820474e+03 6.163324433003790182e+04 -8.242740225172077771e+04 -2.215752609532860879e+04 1.375677004135592824e+03 3.104838014919849957e+04 2.277277282576789366e+04 5.671727283648471348e+04 -1.005126202839838224e+05 6.482103799411614891e+05 2.942371926394066541e+05 1.831218336533086840e+05 1.274167330158089899e+05 4.926886205801180040e+04 -7.254564563528728627e+01 -1.217737052134266560e+04 5.652450296046757285e+04
-9.935721021981181577e+06 1.224483734709620941e+06 -8.086860681894136593e+06 -8.785234640919665108e+05 1.436999501509579364e+06 4.771281165715120151e+05 7.364331087248080876e+05 7.976362269279081374e+05 -1.005126202839838224e+05 1.853855703779935837e+08 4.035199373330692202e+07 1.093650417505892739e+07 -9.794646389893602580e+06 -1.853537689696993213e+06 -1.583100832587728277e+06 4.757458626076965593e+06 2.370596188240874093e+06 3.415385516545982566e+06
-1.838730464233150939e+06 2.397718661763742566e+07 4.844776255490525626e+06 -2.014793212612011121e+05 4.327591317702330998e+05 3.774041228739366634e+05 -8.038377668828581227e+05 -2.321663024363586155e+05 6.482103799411614891e+05 4.035199373330692202e+07 1.167671885009717345e+08 2.869210584865567088e+07 8.791259587599415332e+06 1.097966812579727732e+07 2.148953990731303580e+06 -3.827866686492434237e+06 -1.592089492292166222e+06 1.054303548808621475e+06
5.547308816269122064e+06 3.932665995265916921e+06 3.305417615784899332e+06 1.337567310832690273e+05 8.809669277050178789e+04 4.218733089450842817e+05 1.613185141696012870e+05 1.090926295627148211e+05 2.942371926394066541e+05 1.093650417505892739e+07 2.869210584865567088e+07 2.678483565666494519e+07 8.349769307546526194e+06 5.397642985112595372e+06 1.499580374446918955e+06 -1.479950214463665849e+06 6.245085110930157825e+05 2.099415140031110495e+06
-3.057188913242375478e+06 -6.362872761770199577e+04 2.292355665762649733e+05 1.104814485231780913e+06 -1.917533550471238850e+05 -3.988727970369355753e+05 3.000461495754750649e+04 -1.025337844394766726e+05 1.831218336533086840e+05 -9.794646389893602580e+06 8.791259587599415332e+06 8.349769307546526194e+06 1.411777867831102572e+07 3.068623868237508927e+06 -3.725147975199383654e+04 -6.896569077469067415e+05 -6.611043238135057036e+05 5.542532130175919738e+05
1.914717240673453547e+06 3.511362153195890132e+06 1.798378031885429984e+06 -9.005388230987044517e+04 6.723511095755849965e+05 4.438206800054309861e+04 8.563784559302373964e+04 1.072747622083975293e+05 1.274167330158089899e+05 -1.853537689696993213e+06 1.097966812579727732e+07 5.397642985112595372e+06 3.068623868237508927e+06 6.148950741627714597e+06 2.137500814124115277e+06 5.011465574008526164e+05 9.917589352861112275e+04 6.566472470943857916e+05
5.978570965842787409e+05 1.341258709158664336e+06 1.379800610957404831e+06 -2.463951005243127292e+05 2.378569313903246948e+05 1.463487085282417247e+05 -1.255165670726266835e+05 2.239253383877626620e+05 4.926886205801180040e+04 -1.583100832587728277e+06 2.148953990731303580e+06 1.499580374446918955e+06 -3.725147975199383654e+04 2.137500814124115277e+06 2.931773910944668576e+06 5.456816666077248519e+05 7.789035390935999749e+04 1.324687393134549202e+05
-3.329258439600711688e+06 -1.556225379861263093e+06 -2.657238141854797141e+05 2.648997289169055875e+05 4.712003564886919921e+05 -4.969432185631533503e+04 2.612420076991308888e+05 1.813587222192404151e+05 -7.254564563528728627e+01 4.757458626076965593e+06 -3.827866686492434237e+06 -1.479950214463665849e+06 -6.896569077469067415e+05 5.011465574008526164e+05 5.456816666077248519e+05 1.896537950734286103e+06 5.972468029485269217e+05 2.844867693290055031e+05
1.330623044266288402e+06 -1.251152419063171546e+05 -1.123091441745487828e+05 -1.482890255163838156e+05 2.164888870321445575e+05 -1.009195372127130686e+05 6.741426353733243013e+04 7.841922305404437066e+04 -1.217737052134266560e+04 2.370596188240874093e+06 -1.592089492292166222e+06 6.245085110930157825e+05 -6.611043238135057036e+05 9.917589352861112275e+04 7.789035390935999749e+04 5.972468029485269217e+05 9.245252947218745248e+05 1.077197039711949328e+05
-4.545653793320429395e+05 -6.514568398972334107e+05 -1.830411974999424419e+05 1.987110515743042924e+04 2.826663190534047317e+04 1.194677799383637466e+05 1.361915774825433909e+05 6.368074216573486046e+04 5.652450296046757285e+04 3.415385516545982566e+06 1.054303548808621475e+06 2.099415140031110495e+06 5.542532130175919738e+05 6.566472470943857916e+05 1.324687393134549202e+05 2.844867693290055031e+05 1.077197039711949328e+05 5.214086405497221858e+05
