# lambda=0.11527682584046423
5.746225470900898427e+07 3.490234112236506771e+06 -3.875647405434259679e+06 -1.144581491467020940e+06 1.359654670390190324e+06 7.236969833896042546e+05 6.632659862428911729e+05 -3.492593828942392720e+05 1.406012161787060904e+05 1.359190926758104749e+07 6.511767871496445499e+06 6.828999486255671363e+05 1.209952902329904772e+07 -2.669482149184215348e+06 -3.039194633225607686e+05 1.530562069874550449e+06 -7.251345285772178322e+05 -4.813930781185600208e+05
3.490234112236506771e+06 2.839035174915306643e+07 6.326318368273994885e+06 1.004400376128710108e+06 -1.181865035997005878e+06 -4.587987862308140611e+05 -3.548261774572431023e+03 -4.989049672119423631e+05 -3.000720662105724332e+05 3.787220416556591541e+07 1.987910911117974669e+07 1.824052451653028280e+07 4.003814458489113487e+06 -1.441933520474259509e+06 -1.000893911088440218e+06 1.831284234148122370e+06 -3.730715568055805634e+05 1.259097577257384110e+05
-3.875647405434259679e+06 6.326318368273994885e+06 6.134113343879404478e+06 1.530754752089226618e+06 1.384405275740718353e+05 -3.667769564072973299e+04 1.387770373240182817e+05 7.339443024778683321e+04 -1.685493336574990826e+05 4.416762563843636774e+06 1.138343801444675773e+07 5.331035739120570943e+06 2.387917241787170642e+05 3.257903938382656779e+05 -1.054289217131997138e+05 2.163632127224856231e+05 -1.790577395929223276e+05 -4.181105752267350326e+05
-1.144581491467020940e+06 1.004400376128710108e+06 1.530754752089226618e+06 1.866540856949681416e+06 2.416528603850272775e+05 -2.772668536550476565e+05 4.088405250283203350e+04 1.374887481775235501e+05 -1.368900450889285421e+05 1.201677442447860376e+05 2.646677143232497852e+06 9.774893479233387625e+05 1.639965332890168065e+06 1.390120231004790403e+06 2.421711381668329705e+05 6.183693756812952051e+04 2.069930526981994044e+05 9.302363942473416682e+04
1.359654670390190324e+06 -1.181865035997005878e+06 1.384405275740718353e+05 2.416528603850272775e+05 8.254183409319361672e+05 7.062571293434995459e+04 -3.565352326737696421e+04 -5.981655076350743911e+04 -2.606996001346616686e+04 -4.484429325119197369e+06 -2.600468352122563811e+05 -7.528366098424039083e+05 5.980692670567132154e+04 9.596249413736945717e+05 5.026565612594659906e+05 -3.981948824677739758e+05 -2.708537318731960841e+05 -1.085873754901037610e+05
7.236969833896042546e+05 -4.587987862308140611e+05 -3.667769564072973299e+04 -2.772668536550476565e+05 7.062571293434995459e+04 4.066997570246497053e+05 1.545217925107652845e+05 6.055509586274407775e+04 5.317556097581923677e+04 1.045639787829183857e+06 3.085331969661224866e+05 -1.233797776100024814e+06 -9.343758474662337685e+05 2.378865937996891735e+05 4.614225852200789377e+05 -2.187931371785645388e+04 1.772216054183374217e+04 2.190672943595171455e+04
6.632659862428911729e+05 -3.548261774572431023e+03 1.387770373240182817e+05 4.088405250283203350e+04 -3.565352326737696421e+04 1.545217925107652845e+05 3.290263058788982453e+05 3.201892906393626981e+04 -3.673480645738261046e+03 1.390729064251288073e+06 3.826605323730678647e+05 -2.923841509726734366e+05 -1.798535197852470446e+05 9.865798373002161679e+04 4.490307166131632985e+05 1.802232300180501479e+05 -3.590938070426001650e+04 4.624001224340171757e+04
-3.492593828942392720e+05 -4.989049672119423631e+05 7.339443024778683321e+04 1.374887481775235501e+05 -5.981655076350743911e+04 6.055509586274407775e+04 3.201892906393626981e+04 1.417057350627351843e+05 4.970401194693423895e+04 4.652925568936966010e+05 9.631044884591333102e+05 -7.473889338295909110e+05 -3.058139838488749810e+05 1.502761507687233388e+05 1.067237079656036221e+05 1.967799618458406476e+05 1.290080505693076993e+05 -4.051570534446687088e+04
1.406012161787060904e+05 -3.000720662105724332e+05 -1.685493336574990826e+05 -1.368900450889285421e+05 -2.606996001346616686e+04 5.317556097581923677e+04 -3.673480645738261046e+03 4.970401194693423895e+04 8.911348269766429439e+04 -6.214303320887281006e+04 6.321128994561091531e+04 -5.562976446271989262e+05 -5.527024797938701231e+05 4.582743613683503645e+04 -1.679685608708815926e+04 5.262952843275333180e+03 3.587743022943130927e+04 -6.377652165175271648e+02
1.359190926758104749e+07 3.787220416556591541e+07 4.416762563843636774e+06 1.201677442447860376e+05 -4.484429325119197369e+06 1.045639787829183857e+06 1.390729064251288073e+06 4.652925568936966010e+05 -6.214303320887281006e+04 3.574127145738200545e+08 3.498750884024433047e+07 2.520163130024407990e+06 2.272443512477846816e+07 7.484502689142335439e+05 1.620951881823853590e+07 8.384867906831712462e+06 1.019435828372822492e+06 2.055171613169214921e+06
6.511767871496445499e+06 1.987910911117974669e+07 1.138343801444675773e+07 2.646677143232497852e+06 -2.600468352122563811e+05 3.085331969661224866e+05 3.826605323730678647e+05 9.631044884591333102e+05 6.321128994561091531e+04 3.498750884024433047e+07 5.592598791036414355e+07 6.618411798710850067e+06 1.237613443142820150e+07 4.555148807079271413e+06 2.349899501522819046e+06 2.974535260849209502e+06 1.428573026212556753e+06 -3.999555568299596780e+05
6.828999486255671363e+05 1.824052451653028280e+07 5.331035739120570943e+06 9.774893479233387625e+05 -7.528366098424039083e+05 -1.233797776100024814e+06 -2.923841509726734366e+05 -7.473889338295909110e+05 -5.562976446271989262e+05 2.520163130024407990e+06 6.618411798710850067e+06 2.313897786526145786e+07 1.249594447084985441e+06 -4.506567216491308995e+06 -4.906696946992512792e+06 1.140427693428519342e+04 -1.023071971094683977e+06 -6.595434454051492503e+05
1.209952902329904772e+07 4.003814458489113487e+06 2.387917241787170642e+05 1.639965332890168065e+06 5.980692670567132154e+04 -9.343758474662337685e+05 -1.798535197852470446e+05 -3.058139838488749810e+05 -5.527024797938701231e+05 2.272443512477846816e+07 1.237613443142820150e+07 1.249594447084985441e+06 2.005344865475010499e+07 2.671187858412662987e+06 -7.084858559338182386e+04 7.069293705238454277e+05 1.809851494264717679e+06 1.471311882500081323e+06
-2.669482149184215348e+06 -1.441933520474259509e+06 3.257903938382656779e+05 1.390120231004790403e+06 9.596249413736945717e+05 2.378865937996891735e+05 9.865798373002161679e+04 1.502761507687233388e+05 4.582743613683503645e+04 7.484502689142335439e+05 4.555148807079271413e+06 -4.506567216491308995e+06 2.671187858412662987e+06 5.616899516514795832e+06 2.253823463124416303e+06 -7.565113270955031039e+05 1.547201448826095439e+05 7.818209066692981869e+05
-3.039194633225607686e+05 -1.000893911088440218e+06 -1.054289217131997138e+05 2.421711381668329705e+05 5.026565612594659906e+05 4.614225852200789377e+05 4.490307166131632985e+05 1.067237079656036221e+05 -1.679685608708815926e+04 1.620951881823853590e+07 2.349899501522819046e+06 -4.906696946992512792e+06 -7.084858559338182386e+04 2.253823463124416303e+06 4.912562086988775060e+06 5.666958418120524148e+05 -3.692676267913775519e+05 2.378910962034556724e+05
1.530562069874550449e+06 1.831284234148122370e+06 2.163632127224856231e+05 6.183693756812952051e+04 -3.981948824677739758e+05 -2.187931371785645388e+04 1.802232300180501479e+05 1.967799618458406476e+05 5.262952843275333180e+03 8.384867906831712462e+06 2.974535260849209502e+06 1.140427693428519342e+04 7.069293705238454277e+05 -7.565113270955031039e+05 5.666958418120524148e+05 1.493079746530716307e+06 2.105090298618203087e+05 -1.022000582680856314e+05
-7.251345285772178322e+05 -3.730715568055805634e+05 -1.790577395929223276e+05 2.069930526981994044e+05 -2.708537318731960841e+05 1.772216054183374217e+04 -3.590938070426001650e+04 1.290080505693076993e+05 3.587743022943130927e+04 1.019435828372822492e+06 1.428573026212556753e+06 -1.023071971094683977e+06 1.809851494264717679e+06 1.547201448826095439e+05 -3.692676267913775519e+05 2.105090298618203087e+05 1.152401314425703604e+06 3.802515587596776313e+05
-4.813930781185600208e+05 1.259097577257384110e+05 -4.181105752267350326e+05 9.302363942473416682e+04 -1.085873754901037610e+05 2.190672943595171455e+04 4.624001224340171757e+04 -4.051570534446687088e+04 -6.377652165175271648e+02 2.055171613169214921e+06 -3.999555568299596780e+05 -6.595434454051492503e+05 1.471311882500081323e+06 7.818209066692981869e+05 2.378910962034556724e+05 -1.022000582680856314e+05 3.802515587596776313e+05 5.597519455603150418e+05
