# lambda=0.14536341514422468
3.112126902954404801e+07 -2.060158691598132951e+06 -1.479348919472108362e+06 1.317226159181149211e+06 6.774823379186873790e+05 -1.903712476115784957e+05 1.960578686569809797e+05 9.048342862272410421e+05 4.987796448034566129e+05 -1.092124020179952728e+06 -1.214632783423566027e+06 -3.651842992622501217e+06 4.615955554560400546e+06 2.275252789700875990e+06 -4.655803163305566646e+06 -4.803350513702116441e+05 2.462501358098503668e+06 1.502532794831765350e+06
-2.060158691598132951e+06 1.334000143960328586e+07 3.575715253941504285e+06 1.428632023310273886e+06 -1.322056824177101371e+05 -3.243749899015919655e+05 7.443266181513138872e+04 1.388452879787566599e+04 2.615198390001333319e+05 -1.276053355723270215e+07 1.661660240859923139e+07 2.030977164480381645e+06 -2.766074000875977334e+06 1.602701586499820696e+06 7.182758985340329818e+05 -6.610923280113243964e+05 1.545357266147783084e+05 -1.279701603524485836e+05
-1.479348919472108362e+06 3.575715253941504285e+06 5.998551759034860879e+06 -2.657111544313679333e+05 -8.669077770619599323e+04 6.083926232715181541e+05 -5.239562745744172134e+05 -2.899063468190674321e+05 -1.012086366074806137e+05 -3.309168073845373467e+06 3.981730975743137766e+06 1.218514358775938454e+05 -6.298138549655089155e+05 1.370969850559817860e+06 1.895509409545020433e+06 -1.624804145124448929e+06 -2.938238976506213658e+05 -6.100931847502005985e+05
1.317226159181149211e+06 1.428632023310273886e+06 -2.657111544313679333e+05 1.362703195471099345e+06 3.098673059762381017e+05 1.037670753307964624e+05 2.697497922020100523e+05 2.384647439620540536e+05 2.360794768808466906e+05 -4.748030261010417715e+06 1.680802032397920033e+06 -2.119617654405781068e+05 1.184982442847993923e+06 1.198345025998617522e+06 3.665391952168484568e+05 2.177971928250245401e+05 6.522461744338405697e+04 3.246995556085540447e+05
6.774823379186873790e+05 -1.322056824177101371e+05 -8.669077770619599323e+04 3.098673059762381017e+05 6.002647767425992060e+05 3.999990207910990284e+04 6.014285063504072605e+04 8.596097885866682918e+04 1.754377017271268705e+05 -2.271358917560888454e+06 3.832903755558251287e+05 1.238589360490044579e+06 8.379629767843028530e+05 2.363983831520091626e+05 -3.983997691749898368e+05 -6.377104977548457828e+04 3.287086407400173484e+05 2.796824938094777754e+05
-1.903712476115784957e+05 -3.243749899015919655e+05 6.083926232715181541e+05 1.037670753307964624e+05 3.999990207910990284e+04 7.132158847468325403e+05 -6.043726930554919090e+04 4.225098004369443515e+04 -5.065218440944936447e+04 9.889282072831115220e+05 -1.912548440349250566e+06 -1.333487637249876279e+06 -9.473034103702138236e+04 3.602163241425846354e+05 9.166011181839614874e+05 -4.346498955042730086e+05 -7.402964051970519358e+04 -8.769917290673409298e+03
1.960578686569809797e+05 7.443266181513138872e+04 -5.239562745744172134e+05 2.697497922020100523e+05 6.014285063504072605e+04 -6.043726930554919090e+04 2.396651668881976220e+05 9.280734032176622713e+04 8.641674664260122518e+04 -1.081327187400498427e+06 -8.910229928972564812e+04 5.448926625952235190e+04 5.107080526311369031e+05 1.704679856443160097e+05 -1.011634286310129537e+05 3.267022852879375569e+05 -2.766213237034830308e+04 1.239629939901913895e+04
9.048342862272410421e+05 1.388452879787566599e+04 -2.899063468190674321e+05 2.384647439620540536e+05 8.596097885866682918e+04 4.225098004369443515e+04 9.280734032176622713e+04 1.281479317873256805e+05 8.123379144335395540e+04 -2.381729037003860867e+05 -1.791139076253933017e+05 -3.252332303907734458e+05 2.746291782249434036e+05 2.788978450618287316e+05 -9.682050004971021554e+04 1.618260725719312904e+05 1.791050319175207405e+05 9.502048101634778141e+04
4.987796448034566129e+05 2.615198390001333319e+05 -1.012086366074806137e+05 2.360794768808466906e+05 1.754377017271268705e+05 -5.065218440944936447e+04 8.641674664260122518e+04 8.123379144335395540e+04 1.747073795725087402e+05 -6.662624825165931834e+05 3.850499100283336593e+05 -8.308610676301851345e+04 3.343204150538492249e+05 2.322386071668692166e+05 -2.752494852119014831e+05 1.413233571946882585e+05 1.812987961081024550e+05 1.184119852044610889e+05
-1.092124020179952728e+06 -1.276053355723270215e+07 -3.309168073845373467e+06 -4.748030261010417715e+06 -2.271358917560888454e+06 9.889282072831115220e+05 -1.081327187400498427e+06 -2.381729037003860867e+05 -6.662624825165931834e+05 1.670266138910957575e+08 7.662424711067708209e+06 -1.261445253786186874e+07 -1.162511312647972023e+06 -4.272153885856674984e+06 -1.694922754637009464e+06 2.366016916212619282e+06 1.089560014883824391e+06 2.775052471063495148e+06
-1.214632783423566027e+06 1.661660240859923139e+07 3.981730975743137766e+06 1.680802032397920033e+06 3.832903755558251287e+05 -1.912548440349250566e+06 -8.910229928972564812e+04 -1.791139076253933017e+05 3.850499100283336593e+05 7.662424711067708209e+06 6.061648163817401230e+07 1.591614865946276486e+07 4.776659091089325375e+05 1.781547065147806890e+06 -1.993440788341226056e+06 7.680207978517717856e+04 1.435651048076212406e+06 7.653613727592378855e+05
-3.651842992622501217e+06 2.030977164480381645e+06 1.218514358775938454e+05 -2.119617654405781068e+05 1.238589360490044579e+06 -1.333487637249876279e+06 5.448926625952235190e+04 -3.252332303907734458e+05 -8.308610676301851345e+04 -1.261445253786186874e+07 1.591614865946276486e+07 2.955813529352797568e+07 1.194635684618808329e+06 -2.350961324885585345e+06 -9.809941153485927498e+05 2.420001969306228682e+06 1.636950911709290929e+06 -1.000317073922683834e+06
4.615955554560400546e+06 -2.766074000875977334e+06 -6.298138549655089155e+05 1.184982442847993923e+06 8.379629767843028530e+05 -9.473034103702138236e+04 5.107080526311369031e+05 2.746291782249434036e+05 3.343204150538492249e+05 -1.162511312647972023e+06 4.776659091089325375e+05 1.194635684618808329e+06 7.048258167485708371e+06 1.493905140024763532e+06 6.453067800173856085e+04 3.085142802377261687e+05 -2.648189263609948102e+05 5.678404514266840415e+05
2.275252789700875990e+06 1.602701586499820696e+06 1.370969850559817860e+06 1.198345025998617522e+06 2.363983831520091626e+05 3.602163241425846354e+05 1.704679856443160097e+05 2.788978450618287316e+05 2.322386071668692166e+05 -4.272153885856674984e+06 1.781547065147806890e+06 -2.350961324885585345e+06 1.493905140024763532e+06 3.472678227691677399e+06 8.850361617541947635e+05 -2.014256964743006392e+05 1.158734645853032089e+04 6.429563828679425642e+05
-4.655803163305566646e+06 7.182758985340329818e+05 1.895509409545020433e+06 3.665391952168484568e+05 -3.983997691749898368e+05 9.166011181839614874e+05 -1.011634286310129537e+05 -9.682050004971021554e+04 -2.752494852119014831e+05 -1.694922754637009464e+06 -1.993440788341226056e+06 -9.809941153485927498e+05 6.453067800173856085e+04 8.850361617541947635e+05 3.843098136562051252e+06 -4.817183073417362175e+05 -1.095552164831260918e+06 -3.772387005564325373e+05
-4.803350513702116441e+05 -6.610923280113243964e+05 -1.624804145124448929e+06 2.177971928250245401e+05 -6.377104977548457828e+04 -4.346498955042730086e+05 3.267022852879375569e+05 1.618260725719312904e+05 1.413233571946882585e+05 2.366016916212619282e+06 7.680207978517717856e+04 2.420001969306228682e+06 3.085142802377261687e+05 -2.014256964743006392e+05 -4.817183073417362175e+05 1.723625111134825042e+06 2.917418234661751194e+05 -1.978299226687494956e+04
2.462501358098503668e+06 1.545357266147783084e+05 -2.938238976506213658e+05 6.522461744338405697e+04 3.287086407400173484e+05 -7.402964051970519358e+04 -2.766213237034830308e+04 1.791050319175207405e+05 1.812987961081024550e+05 1.089560014883824391e+06 1.435651048076212406e+06 1.636950911709290929e+06 -2.648189263609948102e+05 1.158734645853032089e+04 -1.095552164831260918e+06 2.917418234661751194e+05 9.463072166077864822e+05 1.550267578249904036e+05
1.502532794831765350e+06 -1.279701603524485836e+05 -6.100931847502005985e+05 3.246995556085540447e+05 2.796824938094777754e+05 -8.769917290673409298e+03 1.239629939901913895e+04 9.502048101634778141e+04 1.184119852044610889e+05 2.775052471063495148e+06 7.653613727592378855e+05 -1.000317073922683834e+06 5.678404514266840415e+05 6.429563828679425642e+05 -3.772387005564325373e+05 -1.978299226687494956e+04 1.550267578249904036e+05 7.780778856154698879e+05
