# lambda=0.13447011186433805
2.726598215042287111e+07 -6.016316899513868848e+05 -1.352099609661149094e+06 -2.560529612545504235e+06 -5.661135681892418070e+05 7.522648231768910773e+05 -1.498302042629363714e+05 -4.059456895419409848e+05 -2.739614665780505165e+05 1.618732707984537818e+07 4.524333343974910676e+06 2.035766030946173239e+06 -2.748446570064986590e+06 -6.826815071877090260e+06 -3.141214991513536079e+05 -5.487676905630976398e+04 4.446464902396947728e+05 1.592535236021413293e+05
-6.016316899513868848e+05 1.134278351616574079e+07 2.032824871943463571e+06 1.187223850597758079e+06 -4.543099745387677103e+04 -4.917009353156948346e+05 -6.930516949631271418e+05 -2.306480794309632038e+05 1.637443256209346000e+05 1.383127250167078897e+07 8.947696973690422252e+06 4.425727626752193086e+06 1.286875006192773348e+06 -7.838657030716187728e+04 -1.106051749831553752e+04 1.222940350787627511e+06 -1.735781813157086144e+05 -4.761480314582183200e+04
-1.352099609661149094e+06 2.032824871943463571e+06 4.585160765173119493e+06 1.347285902438794728e+06 3.343872518902444863e+05 2.310823682390527974e+05 -6.878799144774528395e+04 5.200676936691140872e+04 -3.633023550645456271e+04 3.145394147591491230e+06 -2.458822722505070269e+06 1.377552340297659859e+06 1.768433206830661511e+06 -7.765082316147154197e+05 1.017918108337472309e+06 1.909203728454050724e+05 1.898490565361095942e+05 -6.951000930677441647e+05
-2.560529612545504235e+06 1.187223850597758079e+06 1.347285902438794728e+06 1.769523123812894104e+06 -6.193119938973922399e+04 -4.169858727691400563e+05 -3.443794027647301846e+04 1.334306768932374252e+05 1.193858403942416626e+05 5.112925250892107375e+06 -3.541056322622025851e+06 3.669966939613930881e+05 1.889449344764476176e+06 4.119115507215958787e+05 1.637109302472956479e+05 1.772025736712474027e+05 3.458824478643068142e+04 -2.537113463085568510e+05
-5.661135681892418070e+05 -4.543099745387677103e+04 3.343872518902444863e+05 -6.193119938973922399e+04 6.400148212939634686e+05 1.938542944501117163e+05 5.777261522022696590e+04 5.290985395265086117e+04 3.199572743920401263e+04 1.810045469058209565e+06 9.068228420958491042e+05 1.331043070730857435e+05 3.294019073408331606e+05 -6.667698649403076852e+05 -4.922765773037008330e+04 1.835935108905225206e+04 4.097279676792572136e+05 1.015488678822508082e+05
7.522648231768910773e+05 -4.917009353156948346e+05 2.310823682390527974e+05 -4.169858727691400563e+05 1.938542944501117163e+05 6.830863303666928550e+05 9.282708797022998624e+04 7.007833601527189603e+04 -8.064213308824531850e+04 1.582205084646080388e+06 -7.041810862824361539e+05 4.535977594815561315e+04 -1.179916685096983565e+06 -5.695885116255568573e+05 4.827012676309309900e+05 -2.212074427698729269e+05 9.123242138750680897e+04 -4.670894994591300929e+04
-1.498302042629363714e+05 -6.930516949631271418e+05 -6.878799144774528395e+04 -3.443794027647301846e+04 5.777261522022696590e+04 9.282708797022998624e+04 2.407864065574783599e+05 2.058839719083953241e+04 -1.557375701375781318e+03 1.882240726434258278e+06 -1.069963103296222165e+06 -7.510228440752023598e+05 -2.110240066851585871e+05 1.988716275428732624e+05 1.724091447410099499e+05 -2.117228384180471767e+05 5.819333346194057958e+04 7.748094701613631332e+04
-4.059456895419409848e+05 -2.306480794309632038e+05 5.200676936691140872e+04 1.334306768932374252e+05 5.290985395265086117e+04 7.007833601527189603e+04 2.058839719083953241e+04 1.714899211485768319e+05 4.783963372511413763e+04 -1.401722630865959800e+05 -1.532591788856910309e+06 -9.279025668560550548e+04 2.603136085238213418e+05 4.468595286601739936e+05 9.401587540356445243e+04 -2.431548661063722830e+04 1.937400982966299343e+05 -5.023415164460740925e+04
-2.739614665780505165e+05 1.637443256209346000e+05 -3.633023550645456271e+04 1.193858403942416626e+05 3.199572743920401263e+04 -8.064213308824531850e+04 -1.557375701375781318e+03 4.783963372511413763e+04 8.867893129508405400e+04 1.961654004943822220e+05 -9.480457200658478541e+05 6.752115031335077947e+04 3.847197203559703776e+05 2.020167540964256623e+05 -4.441010136203135335e+04 -2.126323532365285064e+04 9.737744728285988094e+04 4.110213266202572413e+04
1.618732707984537818e+07 1.383127250167078897e+07 3.145394147591491230e+06 5.112925250892107375e+06 1.810045469058209565e+06 1.582205084646080388e+06 1.882240726434258278e+06 -1.401722630865959800e+05 1.961654004943822220e+05 2.294926470677620769e+08 1.577174568945820257e+07 1.501226106137268059e+07 3.916477016932956874e+06 -5.650543695924279280e+06 1.219027365029668668e+06 6.798334932750990847e+05 -1.057768488869275665e+06 -1.124189062053832924e+06
4.524333343974910676e+06 8.947696973690422252e+06 -2.458822722505070269e+06 -3.541056322622025851e+06 9.068228420958491042e+05 -7.041810862824361539e+05 -1.069963103296222165e+06 -1.532591788856910309e+06 -9.480457200658478541e+05 1.577174568945820257e+07 6.507580569613983482e+07 1.162990229169628024e+07 -3.638908021391044371e+06 -7.080757251817294396e+06 -5.412885839139355347e+06 -4.052232212868441275e+04 -2.007413081758082844e+06 1.322651406161183259e+05
2.035766030946173239e+06 4.425727626752193086e+06 1.377552340297659859e+06 3.669966939613930881e+05 1.331043070730857435e+05 4.535977594815561315e+04 -7.510228440752023598e+05 -9.279025668560550548e+04 6.752115031335077947e+04 1.501226106137268059e+07 1.162990229169628024e+07 2.650690887693199143e+07 2.605445582004077267e+06 -4.414948748284701258e+06 9.840281283920019632e+05 -9.025093251258848468e+05 -8.210746247628881829e+05 1.093050821763483109e+06
-2.748446570064986590e+06 1.286875006192773348e+06 1.768433206830661511e+06 1.889449344764476176e+06 3.294019073408331606e+05 -1.179916685096983565e+06 -2.110240066851585871e+05 2.603136085238213418e+05 3.847197203559703776e+05 3.916477016932956874e+06 -3.638908021391044371e+06 2.605445582004077267e+06 1.112261316451054066e+07 2.977770861802815925e+06 -1.363760047663392965e+06 4.773660419583321782e+05 1.264603223899420584e+06 -5.404933159258356318e+05
-6.826815071877090260e+06 -7.838657030716187728e+04 -7.765082316147154197e+05 4.119115507215958787e+05 -6.667698649403076852e+05 -5.695885116255568573e+05 1.988716275428732624e+05 4.468595286601739936e+05 2.020167540964256623e+05 -5.650543695924279280e+06 -7.080757251817294396e+06 -4.414948748284701258e+06 2.977770861802815925e+06 8.495164093100935221e+06 4.275462382798134931e+05 1.513419416141378926e+06 8.857066127470147330e+05 -3.090057825285927975e+05
-3.141214991513536079e+05 -1.106051749831553752e+04 1.017918108337472309e+06 1.637109302472956479e+05 -4.922765773037008330e+04 4.827012676309309900e+05 1.724091447410099499e+05 9.401587540356445243e+04 -4.441010136203135335e+04 1.219027365029668668e+06 -5.412885839139355347e+06 9.840281283920019632e+05 -1.363760047663392965e+06 4.275462382798134931e+05 2.000080968731848290e+06 1.812560268737305596e+05 -4.538286420094848290e+04 -7.711958668465683877e+04
-5.487676905630976398e+04 1.222940350787627511e+06 1.909203728454050724e+05 1.772025736712474027e+05 1.835935108905225206e+04 -2.212074427698729269e+05 -2.117228384180471767e+05 -2.431548661063722830e+04 -2.126323532365285064e+04 6.798334932750990847e+05 -4.052232212868441275e+04 -9.025093251258848468e+05 4.773660419583321782e+05 1.513419416141378926e+06 1.812560268737305596e+05 1.460687436844450422e+06 4.009334383501696284e+05 -1.676676348107054655e+05
4.446464902396947728e+05 -1.735781813157086144e+05 1.898490565361095942e+05 3.458824478643068142e+04 4.097279676792572136e+05 9.123242138750680897e+04 5.819333346194057958e+04 1.937400982966299343e+05 9.737744728285988094e+04 -1.057768488869275665e+06 -2.007413081758082844e+06 -8.210746247628881829e+05 1.264603223899420584e+06 8.857066127470147330e+05 -4.538286420094848290e+04 4.009334383501696284e+05 1.081684170431610895e+06 1.361374484490223113e+05
1.592535236021413293e+05 -4.761480314582183200e+04 -6.951000930677441647e+05 -2.537113463085568510e+05 1.015488678822508082e+05 -4.670894994591300929e+04 7.748094701613631332e+04 -5.023415164460740925e+04 4.110213266202572413e+04 -1.124189062053832924e+06 1.322651406161183259e+05 1.093050821763483109e+06 -5.404933159258356318e+05 -3.090057825285927975e+05 -7.711958668465683877e+04 -1.676676348107054655e+05 1.361374484490223113e+05 6.583116434353903169e+05
