# lambda=0.10910758068597047
4.296158575100225955e+07 1.333374097894640081e+07 -6.374594651440621819e+05 4.036489475130653940e+06 -3.898180034987902618e+05 -7.420734300094863866e+05 -1.199946699774902547e+06 -5.575190820794065949e+05 -9.522869506310125580e+05 1.205309092572396621e+07 5.654580234002689831e+06 1.938457654357485939e+06 -5.150138415025468916e+06 -8.617640942243475001e+05 1.980699635634990409e+05 3.568203194836578332e+05 -8.451008933487022296e+05 -3.293007982042059884e+05
1.333374097894640081e+07 1.748794281481230631e+07 9.185839634460244561e+05 3.428768468623453286e+06 1.102202603477235418e+06 -7.848263725330298766e+05 -7.895069911603617948e+05 -2.806492223250936950e+05 -3.121133224969526054e+05 -1.093029433724844828e+07 -9.594381744808109943e+05 1.160800892106520943e+06 -2.146196922499303240e+06 -1.908872828543588053e+06 1.637621406307224417e+06 -7.396435427436300088e+05 -4.427328199369960930e+05 7.071278583731121616e+05
-6.374594651440621819e+05 9.185839634460244561e+05 4.899514853836810216e+06 6.849113176456147339e+05 -4.430130132452014368e+05 -1.531523299940198485e+05 -3.121761592119191773e+05 1.223175964918166428e+05 1.547031970312347403e+05 5.583538308040825650e+06 4.345938692920572124e+06 4.694673439338861965e+06 8.263230722731337883e+05 -1.352924566057719989e+06 7.025135543820169987e+05 -4.027413302868494648e+05 1.010031463306531659e+05 1.539851110555143678e+05
4.036489475130653940e+06 3.428768468623453286e+06 6.849113176456147339e+05 1.721532622449513525e+06 1.095852067479057732e+05 -1.759672568472091370e+04 -3.208639151283412139e+04 4.115302340154086778e+03 1.043392513563702378e+05 -1.930433032455304638e+06 5.986736727121013682e+05 1.251013254107287852e+06 -7.658080457535237074e+05 -8.675957358461613767e+05 3.812288003761214204e+05 -3.918439753365150682e+04 2.474669572243112489e+05 2.412478910285615420e+05
-3.898180034987902618e+05 1.102202603477235418e+06 -4.430130132452014368e+05 1.095852067479057732e+05 7.473397810492255958e+05 1.182631279248549399e+05 1.470143810410899750e+05 6.914778079600700585e+04 1.650853943162426367e+04 1.743749774658269715e+06 -2.390148893988405820e+06 2.044089794637062587e+05 -3.561607737001604983e+05 2.739059058425037074e+05 2.990996390510512865e+05 2.510169011038151511e+05 1.088965017411041190e+05 -1.153633031627040764e+05
-7.420734300094863866e+05 -7.848263725330298766e+05 -1.531523299940198485e+05 -1.759672568472091370e+04 1.182631279248549399e+05 6.644222888604358304e+05 1.023249859038645372e+05 1.966045667597301072e+05 5.109024208191036450e+04 -8.440392994321408914e+05 4.324027593554524356e+05 3.445235338795326534e+05 1.010854134017198085e+05 1.867917997130889271e+05 -1.782229733540437301e+05 1.357703611625361373e+05 2.587049017476834997e+05 -2.167457656129465904e+05
-1.199946699774902547e+06 -7.895069911603617948e+05 -3.121761592119191773e+05 -3.208639151283412139e+04 1.470143810410899750e+05 1.023249859038645372e+05 3.763160360334260622e+05 1.390927220954838558e+05 1.052109172407417209e+05 3.233463900647478644e+06 -7.542209320698854281e+05 -2.534600207517002418e+05 4.066307220422976388e+04 1.903218122643607203e+05 5.089010933785553789e+04 8.162767579264604137e+04 1.673203865349955449e+05 -2.101765191604011488e+04
-5.575190820794065949e+05 -2.806492223250936950e+05 1.223175964918166428e+05 4.115302340154086778e+03 6.914778079600700585e+04 1.966045667597301072e+05 1.390927220954838558e+05 2.369065279753002396e+05 2.004469769943563733e+04 9.981343975528531009e+05 4.793621442016522633e+04 -1.999294808099058719e+04 2.343414849694565346e+05 -1.367563290342638793e+05 8.879378287273462047e+04 -3.784147103498795332e+04 5.648753306442301255e+04 -5.208042237938589824e+04
-9.522869506310125580e+05 -3.121133224969526054e+05 1.547031970312347403e+05 1.043392513563702378e+05 1.650853943162426367e+04 5.109024208191036450e+04 1.052109172407417209e+05 2.004469769943563733e+04 1.615736504292906902e+05 2.148646756466481893e+05 8.048677297377852956e+05 -2.695062544683918823e+05 -3.489848818235303042e+05 -1.980621655757392582e+05 2.126288982306735124e+04 1.862067008446440741e+05 1.493779423098238767e+05 5.347862748267805728e+04
1.205309092572396621e+07 -1.093029433724844828e+07 5.583538308040825650e+06 -1.930433032455304638e+06 1.743749774658269715e+06 -8.440392994321408914e+05 3.233463900647478644e+06 9.981343975528531009e+05 2.148646756466481893e+05 3.047650371873067021e+08 3.232348555977950245e+07 7.969423783127764240e+06 -4.749152701489109546e+06 1.563885022907945141e+07 3.423347389523549471e+06 1.121578999623120530e+06 4.274891977690825239e+06 2.843292478013825021e+05
5.654580234002689831e+06 -9.594381744808109943e+05 4.345938692920572124e+06 5.986736727121013682e+05 -2.390148893988405820e+06 4.324027593554524356e+05 -7.542209320698854281e+05 4.793621442016522633e+04 8.048677297377852956e+05 3.232348555977950245e+07 4.322733806879534572e+07 5.779792722768390551e+06 -7.697414974076837301e+06 -4.291668775549021550e+06 -2.540263255867453758e+06 5.633050925579747418e+05 3.869952255560436752e+05 1.047317123813721002e+06
1.938457654357485939e+06 1.160800892106520943e+06 4.694673439338861965e+06 1.251013254107287852e+06 2.044089794637062587e+05 3.445235338795326534e+05 -2.534600207517002418e+05 -1.999294808099058719e+04 -2.695062544683918823e+05 7.969423783127764240e+06 5.779792722768390551e+06 2.464637344416069984e+07 2.546180209108745330e+05 -9.522471079257421661e+05 2.774285273519875482e+05 -3.551594515485310694e+05 7.005487827881402336e+05 1.146342728073495906e+06
-5.150138415025468916e+06 -2.146196922499303240e+06 8.263230722731337883e+05 -7.658080457535237074e+05 -3.561607737001604983e+05 1.010854134017198085e+05 4.066307220422976388e+04 2.343414849694565346e+05 -3.489848818235303042e+05 -4.749152701489109546e+06 -7.697414974076837301e+06 2.546180209108745330e+05 5.573890977238504216e+06 1.174656260339351604e+06 1.003678570017297869e+06 -1.176965452790878713e+06 -5.231748632198342239e+05 -1.629156150353759876e+05
-8.617640942243475001e+05 -1.908872828543588053e+06 -1.352924566057719989e+06 -8.675957358461613767e+05 2.739059058425037074e+05 1.867917997130889271e+05 1.903218122643607203e+05 -1.367563290342638793e+05 -1.980621655757392582e+05 1.563885022907945141e+07 -4.291668775549021550e+06 -9.522471079257421661e+05 1.174656260339351604e+06 3.173346608186454047e+06 2.866768950145881972e+05 8.532141289703757502e+04 3.712710749911949970e+05 -9.488098402391449781e+04
1.980699635634990409e+05 1.637621406307224417e+06 7.025135543820169987e+05 3.812288003761214204e+05 2.990996390510512865e+05 -1.782229733540437301e+05 5.089010933785553789e+04 8.879378287273462047e+04 2.126288982306735124e+04 3.423347389523549471e+06 -2.540263255867453758e+06 2.774285273519875482e+05 1.003678570017297869e+06 2.866768950145881972e+05 1.407224815573574044e+06 6.954025150816989481e+04 8.344266263925087696e+04 1.227204506277835608e+05
3.568203194836578332e+05 -7.396435427436300088e+05 -4.027413302868494648e+05 -3.918439753365150682e+04 2.510169011038151511e+05 1.357703611625361373e+05 8.162767579264604137e+04 -3.784147103498795332e+04 1.862067008446440741e+05 1.121578999623120530e+06 5.633050925579747418e+05 -3.551594515485310694e+05 -1.176965452790878713e+06 8.532141289703757502e+04 6.954025150816989481e+04 1.244932208287918940e+06 4.613312308037829935e+05 -3.536479792872248800e+04
-8.451008933487022296e+05 -4.427328199369960930e+05 1.010031463306531659e+05 2.474669572243112489e+05 1.088965017411041190e+05 2.587049017476834997e+05 1.673203865349955449e+05 5.648753306442301255e+04 1.493779423098238767e+05 4.274891977690825239e+06 3.869952255560436752e+05 7.005487827881402336e+05 -5.231748632198342239e+05 3.712710749911949970e+05 8.344266263925087696e+04 4.613312308037829935e+05 8.218981498114775168e+05 2.534268154181265563e+05
-3.293007982042059884e+05 7.071278583731121616e+05 1.539851110555143678e+05 2.412478910285615420e+05 -1.153633031627040764e+05 -2.167457656129465904e+05 -2.101765191604011488e+04 -5.208042237938589824e+04 5.347862748267805728e+04 2.843292478013825021e+05 1.047317123813721002e+06 1.146342728073495906e+06 -1.629156150353759876e+05 -9.488098402391449781e+04 1.227204506277835608e+05 -3.536479792872248800e+04 2.534268154181265563e+05 5.962058489184611244e+05
