# lambda=0.1756744018702251
3.989988744575223327e+07 8.423762614398168400e+06 5.357461501935968408e+05 1.197393075084810378e+06 -3.126957500012648292e+06 1.339890012447273592e+06 6.032264609894125024e+05 -1.011223872960265435e+05 4.943601655581716914e+05 3.680749219850847125e+07 1.468810620567271486e+07 8.992860688967036083e+06 1.643725890461731236e+06 -5.902680977672658861e+06 -1.051097446892213542e+06 4.033924108712946181e+05 9.594789459446233232e+05 9.138298599149184884e+04
8.423762614398168400e+06 1.897606187780289724e+07 1.038163164155766251e+06 -7.960955590445238631e+05 -2.738401391716578510e+06 4.787297180303908535e+05 -1.078029915928914415e+05 9.700648081696063746e+05 3.656312805074446369e+05 1.244329670409532497e+06 2.936197729881552234e+07 1.158828942954096757e+07 -2.139359285016538575e+06 -1.148496022842087783e+06 -2.890022469429586781e+05 -5.417817231862692861e+05 1.034581323830284993e+06 1.440988256802895805e+06
5.357461501935968408e+05 1.038163164155766251e+06 4.051229222314034123e+06 1.041787100337354001e+06 -7.155164118992253498e+04 6.301580593418045464e+04 -1.942790143747479888e+05 1.399122854335731536e+05 1.950859060493085708e+05 -1.271019902727115713e+07 -1.431730847797857423e+05 3.562184994491192978e+06 1.439619919005923206e+06 1.621764384504570626e+06 1.304264568378072181e+04 -5.530769587595241610e+05 1.412915190225698752e+05 2.977968379819167894e+05
1.197393075084810378e+06 -7.960955590445238631e+05 1.041787100337354001e+06 1.466645722336406820e+06 3.074215098163231160e+05 -1.843026703913272941e+05 5.291800691930601897e+04 -3.026048788860430795e+04 -1.263937874270665088e+04 1.114915079812467098e+06 8.781503799060380552e+05 1.151978833658912772e+05 1.541241075755236903e+06 4.995007949902100372e+05 5.400341325010369474e+04 -1.286271391374819214e+05 1.831657439462683105e+05 1.938364381102180632e+05
-3.126957500012648292e+06 -2.738401391716578510e+06 -7.155164118992253498e+04 3.074215098163231160e+05 1.128020588474154472e+06 -5.515688278037904092e+04 1.304167077573664283e+05 -1.796953559912017954e+05 -1.432915738743171387e+05 -1.411710472143522638e+05 -3.326179826873223763e+06 -2.701534442337118089e+06 1.038865037322526041e+05 7.450691821693377569e+05 5.169880151160433306e+05 2.244313767783266667e+05 -3.714766375723500969e+05 -2.405360184269809397e+05
1.339890012447273592e+06 4.787297180303908535e+05 6.301580593418045464e+04 -1.843026703913272941e+05 -5.515688278037904092e+04 5.848446776820220985e+05 5.443796484834997682e+04 3.683016481085614942e+04 5.481827091964881402e+04 1.617375894677733071e+06 -2.790320863886601757e+06 5.637379243644675007e+05 -4.881324653867344023e+05 -8.873522979493872263e+05 1.346927714481613657e+05 -1.732642762719754828e+05 -7.271718178656812233e+04 -1.022330681814978743e+05
6.032264609894125024e+05 -1.078029915928914415e+05 -1.942790143747479888e+05 5.291800691930601897e+04 1.304167077573664283e+05 5.443796484834997682e+04 1.824799160306026752e+05 5.084824510323659342e+04 2.368221956467439668e+04 6.157516565740408842e+05 -4.993507700205840520e+05 9.530689475033213967e+04 3.276479108665892854e+05 -4.031180356960801291e+05 1.071338216050047049e+05 9.179484049350389978e+04 -2.590590783644746625e+04 -2.429253648957346741e+04
-1.011223872960265435e+05 9.700648081696063746e+05 1.399122854335731536e+05 -3.026048788860430795e+04 -1.796953559912017954e+05 3.683016481085614942e+04 5.084824510323659342e+04 2.903050092889743391e+05 8.792320586616167566e+04 -2.392777350293487776e+06 3.693475293768240226e+04 4.733447467245587613e+05 4.046843741220651427e+05 -1.359184158098842890e+05 6.215163238312782778e+04 -7.076763418733018625e+04 1.793468812264038934e+04 8.386937615638824354e+04
4.943601655581716914e+05 3.656312805074446369e+05 1.950859060493085708e+05 -1.263937874270665088e+04 -1.432915738743171387e+05 5.481827091964881402e+04 2.368221956467439668e+04 8.792320586616167566e+04 9.167243011294264579e+04 -1.121837514697352890e+06 -6.860288457104735426e+04 9.713447301501043839e+05 4.671845353391962708e+05 -1.934881850462890579e+05 -9.371145050983078545e+04 -1.095839029089650576e+05 1.136384616692888812e+04 3.649934564561219304e+04
3.680749219850847125e+07 1.244329670409532497e+06 -1.271019902727115713e+07 1.114915079812467098e+06 -1.411710472143522638e+05 1.617375894677733071e+06 6.157516565740408842e+05 -2.392777350293487776e+06 -1.121837514697352890e+06 2.284502223075960875e+08 5.885671462819698453e+07 -9.755733016923204064e+06 1.957717574130363064e+06 -3.652753141489831731e+06 -7.286453366359809414e+06 -6.363545425063587027e+05 -6.370980981756345136e+05 1.535841168278568657e+06
1.468810620567271486e+07 2.936197729881552234e+07 -1.431730847797857423e+05 8.781503799060380552e+05 -3.326179826873223763e+06 -2.790320863886601757e+06 -4.993507700205840520e+05 3.693475293768240226e+04 -6.860288457104735426e+04 5.885671462819698453e+07 1.126895348676931560e+08 2.173403206452087313e+07 3.753776656005313620e+06 6.781040753809390590e+06 -4.294113757693805732e+06 3.317308951477271621e+05 5.137309022618515301e+05 3.571444899565576576e+06
8.992860688967036083e+06 1.158828942954096757e+07 3.562184994491192978e+06 1.151978833658912772e+05 -2.701534442337118089e+06 5.637379243644675007e+05 9.530689475033213967e+04 4.733447467245587613e+05 9.713447301501043839e+05 -9.755733016923204064e+06 2.173403206452087313e+07 2.932071146828436106e+07 5.513687925668544136e+06 -1.649305052661751164e+06 -1.753362226781428326e+06 -1.144454979748718906e+06 1.065049824346349575e+06 1.788726232554514892e+06
1.643725890461731236e+06 -2.139359285016538575e+06 1.439619919005923206e+06 1.541241075755236903e+06 1.038865037322526041e+05 -4.881324653867344023e+05 3.276479108665892854e+05 4.046843741220651427e+05 4.671845353391962708e+05 1.957717574130363064e+06 3.753776656005313620e+06 5.513687925668544136e+06 9.397500296829704195e+06 1.085578826849953271e+06 -9.005959774713234510e+05 -4.225090135500246834e+04 -2.218503644911875890e+05 4.670362771671056980e+05
-5.902680977672658861e+06 -1.148496022842087783e+06 1.621764384504570626e+06 4.995007949902100372e+05 7.450691821693377569e+05 -8.873522979493872263e+05 -4.031180356960801291e+05 -1.359184158098842890e+05 -1.934881850462890579e+05 -3.652753141489831731e+06 6.781040753809390590e+06 -1.649305052661751164e+06 1.085578826849953271e+06 4.124568976867175661e+06 -3.284616374621836585e+05 1.692078208742887073e+05 -3.798979171706722118e+05 1.083457236189240939e+05
-1.051097446892213542e+06 -2.890022469429586781e+05 1.304264568378072181e+04 5.400341325010369474e+04 5.169880151160433306e+05 1.346927714481613657e+05 1.071338216050047049e+05 6.215163238312782778e+04 -9.371145050983078545e+04 -7.286453366359809414e+06 -4.294113757693805732e+06 -1.753362226781428326e+06 -9.005959774713234510e+05 -3.284616374621836585e+05 1.776932753912534099e+06 5.277446819536996773e+05 -7.366717687261755054e+04 -8.398251431102947390e+04
4.033924108712946181e+05 -5.417817231862692861e+05 -5.530769587595241610e+05 -1.286271391374819214e+05 2.244313767783266667e+05 -1.732642762719754828e+05 9.179484049350389978e+04 -7.076763418733018625e+04 -1.095839029089650576e+05 -6.363545425063587027e+05 3.317308951477271621e+05 -1.144454979748718906e+06 -4.225090135500246834e+04 1.692078208742887073e+05 5.277446819536996773e+05 1.629624052715471014e+06 -2.594103898140521196e+05 -8.253020702172526217e+04
9.594789459446233232e+05 1.034581323830284993e+06 1.412915190225698752e+05 1.831657439462683105e+05 -3.714766375723500969e+05 -7.271718178656812233e+04 -2.590590783644746625e+04 1.793468812264038934e+04 1.136384616692888812e+04 -6.370980981756345136e+05 5.137309022618515301e+05 1.065049824346349575e+06 -2.218503644911875890e+05 -3.798979171706722118e+05 -7.366717687261755054e+04 -2.594103898140521196e+05 5.576025086266561411e+05 2.165435928285906266e+05
9.138298599149184884e+04 1.440988256802895805e+06 2.977968379819167894e+05 1.938364381102180632e+05 -2.405360184269809397e+05 -1.022330681814978743e+05 -2.429253648957346741e+04 8.386937615638824354e+04 3.649934564561219304e+04 1.535841168278568657e+06 3.571444899565576576e+06 1.788726232554514892e+06 4.670362771671056980e+05 1.083457236189240939e+05 -8.398251431102947390e+04 -8.253020702172526217e+04 2.165435928285906266e+05 3.952570546111452859e+05
