# lambda=0.21920429361476435
4.330377627189131826e+07 7.478270626503958367e+06 -7.763607786736722337e+05 -9.766416558830993017e+05 -1.739461055266659474e+06 7.230236858783912612e+04 5.674018298580462579e+05 4.206217293033741298e+05 -9.634206883333873702e+05 1.618615227924221195e+07 2.273878651976069808e+07 -1.308232667408494838e+07 -1.441334561266117264e+06 -8.484248517743445933e+06 -3.223717155030179769e+06 8.756027283251156332e+05 -3.751370670346193365e+05 -5.470954764442336746e+05
7.478270626503958367e+06 7.847292039447741583e+06 1.507950284931437112e+06 2.839454067364750663e+05 -4.088443501164581394e+05 -5.786718080934128957e+05 1.366032150395567005e+05 2.159165264610115264e+05 1.698322223509544074e+03 2.115287443302891334e+05 1.441710789739468507e+07 2.278628392199377995e+06 7.444772227200637572e+05 -1.370035118611257523e+06 -1.905518693428067956e+06 -7.261332209316157969e+05 -4.491337100628418848e+05 7.104792415117304772e+05
-7.763607786736722337e+05 1.507950284931437112e+06 3.805254635430469643e+06 -1.762043238532794639e+05 1.885594370459909624e+04 -3.845935129835476400e+05 1.230125818515126157e+05 1.367490562225260073e+05 -1.210433855589494051e+05 -1.432012772580188932e+06 6.337675805403575301e+06 4.796897773398810998e+06 -7.130290701923012966e+05 -1.924163143045643228e+05 -3.842059019719996722e+05 4.608577676968791056e+05 2.410623369978789706e+05 -5.465499227448516467e+04
-9.766416558830993017e+05 2.839454067364750663e+05 -1.762043238532794639e+05 1.310935852410308085e+06 5.285425196305455174e+05 3.565109950654840213e+05 -1.382131361883101054e+05 -1.017725959806525861e+04 8.543809743391333905e+04 1.240275137549462263e+06 -6.784517307150326087e+04 3.525402371133223060e+05 1.301977384118320653e+06 -3.218013361801474821e+05 7.536055971477425192e+04 -3.813995433928833809e+05 -2.786776601525256410e+05 1.272140529459436075e+05
-1.739461055266659474e+06 -4.088443501164581394e+05 1.885594370459909624e+04 5.285425196305455174e+05 9.092042611484606750e+05 3.328585269095186959e+05 6.389874553068536625e+04 -5.126954073519488884e+04 1.294617783116927603e+05 -2.857700389213148504e+06 -2.815592893573587760e+06 -6.046078204496727558e+05 1.394385572647209279e+06 7.768125423238625517e+05 5.557463443334473995e+05 1.667942789292538655e+05 3.992096542783078621e+04 6.889804788185865618e+04
7.230236858783912612e+04 -5.786718080934128957e+05 -3.845935129835476400e+05 3.565109950654840213e+05 3.328585269095186959e+05 6.339548077754183905e+05 8.487697157712547050e+04 -8.875086006880426430e+04 -6.726633809269563062e+04 -7.179363126136210049e+05 -2.571733679257475771e+06 -1.712385014411032200e+06 9.077201416395013221e+05 3.296584188820086420e+05 6.347434563262274023e+05 2.270789280021357990e+04 5.487184127369578346e+04 -1.341924257411169528e+05
5.674018298580462579e+05 1.366032150395567005e+05 1.230125818515126157e+05 -1.382131361883101054e+05 6.389874553068536625e+04 8.487697157712547050e+04 2.265005349475106632e+05 -1.447788705595588681e+03 -3.862716536038045888e+04 -2.739453497850261163e+06 3.092778095392743126e+05 -2.690577874349212507e+05 -1.016856810839197715e+05 -6.090213720648435265e+04 -8.429196935512524215e+04 1.918439698413769947e+05 9.617263273675157689e+04 -3.161828858957774628e+03
4.206217293033741298e+05 2.159165264610115264e+05 1.367490562225260073e+05 -1.017725959806525861e+04 -5.126954073519488884e+04 -8.875086006880426430e+04 -1.447788705595588681e+03 1.337706108312627766e+05 4.784033810201726737e+04 -1.234590379311564146e+06 1.667487633307049749e+06 7.545976851978368359e+05 -4.533145924904666026e+04 -3.562804934438024648e+05 -3.225109747495767078e+05 -6.270491129695376912e+03 1.638170287112887017e+05 2.879479959672699988e+04
-9.634206883333873702e+05 1.698322223509544074e+03 -1.210433855589494051e+05 8.543809743391333905e+04 1.294617783116927603e+05 -6.726633809269563062e+04 -3.862716536038045888e+04 4.784033810201726737e+04 1.855982762058801891e+05 -1.357723948306690436e+06 -2.977379755689898739e+05 7.502019212640874321e+05 1.792403193804769253e+05 2.484781184022360248e+05 -3.199090447038401180e+04 -1.679303294259249524e+05 6.559488096321178091e+03 -3.604249194060635659e+02
1.618615227924221195e+07 2.115287443302891334e+05 -1.432012772580188932e+06 1.240275137549462263e+06 -2.857700389213148504e+06 -7.179363126136210049e+05 -2.739453497850261163e+06 -1.234590379311564146e+06 -1.357723948306690436e+06 1.622265098601911366e+08 -1.161267056411844492e+07 -1.367274983824903332e+07 -9.187352956704922020e+06 9.965491829230758594e+05 -6.982244096914209658e+05 -3.567517485129332636e+05 3.416744789824408363e+05 -7.475291839696968673e+05
2.273878651976069808e+07 1.441710789739468507e+07 6.337675805403575301e+06 -6.784517307150326087e+04 -2.815592893573587760e+06 -2.571733679257475771e+06 3.092778095392743126e+05 1.667487633307049749e+06 -2.977379755689898739e+05 -1.161267056411844492e+07 7.115334403201685846e+07 2.290122150471402705e+07 4.455207440810205415e+06 -7.184260708736990578e+06 -6.588531084803981707e+06 -4.802023575533875264e+05 4.278995836949644145e+05 5.341334229455689201e+05
-1.308232667408494838e+07 2.278628392199377995e+06 4.796897773398810998e+06 3.525402371133223060e+05 -6.046078204496727558e+05 -1.712385014411032200e+06 -2.690577874349212507e+05 7.545976851978368359e+05 7.502019212640874321e+05 -1.367274983824903332e+07 2.290122150471402705e+07 2.951665743991554156e+07 3.837015014415855519e+06 4.059486710447065998e+06 -1.057810331867445260e+06 -2.009499082810100226e+05 1.381312329428103054e+06 5.584781434353633085e+05
-1.441334561266117264e+06 7.444772227200637572e+05 -7.130290701923012966e+05 1.301977384118320653e+06 1.394385572647209279e+06 9.077201416395013221e+05 -1.016856810839197715e+05 -4.533145924904666026e+04 1.792403193804769253e+05 -9.187352956704922020e+06 4.455207440810205415e+06 3.837015014415855519e+06 9.377602895960846916e+06 3.560690504445921630e+06 2.612595808306195308e+06 -3.351856115560409962e+05 3.697461632532994845e+05 4.867548424773943843e+05
-8.484248517743445933e+06 -1.370035118611257523e+06 -1.924163143045643228e+05 -3.218013361801474821e+05 7.768125423238625517e+05 3.296584188820086420e+05 -6.090213720648435265e+04 -3.562804934438024648e+05 2.484781184022360248e+05 9.965491829230758594e+05 -7.184260708736990578e+06 4.059486710447065998e+06 3.560690504445921630e+06 6.739310496373759583e+06 2.803777629956124816e+06 4.287326696900766110e+05 7.989747671171226539e+05 4.751252360014213627e+04
-3.223717155030179769e+06 -1.905518693428067956e+06 -3.842059019719996722e+05 7.536055971477425192e+04 5.557463443334473995e+05 6.347434563262274023e+05 -8.429196935512524215e+04 -3.225109747495767078e+05 -3.199090447038401180e+04 -6.982244096914209658e+05 -6.588531084803981707e+06 -1.057810331867445260e+06 2.612595808306195308e+06 2.803777629956124816e+06 3.588810290460520890e+06 5.299771887630979109e+03 7.304761160014983034e+04 -2.969081846195408143e+05
8.756027283251156332e+05 -7.261332209316157969e+05 4.608577676968791056e+05 -3.813995433928833809e+05 1.667942789292538655e+05 2.270789280021357990e+04 1.918439698413769947e+05 -6.270491129695376912e+03 -1.679303294259249524e+05 -3.567517485129332636e+05 -4.802023575533875264e+05 -2.009499082810100226e+05 -3.351856115560409962e+05 4.287326696900766110e+05 5.299771887630979109e+03 1.380929708791657351e+06 2.900875452300081379e+05 -3.243624121457572983e+04
-3.751370670346193365e+05 -4.491337100628418848e+05 2.410623369978789706e+05 -2.786776601525256410e+05 3.992096542783078621e+04 5.487184127369578346e+04 9.617263273675157689e+04 1.638170287112887017e+05 6.559488096321178091e+03 3.416744789824408363e+05 4.278995836949644145e+05 1.381312329428103054e+06 3.697461632532994845e+05 7.989747671171226539e+05 7.304761160014983034e+04 2.900875452300081379e+05 1.003686014890059712e+06 1.274638243901816895e+05
-5.470954764442336746e+05 7.104792415117304772e+05 -5.465499227448516467e+04 1.272140529459436075e+05 6.889804788185865618e+04 -1.341924257411169528e+05 -3.161828858957774628e+03 2.879479959672699988e+04 -3.604249194060635659e+02 -7.475291839696968673e+05 5.341334229455689201e+05 5.584781434353633085e+05 4.867548424773943843e+05 4.751252360014213627e+04 -2.969081846195408143e+05 -3.243624121457572983e+04 1.274638243901816895e+05 4.524792742619093624e+05
