# lambda=0.13625472466337354
3.793757946681517363e+07 9.306922485217130743e+05 7.777477598327788291e+05 9.985604891887125559e+05 9.120625482298990246e+05 1.064135386508669471e+06 -5.264508570930015994e+05 -4.339771557984774699e+05 2.747888747476591379e+05 3.288667179198530689e+07 1.189950019032843783e+07 -4.290785718381577171e+06 -5.304369087144036166e+04 3.107382314367499668e+06 -1.752998646593726240e+06 2.451405813898747438e+05 -2.967652343920154381e+05 5.425987656171352137e+05
9.306922485217130743e+05 8.348909940989414230e+06 2.048862521891140146e+06 -4.000817987464275575e+03 -1.208512890097443742e+05 -7.965282048525445862e+04 -4.582236852283892804e+05 4.622688580366840470e+05 1.020230769475567795e+05 1.051763504547335021e+07 6.964432625107052736e+06 -1.890446315432087053e+06 -1.553116755287055625e+06 -4.925442159051596187e+06 2.139213934210134204e+06 -3.764542420089867665e+05 3.716125885871399078e+05 6.348953468118709279e+05
7.777477598327788291e+05 2.048862521891140146e+06 3.523905279211691115e+06 -1.995314667373663397e+05 7.176903020631532418e+05 9.131551453171495814e+04 2.561702925699435127e+03 1.943078817657142063e+05 2.085276320670783170e+05 8.031972470005089417e+05 2.414516653207199415e+05 1.808096225139694987e+06 -1.149965433584871702e+06 -4.923112168486156152e+05 7.503582887990009040e+05 4.353940978925416130e+05 2.150657889439171122e+05 3.160327820207887562e+05
9.985604891887125559e+05 -4.000817987464275575e+03 -1.995314667373663397e+05 1.077114551296902588e+06 -1.365208488667516212e+05 2.996767248379957746e+05 -3.901208055089977279e+04 1.880692794563714051e+04 6.318449286986089282e+04 2.201208885702609085e+06 -1.388769936668294249e+06 -3.599435166522589279e+05 5.618823178764175391e+05 3.033214208356192103e+05 2.250075036328070564e+05 5.283574861779436469e+04 6.222731029116748832e+05 5.919627293298383011e+05
9.120625482298990246e+05 -1.208512890097443742e+05 7.176903020631532418e+05 -1.365208488667516212e+05 1.218522383250101004e+06 1.284376567264040496e+05 1.326906321448910749e+05 -1.483406143600749492e+05 -1.293360816089429281e+05 -4.645919558628831990e+06 -2.364099019490489445e+05 2.069813163614148973e+06 -2.003287007581708604e+05 1.043929185870399349e+06 6.717273641023997916e+05 1.479356462718674993e+04 -3.969357024069774779e+05 -1.748270889932867431e+05
1.064135386508669471e+06 -7.965282048525445862e+04 9.131551453171495814e+04 2.996767248379957746e+05 1.284376567264040496e+05 5.139499564805413247e+05 8.378820942239042779e+04 -1.120064901785968232e+03 8.454637068004469620e+04 -3.707985074002129259e+05 4.365093404166626278e+05 -5.452605880371608073e+05 -9.575448163034478785e+04 6.255286487527652207e+04 4.403790568901795777e+05 -1.706299471283817547e+05 1.023384683621785734e+04 9.485380535651046375e+04
-5.264508570930015994e+05 -4.582236852283892804e+05 2.561702925699435127e+03 -3.901208055089977279e+04 1.326906321448910749e+05 8.378820942239042779e+04 1.506384010374818754e+05 1.058826227429760729e+04 -8.967959300050115417e+03 -4.249440410253035836e+06 -1.187494772612390341e+06 3.914148717962143710e+05 3.384119039324172627e+04 1.439214480114396429e+05 1.755620416591429967e+05 -1.041954389010523482e+04 -4.909932168649208324e+04 -1.010839731291285134e+05
-4.339771557984774699e+05 4.622688580366840470e+05 1.943078817657142063e+05 1.880692794563714051e+04 -1.483406143600749492e+05 -1.120064901785968232e+03 1.058826227429760729e+04 1.816202823339947499e+05 7.452464941808699223e+04 3.854216454409827129e+05 2.681942928921423154e+05 -3.247371553424968733e+05 1.513413127943952568e+05 -4.523497685290828231e+05 4.069116253898605937e+05 -9.618411600980217918e+04 1.074489452842024766e+05 1.342961123095553776e+05
2.747888747476591379e+05 1.020230769475567795e+05 2.085276320670783170e+05 6.318449286986089282e+04 -1.293360816089429281e+05 8.454637068004469620e+04 -8.967959300050115417e+03 7.452464941808699223e+04 1.664513852811067773e+05 2.945300522646091413e+06 5.353401801931792870e+05 2.536306371519042877e+05 3.221506307942534331e+05 -2.671281190787616288e+04 1.086509000423937978e+05 2.987699172591144088e+04 -9.236734692288449878e+03 1.420022265539313375e+05
3.288667179198530689e+07 1.051763504547335021e+07 8.031972470005089417e+05 2.201208885702609085e+06 -4.645919558628831990e+06 -3.707985074002129259e+05 -4.249440410253035836e+06 3.854216454409827129e+05 2.945300522646091413e+06 2.112216583682923019e+08 5.510084297413248569e+07 1.294581576465506293e+07 9.369216001297898591e+06 -2.079329686699966434e+06 -4.226264827827882022e+06 -1.044678797225152957e+06 -4.445467859355172550e+04 4.652827509039605036e+06
1.189950019032843783e+07 6.964432625107052736e+06 2.414516653207199415e+05 -1.388769936668294249e+06 -2.364099019490489445e+05 4.365093404166626278e+05 -1.187494772612390341e+06 2.681942928921423154e+05 5.353401801931792870e+05 5.510084297413248569e+07 4.367020799594810605e+07 5.246732203100643819e+05 -2.443924396832831189e+04 -2.339023936907709867e+05 6.186004786324639572e+05 -1.191631367559485137e+06 -8.214308359751048265e+05 -2.596550865543677355e+05
-4.290785718381577171e+06 -1.890446315432087053e+06 1.808096225139694987e+06 -3.599435166522589279e+05 2.069813163614148973e+06 -5.452605880371608073e+05 3.914148717962143710e+05 -3.247371553424968733e+05 2.536306371519042877e+05 1.294581576465506293e+07 5.246732203100643819e+05 3.250232239653775468e+07 4.254314948307717219e+06 2.392012247791575734e+06 -7.305734891240686411e+05 2.195620417303883878e+05 -1.179455407616622047e+06 2.322243098612790054e+05
-5.304369087144036166e+04 -1.553116755287055625e+06 -1.149965433584871702e+06 5.618823178764175391e+05 -2.003287007581708604e+05 -9.575448163034478785e+04 3.384119039324172627e+04 1.513413127943952568e+05 3.221506307942534331e+05 9.369216001297898591e+06 -2.443924396832831189e+04 4.254314948307717219e+06 5.969429679968456738e+06 1.138853667802635580e+06 2.176138061485159560e+05 -3.944321653078932432e+05 2.507162943460465176e+05 6.446420232976458501e+05
3.107382314367499668e+06 -4.925442159051596187e+06 -4.923112168486156152e+05 3.033214208356192103e+05 1.043929185870399349e+06 6.255286487527652207e+04 1.439214480114396429e+05 -4.523497685290828231e+05 -2.671281190787616288e+04 -2.079329686699966434e+06 -2.339023936907709867e+05 2.392012247791575734e+06 1.138853667802635580e+06 6.711240040619892068e+06 -1.076857421125952154e+06 5.635554717995536048e+05 -6.902063303834843682e+05 -7.046629942690749886e+04
-1.752998646593726240e+06 2.139213934210134204e+06 7.503582887990009040e+05 2.250075036328070564e+05 6.717273641023997916e+05 4.403790568901795777e+05 1.755620416591429967e+05 4.069116253898605937e+05 1.086509000423937978e+05 -4.226264827827882022e+06 6.186004786324639572e+05 -7.305734891240686411e+05 2.176138061485159560e+05 -1.076857421125952154e+06 3.785023245436816942e+06 -4.155424658579574316e+05 -3.370820980515379924e+05 9.603705572052960633e+04
2.451405813898747438e+05 -3.764542420089867665e+05 4.353940978925416130e+05 5.283574861779436469e+04 1.479356462718674993e+04 -1.706299471283817547e+05 -1.041954389010523482e+04 -9.618411600980217918e+04 2.987699172591144088e+04 -1.044678797225152957e+06 -1.191631367559485137e+06 2.195620417303883878e+05 -3.944321653078932432e+05 5.635554717995536048e+05 -4.155424658579574316e+05 7.883152731523863040e+05 2.302385366328161617e+05 -5.030662351375528669e+04
-2.967652343920154381e+05 3.716125885871399078e+05 2.150657889439171122e+05 6.222731029116748832e+05 -3.969357024069774779e+05 1.023384683621785734e+04 -4.909932168649208324e+04 1.074489452842024766e+05 -9.236734692288449878e+03 -4.445467859355172550e+04 -8.214308359751048265e+05 -1.179455407616622047e+06 2.507162943460465176e+05 -6.902063303834843682e+05 -3.370820980515379924e+05 2.302385366328161617e+05 1.476626015774229774e+06 5.227994414370192098e+05
5.425987656171352137e+05 6.348953468118709279e+05 3.160327820207887562e+05 5.919627293298383011e+05 -1.748270889932867431e+05 9.485380535651046375e+04 -1.010839731291285134e+05 1.342961123095553776e+05 1.420022265539313375e+05 4.652827509039605036e+06 -2.596550865543677355e+05 2.322243098612790054e+05 6.446420232976458501e+05 -7.046629942690749886e+04 9.603705572052960633e+04 -5.030662351375528669e+04 5.227994414370192098e+05 7.865548263903999468e+05
