# lambda=0.20256126091994817
5.014856815196923167e+07 8.454658578067561612e+06 2.216629945027316455e+06 7.444623538474439410e+05 1.007519088574651396e+06 4.934565743611864164e+05 -1.937101218770664884e+06 -6.600862152077605715e+05 -2.704841502681291604e+04 2.147117922483032569e+07 2.295790742180048674e+07 1.468381776465209015e+07 -2.384854792505698744e+06 -2.066305243500155164e+06 2.854037639463536907e+06 3.487280694215407711e+05 -1.753409868711279996e+05 -5.674492870067679323e+05
8.454658578067561612e+06 1.722381494251510128e+07 1.806297353851539083e+06 1.431103330242006574e+06 1.662866367371617816e+06 1.331083850996943656e+06 5.205695760268677841e+05 1.738341225955330010e+05 -1.575150712569196185e+05 -1.734980270473063365e+07 1.888396959351208061e+07 -8.128972003616786096e+05 -1.056716118277673610e+06 1.058795945860938169e+06 2.505293751522201113e+06 1.408947643515492324e+06 -4.353776735639869585e+05 -1.244805308983982832e+05
2.216629945027316455e+06 1.806297353851539083e+06 5.995199659564637579e+06 8.228958435796379345e+05 1.444855608168307517e+05 4.513071305920768646e+05 -2.914766254456304596e+05 2.535317813815956179e+05 1.735443261590058974e+05 -9.390373277567105368e+06 -2.780700925222105347e+06 1.503777708958822070e+06 2.163258307051736629e+05 -5.122612485222632531e+05 1.780416483731503598e+06 9.831617544792412082e+05 -1.662358052635504282e+05 1.374093864668828901e+05
7.444623538474439410e+05 1.431103330242006574e+06 8.228958435796379345e+05 1.285549911385188811e+06 2.063882604743284464e+05 2.381225881685606146e+05 1.156271159393682865e+04 -3.520091998356668773e+04 4.409738364738492237e+04 -4.350812093159433454e+06 6.839549913086290471e+05 2.578509557094562042e+05 -1.756471867828569884e+04 5.245097990961025935e+05 6.453408315991840791e+05 -7.485211562207293173e+04 -2.960396921444397303e+05 -1.037497826683152925e+04
1.007519088574651396e+06 1.662866367371617816e+06 1.444855608168307517e+05 2.063882604743284464e+05 6.790958574050889583e+05 5.249289031405272544e+04 2.468930241469973407e+04 5.803186684342205263e+04 -3.910280975783614122e+04 4.980575240038790507e+05 6.315087253320042510e+05 -1.567834537955981912e+06 -8.353008430121027632e+05 -3.521102860978742683e+04 7.559817500277599902e+04 -3.327042844160774839e+05 -8.028771938439445512e+04 -1.102839194118598680e+05
4.934565743611864164e+05 1.331083850996943656e+06 4.513071305920768646e+05 2.381225881685606146e+05 5.249289031405272544e+04 4.348883992224317626e+05 5.568274225485887291e+04 2.147991446239164361e+04 2.726566838500259837e+04 -1.876297901916793082e+06 5.216364191044886829e+05 4.183078195748105645e+05 -2.010160058291839669e+05 2.032217840376191307e+05 7.489478970366441645e+05 4.010533832760839723e+05 1.962650889394326805e+04 5.107506735516186745e+04
-1.937101218770664884e+06 5.205695760268677841e+05 -2.914766254456304596e+05 1.156271159393682865e+04 2.468930241469973407e+04 5.568274225485887291e+04 4.589921813437535311e+05 6.639247344302744023e+04 3.569062277913800790e+04 -1.128921993496308103e+06 1.167507151493215468e+06 -2.641853173641799949e+06 -2.265463175010723353e+05 -6.222161922689343191e+04 -9.086368712159941788e+04 3.547573832541796728e+05 2.293886705955869984e+05 4.813734245916221698e+04
-6.600862152077605715e+05 1.738341225955330010e+05 2.535317813815956179e+05 -3.520091998356668773e+04 5.803186684342205263e+04 2.147991446239164361e+04 6.639247344302744023e+04 2.022910376816031931e+05 2.417934777430764370e+04 -7.797720786267217482e+05 -9.569979287306473125e+05 -9.860578842757637613e+05 -3.269134153056463110e+05 3.503228359490202820e+03 4.629480438752862392e+04 -1.240152289101097040e+03 3.886640124618581467e+04 -2.690206361550824658e+04
-2.704841502681291604e+04 -1.575150712569196185e+05 1.735443261590058974e+05 4.409738364738492237e+04 -3.910280975783614122e+04 2.726566838500259837e+04 3.569062277913800790e+04 2.417934777430764370e+04 6.945092199874232756e+04 -1.448124863099308917e+06 -2.726542953192844288e+05 -7.247230151715762986e+03 -3.875417665558915905e+04 -2.496240248969267122e+04 5.885583614635884260e+03 3.840338670727903809e+04 6.357281902649409312e+04 -7.179444091629047762e+03
2.147117922483032569e+07 -1.734980270473063365e+07 -9.390373277567105368e+06 -4.350812093159433454e+06 4.980575240038790507e+05 -1.876297901916793082e+06 -1.128921993496308103e+06 -7.797720786267217482e+05 -1.448124863099308917e+06 3.231256643990819454e+08 3.172992913423705846e+07 -6.256319782667853869e+06 -5.202687385661246255e+06 3.720221702727722004e+05 -1.148850496705107205e+07 -4.195688921958377585e+06 -8.830149161675678333e+05 4.170117404685340356e+06
2.295790742180048674e+07 1.888396959351208061e+07 -2.780700925222105347e+06 6.839549913086290471e+05 6.315087253320042510e+05 5.216364191044886829e+05 1.167507151493215468e+06 -9.569979287306473125e+05 -2.726542953192844288e+05 3.172992913423705846e+07 7.965367752354378998e+07 4.316587922215732746e+06 -1.763471926931104157e+06 2.207994299056737218e+06 1.884896370337685337e+06 2.668109103587886784e+06 -1.251879160454550991e+06 1.471401541948662605e+06
1.468381776465209015e+07 -8.128972003616786096e+05 1.503777708958822070e+06 2.578509557094562042e+05 -1.567834537955981912e+06 4.183078195748105645e+05 -2.641853173641799949e+06 -9.860578842757637613e+05 -7.247230151715762986e+03 -6.256319782667853869e+06 4.316587922215732746e+06 3.596072539057856798e+07 -3.891052515869628172e+06 1.890913576108247507e+06 9.406013753484232584e+05 -2.989525149237916805e+06 -3.452005691074486822e+06 -6.113053087061550468e+05
-2.384854792505698744e+06 -1.056716118277673610e+06 2.163258307051736629e+05 -1.756471867828569884e+04 -8.353008430121027632e+05 -2.010160058291839669e+05 -2.265463175010723353e+05 -3.269134153056463110e+05 -3.875417665558915905e+04 -5.202687385661246255e+06 -1.763471926931104157e+06 -3.891052515869628172e+06 1.156477914866016619e+07 1.577027526384756435e+06 1.390707255899703596e+06 2.435401648890301585e+06 9.783115313528989209e+05 9.727841185002150014e+05
-2.066305243500155164e+06 1.058795945860938169e+06 -5.122612485222632531e+05 5.245097990961025935e+05 -3.521102860978742683e+04 2.032217840376191307e+05 -6.222161922689343191e+04 3.503228359490202820e+03 -2.496240248969267122e+04 3.720221702727722004e+05 2.207994299056737218e+06 1.890913576108247507e+06 1.577027526384756435e+06 2.811162857728283852e+06 8.532670161440668162e+05 1.942684871005999448e+05 -5.417215864972088020e+05 3.920752301465212367e+05
2.854037639463536907e+06 2.505293751522201113e+06 1.780416483731503598e+06 6.453408315991840791e+05 7.559817500277599902e+04 7.489478970366441645e+05 -9.086368712159941788e+04 4.629480438752862392e+04 5.885583614635884260e+03 -1.148850496705107205e+07 1.884896370337685337e+06 9.406013753484232584e+05 1.390707255899703596e+06 8.532670161440668162e+05 3.515112393146099988e+06 1.254965359611772699e+06 -1.773639824978224060e+05 -9.445017411559660104e+04
3.487280694215407711e+05 1.408947643515492324e+06 9.831617544792412082e+05 -7.485211562207293173e+04 -3.327042844160774839e+05 4.010533832760839723e+05 3.547573832541796728e+05 -1.240152289101097040e+03 3.840338670727903809e+04 -4.195688921958377585e+06 2.668109103587886784e+06 -2.989525149237916805e+06 2.435401648890301585e+06 1.942684871005999448e+05 1.254965359611772699e+06 2.349888051928424276e+06 7.251078438445130596e+05 3.902031623189964448e+05
-1.753409868711279996e+05 -4.353776735639869585e+05 -1.662358052635504282e+05 -2.960396921444397303e+05 -8.028771938439445512e+04 1.962650889394326805e+04 2.293886705955869984e+05 3.886640124618581467e+04 6.357281902649409312e+04 -8.830149161675678333e+05 -1.251879160454550991e+06 -3.452005691074486822e+06 9.783115313528989209e+05 -5.417215864972088020e+05 -1.773639824978224060e+05 7.251078438445130596e+05 1.009458209363624686e+06 -7.682732587262214111e+03
-5.674492870067679323e+05 -1.244805308983982832e+05 1.374093864668828901e+05 -1.037497826683152925e+04 -1.102839194118598680e+05 5.107506735516186745e+04 4.813734245916221698e+04 -2.690206361550824658e+04 -7.179444091629047762e+03 4.170117404685340356e+06 1.471401541948662605e+06 -6.113053087061550468e+05 9.727841185002150014e+05 3.920752301465212367e+05 -9.445017411559660104e+04 3.902031623189964448e+05 -7.682732587262214111e+03 5.561814574463500176e+05
