# lambda=0.18366481026441145
4.089324933255346864e+07 -1.296417816473761341e+06 -4.147670717100976035e+06 -1.216490218337155180e+06 6.397007615839213831e+05 1.097910349308646051e+06 -1.316039959857248003e+06 2.782238235292441677e+05 6.998497935337919625e+04 1.184808226966688968e+07 -2.261724578545008600e+07 -5.294254277016066946e+06 -5.517630209755898453e+06 1.134289742943802150e+06 2.848547986000571866e+06 1.473621550358568318e+06 2.911669981789114419e+06 -2.258041911995844275e+05
-1.296417816473761341e+06 1.450145051611970365e+07 8.065053215433256701e+05 1.373491714166112710e+06 -1.010219071086078911e+05 -4.208557964636970428e+05 -9.710345119216201419e+04 -5.508170314664076432e+04 3.135589114475282258e+05 1.079734175298951752e+07 9.481457324331205338e+06 2.397892216670492664e+06 2.413154837293384131e+06 9.571567302499369252e+05 -6.941657121681376593e+05 -8.736903875000177650e+05 -6.199455413445617305e+05 6.516575585644332459e+05
-4.147670717100976035e+06 8.065053215433256701e+05 4.972695238382564858e+06 1.125718592949059792e+06 1.122316561438141944e+05 -1.014163316831603297e+05 6.457761170860873972e+04 8.303215972911087738e+04 1.733318230225881562e+05 -9.986937724706843495e+06 5.914976463772056624e+06 3.100535516743929591e+06 8.713983981832767604e+05 1.568950687638956006e+05 3.863837591024098801e+05 -3.560848204261055798e+05 -1.130957378787978087e+06 4.676341567410989956e+04
-1.216490218337155180e+06 1.373491714166112710e+06 1.125718592949059792e+06 2.184207545329569839e+06 -2.937518594746143208e+05 -2.437136371583364598e+04 5.801906086026652338e+04 1.092790426428653882e+05 -4.854076528586068162e+04 -5.509748023741815239e+06 3.602967788959704340e+06 1.696988641061509261e+05 2.413396675009888597e+06 4.518217649977639085e+05 -1.001958509813426062e+05 -2.177357683815798082e+05 1.623756278268050228e+05 1.362372928152969980e+05
6.397007615839213831e+05 -1.010219071086078911e+05 1.122316561438141944e+05 -2.937518594746143208e+05 8.727939160394706996e+05 1.448627953903146845e+05 3.773404300455132034e+04 -5.045099880024101003e+04 6.399006736227199326e+03 7.361638719959557056e+05 -1.087825675566905411e+06 -4.764678967179254396e+05 -6.118637888277822640e+05 7.538033972143604187e+05 2.112466712335431293e+04 4.495519812229796662e+05 1.856607251683216600e+05 -1.350106806007192936e+05
1.097910349308646051e+06 -4.208557964636970428e+05 -1.014163316831603297e+05 -2.437136371583364598e+04 1.448627953903146845e+05 6.522553217060784809e+05 1.303404296114402823e+05 -7.512313696490977600e+04 -4.871114991947019007e+04 -2.102903052582833916e+06 -1.453320467438369989e+06 -8.293849131480694050e+05 -9.197018063600012101e+05 -1.886697682316635328e+05 3.710322879110896029e+05 2.638108299566713395e+05 -8.972967728623512085e+04 -1.659223314399397350e+05
-1.316039959857248003e+06 -9.710345119216201419e+04 6.457761170860873972e+04 5.801906086026652338e+04 3.773404300455132034e+04 1.303404296114402823e+05 1.896851047213182028e+05 -5.200533410984051443e+04 -2.908103115431049810e+04 -2.413435839185977355e+06 4.158151128073334112e+05 -2.781179353974896949e+05 -2.626767117218177300e+05 -4.004420705962238135e+05 -2.734331383916886625e+04 -3.368444454615405266e+04 -1.102328876695751242e+05 -2.012119509685434605e+04
2.782238235292441677e+05 -5.508170314664076432e+04 8.303215972911087738e+04 1.092790426428653882e+05 -5.045099880024101003e+04 -7.512313696490977600e+04 -5.200533410984051443e+04 7.991702549976094451e+04 1.203215006258202629e+04 -4.222416747803541948e+05 3.647294878268108005e+05 6.955781838975036517e+05 3.305979794102513115e+05 2.433307300370543671e+05 -8.453936213082625181e+04 -6.123179079976976209e+04 -6.452759047343505472e+02 7.311429232206869347e+04
6.998497935337919625e+04 3.135589114475282258e+05 1.733318230225881562e+05 -4.854076528586068162e+04 6.399006736227199326e+03 -4.871114991947019007e+04 -2.908103115431049810e+04 1.203215006258202629e+04 8.598860653133875167e+04 3.396448093340258347e+05 5.961084119974942878e+05 4.976952261644879763e+04 3.137042023491368673e+04 4.407829579085412843e+04 4.760788400440829719e+04 -4.560702155207897158e+04 -6.686594016082618327e+04 7.673751068012983887e+04
1.184808226966688968e+07 1.079734175298951752e+07 -9.986937724706843495e+06 -5.509748023741815239e+06 7.361638719959557056e+05 -2.102903052582833916e+06 -2.413435839185977355e+06 -4.222416747803541948e+05 3.396448093340258347e+05 1.607158822316113710e+08 -2.344221424026698992e+07 -1.865469218216717988e+07 5.881042394529391080e+06 2.373708530707186554e+06 -3.101185815706994850e+06 3.204580488356489222e+06 3.609043267637007870e+06 1.382701448725006543e+06
-2.261724578545008600e+07 9.481457324331205338e+06 5.914976463772056624e+06 3.602967788959704340e+06 -1.087825675566905411e+06 -1.453320467438369989e+06 4.158151128073334112e+05 3.647294878268108005e+05 5.961084119974942878e+05 -2.344221424026698992e+07 5.708997593117394298e+07 1.528933067870219611e+07 5.161671736426897347e+06 1.334044445974782342e+06 -2.458185217664012685e+06 -2.683683165946512017e+06 -4.352772742028892040e+06 2.061133781757469289e+06
-5.294254277016066946e+06 2.397892216670492664e+06 3.100535516743929591e+06 1.696988641061509261e+05 -4.764678967179254396e+05 -8.293849131480694050e+05 -2.781179353974896949e+05 6.955781838975036517e+05 4.976952261644879763e+04 -1.865469218216717988e+07 1.528933067870219611e+07 2.454076296972024441e+07 3.361068714533295715e+05 1.355849003783201566e+06 -5.830803739952574251e+05 -1.313941744748905068e+06 -2.790565738039231859e+06 9.006972818647952517e+05
-5.517630209755898453e+06 2.413154837293384131e+06 8.713983981832767604e+05 2.413396675009888597e+06 -6.118637888277822640e+05 -9.197018063600012101e+05 -2.626767117218177300e+05 3.305979794102513115e+05 3.137042023491368673e+04 5.881042394529391080e+06 5.161671736426897347e+06 3.361068714533295715e+05 1.260107638654497266e+07 2.049718094056796515e+06 -1.414031760409856914e+06 -1.059378752543259179e+06 5.139628326076003723e+05 3.704548313582528499e+05
1.134289742943802150e+06 9.571567302499369252e+05 1.568950687638956006e+05 4.518217649977639085e+05 7.538033972143604187e+05 -1.886697682316635328e+05 -4.004420705962238135e+05 2.433307300370543671e+05 4.407829579085412843e+04 2.373708530707186554e+06 1.334044445974782342e+06 1.355849003783201566e+06 2.049718094056796515e+06 4.035092652256042231e+06 -2.267099058696789725e+05 3.059860055135631701e+05 9.295225233220970258e+05 -1.565395982295119211e+04
2.848547986000571866e+06 -6.941657121681376593e+05 3.863837591024098801e+05 -1.001958509813426062e+05 2.112466712335431293e+04 3.710322879110896029e+05 -2.734331383916886625e+04 -8.453936213082625181e+04 4.760788400440829719e+04 -3.101185815706994850e+06 -2.458185217664012685e+06 -5.830803739952574251e+05 -1.414031760409856914e+06 -2.267099058696789725e+05 1.733043318403801648e+06 2.048222473391455715e+05 1.479221288023027773e+04 -4.770050795603251900e+05
1.473621550358568318e+06 -8.736903875000177650e+05 -3.560848204261055798e+05 -2.177357683815798082e+05 4.495519812229796662e+05 2.638108299566713395e+05 -3.368444454615405266e+04 -6.123179079976976209e+04 -4.560702155207897158e+04 3.204580488356489222e+06 -2.683683165946512017e+06 -1.313941744748905068e+06 -1.059378752543259179e+06 3.059860055135631701e+05 2.048222473391455715e+05 6.695166359516696539e+05 3.214294792732104543e+05 -2.394627229215965199e+05
2.911669981789114419e+06 -6.199455413445617305e+05 -1.130957378787978087e+06 1.623756278268050228e+05 1.856607251683216600e+05 -8.972967728623512085e+04 -1.102328876695751242e+05 -6.452759047343505472e+02 -6.686594016082618327e+04 3.609043267637007870e+06 -4.352772742028892040e+06 -2.790565738039231859e+06 5.139628326076003723e+05 9.295225233220970258e+05 1.479221288023027773e+04 3.214294792732104543e+05 1.258372284410468303e+06 -1.724816046808240062e+05
-2.258041911995844275e+05 6.516575585644332459e+05 4.676341567410989956e+04 1.362372928152969980e+05 -1.350106806007192936e+05 -1.659223314399397350e+05 -2.012119509685434605e+04 7.311429232206869347e+04 7.673751068012983887e+04 1.382701448725006543e+06 2.061133781757469289e+06 9.006972818647952517e+05 3.704548313582528499e+05 -1.565395982295119211e+04 -4.770050795603251900e+05 -2.394627229215965199e+05 -1.724816046808240062e+05 5.967703052062862553e+05
