# lambda=0.13659227665565196
4.100973224247489870e+07 3.186649780998282135e+06 -1.261928654663107125e+06 1.478951210826316383e+06 8.729320320964182029e+05 -1.960354445279106149e+05 7.916811603213053895e+05 -2.828050682673949632e+05 6.082094911117292941e+05 5.081150694738965482e+07 1.107722148539863713e+07 -1.452701338061267044e+06 -5.577608457414227538e+06 -3.022944496234760154e+06 -4.709642239349119365e+06 -2.579304874035376124e+06 2.610679990780481603e+06 3.085959078107267269e+05
3.186649780998282135e+06 1.692886275220040977e+07 2.197151396132397931e+06 2.484690799188902602e+06 2.064062963168423739e+05 8.791312950722259702e+05 -2.865680253419260844e+05 -2.304546991088679060e+05 7.996880480932905630e+04 -1.535211788883484714e+07 5.080928658903649077e+06 -5.155684829857022502e+06 1.926460696095093852e+06 2.119134907479926478e+06 4.729916105183056789e+05 6.119241246155798435e+05 1.949982190713757300e+05 -1.097027932958524209e+06
-1.261928654663107125e+06 2.197151396132397931e+06 2.095383951334319543e+06 1.037715180769419647e+06 7.982938571864424739e+05 3.744662631707012770e+05 8.195938049127439444e+04 1.875927511054679926e+05 2.294852674509510325e+04 -7.275752987921406515e+06 4.817070836588438251e+05 1.947692516144070076e+06 1.724546974399039987e+06 1.475049303022735985e+06 1.284588410756879166e+05 6.330494548139346298e+05 3.203938394190579420e+05 -3.276143714212487685e+05
1.478951210826316383e+06 2.484690799188902602e+06 1.037715180769419647e+06 2.215404934675653931e+06 6.707368913517775945e+05 2.721470586030732957e+05 1.026381971450400015e+05 1.536474500107565545e+05 1.561865719930157647e+05 -2.055393276848943206e+06 2.235621146892351564e+06 1.715647383662493434e+06 2.133094610813422129e+06 1.536200929785583168e+06 -7.303339047110313550e+05 -3.469426298822253593e+05 3.741721442921669222e+05 -1.014804430903383618e+05
8.729320320964182029e+05 2.064062963168423739e+05 7.982938571864424739e+05 6.707368913517775945e+05 8.037210376271792920e+05 2.949991432736093411e+05 1.510937948550992587e+05 5.934694274695197964e+04 -1.379371006228669103e+03 5.685781052424906520e+05 -2.321535878040232346e+05 1.846953490157237044e+06 1.012442266073873034e+06 6.904362765655405819e+05 -3.749545634259736398e+05 6.824964356507838238e+04 3.938726735740337754e+05 -2.120283587450507330e+05
-1.960354445279106149e+05 8.791312950722259702e+05 3.744662631707012770e+05 2.721470586030732957e+05 2.949991432736093411e+05 4.505078805023151799e+05 8.124400585350823530e+04 -1.430878532857268146e+04 -4.670746652693291981e+04 7.840442745939000815e+03 9.698644260687311180e+04 1.584915556954999454e+06 7.300646774748922326e+05 4.493697361499157851e+05 1.325599046744155348e+05 1.296334979568326817e+05 1.652833363457884698e+05 -4.923445763370034547e+04
7.916811603213053895e+05 -2.865680253419260844e+05 8.195938049127439444e+04 1.026381971450400015e+05 1.510937948550992587e+05 8.124400585350823530e+04 2.021730475884431216e+05 1.051357782994513946e+04 1.134941938142711842e+04 1.763331139601887669e+06 3.693429263466504199e+04 5.850458659960931400e+05 -5.208855753073595697e+05 7.103388471204224334e+04 -5.120231321233327617e+04 1.288064992310593698e+04 -5.952900596358434996e+03 -7.310385666041643708e+04
-2.828050682673949632e+05 -2.304546991088679060e+05 1.875927511054679926e+05 1.536474500107565545e+05 5.934694274695197964e+04 -1.430878532857268146e+04 1.051357782994513946e+04 1.145804421521273907e+05 -6.831863222387018141e+03 -1.817821236045351252e+06 -1.534886280640960613e+05 1.967379286749034654e+05 6.231349430181025673e+04 7.227800680868072959e+04 2.482400117914933435e+04 -5.898215118133345095e+04 3.851629223855521559e+04 -2.109360741514127585e+04
6.082094911117292941e+05 7.996880480932905630e+04 2.294852674509510325e+04 1.561865719930157647e+05 -1.379371006228669103e+03 -4.670746652693291981e+04 1.134941938142711842e+04 -6.831863222387018141e+03 1.009833702294952236e+05 1.656354441472516395e+06 6.868066945553686237e+05 3.233762898668398848e+05 -3.511175096655908856e+05 -2.207298679688081847e+03 1.326542062127485951e+04 1.993380228641122130e+03 5.419952202886676241e+04 1.248772841803597403e+05
5.081150694738965482e+07 -1.535211788883484714e+07 -7.275752987921406515e+06 -2.055393276848943206e+06 5.685781052424906520e+05 7.840442745939000815e+03 1.763331139601887669e+06 -1.817821236045351252e+06 1.656354441472516395e+06 2.687514982203796506e+08 9.720742351363403723e+06 7.304490170260596089e+06 -2.109909138265606388e+07 -1.215728758319629356e+07 -1.300382639299678616e+07 -5.066211479541497305e+06 3.854739174203450326e+06 5.219239593504756689e+06
1.107722148539863713e+07 5.080928658903649077e+06 4.817070836588438251e+05 2.235621146892351564e+06 -2.321535878040232346e+05 9.698644260687311180e+04 3.693429263466504199e+04 -1.534886280640960613e+05 6.868066945553686237e+05 9.720742351363403723e+06 4.576547533406199515e+07 -1.129858758516861498e+07 -4.513020325915357098e+06 -2.340626316328835208e+06 2.533911216686706059e+06 6.368376224377236795e+05 3.437780782669034787e+06 2.224035322943686508e+06
-1.452701338061267044e+06 -5.155684829857022502e+06 1.947692516144070076e+06 1.715647383662493434e+06 1.846953490157237044e+06 1.584915556954999454e+06 5.850458659960931400e+05 1.967379286749034654e+05 3.233762898668398848e+05 7.304490170260596089e+06 -1.129858758516861498e+07 2.924439725483741239e+07 7.181926895004684106e+06 3.445161583716446999e+06 -9.314093380409858655e+05 1.195083639721324435e+06 -1.069843607599045499e+05 2.663643025850998238e+05
-5.577608457414227538e+06 1.926460696095093852e+06 1.724546974399039987e+06 2.133094610813422129e+06 1.012442266073873034e+06 7.300646774748922326e+05 -5.208855753073595697e+05 6.231349430181025673e+04 -3.511175096655908856e+05 -2.109909138265606388e+07 -4.513020325915357098e+06 7.181926895004684106e+06 1.265589735805673152e+07 4.408898034531256184e+06 -1.945565220059794374e+06 -3.972040624997537816e+04 1.487025088633758423e+05 -6.693303866741760867e+05
-3.022944496234760154e+06 2.119134907479926478e+06 1.475049303022735985e+06 1.536200929785583168e+06 6.904362765655405819e+05 4.493697361499157851e+05 7.103388471204224334e+04 7.227800680868072959e+04 -2.207298679688081847e+03 -1.215728758319629356e+07 -2.340626316328835208e+06 3.445161583716446999e+06 4.408898034531256184e+06 4.234469091329817660e+06 8.720372526321580153e+03 3.278603254579853965e+05 2.157495334809203050e+05 7.389363787182219676e+04
-4.709642239349119365e+06 4.729916105183056789e+05 1.284588410756879166e+05 -7.303339047110313550e+05 -3.749545634259736398e+05 1.325599046744155348e+05 -5.120231321233327617e+04 2.482400117914933435e+04 1.326542062127485951e+04 -1.300382639299678616e+07 2.533911216686706059e+06 -9.314093380409858655e+05 -1.945565220059794374e+06 8.720372526321580153e+03 3.053682014284622390e+06 1.040892081512584933e+06 -1.631541423714639677e+05 1.883816188589865342e+05
-2.579304874035376124e+06 6.119241246155798435e+05 6.330494548139346298e+05 -3.469426298822253593e+05 6.824964356507838238e+04 1.296334979568326817e+05 1.288064992310593698e+04 -5.898215118133345095e+04 1.993380228641122130e+03 -5.066211479541497305e+06 6.368376224377236795e+05 1.195083639721324435e+06 -3.972040624997537816e+04 3.278603254579853965e+05 1.040892081512584933e+06 9.924005789591711946e+05 -1.030925679156975093e+05 -1.093773007623993617e+05
2.610679990780481603e+06 1.949982190713757300e+05 3.203938394190579420e+05 3.741721442921669222e+05 3.938726735740337754e+05 1.652833363457884698e+05 -5.952900596358434996e+03 3.851629223855521559e+04 5.419952202886676241e+04 3.854739174203450326e+06 3.437780782669034787e+06 -1.069843607599045499e+05 1.487025088633758423e+05 2.157495334809203050e+05 -1.631541423714639677e+05 -1.030925679156975093e+05 8.740394439482731977e+05 3.111557820329961251e+05
3.085959078107267269e+05 -1.097027932958524209e+06 -3.276143714212487685e+05 -1.014804430903383618e+05 -2.120283587450507330e+05 -4.923445763370034547e+04 -7.310385666041643708e+04 -2.109360741514127585e+04 1.248772841803597403e+05 5.219239593504756689e+06 2.224035322943686508e+06 2.663643025850998238e+05 -6.693303866741760867e+05 7.389363787182219676e+04 1.883816188589865342e+05 -1.093773007623993617e+05 3.111557820329961251e+05 7.466175278567476198e+05
