# lambda=0.1600665722630367
5.469937383357058465e+07 6.599886163211736828e+06 1.643960540843765251e+06 3.750073562907347456e+06 2.237168768218000885e+06 1.901994497066929704e+06 8.771400662710393080e+05 1.193730577200886095e+06 2.711987371923456085e+05 4.834583718683318794e+07 1.870118187477062270e+07 3.513587885810462758e+06 -3.471094321869633131e+04 -2.288384440784175880e+06 -2.015980512091472978e+06 3.850283602512729820e+06 1.204225761707513127e+06 -7.484911595030177850e+05
6.599886163211736828e+06 1.343634371027682163e+07 3.064682358812150545e+06 7.364489314126314130e+05 -6.550437280994366156e+05 -3.121190628076888970e+05 2.210426961834235408e+05 2.180844563274668762e+05 3.865828401895394782e+05 1.997957196133526042e+07 6.949314048266019672e+06 7.082368488404426724e+06 4.485868728936060332e+06 -4.005080300131537369e+05 1.823908305592794204e+06 -2.144651376888607338e+05 -1.321172868342291331e+05 6.600148438228507293e+05
1.643960540843765251e+06 3.064682358812150545e+06 3.800325350837630685e+06 4.390730791828505462e+05 -1.253850188778450392e+05 2.075592984198059421e+05 1.917205502023076406e+05 -8.291233785809035180e+04 -3.306318130766339891e+04 1.025207512696642242e+07 2.324571466772518586e+06 4.512987834978538565e+06 1.511229119274557102e+06 -6.576403381144913146e+05 -3.490262377783080447e+05 -6.309326546353045851e+05 -2.631138483434440423e+04 -3.694322024465282084e+03
3.750073562907347456e+06 7.364489314126314130e+05 4.390730791828505462e+05 1.470396310904160608e+06 8.022729628657636931e+04 2.107512668829105678e+05 1.121208805711408495e+05 -9.922974952146012583e+03 1.004430292116851342e+05 3.347006168871351518e+06 4.947635411770964041e+06 9.352157275568096666e+05 6.109699190189348155e+04 1.208830269875981903e+05 1.486975087174678629e+05 4.816187775912631187e+05 2.031473997092659993e+05 -1.272404988632844907e+05
2.237168768218000885e+06 -6.550437280994366156e+05 -1.253850188778450392e+05 8.022729628657636931e+04 8.913442979859617772e+05 3.816330225272100070e+05 -1.027175267431661450e+04 8.078383400243204960e+04 -2.783514980298746195e+02 3.979420605183409061e+06 1.052642895299630705e+06 -2.874936301394301699e+05 5.223778432345189503e+05 9.886547531264723511e+05 3.401947858518209541e+05 1.733965434140373545e+05 -9.639057942753628595e+04 3.108595442799801731e+03
1.901994497066929704e+06 -3.121190628076888970e+05 2.075592984198059421e+05 2.107512668829105678e+05 3.816330225272100070e+05 6.561734353844835423e+05 2.628405232662613853e+05 7.775107726594261476e+04 -4.293615524321087287e+04 4.294019510043847375e+06 8.390233444106059615e+05 -7.535466912948972313e+05 6.826050797445916105e+05 3.975491346713936073e+05 3.683380709833091823e+05 5.252841273001507943e+04 2.069947044481715784e+04 -2.917036040369576585e+04
8.771400662710393080e+05 2.210426961834235408e+05 1.917205502023076406e+05 1.121208805711408495e+05 -1.027175267431661450e+04 2.628405232662613853e+05 4.281364936600091169e+05 9.236652897925103025e+04 -3.670322822751956846e+04 5.084746260294969194e+06 9.030592260661957553e+05 4.052409484734698199e+05 1.064732887382018234e+05 5.757809551893889438e+05 4.784443647349470411e+05 1.334960534400916949e+05 1.008780835631553346e+05 -6.560324984507264162e+04
1.193730577200886095e+06 2.180844563274668762e+05 -8.291233785809035180e+04 -9.922974952146012583e+03 8.078383400243204960e+04 7.775107726594261476e+04 9.236652897925103025e+04 1.752139908748924499e+05 2.717101793226359950e+04 8.097176002145794919e+05 -6.916616113340308657e+05 -8.709765721365304489e+04 6.712435040180660144e+04 2.971775124833413865e+05 1.735460810266725312e+05 1.259305023592777434e+05 1.605842916944432945e+05 3.351043450938488968e+04
2.711987371923456085e+05 3.865828401895394782e+05 -3.306318130766339891e+04 1.004430292116851342e+05 -2.783514980298746195e+02 -4.293615524321087287e+04 -3.670322822751956846e+04 2.717101793226359950e+04 6.825754346917357179e+04 1.025544563003879739e+06 2.882726889962802525e+05 1.164335690689062321e+05 2.095206582259520655e+04 -1.114179587662691629e+05 -5.691989553435282141e+04 -4.705528468475521368e+04 1.368928375317195423e+04 3.622853255796572194e+04
4.834583718683318794e+07 1.997957196133526042e+07 1.025207512696642242e+07 3.347006168871351518e+06 3.979420605183409061e+06 4.294019510043847375e+06 5.084746260294969194e+06 8.097176002145794919e+05 1.025544563003879739e+06 2.531784001349376738e+08 4.110377850694122165e+07 1.991145334773611277e+07 4.948942933728400618e+06 -3.037854389902583207e+05 1.707436734758451115e+06 -2.133028860083288455e+05 -1.124334489746702457e+05 3.450572733410936198e+05
1.870118187477062270e+07 6.949314048266019672e+06 2.324571466772518586e+06 4.947635411770964041e+06 1.052642895299630705e+06 8.390233444106059615e+05 9.030592260661957553e+05 -6.916616113340308657e+05 2.882726889962802525e+05 4.110377850694122165e+07 5.766518150584920496e+07 1.183093706788101792e+07 5.787690905640937388e+06 1.200867973530083429e+06 2.064721649676405592e+06 2.854177828518643510e+06 -1.937502153591190698e+06 -1.001179211202244158e+06
3.513587885810462758e+06 7.082368488404426724e+06 4.512987834978538565e+06 9.352157275568096666e+05 -2.874936301394301699e+05 -7.535466912948972313e+05 4.052409484734698199e+05 -8.709765721365304489e+04 1.164335690689062321e+05 1.991145334773611277e+07 1.183093706788101792e+07 3.816024805204388499e+07 1.114221552158837579e+07 -5.119390121673581307e+05 1.398166556450677104e+06 -2.667635238839316662e+04 -5.852739274878903525e+05 8.588362510522709927e+05
-3.471094321869633131e+04 4.485868728936060332e+06 1.511229119274557102e+06 6.109699190189348155e+04 5.223778432345189503e+05 6.826050797445916105e+05 1.064732887382018234e+05 6.712435040180660144e+04 2.095206582259520655e+04 4.948942933728400618e+06 5.787690905640937388e+06 1.114221552158837579e+07 8.683597624564265832e+06 7.057829404438512865e+05 1.975466486762911780e+06 -1.685481390368544089e+05 -3.958347679179775878e+05 8.333738988505312009e+05
-2.288384440784175880e+06 -4.005080300131537369e+05 -6.576403381144913146e+05 1.208830269875981903e+05 9.886547531264723511e+05 3.975491346713936073e+05 5.757809551893889438e+05 2.971775124833413865e+05 -1.114179587662691629e+05 -3.037854389902583207e+05 1.200867973530083429e+06 -5.119390121673581307e+05 7.057829404438512865e+05 5.827604939225844108e+06 3.575590472574447282e+06 4.247634164467964438e+05 4.889255955204556085e+04 7.793944277575649903e+04
-2.015980512091472978e+06 1.823908305592794204e+06 -3.490262377783080447e+05 1.486975087174678629e+05 3.401947858518209541e+05 3.683380709833091823e+05 4.784443647349470411e+05 1.735460810266725312e+05 -5.691989553435282141e+04 1.707436734758451115e+06 2.064721649676405592e+06 1.398166556450677104e+06 1.975466486762911780e+06 3.575590472574447282e+06 3.568873476089264732e+06 5.790118208685556892e+05 -1.757325200771060481e+05 1.196022121585411369e+05
3.850283602512729820e+06 -2.144651376888607338e+05 -6.309326546353045851e+05 4.816187775912631187e+05 1.733965434140373545e+05 5.252841273001507943e+04 1.334960534400916949e+05 1.259305023592777434e+05 -4.705528468475521368e+04 -2.133028860083288455e+05 2.854177828518643510e+06 -2.667635238839316662e+04 -1.685481390368544089e+05 4.247634164467964438e+05 5.790118208685556892e+05 1.501098670900788158e+06 1.328012045063830737e+05 -2.549586984762075008e+05
1.204225761707513127e+06 -1.321172868342291331e+05 -2.631138483434440423e+04 2.031473997092659993e+05 -9.639057942753628595e+04 2.069947044481715784e+04 1.008780835631553346e+05 1.605842916944432945e+05 1.368928375317195423e+04 -1.124334489746702457e+05 -1.937502153591190698e+06 -5.852739274878903525e+05 -3.958347679179775878e+05 4.889255955204556085e+04 -1.757325200771060481e+05 1.328012045063830737e+05 4.692606933242409141e+05 2.201039164247790541e+04
-7.484911595030177850e+05 6.600148438228507293e+05 -3.694322024465282084e+03 -1.272404988632844907e+05 3.108595442799801731e+03 -2.917036040369576585e+04 -6.560324984507264162e+04 3.351043450938488968e+04 3.622853255796572194e+04 3.450572733410936198e+05 -1.001179211202244158e+06 8.588362510522709927e+05 8.333738988505312009e+05 7.793944277575649903e+04 1.196022121585411369e+05 -2.549586984762075008e+05 2.201039164247790541e+04 4.217695688837571070e+05
