# lambda=0.17259108043037447
4.209888772362626344e+07 7.456783599093603902e+06 -8.026445521440798184e+05 1.013262276265583816e+06 -1.145595785700983368e+06 5.724554656875586370e+05 7.172483256889590994e+05 -4.287036504977096920e+05 -1.638270949752294982e+05 6.180846631688222289e+06 1.739711612455451861e+07 8.641203027786079794e+06 1.472263028070261236e+06 -2.847295105258353869e+05 -1.695406323189079762e+06 -4.525398409490431368e+04 1.316344189472247148e+06 -1.312431648519093636e+06
7.456783599093603902e+06 1.926786055322759971e+07 1.096137399244727567e+06 -6.799310042438441887e+05 9.222648526767450385e+05 -2.849577235332409618e+05 2.839295499096566346e+05 2.741711996329693939e+05 2.840181149782691500e+05 -3.371447419861405622e+06 3.476241956680838019e+06 7.310734207155888900e+06 -2.619426608724302612e+06 -3.196202011818141327e+05 -2.423746150573704392e+06 6.897463549425074598e+05 7.364252950914242538e+05 2.354052103810173503e+04
-8.026445521440798184e+05 1.096137399244727567e+06 3.381980398602110334e+06 1.195466656655422878e+06 1.755106568543841131e+05 -4.136175073928644269e+04 7.008113176673642010e+04 3.220255323861852594e+04 -1.424722240024331259e+05 4.597645795734654530e+05 -2.950649686391958967e+05 8.453143248372508679e+05 2.914669422444891650e+06 1.500530455178852659e+06 7.817414470678996295e+05 2.596981446550590044e+05 -2.487685731668300868e+05 2.401726765265849826e+05
1.013262276265583816e+06 -6.799310042438441887e+05 1.195466656655422878e+06 1.764282616453423863e+06 3.561204309833651641e+05 -9.177077990250881703e+04 -2.550916319906112767e+04 -1.409364498488746758e+05 -2.136396008045262133e+05 -8.495695836598420283e+05 -2.513883074609125906e+05 -2.055728612353224016e+05 1.003154987020542729e+06 1.408813820732904365e+06 1.108104899839590769e+06 -5.037712027430282324e+05 -7.097673254759140546e+05 -2.210208634775122628e+05
-1.145595785700983368e+06 9.222648526767450385e+05 1.755106568543841131e+05 3.561204309833651641e+05 7.561101387800693046e+05 3.632067798073372251e+04 -8.923396163229877129e+04 -3.945855202425055904e+04 -1.024547649934874426e+04 -7.465683327565480722e+05 7.356358326727451058e+05 -2.398222394488495192e+05 4.468876429096592474e+05 5.947607888997518457e+05 1.770779612084468245e+05 -3.097821283645736403e+05 -1.810457268328616628e+05 1.119945649407910387e+05
5.724554656875586370e+05 -2.849577235332409618e+05 -4.136175073928644269e+04 -9.177077990250881703e+04 3.632067798073372251e+04 2.982826295232688426e+05 -3.305867728843375630e+01 5.330700359912058775e+04 -1.390226128905888072e+04 -1.765482656884166645e+06 1.477253765590539901e+06 -1.046798532708765590e+06 8.158293641066526470e+04 -4.178511631242872681e+04 2.631575654977264930e+05 -4.143514972962863976e+04 3.017640292497593327e+05 6.840977369370899396e+04
7.172483256889590994e+05 2.839295499096566346e+05 7.008113176673642010e+04 -2.550916319906112767e+04 -8.923396163229877129e+04 -3.305867728843375630e+01 2.191118642157247232e+05 -3.627201463971474732e+04 4.567446435251295043e+04 -7.007248751911895815e+05 -9.246654153669924708e+05 -6.915589077290182468e+05 2.004479273463051650e+05 1.626739749589920575e+04 -1.661141164446034236e+04 6.607567963873635745e+04 -6.784193567114508187e+04 -2.296008071646744793e+04
-4.287036504977096920e+05 2.741711996329693939e+05 3.220255323861852594e+04 -1.409364498488746758e+05 -3.945855202425055904e+04 5.330700359912058775e+04 -3.627201463971474732e+04 2.163383600548349204e+05 7.466523271295499580e+04 -1.964067503483037464e+06 9.741390686564212665e+05 3.218535764176388620e+05 -2.548072113326666004e+05 1.688621847663693916e+04 -6.525338657220033201e+04 2.536921988005063758e+04 2.313831456874759751e+05 9.592391020593192661e+04
-1.638270949752294982e+05 2.840181149782691500e+05 -1.424722240024331259e+05 -2.136396008045262133e+05 -1.024547649934874426e+04 -1.390226128905888072e+04 4.567446435251295043e+04 7.466523271295499580e+04 1.040136984391535225e+05 -1.216934543590357993e+06 -4.887887222523035598e+04 -4.359044405124137120e+04 -4.415635483540751011e+04 -4.552283837687291816e+04 -2.016395245623203227e+05 -1.799235942474629701e+04 8.771181063790520420e+04 6.386677333979239484e+04
6.180846631688222289e+06 -3.371447419861405622e+06 4.597645795734654530e+05 -8.495695836598420283e+05 -7.465683327565480722e+05 -1.765482656884166645e+06 -7.007248751911895815e+05 -1.964067503483037464e+06 -1.216934543590357993e+06 1.564360996582099497e+08 -2.433073471679069474e+07 8.160220626321924850e+06 2.094912553012321296e+05 -4.932598760572616942e+06 -1.004384898775926232e+07 7.459415744194427505e+06 -2.552755469129498582e+06 -1.020867459422452957e+06
1.739711612455451861e+07 3.476241956680838019e+06 -2.950649686391958967e+05 -2.513883074609125906e+05 7.356358326727451058e+05 1.477253765590539901e+06 -9.246654153669924708e+05 9.741390686564212665e+05 -4.887887222523035598e+04 -2.433073471679069474e+07 5.573160598021577299e+07 1.595559664883821271e+07 -4.099875350768346339e+06 9.021998530727702891e+05 6.199130446773256408e+05 -2.174532267252746038e+06 2.148457005289868917e+06 1.439338782436979935e+06
8.641203027786079794e+06 7.310734207155888900e+06 8.453143248372508679e+05 -2.055728612353224016e+05 -2.398222394488495192e+05 -1.046798532708765590e+06 -6.915589077290182468e+05 3.218535764176388620e+05 -4.359044405124137120e+04 8.160220626321924850e+06 1.595559664883821271e+07 2.430336200488148257e+07 -2.333206755836236291e+06 6.747401686523717945e+04 -2.942005548911557999e+06 7.351299233181434684e+05 3.032909705642293557e+05 1.056718262849648308e+05
1.472263028070261236e+06 -2.619426608724302612e+06 2.914669422444891650e+06 1.003154987020542729e+06 4.468876429096592474e+05 8.158293641066526470e+04 2.004479273463051650e+05 -2.548072113326666004e+05 -4.415635483540751011e+04 2.094912553012321296e+05 -4.099875350768346339e+06 -2.333206755836236291e+06 1.148034803941596299e+07 3.524986699804037344e+06 1.692800200458980398e+06 -7.468623772783168533e+04 2.843567511875983910e+05 1.803236489394949458e+05
-2.847295105258353869e+05 -3.196202011818141327e+05 1.500530455178852659e+06 1.408813820732904365e+06 5.947607888997518457e+05 -4.178511631242872681e+04 1.626739749589920575e+04 1.688621847663693916e+04 -4.552283837687291816e+04 -4.932598760572616942e+06 9.021998530727702891e+05 6.747401686523717945e+04 3.524986699804037344e+06 4.062068913292272016e+06 1.665683024612296373e+06 -7.517748696624041768e+05 -3.894480845863594441e+05 -3.809086783470809460e+05
-1.695406323189079762e+06 -2.423746150573704392e+06 7.817414470678996295e+05 1.108104899839590769e+06 1.770779612084468245e+05 2.631575654977264930e+05 -1.661141164446034236e+04 -6.525338657220033201e+04 -2.016395245623203227e+05 -1.004384898775926232e+07 6.199130446773256408e+05 -2.942005548911557999e+06 1.692800200458980398e+06 1.665683024612296373e+06 2.685374846240655519e+06 -3.924464956128559425e+05 -4.206335137227806263e+05 -1.684912511913163471e+05
-4.525398409490431368e+04 6.897463549425074598e+05 2.596981446550590044e+05 -5.037712027430282324e+05 -3.097821283645736403e+05 -4.143514972962863976e+04 6.607567963873635745e+04 2.536921988005063758e+04 -1.799235942474629701e+04 7.459415744194427505e+06 -2.174532267252746038e+06 7.351299233181434684e+05 -7.468623772783168533e+04 -7.517748696624041768e+05 -3.924464956128559425e+05 1.270214885373387719e+06 1.061654353181005281e+05 -4.307068959197386721e+04
1.316344189472247148e+06 7.364252950914242538e+05 -2.487685731668300868e+05 -7.097673254759140546e+05 -1.810457268328616628e+05 3.017640292497593327e+05 -6.784193567114508187e+04 2.313831456874759751e+05 8.771181063790520420e+04 -2.552755469129498582e+06 2.148457005289868917e+06 3.032909705642293557e+05 2.843567511875983910e+05 -3.894480845863594441e+05 -4.206335137227806263e+05 1.061654353181005281e+05 1.063306706579443533e+06 1.167243951442083344e+05
-1.312431648519093636e+06 2.354052103810173503e+04 2.401726765265849826e+05 -2.210208634775122628e+05 1.119945649407910387e+05 6.840977369370899396e+04 -2.296008071646744793e+04 9.592391020593192661e+04 6.386677333979239484e+04 -1.020867459422452957e+06 1.439338782436979935e+06 1.056718262849648308e+05 1.803236489394949458e+05 -3.809086783470809460e+05 -1.684912511913163471e+05 -4.307068959197386721e+04 1.167243951442083344e+05 3.986628763723933953e+05
