# lambda=0.1503190658277782
4.647040538022527844e+07 5.898496350931967609e+05 9.502863350018615602e+05 7.776789886174309067e+05 2.278835772227738984e+06 1.468287498451190069e+06 9.005865937698648777e+05 -4.498552414627908147e+05 -3.108572703113374300e+05 -1.448099773139565997e+07 7.176444119200352579e+05 -1.640719663834737847e+06 -4.546320146319778636e+06 2.867625755507726222e+06 1.127172976103551919e+06 1.355644409960574238e+06 -1.350976819204053318e+05 6.429384804709862219e+05
5.898496350931967609e+05 1.295799768166822195e+07 -1.925082031023755553e+05 1.607259097255882109e+06 5.744600671712796902e+05 1.519749007022970589e+06 7.215377773861680180e+04 3.126075020508338930e+05 -6.039981484752587676e+03 -4.196043202934753150e+06 4.755586132889050059e+06 -5.879301889880866744e+06 6.721896592735848390e+04 3.745785077999352477e+06 -1.543038098021980841e+05 1.274150245324395830e+06 -4.525167437833170989e+05 2.323132988042044453e+05
9.502863350018615602e+05 -1.925082031023755553e+05 4.237465889586606063e+06 -1.582612264747963054e+05 -6.073089969448716147e+05 3.001320127652509836e+05 -3.175138484594174079e+05 -1.421735543776799386e+04 6.513554552395545034e+04 6.466444742293249816e+06 -5.003003032337802579e+05 4.057225568272192031e+06 1.004803208658848307e+06 8.980702780200775014e+05 6.016161249626427889e+05 5.714568108962415718e+05 -2.064229257437559427e+05 7.129068031000089832e+05
7.776789886174309067e+05 1.607259097255882109e+06 -1.582612264747963054e+05 8.985795753983424511e+05 2.464412302142801636e+05 1.141082852687527775e+05 4.120438645713824371e+04 1.877834552819228848e+05 3.784136692419172323e+04 -1.422880515772934305e+06 -2.657522893251245259e+05 -2.155683894207134843e+06 -4.841023159119532211e+05 1.752478690367148374e+05 3.171927355891848565e+05 3.023991015368602821e+05 -1.195696800760646292e+05 -8.720889611687506840e+04
2.278835772227738984e+06 5.744600671712796902e+05 -6.073089969448716147e+05 2.464412302142801636e+05 8.807261991740702651e+05 9.487529082529808511e+04 1.767128598894829629e+05 9.400078228988050250e+04 -6.680427829091729654e+04 -1.897925388711064821e+06 9.641130723767172312e+05 -1.408422539339582145e+05 -7.897054132439760724e+05 -2.011972847295265819e+05 1.407289750464133103e+05 1.943766467733208265e+05 -5.260290946868075844e+04 -1.269202996537745494e+05
1.468287498451190069e+06 1.519749007022970589e+06 3.001320127652509836e+05 1.141082852687527775e+05 9.487529082529808511e+04 5.646910849162315717e+05 2.231377808811427531e+04 1.628396459208885790e+04 1.464361249688294492e+03 1.064123387772608083e+06 1.262597331491937628e+06 3.715492790129801724e+05 -2.251492989511399937e+05 4.957427020355637069e+05 -7.817519689605035819e+04 -5.888357282002827560e+04 -1.804595471226376540e+05 -1.854775360423298116e+04
9.005865937698648777e+05 7.215377773861680180e+04 -3.175138484594174079e+05 4.120438645713824371e+04 1.767128598894829629e+05 2.231377808811427531e+04 1.454867423543281620e+05 3.070048834699309009e+04 -3.653868567590931434e+03 -1.888283824447242543e+06 -2.907634697863892070e+05 -1.287889413542848160e+04 -1.504663658020117145e+05 2.343505199751505279e+05 2.379086135071646422e+05 1.553603929835869640e+05 9.371809316828187730e+04 -5.588614177481661318e+04
-4.498552414627908147e+05 3.126075020508338930e+05 -1.421735543776799386e+04 1.877834552819228848e+05 9.400078228988050250e+04 1.628396459208885790e+04 3.070048834699309009e+04 1.536407396767880709e+05 1.780101398606088696e+04 4.452282457733487245e+05 -6.137205946433490608e+05 -5.886694587999815121e+05 -3.809582684300836409e+05 -9.078076746465773613e+04 2.703116016989239142e+05 4.481946452804591536e+04 8.807100067577068694e+04 -6.805797514517627860e+03
-3.108572703113374300e+05 -6.039981484752587676e+03 6.513554552395545034e+04 3.784136692419172323e+04 -6.680427829091729654e+04 1.464361249688294492e+03 -3.653868567590931434e+03 1.780101398606088696e+04 5.010109550306819438e+04 2.152849525215867907e+05 -1.540276074406254047e+05 -1.678661881190724671e+05 -1.495558771571254183e+05 2.129298136859977385e+05 1.120428506877839973e+05 1.672575353041720518e+04 3.593681011501367266e+03 -3.257803584713757664e+04
-1.448099773139565997e+07 -4.196043202934753150e+06 6.466444742293249816e+06 -1.422880515772934305e+06 -1.897925388711064821e+06 1.064123387772608083e+06 -1.888283824447242543e+06 4.452282457733487245e+05 2.152849525215867907e+05 2.361284090762504339e+08 -1.260939536167537421e+07 5.358851719899231568e+06 -1.054153784227125533e+07 -9.518657627583745867e+06 -7.526875348857773934e+05 -1.206981718989050714e+06 -2.539017014453914482e+06 2.267040663668544730e+05
7.176444119200352579e+05 4.755586132889050059e+06 -5.003003032337802579e+05 -2.657522893251245259e+05 9.641130723767172312e+05 1.262597331491937628e+06 -2.907634697863892070e+05 -6.137205946433490608e+05 -1.540276074406254047e+05 -1.260939536167537421e+07 4.170086145206108689e+07 2.629790412032785360e+06 1.251158031637082808e+06 -3.135100966220777482e+05 -4.800649157308174297e+06 -8.506982500928896479e+05 -2.758816936970661860e+06 -6.014667604343971470e+05
-1.640719663834737847e+06 -5.879301889880866744e+06 4.057225568272192031e+06 -2.155683894207134843e+06 -1.408422539339582145e+05 3.715492790129801724e+05 -1.287889413542848160e+04 -5.886694587999815121e+05 -1.678661881190724671e+05 5.358851719899231568e+06 2.629790412032785360e+06 2.806984307561395690e+07 7.184263079492219724e+06 -3.336756030741864350e+06 -1.758798814094675938e+06 -1.216970470058033476e+06 -1.239227908129936783e+06 -3.889426980724457535e+05
-4.546320146319778636e+06 6.721896592735848390e+04 1.004803208658848307e+06 -4.841023159119532211e+05 -7.897054132439760724e+05 -2.251492989511399937e+05 -1.504663658020117145e+05 -3.809582684300836409e+05 -1.495558771571254183e+05 -1.054153784227125533e+07 1.251158031637082808e+06 7.184263079492219724e+06 8.232761739202428609e+06 9.518905753210502444e+05 -7.646947624485199340e+05 2.368865143310912827e+05 -3.109963683928883402e+05 3.075631613994313520e+05
2.867625755507726222e+06 3.745785077999352477e+06 8.980702780200775014e+05 1.752478690367148374e+05 -2.011972847295265819e+05 4.957427020355637069e+05 2.343505199751505279e+05 -9.078076746465773613e+04 2.129298136859977385e+05 -9.518657627583745867e+06 -3.135100966220777482e+05 -3.336756030741864350e+06 9.518905753210502444e+05 5.618819407169530168e+06 1.756602991557562957e+06 1.548872019122688100e+06 3.276515955058617983e+05 4.060848097364867572e+05
1.127172976103551919e+06 -1.543038098021980841e+05 6.016161249626427889e+05 3.171927355891848565e+05 1.407289750464133103e+05 -7.817519689605035819e+04 2.379086135071646422e+05 2.703116016989239142e+05 1.120428506877839973e+05 -7.526875348857773934e+05 -4.800649157308174297e+06 -1.758798814094675938e+06 -7.646947624485199340e+05 1.756602991557562957e+06 2.140391056344030891e+06 1.011848294606216950e+06 5.485406029159557074e+05 2.255412340777705249e+05
1.355644409960574238e+06 1.274150245324395830e+06 5.714568108962415718e+05 3.023991015368602821e+05 1.943766467733208265e+05 -5.888357282002827560e+04 1.553603929835869640e+05 4.481946452804591536e+04 1.672575353041720518e+04 -1.206981718989050714e+06 -8.506982500928896479e+05 -1.216970470058033476e+06 2.368865143310912827e+05 1.548872019122688100e+06 1.011848294606216950e+06 1.287434444454868557e+06 2.137309072904388304e+05 2.012681465508416295e+05
-1.350976819204053318e+05 -4.525167437833170989e+05 -2.064229257437559427e+05 -1.195696800760646292e+05 -5.260290946868075844e+04 -1.804595471226376540e+05 9.371809316828187730e+04 8.807100067577068694e+04 3.593681011501367266e+03 -2.539017014453914482e+06 -2.758816936970661860e+06 -1.239227908129936783e+06 -3.109963683928883402e+05 3.276515955058617983e+05 5.485406029159557074e+05 2.137309072904388304e+05 6.372061344466238515e+05 1.036164552689411794e+05
6.429384804709862219e+05 2.323132988042044453e+05 7.129068031000089832e+05 -8.720889611687506840e+04 -1.269202996537745494e+05 -1.854775360423298116e+04 -5.588614177481661318e+04 -6.805797514517627860e+03 -3.257803584713757664e+04 2.267040663668544730e+05 -6.014667604343971470e+05 -3.889426980724457535e+05 3.075631613994313520e+05 4.060848097364867572e+05 2.255412340777705249e+05 2.012681465508416295e+05 1.036164552689411794e+05 4.598218682045355090e+05
