# lambda=0.16329727793186707
4.273358715477152914e+07 7.444692207384040579e+06 -1.599874665690843831e+05 -3.844423968615160557e+05 3.167485813672802411e+06 -8.573892858485534089e+05 9.033694447902557440e+05 -1.012131598120771378e+05 9.085418317617883440e+05 8.922975257582291961e+06 1.285552964820400439e+07 -1.573108900363531662e+06 9.210558810057149967e+05 1.524063036039396888e+06 2.412694439872287214e+06 2.393721058639574330e+06 7.826226988112863619e+05 1.395448064754932886e+06
7.444692207384040579e+06 5.183880847253456712e+06 1.686105835727047408e+06 2.849870102279697312e+05 1.199198475538347149e+06 4.943157514104540460e+05 1.700165508602260379e+05 -8.562401699426140112e+04 4.745355428815960768e+05 5.632284963963176124e+06 1.788059261026429944e+06 1.312750817043167539e+06 1.731788567410973832e+06 5.617000497800915036e+05 1.179845361202819506e+06 6.743186355498459889e+05 7.577103207875779481e+04 3.123772266416115453e+05
-1.599874665690843831e+05 1.686105835727047408e+06 4.295925332615534775e+06 3.621364212967799394e+05 1.007969378684759140e+06 4.373510830097584403e+05 4.608878559877636872e+04 -1.027528126399523317e+05 2.002686997258577903e+05 1.045854202026656829e+07 -4.132972610865770839e+06 2.052532916191348806e+06 1.581083685816807440e+06 -3.689930083117547329e+05 8.813418365218510153e+05 -2.601782456950476262e+04 -5.729928417001048801e+05 1.391687383689358539e+05
-3.844423968615160557e+05 2.849870102279697312e+05 3.621364212967799394e+05 9.557932296964304987e+05 5.842879242111180793e+04 6.343823667249023856e+04 1.654570184685824788e+05 7.608359734382979514e+04 2.480600839071047812e+04 2.339517983022063039e+06 -1.701748833029753063e+06 3.793705227345422027e+05 1.096468822952294257e+06 -5.452697581192165380e+05 -7.309157813297348912e+04 1.044379200756164792e+05 -2.916337159563529422e+05 2.330185050072480863e+03
3.167485813672802411e+06 1.199198475538347149e+06 1.007969378684759140e+06 5.842879242111180793e+04 1.371818099733923562e+06 9.553415624776016921e+04 1.177787870801568934e+05 6.561971078440174460e+04 2.529099739352131292e+04 4.367566422733060317e+05 -9.765063435713975923e+05 1.855352998832943267e+05 4.309121481345704524e+05 6.815432232415021863e+05 5.822423819571856875e+05 -8.910005977828841424e+04 -1.540898002268909768e+05 -1.172188778636553761e+05
-8.573892858485534089e+05 4.943157514104540460e+05 4.373510830097584403e+05 6.343823667249023856e+04 9.553415624776016921e+04 4.220498601848745602e+05 1.162767993531208049e+05 1.590614495723860637e+04 2.469570894203474745e+04 2.161284436928762123e+06 -1.575081237533631269e+06 3.091756355347099598e+05 2.816680706954594934e+05 -1.485057751743500703e+05 4.635714075158334890e+04 9.055406557995679032e+04 -1.347567670974409557e+05 -1.243582015193147381e+05
9.033694447902557440e+05 1.700165508602260379e+05 4.608878559877636872e+04 1.654570184685824788e+05 1.177787870801568934e+05 1.162767993531208049e+05 2.942703945939645637e+05 9.388284651376989495e+04 7.544892268231701746e+04 1.956639303802869283e+06 -7.582547379593853839e+05 -3.679684321415273007e+05 5.471900665284637362e+05 -7.682027474669412186e+04 -1.124334975342777325e+05 2.776023232072682003e+05 -3.620723490629950447e+02 1.816115873197068140e+04
-1.012131598120771378e+05 -8.562401699426140112e+04 -1.027528126399523317e+05 7.608359734382979514e+04 6.561971078440174460e+04 1.590614495723860637e+04 9.388284651376989495e+04 1.340589046834815235e+05 -7.050988981299294210e+03 6.441557348140244139e+05 -3.824310946371133905e+05 -5.321483574168937048e+05 -2.083959790287258511e+05 -2.760075335413770517e+05 -4.527458820739747171e+04 1.000252088054845517e+05 6.752238615247463167e+04 -2.868296429356468070e+04
9.085418317617883440e+05 4.745355428815960768e+05 2.002686997258577903e+05 2.480600839071047812e+04 2.529099739352131292e+04 2.469570894203474745e+04 7.544892268231701746e+04 -7.050988981299294210e+03 1.732409829829565715e+05 -1.529731643036650494e+05 1.458059762332703394e+05 -5.321664656730183633e+05 3.738710893645629985e+05 6.713958395063393982e+04 6.900031145878460666e+04 2.994579155137392227e+05 7.089952126217492332e+04 1.013285142604090506e+05
8.922975257582291961e+06 5.632284963963176124e+06 1.045854202026656829e+07 2.339517983022063039e+06 4.367566422733060317e+05 2.161284436928762123e+06 1.956639303802869283e+06 6.441557348140244139e+05 -1.529731643036650494e+05 1.907620376842931509e+08 4.252171347742481530e+07 2.810424852443193272e+07 1.231881153206275590e+07 -7.278310358759530820e+06 7.672005126302578487e+06 3.009277597611906473e+06 -2.299685782200623653e+05 -8.045117740434953012e+05
1.285552964820400439e+07 1.788059261026429944e+06 -4.132972610865770839e+06 -1.701748833029753063e+06 -9.765063435713975923e+05 -1.575081237533631269e+06 -7.582547379593853839e+05 -3.824310946371133905e+05 1.458059762332703394e+05 4.252171347742481530e+07 6.702654029119621962e+07 2.249366431977247819e+07 -6.378290847896412015e+05 3.260838398418456316e+06 4.870828909789299592e+06 2.108158697376925498e+06 3.827948429909427185e+06 3.216785147334163194e+05
-1.573108900363531662e+06 1.312750817043167539e+06 2.052532916191348806e+06 3.793705227345422027e+05 1.855352998832943267e+05 3.091756355347099598e+05 -3.679684321415273007e+05 -5.321483574168937048e+05 -5.321664656730183633e+05 2.810424852443193272e+07 2.249366431977247819e+07 3.008813439359930158e+07 2.072612328027825570e+06 2.067961666275338968e+06 2.523145861461199820e+06 4.665186075894004316e+05 1.811572003300359240e+06 6.457388141763112508e+05
9.210558810057149967e+05 1.731788567410973832e+06 1.581083685816807440e+06 1.096468822952294257e+06 4.309121481345704524e+05 2.816680706954594934e+05 5.471900665284637362e+05 -2.083959790287258511e+05 3.738710893645629985e+05 1.231881153206275590e+07 -6.378290847896412015e+05 2.072612328027825570e+06 7.480594211649463512e+06 1.634395171058447100e+06 1.096386846907409607e+06 1.550979848560843966e+05 -8.969572847739165882e+05 1.010815823553436639e+05
1.524063036039396888e+06 5.617000497800915036e+05 -3.689930083117547329e+05 -5.452697581192165380e+05 6.815432232415021863e+05 -1.485057751743500703e+05 -7.682027474669412186e+04 -2.760075335413770517e+05 6.713958395063393982e+04 -7.278310358759530820e+06 3.260838398418456316e+06 2.067961666275338968e+06 1.634395171058447100e+06 3.605582380828245077e+06 8.343311494050142355e+05 -7.626153265266938834e+05 3.273903061007839278e+05 5.006781243313823506e+04
2.412694439872287214e+06 1.179845361202819506e+06 8.813418365218510153e+05 -7.309157813297348912e+04 5.822423819571856875e+05 4.635714075158334890e+04 -1.124334975342777325e+05 -4.527458820739747171e+04 6.900031145878460666e+04 7.672005126302578487e+06 4.870828909789299592e+06 2.523145861461199820e+06 1.096386846907409607e+06 8.343311494050142355e+05 2.602189782224553637e+06 -3.359167681146596442e+04 1.017397790430344903e+05 2.096876427383743576e+05
2.393721058639574330e+06 6.743186355498459889e+05 -2.601782456950476262e+04 1.044379200756164792e+05 -8.910005977828841424e+04 9.055406557995679032e+04 2.776023232072682003e+05 1.000252088054845517e+05 2.994579155137392227e+05 3.009277597611906473e+06 2.108158697376925498e+06 4.665186075894004316e+05 1.550979848560843966e+05 -7.626153265266938834e+05 -3.359167681146596442e+04 1.427804886478306260e+06 3.179276323666835669e+05 2.756981948358529480e+05
7.826226988112863619e+05 7.577103207875779481e+04 -5.729928417001048801e+05 -2.916337159563529422e+05 -1.540898002268909768e+05 -1.347567670974409557e+05 -3.620723490629950447e+02 6.752238615247463167e+04 7.089952126217492332e+04 -2.299685782200623653e+05 3.827948429909427185e+06 1.811572003300359240e+06 -8.969572847739165882e+05 3.273903061007839278e+05 1.017397790430344903e+05 3.179276323666835669e+05 9.909783610157812946e+05 2.589265792628950730e+05
1.395448064754932886e+06 3.123772266416115453e+05 1.391687383689358539e+05 2.330185050072480863e+03 -1.172188778636553761e+05 -1.243582015193147381e+05 1.816115873197068140e+04 -2.868296429356468070e+04 1.013285142604090506e+05 -8.045117740434953012e+05 3.216785147334163194e+05 6.457388141763112508e+05 1.010815823553436639e+05 5.006781243313823506e+04 2.096876427383743576e+05 2.756981948358529480e+05 2.589265792628950730e+05 4.869492347396081896e+05
