# lambda=0.12398223113779207
3.591246502965180576e+07 -2.747648939079073723e+06 1.064894822431829292e+06 -1.411565446054698434e+06 6.203818142828919372e+04 -6.267371359085096046e+05 1.600946052272506757e+06 1.654139621261484572e+05 2.498944117948351777e+04 1.597078224058561958e+07 5.385283843611080665e+05 -1.056744637488569366e+06 -2.192217082488056738e+06 -1.720364853961338231e+05 9.513051141825586092e+05 1.858004554999209242e+06 -2.059260951314947102e+06 -1.074095573128300952e+06
-2.747648939079073723e+06 1.502996862726205401e+07 3.177376530838134233e+06 7.286027774861757644e+05 -3.551039117841535481e+05 4.177417573591431137e+05 -3.854607571618307848e+05 -1.723618347614983795e+05 -1.330619205059510132e+05 -1.174615456512161717e+07 1.591099270175298490e+07 5.778829324302546447e+05 3.983878377736903261e+06 1.133002772240936989e+06 -8.207289192021759227e+05 2.032809616433651827e+05 4.602784175649369718e+05 1.862943744268230512e+05
1.064894822431829292e+06 3.177376530838134233e+06 5.983810078016582876e+06 1.007086187334015034e+06 -4.315668312168483681e+04 5.828830793763631955e+05 -1.936887114225590485e+05 2.710093688191803085e+04 2.080535628322635312e+05 8.277184908670795150e+06 2.466896971237964462e+06 2.033014590881129960e+06 9.751975680936583085e+05 2.273249760437955614e+06 1.074439512343307724e+06 7.205299278520157095e+05 -2.221598113144057861e+05 1.031276340327974322e+04
-1.411565446054698434e+06 7.286027774861757644e+05 1.007086187334015034e+06 1.280952296260162722e+06 5.662436493336772401e+04 8.905877335516693711e+04 -2.797014794666889065e+04 -9.018099356607863228e+03 4.889699491260445939e+04 -4.789790671727090143e+06 2.133764305212595966e+06 7.939020992976478301e+05 -1.034226430018217798e+05 4.427063883221395081e+05 -6.366707424958919873e+05 -2.890742894704705104e+05 -1.613027448572834837e+05 -5.591368423967565468e+04
6.203818142828919372e+04 -3.551039117841535481e+05 -4.315668312168483681e+04 5.662436493336772401e+04 7.469504047702546231e+05 -1.548594663872952806e+05 1.232226453588339064e+05 -6.703436725654514157e+04 4.552348860034409881e+04 4.162838789816112840e+05 -1.561826241629890632e+06 -1.618535465923009906e+05 2.082526338396345964e+05 3.910104894019441563e+05 -3.570515928987305379e+05 1.917598941112599277e+03 -3.080734826520619681e+05 2.947464712460016017e+05
-6.267371359085096046e+05 4.177417573591431137e+05 5.828830793763631955e+05 8.905877335516693711e+04 -1.548594663872952806e+05 2.912691363832190982e+05 -7.020825080310343765e+04 -7.942020880857031443e+04 -2.662988571596229667e+04 7.430864104198823916e+05 1.172380665379785933e+06 3.845000363211129443e+05 -2.529715054822706443e+05 3.565823537067553843e+05 2.568248603434339166e+05 2.674412861342856195e+05 -1.836471411970188274e+04 -1.001589743743330037e+05
1.600946052272506757e+06 -3.854607571618307848e+05 -1.936887114225590485e+05 -2.797014794666889065e+04 1.232226453588339064e+05 -7.020825080310343765e+04 2.866206533770411042e+05 5.612607713153567602e+03 -3.018670531061101065e+04 8.860535201966898749e+05 -6.208235278982337331e+05 -3.100695022023297497e+05 -2.155746769694385705e+02 1.983777420990150422e+05 1.183812704636451781e+04 7.137810155892085459e+04 -1.679254721311851463e+05 8.411855482803692576e+04
1.654139621261484572e+05 -1.723618347614983795e+05 2.710093688191803085e+04 -9.018099356607863228e+03 -6.703436725654514157e+04 -7.942020880857031443e+04 5.612607713153567602e+03 1.710413396690850495e+05 1.288860627814504369e+03 4.836311822960465215e+05 -2.195042449235316308e+05 -2.135370597916784391e+04 -1.060989724139478349e+05 -3.083619224516036338e+05 6.396463212282892346e+04 -1.019843590667523385e+05 1.119882915085299610e+05 -7.353498103094066028e+04
2.498944117948351777e+04 -1.330619205059510132e+05 2.080535628322635312e+05 4.889699491260445939e+04 4.552348860034409881e+04 -2.662988571596229667e+04 -3.018670531061101065e+04 1.288860627814504369e+03 1.143039475234623242e+05 5.642948516259563621e+05 1.294590430552827165e+05 -6.929777743740787264e+04 -2.312300673032357590e+05 7.558744311980836210e+04 -1.185956511226544899e+04 2.443256844203799119e+04 -3.348801187164528528e+04 2.514206329448209362e+04
1.597078224058561958e+07 -1.174615456512161717e+07 8.277184908670795150e+06 -4.789790671727090143e+06 4.162838789816112840e+05 7.430864104198823916e+05 8.860535201966898749e+05 4.836311822960465215e+05 5.642948516259563621e+05 2.347433813337296844e+08 -2.934063596500276029e+07 1.233622108211568743e+07 -1.731896546442987025e+07 6.470912316310914233e+06 3.477936889591619838e+06 3.352669948797466932e+05 3.837470824893135112e+06 -1.402650206348645042e+04
5.385283843611080665e+05 1.591099270175298490e+07 2.466896971237964462e+06 2.133764305212595966e+06 -1.561826241629890632e+06 1.172380665379785933e+06 -6.208235278982337331e+05 -2.195042449235316308e+05 1.294590430552827165e+05 -2.934063596500276029e+07 5.615588055334285647e+07 4.513015298211949877e+06 -1.294878343548973324e+06 -4.537109910538394935e+06 -1.042215582027508644e+06 6.541808648999700090e+05 -2.917663116998035111e+05 -1.452561214549496304e+06
-1.056744637488569366e+06 5.778829324302546447e+05 2.033014590881129960e+06 7.939020992976478301e+05 -1.618535465923009906e+05 3.845000363211129443e+05 -3.100695022023297497e+05 -2.135370597916784391e+04 -6.929777743740787264e+04 1.233622108211568743e+07 4.513015298211949877e+06 6.296608771553581581e+06 -3.491157671024838462e+06 4.457949058175906539e+05 6.417959432760012569e+05 -4.571018307165088481e+04 9.239642882694199216e+05 -4.674284022038448602e+05
-2.192217082488056738e+06 3.983878377736903261e+06 9.751975680936583085e+05 -1.034226430018217798e+05 2.082526338396345964e+05 -2.529715054822706443e+05 -2.155746769694385705e+02 -1.060989724139478349e+05 -2.312300673032357590e+05 -1.731896546442987025e+07 -1.294878343548973324e+06 -3.491157671024838462e+06 7.779905571172185242e+06 2.638663322934427561e+04 -3.210144537060478469e+05 -6.463955724301217124e+05 -6.579102048389706761e+05 7.658543557472822722e+05
-1.720364853961338231e+05 1.133002772240936989e+06 2.273249760437955614e+06 4.427063883221395081e+05 3.910104894019441563e+05 3.565823537067553843e+05 1.983777420990150422e+05 -3.083619224516036338e+05 7.558744311980836210e+04 6.470912316310914233e+06 -4.537109910538394935e+06 4.457949058175906539e+05 2.638663322934427561e+04 4.863051409104259685e+06 5.998948705659529660e+05 7.621460802264685044e+05 1.655070647397795983e+05 2.495348010249910585e+05
9.513051141825586092e+05 -8.207289192021759227e+05 1.074439512343307724e+06 -6.366707424958919873e+05 -3.570515928987305379e+05 2.568248603434339166e+05 1.183812704636451781e+04 6.396463212282892346e+04 -1.185956511226544899e+04 3.477936889591619838e+06 -1.042215582027508644e+06 6.417959432760012569e+05 -3.210144537060478469e+05 5.998948705659529660e+05 2.030725770725819049e+06 8.172356068708251696e+05 2.102378286743862554e+05 -1.624954658654341765e+05
1.858004554999209242e+06 2.032809616433651827e+05 7.205299278520157095e+05 -2.890742894704705104e+05 1.917598941112599277e+03 2.674412861342856195e+05 7.137810155892085459e+04 -1.019843590667523385e+05 2.443256844203799119e+04 3.352669948797466932e+05 6.541808648999700090e+05 -4.571018307165088481e+04 -6.463955724301217124e+05 7.621460802264685044e+05 8.172356068708251696e+05 1.013649193547267932e+06 -1.687871950755163271e+05 5.025472093891673467e+03
-2.059260951314947102e+06 4.602784175649369718e+05 -2.221598113144057861e+05 -1.613027448572834837e+05 -3.080734826520619681e+05 -1.836471411970188274e+04 -1.679254721311851463e+05 1.119882915085299610e+05 -3.348801187164528528e+04 3.837470824893135112e+06 -2.917663116998035111e+05 9.239642882694199216e+05 -6.579102048389706761e+05 1.655070647397795983e+05 2.102378286743862554e+05 -1.687871950755163271e+05 8.654221704710848862e+05 8.351397001187574642e+04
-1.074095573128300952e+06 1.862943744268230512e+05 1.031276340327974322e+04 -5.591368423967565468e+04 2.947464712460016017e+05 -1.001589743743330037e+05 8.411855482803692576e+04 -7.353498103094066028e+04 2.514206329448209362e+04 -1.402650206348645042e+04 -1.452561214549496304e+06 -4.674284022038448602e+05 7.658543557472822722e+05 2.495348010249910585e+05 -1.624954658654341765e+05 5.025472093891673467e+03 8.351397001187574642e+04 5.980177766804593848e+05
