# lambda=0.15603739172239384
1.108343365825169235e+08 1.630698319263273478e+07 3.085667053846672643e+05 -3.080976583238972817e+05 1.352216767237471184e+06 9.017557293688745704e+05 -2.999111645363547839e+06 -1.031914342838557321e+06 5.960946676881036256e+05 5.662428146052258462e+07 2.507124754385436326e+07 2.626983699845054373e+07 -9.792532357505172491e+06 6.861712900324226357e+05 -5.276092925600806251e+06 -3.241230166825519875e+06 -1.457926155793396290e+06 -8.879095775419549318e+05
1.630698319263273478e+07 1.331691015208082274e+07 1.724847572733551962e+06 2.625187100196178653e+05 4.923642383553967229e+05 -4.735459708288928232e+04 -8.264404686323920032e+05 -2.267466397150442062e+05 -1.418678662165232527e+05 -5.622863011830129661e+06 4.193928264444927685e+06 -8.195225435257503996e+05 -1.065531226815801580e+06 -7.174199206152979750e+05 -4.145443152764209080e+05 -1.404101363344743615e+06 -4.418275327599737793e+05 -1.784825773422230559e+05
3.085667053846672643e+05 1.724847572733551962e+06 3.512040951228473336e+06 -3.237458124866958824e+05 -1.715658704802034772e+05 2.732489793289600129e+03 1.306665434511561325e+05 -1.753395859764845809e+05 -6.314894014767730550e+04 5.692728399942017859e+05 2.954914918232128912e+03 3.701497725431929808e+06 4.434524115993079613e+05 -1.047376299072078546e+06 8.844141249829387525e+05 -3.942359175604199991e+05 3.194614528733449406e+05 7.241969973538379418e+04
-3.080976583238972817e+05 2.625187100196178653e+05 -3.237458124866958824e+05 1.538665172554568388e+06 1.707008001242433093e+05 -1.572315349899941648e+05 -4.114709350368481682e+04 3.846513531150298513e+04 -1.668022760872963045e+04 5.042345119393265806e+06 -1.196071554185427492e+06 -8.810260014221743913e+05 -1.488086026570008244e+03 -4.733470746578118997e+04 8.129501731528778691e+03 5.286433416710351594e+05 6.061183842778613325e+04 4.994178871228260687e+04
1.352216767237471184e+06 4.923642383553967229e+05 -1.715658704802034772e+05 1.707008001242433093e+05 9.688331025385899702e+05 3.183541356313310098e+05 -3.732529745122776512e+04 8.370162627464743855e+04 5.643140620061843219e+04 -1.659203790556116495e+06 -1.982115747673690785e+06 -1.224895869439668022e+06 7.851748993893773295e+05 6.822017797747597797e+05 -1.034310726092731347e+05 -2.601987482487302623e+05 2.132586930951721442e+05 1.154850509584558895e+05
9.017557293688745704e+05 -4.735459708288928232e+04 2.732489793289600129e+03 -1.572315349899941648e+05 3.183541356313310098e+05 4.120175321210194379e+05 6.621879949298959400e+04 7.688426347383510438e+04 8.539644839565354050e+04 3.013814009436161723e+06 5.930483513972493820e+05 -1.070709260486741114e+05 5.222422603779583587e+05 2.481812316906209453e+05 -1.205143330554669228e+05 -9.852934754133834213e+04 9.570576038658611651e+04 1.521021484341513715e+05
-2.999111645363547839e+06 -8.264404686323920032e+05 1.306665434511561325e+05 -4.114709350368481682e+04 -3.732529745122776512e+04 6.621879949298959400e+04 2.602152284028255090e+05 8.179799033376408624e+04 1.574478227973275898e+04 -8.315330361754458863e+05 7.259871864480517106e+05 1.890850299549161282e+05 6.619876937447176315e+05 -6.910290860461405828e+04 2.871997415874716244e+05 1.372167309528432670e+05 4.930209659354458563e+04 5.477850528413233405e+04
-1.031914342838557321e+06 -2.267466397150442062e+05 -1.753395859764845809e+05 3.846513531150298513e+04 8.370162627464743855e+04 7.688426347383510438e+04 8.179799033376408624e+04 1.573487282613299321e+05 3.378185795341555058e+04 1.904790982813487062e+06 -9.968066358983372629e+04 -2.387315271570276818e+05 3.013598899237973383e+05 -7.199724619521152636e+04 -8.819844192911584105e+04 1.211610467402487993e+05 1.984950747052654042e+05 5.749876555621028092e+04
5.960946676881036256e+05 -1.418678662165232527e+05 -6.314894014767730550e+04 -1.668022760872963045e+04 5.643140620061843219e+04 8.539644839565354050e+04 1.574478227973275898e+04 3.378185795341555058e+04 1.450045974009469501e+05 1.806113840008085594e+06 2.872262297059873235e+05 3.972577103485835250e+05 -5.247729135333479644e+04 -1.317884615706794721e+05 -4.554801175004387915e+04 -2.107462143163134897e+04 9.213933789080912538e+04 1.012685179838513723e+05
5.662428146052258462e+07 -5.622863011830129661e+06 5.692728399942017859e+05 5.042345119393265806e+06 -1.659203790556116495e+06 3.013814009436161723e+06 -8.315330361754458863e+05 1.904790982813487062e+06 1.806113840008085594e+06 2.817867359346830249e+08 -8.167119291051632725e+06 3.837591745492889732e+07 -2.174271001753305551e+06 -6.007616544708555564e+06 -4.994984711753726006e+06 5.244617439460846595e+06 5.022917869041310623e+06 2.886205427489147056e+06
2.507124754385436326e+07 4.193928264444927685e+06 2.954914918232128912e+03 -1.196071554185427492e+06 -1.982115747673690785e+06 5.930483513972493820e+05 7.259871864480517106e+05 -9.968066358983372629e+04 2.872262297059873235e+05 -8.167119291051632725e+06 6.012376472032901645e+07 9.624095392675790936e+06 2.566659551811220124e+06 1.793071224174682982e+06 -1.082513347312659258e+06 -7.532573255206899485e+05 -2.248890184687327128e+06 7.055374054304058664e+05
2.626983699845054373e+07 -8.195225435257503996e+05 3.701497725431929808e+06 -8.810260014221743913e+05 -1.224895869439668022e+06 -1.070709260486741114e+05 1.890850299549161282e+05 -2.387315271570276818e+05 3.972577103485835250e+05 3.837591745492889732e+07 9.624095392675790936e+06 2.286699977483152971e+07 -2.840038090824245010e+06 -2.185281105768126436e+06 3.561278842728799209e+05 -5.589324795399067225e+05 4.139731172763648210e+05 -2.373884132005187857e+05
-9.792532357505172491e+06 -1.065531226815801580e+06 4.434524115993079613e+05 -1.488086026570008244e+03 7.851748993893773295e+05 5.222422603779583587e+05 6.619876937447176315e+05 3.013598899237973383e+05 -5.247729135333479644e+04 -2.174271001753305551e+06 2.566659551811220124e+06 -2.840038090824245010e+06 5.823129671900679357e+06 1.074829242537593935e+06 -6.451368263275159552e+04 -3.836961932793781161e+05 2.724214688291362254e+05 7.596113166857481701e+05
6.861712900324226357e+05 -7.174199206152979750e+05 -1.047376299072078546e+06 -4.733470746578118997e+04 6.822017797747597797e+05 2.481812316906209453e+05 -6.910290860461405828e+04 -7.199724619521152636e+04 -1.317884615706794721e+05 -6.007616544708555564e+06 1.793071224174682982e+06 -2.185281105768126436e+06 1.074829242537593935e+06 3.105638229086663574e+06 -4.132656407336216653e+05 6.542225678514355968e+04 -8.136599429886712460e+05 -2.827455738539996091e+05
-5.276092925600806251e+06 -4.145443152764209080e+05 8.844141249829387525e+05 8.129501731528778691e+03 -1.034310726092731347e+05 -1.205143330554669228e+05 2.871997415874716244e+05 -8.819844192911584105e+04 -4.554801175004387915e+04 -4.994984711753726006e+06 -1.082513347312659258e+06 3.561278842728799209e+05 -6.451368263275159552e+04 -4.132656407336216653e+05 1.522968569295264315e+06 5.336283915847366443e+05 -7.435745766827189073e+04 -3.325000217349823652e+04
-3.241230166825519875e+06 -1.404101363344743615e+06 -3.942359175604199991e+05 5.286433416710351594e+05 -2.601987482487302623e+05 -9.852934754133834213e+04 1.372167309528432670e+05 1.211610467402487993e+05 -2.107462143163134897e+04 5.244617439460846595e+06 -7.532573255206899485e+05 -5.589324795399067225e+05 -3.836961932793781161e+05 6.542225678514355968e+04 5.336283915847366443e+05 1.274124396605259972e+06 -9.311881432982211118e+04 -6.613362439139273192e+04
-1.457926155793396290e+06 -4.418275327599737793e+05 3.194614528733449406e+05 6.061183842778613325e+04 2.132586930951721442e+05 9.570576038658611651e+04 4.930209659354458563e+04 1.984950747052654042e+05 9.213933789080912538e+04 5.022917869041310623e+06 -2.248890184687327128e+06 4.139731172763648210e+05 2.724214688291362254e+05 -8.136599429886712460e+05 -7.435745766827189073e+04 -9.311881432982211118e+04 8.114582966873232508e+05 1.783898750958277960e+05
-8.879095775419549318e+05 -1.784825773422230559e+05 7.241969973538379418e+04 4.994178871228260687e+04 1.154850509584558895e+05 1.521021484341513715e+05 5.477850528413233405e+04 5.749876555621028092e+04 1.012685179838513723e+05 2.886205427489147056e+06 7.055374054304058664e+05 -2.373884132005187857e+05 7.596113166857481701e+05 -2.827455738539996091e+05 -3.325000217349823652e+04 -6.613362439139273192e+04 1.783898750958277960e+05 4.403614389709984534e+05
