# lambda=0.1395724581793725
6.123194937900736928e+07 5.056728628161974484e+05 -2.438847768931433093e+06 4.961663886517551728e+06 9.989914783407030627e+05 2.732377060605388033e+04 -7.654122262555909110e+05 -9.374698440037647379e+04 -1.467850263548150251e+05 -9.808599073773914948e+06 -3.690204093504060525e+06 3.574935113935901783e+06 -2.643806220910786651e+06 3.484483605181775521e+06 5.187403544700630009e+06 2.833189847845105687e+05 -2.814424244322364684e+05 1.246751560654358618e+05
5.056728628161974484e+05 1.132140116536471434e+07 9.037821832224527607e+05 1.358476817152426345e+06 1.148736394829732832e+06 8.827778978971933248e+05 2.892422184826860321e+05 2.733745782505433308e+05 2.975738630052552908e+05 1.927013695646841452e+07 9.288477548686496913e+06 -3.429445342715229373e+06 -1.730846405345898587e+06 1.846370577548145549e+06 -9.811833600411645602e+05 4.659028937460472807e+05 -1.456117135474703682e+05 1.042120301080626668e+06
-2.438847768931433093e+06 9.037821832224527607e+05 3.349663032693650108e+06 3.198744885848975973e+05 4.135888846498419298e+05 6.710079255641500640e+04 1.425171316922970873e+05 3.012559405058811899e+04 -4.303967036790273414e+04 4.039646760765066370e+06 -2.382537922374474583e+05 4.505875874112538062e+06 2.260046239454228897e+06 1.256267420704420889e+06 4.523213305853282800e+05 -5.290737380939687137e+05 -3.497490714554082952e+05 1.042896877852519392e+05
4.961663886517551728e+06 1.358476817152426345e+06 3.198744885848975973e+05 1.704447391049403697e+06 3.003762807261997368e+05 5.265607185654638306e+04 -1.808979390727135469e+05 8.685692200141814828e+04 -9.081763787675175990e+04 1.003594384745746665e+07 2.332950158590864390e+06 2.682009383961649291e+04 1.529774853589687264e+06 4.718938473954086658e+05 -6.908561584351657075e+04 5.319455608447302366e+05 -1.919370508834092179e+05 3.091445406292221742e+05
9.989914783407030627e+05 1.148736394829732832e+06 4.135888846498419298e+05 3.003762807261997368e+05 9.347306375408091117e+05 -2.111066843829315985e+04 3.480588459414328099e+04 1.156640087805205258e+05 1.234596189281098195e+05 2.354750615329934284e+06 8.748816246919051046e+05 -9.525028527131528826e+05 -7.487885578518345719e+05 4.263112293117368827e+05 4.594933404451335082e+05 1.665436267786941607e+05 1.894468528715870052e+05 5.857104033923918905e+04
2.732377060605388033e+04 8.827778978971933248e+05 6.710079255641500640e+04 5.265607185654638306e+04 -2.111066843829315985e+04 2.428634132386168058e+05 6.935145643760927487e+04 -6.085743674445008219e+04 5.500489825734055194e+04 2.134447317273912020e+06 8.553437011597214732e+05 3.768292970385418739e+05 -2.506754068465362943e+05 3.448316422782177106e+05 1.259726897585913248e+05 6.479036338242390229e+03 -2.413789333485830866e+03 5.984702900367978873e+04
-7.654122262555909110e+05 2.892422184826860321e+05 1.425171316922970873e+05 -1.808979390727135469e+05 3.480588459414328099e+04 6.935145643760927487e+04 3.078423561861766502e+05 3.515134060398891597e+04 2.457748486544693878e+04 -2.035296917988372035e+06 -1.043362260956659098e+06 1.010947411968195229e+06 -6.001281772310550150e+04 -1.188377770238707744e+05 6.416737474768528045e+03 2.300525310074328736e+05 1.364239356656062882e+05 -2.175785168926456390e+04
-9.374698440037647379e+04 2.733745782505433308e+05 3.012559405058811899e+04 8.685692200141814828e+04 1.156640087805205258e+05 -6.085743674445008219e+04 3.515134060398891597e+04 1.493440917186093866e+05 4.243861657712448505e+03 1.751202939138349320e+05 -9.138020733125150437e+05 -4.941374969273639144e+05 -2.338353269293632766e+05 -4.481046932955124066e+05 -1.673594711997844861e+05 1.395502659039437713e+05 1.104564617271691386e+05 4.252306129157785472e+04
-1.467850263548150251e+05 2.975738630052552908e+05 -4.303967036790273414e+04 -9.081763787675175990e+04 1.234596189281098195e+05 5.500489825734055194e+04 2.457748486544693878e+04 4.243861657712448505e+03 7.489884583255100006e+04 -1.851000913690192683e+05 -1.042582109446252434e+05 -4.034864408421098487e+05 -3.627848134533856064e+05 -6.573798274248476082e+04 1.226177641460522573e+05 -2.347722857121605193e+04 3.600268940665655100e+04 -9.158357725089634187e+03
-9.808599073773914948e+06 1.927013695646841452e+07 4.039646760765066370e+06 1.003594384745746665e+07 2.354750615329934284e+06 2.134447317273912020e+06 -2.035296917988372035e+06 1.751202939138349320e+05 -1.851000913690192683e+05 2.388671877804132700e+08 3.584376903587257117e+07 -1.793779667595976591e+07 1.022462393689882010e+07 1.236344879383660108e+07 -7.957488585215321742e+06 1.892232738454591483e+06 -1.898003154935275670e+05 1.546228908517478965e+06
-3.690204093504060525e+06 9.288477548686496913e+06 -2.382537922374474583e+05 2.332950158590864390e+06 8.748816246919051046e+05 8.553437011597214732e+05 -1.043362260956659098e+06 -9.138020733125150437e+05 -1.042582109446252434e+05 3.584376903587257117e+07 9.050797903429807723e+07 1.386709728461589850e+07 3.538178422704370227e+06 4.052964577426005621e+06 -4.918754850978721515e+05 -3.050985819880225463e+05 -7.320072511756904423e+05 1.581327390547309304e+06
3.574935113935901783e+06 -3.429445342715229373e+06 4.505875874112538062e+06 2.682009383961649291e+04 -9.525028527131528826e+05 3.768292970385418739e+05 1.010947411968195229e+06 -4.941374969273639144e+05 -4.034864408421098487e+05 -1.793779667595976591e+07 1.386709728461589850e+07 3.201556883776986971e+07 5.692028073122699745e+06 2.068810063604258932e+06 3.799147248732975684e+06 -6.646167897776397876e+05 1.224327491157240875e+05 -2.430620990979566413e+05
-2.643806220910786651e+06 -1.730846405345898587e+06 2.260046239454228897e+06 1.529774853589687264e+06 -7.487885578518345719e+05 -2.506754068465362943e+05 -6.001281772310550150e+04 -2.338353269293632766e+05 -3.627848134533856064e+05 1.022462393689882010e+07 3.538178422704370227e+06 5.692028073122699745e+06 1.384311292189070210e+07 1.978928499634054955e+06 -3.434439666692727245e+06 -2.923260422631525435e+05 -3.326318098683885182e+05 3.540323016416710452e+05
3.484483605181775521e+06 1.846370577548145549e+06 1.256267420704420889e+06 4.718938473954086658e+05 4.263112293117368827e+05 3.448316422782177106e+05 -1.188377770238707744e+05 -4.481046932955124066e+05 -6.573798274248476082e+04 1.236344879383660108e+07 4.052964577426005621e+06 2.068810063604258932e+06 1.978928499634054955e+06 6.114753521187115461e+06 1.364543031652193749e+05 -7.954531333213602193e+05 -3.225155392104228958e+05 4.509813640825010370e+05
5.187403544700630009e+06 -9.811833600411645602e+05 4.523213305853282800e+05 -6.908561584351657075e+04 4.594933404451335082e+05 1.259726897585913248e+05 6.416737474768528045e+03 -1.673594711997844861e+05 1.226177641460522573e+05 -7.957488585215321742e+06 -4.918754850978721515e+05 3.799147248732975684e+06 -3.434439666692727245e+06 1.364543031652193749e+05 3.767970684444942046e+06 -6.355376147151230834e+05 -2.221482263218011940e+05 -9.661301491315109888e+04
2.833189847845105687e+05 4.659028937460472807e+05 -5.290737380939687137e+05 5.319455608447302366e+05 1.665436267786941607e+05 6.479036338242390229e+03 2.300525310074328736e+05 1.395502659039437713e+05 -2.347722857121605193e+04 1.892232738454591483e+06 -3.050985819880225463e+05 -6.646167897776397876e+05 -2.923260422631525435e+05 -7.954531333213602193e+05 -6.355376147151230834e+05 1.760554304699348984e+06 3.151670945553835481e+05 -8.375122699997178279e+04
-2.814424244322364684e+05 -1.456117135474703682e+05 -3.497490714554082952e+05 -1.919370508834092179e+05 1.894468528715870052e+05 -2.413789333485830866e+03 1.364239356656062882e+05 1.104564617271691386e+05 3.600268940665655100e+04 -1.898003154935275670e+05 -7.320072511756904423e+05 1.224327491157240875e+05 -3.326318098683885182e+05 -3.225155392104228958e+05 -2.221482263218011940e+05 3.151670945553835481e+05 6.011776989312020596e+05 -1.669943867177270658e+04
1.246751560654358618e+05 1.042120301080626668e+06 1.042896877852519392e+05 3.091445406292221742e+05 5.857104033923918905e+04 5.984702900367978873e+04 -2.175785168926456390e+04 4.252306129157785472e+04 -9.158357725089634187e+03 1.546228908517478965e+06 1.581327390547309304e+06 -2.430620990979566413e+05 3.540323016416710452e+05 4.509813640825010370e+05 -9.661301491315109888e+04 -8.375122699997178279e+04 -1.669943867177270658e+04 4.848034683962026029e+05
