# lambda=0.14710081031806274
4.308283527125847340e+07 -4.710380821074020118e+06 -2.865308521099617239e+06 -7.818529935672453139e+05 7.085015630191288656e+05 -2.007394748593234399e+05 -5.328962495074613253e+05 3.181479414927446633e+05 -1.309914353446067107e+05 4.792455458538839221e+07 -4.984906651317336946e+05 -1.393143688541963138e+07 -4.733562758509801701e+06 -4.840100807573559694e+06 -1.325617648311513767e+04 3.140879296042869799e+06 -2.714691591682942584e+06 -1.772170716210166924e+06
-4.710380821074020118e+06 1.339021139943328686e+07 2.247644506651443895e+06 -1.248519662005084567e+06 -5.477499389169258066e+05 7.558146276612265501e+05 2.112959233823455288e+05 -4.750265855804004823e+05 -1.606440329802973138e+05 4.104508194494559430e+06 -4.635255259903340600e+06 2.961856761124973651e+06 -2.564478734379883972e+05 1.664415149051460903e+05 1.441585167561549693e+06 2.918719678219345398e+06 8.766845054137583356e+05 4.062493481717105024e+05
-2.865308521099617239e+06 2.247644506651443895e+06 4.812532480487079360e+06 1.622356377956107026e+06 5.023476566738098045e+05 4.392039050905932672e+05 1.746708523376646917e+05 2.780763336658758344e+05 1.589267903082618723e+05 6.312195056643377757e+05 -1.633504612364344066e+06 6.509744710780621506e+06 1.826745689158079447e+06 1.243644749747478170e+06 4.252816557489442639e+05 6.400786745359937777e+04 4.633916720510688610e+05 3.352400629795932909e+05
-7.818529935672453139e+05 -1.248519662005084567e+06 1.622356377956107026e+06 2.069546583438066067e+06 4.006131309728583437e+05 -1.945144364741033933e+05 -2.705217371596442172e+04 2.379161850261865184e+05 5.595491584086246439e+04 1.185542503720333101e+06 1.642135571599530755e+06 2.403976241328884382e+06 1.990336178144601174e+06 8.458643247517374111e+05 2.538583467160676955e+05 -7.640264863115773769e+05 3.338636935920912219e+04 -1.216068510570388607e+05
7.085015630191288656e+05 -5.477499389169258066e+05 5.023476566738098045e+05 4.006131309728583437e+05 1.208511342593179550e+06 -4.854097214741973585e+04 6.670279555116692791e+04 5.673150312364464480e+04 -2.211768682344809713e+04 -2.274504056542758364e+06 9.703504127888624789e+05 -2.037340024894668895e+05 -9.851667044810605003e+05 1.267764261421951232e+06 -2.057744245163742162e+05 -6.532557385015761247e+05 1.646380823596521222e+05 1.433593113552106952e+05
-2.007394748593234399e+05 7.558146276612265501e+05 4.392039050905932672e+05 -1.945144364741033933e+05 -4.854097214741973585e+04 4.238348255055624177e+05 1.041273444921734917e+05 8.736743956130371953e+04 1.181476259066050261e+05 4.203664351400597370e+05 -2.039275282743552234e+06 2.192918931486795482e+05 1.097785351016491331e+05 -4.559700358293727040e+05 2.505281265480045404e+05 2.725255928407597821e+05 -4.604448831937248178e+04 2.707431448525328597e+04
-5.328962495074613253e+05 2.112959233823455288e+05 1.746708523376646917e+05 -2.705217371596442172e+04 6.670279555116692791e+04 1.041273444921734917e+05 2.323920151605823776e+05 6.177683744431553350e+04 1.684482659445265017e+04 -1.830674316941936966e+06 -1.326713062521571526e+06 -1.229438818230118137e+06 4.743063318661101512e+05 2.869305958142958116e+05 -2.443607922024648360e+04 -9.517425373094780662e+04 -2.391939493057814616e+04 9.252709424064215273e+04
3.181479414927446633e+05 -4.750265855804004823e+05 2.780763336658758344e+05 2.379161850261865184e+05 5.673150312364464480e+04 8.736743956130371953e+04 6.177683744431553350e+04 1.594683810405741096e+05 7.521543134568136884e+04 7.733202867584191263e+05 -4.396688545248383889e+05 2.719066452271552989e+05 2.451231711663181486e+05 -1.739468468232964806e+05 2.745938834621787537e+05 -6.251455947238294175e+04 -6.314214353493259841e+04 1.053914594090531318e+04
-1.309914353446067107e+05 -1.606440329802973138e+05 1.589267903082618723e+05 5.595491584086246439e+04 -2.211768682344809713e+04 1.181476259066050261e+05 1.684482659445265017e+04 7.521543134568136884e+04 1.030794704499889049e+05 3.501936026218495099e+05 -1.648407879634610435e+05 1.498018185014466872e+05 -8.635231680111044261e+04 -3.075962597623888869e+05 1.441547522065147932e+05 1.054361348476015992e+05 -2.090483730240757154e+02 2.378480109175028701e+04
4.792455458538839221e+07 4.104508194494559430e+06 6.312195056643377757e+05 1.185542503720333101e+06 -2.274504056542758364e+06 4.203664351400597370e+05 -1.830674316941936966e+06 7.733202867584191263e+05 3.501936026218495099e+05 2.407681463772054017e+08 -7.344405798399533145e+06 -1.130988730691023730e+07 -1.036700072764491849e+07 -5.225874424452546053e+06 5.545065791944078170e+06 7.493615535872698762e+06 2.112499498306703288e+06 -3.662377928863353562e+06
-4.984906651317336946e+05 -4.635255259903340600e+06 -1.633504612364344066e+06 1.642135571599530755e+06 9.703504127888624789e+05 -2.039275282743552234e+06 -1.326713062521571526e+06 -4.396688545248383889e+05 -1.648407879634610435e+05 -7.344405798399533145e+06 4.664507888919998705e+07 1.679087128637681948e+06 -4.130286396242252085e+06 1.296546385727519169e+06 -2.730363560789685580e+05 3.916260779968128772e+05 7.127476786481980525e+04 -7.258188222541001160e+05
-1.393143688541963138e+07 2.961856761124973651e+06 6.509744710780621506e+06 2.403976241328884382e+06 -2.037340024894668895e+05 2.192918931486795482e+05 -1.229438818230118137e+06 2.719066452271552989e+05 1.498018185014466872e+05 -1.130988730691023730e+07 1.679087128637681948e+06 4.289761626920724660e+07 3.030130303165547550e+06 -3.845679909258283209e+06 1.237428995846898761e+06 -4.836574940387568495e+04 7.684700073172963457e+05 5.559550529213340487e+05
-4.733562758509801701e+06 -2.564478734379883972e+05 1.826745689158079447e+06 1.990336178144601174e+06 -9.851667044810605003e+05 1.097785351016491331e+05 4.743063318661101512e+05 2.451231711663181486e+05 -8.635231680111044261e+04 -1.036700072764491849e+07 -4.130286396242252085e+06 3.030130303165547550e+06 8.123594709848538972e+06 -4.414315818979875621e+04 9.752254317245562561e+05 -4.848414180231562932e+05 -6.426350638740583090e+05 -1.151441849914032209e+05
-4.840100807573559694e+06 1.664415149051460903e+05 1.243644749747478170e+06 8.458643247517374111e+05 1.267764261421951232e+06 -4.559700358293727040e+05 2.869305958142958116e+05 -1.739468468232964806e+05 -3.075962597623888869e+05 -5.225874424452546053e+06 1.296546385727519169e+06 -3.845679909258283209e+06 -4.414315818979875621e+04 6.970700781205276959e+06 3.472773284323851112e+05 -1.415183602891537128e+06 7.266228340959921479e+05 2.940576621332254726e+05
-1.325617648311513767e+04 1.441585167561549693e+06 4.252816557489442639e+05 2.538583467160676955e+05 -2.057744245163742162e+05 2.505281265480045404e+05 -2.443607922024648360e+04 2.745938834621787537e+05 1.441547522065147932e+05 5.545065791944078170e+06 -2.730363560789685580e+05 1.237428995846898761e+06 9.752254317245562561e+05 3.472773284323851112e+05 3.374489172530621756e+06 1.243778284102698555e+06 -7.118764222145841632e+04 1.298690154853386921e+05
3.140879296042869799e+06 2.918719678219345398e+06 6.400786745359937777e+04 -7.640264863115773769e+05 -6.532557385015761247e+05 2.725255928407597821e+05 -9.517425373094780662e+04 -6.251455947238294175e+04 1.054361348476015992e+05 7.493615535872698762e+06 3.916260779968128772e+05 -4.836574940387568495e+04 -4.848414180231562932e+05 -1.415183602891537128e+06 1.243778284102698555e+06 2.415676830929423217e+06 -3.125528415656826837e+04 -4.720774095232024411e+04
-2.714691591682942584e+06 8.766845054137583356e+05 4.633916720510688610e+05 3.338636935920912219e+04 1.646380823596521222e+05 -4.604448831937248178e+04 -2.391939493057814616e+04 -6.314214353493259841e+04 -2.090483730240757154e+02 2.112499498306703288e+06 7.127476786481980525e+04 7.684700073172963457e+05 -6.426350638740583090e+05 7.266228340959921479e+05 -7.118764222145841632e+04 -3.125528415656826837e+04 8.065244938476013485e+05 3.138695102875046432e+05
-1.772170716210166924e+06 4.062493481717105024e+05 3.352400629795932909e+05 -1.216068510570388607e+05 1.433593113552106952e+05 2.707431448525328597e+04 9.252709424064215273e+04 1.053914594090531318e+04 2.378480109175028701e+04 -3.662377928863353562e+06 -7.258188222541001160e+05 5.559550529213340487e+05 -1.151441849914032209e+05 2.940576621332254726e+05 1.298690154853386921e+05 -4.720774095232024411e+04 3.138695102875046432e+05 3.417766648425486055e+05
