# lambda=0.3050688327466582
2.756907721100974455e+07 -4.887502628699782072e+05 -2.486521305432091467e+06 3.483024615437749890e+05 4.807390486246538931e+05 -8.270302286094654119e+04 1.343342919573835388e+05 2.666940567966185699e+04 4.557613590326526719e+03 1.653651341258385591e+07 1.143828008051542193e+07 -3.311149216598774306e+06 -5.172470937878118828e+06 -1.997711266273203306e+06 -1.460009518760887673e+06 -1.468324798462413717e+06 -5.593376032353891060e+05 -1.755592109210555907e+06
-4.887502628699782072e+05 8.410835643200673163e+06 1.530498268018160947e+06 -6.258919106741864234e+05 8.770401733383660903e+05 7.125933478235758957e+04 6.896498533481459890e+04 2.126920416182166082e+05 1.768442243341759604e+05 8.034919949333180673e+06 2.899659380341896787e+06 5.179539212140418822e+05 -5.433483916979259811e+05 2.421273814469888748e+05 -1.271806732245005260e+05 2.965567570962671889e+05 5.476561971994251944e+05 -4.183699461479655001e+05
-2.486521305432091467e+06 1.530498268018160947e+06 3.339529501214799471e+06 -2.561977766646084783e+05 1.782515611820670892e+05 3.324377317549496656e+05 2.493751119061767240e+05 -7.734481930377134995e+04 -1.739838970123103718e+04 -3.494219511155785527e+06 -6.770573862732578709e+04 3.142123513609166257e+06 1.344803578110533534e+06 8.696350669546147110e+05 8.813583702416226733e+05 3.878522362348807510e+05 1.920454935108525096e+05 7.585778502397512784e+04
3.483024615437749890e+05 -6.258919106741864234e+05 -2.561977766646084783e+05 1.497667033005545149e+06 2.502451876524745312e+05 7.784306765812997764e+04 -2.237775690502457292e+04 -3.074655348694850090e+03 1.589693604615556833e+05 2.646589585392575245e+06 1.703533929056049790e+06 2.743995418907892308e+05 1.065585129054300254e+06 -5.882930871931678848e+05 -4.506688808061012533e+05 -2.224512968061265710e+05 -2.249297038757524570e+05 2.685918845064414199e+05
4.807390486246538931e+05 8.770401733383660903e+05 1.782515611820670892e+05 2.502451876524745312e+05 6.456130380919784075e+05 1.189128296374786732e+05 5.113837690099867905e+04 6.349058444863712793e+04 5.635144562042798498e+04 1.189608088491970906e+06 3.772805249601035612e+05 1.447606009831931442e+05 1.563592027342792426e+05 -2.931423878425432486e+04 1.165248813934470963e+05 -1.596841789186041860e+05 1.501693713633329317e+05 -6.052095306619793701e+04
-8.270302286094654119e+04 7.125933478235758957e+04 3.324377317549496656e+05 7.784306765812997764e+04 1.189128296374786732e+05 2.253846985837242391e+05 5.294783014647143136e+04 -3.943322046283505915e+04 3.043950993493993155e+04 -5.764333936762389494e+05 -1.038704168126989272e+06 3.390297235733149573e+05 2.264329976726933673e+05 -2.708095151342247264e+05 1.618158095848660159e+05 1.352357866536645633e+04 7.535411500549707853e+04 7.971576733354406315e+04
1.343342919573835388e+05 6.896498533481459890e+04 2.493751119061767240e+05 -2.237775690502457292e+04 5.113837690099867905e+04 5.294783014647143136e+04 2.889024289999566972e+05 5.241113728678171901e+04 6.290288471345281323e+03 -2.212070115343977232e+06 1.443609470094454009e+06 4.749083481257914100e+05 -2.549117751127691008e+05 -3.266930608952619368e+05 -1.254377727092093846e+05 2.569700383882159367e+05 6.133890767489356222e+03 1.092512323033598514e+05
2.666940567966185699e+04 2.126920416182166082e+05 -7.734481930377134995e+04 -3.074655348694850090e+03 6.349058444863712793e+04 -3.943322046283505915e+04 5.241113728678171901e+04 1.061728500647738401e+05 -1.310713105824026388e+04 -5.796062751353537897e+05 -2.208754940760987520e+05 -1.803627515358418750e+05 -2.525310334491023968e+05 2.274372796255548601e+05 -1.541278202288811553e+04 7.698631300414542784e+04 -5.942052438235330192e+04 -1.052891994227251125e+05
4.557613590326526719e+03 1.768442243341759604e+05 -1.739838970123103718e+04 1.589693604615556833e+05 5.635144562042798498e+04 3.043950993493993155e+04 6.290288471345281323e+03 -1.310713105824026388e+04 7.297231319066380092e+04 5.672389334672867553e+05 7.024100108426900115e+05 3.094703077416678425e+05 1.130183866881388094e+05 -3.098495059844605858e+05 -1.232744247100315260e+05 -8.927785187219563522e+04 -2.060869599106174792e+04 7.560738502514382708e+04
1.653651341258385591e+07 8.034919949333180673e+06 -3.494219511155785527e+06 2.646589585392575245e+06 1.189608088491970906e+06 -5.764333936762389494e+05 -2.212070115343977232e+06 -5.796062751353537897e+05 5.672389334672867553e+05 1.480025858496680260e+08 1.382165486054382659e+07 -1.414553506047670357e+07 1.304991678667149017e+03 -8.807417908938352019e+06 -1.720190379102730425e+06 -4.557224978766839020e+06 5.333365704415511573e+05 -7.188971645781206898e+05
1.143828008051542193e+07 2.899659380341896787e+06 -6.770573862732578709e+04 1.703533929056049790e+06 3.772805249601035612e+05 -1.038704168126989272e+06 1.443609470094454009e+06 -2.208754940760987520e+05 7.024100108426900115e+05 1.382165486054382659e+07 5.222447833274798840e+07 2.644787784142190591e+06 -4.427260588326879661e+05 -6.741222226389192976e+06 -4.566583011493549682e+06 -8.327402288033617660e+05 -1.044747574651239673e+06 2.132144948271783069e+06
-3.311149216598774306e+06 5.179539212140418822e+05 3.142123513609166257e+06 2.743995418907892308e+05 1.447606009831931442e+05 3.390297235733149573e+05 4.749083481257914100e+05 -1.803627515358418750e+05 3.094703077416678425e+05 -1.414553506047670357e+07 2.644787784142190591e+06 1.322078413188503683e+07 3.621690027848924510e+06 9.830843339255294995e+05 4.181816756166203995e+05 7.699969889579197625e+05 9.335453599824024132e+05 1.930758383583118848e+05
-5.172470937878118828e+06 -5.433483916979259811e+05 1.344803578110533534e+06 1.065585129054300254e+06 1.563592027342792426e+05 2.264329976726933673e+05 -2.549117751127691008e+05 -2.525310334491023968e+05 1.130183866881388094e+05 1.304991678667149017e+03 -4.427260588326879661e+05 3.621690027848924510e+06 7.391758225600078702e+06 -6.932449540093523683e+04 -2.750736228318178473e+04 1.856712763100111042e+05 3.521924747588367900e+05 6.217600374530451372e+05
-1.997711266273203306e+06 2.421273814469888748e+05 8.696350669546147110e+05 -5.882930871931678848e+05 -2.931423878425432486e+04 -2.708095151342247264e+05 -3.266930608952619368e+05 2.274372796255548601e+05 -3.098495059844605858e+05 -8.807417908938352019e+06 -6.741222226389192976e+06 9.830843339255294995e+05 -6.932449540093523683e+04 4.115936774662682787e+06 1.479590247340679402e+06 4.924624918465031078e+05 6.298555130101562827e+04 -8.627354856833191589e+05
-1.460009518760887673e+06 -1.271806732245005260e+05 8.813583702416226733e+05 -4.506688808061012533e+05 1.165248813934470963e+05 1.618158095848660159e+05 -1.254377727092093846e+05 -1.541278202288811553e+04 -1.232744247100315260e+05 -1.720190379102730425e+06 -4.566583011493549682e+06 4.181816756166203995e+05 -2.750736228318178473e+04 1.479590247340679402e+06 1.588067196510318434e+06 2.706062882363584940e+05 1.306120394006914285e+05 -1.626940818823781156e+05
-1.468324798462413717e+06 2.965567570962671889e+05 3.878522362348807510e+05 -2.224512968061265710e+05 -1.596841789186041860e+05 1.352357866536645633e+04 2.569700383882159367e+05 7.698631300414542784e+04 -8.927785187219563522e+04 -4.557224978766839020e+06 -8.327402288033617660e+05 7.699969889579197625e+05 1.856712763100111042e+05 4.924624918465031078e+05 2.706062882363584940e+05 1.924080164402019931e+06 3.371669466959990095e+05 2.765264959940581775e+03
-5.593376032353891060e+05 5.476561971994251944e+05 1.920454935108525096e+05 -2.249297038757524570e+05 1.501693713633329317e+05 7.535411500549707853e+04 6.133890767489356222e+03 -5.942052438235330192e+04 -2.060869599106174792e+04 5.333365704415511573e+05 -1.044747574651239673e+06 9.335453599824024132e+05 3.521924747588367900e+05 6.298555130101562827e+04 1.306120394006914285e+05 3.371669466959990095e+05 5.040063600223744288e+05 1.505606748744512333e+04
-1.755592109210555907e+06 -4.183699461479655001e+05 7.585778502397512784e+04 2.685918845064414199e+05 -6.052095306619793701e+04 7.971576733354406315e+04 1.092512323033598514e+05 -1.052891994227251125e+05 7.560738502514382708e+04 -7.188971645781206898e+05 2.132144948271783069e+06 1.930758383583118848e+05 6.217600374530451372e+05 -8.627354856833191589e+05 -1.626940818823781156e+05 2.765264959940581775e+03 1.505606748744512333e+04 6.514183483042037115e+05
