# lambda=0.16962871607926733
3.026705975145813450e+07 4.880396765697866213e+05 9.116794813531311229e+05 1.226740578040258260e+06 8.476163932634027442e+05 -1.824996035337848589e+06 7.232291170250280993e+05 5.586984571939388989e+05 -1.933714359746806731e+05 -1.134359235599827254e+06 1.398305829502986930e+07 3.477674251130656339e+06 1.570216962179076159e+06 2.650581134172846097e+06 -1.682746392355499556e+06 1.456816791475689970e+06 1.796230695915835211e+06 6.932835484078900190e+05
4.880396765697866213e+05 8.907377708625201136e+06 1.264669025736856740e+06 2.162892261979078408e+06 -7.465099465869361302e+05 -1.167505045252186246e+06 4.681435087887867121e+04 -3.575007701876284555e+05 1.361337890813706326e+05 6.239824161703826860e+06 3.329501677328745835e+06 -8.329201819549742504e+04 2.875556645108409226e+06 -1.598196342289905995e+06 -2.329800768140259199e+06 -1.830547463929011254e+06 5.892558370291155297e+05 7.856476597193448106e+05
9.116794813531311229e+05 1.264669025736856740e+06 1.934600271598819643e+06 1.098642889328857418e+06 1.971738079615060269e+04 -4.705862418360013398e+05 -7.930619286171717977e+04 -1.387221233163802826e+05 -8.869848195397763629e+04 6.714795585062070750e+06 2.997625780474144034e+06 1.640208400078096194e+06 3.836362454136133692e+03 6.044079104077736847e+05 -1.347586229681643017e+05 -1.407303906334947387e+05 4.923696473037585383e+05 2.845132575899829972e+05
1.226740578040258260e+06 2.162892261979078408e+06 1.098642889328857418e+06 2.834331566697262228e+06 2.830605623682465521e+05 3.293888597782418219e+04 1.567440909736885515e+05 -2.888897694536022027e+05 3.091834863404458156e+04 5.723783531037773937e+06 3.308403357485456392e+06 1.415494192739176797e+06 2.255442820828982163e+06 7.530625689667464467e+05 2.812191897841477767e+05 8.375687828550550621e+05 2.382200401200341294e+05 6.163632036702877376e+05
8.476163932634027442e+05 -7.465099465869361302e+05 1.971738079615060269e+04 2.830605623682465521e+05 5.993372597309279954e+05 1.919995798278380826e+05 2.179445242513650737e+05 9.667495922840249841e+04 5.456523706260519248e+04 -1.787500132923845202e+06 -7.783595874715327518e+05 -4.530165983197651221e+05 -1.988849736737465428e+05 4.438414346484087291e+05 7.217108626766410889e+05 4.445798665154651389e+05 6.271943422494362312e+04 3.478061686111427844e+04
-1.824996035337848589e+06 -1.167505045252186246e+06 -4.705862418360013398e+05 3.293888597782418219e+04 1.919995798278380826e+05 9.724864634369572159e+05 4.080235507206770126e+04 1.542862702403997537e+05 6.644346392167027807e+04 -2.344709104126394261e+06 -2.069951523224878823e+06 -2.039925042977480916e+06 7.025256019329994451e+05 -1.074776174310017959e+05 1.084472346482079709e+06 7.872182600497719832e+05 -1.691864111639285111e+05 5.953787506751450564e+04
7.232291170250280993e+05 4.681435087887867121e+04 -7.930619286171717977e+04 1.567440909736885515e+05 2.179445242513650737e+05 4.080235507206770126e+04 2.946864198836762807e+05 9.449199825888914347e+04 3.851881828615009726e+04 -3.147100872723422013e+06 -3.618584329625969985e+05 -5.890520376161538297e+05 -1.512828270473688317e+05 -6.148843201731556474e+04 2.035027944322821277e+05 2.532444119852215808e+05 1.744119676173734770e+05 5.151477560004257248e+04
5.586984571939388989e+05 -3.575007701876284555e+05 -1.387221233163802826e+05 -2.888897694536022027e+05 9.667495922840249841e+04 1.542862702403997537e+05 9.449199825888914347e+04 1.865737574257499655e+05 1.978937985199659670e+04 -1.269843798302787822e+06 -5.888940385226696962e+05 -1.017444407570098527e+06 -2.568524645585617400e+05 -2.388474726376903127e+05 2.029350323179982952e+05 2.206449576138262637e+05 3.274595080440031597e+04 -5.724191795574792923e+04
-1.933714359746806731e+05 1.361337890813706326e+05 -8.869848195397763629e+04 3.091834863404458156e+04 5.456523706260519248e+04 6.644346392167027807e+04 3.851881828615009726e+04 1.978937985199659670e+04 7.153791283922527509e+04 -1.190454927997311112e+06 -2.552985750559489825e+05 -3.612622847647407907e+05 2.778522321445564739e+05 -2.524140739047891693e+05 9.748335846179212967e+04 -6.630897735798363283e+04 -2.314053990638613686e+04 -2.420026543336709892e+03
-1.134359235599827254e+06 6.239824161703826860e+06 6.714795585062070750e+06 5.723783531037773937e+06 -1.787500132923845202e+06 -2.344709104126394261e+06 -3.147100872723422013e+06 -1.269843798302787822e+06 -1.190454927997311112e+06 1.467661719276579022e+08 2.805087865957553685e+07 2.220322204992678389e+07 7.868153893371948041e+06 6.263976061703120358e+06 4.777980283910514554e+05 2.559416578283791430e+06 -1.004637788341368083e+06 -1.265849000268403208e+06
1.398305829502986930e+07 3.329501677328745835e+06 2.997625780474144034e+06 3.308403357485456392e+06 -7.783595874715327518e+05 -2.069951523224878823e+06 -3.618584329625969985e+05 -5.888940385226696962e+05 -2.552985750559489825e+05 2.805087865957553685e+07 1.018658877738234252e+08 1.880960051887596771e+07 8.377526688277389854e+06 1.087044088732867874e+07 5.056226432019501925e+06 -5.168076652776509582e+04 -1.537741456236654660e+06 -1.633804572276775725e+05
3.477674251130656339e+06 -8.329201819549742504e+04 1.640208400078096194e+06 1.415494192739176797e+06 -4.530165983197651221e+05 -2.039925042977480916e+06 -5.890520376161538297e+05 -1.017444407570098527e+06 -3.612622847647407907e+05 2.220322204992678389e+07 1.880960051887596771e+07 2.584995245378876850e+07 6.549628593995005824e+06 1.298771289878922515e+06 -1.744168910104938550e+06 -1.423046212087712483e+06 -2.904045684996358978e+04 4.063617906441405648e+05
1.570216962179076159e+06 2.875556645108409226e+06 3.836362454136133692e+03 2.255442820828982163e+06 -1.988849736737465428e+05 7.025256019329994451e+05 -1.512828270473688317e+05 -2.568524645585617400e+05 2.778522321445564739e+05 7.868153893371948041e+06 8.377526688277389854e+06 6.549628593995005824e+06 1.206470591011208482e+07 -1.260386559365399298e+05 7.119433780831317417e+05 2.500233820921052829e+05 6.114648791951901512e+05 1.454225104113855632e+06
2.650581134172846097e+06 -1.598196342289905995e+06 6.044079104077736847e+05 7.530625689667464467e+05 4.438414346484087291e+05 -1.074776174310017959e+05 -6.148843201731556474e+04 -2.388474726376903127e+05 -2.524140739047891693e+05 6.263976061703120358e+06 1.087044088732867874e+07 1.298771289878922515e+06 -1.260386559365399298e+05 5.285512919644951820e+06 2.353417216518952977e+06 1.539832690157756908e+06 5.649292043921204749e+05 6.458234306996308733e+05
-1.682746392355499556e+06 -2.329800768140259199e+06 -1.347586229681643017e+05 2.812191897841477767e+05 7.217108626766410889e+05 1.084472346482079709e+06 2.035027944322821277e+05 2.029350323179982952e+05 9.748335846179212967e+04 4.777980283910514554e+05 5.056226432019501925e+06 -1.744168910104938550e+06 7.119433780831317417e+05 2.353417216518952977e+06 3.572915251486318186e+06 1.635924315769714536e+06 2.710328444289654726e+04 2.177757205727485998e+05
1.456816791475689970e+06 -1.830547463929011254e+06 -1.407303906334947387e+05 8.375687828550550621e+05 4.445798665154651389e+05 7.872182600497719832e+05 2.532444119852215808e+05 2.206449576138262637e+05 -6.630897735798363283e+04 2.559416578283791430e+06 -5.168076652776509582e+04 -1.423046212087712483e+06 2.500233820921052829e+05 1.539832690157756908e+06 1.635924315769714536e+06 2.634221494934329297e+06 1.061267642704987666e+05 3.630982473649511230e+05
1.796230695915835211e+06 5.892558370291155297e+05 4.923696473037585383e+05 2.382200401200341294e+05 6.271943422494362312e+04 -1.691864111639285111e+05 1.744119676173734770e+05 3.274595080440031597e+04 -2.314053990638613686e+04 -1.004637788341368083e+06 -1.537741456236654660e+06 -2.904045684996358978e+04 6.114648791951901512e+05 5.649292043921204749e+05 2.710328444289654726e+04 1.061267642704987666e+05 9.355766125126432162e+05 5.011347328449076158e+05
6.932835484078900190e+05 7.856476597193448106e+05 2.845132575899829972e+05 6.163632036702877376e+05 3.478061686111427844e+04 5.953787506751450564e+04 5.151477560004257248e+04 -5.724191795574792923e+04 -2.420026543336709892e+03 -1.265849000268403208e+06 -1.633804572276775725e+05 4.063617906441405648e+05 1.454225104113855632e+06 6.458234306996308733e+05 2.177757205727485998e+05 3.630982473649511230e+05 5.011347328449076158e+05 7.286286472765264334e+05
