# lambda=0.10291906430268535
6.060839291687197238e+07 1.371149584590502456e+07 7.328762382958504371e+06 4.424310693376665935e+06 -7.793897247328523372e+04 3.514241598222762696e+05 2.669349320765234879e+05 3.646141165966624976e+05 -4.272671217953278683e+05 6.445318180901175737e+07 3.318221107956760377e+07 5.970349342397060245e+06 1.194206162573043257e+07 -1.273869153598178411e+06 -1.963502459001507377e+05 1.280712448644084157e+06 2.239455795860880171e+05 -1.447475843457163777e+06
1.371149584590502456e+07 1.792500008870271221e+07 3.270026116358718835e+06 -8.284299596587659325e+05 -3.498125459300332586e+05 7.448515599565156735e+05 3.447225468663089559e+05 4.423463002622081549e+05 1.875670295606923755e+05 2.478522321765083075e+07 1.554154405920531228e+07 -1.371439191021393985e+06 7.122167693363575963e+05 7.465976102455697255e+05 2.858143449303053785e+06 1.366153162882914068e+06 1.671237471072449116e+06 1.221305080366322072e+06
7.328762382958504371e+06 3.270026116358718835e+06 4.653807239439977333e+06 5.302796567447632551e+05 -2.853010434923993889e+05 -2.283480576426951448e+05 2.059946336776344979e+05 -1.111814449375699187e+05 3.907574907003039698e+04 1.123880431025014073e+07 9.076755605256808922e+06 3.738966186396555975e+06 5.399239384439720307e+05 -1.675369096961040981e+06 -1.199426084118369967e+06 3.409326533646723256e+05 -3.124068715885535930e+05 2.804168819750702824e+04
4.424310693376665935e+06 -8.284299596587659325e+05 5.302796567447632551e+05 3.049340853127628565e+06 -1.343781522414928477e+05 -4.925871911552645615e+05 -1.377837313698653270e+04 -1.929897007451806858e+05 -3.283523805674661999e+05 -5.627542901813359000e+06 -1.352432088329584803e+06 -1.382642946039265022e+06 2.539811408606728539e+06 5.576616096765138209e+05 -9.037087877917565638e+05 5.430344094616283837e+04 -5.876369477439902257e+05 -2.309072935933037952e+05
-7.793897247328523372e+04 -3.498125459300332586e+05 -2.853010434923993889e+05 -1.343781522414928477e+05 4.901647054703816539e+05 1.099164731852820696e+05 -6.184716697142662451e+04 -2.575973060804801207e+04 3.834698721228898648e+04 -1.340438865761294030e+06 3.555708225508023170e+05 -8.329132521278907079e+05 -3.346939905129219551e+04 2.383054493361103232e+05 2.613431559538656729e+05 1.601835646739530202e+05 3.792893621207295801e+05 1.504140620349651363e+04
3.514241598222762696e+05 7.448515599565156735e+05 -2.283480576426951448e+05 -4.925871911552645615e+05 1.099164731852820696e+05 6.085480556410278659e+05 7.205573585996207839e+04 9.368167864778009243e+04 8.249831550799738034e+04 2.814488234649655409e+06 -2.693431765615477925e+05 7.520833972129896574e+04 -2.673949616681839689e+05 -1.429659464924205968e+05 7.988346913602965651e+05 3.048285883946573595e+05 3.775237305866777897e+05 1.367282208602393221e+05
2.669349320765234879e+05 3.447225468663089559e+05 2.059946336776344979e+05 -1.377837313698653270e+04 -6.184716697142662451e+04 7.205573585996207839e+04 4.003760015658078482e+05 1.261931533567525366e+04 -1.955841893933284882e+04 3.495691531003692187e+06 -4.117243655604898813e+05 1.306035082862857031e+06 2.883324680727417581e+04 -4.294683361716133077e+05 1.016034683123245195e+05 2.617551107147113362e+05 2.818195069950983816e+04 2.182312803769470520e+03
3.646141165966624976e+05 4.423463002622081549e+05 -1.111814449375699187e+05 -1.929897007451806858e+05 -2.575973060804801207e+04 9.368167864778009243e+04 1.261931533567525366e+04 1.596237389318580099e+05 3.526088302820759418e+04 2.744734281411589123e+06 2.090796867230180360e+05 3.163262598329895991e+05 -8.281957683265012747e+04 1.706087764040227194e+04 -3.721449754456982191e+04 -2.027467151931943663e+05 6.354470827910885419e+04 6.814056223280692939e+04
-4.272671217953278683e+05 1.875670295606923755e+05 3.907574907003039698e+04 -3.283523805674661999e+05 3.834698721228898648e+04 8.249831550799738034e+04 -1.955841893933284882e+04 3.526088302820759418e+04 9.855875553521956317e+04 8.485579032368649496e+04 8.426531368915575513e+02 1.847941020034807443e+05 -3.327602791697727516e+05 -2.240072468610749056e+05 5.125482503683697723e+04 -6.312078708661633573e+04 5.584925447134410206e+04 1.117773585317419493e+05
6.445318180901175737e+07 2.478522321765083075e+07 1.123880431025014073e+07 -5.627542901813359000e+06 -1.340438865761294030e+06 2.814488234649655409e+06 3.495691531003692187e+06 2.744734281411589123e+06 8.485579032368649496e+04 2.942210079737031460e+08 8.441998997541390359e+07 2.176758550982348248e+07 2.054821573501216248e+07 -8.585755626800058410e+06 7.761778081348119304e+06 -5.817129956738136243e+05 3.544191162410162389e+06 2.103644830760797486e+05
3.318221107956760377e+07 1.554154405920531228e+07 9.076755605256808922e+06 -1.352432088329584803e+06 3.555708225508023170e+05 -2.693431765615477925e+05 -4.117243655604898813e+05 2.090796867230180360e+05 8.426531368915575513e+02 8.441998997541390359e+07 9.144382585331448913e+07 1.782049558293675259e+07 1.215680600736769289e+07 -5.666070398694057018e+06 -4.644043534668600187e+05 -5.038944968961392296e+05 1.605512646870329045e+06 9.372275209004796343e+05
5.970349342397060245e+06 -1.371439191021393985e+06 3.738966186396555975e+06 -1.382642946039265022e+06 -8.329132521278907079e+05 7.520833972129896574e+04 1.306035082862857031e+06 3.163262598329895991e+05 1.847941020034807443e+05 2.176758550982348248e+07 1.782049558293675259e+07 3.007682504079791531e+07 1.704659728189017856e+06 -7.193586786939558573e+06 -1.353838310768990312e+06 -1.352784748219969042e+05 -8.592644124305290170e+05 2.478049711246614752e+05
1.194206162573043257e+07 7.122167693363575963e+05 5.399239384439720307e+05 2.539811408606728539e+06 -3.346939905129219551e+04 -2.673949616681839689e+05 2.883324680727417581e+04 -8.281957683265012747e+04 -3.327602791697727516e+05 2.054821573501216248e+07 1.215680600736769289e+07 1.704659728189017856e+06 8.610050083371924236e+06 6.571412872862309450e+05 6.698074732096029911e+05 5.550361106426562183e+05 -5.652448037083648378e+05 -1.857104313766685082e+05
-1.273869153598178411e+06 7.465976102455697255e+05 -1.675369096961040981e+06 5.576616096765138209e+05 2.383054493361103232e+05 -1.429659464924205968e+05 -4.294683361716133077e+05 1.706087764040227194e+04 -2.240072468610749056e+05 -8.585755626800058410e+06 -5.666070398694057018e+06 -7.193586786939558573e+06 6.571412872862309450e+05 3.510869599080141634e+06 6.207328769568768330e+05 2.746896406103908084e+05 1.544942756330015836e+05 -2.274093260551496642e+05
-1.963502459001507377e+05 2.858143449303053785e+06 -1.199426084118369967e+06 -9.037087877917565638e+05 2.613431559538656729e+05 7.988346913602965651e+05 1.016034683123245195e+05 -3.721449754456982191e+04 5.125482503683697723e+04 7.761778081348119304e+06 -4.644043534668600187e+05 -1.353838310768990312e+06 6.698074732096029911e+05 6.207328769568768330e+05 3.643495439533107448e+06 1.346605834081085632e+06 1.184060420531699434e+06 4.068405538727544481e+05
1.280712448644084157e+06 1.366153162882914068e+06 3.409326533646723256e+05 5.430344094616283837e+04 1.601835646739530202e+05 3.048285883946573595e+05 2.617551107147113362e+05 -2.027467151931943663e+05 -6.312078708661633573e+04 -5.817129956738136243e+05 -5.038944968961392296e+05 -1.352784748219969042e+05 5.550361106426562183e+05 2.746896406103908084e+05 1.346605834081085632e+06 1.451668778875854099e+06 2.962738715505459695e+05 -8.393537980055921071e+04
2.239455795860880171e+05 1.671237471072449116e+06 -3.124068715885535930e+05 -5.876369477439902257e+05 3.792893621207295801e+05 3.775237305866777897e+05 2.818195069950983816e+04 6.354470827910885419e+04 5.584925447134410206e+04 3.544191162410162389e+06 1.605512646870329045e+06 -8.592644124305290170e+05 -5.652448037083648378e+05 1.544942756330015836e+05 1.184060420531699434e+06 2.962738715505459695e+05 9.641158762254363392e+05 3.730055868850765401e+05
-1.447475843457163777e+06 1.221305080366322072e+06 2.804168819750702824e+04 -2.309072935933037952e+05 1.504140620349651363e+04 1.367282208602393221e+05 2.182312803769470520e+03 6.814056223280692939e+04 1.117773585317419493e+05 2.103644830760797486e+05 9.372275209004796343e+05 2.478049711246614752e+05 -1.857104313766685082e+05 -2.274093260551496642e+05 4.068405538727544481e+05 -8.393537980055921071e+04 3.730055868850765401e+05 7.322892415568188298e+05
