# lambda=0.2513225000267789
2.449954430168430880e+07 9.403727968100694939e+06 -1.499596965146755974e+05 -1.813769325921559473e+06 -4.344574553801789298e+05 -6.315812216760193696e+05 2.245785986994215928e+05 1.166703975038970239e+05 -9.850971906142188527e+04 1.169763290382833220e+06 -5.116265584785908461e+06 -7.445947473065587692e+06 -2.263855361998050474e+06 4.268134427351540071e+05 -2.661296934246733319e+06 -2.072225064805431612e+04 4.075916208082078374e+05 -1.013115009113629640e+05
9.403727968100694939e+06 1.084944115916029178e+07 9.503717146465962287e+05 4.183162615795424790e+05 -3.112088370308835874e+05 -6.592887782257059007e+04 4.909521514657591615e+04 2.757963365311499219e+05 -1.478524633144593681e+05 2.073078825465505943e+06 2.068189572560244997e+05 -1.322524025009642821e+06 2.439063739612251229e+05 2.776934282878466416e+06 -2.151761143879275303e+06 1.221935584529529093e+06 2.665959277883854811e+05 -2.480154429389224242e+04
-1.499596965146755974e+05 9.503717146465962287e+05 3.290984370855065994e+06 2.140076784026810899e+06 9.231448989802731667e+05 -1.711843546551284089e+05 -1.803417981888495851e+05 -4.824671374883397948e+04 1.206086705558004178e+05 -7.794440092226720415e+06 4.018404279132930562e+06 9.847078812359730946e+05 9.074354799660625868e+05 9.284332320223037386e+05 2.415581482318468625e+05 -1.442969571668808640e+05 1.259783073462829052e+05 2.228896380004434031e+05
-1.813769325921559473e+06 4.183162615795424790e+05 2.140076784026810899e+06 2.858577132009522524e+06 9.814555788095642347e+05 1.833704886501246074e+05 -3.461996504502189055e+04 2.076984378703280527e+05 1.002197636028375086e+03 -1.225650563329404220e+06 4.406615550219504163e+06 2.286714907495676540e+06 6.250076951097986894e+05 1.153493618999471655e+06 5.384347640385391423e+05 7.410365652933923993e+05 2.221976455038967470e+04 7.900932563626029878e+04
-4.344574553801789298e+05 -3.112088370308835874e+05 9.231448989802731667e+05 9.814555788095642347e+05 1.377318625892214477e+06 2.255793039848424378e+05 2.674652182063616419e+04 -4.363520046651639859e+04 3.569602850559754734e+04 -7.071320422113845125e+05 9.481269981019202387e+05 2.127531644504521508e+06 4.883445859266593470e+05 6.853576272472812561e+05 3.134673898581356625e+05 3.301988189776937943e+05 4.316678205380419240e+04 6.125423656719681276e+03
-6.315812216760193696e+05 -6.592887782257059007e+04 -1.711843546551284089e+05 1.833704886501246074e+05 2.255793039848424378e+05 4.101634091302159941e+05 1.022586117447726283e+05 -1.123468573595175621e+04 4.631350179310983549e+03 2.639510054888984654e+06 -8.442667330410226714e+05 7.169011043762332993e+05 -1.508871595248586091e+05 1.406782446055768232e+05 2.815879910526594031e+05 5.113222060163318529e+05 -4.709637723653991998e+04 -8.433870330849751190e+04
2.245785986994215928e+05 4.909521514657591615e+04 -1.803417981888495851e+05 -3.461996504502189055e+04 2.674652182063616419e+04 1.022586117447726283e+05 2.754763735638902290e+05 1.411689130377581459e+05 3.194354577843370498e+04 4.551891438040483627e+05 6.910790297282417305e+05 8.804540366848424310e+05 6.772264668186254858e+04 2.426824637242173194e+05 7.600010990190517623e+04 2.101896814295229851e+05 1.943086434184199315e+05 7.876904787327091981e+03
1.166703975038970239e+05 2.757963365311499219e+05 -4.824671374883397948e+04 2.076984378703280527e+05 -4.363520046651639859e+04 -1.123468573595175621e+04 1.411689130377581459e+05 2.386361418586079380e+05 5.515376857828509856e+03 2.872857489130751928e+05 2.620631639480157173e+05 6.957215446797822369e+05 -8.947155212198983645e+04 3.750330147580816174e+03 -3.163108770254548290e+04 6.684660521535461885e+04 2.604313947786645440e+05 2.591220942695314079e+04
-9.850971906142188527e+04 -1.478524633144593681e+05 1.206086705558004178e+05 1.002197636028375086e+03 3.569602850559754734e+04 4.631350179310983549e+03 3.194354577843370498e+04 5.515376857828509856e+03 6.513787551803648239e+04 -7.094957959087002091e+05 6.841128075111267390e+04 2.182624560226137692e+05 -4.453400970925996808e+04 7.731626034922471263e+03 -4.770878047930708271e+04 -1.499462350008460089e+04 9.509583022460281791e+04 5.639162316507038486e+04
1.169763290382833220e+06 2.073078825465505943e+06 -7.794440092226720415e+06 -1.225650563329404220e+06 -7.071320422113845125e+05 2.639510054888984654e+06 4.551891438040483627e+05 2.872857489130751928e+05 -7.094957959087002091e+05 9.184217633209639788e+07 -1.330632410537097976e+07 -7.222214495298909023e+05 -4.829087927826051600e+06 3.148526868330103811e+06 3.054383339734658599e+06 6.293141703195291571e+06 -2.488478900816897221e+05 5.164794583136868896e+05
-5.116265584785908461e+06 2.068189572560244997e+05 4.018404279132930562e+06 4.406615550219504163e+06 9.481269981019202387e+05 -8.442667330410226714e+05 6.910790297282417305e+05 2.620631639480157173e+05 6.841128075111267390e+04 -1.330632410537097976e+07 4.914679044554375857e+07 1.164839618582810089e+07 9.013966665629049763e+06 7.012564313424994238e+06 1.301249243851181353e+06 1.350955422566845082e+06 9.178719558213732671e+05 7.982850522662544390e+05
-7.445947473065587692e+06 -1.322524025009642821e+06 9.847078812359730946e+05 2.286714907495676540e+06 2.127531644504521508e+06 7.169011043762332993e+05 8.804540366848424310e+05 6.957215446797822369e+05 2.182624560226137692e+05 -7.222214495298909023e+05 1.164839618582810089e+07 2.395096374094865099e+07 3.601605857341931667e+06 4.047669820259389933e+06 9.278111686655844096e+05 1.784099960388391512e+06 1.528045976074262988e+06 -1.463642137482648541e+05
-2.263855361998050474e+06 2.439063739612251229e+05 9.074354799660625868e+05 6.250076951097986894e+05 4.883445859266593470e+05 -1.508871595248586091e+05 6.772264668186254858e+04 -8.947155212198983645e+04 -4.453400970925996808e+04 -4.829087927826051600e+06 9.013966665629049763e+06 3.601605857341931667e+06 5.404821588246468455e+06 1.351429613672497682e+06 2.256729312805258378e+05 -4.044886338976102998e+05 -7.363526259078205330e+05 5.925801509798430925e+04
4.268134427351540071e+05 2.776934282878466416e+06 9.284332320223037386e+05 1.153493618999471655e+06 6.853576272472812561e+05 1.406782446055768232e+05 2.426824637242173194e+05 3.750330147580816174e+03 7.731626034922471263e+03 3.148526868330103811e+06 7.012564313424994238e+06 4.047669820259389933e+06 1.351429613672497682e+06 3.502842246493279468e+06 1.721926386055748444e+05 1.368573488367550774e+06 1.383325198574526003e+05 2.735293765317564830e+05
-2.661296934246733319e+06 -2.151761143879275303e+06 2.415581482318468625e+05 5.384347640385391423e+05 3.134673898581356625e+05 2.815879910526594031e+05 7.600010990190517623e+04 -3.163108770254548290e+04 -4.770878047930708271e+04 3.054383339734658599e+06 1.301249243851181353e+06 9.278111686655844096e+05 2.256729312805258378e+05 1.721926386055748444e+05 2.069176814596632030e+06 2.223427956441855349e+05 9.734765304124310205e+04 5.471724464016478305e+04
-2.072225064805431612e+04 1.221935584529529093e+06 -1.442969571668808640e+05 7.410365652933923993e+05 3.301988189776937943e+05 5.113222060163318529e+05 2.101896814295229851e+05 6.684660521535461885e+04 -1.499462350008460089e+04 6.293141703195291571e+06 1.350955422566845082e+06 1.784099960388391512e+06 -4.044886338976102998e+05 1.368573488367550774e+06 2.223427956441855349e+05 1.762521854302671039e+06 3.324740277938971121e+04 -5.268007425897507346e+04
4.075916208082078374e+05 2.665959277883854811e+05 1.259783073462829052e+05 2.221976455038967470e+04 4.316678205380419240e+04 -4.709637723653991998e+04 1.943086434184199315e+05 2.604313947786645440e+05 9.509583022460281791e+04 -2.488478900816897221e+05 9.178719558213732671e+05 1.528045976074262988e+06 -7.363526259078205330e+05 1.383325198574526003e+05 9.734765304124310205e+04 3.324740277938971121e+04 9.147599622673504055e+05 1.441672145690459583e+05
-1.013115009113629640e+05 -2.480154429389224242e+04 2.228896380004434031e+05 7.900932563626029878e+04 6.125423656719681276e+03 -8.433870330849751190e+04 7.876904787327091981e+03 2.591220942695314079e+04 5.639162316507038486e+04 5.164794583136868896e+05 7.982850522662544390e+05 -1.463642137482648541e+05 5.925801509798430925e+04 2.735293765317564830e+05 5.471724464016478305e+04 -5.268007425897507346e+04 1.441672145690459583e+05 2.417970413484776218e+05
