# lambda=0.20000952097069655
2.428891053056535870e+07 -7.528472585737712216e+05 -2.098637448930135288e+05 -2.083776335380879755e+05 1.463229174889838323e+05 -1.110675147942028707e+06 -2.341222918462984380e+05 -4.552774458534314181e+05 -1.991742398122010927e+05 3.871023870251048356e+06 -1.996137062917593494e+07 6.878162074219140224e+06 9.136594276694647269e+05 1.852316671538618393e+06 -4.318172927434573881e+06 -3.512769321929397061e+06 -2.084290761771230493e+06 7.129315642974806251e+05
-7.528472585737712216e+05 1.332358656071097590e+07 -1.726779118868529622e+05 -2.414039508980168495e+06 3.160542122258837917e+05 1.504018377568586147e+05 3.163944121665376006e+05 -3.557852717996213469e+05 1.796793120605017757e+05 4.533011854843446054e+06 5.208518823601149954e+06 -3.607623849012206309e+06 -1.766336312772016507e+06 -1.119559237912131473e+06 -9.586445894523038296e+05 -5.499287695461558178e+05 -1.013749201551162987e+06 -8.282165296156200930e+04
-2.098637448930135288e+05 -1.726779118868529622e+05 2.854751813670392148e+06 1.444018635924561182e+06 6.270436292943130684e+04 1.448120866412019532e+05 1.249447296422125655e+05 1.161268282902034662e+04 1.763596758254475135e+05 -3.883037267803636845e+06 -1.736912466215570457e+06 4.744777872612369247e+06 4.145953961498915451e+05 8.573931453099834034e+05 6.441238974847427016e+04 -1.294123651984088210e+05 1.088430148059901258e+05 -1.951066153900968784e+05
-2.083776335380879755e+05 -2.414039508980168495e+06 1.444018635924561182e+06 2.531358394639075734e+06 1.110377486052465829e+05 -2.685609557821142371e+05 -8.785494683428310964e+04 1.046423169055531034e+05 1.233417091391486028e+05 1.921371048692130018e+06 7.078374222070013639e+05 4.033846766139028594e+06 1.159685046182261780e+06 5.071749165479803924e+05 -1.881605720320975233e+05 5.152680367786572606e+04 1.540259650313870225e+05 -3.056719611767449010e+02
1.463229174889838323e+05 3.160542122258837917e+05 6.270436292943130684e+04 1.110377486052465829e+05 4.045178474716219353e+05 1.272476061846298689e+05 -5.849714840795041528e+04 4.289584809490632324e+04 1.424882431103732379e+05 1.356644901765961898e+06 -8.469075995725748362e+05 -1.203154001128082746e+05 -9.333424131333666155e+05 3.554477201257619890e+05 -4.043807854377508629e+05 9.160232272889645537e+04 1.611085054950769409e+05 7.826054961723725137e+04
-1.110675147942028707e+06 1.504018377568586147e+05 1.448120866412019532e+05 -2.685609557821142371e+05 1.272476061846298689e+05 4.775034488688160200e+05 -4.870778213721505017e+04 2.860168328967283287e+03 3.818395154865634686e+04 -2.304327653161493130e+06 -1.242960733114209957e+06 -5.368282769539487781e+05 -3.852805851524363970e+05 4.617790121627817862e+05 4.514067779833468958e+05 3.660742721551606664e+05 3.525934650537352427e+05 -6.199762430530665733e+04
-2.341222918462984380e+05 3.163944121665376006e+05 1.249447296422125655e+05 -8.785494683428310964e+04 -5.849714840795041528e+04 -4.870778213721505017e+04 1.870764800428003655e+05 -2.823032919376996142e+04 -2.635914816333415001e+04 -6.504866342022808967e+05 8.972275250280176988e+05 1.728434905754373467e+05 -1.463412986142767659e+04 -1.585153034850417462e+05 -3.135556227194845633e+04 7.974164055961959821e+04 -4.114397390510704281e+04 -7.063055148698820267e+04
-4.552774458534314181e+05 -3.557852717996213469e+05 1.161268282902034662e+04 1.046423169055531034e+05 4.289584809490632324e+04 2.860168328967283287e+03 -2.823032919376996142e+04 1.058298835555489059e+05 1.811681545008839385e+04 -4.621174098447408760e+05 1.635792454047620413e+05 -3.500639670961354859e+05 -4.166086014667113195e+05 -2.020748057479497802e+05 5.784219336716330872e+04 7.180960384608867753e+04 8.504277166135099833e+04 -8.263800464955420466e+03
-1.991742398122010927e+05 1.796793120605017757e+05 1.763596758254475135e+05 1.233417091391486028e+05 1.424882431103732379e+05 3.818395154865634686e+04 -2.635914816333415001e+04 1.811681545008839385e+04 1.314120048846387945e+05 3.831770840816720738e+05 -4.810614111259606434e+05 2.213330199909361545e+05 -3.914146909469222883e+05 3.022254418742656126e+05 -1.305559234660148359e+05 -1.938108188535552836e+04 1.494796057595321618e+05 3.673439241933252197e+04
3.871023870251048356e+06 4.533011854843446054e+06 -3.883037267803636845e+06 1.921371048692130018e+06 1.356644901765961898e+06 -2.304327653161493130e+06 -6.504866342022808967e+05 -4.621174098447408760e+05 3.831770840816720738e+05 1.400479952066070437e+08 1.466643185951927863e+07 -1.340940247635244578e+07 -5.764881102077116258e+06 -9.623659278698446229e+06 -1.035145814441326261e+07 -1.877233070408004103e+06 -3.170305000999246724e+06 -1.809993854561564513e+05
-1.996137062917593494e+07 5.208518823601149954e+06 -1.736912466215570457e+06 7.078374222070013639e+05 -8.469075995725748362e+05 -1.242960733114209957e+06 8.972275250280176988e+05 1.635792454047620413e+05 -4.810614111259606434e+05 1.466643185951927863e+07 5.957881680070634931e+07 -2.011375879574421328e+06 3.853462413678934332e+06 -8.801333760994233191e+06 2.222575236321301665e+06 3.458734683404933196e+06 -2.828851728019364527e+05 -4.828950165563542396e+05
6.878162074219140224e+06 -3.607623849012206309e+06 4.744777872612369247e+06 4.033846766139028594e+06 -1.203154001128082746e+05 -5.368282769539487781e+05 1.728434905754373467e+05 -3.500639670961354859e+05 2.213330199909361545e+05 -1.340940247635244578e+07 -2.011375879574421328e+06 2.190690381766676903e+07 4.990752478832061402e+06 4.675724414607794024e+06 -1.436274918504789937e+06 -1.241144532031139126e+06 -2.797228261785879149e+05 1.004396948705675313e+05
9.136594276694647269e+05 -1.766336312772016507e+06 4.145953961498915451e+05 1.159685046182261780e+06 -9.333424131333666155e+05 -3.852805851524363970e+05 -1.463412986142767659e+04 -4.166086014667113195e+05 -3.914146909469222883e+05 -5.764881102077116258e+06 3.853462413678934332e+06 4.990752478832061402e+06 9.501476623300556093e+06 2.593589876211639028e+06 1.648285082921828609e+06 -5.750152886537276208e+05 -1.756357255103370408e+05 4.017461064433940337e+05
1.852316671538618393e+06 -1.119559237912131473e+06 8.573931453099834034e+05 5.071749165479803924e+05 3.554477201257619890e+05 4.617790121627817862e+05 -1.585153034850417462e+05 -2.020748057479497802e+05 3.022254418742656126e+05 -9.623659278698446229e+06 -8.801333760994233191e+06 4.675724414607794024e+06 2.593589876211639028e+06 6.232286045649083331e+06 9.489117655774613377e+04 -1.299795300349466997e+05 8.109623075978946872e+05 5.337827947362688428e+04
-4.318172927434573881e+06 -9.586445894523038296e+05 6.441238974847427016e+04 -1.881605720320975233e+05 -4.043807854377508629e+05 4.514067779833468958e+05 -3.135556227194845633e+04 5.784219336716330872e+04 -1.305559234660148359e+05 -1.035145814441326261e+07 2.222575236321301665e+06 -1.436274918504789937e+06 1.648285082921828609e+06 9.489117655774613377e+04 2.669840672178744804e+06 8.714461396579439752e+05 6.850839325766253751e+05 -1.597869689519213534e+04
-3.512769321929397061e+06 -5.499287695461558178e+05 -1.294123651984088210e+05 5.152680367786572606e+04 9.160232272889645537e+04 3.660742721551606664e+05 7.974164055961959821e+04 7.180960384608867753e+04 -1.938108188535552836e+04 -1.877233070408004103e+06 3.458734683404933196e+06 -1.241144532031139126e+06 -5.750152886537276208e+05 -1.299795300349466997e+05 8.714461396579439752e+05 1.357649812830703333e+06 5.283236443951450055e+05 -2.464151410566515406e+05
-2.084290761771230493e+06 -1.013749201551162987e+06 1.088430148059901258e+05 1.540259650313870225e+05 1.611085054950769409e+05 3.525934650537352427e+05 -4.114397390510704281e+04 8.504277166135099833e+04 1.494796057595321618e+05 -3.170305000999246724e+06 -2.828851728019364527e+05 -2.797228261785879149e+05 -1.756357255103370408e+05 8.109623075978946872e+05 6.850839325766253751e+05 5.283236443951450055e+05 7.403842786919542123e+05 6.696035785428466625e+04
7.129315642974806251e+05 -8.282165296156200930e+04 -1.951066153900968784e+05 -3.056719611767449010e+02 7.826054961723725137e+04 -6.199762430530665733e+04 -7.063055148698820267e+04 -8.263800464955420466e+03 3.673439241933252197e+04 -1.809993854561564513e+05 -4.828950165563542396e+05 1.004396948705675313e+05 4.017461064433940337e+05 5.337827947362688428e+04 -1.597869689519213534e+04 -2.464151410566515406e+05 6.696035785428466625e+04 4.410911043288809597e+05
