# lambda=0.15263430134531164
3.681345900413403660e+07 2.970080419277861714e+06 -8.367616270764257759e+06 -3.608320510372709017e+06 4.380707457327957964e+05 1.046502378457626473e+05 3.448229181522590807e+05 -9.919855803750347113e+05 1.425341842149951553e+05 4.592778425441311300e+07 1.027993797641677782e+07 3.239072137902828399e+05 -1.085974824252505554e+06 -9.675586549826327246e+04 -4.941818707416240126e+06 2.674313345625720453e+06 -1.767522543428213103e+05 1.097673160723631270e+06
2.970080419277861714e+06 2.527723424142218754e+07 1.319837233792757150e+06 -7.773370201115921373e+04 1.750916342033397872e+06 9.146251465874350397e+05 -4.095868871492239996e+05 3.942476884657933260e+05 2.329062997357061831e+05 5.977251216755134985e+06 2.456852075252697244e+07 1.073855708830890991e+07 2.710218768988617230e+05 2.546093814101395663e+06 2.161347681278292555e+06 1.589448099035228661e+05 -7.457137873327347916e+05 3.126573926684750404e+04
-8.367616270764257759e+06 1.319837233792757150e+06 7.901157807841568254e+06 1.958920439616097137e+06 2.961060765879357932e+05 -1.353556890641397040e+05 3.667886859546299820e+04 6.355066199252445949e+05 -1.198189079211500939e+05 -3.483153550799303222e+06 -1.414914959216830321e+06 5.464914579869333655e+06 -1.704195772968893871e+06 1.362742069204155123e+05 1.033097464781604940e+06 -5.607479241307531483e+05 -5.187167282839492545e+05 -8.936311430248974357e+05
-3.608320510372709017e+06 -7.773370201115921373e+04 1.958920439616097137e+06 1.622647903365753824e+06 -5.764583364203736710e+04 -1.038500944805615291e+05 -6.246290250749955885e+04 2.846021914252339775e+04 -7.405342598244397959e+04 -5.012373774824049324e+06 -1.717712836461536353e+06 1.364224248425931670e+06 -1.463339263807369862e+05 3.744774317000841256e+05 5.027843594820165890e+05 7.425618372051126244e+03 -7.413624016037619731e+04 -1.206403004863959941e+05
4.380707457327957964e+05 1.750916342033397872e+06 2.961060765879357932e+05 -5.764583364203736710e+04 6.615613157984958962e+05 2.664965672141378745e+05 -2.514415365953962464e+03 5.311156418055562426e+03 8.963627580366201073e+03 2.041568016345713753e+06 3.423823629820659757e+06 1.552531090122810099e+06 -2.866786999686217750e+05 -1.320104496734137065e+05 -1.299899780839929153e+05 -1.232169959206695203e+05 -1.088998520818425168e+05 -8.124388382715695479e+04
1.046502378457626473e+05 9.146251465874350397e+05 -1.353556890641397040e+05 -1.038500944805615291e+05 2.664965672141378745e+05 3.818966932141850120e+05 6.576890621821860259e+04 -3.626689383511662891e+04 4.452881491356216429e+04 2.727361387619312154e+05 3.046124359939468559e+06 7.244843267324903281e+05 1.048874788472267828e+05 -1.766370621112613590e+05 1.528884234655640321e+05 -2.048766597529666906e+05 -4.964456534765333345e+03 4.253040964448351588e+04
3.448229181522590807e+05 -4.095868871492239996e+05 3.667886859546299820e+04 -6.246290250749955885e+04 -2.514415365953962464e+03 6.576890621821860259e+04 2.343267434556964436e+05 -1.938718708014727963e+04 2.268356998604856926e+04 -1.100424664989953162e+06 1.214613663141153520e+06 6.225509108177662711e+04 -2.990143063071793877e+05 -2.658805625295867212e+05 2.610102748875063844e+05 1.706331055115304771e+05 8.830732611081361028e+03 1.872500291487789127e+03
-9.919855803750347113e+05 3.942476884657933260e+05 6.355066199252445949e+05 2.846021914252339775e+04 5.311156418055562426e+03 -3.626689383511662891e+04 -1.938718708014727963e+04 2.419140041999944078e+05 -9.666345906543827368e+03 -6.403776099681796040e+05 2.955656367727637553e+04 -9.808551286253721628e+03 -2.396377947696229967e+05 1.103417099035845313e+05 8.894838103488694469e+04 -1.973778045518863655e+05 1.595923985155354057e+04 -3.349642002910471638e+04
1.425341842149951553e+05 2.329062997357061831e+05 -1.198189079211500939e+05 -7.405342598244397959e+04 8.963627580366201073e+03 4.452881491356216429e+04 2.268356998604856926e+04 -9.666345906543827368e+03 7.204889383527539030e+04 -6.140280783820694778e+05 3.361310501672898536e+05 4.589505052918973379e+05 5.562909708414043052e+03 -1.226385140628720983e+05 8.307459384969559324e+04 -2.176473245271452106e+04 -3.619062200136184401e+04 7.551731484100408852e+04
4.592778425441311300e+07 5.977251216755134985e+06 -3.483153550799303222e+06 -5.012373774824049324e+06 2.041568016345713753e+06 2.727361387619312154e+05 -1.100424664989953162e+06 -6.403776099681796040e+05 -6.140280783820694778e+05 1.837947770413720012e+08 1.431394648881595209e+07 1.436060053302886337e+07 -3.254983182335787453e+06 1.676731293992284220e+06 -9.723291924399627373e+06 1.618822634565273765e+06 -1.068958956851905677e+06 8.211200366576225497e+05
1.027993797641677782e+07 2.456852075252697244e+07 -1.414914959216830321e+06 -1.717712836461536353e+06 3.423823629820659757e+06 3.046124359939468559e+06 1.214613663141153520e+06 2.955656367727637553e+04 3.361310501672898536e+05 1.431394648881595209e+07 9.272537299242074788e+07 1.245256689612776600e+07 2.104531217550381552e+05 2.850245703232620144e+05 3.090140017535283696e+06 1.706180171282176394e+06 7.880239937156434171e+05 6.389215659562817309e+05
3.239072137902828399e+05 1.073855708830890991e+07 5.464914579869333655e+06 1.364224248425931670e+06 1.552531090122810099e+06 7.244843267324903281e+05 6.225509108177662711e+04 -9.808551286253721628e+03 4.589505052918973379e+05 1.436060053302886337e+07 1.245256689612776600e+07 2.361770963376852870e+07 -1.218375666904313955e+06 1.292145802664340474e+06 1.567546112983800704e+05 2.404746572391850059e+05 -1.781075724021862959e+06 -1.544446711360379959e+04
-1.085974824252505554e+06 2.710218768988617230e+05 -1.704195772968893871e+06 -1.463339263807369862e+05 -2.866786999686217750e+05 1.048874788472267828e+05 -2.990143063071793877e+05 -2.396377947696229967e+05 5.562909708414043052e+03 -3.254983182335787453e+06 2.104531217550381552e+05 -1.218375666904313955e+06 4.819144164475679398e+06 9.563199589659862686e+05 -9.550688639267670806e+04 -1.348787810667944432e+05 -4.132275636814912286e+04 4.921872391323011834e+05
-9.675586549826327246e+04 2.546093814101395663e+06 1.362742069204155123e+05 3.744774317000841256e+05 -1.320104496734137065e+05 -1.766370621112613590e+05 -2.658805625295867212e+05 1.103417099035845313e+05 -1.226385140628720983e+05 1.676731293992284220e+06 2.850245703232620144e+05 1.292145802664340474e+06 9.563199589659862686e+05 2.219984346389810555e+06 2.603732075050793064e+05 2.403273496617829369e+05 -2.052762497186256951e+04 1.718948017055777018e+05
-4.941818707416240126e+06 2.161347681278292555e+06 1.033097464781604940e+06 5.027843594820165890e+05 -1.299899780839929153e+05 1.528884234655640321e+05 2.610102748875063844e+05 8.894838103488694469e+04 8.307459384969559324e+04 -9.723291924399627373e+06 3.090140017535283696e+06 1.567546112983800704e+05 -9.550688639267670806e+04 2.603732075050793064e+05 2.212549157713164110e+06 -9.355777282552150427e+04 1.281816772089829028e+05 1.012056907236208208e+05
2.674313345625720453e+06 1.589448099035228661e+05 -5.607479241307531483e+05 7.425618372051126244e+03 -1.232169959206695203e+05 -2.048766597529666906e+05 1.706331055115304771e+05 -1.973778045518863655e+05 -2.176473245271452106e+04 1.618822634565273765e+06 1.706180171282176394e+06 2.404746572391850059e+05 -1.348787810667944432e+05 2.403273496617829369e+05 -9.355777282552150427e+04 1.287282228479989339e+06 1.488487222891097481e+05 7.069420660681257141e+04
-1.767522543428213103e+05 -7.457137873327347916e+05 -5.187167282839492545e+05 -7.413624016037619731e+04 -1.088998520818425168e+05 -4.964456534765333345e+03 8.830732611081361028e+03 1.595923985155354057e+04 -3.619062200136184401e+04 -1.068958956851905677e+06 7.880239937156434171e+05 -1.781075724021862959e+06 -4.132275636814912286e+04 -2.052762497186256951e+04 1.281816772089829028e+05 1.488487222891097481e+05 5.877469809958781116e+05 2.561755935276095115e+05
1.097673160723631270e+06 3.126573926684750404e+04 -8.936311430248974357e+05 -1.206403004863959941e+05 -8.124388382715695479e+04 4.253040964448351588e+04 1.872500291487789127e+03 -3.349642002910471638e+04 7.551731484100408852e+04 8.211200366576225497e+05 6.389215659562817309e+05 -1.544446711360379959e+04 4.921872391323011834e+05 1.718948017055777018e+05 1.012056907236208208e+05 7.069420660681257141e+04 2.561755935276095115e+05 6.068618343759583076e+05
