# lambda=0.17187900965838396
5.441156186745394766e+07 1.755057797188691329e+06 -2.207930708353145048e+06 3.064761315896893386e+06 -6.231342710853411118e+05 1.203520650348833296e+06 -1.826574009401913208e+05 3.062220512370155120e+04 -3.355769438636958366e+05 1.865848118933774531e+07 2.011988472415348887e+07 3.791664316420867108e+06 1.364241254247598117e+06 3.268536964093125891e+06 2.008951044924752321e+06 -1.769334653166525066e+06 -9.794616875214234460e+05 -2.031140668590468587e+06
1.755057797188691329e+06 1.750278668469476327e+07 -5.914511341006828006e+05 -1.994258054107991513e+06 -1.611539711278707022e+06 -1.620009251677761495e+05 -3.768537526995910448e+05 9.328554236935822701e+04 -1.715525974683608365e+04 1.964355787138834968e+07 1.488314364017422870e+07 5.327704658817485906e+05 -2.294879717327731196e+06 -4.667385705213098554e+05 -1.002147144327003974e+06 1.186624691812285455e+05 -1.658153280266127549e+06 -5.984117298749333713e+05
-2.207930708353145048e+06 -5.914511341006828006e+05 2.465031783330675215e+06 2.564029193278000166e+05 5.705379966549748788e+05 2.664992252946833032e+05 6.337383779209384375e+04 -2.079825766860686053e+04 3.868283969505731420e+03 -1.889359248404605547e+06 -2.743965001434296719e+05 1.998893381810295163e+06 2.487923328599871602e+05 -6.622083883262422169e+05 4.245540726781588746e+05 -9.368351481625100132e+04 1.873020464429113417e+04 1.039988095770079526e+05
3.064761315896893386e+06 -1.994258054107991513e+06 2.564029193278000166e+05 2.925632368117980659e+06 3.534701671159059624e+05 -1.701153219419124298e+03 2.234080813835357258e+05 -3.280067510908945405e+04 -1.139677916377818656e+04 2.496210369169533253e+06 -3.020959429747194983e+06 2.525413669317220338e+06 2.150813690318991896e+06 -6.279127302917123307e+05 5.915054052597308764e+05 -1.150223391826091247e+05 -1.363891223298658151e+05 -1.638414408567186547e+04
-6.231342710853411118e+05 -1.611539711278707022e+06 5.705379966549748788e+05 3.534701671159059624e+05 1.130751003034396330e+06 2.941122565328531200e+05 7.800821454170909419e+04 -5.564203842380930291e+04 4.188152907264123496e+04 4.693212223933568224e+06 1.263344558763053268e+06 -6.847237591681821505e+05 2.130134419602941198e+05 2.892117723586122156e+05 6.988342902005307842e+05 -8.375212022544030333e+04 6.573228899996072869e+04 -1.171294203392242925e+05
1.203520650348833296e+06 -1.620009251677761495e+05 2.664992252946833032e+05 -1.701153219419124298e+03 2.941122565328531200e+05 5.015917501742503373e+05 1.818395775881751615e+04 2.781742314153572079e+04 3.480485274806138477e+04 2.645192541099112481e+06 3.169217027221063618e+06 -3.837489450427120319e+05 2.758684972540056333e+05 -5.569927023742524761e+04 6.291524942756368546e+05 1.610695322365187167e+05 1.206752622695646714e+05 -1.377436489394262317e+05
-1.826574009401913208e+05 -3.768537526995910448e+05 6.337383779209384375e+04 2.234080813835357258e+05 7.800821454170909419e+04 1.818395775881751615e+04 2.799914679100512294e+05 3.242196106689020235e+04 -8.795888436735222058e+03 -2.021677284584907815e+06 -1.286323521227389137e+05 -1.882761573715807026e+04 -1.018338804670365498e+05 -8.890302358828103752e+04 3.067355065926961252e+05 1.479608869121588577e+04 6.284204879212393280e+04 -1.435370413039967534e+05
3.062220512370155120e+04 9.328554236935822701e+04 -2.079825766860686053e+04 -3.280067510908945405e+04 -5.564203842380930291e+04 2.781742314153572079e+04 3.242196106689020235e+04 1.129336592317377072e+05 2.908823205718060490e+04 -4.734932154338552937e+04 -1.003730040013698861e+06 -6.439430866559645801e+04 1.407422497152980359e+05 -1.744805121196298278e+05 -1.117864088964665279e+05 6.548482855090718658e+04 1.273638453753669746e+05 4.684569439078012465e+02
-3.355769438636958366e+05 -1.715525974683608365e+04 3.868283969505731420e+03 -1.139677916377818656e+04 4.188152907264123496e+04 3.480485274806138477e+04 -8.795888436735222058e+03 2.908823205718060490e+04 7.256112569643888855e+04 2.366468786868159950e+05 -2.808013135156856151e+04 -2.367631717485343688e+05 7.087835667233174900e+04 -1.042427413058098755e+05 -4.196894198804166081e+04 4.503213039269457659e+04 2.385532948658172609e+04 5.446616357667747070e+04
1.865848118933774531e+07 1.964355787138834968e+07 -1.889359248404605547e+06 2.496210369169533253e+06 4.693212223933568224e+06 2.645192541099112481e+06 -2.021677284584907815e+06 -4.734932154338552937e+04 2.366468786868159950e+05 1.924253858769744933e+08 5.747153333863997459e+07 -2.425232019513143227e+06 4.381047660828014836e+06 2.212967552787165157e+06 6.165548404331792146e+06 -1.801590196559641743e+06 2.626127923235034104e+05 -8.313092404459806858e+05
2.011988472415348887e+07 1.488314364017422870e+07 -2.743965001434296719e+05 -3.020959429747194983e+06 1.263344558763053268e+06 3.169217027221063618e+06 -1.286323521227389137e+05 -1.003730040013698861e+06 -2.808013135156856151e+04 5.747153333863997459e+07 9.094327264161132276e+07 2.088750700714554871e+06 -7.283399209112147801e+06 -1.931581022096339148e+06 8.503665371605515480e+06 3.017794163809756865e+05 -1.687649104645193089e+06 -2.121577747224387713e+06
3.791664316420867108e+06 5.327704658817485906e+05 1.998893381810295163e+06 2.525413669317220338e+06 -6.847237591681821505e+05 -3.837489450427120319e+05 -1.882761573715807026e+04 -6.439430866559645801e+04 -2.367631717485343688e+05 -2.425232019513143227e+06 2.088750700714554871e+06 1.427517237604926154e+07 1.572868853915398475e+06 -3.744336732702070381e+06 1.645803711271370761e+06 -9.322766806030031294e+05 -7.375843915204860969e+05 7.400893553381110542e+04
1.364241254247598117e+06 -2.294879717327731196e+06 2.487923328599871602e+05 2.150813690318991896e+06 2.130134419602941198e+05 2.758684972540056333e+05 -1.018338804670365498e+05 1.407422497152980359e+05 7.087835667233174900e+04 4.381047660828014836e+06 -7.283399209112147801e+06 1.572868853915398475e+06 1.195407348440972902e+07 7.005941662448253483e+05 -1.619908450959183276e+06 -3.264804422423476935e+05 1.668658425689565949e+06 9.427990774773181183e+05
3.268536964093125891e+06 -4.667385705213098554e+05 -6.622083883262422169e+05 -6.279127302917123307e+05 2.892117723586122156e+05 -5.569927023742524761e+04 -8.890302358828103752e+04 -1.744805121196298278e+05 -1.042427413058098755e+05 2.212967552787165157e+06 -1.931581022096339148e+06 -3.744336732702070381e+06 7.005941662448253483e+05 3.380719036103168037e+06 8.241803595590383338e+04 -2.470371976794113580e+05 1.783067768768586975e+05 1.679751383998555320e+04
2.008951044924752321e+06 -1.002147144327003974e+06 4.245540726781588746e+05 5.915054052597308764e+05 6.988342902005307842e+05 6.291524942756368546e+05 3.067355065926961252e+05 -1.117864088964665279e+05 -4.196894198804166081e+04 6.165548404331792146e+06 8.503665371605515480e+06 1.645803711271370761e+06 -1.619908450959183276e+06 8.241803595590383338e+04 3.963019274989610072e+06 7.179503875521177542e+04 -4.781607797399209812e+04 -3.677427080465353793e+05
-1.769334653166525066e+06 1.186624691812285455e+05 -9.368351481625100132e+04 -1.150223391826091247e+05 -8.375212022544030333e+04 1.610695322365187167e+05 1.479608869121588577e+04 6.548482855090718658e+04 4.503213039269457659e+04 -1.801590196559641743e+06 3.017794163809756865e+05 -9.322766806030031294e+05 -3.264804422423476935e+05 -2.470371976794113580e+05 7.179503875521177542e+04 7.841146453494102461e+05 7.832514813524999227e+03 1.188576950210147879e+04
-9.794616875214234460e+05 -1.658153280266127549e+06 1.873020464429113417e+04 -1.363891223298658151e+05 6.573228899996072869e+04 1.206752622695646714e+05 6.284204879212393280e+04 1.273638453753669746e+05 2.385532948658172609e+04 2.626127923235034104e+05 -1.687649104645193089e+06 -7.375843915204860969e+05 1.668658425689565949e+06 1.783067768768586975e+05 -4.781607797399209812e+04 7.832514813524999227e+03 8.679342883136294549e+05 2.422396561237401038e+05
-2.031140668590468587e+06 -5.984117298749333713e+05 1.039988095770079526e+05 -1.638414408567186547e+04 -1.171294203392242925e+05 -1.377436489394262317e+05 -1.435370413039967534e+05 4.684569439078012465e+02 5.446616357667747070e+04 -8.313092404459806858e+05 -2.121577747224387713e+06 7.400893553381110542e+04 9.427990774773181183e+05 1.679751383998555320e+04 -3.677427080465353793e+05 1.188576950210147879e+04 2.422396561237401038e+05 3.828151281885931967e+05
