# lambda=0.1585897273778863
4.254030048341328651e+07 -9.178551281673188787e+05 -1.490760948251834372e+06 -1.638845513425370737e+05 -3.023126535859139985e+05 9.742271881929956144e+05 -5.483095719628803199e+05 -1.131200616009617224e+05 6.144189349006862612e+05 9.532514636440776289e+06 -1.204246550550034642e+07 9.736374842673612293e+05 -2.881612658006155863e+06 -4.224169504047673545e+05 -1.602526424567903159e+06 -2.235493062597991899e+06 1.761799830826625694e+06 -1.135880917128299479e+05
-9.178551281673188787e+05 8.023939669178254902e+06 7.215283266424963949e+05 -7.408209777059259359e+05 1.790050930909640374e+04 -2.784283661475668778e+05 3.040289397064772202e+05 7.437569115306474487e+03 -1.993514523072418569e+03 -4.574351516092699952e+06 -5.242169723445698619e+06 -4.627706023657668382e+06 -5.154622617639369855e+04 4.381471022862323298e+04 1.033451727639405406e+06 5.555158077569395537e+05 -1.322512302003194345e+05 -8.894653948453185149e+05
-1.490760948251834372e+06 7.215283266424963949e+05 2.288517717751136981e+06 4.368868361437612330e+05 1.434478381939293968e+03 -1.901932885937448591e+05 1.453830767426860402e+05 7.858238052471098490e+04 -6.792677755819167942e+04 1.832772953387917252e+06 -3.015931434244645759e+06 2.108667047610186506e+06 -1.119197527839232935e+06 5.585896921795638045e+05 2.876103450579366181e+05 -2.314008831726651697e+05 -2.653837807168305153e+05 -2.563501182269853598e+04
-1.638845513425370737e+05 -7.408209777059259359e+05 4.368868361437612330e+05 2.487535779719072860e+06 2.495253079793871148e+05 1.530025487177421164e+05 1.247175834912310092e+05 1.543517931207157089e+05 7.814284224499037373e+04 4.596522718942996580e+05 2.096010910502325045e+06 2.059422394371952396e+06 2.001602872367010918e+06 -3.880748151285434724e+05 -6.913766849039755471e+04 1.626633465674284671e+05 -5.508535844949444254e+03 4.790040922056892305e+04
-3.023126535859139985e+05 1.790050930909640374e+04 1.434478381939293968e+03 2.495253079793871148e+05 9.648333600072222762e+05 1.081320289512609743e+05 6.780124594713136321e+04 1.206787938026780903e+05 5.641075746187432378e+04 2.479774306054092594e+05 -1.802161454133068444e+06 5.143212510633098427e+05 2.921897526717199071e+04 4.274480582891619415e+05 4.083602220379944192e+05 1.227705578280152695e+05 8.288600465556364725e+03 1.091095339140471697e+04
9.742271881929956144e+05 -2.784283661475668778e+05 -1.901932885937448591e+05 1.530025487177421164e+05 1.081320289512609743e+05 4.959439414397607907e+05 4.674156202155105711e+04 1.244760584362439258e+05 6.924024441263682093e+04 -4.670545168249144917e+05 -2.867187400200742297e+06 -1.674932329540181090e+05 4.292505425369376899e+05 -1.050953532289843497e+04 5.375014938190839166e+04 1.374180015700391086e+05 2.091532471391444851e+05 4.464689675909883226e+04
-5.483095719628803199e+05 3.040289397064772202e+05 1.453830767426860402e+05 1.247175834912310092e+05 6.780124594713136321e+04 4.674156202155105711e+04 5.748781278777923435e+05 2.604095860217323352e+05 1.348809516934651183e+05 -1.802258085834808589e+05 -1.277460490944599733e+06 1.381000680861938454e+05 1.411198428292276512e+05 3.120962590669649217e+04 3.520538980965241208e+05 1.700154295811656048e+05 3.783421601996783866e+05 9.306972316384633814e+03
-1.131200616009617224e+05 7.437569115306474487e+03 7.858238052471098490e+04 1.543517931207157089e+05 1.206787938026780903e+05 1.244760584362439258e+05 2.604095860217323352e+05 2.677407067599132424e+05 1.235461337743674521e+05 5.007239550160795334e+05 -3.649703452726312680e+05 -1.382033925327461911e+05 8.384887226308115351e+04 1.018021529226299899e+05 1.017034126460922416e+05 9.688396265492595558e+04 4.251319363233270706e+05 -2.224155982278359261e+03
6.144189349006862612e+05 -1.993514523072418569e+03 -6.792677755819167942e+04 7.814284224499037373e+04 5.641075746187432378e+04 6.924024441263682093e+04 1.348809516934651183e+05 1.235461337743674521e+05 1.374532737468712148e+05 1.313460151878706412e+06 2.319671343269124336e+05 6.317584553591327276e+05 4.180327593290785444e+05 1.371944462007835682e+05 1.159640478522864578e+05 3.484030680060583836e+04 1.561728740371171443e+05 1.433553664730756100e+04
9.532514636440776289e+06 -4.574351516092699952e+06 1.832772953387917252e+06 4.596522718942996580e+05 2.479774306054092594e+05 -4.670545168249144917e+05 -1.802258085834808589e+05 5.007239550160795334e+05 1.313460151878706412e+06 1.820363437741114497e+08 3.228983417782106996e+07 1.954207623045102134e+07 1.041377754474868439e+07 8.436587014430213720e+06 -1.197505940624464070e+06 -3.184567452240044251e+06 3.356471564695097972e+06 1.260653416101563722e+06
-1.204246550550034642e+07 -5.242169723445698619e+06 -3.015931434244645759e+06 2.096010910502325045e+06 -1.802161454133068444e+06 -2.867187400200742297e+06 -1.277460490944599733e+06 -3.649703452726312680e+05 2.319671343269124336e+05 3.228983417782106996e+07 9.055326497910109162e+07 1.343563854257150926e+07 3.950238295655876398e+06 2.431892376058435068e+06 -1.574840166143649956e+06 2.691724645384024363e+06 2.539553750636604615e+06 1.133851924365621759e+06
9.736374842673612293e+05 -4.627706023657668382e+06 2.108667047610186506e+06 2.059422394371952396e+06 5.143212510633098427e+05 -1.674932329540181090e+05 1.381000680861938454e+05 -1.382033925327461911e+05 6.317584553591327276e+05 1.954207623045102134e+07 1.343563854257150926e+07 3.489644946219161898e+07 4.413320697188051417e+06 4.405423135256253183e+06 -9.424049258926721523e+05 -1.486069701712033420e+05 -5.857093627796977526e+05 7.322497789279140998e+05
-2.881612658006155863e+06 -5.154622617639369855e+04 -1.119197527839232935e+06 2.001602872367010918e+06 2.921897526717199071e+04 4.292505425369376899e+05 1.411198428292276512e+05 8.384887226308115351e+04 4.180327593290785444e+05 1.041377754474868439e+07 3.950238295655876398e+06 4.413320697188051417e+06 1.058644750078493170e+07 7.110076879904391244e+05 -6.161031658185560955e+05 9.558588060116989072e+05 -4.368416485310632270e+05 4.380963320274266880e+05
-4.224169504047673545e+05 4.381471022862323298e+04 5.585896921795638045e+05 -3.880748151285434724e+05 4.274480582891619415e+05 -1.050953532289843497e+04 3.120962590669649217e+04 1.018021529226299899e+05 1.371944462007835682e+05 8.436587014430213720e+06 2.431892376058435068e+06 4.405423135256253183e+06 7.110076879904391244e+05 2.522068969285627361e+06 3.174937089970698580e+05 7.259640508249115665e+05 3.323912775945917820e+05 4.016537165686232038e+05
-1.602526424567903159e+06 1.033451727639405406e+06 2.876103450579366181e+05 -6.913766849039755471e+04 4.083602220379944192e+05 5.375014938190839166e+04 3.520538980965241208e+05 1.017034126460922416e+05 1.159640478522864578e+05 -1.197505940624464070e+06 -1.574840166143649956e+06 -9.424049258926721523e+05 -6.161031658185560955e+05 3.174937089970698580e+05 2.129772164827261586e+06 3.400183183844911982e+05 -2.540281875491444953e+05 4.918694693103561294e+05
-2.235493062597991899e+06 5.555158077569395537e+05 -2.314008831726651697e+05 1.626633465674284671e+05 1.227705578280152695e+05 1.374180015700391086e+05 1.700154295811656048e+05 9.688396265492595558e+04 3.484030680060583836e+04 -3.184567452240044251e+06 2.691724645384024363e+06 -1.486069701712033420e+05 9.558588060116989072e+05 7.259640508249115665e+05 3.400183183844911982e+05 1.387669030165187316e+06 2.910764138700893964e+05 2.075755437984283199e+05
1.761799830826625694e+06 -1.322512302003194345e+05 -2.653837807168305153e+05 -5.508535844949444254e+03 8.288600465556364725e+03 2.091532471391444851e+05 3.783421601996783866e+05 4.251319363233270706e+05 1.561728740371171443e+05 3.356471564695097972e+06 2.539553750636604615e+06 -5.857093627796977526e+05 -4.368416485310632270e+05 3.323912775945917820e+05 -2.540281875491444953e+05 2.910764138700893964e+05 1.581362818934154464e+06 1.538156118395834892e+04
-1.135880917128299479e+05 -8.894653948453185149e+05 -2.563501182269853598e+04 4.790040922056892305e+04 1.091095339140471697e+04 4.464689675909883226e+04 9.306972316384633814e+03 -2.224155982278359261e+03 1.433553664730756100e+04 1.260653416101563722e+06 1.133851924365621759e+06 7.322497789279140998e+05 4.380963320274266880e+05 4.016537165686232038e+05 4.918694693103561294e+05 2.075755437984283199e+05 1.538156118395834892e+04 5.485144125626371242e+05
