# lambda=0.1997025333824258
3.353850410818450153e+07 2.405721980406783056e+06 6.046803136530080810e+05 -9.374942410405189730e+05 -3.395815035408620606e+05 3.178613177485645865e+05 -4.701584393492631498e+05 -5.090018523397028330e+05 -1.274591362999098637e+05 -1.776078294015896390e+05 1.454416938498731889e+07 -9.896603148423308507e+06 -2.003313268751076888e+06 -6.191635890702632023e+05 7.698486564382254146e+05 7.312050718153466005e+05 -4.334882347744035360e+04 -1.023262989715909818e+06
2.405721980406783056e+06 8.757916151890661567e+06 4.272725809117836179e+05 -1.910340388210021192e+05 2.909574683994941297e+05 9.693106038610778050e+05 3.715692118814914138e+05 2.065553509085521218e+05 2.009202200878019503e+05 -5.342295446039125323e+06 1.421504492013021605e+06 -1.716713149272208102e+06 3.484402265832473640e+05 -1.658935158020820818e+05 1.615456387217461132e+06 1.796139342265138868e+06 2.583118888471898390e+05 -4.360869245690570096e+05
6.046803136530080810e+05 4.272725809117836179e+05 3.564935930699046236e+06 1.111281175831799628e+06 3.008267415556252818e+05 -6.160420814747286931e+04 2.562657724107988179e+05 1.313270099838462193e+05 -1.949332166146116651e+04 -2.239164729133978486e+06 -1.392524374862519559e+06 4.053757140746499645e+05 1.947947067950672703e+06 3.536028222365992260e+05 7.370458411790847313e+05 4.967717761578031932e+05 2.589558195017402759e+05 2.174313469217156817e+05
-9.374942410405189730e+05 -1.910340388210021192e+05 1.111281175831799628e+06 1.089426418788441457e+06 1.801126037480223749e+05 3.043386748334281729e+05 2.901110194460988278e+05 9.091628904503534432e+04 4.408249122295403504e+04 -1.803193249585615005e+06 -9.125202189712090185e+05 1.729132837540987181e+06 1.108320102770561120e+06 1.697603441391228116e+05 6.832049401836028555e+05 3.297933229335809010e+05 7.419078781819978030e+04 8.714910367394919376e+03
-3.395815035408620606e+05 2.909574683994941297e+05 3.008267415556252818e+05 1.801126037480223749e+05 5.574070686179273762e+05 1.793830694736807200e+05 4.559970350944788515e+04 6.453442635634051112e+04 2.255915557209947656e+04 1.162553479769463651e+06 -5.449771090032220818e+05 1.599796026474794489e+05 -2.444200456069088541e+05 4.378227384108669939e+05 1.603438994617909775e+05 3.777856589634920820e+05 1.471255925640073256e+05 -2.061492838496083277e+05
3.178613177485645865e+05 9.693106038610778050e+05 -6.160420814747286931e+04 3.043386748334281729e+05 1.793830694736807200e+05 5.935596817259328673e+05 1.543551838956356514e+05 9.539265258441638434e+04 3.536785895217047073e+04 -2.600805272121125308e+05 -4.628677146297982545e+05 8.387850689446744509e+05 1.491536989113977470e+05 2.599419878943580261e+05 6.287496677227268228e+05 6.178298066498533590e+05 -8.818375452661271265e+04 -1.876243484601894161e+05
-4.701584393492631498e+05 3.715692118814914138e+05 2.562657724107988179e+05 2.901110194460988278e+05 4.559970350944788515e+04 1.543551838956356514e+05 2.370701468779031129e+05 3.373680238695572916e+04 1.960186368279754970e+04 9.772347529464057880e+05 -4.877496575730579789e+05 9.035120637050971854e+05 3.688187428079830715e+05 1.275524913091975213e+04 2.619293982805922569e+05 1.327779983722427278e+05 3.200375055270550729e+04 -4.271132637504790910e+04
-5.090018523397028330e+05 2.065553509085521218e+05 1.313270099838462193e+05 9.091628904503534432e+04 6.453442635634051112e+04 9.539265258441638434e+04 3.373680238695572916e+04 1.106101397518447193e+05 4.597915938673128403e+04 3.276223783425014699e+05 -4.770864668871997856e+05 1.196801600948657724e+05 -2.146760695949294895e+05 -3.762172574281749985e+04 1.005015883398478909e+05 1.216478986933592678e+05 -3.320445869785338346e+03 4.697137410779880884e+04
-1.274591362999098637e+05 2.009202200878019503e+05 -1.949332166146116651e+04 4.408249122295403504e+04 2.255915557209947656e+04 3.536785895217047073e+04 1.960186368279754970e+04 4.597915938673128403e+04 7.966166905113031680e+04 1.156550508348301955e+05 2.538122287995824081e+04 -5.027191729908785783e+05 -2.916496617141705356e+05 -2.764429271127336542e+05 -2.635363257589591012e+04 2.024534634683029435e+04 -1.939583253863154096e+04 3.467794633111483563e+03
-1.776078294015896390e+05 -5.342295446039125323e+06 -2.239164729133978486e+06 -1.803193249585615005e+06 1.162553479769463651e+06 -2.600805272121125308e+05 9.772347529464057880e+05 3.276223783425014699e+05 1.156550508348301955e+05 1.444129588764841855e+08 -6.346733424316798337e+06 -4.517925545188417658e+06 -8.612683012270061299e+06 -3.790418133507892955e+06 2.673737907989766914e+06 -1.823441715237640776e+06 -2.185720488118930254e+06 2.127336846508822870e+06
1.454416938498731889e+07 1.421504492013021605e+06 -1.392524374862519559e+06 -9.125202189712090185e+05 -5.449771090032220818e+05 -4.628677146297982545e+05 -4.877496575730579789e+05 -4.770864668871997856e+05 2.538122287995824081e+04 -6.346733424316798337e+06 1.860125825244512409e+07 -5.472337783050997183e+06 1.139802223446012940e+06 -7.235044512083993759e+05 2.142355112023805850e+04 4.302706431979636545e+05 8.044597125775278546e+05 -7.285648752884713467e+05
-9.896603148423308507e+06 -1.716713149272208102e+06 4.053757140746499645e+05 1.729132837540987181e+06 1.599796026474794489e+05 8.387850689446744509e+05 9.035120637050971854e+05 1.196801600948657724e+05 -5.027191729908785783e+05 -4.517925545188417658e+06 -5.472337783050997183e+06 2.288229233255209029e+07 5.151316962323630229e+06 5.345921559474057518e+06 1.841325640051424038e+06 1.357096566085096449e+06 4.523752265971333836e+05 1.412857830842448166e+05
-2.003313268751076888e+06 3.484402265832473640e+05 1.947947067950672703e+06 1.108320102770561120e+06 -2.444200456069088541e+05 1.491536989113977470e+05 3.688187428079830715e+05 -2.146760695949294895e+05 -2.916496617141705356e+05 -8.612683012270061299e+06 1.139802223446012940e+06 5.151316962323630229e+06 1.123287885708971322e+07 1.740876615765769733e+06 -7.013673816828483541e+04 4.712031893474675016e+05 -7.448320755614485824e+04 4.208223004973229254e+05
-6.191635890702632023e+05 -1.658935158020820818e+05 3.536028222365992260e+05 1.697603441391228116e+05 4.378227384108669939e+05 2.599419878943580261e+05 1.275524913091975213e+04 -3.762172574281749985e+04 -2.764429271127336542e+05 -3.790418133507892955e+06 -7.235044512083993759e+05 5.345921559474057518e+06 1.740876615765769733e+06 3.694302901873606723e+06 9.112688205235395581e+05 4.744624169730044086e+05 -2.148582483737305156e+05 -4.477642244093593326e+05
7.698486564382254146e+05 1.615456387217461132e+06 7.370458411790847313e+05 6.832049401836028555e+05 1.603438994617909775e+05 6.287496677227268228e+05 2.619293982805922569e+05 1.005015883398478909e+05 -2.635363257589591012e+04 2.673737907989766914e+06 2.142355112023805850e+04 1.841325640051424038e+06 -7.013673816828483541e+04 9.112688205235395581e+05 2.852103483615975827e+06 9.838962629424221814e+05 -2.000801452549731766e+05 -3.214723740181456087e+05
7.312050718153466005e+05 1.796139342265138868e+06 4.967717761578031932e+05 3.297933229335809010e+05 3.777856589634920820e+05 6.178298066498533590e+05 1.327779983722427278e+05 1.216478986933592678e+05 2.024534634683029435e+04 -1.823441715237640776e+06 4.302706431979636545e+05 1.357096566085096449e+06 4.712031893474675016e+05 4.744624169730044086e+05 9.838962629424221814e+05 1.296531424590708455e+06 7.744412896402037586e+04 -2.068907868351703219e+05
-4.334882347744035360e+04 2.583118888471898390e+05 2.589558195017402759e+05 7.419078781819978030e+04 1.471255925640073256e+05 -8.818375452661271265e+04 3.200375055270550729e+04 -3.320445869785338346e+03 -1.939583253863154096e+04 -2.185720488118930254e+06 8.044597125775278546e+05 4.523752265971333836e+05 -7.448320755614485824e+04 -2.148582483737305156e+05 -2.000801452549731766e+05 7.744412896402037586e+04 7.133770020583282458e+05 1.438339499601121934e+05
-1.023262989715909818e+06 -4.360869245690570096e+05 2.174313469217156817e+05 8.714910367394919376e+03 -2.061492838496083277e+05 -1.876243484601894161e+05 -4.271132637504790910e+04 4.697137410779880884e+04 3.467794633111483563e+03 2.127336846508822870e+06 -7.285648752884713467e+05 1.412857830842448166e+05 4.208223004973229254e+05 -4.477642244093593326e+05 -3.214723740181456087e+05 -2.068907868351703219e+05 1.438339499601121934e+05 7.881088021075301804e+05
