# lambda=0.14780741675078574
5.552373549569432437e+07 5.048753019298096187e+06 8.130581392795564898e+04 3.531067412111183163e+06 3.420838798711618409e+06 1.023547248403054895e+06 1.376969155429745326e+06 4.348099099299203372e+05 -2.038840325134342420e+05 2.440963264612957463e+07 2.497631827808783948e+07 8.092405841871249722e+05 3.849166290000842419e+06 4.385595934333968908e+06 1.823410561512719840e+06 3.226836806069950107e+06 -6.119921358859234024e+05 -2.464824793670434970e+06
5.048753019298096187e+06 1.291085136829923093e+07 4.320288684375623241e+06 1.584708478841027711e+06 1.628381560866967076e+06 5.747876409442975419e+05 2.546626331210265926e+05 4.859042604719551746e+05 3.760259016123277252e+05 8.954381940575486049e+06 2.139146151973177120e+07 5.807365812663198449e+06 -1.091744111993095285e+05 8.342128178775882116e+05 2.015091633056730789e+05 1.811713194967225194e+06 -1.558451476427475609e+04 -1.092271462401250843e+06
8.130581392795564898e+04 4.320288684375623241e+06 7.194507078040388413e+06 7.231567875642983709e+05 7.436689607751194853e+05 4.871159832962144865e+05 1.551856881871900987e+05 -4.691308857870444626e+04 5.164742108860416192e+04 1.286064032277470222e+06 8.361193562914285809e+06 5.243157617457289249e+06 4.354031205212626373e+05 -1.585519632517496124e+06 1.166323509646317223e+06 1.411040510663963156e+06 3.366943302479076083e+05 1.088732040050702781e+05
3.531067412111183163e+06 1.584708478841027711e+06 7.231567875642983709e+05 1.380581127578927670e+06 1.492477776743821451e+05 1.508594230586264457e+05 1.126094545926992141e+05 -6.332654346901467216e+04 -2.778692248010932599e+04 3.517528085959796445e+05 5.935013998554391786e+06 1.220217063427066198e+06 1.244096469262951287e+06 -5.945342826207164908e+05 -4.355926050300214556e+05 1.542884813808888430e+05 -1.740251964349476621e+05 -2.740046178642356535e+05
3.420838798711618409e+06 1.628381560866967076e+06 7.436689607751194853e+05 1.492477776743821451e+05 8.563226182652148418e+05 2.436983717676685483e+05 2.238262660134918988e+05 2.269407241991137853e+05 9.383941865061942372e+04 1.538659459189240588e+06 3.749135318024145439e+06 1.449667120317876688e+05 5.985085716694872826e+05 2.131107759164174204e+05 2.305799278956926137e+05 3.730066378958076239e+05 -1.198795198331491702e+05 -1.549990723611802678e+05
1.023547248403054895e+06 5.747876409442975419e+05 4.871159832962144865e+05 1.508594230586264457e+05 2.436983717676685483e+05 4.164535862624416477e+05 1.095395638097054180e+05 2.377715776834607095e+04 4.923146502588576550e+04 -3.692499635837442383e+03 1.578198937758706044e+06 3.414850673066967865e+05 4.979620376132196398e+05 -8.099397674549238582e+04 8.654393060242314823e+04 2.094040809970274277e+05 -2.035101223981520743e+05 -9.439084295668204504e+03
1.376969155429745326e+06 2.546626331210265926e+05 1.551856881871900987e+05 1.126094545926992141e+05 2.238262660134918988e+05 1.095395638097054180e+05 2.376299226248047780e+05 3.042418894707244908e+04 2.947439581914326482e+04 8.755826901386039099e+05 1.998658105657330481e+06 5.744855372752307449e+05 3.055041677641724236e+05 1.843852509826898458e+05 2.830514289325748687e+05 4.276196331880186335e+04 -1.381280464041825508e+04 6.432531060351279302e+04
4.348099099299203372e+05 4.859042604719551746e+05 -4.691308857870444626e+04 -6.332654346901467216e+04 2.269407241991137853e+05 2.377715776834607095e+04 3.042418894707244908e+04 1.955716990219585423e+05 4.850942726093901001e+04 -6.566756670509416144e+05 4.943826544147760142e+05 -7.042139457589188532e+04 4.560775999087398523e+05 4.345093319243062870e+05 1.622223694309692364e+05 3.591432446215771779e+04 -8.791603842819973579e+03 -8.991461828425311251e+04
-2.038840325134342420e+05 3.760259016123277252e+05 5.164742108860416192e+04 -2.778692248010932599e+04 9.383941865061942372e+04 4.923146502588576550e+04 2.947439581914326482e+04 4.850942726093901001e+04 9.109916676862802706e+04 1.558390444978229643e+05 1.347737997475591488e+06 5.327251120251341490e+05 2.569921497289701074e+05 -4.367219470240933151e+04 1.423100681414198880e+04 1.815543028654210793e+05 4.562138344798852813e+03 7.266893330674039316e+04
2.440963264612957463e+07 8.954381940575486049e+06 1.286064032277470222e+06 3.517528085959796445e+05 1.538659459189240588e+06 -3.692499635837442383e+03 8.755826901386039099e+05 -6.566756670509416144e+05 1.558390444978229643e+05 1.983792093426144719e+08 5.576256578256318718e+07 1.378161201572568156e+07 -1.252264312389633991e+07 7.559544757282244973e+06 4.673502325847051106e+06 3.162644773747986648e+06 2.226901141492995666e+05 -3.418468314768434502e+06
2.497631827808783948e+07 2.139146151973177120e+07 8.361193562914285809e+06 5.935013998554391786e+06 3.749135318024145439e+06 1.578198937758706044e+06 1.998658105657330481e+06 4.943826544147760142e+05 1.347737997475591488e+06 5.576256578256318718e+07 9.725132277579565346e+07 1.788798501514163986e+07 1.184806429249813547e+06 2.769814673247843515e+06 3.040787988401012495e+06 6.330253667349584401e+06 1.743959059692808427e+06 -6.635626846338805044e+05
8.092405841871249722e+05 5.807365812663198449e+06 5.243157617457289249e+06 1.220217063427066198e+06 1.449667120317876688e+05 3.414850673066967865e+05 5.744855372752307449e+05 -7.042139457589188532e+04 5.327251120251341490e+05 1.378161201572568156e+07 1.788798501514163986e+07 3.192743826482786238e+07 -4.577373512401976623e+06 7.691294916801697109e+05 3.615196675903800875e+06 4.601519927478577010e+06 1.797133921251841588e+06 1.122499417701312806e+06
3.849166290000842419e+06 -1.091744111993095285e+05 4.354031205212626373e+05 1.244096469262951287e+06 5.985085716694872826e+05 4.979620376132196398e+05 3.055041677641724236e+05 4.560775999087398523e+05 2.569921497289701074e+05 -1.252264312389633991e+07 1.184806429249813547e+06 -4.577373512401976623e+06 1.366258722183392383e+07 -1.079489531710374169e+06 -1.822433423481745180e+06 -5.168073915243310621e+05 -1.078314023683697451e+06 -1.519693760228918109e+05
4.385595934333968908e+06 8.342128178775882116e+05 -1.585519632517496124e+06 -5.945342826207164908e+05 2.131107759164174204e+05 -8.099397674549238582e+04 1.843852509826898458e+05 4.345093319243062870e+05 -4.367219470240933151e+04 7.559544757282244973e+06 2.769814673247843515e+06 7.691294916801697109e+05 -1.079489531710374169e+06 4.375436997449971735e+06 1.078279117448001634e+06 1.313888567873002030e+05 3.303475568487585988e+05 -6.229614434893517755e+05
1.823410561512719840e+06 2.015091633056730789e+05 1.166323509646317223e+06 -4.355926050300214556e+05 2.305799278956926137e+05 8.654393060242314823e+04 2.830514289325748687e+05 1.622223694309692364e+05 1.423100681414198880e+04 4.673502325847051106e+06 3.040787988401012495e+06 3.615196675903800875e+06 -1.822433423481745180e+06 1.078279117448001634e+06 2.636616732359338552e+06 9.838325361058900598e+05 7.503191251520010410e+05 2.329508168245144770e+05
3.226836806069950107e+06 1.811713194967225194e+06 1.411040510663963156e+06 1.542884813808888430e+05 3.730066378958076239e+05 2.094040809970274277e+05 4.276196331880186335e+04 3.591432446215771779e+04 1.815543028654210793e+05 3.162644773747986648e+06 6.330253667349584401e+06 4.601519927478577010e+06 -5.168073915243310621e+05 1.313888567873002030e+05 9.838325361058900598e+05 2.182474892366517801e+06 4.574735216913045733e+05 -1.603859794485994498e+05
-6.119921358859234024e+05 -1.558451476427475609e+04 3.366943302479076083e+05 -1.740251964349476621e+05 -1.198795198331491702e+05 -2.035101223981520743e+05 -1.381280464041825508e+04 -8.791603842819973579e+03 4.562138344798852813e+03 2.226901141492995666e+05 1.743959059692808427e+06 1.797133921251841588e+06 -1.078314023683697451e+06 3.303475568487585988e+05 7.503191251520010410e+05 4.574735216913045733e+05 5.564262783643548610e+05 1.842747769559553126e+05
-2.464824793670434970e+06 -1.092271462401250843e+06 1.088732040050702781e+05 -2.740046178642356535e+05 -1.549990723611802678e+05 -9.439084295668204504e+03 6.432531060351279302e+04 -8.991461828425311251e+04 7.266893330674039316e+04 -3.418468314768434502e+06 -6.635626846338805044e+05 1.122499417701312806e+06 -1.519693760228918109e+05 -6.229614434893517755e+05 2.329508168245144770e+05 -1.603859794485994498e+05 1.842747769559553126e+05 7.114314905581214698e+05
