# lambda=0.16032085229714554
5.089396679787813127e+07 8.485355013295659795e+06 -4.677303343893610872e+04 -1.293455712318831822e+06 -3.218071404696747195e+05 4.512134470206699916e+05 -5.427864965414169710e+05 5.573057172771273181e+05 -7.276480818801665737e+04 6.876829285485104658e+06 3.436641883749166504e+06 1.656170841735420981e+06 -3.438513371077083517e+06 1.956084205094784498e+06 1.645220168689237908e+06 -1.459330909938771976e+06 -5.798833301923287800e+05 -1.726510502090437338e+06
8.485355013295659795e+06 1.402601936515466869e+07 3.807728759259388782e+06 -1.191540002137827221e+06 1.444660623250252800e+06 1.289349096070396947e+06 -3.893005249606238795e+05 3.265040741282739327e+04 -5.967459850947088125e+04 1.661792270220368356e+07 3.547865053911454044e+06 -2.874805809670657851e+06 2.715949934965563472e+06 2.982024131928896997e+06 1.590696453529007733e+06 3.976100871542839450e+05 -4.524779635790564935e+05 -5.438774659005684080e+05
-4.677303343893610872e+04 3.807728759259388782e+06 4.165689717562744860e+06 -1.531412376259150042e+05 1.216743977555217425e+05 7.055551118980027968e+05 -2.624651425388692296e+05 1.138021675588785729e+05 6.781550575840189413e+04 -1.097078285637322813e+06 -1.412510533844011137e+06 -7.549279192615512293e+05 1.400384643180527259e+06 1.109609945589517942e+06 7.803587482327948092e+05 5.320741689434018917e+05 1.698565232296687027e+05 -4.899317122307586251e+05
-1.293455712318831822e+06 -1.191540002137827221e+06 -1.531412376259150042e+05 1.327331108569809236e+06 -1.753048430557614483e+05 -1.883624749784358528e+03 2.516868507864318963e+05 -8.027849623890778457e+04 -1.550517913007815696e+04 -3.010559583334083203e+06 1.806549938874454936e+06 1.463072078455659794e+06 -6.167132532529166201e+05 -1.100366663888069335e+06 7.091402080871150247e+04 2.504057253709619981e+05 -1.755157331613412534e+05 1.377740026212470548e+05
-3.218071404696747195e+05 1.444660623250252800e+06 1.216743977555217425e+05 -1.753048430557614483e+05 8.503004878322301665e+05 4.180038668237716774e+05 -1.169965652794032358e+05 -1.332307626031488471e+05 -3.546036614167629159e+04 2.308774447078452911e+06 2.627303469816588797e+06 -4.557880245381275308e+05 5.695257291032458888e+05 5.584646570949442685e+05 3.669227314007274108e+05 3.288414114988229267e+04 -1.554491607225829212e+05 2.692187884940597578e+05
4.512134470206699916e+05 1.289349096070396947e+06 7.055551118980027968e+05 -1.883624749784358528e+03 4.180038668237716774e+05 5.882190576867675409e+05 -9.513389513448312937e+04 -3.754819503573363181e+04 6.545441215061181538e+03 1.152615520030959509e+06 8.986944139427671907e+05 5.419980421819308540e+05 3.894836231973587419e+05 3.735769905587207759e+05 3.760303502124135848e+05 7.640713942024509015e+04 -1.827159116507310537e+05 1.474592159878076345e+05
-5.427864965414169710e+05 -3.893005249606238795e+05 -2.624651425388692296e+05 2.516868507864318963e+05 -1.169965652794032358e+05 -9.513389513448312937e+04 2.311284253063127107e+05 6.367657929252662143e+04 5.029275181821827573e+03 -2.575756802974428050e+06 1.385822683895288719e+04 4.329540740270166425e+05 3.144579445503168972e+05 -1.979228662667566678e+05 4.223171968310105149e+04 9.002458323110458150e+04 1.193329241211180488e+05 2.134928052253278147e+05
5.573057172771273181e+05 3.265040741282739327e+04 1.138021675588785729e+05 -8.027849623890778457e+04 -1.332307626031488471e+05 -3.754819503573363181e+04 6.367657929252662143e+04 1.341776606487855024e+05 1.988299259123329102e+04 -2.456649680600729305e+06 -1.577349061372568598e+06 -1.825988457206129970e+05 6.152305679651341779e+04 -7.698256862602171168e+03 -5.829152782584951638e+04 -1.683375702643618570e+05 1.586099660966432712e+05 4.917676866152356524e+04
-7.276480818801665737e+04 -5.967459850947088125e+04 6.781550575840189413e+04 -1.550517913007815696e+04 -3.546036614167629159e+04 6.545441215061181538e+03 5.029275181821827573e+03 1.988299259123329102e+04 1.412167175521812169e+05 -1.037657178668202949e+06 5.463270188959367806e+05 4.355287891163818858e+04 -1.917641256587300450e+04 -2.340431744827242801e+05 -2.423896020000825811e+05 4.637665515007558861e+04 9.609672715995085309e+04 9.109321834226470673e+04
6.876829285485104658e+06 1.661792270220368356e+07 -1.097078285637322813e+06 -3.010559583334083203e+06 2.308774447078452911e+06 1.152615520030959509e+06 -2.575756802974428050e+06 -2.456649680600729305e+06 -1.037657178668202949e+06 2.498398702347696424e+08 4.715103083738187701e+07 -7.879991174334022216e+06 6.817131897320604883e+06 1.725340393578008935e+07 4.372168149474876001e+06 4.671488202945432859e+05 -4.113404312402881624e+04 -2.163135203770069929e+05
3.436641883749166504e+06 3.547865053911454044e+06 -1.412510533844011137e+06 1.806549938874454936e+06 2.627303469816588797e+06 8.986944139427671907e+05 1.385822683895288719e+04 -1.577349061372568598e+06 5.463270188959367806e+05 4.715103083738187701e+07 9.749994333404244483e+07 1.330544402195684053e+07 1.166223440223346651e+07 4.506379917037382722e+06 2.877028135301998816e+06 2.412948648164140061e+06 -5.351230833249603165e+05 3.087271036343457643e+06
1.656170841735420981e+06 -2.874805809670657851e+06 -7.549279192615512293e+05 1.463072078455659794e+06 -4.557880245381275308e+05 5.419980421819308540e+05 4.329540740270166425e+05 -1.825988457206129970e+05 4.355287891163818858e+04 -7.879991174334022216e+06 1.330544402195684053e+07 1.700095127687593922e+07 2.534077597945501097e+06 -4.308615203885734081e+06 1.091182131176557625e+06 7.580736344212437980e+05 -1.400865491453002905e+06 -8.592895343341765692e+04
-3.438513371077083517e+06 2.715949934965563472e+06 1.400384643180527259e+06 -6.167132532529166201e+05 5.695257291032458888e+05 3.894836231973587419e+05 3.144579445503168972e+05 6.152305679651341779e+04 -1.917641256587300450e+04 6.817131897320604883e+06 1.166223440223346651e+07 2.534077597945501097e+06 7.437945307362047955e+06 2.515013561580519658e+06 1.222729095866473624e+06 9.921760787778686499e+05 4.950558878257535398e+05 1.002212556720996741e+06
1.956084205094784498e+06 2.982024131928896997e+06 1.109609945589517942e+06 -1.100366663888069335e+06 5.584646570949442685e+05 3.735769905587207759e+05 -1.979228662667566678e+05 -7.698256862602171168e+03 -2.340431744827242801e+05 1.725340393578008935e+07 4.506379917037382722e+06 -4.308615203885734081e+06 2.515013561580519658e+06 6.546405081092249602e+06 2.343882131960200146e+06 -3.446233868019953370e+05 9.941374148834940279e+05 8.372819311545444652e+05
1.645220168689237908e+06 1.590696453529007733e+06 7.803587482327948092e+05 7.091402080871150247e+04 3.669227314007274108e+05 3.760303502124135848e+05 4.223171968310105149e+04 -5.829152782584951638e+04 -2.423896020000825811e+05 4.372168149474876001e+06 2.877028135301998816e+06 1.091182131176557625e+06 1.222729095866473624e+06 2.343882131960200146e+06 2.693480861459340435e+06 3.535354476125463261e+05 5.618556612392296665e+04 2.406223922416452842e+05
-1.459330909938771976e+06 3.976100871542839450e+05 5.320741689434018917e+05 2.504057253709619981e+05 3.288414114988229267e+04 7.640713942024509015e+04 9.002458323110458150e+04 -1.683375702643618570e+05 4.637665515007558861e+04 4.671488202945432859e+05 2.412948648164140061e+06 7.580736344212437980e+05 9.921760787778686499e+05 -3.446233868019953370e+05 3.535354476125463261e+05 1.155478088544206228e+06 -1.868315234358865418e+05 -1.490188814641570498e+05
-5.798833301923287800e+05 -4.524779635790564935e+05 1.698565232296687027e+05 -1.755157331613412534e+05 -1.554491607225829212e+05 -1.827159116507310537e+05 1.193329241211180488e+05 1.586099660966432712e+05 9.609672715995085309e+04 -4.113404312402881624e+04 -5.351230833249603165e+05 -1.400865491453002905e+06 4.950558878257535398e+05 9.941374148834940279e+05 5.618556612392296665e+04 -1.868315234358865418e+05 9.572968089358592406e+05 4.734994928143909783e+05
-1.726510502090437338e+06 -5.438774659005684080e+05 -4.899317122307586251e+05 1.377740026212470548e+05 2.692187884940597578e+05 1.474592159878076345e+05 2.134928052253278147e+05 4.917676866152356524e+04 9.109321834226470673e+04 -2.163135203770069929e+05 3.087271036343457643e+06 -8.592895343341765692e+04 1.002212556720996741e+06 8.372819311545444652e+05 2.406223922416452842e+05 -1.490188814641570498e+05 4.734994928143909783e+05 9.268581184928306611e+05
