# lambda=0.21288634558362987
5.097313461373974383e+07 -1.541573273320267908e+06 2.832784751228508074e+06 4.319794104698928422e+05 1.660552042128748959e+06 -1.342577055168886727e+05 -6.392459438474675408e+05 1.720008490041960031e+05 2.127730644723246805e+05 -1.069551107041548193e+07 4.021151633456689306e+06 -5.697182729887214489e+06 -6.333360866859480739e+06 -1.075438395241207909e+06 3.629680870197811164e+05 -1.747082508334230399e+06 -1.086043514837140916e+06 2.457084500339718536e+06
-1.541573273320267908e+06 2.105817000619183481e+07 3.600288097469892353e+06 -1.574318428567281226e+05 1.253688282425072510e+06 3.164316191872883937e+05 3.475111635525406455e+05 4.906766797666318016e+05 -1.777093060263547231e+05 4.385074991657357663e+06 2.881879964081605896e+07 8.647801352396396920e+06 -1.714710491882532369e+06 3.927070681568329223e+06 -2.770005993253754568e+05 1.147108714209616650e+06 -2.963635362936509773e+05 -6.279867127143007237e+05
2.832784751228508074e+06 3.600288097469892353e+06 5.395098060705966316e+06 1.732390674915112322e+05 2.790066844384102151e+05 2.338875092556877062e+05 2.967344955745657444e+03 3.917981888205619907e+04 1.552072743534716719e+05 -1.441663648475310020e+07 1.816607500069260597e+06 5.521548269398569129e+06 -2.368953083345826250e+06 1.202006582420987543e+06 -1.665111235622044769e+05 -1.444710139593289932e+05 -3.419606259346386651e+05 -3.059003631016758154e+05
4.319794104698928422e+05 -1.574318428567281226e+05 1.732390674915112322e+05 2.010914538763225777e+06 3.382426913199150586e+05 3.574740426038135774e+05 -1.155686372745898843e+05 1.988612417332868499e+05 -1.511765895258673663e+04 -1.893969693472848274e+06 -2.891855758239537943e+06 -2.463987928163911856e+05 7.511365189082449069e+05 1.084534550112981116e+06 -4.530702079926140723e+05 -2.499918159342095314e+05 3.459430573600044008e+05 2.021824067283554177e+05
1.660552042128748959e+06 1.253688282425072510e+06 2.790066844384102151e+05 3.382426913199150586e+05 1.863131133344470523e+06 3.271539766690825927e+05 9.854166696025976853e+04 2.490274593226825818e+05 3.638754917569921963e+04 2.033809855210977141e+06 5.815778553426032886e+05 -1.604193121600693325e+06 7.531707341847458156e+05 1.224843693399438635e+06 4.268472190870349878e+05 2.772171540165675688e+05 4.260135381474312744e+05 7.904157313782439451e+04
-1.342577055168886727e+05 3.164316191872883937e+05 2.338875092556877062e+05 3.574740426038135774e+05 3.271539766690825927e+05 3.790650934289810830e+05 -1.057079228467975372e+04 8.102498063472285867e+04 6.243280705299469992e+04 -3.811957724198074546e+06 -1.518680190267254366e+06 7.420605975151521852e+04 -1.002535367134331500e+04 3.188465624637214933e+05 -1.503695152220771206e+03 -1.015780027344365662e+05 -9.309003103551542608e+02 -4.633800459558859984e+03
-6.392459438474675408e+05 3.475111635525406455e+05 2.967344955745657444e+03 -1.155686372745898843e+05 9.854166696025976853e+04 -1.057079228467975372e+04 2.274958262855573266e+05 7.333549288824250107e+04 -5.162783245337302105e+03 -2.789389133987529203e+06 1.319899218833473278e+06 -1.579971137934224098e+05 -2.359294720264612988e+05 -2.123553908303958597e+05 2.753982841019178886e+04 -7.110660869625689520e+04 5.538386682502186159e+04 2.632940869664892671e+04
1.720008490041960031e+05 4.906766797666318016e+05 3.917981888205619907e+04 1.988612417332868499e+05 2.490274593226825818e+05 8.102498063472285867e+04 7.333549288824250107e+04 1.670922011882690422e+05 7.588493077793092198e+03 -2.183721311310488963e+05 2.219920199856295658e+05 -1.545991810659479233e+05 1.015279093338000530e+05 1.093745123132091103e+05 -1.314768814117132570e+05 -1.314286938294085303e+04 4.916491105844562117e+04 1.400151885867324891e+05
2.127730644723246805e+05 -1.777093060263547231e+05 1.552072743534716719e+05 -1.511765895258673663e+04 3.638754917569921963e+04 6.243280705299469992e+04 -5.162783245337302105e+03 7.588493077793092198e+03 6.296666329030069755e+04 -2.039820174956663512e+06 -7.329534726452640025e+05 1.102760747279818897e+05 -1.226549040639555278e+04 5.611418705406843219e+04 8.259220702275661097e+03 -5.855217684711899346e+04 3.268277304082149931e+04 6.056244744087676372e+04
-1.069551107041548193e+07 4.385074991657357663e+06 -1.441663648475310020e+07 -1.893969693472848274e+06 2.033809855210977141e+06 -3.811957724198074546e+06 -2.789389133987529203e+06 -2.183721311310488963e+05 -2.039820174956663512e+06 3.712253571151292920e+08 5.369305593577795476e+07 -1.085825992942170613e+07 2.742736986599825323e+07 9.299867498871112242e+06 -5.511869109395931009e+05 9.191195129684533924e+06 -9.179512536137639545e+05 -4.140938055462369695e+06
4.021151633456689306e+06 2.881879964081605896e+07 1.816607500069260597e+06 -2.891855758239537943e+06 5.815778553426032886e+05 -1.518680190267254366e+06 1.319899218833473278e+06 2.219920199856295658e+05 -7.329534726452640025e+05 5.369305593577795476e+07 1.099816460576889664e+08 1.751687120127834007e+07 -3.777644430446832906e+06 7.989046805253907805e+05 8.043068287868417101e+05 2.117883188519555610e+06 -4.078486982360873371e+05 -1.489121575617176481e+06
-5.697182729887214489e+06 8.647801352396396920e+06 5.521548269398569129e+06 -2.463987928163911856e+05 -1.604193121600693325e+06 7.420605975151521852e+04 -1.579971137934224098e+05 -1.545991810659479233e+05 1.102760747279818897e+05 -1.085825992942170613e+07 1.751687120127834007e+07 1.841765620839197189e+07 -2.245653312217289116e+06 3.310749628810817376e+05 -1.775174726228893036e+06 3.589091458006922621e+05 -2.435581167950502422e+05 -7.280353033300883835e+05
-6.333360866859480739e+06 -1.714710491882532369e+06 -2.368953083345826250e+06 7.511365189082449069e+05 7.531707341847458156e+05 -1.002535367134331500e+04 -2.359294720264612988e+05 1.015279093338000530e+05 -1.226549040639555278e+04 2.742736986599825323e+07 -3.777644430446832906e+06 -2.245653312217289116e+06 7.472504857944832183e+06 2.621321637048610952e+06 5.695969276018865639e+05 1.609135332227194682e+06 1.557137666843622690e+06 -3.600778567159047816e+04
-1.075438395241207909e+06 3.927070681568329223e+06 1.202006582420987543e+06 1.084534550112981116e+06 1.224843693399438635e+06 3.188465624637214933e+05 -2.123553908303958597e+05 1.093745123132091103e+05 5.611418705406843219e+04 9.299867498871112242e+06 7.989046805253907805e+05 3.310749628810817376e+05 2.621321637048610952e+06 4.890347062396918423e+06 8.571706190397544997e+05 7.619645595928068506e+05 5.227092170799521264e+05 -2.939517800705077825e+05
3.629680870197811164e+05 -2.770005993253754568e+05 -1.665111235622044769e+05 -4.530702079926140723e+05 4.268472190870349878e+05 -1.503695152220771206e+03 2.753982841019178886e+04 -1.314768814117132570e+05 8.259220702275661097e+03 -5.511869109395931009e+05 8.043068287868417101e+05 -1.775174726228893036e+06 5.695969276018865639e+05 8.571706190397544997e+05 2.691813625258735381e+06 1.755961511575121549e+05 4.812652147432225756e+05 1.127432230356732907e+05
-1.747082508334230399e+06 1.147108714209616650e+06 -1.444710139593289932e+05 -2.499918159342095314e+05 2.772171540165675688e+05 -1.015780027344365662e+05 -7.110660869625689520e+04 -1.314286938294085303e+04 -5.855217684711899346e+04 9.191195129684533924e+06 2.117883188519555610e+06 3.589091458006922621e+05 1.609135332227194682e+06 7.619645595928068506e+05 1.755961511575121549e+05 8.725009862805288285e+05 4.122287698124240269e+05 -2.181102835794218117e+05
-1.086043514837140916e+06 -2.963635362936509773e+05 -3.419606259346386651e+05 3.459430573600044008e+05 4.260135381474312744e+05 -9.309003103551542608e+02 5.538386682502186159e+04 4.916491105844562117e+04 3.268277304082149931e+04 -9.179512536137639545e+05 -4.078486982360873371e+05 -2.435581167950502422e+05 1.557137666843622690e+06 5.227092170799521264e+05 4.812652147432225756e+05 4.122287698124240269e+05 8.936826314485386247e+05 2.402071096307507541e+05
2.457084500339718536e+06 -6.279867127143007237e+05 -3.059003631016758154e+05 2.021824067283554177e+05 7.904157313782439451e+04 -4.633800459558859984e+03 2.632940869664892671e+04 1.400151885867324891e+05 6.056244744087676372e+04 -4.140938055462369695e+06 -1.489121575617176481e+06 -7.280353033300883835e+05 -3.600778567159047816e+04 -2.939517800705077825e+05 1.127432230356732907e+05 -2.181102835794218117e+05 2.402071096307507541e+05 5.763753868567633908e+05
