# lambda=0.17195167195816258
4.243187788131242245e+07 -6.722865972242469899e+06 1.716333567228847183e+06 -2.181645721446029842e+06 1.352103759613093454e+06 -1.543139758362145221e+05 -3.370798145638335263e+05 -9.013847540373164229e+05 -1.035614812415452325e+05 5.342963994056686759e+06 -6.081356346331835724e+06 7.448411409849847667e+06 3.649430310379464936e+04 -2.962564252040800638e+06 1.709124635968163144e+06 1.402027841414015042e+06 -1.189636412542578997e+06 -1.630433924540525535e+06
-6.722865972242469899e+06 2.198599879691260308e+07 -3.782316344871884212e+06 -2.724358958988300525e+06 -6.615166464515555417e+05 -6.375733654671301338e+04 6.640417064317375189e+05 2.804992501017377363e+05 1.690232152536988724e+05 8.572064444411806762e+06 2.226105441302171722e+07 -8.509254359170991229e+05 1.545102886110730004e+06 -1.805498058804819593e+06 8.995730660241551959e+03 -6.651507550594747299e+05 -1.441408508099142695e+06 -1.382926097398618003e+05
1.716333567228847183e+06 -3.782316344871884212e+06 3.819044604791402351e+06 8.195971890850651544e+05 2.124179376998671796e+04 1.265726704321288271e+05 -8.974709544491294946e+04 1.029064322707138926e+05 -4.158503089745358011e+04 2.254458807022713590e+06 -4.310997704898232478e+05 2.892704191193049308e+06 -1.633434056340600597e+06 -2.648402240522866850e+04 6.897124360329080373e+05 2.106193078609529766e+05 6.491765739137843484e+05 -1.287897866873775638e+04
-2.181645721446029842e+06 -2.724358958988300525e+06 8.195971890850651544e+05 1.835955563947347226e+06 -3.753837174570751085e+04 -1.633695891869843763e+05 -4.050022095039184787e+05 -7.929190610731338893e+03 6.425231352688233164e+04 -7.371055461691035889e+05 -4.998302803471012041e+06 -1.487083242641832680e+06 -1.000831206403094810e+06 5.906917787115310784e+05 1.352823738492112898e+05 -2.436099265268591698e+05 3.193621407432114938e+04 -7.055525788195533096e+04
1.352103759613093454e+06 -6.615166464515555417e+05 2.124179376998671796e+04 -3.753837174570751085e+04 6.980353939752588049e+05 -8.689822529086108261e+04 2.577647965266354731e+04 3.168045214221421338e+04 5.391411429120942921e+04 -3.177193564805439673e+06 -1.224527056864557555e+06 -6.865361773424892453e+05 6.887899066834842961e+04 3.209609483778347494e+05 -5.560070044504859106e+04 -1.593385989523273020e+05 8.813477697557953070e+04 -1.132676348730654281e+05
-1.543139758362145221e+05 -6.375733654671301338e+04 1.265726704321288271e+05 -1.633695891869843763e+05 -8.689822529086108261e+04 3.899133190049944678e+05 6.647694245165704342e+04 7.311816477619820216e+04 -6.579026163064078719e+04 3.536910439012388233e+05 1.061086315475848736e+06 3.932873010433962918e+05 -9.316517990645764803e+04 -1.384503907923943480e+05 -1.053378880046287377e+05 3.470918004356848314e+02 4.974551257728946439e+03 -3.937012991615770443e+04
-3.370798145638335263e+05 6.640417064317375189e+05 -8.974709544491294946e+04 -4.050022095039184787e+05 2.577647965266354731e+04 6.647694245165704342e+04 2.586509141690252582e+05 7.493285386932862457e+04 -1.858726521013342062e+04 1.689622270194313256e+06 1.086799145182605600e+06 5.033051903755042586e+05 1.681820353799578734e+05 -1.966988468080312305e+05 -1.021922977527120966e+05 2.704515483907511807e+05 6.128492704820851941e+04 -8.355992051505736526e+03
-9.013847540373164229e+05 2.804992501017377363e+05 1.029064322707138926e+05 -7.929190610731338893e+03 3.168045214221421338e+04 7.311816477619820216e+04 7.493285386932862457e+04 1.630294943120053504e+05 3.599097789704148454e+04 2.823927885523429723e+03 7.945088009605236584e+05 -2.412162096369030769e+04 -6.650906111753622827e+04 1.993225640462164301e+05 -9.876002515676195617e+04 2.653253547853396230e+04 1.374844814037204778e+05 5.884593564335013070e+04
-1.035614812415452325e+05 1.690232152536988724e+05 -4.158503089745358011e+04 6.425231352688233164e+04 5.391411429120942921e+04 -6.579026163064078719e+04 -1.858726521013342062e+04 3.599097789704148454e+04 7.110281979158897593e+04 7.069015313065105584e+05 -2.269036175225668994e+05 -6.701734807628664421e+05 5.154415263126884383e+04 2.416909936395962141e+05 1.830408257474175771e+05 -1.975139161313883960e+04 -2.887203813499320313e+04 6.669842736972705461e+04
5.342963994056686759e+06 8.572064444411806762e+06 2.254458807022713590e+06 -7.371055461691035889e+05 -3.177193564805439673e+06 3.536910439012388233e+05 1.689622270194313256e+06 2.823927885523429723e+03 7.069015313065105584e+05 1.601518952883638144e+08 8.487081913304336369e+06 5.138625251834515482e+06 -3.600433279008023441e+06 -6.309973828032607213e+06 7.632123860004746355e+06 3.889087751235390082e+06 -7.655138925624395488e+05 -1.081330075572750764e+06
-6.081356346331835724e+06 2.226105441302171722e+07 -4.310997704898232478e+05 -4.998302803471012041e+06 -1.224527056864557555e+06 1.061086315475848736e+06 1.086799145182605600e+06 7.945088009605236584e+05 -2.269036175225668994e+05 8.487081913304336369e+06 6.795939448846544325e+07 1.099139597553081810e+07 6.169290342008258216e+06 -3.972174406615235494e+05 -8.749193092248734320e+05 2.351131181809304107e+05 -7.487767219761601882e+05 2.975041647687239674e+04
7.448411409849847667e+06 -8.509254359170991229e+05 2.892704191193049308e+06 -1.487083242641832680e+06 -6.865361773424892453e+05 3.932873010433962918e+05 5.033051903755042586e+05 -2.412162096369030769e+04 -6.701734807628664421e+05 5.138625251834515482e+06 1.099139597553081810e+07 2.435339876526937634e+07 -3.797721884954755660e+06 -2.981681789468883537e+06 -2.509019050889397506e+06 4.820986144160783733e+05 1.352305160447882488e+06 -1.586025679730420699e+06
3.649430310379464936e+04 1.545102886110730004e+06 -1.633434056340600597e+06 -1.000831206403094810e+06 6.887899066834842961e+04 -9.316517990645764803e+04 1.681820353799578734e+05 -6.650906111753622827e+04 5.154415263126884383e+04 -3.600433279008023441e+06 6.169290342008258216e+06 -3.797721884954755660e+06 6.534310327586128376e+06 1.769170025097690313e+03 -4.545594450604848098e+05 3.076037116287344252e+05 -4.964975253204691689e+05 1.076162327591297217e+05
-2.962564252040800638e+06 -1.805498058804819593e+06 -2.648402240522866850e+04 5.906917787115310784e+05 3.209609483778347494e+05 -1.384503907923943480e+05 -1.966988468080312305e+05 1.993225640462164301e+05 2.416909936395962141e+05 -6.309973828032607213e+06 -3.972174406615235494e+05 -2.981681789468883537e+06 1.769170025097690313e+03 3.326993684918370564e+06 4.735798365302359452e+05 1.990756667765221209e+05 2.450382981381081627e+05 6.653416072626609821e+05
1.709124635968163144e+06 8.995730660241551959e+03 6.897124360329080373e+05 1.352823738492112898e+05 -5.560070044504859106e+04 -1.053378880046287377e+05 -1.021922977527120966e+05 -9.876002515676195617e+04 1.830408257474175771e+05 7.632123860004746355e+06 -8.749193092248734320e+05 -2.509019050889397506e+06 -4.545594450604848098e+05 4.735798365302359452e+05 2.366717732331525069e+06 3.117366540793789318e+05 -2.344437447782589516e+04 3.413114674795338651e+05
1.402027841414015042e+06 -6.651507550594747299e+05 2.106193078609529766e+05 -2.436099265268591698e+05 -1.593385989523273020e+05 3.470918004356848314e+02 2.704515483907511807e+05 2.653253547853396230e+04 -1.975139161313883960e+04 3.889087751235390082e+06 2.351131181809304107e+05 4.820986144160783733e+05 3.076037116287344252e+05 1.990756667765221209e+05 3.117366540793789318e+05 1.377795787831268506e+06 6.495499001521597529e+04 7.629818890216569707e+04
-1.189636412542578997e+06 -1.441408508099142695e+06 6.491765739137843484e+05 3.193621407432114938e+04 8.813477697557953070e+04 4.974551257728946439e+03 6.128492704820851941e+04 1.374844814037204778e+05 -2.887203813499320313e+04 -7.655138925624395488e+05 -7.487767219761601882e+05 1.352305160447882488e+06 -4.964975253204691689e+05 2.450382981381081627e+05 -2.344437447782589516e+04 6.495499001521597529e+04 8.199405113565004431e+05 2.112888764413410390e+05
-1.630433924540525535e+06 -1.382926097398618003e+05 -1.287897866873775638e+04 -7.055525788195533096e+04 -1.132676348730654281e+05 -3.937012991615770443e+04 -8.355992051505736526e+03 5.884593564335013070e+04 6.669842736972705461e+04 -1.081330075572750764e+06 2.975041647687239674e+04 -1.586025679730420699e+06 1.076162327591297217e+05 6.653416072626609821e+05 3.413114674795338651e+05 7.629818890216569707e+04 2.112888764413410390e+05 6.134560807906504488e+05
