# lambda=0.14091923336723577
4.457533429994032532e+07 5.587566566928079352e+06 1.772912937000283506e+06 1.362979525284190429e+06 1.375111512682013272e+05 -1.010380812695258530e+06 1.994034005452419398e+06 7.773767412783659529e+04 1.934565976275276917e+05 3.632422948372876644e+07 -1.654875553965291381e+07 3.034639082716551609e+06 1.117124326398640871e+06 4.829042190527226776e+06 4.028909227527228184e+06 2.527236755432378035e+06 2.829194051805967465e+06 6.177195356412739784e+04
5.587566566928079352e+06 1.450420406752116233e+07 2.238855364221038297e+06 1.076502080735545373e+06 3.913461626176281134e+05 -9.093654309279262088e+05 1.261077794106850924e+05 6.886790505005758314e+04 -2.097688077974041516e+05 4.521938733089750633e+06 1.264953652125005238e+07 3.148718477879904211e+06 6.419205469889766537e+05 6.278046546615025727e+05 7.752242320628386224e+05 2.386970376092382241e+06 -2.016254899197209743e+05 -5.477754526365892962e+05
1.772912937000283506e+06 2.238855364221038297e+06 3.296493625352998730e+06 7.390167221716322238e+05 -3.743852827576976269e+05 -5.343623116496326402e+05 -3.717895826675047283e+04 7.566963805374864023e+04 7.243360297655459362e+03 -3.962786871163622010e+06 -1.000837015005358990e+05 1.787721315584842581e+06 -1.968841325879302458e+05 -8.345447987156544114e+05 -2.316891339931119292e+05 5.836470972499094387e+03 3.869339556131659774e+05 1.564552038502417854e+05
1.362979525284190429e+06 1.076502080735545373e+06 7.390167221716322238e+05 2.457299456025561783e+06 6.667170747486056061e+05 -9.377960618478927063e+04 2.885518758213412366e+05 6.952517989663089111e+02 8.206024079383532808e+04 -1.951570269969710847e+06 3.922276624056985020e+05 -1.647876096427472541e+06 -1.229929389977889135e+06 3.065249948010906228e+05 2.784036656153966323e+05 -6.543348612781675765e+05 -1.800355459935879480e+04 2.386938711976261111e+05
1.375111512682013272e+05 3.913461626176281134e+05 -3.743852827576976269e+05 6.667170747486056061e+05 1.021848692955328966e+06 1.293048598025472529e+04 1.993067609769545961e+05 -1.017083623653273025e+04 6.268481715414833161e+04 2.392377259842423722e+06 2.989120925085799769e+06 -2.002347013062777696e+05 -3.883724444815315655e+05 2.817049976446590154e+05 5.130341800855810870e+05 3.874891682931687683e+05 -3.128826803752951091e+05 1.043789022816778452e+05
-1.010380812695258530e+06 -9.093654309279262088e+05 -5.343623116496326402e+05 -9.377960618478927063e+04 1.293048598025472529e+04 4.663953101706432644e+05 -6.167876357259070210e+04 3.690979754736666655e+04 1.941466709530437583e+04 -2.563623415104990825e+06 -1.032494279225705424e+06 -9.572382811816673493e+05 1.650945036878725223e+05 -1.314058661142405181e+05 9.171502888989126950e+04 -1.601207813789063403e+04 1.885911205491248111e+05 2.911639963780070048e+03
1.994034005452419398e+06 1.261077794106850924e+05 -3.717895826675047283e+04 2.885518758213412366e+05 1.993067609769545961e+05 -6.167876357259070210e+04 3.494108623141235439e+05 4.900510415242375166e+04 3.886870569928119949e+04 2.678545666514453012e+06 -6.640044390707720304e+05 3.753169236375728506e+05 1.432954502206124598e+05 5.014094739466739120e+05 2.584287694167953741e+05 2.402930358357824734e+05 2.313662595100063754e+03 1.123847856205067947e+05
7.773767412783659529e+04 6.886790505005758314e+04 7.566963805374864023e+04 6.952517989663089111e+02 -1.017083623653273025e+04 3.690979754736666655e+04 4.900510415242375166e+04 1.311029724883712770e+05 6.020273476415054029e+04 9.837494118241443066e+05 -2.729397060157960368e+04 4.885552911990067805e+05 4.259781813024691073e+05 4.752712257766340190e+04 7.540900387356294232e+03 5.933179210223675182e+04 5.570451081831791089e+04 2.122740077054395806e+04
1.934565976275276917e+05 -2.097688077974041516e+05 7.243360297655459362e+03 8.206024079383532808e+04 6.268481715414833161e+04 1.941466709530437583e+04 3.886870569928119949e+04 6.020273476415054029e+04 1.555820881714790303e+05 5.263735220059240237e+05 -6.309215073082261952e+05 -5.750833773066260619e+05 -1.042485295321051526e+05 5.794151031109207543e+04 2.140055249863535573e+05 5.524716271805948782e+04 3.508958473607129235e+03 7.860724922926377621e+04
3.632422948372876644e+07 4.521938733089750633e+06 -3.962786871163622010e+06 -1.951570269969710847e+06 2.392377259842423722e+06 -2.563623415104990825e+06 2.678545666514453012e+06 9.837494118241443066e+05 5.263735220059240237e+05 2.064064714740742445e+08 3.776826795206152648e+07 -4.135705776043811347e+06 -2.934951146307264571e+05 7.610215302481212653e+06 -3.382701183003322687e+06 3.664842348274111748e+06 4.430173703363566659e+06 4.216798846905725077e+06
-1.654875553965291381e+07 1.264953652125005238e+07 -1.000837015005358990e+05 3.922276624056985020e+05 2.989120925085799769e+06 -1.032494279225705424e+06 -6.640044390707720304e+05 -2.729397060157960368e+04 -6.309215073082261952e+05 3.776826795206152648e+07 6.246062904172709584e+07 -1.436390201486239675e+06 -4.496847075130808167e+06 -3.426158436811218038e+06 -2.200644551466388162e+06 2.326888739016638137e+06 -1.230010004021525383e+06 -1.568220273716367665e+05
3.034639082716551609e+06 3.148718477879904211e+06 1.787721315584842581e+06 -1.647876096427472541e+06 -2.002347013062777696e+05 -9.572382811816673493e+05 3.753169236375728506e+05 4.885552911990067805e+05 -5.750833773066260619e+05 -4.135705776043811347e+06 -1.436390201486239675e+06 2.582793457621156424e+07 5.647414691885740496e+06 6.749861299251919845e+05 6.669494330612575868e+05 2.403004544068569783e+06 -6.539427700090764556e+05 -2.296781587089710520e+05
1.117124326398640871e+06 6.419205469889766537e+05 -1.968841325879302458e+05 -1.229929389977889135e+06 -3.883724444815315655e+05 1.650945036878725223e+05 1.432954502206124598e+05 4.259781813024691073e+05 -1.042485295321051526e+05 -2.934951146307264571e+05 -4.496847075130808167e+06 5.647414691885740496e+06 8.204662590321199037e+06 1.229688675571914064e+06 -8.284918644814335275e+05 1.814371363150352845e+06 6.812677122655964922e+05 -4.676920048872214975e+05
4.829042190527226776e+06 6.278046546615025727e+05 -8.345447987156544114e+05 3.065249948010906228e+05 2.817049976446590154e+05 -1.314058661142405181e+05 5.014094739466739120e+05 4.752712257766340190e+04 5.794151031109207543e+04 7.610215302481212653e+06 -3.426158436811218038e+06 6.749861299251919845e+05 1.229688675571914064e+06 3.012239419025124051e+06 5.922461366457361728e+05 7.842818698376422981e+05 5.073875300490919617e+05 -7.732645848655235022e+04
4.028909227527228184e+06 7.752242320628386224e+05 -2.316891339931119292e+05 2.784036656153966323e+05 5.130341800855810870e+05 9.171502888989126950e+04 2.584287694167953741e+05 7.540900387356294232e+03 2.140055249863535573e+05 -3.382701183003322687e+06 -2.200644551466388162e+06 6.669494330612575868e+05 -8.284918644814335275e+05 5.922461366457361728e+05 2.027748744152252795e+06 3.513782007905011997e+05 -2.832517368464910542e+05 -1.591276817459372687e+05
2.527236755432378035e+06 2.386970376092382241e+06 5.836470972499094387e+03 -6.543348612781675765e+05 3.874891682931687683e+05 -1.601207813789063403e+04 2.402930358357824734e+05 5.933179210223675182e+04 5.524716271805948782e+04 3.664842348274111748e+06 2.326888739016638137e+06 2.403004544068569783e+06 1.814371363150352845e+06 7.842818698376422981e+05 3.513782007905011997e+05 2.722221144581720233e+06 5.166808619211451150e+05 -9.895621303723231540e+04
2.829194051805967465e+06 -2.016254899197209743e+05 3.869339556131659774e+05 -1.800355459935879480e+04 -3.128826803752951091e+05 1.885911205491248111e+05 2.313662595100063754e+03 5.570451081831791089e+04 3.508958473607129235e+03 4.430173703363566659e+06 -1.230010004021525383e+06 -6.539427700090764556e+05 6.812677122655964922e+05 5.073875300490919617e+05 -2.832517368464910542e+05 5.166808619211451150e+05 1.250362135913966456e+06 1.377825950557551696e+05
6.177195356412739784e+04 -5.477754526365892962e+05 1.564552038502417854e+05 2.386938711976261111e+05 1.043789022816778452e+05 2.911639963780070048e+03 1.123847856205067947e+05 2.122740077054395806e+04 7.860724922926377621e+04 4.216798846905725077e+06 -1.568220273716367665e+05 -2.296781587089710520e+05 -4.676920048872214975e+05 -7.732645848655235022e+04 -1.591276817459372687e+05 -9.895621303723231540e+04 1.377825950557551696e+05 4.824835660083197872e+05
