# lambda=0.1607078480654631
1.715620019632495940e+07 -1.327709921527206665e+06 -8.822990092597068287e+05 9.636022051700572483e+05 -1.408164261435012566e+06 2.018284564615872805e+05 2.924487675961817731e+05 -6.010641131345320027e+05 -5.877904303883596003e+04 7.154381731861487031e+06 -2.380036915762533899e+06 -4.413885334421179257e+06 5.089530610456544091e+05 7.206492268653137144e+05 -1.326118362396884244e+06 -7.064090712437850889e+05 1.738973506670797942e+05 -1.075003170468310593e+06
-1.327709921527206665e+06 1.023660093116868101e+07 2.098216885047151241e+06 -7.123909885608869372e+05 -2.762635116528245271e+05 3.012835381875628373e+05 5.238372255072855041e+05 4.397917717643656215e+04 -9.433801401255528617e+04 2.072149373755840212e+07 7.401404457146826200e+06 5.184725286568795331e+06 -1.528535009968928644e+05 -9.047029225323381834e+05 1.717222271503286436e+06 6.046674278055413160e+05 -6.941744338090720121e+05 -7.041958275662140222e+05
-8.822990092597068287e+05 2.098216885047151241e+06 3.587658709834815469e+06 2.188636173562580079e+05 -2.377006567343210918e+05 -1.759832911357786506e+05 -3.243765495081534755e+04 2.204522580553143052e+05 -4.152306597884042276e+04 -6.111070393891263520e+05 -4.393980548443722073e+05 3.528148280084676575e+06 -3.517022752710960340e+05 -2.077771439264746616e+06 2.879255568399339099e+05 5.962354602734197397e+05 5.460807988771410892e+05 7.351625529851624742e+04
9.636022051700572483e+05 -7.123909885608869372e+05 2.188636173562580079e+05 1.856386470459700562e+06 3.900655116843529395e+05 -2.118164079274012183e+05 -1.827865509065073566e+05 -1.350729184282627248e+05 -6.619379943556753278e+04 1.911930393048383528e+06 5.767494026464533526e+05 -6.002677313750264002e+05 -4.527298326819467475e+05 4.503034031808738946e+05 2.131703094083457472e+04 -3.348711439921721467e+04 -1.240746595245715289e+05 1.156515368243062258e+05
-1.408164261435012566e+06 -2.762635116528245271e+05 -2.377006567343210918e+05 3.900655116843529395e+05 9.805719782912341179e+05 -9.030025959243954276e+04 -5.906989926082812599e+04 2.056045637828468534e+04 4.425970246304190368e+03 -3.411908553039534949e+06 -1.108172020430259290e+05 -3.410282565146830166e+05 1.032167130657098896e+05 6.951359949200844858e+05 -1.215117425072640472e+05 -1.220314671048209857e+04 -2.546875676213205152e+05 -4.279924054707370487e+03
2.018284564615872805e+05 3.012835381875628373e+05 -1.759832911357786506e+05 -2.118164079274012183e+05 -9.030025959243954276e+04 5.235661668391600833e+05 1.241538084771539579e+05 -6.204951014721119464e+03 3.894394655432429136e+04 1.489821814770157449e+06 5.453479618345807539e+05 -3.377226493516425253e+05 3.341715229390914319e+05 2.518268368381455948e+05 3.257523650437248871e+05 1.614691481869748095e+05 1.407531688872948289e+05 -8.443609928192284133e+04
2.924487675961817731e+05 5.238372255072855041e+05 -3.243765495081534755e+04 -1.827865509065073566e+05 -5.906989926082812599e+04 1.241538084771539579e+05 2.175451377164627775e+05 1.430307827141766029e+04 -9.372079436306874413e+03 1.420125924743791809e+06 3.092597914606549311e+05 -1.879092764828032814e+05 5.246340526368567953e+05 -1.117303589105525316e+05 8.247907153489995108e+04 1.497626262281204399e+05 -6.247374808761789609e+04 -7.411735690526329563e+04
-6.010641131345320027e+05 4.397917717643656215e+04 2.204522580553143052e+05 -1.350729184282627248e+05 2.056045637828468534e+04 -6.204951014721119464e+03 1.430307827141766029e+04 2.280058504996344564e+05 1.238203476090367440e+04 -7.105875936620746506e+05 -2.198805672644783626e+05 -2.582709734495380544e+05 1.771233815185360727e+05 -1.213972321553283109e+05 8.147216632155011757e+04 1.481217617494157166e+05 2.874941684750111890e+05 1.590939728609793528e+05
-5.877904303883596003e+04 -9.433801401255528617e+04 -4.152306597884042276e+04 -6.619379943556753278e+04 4.425970246304190368e+03 3.894394655432429136e+04 -9.372079436306874413e+03 1.238203476090367440e+04 4.290886126364355005e+04 -2.186843387771123089e+05 -7.904253834505678969e+04 3.524062427392948302e+05 -4.247398320241249166e+04 1.648651081798633095e+05 1.422609920371870685e+05 1.629397366443464307e+04 2.398938490672871558e+04 -1.052515758885543255e+04
7.154381731861487031e+06 2.072149373755840212e+07 -6.111070393891263520e+05 1.911930393048383528e+06 -3.411908553039534949e+06 1.489821814770157449e+06 1.420125924743791809e+06 -7.105875936620746506e+05 -2.186843387771123089e+05 1.302804701587297171e+08 1.550281095470557548e+07 5.179105761212935904e+05 4.994188969511530362e+06 4.571375762208591215e+06 8.619996674639429897e+06 8.258959283931083046e+05 -2.974169242844701745e+06 -2.082455128219625680e+06
-2.380036915762533899e+06 7.401404457146826200e+06 -4.393980548443722073e+05 5.767494026464533526e+05 -1.108172020430259290e+05 5.453479618345807539e+05 3.092597914606549311e+05 -2.198805672644783626e+05 -7.904253834505678969e+04 1.550281095470557548e+07 3.557368167825101316e+07 4.596153739342657849e+06 -5.920904567996479571e+06 -1.263557254375721328e+06 3.403138979413251393e+06 -6.827168599902230781e+05 -4.332886067018169910e+06 -1.042676464514519204e+06
-4.413885334421179257e+06 5.184725286568795331e+06 3.528148280084676575e+06 -6.002677313750264002e+05 -3.410282565146830166e+05 -3.377226493516425253e+05 -1.879092764828032814e+05 -2.582709734495380544e+05 3.524062427392948302e+05 5.179105761212935904e+05 4.596153739342657849e+06 2.469574629659200460e+07 -5.366722900487575680e+06 4.632842017865753151e+05 3.718764563347387128e+06 -3.964605878930524923e+05 -1.118396834581649164e+06 -1.407144974553384120e+06
5.089530610456544091e+05 -1.528535009968928644e+05 -3.517022752710960340e+05 -4.527298326819467475e+05 1.032167130657098896e+05 3.341715229390914319e+05 5.246340526368567953e+05 1.771233815185360727e+05 -4.247398320241249166e+04 4.994188969511530362e+06 -5.920904567996479571e+06 -5.366722900487575680e+06 4.656960127983883023e+06 1.940505811683099091e+04 -4.830270641664761351e+05 8.578350263616875745e+05 6.792684482914456166e+05 4.812926042171487352e+05
7.206492268653137144e+05 -9.047029225323381834e+05 -2.077771439264746616e+06 4.503034031808738946e+05 6.951359949200844858e+05 2.518268368381455948e+05 -1.117303589105525316e+05 -1.213972321553283109e+05 1.648651081798633095e+05 4.571375762208591215e+06 -1.263557254375721328e+06 4.632842017865753151e+05 1.940505811683099091e+04 3.499717238361714408e+06 9.751347886555370642e+05 -2.568234892742049997e+05 -2.899130207982270513e+05 -3.384260947181059746e+05
-1.326118362396884244e+06 1.717222271503286436e+06 2.879255568399339099e+05 2.131703094083457472e+04 -1.215117425072640472e+05 3.257523650437248871e+05 8.247907153489995108e+04 8.147216632155011757e+04 1.422609920371870685e+05 8.619996674639429897e+06 3.403138979413251393e+06 3.718764563347387128e+06 -4.830270641664761351e+05 9.751347886555370642e+05 2.713152518412878737e+06 3.757602908444824861e+05 -1.059175551148734958e+05 6.983266534380246594e+04
-7.064090712437850889e+05 6.046674278055413160e+05 5.962354602734197397e+05 -3.348711439921721467e+04 -1.220314671048209857e+04 1.614691481869748095e+05 1.497626262281204399e+05 1.481217617494157166e+05 1.629397366443464307e+04 8.258959283931083046e+05 -6.827168599902230781e+05 -3.964605878930524923e+05 8.578350263616875745e+05 -2.568234892742049997e+05 3.757602908444824861e+05 6.293377733311516931e+05 4.554678763629925088e+05 2.980138566515118582e+05
1.738973506670797942e+05 -6.941744338090720121e+05 5.460807988771410892e+05 -1.240746595245715289e+05 -2.546875676213205152e+05 1.407531688872948289e+05 -6.247374808761789609e+04 2.874941684750111890e+05 2.398938490672871558e+04 -2.974169242844701745e+06 -4.332886067018169910e+06 -1.118396834581649164e+06 6.792684482914456166e+05 -2.899130207982270513e+05 -1.059175551148734958e+05 4.554678763629925088e+05 1.404708415057359030e+06 4.924347256640615524e+05
-1.075003170468310593e+06 -7.041958275662140222e+05 7.351625529851624742e+04 1.156515368243062258e+05 -4.279924054707370487e+03 -8.443609928192284133e+04 -7.411735690526329563e+04 1.590939728609793528e+05 -1.052515758885543255e+04 -2.082455128219625680e+06 -1.042676464514519204e+06 -1.407144974553384120e+06 4.812926042171487352e+05 -3.384260947181059746e+05 6.983266534380246594e+04 2.980138566515118582e+05 4.924347256640615524e+05 5.850330151088967687e+05
