# lambda=0.23389299579993394
6.738164229086102545e+07 1.562499921341228066e+06 4.553435577783054672e+06 1.155126569478657329e+06 -2.757344875703737125e+04 -3.141352474821101059e+05 -2.869871337244872120e+05 -6.038613645991963567e+05 -1.727976207978817984e+05 3.755137132978530228e+07 5.532283501809326699e+05 5.761546598223436624e+06 4.091416808304483537e+06 2.345840358780610841e+06 -8.592389907051390037e+05 -3.121687023185891099e+06 -1.183314603793280432e+06 8.493355235268456454e+04
1.562499921341228066e+06 8.422989503815792501e+06 1.225578743590415223e+06 2.035733385172279959e+05 -2.298994046309527475e+05 -3.233271888240908156e+05 3.218616883909400349e+04 2.391385286004825903e+05 -5.549343521937253536e+04 1.831734382563238731e+06 -5.232652643103955314e+06 3.936026653804940172e+06 3.416510204111572355e+06 9.011948367093210109e+05 -4.549059236356637557e+05 -4.586114730677715852e+04 3.545904000305150403e+05 -2.684391861578978132e+05
4.553435577783054672e+06 1.225578743590415223e+06 3.210996025024696719e+06 8.852954151156164007e+05 -2.072722442152574658e+05 -2.252819608964070503e+05 -6.743105097799330542e+04 -1.061719640648200148e+05 1.634515734553109796e+05 7.644807748912801966e+06 6.162294702457254753e+06 1.819568396317032864e+06 -1.670804629165591206e+06 -8.357402722728520166e+05 -6.791951974485364044e+05 -2.334245291703734838e+05 1.820995429851153749e+05 -3.600804724961536122e+05
1.155126569478657329e+06 2.035733385172279959e+05 8.852954151156164007e+05 1.805351560640237061e+06 4.081790235228191013e+05 1.522442544872732542e+05 1.454933914015710761e+05 -6.190020635946292168e+04 1.407118411312077951e+05 4.701970082804837264e+06 2.444699729522613343e+06 2.760042922941192053e+06 -2.142984334811202643e+04 6.826120785315807443e+05 -2.582426262077246793e+05 1.753747301809438213e+05 2.815064368641337496e+05 -3.649436308707977296e+05
-2.757344875703737125e+04 -2.298994046309527475e+05 -2.072722442152574658e+05 4.081790235228191013e+05 6.914901785509018227e+05 -1.360914686545811419e+05 1.416883076794205117e+05 8.503351022322347490e+03 7.198603171735911747e+04 3.969907002540947869e+06 -9.377893749214580748e+05 1.921419942726477748e+06 4.205722871439795126e+05 -2.190433298731352552e+05 -2.848763816648129723e+05 1.696425281340540387e+05 -4.765499965069235623e+04 -1.657920500267547031e+05
-3.141352474821101059e+05 -3.233271888240908156e+05 -2.252819608964070503e+05 1.522442544872732542e+05 -1.360914686545811419e+05 3.051541370395756676e+05 3.620428264140606916e+04 -1.970607611420196190e+04 -2.649183968318811822e+03 -3.163345069105657283e+06 5.501449285437971121e+05 -7.861989628265995998e+05 -1.787085469831761147e+05 2.415551324832620739e+05 2.105950062342063757e+05 -5.530352060725828051e+04 -1.072924974589179328e+04 -4.897561788762435754e+03
-2.869871337244872120e+05 3.218616883909400349e+04 -6.743105097799330542e+04 1.454933914015710761e+05 1.416883076794205117e+05 3.620428264140606916e+04 3.699126760410184506e+05 1.094063206333907001e+05 4.792881067694709054e+04 -4.731875056479141349e+05 -1.033532985984196421e+05 8.686566359911095351e+05 -2.805622553597864462e+05 -1.662098838355220505e+05 -3.158998557689183508e+05 9.563620883908035466e+04 -1.771782614972869633e+05 -2.516272080012426159e+04
-6.038613645991963567e+05 2.391385286004825903e+05 -1.061719640648200148e+05 -6.190020635946292168e+04 8.503351022322347490e+03 -1.970607611420196190e+04 1.094063206333907001e+05 1.784474808015810850e+05 2.414354705027450473e+04 3.189318022226498579e+05 -9.805182096063208301e+05 1.193524881417199940e+05 -5.772531883799218122e+03 2.553625324244936564e+04 2.773357100723730764e+04 1.185186071888252918e+05 -1.077065803270501492e+05 -2.262884534604318560e+03
-1.727976207978817984e+05 -5.549343521937253536e+04 1.634515734553109796e+05 1.407118411312077951e+05 7.198603171735911747e+04 -2.649183968318811822e+03 4.792881067694709054e+04 2.414354705027450473e+04 1.135103475764726172e+05 1.670836875012572855e+06 3.637823498185677454e+05 4.279481996831528959e+05 -3.485049130084181670e+05 -1.442143255786701920e+05 -7.465886595403270621e+04 9.360597839396762720e+04 -5.414792050504247891e+04 -1.156984594073250082e+04
3.755137132978530228e+07 1.831734382563238731e+06 7.644807748912801966e+06 4.701970082804837264e+06 3.969907002540947869e+06 -3.163345069105657283e+06 -4.731875056479141349e+05 3.189318022226498579e+05 1.670836875012572855e+06 1.581439974242997468e+08 1.674331671505198628e+07 2.365774062493865937e+07 1.860832201073932927e+06 -1.993712641635010485e+06 -3.884581821452795062e+06 -2.069824749629402068e+05 6.664783479929934256e+05 -1.875307246661725454e+06
5.532283501809326699e+05 -5.232652643103955314e+06 6.162294702457254753e+06 2.444699729522613343e+06 -9.377893749214580748e+05 5.501449285437971121e+05 -1.033532985984196421e+05 -9.805182096063208301e+05 3.637823498185677454e+05 1.674331671505198628e+07 5.787017480212865025e+07 8.236607135381795466e+06 -7.417057653717016801e+06 -1.045454242096104659e+06 -1.488874555019960273e+06 4.669531482725861133e+05 2.446397100442367373e+05 8.665168072365489788e+05
5.761546598223436624e+06 3.936026653804940172e+06 1.819568396317032864e+06 2.760042922941192053e+06 1.921419942726477748e+06 -7.861989628265995998e+05 8.686566359911095351e+05 1.193524881417199940e+05 4.279481996831528959e+05 2.365774062493865937e+07 8.236607135381795466e+06 2.043337874198656902e+07 3.981399635443663690e+06 -3.597817438629583339e+05 -2.884138249017480295e+06 2.381585332613526261e+05 -2.135036682013703467e+04 -8.717681216575338040e+05
4.091416808304483537e+06 3.416510204111572355e+06 -1.670804629165591206e+06 -2.142984334811202643e+04 4.205722871439795126e+05 -1.787085469831761147e+05 -2.805622553597864462e+05 -5.772531883799218122e+03 -3.485049130084181670e+05 1.860832201073932927e+06 -7.417057653717016801e+06 3.981399635443663690e+06 6.902547528535737656e+06 2.349148446486969478e+06 -1.462481522482364089e+05 -1.089895007814133307e+06 -1.655229434887486277e+05 -1.898466341880780237e+05
2.345840358780610841e+06 9.011948367093210109e+05 -8.357402722728520166e+05 6.826120785315807443e+05 -2.190433298731352552e+05 2.415551324832620739e+05 -1.662098838355220505e+05 2.553625324244936564e+04 -1.442143255786701920e+05 -1.993712641635010485e+06 -1.045454242096104659e+06 -3.597817438629583339e+05 2.349148446486969478e+06 4.702792483714754693e+06 1.330026387209689245e+06 2.408570569301766809e+05 -3.406831631031678990e+05 5.356957512148773530e+05
-8.592389907051390037e+05 -4.549059236356637557e+05 -6.791951974485364044e+05 -2.582426262077246793e+05 -2.848763816648129723e+05 2.105950062342063757e+05 -3.158998557689183508e+05 2.773357100723730764e+04 -7.465886595403270621e+04 -3.884581821452795062e+06 -1.488874555019960273e+06 -2.884138249017480295e+06 -1.462481522482364089e+05 1.330026387209689245e+06 2.435534087829868775e+06 3.766162267718093935e+05 -3.403409865391972708e+05 3.052619149450076511e+05
-3.121687023185891099e+06 -4.586114730677715852e+04 -2.334245291703734838e+05 1.753747301809438213e+05 1.696425281340540387e+05 -5.530352060725828051e+04 9.563620883908035466e+04 1.185186071888252918e+05 9.360597839396762720e+04 -2.069824749629402068e+05 4.669531482725861133e+05 2.381585332613526261e+05 -1.089895007814133307e+06 2.408570569301766809e+05 3.766162267718093935e+05 1.249378866188091692e+06 3.163686163284023642e+05 2.686054879726783838e+05
-1.183314603793280432e+06 3.545904000305150403e+05 1.820995429851153749e+05 2.815064368641337496e+05 -4.765499965069235623e+04 -1.072924974589179328e+04 -1.771782614972869633e+05 -1.077065803270501492e+05 -5.414792050504247891e+04 6.664783479929934256e+05 2.446397100442367373e+05 -2.135036682013703467e+04 -1.655229434887486277e+05 -3.406831631031678990e+05 -3.403409865391972708e+05 3.163686163284023642e+05 9.112398563944357447e+05 -1.255062670913657494e+05
8.493355235268456454e+04 -2.684391861578978132e+05 -3.600804724961536122e+05 -3.649436308707977296e+05 -1.657920500267547031e+05 -4.897561788762435754e+03 -2.516272080012426159e+04 -2.262884534604318560e+03 -1.156984594073250082e+04 -1.875307246661725454e+06 8.665168072365489788e+05 -8.717681216575338040e+05 -1.898466341880780237e+05 5.356957512148773530e+05 3.052619149450076511e+05 2.686054879726783838e+05 -1.255062670913657494e+05 6.444012072471650317e+05
