# lambda=0.13368719589366854
4.536347163670541346e+07 3.252272868976299651e+06 -6.127861374241939484e+04 1.527839738509176066e+06 1.706359025626890361e+05 -3.452330295817700098e+05 -1.857505941760539426e+05 1.137620451544595882e+06 -4.777457148170657456e+05 2.956104590371170267e+07 -1.473085488867086545e+07 -6.605191747243162245e+06 5.058383856505217846e+05 -1.076871903233638033e+06 1.836285960361985781e+05 -5.136364052639201400e+05 2.220261640345903113e+06 8.202691214977835771e+05
3.252272868976299651e+06 1.271103217551902682e+07 1.848924657907793298e+06 4.581308649670630111e+05 1.641861058612228371e+06 -2.632678490932777058e+05 7.179391915734062786e+04 -3.055751949252185877e+05 -5.773617214806236007e+04 9.124315396811595187e+06 5.460232531849704683e+06 7.505714544904252980e+05 4.475446486875861883e+06 6.747603918658009497e+05 -3.742602680922971922e+04 -1.957669235352643882e+05 3.681476066151070991e+05 4.297632138782289694e+05
-6.127861374241939484e+04 1.848924657907793298e+06 3.217208717387188692e+06 8.027999848266267218e+05 6.448401240721406648e+05 -1.127132408915383421e+05 -1.185054093326889561e+05 -4.030557228005980141e+04 -8.968502689945769816e+03 4.545169145760660060e+06 7.916309402038612403e+06 2.277220420363539830e+06 1.328226888142551063e+06 4.930308907243657159e+05 6.006046266240235418e+05 -1.911554983260797744e+05 -2.904304832619222580e+05 -2.602988369792138474e+04
1.527839738509176066e+06 4.581308649670630111e+05 8.027999848266267218e+05 1.622547011190111283e+06 6.461202468427037820e+05 2.715039142535416759e+05 9.152528208006166096e+04 -1.276972587539230517e+04 -1.511236073812477844e+04 -3.974150294285017066e+06 -1.721186592671874678e+06 1.475362590441360138e+06 1.523776518673067912e+06 4.632487641153254081e+05 2.434948018439623702e+05 -2.096804874875795213e+05 8.332108507613933762e+04 4.281978137125443027e+03
1.706359025626890361e+05 1.641861058612228371e+06 6.448401240721406648e+05 6.461202468427037820e+05 1.162522126009831438e+06 3.712654338860602002e+05 4.993252775486480823e+04 -5.583856207504746271e+04 6.215916690564661258e+04 2.111987099101278465e+06 4.713705151429227553e+05 1.676851574821964605e+06 1.609266450882596662e+06 2.695754473246662528e+05 -3.443839918400552124e+05 -4.686507971465804148e+05 4.322987942603899137e+04 1.566204447815265448e+05
-3.452330295817700098e+05 -2.632678490932777058e+05 -1.127132408915383421e+05 2.715039142535416759e+05 3.712654338860602002e+05 5.635474735513569321e+05 1.152067935169472621e+05 1.381861913461255244e+04 6.188614813373286597e+04 -3.429108563926457893e+06 -2.658794579877394252e+06 1.585994253436952364e+06 9.804304753927570709e+04 -7.031100854536087718e+04 2.336492521739251606e+04 -1.970947790404584957e+05 -1.193929209350649326e+05 2.568624843848125020e+05
-1.857505941760539426e+05 7.179391915734062786e+04 -1.185054093326889561e+05 9.152528208006166096e+04 4.993252775486480823e+04 1.152067935169472621e+05 1.939951305636204488e+05 4.217595626879285555e+04 5.355215669861463539e+04 8.493091775995261269e+05 -1.157386617989623686e+06 -2.121299355683087197e+04 -1.155789851578204107e+05 -8.324863711699227861e+04 2.237570923327532364e+05 8.450767809024309099e+04 -4.013837837664373365e+04 1.251141710131539185e+03
1.137620451544595882e+06 -3.055751949252185877e+05 -4.030557228005980141e+04 -1.276972587539230517e+04 -5.583856207504746271e+04 1.381861913461255244e+04 4.217595626879285555e+04 1.114129310040521523e+05 -3.233282991293002397e+03 1.739405131902982714e+06 -7.570137396015448030e+05 -4.990163486368979793e+05 -1.599456220864247298e+05 -2.475018771038179693e+04 2.444190767617859819e+05 5.617936559726318228e+04 3.601641288128183805e+04 -3.944025429549408727e+04
-4.777457148170657456e+05 -5.773617214806236007e+04 -8.968502689945769816e+03 -1.511236073812477844e+04 6.215916690564661258e+04 6.188614813373286597e+04 5.355215669861463539e+04 -3.233282991293002397e+03 8.093724436680407962e+04 -6.242623768473131349e+05 -5.025651912816397962e+05 -2.041896813852178411e+03 -2.429441557458576281e+05 -2.939208713274513721e+05 7.737531821644092270e+04 1.273477684315248189e+05 -7.159666584242704266e+04 3.795400737621817825e+04
2.956104590371170267e+07 9.124315396811595187e+06 4.545169145760660060e+06 -3.974150294285017066e+06 2.111987099101278465e+06 -3.429108563926457893e+06 8.493091775995261269e+05 1.739405131902982714e+06 -6.242623768473131349e+05 2.400121565498680770e+08 5.355615010571201891e+07 -1.616453024738176167e+07 2.982038452106198019e+04 -1.214649950962690404e+06 1.872119812588185538e+06 -8.474218082278996706e+06 1.374633134694577893e+06 -2.837578055242178030e+06
-1.473085488867086545e+07 5.460232531849704683e+06 7.916309402038612403e+06 -1.721186592671874678e+06 4.713705151429227553e+05 -2.658794579877394252e+06 -1.157386617989623686e+06 -7.570137396015448030e+05 -5.025651912816397962e+05 5.355615010571201891e+07 7.488358831871171296e+07 3.207694822504390031e+06 2.522712226403264329e+06 -5.846265811489531770e+05 4.155310598856599536e+05 -1.001869500968001084e+06 -7.881103132496173494e+05 -2.435626952099307906e+06
-6.605191747243162245e+06 7.505714544904252980e+05 2.277220420363539830e+06 1.475362590441360138e+06 1.676851574821964605e+06 1.585994253436952364e+06 -2.121299355683087197e+04 -4.990163486368979793e+05 -2.041896813852178411e+03 -1.616453024738176167e+07 3.207694822504390031e+06 2.269573647764707357e+07 5.820657468074700795e+06 4.711935566691536456e+06 9.535563023568297504e+05 1.106403141345426440e+06 -5.911590276761284331e+05 1.736445272273344919e+06
5.058383856505217846e+05 4.475446486875861883e+06 1.328226888142551063e+06 1.523776518673067912e+06 1.609266450882596662e+06 9.804304753927570709e+04 -1.155789851578204107e+05 -1.599456220864247298e+05 -2.429441557458576281e+05 2.982038452106198019e+04 2.522712226403264329e+06 5.820657468074700795e+06 1.141546596020433679e+07 1.322772953751443420e+06 -6.221774778251672396e+05 -3.331587536622572225e+05 4.934756057504696219e+04 -2.101417674760628724e+05
-1.076871903233638033e+06 6.747603918658009497e+05 4.930308907243657159e+05 4.632487641153254081e+05 2.695754473246662528e+05 -7.031100854536087718e+04 -8.324863711699227861e+04 -2.475018771038179693e+04 -2.939208713274513721e+05 -1.214649950962690404e+06 -5.846265811489531770e+05 4.711935566691536456e+06 1.322772953751443420e+06 5.173238646456220187e+06 5.329517915848994162e+05 2.299499175850148313e+05 2.023104470519518072e+05 4.404427836134309182e+05
1.836285960361985781e+05 -3.742602680922971922e+04 6.006046266240235418e+05 2.434948018439623702e+05 -3.443839918400552124e+05 2.336492521739251606e+04 2.237570923327532364e+05 2.444190767617859819e+05 7.737531821644092270e+04 1.872119812588185538e+06 4.155310598856599536e+05 9.535563023568297504e+05 -6.221774778251672396e+05 5.329517915848994162e+05 2.156737300201141275e+06 1.153711180192848435e+06 -2.009160605136767263e+05 -1.153002875130666871e+04
-5.136364052639201400e+05 -1.957669235352643882e+05 -1.911554983260797744e+05 -2.096804874875795213e+05 -4.686507971465804148e+05 -1.970947790404584957e+05 8.450767809024309099e+04 5.617936559726318228e+04 1.273477684315248189e+05 -8.474218082278996706e+06 -1.001869500968001084e+06 1.106403141345426440e+06 -3.331587536622572225e+05 2.299499175850148313e+05 1.153711180192848435e+06 2.814868427157930564e+06 2.579480544380662614e+05 2.392289229842847271e+05
2.220261640345903113e+06 3.681476066151070991e+05 -2.904304832619222580e+05 8.332108507613933762e+04 4.322987942603899137e+04 -1.193929209350649326e+05 -4.013837837664373365e+04 3.601641288128183805e+04 -7.159666584242704266e+04 1.374633134694577893e+06 -7.881103132496173494e+05 -5.911590276761284331e+05 4.934756057504696219e+04 2.023104470519518072e+05 -2.009160605136767263e+05 2.579480544380662614e+05 4.227474665638470906e+05 4.716203181348014186e+04
8.202691214977835771e+05 4.297632138782289694e+05 -2.602988369792138474e+04 4.281978137125443027e+03 1.566204447815265448e+05 2.568624843848125020e+05 1.251141710131539185e+03 -3.944025429549408727e+04 3.795400737621817825e+04 -2.837578055242178030e+06 -2.435626952099307906e+06 1.736445272273344919e+06 -2.101417674760628724e+05 4.404427836134309182e+05 -1.153002875130666871e+04 2.392289229842847271e+05 4.716203181348014186e+04 5.039037967338615563e+05
