# lambda=0.1414152538401963
6.658606145339069515e+07 1.322803743254518881e+07 3.859363636151750572e+06 -1.470720166354318848e+06 5.317537376421190565e+05 -1.280762907593532145e+05 1.085246859309705906e+06 1.964309109083139803e+06 5.346947065197362099e+05 5.016151068132662773e+07 3.836136571443364490e+06 2.192439358064015862e+06 2.701029010082241613e+06 5.270602870422707871e+06 -3.032746635860289098e+05 7.333243096212826204e+05 -4.992978996748706559e+05 3.006291183907734696e+06
1.322803743254518881e+07 2.353474480434355140e+07 3.160629361970973201e+06 8.701839303578526014e+05 -1.022726560301033547e+06 -1.730286154064744711e+06 2.751917708726054407e+05 9.108855706000847276e+05 2.319193889641653514e+05 2.588914831131052226e+07 1.173113849328837730e+07 -7.840485033157375641e+06 5.219371868344821967e+06 -9.182636311042992165e+05 -1.143981658196146054e+04 -1.111851749721543398e+06 -4.114762804365783813e+05 7.524791469664197648e+05
3.859363636151750572e+06 3.160629361970973201e+06 5.253370913656948134e+06 5.143763036662731902e+05 9.155429393799864920e+05 1.322173454797811864e+05 -8.219499961571469612e+04 5.198117494074545102e+05 1.212188719139737659e+05 5.849434320098175667e+06 7.836948568628394278e+05 2.242101993490675814e+05 -1.627069102655334398e+06 3.110730821253475151e+05 -5.701043545086286031e+04 1.982436743592591083e+05 -6.727310800230513560e+05 9.213301666972850217e+04
-1.470720166354318848e+06 8.701839303578526014e+05 5.143763036662731902e+05 1.625552536822647555e+06 5.045893332460218226e+05 4.755283727314946736e+04 7.750392187728385034e+04 1.245331586350385624e+05 -1.169601007703119685e+05 4.226872545387828723e+06 1.437856683524177643e+05 -4.034610868300201255e+05 9.551863673784532584e+05 1.118992870763454819e+06 7.151479861221475294e+05 -1.021611881209391140e+05 1.477136068703863421e+05 -1.592535591171055567e+05
5.317537376421190565e+05 -1.022726560301033547e+06 9.155429393799864920e+05 5.045893332460218226e+05 1.500522331112498417e+06 3.648434506612662808e+05 1.456232471117342939e+05 7.619853973245709494e+04 5.408207755786024791e+04 2.478028873212719336e+06 -1.132976932141212979e+06 1.531643452986094868e+06 -1.146140808278230485e+06 7.621749157286754344e+05 8.259526495662573725e+05 2.055903145746471419e+05 9.389819859939649177e+04 2.087851296119233011e+05
-1.280762907593532145e+05 -1.730286154064744711e+06 1.322173454797811864e+05 4.755283727314946736e+04 3.648434506612662808e+05 5.118673158093491802e+05 -3.278450409932123875e+04 2.385078379630221389e+04 8.488842156939080451e+04 8.209330141463789623e+05 -1.863788130369760096e+06 1.190094833335331175e+06 -7.751280578084096778e+05 6.424712709621454123e+05 3.847591641724254587e+05 2.955473556467903222e+02 7.105177531382911548e+04 6.091093963064836862e+04
1.085246859309705906e+06 2.751917708726054407e+05 -8.219499961571469612e+04 7.750392187728385034e+04 1.456232471117342939e+05 -3.278450409932123875e+04 3.029824395393849700e+05 -3.166569604386826541e+04 -3.596743519484702119e+04 3.722945113643717486e+05 -7.943878427639285292e+03 7.293151202866407111e+05 3.701797139229018940e+05 1.250038338359756381e+04 5.731524567188849323e+04 8.436155483424317208e+04 1.743165139020990464e+05 3.297577465130350902e+04
1.964309109083139803e+06 9.108855706000847276e+05 5.198117494074545102e+05 1.245331586350385624e+05 7.619853973245709494e+04 2.385078379630221389e+04 -3.166569604386826541e+04 2.495751098935834307e+05 7.480881972353669698e+04 2.660655677307926584e+06 -5.513638262245141668e+05 -2.160275717267624714e+03 1.885775657513366896e+05 4.220779757185262861e+05 -1.011170980101846653e+05 1.901190400099130056e+05 3.865401511502768699e+04 1.870250045007206791e+05
5.346947065197362099e+05 2.319193889641653514e+05 1.212188719139737659e+05 -1.169601007703119685e+05 5.408207755786024791e+04 8.488842156939080451e+04 -3.596743519484702119e+04 7.480881972353669698e+04 1.002385107965070783e+05 9.669203301858715713e+05 -2.885752291906043538e+05 -1.953475190206490879e+04 -1.288329901243162167e+05 3.233426684642716427e+05 -1.823283913976271651e+04 6.386084445935187978e+04 2.783471445152743763e+04 1.170332209821995784e+05
5.016151068132662773e+07 2.588914831131052226e+07 5.849434320098175667e+06 4.226872545387828723e+06 2.478028873212719336e+06 8.209330141463789623e+05 3.722945113643717486e+05 2.660655677307926584e+06 9.669203301858715713e+05 2.451392568056114018e+08 3.975767082938902080e+06 -2.356583065221165121e+07 1.120434977436326630e+07 4.749222534360260470e+05 -1.195090722465400031e+05 1.060523239994169679e+06 2.616690020678735804e+06 -4.173547464330951334e+05
3.836136571443364490e+06 1.173113849328837730e+07 7.836948568628394278e+05 1.437856683524177643e+05 -1.132976932141212979e+06 -1.863788130369760096e+06 -7.943878427639285292e+03 -5.513638262245141668e+05 -2.885752291906043538e+05 3.975767082938902080e+06 4.235394568045649678e+07 -8.968307334010962397e+06 -3.598596841043423861e+06 -1.636513063895332860e+06 -4.237843290626252070e+06 -9.654103851592476713e+05 -6.311712178852412617e+05 -2.904831818659457495e+05
2.192439358064015862e+06 -7.840485033157375641e+06 2.242101993490675814e+05 -4.034610868300201255e+05 1.531643452986094868e+06 1.190094833335331175e+06 7.293151202866407111e+05 -2.160275717267624714e+03 -1.953475190206490879e+04 -2.356583065221165121e+07 -8.968307334010962397e+06 1.562706920986519195e+07 -1.011301764202725841e+06 1.838783481445531826e+06 1.392120875659966376e+06 1.847651281711552525e+06 1.118413119347375468e+05 3.440645134246260277e+05
2.701029010082241613e+06 5.219371868344821967e+06 -1.627069102655334398e+06 9.551863673784532584e+05 -1.146140808278230485e+06 -7.751280578084096778e+05 3.701797139229018940e+05 1.885775657513366896e+05 -1.288329901243162167e+05 1.120434977436326630e+07 -3.598596841043423861e+06 -1.011301764202725841e+06 7.140180178858838044e+06 8.940120013913084986e+05 8.717529797633853741e+05 2.708481661786914337e+05 4.223114014386731433e+05 -1.486274810640606156e+05
5.270602870422707871e+06 -9.182636311042992165e+05 3.110730821253475151e+05 1.118992870763454819e+06 7.621749157286754344e+05 6.424712709621454123e+05 1.250038338359756381e+04 4.220779757185262861e+05 3.233426684642716427e+05 4.749222534360260470e+05 -1.636513063895332860e+06 1.838783481445531826e+06 8.940120013913084986e+05 5.576632666474401020e+06 1.209038297578057507e+06 3.968539551703608595e+05 3.302255336715509766e+05 5.606711956817000173e+05
-3.032746635860289098e+05 -1.143981658196146054e+04 -5.701043545086286031e+04 7.151479861221475294e+05 8.259526495662573725e+05 3.847591641724254587e+05 5.731524567188849323e+04 -1.011170980101846653e+05 -1.823283913976271651e+04 -1.195090722465400031e+05 -4.237843290626252070e+06 1.392120875659966376e+06 8.717529797633853741e+05 1.209038297578057507e+06 2.958986719508099370e+06 -4.286225312549048685e+05 -1.622180181141451067e+04 4.159201698032995773e+04
7.333243096212826204e+05 -1.111851749721543398e+06 1.982436743592591083e+05 -1.021611881209391140e+05 2.055903145746471419e+05 2.955473556467903222e+02 8.436155483424317208e+04 1.901190400099130056e+05 6.386084445935187978e+04 1.060523239994169679e+06 -9.654103851592476713e+05 1.847651281711552525e+06 2.708481661786914337e+05 3.968539551703608595e+05 -4.286225312549048685e+05 1.658942776547334855e+06 4.458537550099541550e+05 1.996979264753030438e+05
-4.992978996748706559e+05 -4.114762804365783813e+05 -6.727310800230513560e+05 1.477136068703863421e+05 9.389819859939649177e+04 7.105177531382911548e+04 1.743165139020990464e+05 3.865401511502768699e+04 2.783471445152743763e+04 2.616690020678735804e+06 -6.311712178852412617e+05 1.118413119347375468e+05 4.223114014386731433e+05 3.302255336715509766e+05 -1.622180181141451067e+04 4.458537550099541550e+05 6.064401730992872035e+05 5.135670982093179191e+04
3.006291183907734696e+06 7.524791469664197648e+05 9.213301666972850217e+04 -1.592535591171055567e+05 2.087851296119233011e+05 6.091093963064836862e+04 3.297577465130350902e+04 1.870250045007206791e+05 1.170332209821995784e+05 -4.173547464330951334e+05 -2.904831818659457495e+05 3.440645134246260277e+05 -1.486274810640606156e+05 5.606711956817000173e+05 4.159201698032995773e+04 1.996979264753030438e+05 5.135670982093179191e+04 4.800367444266726379e+05
