# lambda=0.23648113931359233
2.347549079061341286e+07 8.991222050500804558e+06 6.049233949979028694e+04 -9.232427655983875738e+05 5.024403350481826928e+05 -1.378372237532602157e+05 -4.749152964511524187e+05 3.427241981113851652e+05 -1.097961630923973280e+05 6.844058187996254303e+06 1.732530037785895169e+07 -4.642345003308342770e+06 1.032170064905910520e+06 2.017314048552375752e+06 -1.200112092906166334e+06 -1.965888779772222973e+06 1.182887547229232499e+06 -3.340350082996528363e+04
8.991222050500804558e+06 3.400445541990052164e+07 3.985869736053642351e+06 1.108123652716598706e+06 1.655336731400300749e+06 3.151274068911733339e+05 -2.026376471437302534e+05 7.318845845948344795e+05 -2.634879588707025687e+04 1.302414124261444062e+07 3.447915552829901129e+07 -5.116247147755359299e+06 -9.268828505686569260e+05 4.968154729183432646e+06 4.962374083119515562e+05 -2.553626072881560773e+06 1.024346861999329994e+06 3.891177266587483464e+05
6.049233949979028694e+04 3.985869736053642351e+06 4.777866743209675886e+06 1.159227022517315345e+06 2.021560303766614234e+05 2.199028429731830547e+05 1.786107444649801182e+05 3.494919977607736946e+05 2.826705310174790793e+05 -1.782244936374713201e+06 3.564883982969196979e+06 -3.712279008204495185e+05 -3.363414095569385681e+05 4.677673385525057674e+05 6.322290660184451845e+05 -2.764858720238503884e+05 2.176256454246528156e+05 1.793578634707099700e+05
-9.232427655983875738e+05 1.108123652716598706e+06 1.159227022517315345e+06 2.186168932230155449e+06 4.907876457600030699e+05 2.677638209002544172e+05 -2.698831013952706708e+05 1.010386315284115881e+04 9.920030099092813907e+04 -2.226257943718432914e+06 2.249966727598592639e+06 8.813547422429426806e+05 3.785203148630515207e+05 -8.050258819510629110e+04 7.094356481683623279e+05 1.771558660359378555e+05 2.724025662745442824e+05 5.523180276644310215e+05
5.024403350481826928e+05 1.655336731400300749e+06 2.021560303766614234e+05 4.907876457600030699e+05 8.065536918601562502e+05 -8.842091032821357658e+04 -1.017844563459104829e+05 1.051807099862423929e+05 6.044781014125996444e+04 1.283236004493557382e+06 1.641426483966364060e+06 -1.107837745257699396e+06 -1.512486789937800722e+03 -2.961219934520847528e+04 3.156202655815415710e+04 1.234574741150250920e+05 3.299202319445087924e+05 1.674843607648277830e+05
-1.378372237532602157e+05 3.151274068911733339e+05 2.199028429731830547e+05 2.677638209002544172e+05 -8.842091032821357658e+04 6.263865230480720056e+05 -4.703379098280955077e+04 -4.134665066130365449e+04 1.132524190907923548e+04 -1.028189119901010781e+04 2.231253000962374266e+06 1.182664073284556856e+06 -6.753871199568905868e+05 -7.245306347916407976e+05 2.084284464233858453e+05 -1.007157755034207912e+04 2.808564742180180037e+05 -1.029338341393994342e+05
-4.749152964511524187e+05 -2.026376471437302534e+05 1.786107444649801182e+05 -2.698831013952706708e+05 -1.017844563459104829e+05 -4.703379098280955077e+04 2.864321007922416320e+05 1.215795365721213238e+04 5.147234551433163870e+04 -1.276638343599575339e+06 -1.519900957280522678e+06 -4.656920198619142757e+05 -5.034284421829095809e+05 2.409598786732749722e+05 -1.046781845558611822e+05 -1.748940033843639249e+05 -4.098591308139776083e+04 2.390996732299837458e+04
3.427241981113851652e+05 7.318845845948344795e+05 3.494919977607736946e+05 1.010386315284115881e+04 1.051807099862423929e+05 -4.134665066130365449e+04 1.215795365721213238e+04 1.573727133167033317e+05 5.366319185362677672e+04 3.897983688978933060e+04 4.191745752699852346e+03 -1.040467390931025846e+06 -2.135968593411012262e+05 6.770529384112139815e+04 5.080653122201476799e+04 7.919530977064032049e+04 1.341980109129323973e+05 1.147547362326784641e+05
-1.097961630923973280e+05 -2.634879588707025687e+04 2.826705310174790793e+05 9.920030099092813907e+04 6.044781014125996444e+04 1.132524190907923548e+04 5.147234551433163870e+04 5.366319185362677672e+04 1.301911043722877075e+05 -1.427051383763772901e+06 7.168351936028148048e+05 -2.733665400463273400e+05 -5.675611274612738052e+05 1.098287870969014766e+05 9.470851878619976924e+04 8.222368281654483872e+04 5.941747344035224523e+04 2.490038045303423496e+04
6.844058187996254303e+06 1.302414124261444062e+07 -1.782244936374713201e+06 -2.226257943718432914e+06 1.283236004493557382e+06 -1.028189119901010781e+04 -1.276638343599575339e+06 3.897983688978933060e+04 -1.427051383763772901e+06 1.075395018179570287e+08 4.131905661225834489e+07 -2.405521823801639024e+06 9.913033699023541063e+06 1.081023129223585129e+06 -3.180755667918685824e+06 -2.716989742078220006e+06 1.080031083614265313e+06 -2.207378452076502610e+06
1.732530037785895169e+07 3.447915552829901129e+07 3.564883982969196979e+06 2.249966727598592639e+06 1.641426483966364060e+06 2.231253000962374266e+06 -1.519900957280522678e+06 4.191745752699852346e+03 7.168351936028148048e+05 4.131905661225834489e+07 1.169322923777002096e+08 1.397581272250795551e+07 -3.754076287653467152e+06 2.739614900174275041e+06 5.818916762300531846e+05 -1.073100875500092981e+06 3.701554786055001430e+06 -1.103907491102376487e+06
-4.642345003308342770e+06 -5.116247147755359299e+06 -3.712279008204495185e+05 8.813547422429426806e+05 -1.107837745257699396e+06 1.182664073284556856e+06 -4.656920198619142757e+05 -1.040467390931025846e+06 -2.733665400463273400e+05 -2.405521823801639024e+06 1.397581272250795551e+07 2.413968013761704788e+07 3.249080154685320798e+06 -4.561981418279657140e+06 2.763339875972587150e+06 2.088001766091126949e+06 3.244546083435821929e+05 -1.387924730455857469e+06
1.032170064905910520e+06 -9.268828505686569260e+05 -3.363414095569385681e+05 3.785203148630515207e+05 -1.512486789937800722e+03 -6.753871199568905868e+05 -5.034284421829095809e+05 -2.135968593411012262e+05 -5.675611274612738052e+05 9.913033699023541063e+06 -3.754076287653467152e+06 3.249080154685320798e+06 7.178582171052656136e+06 -1.485718184091604144e+03 1.334939793150805926e+05 -2.181106615249008464e+05 -3.282297282807388692e+05 -3.245520540838878369e+05
2.017314048552375752e+06 4.968154729183432646e+06 4.677673385525057674e+05 -8.050258819510629110e+04 -2.961219934520847528e+04 -7.245306347916407976e+05 2.409598786732749722e+05 6.770529384112139815e+04 1.098287870969014766e+05 1.081023129223585129e+06 2.739614900174275041e+06 -4.561981418279657140e+06 -1.485718184091604144e+03 3.790994719110946637e+06 -4.297405082137866993e+05 -1.424769155789757846e+06 -5.713120709594255313e+05 2.356589262702784908e+05
-1.200112092906166334e+06 4.962374083119515562e+05 6.322290660184451845e+05 7.094356481683623279e+05 3.156202655815415710e+04 2.084284464233858453e+05 -1.046781845558611822e+05 5.080653122201476799e+04 9.470851878619976924e+04 -3.180755667918685824e+06 5.818916762300531846e+05 2.763339875972587150e+06 1.334939793150805926e+05 -4.297405082137866993e+05 1.914192360593049787e+06 4.314689970782877062e+05 2.742452945637138910e+05 -9.369591957730550348e+03
-1.965888779772222973e+06 -2.553626072881560773e+06 -2.764858720238503884e+05 1.771558660359378555e+05 1.234574741150250920e+05 -1.007157755034207912e+04 -1.748940033843639249e+05 7.919530977064032049e+04 8.222368281654483872e+04 -2.716989742078220006e+06 -1.073100875500092981e+06 2.088001766091126949e+06 -2.181106615249008464e+05 -1.424769155789757846e+06 4.314689970782877062e+05 2.074394991934999824e+06 6.535794977636117255e+05 2.482197824493372464e+05
1.182887547229232499e+06 1.024346861999329994e+06 2.176256454246528156e+05 2.724025662745442824e+05 3.299202319445087924e+05 2.808564742180180037e+05 -4.098591308139776083e+04 1.341980109129323973e+05 5.941747344035224523e+04 1.080031083614265313e+06 3.701554786055001430e+06 3.244546083435821929e+05 -3.282297282807388692e+05 -5.713120709594255313e+05 2.742452945637138910e+05 6.535794977636117255e+05 9.137669070007330738e+05 2.145219496336150332e+05
-3.340350082996528363e+04 3.891177266587483464e+05 1.793578634707099700e+05 5.523180276644310215e+05 1.674843607648277830e+05 -1.029338341393994342e+05 2.390996732299837458e+04 1.147547362326784641e+05 2.490038045303423496e+04 -2.207378452076502610e+06 -1.103907491102376487e+06 -1.387924730455857469e+06 -3.245520540838878369e+05 2.356589262702784908e+05 -9.369591957730550348e+03 2.482197824493372464e+05 2.145219496336150332e+05 6.683759838810472284e+05
