# lambda=0.14328195420514725
3.784993623539052159e+07 3.406818969437519088e+06 -4.247510691100443713e+06 -3.399041389436074998e+06 1.996659710180456459e+05 1.179747065330290061e+05 -7.702421462026138033e+04 -3.400039201187771978e+05 -3.652599007795246143e+04 9.153152537569357082e+05 7.359165061460924335e+06 -5.447723680830797181e+06 7.355970546154608950e+06 -3.349717442951981793e+05 3.564786104017440695e+06 -1.245806683533205360e+05 2.657339188535843976e+06 5.049501574063064181e+05
3.406818969437519088e+06 1.168794015788864531e+07 -6.020756033839805750e+05 5.051694384231222211e+05 3.357735310294548981e+05 -3.279043108871340519e+05 3.557401570908986614e+05 -3.233365379433011985e+05 2.077386837228162622e+05 -1.096625569632646441e+07 -1.043134984480892163e+05 -4.361510089222859591e+06 3.357967447937889956e+05 -1.890484889121887973e+05 -1.143321284709349275e+06 -2.208597643923212891e+05 3.305999678929639049e+05 7.328790434667036170e+05
-4.247510691100443713e+06 -6.020756033839805750e+05 3.442587347759116907e+06 5.258383550683781505e+05 -5.388718745145058347e+04 -3.738314803535239771e+05 -7.401254207552934531e+04 -2.042108736335735011e+05 2.479505327625493737e+04 -3.954268462678326294e+06 -6.567076430031036027e+06 1.658243155824350659e+06 2.128565625829814002e+06 -5.440197837730592582e+05 -7.121952525361665757e+05 4.175259119105177815e+05 -6.389134010373978526e+04 -1.892498817723723187e+05
-3.399041389436074998e+06 5.051694384231222211e+05 5.258383550683781505e+05 2.572091218185642269e+06 5.641615930940994440e+04 5.123225888992457476e+04 -2.646135665186335682e+05 -1.420846986986252014e+05 1.896599266322735348e+05 -3.282499538515225984e+06 4.200726502563145012e+06 2.406663652126851492e+06 1.717036141312689055e+06 2.479190966484747769e+05 -5.856904775140867569e+05 -3.637775286952372408e+05 -4.237683444566748221e+05 -3.995212255243553227e+04
1.996659710180456459e+05 3.357735310294548981e+05 -5.388718745145058347e+04 5.641615930940994440e+04 8.633478438087821705e+05 1.378833485020206426e+05 1.911383032143529563e+05 1.413716471029149488e+03 3.034144763628626606e+04 -5.071820702667234465e+06 1.017334363989630947e+06 6.490387138409359613e+04 -5.195849700846573105e+05 6.309213683061620686e+05 1.402873620017822541e+05 8.782913476385880131e+03 6.384797550929907447e+04 -2.608133226125806978e+05
1.179747065330290061e+05 -3.279043108871340519e+05 -3.738314803535239771e+05 5.123225888992457476e+04 1.378833485020206426e+05 5.366934412427134812e+05 2.265926249942221912e+05 1.240449937981506519e+05 -4.061878327546350192e+04 1.527931245565763442e+06 1.335173443999038776e+06 6.129869272215123056e+05 -5.495867547155487118e+05 3.542446719101138297e+05 3.565726684459832031e+05 2.884345334407510381e+04 1.730074621878055041e+05 1.892453302942671580e+05
-7.702421462026138033e+04 3.557401570908986614e+05 -7.401254207552934531e+04 -2.646135665186335682e+05 1.911383032143529563e+05 2.265926249942221912e+05 3.380971491169934743e+05 1.149654383891092584e+05 -4.030871892784447118e+04 -1.084205176760145696e+05 1.888531808065692603e+05 -5.353997058936012909e+05 -2.477862533729800489e+05 3.227234906308932113e+05 2.393082005650154315e+05 2.511121262259207724e+05 5.204956188934034435e+04 1.344269664191673801e+05
-3.400039201187771978e+05 -3.233365379433011985e+05 -2.042108736335735011e+05 -1.420846986986252014e+05 1.413716471029149488e+03 1.240449937981506519e+05 1.149654383891092584e+05 2.011005235381200036e+05 2.594516697065501285e+04 1.051480981306477915e+06 1.095349224058105610e+06 -2.297378265083669685e+05 -5.556950941278209211e+05 -1.162208005732742895e+05 -1.318839797922942125e+04 1.832496060156576277e+05 -1.340571058635466528e+01 9.661882229024344997e+04
-3.652599007795246143e+04 2.077386837228162622e+05 2.479505327625493737e+04 1.896599266322735348e+05 3.034144763628626606e+04 -4.061878327546350192e+04 -4.030871892784447118e+04 2.594516697065501285e+04 9.793069449381703453e+04 1.529196695540298242e+05 1.002305915118871373e+06 2.845781400032578968e+05 1.484865037869474909e+05 -2.148562900468549924e+05 -1.891295373515049287e+05 -3.060608444854853587e+04 -2.291083518030933135e+02 2.477527664613385059e+04
9.153152537569357082e+05 -1.096625569632646441e+07 -3.954268462678326294e+06 -3.282499538515225984e+06 -5.071820702667234465e+06 1.527931245565763442e+06 -1.084205176760145696e+05 1.051480981306477915e+06 1.529196695540298242e+05 2.336953111537046432e+08 -2.930048246067151427e+07 -1.068662562079333467e+06 1.516223677240953408e+07 -2.264962750346380286e+06 1.049244833857810684e+07 -2.064069061689783121e+06 -2.184274544807165861e+06 4.708472932788802311e+06
7.359165061460924335e+06 -1.043134984480892163e+05 -6.567076430031036027e+06 4.200726502563145012e+06 1.017334363989630947e+06 1.335173443999038776e+06 1.888531808065692603e+05 1.095349224058105610e+06 1.002305915118871373e+06 -2.930048246067151427e+07 7.414515092066176236e+07 1.169352901116685010e+07 -1.437249891688122880e+06 -6.020489700378786074e+05 -1.248989194006908219e+06 -1.151469614075455815e+06 9.407168195881646825e+05 -1.415876284906505316e+05
-5.447723680830797181e+06 -4.361510089222859591e+06 1.658243155824350659e+06 2.406663652126851492e+06 6.490387138409359613e+04 6.129869272215123056e+05 -5.353997058936012909e+05 -2.297378265083669685e+05 2.845781400032578968e+05 -1.068662562079333467e+06 1.169352901116685010e+07 2.095486679266881198e+07 3.568833368075688370e+06 4.267169468712810776e+05 -5.155877381874237326e+05 2.590073429955814936e+04 2.801341327122407383e+05 4.248322386455232045e+05
7.355970546154608950e+06 3.357967447937889956e+05 2.128565625829814002e+06 1.717036141312689055e+06 -5.195849700846573105e+05 -5.495867547155487118e+05 -2.477862533729800489e+05 -5.556950941278209211e+05 1.484865037869474909e+05 1.516223677240953408e+07 -1.437249891688122880e+06 3.568833368075688370e+06 1.366915994558984041e+07 1.292068306206910347e+05 1.908550507590255933e+06 8.751397576314754551e+05 3.535613819595690584e+05 5.414938765332524199e+05
-3.349717442951981793e+05 -1.890484889121887973e+05 -5.440197837730592582e+05 2.479190966484747769e+05 6.309213683061620686e+05 3.542446719101138297e+05 3.227234906308932113e+05 -1.162208005732742895e+05 -2.148562900468549924e+05 -2.264962750346380286e+06 -6.020489700378786074e+05 4.267169468712810776e+05 1.292068306206910347e+05 2.940208386003235355e+06 8.778743532823958667e+05 -4.663843337757476256e+05 -4.594756520506811212e+05 -2.676939780983771780e+05
3.564786104017440695e+06 -1.143321284709349275e+06 -7.121952525361665757e+05 -5.856904775140867569e+05 1.402873620017822541e+05 3.565726684459832031e+05 2.393082005650154315e+05 -1.318839797922942125e+04 -1.891295373515049287e+05 1.049244833857810684e+07 -1.248989194006908219e+06 -5.155877381874237326e+05 1.908550507590255933e+06 8.778743532823958667e+05 2.596490291326465551e+06 1.198011630273854971e+05 4.639007546459189034e+05 7.046973245623701951e+04
-1.245806683533205360e+05 -2.208597643923212891e+05 4.175259119105177815e+05 -3.637775286952372408e+05 8.782913476385880131e+03 2.884345334407510381e+04 2.511121262259207724e+05 1.832496060156576277e+05 -3.060608444854853587e+04 -2.064069061689783121e+06 -1.151469614075455815e+06 2.590073429955814936e+04 8.751397576314754551e+05 -4.663843337757476256e+05 1.198011630273854971e+05 1.478572880218285136e+06 2.466254943370750116e+05 2.079700329499083455e+05
2.657339188535843976e+06 3.305999678929639049e+05 -6.389134010373978526e+04 -4.237683444566748221e+05 6.384797550929907447e+04 1.730074621878055041e+05 5.204956188934034435e+04 -1.340571058635466528e+01 -2.291083518030933135e+02 -2.184274544807165861e+06 9.407168195881646825e+05 2.801341327122407383e+05 3.535613819595690584e+05 -4.594756520506811212e+05 4.639007546459189034e+05 2.466254943370750116e+05 7.384931326942037558e+05 6.578162803522250033e+04
5.049501574063064181e+05 7.328790434667036170e+05 -1.892498817723723187e+05 -3.995212255243553227e+04 -2.608133226125806978e+05 1.892453302942671580e+05 1.344269664191673801e+05 9.661882229024344997e+04 2.477527664613385059e+04 4.708472932788802311e+06 -1.415876284906505316e+05 4.248322386455232045e+05 5.414938765332524199e+05 -2.676939780983771780e+05 7.046973245623701951e+04 2.079700329499083455e+05 6.578162803522250033e+04 4.877567245056378888e+05
