# lambda=0.18871962997565894
3.489461061236349493e+07 -1.004195346252196003e+06 4.407617305443073623e+06 7.829212852545521455e+05 -7.033842856064485386e+05 4.182016699674501433e+05 -1.691317812287845300e+04 -2.525884821673091938e+04 -2.368086184877632186e+05 -3.943229284439035691e+06 -1.102622986073010601e+07 -5.412274055996338837e+06 -3.918415472636319697e+06 -1.928610838930491824e+06 1.862131340544156265e+06 1.180715573530178983e+06 2.107686282623260631e+05 6.195839562325024744e+05
-1.004195346252196003e+06 1.457367501579360850e+07 -1.132213038616088685e+06 -7.981240627684526844e+05 8.133469454010879854e+05 7.139813873591590673e+05 -3.633972271572424215e+05 9.125696617295554461e+03 1.692177063761079335e+05 7.370453179619889706e+06 2.297493414430186152e+07 1.136998604968734086e+06 -9.267865613328473410e+05 2.140748856478983071e+06 9.192566309289663332e+04 2.905158881348642535e+04 -6.919139827301996993e+05 -4.001283984448901028e+05
4.407617305443073623e+06 -1.132213038616088685e+06 6.891472158275572583e+06 3.268972854487400036e+05 -3.700250208461133298e+05 3.017674823501110659e+05 -3.333786733121461002e+05 -8.739507273100032762e+03 2.927497575574412476e+05 -6.983273043812170625e+06 -1.338559741005477868e+07 -1.259853091470782412e+06 -8.184837566105973383e+04 1.054344641721948748e+06 1.463349826487196842e+06 4.855131692030320992e+05 1.758844955250970670e+05 4.667875062143941759e+05
7.829212852545521455e+05 -7.981240627684526844e+05 3.268972854487400036e+05 1.298441550180095714e+06 3.243314525257733476e+04 -1.035529637307148951e+05 3.312070404085160408e+04 -8.630737604722427204e+04 2.176890338849323743e+05 -3.217801663420293480e+06 -2.579378364512798842e+06 -2.823595700278775184e+05 4.381280584497404052e+05 -1.071046286416901276e+06 -2.042710233932318515e+05 -3.776222050218742515e+04 -4.176961210634396411e+04 -1.680791999257277639e+05
-7.033842856064485386e+05 8.133469454010879854e+05 -3.700250208461133298e+05 3.243314525257733476e+04 1.342484439686168917e+06 1.398111082523507648e+05 -7.888461778446723474e+04 8.661897744682560733e+04 2.271878861085290191e+04 2.378999156365925912e+06 -7.552365207674843259e+04 -1.209654881385647459e+06 -6.200312486832465511e+05 7.387443405958258081e+05 3.869003966326082009e+05 2.763366974465104067e+04 1.780828153714036744e+05 -2.820610071321552969e+05
4.182016699674501433e+05 7.139813873591590673e+05 3.017674823501110659e+05 -1.035529637307148951e+05 1.398111082523507648e+05 4.892573490902613848e+05 6.761013168108620448e+04 1.729686634059574544e+03 3.003516949846897478e+04 1.721248772727520671e+06 1.434135631109071197e+06 -8.096712289342407603e+05 -1.225719034490540653e+05 4.353427968682109495e+05 1.789474990149847581e+05 7.124722494292550255e+04 5.301421934395509743e+04 1.330100222057373030e+05
-1.691317812287845300e+04 -3.633972271572424215e+05 -3.333786733121461002e+05 3.312070404085160408e+04 -7.888461778446723474e+04 6.761013168108620448e+04 2.679359785397902597e+05 2.488051062189257573e+04 -5.933732609768819202e+03 1.231930097017988097e+06 4.524499173214476323e+05 -3.149901837867807481e+05 4.168195406237672432e+04 -1.006092678688664892e+05 -1.621285594019845594e+05 -1.249375234353406995e+05 1.227737371127736333e+04 8.497144184454147762e+04
-2.525884821673091938e+04 9.125696617295554461e+03 -8.739507273100032762e+03 -8.630737604722427204e+04 8.661897744682560733e+04 1.729686634059574544e+03 2.488051062189257573e+04 1.450285447027549380e+05 1.606257069123530346e+04 9.357454921765649924e+05 3.367551347589560901e+05 -1.110693964231101563e+05 2.068880595129483481e+03 -1.370012665413681498e+04 2.474324281925653486e+04 -1.099562467319214920e+05 -1.013168979971553636e+05 -1.467993874242839047e+04
-2.368086184877632186e+05 1.692177063761079335e+05 2.927497575574412476e+05 2.176890338849323743e+05 2.271878861085290191e+04 3.003516949846897478e+04 -5.933732609768819202e+03 1.606257069123530346e+04 1.058628426096873445e+05 -6.153922568745303433e+05 9.478376259988281527e+04 4.052794458961687633e+05 2.572435052319539827e+05 3.683647894617753627e+04 1.261605630973370862e+05 -2.405550317833144436e+04 -1.449668333547328757e+03 -2.478482807132616654e+04
-3.943229284439035691e+06 7.370453179619889706e+06 -6.983273043812170625e+06 -3.217801663420293480e+06 2.378999156365925912e+06 1.721248772727520671e+06 1.231930097017988097e+06 9.357454921765649924e+05 -6.153922568745303433e+05 1.146044478994299322e+08 3.359561957140807807e+07 -1.403623416797461919e+07 -1.432029770085402019e+07 1.467618462166444166e+06 -2.586701545697730966e+06 -1.176655309042455774e+05 2.558221474816858768e+06 -1.378144089242720511e+06
-1.102622986073010601e+07 2.297493414430186152e+07 -1.338559741005477868e+07 -2.579378364512798842e+06 -7.552365207674843259e+04 1.434135631109071197e+06 4.524499173214476323e+05 3.367551347589560901e+05 9.478376259988281527e+04 3.359561957140807807e+07 7.968354557260365784e+07 1.148459808238744177e+07 4.301814074798318557e+06 1.207606705969061470e+06 -2.377137939281153958e+06 -5.383886156588868471e+05 -6.939955765987988561e+05 -1.229018184939923463e+06
-5.412274055996338837e+06 1.136998604968734086e+06 -1.259853091470782412e+06 -2.823595700278775184e+05 -1.209654881385647459e+06 -8.096712289342407603e+05 -3.149901837867807481e+05 -1.110693964231101563e+05 4.052794458961687633e+05 -1.403623416797461919e+07 1.148459808238744177e+07 2.516987572852462158e+07 5.897764299756514840e+06 3.429101958031490445e+06 5.654982631275610765e+05 -1.435010411215258064e+06 -8.218874552396535000e+04 5.343031201448320644e+05
-3.918415472636319697e+06 -9.267865613328473410e+05 -8.184837566105973383e+04 4.381280584497404052e+05 -6.200312486832465511e+05 -1.225719034490540653e+05 4.168195406237672432e+04 2.068880595129483481e+03 2.572435052319539827e+05 -1.432029770085402019e+07 4.301814074798318557e+06 5.897764299756514840e+06 6.819530263619525358e+06 -3.610365490387040772e+05 -6.214405968464110047e+05 1.673605896601476124e+05 4.933032815376886720e+04 8.088577426801758520e+03
-1.928610838930491824e+06 2.140748856478983071e+06 1.054344641721948748e+06 -1.071046286416901276e+06 7.387443405958258081e+05 4.353427968682109495e+05 -1.006092678688664892e+05 -1.370012665413681498e+04 3.683647894617753627e+04 1.467618462166444166e+06 1.207606705969061470e+06 3.429101958031490445e+06 -3.610365490387040772e+05 4.842876367378133349e+06 1.284830127819239628e+06 1.009077982589694147e+05 1.583969908980070031e+05 2.769191632698240574e+05
1.862131340544156265e+06 9.192566309289663332e+04 1.463349826487196842e+06 -2.042710233932318515e+05 3.869003966326082009e+05 1.789474990149847581e+05 -1.621285594019845594e+05 2.474324281925653486e+04 1.261605630973370862e+05 -2.586701545697730966e+06 -2.377137939281153958e+06 5.654982631275610765e+05 -6.214405968464110047e+05 1.284830127819239628e+06 2.504473592008735519e+06 2.360771716917956364e+05 1.357172294188257074e+05 2.513137688811390544e+05
1.180715573530178983e+06 2.905158881348642535e+04 4.855131692030320992e+05 -3.776222050218742515e+04 2.763366974465104067e+04 7.124722494292550255e+04 -1.249375234353406995e+05 -1.099562467319214920e+05 -2.405550317833144436e+04 -1.176655309042455774e+05 -5.383886156588868471e+05 -1.435010411215258064e+06 1.673605896601476124e+05 1.009077982589694147e+05 2.360771716917956364e+05 8.578986374704184709e+05 5.677238335597248515e+05 -4.467558022202795837e+04
2.107686282623260631e+05 -6.919139827301996993e+05 1.758844955250970670e+05 -4.176961210634396411e+04 1.780828153714036744e+05 5.301421934395509743e+04 1.227737371127736333e+04 -1.013168979971553636e+05 -1.449668333547328757e+03 2.558221474816858768e+06 -6.939955765987988561e+05 -8.218874552396535000e+04 4.933032815376886720e+04 1.583969908980070031e+05 1.357172294188257074e+05 5.677238335597248515e+05 1.163639997152145486e+06 2.699448752228520461e+05
6.195839562325024744e+05 -4.001283984448901028e+05 4.667875062143941759e+05 -1.680791999257277639e+05 -2.820610071321552969e+05 1.330100222057373030e+05 8.497144184454147762e+04 -1.467993874242839047e+04 -2.478482807132616654e+04 -1.378144089242720511e+06 -1.229018184939923463e+06 5.343031201448320644e+05 8.088577426801758520e+03 2.769191632698240574e+05 2.513137688811390544e+05 -4.467558022202795837e+04 2.699448752228520461e+05 5.894386748264601920e+05
