# lambda=0.18111381286829056
4.393146173158010095e+07 1.164914651633918518e+06 -1.603861372823896818e+06 1.435658159903052729e+06 1.941441931918909540e+05 -1.961685966372149414e+05 2.707493978691542288e+05 2.984568220510632382e+05 6.384357044798590941e+05 1.497609437327218987e+07 9.980825551612576470e+06 8.580669526670657098e+06 -2.840019171461921069e+05 -1.284608351797757437e+06 1.334618014865375590e+06 2.714029378423174843e+06 -8.161907776370369829e+05 3.458944997586819809e+05
1.164914651633918518e+06 1.309439326276684739e+07 9.991602828383200103e+05 7.056491293703898555e+05 3.842448989674453624e+05 -2.407692422654004476e+05 -4.251318847589690122e+05 -3.821150406232580426e+05 -1.046117950675182365e+05 -2.599116740872843191e+06 5.709206519791875966e+06 4.568667278715260327e+06 1.756075121693554334e+06 -5.295913482264634222e+05 -3.173439297843436361e+04 1.248445387024382595e+06 4.454705735431804787e+05 -6.556170730615590001e+05
-1.603861372823896818e+06 9.991602828383200103e+05 3.104302900774086360e+06 -3.099581396059992840e+05 -2.000577242700407805e+05 2.293755522191216005e+04 -1.909111558748369280e+05 1.514248867770755314e+05 1.882260318341389648e+05 -1.201814393117948249e+07 -4.000004872194110416e+06 3.496240656826936174e+06 -1.251965797535535879e+06 -1.462780837355172262e+06 5.087312234900685144e+04 -2.128595279114960867e+05 -6.710611248985328712e+05 -3.658904645068734681e+04
1.435658159903052729e+06 7.056491293703898555e+05 -3.099581396059992840e+05 1.572705528175074141e+06 1.427316481638097030e+05 1.021591875972718699e+05 1.370145654574621294e+05 6.789977447830550955e+04 8.502404273647954687e+04 -1.716533832151720766e+06 -1.256623199298698455e+05 -7.397572195921592647e+05 -4.064455163974683965e+05 -5.401321855206220644e+05 -4.580155817164554610e+05 -5.012946343499510840e+04 2.495150984659395908e+04 -2.402527113075386442e+05
1.941441931918909540e+05 3.842448989674453624e+05 -2.000577242700407805e+05 1.427316481638097030e+05 4.779676208823766210e+05 1.143928436036631756e+05 8.538917025991418632e+04 -4.807171680137781368e+04 4.079475567548154504e+04 3.269776178499614820e+06 7.041629455577260815e+05 -1.069916745983240893e+06 -6.408108851820672862e+04 2.030179952667733305e+05 2.989563280216224957e+05 -6.728372987388935871e+04 -9.024414142517701839e+04 -6.812582520096928056e+04
-1.961685966372149414e+05 -2.407692422654004476e+05 2.293755522191216005e+04 1.021591875972718699e+05 1.143928436036631756e+05 4.951227385332033737e+05 7.654560814502990979e+04 1.247521058530112350e+04 6.245446910017350456e+04 -1.936451360694486881e+06 9.452977852422776632e+05 -1.459623600584604545e+06 -7.955489888028005371e+05 -5.421541471290424233e+05 1.702056725189075805e+05 -2.189395462763760297e+05 -1.808371092194618250e+05 9.860729729833288729e+03
2.707493978691542288e+05 -4.251318847589690122e+05 -1.909111558748369280e+05 1.370145654574621294e+05 8.538917025991418632e+04 7.654560814502990979e+04 1.724404715682378737e+05 -7.807528502892873803e+03 4.267199782105522172e+04 -4.916998781871880783e+04 -7.856158193074028241e+05 -4.660890993607774144e+05 -1.364320179487702262e+05 -1.079929009041784884e+05 -8.956119858703983482e+04 -4.876722327869007131e+04 -3.488905397608727071e+04 5.139601670330087654e+04
2.984568220510632382e+05 -3.821150406232580426e+05 1.514248867770755314e+05 6.789977447830550955e+04 -4.807171680137781368e+04 1.247521058530112350e+04 -7.807528502892873803e+03 1.793604101729483227e+05 1.572801106970952969e+04 7.230408245688888710e+05 3.851470025987880072e+05 4.551749564067724859e+05 -3.420165503017569426e+05 -8.845374133595677267e+04 7.601988605283024663e+04 -9.206355275238104514e+04 -2.254285783509465546e+04 -2.456020772730986573e+04
6.384357044798590941e+05 -1.046117950675182365e+05 1.882260318341389648e+05 8.502404273647954687e+04 4.079475567548154504e+04 6.245446910017350456e+04 4.267199782105522172e+04 1.572801106970952969e+04 1.217263467322490760e+05 -6.354111363954773406e+05 -5.430255987792836968e+05 3.954886255043675774e+05 -1.151573921985909401e+05 -2.657708415946675232e+05 -1.689736251356725552e+04 -1.720709315856191388e+05 -1.381732314620778488e+05 4.631478038822249073e+04
1.497609437327218987e+07 -2.599116740872843191e+06 -1.201814393117948249e+07 -1.716533832151720766e+06 3.269776178499614820e+06 -1.936451360694486881e+06 -4.916998781871880783e+04 7.230408245688888710e+05 -6.354111363954773406e+05 2.113394633667749166e+08 6.175655126388878375e+07 -1.344620710498738103e+07 8.286040240094424225e+06 1.751582575442145392e+07 6.454544415083876811e+06 -4.456256915494104032e+05 3.553819751956185210e+05 4.139823004297388252e+05
9.980825551612576470e+06 5.709206519791875966e+06 -4.000004872194110416e+06 -1.256623199298698455e+05 7.041629455577260815e+05 9.452977852422776632e+05 -7.856158193074028241e+05 3.851470025987880072e+05 -5.430255987792836968e+05 6.175655126388878375e+07 5.633559026451984793e+07 -6.234881593210774474e+06 -7.986934828221716452e+05 1.968654660263288766e+06 1.925853370593669591e+06 1.233776981526660966e+06 6.039293484669062309e+04 -6.968972108350665076e+05
8.580669526670657098e+06 4.568667278715260327e+06 3.496240656826936174e+06 -7.397572195921592647e+05 -1.069916745983240893e+06 -1.459623600584604545e+06 -4.660890993607774144e+05 4.551749564067724859e+05 3.954886255043675774e+05 -1.344620710498738103e+07 -6.234881593210774474e+06 2.159361533024904132e+07 1.240159926681504818e+06 -8.144173106953791576e+05 -1.651157801310946001e+06 -7.319836536014912417e+04 -9.756294638050833018e+05 3.627991325399604393e+05
-2.840019171461921069e+05 1.756075121693554334e+06 -1.251965797535535879e+06 -4.064455163974683965e+05 -6.408108851820672862e+04 -7.955489888028005371e+05 -1.364320179487702262e+05 -3.420165503017569426e+05 -1.151573921985909401e+05 8.286040240094424225e+06 -7.986934828221716452e+05 1.240159926681504818e+06 4.067858542534823529e+06 2.429273778357493225e+06 -4.716911936585582444e+05 1.101137311341404857e+05 9.141080518563252408e+05 1.572515690876928275e+05
-1.284608351797757437e+06 -5.295913482264634222e+05 -1.462780837355172262e+06 -5.401321855206220644e+05 2.030179952667733305e+05 -5.421541471290424233e+05 -1.079929009041784884e+05 -8.845374133595677267e+04 -2.657708415946675232e+05 1.751582575442145392e+07 1.968654660263288766e+06 -8.144173106953791576e+05 2.429273778357493225e+06 4.465364705232071690e+06 8.392786563668712042e+05 -3.052686475884892861e+05 9.941052257637977600e+05 2.561845536586790404e+05
1.334618014865375590e+06 -3.173439297843436361e+04 5.087312234900685144e+04 -4.580155817164554610e+05 2.989563280216224957e+05 1.702056725189075805e+05 -8.956119858703983482e+04 7.601988605283024663e+04 -1.689736251356725552e+04 6.454544415083876811e+06 1.925853370593669591e+06 -1.651157801310946001e+06 -4.716911936585582444e+05 8.392786563668712042e+05 2.739685544216162525e+06 2.259668095511452411e+05 2.365671013612915121e+05 3.943087074974229909e+05
2.714029378423174843e+06 1.248445387024382595e+06 -2.128595279114960867e+05 -5.012946343499510840e+04 -6.728372987388935871e+04 -2.189395462763760297e+05 -4.876722327869007131e+04 -9.206355275238104514e+04 -1.720709315856191388e+05 -4.456256915494104032e+05 1.233776981526660966e+06 -7.319836536014912417e+04 1.101137311341404857e+05 -3.052686475884892861e+05 2.259668095511452411e+05 1.271287496106409701e+06 1.725639540311040182e+05 -2.351854466814293119e+05
-8.161907776370369829e+05 4.454705735431804787e+05 -6.710611248985328712e+05 2.495150984659395908e+04 -9.024414142517701839e+04 -1.808371092194618250e+05 -3.488905397608727071e+04 -2.254285783509465546e+04 -1.381732314620778488e+05 3.553819751956185210e+05 6.039293484669062309e+04 -9.756294638050833018e+05 9.141080518563252408e+05 9.941052257637977600e+05 2.365671013612915121e+05 1.725639540311040182e+05 1.037833702880126541e+06 6.606291906471757102e+03
3.458944997586819809e+05 -6.556170730615590001e+05 -3.658904645068734681e+04 -2.402527113075386442e+05 -6.812582520096928056e+04 9.860729729833288729e+03 5.139601670330087654e+04 -2.456020772730986573e+04 4.631478038822249073e+04 4.139823004297388252e+05 -6.968972108350665076e+05 3.627991325399604393e+05 1.572515690876928275e+05 2.561845536586790404e+05 3.943087074974229909e+05 -2.351854466814293119e+05 6.606291906471757102e+03 3.594294437139597139e+05
