# lambda=0.1954362052216386
5.974086848471289873e+07 1.281170248227749206e+07 8.693070093551868340e+05 1.629397857454204350e+05 4.408666464459406561e+05 2.708885595993951429e+05 1.970228976225668739e+05 -6.660324598536291160e+05 1.068363018673985731e+06 6.123797216421432048e+07 8.243041169017247856e+06 -8.339060563078238629e+05 7.299900387506557629e+06 -4.144816815958107822e+06 9.688821225099798758e+05 -6.366173707998824539e+05 -7.934050084268278442e+05 -4.308711982886411715e+05
1.281170248227749206e+07 1.255393473853550479e+07 6.121649487073075725e+05 -5.500023333131432300e+05 -1.446202206439578149e+05 3.992392083849521005e+05 -1.530717910123388574e+05 -1.031960750042583968e+05 3.266097342226838227e+05 1.810720655905071273e+07 7.239236440048075281e+06 2.176796556339815259e+06 4.167439132945054676e+06 -6.515099622181857703e+05 1.650323761624807026e+06 1.130761641048963647e+06 -1.076958206363953883e+06 3.569668965581645025e+05
8.693070093551868340e+05 6.121649487073075725e+05 5.310577154974226840e+06 6.057089324769169325e+05 5.264904691523950314e+05 5.815863875291164732e+05 1.613156377222829542e+04 1.426683423810357053e+05 1.287593904016703455e+05 -6.017650777088953182e+06 3.262678425627127872e+05 3.575174588116084691e+06 7.589965398465372855e+05 9.921988884418429807e+05 -1.125483412857773073e+05 -5.783061083989925683e+05 4.214966554059999180e+04 1.251285612754592585e+05
1.629397857454204350e+05 -5.500023333131432300e+05 6.057089324769169325e+05 1.083024317999656312e+06 2.602971802022351039e+04 5.355260188790946268e+04 7.151318473948011524e+04 -1.060783341669617803e+05 1.417655699506712153e+04 2.647522458167607430e+06 1.035057085143897450e+06 9.960467640408118023e+05 6.553283269683028338e+05 1.530272430257126980e+05 -1.339368049522851070e+05 3.103727348657274269e+05 1.782976754833601881e+05 2.992905816278847633e+05
4.408666464459406561e+05 -1.446202206439578149e+05 5.264904691523950314e+05 2.602971802022351039e+04 4.618056619648690685e+05 -9.383968931389563659e+04 -6.782572656140461913e+04 2.501837011687487393e+04 -4.597156553406592138e+04 -4.645335641564326943e+05 -5.507513425455343677e+05 1.023678158996771235e+05 4.422740130747312214e+05 5.714719676850375254e+05 5.434100811202463228e+04 -2.372281177338510752e+05 1.608343871752809791e+05 5.922282225473304425e+04
2.708885595993951429e+05 3.992392083849521005e+05 5.815863875291164732e+05 5.355260188790946268e+04 -9.383968931389563659e+04 5.381402712353259558e+05 1.415817509610797970e+04 -2.833013688304755124e+04 9.577587358526949174e+03 -2.395725767621882260e+06 7.557080713633360574e+04 7.798274989297938300e+05 1.676470759415328503e+05 7.160852823727151554e+04 3.953400348475612700e+05 2.642996113600913086e+05 5.995675279458828300e+04 5.846831330750101188e+03
1.970228976225668739e+05 -1.530717910123388574e+05 1.613156377222829542e+04 7.151318473948011524e+04 -6.782572656140461913e+04 1.415817509610797970e+04 1.533894237569536490e+05 7.034928091359579412e+04 1.405133135956547812e+04 -2.512958495388361043e+05 2.986537677438716637e+05 -7.697154280060027668e+04 -3.720350343787141028e+05 -2.989637835721998708e+05 -1.741651140263639900e+04 6.137452273771302134e+04 -1.432053295583246654e+04 -2.139655557048932315e+04
-6.660324598536291160e+05 -1.031960750042583968e+05 1.426683423810357053e+05 -1.060783341669617803e+05 2.501837011687487393e+04 -2.833013688304755124e+04 7.034928091359579412e+04 1.692685353731441428e+05 5.375485293527156500e+03 -1.558604015369522851e+06 6.044569295076660346e+05 -2.996218383884411305e+05 -7.458138920102502452e+05 2.370820700879601936e+05 8.054186771653330652e+02 -4.105942914314225345e+04 3.861080024920975848e+04 3.462100299231431563e+04
1.068363018673985731e+06 3.266097342226838227e+05 1.287593904016703455e+05 1.417655699506712153e+04 -4.597156553406592138e+04 9.577587358526949174e+03 1.405133135956547812e+04 5.375485293527156500e+03 7.223571410064303200e+04 1.471659045860032318e+06 1.247508872895841254e+06 5.103799952706176555e+03 1.207996617567048961e+05 -5.048676959047934361e+04 -2.400142410690732504e+04 6.187266438147665758e+04 1.757722307516706860e+04 -7.298805303790215476e+03
6.123797216421432048e+07 1.810720655905071273e+07 -6.017650777088953182e+06 2.647522458167607430e+06 -4.645335641564326943e+05 -2.395725767621882260e+06 -2.512958495388361043e+05 -1.558604015369522851e+06 1.471659045860032318e+06 1.844018231168867350e+08 3.952847604316743556e+06 -2.109890466519519314e+07 7.222457701276305132e+06 -2.027278739727278706e+06 2.824283087084318046e+06 6.045345180392391980e+06 -2.685905911324121989e+06 9.459934370344562922e+05
8.243041169017247856e+06 7.239236440048075281e+06 3.262678425627127872e+05 1.035057085143897450e+06 -5.507513425455343677e+05 7.557080713633360574e+04 2.986537677438716637e+05 6.044569295076660346e+05 1.247508872895841254e+06 3.952847604316743556e+06 6.670586165674667805e+07 1.818521184680217505e+07 2.797211037331197876e+06 6.243852297810976161e+05 1.060458467283451231e+06 3.235181470583602320e+06 3.058848941307048313e+06 3.036979586687194533e+05
-8.339060563078238629e+05 2.176796556339815259e+06 3.575174588116084691e+06 9.960467640408118023e+05 1.023678158996771235e+05 7.798274989297938300e+05 -7.697154280060027668e+04 -2.996218383884411305e+05 5.103799952706176555e+03 -2.109890466519519314e+07 1.818521184680217505e+07 2.103617345424338430e+07 4.255042852426713333e+06 4.701852406355595449e+05 -7.527198562447979348e+05 -1.150087526007382199e+06 6.665725701177153969e+05 -2.051041205685936438e+05
7.299900387506557629e+06 4.167439132945054676e+06 7.589965398465372855e+05 6.553283269683028338e+05 4.422740130747312214e+05 1.676470759415328503e+05 -3.720350343787141028e+05 -7.458138920102502452e+05 1.207996617567048961e+05 7.222457701276305132e+06 2.797211037331197876e+06 4.255042852426713333e+06 8.744336425936326385e+06 3.973203309142696671e+05 8.231069434416346485e+05 -2.463216522553476680e+05 2.039277936018155888e+05 8.169566379441025492e+04
-4.144816815958107822e+06 -6.515099622181857703e+05 9.921988884418429807e+05 1.530272430257126980e+05 5.714719676850375254e+05 7.160852823727151554e+04 -2.989637835721998708e+05 2.370820700879601936e+05 -5.048676959047934361e+04 -2.027278739727278706e+06 6.243852297810976161e+05 4.701852406355595449e+05 3.973203309142696671e+05 6.172198823791528121e+06 3.401282584351975820e+05 7.079531767328192655e+04 2.423141946259662800e+05 7.760078738228243310e+04
9.688821225099798758e+05 1.650323761624807026e+06 -1.125483412857773073e+05 -1.339368049522851070e+05 5.434100811202463228e+04 3.953400348475612700e+05 -1.741651140263639900e+04 8.054186771653330652e+02 -2.400142410690732504e+04 2.824283087084318046e+06 1.060458467283451231e+06 -7.527198562447979348e+05 8.231069434416346485e+05 3.401282584351975820e+05 1.848874808327747742e+06 9.375930147358928807e+05 -1.022065090984572453e+05 1.567696136766081036e+05
-6.366173707998824539e+05 1.130761641048963647e+06 -5.783061083989925683e+05 3.103727348657274269e+05 -2.372281177338510752e+05 2.642996113600913086e+05 6.137452273771302134e+04 -4.105942914314225345e+04 6.187266438147665758e+04 6.045345180392391980e+06 3.235181470583602320e+06 -1.150087526007382199e+06 -2.463216522553476680e+05 7.079531767328192655e+04 9.375930147358928807e+05 1.911094710454548243e+06 1.407496406023487798e+05 2.907143860543202609e+05
-7.934050084268278442e+05 -1.076958206363953883e+06 4.214966554059999180e+04 1.782976754833601881e+05 1.608343871752809791e+05 5.995675279458828300e+04 -1.432053295583246654e+04 3.861080024920975848e+04 1.757722307516706860e+04 -2.685905911324121989e+06 3.058848941307048313e+06 6.665725701177153969e+05 2.039277936018155888e+05 2.423141946259662800e+05 -1.022065090984572453e+05 1.407496406023487798e+05 6.841792076560271671e+05 1.178827715693138452e+05
-4.308711982886411715e+05 3.569668965581645025e+05 1.251285612754592585e+05 2.992905816278847633e+05 5.922282225473304425e+04 5.846831330750101188e+03 -2.139655557048932315e+04 3.462100299231431563e+04 -7.298805303790215476e+03 9.459934370344562922e+05 3.036979586687194533e+05 -2.051041205685936438e+05 8.169566379441025492e+04 7.760078738228243310e+04 1.567696136766081036e+05 2.907143860543202609e+05 1.178827715693138452e+05 4.356340627998014679e+05
