# lambda=0.14202674878256946
2.127360281516037136e+07 1.338843032685673796e+06 1.393030728436781559e+06 9.849945364628804382e+05 4.785609294474630733e+05 7.901457094789872644e+04 9.604376259351549670e+05 -2.147210857914098015e+05 -2.574266916729830336e+04 -6.709870795722544193e+06 1.532833920990468562e+07 5.045883725035458803e+06 3.812799845130281057e+06 2.475582251857189927e+06 9.518205704005673761e+05 1.005420486743072513e+06 2.989002929289902095e+05 -2.608130689607083623e+05
1.338843032685673796e+06 1.045018799242171086e+07 6.483366709718302591e+05 3.252146099891308113e+05 1.218746154949231772e+06 7.192093430882369867e+05 5.387369188079132000e+05 -1.798877744467383018e+05 -7.377806966479883704e+04 1.308813258984260075e+07 9.603987973522705957e+06 1.521462945521960966e+06 -4.648099452597149502e+04 2.606429841029285453e+06 -1.362965848071813351e+06 1.017678965365248965e+06 6.379759730866078753e+05 -2.906756080858709174e+05
1.393030728436781559e+06 6.483366709718302591e+05 5.714849815741646104e+06 1.961269154357545543e+06 7.384718781519602053e+05 5.356676539176740916e+05 1.535571665093638876e+05 1.293485652442746650e+05 6.311719227618970035e+04 8.438614137891639024e+06 2.226394242599558551e+06 7.360533308096062392e+06 2.412102745134284720e+06 1.231595495748002868e+05 5.313975513082263060e+05 -7.331389252602809574e+05 4.520415482833575225e+05 5.812471167631472927e+05
9.849945364628804382e+05 3.252146099891308113e+05 1.961269154357545543e+06 2.853803272444608156e+06 7.516556077659095172e+05 1.354042245865286386e+05 -2.224011175503185950e+04 -1.620768033579853363e+04 -2.450337083706885824e+04 -3.965160351170617621e+06 2.675598461785795167e+06 3.556299699185219128e+06 3.049326091504963581e+06 2.267815916740076500e+05 9.300107536776240522e+03 1.438259424851510448e+04 -1.698260329591865011e+05 1.129218638296206191e+05
4.785609294474630733e+05 1.218746154949231772e+06 7.384718781519602053e+05 7.516556077659095172e+05 1.317054770690159639e+06 3.492349696814466151e+05 1.636230960695324175e+05 -7.351415967417962383e+04 1.230718228585914039e+05 1.989883299689628650e+06 -7.974111165368082002e+05 2.775908828998754267e+06 9.246506297026874963e+05 7.997342472253906308e+05 -2.625156551213696366e+05 5.824783333259407664e+05 4.581318311226479709e+05 2.648552111767337192e+05
7.901457094789872644e+04 7.192093430882369867e+05 5.356676539176740916e+05 1.354042245865286386e+05 3.492349696814466151e+05 4.804572019750408945e+05 1.068738512587893492e+05 3.214943169938776919e+03 1.544134310846073822e+04 3.712286320649748202e+06 1.475236690594640328e+06 1.498816650719554396e+06 -4.480891201206422411e+05 1.055214502857232292e+05 1.029113732545565581e+05 9.690653557553213614e+04 3.265967507723462404e+04 1.559848681326495425e+05
9.604376259351549670e+05 5.387369188079132000e+05 1.535571665093638876e+05 -2.224011175503185950e+04 1.636230960695324175e+05 1.068738512587893492e+05 2.740033714479536284e+05 -1.678156311780882606e+04 -6.014801419145552245e+03 1.246688726103376830e+06 8.631832466793505591e+04 1.007382372621419840e+06 8.937420779041123751e+04 1.593046977589621383e+05 1.582136206947029859e+05 1.607254255190267577e+05 1.350565471275862656e+05 3.766076248733909597e+04
-2.147210857914098015e+05 -1.798877744467383018e+05 1.293485652442746650e+05 -1.620768033579853363e+04 -7.351415967417962383e+04 3.214943169938776919e+03 -1.678156311780882606e+04 1.069641889941949048e+05 2.362223354856357037e+04 -1.237398347657780629e+06 -3.545131665524620912e+05 5.035561112964249332e+04 -5.235774884196835046e+04 1.156076492447629134e+05 -1.964107371634051669e+05 -4.375979225569245318e+04 2.203136283667742646e+03 2.023113912904107929e+04
-2.574266916729830336e+04 -7.377806966479883704e+04 6.311719227618970035e+04 -2.450337083706885824e+04 1.230718228585914039e+05 1.544134310846073822e+04 -6.014801419145552245e+03 2.362223354856357037e+04 6.254523083985942503e+04 2.683890041936178459e+05 -7.116774132282349747e+05 6.577189162561653939e+04 3.082403393539809622e+04 1.730300646109829831e+05 -6.956454241127122077e+04 -3.446214323070251703e+04 6.440520029556059308e+04 4.741133706953696674e+04
-6.709870795722544193e+06 1.308813258984260075e+07 8.438614137891639024e+06 -3.965160351170617621e+06 1.989883299689628650e+06 3.712286320649748202e+06 1.246688726103376830e+06 -1.237398347657780629e+06 2.683890041936178459e+05 1.991800847569929957e+08 1.502917274901304953e+07 1.665422161677944660e+07 -1.488541142529745400e+07 -5.489138137497447431e+06 1.023220156064667180e+07 -1.474458072980229277e+06 2.305392931908001192e+06 1.351927602149094746e+05
1.532833920990468562e+07 9.603987973522705957e+06 2.226394242599558551e+06 2.675598461785795167e+06 -7.974111165368082002e+05 1.475236690594640328e+06 8.631832466793505591e+04 -3.545131665524620912e+05 -7.116774132282349747e+05 1.502917274901304953e+07 7.224346319158628583e+07 1.284313854773396067e+07 -1.864429565606384538e+06 3.513783524573112838e+06 -1.015369971218330320e+06 -2.045210674392814515e+06 -1.580764852051387774e+06 -7.075263193255276419e+05
5.045883725035458803e+06 1.521462945521960966e+06 7.360533308096062392e+06 3.556299699185219128e+06 2.775908828998754267e+06 1.498816650719554396e+06 1.007382372621419840e+06 5.035561112964249332e+04 6.577189162561653939e+04 1.665422161677944660e+07 1.284313854773396067e+07 3.145786448171903193e+07 1.660349133223797893e+06 2.465456720881823450e+06 -4.014375837729820050e+05 -1.530461003195671365e+05 4.194284384335015202e+05 2.106096184243991040e+06
3.812799845130281057e+06 -4.648099452597149502e+04 2.412102745134284720e+06 3.049326091504963581e+06 9.246506297026874963e+05 -4.480891201206422411e+05 8.937420779041123751e+04 -5.235774884196835046e+04 3.082403393539809622e+04 -1.488541142529745400e+07 -1.864429565606384538e+06 1.660349133223797893e+06 1.174322401530150697e+07 1.476251504817728186e+06 -4.316655811456282972e+05 1.126835365341286641e+06 1.356705141150091309e+06 5.292309533154285746e+05
2.475582251857189927e+06 2.606429841029285453e+06 1.231595495748002868e+05 2.267815916740076500e+05 7.997342472253906308e+05 1.055214502857232292e+05 1.593046977589621383e+05 1.156076492447629134e+05 1.730300646109829831e+05 -5.489138137497447431e+06 3.513783524573112838e+06 2.465456720881823450e+06 1.476251504817728186e+06 3.595079282936748583e+06 -1.691756158111746656e+06 2.608612302522380487e+05 6.686269180919101927e+05 4.969609160785882850e+05
9.518205704005673761e+05 -1.362965848071813351e+06 5.313975513082263060e+05 9.300107536776240522e+03 -2.625156551213696366e+05 1.029113732545565581e+05 1.582136206947029859e+05 -1.964107371634051669e+05 -6.956454241127122077e+04 1.023220156064667180e+07 -1.015369971218330320e+06 -4.014375837729820050e+05 -4.316655811456282972e+05 -1.691756158111746656e+06 2.396921967332147062e+06 -7.762445281010746839e+04 2.085973317940621200e+04 -2.800559285177489510e+05
1.005420486743072513e+06 1.017678965365248965e+06 -7.331389252602809574e+05 1.438259424851510448e+04 5.824783333259407664e+05 9.690653557553213614e+04 1.607254255190267577e+05 -4.375979225569245318e+04 -3.446214323070251703e+04 -1.474458072980229277e+06 -2.045210674392814515e+06 -1.530461003195671365e+05 1.126835365341286641e+06 2.608612302522380487e+05 -7.762445281010746839e+04 1.784766335017400794e+06 4.772471896345677669e+05 1.017081062833201577e+05
2.989002929289902095e+05 6.379759730866078753e+05 4.520415482833575225e+05 -1.698260329591865011e+05 4.581318311226479709e+05 3.265967507723462404e+04 1.350565471275862656e+05 2.203136283667742646e+03 6.440520029556059308e+04 2.305392931908001192e+06 -1.580764852051387774e+06 4.194284384335015202e+05 1.356705141150091309e+06 6.686269180919101927e+05 2.085973317940621200e+04 4.772471896345677669e+05 8.767964238572439644e+05 2.167558677475057484e+05
-2.608130689607083623e+05 -2.906756080858709174e+05 5.812471167631472927e+05 1.129218638296206191e+05 2.648552111767337192e+05 1.559848681326495425e+05 3.766076248733909597e+04 2.023113912904107929e+04 4.741133706953696674e+04 1.351927602149094746e+05 -7.075263193255276419e+05 2.106096184243991040e+06 5.292309533154285746e+05 4.969609160785882850e+05 -2.800559285177489510e+05 1.017081062833201577e+05 2.167558677475057484e+05 5.302924157484093448e+05
