# lambda=0.18353020950506377
2.247661468474583700e+07 3.922090586618017871e+06 -6.661184715036361013e+05 -1.532266947974303737e+06 8.276372181494701654e+05 -2.371488952278609795e+05 3.378612024407707213e+04 6.913000036474427907e+05 2.872209727523889160e+04 2.913562780038418248e+07 3.773582794511396904e+06 -6.933706141528797336e+06 -9.008252877416212577e+05 3.307638373005299829e+06 -1.380863330505514517e+06 1.804471798239562195e+06 1.047782157943793572e+06 9.320838244023406878e+05
3.922090586618017871e+06 1.061435392863793485e+07 4.486204845965962857e+06 -3.106560038377832971e+05 7.191573074377471348e+05 1.287726680194029905e+05 -1.333916926282338682e+05 3.049128409153880784e+05 1.447786319328184181e+05 6.581142817334170453e+06 6.942341075318081304e+06 3.335086395235713106e+06 1.098400943117411574e+06 -3.538880285120800254e+05 -2.081156756126036635e+05 -1.033751620043894742e+06 -3.443329642420270247e+05 2.026352772892440844e+05
-6.661184715036361013e+05 4.486204845965962857e+06 5.935537719375475310e+06 1.036492362307065632e+06 -2.120961390389198496e+05 -3.396641410326124751e+05 -1.806777414182608773e+05 5.402458550525622559e+04 3.309206774542263011e+05 -3.051331759478529915e+06 1.262700411891321186e+06 4.071148351693525445e+06 8.189508246941252146e+05 5.954229961685852613e+05 -1.047289289383805241e+06 -6.348552285585997161e+05 -6.165835457696249941e+05 1.601052878917178896e+04
-1.532266947974303737e+06 -3.106560038377832971e+05 1.036492362307065632e+06 2.220365666622970719e+06 2.672710915414828924e+05 -2.594369520023756195e+05 -4.075924344771133474e+04 7.896347288222865245e+03 7.820937703608212178e+04 -3.801331644938048907e+06 3.702222749536085408e+06 1.725233727877808502e+06 -9.696878027960124891e+05 1.186185334122397006e+06 7.866370680937287398e+04 5.502189513338029792e+04 -6.921606488089002669e+05 -4.159936972243301570e+05
8.276372181494701654e+05 7.191573074377471348e+05 -2.120961390389198496e+05 2.672710915414828924e+05 7.449815663429111009e+05 9.911450893908669241e+04 9.174266417234766413e+04 6.241153636442421703e+04 2.487511977189326717e+04 1.303413337206602329e+06 1.963147068038500380e+06 -3.621694733021663269e+05 3.204915508255969035e+05 8.876213038756950991e+05 6.367636477282474516e+05 4.452235704168085358e+05 2.386626512319133326e+05 3.190654674807594802e+03
-2.371488952278609795e+05 1.287726680194029905e+05 -3.396641410326124751e+05 -2.594369520023756195e+05 9.911450893908669241e+04 4.044387038983611856e+05 9.709813372023071861e+04 7.875301893309841034e+03 5.872811253151772689e+03 -5.213256025673701079e+05 1.097562578841256436e+04 1.485642676659576246e+05 2.548192482410306111e+05 3.134270560890833076e+04 9.610540669142809929e+04 1.682067931648544036e+05 2.459082518559795571e+05 1.529796834077204112e+05
3.378612024407707213e+04 -1.333916926282338682e+05 -1.806777414182608773e+05 -4.075924344771133474e+04 9.174266417234766413e+04 9.709813372023071861e+04 3.307741944142039865e+05 -4.148151712675618182e+04 -4.100920550101956906e+03 3.437604802011969150e+05 2.857929072836128529e+06 -2.055797296486120031e+05 -1.137247995605031902e+05 -5.372789068255891470e+04 3.051178992940058233e+05 1.900486961669658194e+05 2.915873937787662144e+05 2.743005123409643056e+04
6.913000036474427907e+05 3.049128409153880784e+05 5.402458550525622559e+04 7.896347288222865245e+03 6.241153636442421703e+04 7.875301893309841034e+03 -4.148151712675618182e+04 1.370934490454214392e+05 4.573862513162687537e+04 1.901144608919829363e+06 1.105808227458444424e+06 9.161811499995944905e+04 -3.517280246790434467e+04 9.177690145557445067e+04 -1.258525042634610872e+05 1.348866246691966371e+05 -3.140078349700659965e+04 3.562619978773417643e+03
2.872209727523889160e+04 1.447786319328184181e+05 3.309206774542263011e+05 7.820937703608212178e+04 2.487511977189326717e+04 5.872811253151772689e+03 -4.100920550101956906e+03 4.573862513162687537e+04 8.432798978497639473e+04 1.283088190511925612e+06 4.125440596377987531e+05 -1.171238944186773006e+05 -3.299425745248240128e+04 2.909910345631611999e+05 -1.095351310470570315e+05 4.026306487744925107e+04 1.925076043456518892e+04 2.086698077544785701e+04
2.913562780038418248e+07 6.581142817334170453e+06 -3.051331759478529915e+06 -3.801331644938048907e+06 1.303413337206602329e+06 -5.213256025673701079e+05 3.437604802011969150e+05 1.901144608919829363e+06 1.283088190511925612e+06 1.300157859653755575e+08 9.021173034632151946e+06 -2.024796247122531757e+07 -3.873144953993820120e+06 2.246156572862705681e+06 -5.563098820385525934e+06 2.048680438989845337e+06 9.173063039363048738e+05 1.564538175877394387e+06
3.773582794511396904e+06 6.942341075318081304e+06 1.262700411891321186e+06 3.702222749536085408e+06 1.963147068038500380e+06 1.097562578841256436e+04 2.857929072836128529e+06 1.105808227458444424e+06 4.125440596377987531e+05 9.021173034632151946e+06 7.469391866587094963e+07 7.143893576290481724e+06 -6.777163706242336892e+06 -1.360636395552464761e+06 1.994965242025489220e+06 1.598031455215922557e+06 1.689649458411346423e+06 -1.061374272250109119e+06
-6.933706141528797336e+06 3.335086395235713106e+06 4.071148351693525445e+06 1.725233727877808502e+06 -3.621694733021663269e+05 1.485642676659576246e+05 -2.055797296486120031e+05 9.161811499995944905e+04 -1.171238944186773006e+05 -2.024796247122531757e+07 7.143893576290481724e+06 1.835210738388316706e+07 6.341908901336322539e+06 -1.401225401540384395e+06 -1.427716345267730532e+06 -1.985839654159750324e+06 -1.284746003767378163e+06 -5.338271406885384349e+05
-9.008252877416212577e+05 1.098400943117411574e+06 8.189508246941252146e+05 -9.696878027960124891e+05 3.204915508255969035e+05 2.548192482410306111e+05 -1.137247995605031902e+05 -3.517280246790434467e+04 -3.299425745248240128e+04 -3.873144953993820120e+06 -6.777163706242336892e+06 6.341908901336322539e+06 1.133797815844430961e+07 -8.473522908778694691e+05 -2.708502118678637198e+05 -1.358253147663570708e+06 -1.958227814899453660e+05 -1.063335333280935738e+05
3.307638373005299829e+06 -3.538880285120800254e+05 5.954229961685852613e+05 1.186185334122397006e+06 8.876213038756950991e+05 3.134270560890833076e+04 -5.372789068255891470e+04 9.177690145557445067e+04 2.909910345631611999e+05 2.246156572862705681e+06 -1.360636395552464761e+06 -1.401225401540384395e+06 -8.473522908778694691e+05 6.575189790253695101e+06 8.411781178888453869e+05 8.497562993385931477e+05 5.793020112402712693e+05 2.298838900561569026e+05
-1.380863330505514517e+06 -2.081156756126036635e+05 -1.047289289383805241e+06 7.866370680937287398e+04 6.367636477282474516e+05 9.610540669142809929e+04 3.051178992940058233e+05 -1.258525042634610872e+05 -1.095351310470570315e+05 -5.563098820385525934e+06 1.994965242025489220e+06 -1.427716345267730532e+06 -2.708502118678637198e+05 8.411781178888453869e+05 2.453421465088562109e+06 7.718898510900547262e+05 5.575720005602745805e+05 -1.627974335767301673e+05
1.804471798239562195e+06 -1.033751620043894742e+06 -6.348552285585997161e+05 5.502189513338029792e+04 4.452235704168085358e+05 1.682067931648544036e+05 1.900486961669658194e+05 1.348866246691966371e+05 4.026306487744925107e+04 2.048680438989845337e+06 1.598031455215922557e+06 -1.985839654159750324e+06 -1.358253147663570708e+06 8.497562993385931477e+05 7.718898510900547262e+05 2.579836814075437840e+06 1.017312840284537175e+06 1.681264602309233742e+05
1.047782157943793572e+06 -3.443329642420270247e+05 -6.165835457696249941e+05 -6.921606488089002669e+05 2.386626512319133326e+05 2.459082518559795571e+05 2.915873937787662144e+05 -3.140078349700659965e+04 1.925076043456518892e+04 9.173063039363048738e+05 1.689649458411346423e+06 -1.284746003767378163e+06 -1.958227814899453660e+05 5.793020112402712693e+05 5.575720005602745805e+05 1.017312840284537175e+06 1.474919423739255173e+06 4.301431806074702763e+05
9.320838244023406878e+05 2.026352772892440844e+05 1.601052878917178896e+04 -4.159936972243301570e+05 3.190654674807594802e+03 1.529796834077204112e+05 2.743005123409643056e+04 3.562619978773417643e+03 2.086698077544785701e+04 1.564538175877394387e+06 -1.061374272250109119e+06 -5.338271406885384349e+05 -1.063335333280935738e+05 2.298838900561569026e+05 -1.627974335767301673e+05 1.681264602309233742e+05 4.301431806074702763e+05 3.208954908857266419e+05
