# lambda=0.15687526410193556
4.394219211131747812e+07 1.888799206574473530e+06 -2.178636958795917220e+06 1.728255596269373549e+06 -1.832787534083950333e+06 -1.366963884440974798e+06 -6.184648283514031209e+05 -1.331758195217636530e+05 -5.538275846163943061e+04 2.537400668128073588e+07 -1.979446226952693239e+07 -5.238935557817309164e+06 -2.062981868373664562e+06 1.350094617521598702e+06 1.513511210862415377e+06 1.064901068075557938e+06 1.628183524855943862e+06 3.355017140863497276e+06
1.888799206574473530e+06 8.008847863588025793e+06 -7.488290758841638453e+05 -1.786619823720037704e+06 -4.305428184112925082e+05 -4.668124002582296380e+05 1.115496598743054055e+05 -3.807921895911462489e+05 2.087805335733485990e+05 -1.423005621150644263e+06 -6.822377969396037050e+06 1.399580955457414733e+06 1.783034088878154522e+06 -3.655636939336419455e+05 3.285448024231662857e+05 8.772303253361298703e+05 1.138942678097502358e+05 -1.304928202458928863e+05
-2.178636958795917220e+06 -7.488290758841638453e+05 2.211757434659847058e+06 7.138208094789178576e+05 -2.506876797823799425e+05 5.268365974019678542e+05 2.270127813484827639e+05 3.022378449470891792e+04 9.742423816165723110e+03 -6.365083706062195823e+06 5.408434623795522377e+06 5.078505545158335008e+06 1.759819921585570788e+06 6.713802526623067679e+05 -1.938206311831224884e+05 -5.449224499993171048e+04 -1.382195658726123511e+05 3.922767878830457921e+05
1.728255596269373549e+06 -1.786619823720037704e+06 7.138208094789178576e+05 1.422134394451363944e+06 2.492562793119868147e+05 3.730825556981551927e+05 -5.398294191930916713e+04 7.198333558147519943e+04 -7.118395092122175265e+04 -5.621409005905316211e+06 1.293499125833733939e+06 9.259711755278108467e+04 6.357529719558513025e+05 5.853675412642239826e+05 1.493857514732135132e+04 -1.242827634338652424e+05 3.961798099054180057e+04 2.892143294496109593e+05
-1.832787534083950333e+06 -4.305428184112925082e+05 -2.506876797823799425e+05 2.492562793119868147e+05 1.105540427076703636e+06 1.197550278044242586e+05 5.774949364853828592e+04 8.230595695514298859e+04 2.184568207129297298e+04 -5.316866866607776843e+06 8.815924196211771341e+05 -1.452161866551818093e+06 -3.474107451149065164e+05 5.826733362770044478e+05 4.513966665588719188e+05 2.973128070635033655e+05 6.568245694022199314e+04 -1.090794109569204593e+05
-1.366963884440974798e+06 -4.668124002582296380e+05 5.268365974019678542e+05 3.730825556981551927e+05 1.197550278044242586e+05 5.625723840641999850e+05 1.140867302951144375e+05 1.209116754254783446e+05 4.188451886577626283e+04 -2.892044044755101204e+06 2.259753575933221728e+06 1.356470768158058869e+06 1.705441072335395031e+06 2.036749154298630310e+05 3.779015107946660719e+05 -2.332649839859803906e+05 3.348877069899466733e+04 5.715979025812994223e+03
-6.184648283514031209e+05 1.115496598743054055e+05 2.270127813484827639e+05 -5.398294191930916713e+04 5.774949364853828592e+04 1.140867302951144375e+05 1.975193780623215425e+05 -1.338785866380064181e+04 1.569909756391657720e+04 -4.828089545660990407e+05 -8.347327088913062471e+04 1.249945352634958923e+06 3.303037865577921038e+05 -3.658757153744003062e+03 1.232806131852974650e+05 2.061862422387858387e+05 -6.713565400084167777e+04 7.135593065487129206e+04
-1.331758195217636530e+05 -3.807921895911462489e+05 3.022378449470891792e+04 7.198333558147519943e+04 8.230595695514298859e+04 1.209116754254783446e+05 -1.338785866380064181e+04 1.637809903760656889e+05 3.351700827573635615e+04 2.079380631185802340e+05 1.048469105449464638e+06 -2.196112933469779091e+04 3.367513359923748067e+05 1.285273815834574816e+04 6.847916856424041907e+04 -9.957827507768319629e+04 4.745119020659988746e+04 5.248291532757425011e+04
-5.538275846163943061e+04 2.087805335733485990e+05 9.742423816165723110e+03 -7.118395092122175265e+04 2.184568207129297298e+04 4.188451886577626283e+04 1.569909756391657720e+04 3.351700827573635615e+04 9.214621751101574046e+04 3.239755718818950700e+05 4.857844331297770841e+05 6.670966791415436892e+05 2.205382419513049826e+05 -6.315156335498515546e+04 2.030627166508843075e+05 -1.381659789265123545e+05 -2.574922748911742019e+04 1.305351823543273204e+05
2.537400668128073588e+07 -1.423005621150644263e+06 -6.365083706062195823e+06 -5.621409005905316211e+06 -5.316866866607776843e+06 -2.892044044755101204e+06 -4.828089545660990407e+05 2.079380631185802340e+05 3.239755718818950700e+05 2.240186999345368445e+08 3.272833565599140525e+07 -7.486589508920326829e+06 -2.013447412086186558e+07 -3.232477509318713099e+06 2.400084875944660511e+06 1.292922321218078258e+06 -1.992665329720274080e+06 1.732284470422494225e+06
-1.979446226952693239e+07 -6.822377969396037050e+06 5.408434623795522377e+06 1.293499125833733939e+06 8.815924196211771341e+05 2.259753575933221728e+06 -8.347327088913062471e+04 1.048469105449464638e+06 4.857844331297770841e+05 3.272833565599140525e+07 7.119593023960465193e+07 1.313906708625285700e+07 4.775341084536651149e+06 3.610274729094884358e+06 5.491814602563688532e+06 5.949783321037454298e+05 -1.093674761109803803e+06 1.659902487467151368e+06
-5.238935557817309164e+06 1.399580955457414733e+06 5.078505545158335008e+06 9.259711755278108467e+04 -1.452161866551818093e+06 1.356470768158058869e+06 1.249945352634958923e+06 -2.196112933469779091e+04 6.670966791415436892e+05 -7.486589508920326829e+06 1.313906708625285700e+07 2.648718638543835282e+07 8.446031926489796489e+06 5.240083492378573283e+05 1.920564922306923894e+06 4.364501276775888255e+04 -9.089192216401726473e+05 2.398304044771961402e+06
-2.062981868373664562e+06 1.783034088878154522e+06 1.759819921585570788e+06 6.357529719558513025e+05 -3.474107451149065164e+05 1.705441072335395031e+06 3.303037865577921038e+05 3.367513359923748067e+05 2.205382419513049826e+05 -2.013447412086186558e+07 4.775341084536651149e+06 8.446031926489796489e+06 1.474883348906628601e+07 1.645998453984102234e+06 1.557892317584990291e+06 -5.654759250588866416e+05 5.840322466407713946e+05 7.392129528082226170e+05
1.350094617521598702e+06 -3.655636939336419455e+05 6.713802526623067679e+05 5.853675412642239826e+05 5.826733362770044478e+05 2.036749154298630310e+05 -3.658757153744003062e+03 1.285273815834574816e+04 -6.315156335498515546e+04 -3.232477509318713099e+06 3.610274729094884358e+06 5.240083492378573283e+05 1.645998453984102234e+06 3.492422599031640217e+06 7.093949635848079342e+05 1.329294986130457604e+06 4.620823037719315034e+05 4.405228867134319153e+05
1.513511210862415377e+06 3.285448024231662857e+05 -1.938206311831224884e+05 1.493857514732135132e+04 4.513966665588719188e+05 3.779015107946660719e+05 1.232806131852974650e+05 6.847916856424041907e+04 2.030627166508843075e+05 2.400084875944660511e+06 5.491814602563688532e+06 1.920564922306923894e+06 1.557892317584990291e+06 7.093949635848079342e+05 3.792532433274681214e+06 5.897366477694135392e+05 6.012451544245767873e+05 9.808228798738234909e+05
1.064901068075557938e+06 8.772303253361298703e+05 -5.449224499993171048e+04 -1.242827634338652424e+05 2.973128070635033655e+05 -2.332649839859803906e+05 2.061862422387858387e+05 -9.957827507768319629e+04 -1.381659789265123545e+05 1.292922321218078258e+06 5.949783321037454298e+05 4.364501276775888255e+04 -5.654759250588866416e+05 1.329294986130457604e+06 5.897366477694135392e+05 2.633983781245500781e+06 3.928369254220529692e+05 2.596590693196144712e+05
1.628183524855943862e+06 1.138942678097502358e+05 -1.382195658726123511e+05 3.961798099054180057e+04 6.568245694022199314e+04 3.348877069899466733e+04 -6.713565400084167777e+04 4.745119020659988746e+04 -2.574922748911742019e+04 -1.992665329720274080e+06 -1.093674761109803803e+06 -9.089192216401726473e+05 5.840322466407713946e+05 4.620823037719315034e+05 6.012451544245767873e+05 3.928369254220529692e+05 5.936822555978758028e+05 1.486837927327562065e+05
3.355017140863497276e+06 -1.304928202458928863e+05 3.922767878830457921e+05 2.892143294496109593e+05 -1.090794109569204593e+05 5.715979025812994223e+03 7.135593065487129206e+04 5.248291532757425011e+04 1.305351823543273204e+05 1.732284470422494225e+06 1.659902487467151368e+06 2.398304044771961402e+06 7.392129528082226170e+05 4.405228867134319153e+05 9.808228798738234909e+05 2.596590693196144712e+05 1.486837927327562065e+05 9.881005887654747348e+05
