# lambda=0.20578260250229516
4.289965566066297889e+07 1.273087497047239682e+06 2.470732488627938554e+06 -2.682257756130022928e+06 -2.263398826916915830e+06 -4.933289901496858220e+05 5.694794012733895797e+05 -1.363251546511615452e+05 8.074192672335916432e+05 5.685097247966728173e+06 2.311278330792743713e+07 -5.199006864646195434e+06 -3.530147114876838401e+06 -5.955250852199376561e+06 -2.056382334804924205e+06 -1.853220769850375596e+06 1.258327210877441568e+06 1.671804413966085995e+06
1.273087497047239682e+06 9.220831618324333802e+06 1.137776330771293258e+06 -1.424263453104303684e+06 7.052359667353465920e+05 1.653389819701428059e+05 1.526036082252430497e+05 5.249284043213962577e+05 2.003878312335907540e+05 1.451534189648377360e+05 7.282634603138001636e+06 -1.607799684708110290e+06 1.315637371314019256e+05 -8.171298953414702555e+05 -2.010263399815108394e+06 -2.053209936695395663e+04 4.293194346092232736e+05 -3.252454036674325471e+05
2.470732488627938554e+06 1.137776330771293258e+06 4.325049323558301665e+06 -2.304956433899474505e+05 -3.336583121109451167e+05 6.964926175410553697e+04 -3.436098235025037138e+04 2.313588947961794620e+05 1.194248474067237257e+05 -2.511986793594968971e+06 -4.282040345337947831e+06 6.956051085600896040e+05 7.362100865217985120e+05 -6.093976528561853338e+05 -6.942231008490857203e+05 9.543148047691745160e+04 7.091304792096448364e+05 5.845558306034518173e+05
-2.682257756130022928e+06 -1.424263453104303684e+06 -2.304956433899474505e+05 1.708723810825051507e+06 2.865649446501765633e+05 1.035255080810284271e+05 2.353198085085636703e+05 -1.541874107935642860e+04 -1.349287224202209618e+05 2.695966857947384007e+06 -5.325299307788887061e+06 8.952948235174157890e+05 3.270683632872065064e+05 7.758757550838102179e+04 1.157145096989462472e+05 1.922396959109154413e+05 -1.062568283930013567e+05 -5.859854070431917207e+05
-2.263398826916915830e+06 7.052359667353465920e+05 -3.336583121109451167e+05 2.865649446501765633e+05 9.553424505828419933e+05 2.090430348722467024e+05 -2.984620160925371601e+04 1.140991949458049494e+05 -7.195690223891733331e+04 -1.637527686766115017e+06 -2.279723875792803243e+06 1.194948239523414522e+06 5.213408016240668367e+05 4.180239243870662176e+05 -1.962562804640924514e+04 2.279274291262402257e+05 1.526992218936116842e+05 -3.644447059076066362e+05
-4.933289901496858220e+05 1.653389819701428059e+05 6.964926175410553697e+04 1.035255080810284271e+05 2.090430348722467024e+05 4.564040971948960214e+05 -6.145696611465518799e+04 2.601609710288778660e+04 -7.384792853243945501e+03 2.004028523192110937e+06 -1.161274471653434448e+06 1.047892236583220540e+06 4.350702244328380766e+04 3.671704892763684620e+05 4.032594899214508478e+05 1.985527152487482235e+05 1.611073185320103366e+05 -1.759527820764001517e+05
5.694794012733895797e+05 1.526036082252430497e+05 -3.436098235025037138e+04 2.353198085085636703e+05 -2.984620160925371601e+04 -6.145696611465518799e+04 2.301673698135264567e+05 3.240536667881532048e+04 -3.733133160860878888e+03 1.962195680059025530e+06 -2.616525661929125781e+05 -9.358774729599189013e+05 -3.461273116694036289e+05 -4.071491770178402658e+05 -1.338717727732321364e+05 -1.784666458178852918e+04 -3.966207506809107144e+04 -1.293521518835879979e+05
-1.363251546511615452e+05 5.249284043213962577e+05 2.313588947961794620e+05 -1.541874107935642860e+04 1.140991949458049494e+05 2.601609710288778660e+04 3.240536667881532048e+04 1.687679225163632655e+05 1.400504154410676529e+04 -9.773151922966340499e+04 -1.627196929321864154e+06 7.227054497254474554e+05 -1.927599577767584560e+04 4.352991159932502342e+04 -1.226513079771565826e+05 1.509390786934857024e+05 1.546520771630335075e+05 -1.502767994302535590e+04
8.074192672335916432e+05 2.003878312335907540e+05 1.194248474067237257e+05 -1.349287224202209618e+05 -7.195690223891733331e+04 -7.384792853243945501e+03 -3.733133160860878888e+03 1.400504154410676529e+04 7.733816238856082782e+04 4.391907657431596890e+05 6.296347189929167507e+04 -2.902836869832047960e+05 -9.376028693433477019e+04 -2.219826387353761529e+05 8.665594499199534084e+02 -2.871961978665323841e+04 5.559016544735331081e+03 8.869243813704620698e+04
5.685097247966728173e+06 1.451534189648377360e+05 -2.511986793594968971e+06 2.695966857947384007e+06 -1.637527686766115017e+06 2.004028523192110937e+06 1.962195680059025530e+06 -9.773151922966340499e+04 4.391907657431596890e+05 1.264555119196972698e+08 -1.526686951069021830e+06 -1.645642000774255022e+07 -7.013015309381965548e+06 -1.317356940261366032e+07 4.230254391770862043e+06 -1.422892705191005254e+06 -6.807080876224696112e+04 -1.796949036147414474e+06
2.311278330792743713e+07 7.282634603138001636e+06 -4.282040345337947831e+06 -5.325299307788887061e+06 -2.279723875792803243e+06 -1.161274471653434448e+06 -2.616525661929125781e+05 -1.627196929321864154e+06 6.296347189929167507e+04 -1.526686951069021830e+06 1.190193048166088462e+08 -1.005028889209401421e+07 2.367570235288232099e+06 -1.033177917539177835e+07 -4.813326259090920910e+06 -3.118612568780905567e+06 -3.869875220416229218e+06 -4.413502889864026220e+05
-5.199006864646195434e+06 -1.607799684708110290e+06 6.956051085600896040e+05 8.952948235174157890e+05 1.194948239523414522e+06 1.047892236583220540e+06 -9.358774729599189013e+05 7.227054497254474554e+05 -2.902836869832047960e+05 -1.645642000774255022e+07 -1.005028889209401421e+07 2.575090311441047117e+07 1.967866393987771124e+06 4.459158952967091464e+06 1.632633412416385836e+05 1.484598912422268651e+06 1.428499214816563064e+06 2.761707168615223418e+04
-3.530147114876838401e+06 1.315637371314019256e+05 7.362100865217985120e+05 3.270683632872065064e+05 5.213408016240668367e+05 4.350702244328380766e+04 -3.461273116694036289e+05 -1.927599577767584560e+04 -9.376028693433477019e+04 -7.013015309381965548e+06 2.367570235288232099e+06 1.967866393987771124e+06 3.127250267616479192e+06 9.714077176522212103e+05 -5.573314286794272630e+04 2.043123089706418978e+05 -4.135753740282010986e+05 -1.280248981119505479e+05
-5.955250852199376561e+06 -8.171298953414702555e+05 -6.093976528561853338e+05 7.758757550838102179e+04 4.180239243870662176e+05 3.671704892763684620e+05 -4.071491770178402658e+05 4.352991159932502342e+04 -2.219826387353761529e+05 -1.317356940261366032e+07 -1.033177917539177835e+07 4.459158952967091464e+06 9.714077176522212103e+05 5.819640802301940508e+06 6.988457058497499675e+05 5.851591689261565916e+05 6.510253048262604716e+04 -7.952790505947223573e+04
-2.056382334804924205e+06 -2.010263399815108394e+06 -6.942231008490857203e+05 1.157145096989462472e+05 -1.962562804640924514e+04 4.032594899214508478e+05 -1.338717727732321364e+05 -1.226513079771565826e+05 8.665594499199534084e+02 4.230254391770862043e+06 -4.813326259090920910e+06 1.632633412416385836e+05 -5.573314286794272630e+04 6.988457058497499675e+05 2.723199461553404573e+06 5.843434716663908912e+05 -1.237111188002923736e+05 3.770615476535448397e+04
-1.853220769850375596e+06 -2.053209936695395663e+04 9.543148047691745160e+04 1.922396959109154413e+05 2.279274291262402257e+05 1.985527152487482235e+05 -1.784666458178852918e+04 1.509390786934857024e+05 -2.871961978665323841e+04 -1.422892705191005254e+06 -3.118612568780905567e+06 1.484598912422268651e+06 2.043123089706418978e+05 5.851591689261565916e+05 5.843434716663908912e+05 5.860487455160199897e+05 1.347108709688341769e+05 -1.301759832031601254e+05
1.258327210877441568e+06 4.293194346092232736e+05 7.091304792096448364e+05 -1.062568283930013567e+05 1.526992218936116842e+05 1.611073185320103366e+05 -3.966207506809107144e+04 1.546520771630335075e+05 5.559016544735331081e+03 -6.807080876224696112e+04 -3.869875220416229218e+06 1.428499214816563064e+06 -4.135753740282010986e+05 6.510253048262604716e+04 -1.237111188002923736e+05 1.347108709688341769e+05 6.710556060352139175e+05 1.146283384874753247e+05
1.671804413966085995e+06 -3.252454036674325471e+05 5.845558306034518173e+05 -5.859854070431917207e+05 -3.644447059076066362e+05 -1.759527820764001517e+05 -1.293521518835879979e+05 -1.502767994302535590e+04 8.869243813704620698e+04 -1.796949036147414474e+06 -4.413502889864026220e+05 2.761707168615223418e+04 -1.280248981119505479e+05 -7.952790505947223573e+04 3.770615476535448397e+04 -1.301759832031601254e+05 1.146283384874753247e+05 6.712748973506158218e+05
