# lambda=0.22485546350486466
4.554351557876248658e+07 4.662839781344587915e+06 6.605666234889533371e+06 1.177453418988052988e+06 7.945826746683579404e+05 9.525979104345373344e+05 8.212805033422432607e+05 1.222317957847242011e+06 -1.719468501559701981e+05 3.047891396361961961e+07 -5.790654752803401090e+06 -2.470212020707570482e+06 5.339593825172023848e+06 6.003441790323547088e+06 -5.698031303911862051e+04 -2.312786945206912700e+06 2.034386769628016045e+06 -2.768097264701103326e+06
4.662839781344587915e+06 1.195043437441830337e+07 3.268770266149753239e+06 1.424137548373419326e+06 6.321206710130296415e+05 2.668378271167980856e+05 4.210083274997418630e+05 9.446652987896685954e+04 -1.424055569384935952e+05 2.197052241621530056e+07 3.063137713242908940e+06 4.235386187392658554e+06 -1.277936020312871318e+06 -9.168626717870341381e+05 2.086914256817471702e+06 -4.552204848450801219e+05 -4.289534841604176327e+05 -7.952092978434475372e+05
6.605666234889533371e+06 3.268770266149753239e+06 6.514331055107970722e+06 1.215061190785082057e+06 -3.262871642996828086e+04 7.459725258865838405e+05 1.495261637334534025e+05 2.815044321713935933e+05 -1.484937178791430415e+04 9.165825409942552447e+06 -2.338778329017719254e+06 1.681412376487904694e+06 -1.820035403588045156e+06 1.408429616050283425e+06 2.493713059611656063e+05 -2.236708134536579018e+05 5.600914652839647606e+05 -8.795235885270547587e+05
1.177453418988052988e+06 1.424137548373419326e+06 1.215061190785082057e+06 2.219870816311185714e+06 3.766983585476309527e+05 -1.003842843404466257e+05 -5.922947611315821996e+04 1.412041851521655917e+05 2.900120296403977773e+04 5.241865696484105662e+06 2.293610842975024425e+05 1.678358823658353649e+06 -6.699624791925489262e+03 1.565104730628766352e+06 2.065604585755364096e+05 -5.776421665619843407e+05 -1.138214368209772329e+04 4.512816071090336482e+04
7.945826746683579404e+05 6.321206710130296415e+05 -3.262871642996828086e+04 3.766983585476309527e+05 8.173575687177819200e+05 1.029264556103241339e+05 8.652690087176834641e+04 5.324826555819712667e+04 1.850485624897448870e+05 2.358751871229009703e+06 2.220539827315710951e+06 2.572588780160024471e+05 -5.740836884498522850e+05 6.480851038898359984e+05 5.601635226553784451e+05 1.017881813688248803e+05 -4.536826281507455860e+04 1.276374666787259048e+05
9.525979104345373344e+05 2.668378271167980856e+05 7.459725258865838405e+05 -1.003842843404466257e+05 1.029264556103241339e+05 4.271398781056888402e+05 1.278162647837859840e+05 6.690213239376714046e+04 2.089002073981603462e+04 2.136540625195506494e+06 -9.090569908867577324e+05 -2.094592937587489141e+05 -5.722311619845902314e+05 1.890726738473848673e+05 3.091772569550218759e+05 -4.415569912221502454e+04 7.034092476045568765e+04 -1.997005005808040733e+05
8.212805033422432607e+05 4.210083274997418630e+05 1.495261637334534025e+05 -5.922947611315821996e+04 8.652690087176834641e+04 1.278162647837859840e+05 2.133897417067425558e+05 5.524585868622859562e+04 5.944840016314396780e+04 1.318657771565690404e+06 -1.359039664715721039e+06 2.255270911359400488e+05 -7.951189995437790640e+04 7.960178872589980892e+04 8.616155893670504156e+04 -6.140132021844848350e+04 4.569455133190996889e+02 6.544362981727733131e+04
1.222317957847242011e+06 9.446652987896685954e+04 2.815044321713935933e+05 1.412041851521655917e+05 5.324826555819712667e+04 6.690213239376714046e+04 5.524585868622859562e+04 1.673815755996521330e+05 -5.696543385025060161e+03 1.204411428690709407e+06 2.738639582669719857e+03 -2.946165649477283660e+04 1.661033117733697582e+05 5.344947115581092658e+05 -1.079655924306424276e+04 -8.272117200113178114e+04 9.881552478668536060e+04 -3.313990697258318687e+04
-1.719468501559701981e+05 -1.424055569384935952e+05 -1.484937178791430415e+04 2.900120296403977773e+04 1.850485624897448870e+05 2.089002073981603462e+04 5.944840016314396780e+04 -5.696543385025060161e+03 1.385345400489811436e+05 -2.647329541002751212e+05 -3.339342257729388075e+05 1.623194842039847281e+05 -5.404071633718584053e+04 1.589528840726797644e+05 8.170650728201211314e+04 1.173069719626028818e+05 -6.072477310999332258e+04 1.444953831696999550e+05
3.047891396361961961e+07 2.197052241621530056e+07 9.165825409942552447e+06 5.241865696484105662e+06 2.358751871229009703e+06 2.136540625195506494e+06 1.318657771565690404e+06 1.204411428690709407e+06 -2.647329541002751212e+05 9.795855787725131214e+07 -7.586428002429922111e+06 1.534640444316492416e+07 -1.073899139996247133e+06 4.216691066199253313e+06 3.996287684275037609e+06 -3.848030131920089014e+06 -3.906685369287687936e+05 -2.918139634348951280e+06
-5.790654752803401090e+06 3.063137713242908940e+06 -2.338778329017719254e+06 2.293610842975024425e+05 2.220539827315710951e+06 -9.090569908867577324e+05 -1.359039664715721039e+06 2.738639582669719857e+03 -3.339342257729388075e+05 -7.586428002429922111e+06 7.904790133908784389e+07 7.979463500583059154e+06 -6.188723899205406633e+04 -1.421663633128802758e+06 5.673196703355959617e+06 3.120391407823815942e+06 3.995882444911960978e+06 1.030989805175745569e+05
-2.470212020707570482e+06 4.235386187392658554e+06 1.681412376487904694e+06 1.678358823658353649e+06 2.572588780160024471e+05 -2.094592937587489141e+05 2.255270911359400488e+05 -2.946165649477283660e+04 1.623194842039847281e+05 1.534640444316492416e+07 7.979463500583059154e+06 1.469756032248656638e+07 1.506960676423300465e+05 -2.967549132731700083e+05 7.519507313118939055e+05 8.416608311543123564e+05 2.346609687970826053e+05 6.915151517970339628e+05
5.339593825172023848e+06 -1.277936020312871318e+06 -1.820035403588045156e+06 -6.699624791925489262e+03 -5.740836884498522850e+05 -5.722311619845902314e+05 -7.951189995437790640e+04 1.661033117733697582e+05 -5.404071633718584053e+04 -1.073899139996247133e+06 -6.188723899205406633e+04 1.506960676423300465e+05 5.471655962447457947e+06 1.556565894074987154e+06 -6.004812880748362513e+05 3.712751114869507001e+04 6.251637148207331775e+05 2.171040407946189225e+05
6.003441790323547088e+06 -9.168626717870341381e+05 1.408429616050283425e+06 1.565104730628766352e+06 6.480851038898359984e+05 1.890726738473848673e+05 7.960178872589980892e+04 5.344947115581092658e+05 1.589528840726797644e+05 4.216691066199253313e+06 -1.421663633128802758e+06 -2.967549132731700083e+05 1.556565894074987154e+06 6.171377442063430324e+06 3.276295259405314209e+04 1.038052504715162504e+05 5.297280522488781717e+05 1.337230883869318932e+05
-5.698031303911862051e+04 2.086914256817471702e+06 2.493713059611656063e+05 2.065604585755364096e+05 5.601635226553784451e+05 3.091772569550218759e+05 8.616155893670504156e+04 -1.079655924306424276e+04 8.170650728201211314e+04 3.996287684275037609e+06 5.673196703355959617e+06 7.519507313118939055e+05 -6.004812880748362513e+05 3.276295259405314209e+04 2.098010537353571039e+06 2.099867395806094573e+05 3.778346897474970319e+05 7.967323660249168461e+04
-2.312786945206912700e+06 -4.552204848450801219e+05 -2.236708134536579018e+05 -5.776421665619843407e+05 1.017881813688248803e+05 -4.415569912221502454e+04 -6.140132021844848350e+04 -8.272117200113178114e+04 1.173069719626028818e+05 -3.848030131920089014e+06 3.120391407823815942e+06 8.416608311543123564e+05 3.712751114869507001e+04 1.038052504715162504e+05 2.099867395806094573e+05 9.629584280109585961e+05 1.498270122882315191e+05 3.336199902946464135e+05
2.034386769628016045e+06 -4.289534841604176327e+05 5.600914652839647606e+05 -1.138214368209772329e+04 -4.536826281507455860e+04 7.034092476045568765e+04 4.569455133190996889e+02 9.881552478668536060e+04 -6.072477310999332258e+04 -3.906685369287687936e+05 3.995882444911960978e+06 2.346609687970826053e+05 6.251637148207331775e+05 5.297280522488781717e+05 3.778346897474970319e+05 1.498270122882315191e+05 8.330851723503756803e+05 -9.930019965255454008e+04
-2.768097264701103326e+06 -7.952092978434475372e+05 -8.795235885270547587e+05 4.512816071090336482e+04 1.276374666787259048e+05 -1.997005005808040733e+05 6.544362981727733131e+04 -3.313990697258318687e+04 1.444953831696999550e+05 -2.918139634348951280e+06 1.030989805175745569e+05 6.915151517970339628e+05 2.171040407946189225e+05 1.337230883869318932e+05 7.967323660249168461e+04 3.336199902946464135e+05 -9.930019965255454008e+04 8.492161882937344490e+05
