# lambda=0.12000438739910743
3.015863381587306783e+07 3.942176788884876296e+06 -1.125085627085350920e+06 1.022809196754870354e+06 -2.048188800078682601e+06 -2.505673376051965752e+05 1.474962380696729990e+06 -8.204808250831444748e+05 -5.302482974247172242e+05 4.867788284023659676e+07 2.833858868288665544e+06 -9.520145029346944648e+04 4.630233102000981307e+04 -5.699642476231306791e+05 -2.149435433106555603e+06 8.740629241818232695e+05 -4.945452818847590825e+05 -3.029092329325038008e+05
3.942176788884876296e+06 1.083306791103582643e+07 1.244191303940406535e+06 1.934831462137301918e+06 5.318020165581952315e+05 -1.966751643149332085e+05 5.395350710606185021e+05 2.968715622010738007e+05 2.643133692428211798e+05 9.999494017462681979e+06 9.112673709900606424e+06 -2.543881535122540314e+06 1.949998413381692488e+06 6.652768045202025678e+05 -1.565230723838492762e+06 7.410840826733014546e+05 1.420811880009731743e+06 8.228507176785757765e+05
-1.125085627085350920e+06 1.244191303940406535e+06 2.713651486524604727e+06 4.560132579868139001e+05 5.909888488981901901e+05 8.084688267779519083e+04 1.581503831334459028e+04 8.229319104998763942e+04 7.297665448461311462e+04 2.039100526721870527e+06 -8.216713244979344308e+05 2.764061579338827636e+06 2.130063576660610270e+06 -3.037077333569171606e+05 -1.291748890955289680e+05 -2.334297110072276264e+05 1.255710950819960708e+05 1.808799639908292156e+05
1.022809196754870354e+06 1.934831462137301918e+06 4.560132579868139001e+05 2.635695417891073041e+06 7.059704121279447572e+05 1.895745178016840655e+05 -8.400222176979431242e+04 -1.425946967930985847e+05 2.292714663604343659e+05 -4.642139069391177036e+06 -1.696447114725312218e+06 -1.254448429286269820e+05 -5.988378469161003886e+04 1.943642249141315697e+05 5.113193927016169619e+04 1.301260614239259012e+05 -6.283636399377059570e+04 2.283062707062530098e+05
-2.048188800078682601e+06 5.318020165581952315e+05 5.909888488981901901e+05 7.059704121279447572e+05 1.320992746173248626e+06 -4.005985237550229795e+04 -1.336400030218885513e+05 4.521503584029278136e+04 1.738733868546870362e+05 -4.189430452338967007e+06 -1.618702357328425162e+06 -4.706442965349473525e+05 -4.608951752074960968e+05 3.455172061264523654e+05 9.015136875339032849e+05 1.156351248980358941e+05 -9.079926318466338853e+04 1.348061762620492664e+05
-2.505673376051965752e+05 -1.966751643149332085e+05 8.084688267779519083e+04 1.895745178016840655e+05 -4.005985237550229795e+04 2.940366645559901954e+05 6.559837559015788429e+04 -2.612381476588945952e+04 -3.659910041671087674e+04 -3.599476315319024725e+05 1.076360291747541487e+05 9.680973417168287560e+05 3.029144364338644082e+05 -1.873524159631389484e+05 -2.128558397243573199e+04 1.217442854808945413e+05 -4.408407698540055571e+04 2.988250406337271124e+04
1.474962380696729990e+06 5.395350710606185021e+05 1.581503831334459028e+04 -8.400222176979431242e+04 -1.336400030218885513e+05 6.559837559015788429e+04 3.664122717726115370e+05 -1.021225422915043309e+05 -1.232605012517022551e+05 3.546076821583892684e+06 4.770847589891324751e+05 3.729234982900726027e+05 6.404627876421578694e+05 1.119989158114570891e+05 1.446609561960856081e+05 2.655970334128247341e+05 3.996611712745906061e+03 -2.787781686331421588e+04
-8.204808250831444748e+05 2.968715622010738007e+05 8.229319104998763942e+04 -1.425946967930985847e+05 4.521503584029278136e+04 -2.612381476588945952e+04 -1.021225422915043309e+05 1.796377548757392215e+05 2.216094452974126034e+04 -1.448464743090985809e+06 2.302945969222944696e+05 -3.369619561911744531e+05 -1.227563902011194732e+05 -1.396916910777523590e+05 -5.353783925797868869e+04 -8.455757011424293160e+04 2.155479190137682017e+05 3.665607541153287457e+04
-5.302482974247172242e+05 2.643133692428211798e+05 7.297665448461311462e+04 2.292714663604343659e+05 1.738733868546870362e+05 -3.659910041671087674e+04 -1.232605012517022551e+05 2.216094452974126034e+04 1.502378785089166486e+05 -1.608049857163256733e+06 -1.173602964281426976e+06 -4.080171576788196107e+05 -1.468894003353383450e+05 2.872123291774206446e+05 2.990136844934640976e+03 1.032613416406873002e+05 -2.637311153638907490e+04 7.111791408913428313e+04
4.867788284023659676e+07 9.999494017462681979e+06 2.039100526721870527e+06 -4.642139069391177036e+06 -4.189430452338967007e+06 -3.599476315319024725e+05 3.546076821583892684e+06 -1.448464743090985809e+06 -1.608049857163256733e+06 1.865818679987350404e+08 2.331854937177363411e+07 1.611377927000588737e+06 -8.228005226949518546e+05 -7.825517793589879759e+06 -9.577488771586932242e+06 -2.027183223223895533e+06 -3.217085634283341002e+06 -6.556787453376861522e+05
2.833858868288665544e+06 9.112673709900606424e+06 -8.216713244979344308e+05 -1.696447114725312218e+06 -1.618702357328425162e+06 1.076360291747541487e+05 4.770847589891324751e+05 2.302945969222944696e+05 -1.173602964281426976e+06 2.331854937177363411e+07 8.632523027062098682e+07 2.089316026701358333e+07 1.936719894098093268e+06 -3.839043650400671642e+06 -2.486223914139430039e+06 2.095860942412407370e+06 2.297556037446554285e+06 1.813646286509257508e+06
-9.520145029346944648e+04 -2.543881535122540314e+06 2.764061579338827636e+06 -1.254448429286269820e+05 -4.706442965349473525e+05 9.680973417168287560e+05 3.729234982900726027e+05 -3.369619561911744531e+05 -4.080171576788196107e+05 1.611377927000588737e+06 2.089316026701358333e+07 2.187879171209685877e+07 3.656573361633042339e+06 -1.534902520561798243e+06 1.560416171634643804e+06 1.591432750839795917e+06 1.329012743199615506e+05 5.510417246095610317e+05
4.630233102000981307e+04 1.949998413381692488e+06 2.130063576660610270e+06 -5.988378469161003886e+04 -4.608951752074960968e+05 3.029144364338644082e+05 6.404627876421578694e+05 -1.227563902011194732e+05 -1.468894003353383450e+05 -8.228005226949518546e+05 1.936719894098093268e+06 3.656573361633042339e+06 7.280388892829398625e+06 1.083860152855481720e+06 -3.947799775619605789e+05 3.468503622479342739e+05 1.240315228418192419e+04 1.139682235504443961e+05
-5.699642476231306791e+05 6.652768045202025678e+05 -3.037077333569171606e+05 1.943642249141315697e+05 3.455172061264523654e+05 -1.873524159631389484e+05 1.119989158114570891e+05 -1.396916910777523590e+05 2.872123291774206446e+05 -7.825517793589879759e+06 -3.839043650400671642e+06 -1.534902520561798243e+06 1.083860152855481720e+06 3.315856591828069184e+06 2.208588160138799576e+05 3.486691700406136224e+05 -2.170609347713002062e+05 5.511813274674814602e+04
-2.149435433106555603e+06 -1.565230723838492762e+06 -1.291748890955289680e+05 5.113193927016169619e+04 9.015136875339032849e+05 -2.128558397243573199e+04 1.446609561960856081e+05 -5.353783925797868869e+04 2.990136844934640976e+03 -9.577488771586932242e+06 -2.486223914139430039e+06 1.560416171634643804e+06 -3.947799775619605789e+05 2.208588160138799576e+05 3.721935038467776030e+06 7.956835336052215425e+05 1.783349555412330956e+05 4.485477159623167609e+03
8.740629241818232695e+05 7.410840826733014546e+05 -2.334297110072276264e+05 1.301260614239259012e+05 1.156351248980358941e+05 1.217442854808945413e+05 2.655970334128247341e+05 -8.455757011424293160e+04 1.032613416406873002e+05 -2.027183223223895533e+06 2.095860942412407370e+06 1.591432750839795917e+06 3.468503622479342739e+05 3.486691700406136224e+05 7.956835336052215425e+05 2.081497082331364974e+06 3.061550403594988165e+05 3.699202664088908350e+05
-4.945452818847590825e+05 1.420811880009731743e+06 1.255710950819960708e+05 -6.283636399377059570e+04 -9.079926318466338853e+04 -4.408407698540055571e+04 3.996611712745906061e+03 2.155479190137682017e+05 -2.637311153638907490e+04 -3.217085634283341002e+06 2.297556037446554285e+06 1.329012743199615506e+05 1.240315228418192419e+04 -2.170609347713002062e+05 1.783349555412330956e+05 3.061550403594988165e+05 8.144557759358910844e+05 2.054169284351261740e+05
-3.029092329325038008e+05 8.228507176785757765e+05 1.808799639908292156e+05 2.283062707062530098e+05 1.348061762620492664e+05 2.988250406337271124e+04 -2.787781686331421588e+04 3.665607541153287457e+04 7.111791408913428313e+04 -6.556787453376861522e+05 1.813646286509257508e+06 5.510417246095610317e+05 1.139682235504443961e+05 5.511813274674814602e+04 4.485477159623167609e+03 3.699202664088908350e+05 2.054169284351261740e+05 2.619281407315128017e+05
