# lambda=0.11101238737021867
2.451912991420671716e+07 7.305739075691356324e+06 -6.855628109032618813e+05 -1.274321831542299362e+06 -1.662872024801035179e+06 -8.373911804374763742e+05 -1.104723481485523982e+06 5.762812976625986630e+05 -4.576919011530901189e+05 3.180624471798374504e+07 2.264312196993222926e+06 -8.662283049521880224e+06 -2.349456062515889294e+06 4.060719744339757599e+05 8.419002924882307416e+05 -1.534185646314482801e+04 -5.378387475886836182e+05 6.139948085326543078e+05
7.305739075691356324e+06 2.784540615584601462e+07 2.590067703452236485e+06 3.742106945109969471e+06 -9.852543279983951652e+04 1.077033175097381929e+06 -8.299579377439417876e+05 5.291862961323942291e+05 1.605307222542889649e+05 1.484343992277357211e+04 1.468968366577903507e+06 -9.062658806286251172e+06 7.175053228863890283e+06 2.906421504572289996e+06 6.007813188235471025e+05 -2.894778176999997348e+06 3.228494367347831139e+05 -2.673400245417439146e+05
-6.855628109032618813e+05 2.590067703452236485e+06 3.364242844867304899e+06 -1.611269245131064235e+04 -5.784757312851008028e+05 -1.190174375324532593e+05 -3.944233882399889990e+05 -2.496757018413125188e+05 1.279844911802080060e+04 3.972114953901859466e+06 4.113524169217742514e+06 3.140177132965662051e+06 2.888532286134365480e+06 1.677357501332506072e+06 -6.343374370342156617e+05 1.390066210783895804e+05 5.492003562952082139e+05 3.554979998282740708e+05
-1.274321831542299362e+06 3.742106945109969471e+06 -1.611269245131064235e+04 3.330906439870098140e+06 4.236147952561036800e+05 5.288849693712453591e+05 2.097587690105672227e+05 2.227428160475211625e+05 9.088933394042791042e+04 -8.077865556379639544e+06 -3.300938074293763842e+06 1.103925547336600022e+06 3.537213811008695979e+06 1.041395579352971748e+06 1.090463120458302321e+06 -2.145863512025846285e+05 4.160059962154946988e+05 -4.187059243806163431e+05
-1.662872024801035179e+06 -9.852543279983951652e+04 -5.784757312851008028e+05 4.236147952561036800e+05 1.126349377291143639e+06 4.135770175185773987e+05 1.656374093366770830e+04 -1.341016351249665895e+05 -1.235757097983190761e+04 -8.344402128601750359e+06 1.343867375313269440e+06 -1.260472719610629370e+06 -1.874831474424249609e+05 -2.906308790869894437e+05 -1.463177404894214415e+05 -4.658793356040961953e+04 -8.392835314597474280e+03 -2.504785503911421692e+05
-8.373911804374763742e+05 1.077033175097381929e+06 -1.190174375324532593e+05 5.288849693712453591e+05 4.135770175185773987e+05 4.463815176931731403e+05 4.973440115644404432e+04 3.850930203709070338e+04 5.997430585450799845e+04 -4.995670897868709639e+06 -1.005220157693559770e+06 -4.213881628932000604e+05 1.671731341569074721e+05 5.336306654995948775e+05 4.320162084129559225e+05 -9.710775005075547961e+04 1.500787506275135966e+05 -8.680624693197832676e+04
-1.104723481485523982e+06 -8.299579377439417876e+05 -3.944233882399889990e+05 2.097587690105672227e+05 1.656374093366770830e+04 4.973440115644404432e+04 3.681961273636249243e+05 3.764699845705867483e+04 5.607353031159432430e+04 -1.266129019624322886e+06 -2.845960581063475925e+06 9.552722796812326123e+04 5.339779687342600664e+05 -9.135138799887427012e+04 1.725291276163289731e+05 1.749319302758353660e+04 5.571026211068029079e+04 3.859876938320643239e+04
5.762812976625986630e+05 5.291862961323942291e+05 -2.496757018413125188e+05 2.227428160475211625e+05 -1.341016351249665895e+05 3.850930203709070338e+04 3.764699845705867483e+04 1.818768395483676868e+05 -1.069219988939480345e+03 -6.860308491380093619e+05 -1.428346531423035543e+06 -2.216386366991396935e+05 -2.243505666462524387e+05 1.465350244379972282e+05 2.575427031408113544e+05 -4.154293890013146665e+03 -2.043016444122499161e+04 -2.871700787402897186e+04
-4.576919011530901189e+05 1.605307222542889649e+05 1.279844911802080060e+04 9.088933394042791042e+04 -1.235757097983190761e+04 5.997430585450799845e+04 5.607353031159432430e+04 -1.069219988939480345e+03 6.937838492716390465e+04 2.586148485344702494e+05 -6.833873583122243872e+05 1.411668621012411604e+05 -6.000346066184654046e+04 1.338760968666642439e+05 1.503114707832468848e+05 -2.302863705287692937e+04 3.588327771651717194e+04 3.319592643495083030e+04
3.180624471798374504e+07 1.484343992277357211e+04 3.972114953901859466e+06 -8.077865556379639544e+06 -8.344402128601750359e+06 -4.995670897868709639e+06 -1.266129019624322886e+06 -6.860308491380093619e+05 2.586148485344702494e+05 3.053107656630178690e+08 6.462710177435544878e+07 -8.799040217366000637e+06 -7.500055035046311095e+06 -1.722419638015261153e+06 -2.318113895114866085e+06 -1.867424025246131932e+05 -2.016260925575555768e+06 5.394608448325968347e+06
2.264312196993222926e+06 1.468968366577903507e+06 4.113524169217742514e+06 -3.300938074293763842e+06 1.343867375313269440e+06 -1.005220157693559770e+06 -2.845960581063475925e+06 -1.428346531423035543e+06 -6.833873583122243872e+05 6.462710177435544878e+07 8.288651622024536133e+07 -9.612534260598979890e+06 -6.538102418918734184e+05 7.657123722719713114e+05 -7.710549761933011934e+06 -5.143388048232047731e+04 -2.025112323479983723e+06 -1.994769380342993245e+05
-8.662283049521880224e+06 -9.062658806286251172e+06 3.140177132965662051e+06 1.103925547336600022e+06 -1.260472719610629370e+06 -4.213881628932000604e+05 9.552722796812326123e+04 -2.216386366991396935e+05 1.411668621012411604e+05 -8.799040217366000637e+06 -9.612534260598979890e+06 2.280678005578086898e+07 7.790040109496843070e+05 -4.908378059217900591e+04 1.620067127900171559e+06 7.459738275137388846e+05 1.425923436920213746e+06 -4.188992549671450979e+05
-2.349456062515889294e+06 7.175053228863890283e+06 2.888532286134365480e+06 3.537213811008695979e+06 -1.874831474424249609e+05 1.671731341569074721e+05 5.339779687342600664e+05 -2.243505666462524387e+05 -6.000346066184654046e+04 -7.500055035046311095e+06 -6.538102418918734184e+05 7.790040109496843070e+05 1.411966004944271967e+07 1.719675185511117335e+06 -9.107559430482387543e+05 -1.157345349376422586e+06 1.103734596260423306e+06 6.630208352401597658e+05
4.060719744339757599e+05 2.906421504572289996e+06 1.677357501332506072e+06 1.041395579352971748e+06 -2.906308790869894437e+05 5.336306654995948775e+05 -9.135138799887427012e+04 1.465350244379972282e+05 1.338760968666642439e+05 -1.722419638015261153e+06 7.657123722719713114e+05 -4.908378059217900591e+04 1.719675185511117335e+06 4.244917928584478796e+06 1.352591278766952921e+06 3.189194636598867946e+05 5.580868969914908521e+05 3.903816208737164270e+05
8.419002924882307416e+05 6.007813188235471025e+05 -6.343374370342156617e+05 1.090463120458302321e+06 -1.463177404894214415e+05 4.320162084129559225e+05 1.725291276163289731e+05 2.575427031408113544e+05 1.503114707832468848e+05 -2.318113895114866085e+06 -7.710549761933011934e+06 1.620067127900171559e+06 -9.107559430482387543e+05 1.352591278766952921e+06 2.626411648270677309e+06 1.840171704945396050e+05 4.549060449337300379e+05 -1.639888733265726769e+05
-1.534185646314482801e+04 -2.894778176999997348e+06 1.390066210783895804e+05 -2.145863512025846285e+05 -4.658793356040961953e+04 -9.710775005075547961e+04 1.749319302758353660e+04 -4.154293890013146665e+03 -2.302863705287692937e+04 -1.867424025246131932e+05 -5.143388048232047731e+04 7.459738275137388846e+05 -1.157345349376422586e+06 3.189194636598867946e+05 1.840171704945396050e+05 1.792251598377437098e+06 5.071008951145482133e+05 2.461454641852582281e+05
-5.378387475886836182e+05 3.228494367347831139e+05 5.492003562952082139e+05 4.160059962154946988e+05 -8.392835314597474280e+03 1.500787506275135966e+05 5.571026211068029079e+04 -2.043016444122499161e+04 3.588327771651717194e+04 -2.016260925575555768e+06 -2.025112323479983723e+06 1.425923436920213746e+06 1.103734596260423306e+06 5.580868969914908521e+05 4.549060449337300379e+05 5.071008951145482133e+05 8.120186916087404825e+05 2.903820498151206266e+04
6.139948085326543078e+05 -2.673400245417439146e+05 3.554979998282740708e+05 -4.187059243806163431e+05 -2.504785503911421692e+05 -8.680624693197832676e+04 3.859876938320643239e+04 -2.871700787402897186e+04 3.319592643495083030e+04 5.394608448325968347e+06 -1.994769380342993245e+05 -4.188992549671450979e+05 6.630208352401597658e+05 3.903816208737164270e+05 -1.639888733265726769e+05 2.461454641852582281e+05 2.903820498151206266e+04 8.342478061135399621e+05
