# lambda=0.19317526780762329
2.836997564800802991e+07 -8.142300944696681108e+05 8.055494203588991659e+05 1.896994116340636043e+06 7.744272732050421182e+05 1.538563632587812608e+05 -1.310578815626383002e+05 6.484838402950628661e+05 3.518444127138790791e+05 1.417208524798837118e+07 1.630386455255849846e+07 1.092151388711853651e+06 2.358559124333612155e+06 3.654419264171774499e+06 4.365608244890686474e+05 2.199263436905989423e+06 6.545923468270793092e+05 -1.226952790389203619e+04
-8.142300944696681108e+05 1.014534368909271061e+07 -1.170298104162652045e+06 -1.228458920326891122e+06 -2.913223734004272847e+05 1.337424882836831268e+06 4.872424937830031267e+05 -5.341926453782946919e+04 -7.211911380207016191e+04 -1.687751174111188203e+07 8.673654152091773227e+06 4.503149165419624187e+06 5.245192052795234136e+06 1.474438677081879694e+06 2.384874898162046447e+06 -5.656846114611312514e+05 -3.763622434527737205e+05 -1.075056129591763252e+06
8.055494203588991659e+05 -1.170298104162652045e+06 3.657549910759849008e+06 8.244963792048358591e+05 2.025039793266167690e+05 -4.264601147112163017e+05 -2.478311568447784521e+05 2.247739725637616066e+05 1.911170894982028403e+05 6.122095254580569454e+06 -9.684399150369651034e+04 1.198518168863795232e+06 -1.981442654977088561e+06 -1.073004158777687000e+06 1.016249155691277818e+06 -3.592460148614259087e+05 1.233302664018596988e+05 6.369151463963693241e+05
1.896994116340636043e+06 -1.228458920326891122e+06 8.244963792048358591e+05 2.002959395140445326e+06 3.806757705539998133e+05 3.356122904459272831e+04 -1.160437255595625720e+04 8.019135487561908667e+04 8.678156825540861973e+03 -3.809006767151961685e+05 -1.525329245181712322e+06 2.347929025322166854e+05 -6.070367502547755139e+05 5.540556113090175204e+05 -5.653876320900033170e+04 7.230714021118999517e+04 1.496133499206198903e+05 3.958605171303470270e+05
7.744272732050421182e+05 -2.913223734004272847e+05 2.025039793266167690e+05 3.806757705539998133e+05 6.882745486171441153e+05 -7.563542627045142581e+04 -1.722473721558238904e+05 4.581928878575696217e+03 4.352801234064117125e+03 1.914687056070285907e+05 1.174522040543813957e+06 -1.835473384154396772e+05 -1.959542737185424776e+05 6.493158653164219577e+05 3.421022721088789403e+05 1.371567229632019007e+05 -1.068747479409616208e+05 2.513020114750535868e+05
1.538563632587812608e+05 1.337424882836831268e+06 -4.264601147112163017e+05 3.356122904459272831e+04 -7.563542627045142581e+04 4.984006880783422966e+05 1.228366519264746748e+05 -6.191205805691452042e+03 1.676722624845463361e+04 3.543114948133730795e+05 5.729005915194920090e+04 -4.264497877855568368e+04 4.328334325406109565e+05 2.264520511668675681e+04 1.869799636287481408e+05 4.763792855735842750e+04 5.080361287506382359e+04 -1.643461570468403443e+04
-1.310578815626383002e+05 4.872424937830031267e+05 -2.478311568447784521e+05 -1.160437255595625720e+04 -1.722473721558238904e+05 1.228366519264746748e+05 3.186764984781019739e+05 1.488211577616932664e+04 4.568305831341988232e+04 -1.724592444202267798e+06 -2.919033309243615950e+05 1.129445565198130789e+05 5.265630928986123763e+05 -1.436700891299577488e+05 -1.374817293874734060e+04 1.678258641213438823e+05 2.580455623328789079e+05 -5.201141412248244160e+04
6.484838402950628661e+05 -5.341926453782946919e+04 2.247739725637616066e+05 8.019135487561908667e+04 4.581928878575696217e+03 -6.191205805691452042e+03 1.488211577616932664e+04 1.180099056476556434e+05 6.112100067332476465e+04 -1.931033498359784717e+05 7.752290428296637256e+05 1.611174600385702215e+05 3.738238353955280036e+04 -8.963537579312360322e+03 -2.330935074697332311e+04 3.040824677325491393e+03 -1.058230147449837241e+05 2.002903783127000861e+04
3.518444127138790791e+05 -7.211911380207016191e+04 1.911170894982028403e+05 8.678156825540861973e+03 4.352801234064117125e+03 1.676722624845463361e+04 4.568305831341988232e+04 6.112100067332476465e+04 1.064660159693612077e+05 -4.447295464484109543e+05 -1.302637058212859993e+05 -1.011907753487468144e+05 -2.053275739288156328e+05 -1.054672100879620557e+05 3.893531405053214985e+04 -8.437480506085279922e+04 5.129149487642535678e+04 1.202718971239017264e+05
1.417208524798837118e+07 -1.687751174111188203e+07 6.122095254580569454e+06 -3.809006767151961685e+05 1.914687056070285907e+05 3.543114948133730795e+05 -1.724592444202267798e+06 -1.931033498359784717e+05 -4.447295464484109543e+05 2.144181158993382454e+08 -1.643897648237445764e+07 -1.906423203846069798e+07 -1.538686443858089857e+07 -9.048400058369003236e+06 2.246986902846248820e+06 5.167273544805811718e+06 -8.178601879644607834e+04 8.821445749760252656e+05
1.630386455255849846e+07 8.673654152091773227e+06 -9.684399150369651034e+04 -1.525329245181712322e+06 1.174522040543813957e+06 5.729005915194920090e+04 -2.919033309243615950e+05 7.752290428296637256e+05 -1.302637058212859993e+05 -1.643897648237445764e+07 5.417999567714764923e+07 1.415113548386154510e+07 2.781704042078126688e+06 5.241578835472081788e+06 2.018326754913996905e+06 2.810151429230454378e+06 -1.709487115694910754e+06 -1.549939325384309283e+06
1.092151388711853651e+06 4.503149165419624187e+06 1.198518168863795232e+06 2.347929025322166854e+05 -1.835473384154396772e+05 -4.264497877855568368e+04 1.129445565198130789e+05 1.611174600385702215e+05 -1.011907753487468144e+05 -1.906423203846069798e+07 1.415113548386154510e+07 1.661978734514252096e+07 5.629461087643302744e+05 2.809166127183380537e+06 2.704890018567374442e+06 1.005769775983481901e+06 1.305051787075315224e+05 -1.465378503659055568e+06
2.358559124333612155e+06 5.245192052795234136e+06 -1.981442654977088561e+06 -6.070367502547755139e+05 -1.959542737185424776e+05 4.328334325406109565e+05 5.265630928986123763e+05 3.738238353955280036e+04 -2.053275739288156328e+05 -1.538686443858089857e+07 2.781704042078126688e+06 5.629461087643302744e+05 1.028078130383904837e+07 3.372347698341164738e+06 -5.511058329085661098e+05 -3.048996380892200395e+05 -2.589260613699988171e+05 -1.016663731194056571e+06
3.654419264171774499e+06 1.474438677081879694e+06 -1.073004158777687000e+06 5.540556113090175204e+05 6.493158653164219577e+05 2.264520511668675681e+04 -1.436700891299577488e+05 -8.963537579312360322e+03 -1.054672100879620557e+05 -9.048400058369003236e+06 5.241578835472081788e+06 2.809166127183380537e+06 3.372347698341164738e+06 5.158338399486185983e+06 1.008966788665335043e+05 1.537687247812533169e+05 1.406402150164661871e+05 -4.792396300739517901e+05
4.365608244890686474e+05 2.384874898162046447e+06 1.016249155691277818e+06 -5.653876320900033170e+04 3.421022721088789403e+05 1.869799636287481408e+05 -1.374817293874734060e+04 -2.330935074697332311e+04 3.893531405053214985e+04 2.246986902846248820e+06 2.018326754913996905e+06 2.704890018567374442e+06 -5.511058329085661098e+05 1.008966788665335043e+05 3.681173829957596958e+06 5.929135616198604112e+04 3.986386331167122116e+05 -2.941117936121238745e+05
2.199263436905989423e+06 -5.656846114611312514e+05 -3.592460148614259087e+05 7.230714021118999517e+04 1.371567229632019007e+05 4.763792855735842750e+04 1.678258641213438823e+05 3.040824677325491393e+03 -8.437480506085279922e+04 5.167273544805811718e+06 2.810151429230454378e+06 1.005769775983481901e+06 -3.048996380892200395e+05 1.537687247812533169e+05 5.929135616198604112e+04 1.461219654056461295e+06 4.254098210173782427e+05 -1.455701345396867546e+05
6.545923468270793092e+05 -3.763622434527737205e+05 1.233302664018596988e+05 1.496133499206198903e+05 -1.068747479409616208e+05 5.080361287506382359e+04 2.580455623328789079e+05 -1.058230147449837241e+05 5.129149487642535678e+04 -8.178601879644607834e+04 -1.709487115694910754e+06 1.305051787075315224e+05 -2.589260613699988171e+05 1.406402150164661871e+05 3.986386331167122116e+05 4.254098210173782427e+05 1.168134337469848106e+06 2.392817381691668998e+05
-1.226952790389203619e+04 -1.075056129591763252e+06 6.369151463963693241e+05 3.958605171303470270e+05 2.513020114750535868e+05 -1.643461570468403443e+04 -5.201141412248244160e+04 2.002903783127000861e+04 1.202718971239017264e+05 8.821445749760252656e+05 -1.549939325384309283e+06 -1.465378503659055568e+06 -1.016663731194056571e+06 -4.792396300739517901e+05 -2.941117936121238745e+05 -1.455701345396867546e+05 2.392817381691668998e+05 6.824567896255332744e+05
