# lambda=0.18883493641825722
3.102517657291973755e+07 1.216621249095398001e+07 2.324909173306782730e+06 -1.454983812233411474e+06 1.233167798165311106e+06 -7.706882354450813727e+04 -1.641839867676849244e+05 2.911243175052179868e+04 -1.346521449783750868e+05 3.238865014649894461e+07 1.436598645323210582e+07 -6.282088998461939394e+06 4.952593182679476449e+05 1.011509269970680703e+06 -8.479680241690342082e+05 2.144555090377435845e+05 1.135583082418132806e+06 -5.053948871716288850e+05
1.216621249095398001e+07 1.871951323437570035e+07 3.935827371971789398e+05 -1.611238020284835948e+06 7.971830680189367558e+04 -3.022312256373057025e+05 -3.976810921981445281e+05 -3.530921023241289658e+05 -1.496277520589180058e+05 1.244328831463343091e+07 6.141553351914153434e+06 -1.653853750988041051e+06 2.870984161354032811e+06 -1.486513974325836170e+06 -2.473465165261864662e+06 -7.129653198243719526e+05 -3.204964609883881058e+05 -1.886837976291742234e+05
2.324909173306782730e+06 3.935827371971789398e+05 4.251185024266055785e+06 7.859230093113451730e+05 3.596123744424940087e+05 3.031549413246714976e+05 2.534597368051486774e+04 3.290930476322913892e+05 -1.503629468082737876e+05 7.023648861839883961e+06 -3.730936975619832985e+06 -1.643641842740635155e+06 2.959423415144037572e+05 1.782481147795550525e+06 2.674197832346489886e+05 4.471250005096329551e+04 4.089783041341058561e+05 1.647162176043319414e+04
-1.454983812233411474e+06 -1.611238020284835948e+06 7.859230093113451730e+05 2.165802747384317685e+06 6.697210003829813795e+05 1.974514295628982654e+05 2.884841498818625114e+05 2.869805274427604163e+05 8.299705895853374386e+04 -8.870501286644934444e+05 -5.365538817158354446e+06 9.478214604832087643e+05 2.277660386603823397e+06 1.818841951815176988e+06 8.643329079584791325e+05 6.926750179025501711e+05 1.814692027405297849e+05 5.464509262380178552e+04
1.233167798165311106e+06 7.971830680189367558e+04 3.596123744424940087e+05 6.697210003829813795e+05 7.721527768941735849e+05 1.397596999744523782e+05 2.566509210805667099e+05 1.285260591420667915e+05 5.663347451888836076e+04 2.678374741420391016e+06 -8.734428974922482157e+05 8.556182499011576874e+05 1.051554516964014154e+06 1.373154924992096378e+06 7.358960832618660061e+05 2.557294155930950656e+05 -2.961751782912360795e+03 8.175866321905748919e+04
-7.706882354450813727e+04 -3.022312256373057025e+05 3.031549413246714976e+05 1.974514295628982654e+05 1.397596999744523782e+05 3.582339438839390641e+05 1.638261122564153629e+05 -2.982359812170904843e+04 8.189500898673151096e+04 4.202327647062609321e+05 5.619094590185456764e+04 6.019974973127655539e+04 4.456713421757284959e+04 1.738206175213933238e+04 2.330897696685335250e+05 2.496857943507699820e+05 -5.394953200422223017e+04 1.678530266621866904e+05
-1.641839867676849244e+05 -3.976810921981445281e+05 2.534597368051486774e+04 2.884841498818625114e+05 2.566509210805667099e+05 1.638261122564153629e+05 4.958237877526145312e+05 1.426248410488030640e+05 6.110462685761618195e+04 -2.216185286723669618e+06 -9.874230697026386624e+05 6.433977634595215786e+05 4.284467554487683810e+05 4.791277689930501510e+05 5.758196994427888421e+05 4.521388657012879848e+05 4.304910494395354181e+04 5.384914037208705122e+04
2.911243175052179868e+04 -3.530921023241289658e+05 3.290930476322913892e+05 2.869805274427604163e+05 1.285260591420667915e+05 -2.982359812170904843e+04 1.426248410488030640e+05 2.603758479520433466e+05 -5.885715999347875368e+03 -1.213044144357926678e+06 -4.604100342177152052e+05 -1.125018368875903252e+05 5.866475664693426806e+05 4.695807496983608580e+05 3.199348782091556932e+05 8.496659870657352440e+04 6.500349648569592682e+04 -7.617770260552728723e+04
-1.346521449783750868e+05 -1.496277520589180058e+05 -1.503629468082737876e+05 8.299705895853374386e+04 5.663347451888836076e+04 8.189500898673151096e+04 6.110462685761618195e+04 -5.885715999347875368e+03 5.297033672380082135e+04 -7.704827562701898860e+05 -2.602245764650950514e+04 -1.064690025072832796e+05 1.133268462734609639e+05 6.085537420896069307e+03 1.916613392617323552e+05 1.094169947627783695e+05 -1.730926295422511248e+04 6.333745631137312739e+04
3.238865014649894461e+07 1.244328831463343091e+07 7.023648861839883961e+06 -8.870501286644934444e+05 2.678374741420391016e+06 4.202327647062609321e+05 -2.216185286723669618e+06 -1.213044144357926678e+06 -7.704827562701898860e+05 2.211382137214200199e+08 -2.229748247623934224e+07 -1.911481561789550632e+07 -6.994304528592034243e+06 1.798507555215199478e+06 -9.141559958519604057e+06 -2.577759570314245764e+06 -1.937904154336577049e+06 2.304744074409411289e+06
1.436598645323210582e+07 6.141553351914153434e+06 -3.730936975619832985e+06 -5.365538817158354446e+06 -8.734428974922482157e+05 5.619094590185456764e+04 -9.874230697026386624e+05 -4.604100342177152052e+05 -2.602245764650950514e+04 -2.229748247623934224e+07 7.489629675736401975e+07 4.782504240755187348e+06 4.294612538500632159e+06 -2.833065623826751835e+05 -5.876936674364949577e+05 -9.337541335610185051e+05 1.217938286863423418e+06 -1.561970357964094263e+06
-6.282088998461939394e+06 -1.653853750988041051e+06 -1.643641842740635155e+06 9.478214604832087643e+05 8.556182499011576874e+05 6.019974973127655539e+04 6.433977634595215786e+05 -1.125018368875903252e+05 -1.064690025072832796e+05 -1.911481561789550632e+07 4.782504240755187348e+06 2.017357985269414634e+07 1.923660311398091726e+06 2.081384049257170409e+06 1.224092123820184497e+05 8.004475714639226208e+05 -2.714804704430545680e+05 -1.003009278519801213e+06
4.952593182679476449e+05 2.870984161354032811e+06 2.959423415144037572e+05 2.277660386603823397e+06 1.051554516964014154e+06 4.456713421757284959e+04 4.284467554487683810e+05 5.866475664693426806e+05 1.133268462734609639e+05 -6.994304528592034243e+06 4.294612538500632159e+06 1.923660311398091726e+06 1.035931873090760969e+07 3.758197122748024296e+06 1.696940271969719324e+06 1.106062898847267963e+06 1.877240182660543069e+05 2.454267723693490261e+05
1.011509269970680703e+06 -1.486513974325836170e+06 1.782481147795550525e+06 1.818841951815176988e+06 1.373154924992096378e+06 1.738206175213933238e+04 4.791277689930501510e+05 4.695807496983608580e+05 6.085537420896069307e+03 1.798507555215199478e+06 -2.833065623826751835e+05 2.081384049257170409e+06 3.758197122748024296e+06 6.062459840088216588e+06 2.949714596803824883e+06 1.516263741442570696e+06 6.564222421290224884e+05 -5.132082600576488039e+04
-8.479680241690342082e+05 -2.473465165261864662e+06 2.674197832346489886e+05 8.643329079584791325e+05 7.358960832618660061e+05 2.330897696685335250e+05 5.758196994427888421e+05 3.199348782091556932e+05 1.916613392617323552e+05 -9.141559958519604057e+06 -5.876936674364949577e+05 1.224092123820184497e+05 1.696940271969719324e+06 2.949714596803824883e+06 4.245217984210667200e+06 1.508851552106627729e+06 3.629152232140585547e+05 -7.858836652269869228e+04
2.144555090377435845e+05 -7.129653198243719526e+05 4.471250005096329551e+04 6.926750179025501711e+05 2.557294155930950656e+05 2.496857943507699820e+05 4.521388657012879848e+05 8.496659870657352440e+04 1.094169947627783695e+05 -2.577759570314245764e+06 -9.337541335610185051e+05 8.004475714639226208e+05 1.106062898847267963e+06 1.516263741442570696e+06 1.508851552106627729e+06 1.492150116052109050e+06 3.095844521587229101e+05 6.714764948642466334e+04
1.135583082418132806e+06 -3.204964609883881058e+05 4.089783041341058561e+05 1.814692027405297849e+05 -2.961751782912360795e+03 -5.394953200422223017e+04 4.304910494395354181e+04 6.500349648569592682e+04 -1.730926295422511248e+04 -1.937904154336577049e+06 1.217938286863423418e+06 -2.714804704430545680e+05 1.877240182660543069e+05 6.564222421290224884e+05 3.629152232140585547e+05 3.095844521587229101e+05 7.853275649709159043e+05 -1.707310865307554195e+04
-5.053948871716288850e+05 -1.886837976291742234e+05 1.647162176043319414e+04 5.464509262380178552e+04 8.175866321905748919e+04 1.678530266621866904e+05 5.384914037208705122e+04 -7.617770260552728723e+04 6.333745631137312739e+04 2.304744074409411289e+06 -1.561970357964094263e+06 -1.003009278519801213e+06 2.454267723693490261e+05 -5.132082600576488039e+04 -7.858836652269869228e+04 6.714764948642466334e+04 -1.707310865307554195e+04 3.939818620424821856e+05
