# lambda=0.17335648675536128
4.607071361097400635e+07 5.263292904001738876e+06 1.070863883141058497e+06 -6.831848040140558733e+05 4.500051233764476492e+05 4.926657328393306816e+05 2.774370996565641835e+05 3.127176309549390571e+05 -1.120413474045706243e+05 -3.012775274292583112e+06 -5.471286067354689352e+06 -2.434678979012970813e+06 -4.551180453887926997e+05 -2.740271690777116921e+06 -2.012513435799558414e+06 1.120386896305794595e+06 -7.642367835491336882e+05 -2.238017131971540861e+06
5.263292904001738876e+06 1.494595298875187710e+07 1.246436888747647870e+06 8.021730642742468626e+04 -1.063511622432272648e+06 -6.561495366143833962e+04 -3.641131790976165212e+05 1.459490233848847993e+03 2.106767133818689326e+05 -1.744242745061565936e+07 -9.979212867837343365e+05 3.760991660462476779e+06 -5.309529120942200534e+05 -8.843864407856643666e+05 4.909310803147328552e+05 1.037262517366326763e+06 1.301429357212325558e+06 -9.841081034007088747e+05
1.070863883141058497e+06 1.246436888747647870e+06 2.565960812506457325e+06 1.796551996609033376e+05 3.158832999940537266e+05 1.156110177630382532e+05 -3.092917452130614765e+04 7.831990099761272722e+04 3.866711793517958722e+04 -4.711997535197084770e+06 1.239245125102690654e+06 2.007168814271397423e+06 -8.332984527534351218e+05 1.023594927876082220e+05 3.956190966333862161e+05 9.087489045585661370e+04 1.459536931964805408e+05 9.493017482919455506e+04
-6.831848040140558733e+05 8.021730642742468626e+04 1.796551996609033376e+05 1.316052996765922289e+06 3.625785824436754920e+05 -7.837983487027740921e+03 -1.034821534070710622e+05 -8.889862752963083040e+04 -1.888300555428258667e+04 -1.742887702607827727e+06 -1.182538382588653360e+06 -1.569071915451778332e+05 1.211118158894270658e+06 5.043717751202472718e+05 8.146335679212450050e+05 -2.439975015216478787e+05 -6.880863363577007840e+04 2.053679397282316932e+05
4.500051233764476492e+05 -1.063511622432272648e+06 3.158832999940537266e+05 3.625785824436754920e+05 5.016194170006274362e+05 4.620523077210019983e+04 6.543743286423573591e+04 3.884269487585665047e+03 -4.884236853797090589e+04 9.431852179423093330e+05 -2.372373688745148829e+05 -1.558841723911005247e+05 5.266587480551479384e+05 4.715259880522558233e+05 1.598138973881767888e+05 -4.480589889071174548e+04 -1.712250731955881929e+05 7.438825140404912236e+04
4.926657328393306816e+05 -6.561495366143833962e+04 1.156110177630382532e+05 -7.837983487027740921e+03 4.620523077210019983e+04 4.017947295551567804e+05 5.237127467423361668e+04 3.216325621206607320e+04 -1.175988690080482957e+04 -1.557529591662843246e+06 -2.303957404537370894e+06 8.092668621344112325e+05 4.658054637879636721e+05 5.121997407789493445e+04 1.907812516360390291e+05 9.307146772927687562e+04 1.055101446179641789e+05 1.102787676719983574e+04
2.774370996565641835e+05 -3.641131790976165212e+05 -3.092917452130614765e+04 -1.034821534070710622e+05 6.543743286423573591e+04 5.237127467423361668e+04 2.206494197874670208e+05 -4.522865330798276773e+03 -3.466263201210796251e+04 1.121763379977167118e+06 -1.046980563561347197e+06 -1.209768836631416052e+05 -3.051136567226093393e+04 -4.476013797000502382e+04 1.009496576729764638e+05 1.662640185252984811e+05 6.171164094077832851e+04 4.197277753337275499e+03
3.127176309549390571e+05 1.459490233848847993e+03 7.831990099761272722e+04 -8.889862752963083040e+04 3.884269487585665047e+03 3.216325621206607320e+04 -4.522865330798276773e+03 1.009336159932494484e+05 -4.922628760778722608e+03 5.789131599078759318e+05 6.275043296648403339e+04 9.045474500597406586e+04 -2.813885875753274886e+05 -9.176532419586472679e+04 -8.158970812803960871e+04 6.491329275829027756e+04 1.960629475220873792e+04 -8.252186415987383225e+04
-1.120413474045706243e+05 2.106767133818689326e+05 3.866711793517958722e+04 -1.888300555428258667e+04 -4.884236853797090589e+04 -1.175988690080482957e+04 -3.466263201210796251e+04 -4.922628760778722608e+03 6.804512600445425778e+04 5.446481250580394408e+05 5.151213944894338492e+05 -1.483880536416618452e+04 1.024445062398828122e+04 -1.295776749426106689e+05 5.288695506209742598e+04 3.811856513879914928e+03 1.173878031454321754e+05 1.450407223060593969e+04
-3.012775274292583112e+06 -1.744242745061565936e+07 -4.711997535197084770e+06 -1.742887702607827727e+06 9.431852179423093330e+05 -1.557529591662843246e+06 1.121763379977167118e+06 5.789131599078759318e+05 5.446481250580394408e+05 1.357885164615834653e+08 1.046283981220890395e+07 -4.631601596552021801e+06 -2.723744832961760461e+06 -3.226771453815261833e+06 5.033665224635380320e+06 8.556375144090570975e+05 1.917810323918998707e+06 -3.078646526783730835e+06
-5.471286067354689352e+06 -9.979212867837343365e+05 1.239245125102690654e+06 -1.182538382588653360e+06 -2.372373688745148829e+05 -2.303957404537370894e+06 -1.046980563561347197e+06 6.275043296648403339e+04 5.151213944894338492e+05 1.046283981220890395e+07 5.010318016091857851e+07 -5.317024671038256027e+06 -5.898029204888876528e+06 4.068726674710786901e+06 -9.046177933868255059e+04 1.152177330501266260e+05 4.887201420862043742e+05 6.289395288152979920e+05
-2.434678979012970813e+06 3.760991660462476779e+06 2.007168814271397423e+06 -1.569071915451778332e+05 -1.558841723911005247e+05 8.092668621344112325e+05 -1.209768836631416052e+05 9.045474500597406586e+04 -1.483880536416618452e+04 -4.631601596552021801e+06 -5.317024671038256027e+06 1.953055818254220486e+07 -4.978437398141382728e+05 -1.079022535396088206e+05 2.521207246686356608e+06 9.208541710603060201e+05 1.674430236387376674e+06 1.384539280752756458e+05
-4.551180453887926997e+05 -5.309529120942200534e+05 -8.332984527534351218e+05 1.211118158894270658e+06 5.266587480551479384e+05 4.658054637879636721e+05 -3.051136567226093393e+04 -2.813885875753274886e+05 1.024445062398828122e+04 -2.723744832961760461e+06 -5.898029204888876528e+06 -4.978437398141382728e+05 4.898114439553501084e+06 1.162181815025476739e+06 1.216716308271700982e+06 -6.508368188285848009e+04 2.073532385018591012e+05 2.817570473815039732e+05
-2.740271690777116921e+06 -8.843864407856643666e+05 1.023594927876082220e+05 5.043717751202472718e+05 4.715259880522558233e+05 5.121997407789493445e+04 -4.476013797000502382e+04 -9.176532419586472679e+04 -1.295776749426106689e+05 -3.226771453815261833e+06 4.068726674710786901e+06 -1.079022535396088206e+05 1.162181815025476739e+06 2.553676867161861155e+06 8.541849207973370794e+05 -1.491774864922903726e+04 -3.078688709922757698e+05 2.578893230417220911e+05
-2.012513435799558414e+06 4.909310803147328552e+05 3.956190966333862161e+05 8.146335679212450050e+05 1.598138973881767888e+05 1.907812516360390291e+05 1.009496576729764638e+05 -8.158970812803960871e+04 5.288695506209742598e+04 5.033665224635380320e+06 -9.046177933868255059e+04 2.521207246686356608e+06 1.216716308271700982e+06 8.541849207973370794e+05 2.651376855388312601e+06 4.062314787323050550e+05 1.058883584309585392e+06 8.352288760344649199e+04
1.120386896305794595e+06 1.037262517366326763e+06 9.087489045585661370e+04 -2.439975015216478787e+05 -4.480589889071174548e+04 9.307146772927687562e+04 1.662640185252984811e+05 6.491329275829027756e+04 3.811856513879914928e+03 8.556375144090570975e+05 1.152177330501266260e+05 9.208541710603060201e+05 -6.508368188285848009e+04 -1.491774864922903726e+04 4.062314787323050550e+05 5.703711730151224183e+05 4.938147733538802713e+05 -1.930761948056821129e+05
-7.642367835491336882e+05 1.301429357212325558e+06 1.459536931964805408e+05 -6.880863363577007840e+04 -1.712250731955881929e+05 1.055101446179641789e+05 6.171164094077832851e+04 1.960629475220873792e+04 1.173878031454321754e+05 1.917810323918998707e+06 4.887201420862043742e+05 1.674430236387376674e+06 2.073532385018591012e+05 -3.078688709922757698e+05 1.058883584309585392e+06 4.938147733538802713e+05 1.277478017320124200e+06 1.909795659185748082e+05
-2.238017131971540861e+06 -9.841081034007088747e+05 9.493017482919455506e+04 2.053679397282316932e+05 7.438825140404912236e+04 1.102787676719983574e+04 4.197277753337275499e+03 -8.252186415987383225e+04 1.450407223060593969e+04 -3.078646526783730835e+06 6.289395288152979920e+05 1.384539280752756458e+05 2.817570473815039732e+05 2.578893230417220911e+05 8.352288760344649199e+04 -1.930761948056821129e+05 1.909795659185748082e+05 7.213412161974066403e+05
