# lambda=0.16878721870142677
3.241782967146633938e+07 1.124669684334592428e+06 3.544104668469323660e+05 2.785694823045501253e+05 -4.403213389625696436e+04 4.297604962826683768e+05 1.058147758846904180e+05 3.591444612765596048e+03 -2.204864425745769986e+05 2.900916705299298093e+07 1.486726567133453861e+07 -7.031752590175524354e+06 9.599517278316095471e+06 3.665441797797373962e+06 -8.522521797050331952e+05 -9.964756168671989581e+05 3.719941260473401635e+05 4.327233286512881168e+05
1.124669684334592428e+06 1.410104552885296009e+07 9.580077836170734372e+05 9.658243198784330161e+05 1.535680251171102645e+04 3.486368674954292364e+05 3.445079162059544469e+05 1.419827231780800794e+05 -1.494714750238923298e+05 -1.774867443913406692e+06 1.095146539664621837e+07 -3.685469947879564017e+06 -2.785782370078227017e+06 8.528760954372669803e+05 1.228617028020564234e+06 -1.114595457447171444e+06 -4.103495184296368388e+05 -6.053157208219687454e+05
3.544104668469323660e+05 9.580077836170734372e+05 3.366848379179681651e+06 3.024664421731783077e+05 -3.852612354587593582e+05 -3.727252183830193244e+05 -1.098798512097672647e+05 1.165481146005312767e+05 -1.152980034437413560e+05 -6.347141726332001388e+06 2.750291870648114011e+06 -4.652899460030477494e+05 -1.581241850624236511e+06 -2.779912093849297380e+05 3.385369998985555139e+05 -3.457791353446644644e+04 -3.285724280567136593e+05 -2.126449876891194726e+05
2.785694823045501253e+05 9.658243198784330161e+05 3.024664421731783077e+05 1.368500963871705579e+06 -1.204222057497478381e+05 2.070316415082718304e+05 -3.507656010421609244e+04 2.095520198621557938e+04 1.001717985793501248e+04 -3.005190383611380123e+06 3.798643114096040372e+05 -6.445656870273760287e+05 -4.784760761352516711e+05 1.530679905049636727e+05 4.185054298447486362e+05 2.839518519167521736e+05 -7.330974231866456103e+04 -2.062829032980940974e+04
-4.403213389625696436e+04 1.535680251171102645e+04 -3.852612354587593582e+05 -1.204222057497478381e+05 4.778283816179186688e+05 -6.434100866250362014e+04 -5.235262695835506020e+04 -2.619665222207852639e+04 3.259028865756379673e+04 3.186823344186346978e+06 -9.006232405513465637e+05 -1.417524867424476251e+05 -2.527322174016298959e+05 -5.775598729214372579e+05 -5.348287834805808961e+05 -1.956928676179837785e+05 -3.910007399859735870e+03 -9.324511981819017819e+03
4.297604962826683768e+05 3.486368674954292364e+05 -3.727252183830193244e+05 2.070316415082718304e+05 -6.434100866250362014e+04 4.149311946952161961e+05 1.137344057172999892e+05 4.493658706589152280e+04 5.480152832766627398e+04 -1.328904123608102323e+06 6.407197854087406304e+05 -7.468850312665308593e+05 5.272155402840302559e+05 3.917151580976271071e+05 3.373304471696391702e+05 8.336355891849817999e+04 1.286161301509217737e+05 4.149769430448263302e+04
1.058147758846904180e+05 3.445079162059544469e+05 -1.098798512097672647e+05 -3.507656010421609244e+04 -5.235262695835506020e+04 1.137344057172999892e+05 2.506995853910413571e+05 3.644085795010688162e+04 -3.269913413398506236e+04 -1.221423225815875689e+06 -2.165254834828460298e+05 -5.143870050044450909e+05 1.453111804802083861e+04 1.488591477399322903e+05 1.319657573150900134e+05 8.077537213746923953e+04 -2.492243171129501036e+02 1.416376535133121943e+05
3.591444612765596048e+03 1.419827231780800794e+05 1.165481146005312767e+05 2.095520198621557938e+04 -2.619665222207852639e+04 4.493658706589152280e+04 3.644085795010688162e+04 1.425647251696949243e+05 1.704502480069013109e+04 8.529967602453423897e+05 -2.874744880579162273e+05 -4.916057295207502902e+05 -2.204398747447171481e+05 8.711310046151134884e+04 1.826521493893611769e+05 -1.388616160076605775e+04 3.934931643371269456e+04 6.171587361304125079e+04
-2.204864425745769986e+05 -1.494714750238923298e+05 -1.152980034437413560e+05 1.001717985793501248e+04 3.259028865756379673e+04 5.480152832766627398e+04 -3.269913413398506236e+04 1.704502480069013109e+04 8.258752169758152741e+04 3.293387232346807286e+04 -7.111423921796339564e+05 -1.037490156272598833e+05 -5.280723779663146706e+04 -1.377498424719786854e+05 -1.532696912332837564e+04 -1.645468507396506029e+05 4.866033337519954512e+04 2.500607314382401091e+04
2.900916705299298093e+07 -1.774867443913406692e+06 -6.347141726332001388e+06 -3.005190383611380123e+06 3.186823344186346978e+06 -1.328904123608102323e+06 -1.221423225815875689e+06 8.529967602453423897e+05 3.293387232346807286e+04 2.126027031434592903e+08 2.564787845048543811e+07 3.175863951123625040e+06 2.008409084280361608e+07 -8.992824867245752364e+06 2.527528065651940706e+05 -1.054675988233345561e+06 6.961712756894119084e+05 3.943617051869863644e+06
1.486726567133453861e+07 1.095146539664621837e+07 2.750291870648114011e+06 3.798643114096040372e+05 -9.006232405513465637e+05 6.407197854087406304e+05 -2.165254834828460298e+05 -2.874744880579162273e+05 -7.111423921796339564e+05 2.564787845048543811e+07 5.270732511663322896e+07 -3.427219709846858401e+06 1.109469992661793716e+07 3.547307949990834575e+06 3.343033207484217826e+06 1.490753396431324771e+06 1.447612116516400361e+06 -4.308589363005821360e+05
-7.031752590175524354e+06 -3.685469947879564017e+06 -4.652899460030477494e+05 -6.445656870273760287e+05 -1.417524867424476251e+05 -7.468850312665308593e+05 -5.143870050044450909e+05 -4.916057295207502902e+05 -1.037490156272598833e+05 3.175863951123625040e+06 -3.427219709846858401e+06 2.154751289678372815e+07 5.999045759025648236e+06 6.324966417913868790e+05 2.709432012543117162e+06 7.882384136706896825e+05 -1.129270497911989456e+06 9.117573132751951925e+05
9.599517278316095471e+06 -2.785782370078227017e+06 -1.581241850624236511e+06 -4.784760761352516711e+05 -2.527322174016298959e+05 5.272155402840302559e+05 1.453111804802083861e+04 -2.204398747447171481e+05 -5.280723779663146706e+04 2.008409084280361608e+07 1.109469992661793716e+07 5.999045759025648236e+06 1.100921601164953783e+07 2.294984370068325661e+06 1.930214939324295847e+06 3.302626907182771829e+05 6.693505834924012888e+05 1.061283531832673820e+06
3.665441797797373962e+06 8.528760954372669803e+05 -2.779912093849297380e+05 1.530679905049636727e+05 -5.775598729214372579e+05 3.917151580976271071e+05 1.488591477399322903e+05 8.711310046151134884e+04 -1.377498424719786854e+05 -8.992824867245752364e+06 3.547307949990834575e+06 6.324966417913868790e+05 2.294984370068325661e+06 4.178130646764200646e+06 1.717540242687289137e+06 4.626299424024348264e+05 1.138478272266308049e+05 -2.300203278720489179e+05
-8.522521797050331952e+05 1.228617028020564234e+06 3.385369998985555139e+05 4.185054298447486362e+05 -5.348287834805808961e+05 3.373304471696391702e+05 1.319657573150900134e+05 1.826521493893611769e+05 -1.532696912332837564e+04 2.527528065651940706e+05 3.343033207484217826e+06 2.709432012543117162e+06 1.930214939324295847e+06 1.717540242687289137e+06 3.234894731097259093e+06 3.461162766777992365e+05 -1.714269956690978433e+05 1.618503643352431827e+05
-9.964756168671989581e+05 -1.114595457447171444e+06 -3.457791353446644644e+04 2.839518519167521736e+05 -1.956928676179837785e+05 8.336355891849817999e+04 8.077537213746923953e+04 -1.388616160076605775e+04 -1.645468507396506029e+05 -1.054675988233345561e+06 1.490753396431324771e+06 7.882384136706896825e+05 3.302626907182771829e+05 4.626299424024348264e+05 3.461162766777992365e+05 1.367111391505515203e+06 1.478896128982189111e+05 -2.183813516680647081e+04
3.719941260473401635e+05 -4.103495184296368388e+05 -3.285724280567136593e+05 -7.330974231866456103e+04 -3.910007399859735870e+03 1.286161301509217737e+05 -2.492243171129501036e+02 3.934931643371269456e+04 4.866033337519954512e+04 6.961712756894119084e+05 1.447612116516400361e+06 -1.129270497911989456e+06 6.693505834924012888e+05 1.138478272266308049e+05 -1.714269956690978433e+05 1.478896128982189111e+05 7.055638654139220016e+05 9.010234160729064024e+04
4.327233286512881168e+05 -6.053157208219687454e+05 -2.126449876891194726e+05 -2.062829032980940974e+04 -9.324511981819017819e+03 4.149769430448263302e+04 1.416376535133121943e+05 6.171587361304125079e+04 2.500607314382401091e+04 3.943617051869863644e+06 -4.308589363005821360e+05 9.117573132751951925e+05 1.061283531832673820e+06 -2.300203278720489179e+05 1.618503643352431827e+05 -2.183813516680647081e+04 9.010234160729064024e+04 4.751413389661129331e+05
