# lambda=0.15341442460844304
4.225335522093174607e+07 9.565331205784985796e+06 9.325171445808416465e+05 1.471574694397193845e+06 1.709300616198883217e+05 -4.050961694983779453e+05 8.570148976127536735e+05 -7.868919438452101895e+04 4.607545941632046015e+05 -1.338709940280747227e+07 1.211847035194481723e+07 2.795998580329979304e+06 2.436428204442728311e+05 -6.487475872108682990e+06 -1.933073358020204760e+05 2.338901158007503487e+06 1.589971627620040439e+06 -3.707332996838389663e+05
9.565331205784985796e+06 9.806474322738517076e+06 1.361307038872578880e+06 8.691887395069976337e+05 4.121677589663781691e+05 3.743108027882513124e+05 5.581983310638217954e+05 5.379419836336185690e+05 5.279356689873514697e+05 -3.880758265627106186e+06 8.162819234755733050e+06 2.005504199694203911e+06 -2.091594982376395958e+06 1.513262471032005269e+05 4.431810593322495115e+05 1.108630093100793427e+06 4.560476092191155767e+05 -9.463287892297364306e+04
9.325171445808416465e+05 1.361307038872578880e+06 4.174940426720563322e+06 7.434447317611842882e+05 -5.089620887400549691e+04 4.554787892023688619e+04 4.232702029301594011e+05 2.652225697745056095e+04 1.018280733821830945e+05 1.092979817991469987e+07 5.551285856923264451e+06 4.510637488619231619e+06 2.690920161131196073e+05 -8.338187911239328096e+05 -6.635602355639925227e+05 -3.385794019594833371e+05 -3.636302622740234365e+05 1.058028292734182323e+05
1.471574694397193845e+06 8.691887395069976337e+05 7.434447317611842882e+05 1.308372153602289269e+06 2.798037535406098468e+05 1.161155608210340579e+05 8.458561324170714943e+04 3.384486487153403141e+04 7.692341851311834762e+04 4.626424637599804439e+06 3.685795221874532755e+06 5.667041859149518423e+05 1.073718048744237749e+06 3.175280255379540613e+05 3.069502778014364885e+05 3.644479842993394122e+05 -1.348402661360101192e+05 1.770974796849558479e+05
1.709300616198883217e+05 4.121677589663781691e+05 -5.089620887400549691e+04 2.798037535406098468e+05 7.998040740174127277e+05 2.160706827064323006e+05 -9.171740378603753925e+04 -3.481173953685266315e+04 3.912438910307765036e+04 -1.238668460023369174e+06 6.194373619463292416e+05 -1.212045146972183284e+05 -4.772183481567955459e+05 8.019150265705481870e+05 -3.849871729753385443e+04 -3.452487189169191988e+05 1.326154495026411314e+05 2.543893403651099943e+05
-4.050961694983779453e+05 3.743108027882513124e+05 4.554787892023688619e+04 1.161155608210340579e+05 2.160706827064323006e+05 5.888468381952339550e+05 1.028021184364278452e+04 -1.903772798923646042e+04 2.531211192373661834e+04 4.135972275617440231e+06 2.989706998548633419e+06 -6.249196140611576848e+05 -5.321024620355836814e+05 1.422071782347121043e+05 4.387220744932774105e+05 7.835718727284470515e+04 -2.467006649293648952e+05 -7.470470306612510467e+04
8.570148976127536735e+05 5.581983310638217954e+05 4.232702029301594011e+05 8.458561324170714943e+04 -9.171740378603753925e+04 1.028021184364278452e+04 2.501735718483773817e+05 1.072106911790940358e+05 2.095178520780985491e+04 6.254298677415131824e+05 2.395895900552468956e+05 8.343793583768827375e+04 -6.986211463564180303e+04 -1.412369990783609101e+05 -1.667804027750807290e+05 1.933346187005192623e+05 9.845917053384082101e+04 -3.404827240066258582e+03
-7.868919438452101895e+04 5.379419836336185690e+05 2.652225697745056095e+04 3.384486487153403141e+04 -3.481173953685266315e+04 -1.903772798923646042e+04 1.072106911790940358e+05 1.976891851488953689e+05 7.464262666450247343e+04 -1.538053534091686597e+05 -4.800877458183849812e+05 6.782896534473379143e+05 4.204840661689771514e+04 3.338188164960200083e+05 2.008225436365827045e+04 2.824237617273107753e+05 1.825177444249023392e+05 -3.473877615774393780e+04
4.607545941632046015e+05 5.279356689873514697e+05 1.018280733821830945e+05 7.692341851311834762e+04 3.912438910307765036e+04 2.531211192373661834e+04 2.095178520780985491e+04 7.464262666450247343e+04 8.586928924159852613e+04 4.545356094405785552e+05 7.356118293170530524e+04 7.144645943601811305e+05 -2.140868526603655191e+05 1.279990094114470994e+05 1.119763574041543179e+05 1.517804322843927948e+05 4.019601569661711255e+04 -3.510417859827445500e+04
-1.338709940280747227e+07 -3.880758265627106186e+06 1.092979817991469987e+07 4.626424637599804439e+06 -1.238668460023369174e+06 4.135972275617440231e+06 6.254298677415131824e+05 -1.538053534091686597e+05 4.545356094405785552e+05 1.693526395810559094e+08 5.116061593568227440e+07 3.917117444894983433e+06 -1.513617819228920620e+06 -8.990452680620122701e+06 3.099833631850794889e+06 -8.247530920857777819e+05 -5.682754498587766662e+06 -1.755512231050808914e+06
1.211847035194481723e+07 8.162819234755733050e+06 5.551285856923264451e+06 3.685795221874532755e+06 6.194373619463292416e+05 2.989706998548633419e+06 2.395895900552468956e+05 -4.800877458183849812e+05 7.356118293170530524e+04 5.116061593568227440e+07 7.533485511116966605e+07 -1.280661024802506343e+07 -1.908795887460208731e+06 -2.355171717551884707e+06 3.479954743822393008e+06 3.127936456750349607e+06 -1.392569351716979640e+06 -1.248709519055704121e+06
2.795998580329979304e+06 2.005504199694203911e+06 4.510637488619231619e+06 5.667041859149518423e+05 -1.212045146972183284e+05 -6.249196140611576848e+05 8.343793583768827375e+04 6.782896534473379143e+05 7.144645943601811305e+05 3.917117444894983433e+06 -1.280661024802506343e+07 3.087532914348344877e+07 8.661804248065948486e+05 -2.010985621801265748e+06 -3.602170002024642890e+05 1.703686913455202011e+06 1.350197909050123068e+06 9.559957908246145817e+05
2.436428204442728311e+05 -2.091594982376395958e+06 2.690920161131196073e+05 1.073718048744237749e+06 -4.772183481567955459e+05 -5.321024620355836814e+05 -6.986211463564180303e+04 4.204840661689771514e+04 -2.140868526603655191e+05 -1.513617819228920620e+06 -1.908795887460208731e+06 8.661804248065948486e+05 1.077133966884327307e+07 2.277985154843875207e+06 -8.752185650057269959e+04 7.861853958814052166e+05 4.673022061778004281e+05 1.275705068715915550e+06
-6.487475872108682990e+06 1.513262471032005269e+05 -8.338187911239328096e+05 3.175280255379540613e+05 8.019150265705481870e+05 1.422071782347121043e+05 -1.412369990783609101e+05 3.338188164960200083e+05 1.279990094114470994e+05 -8.990452680620122701e+06 -2.355171717551884707e+06 -2.010985621801265748e+06 2.277985154843875207e+06 5.573452851151846349e+06 1.428666177065090742e+05 1.373015054763165826e+05 4.269802305530416779e+05 6.035174484992492944e+05
-1.933073358020204760e+05 4.431810593322495115e+05 -6.635602355639925227e+05 3.069502778014364885e+05 -3.849871729753385443e+04 4.387220744932774105e+05 -1.667804027750807290e+05 2.008225436365827045e+04 1.119763574041543179e+05 3.099833631850794889e+06 3.479954743822393008e+06 -3.602170002024642890e+05 -8.752185650057269959e+04 1.428666177065090742e+05 1.715179777743551414e+06 1.024843880189308664e+06 1.528285022834723059e+05 -2.993745977890217910e+04
2.338901158007503487e+06 1.108630093100793427e+06 -3.385794019594833371e+05 3.644479842993394122e+05 -3.452487189169191988e+05 7.835718727284470515e+04 1.933346187005192623e+05 2.824237617273107753e+05 1.517804322843927948e+05 -8.247530920857777819e+05 3.127936456750349607e+06 1.703686913455202011e+06 7.861853958814052166e+05 1.373015054763165826e+05 1.024843880189308664e+06 1.908012831521817250e+06 6.763568573049262632e+05 5.825528889396243903e+04
1.589971627620040439e+06 4.560476092191155767e+05 -3.636302622740234365e+05 -1.348402661360101192e+05 1.326154495026411314e+05 -2.467006649293648952e+05 9.845917053384082101e+04 1.825177444249023392e+05 4.019601569661711255e+04 -5.682754498587766662e+06 -1.392569351716979640e+06 1.350197909050123068e+06 4.673022061778004281e+05 4.269802305530416779e+05 1.528285022834723059e+05 6.763568573049262632e+05 1.094677289355425863e+06 3.801770078456162591e+05
-3.707332996838389663e+05 -9.463287892297364306e+04 1.058028292734182323e+05 1.770974796849558479e+05 2.543893403651099943e+05 -7.470470306612510467e+04 -3.404827240066258582e+03 -3.473877615774393780e+04 -3.510417859827445500e+04 -1.755512231050808914e+06 -1.248709519055704121e+06 9.559957908246145817e+05 1.275705068715915550e+06 6.035174484992492944e+05 -2.993745977890217910e+04 5.825528889396243903e+04 3.801770078456162591e+05 7.616001111413098406e+05
