# lambda=0.15194077140979453
3.166600909565148875e+07 -4.044160516062375158e+06 -7.397954149368373910e+05 6.230301625119241653e+05 4.643144194679439534e+05 -3.956629997439724684e+04 5.427234904690239346e+05 6.206224512597145513e+05 -2.236141664479787869e+05 7.282466981715703383e+06 -4.554300396194082685e+06 -4.561706117789666750e+05 -2.509879228013932239e+06 2.819956959960085340e+06 2.180680187110756990e+06 2.226590433715041727e+05 7.887278360267913667e+05 8.386532421472202986e+05
-4.044160516062375158e+06 1.354552778495618701e+07 2.841609719656558242e+06 -3.034602873012060445e+04 6.303111069895779947e+05 7.834000086539905751e+05 2.930184051127757994e+05 -2.457730375579250976e+05 2.952063306685547577e+05 1.753249069745019078e+07 3.125353261943946127e+06 2.058926613879159791e+06 2.101449300681266934e+06 3.154394831167448778e+06 -1.206126895189702744e+06 -5.041198689838799764e+05 -4.261465070567685179e+05 -2.652508208683616831e+05
-7.397954149368373910e+05 2.841609719656558242e+06 5.352880948995949700e+06 1.163277841270834208e+06 6.775958874906585552e+05 1.812613847831795574e+05 -6.696388757263870502e+04 -1.435891473891402129e+05 5.977287616533561959e+04 1.044998019755311683e+07 6.119813912601337070e+05 1.988530742189194134e+05 1.511787128315717448e+06 1.990765904786635889e+06 8.252130254379397957e+05 -1.038164624753704062e+06 -5.177226729312108946e+05 1.262788840707973432e+05
6.230301625119241653e+05 -3.034602873012060445e+04 1.163277841270834208e+06 2.241801937294312753e+06 -6.897920196139824111e+04 -9.081324146425416984e+04 1.473094768511044676e+05 -3.080139465105364216e+05 -3.621125118882881361e+04 1.544767746613518801e+06 -1.110586654565267498e+06 -1.793496887738075806e+06 2.496057453986375767e+05 5.594963639460955746e+05 6.083404616934567457e+05 5.519702131380565697e+05 -4.390850562411519932e+05 -1.168309215602599725e+05
4.643144194679439534e+05 6.303111069895779947e+05 6.775958874906585552e+05 -6.897920196139824111e+04 1.119198293496323749e+06 2.084351317898702400e+05 2.228903007218808343e+05 1.805626778465771640e+05 2.137931826387169131e+05 3.153582506144903135e+06 -1.985191796892708400e+06 -1.643368989248003345e+05 3.472618139640243608e+05 1.076712783717687242e+06 -3.003594467646435951e+05 -2.461363315390554199e+05 1.559311486978703178e+05 4.267918752811572631e+05
-3.956629997439724684e+04 7.834000086539905751e+05 1.812613847831795574e+05 -9.081324146425416984e+04 2.084351317898702400e+05 2.200224971390622668e+05 7.597859126366220880e+04 -3.548450525674675646e+03 4.814774619182256720e+04 1.667233300008818973e+06 -5.041533969275059644e+05 -4.202595272994068218e+05 -3.108167998957986492e+04 1.073582041293798102e+05 -1.612610955276300665e+05 -1.412557703916233731e+05 -5.081632576685264939e+04 1.593526411586978611e+03
5.427234904690239346e+05 2.930184051127757994e+05 -6.696388757263870502e+04 1.473094768511044676e+05 2.228903007218808343e+05 7.597859126366220880e+04 3.189200374111689744e+05 8.855072154777610558e+04 1.067930055052557727e+05 1.436354445788295940e+06 -1.547431973549383925e+06 -7.841916047308339330e+04 -3.149181053211638573e+04 5.314236833718469134e+05 -8.380714161064547079e+04 3.910509792674418422e+05 -1.616558877292008674e+03 3.671588191423612443e+04
6.206224512597145513e+05 -2.457730375579250976e+05 -1.435891473891402129e+05 -3.080139465105364216e+05 1.805626778465771640e+05 -3.548450525674675646e+03 8.855072154777610558e+04 2.271912634680827032e+05 8.705399482652978622e+04 2.246810450159150176e+06 -4.843668260948855313e+05 2.052213707758772362e+05 1.360878678404269522e+03 3.025787522424941999e+05 -1.813120302200353763e+04 1.264535348581859726e+05 1.548949011055397277e+05 1.609149549677979376e+05
-2.236141664479787869e+05 2.952063306685547577e+05 5.977287616533561959e+04 -3.621125118882881361e+04 2.137931826387169131e+05 4.814774619182256720e+04 1.067930055052557727e+05 8.705399482652978622e+04 1.103706986557132768e+05 8.660093194253373658e+05 -3.521096129564524163e+05 3.138745510658783605e+05 4.072631459576807683e+05 2.127563077532098396e+05 -1.289498692108709802e+05 5.848502813607799180e+04 4.569044095291385020e+04 1.682762641717854713e+05
7.282466981715703383e+06 1.753249069745019078e+07 1.044998019755311683e+07 1.544767746613518801e+06 3.153582506144903135e+06 1.667233300008818973e+06 1.436354445788295940e+06 2.246810450159150176e+06 8.660093194253373658e+05 2.332906056913476884e+08 1.605506479434465431e+07 1.763338890161271393e+07 1.405869264268227853e+06 8.100745964705715887e+06 3.207487694094382459e+05 2.339081609674497973e+06 -3.204374425533670583e+05 -1.669706543117374895e+04
-4.554300396194082685e+06 3.125353261943946127e+06 6.119813912601337070e+05 -1.110586654565267498e+06 -1.985191796892708400e+06 -5.041533969275059644e+05 -1.547431973549383925e+06 -4.843668260948855313e+05 -3.521096129564524163e+05 1.605506479434465431e+07 7.339728989301261306e+07 7.681240132526022382e+06 8.761905975604940206e+06 3.489729100601171376e+05 4.133794555463627912e+05 1.106170387868641643e+06 4.075216321185388137e+06 1.158227104523329297e+06
-4.561706117789666750e+05 2.058926613879159791e+06 1.988530742189194134e+05 -1.793496887738075806e+06 -1.643368989248003345e+05 -4.202595272994068218e+05 -7.841916047308339330e+04 2.052213707758772362e+05 3.138745510658783605e+05 1.763338890161271393e+07 7.681240132526022382e+06 2.121201310525701195e+07 7.958587631986550055e+06 -1.742627554642877541e+06 -2.860977605053988751e+06 -1.631445680278531800e+05 3.195132437937873765e+05 1.970735791013514623e+06
-2.509879228013932239e+06 2.101449300681266934e+06 1.511787128315717448e+06 2.496057453986375767e+05 3.472618139640243608e+05 -3.108167998957986492e+04 -3.149181053211638573e+04 1.360878678404269522e+03 4.072631459576807683e+05 1.405869264268227853e+06 8.761905975604940206e+06 7.958587631986550055e+06 7.929974060069285333e+06 1.428677033585298632e+05 -1.204300049932553899e+06 -4.845010626105362317e+05 6.785331355546166888e+05 1.606261392455299851e+06
2.819956959960085340e+06 3.154394831167448778e+06 1.990765904786635889e+06 5.594963639460955746e+05 1.076712783717687242e+06 1.073582041293798102e+05 5.314236833718469134e+05 3.025787522424941999e+05 2.127563077532098396e+05 8.100745964705715887e+06 3.489729100601171376e+05 -1.742627554642877541e+06 1.428677033585298632e+05 4.653586592529662885e+06 9.503955626145056449e+05 3.844860282970253611e+05 3.909049656184608466e+05 1.932723950652339845e+05
2.180680187110756990e+06 -1.206126895189702744e+06 8.252130254379397957e+05 6.083404616934567457e+05 -3.003594467646435951e+05 -1.612610955276300665e+05 -8.380714161064547079e+04 -1.813120302200353763e+04 -1.289498692108709802e+05 3.207487694094382459e+05 4.133794555463627912e+05 -2.860977605053988751e+06 -1.204300049932553899e+06 9.503955626145056449e+05 1.675843821873085108e+06 1.744317109699225402e+05 -1.000035252406418585e+05 -3.188133522872641333e+05
2.226590433715041727e+05 -5.041198689838799764e+05 -1.038164624753704062e+06 5.519702131380565697e+05 -2.461363315390554199e+05 -1.412557703916233731e+05 3.910509792674418422e+05 1.264535348581859726e+05 5.848502813607799180e+04 2.339081609674497973e+06 1.106170387868641643e+06 -1.631445680278531800e+05 -4.845010626105362317e+05 3.844860282970253611e+05 1.744317109699225402e+05 2.121467562386661302e+06 6.761622149877702759e+04 3.116119461724531138e+05
7.887278360267913667e+05 -4.261465070567685179e+05 -5.177226729312108946e+05 -4.390850562411519932e+05 1.559311486978703178e+05 -5.081632576685264939e+04 -1.616558877292008674e+03 1.548949011055397277e+05 4.569044095291385020e+04 -3.204374425533670583e+05 4.075216321185388137e+06 3.195132437937873765e+05 6.785331355546166888e+05 3.909049656184608466e+05 -1.000035252406418585e+05 6.761622149877702759e+04 8.275240114067537943e+05 2.926339187048606109e+05
8.386532421472202986e+05 -2.652508208683616831e+05 1.262788840707973432e+05 -1.168309215602599725e+05 4.267918752811572631e+05 1.593526411586978611e+03 3.671588191423612443e+04 1.609149549677979376e+05 1.682762641717854713e+05 -1.669706543117374895e+04 1.158227104523329297e+06 1.970735791013514623e+06 1.606261392455299851e+06 1.932723950652339845e+05 -3.188133522872641333e+05 3.116119461724531138e+05 2.926339187048606109e+05 1.046831783032758860e+06
