# lambda=0.1536379714041933
5.105119927690851688e+07 4.393082046188823879e+06 -5.412667863469508477e+06 1.401494947904549539e+06 8.951727977852921467e+05 -3.110730661696699681e+05 -4.033582009913581423e+05 1.001386803022226202e+06 -2.583417707544964796e+05 2.160182406268363819e+07 8.951530922044346109e+06 -7.034213055571922101e+06 3.507010533400506392e+04 -8.337379165102205006e+05 -2.444789015980640892e+06 -1.718000004961224971e+06 -4.951657161365512293e+05 -6.555878420819884632e+05
4.393082046188823879e+06 1.227996156332395039e+07 2.141124778573933989e+06 1.037872335431801504e+06 -4.611847779516355513e+04 -1.812314484676765278e+05 4.082371264750229893e+05 1.923781364539906790e+05 -1.426360389237302297e+05 1.083198593974545226e+07 1.246784558742456511e+07 4.763444311478029005e+06 -2.915506252505047712e+06 3.593721965899654315e+05 -1.211417301665538922e+06 -1.351816313399101840e+06 -1.954656753614786547e+06 1.911962410571898508e+05
-5.412667863469508477e+06 2.141124778573933989e+06 5.318950057763052173e+06 5.174926073409657110e+05 -2.855012462110929773e+05 3.266611399911756162e+05 6.796509103714510275e+04 -1.004524239406811248e+05 -5.076757721108675270e+01 1.514028130646819016e+06 1.527415540294072125e+06 4.185133632234229241e+06 -4.226872533153085387e+05 -2.332099707290908322e+06 -8.597965747432729404e+04 3.423682307826459873e+05 -3.490924108334757620e+05 -5.904208411813722923e+05
1.401494947904549539e+06 1.037872335431801504e+06 5.174926073409657110e+05 2.445157851973803714e+06 7.968844965905955760e+05 4.461428447230217280e+05 5.067527833045679290e+04 7.948761551756114932e+04 2.157624061537579837e+04 6.318799742815384641e+06 5.071155602267164737e+06 -8.468128303608081769e+05 2.066227117705054348e+06 1.837312615269026952e+06 2.062581612427086802e+05 8.508401857596474001e+05 1.857651101757329598e+05 -3.097891372236394091e+05
8.951727977852921467e+05 -4.611847779516355513e+04 -2.855012462110929773e+05 7.968844965905955760e+05 8.790028422114915447e+05 1.164716931341349555e+05 -7.914604212780659145e+04 2.800760543013774441e+04 -4.066895806298789103e+04 1.048275980382434675e+06 2.770748849638168700e+06 1.078670055993810296e+06 1.594311568881707033e+06 1.106009409390441841e+06 3.266487020663568983e+05 2.540109334976882965e+05 1.296329471469153650e+05 -2.887457649725932279e+05
-3.110730661696699681e+05 -1.812314484676765278e+05 3.266611399911756162e+05 4.461428447230217280e+05 1.164716931341349555e+05 4.557842446747234208e+05 1.096829209743320826e+04 -5.839298923554212706e+03 -3.030915749864502504e+04 3.663333609728385694e+06 -1.474690180602851033e+05 4.767851682375114178e+05 5.975692028063096805e+05 3.916631321964804374e+04 6.931149052913221567e+03 2.766385960141464602e+05 3.769549873118508840e+05 -5.544487378585935221e+04
-4.033582009913581423e+05 4.082371264750229893e+05 6.796509103714510275e+04 5.067527833045679290e+04 -7.914604212780659145e+04 1.096829209743320826e+04 2.400538766668012249e+05 1.511498117483256647e+04 -1.060706922020538877e+04 -5.753137929058152949e+05 -7.838260326501853997e+05 2.451633242713037471e+05 -2.035341759235518984e+05 -1.893826497772407020e+05 4.584480744559712184e+04 1.142608013761312031e+05 2.215752112491363732e+04 2.129637927105432609e+05
1.001386803022226202e+06 1.923781364539906790e+05 -1.004524239406811248e+05 7.948761551756114932e+04 2.800760543013774441e+04 -5.839298923554212706e+03 1.511498117483256647e+04 1.210542441736828332e+05 -1.117555347436667262e+03 1.829421226269627223e+05 2.508380266834565264e+05 -9.102129045056001632e+04 -2.173905513600221020e+05 -1.406729192931547586e+05 -2.700540236534445285e+04 2.040276756058828323e+04 7.281207843856938416e+04 4.925524764648002747e+04
-2.583417707544964796e+05 -1.426360389237302297e+05 -5.076757721108675270e+01 2.157624061537579837e+04 -4.066895806298789103e+04 -3.030915749864502504e+04 -1.060706922020538877e+04 -1.117555347436667262e+03 6.164349008343260357e+04 1.594383265592915704e+05 2.025259156960774853e+05 -2.558302809730449517e+05 -7.054329059887859330e+04 1.182413630800982173e+04 1.074432492631111090e+05 3.605715262231332599e+04 5.335341773471083798e+03 3.992028763205750147e+04
2.160182406268363819e+07 1.083198593974545226e+07 1.514028130646819016e+06 6.318799742815384641e+06 1.048275980382434675e+06 3.663333609728385694e+06 -5.753137929058152949e+05 1.829421226269627223e+05 1.594383265592915704e+05 2.002726055620431900e+08 3.173298084320104495e+07 -6.767775798149469309e+06 -4.377544112363603897e+06 -3.235004604031146970e+06 1.297610003970474238e+06 7.445424457848849706e+05 5.645059832817826420e+06 2.680365794003190938e+06
8.951530922044346109e+06 1.246784558742456511e+07 1.527415540294072125e+06 5.071155602267164737e+06 2.770748849638168700e+06 -1.474690180602851033e+05 -7.838260326501853997e+05 2.508380266834565264e+05 2.025259156960774853e+05 3.173298084320104495e+07 4.947899758848204464e+07 9.901429824596282095e+06 -1.827454837239847286e+06 3.046530332264778204e+06 -1.902379009638578864e+06 -1.735181576808036072e+06 -9.774391031405632384e+05 -2.689400828774431720e+05
-7.034213055571922101e+06 4.763444311478029005e+06 4.185133632234229241e+06 -8.468128303608081769e+05 1.078670055993810296e+06 4.767851682375114178e+05 2.451633242713037471e+05 -9.102129045056001632e+04 -2.558302809730449517e+05 -6.767775798149469309e+06 9.901429824596282095e+06 3.127333566305876523e+07 2.693892548951107077e+06 -7.579120099847369129e+05 2.079585186741933576e+05 -1.107766551866082242e+06 1.125663552195587363e+04 -3.745241971201754059e+05
3.507010533400506392e+04 -2.915506252505047712e+06 -4.226872533153085387e+05 2.066227117705054348e+06 1.594311568881707033e+06 5.975692028063096805e+05 -2.035341759235518984e+05 -2.173905513600221020e+05 -7.054329059887859330e+04 -4.377544112363603897e+06 -1.827454837239847286e+06 2.693892548951107077e+06 9.035954475526764989e+06 4.024722050746541005e+06 6.112371522256479366e+05 1.583336839732264401e+06 4.296421818100664532e+05 -1.064028947672146838e+06
-8.337379165102205006e+05 3.593721965899654315e+05 -2.332099707290908322e+06 1.837312615269026952e+06 1.106009409390441841e+06 3.916631321964804374e+04 -1.893826497772407020e+05 -1.406729192931547586e+05 1.182413630800982173e+04 -3.235004604031146970e+06 3.046530332264778204e+06 -7.579120099847369129e+05 4.024722050746541005e+06 7.702993215552313253e+06 9.464483508948261151e+05 7.368506513617426390e+05 -2.899866597087135888e+05 -5.235271014750126051e+05
-2.444789015980640892e+06 -1.211417301665538922e+06 -8.597965747432729404e+04 2.062581612427086802e+05 3.266487020663568983e+05 6.931149052913221567e+03 4.584480744559712184e+04 -2.700540236534445285e+04 1.074432492631111090e+05 1.297610003970474238e+06 -1.902379009638578864e+06 2.079585186741933576e+05 6.112371522256479366e+05 9.464483508948261151e+05 2.403720185324766673e+06 9.031199680125523591e+05 4.489115571243124432e+05 2.050940815739674727e+05
-1.718000004961224971e+06 -1.351816313399101840e+06 3.423682307826459873e+05 8.508401857596474001e+05 2.540109334976882965e+05 2.766385960141464602e+05 1.142608013761312031e+05 2.040276756058828323e+04 3.605715262231332599e+04 7.445424457848849706e+05 -1.735181576808036072e+06 -1.107766551866082242e+06 1.583336839732264401e+06 7.368506513617426390e+05 9.031199680125523591e+05 1.248320928083000937e+06 6.343266510939368745e+05 -5.041417783631157363e+04
-4.951657161365512293e+05 -1.954656753614786547e+06 -3.490924108334757620e+05 1.857651101757329598e+05 1.296329471469153650e+05 3.769549873118508840e+05 2.215752112491363732e+04 7.281207843856938416e+04 5.335341773471083798e+03 5.645059832817826420e+06 -9.774391031405632384e+05 1.125663552195587363e+04 4.296421818100664532e+05 -2.899866597087135888e+05 4.489115571243124432e+05 6.343266510939368745e+05 1.340049334160653176e+06 2.606821354150366387e+05
-6.555878420819884632e+05 1.911962410571898508e+05 -5.904208411813722923e+05 -3.097891372236394091e+05 -2.887457649725932279e+05 -5.544487378585935221e+04 2.129637927105432609e+05 4.925524764648002747e+04 3.992028763205750147e+04 2.680365794003190938e+06 -2.689400828774431720e+05 -3.745241971201754059e+05 -1.064028947672146838e+06 -5.235271014750126051e+05 2.050940815739674727e+05 -5.041417783631157363e+04 2.606821354150366387e+05 6.564909660583800869e+05
