# lambda=0.16773935560717265
4.528769481990148127e+07 1.033137136227012426e+07 -4.515455453583586961e+06 -3.162046272490921547e+05 -3.571363715072031599e+06 -2.722034004939923529e+06 8.758468677241758996e+03 -3.916926698009261745e+05 1.744008497502417013e+05 -1.666913155904573575e+07 4.931031103820527904e+06 -1.562211291006971151e+05 -4.763108969277754426e+06 -5.446356505881729536e+06 -2.552439441181482282e+06 3.040753244059132878e+06 2.877231649585283594e+04 1.843255955506828905e+05
1.033137136227012426e+07 1.874950537573129311e+07 2.569645053154310677e+06 1.314603724020783789e+06 -6.994409626380795380e+05 -3.431933753403961891e+05 -3.647051588051624130e+05 -9.768830205914752150e+04 6.349471803328150418e+04 1.118881902600824833e+07 2.075644177458115667e+07 4.998864687450390193e+05 6.330325210043379338e+05 -2.518224751494127326e+06 -6.487480577639398398e+05 1.540789876818475779e+06 5.413772388801809866e+05 8.737118124405888375e+05
-4.515455453583586961e+06 2.569645053154310677e+06 6.403301534520508721e+06 4.605208105312109110e+05 3.807025399554779287e+05 7.625918696989330056e+04 1.804005621788013086e+05 -1.950895689095717535e+04 9.265825013783569739e+04 2.550950606672171969e+06 -2.485399268850543071e+06 1.749136671516523464e+06 -1.110834322449323954e+06 -9.931585077081193449e+05 7.465703827130880672e+05 -3.901697180877529318e+05 9.428600503615103662e+05 3.965744223997865920e+05
-3.162046272490921547e+05 1.314603724020783789e+06 4.605208105312109110e+05 1.205917912499518832e+06 1.906430051492217754e+05 6.799784772539000551e+04 -7.131098847627156647e+04 -6.769287565264399746e+04 -9.653122179345822587e+03 5.024159783062315546e+06 1.453254919631509343e+06 -6.192045664897914976e+05 1.143886300736190984e+06 -1.123264838540338096e+05 -4.582986270590638742e+05 1.783850870261843374e+05 6.846116904374722799e+04 -3.132559845033985039e+04
-3.571363715072031599e+06 -6.994409626380795380e+05 3.807025399554779287e+05 1.906430051492217754e+05 1.338071488356149057e+06 5.684087946510150796e+05 -3.483898525610064826e+04 1.671214487009885779e+05 9.367680658680069610e+04 5.303887990261253901e+06 6.817143201516648987e+05 1.880879872178041260e+05 8.715360559072842589e+05 1.330041559643411310e+06 5.384198201016415842e+05 -1.420331071856735507e+05 1.392626485114930838e+05 1.244722875182268326e+05
-2.722034004939923529e+06 -3.431933753403961891e+05 7.625918696989330056e+04 6.799784772539000551e+04 5.684087946510150796e+05 5.665701562057993142e+05 -4.088097246674644703e+04 9.641369721388519974e+04 2.390601840214910044e+04 -5.330567097154931398e+05 4.435836568524434115e+05 -4.911607273838011897e+05 8.278476338946013711e+05 7.768968296754654730e+05 5.015859673637973028e+05 -1.122007123811886995e+05 1.586883569981718611e+05 1.324101822574052494e+05
8.758468677241758996e+03 -3.647051588051624130e+05 1.804005621788013086e+05 -7.131098847627156647e+04 -3.483898525610064826e+04 -4.088097246674644703e+04 2.607806293034037226e+05 3.771710327783380308e+03 4.535936639699388616e+04 -2.389022702325097751e+06 -2.054440194354446139e+06 1.863631042632659664e+05 -3.257059971018096549e+05 1.100470644690016925e+05 1.454181980596914364e+05 -3.080187571020884207e+04 -9.530658007788353643e+03 -3.685574841104853840e+04
-3.916926698009261745e+05 -9.768830205914752150e+04 -1.950895689095717535e+04 -6.769287565264399746e+04 1.671214487009885779e+05 9.641369721388519974e+04 3.771710327783380308e+03 1.504943716249543068e+05 2.377317331829091199e+04 -1.080492687516507227e+06 1.182261883684516069e+05 -5.420344297143300355e+04 3.353611856097607233e+04 3.580229440311458166e+04 3.077297712827951182e+05 -7.863520472249896557e+04 1.844480237517851347e+05 3.891245544625745652e+02
1.744008497502417013e+05 6.349471803328150418e+04 9.265825013783569739e+04 -9.653122179345822587e+03 9.367680658680069610e+04 2.390601840214910044e+04 4.535936639699388616e+04 2.377317331829091199e+04 7.717853872154979035e+04 -1.008711672329019872e+06 -4.185214967901437776e+05 5.570092244086887513e+04 -2.883517239963609973e+04 6.129277031061883463e+04 1.782128237748245592e+05 9.978832149632558867e+04 2.531507197465450372e+04 5.238665073314023903e+04
-1.666913155904573575e+07 1.118881902600824833e+07 2.550950606672171969e+06 5.024159783062315546e+06 5.303887990261253901e+06 -5.330567097154931398e+05 -2.389022702325097751e+06 -1.080492687516507227e+06 -1.008711672329019872e+06 2.340923647191732228e+08 8.320374585011299700e+06 2.113124300280668959e+07 1.190187379626310989e+07 -1.854903356571317883e+06 -1.194770552988497913e+07 -5.037968737778575742e+05 -9.304680155431836611e+05 -1.023536003802258521e+06
4.931031103820527904e+06 2.075644177458115667e+07 -2.485399268850543071e+06 1.453254919631509343e+06 6.817143201516648987e+05 4.435836568524434115e+05 -2.054440194354446139e+06 1.182261883684516069e+05 -4.185214967901437776e+05 8.320374585011299700e+06 9.139544575964207947e+07 -1.295672089537088759e+06 1.566194339826830896e+06 3.727430502671608701e+05 -4.775580282690598629e+06 7.090947765279941959e+05 -1.048909489730029134e+06 6.903696083269778173e+05
-1.562211291006971151e+05 4.998864687450390193e+05 1.749136671516523464e+06 -6.192045664897914976e+05 1.880879872178041260e+05 -4.911607273838011897e+05 1.863631042632659664e+05 -5.420344297143300355e+04 5.570092244086887513e+04 2.113124300280668959e+07 -1.295672089537088759e+06 2.035999671393735334e+07 2.485623565790397581e+06 2.240644384609750006e+06 3.293504752863071626e+05 -1.978594373856137972e+06 1.335857501720587723e+06 1.695900347919186112e+06
-4.763108969277754426e+06 6.330325210043379338e+05 -1.110834322449323954e+06 1.143886300736190984e+06 8.715360559072842589e+05 8.278476338946013711e+05 -3.257059971018096549e+05 3.353611856097607233e+04 -2.883517239963609973e+04 1.190187379626310989e+07 1.566194339826830896e+06 2.485623565790397581e+06 8.353195130925252102e+06 2.635382516206989996e+06 5.470220534512166632e+05 -1.965606083772996790e+05 6.837608350561071420e+05 8.211205223241969943e+05
-5.446356505881729536e+06 -2.518224751494127326e+06 -9.931585077081193449e+05 -1.123264838540338096e+05 1.330041559643411310e+06 7.768968296754654730e+05 1.100470644690016925e+05 3.580229440311458166e+04 6.129277031061883463e+04 -1.854903356571317883e+06 3.727430502671608701e+05 2.240644384609750006e+06 2.635382516206989996e+06 5.591277226101447828e+06 2.103589319007233251e+06 -1.162929564327226981e+05 -3.117880045495883678e+05 4.469069481934923679e+05
-2.552439441181482282e+06 -6.487480577639398398e+05 7.465703827130880672e+05 -4.582986270590638742e+05 5.384198201016415842e+05 5.015859673637973028e+05 1.454181980596914364e+05 3.077297712827951182e+05 1.782128237748245592e+05 -1.194770552988497913e+07 -4.775580282690598629e+06 3.293504752863071626e+05 5.470220534512166632e+05 2.103589319007233251e+06 4.132195862048897892e+06 -1.947234402171028196e+05 7.046158594217082718e+05 4.393362716894749901e+05
3.040753244059132878e+06 1.540789876818475779e+06 -3.901697180877529318e+05 1.783850870261843374e+05 -1.420331071856735507e+05 -1.122007123811886995e+05 -3.080187571020884207e+04 -7.863520472249896557e+04 9.978832149632558867e+04 -5.037968737778575742e+05 7.090947765279941959e+05 -1.978594373856137972e+06 -1.965606083772996790e+05 -1.162929564327226981e+05 -1.947234402171028196e+05 1.108478940053063445e+06 -2.058301786579595937e+05 -8.249577027102293505e+04
2.877231649585283594e+04 5.413772388801809866e+05 9.428600503615103662e+05 6.846116904374722799e+04 1.392626485114930838e+05 1.586883569981718611e+05 -9.530658007788353643e+03 1.844480237517851347e+05 2.531507197465450372e+04 -9.304680155431836611e+05 -1.048909489730029134e+06 1.335857501720587723e+06 6.837608350561071420e+05 -3.117880045495883678e+05 7.046158594217082718e+05 -2.058301786579595937e+05 1.176167700285236584e+06 2.884189845804319484e+05
1.843255955506828905e+05 8.737118124405888375e+05 3.965744223997865920e+05 -3.132559845033985039e+04 1.244722875182268326e+05 1.324101822574052494e+05 -3.685574841104853840e+04 3.891245544625745652e+02 5.238665073314023903e+04 -1.023536003802258521e+06 6.903696083269778173e+05 1.695900347919186112e+06 8.211205223241969943e+05 4.469069481934923679e+05 4.393362716894749901e+05 -8.249577027102293505e+04 2.884189845804319484e+05 4.695526019616655540e+05
