# lambda=0.2015612946509363
6.971535555285418034e+07 1.412873437979629636e+07 -1.942585397306460189e+06 -1.765291948775571771e+06 2.143135725097431336e+06 -2.415550071331311017e+06 4.172560807405997184e+05 -4.791118014874157780e+03 -1.347100908830136526e+06 5.275394283210533112e+07 1.161667109781159274e+07 5.136592781227343716e+06 -3.992527373019828927e+06 1.677373039429622702e+06 2.469615728431489784e+06 6.931005045407502912e+05 -5.975782781344614923e+05 -1.281985485826399177e+06
1.412873437979629636e+07 1.912869768762014061e+07 -5.145309402161008620e+03 -6.026567797093455447e+05 5.695809716623265995e+05 1.215344536145266611e+06 6.430480716125750914e+05 8.138333826655094163e+04 -3.862431057244699332e+04 1.083767840225286037e+07 2.205378194596640766e+07 5.172288564062125981e+06 -8.695464940570103936e+05 2.041776639542651363e+06 2.352755945300071966e+06 4.902862990943004843e+05 -5.254035445421196055e+05 2.572208081836523197e+05
-1.942585397306460189e+06 -5.145309402161008620e+03 3.653635307722602971e+06 1.110251720934462268e+06 -5.927537369815940037e+05 -3.738070511354399496e+05 2.853156833513451857e+05 1.388104532440390030e+05 1.359331291924043035e+05 -4.967219099505773745e+06 -2.442947014684200287e+06 -5.917968263019404840e+05 -1.028956685619534575e+06 5.227244784619837301e+05 -9.421218173444516724e+05 -9.805852117460104637e+05 -1.856061829123249627e+05 -3.026930333222796908e+05
-1.765291948775571771e+06 -6.026567797093455447e+05 1.110251720934462268e+06 1.425788453068089671e+06 2.828151824909173229e+04 -5.575518726834643167e+04 1.954084143005002989e+05 8.046566022179587162e+04 1.081629979863672634e+05 1.035907690200994839e+06 -2.992298303360821679e+06 -6.802583294792494271e+05 -2.556328306595853355e+05 1.011058773782613425e+05 -1.685195149598582357e+05 -2.393035381110833259e+05 -3.128891237210090621e+05 -1.402119393882685690e+05
2.143135725097431336e+06 5.695809716623265995e+05 -5.927537369815940037e+05 2.828151824909173229e+04 1.078924547315541655e+06 3.634345400735136354e+05 1.070426343925024557e+05 4.194307300896257948e+04 5.194047404828730942e+04 1.789423761609944748e+06 3.451701112095644930e+05 -3.784503820786472061e+05 -1.403850574312606826e+06 -9.235223842142847134e+05 -6.757002618303893541e+04 5.875769456467936834e+03 1.925393907385294442e+05 2.193096048242929464e+04
-2.415550071331311017e+06 1.215344536145266611e+06 -3.738070511354399496e+05 -5.575518726834643167e+04 3.634345400735136354e+05 8.092182496545559261e+05 1.283116177432509576e+05 6.889806519093409588e+04 1.019444021122405393e+05 -1.493625473800997017e+06 1.985269127421373036e+06 -8.229915956266984576e+05 -6.563610772721118992e+05 -6.144290270857097348e+05 3.598932960284692235e+05 1.917030534795921267e+04 -7.640438377164752455e+04 1.555429910138852720e+05
4.172560807405997184e+05 6.430480716125750914e+05 2.853156833513451857e+05 1.954084143005002989e+05 1.070426343925024557e+05 1.283116177432509576e+05 2.928841374988019234e+05 9.994304615893897426e+04 5.337488015971257119e+04 2.389394108415777329e+06 1.188532715619143564e+06 4.406510849462996703e+05 -1.626524010787469160e+05 2.445636377207629848e+05 7.551549337088582979e+04 8.389088971391362429e+04 -5.799377207652411016e+03 2.784682112949486691e+04
-4.791118014874157780e+03 8.138333826655094163e+04 1.388104532440390030e+05 8.046566022179587162e+04 4.194307300896257948e+04 6.889806519093409588e+04 9.994304615893897426e+04 1.253449752426427149e+05 7.714670752569699835e+04 8.976996049293479882e+05 9.580018467323797522e+05 2.047067421480398043e+05 -1.616668429865301587e+05 -2.789896042103254513e+04 -1.383402068972229608e+05 -7.178674942957308667e+04 -2.362278506665942041e+04 7.001172413309942931e+04
-1.347100908830136526e+06 -3.862431057244699332e+04 1.359331291924043035e+05 1.081629979863672634e+05 5.194047404828730942e+04 1.019444021122405393e+05 5.337488015971257119e+04 7.714670752569699835e+04 1.081912729390867025e+05 -8.911035071718945401e+05 6.240499825415968662e+05 6.650342792401720544e+03 -1.765434602587748668e+05 -8.918175934523275646e+04 -1.625342317345124611e+05 -4.805860416394285130e+04 1.193187687071230721e+04 7.716716703799381503e+04
5.275394283210533112e+07 1.083767840225286037e+07 -4.967219099505773745e+06 1.035907690200994839e+06 1.789423761609944748e+06 -1.493625473800997017e+06 2.389394108415777329e+06 8.976996049293479882e+05 -8.911035071718945401e+05 1.884023507311019897e+08 1.965163593712686375e+07 2.543547119360443205e+07 5.857013300778634846e+06 -4.449596695303533226e+06 1.074036160100319609e+07 3.286193187573765405e+06 -3.818545055950562819e+05 7.178380715654656524e+05
1.161667109781159274e+07 2.205378194596640766e+07 -2.442947014684200287e+06 -2.992298303360821679e+06 3.451701112095644930e+05 1.985269127421373036e+06 1.188532715619143564e+06 9.580018467323797522e+05 6.240499825415968662e+05 1.965163593712686375e+07 4.649839436369469762e+07 6.455667741468127817e+06 5.415993783698213520e+04 2.222093893853548914e+06 9.131544046610925579e+05 1.237975708952087210e+06 -1.827540572572529782e+05 1.388093687052502763e+06
5.136592781227343716e+06 5.172288564062125981e+06 -5.917968263019404840e+05 -6.802583294792494271e+05 -3.784503820786472061e+05 -8.229915956266984576e+05 4.406510849462996703e+05 2.047067421480398043e+05 6.650342792401720544e+03 2.543547119360443205e+07 6.455667741468127817e+06 1.980551387728103250e+07 5.407853043023986742e+06 2.506226070204197429e+06 1.714224270955154439e+06 1.266987757738292916e+06 7.040867642023379449e+05 1.373718496134910500e+06
-3.992527373019828927e+06 -8.695464940570103936e+05 -1.028956685619534575e+06 -2.556328306595853355e+05 -1.403850574312606826e+06 -6.563610772721118992e+05 -1.626524010787469160e+05 -1.616668429865301587e+05 -1.765434602587748668e+05 5.857013300778634846e+06 5.415993783698213520e+04 5.407853043023986742e+06 1.614378947029576078e+07 4.690079352364447899e+06 6.599087986533748917e+05 5.695152754126481013e+05 -4.408178659473823500e+05 1.268052838842538418e+06
1.677373039429622702e+06 2.041776639542651363e+06 5.227244784619837301e+05 1.011058773782613425e+05 -9.235223842142847134e+05 -6.144290270857097348e+05 2.445636377207629848e+05 -2.789896042103254513e+04 -8.918175934523275646e+04 -4.449596695303533226e+06 2.222093893853548914e+06 2.506226070204197429e+06 4.690079352364447899e+06 6.456780023589558899e+06 -8.559350882786129368e+05 1.695540509915197268e+06 1.622813371191553015e+05 1.859075359920911433e+05
2.469615728431489784e+06 2.352755945300071966e+06 -9.421218173444516724e+05 -1.685195149598582357e+05 -6.757002618303893541e+04 3.598932960284692235e+05 7.551549337088582979e+04 -1.383402068972229608e+05 -1.625342317345124611e+05 1.074036160100319609e+07 9.131544046610925579e+05 1.714224270955154439e+06 6.599087986533748917e+05 -8.559350882786129368e+05 3.122297270618940704e+06 1.479191996738298803e+04 -3.070232725482115638e+05 -2.278639802283041063e+05
6.931005045407502912e+05 4.902862990943004843e+05 -9.805852117460104637e+05 -2.393035381110833259e+05 5.875769456467936834e+03 1.917030534795921267e+04 8.389088971391362429e+04 -7.178674942957308667e+04 -4.805860416394285130e+04 3.286193187573765405e+06 1.237975708952087210e+06 1.266987757738292916e+06 5.695152754126481013e+05 1.695540509915197268e+06 1.479191996738298803e+04 1.803372390642251121e+06 3.337680694935926585e+05 2.005264531105422939e+05
-5.975782781344614923e+05 -5.254035445421196055e+05 -1.856061829123249627e+05 -3.128891237210090621e+05 1.925393907385294442e+05 -7.640438377164752455e+04 -5.799377207652411016e+03 -2.362278506665942041e+04 1.193187687071230721e+04 -3.818545055950562819e+05 -1.827540572572529782e+05 7.040867642023379449e+05 -4.408178659473823500e+05 1.622813371191553015e+05 -3.070232725482115638e+05 3.337680694935926585e+05 4.941758610805259086e+05 6.048759864917551022e+04
-1.281985485826399177e+06 2.572208081836523197e+05 -3.026930333222796908e+05 -1.402119393882685690e+05 2.193096048242929464e+04 1.555429910138852720e+05 2.784682112949486691e+04 7.001172413309942931e+04 7.716716703799381503e+04 7.178380715654656524e+05 1.388093687052502763e+06 1.373718496134910500e+06 1.268052838842538418e+06 1.859075359920911433e+05 -2.278639802283041063e+05 2.005264531105422939e+05 6.048759864917551022e+04 4.403649214194492670e+05
