# lambda=0.13362057426001134
3.242102924109573662e+07 6.163968824581761844e+06 -1.370100608615828678e+06 -3.362178506623255089e+05 9.003316200350765139e+05 4.256882401028156164e+05 5.718338381578696426e+05 5.797329508738217410e+05 9.537848449119845172e+05 -1.964968372104683891e+07 -1.338418019254721701e+07 -2.972613125650667120e+06 2.586206050098100677e+06 3.319011924666343257e+06 2.805202872230720706e+06 2.860025899130327161e+06 3.085524835394907859e+05 6.387869398079846287e+05
6.163968824581761844e+06 8.092063045355274342e+06 5.907519352140247356e+05 -3.451215745695793303e+05 -1.036423792505752877e+06 -2.311064436933264005e+04 6.330665796877930406e+05 3.127561500245466596e+05 -9.929148555522153038e+04 -1.070324143408143707e+07 -3.908933620431660209e+06 1.141990595533567015e+06 -6.222163199269438628e+05 -7.514334977535906946e+05 -9.331083200353285065e+04 4.663571220323806047e+05 -2.118514895520763821e+05 1.846029193535936065e+05
-1.370100608615828678e+06 5.907519352140247356e+05 5.496260494582629763e+06 2.194003669517358940e+05 -6.626462796348603442e+05 2.277341939244792738e+05 6.019303109816017095e+05 -2.772582794155201409e+05 -2.535737273681027873e+05 -4.887428434567064047e+06 8.231397938931914046e+06 6.175374077463721856e+06 6.680869172531760996e+05 -1.636325086485650972e+05 8.976216211747678462e+05 -7.189903764542435529e+05 -2.203128671558746719e+05 2.530125303340993196e+04
-3.362178506623255089e+05 -3.451215745695793303e+05 2.194003669517358940e+05 1.126428039852514630e+06 1.629106895486449939e+05 -7.967675656750847338e+03 -3.071614133455511910e+04 5.451298250080806611e+04 -7.844311438041324436e+04 -8.885184852539712563e+06 2.715688851195664145e+06 3.655968058067582082e+06 7.983556037982522976e+05 6.624607742834492819e+05 3.900266470497820410e+05 -1.285713762218945521e+04 -2.786802752641888583e+04 -1.366179480266741011e+05
9.003316200350765139e+05 -1.036423792505752877e+06 -6.626462796348603442e+05 1.629106895486449939e+05 8.615945871816324070e+05 -7.575535696800659935e+04 4.205756156912096048e+04 -6.419123671678169558e+03 1.804758797215419472e+05 1.121204373363057151e+06 -7.587209558745953254e+05 -9.223653506243199809e+04 1.030718127988631953e+06 1.175209130843724357e+06 3.044662299803955248e+05 4.913015194582717959e+05 3.571549574025337351e+05 -2.125235317166259483e+04
4.256882401028156164e+05 -2.311064436933264005e+04 2.277341939244792738e+05 -7.967675656750847338e+03 -7.575535696800659935e+04 3.268952227597686579e+05 1.824666793394830847e+03 -2.796423286024418485e+04 5.319066359898033261e+04 -1.933164831667093094e+06 2.488777458388931991e+05 7.343764264867724851e+05 3.690034419120712555e+05 1.317737688606542069e+05 1.259086705073970370e+04 -1.655002795596572105e+04 -1.652479166972125313e+04 4.407006338517276890e+04
5.718338381578696426e+05 6.330665796877930406e+05 6.019303109816017095e+05 -3.071614133455511910e+04 4.205756156912096048e+04 1.824666793394830847e+03 4.210354506050300552e+05 3.301474433564090577e+04 -1.923867725155216249e+04 -1.656097435730385361e+06 1.102675963896085508e+06 1.253077851519594202e+06 8.703781644548894837e+05 7.273739699294755701e+05 9.956579748875908263e+04 2.343049152378643630e+05 9.848629359412258782e+04 1.602427577501088672e+05
5.797329508738217410e+05 3.127561500245466596e+05 -2.772582794155201409e+05 5.451298250080806611e+04 -6.419123671678169558e+03 -2.796423286024418485e+04 3.301474433564090577e+04 1.752165019202453841e+05 6.514573093895996135e+04 -1.531949999533888651e+06 -6.610237346359875519e+05 5.083172637744203676e+05 -1.749192686963448650e+05 -4.360951349014114385e+04 -1.870732260965328896e+05 4.471563228122796863e+04 5.127948806327649072e+04 1.182452189600247075e+05
9.537848449119845172e+05 -9.929148555522153038e+04 -2.535737273681027873e+05 -7.844311438041324436e+04 1.804758797215419472e+05 5.319066359898033261e+04 -1.923867725155216249e+04 6.514573093895996135e+04 1.718280505338813236e+05 3.114630876860868884e+05 -4.664180615846294677e+05 -5.582511557486642414e+04 8.396285083970239793e+04 1.288268235466811748e+05 -5.301992768904218974e+04 5.704345466736740491e+04 1.078552093464083737e+05 1.070472922465415322e+05
-1.964968372104683891e+07 -1.070324143408143707e+07 -4.887428434567064047e+06 -8.885184852539712563e+06 1.121204373363057151e+06 -1.933164831667093094e+06 -1.656097435730385361e+06 -1.531949999533888651e+06 3.114630876860868884e+05 2.696730747608861327e+08 8.778806854709444568e+06 -4.557079612282077968e+07 -1.003307306184594519e+07 -8.507584875730972737e+06 -1.499552834210261062e+05 -1.560004598336151685e+05 -8.548007973607556196e+05 -7.387236521712708054e+05
-1.338418019254721701e+07 -3.908933620431660209e+06 8.231397938931914046e+06 2.715688851195664145e+06 -7.587209558745953254e+05 2.488777458388931991e+05 1.102675963896085508e+06 -6.610237346359875519e+05 -4.664180615846294677e+05 8.778806854709444568e+06 5.372909294351941347e+07 9.738304359907202423e+06 7.458504885896749794e+06 3.072608731450895779e+06 1.060114174129159423e+06 -4.465608560432144441e+06 -3.251135235011992976e+06 2.151146806042325043e+05
-2.972613125650667120e+06 1.141990595533567015e+06 6.175374077463721856e+06 3.655968058067582082e+06 -9.223653506243199809e+04 7.343764264867724851e+05 1.253077851519594202e+06 5.083172637744203676e+05 -5.582511557486642414e+04 -4.557079612282077968e+07 9.738304359907202423e+06 4.945270748412525654e+07 9.048972443954231218e+06 1.526121519887673901e+06 1.632535017926582834e+06 4.827499574795317021e+05 2.446729610160546843e+06 3.866892563061139081e+05
2.586206050098100677e+06 -6.222163199269438628e+05 6.680869172531760996e+05 7.983556037982522976e+05 1.030718127988631953e+06 3.690034419120712555e+05 8.703781644548894837e+05 -1.749192686963448650e+05 8.396285083970239793e+04 -1.003307306184594519e+07 7.458504885896749794e+06 9.048972443954231218e+06 9.185574637815689668e+06 3.640880214032783173e+06 7.771186266399407759e+05 6.766033887890295591e+05 3.610665588700266089e+05 3.934036408044758718e+05
3.319011924666343257e+06 -7.514334977535906946e+05 -1.636325086485650972e+05 6.624607742834492819e+05 1.175209130843724357e+06 1.317737688606542069e+05 7.273739699294755701e+05 -4.360951349014114385e+04 1.288268235466811748e+05 -8.507584875730972737e+06 3.072608731450895779e+06 1.526121519887673901e+06 3.640880214032783173e+06 6.074948863413943909e+06 1.571612328792425804e+06 6.653786716273664497e+05 5.586028174121526536e+05 -5.471239188597991597e+04
2.805202872230720706e+06 -9.331083200353285065e+04 8.976216211747678462e+05 3.900266470497820410e+05 3.044662299803955248e+05 1.259086705073970370e+04 9.956579748875908263e+04 -1.870732260965328896e+05 -5.301992768904218974e+04 -1.499552834210261062e+05 1.060114174129159423e+06 1.632535017926582834e+06 7.771186266399407759e+05 1.571612328792425804e+06 3.363550283066667151e+06 3.407036962783287163e+05 4.252307842502586573e+04 -2.142777204935032642e+05
2.860025899130327161e+06 4.663571220323806047e+05 -7.189903764542435529e+05 -1.285713762218945521e+04 4.913015194582717959e+05 -1.655002795596572105e+04 2.343049152378643630e+05 4.471563228122796863e+04 5.704345466736740491e+04 -1.560004598336151685e+05 -4.465608560432144441e+06 4.827499574795317021e+05 6.766033887890295591e+05 6.653786716273664497e+05 3.407036962783287163e+05 1.400105771451147040e+06 4.830623715067207813e+05 -7.283150678286432230e+04
3.085524835394907859e+05 -2.118514895520763821e+05 -2.203128671558746719e+05 -2.786802752641888583e+04 3.571549574025337351e+05 -1.652479166972125313e+04 9.848629359412258782e+04 5.127948806327649072e+04 1.078552093464083737e+05 -8.548007973607556196e+05 -3.251135235011992976e+06 2.446729610160546843e+06 3.610665588700266089e+05 5.586028174121526536e+05 4.252307842502586573e+04 4.830623715067207813e+05 7.826955927507829620e+05 1.903338868743667845e+05
6.387869398079846287e+05 1.846029193535936065e+05 2.530125303340993196e+04 -1.366179480266741011e+05 -2.125235317166259483e+04 4.407006338517276890e+04 1.602427577501088672e+05 1.182452189600247075e+05 1.070472922465415322e+05 -7.387236521712708054e+05 2.151146806042325043e+05 3.866892563061139081e+05 3.934036408044758718e+05 -5.471239188597991597e+04 -2.142777204935032642e+05 -7.283150678286432230e+04 1.903338868743667845e+05 5.164460754806234036e+05
