# lambda=0.15351646706495894
5.607142498699670285e+07 3.731054170908404049e+06 -1.131443901695615612e+06 9.935094175950366480e+04 -2.485987748642470222e+06 -1.087732926760213450e+06 -1.176240298241839278e+06 8.990973740465821465e+05 -3.940851322240493610e+05 3.087924382079993375e+06 -1.174818103821647167e+07 1.603472816561272740e+07 2.745184871033950476e+05 1.248964732084149728e+06 2.706326522466323877e+04 -1.310400561929278076e+06 -2.458820853677185252e+06 1.134095614153943490e+06
3.731054170908404049e+06 1.682744215167344734e+07 -1.773396945398243843e+05 -4.121026244044444757e+05 2.771130078632599907e+05 -3.081741647537428071e+05 -2.665510701704213861e+05 -2.509086850519349100e+05 -3.965996637423830689e+05 1.604441441700469586e+05 6.817671701325910166e+06 4.872438106282519177e+06 -1.547864331204651156e+06 2.108587153855802491e+06 1.721443064027707558e+06 5.173931455073990510e+05 7.849414565925409261e+04 -4.496264394255844527e+05
-1.131443901695615612e+06 -1.773396945398243843e+05 3.543630996640422381e+06 2.420497455286557961e+05 1.467554332657237537e+05 2.408944194038085116e+05 2.030298173337570042e+05 -2.319481331528281735e+05 7.938099544684648572e+04 -1.048411051882758178e+07 -2.076496815575902583e+06 9.440717769548245706e+05 -2.909768141302616568e+05 4.542612273443573504e+05 5.106113471527955844e+05 2.695942745954362326e+05 6.865697056107025128e+05 1.184113683209171431e+05
9.935094175950366480e+04 -4.121026244044444757e+05 2.420497455286557961e+05 1.853596365801499924e+06 5.209931784266001196e+05 2.110982462759726914e+05 -2.161696074539913752e+04 2.469747925134132674e+04 2.004999344562045007e+05 4.457356149123562500e+06 2.439821502153668553e+06 1.288257430184560362e+06 1.822440225668141153e+06 1.176408125861166045e+06 1.681016960211491096e+05 -3.031970204505027505e+05 -2.157760295041930221e+05 4.120822324391815346e+05
-2.485987748642470222e+06 2.771130078632599907e+05 1.467554332657237537e+05 5.209931784266001196e+05 8.805781193718524883e+05 2.429245652929684147e+05 -4.330396611475443206e+04 1.572927306501353087e+04 6.259266385968159739e+04 1.138248819438574370e+06 5.685288959222025005e+05 -1.019499777094188379e+06 5.588928029654126149e+05 4.681947856856120052e+05 -1.809242314339657023e+05 -8.612014524483006971e+04 7.240515159788218443e+04 -2.719913975624347222e+05
-1.087732926760213450e+06 -3.081741647537428071e+05 2.408944194038085116e+05 2.110982462759726914e+05 2.429245652929684147e+05 5.540457491522380151e+05 3.365730878585057508e+04 7.871700316806732735e+04 1.257319055981552810e+05 -1.437969269191892352e+06 -2.310941710649695888e+05 -1.596327868940484244e+06 1.017467969417540007e+05 3.908994003235994023e+05 1.823858028458086774e+05 2.989517257978871348e+05 5.092048894477677823e+04 -3.632719426446475700e+04
-1.176240298241839278e+06 -2.665510701704213861e+05 2.030298173337570042e+05 -2.161696074539913752e+04 -4.330396611475443206e+04 3.365730878585057508e+04 3.458455583786343341e+05 1.766716937083928497e+04 3.638910254650416755e+04 -2.961070142439152114e+05 7.540809426129244966e+05 -3.134495816883771913e+05 5.888496181264028419e+05 3.702151279247048660e+05 2.677107242998516303e+05 5.100648444349527126e+05 7.070265620626369491e+04 2.347013927503048617e+05
8.990973740465821465e+05 -2.509086850519349100e+05 -2.319481331528281735e+05 2.469747925134132674e+04 1.572927306501353087e+04 7.871700316806732735e+04 1.766716937083928497e+04 1.342950608902500826e+05 7.296727122573873203e+03 9.608516309409877285e+05 -4.240212031568865059e+05 -3.075115303436373360e+05 1.360464706203599053e+05 4.915479381064549671e+04 -5.026695216556352534e+04 2.199510481139996045e+04 -1.216254969777609222e+05 -6.206881447122427744e+02
-3.940851322240493610e+05 -3.965996637423830689e+05 7.938099544684648572e+04 2.004999344562045007e+05 6.259266385968159739e+04 1.257319055981552810e+05 3.638910254650416755e+04 7.296727122573873203e+03 9.921260351553068904e+04 -4.018694013956944691e+05 -3.647967895087436191e+05 -3.427719428482290241e+05 -6.647580224316114618e+04 -4.751570467724338232e+04 -2.124327929207656780e+04 1.216271801019911218e+05 4.590154077257357130e+04 1.106634325943014701e+05
3.087924382079993375e+06 1.604441441700469586e+05 -1.048411051882758178e+07 4.457356149123562500e+06 1.138248819438574370e+06 -1.437969269191892352e+06 -2.961070142439152114e+05 9.608516309409877285e+05 -4.018694013956944691e+05 1.747880643435261548e+08 3.031985143211278692e+07 7.302502277885270305e+06 1.154357391840423457e+07 -1.129790832646906783e+05 -1.527550473199714441e+06 -4.930756371571181342e+06 -5.563308894493435510e+06 5.130517836248597596e+05
-1.174818103821647167e+07 6.817671701325910166e+06 -2.076496815575902583e+06 2.439821502153668553e+06 5.685288959222025005e+05 -2.310941710649695888e+05 7.540809426129244966e+05 -4.240212031568865059e+05 -3.647967895087436191e+05 3.031985143211278692e+07 3.262770824851222336e+07 2.682645951797865331e+06 1.160129041506046616e+07 5.557118748181771487e+06 3.355878561336033046e+06 -7.696342847273559310e+05 -9.608666553418219555e+05 -2.412266161809456535e+05
1.603472816561272740e+07 4.872438106282519177e+06 9.440717769548245706e+05 1.288257430184560362e+06 -1.019499777094188379e+06 -1.596327868940484244e+06 -3.134495816883771913e+05 -3.075115303436373360e+05 -3.427719428482290241e+05 7.302502277885270305e+06 2.682645951797865331e+06 2.005521450609254465e+07 5.645323299742836971e+05 -9.000629793921303644e+03 -4.214354756156069925e+05 -1.962537037395701511e+06 -1.212688573734162841e+06 1.155640053099266952e+06
2.745184871033950476e+05 -1.547864331204651156e+06 -2.909768141302616568e+05 1.822440225668141153e+06 5.588928029654126149e+05 1.017467969417540007e+05 5.888496181264028419e+05 1.360464706203599053e+05 -6.647580224316114618e+04 1.154357391840423457e+07 1.160129041506046616e+07 5.645323299742836971e+05 1.257619670867359266e+07 4.117682044035639614e+06 3.341162892846971954e+04 -9.777463302967943309e+04 -9.403217628784391563e+05 1.057587183292428090e+05
1.248964732084149728e+06 2.108587153855802491e+06 4.542612273443573504e+05 1.176408125861166045e+06 4.681947856856120052e+05 3.908994003235994023e+05 3.702151279247048660e+05 4.915479381064549671e+04 -4.751570467724338232e+04 -1.129790832646906783e+05 5.557118748181771487e+06 -9.000629793921303644e+03 4.117682044035639614e+06 5.767256638733908534e+06 3.601313508565065567e+05 2.396468894382469807e+04 -2.773635747799250530e+05 -2.124194829928020190e+05
2.706326522466323877e+04 1.721443064027707558e+06 5.106113471527955844e+05 1.681016960211491096e+05 -1.809242314339657023e+05 1.823858028458086774e+05 2.677107242998516303e+05 -5.026695216556352534e+04 -2.124327929207656780e+04 -1.527550473199714441e+06 3.355878561336033046e+06 -4.214354756156069925e+05 3.341162892846971954e+04 3.601313508565065567e+05 2.364149280286114197e+06 8.226066330906501971e+05 4.429443137250179425e+05 3.251803944197099772e+05
-1.310400561929278076e+06 5.173931455073990510e+05 2.695942745954362326e+05 -3.031970204505027505e+05 -8.612014524483006971e+04 2.989517257978871348e+05 5.100648444349527126e+05 2.199510481139996045e+04 1.216271801019911218e+05 -4.930756371571181342e+06 -7.696342847273559310e+05 -1.962537037395701511e+06 -9.777463302967943309e+04 2.396468894382469807e+04 8.226066330906501971e+05 1.951857622288861312e+06 4.775618056314371061e+05 3.997392645183091518e+05
-2.458820853677185252e+06 7.849414565925409261e+04 6.865697056107025128e+05 -2.157760295041930221e+05 7.240515159788218443e+04 5.092048894477677823e+04 7.070265620626369491e+04 -1.216254969777609222e+05 4.590154077257357130e+04 -5.563308894493435510e+06 -9.608666553418219555e+05 -1.212688573734162841e+06 -9.403217628784391563e+05 -2.773635747799250530e+05 4.429443137250179425e+05 4.775618056314371061e+05 7.224525554628926329e+05 2.281482190906021424e+04
1.134095614153943490e+06 -4.496264394255844527e+05 1.184113683209171431e+05 4.120822324391815346e+05 -2.719913975624347222e+05 -3.632719426446475700e+04 2.347013927503048617e+05 -6.206881447122427744e+02 1.106634325943014701e+05 5.130517836248597596e+05 -2.412266161809456535e+05 1.155640053099266952e+06 1.057587183292428090e+05 -2.124194829928020190e+05 3.251803944197099772e+05 3.997392645183091518e+05 2.281482190906021424e+04 8.489212471100834664e+05
