# lambda=0.31339134533436114
4.902029156816183776e+07 7.933092761012069881e+06 -1.695887794459527591e+06 -3.672332086447038455e+05 5.418154933644784614e+05 -8.193216794672092656e+05 8.943116720674994867e+05 2.631760263299169601e+05 1.855460253466302529e+05 4.718694822055001557e+07 5.081485370219658129e+06 -5.004696450421730056e+06 5.081733432907959446e+06 1.373750085342574457e+05 -2.467281447240980808e+06 -1.927899877259023953e+06 6.362384674140656134e+05 1.206348442206300329e+06
7.933092761012069881e+06 2.578317595060857758e+07 2.666794285199047532e+06 -9.282751869859270300e+03 -4.242386550295277266e+05 -5.217246019639656879e+05 6.327338546941477107e+05 2.367764825637707254e+05 9.026660273476799193e+04 7.463339376572150737e+06 1.108381676228211075e+07 -1.260896697937964927e+06 -1.117250578468377702e+06 -3.432440470860555302e+06 -1.679662303760212613e+06 -9.221852013998477487e+05 -4.775985700594091322e+05 6.974806555553928774e+04
-1.695887794459527591e+06 2.666794285199047532e+06 5.659722451867016032e+06 7.084170557010262273e+05 2.968527721738080145e+05 2.438452356980738841e+04 4.669033318298074300e+04 -2.181446134549857015e+04 2.303475806024946796e+05 -4.922427244633605704e+06 -3.698592463880565629e+04 -6.702717833634493873e+05 2.624146726351135294e+05 -4.585464475569583592e+05 -2.090053964843289577e+04 -7.161419200848682085e+05 1.201363190012377745e+05 -6.225033205810166692e+04
-3.672332086447038455e+05 -9.282751869859270300e+03 7.084170557010262273e+05 1.834428985852824058e+06 8.667701490516064223e+04 -1.175313576910338597e+05 -3.018686294262217416e+04 6.023578511729663296e+04 1.293691994086587074e+05 -2.153635376857415773e+06 2.426967364713093732e+06 5.953470518513341667e+05 -2.093913276589505258e+05 -1.879938944917538611e+05 1.673428492624025093e+05 -1.128097872330588580e+05 5.214001419659208477e+04 6.504818066820110835e+04
5.418154933644784614e+05 -4.242386550295277266e+05 2.968527721738080145e+05 8.667701490516064223e+04 1.168991469615249895e+06 1.704378002536877757e+05 3.035097027358168270e+04 -7.844897393268400629e+04 6.362730914469663549e+04 2.683308526482786518e+06 1.380138790222630836e+06 -1.890834186145797605e+06 6.671104498151217122e+05 2.300101227763513161e+05 2.725141594036717433e+05 -1.025963836079680768e+05 2.083108832559995644e+05 2.113530440210645902e+05
-8.193216794672092656e+05 -5.217246019639656879e+05 2.438452356980738841e+04 -1.175313576910338597e+05 1.704378002536877757e+05 3.875596671609128825e+05 3.992082424838731822e+04 -7.596677418733148443e+03 4.824702998750215244e+01 -7.801904031027414603e+05 -3.864326749498912832e+05 -1.795063118633283593e+05 1.038946351271515014e+05 7.004632603600661969e+04 8.398152137553952343e+04 1.190558203330683755e+05 7.515930980495803851e+03 -6.382548532947951026e+04
8.943116720674994867e+05 6.327338546941477107e+05 4.669033318298074300e+04 -3.018686294262217416e+04 3.035097027358168270e+04 3.992082424838731822e+04 3.026392111255002674e+05 2.499287574172416498e+04 -1.254725138464170232e+04 6.286634112097142497e+05 -6.582587702488899231e+05 -2.241133492397796654e+05 2.683371530158823589e+05 -2.037346662572704372e+05 -3.466457729703853838e+05 1.580154775825311081e+05 3.437146495877420966e+04 -3.645845867580739286e+04
2.631760263299169601e+05 2.367764825637707254e+05 -2.181446134549857015e+04 6.023578511729663296e+04 -7.844897393268400629e+04 -7.596677418733148443e+03 2.499287574172416498e+04 1.153152533370321617e+05 1.135895453104701301e+04 6.446273658941398608e+05 4.104557598483993788e+05 2.225192892682951351e+05 -4.210353559199479059e+04 -8.315113610055792378e+04 -2.735665482051043000e+04 -2.936304192894954758e+04 -5.316340891848559841e+04 -1.288269555345383196e+04
1.855460253466302529e+05 9.026660273476799193e+04 2.303475806024946796e+05 1.293691994086587074e+05 6.362730914469663549e+04 4.824702998750215244e+01 -1.254725138464170232e+04 1.135895453104701301e+04 1.270507836937839747e+05 -2.330334121885355853e+04 -1.152291019503865073e+03 7.123409441187641642e+04 1.010015131887213211e+05 -4.249403757848565147e+04 -8.016596304036971560e+03 -7.658715002724404621e+04 7.829979610668741225e+04 7.999813266452756943e+04
4.718694822055001557e+07 7.463339376572150737e+06 -4.922427244633605704e+06 -2.153635376857415773e+06 2.683308526482786518e+06 -7.801904031027414603e+05 6.286634112097142497e+05 6.446273658941398608e+05 -2.330334121885355853e+04 3.584295403352805376e+08 5.246614594915036112e+07 -2.003199295055703446e+07 -5.768298895455189981e+06 -4.613612219308225438e+06 -1.574750654725943459e+06 2.986699840424861759e+05 7.099388558507444104e+05 2.252307781620973255e+06
5.081485370219658129e+06 1.108381676228211075e+07 -3.698592463880565629e+04 2.426967364713093732e+06 1.380138790222630836e+06 -3.864326749498912832e+05 -6.582587702488899231e+05 4.104557598483993788e+05 -1.152291019503865073e+03 5.246614594915036112e+07 9.927486369103688002e+07 -9.479679348535444587e+06 -4.466009159569253214e+06 -2.420928379452136345e+06 9.512999055571366334e+05 -1.094144299332211958e+06 -1.307665619502325309e+06 1.785382876125542098e+05
-5.004696450421730056e+06 -1.260896697937964927e+06 -6.702717833634493873e+05 5.953470518513341667e+05 -1.890834186145797605e+06 -1.795063118633283593e+05 -2.241133492397796654e+05 2.225192892682951351e+05 7.123409441187641642e+04 -2.003199295055703446e+07 -9.479679348535444587e+06 2.509561353676009923e+07 -2.555260001329934224e+06 -3.266869190577660338e+05 4.280462906705451314e+04 8.366261535134942096e+04 -1.172540563577183057e+06 -3.482856449181390344e+05
5.081733432907959446e+06 -1.117250578468377702e+06 2.624146726351135294e+05 -2.093913276589505258e+05 6.671104498151217122e+05 1.038946351271515014e+05 2.683371530158823589e+05 -4.210353559199479059e+04 1.010015131887213211e+05 -5.768298895455189981e+06 -4.466009159569253214e+06 -2.555260001329934224e+06 1.167843065827014111e+07 2.507801000486112665e+06 -1.188851531502913218e+06 -9.472056405836585909e+05 5.557841046309848316e+05 3.740496636037648423e+05
1.373750085342574457e+05 -3.432440470860555302e+06 -4.585464475569583592e+05 -1.879938944917538611e+05 2.300101227763513161e+05 7.004632603600661969e+04 -2.037346662572704372e+05 -8.315113610055792378e+04 -4.249403757848565147e+04 -4.613612219308225438e+06 -2.420928379452136345e+06 -3.266869190577660338e+05 2.507801000486112665e+06 3.942738898406425491e+06 3.097456483485538629e+05 -6.003518944305018522e+05 -5.879079588629430509e+04 1.653584549366094579e+05
-2.467281447240980808e+06 -1.679662303760212613e+06 -2.090053964843289577e+04 1.673428492624025093e+05 2.725141594036717433e+05 8.398152137553952343e+04 -3.466457729703853838e+05 -2.735665482051043000e+04 -8.016596304036971560e+03 -1.574750654725943459e+06 9.512999055571366334e+05 4.280462906705451314e+04 -1.188851531502913218e+06 3.097456483485538629e+05 2.785924648123183753e+06 1.193094517374794232e+05 1.198838635551889456e+05 1.949892758327160846e+05
-1.927899877259023953e+06 -9.221852013998477487e+05 -7.161419200848682085e+05 -1.128097872330588580e+05 -1.025963836079680768e+05 1.190558203330683755e+05 1.580154775825311081e+05 -2.936304192894954758e+04 -7.658715002724404621e+04 2.986699840424861759e+05 -1.094144299332211958e+06 8.366261535134942096e+04 -9.472056405836585909e+05 -6.003518944305018522e+05 1.193094517374794232e+05 1.737322662946867757e+06 2.971600620949496515e+05 -7.646725049711242900e+04
6.362384674140656134e+05 -4.775985700594091322e+05 1.201363190012377745e+05 5.214001419659208477e+04 2.083108832559995644e+05 7.515930980495803851e+03 3.437146495877420966e+04 -5.316340891848559841e+04 7.829979610668741225e+04 7.099388558507444104e+05 -1.307665619502325309e+06 -1.172540563577183057e+06 5.557841046309848316e+05 -5.879079588629430509e+04 1.198838635551889456e+05 2.971600620949496515e+05 9.853154697885480709e+05 2.056370873186614481e+05
1.206348442206300329e+06 6.974806555553928774e+04 -6.225033205810166692e+04 6.504818066820110835e+04 2.113530440210645902e+05 -6.382548532947951026e+04 -3.645845867580739286e+04 -1.288269555345383196e+04 7.999813266452756943e+04 2.252307781620973255e+06 1.785382876125542098e+05 -3.482856449181390344e+05 3.740496636037648423e+05 1.653584549366094579e+05 1.949892758327160846e+05 -7.646725049711242900e+04 2.056370873186614481e+05 4.654185721000730991e+05
