# lambda=0.6088359455617764
4.186108159764982015e+07 4.022246994252651464e+06 -3.158412675825145561e+05 -3.693682345880891080e+05 3.620867670410568826e+05 -8.494522328929768992e+04 -6.577207233116283314e+05 -4.620843717612534238e+04 -1.922727739174398594e+05 4.100778387946916278e+06 -2.642277807769256644e+06 -1.010080930772897700e+05 1.146468583101272088e+05 7.516538720423424384e+05 -6.846093225088609615e+05 -3.410580125942445011e+05 -3.132183504269497935e+05 -2.489400903650086257e+05
4.022246994252651464e+06 2.266940873913579062e+07 1.203218842875369592e+06 2.882805629051201395e+05 2.575294923236104078e+05 -1.711829704078440554e+05 -2.849841987057751976e+05 -1.416428988649857638e+05 1.243127251935163713e+03 9.190975479770690203e+06 6.970513148779589683e+06 3.942669201386177447e+06 9.856424288789822021e+05 5.014741984462437540e+04 -5.153136431497104350e+05 1.290518685341125383e+05 1.100266228511882218e+05 -3.899123130176798441e+05
-3.158412675825145561e+05 1.203218842875369592e+06 5.200266642914873548e+06 3.485810769904745393e+05 1.631102150095372926e+05 -6.263436529134106968e+04 9.500349294252131949e+04 2.718162067123282031e+04 3.564051152364158770e+04 5.343507275614502141e+05 1.122729992468572920e+06 1.213335612148713088e+06 -2.706062362094222917e+05 -2.354000399428532692e+05 -1.472292400477564661e+05 -6.636287008981594408e+04 -1.087723057206919475e+05 4.528225813821685733e+04
-3.693682345880891080e+05 2.882805629051201395e+05 3.485810769904745393e+05 1.659065355946537107e+06 1.087588511344580475e+05 8.003929902853326348e+04 -8.460115945936362550e+04 8.552366762706219743e+04 3.568769059298855427e+04 -6.481715280925218249e+05 -1.145499561128672445e+06 2.632346173419420957e+05 5.520321713957795873e+05 1.865404204915552109e+05 -1.327753999443292560e+05 -6.642201054092028062e+04 2.235101646303771995e+05 -4.520481739243739867e+03
3.620867670410568826e+05 2.575294923236104078e+05 1.631102150095372926e+05 1.087588511344580475e+05 1.100355106411440764e+06 -3.524684179911820684e+04 -7.209455496701327502e+04 1.575864090629071507e+04 3.432688728255174647e+04 -1.404409579286024964e+05 3.421312722666779300e+05 6.691276062935335794e+05 -2.229895657887929992e+05 4.227391591519520734e+05 -1.746609862647353148e+05 4.579679742642462952e+04 9.505369504568654520e+04 1.093691523303605209e+04
-8.494522328929768992e+04 -1.711829704078440554e+05 -6.263436529134106968e+04 8.003929902853326348e+04 -3.524684179911820684e+04 5.213856409522122703e+05 7.135221304104584851e+04 4.318875537206685840e+04 8.203620799186868680e+03 -7.378292369583136169e+05 -1.655719366088628594e+05 -3.986902500408656197e+05 2.489739850219929067e+05 -2.245792431857003830e+05 4.289162858366480941e+04 3.915822517990504275e+04 3.218494270424451315e+04 -4.570856176052819137e+03
-6.577207233116283314e+05 -2.849841987057751976e+05 9.500349294252131949e+04 -8.460115945936362550e+04 -7.209455496701327502e+04 7.135221304104584851e+04 4.962725861694097403e+05 3.659232240165879193e+04 1.109877097984941065e+04 -3.528659170753735234e+05 -9.939871821168645693e+04 -2.852105387147267465e+05 2.180738025153352282e+04 -1.935949738377280300e+05 7.124754414768637798e+04 6.743190254483671742e+04 -1.005432264510993082e+04 6.785385819981555869e+03
-4.620843717612534238e+04 -1.416428988649857638e+05 2.718162067123282031e+04 8.552366762706219743e+04 1.575864090629071507e+04 4.318875537206685840e+04 3.659232240165879193e+04 1.942359367686671321e+05 1.385108105780682490e+04 1.149414529163990665e+04 -4.411055710717557231e+05 -1.014171422620978847e+05 1.200444146607686562e+05 1.307605623820257824e+04 4.124318351042959694e+04 1.124015964761707619e+04 4.480784264420954423e+04 9.371579647405376818e+03
-1.922727739174398594e+05 1.243127251935163713e+03 3.564051152364158770e+04 3.568769059298855427e+04 3.432688728255174647e+04 8.203620799186868680e+03 1.109877097984941065e+04 1.385108105780682490e+04 1.128288096295559080e+05 3.141243452797894133e+05 -1.924605886198626249e+05 4.950438949858602427e+04 5.542131632121149596e+04 -1.600119861992245933e+04 1.198880013976023838e+04 -6.357082065513759517e+03 4.507783411302661261e+04 2.820212500644125976e+04
4.100778387946916278e+06 9.190975479770690203e+06 5.343507275614502141e+05 -6.481715280925218249e+05 -1.404409579286024964e+05 -7.378292369583136169e+05 -3.528659170753735234e+05 1.149414529163990665e+04 3.141243452797894133e+05 1.761739804952708781e+08 1.196170283768945187e+07 7.862924019041357562e+06 -1.009472968222976342e+05 -2.083208326400528895e+06 -1.944333067645678064e+06 3.589507959941621812e+04 9.599226222901099827e+05 8.675962949021764798e+05
-2.642277807769256644e+06 6.970513148779589683e+06 1.122729992468572920e+06 -1.145499561128672445e+06 3.421312722666779300e+05 -1.655719366088628594e+05 -9.939871821168645693e+04 -4.411055710717557231e+05 -1.924605886198626249e+05 1.196170283768945187e+07 7.373431812224474549e+07 7.914537328842665069e+06 -3.505352066416193265e+05 -9.706731887774339411e+05 -7.401955862459957134e+05 1.687702960491582518e+06 -1.491335428670734109e+05 -3.281401500337349717e+05
-1.010080930772897700e+05 3.942669201386177447e+06 1.213335612148713088e+06 2.632346173419420957e+05 6.691276062935335794e+05 -3.986902500408656197e+05 -2.852105387147267465e+05 -1.014171422620978847e+05 4.950438949858602427e+04 7.862924019041357562e+06 7.914537328842665069e+06 2.137595436028399318e+07 2.196299363140073605e+06 1.119368290489669191e+06 -9.494777564807147719e+05 3.775205082216929295e+05 1.843366985165374354e+05 -7.174509683314006543e+04
1.146468583101272088e+05 9.856424288789822021e+05 -2.706062362094222917e+05 5.520321713957795873e+05 -2.229895657887929992e+05 2.489739850219929067e+05 2.180738025153352282e+04 1.200444146607686562e+05 5.542131632121149596e+04 -1.009472968222976342e+05 -3.505352066416193265e+05 2.196299363140073605e+06 1.679413402890875563e+07 -9.504003300524367660e+04 -3.278915913625104586e+05 2.282322450715721643e+05 3.946109838635398773e+05 1.584481210086313658e+05
7.516538720423424384e+05 5.014741984462437540e+04 -2.354000399428532692e+05 1.865404204915552109e+05 4.227391591519520734e+05 -2.245792431857003830e+05 -1.935949738377280300e+05 1.307605623820257824e+04 -1.600119861992245933e+04 -2.083208326400528895e+06 -9.706731887774339411e+05 1.119368290489669191e+06 -9.504003300524367660e+04 5.526056759749317542e+06 -1.199598372411795426e+05 -7.532110825591863249e+04 1.659609883051501529e+05 -1.217609319591180247e+05
-6.846093225088609615e+05 -5.153136431497104350e+05 -1.472292400477564661e+05 -1.327753999443292560e+05 -1.746609862647353148e+05 4.289162858366480941e+04 7.124754414768637798e+04 4.124318351042959694e+04 1.198880013976023838e+04 -1.944333067645678064e+06 -7.401955862459957134e+05 -9.494777564807147719e+05 -3.278915913625104586e+05 -1.199598372411795426e+05 2.449211979918820318e+06 2.091565252096463882e+04 -4.208779654640264926e+04 1.966226364827761790e+04
-3.410580125942445011e+05 1.290518685341125383e+05 -6.636287008981594408e+04 -6.642201054092028062e+04 4.579679742642462952e+04 3.915822517990504275e+04 6.743190254483671742e+04 1.124015964761707619e+04 -6.357082065513759517e+03 3.589507959941621812e+04 1.687702960491582518e+06 3.775205082216929295e+05 2.282322450715721643e+05 -7.532110825591863249e+04 2.091565252096463882e+04 1.179087304508899339e+06 5.533942536598863808e+04 -6.178195426648511784e+04
-3.132183504269497935e+05 1.100266228511882218e+05 -1.087723057206919475e+05 2.235101646303771995e+05 9.505369504568654520e+04 3.218494270424451315e+04 -1.005432264510993082e+04 4.480784264420954423e+04 4.507783411302661261e+04 9.599226222901099827e+05 -1.491335428670734109e+05 1.843366985165374354e+05 3.946109838635398773e+05 1.659609883051501529e+05 -4.208779654640264926e+04 5.533942536598863808e+04 1.021850936253490625e+06 2.987858902502282217e+04
-2.489400903650086257e+05 -3.899123130176798441e+05 4.528225813821685733e+04 -4.520481739243739867e+03 1.093691523303605209e+04 -4.570856176052819137e+03 6.785385819981555869e+03 9.371579647405376818e+03 2.820212500644125976e+04 8.675962949021764798e+05 -3.281401500337349717e+05 -7.174509683314006543e+04 1.584481210086313658e+05 -1.217609319591180247e+05 1.966226364827761790e+04 -6.178195426648511784e+04 2.987858902502282217e+04 4.266835582976877340e+05
