# lambda=0.4456375735989029
6.405164090349869430e+07 9.677122443267185241e+06 1.908804764336768771e+06 1.176437816838404106e+05 -1.766470707925279276e+05 -1.409157770498936297e+06 -6.946039618650746997e+05 5.870292872784858628e+04 1.259195764902120718e+05 1.673936964679389447e+07 8.310789092717001215e+06 1.854362792278225068e+06 -9.499807033176770201e+05 -3.226795783824680839e+06 -1.759817267785027623e+06 4.887729800660666660e+05 -3.615439852056787349e+05 8.147117308454899467e+04
9.677122443267185241e+06 3.490842711770713329e+07 -2.835148184091727016e+05 3.571494102319057129e+04 2.552606063231842127e+05 1.326683546147630259e+05 -2.371479356297110789e+05 3.486172040361723048e+05 9.103022139292601787e+04 2.597948205296074972e+07 5.273801594305245206e+06 1.908941572324639186e+06 -1.225829906753233168e+06 -1.412681274985198630e+06 -8.499186761073837988e+05 -9.093484282130992506e+05 -5.040619179018140421e+05 2.986669746938435710e+05
1.908804764336768771e+06 -2.835148184091727016e+05 5.001537695240092464e+06 6.749916774523182539e+04 6.830457580586368567e+04 1.675225739031046105e+05 -2.148647999257633928e+05 -8.545880096058045456e+04 -1.055105710915751406e+05 3.063735714630827773e+06 8.893525633061423432e+05 1.869091989229679108e+06 2.637966374104053248e+05 -1.227276016617387359e+05 -5.467343356831982965e+05 -3.315178833029833622e+05 3.374318691721286159e+05 -5.290612105976275052e+04
1.176437816838404106e+05 3.571494102319057129e+04 6.749916774523182539e+04 1.935405952967001125e+06 1.938341172347001266e+05 2.183936561062326364e+05 2.183999847862258684e+04 -1.094925864555325097e+05 1.171465407457691908e+05 -1.506809863406000950e+05 3.676913918695370085e+05 1.193352301451065578e+06 1.446495798367280746e+06 6.557482897017399955e+04 3.758270247287774691e+05 -6.452566380680397560e+04 -2.054509109546298278e+05 4.217045852419497533e+04
-1.766470707925279276e+05 2.552606063231842127e+05 6.830457580586368567e+04 1.938341172347001266e+05 9.086708079294770723e+05 5.838690646504996403e+04 4.001633021920859755e+04 -2.365040663942423271e+04 2.727686100312318376e+04 6.477454060353388777e+05 5.734055844804771477e+05 -3.095286947148003965e+05 1.989125133590369951e+05 3.806515632707026089e+05 -5.008919060616597562e+04 -1.381537371872971125e+05 -4.680879954626700055e+04 4.097321407279461710e+04
-1.409157770498936297e+06 1.326683546147630259e+05 1.675225739031046105e+05 2.183936561062326364e+05 5.838690646504996403e+04 5.550542947414895752e+05 2.168110116575299253e+04 1.718498736159927284e+04 5.522396719955359004e+04 -9.762816331881125225e+05 -2.484061170050065848e+05 -1.489038731205425756e+04 6.349914536598515697e+05 1.184452287826261272e+04 1.568183341196632537e+05 -1.289269764277833165e+05 2.831325198346051911e+04 2.642690574045064932e+04
-6.946039618650746997e+05 -2.371479356297110789e+05 -2.148647999257633928e+05 2.183999847862258684e+04 4.001633021920859755e+04 2.168110116575299253e+04 2.814498036202645744e+05 2.073337018456597070e+04 3.143435912530115729e+03 -7.020789555938438571e+04 -3.493404159917986253e+05 2.000297896512849911e+04 -2.499338516572116714e+04 2.004761618283937569e+05 2.992207497285907266e+03 6.801384236929744657e+04 -3.833461070576953352e+04 3.518762271342352324e+04
5.870292872784858628e+04 3.486172040361723048e+05 -8.545880096058045456e+04 -1.094925864555325097e+05 -2.365040663942423271e+04 1.718498736159927284e+04 2.073337018456597070e+04 1.688831088831008237e+05 2.534327094774854777e+04 3.627451569744744920e+05 7.966949459629978810e+04 -3.046284095869498560e+05 -3.225129224995060358e+05 -2.936163049734162996e+03 -2.781686708976161754e+04 7.938124560032523004e+04 4.506684197032586235e+04 4.496349506644590292e+04
1.259195764902120718e+05 9.103022139292601787e+04 -1.055105710915751406e+05 1.171465407457691908e+05 2.727686100312318376e+04 5.522396719955359004e+04 3.143435912530115729e+03 2.534327094774854777e+04 1.437113938250709034e+05 -2.492463778809807554e+05 -5.640883908980306842e+03 -1.128114059279740468e+05 1.900180845951639058e+05 -8.994550241568202910e+04 5.687296798572377884e+04 3.453658528039092926e+04 -1.327791103161843785e+04 4.155908839952165727e+04
1.673936964679389447e+07 2.597948205296074972e+07 3.063735714630827773e+06 -1.506809863406000950e+05 6.477454060353388777e+05 -9.762816331881125225e+05 -7.020789555938438571e+04 3.627451569744744920e+05 -2.492463778809807554e+05 2.134356579031623304e+08 1.162861854965250380e+07 -3.590632276910988614e+06 -8.287742706398510374e+06 -1.597676536114271032e+06 -6.025005658014236018e+06 -4.300143579043074278e+05 -4.969481266977536143e+05 1.238747144222422503e+06
8.310789092717001215e+06 5.273801594305245206e+06 8.893525633061423432e+05 3.676913918695370085e+05 5.734055844804771477e+05 -2.484061170050065848e+05 -3.493404159917986253e+05 7.966949459629978810e+04 -5.640883908980306842e+03 1.162861854965250380e+07 5.864399583288262039e+07 2.010461526815687306e+06 3.760473277950666379e+06 -2.087274040746016428e+06 -1.302173664234989090e+06 -1.115268080835742643e+06 1.381976532539667329e+06 1.067271092709344579e+06
1.854362792278225068e+06 1.908941572324639186e+06 1.869091989229679108e+06 1.193352301451065578e+06 -3.095286947148003965e+05 -1.489038731205425756e+04 2.000297896512849911e+04 -3.046284095869498560e+05 -1.128114059279740468e+05 -3.590632276910988614e+06 2.010461526815687306e+06 2.459274020021453500e+07 2.610597343041569926e+06 6.771821011718419613e+05 7.783094285344979726e+05 -3.690760454154785257e+05 3.472853781011187239e+05 -3.769874505706475611e+04
-9.499807033176770201e+05 -1.225829906753233168e+06 2.637966374104053248e+05 1.446495798367280746e+06 1.989125133590369951e+05 6.349914536598515697e+05 -2.499338516572116714e+04 -3.225129224995060358e+05 1.900180845951639058e+05 -8.287742706398510374e+06 3.760473277950666379e+06 2.610597343041569926e+06 1.247883449063951522e+07 -3.026035061729273293e+05 6.217477809336991049e+05 -5.915183176394921029e+05 -1.181078806309001229e+05 -1.349756348402182339e+05
-3.226795783824680839e+06 -1.412681274985198630e+06 -1.227276016617387359e+05 6.557482897017399955e+04 3.806515632707026089e+05 1.184452287826261272e+04 2.004761618283937569e+05 -2.936163049734162996e+03 -8.994550241568202910e+04 -1.597676536114271032e+06 -2.087274040746016428e+06 6.771821011718419613e+05 -3.026035061729273293e+05 5.385310288627862930e+06 3.743771418502165470e+05 1.888505522666400357e+05 1.696022325594059075e+05 -1.799251207373846846e+05
-1.759817267785027623e+06 -8.499186761073837988e+05 -5.467343356831982965e+05 3.758270247287774691e+05 -5.008919060616597562e+04 1.568183341196632537e+05 2.992207497285907266e+03 -2.781686708976161754e+04 5.687296798572377884e+04 -6.025005658014236018e+06 -1.302173664234989090e+06 7.783094285344979726e+05 6.217477809336991049e+05 3.743771418502165470e+05 2.956462738745996729e+06 1.770581196861981298e+05 -2.920006831739750342e+05 1.536909608055130520e+05
4.887729800660666660e+05 -9.093484282130992506e+05 -3.315178833029833622e+05 -6.452566380680397560e+04 -1.381537371872971125e+05 -1.289269764277833165e+05 6.801384236929744657e+04 7.938124560032523004e+04 3.453658528039092926e+04 -4.300143579043074278e+05 -1.115268080835742643e+06 -3.690760454154785257e+05 -5.915183176394921029e+05 1.888505522666400357e+05 1.770581196861981298e+05 1.405367004059507046e+06 1.762556109479805309e+04 4.065715701431291382e+04
-3.615439852056787349e+05 -5.040619179018140421e+05 3.374318691721286159e+05 -2.054509109546298278e+05 -4.680879954626700055e+04 2.831325198346051911e+04 -3.833461070576953352e+04 4.506684197032586235e+04 -1.327791103161843785e+04 -4.969481266977536143e+05 1.381976532539667329e+06 3.472853781011187239e+05 -1.181078806309001229e+05 1.696022325594059075e+05 -2.920006831739750342e+05 1.762556109479805309e+04 9.371967610317704966e+05 1.099797771767675877e+05
8.147117308454899467e+04 2.986669746938435710e+05 -5.290612105976275052e+04 4.217045852419497533e+04 4.097321407279461710e+04 2.642690574045064932e+04 3.518762271342352324e+04 4.496349506644590292e+04 4.155908839952165727e+04 1.238747144222422503e+06 1.067271092709344579e+06 -3.769874505706475611e+04 -1.349756348402182339e+05 -1.799251207373846846e+05 1.536909608055130520e+05 4.065715701431291382e+04 1.099797771767675877e+05 5.843050557902868604e+05
