# lambda=0.8920845421273227
4.668808749579627812e+07 3.543883258561834809e+05 -4.027844728248443425e+04 -1.758211738488029732e+04 3.171685265898914658e+05 6.387191114859748632e+04 2.240221193072082242e+05 5.228421182963276806e+04 -1.417346719831405426e+04 -1.345096663471638691e+06 9.004965202419376001e+05 7.013100457014418225e+02 -2.120666897376645356e+05 -3.550621592473780038e+05 7.156202128481397813e+04 7.262339673763459723e+04 -1.418658499784581654e+05 -2.527726228066642943e+04
3.543883258561834809e+05 1.789347818432189152e+07 7.448502953105609049e+04 3.690270490074384725e+03 1.789757944676422630e+05 1.431166061086559785e+05 -8.892207250571460463e+03 -7.571556724317647422e+03 3.425452749627577577e+04 7.091450982230892405e+05 2.479502738833993673e+06 4.503456499291415093e+05 -3.310274989088542497e+04 -3.766461147858060576e+04 -1.722874929475860336e+04 1.309748820711984299e+05 1.101727715786922345e+05 3.907738941453242296e+04
-4.027844728248443425e+04 7.448502953105609049e+04 2.803983632191274781e+06 2.562299524099443806e+04 -5.341696743666022940e+02 -2.837030996900399623e+04 -1.385887600803658825e+04 2.994301474129683629e+04 4.351058715769768241e+03 4.107977919830451137e+05 3.397441440418349230e+05 1.307708981574352511e+05 8.256418249749937968e+04 -5.372754222275182110e+04 -5.710494039166337461e+04 8.412294289871009823e+04 4.456827174982407087e+03 1.824143982268546824e+04
-1.758211738488029732e+04 3.690270490074384725e+03 2.562299524099443806e+04 2.133490395681784023e+06 1.295907069914867134e+04 1.587756041983879186e+04 -3.057141572443433688e+03 2.129857013395475951e+04 9.130367737274566025e+03 7.183801664771165815e+04 1.173083733005932154e+05 -3.217266942310782906e+04 6.863445382830676681e+04 -2.785473240880275625e+03 3.019683427399804714e+04 1.949280998166361678e+04 -2.383590574934023243e+04 -2.086894267224887517e+04
3.171685265898914658e+05 1.789757944676422630e+05 -5.341696743666022940e+02 1.295907069914867134e+04 9.991256749594274443e+05 2.966196974294757092e+04 1.008213011500755783e+04 9.848243797910026842e+03 4.886079466340622275e+03 -2.821984320898625083e+04 1.360231969472035125e+05 1.162496049039957579e+05 -6.040951816010686161e+04 -2.719978807321763816e+04 1.000268017579596199e+04 5.359777825956790184e+04 1.879181124488693604e+04 -1.325076656798566000e+04
6.387191114859748632e+04 1.431166061086559785e+05 -2.837030996900399623e+04 1.587756041983879186e+04 2.966196974294757092e+04 7.208442532219557324e+05 3.185770901478475480e+03 -3.822358422753000468e+03 1.279881256376295369e+03 1.329265681959081849e+05 -2.360538220377622565e+04 1.757860328391588118e+05 -7.499562235344105284e+04 -4.983018161402645637e+04 1.572556209927851705e+04 3.193178810760326814e+04 1.101570976155565950e+04 -1.672066071911460676e+04
2.240221193072082242e+05 -8.892207250571460463e+03 -1.385887600803658825e+04 -3.057141572443433688e+03 1.008213011500755783e+04 3.185770901478475480e+03 2.972264973574586329e+05 5.235433559240153954e+03 -1.413338588930595279e+03 2.276845076281429792e+05 -1.792799311884693088e+04 -6.803448477054620162e+04 2.840357229420540079e+02 1.351149839347406123e+04 2.505247063347476796e+04 2.203134401514951605e+04 -1.456897845918157873e+04 3.708556166395442688e+03
5.228421182963276806e+04 -7.571556724317647422e+03 2.994301474129683629e+04 2.129857013395475951e+04 9.848243797910026842e+03 -3.822358422753000468e+03 5.235433559240153954e+03 2.214389353733184689e+05 4.798011434709446803e+03 1.104391630050849490e+05 8.672296685060074378e+04 -6.295761188070994103e+04 1.048307595662470703e+04 2.045553560196696708e+04 9.235242625273049271e+03 3.793529545069024607e+04 3.356140543394387805e+03 -1.283742496965639475e+03
-1.417346719831405426e+04 3.425452749627577577e+04 4.351058715769768241e+03 9.130367737274566025e+03 4.886079466340622275e+03 1.279881256376295369e+03 -1.413338588930595279e+03 4.798011434709446803e+03 7.016317065892971004e+04 3.539531877618553699e+04 6.062768176944503648e+04 8.900127140199254427e+03 3.701446117361004781e+03 2.783444941908949659e+03 -4.561878190035484977e+02 -4.530272215354641048e+03 -4.550760909352874819e+02 -6.874223608624187420e+01
-1.345096663471638691e+06 7.091450982230892405e+05 4.107977919830451137e+05 7.183801664771165815e+04 -2.821984320898625083e+04 1.329265681959081849e+05 2.276845076281429792e+05 1.104391630050849490e+05 3.539531877618553699e+04 1.765530525362016261e+08 1.709538304653926985e+06 1.806940253946711775e+06 3.020992487760868244e+04 6.497478198822813574e+05 5.675221210750745377e+05 1.107009839600335108e+06 7.433164224727550754e+04 8.073858094351450563e+04
9.004965202419376001e+05 2.479502738833993673e+06 3.397441440418349230e+05 1.173083733005932154e+05 1.360231969472035125e+05 -2.360538220377622565e+04 -1.792799311884693088e+04 8.672296685060074378e+04 6.062768176944503648e+04 1.709538304653926985e+06 7.293287600695003569e+07 3.655895003013297683e+05 1.416118635941904795e+05 3.174420430987150758e+05 -9.073093916484963847e+04 1.682058882069965475e+05 2.582693108594120131e+05 2.439203698664309923e+05
7.013100457014418225e+02 4.503456499291415093e+05 1.307708981574352511e+05 -3.217266942310782906e+04 1.162496049039957579e+05 1.757860328391588118e+05 -6.803448477054620162e+04 -6.295761188070994103e+04 8.900127140199254427e+03 1.806940253946711775e+06 3.655895003013297683e+05 1.992825822893264517e+07 2.022513094371910847e+05 -1.722734635594908468e+04 -9.625266842510967399e+04 2.309414257953453634e+05 9.363629770132253179e+04 -6.233333692165846151e+04
-2.120666897376645356e+05 -3.310274989088542497e+04 8.256418249749937968e+04 6.863445382830676681e+04 -6.040951816010686161e+04 -7.499562235344105284e+04 2.840357229420540079e+02 1.048307595662470703e+04 3.701446117361004781e+03 3.020992487760868244e+04 1.416118635941904795e+05 2.022513094371910847e+05 8.816088110293526202e+06 2.602882621058040531e+05 -4.284006903277935635e+04 8.451365626950422302e+04 1.308714372794450719e+04 7.417448877117568372e+03
-3.550621592473780038e+05 -3.766461147858060576e+04 -5.372754222275182110e+04 -2.785473240880275625e+03 -2.719978807321763816e+04 -4.983018161402645637e+04 1.351149839347406123e+04 2.045553560196696708e+04 2.783444941908949659e+03 6.497478198822813574e+05 3.174420430987150758e+05 -1.722734635594908468e+04 2.602882621058040531e+05 5.773127409358545206e+06 1.563977368318979570e+05 2.614950435027679196e+05 3.391509920127670193e+04 2.479030900931617907e+03
7.156202128481397813e+04 -1.722874929475860336e+04 -5.710494039166337461e+04 3.019683427399804714e+04 1.000268017579596199e+04 1.572556209927851705e+04 2.505247063347476796e+04 9.235242625273049271e+03 -4.561878190035484977e+02 5.675221210750745377e+05 -9.073093916484963847e+04 -9.625266842510967399e+04 -4.284006903277935635e+04 1.563977368318979570e+05 2.014464543725159485e+06 1.035348401408038335e+05 5.792636890520167981e+03 -1.282214310943980126e+04
7.262339673763459723e+04 1.309748820711984299e+05 8.412294289871009823e+04 1.949280998166361678e+04 5.359777825956790184e+04 3.193178810760326814e+04 2.203134401514951605e+04 3.793529545069024607e+04 -4.530272215354641048e+03 1.107009839600335108e+06 1.682058882069965475e+05 2.309414257953453634e+05 8.451365626950422302e+04 2.614950435027679196e+05 1.035348401408038335e+05 3.467062422144747339e+06 1.754246234182704939e+04 -1.307906318510245728e+04
-1.418658499784581654e+05 1.101727715786922345e+05 4.456827174982407087e+03 -2.383590574934023243e+04 1.879181124488693604e+04 1.101570976155565950e+04 -1.456897845918157873e+04 3.356140543394387805e+03 -4.550760909352874819e+02 7.433164224727550754e+04 2.582693108594120131e+05 9.363629770132253179e+04 1.308714372794450719e+04 3.391509920127670193e+04 5.792636890520167981e+03 1.754246234182704939e+04 6.685314925764235668e+05 3.455970313800472923e+03
-2.527726228066642943e+04 3.907738941453242296e+04 1.824143982268546824e+04 -2.086894267224887517e+04 -1.325076656798566000e+04 -1.672066071911460676e+04 3.708556166395442688e+03 -1.283742496965639475e+03 -6.874223608624187420e+01 8.073858094351450563e+04 2.439203698664309923e+05 -6.233333692165846151e+04 7.417448877117568372e+03 2.479030900931617907e+03 -1.282214310943980126e+04 -1.307906318510245728e+04 3.455970313800472923e+03 3.689585222736264695e+05
