# lambda=0.47352035697108896
7.533706515719278157e+07 5.521599914742765948e+06 1.304267625831572572e+06 -1.191349299594383454e+06 1.426111024498027749e+06 -4.183358521498608170e+05 1.916077695499957190e+05 4.508018357649609679e+05 2.500395072317064041e+05 3.487749343286744505e+07 7.653835310420107096e+06 -1.776177036377667449e+06 -3.205270573869866785e+06 3.797862019200543873e+05 -3.234703052624515840e+04 6.957629432249105303e+05 -6.391931043552893680e+05 -8.798405617788112722e+05
5.521599914742765948e+06 1.643495767238122970e+07 1.679013816818875202e+05 9.257755365833181713e+04 9.339402485291007906e+04 -1.919246098791258119e+05 -2.218858095705890810e+04 2.295098245586827397e+05 6.696721355822475743e+04 -2.791366367730271071e+06 2.831010405161889270e+06 7.449517543547635432e+05 1.787876853371328907e+06 1.369850822748188861e+06 1.080678602283147629e+05 -2.735124452094146400e+05 -1.399718479196167027e+04 -2.089573990203992289e+05
1.304267625831572572e+06 1.679013816818875202e+05 6.288566499059990980e+06 1.043811594999163761e+06 5.828562025211077416e+05 -3.798413932708831271e+04 -7.737652950793159835e+04 -3.207799597688728318e+04 -3.391358172289622416e+03 -3.204132762050742749e+05 9.088961535345002776e+05 7.577802159686824307e+05 1.182073974310703576e+06 2.437962447494522785e+05 1.707822999310734740e+05 -9.287069929538422730e+04 -1.561967428755584115e+05 -2.686766378040273557e+05
-1.191349299594383454e+06 9.257755365833181713e+04 1.043811594999163761e+06 2.550718571151263081e+06 4.650096988703359966e+05 2.598412198770760369e+04 -2.808037530991158928e+04 -4.947660957384647190e+04 -1.656202459088588512e+04 -6.567673206992269261e+05 3.459514366371521610e+05 -1.587996784904739761e+05 7.622823436002609087e+05 3.750951805835847626e+05 3.189404626124962815e+05 -1.694035921422148822e+05 -2.109403878953667299e+04 -1.076278778702478739e+05
1.426111024498027749e+06 9.339402485291007906e+04 5.828562025211077416e+05 4.650096988703359966e+05 1.333578082036780659e+06 2.611144562736933585e+04 7.481256191404287529e+04 3.975593236603566766e+04 6.668379650601609683e+03 2.252152243764822371e+06 4.612723168424835312e+05 -2.016270346771578188e+05 -5.113969597779260948e+05 4.911445469487764058e+05 4.312817745469840593e+05 -3.624791172506123257e+04 -1.421024453598890395e+05 -1.365692920591252914e+05
-4.183358521498608170e+05 -1.919246098791258119e+05 -3.798413932708831271e+04 2.598412198770760369e+04 2.611144562736933585e+04 7.164734958974120673e+05 1.104651551540565197e+04 -8.140580591348673806e+03 6.704481459549724241e+04 -2.981930175902588759e+06 6.810465606709187850e+05 4.719350469525868539e+04 -1.874662576027744508e+05 3.311352588115659310e+05 7.756216293768364994e+04 -1.847048978650437857e+04 -4.389050205897137494e+04 2.116610238104738357e+02
1.916077695499957190e+05 -2.218858095705890810e+04 -7.737652950793159835e+04 -2.808037530991158928e+04 7.481256191404287529e+04 1.104651551540565197e+04 2.435784542609167111e+05 6.317177584819574258e+04 1.925859187009720699e+04 1.500310606350061425e+05 -1.096668184638375678e+05 1.269186471863175975e+05 -1.542670542533297266e+05 3.592674916743062931e+04 1.139032477076111718e+04 -1.643742681813002127e+04 3.617504141989642085e+04 4.957840230377565604e+04
4.508018357649609679e+05 2.295098245586827397e+05 -3.207799597688728318e+04 -4.947660957384647190e+04 3.975593236603566766e+04 -8.140580591348673806e+03 6.317177584819574258e+04 2.014639365676906891e+05 1.990753320461776457e+04 -2.800103767861557426e+05 5.432378305085773900e+04 -2.241281634449839476e+04 -2.401181012673109362e+05 -2.845676518057384965e+04 2.323087556861649500e+04 5.559118046881019109e+04 8.634459600416937610e+04 2.614194721876565382e+04
2.500395072317064041e+05 6.696721355822475743e+04 -3.391358172289622416e+03 -1.656202459088588512e+04 6.668379650601609683e+03 6.704481459549724241e+04 1.925859187009720699e+04 1.990753320461776457e+04 9.733819697134887974e+04 -4.297328167422909755e+05 4.681576892049895832e+05 1.789175212930491834e+05 -2.044872484424531285e+05 1.087073663415835763e+05 -2.637810552316560279e+04 3.993359654647659772e+04 3.626359571440329455e+04 2.190112607076979839e+04
3.487749343286744505e+07 -2.791366367730271071e+06 -3.204132762050742749e+05 -6.567673206992269261e+05 2.252152243764822371e+06 -2.981930175902588759e+06 1.500310606350061425e+05 -2.800103767861557426e+05 -4.297328167422909755e+05 2.921802360850837827e+08 9.505545963322512805e+06 -5.987481644119099714e+06 -4.845508732964242809e+06 -4.357121819200400496e+05 3.764309960130872671e+06 1.274130212145625381e+06 -1.551211354417116847e+06 -1.845434934777307557e+06
7.653835310420107096e+06 2.831010405161889270e+06 9.088961535345002776e+05 3.459514366371521610e+05 4.612723168424835312e+05 6.810465606709187850e+05 -1.096668184638375678e+05 5.432378305085773900e+04 4.681576892049895832e+05 9.505545963322512805e+06 7.371119633494235575e+07 5.156131864348332398e+06 2.507291103138445411e+06 2.135516945272422396e+06 -1.063740417884640628e+06 6.292207883584077936e+05 -4.230622692442664411e+05 -7.762799832665621070e+05
-1.776177036377667449e+06 7.449517543547635432e+05 7.577802159686824307e+05 -1.587996784904739761e+05 -2.016270346771578188e+05 4.719350469525868539e+04 1.269186471863175975e+05 -2.241281634449839476e+04 1.789175212930491834e+05 -5.987481644119099714e+06 5.156131864348332398e+06 1.924474582528419420e+07 1.176575730148482136e+06 -1.238287105514016934e+06 -9.460039812995315879e+04 6.236022083892052760e+05 -9.379682098309816502e+04 -2.566564718693303294e+05
-3.205270573869866785e+06 1.787876853371328907e+06 1.182073974310703576e+06 7.622823436002609087e+05 -5.113969597779260948e+05 -1.874662576027744508e+05 -1.542670542533297266e+05 -2.401181012673109362e+05 -2.044872484424531285e+05 -4.845508732964242809e+06 2.507291103138445411e+06 1.176575730148482136e+06 1.507586986687771417e+07 7.039062252069348469e+05 5.044415280081644596e+04 -3.064631997724303510e+05 -3.789602714956467971e+05 1.040947169399650593e+05
3.797862019200543873e+05 1.369850822748188861e+06 2.437962447494522785e+05 3.750951805835847626e+05 4.911445469487764058e+05 3.311352588115659310e+05 3.592674916743062931e+04 -2.845676518057384965e+04 1.087073663415835763e+05 -4.357121819200400496e+05 2.135516945272422396e+06 -1.238287105514016934e+06 7.039062252069348469e+05 7.439178472926226445e+06 5.530055800068302779e+05 -2.477214285225848653e+04 -1.512970419521619624e+05 2.622542835059023346e+05
-3.234703052624515840e+04 1.080678602283147629e+05 1.707822999310734740e+05 3.189404626124962815e+05 4.312817745469840593e+05 7.756216293768364994e+04 1.139032477076111718e+04 2.323087556861649500e+04 -2.637810552316560279e+04 3.764309960130872671e+06 -1.063740417884640628e+06 -9.460039812995315879e+04 5.044415280081644596e+04 5.530055800068302779e+05 3.098855224750672001e+06 3.144558563930236269e+05 8.783135199998556345e+04 -2.113492913213543943e+04
6.957629432249105303e+05 -2.735124452094146400e+05 -9.287069929538422730e+04 -1.694035921422148822e+05 -3.624791172506123257e+04 -1.847048978650437857e+04 -1.643742681813002127e+04 5.559118046881019109e+04 3.993359654647659772e+04 1.274130212145625381e+06 6.292207883584077936e+05 6.236022083892052760e+05 -3.064631997724303510e+05 -2.477214285225848653e+04 3.144558563930236269e+05 1.186699825789365452e+06 1.065739279065049923e+05 5.475742544636747334e+04
-6.391931043552893680e+05 -1.399718479196167027e+04 -1.561967428755584115e+05 -2.109403878953667299e+04 -1.421024453598890395e+05 -4.389050205897137494e+04 3.617504141989642085e+04 8.634459600416937610e+04 3.626359571440329455e+04 -1.551211354417116847e+06 -4.230622692442664411e+05 -9.379682098309816502e+04 -3.789602714956467971e+05 -1.512970419521619624e+05 8.783135199998556345e+04 1.065739279065049923e+05 1.234845242537933402e+06 2.282280351517661184e+05
-8.798405617788112722e+05 -2.089573990203992289e+05 -2.686766378040273557e+05 -1.076278778702478739e+05 -1.365692920591252914e+05 2.116610238104738357e+02 4.957840230377565604e+04 2.614194721876565382e+04 2.190112607076979839e+04 -1.845434934777307557e+06 -7.762799832665621070e+05 -2.566564718693303294e+05 1.040947169399650593e+05 2.622542835059023346e+05 -2.113492913213543943e+04 5.475742544636747334e+04 2.282280351517661184e+05 6.323695533687998541e+05
