# lambda=0.4475346808193683
6.607527756376806647e+07 6.281189622585556470e+06 -7.879717692397674546e+04 1.116206279621161753e+06 -1.138022595689021051e+06 -1.419354233394390030e+05 -5.646657898772298358e+05 -2.714196685937618022e+05 2.309913846783861809e+05 2.811662924926165491e+07 1.946491786219006404e+07 -2.515973545195903163e+06 -4.231782409290925600e+06 -4.096329740658499766e+06 -2.398145371677284595e+06 7.934834752176140319e+04 -3.793632879592618556e+05 1.584908376781717925e+04
6.281189622585556470e+06 1.101421387042851746e+07 1.374056562775563914e+06 1.175497886887178523e+06 -4.396911280956747942e+05 4.043196206006800057e+05 -1.588262987458321732e+05 2.025510548083428002e+05 1.202113007392642467e+05 2.371424877949939575e+06 9.494714567934991792e+06 1.025222764824467828e+06 -9.579052568936883472e+05 -1.081827540080379695e+06 -6.219375664048583712e+05 -3.395373179148983909e+05 -6.021353205884592171e+04 -4.226077839511376806e+05
-7.879717692397674546e+04 1.374056562775563914e+06 6.988834946725708432e+06 8.838851868748191046e+05 1.113674185082233598e+05 2.168053353258730203e+05 5.779861430202822521e+04 4.149725211336633947e+04 6.863616437630274049e+03 -1.453007932041119493e+05 2.013939911015758698e+05 4.215700195712842979e+06 -4.958613361548536923e+05 -1.101873401348113985e+05 5.123920802279959316e+05 -3.785502268906607642e+05 1.145230584667777730e+05 -1.934613624615821755e+05
1.116206279621161753e+06 1.175497886887178523e+06 8.838851868748191046e+05 3.707851454633365385e+06 3.026891080599945417e+04 2.239678227655583396e+04 1.325822533968024072e+05 1.423845620553695771e+05 1.384293014277024486e+05 1.279735426140656229e+06 3.355469018551075715e+05 1.453465797487416072e+06 1.961293738573646260e+04 2.192422130101298899e+04 -6.449958992272129981e+05 -3.439620137620093301e+05 2.200332118817137671e+05 -2.067186704254090437e+05
-1.138022595689021051e+06 -4.396911280956747942e+05 1.113674185082233598e+05 3.026891080599945417e+04 9.437859597471670713e+05 9.108857764052334824e+04 -3.568291917998932331e+04 4.323878808295220369e+04 1.902638933002959675e+04 5.567430177096083062e+05 -9.370906507789816533e+04 -3.915912196500284481e+05 2.479452578502193501e+05 2.964164780178316869e+05 1.296587623028971866e+05 2.540518871925972053e+05 2.852827770398831854e+04 6.791183017586501956e+04
-1.419354233394390030e+05 4.043196206006800057e+05 2.168053353258730203e+05 2.239678227655583396e+04 9.108857764052334824e+04 6.598954681255932664e+05 2.067304741744535568e+04 2.634386425212508402e+04 4.669011470165252103e+04 7.611325766736968653e+05 1.682045482787361834e+05 -6.466269899751074845e+05 -2.008245414965961536e+05 9.715543760941008804e+04 3.003923401259962120e+05 5.532799883497469273e+04 1.726743201625416987e+05 7.953569608208400314e+04
-5.646657898772298358e+05 -1.588262987458321732e+05 5.779861430202822521e+04 1.325822533968024072e+05 -3.568291917998932331e+04 2.067304741744535568e+04 4.180059173459637677e+05 4.380761989346209884e+04 3.160324962836798659e+04 2.744812905595506309e+05 -9.312448075000764802e+05 2.117447115103094548e+05 3.188806732663462753e+05 9.803568510966116446e+04 1.761973506324200116e+03 4.256096306805093627e+04 1.584067628459923726e+05 8.149995571791591647e+04
-2.714196685937618022e+05 2.025510548083428002e+05 4.149725211336633947e+04 1.423845620553695771e+05 4.323878808295220369e+04 2.634386425212508402e+04 4.380761989346209884e+04 1.658891440337189706e+05 2.519162850137292116e+04 7.663558415583557507e+04 -4.954944710393305286e+04 8.524384244139962539e+04 1.055547148792045919e+05 9.169186038182169432e+04 -4.302827157427651400e+04 -1.007425342996650725e+05 -2.011081876156661019e+04 3.610144486433389829e+03
2.309913846783861809e+05 1.202113007392642467e+05 6.863616437630274049e+03 1.384293014277024486e+05 1.902638933002959675e+04 4.669011470165252103e+04 3.160324962836798659e+04 2.519162850137292116e+04 6.902481029710258008e+04 5.717191771989525296e+05 -5.073269143668470497e+04 -1.065904370797726879e+05 7.879274811207473022e+02 3.003753615280509985e+04 -2.927982041093588850e+04 1.304608156534112459e+04 2.933758785408463154e+04 2.526933389574899775e+04
2.811662924926165491e+07 2.371424877949939575e+06 -1.453007932041119493e+05 1.279735426140656229e+06 5.567430177096083062e+05 7.611325766736968653e+05 2.744812905595506309e+05 7.663558415583557507e+04 5.717191771989525296e+05 1.837524123034285605e+08 2.131136840512649342e+07 -2.187324476409486961e+06 4.909711306545279222e+05 -1.613568296526979888e+06 -2.338540666086334735e+06 -2.300966926091689093e+05 7.222937634724902455e+05 1.013128709392539458e+06
1.946491786219006404e+07 9.494714567934991792e+06 2.013939911015758698e+05 3.355469018551075715e+05 -9.370906507789816533e+04 1.682045482787361834e+05 -9.312448075000764802e+05 -4.954944710393305286e+04 -5.073269143668470497e+04 2.131136840512649342e+07 1.263327726137897372e+08 -5.173478750196208712e+05 -3.418986883246356738e+05 -3.284491458548455965e+06 -4.251125018124004826e+06 1.126523428346000146e+06 -2.032875708749886369e+06 -4.333590549933012808e+05
-2.515973545195903163e+06 1.025222764824467828e+06 4.215700195712842979e+06 1.453465797487416072e+06 -3.915912196500284481e+05 -6.466269899751074845e+05 2.117447115103094548e+05 8.524384244139962539e+04 -1.065904370797726879e+05 -2.187324476409486961e+06 -5.173478750196208712e+05 4.487637257545029372e+07 8.311920794157109922e+05 -2.943867194295878522e+06 -5.303343966267375508e+05 -3.303078865197402774e+04 4.973235926388978260e+05 -3.433525054948345060e+05
-4.231782409290925600e+06 -9.579052568936883472e+05 -4.958613361548536923e+05 1.961293738573646260e+04 2.479452578502193501e+05 -2.008245414965961536e+05 3.188806732663462753e+05 1.055547148792045919e+05 7.879274811207473022e+02 4.909711306545279222e+05 -3.418986883246356738e+05 8.311920794157109922e+05 6.902569697977392003e+06 1.248438616842875024e+06 -5.184415014346651733e+05 2.887123163869141135e+05 -2.343289198852737900e+05 7.493764718266908312e+04
-4.096329740658499766e+06 -1.081827540080379695e+06 -1.101873401348113985e+05 2.192422130101298899e+04 2.964164780178316869e+05 9.715543760941008804e+04 9.803568510966116446e+04 9.169186038182169432e+04 3.003753615280509985e+04 -1.613568296526979888e+06 -3.284491458548455965e+06 -2.943867194295878522e+06 1.248438616842875024e+06 4.296238979508621618e+06 5.357579815442629624e+05 1.598089782252710720e+05 -1.104350711632772873e+05 8.149756277161605249e+04
-2.398145371677284595e+06 -6.219375664048583712e+05 5.123920802279959316e+05 -6.449958992272129981e+05 1.296587623028971866e+05 3.003923401259962120e+05 1.761973506324200116e+03 -4.302827157427651400e+04 -2.927982041093588850e+04 -2.338540666086334735e+06 -4.251125018124004826e+06 -5.303343966267375508e+05 -5.184415014346651733e+05 5.357579815442629624e+05 3.047126394743103534e+06 1.712980191992945620e+05 2.332384839231873630e+05 7.457511286828249285e+04
7.934834752176140319e+04 -3.395373179148983909e+05 -3.785502268906607642e+05 -3.439620137620093301e+05 2.540518871925972053e+05 5.532799883497469273e+04 4.256096306805093627e+04 -1.007425342996650725e+05 1.304608156534112459e+04 -2.300966926091689093e+05 1.126523428346000146e+06 -3.303078865197402774e+04 2.887123163869141135e+05 1.598089782252710720e+05 1.712980191992945620e+05 1.899153980608098209e+06 2.633152517390751746e+05 1.320130863733671140e+05
-3.793632879592618556e+05 -6.021353205884592171e+04 1.145230584667777730e+05 2.200332118817137671e+05 2.852827770398831854e+04 1.726743201625416987e+05 1.584067628459923726e+05 -2.011081876156661019e+04 2.933758785408463154e+04 7.222937634724902455e+05 -2.032875708749886369e+06 4.973235926388978260e+05 -2.343289198852737900e+05 -1.104350711632772873e+05 2.332384839231873630e+05 2.633152517390751746e+05 1.110295378374025458e+06 1.615275580656063976e+05
1.584908376781717925e+04 -4.226077839511376806e+05 -1.934613624615821755e+05 -2.067186704254090437e+05 6.791183017586501956e+04 7.953569608208400314e+04 8.149995571791591647e+04 3.610144486433389829e+03 2.526933389574899775e+04 1.013128709392539458e+06 -4.333590549933012808e+05 -3.433525054948345060e+05 7.493764718266908312e+04 8.149756277161605249e+04 7.457511286828249285e+04 1.320130863733671140e+05 1.615275580656063976e+05 5.251507986975063104e+05
