# lambda=0.6200436018204196
5.721038863663538545e+07 5.186118683465642855e+06 6.053299517531576566e+05 -1.748358810099800176e+05 -4.544880103690559627e+05 -3.507555956709202146e+05 2.016093593839255118e+04 2.040912057268860517e+05 -7.905040301987723797e+04 -2.666520670412600506e+06 -5.393857815817788942e+05 1.352151787049874431e+06 -1.893941642761303112e+06 -1.000450371454513632e+06 7.869805936845239485e+05 -3.467309237996116281e+05 -7.582710433678808622e+05 -1.721526700144092611e+05
5.186118683465642855e+06 2.017494256620796770e+07 7.700589564270498231e+05 -1.485222693405298633e+05 -2.202180650796448463e+05 -1.358315880893485883e+04 2.280872488843107931e+04 5.353437809955184639e+04 6.757200739430314570e+04 4.933069918472299352e+06 6.696033021452922374e+06 -2.459014504056923761e+04 2.565639411178722221e+05 1.026202644540073583e+06 4.896392393245071289e+05 -3.964174439992521075e+05 -6.211269320039411541e+05 -2.700000838293328998e+05
6.053299517531576566e+05 7.700589564270498231e+05 5.973509269074943848e+06 9.408840580423816573e+05 9.234722750415478367e+04 6.686891141639997659e+04 1.798719508928506229e+03 8.479709838427217619e+04 -2.821175854245418304e+04 5.867577317070891149e+06 1.363512271642353619e+06 1.858718320453286404e+06 1.652805741772974143e+06 4.043604341206214158e+05 3.762319476827925537e+05 -5.416930303886969341e+05 2.353829073574309950e+04 -1.514806898822669245e+04
-1.748358810099800176e+05 -1.485222693405298633e+05 9.408840580423816573e+05 2.544780326422782149e+06 2.940476836539813667e+05 1.411162522083838412e+05 5.161124767036581034e+04 1.657632543955927831e+05 7.002359309308460070e+03 4.026602139754076488e+06 -7.393214398170707682e+03 6.711446246830972377e+05 7.852740874681222485e+05 3.189758326413619798e+05 1.641766978907041193e+05 -2.041074361659299175e+05 -1.398138210682012723e+05 -6.028332983103067818e+04
-4.544880103690559627e+05 -2.202180650796448463e+05 9.234722750415478367e+04 2.940476836539813667e+05 9.771150066739618778e+05 1.143032207477911143e+05 5.654483931812567607e+04 8.027437204514551559e+04 6.677796064589538219e+03 1.521465626824028092e+06 -8.770563629762167693e+04 -3.620936543851852766e+05 -6.301854449610778101e+04 7.903628692977811443e+04 -5.036303083936829353e+03 -6.854219910908525344e+04 3.426693888738186070e+04 6.971470481111321533e+03
-3.507555956709202146e+05 -1.358315880893485883e+04 6.686891141639997659e+04 1.411162522083838412e+05 1.143032207477911143e+05 5.013164569463281659e+05 3.638985577385105717e+04 6.156095325995522580e+04 2.657975133259160066e+04 1.416440747501294361e+06 -2.477493060608165397e+05 -2.697664518861914403e+05 -4.276857850683110883e+04 -5.146896510632273566e+04 1.597921334584729921e+05 -1.748185776190690831e+03 -8.282630718956454075e+03 -7.638208632321974437e+04
2.016093593839255118e+04 2.280872488843107931e+04 1.798719508928506229e+03 5.161124767036581034e+04 5.654483931812567607e+04 3.638985577385105717e+04 2.415875867014617543e+05 3.986810024502700253e+04 1.242561448186082998e+04 -4.851091209357074695e+05 -5.313768023328584386e+05 -1.065761335683662328e+05 -7.791497294269145641e+04 -1.238391487479875832e+04 1.592167841158688816e+03 7.527953231953868817e+04 3.194164667150420428e+04 -1.440381057419337776e+04
2.040912057268860517e+05 5.353437809955184639e+04 8.479709838427217619e+04 1.657632543955927831e+05 8.027437204514551559e+04 6.156095325995522580e+04 3.986810024502700253e+04 2.468123891911382088e+05 1.646450755046522318e+04 7.318916720741883619e+05 -4.335634757901566918e+05 -3.106208632487266441e+05 -3.507607282620965270e+04 1.179747979784561176e+05 6.424177027728065150e+04 2.378622255991780185e+04 3.084625670097625971e+03 -6.262125989643525827e+03
-7.905040301987723797e+04 6.757200739430314570e+04 -2.821175854245418304e+04 7.002359309308460070e+03 6.677796064589538219e+03 2.657975133259160066e+04 1.242561448186082998e+04 1.646450755046522318e+04 9.420480320671958907e+04 -2.892135845819817041e+05 -1.237772392744058307e+05 -1.058256293784034497e+05 -1.649083880137153392e+04 4.937414415169387212e+03 -3.054788015108751279e+04 3.656294273103689648e+03 -1.570007552004229001e+04 9.605756833787230789e+03
-2.666520670412600506e+06 4.933069918472299352e+06 5.867577317070891149e+06 4.026602139754076488e+06 1.521465626824028092e+06 1.416440747501294361e+06 -4.851091209357074695e+05 7.318916720741883619e+05 -2.892135845819817041e+05 2.226597949976521134e+08 1.955426643620350584e+07 9.521919462630786002e+05 6.473827144381340593e+06 3.609419693441935349e+06 3.419818273819571004e+03 -2.027434013618388679e+06 1.250354500085636118e+03 -3.488266397078120499e+05
-5.393857815817788942e+05 6.696033021452922374e+06 1.363512271642353619e+06 -7.393214398170707682e+03 -8.770563629762167693e+04 -2.477493060608165397e+05 -5.313768023328584386e+05 -4.335634757901566918e+05 -1.237772392744058307e+05 1.955426643620350584e+07 8.294895525624574721e+07 4.921797925554475747e+06 2.550429319123166613e+06 1.841687681594198511e+05 1.086518375263317721e+06 -9.769344613960258430e+05 -1.056326162836889271e+06 4.964461547284367844e+05
1.352151787049874431e+06 -2.459014504056923761e+04 1.858718320453286404e+06 6.711446246830972377e+05 -3.620936543851852766e+05 -2.697664518861914403e+05 -1.065761335683662328e+05 -3.106208632487266441e+05 -1.058256293784034497e+05 9.521919462630786002e+05 4.921797925554475747e+06 3.089083452322007716e+07 3.090964358959487639e+06 -1.243869489915447775e+06 -2.061716809234909670e+04 8.867177210816553270e+04 -7.191838347230728250e+05 -1.888304626889263454e+04
-1.893941642761303112e+06 2.565639411178722221e+05 1.652805741772974143e+06 7.852740874681222485e+05 -6.301854449610778101e+04 -4.276857850683110883e+04 -7.791497294269145641e+04 -3.507607282620965270e+04 -1.649083880137153392e+04 6.473827144381340593e+06 2.550429319123166613e+06 3.090964358959487639e+06 1.074117461512871645e+07 8.519723697158999275e+05 4.144698233804705087e+05 -7.722078385586291552e+04 -1.138269406820347358e+05 -7.814305877846150543e+04
-1.000450371454513632e+06 1.026202644540073583e+06 4.043604341206214158e+05 3.189758326413619798e+05 7.903628692977811443e+04 -5.146896510632273566e+04 -1.238391487479875832e+04 1.179747979784561176e+05 4.937414415169387212e+03 3.609419693441935349e+06 1.841687681594198511e+05 -1.243869489915447775e+06 8.519723697158999275e+05 4.923888787629937753e+06 -4.057382594070683263e+04 -6.269849624913161824e+04 1.632560759166681673e+05 -6.796203421029448509e+04
7.869805936845239485e+05 4.896392393245071289e+05 3.762319476827925537e+05 1.641766978907041193e+05 -5.036303083936829353e+03 1.597921334584729921e+05 1.592167841158688816e+03 6.424177027728065150e+04 -3.054788015108751279e+04 3.419818273819571004e+03 1.086518375263317721e+06 -2.061716809234909670e+04 4.144698233804705087e+05 -4.057382594070683263e+04 3.135204824001844507e+06 3.513729032045864005e+04 -1.084244790001438232e+05 -1.217691653766326053e+05
-3.467309237996116281e+05 -3.964174439992521075e+05 -5.416930303886969341e+05 -2.041074361659299175e+05 -6.854219910908525344e+04 -1.748185776190690831e+03 7.527953231953868817e+04 2.378622255991780185e+04 3.656294273103689648e+03 -2.027434013618388679e+06 -9.769344613960258430e+05 8.867177210816553270e+04 -7.722078385586291552e+04 -6.269849624913161824e+04 3.513729032045864005e+04 1.492443147047495469e+06 4.142608961214266310e+04 2.480297056905490899e+04
-7.582710433678808622e+05 -6.211269320039411541e+05 2.353829073574309950e+04 -1.398138210682012723e+05 3.426693888738186070e+04 -8.282630718956454075e+03 3.194164667150420428e+04 3.084625670097625971e+03 -1.570007552004229001e+04 1.250354500085636118e+03 -1.056326162836889271e+06 -7.191838347230728250e+05 -1.138269406820347358e+05 1.632560759166681673e+05 -1.084244790001438232e+05 4.142608961214266310e+04 1.083557577722905902e+06 6.946421747326517652e+04
-1.721526700144092611e+05 -2.700000838293328998e+05 -1.514806898822669245e+04 -6.028332983103067818e+04 6.971470481111321533e+03 -7.638208632321974437e+04 -1.440381057419337776e+04 -6.262125989643525827e+03 9.605756833787230789e+03 -3.488266397078120499e+05 4.964461547284367844e+05 -1.888304626889263454e+04 -7.814305877846150543e+04 -6.796203421029448509e+04 -1.217691653766326053e+05 2.480297056905490899e+04 6.946421747326517652e+04 9.316854812088805484e+05
