# lambda=0.49881966403369793
8.102537418747183681e+07 2.700090226100978907e+06 2.326717032112755405e+05 1.520779570515702246e+06 3.296569291732417187e+05 9.525830722916361992e+04 -9.435572210956094204e+04 -4.746238098663782584e+05 3.587575090042183292e+05 3.207717357413158566e+07 4.190554985735310242e+06 4.572989788263136521e+06 -4.259663869814196369e+05 1.249287036479533417e+06 -5.553000790256069740e+05 4.675173542081053602e+05 8.516441181636597030e+05 1.387824810657644179e+06
2.700090226100978907e+06 1.385061937682708353e+07 2.636230421882606111e+06 9.062000594733747421e+05 6.834835291023086756e+05 1.778930646347052825e+05 -1.414698624167324488e+04 -2.271026736429973971e+05 4.222738050915471831e+04 -5.919606748347077519e+06 7.590624737471832894e+06 9.618413941111484310e+05 1.448391636145054130e+06 1.544851728005706798e+06 2.515009026975242159e+04 1.298358855208648602e+05 5.195739980881917872e+05 2.321483857778719394e+05
2.326717032112755405e+05 2.636230421882606111e+06 5.452963608608394861e+06 7.976814304571244866e+05 2.532920886935748276e+05 9.595807176628793241e+04 1.214999079683357013e+04 -6.975024391195359931e+04 8.031909786499850452e+04 -6.404466442648633383e+06 3.377745046026975848e+06 1.174502089471934363e+06 1.970237020367096411e+06 -3.730446267158934643e+04 4.071947721217935905e+05 1.877039708639488672e+05 2.735936254925325629e+05 2.088851405481572147e+05
1.520779570515702246e+06 9.062000594733747421e+05 7.976814304571244866e+05 2.765108667494119611e+06 4.228952478791237809e+05 1.602373461632914841e+05 8.214606852846332185e+04 -5.052820381083996836e+03 7.453279227247323433e+04 -1.841738127397391712e+06 1.202198079945407808e+05 4.796313540279981098e+05 1.442011951818945818e+06 3.168287503314949572e+05 -3.946329250429653912e+05 2.588721557633494740e+04 2.646882970411577844e+04 9.682912010026795906e+04
3.296569291732417187e+05 6.834835291023086756e+05 2.532920886935748276e+05 4.228952478791237809e+05 9.616966737944292836e+05 9.746880681932831067e+04 2.221522635668369549e+04 -1.380062265731790649e+04 2.291898939944228550e+04 -3.026024319440586492e+06 5.217291449674490141e+05 -4.151827959686624235e+05 4.387299173744497821e+05 3.438436618337055552e+05 -2.623197399607458501e+05 -1.031048401129054982e+05 -8.906894460951547080e+04 -7.079124894131747715e+04
9.525830722916361992e+04 1.778930646347052825e+05 9.595807176628793241e+04 1.602373461632914841e+05 9.746880681932831067e+04 6.117185964230567915e+05 7.151577833090610511e+03 -3.420412950383480393e+02 1.940581391330066253e+04 -6.101362396903659683e+05 -9.246408526078108698e+05 7.834325978980305372e+05 4.115423768493434764e+05 1.369000882490739459e+05 2.226908328888106553e+04 8.659499384753579216e+04 2.460028187934768721e+04 1.089732890063032537e+05
-9.435572210956094204e+04 -1.414698624167324488e+04 1.214999079683357013e+04 8.214606852846332185e+04 2.221522635668369549e+04 7.151577833090610511e+03 2.486010162824877771e+05 4.937594216230294114e+04 9.100926264455063574e+03 -9.757637985706138425e+05 -7.921925998371501919e+05 6.398702766992715624e+04 -2.028001420346168743e+05 -7.828511963532646769e+04 1.846733376759877137e+04 5.596134529299171118e+04 -3.727728095555002801e+04 1.242059231231361082e+04
-4.746238098663782584e+05 -2.271026736429973971e+05 -6.975024391195359931e+04 -5.052820381083996836e+03 -1.380062265731790649e+04 -3.420412950383480393e+02 4.937594216230294114e+04 1.740953400062014989e+05 3.494939132976685869e+03 -2.511526250846439507e+05 -9.299041811251866166e+05 -3.979305165145481005e+05 -9.222118234349976410e+04 -1.081871363269440481e+05 9.835474997300821997e+04 8.181799870890194143e+04 -4.733028190586938763e+03 3.022438425985892536e+04
3.587575090042183292e+05 4.222738050915471831e+04 8.031909786499850452e+04 7.453279227247323433e+04 2.291898939944228550e+04 1.940581391330066253e+04 9.100926264455063574e+03 3.494939132976685869e+03 1.378517886382841680e+05 2.699081900174362236e+05 3.109883162790994393e+05 2.477416680700343277e+05 1.059712590910585095e+04 -4.241903483384590072e+04 2.056395253104129006e+04 7.953266002347672475e+04 9.807534257835584867e+03 4.054676901506679860e+04
3.207717357413158566e+07 -5.919606748347077519e+06 -6.404466442648633383e+06 -1.841738127397391712e+06 -3.026024319440586492e+06 -6.101362396903659683e+05 -9.757637985706138425e+05 -2.511526250846439507e+05 2.699081900174362236e+05 2.852734867956025600e+08 -4.372556846391483210e+06 -1.178428065892398357e+07 -8.460139128489494324e+06 -5.473464214162821881e+05 5.256720690377968131e+05 1.734539511046950473e+06 2.075353062688929494e+06 2.417091728150189447e+05
4.190554985735310242e+06 7.590624737471832894e+06 3.377745046026975848e+06 1.202198079945407808e+05 5.217291449674490141e+05 -9.246408526078108698e+05 -7.921925998371501919e+05 -9.299041811251866166e+05 3.109883162790994393e+05 -4.372556846391483210e+06 7.906354333081917465e+07 1.571796367328633321e+06 2.071469589449626626e+06 2.306456906989934389e+06 -7.727574031180633465e+05 4.684297060645366437e+05 3.316486753956590546e+05 6.461292402237765782e+04
4.572989788263136521e+06 9.618413941111484310e+05 1.174502089471934363e+06 4.796313540279981098e+05 -4.151827959686624235e+05 7.834325978980305372e+05 6.398702766992715624e+04 -3.979305165145481005e+05 2.477416680700343277e+05 -1.178428065892398357e+07 1.571796367328633321e+06 3.219202254942095652e+07 3.333164498026315589e+06 -2.443945450081772578e+05 3.070854813951682299e+05 7.644107556584583363e+05 -1.802561521987429878e+05 5.785673825494607445e+05
-4.259663869814196369e+05 1.448391636145054130e+06 1.970237020367096411e+06 1.442011951818945818e+06 4.387299173744497821e+05 4.115423768493434764e+05 -2.028001420346168743e+05 -9.222118234349976410e+04 1.059712590910585095e+04 -8.460139128489494324e+06 2.071469589449626626e+06 3.333164498026315589e+06 1.472754787825458869e+07 1.008982191164211603e+06 -2.305831630764861766e+05 -9.271815575903555145e+04 -2.377402413458385854e+05 2.977318723276933306e+05
1.249287036479533417e+06 1.544851728005706798e+06 -3.730446267158934643e+04 3.168287503314949572e+05 3.438436618337055552e+05 1.369000882490739459e+05 -7.828511963532646769e+04 -1.081871363269440481e+05 -4.241903483384590072e+04 -5.473464214162821881e+05 2.306456906989934389e+06 -2.443945450081772578e+05 1.008982191164211603e+06 4.494764453498507850e+06 -5.891911706827417947e+05 -3.593376067260598065e+05 -3.064813992930380628e+05 1.398096960751633451e+05
-5.553000790256069740e+05 2.515009026975242159e+04 4.071947721217935905e+05 -3.946329250429653912e+05 -2.623197399607458501e+05 2.226908328888106553e+04 1.846733376759877137e+04 9.835474997300821997e+04 2.056395253104129006e+04 5.256720690377968131e+05 -7.727574031180633465e+05 3.070854813951682299e+05 -2.305831630764861766e+05 -5.891911706827417947e+05 2.351643532087887637e+06 5.187602380683288211e+05 2.772398382027346524e+05 2.493629010675337922e+05
4.675173542081053602e+05 1.298358855208648602e+05 1.877039708639488672e+05 2.588721557633494740e+04 -1.031048401129054982e+05 8.659499384753579216e+04 5.596134529299171118e+04 8.181799870890194143e+04 7.953266002347672475e+04 1.734539511046950473e+06 4.684297060645366437e+05 7.644107556584583363e+05 -9.271815575903555145e+04 -3.593376067260598065e+05 5.187602380683288211e+05 1.434201392207972938e+06 2.271464406703977147e+05 2.328409743871545943e+05
8.516441181636597030e+05 5.195739980881917872e+05 2.735936254925325629e+05 2.646882970411577844e+04 -8.906894460951547080e+04 2.460028187934768721e+04 -3.727728095555002801e+04 -4.733028190586938763e+03 9.807534257835584867e+03 2.075353062688929494e+06 3.316486753956590546e+05 -1.802561521987429878e+05 -2.377402413458385854e+05 -3.064813992930380628e+05 2.772398382027346524e+05 2.271464406703977147e+05 9.646986180382904131e+05 1.498288486237202596e+05
1.387824810657644179e+06 2.321483857778719394e+05 2.088851405481572147e+05 9.682912010026795906e+04 -7.079124894131747715e+04 1.089732890063032537e+05 1.242059231231361082e+04 3.022438425985892536e+04 4.054676901506679860e+04 2.417091728150189447e+05 6.461292402237765782e+04 5.785673825494607445e+05 2.977318723276933306e+05 1.398096960751633451e+05 2.493629010675337922e+05 2.328409743871545943e+05 1.498288486237202596e+05 6.669204532705124002e+05
