# lambda=0.8375658253558633
6.218007590132768452e+07 -3.664788378948897589e+05 -5.905949025643800851e+05 -8.043260264115359168e+05 -2.122612302034228924e+04 3.143670810344445272e+04 -8.554922476061900670e+04 -1.608890875185816840e+05 -1.270880028936277959e+05 9.645144476178050041e+06 -1.150802570030954666e+06 -2.334729581894845702e+06 -4.105693935711638187e+05 -2.277349952314014081e+05 -4.235348349690358737e+05 6.113680292979482147e+03 -5.951658596588207729e+03 -1.196809197222328949e+05
-3.664788378948897589e+05 1.246606927256337181e+07 3.929200721893855953e+05 2.225441706780974055e+05 -8.153145121951513283e+04 3.211210000859736465e+04 -1.030745603334389598e+05 1.552063934135929958e+04 3.814882617020764883e+04 2.204155139821762219e+06 1.170842721376375528e+06 4.303268765008095652e+05 2.476304284934354946e+05 -2.678663914435572224e+05 -2.430288266850167129e+05 -1.202354638717318012e+05 1.139152813581950759e+05 3.028129270145552800e+04
-5.905949025643800851e+05 3.929200721893855953e+05 2.989178737406222150e+06 1.193171801490541693e+05 -6.783932420657599323e+03 4.163990103324403026e+04 -3.874850223215363076e+04 2.668817748275565100e+04 1.692463042081629101e+04 8.418314413212469080e+05 1.033779940634120721e+06 9.036700751805028412e+05 4.868167135455092648e+04 -2.257439273594703991e+05 -4.161628638070292072e+04 -8.236378915269368736e+04 -3.921944813840559800e+04 3.245260300121476030e+04
-8.043260264115359168e+05 2.225441706780974055e+05 1.193171801490541693e+05 3.775048711718117353e+06 1.210736297412577842e+05 -2.638383493939814798e+04 -3.734803747827041661e+04 -6.678588687071261347e+02 2.251986964646856359e+04 -2.249145057387322653e+06 4.575846304548666812e+05 1.744018240308125096e+05 -5.426160343667811685e+04 2.481198855592101972e+04 1.639306477680292737e+05 2.552075647455956187e+03 7.046620204134829692e+04 3.630948530697954266e+04
-2.122612302034228924e+04 -8.153145121951513283e+04 -6.783932420657599323e+03 1.210736297412577842e+05 1.102146842408998637e+06 1.760459345722067883e+04 6.972532160847792511e+03 3.041273943258513100e+03 1.335434122034969369e+04 -4.527171639740699320e+05 3.815771189591130242e+05 -3.433249796362440102e+05 -1.746589316314222815e+05 7.749060433394499705e+04 1.061008609486968053e+05 -3.513358549770434183e+04 1.604867843242726303e+04 3.526198306210530973e+03
3.143670810344445272e+04 3.211210000859736465e+04 4.163990103324403026e+04 -2.638383493939814798e+04 1.760459345722067883e+04 6.224702344158394262e+05 1.393675880052445063e+04 -7.398207889330664329e+03 1.400225522528666261e+04 7.850885437839620281e+05 4.284405282373130467e+04 -5.650917235389346752e+04 2.731931186018975495e+04 1.451646783728559058e+04 4.789914891846224054e+04 1.588881176218156543e+04 1.209009756676901634e+04 1.270589592470426942e+04
-8.554922476061900670e+04 -1.030745603334389598e+05 -3.874850223215363076e+04 -3.734803747827041661e+04 6.972532160847792511e+03 1.393675880052445063e+04 2.674506701350036310e+05 6.240006095615328377e+03 -1.098008290066554991e+03 -5.098808026316082687e+05 -6.908876521263527684e+04 -5.825736379666076391e+04 7.886891864030680154e+03 4.442572728603344331e+03 2.420056329900286437e+04 1.272438270198002647e+04 -1.806822142511561105e+04 -7.674064671567599362e+03
-1.608890875185816840e+05 1.552063934135929958e+04 2.668817748275565100e+04 -6.678588687071261347e+02 3.041273943258513100e+03 -7.398207889330664329e+03 6.240006095615328377e+03 1.778364487346380483e+05 6.624583650870349629e+03 -1.963714370013407315e+05 -8.158342183887350257e+04 4.601558845242912503e+04 -2.288307250607799142e+04 -6.020298987871241115e+04 5.571243552906943250e+02 -4.575396058296292722e+03 1.160690133853659972e+04 2.211926383268370955e+03
-1.270880028936277959e+05 3.814882617020764883e+04 1.692463042081629101e+04 2.251986964646856359e+04 1.335434122034969369e+04 1.400225522528666261e+04 -1.098008290066554991e+03 6.624583650870349629e+03 1.434840521118375182e+05 1.885509200139765017e+04 1.425245355604662291e+04 -5.218518183675094042e+04 3.247612952420932288e+03 -8.532918728124150221e+03 8.021444819719707084e+03 -6.807971284922645339e+01 -1.225379840739488100e+04 1.449314498334514064e+04
9.645144476178050041e+06 2.204155139821762219e+06 8.418314413212469080e+05 -2.249145057387322653e+06 -4.527171639740699320e+05 7.850885437839620281e+05 -5.098808026316082687e+05 -1.963714370013407315e+05 1.885509200139765017e+04 4.004130577339384556e+08 4.318529758316183463e+06 -2.354745784779360518e+06 9.208365627759085037e+05 6.177666092919753864e+05 -1.044257134068001877e+06 -5.956369665056309896e+04 -5.804225370657631429e+05 3.939800619514519349e+05
-1.150802570030954666e+06 1.170842721376375528e+06 1.033779940634120721e+06 4.575846304548666812e+05 3.815771189591130242e+05 4.284405282373130467e+04 -6.908876521263527684e+04 -8.158342183887350257e+04 1.425245355604662291e+04 4.318529758316183463e+06 8.641661695353083313e+07 1.788083528365608072e+06 1.262621573683052120e+05 -1.357043096284193962e+04 1.576889969293843315e+05 -4.582671830495120957e+05 -2.085091062490320764e+05 -6.277635560789789452e+04
-2.334729581894845702e+06 4.303268765008095652e+05 9.036700751805028412e+05 1.744018240308125096e+05 -3.433249796362440102e+05 -5.650917235389346752e+04 -5.825736379666076391e+04 4.601558845242912503e+04 -5.218518183675094042e+04 -2.354745784779360518e+06 1.788083528365608072e+06 3.615507794573689997e+07 6.097127327545604203e+05 -3.355165834495168529e+05 -1.649623523121749458e+05 3.744967422183558665e+04 8.878215644684685685e+04 2.097650734856177005e+05
-4.105693935711638187e+05 2.476304284934354946e+05 4.868167135455092648e+04 -5.426160343667811685e+04 -1.746589316314222815e+05 2.731931186018975495e+04 7.886891864030680154e+03 -2.288307250607799142e+04 3.247612952420932288e+03 9.208365627759085037e+05 1.262621573683052120e+05 6.097127327545604203e+05 9.186130197147319093e+06 1.142327111370896891e+05 -1.714563450200167135e+05 1.931306226278414833e+05 2.820121890774968961e+03 7.857589938218735915e+04
-2.277349952314014081e+05 -2.678663914435572224e+05 -2.257439273594703991e+05 2.481198855592101972e+04 7.749060433394499705e+04 1.451646783728559058e+04 4.442572728603344331e+03 -6.020298987871241115e+04 -8.532918728124150221e+03 6.177666092919753864e+05 -1.357043096284193962e+04 -3.355165834495168529e+05 1.142327111370896891e+05 5.211065337802318856e+06 7.908043058876665600e+04 -7.391210692416390521e+04 -3.639123478254970541e+04 2.784669151138414600e+04
-4.235348349690358737e+05 -2.430288266850167129e+05 -4.161628638070292072e+04 1.639306477680292737e+05 1.061008609486968053e+05 4.789914891846224054e+04 2.420056329900286437e+04 5.571243552906943250e+02 8.021444819719707084e+03 -1.044257134068001877e+06 1.576889969293843315e+05 -1.649623523121749458e+05 -1.714563450200167135e+05 7.908043058876665600e+04 2.548303651077100076e+06 -1.780939028131021041e+04 2.336631062576061595e+04 2.053336619140980474e+04
6.113680292979482147e+03 -1.202354638717318012e+05 -8.236378915269368736e+04 2.552075647455956187e+03 -3.513358549770434183e+04 1.588881176218156543e+04 1.272438270198002647e+04 -4.575396058296292722e+03 -6.807971284922645339e+01 -5.956369665056309896e+04 -4.582671830495120957e+05 3.744967422183558665e+04 1.931306226278414833e+05 -7.391210692416390521e+04 -1.780939028131021041e+04 1.387404254047005437e+06 1.449089304915762114e+04 2.722906732925989490e+04
-5.951658596588207729e+03 1.139152813581950759e+05 -3.921944813840559800e+04 7.046620204134829692e+04 1.604867843242726303e+04 1.209009756676901634e+04 -1.806822142511561105e+04 1.160690133853659972e+04 -1.225379840739488100e+04 -5.804225370657631429e+05 -2.085091062490320764e+05 8.878215644684685685e+04 2.820121890774968961e+03 -3.639123478254970541e+04 2.336631062576061595e+04 1.449089304915762114e+04 1.277173496073985007e+06 3.161528256036869061e+04
-1.196809197222328949e+05 3.028129270145552800e+04 3.245260300121476030e+04 3.630948530697954266e+04 3.526198306210530973e+03 1.270589592470426942e+04 -7.674064671567599362e+03 2.211926383268370955e+03 1.449314498334514064e+04 3.939800619514519349e+05 -6.277635560789789452e+04 2.097650734856177005e+05 7.857589938218735915e+04 2.784669151138414600e+04 2.053336619140980474e+04 2.722906732925989490e+04 3.161528256036869061e+04 4.463708121170934173e+05
