# lambda=0.5670450891948822
7.629961179304717481e+07 5.032550397700428963e+06 1.808424660087106982e+06 1.742717563099187566e+06 -4.267767979549153824e+05 -6.155614717790972209e+05 4.175579434609145974e+05 3.781685714757083915e+05 -2.873877461695509919e+04 2.088548941852629557e+07 2.728238853941473644e+06 -5.868088432764178142e+06 3.680196998313803691e+06 5.116291100068216911e+05 -2.161060827293050825e+05 3.979885444556175498e+05 -5.495935921683139168e+05 -4.201002588499608682e+05
5.032550397700428963e+06 1.341262936102020182e+07 9.711864444669962395e+05 4.283920628335801302e+05 -5.107862293996076914e+04 2.674639778971829219e+05 4.378828201986502972e+05 2.291383564653912617e+05 -6.384173190891053673e+04 7.445618327464636415e+06 5.542524633800612763e+06 -3.228786057003422175e+06 1.967600194976972416e+06 1.051150240255597979e+06 1.483004107315648114e+06 4.936908883894026512e+05 5.582861022464553826e+05 3.081768530227372539e+05
1.808424660087106982e+06 9.711864444669962395e+05 6.065303514872159809e+06 6.832446909991531866e+05 -1.020900701899891646e+04 3.420012163904079353e+04 7.179019245263325865e+04 6.435024817617815279e+04 6.323389256535602181e+04 2.646976306709166151e+06 1.416929211484350730e+06 -3.875328773469777661e+04 7.126848648457197705e+05 -1.511179891168474569e+05 -4.577331682652830495e+05 2.600072977576114645e+05 -5.231786153436484892e+04 -8.136562278192659141e+04
1.742717563099187566e+06 4.283920628335801302e+05 6.832446909991531866e+05 2.414700858489019796e+06 1.398592408311322797e+05 1.388474243717051831e+04 2.452804200782627595e+04 7.151735446334169865e+03 2.331430311217712369e+04 2.512241247308432125e+06 8.799544742700072238e+05 -7.354532372257580573e+04 9.457333738616652554e+05 5.257700714236008935e+04 9.780674339115148177e+04 8.970152801562346576e+04 -1.537038171551805281e+05 1.676616081483642847e+04
-4.267767979549153824e+05 -5.107862293996076914e+04 -1.020900701899891646e+04 1.398592408311322797e+05 8.937468139572491636e+05 7.290702824736418552e+04 1.696639142816396270e+04 1.977039252136738287e+04 5.012288418482494308e+04 6.647885182687379420e+05 5.347350116516849957e+05 -2.761311441938846256e+05 1.259312811285552889e+05 4.404279407945818966e+05 4.130896573270658846e+05 2.641100685870076413e+05 2.126131235935105069e+05 6.757793203281622846e+04
-6.155614717790972209e+05 2.674639778971829219e+05 3.420012163904079353e+04 1.388474243717051831e+04 7.290702824736418552e+04 3.789148845429627690e+05 5.902482214063336869e+04 2.946123281622734066e+04 1.109371779552913722e+04 -1.121159507691960316e+06 -2.491922045374435256e+05 -8.203092109277685813e+04 -6.934106273852527238e+02 2.756823548186497646e+05 2.020318323624270270e+05 -2.001676785125612514e+04 6.550430155150779319e+04 -3.747311488089990235e+03
4.175579434609145974e+05 4.378828201986502972e+05 7.179019245263325865e+04 2.452804200782627595e+04 1.696639142816396270e+04 5.902482214063336869e+04 3.106923393405398238e+05 6.845655978700169362e+04 7.674582488164606730e+03 5.824742792782754404e+05 2.807346052442424116e+05 1.163368630975664128e+05 3.044999622531339410e+05 1.615532340723637899e+05 1.514749510728315508e+05 1.488607605734958779e+05 1.698795010265176825e+05 3.643021568990671221e+04
3.781685714757083915e+05 2.291383564653912617e+05 6.435024817617815279e+04 7.151735446334169865e+03 1.977039252136738287e+04 2.946123281622734066e+04 6.845655978700169362e+04 2.385193260278767557e+05 3.078240634820073319e+04 2.974245517656700686e+05 -4.563040249483123771e+05 1.596338895871775458e+05 2.613950640167853562e+05 1.477219626990440302e+05 7.222501455642208748e+04 7.872816835180946509e+04 1.200005234284562757e+05 4.294915979670575325e+04
-2.873877461695509919e+04 -6.384173190891053673e+04 6.323389256535602181e+04 2.331430311217712369e+04 5.012288418482494308e+04 1.109371779552913722e+04 7.674582488164606730e+03 3.078240634820073319e+04 1.009899914998776221e+05 3.809660003229725407e+05 -2.648964436582275084e+05 -1.281873229382843056e+04 7.693154518107527110e+04 8.664579174699398573e+04 6.284215502466910038e+03 -3.972438170787283525e+03 4.931178811966907233e+04 4.796568473605567851e+04
2.088548941852629557e+07 7.445618327464636415e+06 2.646976306709166151e+06 2.512241247308432125e+06 6.647885182687379420e+05 -1.121159507691960316e+06 5.824742792782754404e+05 2.974245517656700686e+05 3.809660003229725407e+05 2.448466569784134030e+08 1.219589302073209360e+07 -1.481953743984691799e+07 2.833439700558171142e+06 1.358091805781339528e+06 1.513991027434020769e+06 2.907426921472103801e+06 3.121702546956705395e+06 2.402566367042358965e+06
2.728238853941473644e+06 5.542524633800612763e+06 1.416929211484350730e+06 8.799544742700072238e+05 5.347350116516849957e+05 -2.491922045374435256e+05 2.807346052442424116e+05 -4.563040249483123771e+05 -2.648964436582275084e+05 1.219589302073209360e+07 9.580629288811290264e+07 6.502937366578599904e+05 1.612919822632369120e+06 1.590944161394092487e+06 1.820367090445614653e+06 1.935331789348389022e+06 3.823554032399418065e+05 8.070719135982289445e+05
-5.868088432764178142e+06 -3.228786057003422175e+06 -3.875328773469777661e+04 -7.354532372257580573e+04 -2.761311441938846256e+05 -8.203092109277685813e+04 1.163368630975664128e+05 1.596338895871775458e+05 -1.281873229382843056e+04 -1.481953743984691799e+07 6.502937366578599904e+05 3.877633824361807853e+07 3.719334939324918203e+06 -8.436026786744333804e+05 -1.876204960364506114e+06 -1.948554928861139051e+05 -8.487694958255770325e+04 3.962744254716512514e+05
3.680196998313803691e+06 1.967600194976972416e+06 7.126848648457197705e+05 9.457333738616652554e+05 1.259312811285552889e+05 -6.934106273852527238e+02 3.044999622531339410e+05 2.613950640167853562e+05 7.693154518107527110e+04 2.833439700558171142e+06 1.612919822632369120e+06 3.719334939324918203e+06 1.114396849024808966e+07 5.019831200980406720e+05 4.224580754160808865e+05 1.640827871192146267e+05 2.437294437831682735e+05 6.227216666005812585e+05
5.116291100068216911e+05 1.051150240255597979e+06 -1.511179891168474569e+05 5.257700714236008935e+04 4.404279407945818966e+05 2.756823548186497646e+05 1.615532340723637899e+05 1.477219626990440302e+05 8.664579174699398573e+04 1.358091805781339528e+06 1.590944161394092487e+06 -8.436026786744333804e+05 5.019831200980406720e+05 3.866978885957568884e+06 1.050379687908965629e+06 3.820684600721671013e+05 3.158204146580990637e+05 1.578053450835970289e+05
-2.161060827293050825e+05 1.483004107315648114e+06 -4.577331682652830495e+05 9.780674339115148177e+04 4.130896573270658846e+05 2.020318323624270270e+05 1.514749510728315508e+05 7.222501455642208748e+04 6.284215502466910038e+03 1.513991027434020769e+06 1.820367090445614653e+06 -1.876204960364506114e+06 4.224580754160808865e+05 1.050379687908965629e+06 3.959006220551032573e+06 4.386408805656199111e+05 4.540748187155300402e+05 2.410440167698503355e+05
3.979885444556175498e+05 4.936908883894026512e+05 2.600072977576114645e+05 8.970152801562346576e+04 2.641100685870076413e+05 -2.001676785125612514e+04 1.488607605734958779e+05 7.872816835180946509e+04 -3.972438170787283525e+03 2.907426921472103801e+06 1.935331789348389022e+06 -1.948554928861139051e+05 1.640827871192146267e+05 3.820684600721671013e+05 4.386408805656199111e+05 1.799417713739601197e+06 4.653693604446434183e+05 1.328968690150773909e+05
-5.495935921683139168e+05 5.582861022464553826e+05 -5.231786153436484892e+04 -1.537038171551805281e+05 2.126131235935105069e+05 6.550430155150779319e+04 1.698795010265176825e+05 1.200005234284562757e+05 4.931178811966907233e+04 3.121702546956705395e+06 3.823554032399418065e+05 -8.487694958255770325e+04 2.437294437831682735e+05 3.158204146580990637e+05 4.540748187155300402e+05 4.653693604446434183e+05 1.617440338469256181e+06 2.836109559889980592e+05
-4.201002588499608682e+05 3.081768530227372539e+05 -8.136562278192659141e+04 1.676616081483642847e+04 6.757793203281622846e+04 -3.747311488089990235e+03 3.643021568990671221e+04 4.294915979670575325e+04 4.796568473605567851e+04 2.402566367042358965e+06 8.070719135982289445e+05 3.962744254716512514e+05 6.227216666005812585e+05 1.578053450835970289e+05 2.410440167698503355e+05 1.328968690150773909e+05 2.836109559889980592e+05 9.985387907396426890e+05
