# lambda=0.9351524732004197
3.835064479598697275e+07 2.734287983206312492e+04 -2.408967281231765228e+05 2.716552285118910368e+04 -3.803029823657453380e+04 4.742724118678644300e+04 -3.980964404250456573e+04 5.342180641810194356e+04 2.923317317919201741e+04 5.307088672166145407e+05 -5.134523276781169116e+05 1.539235918512784119e+05 -6.486822078827208315e+03 1.306862803790818077e+02 9.549894765541722882e+04 -3.766027134461209789e+04 -3.534255555952791383e+03 1.224129513490958052e+05
2.734287983206312492e+04 1.592257836510211229e+07 1.142746395175219368e+05 -1.383135153283430736e+04 -2.682765932487636019e+04 4.731327251631781110e+04 2.078639483754176763e+04 -7.021158616370849813e+03 -2.691153383515917085e+04 1.587991090101958544e+05 1.068522969677443150e+06 4.337707252598173218e+05 1.719511956956815266e+05 -1.074820033029781189e+05 1.631314254301498586e+05 1.259126349269926868e+04 -6.410289507252754993e+04 -4.670024973934643640e+04
-2.408967281231765228e+05 1.142746395175219368e+05 5.449509911784919910e+06 1.362215860731168505e+04 -6.478921077166941359e+03 -3.113755876107317818e+03 2.356534332021892260e+04 -9.078404147820756407e+03 3.763449949713446131e+03 -5.306803920726003707e+04 2.769581727160351875e+04 1.870956237980791484e+05 1.340531658110593271e+05 7.690141285577940289e+04 2.559295668035108611e+04 -2.293186169261480609e+04 -2.825456977206047668e+04 -3.179231520075031585e+04
2.716552285118910368e+04 -1.383135153283430736e+04 1.362215860731168505e+04 2.021503901458673179e+06 2.035443474086173228e+04 -2.405126628287091080e+03 -2.092063780324119762e+03 -5.845951365700965653e+03 4.060372022630982428e+03 -2.625951028920580939e+04 -2.500394995251364890e+05 -8.512213398829953803e+04 8.200590480748566915e+04 3.213513729443502962e+04 -4.320352827109464670e+03 2.602394550958886975e+04 -2.995722269922956548e+04 2.621069771977673099e+03
-3.803029823657453380e+04 -2.682765932487636019e+04 -6.478921077166941359e+03 2.035443474086173228e+04 9.154113892396187875e+05 2.020408237577328691e+04 -5.396388026754975726e+03 2.776822512598405865e+03 5.802261418698819398e+03 -1.792348577364756493e+05 -4.737987377290334553e+04 -1.687001990750362893e+04 2.973942912457129205e+04 5.193788300161340885e+04 5.600731567874776374e+03 -2.763474341096888111e+03 -1.287256255797100130e+04 5.412383104140057185e+03
4.742724118678644300e+04 4.731327251631781110e+04 -3.113755876107317818e+03 -2.405126628287091080e+03 2.020408237577328691e+04 6.072612012057082029e+05 4.049888664627772414e+03 5.189413081292758761e+03 7.130414756321110872e+02 -6.239807617790714721e+04 -4.168784664685631287e+04 1.377537519635380340e+04 5.039790792077132937e+04 3.741565635503075464e+04 3.660791659923172847e+04 1.959551867281261821e+03 -1.365052223462266920e+04 -1.015137554489361833e+03
-3.980964404250456573e+04 2.078639483754176763e+04 2.356534332021892260e+04 -2.092063780324119762e+03 -5.396388026754975726e+03 4.049888664627772414e+03 2.716710063145473832e+05 5.888256079833327306e+01 -2.028145217331299591e+03 4.054479510216719063e+04 -2.005328980210391819e+04 -2.083679464163048033e+04 4.988538872056577020e+03 -3.259316787273867703e+03 3.152154562953071036e+03 -2.359180665961885552e+03 -8.616524027262585150e+03 -1.072239561284573210e+04
5.342180641810194356e+04 -7.021158616370849813e+03 -9.078404147820756407e+03 -5.845951365700965653e+03 2.776822512598405865e+03 5.189413081292758761e+03 5.888256079833327306e+01 1.960759930076491728e+05 2.008295453892224486e+03 8.179223580008403223e+04 -1.001603682312016463e+04 -3.497269277014189720e+04 3.624936335293779848e+04 2.172603508408944617e+04 1.080566609591473753e+04 -6.402380106870358759e+03 -1.781779405900751954e+03 -1.517494064544384401e+03
2.923317317919201741e+04 -2.691153383515917085e+04 3.763449949713446131e+03 4.060372022630982428e+03 5.802261418698819398e+03 7.130414756321110872e+02 -2.028145217331299591e+03 2.008295453892224486e+03 1.456035273250381579e+05 3.206689011974469395e+04 3.895935671082862973e+04 -4.012070932058504695e+03 1.018893063319445719e+04 2.301425530527925730e+04 1.446057154341894966e+04 9.056751447741420634e+03 6.580214711356338739e+03 1.003597487637779159e+04
5.307088672166145407e+05 1.587991090101958544e+05 -5.306803920726003707e+04 -2.625951028920580939e+04 -1.792348577364756493e+05 -6.239807617790714721e+04 4.054479510216719063e+04 8.179223580008403223e+04 3.206689011974469395e+04 1.739955181735967696e+08 2.262274016174201388e+06 3.155906577438341919e+05 7.553578670344053535e+04 5.748950591095777927e+05 1.351718435700877744e+05 -6.116559834569440864e+04 -8.370843653283528693e+04 -3.729006975783614325e+04
-5.134523276781169116e+05 1.068522969677443150e+06 2.769581727160351875e+04 -2.500394995251364890e+05 -4.737987377290334553e+04 -4.168784664685631287e+04 -2.005328980210391819e+04 -1.001603682312016463e+04 3.895935671082862973e+04 2.262274016174201388e+06 1.033815401146565825e+08 9.078318632171507925e+05 1.291760202836571261e+05 1.981745338564841659e+05 6.063679555188575760e+05 2.967565760280698887e+05 1.646983135557963396e+05 -1.444228287602636010e+04
1.539235918512784119e+05 4.337707252598173218e+05 1.870956237980791484e+05 -8.512213398829953803e+04 -1.687001990750362893e+04 1.377537519635380340e+04 -2.083679464163048033e+04 -3.497269277014189720e+04 -4.012070932058504695e+03 3.155906577438341919e+05 9.078318632171507925e+05 2.568844343729993701e+07 5.484806192579141352e+05 6.458976412899035495e+04 4.851831073837871372e+04 3.400632055481382122e+04 -2.268963846157433363e+04 3.186027468901659449e+04
-6.486822078827208315e+03 1.719511956956815266e+05 1.340531658110593271e+05 8.200590480748566915e+04 2.973942912457129205e+04 5.039790792077132937e+04 4.988538872056577020e+03 3.624936335293779848e+04 1.018893063319445719e+04 7.553578670344053535e+04 1.291760202836571261e+05 5.484806192579141352e+05 1.507079169463079795e+07 2.322177828867747448e+05 8.485424043538211845e+04 1.550652582811063257e+04 -5.512006480519757315e+04 -3.067757959889528502e+04
1.306862803790818077e+02 -1.074820033029781189e+05 7.690141285577940289e+04 3.213513729443502962e+04 5.193788300161340885e+04 3.741565635503075464e+04 -3.259316787273867703e+03 2.172603508408944617e+04 2.301425530527925730e+04 5.748950591095777927e+05 1.981745338564841659e+05 6.458976412899035495e+04 2.322177828867747448e+05 6.899789937891781330e+06 1.518346480544096557e+05 6.366365655367264480e+03 -9.587874393432370198e+03 1.504887092484826644e+04
9.549894765541722882e+04 1.631314254301498586e+05 2.559295668035108611e+04 -4.320352827109464670e+03 5.600731567874776374e+03 3.660791659923172847e+04 3.152154562953071036e+03 1.080566609591473753e+04 1.446057154341894966e+04 1.351718435700877744e+05 6.063679555188575760e+05 4.851831073837871372e+04 8.485424043538211845e+04 1.518346480544096557e+05 3.475789886334531475e+06 6.620584431606357975e+04 2.405884914256119737e+04 2.526821363563037812e+04
-3.766027134461209789e+04 1.259126349269926868e+04 -2.293186169261480609e+04 2.602394550958886975e+04 -2.763474341096888111e+03 1.959551867281261821e+03 -2.359180665961885552e+03 -6.402380106870358759e+03 9.056751447741420634e+03 -6.116559834569440864e+04 2.967565760280698887e+05 3.400632055481382122e+04 1.550652582811063257e+04 6.366365655367264480e+03 6.620584431606357975e+04 1.213746716265542665e+06 1.610021307278904169e+04 1.725619143086749682e+04
-3.534255555952791383e+03 -6.410289507252754993e+04 -2.825456977206047668e+04 -2.995722269922956548e+04 -1.287256255797100130e+04 -1.365052223462266920e+04 -8.616524027262585150e+03 -1.781779405900751954e+03 6.580214711356338739e+03 -8.370843653283528693e+04 1.646983135557963396e+05 -2.268963846157433363e+04 -5.512006480519757315e+04 -9.587874393432370198e+03 2.405884914256119737e+04 1.610021307278904169e+04 7.569803436181383440e+05 2.072013568989468331e+04
1.224129513490958052e+05 -4.670024973934643640e+04 -3.179231520075031585e+04 2.621069771977673099e+03 5.412383104140057185e+03 -1.015137554489361833e+03 -1.072239561284573210e+04 -1.517494064544384401e+03 1.003597487637779159e+04 -3.729006975783614325e+04 -1.444228287602636010e+04 3.186027468901659449e+04 -3.067757959889528502e+04 1.504887092484826644e+04 2.526821363563037812e+04 1.725619143086749682e+04 2.072013568989468331e+04 6.046529436451472575e+05
