# lambda=0.5062261830238467
3.499596681366693974e+07 1.309109851032289909e+06 -7.816314045120965457e+05 9.010236900970787974e+05 2.279305788536667533e+05 -2.202417078378497899e+04 3.147099478625223855e+04 3.006227106066429988e+05 -5.044279992939227668e+04 2.017301708344838023e+07 -3.614368666487338953e+06 -2.471353024568336084e+06 -1.571755598567701643e+06 -3.513511054670331650e+05 8.280659308633327018e+05 -2.338287416238455626e+05 3.744478768293999019e+05 4.079421936455130344e+05
1.309109851032289909e+06 1.366720251793354005e+07 9.837830441408037441e+05 8.175248152194125578e+05 -1.308703594684645941e+05 -5.285694865986839868e+05 4.105559662312263972e+05 3.386164118255791254e+05 5.974517079260166065e+04 5.646406507429978810e+06 -2.261546894990238827e+06 9.642538703253008425e+05 1.441848161284588743e+06 9.383439671854701592e+05 -3.433694861048249295e+05 6.743392695608128270e+04 3.649121887444591266e+05 1.363451627520964539e+05
-7.816314045120965457e+05 9.837830441408037441e+05 6.395932048597799614e+06 -2.468550909616499121e+04 -8.694928538281917281e+04 1.052899968123067956e+05 1.718506059998745041e+05 1.174666110701136786e+05 -5.538444910197478021e+04 -1.228659279762190068e+06 -1.612914884856113466e+06 3.372193462693858892e+06 4.679773695250747842e+05 2.140839853702457622e+05 -2.770997184428956461e+04 8.499035845058782434e+04 1.677500569225578802e+05 -3.645477525731577043e+04
9.010236900970787974e+05 8.175248152194125578e+05 -2.468550909616499121e+04 1.717233945958537981e+06 4.661929140159762028e+04 -1.522207505385709228e+05 4.139358235745650018e+04 -4.666159462237794651e+04 -3.430266576750716922e+04 2.130579638722204603e+06 -9.643621971398936585e+05 -2.718248038604193134e+05 3.376529155754899839e+05 2.109516053010108590e+05 -7.253208597202684905e+04 -6.344826160731004347e+04 5.347954813522988843e+04 7.964488582838195725e+04
2.279305788536667533e+05 -1.308703594684645941e+05 -8.694928538281917281e+04 4.661929140159762028e+04 1.363614906704095891e+06 5.808635129641499952e+04 -5.423105121415705071e+04 1.548891103840466894e+04 3.599895508631426492e+04 8.968968679723516107e+05 -6.947793647846308886e+04 -5.812834707265463658e+05 1.177829370119391933e+04 3.541184104552460485e+05 4.205284134058555937e+05 -2.331435559748740052e+05 -1.697516635431253235e+04 -1.191320745892111700e+04
-2.202417078378497899e+04 -5.285694865986839868e+05 1.052899968123067956e+05 -1.522207505385709228e+05 5.808635129641499952e+04 6.880255798080002423e+05 7.365345867445926706e+04 5.660288410670238227e+04 3.002180448081876966e+04 1.605110177610119863e+05 -4.981196722676593345e+04 -4.352761738083974342e+05 9.819938313835125882e+04 5.843489400701635896e+04 2.560030266850919870e+05 1.930803181784479821e+05 1.229106864379488834e+05 2.925839661231663194e+04
3.147099478625223855e+04 4.105559662312263972e+05 1.718506059998745041e+05 4.139358235745650018e+04 -5.423105121415705071e+04 7.365345867445926706e+04 4.622677160629173159e+05 4.217804742154527048e+04 2.397099995089351796e+04 1.101943471082910837e+05 -9.159792537758628896e+04 6.014880262604408199e+04 1.340244411067591573e+05 7.243084917206825048e+04 -9.653348995008343991e+03 2.069223453004540643e+05 9.638198029614958796e+04 6.071815719715347950e+04
3.006227106066429988e+05 3.386164118255791254e+05 1.174666110701136786e+05 -4.666159462237794651e+04 1.548891103840466894e+04 5.660288410670238227e+04 4.217804742154527048e+04 2.401645160145215923e+05 1.407638550597831272e+04 -1.321505727619115496e+05 -4.820463684991865302e+05 -3.791590684155029594e+05 -5.348115047044274434e+03 6.159912157037586439e+04 2.536244110660467777e+04 -6.031408884970323015e+03 4.621102730076809530e+04 -1.237296289149385484e+04
-5.044279992939227668e+04 5.974517079260166065e+04 -5.538444910197478021e+04 -3.430266576750716922e+04 3.599895508631426492e+04 3.002180448081876966e+04 2.397099995089351796e+04 1.407638550597831272e+04 1.234130531444766821e+05 -9.128402962593572447e+05 -1.907449202315657458e+05 -1.644046200778324783e+04 5.317084189413970307e+04 1.399227879353448807e+05 1.072535783082898997e+05 4.406094213689185563e+04 2.552521057501123323e+03 2.120510258106604306e+04
2.017301708344838023e+07 5.646406507429978810e+06 -1.228659279762190068e+06 2.130579638722204603e+06 8.968968679723516107e+05 1.605110177610119863e+05 1.101943471082910837e+05 -1.321505727619115496e+05 -9.128402962593572447e+05 2.205848959437177479e+08 4.374520057862606831e+06 -6.404901541600597091e+06 -3.742200241897039581e+06 -1.757665616416143021e+06 -1.339693191224966198e+06 -8.065633229373656213e+05 1.549685467139954446e+06 5.635791211219220422e+05
-3.614368666487338953e+06 -2.261546894990238827e+06 -1.612914884856113466e+06 -9.643621971398936585e+05 -6.947793647846308886e+04 -4.981196722676593345e+04 -9.159792537758628896e+04 -4.820463684991865302e+05 -1.907449202315657458e+05 4.374520057862606831e+06 5.133574072604821622e+07 1.275755280903963139e+06 -2.233020470404558873e+05 -2.022110365241755033e+06 -8.368525253996943356e+05 -2.094913998016390251e+05 -7.578659849989765789e+05 -2.917775132859156001e+05
-2.471353024568336084e+06 9.642538703253008425e+05 3.372193462693858892e+06 -2.718248038604193134e+05 -5.812834707265463658e+05 -4.352761738083974342e+05 6.014880262604408199e+04 -3.791590684155029594e+05 -1.644046200778324783e+04 -6.404901541600597091e+06 1.275755280903963139e+06 2.510703432525474578e+07 3.725593526686269342e+03 -4.001272970773053239e+05 -5.856470327012040652e+05 -2.248256964707359439e+05 -5.749497485554720042e+05 5.462158784581982763e+04
-1.571755598567701643e+06 1.441848161284588743e+06 4.679773695250747842e+05 3.376529155754899839e+05 1.177829370119391933e+04 9.819938313835125882e+04 1.340244411067591573e+05 -5.348115047044274434e+03 5.317084189413970307e+04 -3.742200241897039581e+06 -2.233020470404558873e+05 3.725593526686269342e+03 7.263929896538319997e+06 1.530035663104684325e+06 -6.742509557712594687e+04 2.625717751626030658e+05 5.286634434573343024e+05 2.442606438561477407e+05
-3.513511054670331650e+05 9.383439671854701592e+05 2.140839853702457622e+05 2.109516053010108590e+05 3.541184104552460485e+05 5.843489400701635896e+04 7.243084917206825048e+04 6.159912157037586439e+04 1.399227879353448807e+05 -1.757665616416143021e+06 -2.022110365241755033e+06 -4.001272970773053239e+05 1.530035663104684325e+06 7.428680784031460993e+06 1.173633514055773383e+06 -4.575853735800408322e+04 3.969225468957247213e+05 3.871449748276816099e+05
8.280659308633327018e+05 -3.433694861048249295e+05 -2.770997184428956461e+04 -7.253208597202684905e+04 4.205284134058555937e+05 2.560030266850919870e+05 -9.653348995008343991e+03 2.536244110660467777e+04 1.072535783082898997e+05 -1.339693191224966198e+06 -8.368525253996943356e+05 -5.856470327012040652e+05 -6.742509557712594687e+04 1.173633514055773383e+06 3.445012888458503410e+06 1.514895505690938735e+05 2.242775570349797781e+05 2.406870940585811331e+05
-2.338287416238455626e+05 6.743392695608128270e+04 8.499035845058782434e+04 -6.344826160731004347e+04 -2.331435559748740052e+05 1.930803181784479821e+05 2.069223453004540643e+05 -6.031408884970323015e+03 4.406094213689185563e+04 -8.065633229373656213e+05 -2.094913998016390251e+05 -2.248256964707359439e+05 2.625717751626030658e+05 -4.575853735800408322e+04 1.514895505690938735e+05 1.265657244844930945e+06 2.492829669378280523e+05 9.457812619807958254e+04
3.744478768293999019e+05 3.649121887444591266e+05 1.677500569225578802e+05 5.347954813522988843e+04 -1.697516635431253235e+04 1.229106864379488834e+05 9.638198029614958796e+04 4.621102730076809530e+04 2.552521057501123323e+03 1.549685467139954446e+06 -7.578659849989765789e+05 -5.749497485554720042e+05 5.286634434573343024e+05 3.969225468957247213e+05 2.242775570349797781e+05 2.492829669378280523e+05 1.098946636863332009e+06 2.164188000691578782e+05
4.079421936455130344e+05 1.363451627520964539e+05 -3.645477525731577043e+04 7.964488582838195725e+04 -1.191320745892111700e+04 2.925839661231663194e+04 6.071815719715347950e+04 -1.237296289149385484e+04 2.120510258106604306e+04 5.635791211219220422e+05 -2.917775132859156001e+05 5.462158784581982763e+04 2.442606438561477407e+05 3.871449748276816099e+05 2.406870940585811331e+05 9.457812619807958254e+04 2.164188000691578782e+05 6.922710449048450682e+05
