# lambda=0.6205886401356686
5.678825903132046014e+07 2.063502780270061688e+06 -2.742639671143342275e+05 -8.236993495414704084e+05 4.484994884654555353e+05 4.513622434680620790e+05 1.303297771126117914e+04 -1.658870072491219034e+05 -2.394237981083966733e+05 2.062625127576354146e+07 7.304601806334207067e+05 -3.888642310736783780e+06 1.054086899492925033e+06 -1.446293630044654245e+06 -1.442843399555383949e+06 4.090478344721703907e+05 -2.539039700269174355e+05 -3.068282950754112680e+05
2.063502780270061688e+06 1.497067144001459330e+07 -1.704315540152701942e+04 -5.494454720354088349e+05 3.030700842722449452e+05 1.794531251652433421e+05 1.312480409817605687e+05 7.729324103823247424e+04 7.458145712986121907e+03 -1.083124644580069697e+06 6.010313131270094775e+06 -5.077881252672415576e+04 9.334526766207725741e+05 6.697556113252411888e+04 2.579027262847561215e+05 3.139394691081229248e+05 6.720333578227015096e+04 2.615836450331061205e+05
-2.742639671143342275e+05 -1.704315540152701942e+04 4.382823701585697010e+06 3.818612208778315107e+05 2.566092526667950733e+04 -1.756732324420219084e+04 4.004865024958373397e+04 3.541009996677544677e+03 -4.677064159061189275e+04 -1.002336232283556368e+06 6.902791145171382232e+05 9.063446892203362659e+05 -2.687609211323043564e+05 -6.495806629844151030e+04 5.275708008755104674e+04 -2.293026906658104053e+04 1.989458207882147108e+05 1.154788591579188069e+05
-8.236993495414704084e+05 -5.494454720354088349e+05 3.818612208778315107e+05 1.925107065463406965e+06 7.296356808890202956e+04 1.363669411819275956e+04 1.865433198002296194e+04 -3.437581862026039016e+04 2.201372981546730807e+04 -2.352994138703909703e+06 -1.351959506600347580e+06 3.594078586352648563e+05 -1.290754464608637591e+03 -1.799637884485074610e+05 1.991174605206341075e+05 -2.459689021865552058e+04 4.422934997009562358e+04 7.977224038436279807e+04
4.484994884654555353e+05 3.030700842722449452e+05 2.566092526667950733e+04 7.296356808890202956e+04 9.729306227722390322e+05 1.122241983536242478e+05 2.466011385622495436e+04 3.229901712474293527e+04 5.950131710772984661e+03 1.727378100033880619e+05 1.851483824382994208e+05 -6.129224208423980745e+05 3.950510181261476246e+05 1.971655001947746860e+04 4.334025980617405003e+04 6.857664312080460149e+03 -2.961102590925122058e+04 1.714236638670265893e+04
4.513622434680620790e+05 1.794531251652433421e+05 -1.756732324420219084e+04 1.363669411819275956e+04 1.122241983536242478e+05 5.163387444499778794e+05 1.559023032460965260e+04 1.806483705627466406e+04 -1.777825825418637123e+03 1.654756862593863858e+06 1.778467025362677523e+05 -1.086093954667656362e+05 -5.022647134945253492e+04 1.987567230364624993e+05 1.627489011523239024e+05 1.024937944654482126e+05 6.297955893062904215e+04 4.097124788904042362e+03
1.303297771126117914e+04 1.312480409817605687e+05 4.004865024958373397e+04 1.865433198002296194e+04 2.466011385622495436e+04 1.559023032460965260e+04 2.739464054590640590e+05 1.632819645407427015e+04 9.037193162946881785e+03 9.286280643058124042e+03 6.177259918670873158e+05 2.319006524137333327e+05 3.633042716171062202e+05 6.272467288150876266e+04 -7.715227104398299707e+04 5.015340397091922205e+04 -2.352223588198077050e+04 4.107217219382028998e+04
-1.658870072491219034e+05 7.729324103823247424e+04 3.541009996677544677e+03 -3.437581862026039016e+04 3.229901712474293527e+04 1.806483705627466406e+04 1.632819645407427015e+04 1.850481053051089693e+05 -7.482804741959841976e+02 -2.156759907103041478e+05 4.403241037808096153e+05 -5.041576460846087139e+04 9.829101661950108246e+04 -2.278466425293982684e+04 9.597467634893188369e+04 6.941901248608213791e+03 3.892522116640045715e+04 -1.901401409269772557e+03
-2.394237981083966733e+05 7.458145712986121907e+03 -4.677064159061189275e+04 2.201372981546730807e+04 5.950131710772984661e+03 -1.777825825418637123e+03 9.037193162946881785e+03 -7.482804741959841976e+02 5.848287122331179853e+04 -7.833668461922919378e+05 8.725345448613402550e+04 -1.657959574313648918e+05 1.393762887069766657e+04 1.775482611791377849e+03 6.809485987965685490e+04 3.506558412491648050e+04 -2.109730332629112308e+04 2.024858252835856911e+04
2.062625127576354146e+07 -1.083124644580069697e+06 -1.002336232283556368e+06 -2.352994138703909703e+06 1.727378100033880619e+05 1.654756862593863858e+06 9.286280643058124042e+03 -2.156759907103041478e+05 -7.833668461922919378e+05 3.765926281913720965e+08 1.671039269546055794e+07 -3.065635133484956459e+05 3.213139957194838207e+06 3.042029988975856453e+06 1.448139353757863631e+06 -1.040561362160213757e+06 5.228751335571079981e+05 5.407322215474777622e+05
7.304601806334207067e+05 6.010313131270094775e+06 6.902791145171382232e+05 -1.351959506600347580e+06 1.851483824382994208e+05 1.778467025362677523e+05 6.177259918670873158e+05 4.403241037808096153e+05 8.725345448613402550e+04 1.671039269546055794e+07 9.314749892474150658e+07 -2.583937160441806540e+06 9.229627483120517572e+05 7.357350190996454330e+05 1.154486664724521106e+06 9.077005145654611988e+05 3.703995720187525731e+05 1.166892620717975777e+06
-3.888642310736783780e+06 -5.077881252672415576e+04 9.063446892203362659e+05 3.594078586352648563e+05 -6.129224208423980745e+05 -1.086093954667656362e+05 2.319006524137333327e+05 -5.041576460846087139e+04 -1.657959574313648918e+05 -3.065635133484956459e+05 -2.583937160441806540e+06 3.672056376619990170e+07 -3.234896656461340608e+05 1.842769328717795725e+05 -1.022517367720864364e+06 -5.686042377614215948e+05 4.392124876083954587e+05 2.201494554649008496e+05
1.054086899492925033e+06 9.334526766207725741e+05 -2.687609211323043564e+05 -1.290754464608637591e+03 3.950510181261476246e+05 -5.022647134945253492e+04 3.633042716171062202e+05 9.829101661950108246e+04 1.393762887069766657e+04 3.213139957194838207e+06 9.229627483120517572e+05 -3.234896656461340608e+05 1.226943984540384263e+07 2.592568980024456105e+05 -1.318336234418022505e+05 1.120270156702181848e+05 -2.045238259594698029e+05 3.731647447179172304e+05
-1.446293630044654245e+06 6.697556113252411888e+04 -6.495806629844151030e+04 -1.799637884485074610e+05 1.971655001947746860e+04 1.987567230364624993e+05 6.272467288150876266e+04 -2.278466425293982684e+04 1.775482611791377849e+03 3.042029988975856453e+06 7.357350190996454330e+05 1.842769328717795725e+05 2.592568980024456105e+05 6.719257918612262234e+06 4.865722928369442816e+05 2.965869075228434522e+05 7.819598882502742345e+04 2.240372897431106248e+05
-1.442843399555383949e+06 2.579027262847561215e+05 5.275708008755104674e+04 1.991174605206341075e+05 4.334025980617405003e+04 1.627489011523239024e+05 -7.715227104398299707e+04 9.597467634893188369e+04 6.809485987965685490e+04 1.448139353757863631e+06 1.154486664724521106e+06 -1.022517367720864364e+06 -1.318336234418022505e+05 4.865722928369442816e+05 4.479771973928614520e+06 3.070615161681647878e+05 2.249656584030075173e+05 2.373934286336471559e+05
4.090478344721703907e+05 3.139394691081229248e+05 -2.293026906658104053e+04 -2.459689021865552058e+04 6.857664312080460149e+03 1.024937944654482126e+05 5.015340397091922205e+04 6.941901248608213791e+03 3.506558412491648050e+04 -1.040561362160213757e+06 9.077005145654611988e+05 -5.686042377614215948e+05 1.120270156702181848e+05 2.965869075228434522e+05 3.070615161681647878e+05 1.629528415640155552e+06 1.151444936769560009e+05 6.516531589353733580e+04
-2.539039700269174355e+05 6.720333578227015096e+04 1.989458207882147108e+05 4.422934997009562358e+04 -2.961102590925122058e+04 6.297955893062904215e+04 -2.352223588198077050e+04 3.892522116640045715e+04 -2.109730332629112308e+04 5.228751335571079981e+05 3.703995720187525731e+05 4.392124876083954587e+05 -2.045238259594698029e+05 7.819598882502742345e+04 2.249656584030075173e+05 1.151444936769560009e+05 1.097513599507129751e+06 3.523509650419691752e+04
-3.068282950754112680e+05 2.615836450331061205e+05 1.154788591579188069e+05 7.977224038436279807e+04 1.714236638670265893e+04 4.097124788904042362e+03 4.107217219382028998e+04 -1.901401409269772557e+03 2.024858252835856911e+04 5.407322215474777622e+05 1.166892620717975777e+06 2.201494554649008496e+05 3.731647447179172304e+05 2.240372897431106248e+05 2.373934286336471559e+05 6.516531589353733580e+04 3.523509650419691752e+04 5.137148404587174882e+05
