# lambda=0.2786250039519399
5.373433113033351302e+07 1.782771435279893689e+06 1.561398963472491829e+06 1.987494851021393202e+06 2.540619757371693850e+06 8.736849764074957930e+05 9.732779371910201735e+04 -1.711379859483677137e+05 5.655343962448297534e+05 5.450752229487880319e+07 1.122629648304804787e+07 3.700704543993697502e+06 3.119854486770884134e+06 2.872413094861012883e+06 -4.033420258527655387e+05 -2.584005135761902202e+06 -1.294606254805586534e+06 -8.515039252397617092e+05
1.782771435279893689e+06 1.278263205571676046e+07 5.242596887483466999e+05 -3.816818753820597776e+05 1.659848041665568308e+05 5.328032353657454951e+05 7.575158018009849184e+04 3.104870075739272288e+05 2.530699274135952583e+05 2.253240936734860018e+07 4.885779081236984581e+06 -1.229420053866691422e+06 -7.638276768400151923e+04 6.558178961283764802e+05 7.540089162973959465e+05 5.064011896328016883e+05 -4.231569644873012439e+05 4.505575142488242709e+05
1.561398963472491829e+06 5.242596887483466999e+05 5.217176754777337424e+06 4.754323534432011074e+05 -2.670928035249673412e+05 -1.578304656484914885e+05 8.087871767929619818e+04 3.026641839723326266e+05 8.871226929100026609e+04 5.391738653548915870e+06 4.134835788286642637e+06 8.616836903448008234e+05 -6.722867707218917785e+05 -2.944170746021929663e+05 -3.442123074047267437e+04 7.538766514506007661e+04 -3.461583753981943119e+03 -2.615619825128792727e+05
1.987494851021393202e+06 -3.816818753820597776e+05 4.754323534432011074e+05 2.394483454656370915e+06 3.640307005135020008e+05 -6.419523699606349692e+04 1.515597946797184413e+05 3.507010797651086614e+04 1.505207161374435236e+04 1.509004256594765466e+06 1.907495519436346658e+05 2.251695642272056546e+06 8.518235235082093859e+05 1.739967557015870116e+05 2.707623433711749967e+05 5.755888226037296699e+05 1.121332688045970463e+04 -1.324882351212897338e+05
2.540619757371693850e+06 1.659848041665568308e+05 -2.670928035249673412e+05 3.640307005135020008e+05 1.700673353252992965e+06 1.113333625161005330e+05 1.408800168810619216e+05 1.022661269127069681e+05 6.006483180188822007e+04 4.054947367101066746e+06 7.313953903278480284e+05 8.873858116734550567e+05 3.501435197750742664e+05 8.709223914787502727e+05 4.556698253062818549e+05 -1.964695788268129108e+05 1.170522293751013349e+05 -1.667309244171001637e+03
8.736849764074957930e+05 5.328032353657454951e+05 -1.578304656484914885e+05 -6.419523699606349692e+04 1.113333625161005330e+05 4.677036088845977793e+05 8.092183907536133484e+04 -1.805090777123169119e+03 5.645517849799308169e+04 2.054063406330568949e+06 -6.082573247402234701e+05 -6.963336922331928508e+05 -3.352032934580805595e+05 7.035413619939451746e+04 2.028996278189891309e+05 -4.634876651209525153e+04 5.154717044956726568e+03 1.401835074209279264e+04
9.732779371910201735e+04 7.575158018009849184e+04 8.087871767929619818e+04 1.515597946797184413e+05 1.408800168810619216e+05 8.092183907536133484e+04 4.161924833774185972e+05 6.369844975242825603e+04 6.126714768889184779e+04 8.815500845135085983e+05 2.787290640202440554e+05 5.322489162073091138e+05 8.423583465918200091e+04 1.007228702690333157e+05 7.742964739986084169e+04 2.764851756366238697e+05 1.041847412787538451e+04 -5.689132429587025399e+04
-1.711379859483677137e+05 3.104870075739272288e+05 3.026641839723326266e+05 3.507010797651086614e+04 1.022661269127069681e+05 -1.805090777123169119e+03 6.369844975242825603e+04 1.593088235835988016e+05 3.114188788141912664e+04 7.987657312778498745e+05 2.072416743397953687e+05 4.710144147366774851e+05 1.529341137308253965e+05 2.111086354308016016e+05 6.125369560174199432e+04 5.034037627742675249e+04 2.803500427639779446e+03 -3.268081583444135322e+04
5.655343962448297534e+05 2.530699274135952583e+05 8.871226929100026609e+04 1.505207161374435236e+04 6.006483180188822007e+04 5.645517849799308169e+04 6.126714768889184779e+04 3.114188788141912664e+04 1.353649112027932715e+05 1.526133496859832900e+06 -2.128397204073167813e+05 -1.921292419632702367e+05 -4.679094904570873041e+04 -6.166305442565087287e+04 1.340730026785437367e+05 2.060165996861104577e+04 -4.322928309660541709e+04 8.569240028017293662e+04
5.450752229487880319e+07 2.253240936734860018e+07 5.391738653548915870e+06 1.509004256594765466e+06 4.054947367101066746e+06 2.054063406330568949e+06 8.815500845135085983e+05 7.987657312778498745e+05 1.526133496859832900e+06 2.910461214845138788e+08 3.693531169110688567e+07 -1.291741232521340018e+06 -1.442721436735911993e+06 7.001949275542965159e+06 -2.083471274183240253e+06 -3.350985968500623945e+06 -2.888730890056672506e+06 -4.016672185406123172e+05
1.122629648304804787e+07 4.885779081236984581e+06 4.134835788286642637e+06 1.907495519436346658e+05 7.313953903278480284e+05 -6.082573247402234701e+05 2.787290640202440554e+05 2.072416743397953687e+05 -2.128397204073167813e+05 3.693531169110688567e+07 8.963580324551169574e+07 2.642258886627265718e+06 -1.558605030536155915e+06 3.942633473591936752e+06 1.540749288715124596e+06 2.056152327192730969e+06 -6.554228969425677788e+05 1.645467359931599582e+06
3.700704543993697502e+06 -1.229420053866691422e+06 8.616836903448008234e+05 2.251695642272056546e+06 8.873858116734550567e+05 -6.963336922331928508e+05 5.322489162073091138e+05 4.710144147366774851e+05 -1.921292419632702367e+05 -1.291741232521340018e+06 2.642258886627265718e+06 2.335315933589373529e+07 7.620931670788784511e+06 1.447769800944628427e+06 2.734502478230132256e+05 5.996301000830748817e+05 -5.239797974701019848e+04 -1.000575451712568174e+06
3.119854486770884134e+06 -7.638276768400151923e+04 -6.722867707218917785e+05 8.518235235082093859e+05 3.501435197750742664e+05 -3.352032934580805595e+05 8.423583465918200091e+04 1.529341137308253965e+05 -4.679094904570873041e+04 -1.442721436735911993e+06 -1.558605030536155915e+06 7.620931670788784511e+06 1.056793995191777498e+07 1.049284678273994243e+06 1.108885725699114846e+05 3.888280641598657239e+05 8.191056837240610912e+04 7.036100050837060553e+04
2.872413094861012883e+06 6.558178961283764802e+05 -2.944170746021929663e+05 1.739967557015870116e+05 8.709223914787502727e+05 7.035413619939451746e+04 1.007228702690333157e+05 2.111086354308016016e+05 -6.166305442565087287e+04 7.001949275542965159e+06 3.942633473591936752e+06 1.447769800944628427e+06 1.049284678273994243e+06 3.953408200718891807e+06 -9.112095159394972143e+04 2.389363746247453091e+05 1.268447783020746574e+05 -5.001478353131852055e+04
-4.033420258527655387e+05 7.540089162973959465e+05 -3.442123074047267437e+04 2.707623433711749967e+05 4.556698253062818549e+05 2.028996278189891309e+05 7.742964739986084169e+04 6.125369560174199432e+04 1.340730026785437367e+05 -2.083471274183240253e+06 1.540749288715124596e+06 2.734502478230132256e+05 1.108885725699114846e+05 -9.112095159394972143e+04 3.374288946184094530e+06 3.044207485048543895e+05 1.592285805659951002e+05 2.551990243411607516e+05
-2.584005135761902202e+06 5.064011896328016883e+05 7.538766514506007661e+04 5.755888226037296699e+05 -1.964695788268129108e+05 -4.634876651209525153e+04 2.764851756366238697e+05 5.034037627742675249e+04 2.060165996861104577e+04 -3.350985968500623945e+06 2.056152327192730969e+06 5.996301000830748817e+05 3.888280641598657239e+05 2.389363746247453091e+05 3.044207485048543895e+05 2.097699980253007263e+06 2.842663494246918126e+05 4.048142783872730797e+05
-1.294606254805586534e+06 -4.231569644873012439e+05 -3.461583753981943119e+03 1.121332688045970463e+04 1.170522293751013349e+05 5.154717044956726568e+03 1.041847412787538451e+04 2.803500427639779446e+03 -4.322928309660541709e+04 -2.888730890056672506e+06 -6.554228969425677788e+05 -5.239797974701019848e+04 8.191056837240610912e+04 1.268447783020746574e+05 1.592285805659951002e+05 2.842663494246918126e+05 8.331425064825572772e+05 1.220135824408160843e+05
-8.515039252397617092e+05 4.505575142488242709e+05 -2.615619825128792727e+05 -1.324882351212897338e+05 -1.667309244171001637e+03 1.401835074209279264e+04 -5.689132429587025399e+04 -3.268081583444135322e+04 8.569240028017293662e+04 -4.016672185406123172e+05 1.645467359931599582e+06 -1.000575451712568174e+06 7.036100050837060553e+04 -5.001478353131852055e+04 2.551990243411607516e+05 4.048142783872730797e+05 1.220135824408160843e+05 9.860523794413851574e+05
