# lambda=0.8895850567110244
5.753369644350767136e+07 7.436555635459665209e+05 1.385146447240514135e+04 1.556959463836912182e+05 -6.149616272441016190e+04 1.065027189568687318e+05 5.991099813366777380e+04 1.013480872818573516e+04 7.386264406209449226e+04 -3.057361058102801442e+06 1.421755742644495331e+06 -1.135270166956323665e+05 -4.199614500044233864e+05 2.317440051551303186e+05 4.746717870283591910e+05 1.543240532973973604e+05 2.276583122193970194e+05 1.233151499014195724e+04
7.436555635459665209e+05 1.505982752569709159e+07 1.117731923966555041e+05 -2.387773415395324409e+05 4.484542873337760830e+04 8.192791552035672066e+04 5.087557502799581016e+03 1.793950970151099682e+04 1.685319585065838282e+03 -1.078557944671756995e+05 1.804718705894121085e+05 4.953868939073603833e+05 -9.331636822694180591e+04 -7.365141198176720354e+04 -1.602958350119955721e+05 2.962386806241658269e+04 9.981852295989439881e+04 -4.447970355530046072e+04
1.385146447240514135e+04 1.117731923966555041e+05 5.070678112866595387e+06 5.737856135324502247e+04 5.531637040373117088e+03 2.231442905882049308e+04 -2.683193553239715038e+04 -7.884963006936825877e+03 5.214564869354821894e+03 -6.513803924316238845e+05 1.145013991458503588e+05 3.386157985958040226e+05 3.604564985930198418e+03 1.013577138347148866e+05 7.937061123180232016e+02 2.681142538281570160e+04 -2.245915958490188132e+04 -4.971212731081169477e+04
1.556959463836912182e+05 -2.387773415395324409e+05 5.737856135324502247e+04 2.067686297776643420e+06 7.244876441302592866e+04 3.358569328900928667e+04 3.260773093301187691e+04 -7.553296973378430266e+03 2.120911752008058465e+04 3.652307091122357087e+04 3.502880850383281359e+05 3.714323211247003201e+04 9.613335717399361602e+04 5.628075078772293637e+04 5.192452529571023479e+04 -1.509222622945069634e+04 -4.559500813798273157e+04 4.313099774714792875e+04
-6.149616272441016190e+04 4.484542873337760830e+04 5.531637040373117088e+03 7.244876441302592866e+04 1.116125333102844656e+06 2.751910417566071919e+04 2.815224367444629934e+03 -5.208645308190786636e+03 5.539317296894920219e+03 4.302290144036956917e+04 2.637804908703712499e+04 1.235616180852009711e+05 -4.253504548964368041e+03 1.189502345345760550e+05 2.813414645558484335e+04 -1.102773127275666047e+04 -3.674030278315598116e+04 2.369717002324982604e+04
1.065027189568687318e+05 8.192791552035672066e+04 2.231442905882049308e+04 3.358569328900928667e+04 2.751910417566071919e+04 7.004504851108711446e+05 1.306314661041326144e+04 8.062401625704219441e+03 1.968879481142066936e+02 -5.407002129866342875e+04 4.387136796609612247e+03 -9.730874717271116970e+04 5.572264304983714828e+04 6.794317150973032403e+04 2.543920164251106689e+04 3.223346303967696440e+04 8.948049822311779280e+03 1.173315321269308515e+04
5.991099813366777380e+04 5.087557502799581016e+03 -2.683193553239715038e+04 3.260773093301187691e+04 2.815224367444629934e+03 1.306314661041326144e+04 3.973166725220344379e+05 6.369080283460179089e+03 3.534782791365174489e+03 -2.817811431772860815e+05 -1.852106098567134950e+03 1.425935110594129947e+04 7.411780458177426772e+04 -2.793787095017251340e+04 8.709245445491787905e+03 2.363393186405594406e+03 1.559444000088346183e+04 3.186428510838997681e+04
1.013480872818573516e+04 1.793950970151099682e+04 -7.884963006936825877e+03 -7.553296973378430266e+03 -5.208645308190786636e+03 8.062401625704219441e+03 6.369080283460179089e+03 1.996721460825077957e+05 4.008628910646259101e+03 -1.406532960941897181e+05 -8.395336327692163468e+04 -4.912738229426155885e+04 3.246003788103227271e+04 -8.764626750110706780e+03 -9.495351846472909529e+03 5.512827692610062513e+03 3.037596342781333806e+04 3.917805149408452507e+03
7.386264406209449226e+04 1.685319585065838282e+03 5.214564869354821894e+03 2.120911752008058465e+04 5.539317296894920219e+03 1.968879481142066936e+02 3.534782791365174489e+03 4.008628910646259101e+03 1.067038588842411555e+05 -1.167150711846455815e+05 -1.143145186140239957e+03 1.528499718059394036e+04 8.647926483052686308e+03 -1.411948301113022717e+04 -1.351768044404962893e+04 -1.339343020473964680e+04 4.532311471621222154e+03 3.865942089773040152e+03
-3.057361058102801442e+06 -1.078557944671756995e+05 -6.513803924316238845e+05 3.652307091122357087e+04 4.302290144036956917e+04 -5.407002129866342875e+04 -2.817811431772860815e+05 -1.406532960941897181e+05 -1.167150711846455815e+05 2.681109019394190013e+08 3.889948289194909856e+06 -1.816903794431559043e+06 -1.921444273666649591e+06 1.192073472955275247e+04 3.950293941549276351e+05 5.042862405999124167e+05 -1.938050997740662424e+05 8.019573567520905635e+04
1.421755742644495331e+06 1.804718705894121085e+05 1.145013991458503588e+05 3.502880850383281359e+05 2.637804908703712499e+04 4.387136796609612247e+03 -1.852106098567134950e+03 -8.395336327692163468e+04 -1.143145186140239957e+03 3.889948289194909856e+06 9.067749821879370511e+07 3.594518739649883937e+06 -2.788792706387638464e+05 6.823566258871734608e+05 8.621513046877546003e+05 6.894213212409858825e+05 -1.913914318238320120e+05 2.796429881151614827e+05
-1.135270166956323665e+05 4.953868939073603833e+05 3.386157985958040226e+05 3.714323211247003201e+04 1.235616180852009711e+05 -9.730874717271116970e+04 1.425935110594129947e+04 -4.912738229426155885e+04 1.528499718059394036e+04 -1.816903794431559043e+06 3.594518739649883937e+06 3.311881485577067733e+07 3.622037718649548478e+05 2.429888464161374141e+05 1.573335816649240733e+05 1.696602612545509473e+05 -1.299384724063570175e+05 1.513341916080971423e+05
-4.199614500044233864e+05 -9.331636822694180591e+04 3.604564985930198418e+03 9.613335717399361602e+04 -4.253504548964368041e+03 5.572264304983714828e+04 7.411780458177426772e+04 3.246003788103227271e+04 8.647926483052686308e+03 -1.921444273666649591e+06 -2.788792706387638464e+05 3.622037718649548478e+05 8.880403258786804974e+06 -1.478187197687451553e+05 -5.267439310655465670e+04 -1.596416099107677292e+05 -3.616262502632336236e+03 6.971895943773904582e+04
2.317440051551303186e+05 -7.365141198176720354e+04 1.013577138347148866e+05 5.628075078772293637e+04 1.189502345345760550e+05 6.794317150973032403e+04 -2.793787095017251340e+04 -8.764626750110706780e+03 -1.411948301113022717e+04 1.192073472955275247e+04 6.823566258871734608e+05 2.429888464161374141e+05 -1.478187197687451553e+05 5.048831063221317716e+06 2.631900593749953550e+05 1.354637527494914248e+05 -3.775653122880524461e+04 4.301349220190732012e+04
4.746717870283591910e+05 -1.602958350119955721e+05 7.937061123180232016e+02 5.192452529571023479e+04 2.813414645558484335e+04 2.543920164251106689e+04 8.709245445491787905e+03 -9.495351846472909529e+03 -1.351768044404962893e+04 3.950293941549276351e+05 8.621513046877546003e+05 1.573335816649240733e+05 -5.267439310655465670e+04 2.631900593749953550e+05 4.194127105203205720e+06 1.387815923678992258e+05 2.657264419128685040e+04 4.391988039202209620e+04
1.543240532973973604e+05 2.962386806241658269e+04 2.681142538281570160e+04 -1.509222622945069634e+04 -1.102773127275666047e+04 3.223346303967696440e+04 2.363393186405594406e+03 5.512827692610062513e+03 -1.339343020473964680e+04 5.042862405999124167e+05 6.894213212409858825e+05 1.696602612545509473e+05 -1.596416099107677292e+05 1.354637527494914248e+05 1.387815923678992258e+05 1.810938515483109746e+06 4.395379280040159938e+04 1.279727778660786498e+04
2.276583122193970194e+05 9.981852295989439881e+04 -2.245915958490188132e+04 -4.559500813798273157e+04 -3.674030278315598116e+04 8.948049822311779280e+03 1.559444000088346183e+04 3.037596342781333806e+04 4.532311471621222154e+03 -1.938050997740662424e+05 -1.913914318238320120e+05 -1.299384724063570175e+05 -3.616262502632336236e+03 -3.775653122880524461e+04 2.657264419128685040e+04 4.395379280040159938e+04 9.243327440208033659e+05 1.501493251028983423e+03
1.233151499014195724e+04 -4.447970355530046072e+04 -4.971212731081169477e+04 4.313099774714792875e+04 2.369717002324982604e+04 1.173315321269308515e+04 3.186428510838997681e+04 3.917805149408452507e+03 3.865942089773040152e+03 8.019573567520905635e+04 2.796429881151614827e+05 1.513341916080971423e+05 6.971895943773904582e+04 4.301349220190732012e+04 4.391988039202209620e+04 1.279727778660786498e+04 1.501493251028983423e+03 7.180877723491170909e+05
