# lambda=0.27455002000040446
5.186106902921928465e+07 3.538688911363587249e+06 1.625785178547275718e+06 6.656512917388257338e+05 -4.481631690849174047e+05 2.140433165120981284e+05 6.312906779357610503e+04 -2.687649571470157243e+05 -1.169948926302007603e+05 7.123871941262838244e+07 8.681003618264187127e+06 2.644194293214141857e+06 -2.074199196836766088e+06 -3.028243039787464775e+06 1.787474463581941789e+06 8.959598987471093424e+05 8.064572357993645128e+05 -6.007054563903940143e+05
3.538688911363587249e+06 1.544357889298023656e+07 1.980629865596671007e+05 -6.302669174377904274e+05 4.778449019059638376e+05 5.121995081223990419e+05 5.368102309263272909e+05 2.758974513751728809e+05 -7.391332423584396020e+04 -6.858834058185449801e+06 -2.168963404890191741e+06 1.201482369249511277e+06 3.197285326939988299e+05 -8.871959480192376068e+05 7.617438377469368279e+05 1.079749045568155590e+06 2.542375786246860807e+05 -2.528774731166278361e+05
1.625785178547275718e+06 1.980629865596671007e+05 6.150857523967279121e+06 1.529139674309508118e+05 6.805124436781906988e+05 4.300500306700342335e+05 -6.822579003830616421e+04 -1.311854555976464690e+04 1.524340254086822388e+05 5.660085899394888431e+06 4.951868559782746597e+05 4.527856264063002542e+06 -8.844577217629350343e+03 2.745814985549527337e+05 5.838586525414494099e+05 -2.099695945700402663e+05 -1.872028688477479445e+05 4.324334465953207691e+05
6.656512917388257338e+05 -6.302669174377904274e+05 1.529139674309508118e+05 1.595632901263769250e+06 3.320326296461829334e+05 -2.475983423013530410e+04 1.116821658826067733e+03 -9.371125737362132350e+04 -1.765610055871437726e+04 6.079204150420737453e+06 4.404402269966774620e+05 -5.270038248355598625e+03 1.377234585085096187e+05 2.455042847033285070e+05 1.476435569415979553e+05 3.983818911070508329e+04 -2.013239522194593737e+05 -7.064282500041279127e+04
-4.481631690849174047e+05 4.778449019059638376e+05 6.805124436781906988e+05 3.320326296461829334e+05 1.202652879387943307e+06 2.911734125847550458e+05 2.157937085711614345e+05 1.487827946782231811e+04 5.614307798016081506e+04 -1.721773969124683645e+06 3.068214638755779015e+05 1.796981469633185072e+06 -3.331754358230213402e+05 4.991806690635171253e+05 -2.489983550860382820e+04 -2.157156013461285329e+05 -1.088676759837912541e+05 1.083876184676580742e+05
2.140433165120981284e+05 5.121995081223990419e+05 4.300500306700342335e+05 -2.475983423013530410e+04 2.911734125847550458e+05 6.663187581096820068e+05 5.815256979029262538e+02 -4.685006660845930310e+04 -2.864436559410773043e+04 -1.820245320710055996e+06 1.937558130331904104e+05 7.001293112506811740e+05 -1.258699148322941619e+05 2.188532684662714310e+05 1.635410829999402049e+05 2.296395663879588392e+04 1.246283167982501618e+05 -2.863703450362082731e+04
6.312906779357610503e+04 5.368102309263272909e+05 -6.822579003830616421e+04 1.116821658826067733e+03 2.157937085711614345e+05 5.815256979029262538e+02 4.460468128281633253e+05 8.911198816171503859e+04 1.825013386359323340e+04 -1.240491507468302734e+06 -1.262263643497180426e+06 -2.133489068332310853e+04 2.251189314996982866e+05 1.421653249028389982e+05 6.211209765807705116e+04 8.144211485539340356e+04 -4.186932945583974652e+04 9.890128580204822356e+04
-2.687649571470157243e+05 2.758974513751728809e+05 -1.311854555976464690e+04 -9.371125737362132350e+04 1.487827946782231811e+04 -4.685006660845930310e+04 8.911198816171503859e+04 1.731565986477702390e+05 2.032440122744275141e+04 -1.134679628742268542e+06 -6.217369493431650335e+05 4.621833145176598337e+05 8.312128622571977030e+04 -1.382469615482894005e+05 4.603924663475194393e+04 3.465441070171837782e+04 5.556428248835822160e+03 8.385812567094209953e+04
-1.169948926302007603e+05 -7.391332423584396020e+04 1.524340254086822388e+05 -1.765610055871437726e+04 5.614307798016081506e+04 -2.864436559410773043e+04 1.825013386359323340e+04 2.032440122744275141e+04 7.725323580071228207e+04 -1.039894682106217660e+05 -2.342579218044670415e+05 2.031095247450885363e+05 1.222920270303395082e+05 -1.044262689538982377e+05 -3.698637599654230144e+04 -9.065717483553221973e+04 3.233221122329686295e+03 8.333968021995847812e+04
7.123871941262838244e+07 -6.858834058185449801e+06 5.660085899394888431e+06 6.079204150420737453e+06 -1.721773969124683645e+06 -1.820245320710055996e+06 -1.240491507468302734e+06 -1.134679628742268542e+06 -1.039894682106217660e+05 4.268490349990586042e+08 2.844474010437093303e+07 1.213929483342440054e+07 -5.613110267087182030e+06 7.080856184857002227e+05 1.993765830045462120e+06 1.579854682397295022e+06 -1.218350441779487068e+06 -1.038872861206796835e+06
8.681003618264187127e+06 -2.168963404890191741e+06 4.951868559782746597e+05 4.404402269966774620e+05 3.068214638755779015e+05 1.937558130331904104e+05 -1.262263643497180426e+06 -6.217369493431650335e+05 -2.342579218044670415e+05 2.844474010437093303e+07 5.437824438543289900e+07 8.854774998880650848e+06 -6.370646162893109024e+06 -1.269902950742702466e+06 -1.315672811168587999e+06 -2.891127071558604948e+06 1.610781249881491764e+06 -1.626799415688224602e+06
2.644194293214141857e+06 1.201482369249511277e+06 4.527856264063002542e+06 -5.270038248355598625e+03 1.796981469633185072e+06 7.001293112506811740e+05 -2.133489068332310853e+04 4.621833145176598337e+05 2.031095247450885363e+05 1.213929483342440054e+07 8.854774998880650848e+06 3.354415556293804944e+07 -5.973699628098822199e+06 -1.636387377935539465e+06 6.639403758797495393e+05 -4.471613236749999342e+05 -1.604469115235885547e+05 5.981937015851956094e+05
-2.074199196836766088e+06 3.197285326939988299e+05 -8.844577217629350343e+03 1.377234585085096187e+05 -3.331754358230213402e+05 -1.258699148322941619e+05 2.251189314996982866e+05 8.312128622571977030e+04 1.222920270303395082e+05 -5.613110267087182030e+06 -6.370646162893109024e+06 -5.973699628098822199e+06 1.349502097474499233e+07 2.587931839132405352e+06 7.622109395014798502e+05 8.061164975688213017e+05 -1.154563273720565485e+05 4.426196394702115795e+05
-3.028243039787464775e+06 -8.871959480192376068e+05 2.745814985549527337e+05 2.455042847033285070e+05 4.991806690635171253e+05 2.188532684662714310e+05 1.421653249028389982e+05 -1.382469615482894005e+05 -1.044262689538982377e+05 7.080856184857002227e+05 -1.269902950742702466e+06 -1.636387377935539465e+06 2.587931839132405352e+06 5.172525221981828101e+06 3.385166960484065930e+05 7.586524090065971250e+05 -4.714974009946094011e+05 -7.206186531924935116e+04
1.787474463581941789e+06 7.617438377469368279e+05 5.838586525414494099e+05 1.476435569415979553e+05 -2.489983550860382820e+04 1.635410829999402049e+05 6.211209765807705116e+04 4.603924663475194393e+04 -3.698637599654230144e+04 1.993765830045462120e+06 -1.315672811168587999e+06 6.639403758797495393e+05 7.622109395014798502e+05 3.385166960484065930e+05 2.006405918019352015e+06 4.404789856065548374e+05 5.984870165904000169e+04 -1.674526644058254533e+04
8.959598987471093424e+05 1.079749045568155590e+06 -2.099695945700402663e+05 3.983818911070508329e+04 -2.157156013461285329e+05 2.296395663879588392e+04 8.144211485539340356e+04 3.465441070171837782e+04 -9.065717483553221973e+04 1.579854682397295022e+06 -2.891127071558604948e+06 -4.471613236749999342e+05 8.061164975688213017e+05 7.586524090065971250e+05 4.404789856065548374e+05 1.657208491986356210e+06 -1.675582723375607457e+05 1.516499982274360991e+04
8.064572357993645128e+05 2.542375786246860807e+05 -1.872028688477479445e+05 -2.013239522194593737e+05 -1.088676759837912541e+05 1.246283167982501618e+05 -4.186932945583974652e+04 5.556428248835822160e+03 3.233221122329686295e+03 -1.218350441779487068e+06 1.610781249881491764e+06 -1.604469115235885547e+05 -1.154563273720565485e+05 -4.714974009946094011e+05 5.984870165904000169e+04 -1.675582723375607457e+05 9.085695513862225926e+05 -1.522422623466988261e+04
-6.007054563903940143e+05 -2.528774731166278361e+05 4.324334465953207691e+05 -7.064282500041279127e+04 1.083876184676580742e+05 -2.863703450362082731e+04 9.890128580204822356e+04 8.385812567094209953e+04 8.333968021995847812e+04 -1.038872861206796835e+06 -1.626799415688224602e+06 5.981937015851956094e+05 4.426196394702115795e+05 -7.206186531924935116e+04 -1.674526644058254533e+04 1.516499982274360991e+04 -1.522422623466988261e+04 8.003991219175156439e+05
