# lambda=0.4577008322745884
4.619162516613952816e+07 3.574362813604202121e+06 1.354461326237272006e+06 -1.882339273860274989e+05 1.989848120823439094e+05 5.081478229587881360e+05 1.306477183467688155e+04 5.287528611554533709e+05 6.285949072064048378e+05 9.339596168108560145e+06 1.432827998788061738e+07 -5.079263166403493378e+05 -2.002305337170906598e+06 1.156933012583041331e+06 2.041093490088483552e+06 2.511338294469066896e+05 -9.656626699907516013e+04 -7.900289381725586718e+05
3.574362813604202121e+06 1.740991173986418545e+07 2.002666540866827127e+06 -9.054097110161303135e+04 -4.844517222218865063e+05 1.189120780170656653e+05 -1.296758262747861445e+05 2.471691747854695423e+05 -2.297772541109701269e+05 1.078608404019649141e+07 7.731939393531663343e+06 1.023898039731963421e+06 7.361551091663971310e+05 -1.257490570505884476e+06 1.077273340375919826e+06 3.279839782223013462e+05 7.745567628322163364e+04 -1.584145500916826131e+05
1.354461326237272006e+06 2.002666540866827127e+06 5.094536235085713677e+06 4.437237841190992622e+05 -2.185370917729011271e+05 5.766018740626530052e+04 2.048953894697655051e+04 5.448613128240601327e+03 4.632646951284488750e+04 7.386427751513346098e+06 2.484887283859570976e+06 2.634354737070384901e+06 -1.970625120836397173e+03 -6.284371997766571585e+05 3.149002452022419311e+05 -3.665942993866965990e+05 1.631524596381051815e+05 1.623949680035111087e+05
-1.882339273860274989e+05 -9.054097110161303135e+04 4.437237841190992622e+05 1.768712745981906541e+06 1.123765063008153811e+04 -1.226365899400706985e+05 -3.955211445664263738e+04 1.185540179518312470e+04 3.685147435927395418e+04 2.313209212532206904e+06 -3.391224096306455904e+05 5.871873304564587306e+04 5.829902516367691569e+05 3.136955518267646548e+05 -3.481972557456085924e+05 -4.125166114458355587e+05 -2.006667691239604892e+03 -5.891355720939551247e+03
1.989848120823439094e+05 -4.844517222218865063e+05 -2.185370917729011271e+05 1.123765063008153811e+04 9.228415263075167313e+05 6.517322227191955608e+04 -1.106140512723658176e+05 -2.182650755755621503e+04 4.483731141413292062e+04 -2.101872532046142966e+06 5.116797990168068791e+05 -2.064011514356738480e+05 -3.684051445410977467e+05 2.606887146805888915e+05 -5.237056414796748868e+04 -8.585998849678540137e+04 1.349248988258502868e+04 2.423580481942460210e+03
5.081478229587881360e+05 1.189120780170656653e+05 5.766018740626530052e+04 -1.226365899400706985e+05 6.517322227191955608e+04 4.761825403439140646e+05 2.472118108983646016e+04 -1.431336219198655454e+04 -4.125215386466403288e+03 -1.471393027506331215e+06 5.391817152576203225e+05 1.035357708581784755e+04 -2.987670943839451065e+05 1.922821128546886903e+05 1.893532621674044349e+05 5.287784399447300530e+04 -3.021802121981500386e+04 -1.454005801672713424e+05
1.306477183467688155e+04 -1.296758262747861445e+05 2.048953894697655051e+04 -3.955211445664263738e+04 -1.106140512723658176e+05 2.472118108983646016e+04 3.246755046260372037e+05 2.808249250143549034e+03 8.316577498064668816e+02 1.019120228738155100e+06 -8.247841465738728875e+05 1.898759308324455924e+05 -7.483939900884467352e+04 -1.539975389505424246e+05 1.471264731112844129e+04 6.355770471069355699e+04 -1.038523901479456690e+05 -1.804016717421756402e+04
5.287528611554533709e+05 2.471691747854695423e+05 5.448613128240601327e+03 1.185540179518312470e+04 -2.182650755755621503e+04 -1.431336219198655454e+04 2.808249250143549034e+03 1.369316699301668268e+05 2.096631094660643430e+04 1.728464820896015503e+06 5.743803265355577460e+05 -1.688610085754969623e+05 -4.567458713668251585e+04 -7.104963325073119449e+03 1.206651486019683070e+05 3.884635674136300804e+04 9.644847829457941771e+03 9.152679116036008509e+02
6.285949072064048378e+05 -2.297772541109701269e+05 4.632646951284488750e+04 3.685147435927395418e+04 4.483731141413292062e+04 -4.125215386466403288e+03 8.316577498064668816e+02 2.096631094660643430e+04 1.347797249793348310e+05 7.706221514492878923e+05 1.208324071194615535e+05 -1.785727460058576544e+05 -8.197127094378415495e+04 2.341517391827113534e+04 2.580024989251569787e+04 -5.421507652598431014e+04 -2.280628170058204341e+04 1.898270958726591562e+04
9.339596168108560145e+06 1.078608404019649141e+07 7.386427751513346098e+06 2.313209212532206904e+06 -2.101872532046142966e+06 -1.471393027506331215e+06 1.019120228738155100e+06 1.728464820896015503e+06 7.706221514492878923e+05 2.607717845037051439e+08 2.450738822591665760e+07 -6.329172516641117632e+06 5.492812753964518197e+06 -9.343066004851380363e+06 1.071532876301827782e+05 -8.368468147423793562e+05 3.012947016980880289e+05 1.435049389265910955e+06
1.432827998788061738e+07 7.731939393531663343e+06 2.484887283859570976e+06 -3.391224096306455904e+05 5.116797990168068791e+05 5.391817152576203225e+05 -8.247841465738728875e+05 5.743803265355577460e+05 1.208324071194615535e+05 2.450738822591665760e+07 5.894558624702268839e+07 5.023056519011180499e+05 -8.661718196444652276e+05 -4.486469647398778470e+05 8.814772727393429959e+05 -2.623921882607513107e+05 1.696315941363274818e+06 -7.735041627835921827e+04
-5.079263166403493378e+05 1.023898039731963421e+06 2.634354737070384901e+06 5.871873304564587306e+04 -2.064011514356738480e+05 1.035357708581784755e+04 1.898759308324455924e+05 -1.688610085754969623e+05 -1.785727460058576544e+05 -6.329172516641117632e+06 5.023056519011180499e+05 2.827797526938714832e+07 -6.731069293549490394e+05 1.401596861136499210e+05 5.650447737812082050e+05 2.969255216429866268e+05 2.065599628045977734e+05 1.439129344352759072e+05
-2.002305337170906598e+06 7.361551091663971310e+05 -1.970625120836397173e+03 5.829902516367691569e+05 -3.684051445410977467e+05 -2.987670943839451065e+05 -7.483939900884467352e+04 -4.567458713668251585e+04 -8.197127094378415495e+04 5.492812753964518197e+06 -8.661718196444652276e+05 -6.731069293549490394e+05 1.008623218810914829e+07 2.216277446611482010e+05 -1.077081611120981688e+05 2.073287880305995932e+05 2.830749394204390119e+05 6.650177277914808365e+05
1.156933012583041331e+06 -1.257490570505884476e+06 -6.284371997766571585e+05 3.136955518267646548e+05 2.606887146805888915e+05 1.922821128546886903e+05 -1.539975389505424246e+05 -7.104963325073119449e+03 2.341517391827113534e+04 -9.343066004851380363e+06 -4.486469647398778470e+05 1.401596861136499210e+05 2.216277446611482010e+05 6.349318897113412619e+06 1.251895255199408159e+06 9.652093232671635633e+04 6.690415085058759723e+04 -3.646546801539048902e+05
2.041093490088483552e+06 1.077273340375919826e+06 3.149002452022419311e+05 -3.481972557456085924e+05 -5.237056414796748868e+04 1.893532621674044349e+05 1.471264731112844129e+04 1.206651486019683070e+05 2.580024989251569787e+04 1.071532876301827782e+05 8.814772727393429959e+05 5.650447737812082050e+05 -1.077081611120981688e+05 1.251895255199408159e+06 4.197683333000814542e+06 3.072256496712549124e+05 -2.126799426507009484e+05 -1.390048228923110291e+05
2.511338294469066896e+05 3.279839782223013462e+05 -3.665942993866965990e+05 -4.125166114458355587e+05 -8.585998849678540137e+04 5.287784399447300530e+04 6.355770471069355699e+04 3.884635674136300804e+04 -5.421507652598431014e+04 -8.368468147423793562e+05 -2.623921882607513107e+05 2.969255216429866268e+05 2.073287880305995932e+05 9.652093232671635633e+04 3.072256496712549124e+05 2.155920411299140193e+06 9.986301200054009678e+04 -7.750565761001876672e+04
-9.656626699907516013e+04 7.745567628322163364e+04 1.631524596381051815e+05 -2.006667691239604892e+03 1.349248988258502868e+04 -3.021802121981500386e+04 -1.038523901479456690e+05 9.644847829457941771e+03 -2.280628170058204341e+04 3.012947016980880289e+05 1.696315941363274818e+06 2.065599628045977734e+05 2.830749394204390119e+05 6.690415085058759723e+04 -2.126799426507009484e+05 9.986301200054009678e+04 1.064975711469605565e+06 1.478328376286129642e+05
-7.900289381725586718e+05 -1.584145500916826131e+05 1.623949680035111087e+05 -5.891355720939551247e+03 2.423580481942460210e+03 -1.454005801672713424e+05 -1.804016717421756402e+04 9.152679116036008509e+02 1.898270958726591562e+04 1.435049389265910955e+06 -7.735041627835921827e+04 1.439129344352759072e+05 6.650177277914808365e+05 -3.646546801539048902e+05 -1.390048228923110291e+05 -7.750565761001876672e+04 1.478328376286129642e+05 7.447726893799691461e+05
