# lambda=0.5356103966362002
4.091955718451496214e+07 -9.773261159148608567e+05 -1.470555901730358601e+05 2.739581283239688491e+05 -1.173347865766406467e+05 1.145956965535365045e+06 5.825936291623106226e+05 2.253496297749225923e+05 8.100992262420309999e+04 3.683287506934285630e+06 5.506776526371930726e+06 -5.489092647934135748e+05 1.797445056520700222e+06 -2.169454460189520250e+04 1.498554303495689994e+06 -2.946461292697639437e+05 -2.286236359667695360e+05 -1.230132532413861190e+05
-9.773261159148608567e+05 1.387365957323817350e+07 7.441881387768489076e+05 -4.886946080190475332e+05 4.120353173282731441e+05 -5.595323849939157953e+05 -4.803127348076835915e+04 2.802086432331868491e+04 1.237811186546206882e+05 9.640400519422529032e+05 5.058245557979662903e+06 -1.118402213345372584e+06 -1.990302345700027421e+06 -1.099713015487598954e+06 -1.390518739659596467e+06 -2.313032975903385959e+05 3.626736523048265954e+05 -2.187249102456332366e+03
-1.470555901730358601e+05 7.441881387768489076e+05 4.207119489473322406e+06 -1.163019426934459916e+05 -3.659131550711799355e+04 2.001776535533471542e+04 -1.124908363122429437e+05 4.683027714418137293e+03 -7.479893190422834596e+04 6.557412475587462541e+05 -1.566463183977493551e+06 6.493663034513188759e+05 -4.328909675167301903e+05 9.400975535643299809e+05 -1.213020383329203469e+05 -4.428648522467646399e+05 -5.328304211990175099e+04 -2.469735861239278165e+04
2.739581283239688491e+05 -4.886946080190475332e+05 -1.163019426934459916e+05 1.716358408186911605e+06 1.053304359622270567e+05 7.213887486865808023e+04 -1.397639113412127190e+05 2.948039977941603502e+04 -4.450583873460097675e+04 -6.616035269279929344e+05 -1.658297331701069372e+06 -4.601685332664367161e+05 2.828505964235909632e+05 9.729901566260671825e+04 1.050319925667179632e+05 -1.960881970702080289e+05 -1.538620075260297162e+05 -6.670366033569989668e+04
-1.173347865766406467e+05 4.120353173282731441e+05 -3.659131550711799355e+04 1.053304359622270567e+05 6.568387401030162582e+05 -7.126880205501656746e+03 -8.296375625741880867e+03 -3.270249723449465819e+03 -1.015064463612803706e+03 1.903222011099020019e+06 -1.104489702008360618e+05 -5.595709468576242216e+05 3.853095864920070017e+04 -5.504433188454560150e+04 4.088716351520313037e+04 4.289457384878118319e+03 -3.805905556941981195e+04 -1.618914162568792199e+04
1.145956965535365045e+06 -5.595323849939157953e+05 2.001776535533471542e+04 7.213887486865808023e+04 -7.126880205501656746e+03 7.908968545150591526e+05 7.816078278845135355e+04 -1.754421581889224763e+04 1.486187364172958951e+04 1.081753009382136406e+04 -5.190648598709977232e+05 -2.578375755268389767e+05 4.032846369755314663e+05 1.535684998389852117e+05 3.509096361652702326e+05 2.208253098221027540e+04 2.922868851379650005e+04 -3.319753455537839181e+04
5.825936291623106226e+05 -4.803127348076835915e+04 -1.124908363122429437e+05 -1.397639113412127190e+05 -8.296375625741880867e+03 7.816078278845135355e+04 2.876141752733527101e+05 2.661862886500148761e+03 2.922066683994081905e+04 5.107416990460339002e+05 2.562362996435429377e+05 -2.572650967364496901e+05 9.915158721094517387e+04 -1.230473212415093294e+05 7.184939382268281770e+04 1.695588585427189537e+05 9.973140898375649704e+04 -4.085928326839594229e+04
2.253496297749225923e+05 2.802086432331868491e+04 4.683027714418137293e+03 2.948039977941603502e+04 -3.270249723449465819e+03 -1.754421581889224763e+04 2.661862886500148761e+03 1.235401781304497272e+05 3.836563404957330931e+03 9.416497431270626839e+04 -2.636943075666588265e+05 -2.244552430403522740e+05 -1.008738361650317092e+05 -2.041157555605168163e+05 -6.017833653825634246e+04 -2.025224153328251850e+04 -2.588426728268988882e+04 -2.994650491793626861e+04
8.100992262420309999e+04 1.237811186546206882e+05 -7.479893190422834596e+04 -4.450583873460097675e+04 -1.015064463612803706e+03 1.486187364172958951e+04 2.922066683994081905e+04 3.836563404957330931e+03 1.219775232321604708e+05 2.533786689754670660e+05 5.592727755164981354e+05 -4.194857180928978778e+04 -6.709830980338311929e+04 -1.305308119982374337e+05 1.538528543095664463e+04 4.243888009269288887e+04 4.555092739493850968e+04 2.240765772902369645e+04
3.683287506934285630e+06 9.640400519422529032e+05 6.557412475587462541e+05 -6.616035269279929344e+05 1.903222011099020019e+06 1.081753009382136406e+04 5.107416990460339002e+05 9.416497431270626839e+04 2.533786689754670660e+05 1.804423236562394202e+08 2.356923140327503532e+07 -7.281143598888482898e+06 -3.189368898301997688e+05 1.640341297522141598e+06 3.446594764488977846e+06 2.991636920401199721e+06 7.766835424717544811e+05 -3.468978455421829131e+05
5.506776526371930726e+06 5.058245557979662903e+06 -1.566463183977493551e+06 -1.658297331701069372e+06 -1.104489702008360618e+05 -5.190648598709977232e+05 2.562362996435429377e+05 -2.636943075666588265e+05 5.592727755164981354e+05 2.356923140327503532e+07 1.118212966371541470e+08 1.914740317970131058e+06 1.716934796262975782e+06 -5.671169896958682330e+03 5.507684985641835956e+05 1.898118672390170861e+06 1.594692477776906686e+06 4.688703005522502935e+05
-5.489092647934135748e+05 -1.118402213345372584e+06 6.493663034513188759e+05 -4.601685332664367161e+05 -5.595709468576242216e+05 -2.578375755268389767e+05 -2.572650967364496901e+05 -2.244552430403522740e+05 -4.194857180928978778e+04 -7.281143598888482898e+06 1.914740317970131058e+06 3.745436524147755653e+07 8.763208876230793539e+05 2.826554728050282225e+06 8.187613124023861019e+05 -1.294035069230644498e+06 -9.095500159737464855e+04 -5.770623920413552241e+02
1.797445056520700222e+06 -1.990302345700027421e+06 -4.328909675167301903e+05 2.828505964235909632e+05 3.853095864920070017e+04 4.032846369755314663e+05 9.915158721094517387e+04 -1.008738361650317092e+05 -6.709830980338311929e+04 -3.189368898301997688e+05 1.716934796262975782e+06 8.763208876230793539e+05 1.037292326387781650e+07 9.088336813692054711e+05 1.672172044688005000e+06 3.693946318501349888e+05 1.586710405384125188e+05 5.869699926688278356e+04
-2.169454460189520250e+04 -1.099713015487598954e+06 9.400975535643299809e+05 9.729901566260671825e+04 -5.504433188454560150e+04 1.535684998389852117e+05 -1.230473212415093294e+05 -2.041157555605168163e+05 -1.305308119982374337e+05 1.640341297522141598e+06 -5.671169896958682330e+03 2.826554728050282225e+06 9.088336813692054711e+05 6.695524201855038293e+06 7.113835543366989587e+05 -2.954344385642599082e+05 1.218687125904435961e+05 2.039815930722753401e+05
1.498554303495689994e+06 -1.390518739659596467e+06 -1.213020383329203469e+05 1.050319925667179632e+05 4.088716351520313037e+04 3.509096361652702326e+05 7.184939382268281770e+04 -6.017833653825634246e+04 1.538528543095664463e+04 3.446594764488977846e+06 5.507684985641835956e+05 8.187613124023861019e+05 1.672172044688005000e+06 7.113835543366989587e+05 3.288723030693225563e+06 2.147518584062170994e+05 3.627239302988244162e+04 1.769565890477184148e+05
-2.946461292697639437e+05 -2.313032975903385959e+05 -4.428648522467646399e+05 -1.960881970702080289e+05 4.289457384878118319e+03 2.208253098221027540e+04 1.695588585427189537e+05 -2.025224153328251850e+04 4.243888009269288887e+04 2.991636920401199721e+06 1.898118672390170861e+06 -1.294035069230644498e+06 3.693946318501349888e+05 -2.954344385642599082e+05 2.147518584062170994e+05 2.061883830375183607e+06 3.440464955545968842e+05 9.929927149131623446e+04
-2.286236359667695360e+05 3.626736523048265954e+05 -5.328304211990175099e+04 -1.538620075260297162e+05 -3.805905556941981195e+04 2.922868851379650005e+04 9.973140898375649704e+04 -2.588426728268988882e+04 4.555092739493850968e+04 7.766835424717544811e+05 1.594692477776906686e+06 -9.095500159737464855e+04 1.586710405384125188e+05 1.218687125904435961e+05 3.627239302988244162e+04 3.440464955545968842e+05 1.114476643749329960e+06 1.001901370851110696e+05
-1.230132532413861190e+05 -2.187249102456332366e+03 -2.469735861239278165e+04 -6.670366033569989668e+04 -1.618914162568792199e+04 -3.319753455537839181e+04 -4.085928326839594229e+04 -2.994650491793626861e+04 2.240765772902369645e+04 -3.468978455421829131e+05 4.688703005522502935e+05 -5.770623920413552241e+02 5.869699926688278356e+04 2.039815930722753401e+05 1.769565890477184148e+05 9.929927149131623446e+04 1.001901370851110696e+05 8.585213043326414190e+05
