# lambda=0.755665047106878
4.799584323059955239e+07 2.348647724880752619e+06 -6.222828894649049034e+05 6.710747381392054376e+04 6.031693488467019051e+05 4.581991408974389196e+04 2.055178074838476605e+05 -2.393425886884871579e+05 -9.004094842673736275e+04 -1.454051000691539142e+06 4.338448578427646309e+06 2.238818926077490207e+06 -1.991389251837475167e+05 -2.116364205094377685e+05 -1.028844552256784169e+06 5.546194956263905624e+05 -9.868382279859269329e+04 -6.617273394096655538e+05
2.348647724880752619e+06 1.747582007675177604e+07 3.849585609179852181e+05 4.074181064952600282e+05 2.893911332468954497e+05 -6.791949837945802756e+03 8.270686798475279647e+04 4.746189910847863939e+04 1.164670811358965329e+04 1.161055791006409563e+06 4.513265078160434961e+06 -3.228695273497105227e+05 -4.491404298403289868e+05 -7.080888518240032718e+05 -2.022061647193663230e+05 4.445451303582431865e+05 -2.125952761328458291e+04 -3.369922542855877546e+05
-6.222828894649049034e+05 3.849585609179852181e+05 2.934801654395036399e+06 1.318654459925974370e+05 8.620950422785629053e+04 4.803208102504839917e+04 -1.479560692447574911e+04 2.007996672792466416e+04 1.863588913080380371e+04 1.003730917659474886e+06 1.521393412656948203e+06 7.268600067467704648e+05 -1.292674414615857240e+05 -2.378943248357877601e+05 1.797137462376862240e+05 9.060498840176894737e+04 -4.603770084506630519e+04 -1.370477475581247199e+04
6.710747381392054376e+04 4.074181064952600282e+05 1.318654459925974370e+05 2.147002645296260249e+06 2.002298428696975752e+05 1.172781040140384575e+05 -2.185097250398905817e+04 3.902516385853084648e+04 1.601368523009205092e+03 -3.267293948075309163e+05 1.348333532034439733e+06 -1.913997379171554485e+03 7.231689091421769699e+05 2.674735597924810136e+05 1.222168517943108891e+05 7.366863430189664359e+04 9.470817879063317378e+04 2.237774350651036730e+04
6.031693488467019051e+05 2.893911332468954497e+05 8.620950422785629053e+04 2.002298428696975752e+05 1.534923885733416304e+06 8.463036990861801314e+04 -1.191152998002787353e+04 3.553128258122898842e+04 1.381582536084784624e+04 -6.165286375802566763e+05 9.672469178340177750e+05 1.315325646152176887e+04 -1.765219049217586144e+04 2.653821110125483829e+05 -3.983453565197395619e+03 6.589392350853233074e+04 1.075167839410908055e+05 -9.319167153739620699e+04
4.581991408974389196e+04 -6.791949837945802756e+03 4.803208102504839917e+04 1.172781040140384575e+05 8.463036990861801314e+04 6.103989181022529956e+05 -1.265231741622762001e+03 5.220035821080480673e+04 9.915201119744186144e+03 -1.427884885729427333e+05 2.848598657486601733e+05 1.638391216318192601e+05 1.135106407605501299e+05 2.515614618729759532e+05 8.786365277587072342e+04 3.504310490230199503e+04 8.341134963517588039e+04 1.329934275941634041e+04
2.055178074838476605e+05 8.270686798475279647e+04 -1.479560692447574911e+04 -2.185097250398905817e+04 -1.191152998002787353e+04 -1.265231741622762001e+03 2.611927614908939577e+05 1.567134794266548624e+03 8.691627967106060169e+03 -5.352986598107420286e+04 1.040227254190663662e+05 4.100819284992604662e+04 6.271057658334048028e+04 -3.757341137675466598e+04 -1.032335323402720678e+05 -1.171111258786602093e+03 1.153608440880223134e+04 2.726294474669301781e+04
-2.393425886884871579e+05 4.746189910847863939e+04 2.007996672792466416e+04 3.902516385853084648e+04 3.553128258122898842e+04 5.220035821080480673e+04 1.567134794266548624e+03 2.661628834673775709e+05 9.539342349746637410e+03 -2.501659048921495560e+05 -2.104066960785812989e+04 -1.512286750207427831e+05 -1.053930797964191879e+04 6.943271893649516278e+04 4.835850320373197610e+04 4.316778333074138573e+03 8.490452769031598291e+04 2.152096616061620080e+04
-9.004094842673736275e+04 1.164670811358965329e+04 1.863588913080380371e+04 1.601368523009205092e+03 1.381582536084784624e+04 9.915201119744186144e+03 8.691627967106060169e+03 9.539342349746637410e+03 9.815613076399029524e+04 9.745308075764440582e+04 1.918535374007001228e+05 6.755277601293008775e+04 -1.539998135648019706e+04 2.635087569908301521e+04 -2.374688941526308190e+04 1.403656074727172563e+04 2.650847859151185548e+04 2.624809191744352211e+04
-1.454051000691539142e+06 1.161055791006409563e+06 1.003730917659474886e+06 -3.267293948075309163e+05 -6.165286375802566763e+05 -1.427884885729427333e+05 -5.352986598107420286e+04 -2.501659048921495560e+05 9.745308075764440582e+04 3.087906349532443881e+08 9.969971691923297942e+06 3.538315636095384602e+06 2.250847747922110371e+06 -4.144165757721262635e+05 -9.045708700313531153e+04 1.052193470285535324e+06 7.270704217894496396e+05 1.949008419383389177e+06
4.338448578427646309e+06 4.513265078160434961e+06 1.521393412656948203e+06 1.348333532034439733e+06 9.672469178340177750e+05 2.848598657486601733e+05 1.040227254190663662e+05 -2.104066960785812989e+04 1.918535374007001228e+05 9.969971691923297942e+06 9.467804464544282854e+07 4.082739301350224763e+06 2.436026256198999006e+06 1.397243728293318127e+05 2.712229671776844771e+05 1.322041950293037109e+06 6.913195901601827936e+05 -1.823483453034838021e+05
2.238818926077490207e+06 -3.228695273497105227e+05 7.268600067467704648e+05 -1.913997379171554485e+03 1.315325646152176887e+04 1.638391216318192601e+05 4.100819284992604662e+04 -1.512286750207427831e+05 6.755277601293008775e+04 3.538315636095384602e+06 4.082739301350224763e+06 2.676809788350979984e+07 6.531162866239801515e+05 2.869302967251467053e+05 3.208754751245572115e+05 1.095156976330297912e+05 -3.317901355632952764e+05 6.915981819111139339e+04
-1.991389251837475167e+05 -4.491404298403289868e+05 -1.292674414615857240e+05 7.231689091421769699e+05 -1.765219049217586144e+04 1.135106407605501299e+05 6.271057658334048028e+04 -1.053930797964191879e+04 -1.539998135648019706e+04 2.250847747922110371e+06 2.436026256198999006e+06 6.531162866239801515e+05 1.606768467098352872e+07 9.980841354438231792e+05 2.264935964479930990e+05 -2.171605321007954262e+04 2.884363378508044407e+05 2.865712959220482153e+05
-2.116364205094377685e+05 -7.080888518240032718e+05 -2.378943248357877601e+05 2.674735597924810136e+05 2.653821110125483829e+05 2.515614618729759532e+05 -3.757341137675466598e+04 6.943271893649516278e+04 2.635087569908301521e+04 -4.144165757721262635e+05 1.397243728293318127e+05 2.869302967251467053e+05 9.980841354438231792e+05 5.870274819918776862e+06 5.325921879349474330e+05 -7.899976883830469160e+04 2.801766622914535110e+05 1.030495328874326951e+05
-1.028844552256784169e+06 -2.022061647193663230e+05 1.797137462376862240e+05 1.222168517943108891e+05 -3.983453565197395619e+03 8.786365277587072342e+04 -1.032335323402720678e+05 4.835850320373197610e+04 -2.374688941526308190e+04 -9.045708700313531153e+04 2.712229671776844771e+05 3.208754751245572115e+05 2.264935964479930990e+05 5.325921879349474330e+05 3.780109354493382387e+06 1.659962573693489958e+03 8.279559779481182341e+04 2.108300033511488073e+04
5.546194956263905624e+05 4.445451303582431865e+05 9.060498840176894737e+04 7.366863430189664359e+04 6.589392350853233074e+04 3.504310490230199503e+04 -1.171111258786602093e+03 4.316778333074138573e+03 1.403656074727172563e+04 1.052193470285535324e+06 1.322041950293037109e+06 1.095156976330297912e+05 -2.171605321007954262e+04 -7.899976883830469160e+04 1.659962573693489958e+03 1.207823209386054659e+06 3.718737785481869651e+04 -2.038409178878344756e+04
-9.868382279859269329e+04 -2.125952761328458291e+04 -4.603770084506630519e+04 9.470817879063317378e+04 1.075167839410908055e+05 8.341134963517588039e+04 1.153608440880223134e+04 8.490452769031598291e+04 2.650847859151185548e+04 7.270704217894496396e+05 6.913195901601827936e+05 -3.317901355632952764e+05 2.884363378508044407e+05 2.801766622914535110e+05 8.279559779481182341e+04 3.718737785481869651e+04 1.491441803793164901e+06 1.147299326841615257e+05
-6.617273394096655538e+05 -3.369922542855877546e+05 -1.370477475581247199e+04 2.237774350651036730e+04 -9.319167153739620699e+04 1.329934275941634041e+04 2.726294474669301781e+04 2.152096616061620080e+04 2.624809191744352211e+04 1.949008419383389177e+06 -1.823483453034838021e+05 6.915981819111139339e+04 2.865712959220482153e+05 1.030495328874326951e+05 2.108300033511488073e+04 -2.038409178878344756e+04 1.147299326841615257e+05 1.008476628615441965e+06
