# lambda=0.544994502453211
4.662611961411857605e+07 1.547457343370668124e+06 -6.861311115561658517e+05 7.562562952622238081e+05 9.795624225222219247e+05 7.319001534417504445e+04 2.140744190058084787e+05 -5.148180485343260079e+04 2.010754272834829462e+05 -1.269221622132823803e+06 6.747266765446678735e+06 2.358451694422102533e+06 3.416959030172493774e+06 2.773246824852393474e+06 1.195456785879855976e+06 7.554819358732043765e+05 4.923416842314107926e+05 9.659366133137470752e+04
1.547457343370668124e+06 1.928431008944801614e+07 5.588494715016488917e+05 6.229623427602864103e+05 3.379806615391591913e+05 2.716252968982624006e+05 2.105265550112330238e+05 2.054352517098373501e+05 1.470210458908543515e+05 1.168588376023932174e+07 1.043964865523214638e+07 4.097664563642224763e+06 1.591563687357408693e+06 2.561715553475923371e+05 8.005581666623326601e+04 7.882538618202806683e+05 6.538421012163697742e+05 3.690157591564165778e+05
-6.861311115561658517e+05 5.588494715016488917e+05 4.732220740362459794e+06 1.526377423699913779e+05 7.242768617801957589e+04 1.232932559938587656e+05 -1.200752867352401227e+05 9.513851042667380534e+04 3.825858489745153202e+04 1.215447396900378866e+06 6.323711836994275218e+05 1.991799997653623810e+06 3.461310775724106934e+05 -1.562184874003166915e+05 -2.070203632644557219e+05 1.371966767062548024e+04 9.836904207714044605e+04 1.704225644149855652e+05
7.562562952622238081e+05 6.229623427602864103e+05 1.526377423699913779e+05 1.749827547277526930e+06 1.750720316967260733e+05 2.401368555587650189e+04 9.634940777139694546e+04 1.191590276680315437e+05 3.346511487489440333e+04 1.887801663680700585e+06 2.445424589140372816e+06 5.205007317898539477e+05 4.140421210071671521e+04 -1.961881044884047005e+05 -1.815591439086749742e+05 6.138197484678608453e+04 5.579326458806707524e+04 1.466000318556165439e+04
9.795624225222219247e+05 3.379806615391591913e+05 7.242768617801957589e+04 1.750720316967260733e+05 6.415060926324059255e+05 5.764052040698959900e+04 -1.773761488316035320e+04 -1.694501224667824772e+03 -1.444108569039643589e+04 1.423390820231891703e+06 9.551608934467113577e+05 6.091255312496513361e+05 3.933231609735317179e+05 2.572431344016226067e+05 1.316107966446494975e+05 2.208374013693750749e+04 5.355646675306527322e+04 -3.196087150834850763e+04
7.319001534417504445e+04 2.716252968982624006e+05 1.232932559938587656e+05 2.401368555587650189e+04 5.764052040698959900e+04 4.733144489036195446e+05 2.459765592615454807e+04 4.428627307392163493e+04 1.221542553289844545e+04 1.161801936229705811e+06 -2.289957350395406829e+05 1.441015274999562535e+05 -5.944492163185459503e+04 2.106672332934890619e+03 3.665864729892018659e+04 8.846625186940746789e+04 7.412705900555261906e+03 9.397171504231785366e+04
2.140744190058084787e+05 2.105265550112330238e+05 -1.200752867352401227e+05 9.634940777139694546e+04 -1.773761488316035320e+04 2.459765592615454807e+04 3.398944163465213496e+05 1.615170985623809429e+04 1.393850096258303529e+04 -2.409780258777370545e+04 -2.326106190545332793e+05 -1.037587075138125365e+05 1.338923780221736251e+03 -2.082518224349092052e+05 5.191722021768147533e+04 6.903727237954310840e+04 5.522842765585514280e+04 4.519438403099498100e+04
-5.148180485343260079e+04 2.054352517098373501e+05 9.513851042667380534e+04 1.191590276680315437e+05 -1.694501224667824772e+03 4.428627307392163493e+04 1.615170985623809429e+04 2.536908029783800594e+05 1.902296373192457759e+04 -2.776916880457785446e+05 3.290233563387623290e+05 1.053312366666393937e+05 2.633699778109065664e+04 -1.604210409520209760e+04 1.844751649202200133e+04 1.475578801492960774e+05 8.178572471385836252e+04 1.302981133162981280e+02
2.010754272834829462e+05 1.470210458908543515e+05 3.825858489745153202e+04 3.346511487489440333e+04 -1.444108569039643589e+04 1.221542553289844545e+04 1.393850096258303529e+04 1.902296373192457759e+04 8.106272792305571784e+04 4.224571096471112105e+05 -2.927153249289333326e+04 -3.688311296887222852e+04 -8.986581418666860554e+04 1.537712667757759846e+03 -2.900071857119476590e+03 7.303144135833748442e+04 1.918996885000799739e+04 2.946006312670051557e+04
-1.269221622132823803e+06 1.168588376023932174e+07 1.215447396900378866e+06 1.887801663680700585e+06 1.423390820231891703e+06 1.161801936229705811e+06 -2.409780258777370545e+04 -2.776916880457785446e+05 4.224571096471112105e+05 2.815615617829058766e+08 1.539849558893340267e+07 1.154624682873299532e+07 1.619814813194117043e+06 5.906762113865423016e+06 -8.361882956633422291e+05 -3.371043249792638817e+05 1.744089344214601675e+06 -1.987525786561583227e+05
6.747266765446678735e+06 1.043964865523214638e+07 6.323711836994275218e+05 2.445424589140372816e+06 9.551608934467113577e+05 -2.289957350395406829e+05 -2.326106190545332793e+05 3.290233563387623290e+05 -2.927153249289333326e+04 1.539849558893340267e+07 7.274842934581752121e+07 9.030505288556484506e+06 4.928874067289465107e+06 1.142957796953360550e+06 -5.161564337830837467e+05 2.137339353812795016e+05 3.098858352091196575e+05 -4.672278015972166322e+05
2.358451694422102533e+06 4.097664563642224763e+06 1.991799997653623810e+06 5.205007317898539477e+05 6.091255312496513361e+05 1.441015274999562535e+05 -1.037587075138125365e+05 1.053312366666393937e+05 -3.688311296887222852e+04 1.154624682873299532e+07 9.030505288556484506e+06 3.927902953004890680e+07 1.598302337404842954e+06 -1.194390126732773380e+06 4.818398293710387079e+05 6.782587816946882522e+05 2.673224612223944278e+05 -2.325785310048442989e+04
3.416959030172493774e+06 1.591563687357408693e+06 3.461310775724106934e+05 4.140421210071671521e+04 3.933231609735317179e+05 -5.944492163185459503e+04 1.338923780221736251e+03 2.633699778109065664e+04 -8.986581418666860554e+04 1.619814813194117043e+06 4.928874067289465107e+06 1.598302337404842954e+06 8.786240427509527653e+06 8.190563207676702878e+05 3.823881415442925645e+05 -5.272164705432203482e+04 3.405184123224277864e+05 -2.360421386644118757e+05
2.773246824852393474e+06 2.561715553475923371e+05 -1.562184874003166915e+05 -1.961881044884047005e+05 2.572431344016226067e+05 2.106672332934890619e+03 -2.082518224349092052e+05 -1.604210409520209760e+04 1.537712667757759846e+03 5.906762113865423016e+06 1.142957796953360550e+06 -1.194390126732773380e+06 8.190563207676702878e+05 6.360528215429726057e+06 2.471797045460353547e+05 1.111184026591231668e+04 4.778796214957415359e+05 -4.481343869336757780e+04
1.195456785879855976e+06 8.005581666623326601e+04 -2.070203632644557219e+05 -1.815591439086749742e+05 1.316107966446494975e+05 3.665864729892018659e+04 5.191722021768147533e+04 1.844751649202200133e+04 -2.900071857119476590e+03 -8.361882956633422291e+05 -5.161564337830837467e+05 4.818398293710387079e+05 3.823881415442925645e+05 2.471797045460353547e+05 2.097846338288020808e+06 2.642937880691653700e+05 6.404222695524486335e+04 -4.979026018291020591e+04
7.554819358732043765e+05 7.882538618202806683e+05 1.371966767062548024e+04 6.138197484678608453e+04 2.208374013693750749e+04 8.846625186940746789e+04 6.903727237954310840e+04 1.475578801492960774e+05 7.303144135833748442e+04 -3.371043249792638817e+05 2.137339353812795016e+05 6.782587816946882522e+05 -5.272164705432203482e+04 1.111184026591231668e+04 2.642937880691653700e+05 1.353581790507589234e+06 1.739045111595977796e+05 9.512263340289055486e+04
4.923416842314107926e+05 6.538421012163697742e+05 9.836904207714044605e+04 5.579326458806707524e+04 5.355646675306527322e+04 7.412705900555261906e+03 5.522842765585514280e+04 8.178572471385836252e+04 1.918996885000799739e+04 1.744089344214601675e+06 3.098858352091196575e+05 2.673224612223944278e+05 3.405184123224277864e+05 4.778796214957415359e+05 6.404222695524486335e+04 1.739045111595977796e+05 8.238957950129723176e+05 4.596513102728566446e+04
9.659366133137470752e+04 3.690157591564165778e+05 1.704225644149855652e+05 1.466000318556165439e+04 -3.196087150834850763e+04 9.397171504231785366e+04 4.519438403099498100e+04 1.302981133162981280e+02 2.946006312670051557e+04 -1.987525786561583227e+05 -4.672278015972166322e+05 -2.325785310048442989e+04 -2.360421386644118757e+05 -4.481343869336757780e+04 -4.979026018291020591e+04 9.512263340289055486e+04 4.596513102728566446e+04 5.215205610887577059e+05
