# lambda=0.24441771286244038
5.538958401647868752e+07 -1.467698761755631072e+06 -1.917922168259394355e+06 -5.486966142919325503e+05 1.409045931888913969e+06 9.510802032874333672e+05 -1.044776723980872775e+06 5.728180929095828906e+05 3.813822382393014414e+04 2.496475821380373673e+05 1.953498031966132112e+06 -7.422768145343250595e+06 -3.874602403453233652e+06 -1.111847899328236817e+05 1.549923413041263819e+06 -1.588747127648383612e+06 8.707375028817922575e+05 3.151761856072848896e+05
-1.467698761755631072e+06 1.512094582924111560e+07 2.709105651152859442e+06 4.976298809463924263e+05 8.630718177922909381e+05 -2.388559630198708619e+05 -5.076308354422343546e+05 -1.985934087262791945e+04 -2.157785605068454461e+05 1.718373926559732482e+07 2.233398722523650154e+07 4.032813266488451976e+06 2.305544533251503482e+06 1.104134007719131419e+06 -2.085635697733126872e+05 -1.100321393484875560e+06 -1.500329669543756063e+04 1.347794101202036836e+05
-1.917922168259394355e+06 2.709105651152859442e+06 7.234574900444928557e+06 5.176538705101527739e+05 -1.018432026537915226e+05 -8.202514318767216173e+04 -4.407770677671312005e+05 -1.294921170984424680e+04 -1.116299917479375581e+05 8.279115464699591510e+06 5.987276913898563012e+06 5.969987813743079081e+06 1.145134081778986147e+06 1.286661920961423544e+06 -2.606772699124304345e+05 -1.242812289653453918e+05 9.897104478465423745e+04 -1.222836835036148841e+05
-5.486966142919325503e+05 4.976298809463924263e+05 5.176538705101527739e+05 2.288722836415483616e+06 -1.945268173250014952e+05 -8.183196985000542190e+04 -1.680260919941233296e+05 -9.267454504835422995e+03 1.341542418983124953e+05 -2.268599653141247982e+05 1.147700197754336521e+06 4.650448193279659608e+04 2.300981885827342980e+06 2.475967789748925716e+05 -3.881344772635559784e+05 2.129240967434446211e+05 -2.071996024006890366e+05 2.716149847734837676e+05
1.409045931888913969e+06 8.630718177922909381e+05 -1.018432026537915226e+05 -1.945268173250014952e+05 6.967806149158054031e+05 -1.405205665775425769e+04 -2.028272616495954935e+04 2.955250804350496765e+04 2.104004077377908288e+03 2.225544304336711764e+06 1.091740750465098536e+06 -5.256618751361010363e+05 -3.696776210298492806e+05 7.966932572317060840e+04 1.045482665626943926e+05 -2.851276542381396866e+05 -3.158341495728503651e+04 -9.048893657715110749e+03
9.510802032874333672e+05 -2.388559630198708619e+05 -8.202514318767216173e+04 -8.183196985000542190e+04 -1.405205665775425769e+04 3.966849124997688923e+05 2.743120252588363292e+04 -5.694494980618034606e+04 3.111039028811079697e+04 -7.614168252014160680e+04 -3.240347980230391840e+05 -4.996453444699674728e+05 -3.092628920801270870e+05 -1.129479006707574445e+05 1.897825174288882990e+05 8.462678450884087943e+04 1.369053571216084529e+05 6.451791396772817279e+03
-1.044776723980872775e+06 -5.076308354422343546e+05 -4.407770677671312005e+05 -1.680260919941233296e+05 -2.028272616495954935e+04 2.743120252588363292e+04 4.757572342665028409e+05 5.491306663027706236e+04 2.629462622914780513e+04 -3.257730120322464965e+06 -2.518994735041316599e+06 -1.211871397559687728e+06 -7.920802542997735145e+04 -8.598122905538688065e+04 1.092432994763829629e+05 3.388789126310850843e+05 7.126400828755325347e+04 -1.960604369646279156e+04
5.728180929095828906e+05 -1.985934087262791945e+04 -1.294921170984424680e+04 -9.267454504835422995e+03 2.955250804350496765e+04 -5.694494980618034606e+04 5.491306663027706236e+04 2.189958096821442014e+05 4.595744475644643899e+03 -2.451023339423958532e+04 -5.544948220800451236e+05 -7.180724120910494821e+05 -8.327309776927012717e+04 -1.147175040815873945e+05 4.533242017324619519e+04 5.030414477009617985e+04 2.930284276078673429e+04 8.179100925872488915e+03
3.813822382393014414e+04 -2.157785605068454461e+05 -1.116299917479375581e+05 1.341542418983124953e+05 2.104004077377908288e+03 3.111039028811079697e+04 2.629462622914780513e+04 4.595744475644643899e+03 1.268714747353964776e+05 -8.428020579302578699e+05 -9.452446293050225358e+05 -2.114013938379175379e+05 2.345439704994061904e+05 -1.845606543481143890e+05 -6.002741683725892653e+04 2.714432781196949509e+04 1.674725071334305903e+04 1.077295422682631615e+05
2.496475821380373673e+05 1.718373926559732482e+07 8.279115464699591510e+06 -2.268599653141247982e+05 2.225544304336711764e+06 -7.614168252014160680e+04 -3.257730120322464965e+06 -2.451023339423958532e+04 -8.428020579302578699e+05 2.167306219435478449e+08 7.069491278450651467e+07 1.981719529798332229e+07 -4.790037855156070553e+06 -4.760675087011067197e+06 -6.733490529599218629e+06 -5.346613220620164648e+06 -1.676638567853305954e+06 -2.161362537526736967e+06
1.953498031966132112e+06 2.233398722523650154e+07 5.987276913898563012e+06 1.147700197754336521e+06 1.091740750465098536e+06 -3.240347980230391840e+05 -2.518994735041316599e+06 -5.544948220800451236e+05 -9.452446293050225358e+05 7.069491278450651467e+07 1.768115044605430365e+08 2.834269156567753479e+07 3.966867399133652449e+06 5.275217776299006306e+06 8.975160871424990473e+05 -3.250885691845739260e+06 6.810307925557231065e+05 1.458347778548012138e+05
-7.422768145343250595e+06 4.032813266488451976e+06 5.969987813743079081e+06 4.650448193279659608e+04 -5.256618751361010363e+05 -4.996453444699674728e+05 -1.211871397559687728e+06 -7.180724120910494821e+05 -2.114013938379175379e+05 1.981719529798332229e+07 2.834269156567753479e+07 3.247269450921123847e+07 2.454020313377340790e+06 2.354082497478173580e+06 -2.031139663362420630e+06 -1.448445568704718491e+06 -1.640153253458852414e+05 -5.288891540377293713e+05
-3.874602403453233652e+06 2.305544533251503482e+06 1.145134081778986147e+06 2.300981885827342980e+06 -3.696776210298492806e+05 -3.092628920801270870e+05 -7.920802542997735145e+04 -8.327309776927012717e+04 2.345439704994061904e+05 -4.790037855156070553e+06 3.966867399133652449e+06 2.454020313377340790e+06 1.251761611916033924e+07 7.691835278170017991e+05 -6.743294949591296026e+05 1.135335287362732692e+06 3.022915941713961074e+05 6.215616368168583140e+05
-1.111847899328236817e+05 1.104134007719131419e+06 1.286661920961423544e+06 2.475967789748925716e+05 7.966932572317060840e+04 -1.129479006707574445e+05 -8.598122905538688065e+04 -1.147175040815873945e+05 -1.845606543481143890e+05 -4.760675087011067197e+06 5.275217776299006306e+06 2.354082497478173580e+06 7.691835278170017991e+05 4.535580181426734664e+06 5.394766229701638222e+05 -2.539592217607575003e+05 7.579189266056221095e+04 -2.737017831049318193e+05
1.549923413041263819e+06 -2.085635697733126872e+05 -2.606772699124304345e+05 -3.881344772635559784e+05 1.045482665626943926e+05 1.897825174288882990e+05 1.092432994763829629e+05 4.533242017324619519e+04 -6.002741683725892653e+04 -6.733490529599218629e+06 8.975160871424990473e+05 -2.031139663362420630e+06 -6.743294949591296026e+05 5.394766229701638222e+05 3.589313292253906373e+06 5.509297247981489636e+05 5.932039307290754514e+05 -1.424864983522256989e+04
-1.588747127648383612e+06 -1.100321393484875560e+06 -1.242812289653453918e+05 2.129240967434446211e+05 -2.851276542381396866e+05 8.462678450884087943e+04 3.388789126310850843e+05 5.030414477009617985e+04 2.714432781196949509e+04 -5.346613220620164648e+06 -3.250885691845739260e+06 -1.448445568704718491e+06 1.135335287362732692e+06 -2.539592217607575003e+05 5.509297247981489636e+05 1.737741765603988199e+06 3.562623741168557317e+05 6.681193783991085365e+04
8.707375028817922575e+05 -1.500329669543756063e+04 9.897104478465423745e+04 -2.071996024006890366e+05 -3.158341495728503651e+04 1.369053571216084529e+05 7.126400828755325347e+04 2.930284276078673429e+04 1.674725071334305903e+04 -1.676638567853305954e+06 6.810307925557231065e+05 -1.640153253458852414e+05 3.022915941713961074e+05 7.579189266056221095e+04 5.932039307290754514e+05 3.562623741168557317e+05 1.263504257323710714e+06 1.378889845224194578e+05
3.151761856072848896e+05 1.347794101202036836e+05 -1.222836835036148841e+05 2.716149847734837676e+05 -9.048893657715110749e+03 6.451791396772817279e+03 -1.960604369646279156e+04 8.179100925872488915e+03 1.077295422682631615e+05 -2.161362537526736967e+06 1.458347778548012138e+05 -5.288891540377293713e+05 6.215616368168583140e+05 -2.737017831049318193e+05 -1.424864983522256989e+04 6.681193783991085365e+04 1.378889845224194578e+05 5.666766732659956906e+05
