# lambda=0.6595499042576602
4.697759808730332553e+07 1.133109627939624945e+06 5.675742235247381032e+05 -1.809092854496459477e+05 -2.092634674730987754e+05 3.883351075548855006e+05 3.188121202151056059e+04 -2.710665627616457641e+05 -3.055736000851905555e+05 1.363169987071274407e+07 3.116986817247788422e+06 6.084570810881672660e+05 -2.422972054026213475e+06 -1.988548952761359047e+06 -4.937998045633054571e+05 -9.275553080459142802e+04 -1.075460000063670566e+06 -9.337700502836700762e+05
1.133109627939624945e+06 2.185615374429887906e+07 4.990365785725376918e+05 9.131439945633147145e+05 2.015040688711363182e+05 -1.062914196107751777e+05 -3.645884767202644725e+05 -1.202307459363108210e+05 6.894684749802497390e+04 -5.991481651531916577e+05 8.351195632745549083e+06 1.371608355308354832e+06 1.564824536886948161e+06 8.068419445804334246e+05 -3.572615074081159546e+05 4.597305507210057112e+04 -2.102849210201045207e+04 -2.412451775286599877e+05
5.675742235247381032e+05 4.990365785725376918e+05 6.048968554509810172e+06 2.490013898574733175e+05 1.445765487697735953e+05 6.987994616696320008e+04 3.731478144165374397e+04 1.679400852262638364e+04 4.553047114480891469e+04 7.900577367528805044e+05 1.634518488897746238e+03 1.237293590065496974e+06 -7.382125598969626008e+05 -1.371581995908034442e+05 -1.242333798889179452e+05 -1.045530008221613243e+05 1.330624140879378247e+05 5.429258098943332152e+04
-1.809092854496459477e+05 9.131439945633147145e+05 2.490013898574733175e+05 2.444919178912064061e+06 9.104670231262895686e+04 4.242753862464999838e+04 -9.476069466021280095e+04 -2.948024334622692913e+04 5.273819439484323811e+04 -3.044986053237162530e+06 -2.552291104588226008e+05 -2.719445801853819285e+05 4.648831663483465672e+05 6.059369420215483115e+04 -4.430720944132731529e+04 1.327673328432266135e+05 -9.136882742994675937e+04 -5.535800478365870731e+03
-2.092634674730987754e+05 2.015040688711363182e+05 1.445765487697735953e+05 9.104670231262895686e+04 8.492133268544399180e+05 6.854283770987985190e+04 3.339679872485270607e+04 3.079802122390665318e+04 2.695662186460979137e+04 -2.834145665674548945e+05 -3.169445540466950042e+05 -2.599687115714528773e+05 -1.011156292753623857e+05 -2.490469728213273629e+05 -3.140451955088968316e+04 6.296742281547098537e+04 1.622814758085769654e+03 7.700025794504119403e+03
3.883351075548855006e+05 -1.062914196107751777e+05 6.987994616696320008e+04 4.242753862464999838e+04 6.854283770987985190e+04 4.994185825347208884e+05 2.122981531718874976e+04 -7.241979502870908618e+03 -2.125440184171270084e+04 4.272846333210385055e+05 -4.076479200563079794e+05 -4.032721529896703432e+05 -2.142839093710986781e+05 -1.363453496155473986e+05 2.258774559363719618e+03 3.397708428030853975e+04 -4.573692200100166519e+04 -5.530597194876856520e+04
3.188121202151056059e+04 -3.645884767202644725e+05 3.731478144165374397e+04 -9.476069466021280095e+04 3.339679872485270607e+04 2.122981531718874976e+04 2.590364502533107880e+05 4.266391967211912561e+04 7.114402679611280291e+03 1.423663694592707616e+05 -2.591713628527460096e+05 -8.924785638073855080e+04 -1.575898989913270634e+05 -9.282182009552580712e+04 6.976086718102681334e+04 1.075643253108471108e+05 3.198452750411317174e+04 3.728442022590344277e+04
-2.710665627616457641e+05 -1.202307459363108210e+05 1.679400852262638364e+04 -2.948024334622692913e+04 3.079802122390665318e+04 -7.241979502870908618e+03 4.266391967211912561e+04 2.025690347902149369e+05 3.075859510556876558e+04 -3.296552881474394235e+05 -2.361106140871042153e+05 -8.981890250634145923e+04 3.305485485634356792e+03 6.457296403222084336e+04 4.890525623547056603e+04 6.143023671867928351e+04 8.992264285446461872e+04 2.600874222228558210e+04
-3.055736000851905555e+05 6.894684749802497390e+04 4.553047114480891469e+04 5.273819439484323811e+04 2.695662186460979137e+04 -2.125440184171270084e+04 7.114402679611280291e+03 3.075859510556876558e+04 1.044241773858844681e+05 -5.092993656195112853e+05 -6.207615946020006231e+04 2.685742269503549687e+04 9.230374025957140839e+04 2.448829433729314769e+04 -1.404161645044611032e+04 1.282321702408659075e+04 5.761494435020687524e+04 4.240827923494185234e+04
1.363169987071274407e+07 -5.991481651531916577e+05 7.900577367528805044e+05 -3.044986053237162530e+06 -2.834145665674548945e+05 4.272846333210385055e+05 1.423663694592707616e+05 -3.296552881474394235e+05 -5.092993656195112853e+05 1.919407155643327534e+08 6.733656818377458490e+06 1.073177573333491385e+07 -3.622807178692931309e+06 9.431900725314593874e+05 1.280059100144552765e+06 -1.210655995653563412e+06 -9.612764288262926275e+05 -1.486719819565247279e+06
3.116986817247788422e+06 8.351195632745549083e+06 1.634518488897746238e+03 -2.552291104588226008e+05 -3.169445540466950042e+05 -4.076479200563079794e+05 -2.591713628527460096e+05 -2.361106140871042153e+05 -6.207615946020006231e+04 6.733656818377458490e+06 9.541542827859562635e+07 7.658517534334286116e+06 7.250616598631761735e+05 1.400210596552194329e+06 -5.748673801699376199e+05 -5.451261235071509145e+05 -4.139647980395200429e+05 -8.294692502522170544e+05
6.084570810881672660e+05 1.371608355308354832e+06 1.237293590065496974e+06 -2.719445801853819285e+05 -2.599687115714528773e+05 -4.032721529896703432e+05 -8.924785638073855080e+04 -8.981890250634145923e+04 2.685742269503549687e+04 1.073177573333491385e+07 7.658517534334286116e+06 4.730530558712524176e+07 1.936606476271697786e+06 1.746340204103550408e+06 1.096899650472585054e+05 -6.610007317634245555e+04 5.200642257338120544e+04 -1.526700512467032531e+05
-2.422972054026213475e+06 1.564824536886948161e+06 -7.382125598969626008e+05 4.648831663483465672e+05 -1.011156292753623857e+05 -2.142839093710986781e+05 -1.575898989913270634e+05 3.305485485634356792e+03 9.230374025957140839e+04 -3.622807178692931309e+06 7.250616598631761735e+05 1.936606476271697786e+06 1.150566693966228142e+07 1.215437608142322395e+06 -2.398839875909294933e+05 2.116825834019316535e+05 2.189780024553464900e+05 2.858666109030771186e+05
-1.988548952761359047e+06 8.068419445804334246e+05 -1.371581995908034442e+05 6.059369420215483115e+04 -2.490469728213273629e+05 -1.363453496155473986e+05 -9.282182009552580712e+04 6.457296403222084336e+04 2.448829433729314769e+04 9.431900725314593874e+05 1.400210596552194329e+06 1.746340204103550408e+06 1.215437608142322395e+06 7.752301177975433879e+06 8.009078785836107272e+04 1.410642125050877803e+05 -3.176805830815289301e+04 1.208746817927190568e+05
-4.937998045633054571e+05 -3.572615074081159546e+05 -1.242333798889179452e+05 -4.430720944132731529e+04 -3.140451955088968316e+04 2.258774559363719618e+03 6.976086718102681334e+04 4.890525623547056603e+04 -1.404161645044611032e+04 1.280059100144552765e+06 -5.748673801699376199e+05 1.096899650472585054e+05 -2.398839875909294933e+05 8.009078785836107272e+04 2.298741768045846373e+06 7.474716863344531157e+04 -2.259050241757453114e+04 -1.395760928355450742e+05
-9.275553080459142802e+04 4.597305507210057112e+04 -1.045530008221613243e+05 1.327673328432266135e+05 6.296742281547098537e+04 3.397708428030853975e+04 1.075643253108471108e+05 6.143023671867928351e+04 1.282321702408659075e+04 -1.210655995653563412e+06 -5.451261235071509145e+05 -6.610007317634245555e+04 2.116825834019316535e+05 1.410642125050877803e+05 7.474716863344531157e+04 1.871856629869264551e+06 9.140518874882860109e+04 1.315752440040537331e+05
-1.075460000063670566e+06 -2.102849210201045207e+04 1.330624140879378247e+05 -9.136882742994675937e+04 1.622814758085769654e+03 -4.573692200100166519e+04 3.198452750411317174e+04 8.992264285446461872e+04 5.761494435020687524e+04 -9.612764288262926275e+05 -4.139647980395200429e+05 5.200642257338120544e+04 2.189780024553464900e+05 -3.176805830815289301e+04 -2.259050241757453114e+04 9.140518874882860109e+04 1.568556000168687431e+06 1.213121980070442223e+05
-9.337700502836700762e+05 -2.412451775286599877e+05 5.429258098943332152e+04 -5.535800478365870731e+03 7.700025794504119403e+03 -5.530597194876856520e+04 3.728442022590344277e+04 2.600874222228558210e+04 4.240827923494185234e+04 -1.486719819565247279e+06 -8.294692502522170544e+05 -1.526700512467032531e+05 2.858666109030771186e+05 1.208746817927190568e+05 -1.395760928355450742e+05 1.315752440040537331e+05 1.213121980070442223e+05 7.553020809342622524e+05
