# lambda=0.5695496505331926
4.247216581007762998e+07 1.469998618981274078e+06 -8.131009076282514725e+05 -1.954136325196507678e+05 1.780993334938326152e+05 -8.241022680049674818e+04 -1.357620640143272176e+05 -9.986744780247657036e+04 6.625734066419018200e+04 2.456826432662025036e+04 9.416488057870302349e+06 -7.179733624770864844e+05 -1.897698310995136155e+06 1.259341945343434811e+06 -2.898898192989629460e+05 -1.366168408132347686e+05 1.868661289309313815e+03 -2.630559804502229672e+05
1.469998618981274078e+06 1.953173088915923983e+07 2.756538172138878144e+06 3.686466241705166176e+05 9.363643139939905086e+04 2.061785657977375668e+05 1.345178892713235691e+05 4.475951174286222667e+05 1.628959207468717650e+05 5.385884610054330551e+04 8.650348706013567746e+06 5.685391644026089460e+06 -2.467507509347498999e+05 8.570025451259309193e+04 2.570624659191823157e+05 6.264998548599601490e+05 -1.688893716867093754e+05 2.084647191247432493e+05
-8.131009076282514725e+05 2.756538172138878144e+06 7.901309459901304916e+06 7.340806430358450161e+05 1.454230161345597298e+04 3.630599848495725892e+05 2.685843500307629074e+04 2.721360365355551476e+05 7.758625115833822929e+04 2.226427121591969393e+06 2.333780363556885626e+06 1.336084927783723688e+06 4.771594479178354377e+05 -1.387891111946456949e+05 1.354490199430765933e+05 3.538810839225901291e+05 -2.661617423644594382e+05 -1.057883547670873959e+05
-1.954136325196507678e+05 3.686466241705166176e+05 7.340806430358450161e+05 2.179859137034649029e+06 1.686916414069102029e+05 2.518033330745068452e+04 -3.137763174984048601e+04 5.047707384490006370e+04 3.104724967585424747e+04 1.928653429951067315e+06 1.128282577531505376e+06 -1.578880552912754647e+05 7.232410580867815297e+05 7.963740653726598248e+04 1.160579865343788406e+05 1.957199254423172970e+05 -7.588541922159951355e+04 -3.494158011280350911e+04
1.780993334938326152e+05 9.363643139939905086e+04 1.454230161345597298e+04 1.686916414069102029e+05 9.948312757698978530e+05 6.203900422437090310e+04 -6.835510930759381154e+03 -1.688085526393489272e+04 1.991547845984071319e+04 1.237742816987203900e+06 3.725572434035400511e+05 -2.336585574181098782e+05 4.406429251906780410e+05 1.034116487919269130e+05 2.521302459965436428e+05 1.527183218500436924e+05 7.672852434095405624e+04 8.854483266238641227e+04
-8.241022680049674818e+04 2.061785657977375668e+05 3.630599848495725892e+05 2.518033330745068452e+04 6.203900422437090310e+04 3.310102316453651292e+05 6.976004777170764100e+03 -3.386423796643564856e+03 -3.357986330192298283e+03 3.671815980485002910e+03 -2.213813141110106953e+05 -6.854106830306908523e+04 1.401689900753383699e+05 -1.477544867317496974e+05 4.447085466034772980e+04 5.723263723101007781e+04 1.451615400797412440e+04 8.715099680469321584e+02
-1.357620640143272176e+05 1.345178892713235691e+05 2.685843500307629074e+04 -3.137763174984048601e+04 -6.835510930759381154e+03 6.976004777170764100e+03 1.691147185622459219e+05 2.642962029431204792e+04 -4.059479820199577262e+03 -6.262731904947818257e+05 2.571507745024420146e+05 1.975081177224307321e+05 3.896343741268462054e+03 8.657544437215101789e+04 7.506032109335710993e+04 1.185628074263985036e+04 2.888155523304427334e+04 6.461553193563046079e+04
-9.986744780247657036e+04 4.475951174286222667e+05 2.721360365355551476e+05 5.047707384490006370e+04 -1.688085526393489272e+04 -3.386423796643564856e+03 2.642962029431204792e+04 2.116353441721335985e+05 8.536083080843705829e+03 -9.242203590384790441e+05 2.562418650700998842e+05 3.300708386591682793e+05 -2.686728256464865808e+03 1.480216244247987925e+05 6.490082809495156835e+04 4.048492675484807842e+04 3.326677061334067548e+04 1.047259622073881656e+04
6.625734066419018200e+04 1.628959207468717650e+05 7.758625115833822929e+04 3.104724967585424747e+04 1.991547845984071319e+04 -3.357986330192298283e+03 -4.059479820199577262e+03 8.536083080843705829e+03 7.684681286165499478e+04 1.869501752570600947e+05 2.249876001174411795e+05 9.120167503780797415e+04 6.829650600394609501e+04 -2.914044779395348542e+03 -1.472146122139029103e+04 -2.686585525909583885e+04 -2.262531630913592016e+04 2.382601620687402828e+04
2.456826432662025036e+04 5.385884610054330551e+04 2.226427121591969393e+06 1.928653429951067315e+06 1.237742816987203900e+06 3.671815980485002910e+03 -6.262731904947818257e+05 -9.242203590384790441e+05 1.869501752570600947e+05 1.571385254585915208e+08 1.508437052557769977e+07 9.754160152791686123e+05 4.273526698449193500e+06 -2.543792336364090908e+06 -1.430041272082717158e+06 -8.695572680916180834e+05 -1.428698322952736169e+06 -5.619634496199052082e+05
9.416488057870302349e+06 8.650348706013567746e+06 2.333780363556885626e+06 1.128282577531505376e+06 3.725572434035400511e+05 -2.213813141110106953e+05 2.571507745024420146e+05 2.562418650700998842e+05 2.249876001174411795e+05 1.508437052557769977e+07 6.365350848103718460e+07 7.493791079437259585e+06 -1.842291187317356467e+06 1.010348882655375986e+06 1.984171141181187704e+05 4.797414270739625208e+05 -3.740686597082063090e+05 -1.492722913635020450e+04
-7.179733624770864844e+05 5.685391644026089460e+06 1.336084927783723688e+06 -1.578880552912754647e+05 -2.336585574181098782e+05 -6.854106830306908523e+04 1.975081177224307321e+05 3.300708386591682793e+05 9.120167503780797415e+04 9.754160152791686123e+05 7.493791079437259585e+06 3.454927564624307305e+07 1.146420726074905368e+06 7.204784967394489795e+05 6.645518368047863478e+05 -1.944656321463747008e+04 -1.746268600783938600e+05 3.064783126349189115e+04
-1.897698310995136155e+06 -2.467507509347498999e+05 4.771594479178354377e+05 7.232410580867815297e+05 4.406429251906780410e+05 1.401689900753383699e+05 3.896343741268462054e+03 -2.686728256464865808e+03 6.829650600394609501e+04 4.273526698449193500e+06 -1.842291187317356467e+06 1.146420726074905368e+06 8.690984456935994327e+06 -2.245720254486356571e+05 -9.717102305213555519e+04 -2.132371192368282573e+04 7.649811437964756624e+04 4.485242084238296957e+04
1.259341945343434811e+06 8.570025451259309193e+04 -1.387891111946456949e+05 7.963740653726598248e+04 1.034116487919269130e+05 -1.477544867317496974e+05 8.657544437215101789e+04 1.480216244247987925e+05 -2.914044779395348542e+03 -2.543792336364090908e+06 1.010348882655375986e+06 7.204784967394489795e+05 -2.245720254486356571e+05 2.965163799688700121e+06 6.406472727948310785e+05 1.051289340671597020e+05 9.225588039199712512e+04 1.053574652597284730e+05
-2.898898192989629460e+05 2.570624659191823157e+05 1.354490199430765933e+05 1.160579865343788406e+05 2.521302459965436428e+05 4.447085466034772980e+04 7.506032109335710993e+04 6.490082809495156835e+04 -1.472146122139029103e+04 -1.430041272082717158e+06 1.984171141181187704e+05 6.645518368047863478e+05 -9.717102305213555519e+04 6.406472727948310785e+05 3.187812462096358184e+06 -1.113033882083744975e+05 -5.238195597701601218e+04 2.830174945443016259e+04
-1.366168408132347686e+05 6.264998548599601490e+05 3.538810839225901291e+05 1.957199254423172970e+05 1.527183218500436924e+05 5.723263723101007781e+04 1.185628074263985036e+04 4.048492675484807842e+04 -2.686585525909583885e+04 -8.695572680916180834e+05 4.797414270739625208e+05 -1.944656321463747008e+04 -2.132371192368282573e+04 1.051289340671597020e+05 -1.113033882083744975e+05 1.694335195138577372e+06 1.857144507453166007e+05 1.098194644896194077e+05
1.868661289309313815e+03 -1.688893716867093754e+05 -2.661617423644594382e+05 -7.588541922159951355e+04 7.672852434095405624e+04 1.451615400797412440e+04 2.888155523304427334e+04 3.326677061334067548e+04 -2.262531630913592016e+04 -1.428698322952736169e+06 -3.740686597082063090e+05 -1.746268600783938600e+05 7.649811437964756624e+04 9.225588039199712512e+04 -5.238195597701601218e+04 1.857144507453166007e+05 8.511643358476330759e+05 1.172086308644590463e+05
-2.630559804502229672e+05 2.084647191247432493e+05 -1.057883547670873959e+05 -3.494158011280350911e+04 8.854483266238641227e+04 8.715099680469321584e+02 6.461553193563046079e+04 1.047259622073881656e+04 2.382601620687402828e+04 -5.619634496199052082e+05 -1.492722913635020450e+04 3.064783126349189115e+04 4.485242084238296957e+04 1.053574652597284730e+05 2.830174945443016259e+04 1.098194644896194077e+05 1.172086308644590463e+05 4.990084941543682944e+05
