# lambda=0.6698980636799939
2.623166720619214326e+07 1.084161707998780767e+06 1.153241192248816602e+06 7.530984728838113369e+05 -8.353748083930824941e+04 -3.138231313254016277e+04 3.159275953605750110e+05 2.522361870042664523e+05 1.427693399677312118e+05 5.729754409640086815e+06 3.980042651146064978e+06 -7.650437357968073338e+05 -2.233869967947627010e+05 6.662309393836301751e+04 -8.568076688768163876e+03 -2.271623107690241013e+05 6.850466735633300850e+05 6.090288809336263221e+05
1.084161707998780767e+06 1.714318906828566268e+07 5.831183424046743894e+05 1.450191622313063999e+05 1.850961411271996330e+05 8.924751759659213712e+04 1.189465715793284180e+05 1.025348437845160952e+05 1.077277042156727548e+05 -9.582751405385435792e+05 1.126678271193715511e+06 -7.051221258412537863e+05 -4.378577429200488259e+05 4.183863294907678501e+05 7.137408732879800955e+05 2.263939046590944636e+05 4.336526986110595753e+05 3.312605947901567561e+05
1.153241192248816602e+06 5.831183424046743894e+05 4.223848367813311517e+06 2.017133483769886661e+05 1.164582318954768416e+05 -2.980440570314932120e+04 7.862340940436779056e+04 9.777388877369834518e+04 -2.919271433704596802e+03 1.858481447753163287e+06 1.684729844187023817e+06 2.348985530404012243e+05 2.122615741294914333e+05 -1.181473649541928316e+05 -2.000497367668029328e+05 -3.784880511781655514e+04 1.043891896338633087e+05 1.271059755746024312e+05
7.530984728838113369e+05 1.450191622313063999e+05 2.017133483769886661e+05 1.515734347908275202e+06 -7.212620476918232453e+04 5.857184225503159541e+04 7.680069466217362788e+04 2.846212581093859262e+04 2.174497617595116753e+04 -3.674924603757672012e+05 4.438968472668504692e+05 -4.205673909054475953e+05 -3.052874718101907638e+05 -1.103144446875952999e+05 7.297156504931618110e+04 6.585336445633253607e+04 6.030209731172418833e+04 -2.806098435769914795e+04
-8.353748083930824941e+04 1.850961411271996330e+05 1.164582318954768416e+05 -7.212620476918232453e+04 1.424148047790753189e+06 -3.432328091288512951e+04 4.549688407959384494e+04 -1.402713189959140072e+04 2.099356075100881208e+04 1.960171320616892306e+06 5.100802657484562951e+05 9.789584525004818570e+05 3.517405133760531317e+05 6.182817116755584721e+05 1.490552397636258102e+05 2.308718801585018082e+04 8.744404108425373852e+04 -1.697913667765539867e+04
-3.138231313254016277e+04 8.924751759659213712e+04 -2.980440570314932120e+04 5.857184225503159541e+04 -3.432328091288512951e+04 3.623705225818661274e+05 4.346842324492840999e+04 2.786046302033875691e+04 -9.496340105768973672e+01 -2.632303542824425385e+05 1.647514341709386208e+05 -4.917317141551247914e+04 -2.041038848152202554e+05 -3.568707772452617064e+04 4.213515833597625897e+04 4.062974508821183008e+03 4.711400330044050497e+04 -1.914294307229006517e+04
3.159275953605750110e+05 1.189465715793284180e+05 7.862340940436779056e+04 7.680069466217362788e+04 4.549688407959384494e+04 4.346842324492840999e+04 3.340080458286855719e+05 3.246547940582507363e+04 1.562771431182332526e+04 6.312711395556279458e+05 5.411448686454977142e+05 -1.104662943427521095e+05 -1.372762005190646742e+05 7.716139440558179558e+03 7.919937639973338810e+04 -1.420216361655435094e+03 8.236885828802429387e+03 3.132185213060594106e+04
2.522361870042664523e+05 1.025348437845160952e+05 9.777388877369834518e+04 2.846212581093859262e+04 -1.402713189959140072e+04 2.786046302033875691e+04 3.246547940582507363e+04 1.858556990806234826e+05 2.133916869654408947e+04 3.052537578276583226e+05 -1.886697091681936945e+04 -7.986775136875468888e+04 -1.037044109938219481e+05 -1.136562741440495302e+05 -1.343840014755484844e+04 -1.747009001419022024e+04 9.660391791470303724e+04 1.924994774566022897e+04
1.427693399677312118e+05 1.077277042156727548e+05 -2.919271433704596802e+03 2.174497617595116753e+04 2.099356075100881208e+04 -9.496340105768973672e+01 1.562771431182332526e+04 2.133916869654408947e+04 2.366666500189904182e+05 8.161804592886775499e+05 -1.938064502053986071e+05 4.619416650726387888e+04 -9.859869093450285436e+04 -7.454779547677111987e+04 3.402427587267375202e+04 -2.896953079267172870e+04 2.319680320037874480e+04 1.844259092235107528e+04
5.729754409640086815e+06 -9.582751405385435792e+05 1.858481447753163287e+06 -3.674924603757672012e+05 1.960171320616892306e+06 -2.632303542824425385e+05 6.312711395556279458e+05 3.052537578276583226e+05 8.161804592886775499e+05 1.925604255350891650e+08 3.441248098674165551e+06 1.041491279002925009e+07 2.389451454357298091e+06 2.652672053242311347e+06 8.588751008149345871e+05 1.684554593783439137e+06 -4.271377604018990532e+05 3.521273078072167118e+05
3.980042651146064978e+06 1.126678271193715511e+06 1.684729844187023817e+06 4.438968472668504692e+05 5.100802657484562951e+05 1.647514341709386208e+05 5.411448686454977142e+05 -1.886697091681936945e+04 -1.938064502053986071e+05 3.441248098674165551e+06 6.797277973022477329e+07 5.707619362734550610e+06 2.627038774542737156e+04 2.983015152151400223e+06 1.601331273316449951e+05 -1.032839211297826609e+06 7.217250305787341495e+04 6.592616729366744403e+05
-7.650437357968073338e+05 -7.051221258412537863e+05 2.348985530404012243e+05 -4.205673909054475953e+05 9.789584525004818570e+05 -4.917317141551247914e+04 -1.104662943427521095e+05 -7.986775136875468888e+04 4.619416650726387888e+04 1.041491279002925009e+07 5.707619362734550610e+06 3.100723808681648970e+07 2.407134646651410498e+06 2.522011878795848228e+06 3.110798170399904484e+05 -4.195244074936448596e+05 3.687603042348520248e+05 6.377180911733892572e+04
-2.233869967947627010e+05 -4.378577429200488259e+05 2.122615741294914333e+05 -3.052874718101907638e+05 3.517405133760531317e+05 -2.041038848152202554e+05 -1.372762005190646742e+05 -1.037044109938219481e+05 -9.859869093450285436e+04 2.389451454357298091e+06 2.627038774542737156e+04 2.407134646651410498e+06 1.615207863245707005e+07 4.318284260349214892e+05 9.265324475537268154e+04 -3.902942643005352002e+05 -3.140695602578100516e+05 9.070222511822581509e+03
6.662309393836301751e+04 4.183863294907678501e+05 -1.181473649541928316e+05 -1.103144446875952999e+05 6.182817116755584721e+05 -3.568707772452617064e+04 7.716139440558179558e+03 -1.136562741440495302e+05 -7.454779547677111987e+04 2.652672053242311347e+06 2.983015152151400223e+06 2.522011878795848228e+06 4.318284260349214892e+05 8.418311589950412512e+06 5.460967606138134142e+05 2.302949162142202549e+05 2.061431591744719772e+05 -1.964920942487296998e+05
-8.568076688768163876e+03 7.137408732879800955e+05 -2.000497367668029328e+05 7.297156504931618110e+04 1.490552397636258102e+05 4.213515833597625897e+04 7.919937639973338810e+04 -1.343840014755484844e+04 3.402427587267375202e+04 8.588751008149345871e+05 1.601331273316449951e+05 3.110798170399904484e+05 9.265324475537268154e+04 5.460967606138134142e+05 3.339592885700308718e+06 1.255617349229635729e+05 -1.331544265480581089e+04 -1.783743370611454593e+05
-2.271623107690241013e+05 2.263939046590944636e+05 -3.784880511781655514e+04 6.585336445633253607e+04 2.308718801585018082e+04 4.062974508821183008e+03 -1.420216361655435094e+03 -1.747009001419022024e+04 -2.896953079267172870e+04 1.684554593783439137e+06 -1.032839211297826609e+06 -4.195244074936448596e+05 -3.902942643005352002e+05 2.302949162142202549e+05 1.255617349229635729e+05 1.445965180206300458e+06 -6.522743020638068992e+04 -1.005373913736864197e+05
6.850466735633300850e+05 4.336526986110595753e+05 1.043891896338633087e+05 6.030209731172418833e+04 8.744404108425373852e+04 4.711400330044050497e+04 8.236885828802429387e+03 9.660391791470303724e+04 2.319680320037874480e+04 -4.271377604018990532e+05 7.217250305787341495e+04 3.687603042348520248e+05 -3.140695602578100516e+05 2.061431591744719772e+05 -1.331544265480581089e+04 -6.522743020638068992e+04 1.816834817223657388e+06 9.323622553031302232e+04
6.090288809336263221e+05 3.312605947901567561e+05 1.271059755746024312e+05 -2.806098435769914795e+04 -1.697913667765539867e+04 -1.914294307229006517e+04 3.132185213060594106e+04 1.924994774566022897e+04 1.844259092235107528e+04 3.521273078072167118e+05 6.592616729366744403e+05 6.377180911733892572e+04 9.070222511822581509e+03 -1.964920942487296998e+05 -1.783743370611454593e+05 -1.005373913736864197e+05 9.323622553031302232e+04 8.529272697602005210e+05
