# lambda=0.3855107635564266
6.776003036947262287e+07 2.281110114489367232e+06 9.477591214431667468e+05 8.836506542534253094e+05 1.840082203453298425e+06 1.335877968457190553e+06 -7.990079636151107843e+04 -4.428946109440848813e+05 2.771098306434301776e+05 4.618325650603221357e+07 5.589283266385168768e+06 3.529164617159875110e+06 1.523676369216905441e+06 -1.846476197903133463e+06 2.093607059971289942e+06 6.493577246504080249e+05 -6.399828724089806201e+05 -1.131067472398399375e+06
2.281110114489367232e+06 1.406385460820239410e+07 1.038902156853592489e+06 2.442201458772483238e+04 1.191677980026379228e+06 2.301725825928259583e+05 5.245677534893733537e+04 5.271580093583152484e+04 3.587535082245428202e+04 6.952686475400363095e+06 1.237025268062308431e+06 1.093099711162110791e+06 2.085839204771898454e+06 4.854945547514782520e+05 1.441966317430688650e+05 1.318304626199814957e+06 2.833654670761057641e+05 -3.660435346168552060e+05
9.477591214431667468e+05 1.038902156853592489e+06 6.918682061456192285e+06 5.196606687366640544e+05 7.039558808774239151e+05 2.567170897714809107e+05 -6.612371026557934238e+04 1.141673968733514921e+05 -1.871677206048624357e+05 7.341081376707871445e+06 2.002114935567934765e+06 1.731627958100834629e+06 7.126170133673828095e+05 5.225106429828783730e+05 6.326323512172007468e+05 6.897735927050117170e+05 -1.400019693996767746e+05 -2.336299604659720499e+05
8.836506542534253094e+05 2.442201458772483238e+04 5.196606687366640544e+05 1.538787019942427054e+06 2.401741058722579328e+05 -3.769849568195414031e+04 5.553659950492362259e+04 4.000818051852940698e+04 2.122761211540528620e+03 2.178872536735323956e+05 -3.814721203695188742e+05 -2.668788187694240478e+05 7.304862345168380998e+05 3.753182695274522994e+05 1.363175098862136947e+05 2.368188630687732657e+05 7.788364440382533940e+04 1.996353644107269938e+05
1.840082203453298425e+06 1.191677980026379228e+06 7.039558808774239151e+05 2.401741058722579328e+05 1.448532289305035025e+06 2.069163971813442186e+05 8.150631762513509602e+04 1.295767778230760814e+04 -3.669243894362719584e+04 3.893583947667118162e+06 1.151741098458168097e+06 8.667700198834179901e+05 1.374287796295073640e+05 3.537339406866488862e+05 2.144988873071612907e+05 3.359948848538976163e+05 1.036407162696338200e+05 -7.857360473487345735e+04
1.335877968457190553e+06 2.301725825928259583e+05 2.567170897714809107e+05 -3.769849568195414031e+04 2.069163971813442186e+05 6.819935012390466873e+05 8.600968524808567599e+04 -8.546341001176306236e+02 7.274199391678968823e+03 9.087194240349322790e+05 1.104087722579763504e+06 2.072555531494454481e+05 3.476077444524512975e+05 -2.802644556129492776e+04 3.191044766306364327e+05 1.928753828081002866e+05 5.454319294374388846e+04 -1.494568965464571083e+05
-7.990079636151107843e+04 5.245677534893733537e+04 -6.612371026557934238e+04 5.553659950492362259e+04 8.150631762513509602e+04 8.600968524808567599e+04 3.653484374774408061e+05 -3.038072547842447420e+03 -1.785032495125482092e+04 -5.930871022238833830e+05 3.508733617903440609e+04 -2.409653431636636378e+05 1.541722955602284637e+05 3.482647000622702035e+04 -3.173322099754533338e+04 9.668331386197605752e+04 2.211225787559231321e+04 -4.421869957671145676e+04
-4.428946109440848813e+05 5.271580093583152484e+04 1.141673968733514921e+05 4.000818051852940698e+04 1.295767778230760814e+04 -8.546341001176306236e+02 -3.038072547842447420e+03 2.346373893316428876e+05 3.797479392854942853e+04 -2.208388418460390996e+06 -3.919062563410881558e+05 1.000538704911115638e+05 -1.307772430654414929e+05 2.620811936131823459e+05 9.930992281163345615e+04 -7.142925475569337141e+04 1.106422768506274879e+05 4.191267650179060729e+04
2.771098306434301776e+05 3.587535082245428202e+04 -1.871677206048624357e+05 2.122761211540528620e+03 -3.669243894362719584e+04 7.274199391678968823e+03 -1.785032495125482092e+04 3.797479392854942853e+04 1.167710172057546588e+05 -1.052356370890775695e+06 -3.052585095567809185e+04 -3.966932580868923833e+04 -7.198105975833591947e+04 1.801078435982091469e+04 1.118829852469065954e+05 -2.076216122751947842e+04 4.519730092717577645e+04 1.850550615401560572e+04
4.618325650603221357e+07 6.952686475400363095e+06 7.341081376707871445e+06 2.178872536735323956e+05 3.893583947667118162e+06 9.087194240349322790e+05 -5.930871022238833830e+05 -2.208388418460390996e+06 -1.052356370890775695e+06 3.411326744134870172e+08 3.250850439008731022e+07 1.815110727001985535e+07 1.345969489546988625e+06 -7.671675789977031760e+06 -2.059142488300472731e+06 2.019215389936874388e+06 -2.414208099870557431e+06 -6.356478803852989804e+05
5.589283266385168768e+06 1.237025268062308431e+06 2.002114935567934765e+06 -3.814721203695188742e+05 1.151741098458168097e+06 1.104087722579763504e+06 3.508733617903440609e+04 -3.919062563410881558e+05 -3.052585095567809185e+04 3.250850439008731022e+07 5.158392493496575952e+07 4.141931176875092089e+06 7.058329141229594825e+05 -2.111937025249581784e+06 -1.044240945687594241e+06 2.973691864141122205e+05 -4.518729659377588541e+04 -3.286816294259337010e+05
3.529164617159875110e+06 1.093099711162110791e+06 1.731627958100834629e+06 -2.668788187694240478e+05 8.667700198834179901e+05 2.072555531494454481e+05 -2.409653431636636378e+05 1.000538704911115638e+05 -3.966932580868923833e+04 1.815110727001985535e+07 4.141931176875092089e+06 2.890352353463434055e+07 1.088605743063334143e+06 -8.753044882432796294e+05 9.474640584913507337e+05 9.003527909086807631e+05 6.473120431232955307e+05 -3.999402305894462916e+04
1.523676369216905441e+06 2.085839204771898454e+06 7.126170133673828095e+05 7.304862345168380998e+05 1.374287796295073640e+05 3.476077444524512975e+05 1.541722955602284637e+05 -1.307772430654414929e+05 -7.198105975833591947e+04 1.345969489546988625e+06 7.058329141229594825e+05 1.088605743063334143e+06 9.462545243449289352e+06 6.254451542136492935e+04 -3.223305849950746633e+05 1.421192264748117886e+06 1.548208891843603342e+05 4.027424267386118299e+05
-1.846476197903133463e+06 4.854945547514782520e+05 5.225106429828783730e+05 3.753182695274522994e+05 3.537339406866488862e+05 -2.802644556129492776e+04 3.482647000622702035e+04 2.620811936131823459e+05 1.801078435982091469e+04 -7.671675789977031760e+06 -2.111937025249581784e+06 -8.753044882432796294e+05 6.254451542136492935e+04 3.313786136168792844e+06 4.725402996113912086e+05 2.926177607137886807e+05 2.490607898773694469e+05 2.673859307985897176e+05
2.093607059971289942e+06 1.441966317430688650e+05 6.326323512172007468e+05 1.363175098862136947e+05 2.144988873071612907e+05 3.191044766306364327e+05 -3.173322099754533338e+04 9.930992281163345615e+04 1.118829852469065954e+05 -2.059142488300472731e+06 -1.044240945687594241e+06 9.474640584913507337e+05 -3.223305849950746633e+05 4.725402996113912086e+05 2.731277361728429329e+06 4.545762021583579481e+05 1.322216892784212250e+05 4.949279087666307896e+04
6.493577246504080249e+05 1.318304626199814957e+06 6.897735927050117170e+05 2.368188630687732657e+05 3.359948848538976163e+05 1.928753828081002866e+05 9.668331386197605752e+04 -7.142925475569337141e+04 -2.076216122751947842e+04 2.019215389936874388e+06 2.973691864141122205e+05 9.003527909086807631e+05 1.421192264748117886e+06 2.926177607137886807e+05 4.545762021583579481e+05 2.265393522137242835e+06 3.722073133308241813e+04 8.897447281609715719e+04
-6.399828724089806201e+05 2.833654670761057641e+05 -1.400019693996767746e+05 7.788364440382533940e+04 1.036407162696338200e+05 5.454319294374388846e+04 2.211225787559231321e+04 1.106422768506274879e+05 4.519730092717577645e+04 -2.414208099870557431e+06 -4.518729659377588541e+04 6.473120431232955307e+05 1.548208891843603342e+05 2.490607898773694469e+05 1.322216892784212250e+05 3.722073133308241813e+04 1.190304029529276304e+06 2.499307798860379262e+05
-1.131067472398399375e+06 -3.660435346168552060e+05 -2.336299604659720499e+05 1.996353644107269938e+05 -7.857360473487345735e+04 -1.494568965464571083e+05 -4.421869957671145676e+04 4.191267650179060729e+04 1.850550615401560572e+04 -6.356478803852989804e+05 -3.286816294259337010e+05 -3.999402305894462916e+04 4.027424267386118299e+05 2.673859307985897176e+05 4.949279087666307896e+04 8.897447281609715719e+04 2.499307798860379262e+05 9.665058766376769636e+05
