# lambda=0.5716738810489513
6.423816179861433804e+07 1.560882767029771348e+06 1.283123670894749230e+06 6.475064222042692127e+05 -8.226247811057518702e+05 5.226143861770382500e+05 3.363866323680782225e+05 9.299893781672100886e+04 -1.882111485293920559e+05 2.044072245076250285e+07 -6.890479811971552670e+06 -1.429694468288976932e+06 -1.469735291333868168e+06 1.747919238424318144e+06 -1.129554713703834685e+06 2.060965512544431258e+06 3.872706304688489181e+05 -7.852226251938927453e+05
1.560882767029771348e+06 1.067714893215965293e+07 1.534617050169392132e+04 -2.888147153785760165e+05 8.999350243362635956e+04 -1.448375929466437665e+05 9.040419830441031081e+04 1.132794133553717693e+05 -3.651848715538089164e+04 3.298691301906605717e+06 5.162975383667252609e+05 -1.617990091927077621e+06 -1.530951273284901632e+06 5.521965572577620624e+05 2.524326465771305084e+04 4.975452739726513391e+05 2.491532349033081264e+05 2.787155940130739473e+05
1.283123670894749230e+06 1.534617050169392132e+04 4.819318090381789953e+06 -1.106138813445362175e+05 8.383440908780797326e+04 2.836694972066289629e+05 5.076348177239116194e+04 -3.241755777945888622e+04 -4.396055133535333152e+04 -9.592005632274298696e+05 -1.531536582533481531e+06 1.687053522840389283e+06 1.132805044763918966e+06 9.733807806381725240e+05 2.383580456864216540e+05 1.194148218050173891e+05 3.543052167750053923e+05 2.177222055890820047e+04
6.475064222042692127e+05 -2.888147153785760165e+05 -1.106138813445362175e+05 1.906727583380662836e+06 4.274677153738744528e+04 4.955549725520138054e+03 9.496875117062916979e+04 -5.882280087885258399e+04 -4.749240196462124914e+03 1.912718090276915813e+06 7.473733201090178918e+05 7.065735450444548624e+05 1.546174742499785789e+05 3.029284337199142101e+04 2.253364567751053546e+05 1.174484115122274525e+05 -1.004829415000796580e+05 -2.113052994433852728e+05
-8.226247811057518702e+05 8.999350243362635956e+04 8.383440908780797326e+04 4.274677153738744528e+04 8.670582581842832733e+05 4.229451058211912459e+04 -5.136827142377434939e+03 -2.410047070551544311e+04 3.015786807693868468e+04 1.148071456052860944e+06 -9.834283838611810643e+04 1.911119663900714950e+05 2.327605715126511132e+04 3.061421424737737398e+05 1.524368055020810862e+05 -1.741001114460004101e+04 -3.071811384434990396e+04 1.796903061666104622e+04
5.226143861770382500e+05 -1.448375929466437665e+05 2.836694972066289629e+05 4.955549725520138054e+03 4.229451058211912459e+04 3.855856543392530875e+05 -1.806001516387794027e+03 1.299230875628447757e+04 -4.012280774495468904e+03 2.260142989861145179e+04 -4.262715963822924532e+05 3.499084346858087229e+05 1.613774331434724736e+05 1.580193595419834019e+05 -7.702442730475495046e+04 3.707039007325880812e+04 1.035144810920062300e+05 2.166065871311187220e+04
3.363866323680782225e+05 9.040419830441031081e+04 5.076348177239116194e+04 9.496875117062916979e+04 -5.136827142377434939e+03 -1.806001516387794027e+03 2.620500583465450618e+05 8.381664350035372991e+03 -4.836014528047018757e+03 3.131745326140240068e+05 7.038180100364427781e+05 4.242799348551032599e+05 8.815969285770615897e+03 5.849129026562441140e+04 1.644253786822357797e+05 1.554890424303333566e+05 -3.479220783267819570e+02 -6.494857400784459605e+04
9.299893781672100886e+04 1.132794133553717693e+05 -3.241755777945888622e+04 -5.882280087885258399e+04 -2.410047070551544311e+04 1.299230875628447757e+04 8.381664350035372991e+03 1.180921640196340159e+05 -7.173589653366282619e+03 -7.082666339357440593e+05 -3.615065900200069882e+05 1.144572209945840405e+04 3.765480416550002701e+04 6.031849012363430666e+04 -9.325606774052837864e+04 2.500816975144109165e+04 4.934159392496278451e+04 2.982124490725470423e+03
-1.882111485293920559e+05 -3.651848715538089164e+04 -4.396055133535333152e+04 -4.749240196462124914e+03 3.015786807693868468e+04 -4.012280774495468904e+03 -4.836014528047018757e+03 -7.173589653366282619e+03 9.429886689143088006e+04 4.312265698395844665e+05 -4.485288021644105174e+04 -2.614356091130648565e+05 4.435616738032540161e+04 -6.782340236934597488e+04 3.070844563257017217e+04 -1.777768260578989793e+04 -4.368074653147497884e+04 3.247158960314870274e+04
2.044072245076250285e+07 3.298691301906605717e+06 -9.592005632274298696e+05 1.912718090276915813e+06 1.148071456052860944e+06 2.260142989861145179e+04 3.131745326140240068e+05 -7.082666339357440593e+05 4.312265698395844665e+05 2.379081133642755747e+08 5.763367431461522356e+05 -3.200716351290647406e+06 -8.519958808717679232e+06 -1.091872327992087230e+06 3.157966820350320078e+06 1.992100197423858102e+06 1.360073386086126789e+06 -6.596936972674593562e+05
-6.890479811971552670e+06 5.162975383667252609e+05 -1.531536582533481531e+06 7.473733201090178918e+05 -9.834283838611810643e+04 -4.262715963822924532e+05 7.038180100364427781e+05 -3.615065900200069882e+05 -4.485288021644105174e+04 5.763367431461522356e+05 9.142734832384301722e+07 5.382677828305859119e+06 -2.599986566182675306e+06 -2.711160973234091885e+06 1.450505870217927033e+06 -2.537761138434314635e+05 -1.047068898392872768e+06 3.797441404737169505e+05
-1.429694468288976932e+06 -1.617990091927077621e+06 1.687053522840389283e+06 7.065735450444548624e+05 1.911119663900714950e+05 3.499084346858087229e+05 4.242799348551032599e+05 1.144572209945840405e+04 -2.614356091130648565e+05 -3.200716351290647406e+06 5.382677828305859119e+06 2.535727108464567363e+07 3.724742479351505172e+05 7.848711992462417111e+05 9.554451905876095407e+05 4.658918738168384880e+05 8.269902363028348191e+05 -4.396013973499807180e+05
-1.469735291333868168e+06 -1.530951273284901632e+06 1.132805044763918966e+06 1.546174742499785789e+05 2.327605715126511132e+04 1.613774331434724736e+05 8.815969285770615897e+03 3.765480416550002701e+04 4.435616738032540161e+04 -8.519958808717679232e+06 -2.599986566182675306e+06 3.724742479351505172e+05 1.132845172516527772e+07 -1.247278930611421856e+03 -1.574336901002028608e+05 -4.299776254743957543e+05 -7.931644591737355222e+04 2.571612295548169641e+05
1.747919238424318144e+06 5.521965572577620624e+05 9.733807806381725240e+05 3.029284337199142101e+04 3.061421424737737398e+05 1.580193595419834019e+05 5.849129026562441140e+04 6.031849012363430666e+04 -6.782340236934597488e+04 -1.091872327992087230e+06 -2.711160973234091885e+06 7.848711992462417111e+05 -1.247278930611421856e+03 6.003110162180679850e+06 4.272909597796596354e+05 5.065714824288745294e+05 2.050908489443333820e+05 -1.964566478203659935e+05
-1.129554713703834685e+06 2.524326465771305084e+04 2.383580456864216540e+05 2.253364567751053546e+05 1.524368055020810862e+05 -7.702442730475495046e+04 1.644253786822357797e+05 -9.325606774052837864e+04 3.070844563257017217e+04 3.157966820350320078e+06 1.450505870217927033e+06 9.554451905876095407e+05 -1.574336901002028608e+05 4.272909597796596354e+05 3.976050214324195869e+06 3.295998535422572750e+05 6.992194122628189507e+04 -1.101655059737618649e+04
2.060965512544431258e+06 4.975452739726513391e+05 1.194148218050173891e+05 1.174484115122274525e+05 -1.741001114460004101e+04 3.707039007325880812e+04 1.554890424303333566e+05 2.500816975144109165e+04 -1.777768260578989793e+04 1.992100197423858102e+06 -2.537761138434314635e+05 4.658918738168384880e+05 -4.299776254743957543e+05 5.065714824288745294e+05 3.295998535422572750e+05 2.092811317567731254e+06 2.043539318462965020e+05 -1.479478543620202108e+05
3.872706304688489181e+05 2.491532349033081264e+05 3.543052167750053923e+05 -1.004829415000796580e+05 -3.071811384434990396e+04 1.035144810920062300e+05 -3.479220783267819570e+02 4.934159392496278451e+04 -4.368074653147497884e+04 1.360073386086126789e+06 -1.047068898392872768e+06 8.269902363028348191e+05 -7.931644591737355222e+04 2.050908489443333820e+05 6.992194122628189507e+04 2.043539318462965020e+05 9.581676032162354095e+05 -1.261186341961652033e+04
-7.852226251938927453e+05 2.787155940130739473e+05 2.177222055890820047e+04 -2.113052994433852728e+05 1.796903061666104622e+04 2.166065871311187220e+04 -6.494857400784459605e+04 2.982124490725470423e+03 3.247158960314870274e+04 -6.596936972674593562e+05 3.797441404737169505e+05 -4.396013973499807180e+05 2.571612295548169641e+05 -1.964566478203659935e+05 -1.101655059737618649e+04 -1.479478543620202108e+05 -1.261186341961652033e+04 7.427876085784584284e+05
