# lambda=0.4065899495184658
7.075662257815609872e+07 6.231259571474271826e+06 1.450200924422866432e+06 1.416649654194534291e+06 -1.984718801989627245e+05 5.637233529978271108e+05 -6.831690573473379482e+04 -6.708170606668817345e+05 -1.986458536641052342e+05 2.855322110211766511e+07 4.761457601199395023e+06 1.006004161531684361e+07 -1.441320447996667644e+05 1.999427140032936295e+05 -8.041766269006152870e+05 7.935982060719904257e+05 6.595528166184981819e+05 -1.330567654657437932e+06
6.231259571474271826e+06 2.037585141268553957e+07 3.803467647206617519e+06 1.691841374572928529e+06 -1.639805290379467187e+05 5.679398734402488917e+05 8.070749041785213922e+04 -7.091673979025508743e+04 7.868943155319377183e+03 8.405160370087509975e+06 1.417289888361091167e+07 4.662419964620409533e+06 1.995020922910120571e+06 4.437309522699042573e+05 1.050546947253386723e+06 -4.068262979221384740e+05 -3.153436002838221029e+05 -4.535818374410831602e+05
1.450200924422866432e+06 3.803467647206617519e+06 8.501468361375486478e+06 1.002403904572388157e+06 -1.708678306207766873e+05 4.760799587918764446e+05 4.975158068783470662e+05 2.464408059718945879e+04 -8.295868808437791813e+03 4.389478323081030394e+05 4.653906297318535508e+05 2.692093955557509325e+06 1.893570881984983571e+06 -5.754392872286816128e+05 2.466913520541299076e+05 -2.590833317977227125e+04 -3.363873652477857831e+04 4.418019193336042226e+05
1.416649654194534291e+06 1.691841374572928529e+06 1.002403904572388157e+06 2.810390496275109239e+06 2.852826259789170581e+05 1.078797918201350258e+05 8.492956828870666504e+04 1.710754456902618767e+04 9.872813711185181455e+04 3.880648104846106376e+06 2.689673047787318472e+06 2.901780382601278834e+06 1.771862562346079852e+06 5.692600263720595976e+05 -2.903612356108812965e+05 -1.158077243895435686e+03 1.645334806167992647e+05 1.216072279825799051e+05
-1.984718801989627245e+05 -1.639805290379467187e+05 -1.708678306207766873e+05 2.852826259789170581e+05 8.581495524137038738e+05 -7.928477827287765103e+04 -1.403322618386150680e+04 7.783221157947901520e+04 5.540567241953006305e+04 4.344581264761463390e+05 -2.140696288578794338e+05 1.492950152994222939e+06 5.286760441435639514e+05 2.234557707724650973e+05 -3.807925901438519941e+04 -5.554082003172636178e+03 -7.943836415619094623e+03 -4.427062620893789244e+03
5.637233529978271108e+05 5.679398734402488917e+05 4.760799587918764446e+05 1.078797918201350258e+05 -7.928477827287765103e+04 3.738119080082196160e+05 8.400740473752525577e+04 1.200735185276294033e+04 -2.214902511154002786e+04 -5.257912696340954863e+05 3.634489836728749797e+05 -2.890392055532449740e+05 1.670389219067107115e+04 -5.241193018870200467e+04 1.396438197551327466e+05 -3.137256705875049738e+04 -2.286691584951994082e+04 5.910203482967500895e+04
-6.831690573473379482e+04 8.070749041785213922e+04 4.975158068783470662e+05 8.492956828870666504e+04 -1.403322618386150680e+04 8.400740473752525577e+04 3.384212093991315924e+05 7.468973208342475118e+03 -1.740975830970290190e+04 -5.535744849789090222e+05 -9.958829773033844540e+05 -1.329073844430286263e+05 2.529244785533102113e+05 -1.597671349648965406e+05 -8.598377109783195920e+03 1.525099627531604492e+05 2.093693660457450897e+05 1.039506673932987760e+05
-6.708170606668817345e+05 -7.091673979025508743e+04 2.464408059718945879e+04 1.710754456902618767e+04 7.783221157947901520e+04 1.200735185276294033e+04 7.468973208342475118e+03 1.917237829246596084e+05 4.189584761048481596e+04 -5.363089314987228718e+05 -2.392328686878935841e+05 2.559344694767170495e+03 5.366350458097262162e+04 7.640191460100185941e+04 -3.959029389895962231e+04 1.020061587386558385e+05 6.073883446861569246e+04 3.740337846273304604e+04
-1.986458536641052342e+05 7.868943155319377183e+03 -8.295868808437791813e+03 9.872813711185181455e+04 5.540567241953006305e+04 -2.214902511154002786e+04 -1.740975830970290190e+04 4.189584761048481596e+04 1.593838874438384664e+05 7.969565367557500722e+05 -2.954342203852527309e+05 -3.949571642217157932e+04 1.902744427602396172e+05 -3.094521134700152834e+04 7.175180615021981066e+04 5.708762501311267988e+04 3.149907333457926870e+04 8.425982877884269692e+04
2.855322110211766511e+07 8.405160370087509975e+06 4.389478323081030394e+05 3.880648104846106376e+06 4.344581264761463390e+05 -5.257912696340954863e+05 -5.535744849789090222e+05 -5.363089314987228718e+05 7.969565367557500722e+05 1.819038741742983460e+08 -4.189053279997365316e+05 2.282933986146633700e+07 -2.451202471774751786e+06 9.422652532635441457e+04 1.458404003236126155e+06 -3.445228100163974450e+05 -2.271175131362855900e+05 3.032265211368252494e+04
4.761457601199395023e+06 1.417289888361091167e+07 4.653906297318535508e+05 2.689673047787318472e+06 -2.140696288578794338e+05 3.634489836728749797e+05 -9.958829773033844540e+05 -2.392328686878935841e+05 -2.954342203852527309e+05 -4.189053279997365316e+05 7.259289039789308608e+07 6.334731813741402701e+06 3.029874732247872278e+06 3.765811938786734361e+06 2.263059626556326170e+06 -1.072150602788427379e+06 -7.833174596164460527e+05 -1.251499113034268375e+06
1.006004161531684361e+07 4.662419964620409533e+06 2.692093955557509325e+06 2.901780382601278834e+06 1.492950152994222939e+06 -2.890392055532449740e+05 -1.329073844430286263e+05 2.559344694767170495e+03 -3.949571642217157932e+04 2.282933986146633700e+07 6.334731813741402701e+06 4.589263653385483474e+07 5.727408414320418611e+06 1.702667506962932646e+06 -2.504365292668467446e+05 -6.724339356815286446e+05 -6.209950580841680057e+05 1.290710546521014476e+05
-1.441320447996667644e+05 1.995020922910120571e+06 1.893570881984983571e+06 1.771862562346079852e+06 5.286760441435639514e+05 1.670389219067107115e+04 2.529244785533102113e+05 5.366350458097262162e+04 1.902744427602396172e+05 -2.451202471774751786e+06 3.029874732247872278e+06 5.727408414320418611e+06 1.608652601927787811e+07 3.004556227132772328e+05 -5.924195905497389613e+05 -2.237494612528417783e+05 9.900286951525780605e+05 2.731556971922852099e+05
1.999427140032936295e+05 4.437309522699042573e+05 -5.754392872286816128e+05 5.692600263720595976e+05 2.234557707724650973e+05 -5.241193018870200467e+04 -1.597671349648965406e+05 7.640191460100185941e+04 -3.094521134700152834e+04 9.422652532635441457e+04 3.765811938786734361e+06 1.702667506962932646e+06 3.004556227132772328e+05 4.324903933281365782e+06 -2.753213033875441033e+04 7.591761074200071744e+04 5.315994841281959089e+04 -2.762888043207271839e+05
-8.041766269006152870e+05 1.050546947253386723e+06 2.466913520541299076e+05 -2.903612356108812965e+05 -3.807925901438519941e+04 1.396438197551327466e+05 -8.598377109783195920e+03 -3.959029389895962231e+04 7.175180615021981066e+04 1.458404003236126155e+06 2.263059626556326170e+06 -2.504365292668467446e+05 -5.924195905497389613e+05 -2.753213033875441033e+04 3.294619876326813363e+06 -7.830472179454896832e+04 -3.816623319722805172e+05 2.757078254280546680e+05
7.935982060719904257e+05 -4.068262979221384740e+05 -2.590833317977227125e+04 -1.158077243895435686e+03 -5.554082003172636178e+03 -3.137256705875049738e+04 1.525099627531604492e+05 1.020061587386558385e+05 5.708762501311267988e+04 -3.445228100163974450e+05 -1.072150602788427379e+06 -6.724339356815286446e+05 -2.237494612528417783e+05 7.591761074200071744e+04 -7.830472179454896832e+04 1.694837492012535222e+06 5.171829716165334685e+05 8.532122893456048041e+04
6.595528166184981819e+05 -3.153436002838221029e+05 -3.363873652477857831e+04 1.645334806167992647e+05 -7.943836415619094623e+03 -2.286691584951994082e+04 2.093693660457450897e+05 6.073883446861569246e+04 3.149907333457926870e+04 -2.271175131362855900e+05 -7.833174596164460527e+05 -6.209950580841680057e+05 9.900286951525780605e+05 5.315994841281959089e+04 -3.816623319722805172e+05 5.171829716165334685e+05 1.393434986847649561e+06 9.446641818608762696e+04
-1.330567654657437932e+06 -4.535818374410831602e+05 4.418019193336042226e+05 1.216072279825799051e+05 -4.427062620893789244e+03 5.910203482967500895e+04 1.039506673932987760e+05 3.740337846273304604e+04 8.425982877884269692e+04 3.032265211368252494e+04 -1.251499113034268375e+06 1.290710546521014476e+05 2.731556971922852099e+05 -2.762888043207271839e+05 2.757078254280546680e+05 8.532122893456048041e+04 9.446641818608762696e+04 9.309752064651323017e+05
