# lambda=0.6836957551007431
5.796213419765233994e+07 5.905669947916519828e+06 -1.317769933174792444e+06 -1.965940580329583609e+05 4.819917778437109082e+05 -1.665565373781420058e+05 1.255126188238387695e+05 -1.071199536059765524e+05 6.083252639220940910e+04 1.483697464873676188e+07 6.561941258570030332e+06 -4.114650802837195806e+05 1.843913840342382435e+06 2.157820171224594582e+06 1.301383502278820844e+06 1.370395513574551325e+06 2.250961957161678874e+05 1.172317953342743858e+05
5.905669947916519828e+06 3.156827722282418609e+07 7.323757271757027775e+04 -1.249635454686409939e+05 3.452057756266033393e+05 -4.738017129289733130e+05 4.659847019170343629e+03 -2.709952931539878773e+04 4.146362356680782977e+04 2.083317787094189553e+06 9.463894086126672104e+06 3.030700810942568351e+06 8.540451009745219490e+05 2.941471081797659281e+05 -5.163770065181871760e+05 3.754845409511852777e+05 7.241263695686669962e+04 -4.149299474543996621e+05
-1.317769933174792444e+06 7.323757271757027775e+04 4.789202333292390220e+06 4.067134915675762022e+04 -5.678325227160790382e+04 -9.627873143269779393e+04 -8.115375556857901393e+04 -4.258855206520793217e+03 -8.835217525721680431e+04 6.903555111407972872e+05 6.757443285986809060e+05 9.808667761960264761e+05 8.804462255555121228e+05 8.535293415561238362e+04 8.535091712697842740e+04 -3.209780669852797655e+04 1.947848734196625446e+04 -9.010176986186482827e+04
-1.965940580329583609e+05 -1.249635454686409939e+05 4.067134915675762022e+04 2.049089695149478037e+06 5.755469721167207899e+04 -1.585440109777782891e+04 2.043856603638111847e+04 -5.731471336087575764e+03 3.222853348077661622e+02 -2.283814798272704065e+05 4.785123504647811933e+04 4.718724017703006975e+05 6.240501652212316403e+05 -5.222098475535000034e+04 -7.990385309228253027e+04 -9.842502322304364498e+03 -2.353341850856491146e+04 2.967042560212435637e+04
4.819917778437109082e+05 3.452057756266033393e+05 -5.678325227160790382e+04 5.755469721167207899e+04 9.819024995611303020e+05 3.414317027617844724e+04 7.236018307241734874e+04 5.437781549345257372e+04 3.046169980890117586e+04 7.034901124195978045e+05 -3.341359380206816131e+05 7.701418937725109572e+04 -1.494330256176567309e+04 2.121860970145691535e+05 -1.819042508291526610e+04 -5.263580914738892170e+04 3.633295073030637286e+04 -1.525279449143287275e+04
-1.665565373781420058e+05 -4.738017129289733130e+05 -9.627873143269779393e+04 -1.585440109777782891e+04 3.414317027617844724e+04 5.445969942593807355e+05 -4.716358800898729896e+03 2.035161227455612607e+04 1.588496401123810938e+04 -1.288638714900427964e+06 -5.601261763473667670e+05 -4.233948771669661510e+05 -1.493564920605225489e+05 -4.752085655906084867e+04 6.913108682820352260e+04 -9.596454121866243077e+04 5.172800796501447621e+04 3.199265084227318221e+04
1.255126188238387695e+05 4.659847019170343629e+03 -8.115375556857901393e+04 2.043856603638111847e+04 7.236018307241734874e+04 -4.716358800898729896e+03 2.638645292634688085e+05 6.431027381670875911e+04 1.432069932544350922e+04 -4.701938142684212653e+04 -6.402111909836381528e+04 9.199071381097979611e+04 -7.819514879368797119e+04 1.328572723460359266e+05 -2.738283583232487945e+04 3.186244385994421827e+04 2.345005148500347786e+04 3.766298388484477982e+03
-1.071199536059765524e+05 -2.709952931539878773e+04 -4.258855206520793217e+03 -5.731471336087575764e+03 5.437781549345257372e+04 2.035161227455612607e+04 6.431027381670875911e+04 3.050172466096535791e+05 2.276082850480793786e+04 -2.386318962701288692e+05 -1.216136342004282778e+05 -1.704710228152016643e+05 -1.145719771660952101e+05 3.157491265611852941e+04 -4.392855148645700683e+04 1.253402294415873985e+04 5.661649586264762183e+04 7.302229648615257247e+03
6.083252639220940910e+04 4.146362356680782977e+04 -8.835217525721680431e+04 3.222853348077661622e+02 3.046169980890117586e+04 1.588496401123810938e+04 1.432069932544350922e+04 2.276082850480793786e+04 1.422738385184897925e+05 2.437405341352933610e+05 1.520962422016763303e+05 -1.113805991148730827e+05 -8.608502180250227684e+04 3.717483389369012730e+04 2.634776922859560364e+04 -9.444182728838901312e+03 2.239834788915959143e+04 2.171773814888547349e+04
1.483697464873676188e+07 2.083317787094189553e+06 6.903555111407972872e+05 -2.283814798272704065e+05 7.034901124195978045e+05 -1.288638714900427964e+06 -4.701938142684212653e+04 -2.386318962701288692e+05 2.437405341352933610e+05 2.608142157632797360e+08 3.713326334494915325e+06 -8.189227644811739447e+05 6.830370818667228334e+06 -7.484131028901578393e+05 1.978100406776963267e+06 1.303851952678118600e+06 -5.252982195645853644e+05 -3.093135593727470041e+04
6.561941258570030332e+06 9.463894086126672104e+06 6.757443285986809060e+05 4.785123504647811933e+04 -3.341359380206816131e+05 -5.601261763473667670e+05 -6.402111909836381528e+04 -1.216136342004282778e+05 1.520962422016763303e+05 3.713326334494915325e+06 7.156783112604263425e+07 3.214632608967412729e+06 1.606971160447315546e+06 3.197673001461131571e+04 -1.679388129312028759e+05 -5.391660607286939921e+04 -1.814691099216613657e+04 1.863426339011296295e+04
-4.114650802837195806e+05 3.030700810942568351e+06 9.808667761960264761e+05 4.718724017703006975e+05 7.701418937725109572e+04 -4.233948771669661510e+05 9.199071381097979611e+04 -1.704710228152016643e+05 -1.113805991148730827e+05 -8.189227644811739447e+05 3.214632608967412729e+06 3.379903681045207381e+07 3.411458940904954216e+05 1.084286301511081401e+06 2.052843922878428129e+05 -4.104032530857198872e+05 -1.728179296141533123e+05 1.250550536712623943e+04
1.843913840342382435e+06 8.540451009745219490e+05 8.804462255555121228e+05 6.240501652212316403e+05 -1.494330256176567309e+04 -1.493564920605225489e+05 -7.819514879368797119e+04 -1.145719771660952101e+05 -8.608502180250227684e+04 6.830370818667228334e+06 1.606971160447315546e+06 3.411458940904954216e+05 1.347112403099557571e+07 2.831624015106966835e+05 1.849143347756516887e+05 6.190705708411445376e+05 -1.785998292251074745e+05 -1.760171122577249480e+04
2.157820171224594582e+06 2.941471081797659281e+05 8.535293415561238362e+04 -5.222098475535000034e+04 2.121860970145691535e+05 -4.752085655906084867e+04 1.328572723460359266e+05 3.157491265611852941e+04 3.717483389369012730e+04 -7.484131028901578393e+05 3.197673001461131571e+04 1.084286301511081401e+06 2.831624015106966835e+05 7.871852218084450811e+06 8.680613321667803684e+05 2.746702625346305431e+05 1.472898688231621345e+05 2.355906488905698643e+05
1.301383502278820844e+06 -5.163770065181871760e+05 8.535091712697842740e+04 -7.990385309228253027e+04 -1.819042508291526610e+04 6.913108682820352260e+04 -2.738283583232487945e+04 -4.392855148645700683e+04 2.634776922859560364e+04 1.978100406776963267e+06 -1.679388129312028759e+05 2.052843922878428129e+05 1.849143347756516887e+05 8.680613321667803684e+05 3.329739294362716377e+06 7.369489673856788431e+04 -2.907919371341964870e+04 1.656757533372686303e+05
1.370395513574551325e+06 3.754845409511852777e+05 -3.209780669852797655e+04 -9.842502322304364498e+03 -5.263580914738892170e+04 -9.596454121866243077e+04 3.186244385994421827e+04 1.253402294415873985e+04 -9.444182728838901312e+03 1.303851952678118600e+06 -5.391660607286939921e+04 -4.104032530857198872e+05 6.190705708411445376e+05 2.746702625346305431e+05 7.369489673856788431e+04 2.082487140828852309e+06 7.073959080371905657e+03 -2.975848731530453733e+04
2.250961957161678874e+05 7.241263695686669962e+04 1.947848734196625446e+04 -2.353341850856491146e+04 3.633295073030637286e+04 5.172800796501447621e+04 2.345005148500347786e+04 5.661649586264762183e+04 2.239834788915959143e+04 -5.252982195645853644e+05 -1.814691099216613657e+04 -1.728179296141533123e+05 -1.785998292251074745e+05 1.472898688231621345e+05 -2.907919371341964870e+04 7.073959080371905657e+03 9.325362437927311985e+05 4.661366810679081391e+04
1.172317953342743858e+05 -4.149299474543996621e+05 -9.010176986186482827e+04 2.967042560212435637e+04 -1.525279449143287275e+04 3.199265084227318221e+04 3.766298388484477982e+03 7.302229648615257247e+03 2.171773814888547349e+04 -3.093135593727470041e+04 1.863426339011296295e+04 1.250550536712623943e+04 -1.760171122577249480e+04 2.355906488905698643e+05 1.656757533372686303e+05 -2.975848731530453733e+04 4.661366810679081391e+04 5.515155158463132102e+05
