# lambda=0.541283661503084
4.388196213970570266e+07 4.525397208190019242e+06 1.080484501789142611e+06 3.410288090746254893e+05 -8.274587227710417937e+05 5.628632907763206167e+05 1.593184701352984994e+05 2.814085960150520550e+05 5.718705925931637466e+04 1.096482181356178410e+07 5.845096216166099533e+06 8.132967630506029818e+05 -1.737143612548145466e+06 4.400452925189928501e+05 -1.131420039249076508e+06 -3.733842632927718805e+05 1.974861847963264736e+05 8.843165182182125136e+03
4.525397208190019242e+06 2.350889291629495844e+07 9.301243745768769877e+05 -3.628767018184426706e+05 1.256996281148542766e+05 -5.630721140152812586e+04 -1.544671615528448019e+05 -4.280509352852638403e+04 -1.592349313543782227e+04 -1.450769144857316464e+07 8.553923724210150540e+06 -7.195906098513448378e+05 -4.446879393951646052e+05 3.223026890457400004e+05 -9.519393495723819360e+05 -7.257692708675891627e+05 7.367615256067698647e+04 2.563283770767735550e+05
1.080484501789142611e+06 9.301243745768769877e+05 3.654071458638696466e+06 4.812888462870989460e+05 1.681537966477634036e+05 2.412184160524062172e+05 4.360473318270938762e+03 8.249967797421434079e+04 9.051803060311272566e+04 -6.256431074624480680e+05 -3.457172225830049138e+04 7.447061787151667522e+05 -2.418806922535084304e+05 -3.119629721667074482e+05 1.822674285789299756e+05 -2.773399136779879336e+05 3.605871919031149591e+05 1.695565897596611467e+05
3.410288090746254893e+05 -3.628767018184426706e+05 4.812888462870989460e+05 2.242728666741207242e+06 2.435234631503977580e+05 2.675541510935128317e+05 8.743550155507143063e+04 3.302233825150701159e+04 -2.998847928242800845e+04 -3.315391349369699601e+05 -5.260129924009974347e+05 3.097372590390954283e+05 -1.064188123748545477e+05 6.133496692479370395e+05 5.081673294681163970e+05 -7.030943248999677598e+04 1.022910096132749895e+05 -2.611925476758435616e+04
-8.274587227710417937e+05 1.256996281148542766e+05 1.681537966477634036e+05 2.435234631503977580e+05 8.831830553802710492e+05 1.114847869164331205e+05 -3.078385752257960121e+03 -3.200557274106994009e+04 1.219219144416100971e+04 8.012746692591214378e+04 -1.501595245249211730e+05 1.896441066763570416e+05 -5.179700576202659431e+04 3.300772780990321189e+05 4.126662624189911876e+05 9.147606783154762525e+04 2.068348114673376767e+04 -7.689093737084061104e+03
5.628632907763206167e+05 -5.630721140152812586e+04 2.412184160524062172e+05 2.675541510935128317e+05 1.114847869164331205e+05 8.229410504429282155e+05 4.464929468750210071e+04 -1.235193738251131435e+04 1.351804906037204637e+04 -2.090306274256557925e+06 -2.544097710258572479e+05 2.376822083484250761e+05 -1.847073786905440211e+05 4.655400580234709778e+05 2.528376066505158378e+05 -2.287422036095763178e+04 8.521275816676745308e+03 2.959710032775953096e+03
1.593184701352984994e+05 -1.544671615528448019e+05 4.360473318270938762e+03 8.743550155507143063e+04 -3.078385752257960121e+03 4.464929468750210071e+04 3.583225058303455589e+05 4.085237654002941417e+04 -6.676777590715399128e+03 1.841712437453225430e+05 -4.900794132693455322e+05 4.604550811566360790e+04 -3.005410796020333073e+05 1.096441875526961812e+05 1.896695717090016697e+05 5.502446057202175143e+04 2.427685016815527342e+04 -1.835153467170448130e+04
2.814085960150520550e+05 -4.280509352852638403e+04 8.249967797421434079e+04 3.302233825150701159e+04 -3.200557274106994009e+04 -1.235193738251131435e+04 4.085237654002941417e+04 1.892163001469367591e+05 1.284274804272332585e+04 3.257888777052644291e+05 -2.136982454311967595e+05 2.666145117477641179e+04 -5.137255513724157936e+04 -1.766351461695929174e+04 -1.187861630421324371e+05 -5.589104712952507543e+04 5.172313951080197148e+04 3.976621837103833968e+04
5.718705925931637466e+04 -1.592349313543782227e+04 9.051803060311272566e+04 -2.998847928242800845e+04 1.219219144416100971e+04 1.351804906037204637e+04 -6.676777590715399128e+03 1.284274804272332585e+04 9.734409075434133410e+04 3.009299072404245380e+05 -1.017970628404099843e+05 9.780718685710043064e+04 4.084691585944726830e+04 -3.168433553483561263e+04 -6.777711063897254644e+04 2.988915066710298197e+04 4.429315945460525836e+04 1.180223473115585148e+04
1.096482181356178410e+07 -1.450769144857316464e+07 -6.256431074624480680e+05 -3.315391349369699601e+05 8.012746692591214378e+04 -2.090306274256557925e+06 1.841712437453225430e+05 3.257888777052644291e+05 3.009299072404245380e+05 3.899972280637831092e+08 1.416110774505037069e+07 1.268035802505951002e+07 2.004780495530794375e+06 -4.326853381844704039e+06 5.109583732896816917e+06 1.563994315206616651e+06 -5.971350695503933821e+05 -2.022088927548118401e+06
5.845096216166099533e+06 8.553923724210150540e+06 -3.457172225830049138e+04 -5.260129924009974347e+05 -1.501595245249211730e+05 -2.544097710258572479e+05 -4.900794132693455322e+05 -2.136982454311967595e+05 -1.017970628404099843e+05 1.416110774505037069e+07 4.595980196620099247e+07 -1.992026331295487471e+05 4.169862323848033702e+04 -9.192446429502732353e+05 -1.271293244238693966e+06 -4.989669797191328253e+05 -4.775475489667267539e+05 -2.906837225809554220e+05
8.132967630506029818e+05 -7.195906098513448378e+05 7.447061787151667522e+05 3.097372590390954283e+05 1.896441066763570416e+05 2.376822083484250761e+05 4.604550811566360790e+04 2.666145117477641179e+04 9.780718685710043064e+04 1.268035802505951002e+07 -1.992026331295487471e+05 2.072894610382625461e+07 1.986823057159603341e+06 9.771876401482280344e+05 -6.263657946306694794e+04 3.066095962194587919e+05 4.650479345878908498e+04 -4.447230851466148306e+04
-1.737143612548145466e+06 -4.446879393951646052e+05 -2.418806922535084304e+05 -1.064188123748545477e+05 -5.179700576202659431e+04 -1.847073786905440211e+05 -3.005410796020333073e+05 -5.137255513724157936e+04 4.084691585944726830e+04 2.004780495530794375e+06 4.169862323848033702e+04 1.986823057159603341e+06 8.454509135297048837e+06 7.052827541655268578e+04 -2.834817286672056653e+05 -1.533149260165434098e+05 5.906636071849070140e+04 -6.947337261974583089e+04
4.400452925189928501e+05 3.223026890457400004e+05 -3.119629721667074482e+05 6.133496692479370395e+05 3.300772780990321189e+05 4.655400580234709778e+05 1.096441875526961812e+05 -1.766351461695929174e+04 -3.168433553483561263e+04 -4.326853381844704039e+06 -9.192446429502732353e+05 9.771876401482280344e+05 7.052827541655268578e+04 5.803337869679835625e+06 5.390978328291124199e+05 3.449418011571257375e+05 -7.676997221268000430e+04 -1.005186790425940126e+04
-1.131420039249076508e+06 -9.519393495723819360e+05 1.822674285789299756e+05 5.081673294681163970e+05 4.126662624189911876e+05 2.528376066505158378e+05 1.896695717090016697e+05 -1.187861630421324371e+05 -6.777711063897254644e+04 5.109583732896816917e+06 -1.271293244238693966e+06 -6.263657946306694794e+04 -2.834817286672056653e+05 5.390978328291124199e+05 4.623444695551289245e+06 2.267021834125579917e+05 -8.865507336120539549e+03 -1.029540704366107529e+05
-3.733842632927718805e+05 -7.257692708675891627e+05 -2.773399136779879336e+05 -7.030943248999677598e+04 9.147606783154762525e+04 -2.287422036095763178e+04 5.502446057202175143e+04 -5.589104712952507543e+04 2.988915066710298197e+04 1.563994315206616651e+06 -4.989669797191328253e+05 3.066095962194587919e+05 -1.533149260165434098e+05 3.449418011571257375e+05 2.267021834125579917e+05 1.310838570063852705e+06 6.640631963431631448e+04 -4.447739356879212573e+04
1.974861847963264736e+05 7.367615256067698647e+04 3.605871919031149591e+05 1.022910096132749895e+05 2.068348114673376767e+04 8.521275816676745308e+03 2.427685016815527342e+04 5.172313951080197148e+04 4.429315945460525836e+04 -5.971350695503933821e+05 -4.775475489667267539e+05 4.650479345878908498e+04 5.906636071849070140e+04 -7.676997221268000430e+04 -8.865507336120539549e+03 6.640631963431631448e+04 8.125217077599448385e+05 1.616417960493748542e+05
8.843165182182125136e+03 2.563283770767735550e+05 1.695565897596611467e+05 -2.611925476758435616e+04 -7.689093737084061104e+03 2.959710032775953096e+03 -1.835153467170448130e+04 3.976621837103833968e+04 1.180223473115585148e+04 -2.022088927548118401e+06 -2.906837225809554220e+05 -4.447230851466148306e+04 -6.947337261974583089e+04 -1.005186790425940126e+04 -1.029540704366107529e+05 -4.447739356879212573e+04 1.616417960493748542e+05 4.024277007536934107e+05
