# lambda=0.5407901774317451
5.085479069019304216e+07 -3.766013443348572764e+04 -3.059329765126941260e+06 -1.833555520800497834e+04 -7.707557954976431793e+05 -2.889494896071217372e+05 -1.210119408759197831e+05 -1.730019664785399509e+05 -5.650022571468949900e+04 2.236451348400699720e+07 -6.277439326340608532e+05 -2.443363642929630587e+05 2.905400535345581826e+06 -5.092098004740913748e+05 -1.548800204850435257e+06 -6.970149473875041585e+05 1.828481487992432958e+05 -1.766466351602456416e+04
-3.766013443348572764e+04 1.664189789781720750e+07 1.567709826953076292e+06 -7.263949604435757501e+05 7.175999514587572776e+05 1.694975528584137792e+05 7.737498625232436461e+04 1.136793966821837421e+04 1.848924917501754826e+05 1.218855300484098028e+06 5.125704903741644695e+06 4.187207751432944206e+05 -1.932193030633948045e+06 -1.124785318034225202e+05 -3.510403986823879677e+03 7.319786366494861431e+05 3.974429927596740308e+05 1.598015462711729924e+05
-3.059329765126941260e+06 1.567709826953076292e+06 5.981586450663213618e+06 -6.433946505190355674e+04 1.482264656892287603e+05 1.842875936997811950e+05 9.886718323413311737e+04 3.815897105826640473e+04 -8.332632979492611867e+02 -2.064891483350835275e+06 3.005471845175337046e+06 2.122460872963582166e+06 1.553172381376161356e+05 -2.164967898568642267e+05 8.177714151050779037e+05 4.784403588590066065e+05 2.332499277235644695e+05 1.722793225549524650e+05
-1.833555520800497834e+04 -7.263949604435757501e+05 -6.433946505190355674e+04 1.736880067999271443e+06 6.390397009053048532e+04 1.172755973254768032e+05 1.237946852737024456e+05 6.956601097944451612e+04 -3.001680365505659938e+04 -6.817662593504959659e+04 1.391549559306514682e+06 -2.781349303815783351e+05 5.109666631444229279e+05 4.298310700126982993e+05 -1.447583724552513740e+04 -8.826251644073327770e+04 -8.403569114513722889e+04 -7.781727950561682519e+04
-7.707557954976431793e+05 7.175999514587572776e+05 1.482264656892287603e+05 6.390397009053048532e+04 1.144209880628146231e+06 8.869249225083732745e+04 2.219387346276285098e+04 -1.091187234302544130e+04 5.083695561148713750e+04 3.005392843120450852e+05 8.418361269615384517e+05 2.169581380459100474e+05 -2.334569861777683836e+05 5.185150579981774790e+05 6.899973479304075590e+04 8.513205180865104194e+04 1.215110663216872672e+04 1.042712640894433571e+05
-2.889494896071217372e+05 1.694975528584137792e+05 1.842875936997811950e+05 1.172755973254768032e+05 8.869249225083732745e+04 7.985196869176477194e+05 4.201632316015252582e+04 3.875564984762364475e+04 -1.477314570027713125e+04 4.985142701413789764e+05 4.163430004649740295e+05 5.253569502059097867e+05 -1.547154285254597780e+05 -5.984702020890678796e+03 2.175162641011723608e+05 1.216240979373177252e+05 1.583161378684938827e+05 9.499359872386138886e+04
-1.210119408759197831e+05 7.737498625232436461e+04 9.886718323413311737e+04 1.237946852737024456e+05 2.219387346276285098e+04 4.201632316015252582e+04 3.044272069179816172e+05 5.748943183373909051e+03 -2.725906030462712079e+04 1.822172579582616454e+05 6.173889340859941440e+05 3.742950008887895965e+05 2.345110276303660648e+05 -4.996985538364305285e+03 1.921393322441892233e+05 7.127918369865401473e+04 -1.492617584596060260e+04 -1.455300093789730454e+04
-1.730019664785399509e+05 1.136793966821837421e+04 3.815897105826640473e+04 6.956601097944451612e+04 -1.091187234302544130e+04 3.875564984762364475e+04 5.748943183373909051e+03 1.501294862842951843e+05 1.931463878755075348e+04 1.333503920204151073e+05 5.481530770019241609e+05 1.249587522734602098e+05 -1.245671341284905611e+04 -1.704656673163121741e+04 6.355694994800490531e+04 3.401676154284145014e+04 1.465523468108049201e+04 6.311231172959107425e+03
-5.650022571468949900e+04 1.848924917501754826e+05 -8.332632979492611867e+02 -3.001680365505659938e+04 5.083695561148713750e+04 -1.477314570027713125e+04 -2.725906030462712079e+04 1.931463878755075348e+04 1.660487556772060343e+05 2.110957413865660201e+05 -2.141020534390406392e+05 -2.974983410534507711e+05 -8.584381427437893581e+04 2.842116110516991102e+04 -4.077090370315119799e+04 -5.397523292617045809e+04 1.113104918937554066e+04 5.982214897089139413e+04
2.236451348400699720e+07 1.218855300484098028e+06 -2.064891483350835275e+06 -6.817662593504959659e+04 3.005392843120450852e+05 4.985142701413789764e+05 1.822172579582616454e+05 1.333503920204151073e+05 2.110957413865660201e+05 1.773478067769856155e+08 1.094484078092231788e+07 3.237643355444164947e+06 1.452565979966765968e+06 5.998145638216902735e+05 -2.026377132539974060e+06 -2.075974624497127719e+06 9.600030742711684434e+05 -2.168165534627424786e+05
-6.277439326340608532e+05 5.125704903741644695e+06 3.005471845175337046e+06 1.391549559306514682e+06 8.418361269615384517e+05 4.163430004649740295e+05 6.173889340859941440e+05 5.481530770019241609e+05 -2.141020534390406392e+05 1.094484078092231788e+07 9.061254761507427692e+07 1.146598506412210502e+07 -1.415959534987843828e+06 -3.812108936068408657e+05 6.934533401576899923e+05 5.723332641882261960e+05 -2.777897555915148114e+05 2.709665771374020842e+05
-2.443363642929630587e+05 4.187207751432944206e+05 2.122460872963582166e+06 -2.781349303815783351e+05 2.169581380459100474e+05 5.253569502059097867e+05 3.742950008887895965e+05 1.249587522734602098e+05 -2.974983410534507711e+05 3.237643355444164947e+06 1.146598506412210502e+07 3.528720730812935531e+07 2.072684623935298063e+06 2.349157080616235035e+05 3.017062818990698084e+06 4.020704717183973989e+05 2.590819115706539596e+05 2.889914048960655928e+05
2.905400535345581826e+06 -1.932193030633948045e+06 1.553172381376161356e+05 5.109666631444229279e+05 -2.334569861777683836e+05 -1.547154285254597780e+05 2.345110276303660648e+05 -1.245671341284905611e+04 -8.584381427437893581e+04 1.452565979966765968e+06 -1.415959534987843828e+06 2.072684623935298063e+06 1.264430140539864451e+07 4.154954831493287929e+05 1.140537972353669116e+06 -1.276556607698230509e+05 -2.329657383371810283e+04 3.782600039597738651e+05
-5.092098004740913748e+05 -1.124785318034225202e+05 -2.164967898568642267e+05 4.298310700126982993e+05 5.185150579981774790e+05 -5.984702020890678796e+03 -4.996985538364305285e+03 -1.704656673163121741e+04 2.842116110516991102e+04 5.998145638216902735e+05 -3.812108936068408657e+05 2.349157080616235035e+05 4.154954831493287929e+05 6.447013776304479688e+06 -3.322434235378713929e+05 -1.346503013080394885e+05 -5.487268973708091653e+04 -4.791924449044735957e+04
-1.548800204850435257e+06 -3.510403986823879677e+03 8.177714151050779037e+05 -1.447583724552513740e+04 6.899973479304075590e+04 2.175162641011723608e+05 1.921393322441892233e+05 6.355694994800490531e+04 -4.077090370315119799e+04 -2.026377132539974060e+06 6.934533401576899923e+05 3.017062818990698084e+06 1.140537972353669116e+06 -3.322434235378713929e+05 3.006189359246529639e+06 3.889241173367826850e+05 1.987990619652348978e+05 1.820256101108248695e+05
-6.970149473875041585e+05 7.319786366494861431e+05 4.784403588590066065e+05 -8.826251644073327770e+04 8.513205180865104194e+04 1.216240979373177252e+05 7.127918369865401473e+04 3.401676154284145014e+04 -5.397523292617045809e+04 -2.075974624497127719e+06 5.723332641882261960e+05 4.020704717183973989e+05 -1.276556607698230509e+05 -1.346503013080394885e+05 3.889241173367826850e+05 2.376125537297573406e+06 9.436526794486092695e+04 2.471429776440693240e+05
1.828481487992432958e+05 3.974429927596740308e+05 2.332499277235644695e+05 -8.403569114513722889e+04 1.215110663216872672e+04 1.583161378684938827e+05 -1.492617584596060260e+04 1.465523468108049201e+04 1.113104918937554066e+04 9.600030742711684434e+05 -2.777897555915148114e+05 2.590819115706539596e+05 -2.329657383371810283e+04 -5.487268973708091653e+04 1.987990619652348978e+05 9.436526794486092695e+04 7.392128210472894134e+05 1.147801671663884772e+05
-1.766466351602456416e+04 1.598015462711729924e+05 1.722793225549524650e+05 -7.781727950561682519e+04 1.042712640894433571e+05 9.499359872386138886e+04 -1.455300093789730454e+04 6.311231172959107425e+03 5.982214897089139413e+04 -2.168165534627424786e+05 2.709665771374020842e+05 2.889914048960655928e+05 3.782600039597738651e+05 -4.791924449044735957e+04 1.820256101108248695e+05 2.471429776440693240e+05 1.147801671663884772e+05 9.246194959378321655e+05
