# lambda=0.10569271691973153
4.432397891716282070e+07 8.212760101012853906e+06 2.054097947200436902e+05 3.165586816205588169e+06 1.236603987896553299e+05 -4.867254275637640385e+05 -9.464738216652598931e+04 6.389571240089357598e+05 1.299835890791532875e+05 5.565533528095413744e+07 1.058050829641204327e+07 -2.396838922367101186e+05 -8.712714012200244470e+05 8.201344415709940949e+05 -9.817648150797797134e+05 -8.739683188875325723e+05 2.036251737367444905e+06 6.224886414084220305e+05
8.212760101012853906e+06 1.229902097355787642e+07 -4.492831938447927823e+05 1.422155495367391268e+06 5.837248576435021823e+05 -2.635635876555988798e+05 1.631017352974991954e+05 1.808315396179265808e+05 1.111937604053686809e+05 9.402762647122319788e+06 5.677998248177559115e+06 1.921400827116223751e+06 8.193496686295389663e+05 -4.073121858707226347e+05 -1.335723051617377205e+06 -1.042656434710324858e+06 3.006929344438406770e+04 2.683054897575905779e+05
2.054097947200436902e+05 -4.492831938447927823e+05 5.442252143084642477e+06 1.493622399549167603e+06 -3.560179045334926341e+05 -7.108647392247316020e+04 -4.743946353074461513e+04 1.252923166077453207e+05 7.663988253591510875e+04 2.266565274260470178e+06 1.280385697252258193e+06 3.373473752504304983e+06 -7.170322813744045561e+05 2.682896583100853022e+05 5.021496826045304624e+04 -1.933643387099296087e+05 1.650826973014267569e+05 2.793768545097992173e+05
3.165586816205588169e+06 1.422155495367391268e+06 1.493622399549167603e+06 2.039232617764831055e+06 4.362126329934006208e+05 2.952645074457071605e+05 3.294403844315469032e+05 1.789496507858902623e+05 -3.856579431748064235e+04 3.141951196772968862e+06 4.034684539271869231e+06 1.234886040775744943e+06 -8.657943331692634092e+04 5.283185614765600767e+05 -2.809276734284295526e+04 -5.530328678270852106e+04 1.277749739738898206e+05 1.171162617779113643e+05
1.236603987896553299e+05 5.837248576435021823e+05 -3.560179045334926341e+05 4.362126329934006208e+05 1.071802311685165158e+06 1.270418385106131755e+05 2.587159983265111514e+05 6.058728884211876721e+04 2.511408583784315124e+04 1.301835608016920974e+06 9.892649039283258608e+05 8.748017141156040598e+05 -1.794457194977855543e+05 4.403866817447365029e+05 1.992595936471309979e+05 9.628509318799331959e+04 -2.550705352582313644e+05 -1.074165009625850507e+04
-4.867254275637640385e+05 -2.635635876555988798e+05 -7.108647392247316020e+04 2.952645074457071605e+05 1.270418385106131755e+05 6.984385433588906890e+05 1.226294935249304690e+05 1.248877092723693058e+05 5.172689308598413481e+04 -7.980208640286850277e+05 -1.382113496286016190e+06 -7.402531128475649748e+05 5.790928980942085618e+05 -8.564475740450686135e+04 3.885500053127610008e+05 1.094485011881199025e+05 -3.159600557419051765e+05 -8.204658614377863705e+04
-9.464738216652598931e+04 1.631017352974991954e+05 -4.743946353074461513e+04 3.294403844315469032e+05 2.587159983265111514e+05 1.226294935249304690e+05 3.163768039177570026e+05 6.818417550242337165e+04 3.490723842662674724e+04 1.207170390679765027e+06 5.485044608787769685e+05 3.101166355270730564e+05 -2.173393612227849953e+05 3.677589400976433535e+05 5.728625710276763857e+04 5.034698925433884142e+04 -1.561309879904781992e+05 4.502777009526383154e+03
6.389571240089357598e+05 1.808315396179265808e+05 1.252923166077453207e+05 1.789496507858902623e+05 6.058728884211876721e+04 1.248877092723693058e+05 6.818417550242337165e+04 2.174585156109113886e+05 6.595531105167408532e+04 1.961334999828885775e+06 -4.740782879368947470e+05 1.865069543053092784e+05 2.321640882074387919e+05 7.102590477000818646e+04 1.017676610654987744e+05 2.227225524456678540e+05 2.030923398162470257e+05 9.522722199596677092e+04
1.299835890791532875e+05 1.111937604053686809e+05 7.663988253591510875e+04 -3.856579431748064235e+04 2.511408583784315124e+04 5.172689308598413481e+04 3.490723842662674724e+04 6.595531105167408532e+04 1.040052957738034456e+05 2.715182205471618101e+06 -6.886974214949294692e+05 1.890508352954256698e+05 1.492081173230354907e+05 1.497089386995882523e+04 -2.251996519918185732e+04 4.574867741753015434e+04 -1.363032120314170243e+04 5.996661193616551463e+04
5.565533528095413744e+07 9.402762647122319788e+06 2.266565274260470178e+06 3.141951196772968862e+06 1.301835608016920974e+06 -7.980208640286850277e+05 1.207170390679765027e+06 1.961334999828885775e+06 2.715182205471618101e+06 2.915599968935227394e+08 2.536720802193355933e+07 1.655331167505926639e+07 -1.150446027068544365e+07 4.887637653302476741e+06 -1.384563767749617109e+06 4.253559552192910574e+06 4.915400994028558023e+06 1.447929303737680428e+06
1.058050829641204327e+07 5.677998248177559115e+06 1.280385697252258193e+06 4.034684539271869231e+06 9.892649039283258608e+05 -1.382113496286016190e+06 5.485044608787769685e+05 -4.740782879368947470e+05 -6.886974214949294692e+05 2.536720802193355933e+07 1.003544277727229893e+08 1.518158046617294289e+07 -1.408872740459462628e+07 6.626618163329013623e+05 5.537168518069094047e+06 -6.007143282888423419e+05 -4.674030457974610617e+05 -5.157840294627042604e+05
-2.396838922367101186e+05 1.921400827116223751e+06 3.373473752504304983e+06 1.234886040775744943e+06 8.748017141156040598e+05 -7.402531128475649748e+05 3.101166355270730564e+05 1.865069543053092784e+05 1.890508352954256698e+05 1.655331167505926639e+07 1.518158046617294289e+07 2.377055273439812660e+07 3.573682871337692486e+05 8.518158139370416757e+05 2.032231189755322412e+05 7.740363388052685186e+05 -1.543646587783020914e+04 -4.699727308940601069e+05
-8.712714012200244470e+05 8.193496686295389663e+05 -7.170322813744045561e+05 -8.657943331692634092e+04 -1.794457194977855543e+05 5.790928980942085618e+05 -2.173393612227849953e+05 2.321640882074387919e+05 1.492081173230354907e+05 -1.150446027068544365e+07 -1.408872740459462628e+07 3.573682871337692486e+05 1.256432172835929506e+07 2.103881797533400822e+06 -1.073355379301412759e+05 -2.776465474708389374e+05 4.224122561070813681e+05 1.184315210340208840e+06
8.201344415709940949e+05 -4.073121858707226347e+05 2.682896583100853022e+05 5.283185614765600767e+05 4.403866817447365029e+05 -8.564475740450686135e+04 3.677589400976433535e+05 7.102590477000818646e+04 1.497089386995882523e+04 4.887637653302476741e+06 6.626618163329013623e+05 8.518158139370416757e+05 2.103881797533400822e+06 4.808810164941581897e+06 6.206223251342786243e+05 -2.173427014604289725e+05 -9.837127163771720006e+03 6.623949935596213909e+05
-9.817648150797797134e+05 -1.335723051617377205e+06 5.021496826045304624e+04 -2.809276734284295526e+04 1.992595936471309979e+05 3.885500053127610008e+05 5.728625710276763857e+04 1.017676610654987744e+05 -2.251996519918185732e+04 -1.384563767749617109e+06 5.537168518069094047e+06 2.032231189755322412e+05 -1.073355379301412759e+05 6.206223251342786243e+05 2.528368001979199704e+06 5.031613852784067276e+05 -5.384467066470587160e+05 -9.828681169594665698e+04
-8.739683188875325723e+05 -1.042656434710324858e+06 -1.933643387099296087e+05 -5.530328678270852106e+04 9.628509318799331959e+04 1.094485011881199025e+05 5.034698925433884142e+04 2.227225524456678540e+05 4.574867741753015434e+04 4.253559552192910574e+06 -6.007143282888423419e+05 7.740363388052685186e+05 -2.776465474708389374e+05 -2.173427014604289725e+05 5.031613852784067276e+05 1.168658381879728986e+06 4.259555348620178411e+05 -7.314292226480880345e+04
2.036251737367444905e+06 3.006929344438406770e+04 1.650826973014267569e+05 1.277749739738898206e+05 -2.550705352582313644e+05 -3.159600557419051765e+05 -1.561309879904781992e+05 2.030923398162470257e+05 -1.363032120314170243e+04 4.915400994028558023e+06 -4.674030457974610617e+05 -1.543646587783020914e+04 4.224122561070813681e+05 -9.837127163771720006e+03 -5.384467066470587160e+05 4.259555348620178411e+05 1.268516779265216552e+06 3.376545344393465202e+05
6.224886414084220305e+05 2.683054897575905779e+05 2.793768545097992173e+05 1.171162617779113643e+05 -1.074165009625850507e+04 -8.204658614377863705e+04 4.502777009526383154e+03 9.522722199596677092e+04 5.996661193616551463e+04 1.447929303737680428e+06 -5.157840294627042604e+05 -4.699727308940601069e+05 1.184315210340208840e+06 6.623949935596213909e+05 -9.828681169594665698e+04 -7.314292226480880345e+04 3.376545344393465202e+05 6.972023324296768988e+05
