# lambda=0.10217421189825601
6.448505685724125057e+07 1.393586863094789535e+07 1.484652776103956159e+06 3.239108185161760543e+06 1.199180380229426082e+06 -1.219561538766857237e+06 2.711163372538817930e+05 -3.955062666407030774e+05 2.349591902365515998e+05 3.435311792037215084e+06 2.479753370359145105e+07 -1.739441622827943880e+06 7.238150129420798039e+05 -6.683163741305624135e+05 -4.379815831841265783e+06 7.947754724547078367e+05 6.496706099587311037e+05 -6.842449997786711901e+05
1.393586863094789535e+07 1.558080500371959060e+07 2.480845995319312438e+06 1.597311306538086850e+06 2.002829019990845351e+06 8.645639255577702716e+04 6.913426277645630762e+05 1.892855788824091724e+05 2.787490811259659822e+05 -4.243200804998258129e+06 1.849372781113104522e+07 4.295056487346233800e+06 2.426528629022271838e+06 1.305995747346233111e+06 4.026421436848974554e+05 2.160610581322621088e+06 1.187769877718327334e+06 -2.973044872589762090e+05
1.484652776103956159e+06 2.480845995319312438e+06 3.234842885854756925e+06 5.558718663042051485e+05 1.005429716609176365e+06 3.615672612161298457e+04 5.263672539673481369e+05 -1.591857967782495252e+05 3.121319688005406533e+03 2.578459318669568165e+04 7.581551779602417722e+06 2.931528712741965894e+06 2.030169176305193221e+06 9.740623605382405221e+05 6.239046822923280997e+05 6.422342648147974396e+05 6.454680943847802700e+05 1.632513344533063646e+05
3.239108185161760543e+06 1.597311306538086850e+06 5.558718663042051485e+05 1.785204731801337795e+06 5.726568733551246114e+05 8.193052531036297296e+03 1.808808453273888153e+05 -1.551501445415237395e+05 -1.120929919261355280e+04 -3.181795372439846396e+06 3.491798900466932915e+06 9.621550533870193176e+05 -1.908421596053243557e+05 6.879223517320554238e+05 1.797684361317400544e+04 5.929649872874779394e+05 2.185606611640288029e+05 2.023240129127692198e+05
1.199180380229426082e+06 2.002829019990845351e+06 1.005429716609176365e+06 5.726568733551246114e+05 1.210953304270340130e+06 1.065303139189626199e+04 9.347663210519622953e+04 -7.612297845070865878e+04 -8.204571052472645533e+04 7.301056972085653106e+05 2.377611535679348744e+06 -4.976980815582300420e+05 1.115517611185587477e+06 1.114617320145128062e+06 -3.360004153421589581e+04 2.278535583390912507e+05 -8.656364765671025089e+04 -8.155170096576536889e+04
-1.219561538766857237e+06 8.645639255577702716e+04 3.615672612161298457e+04 8.193052531036297296e+03 1.065303139189626199e+04 2.560710164230102091e+05 -2.262717693545634393e+04 8.994785050152024269e+03 3.581937501910264018e+03 6.755865533007807098e+05 -2.128920697404783685e+06 5.120828301693666726e+05 1.842988134022428712e+05 6.804798218315919803e+04 6.104375725452299230e+05 1.511665374862082535e+05 7.346447231572722376e+04 -5.655854240786960145e+04
2.711163372538817930e+05 6.913426277645630762e+05 5.263672539673481369e+05 1.808808453273888153e+05 9.347663210519622953e+04 -2.262717693545634393e+04 4.456271849874312175e+05 4.293396221463471738e+04 3.407329378033577086e+04 -2.674872419488131069e+06 2.629169310682057403e+06 8.956264038852641825e+05 -3.494251043453252641e+05 -8.161907735686787055e+04 3.149896625628281618e+05 3.642615052213713643e+05 2.734567679952596081e+05 6.285134385925056995e+04
-3.955062666407030774e+05 1.892855788824091724e+05 -1.591857967782495252e+05 -1.551501445415237395e+05 -7.612297845070865878e+04 8.994785050152024269e+03 4.293396221463471738e+04 1.707584744643412705e+05 5.128572962920441205e+04 -3.229367894550886936e+06 -7.850562512425192399e+05 1.007215438849051861e+05 4.188739274736157677e+04 7.926648760158715595e+04 1.261992075442346395e+05 6.831172226078329550e+04 9.555348137577474699e+04 -4.244813368338820146e+04
2.349591902365515998e+05 2.787490811259659822e+05 3.121319688005406533e+03 -1.120929919261355280e+04 -8.204571052472645533e+04 3.581937501910264018e+03 3.407329378033577086e+04 5.128572962920441205e+04 1.294734989681065781e+05 6.114008096317873569e+05 1.602537008207330713e+06 2.864184356518883724e+05 1.656761822248746175e+05 -3.541570547504943097e+05 -6.957617213398440799e+04 -4.896120727018255275e+04 1.419219482976408617e+05 7.574450388320878847e+04
3.435311792037215084e+06 -4.243200804998258129e+06 2.578459318669568165e+04 -3.181795372439846396e+06 7.301056972085653106e+05 6.755865533007807098e+05 -2.674872419488131069e+06 -3.229367894550886936e+06 6.114008096317873569e+05 2.975955848427793980e+08 6.094694805575729162e+07 8.769951562239749357e+06 1.041876793243523315e+07 -1.130559004825616814e+07 -6.584259398332404904e+06 -2.344081607618249021e+06 -1.648430896239212016e+06 7.203531192898300942e+05
2.479753370359145105e+07 1.849372781113104522e+07 7.581551779602417722e+06 3.491798900466932915e+06 2.377611535679348744e+06 -2.128920697404783685e+06 2.629169310682057403e+06 -7.850562512425192399e+05 1.602537008207330713e+06 6.094694805575729162e+07 1.351321859977795184e+08 1.729498811228294298e+07 4.153852130394417327e+06 -4.260232626906501129e+06 -6.182630118805915117e+06 2.021293772433892358e+06 3.858278247270158026e+06 1.412260697464164579e+06
-1.739441622827943880e+06 4.295056487346233800e+06 2.931528712741965894e+06 9.621550533870193176e+05 -4.976980815582300420e+05 5.120828301693666726e+05 8.956264038852641825e+05 1.007215438849051861e+05 2.864184356518883724e+05 8.769951562239749357e+06 1.729498811228294298e+07 3.254353130446784571e+07 3.490897155533573590e+06 7.527239322190947132e+05 2.389217026155867148e+06 2.469540876191666815e+06 3.719585804466503905e+05 -5.236547470892386045e+05
7.238150129420798039e+05 2.426528629022271838e+06 2.030169176305193221e+06 -1.908421596053243557e+05 1.115517611185587477e+06 1.842988134022428712e+05 -3.494251043453252641e+05 4.188739274736157677e+04 1.656761822248746175e+05 1.041876793243523315e+07 4.153852130394417327e+06 3.490897155533573590e+06 8.178550370292605832e+06 7.303507171181032900e+05 -4.874032839382779785e+05 7.231606163985395688e+04 -5.019196423914015759e+04 -4.234299346806439571e+05
-6.683163741305624135e+05 1.305995747346233111e+06 9.740623605382405221e+05 6.879223517320554238e+05 1.114617320145128062e+06 6.804798218315919803e+04 -8.161907735686787055e+04 7.926648760158715595e+04 -3.541570547504943097e+05 -1.130559004825616814e+07 -4.260232626906501129e+06 7.527239322190947132e+05 7.303507171181032900e+05 4.419270626694463193e+06 9.916130844089903403e+05 6.921555950597290648e+05 1.185047045165454183e+05 -5.934954170555928722e+05
-4.379815831841265783e+06 4.026421436848974554e+05 6.239046822923280997e+05 1.797684361317400544e+04 -3.360004153421589581e+04 6.104375725452299230e+05 3.149896625628281618e+05 1.261992075442346395e+05 -6.957617213398440799e+04 -6.584259398332404904e+06 -6.182630118805915117e+06 2.389217026155867148e+06 -4.874032839382779785e+05 9.916130844089903403e+05 3.257807590640166774e+06 6.263882741758130724e+05 5.833029964880789630e+05 -9.781067224311709288e+04
7.947754724547078367e+05 2.160610581322621088e+06 6.422342648147974396e+05 5.929649872874779394e+05 2.278535583390912507e+05 1.511665374862082535e+05 3.642615052213713643e+05 6.831172226078329550e+04 -4.896120727018255275e+04 -2.344081607618249021e+06 2.021293772433892358e+06 2.469540876191666815e+06 7.231606163985395688e+04 6.921555950597290648e+05 6.263882741758130724e+05 2.059208664078687318e+06 7.116021266322497977e+05 2.273809228792395443e+05
6.496706099587311037e+05 1.187769877718327334e+06 6.454680943847802700e+05 2.185606611640288029e+05 -8.656364765671025089e+04 7.346447231572722376e+04 2.734567679952596081e+05 9.555348137577474699e+04 1.419219482976408617e+05 -1.648430896239212016e+06 3.858278247270158026e+06 3.719585804466503905e+05 -5.019196423914015759e+04 1.185047045165454183e+05 5.833029964880789630e+05 7.116021266322497977e+05 1.072267643424581736e+06 1.729936474047612573e+05
-6.842449997786711901e+05 -2.973044872589762090e+05 1.632513344533063646e+05 2.023240129127692198e+05 -8.155170096576536889e+04 -5.655854240786960145e+04 6.285134385925056995e+04 -4.244813368338820146e+04 7.574450388320878847e+04 7.203531192898300942e+05 1.412260697464164579e+06 -5.236547470892386045e+05 -4.234299346806439571e+05 -5.934954170555928722e+05 -9.781067224311709288e+04 2.273809228792395443e+05 1.729936474047612573e+05 5.726166806071526371e+05
