# lambda=0.10259597324529302
5.621744539770804346e+07 1.651271208011154644e+07 1.179084742248576600e+06 -4.310249071099075372e+05 -1.014689057329480071e+06 2.012238415846198914e+05 -2.002852935595646559e+05 4.111297919168799417e+05 -1.493596201552040002e+05 5.338847157969752699e+07 1.071876910492374562e+07 -7.152963476332231425e+06 1.544965787520124577e+06 1.157053969280208461e+06 1.037848770617404603e+06 -1.838257283505177591e+06 -1.192127877160366392e+06 3.077610063505188446e+05
1.651271208011154644e+07 2.220196038011396304e+07 5.088659687849796377e+06 -5.471195133897830965e+05 -1.226025163806729252e+06 -3.357254535097944899e+05 -6.047283629604484304e+04 -5.176286580911896453e+04 -1.504813793196485221e+03 1.320789781717482395e+07 1.364822567987324670e+07 5.706263830552410334e+06 2.801712811892573722e+06 4.489315401757356594e+05 1.941010719885710627e+06 -1.220876112952794880e+06 1.892408075039609912e+03 3.598208255804071086e+05
1.179084742248576600e+06 5.088659687849796377e+06 3.730908564284266904e+06 2.807611946469261893e+05 -4.296608541458519176e+05 -1.804506243479475088e+05 1.312256694978651067e+05 -6.826774865398707334e+04 6.211388167014481587e+04 1.022486691811245750e+06 -3.984620071630677674e+06 7.839671748713155976e+05 -1.560127834624368916e+04 1.308253549377343850e+06 1.042126979644373409e+06 7.204502413141765282e+04 8.446149389536521630e+04 -3.130839330364777707e+05
-4.310249071099075372e+05 -5.471195133897830965e+05 2.807611946469261893e+05 1.562946880025153980e+06 3.817087911409086664e+05 1.391300436948226125e+05 -2.116586747577905044e+04 -2.053783743298349145e+04 1.324349208740112044e+04 -4.952695604934692383e+06 -1.869089203502744669e+06 -4.791747923536045710e+05 1.054276145865741884e+06 7.350632369720169809e+05 -2.007101937449722318e+05 8.083989227807411226e+04 1.671252032001023472e+05 1.181981241081282060e+05
-1.014689057329480071e+06 -1.226025163806729252e+06 -4.296608541458519176e+05 3.817087911409086664e+05 9.134582395940017886e+05 1.087983917906798015e+05 -2.414650951630577765e+04 5.002077367438224610e+04 1.136371979200859823e+04 -6.741225132099096663e+05 -1.278592395974325016e+06 -6.356054245911862236e+05 3.480810143766662804e+05 2.705066373735887464e+05 -2.827610377737256931e+05 -1.672201504893554666e+05 -1.110018585311262723e+05 6.762897038403403712e+04
2.012238415846198914e+05 -3.357254535097944899e+05 -1.804506243479475088e+05 1.391300436948226125e+05 1.087983917906798015e+05 3.954041582382771885e+05 -5.494126088871499087e+04 8.183770023000519723e+04 4.164514656929339981e+04 -1.222383861802108586e+06 1.016622061836402863e+06 -1.132961356568466435e+05 -1.821662892034754914e+05 -5.113586445074590738e+05 2.198407584881219009e+04 -2.577343310011123685e+04 -1.275571373982812656e+05 -7.895397216587339062e+04
-2.002852935595646559e+05 -6.047283629604484304e+04 1.312256694978651067e+05 -2.116586747577905044e+04 -2.414650951630577765e+04 -5.494126088871499087e+04 2.864048764005746343e+05 -2.905353053719929903e+02 -4.349047393008906511e+03 -3.693060241097776452e+05 1.306741623634469870e+05 -4.699938854570162948e+04 -2.407762051726526697e+05 -3.118409157469998463e+05 5.639504793376204179e+04 2.214052098109757353e+05 -6.259223187615632196e+04 1.511858942049798134e+04
4.111297919168799417e+05 -5.176286580911896453e+04 -6.826774865398707334e+04 -2.053783743298349145e+04 5.002077367438224610e+04 8.183770023000519723e+04 -2.905353053719929903e+02 1.473757051223185554e+05 3.247628751617707167e+04 -1.257286835625584237e+06 4.013665530178950285e+05 -7.960693580390603165e+04 1.832026008693218755e+05 -3.082251300884135708e+04 -5.189438380532041265e+03 -5.042726473750672994e+03 3.171347085927328226e+04 4.977247608224162104e+04
-1.493596201552040002e+05 -1.504813793196485221e+03 6.211388167014481587e+04 1.324349208740112044e+04 1.136371979200859823e+04 4.164514656929339981e+04 -4.349047393008906511e+03 3.247628751617707167e+04 7.608597039021449746e+04 -4.830552888618247816e+05 -2.637382519653207273e+05 -2.485586732178394159e+05 1.913379535960283829e+05 -8.503938950563006802e+04 2.436101399501174456e+04 3.241823346302250866e+04 -1.701702476965184542e+04 1.909698029805547776e+04
5.338847157969752699e+07 1.320789781717482395e+07 1.022486691811245750e+06 -4.952695604934692383e+06 -6.741225132099096663e+05 -1.222383861802108586e+06 -3.693060241097776452e+05 -1.257286835625584237e+06 -4.830552888618247816e+05 2.310061522239621580e+08 2.359794262554153055e+07 5.213542425864472054e+06 -3.054350522397798486e+06 -9.046886810255210847e+06 -4.585927732793038711e+06 -2.560440494163991418e+06 -2.931006006816825364e+06 -3.036337701466292143e+06
1.071876910492374562e+07 1.364822567987324670e+07 -3.984620071630677674e+06 -1.869089203502744669e+06 -1.278592395974325016e+06 1.016622061836402863e+06 1.306741623634469870e+05 4.013665530178950285e+05 -2.637382519653207273e+05 2.359794262554153055e+07 9.663607771026611328e+07 1.991589936431980506e+07 -1.289380555403063539e+06 -5.262848680370864458e+06 -2.572909508031325415e+06 1.224560698501592502e+06 -4.520632741518606781e+05 8.787792649905887665e+05
-7.152963476332231425e+06 5.706263830552410334e+06 7.839671748713155976e+05 -4.791747923536045710e+05 -6.356054245911862236e+05 -1.132961356568466435e+05 -4.699938854570162948e+04 -7.960693580390603165e+04 -2.485586732178394159e+05 5.213542425864472054e+06 1.991589936431980506e+07 2.436284251230768487e+07 -9.107003907627313165e+05 -1.355912061767744832e+06 4.249090187863435713e+05 -2.560881791667814250e+05 -5.093928926424109522e+04 8.884706434122497740e+04
1.544965787520124577e+06 2.801712811892573722e+06 -1.560127834624368916e+04 1.054276145865741884e+06 3.480810143766662804e+05 -1.821662892034754914e+05 -2.407762051726526697e+05 1.832026008693218755e+05 1.913379535960283829e+05 -3.054350522397798486e+06 -1.289380555403063539e+06 -9.107003907627313165e+05 9.764296068767510355e+06 1.962045144871652825e+06 -1.136587730526433443e+05 4.200960126274439972e+05 6.499995772370750783e+05 1.298348542502676602e+06
1.157053969280208461e+06 4.489315401757356594e+05 1.308253549377343850e+06 7.350632369720169809e+05 2.705066373735887464e+05 -5.113586445074590738e+05 -3.118409157469998463e+05 -3.082251300884135708e+04 -8.503938950563006802e+04 -9.046886810255210847e+06 -5.262848680370864458e+06 -1.355912061767744832e+06 1.962045144871652825e+06 6.499304780248884112e+06 1.436934996380953118e+06 6.692158519730772823e+05 3.908459255304414546e+05 6.195876020736845385e+04
1.037848770617404603e+06 1.941010719885710627e+06 1.042126979644373409e+06 -2.007101937449722318e+05 -2.827610377737256931e+05 2.198407584881219009e+04 5.639504793376204179e+04 -5.189438380532041265e+03 2.436101399501174456e+04 -4.585927732793038711e+06 -2.572909508031325415e+06 4.249090187863435713e+05 -1.136587730526433443e+05 1.436934996380953118e+06 2.893972757699022535e+06 6.688452453481256962e+05 6.889305501131282654e+04 -1.711007513041261700e+05
-1.838257283505177591e+06 -1.220876112952794880e+06 7.204502413141765282e+04 8.083989227807411226e+04 -1.672201504893554666e+05 -2.577343310011123685e+04 2.214052098109757353e+05 -5.042726473750672994e+03 3.241823346302250866e+04 -2.560440494163991418e+06 1.224560698501592502e+06 -2.560881791667814250e+05 4.200960126274439972e+05 6.692158519730772823e+05 6.688452453481256962e+05 1.530400772630333900e+06 1.542017792972525058e+05 -5.414777593921350490e+04
-1.192127877160366392e+06 1.892408075039609912e+03 8.446149389536521630e+04 1.671252032001023472e+05 -1.110018585311262723e+05 -1.275571373982812656e+05 -6.259223187615632196e+04 3.171347085927328226e+04 -1.701702476965184542e+04 -2.931006006816825364e+06 -4.520632741518606781e+05 -5.093928926424109522e+04 6.499995772370750783e+05 3.908459255304414546e+05 6.889305501131282654e+04 1.542017792972525058e+05 6.282428013353769202e+05 2.788544589410852641e+05
3.077610063505188446e+05 3.598208255804071086e+05 -3.130839330364777707e+05 1.181981241081282060e+05 6.762897038403403712e+04 -7.895397216587339062e+04 1.511858942049798134e+04 4.977247608224162104e+04 1.909698029805547776e+04 -3.036337701466292143e+06 8.787792649905887665e+05 8.884706434122497740e+04 1.298348542502676602e+06 6.195876020736845385e+04 -1.711007513041261700e+05 -5.414777593921350490e+04 2.788544589410852641e+05 6.261618165935665602e+05
