# lambda=0.12097251022917
6.213261383225810528e+07 1.073378162686775066e+07 3.272542557746588718e+06 1.101584814316825476e+06 1.633698781004724326e+06 7.902230130744860508e+05 -1.702544057397252473e+05 -5.800479309730590321e+05 1.364544809199589945e+05 4.418134989098986238e+07 -2.015739595231559500e+07 -9.853680845491275191e+06 2.766346326253592037e+06 -2.705216949109885842e+06 7.783051143967071548e+05 -9.779513735760087147e+05 -2.584996206173264945e+05 -5.281976354662121739e+05
1.073378162686775066e+07 1.346921959128749929e+07 7.953681599147820380e+05 9.067194846509819035e+04 9.723748822075950447e+05 8.596275307358192513e+05 4.613412675771968788e+05 -2.571135198638853326e+05 6.030926342021019809e+04 2.816696426839556079e+06 2.459500441354019858e+05 -1.422567904721360886e+06 1.375226259601317579e+06 -5.382383255488473224e+05 -5.943718166565005959e+04 5.900783897652603919e+05 -1.417032892194716260e+05 2.383896095064288966e+04
3.272542557746588718e+06 7.953681599147820380e+05 5.926560089118372649e+06 7.642015226617258741e+05 9.761149962374812458e+04 1.429343090363325900e+05 -3.080507231628766749e+05 5.065334227093483059e+04 -5.335577389076023246e+04 7.090578818191575818e+06 1.132124546749632340e+06 5.001089604591460899e+06 4.093182567909796722e+06 6.109163368636711966e+05 3.718722086957948632e+05 5.248049148369514151e+05 4.641364116966690635e+05 2.136414383428882284e+05
1.101584814316825476e+06 9.067194846509819035e+04 7.642015226617258741e+05 2.545110184815431945e+06 2.152691948918900744e+05 1.089286918658333161e+05 2.133866422049831817e+04 5.201965362189032021e+04 7.511248140167906240e+04 -1.541699410015769536e+06 1.565456086525452323e+06 -1.937699509706306344e+04 8.423925116896469845e+05 6.625378020256431773e+05 5.225222254233310814e+05 -1.761058595956078498e+05 -6.663991212678761804e+04 -8.969603505896078423e+04
1.633698781004724326e+06 9.723748822075950447e+05 9.761149962374812458e+04 2.152691948918900744e+05 9.074641348078448791e+05 3.024792138107793289e+05 1.361433833192381426e+05 6.735699684289214201e+04 1.671579266471326118e+05 -5.658309947716724128e+05 -9.933235022956611356e+05 -1.071385369734431384e+06 -7.360477322693415917e+05 -5.294727830818819348e+04 1.914055961866105208e+05 1.653943168404585740e+05 -1.458944650577793363e+05 2.693745705324854935e+05
7.902230130744860508e+05 8.596275307358192513e+05 1.429343090363325900e+05 1.089286918658333161e+05 3.024792138107793289e+05 3.405356991322140093e+05 1.094467747597220296e+05 2.778955476033830200e+04 -5.828464542447459280e+03 -4.403303526170744444e+05 -1.980659522896331910e+05 -3.119925500340657527e+04 -2.534142064191290119e+05 1.878806567096315848e+05 7.960643606256577186e+04 1.340439578431299888e+05 -8.719026029327326978e+04 4.252179144350755814e+04
-1.702544057397252473e+05 4.613412675771968788e+05 -3.080507231628766749e+05 2.133866422049831817e+04 1.361433833192381426e+05 1.094467747597220296e+05 2.011426428162779193e+05 3.591503111584063299e+04 4.687943092757191334e+04 -3.899473451759001473e+05 -9.662333866213300498e+05 -1.767630358781121613e+05 -2.232516373445318604e+05 1.709032143231619848e+05 1.915072763323937543e+05 1.368377411059430160e+05 -1.126238588644119154e+05 1.534710578302629438e+04
-5.800479309730590321e+05 -2.571135198638853326e+05 5.065334227093483059e+04 5.201965362189032021e+04 6.735699684289214201e+04 2.778955476033830200e+04 3.591503111584063299e+04 1.581702649082030111e+05 3.500978590196873847e+04 -7.470740297071351670e+05 -4.603725935799066065e+02 5.890954049968989566e+05 -1.684771505092373263e+04 1.732927479837881983e+05 1.355784757546342444e+05 4.470652211120458378e+04 5.946030570493624509e+03 1.533643431484219718e+03
1.364544809199589945e+05 6.030926342021019809e+04 -5.335577389076023246e+04 7.511248140167906240e+04 1.671579266471326118e+05 -5.828464542447459280e+03 4.687943092757191334e+04 3.500978590196873847e+04 1.416009659739105846e+05 2.836828915409757756e+05 -5.432811278273854405e+05 -1.995041677687026968e+05 -2.041182946153861703e+05 -4.462912300443174900e+04 1.619652791424310708e+05 1.157223040797427821e+05 -5.696258678203986346e+04 4.177153545034891431e+04
4.418134989098986238e+07 2.816696426839556079e+06 7.090578818191575818e+06 -1.541699410015769536e+06 -5.658309947716724128e+05 -4.403303526170744444e+05 -3.899473451759001473e+05 -7.470740297071351670e+05 2.836828915409757756e+05 2.636195468585520387e+08 1.246596997388322465e+07 -2.402599078577308729e+07 -1.384063130527144670e+07 -2.634507939880966209e+06 -2.979679525323822163e+06 -3.325713305559772067e+06 -3.933204751571413130e+06 6.285135186744903913e+05
-2.015739595231559500e+07 2.459500441354019858e+05 1.132124546749632340e+06 1.565456086525452323e+06 -9.933235022956611356e+05 -1.980659522896331910e+05 -9.662333866213300498e+05 -4.603725935799066065e+02 -5.432811278273854405e+05 1.246596997388322465e+07 7.046679487929734588e+07 1.443904538783124462e+07 2.054125126807756722e+06 9.179183373300308594e+05 -3.867164632760937791e+06 -1.814969767702245852e+06 5.551391361292068614e+05 9.159499326036000857e+05
-9.853680845491275191e+06 -1.422567904721360886e+06 5.001089604591460899e+06 -1.937699509706306344e+04 -1.071385369734431384e+06 -3.119925500340657527e+04 -1.767630358781121613e+05 5.890954049968989566e+05 -1.995041677687026968e+05 -2.402599078577308729e+07 1.443904538783124462e+07 2.810575308756878600e+07 8.880519348981993273e+06 2.062949696666054195e+06 2.700871401822692249e+06 1.692506672147501726e+06 6.199202509519442683e+05 -1.226514022258551093e+06
2.766346326253592037e+06 1.375226259601317579e+06 4.093182567909796722e+06 8.423925116896469845e+05 -7.360477322693415917e+05 -2.534142064191290119e+05 -2.232516373445318604e+05 -1.684771505092373263e+04 -2.041182946153861703e+05 -1.384063130527144670e+07 2.054125126807756722e+06 8.880519348981993273e+06 1.343386851042178832e+07 1.915357513856692705e+06 7.090406899893343216e+05 6.049011167734455084e+05 6.330341020467412891e+05 -1.305245711749009643e+05
-2.705216949109885842e+06 -5.382383255488473224e+05 6.109163368636711966e+05 6.625378020256431773e+05 -5.294727830818819348e+04 1.878806567096315848e+05 1.709032143231619848e+05 1.732927479837881983e+05 -4.462912300443174900e+04 -2.634507939880966209e+06 9.179183373300308594e+05 2.062949696666054195e+06 1.915357513856692705e+06 5.247223615350721404e+06 4.201378208375769318e+05 7.789242635777792893e+05 1.952309533699530584e+04 4.135233081440461101e+05
7.783051143967071548e+05 -5.943718166565005959e+04 3.718722086957948632e+05 5.225222254233310814e+05 1.914055961866105208e+05 7.960643606256577186e+04 1.915072763323937543e+05 1.355784757546342444e+05 1.619652791424310708e+05 -2.979679525323822163e+06 -3.867164632760937791e+06 2.700871401822692249e+06 7.090406899893343216e+05 4.201378208375769318e+05 2.262538679347016849e+06 1.042726911004080437e+06 -2.575865682468708837e+05 -3.858891099418855156e+05
-9.779513735760087147e+05 5.900783897652603919e+05 5.248049148369514151e+05 -1.761058595956078498e+05 1.653943168404585740e+05 1.340439578431299888e+05 1.368377411059430160e+05 4.470652211120458378e+04 1.157223040797427821e+05 -3.325713305559772067e+06 -1.814969767702245852e+06 1.692506672147501726e+06 6.049011167734455084e+05 7.789242635777792893e+05 1.042726911004080437e+06 2.227604450152989943e+06 -3.236039966819095298e+03 1.910724971641922602e+05
-2.584996206173264945e+05 -1.417032892194716260e+05 4.641364116966690635e+05 -6.663991212678761804e+04 -1.458944650577793363e+05 -8.719026029327326978e+04 -1.126238588644119154e+05 5.946030570493624509e+03 -5.696258678203986346e+04 -3.933204751571413130e+06 5.551391361292068614e+05 6.199202509519442683e+05 6.330341020467412891e+05 1.952309533699530584e+04 -2.575865682468708837e+05 -3.236039966819095298e+03 7.167070807395655429e+05 1.834821585101000383e+05
-5.281976354662121739e+05 2.383896095064288966e+04 2.136414383428882284e+05 -8.969603505896078423e+04 2.693745705324854935e+05 4.252179144350755814e+04 1.534710578302629438e+04 1.533643431484219718e+03 4.177153545034891431e+04 6.285135186744903913e+05 9.159499326036000857e+05 -1.226514022258551093e+06 -1.305245711749009643e+05 4.135233081440461101e+05 -3.858891099418855156e+05 1.910724971641922602e+05 1.834821585101000383e+05 6.052327751365071163e+05
