# lambda=0.21344715953404111
3.795706099812903255e+07 1.034386973045795225e+07 -1.609291162636938039e+06 -4.522677058281564969e+05 4.405021453663991415e+05 1.230070798646350158e+06 1.053916577167508891e+06 4.753455756025221199e+05 9.821710976268089144e+04 1.746335416653543245e+06 1.117069544313991629e+07 1.161996783807602711e+07 4.011293891432948411e+06 3.279080131514352281e+06 -8.708844406096308958e+05 5.031826481484530959e+05 4.791874274709127494e+05 -7.135472149371799605e+04
1.034386973045795225e+07 1.533638272538294271e+07 2.475802148696039338e+06 5.121732374635654851e+05 1.038113589239879744e+06 3.031617511666501523e+05 4.808517306138702552e+05 8.486733856846709969e+05 2.831063125943952473e+05 2.511526622155965888e+05 1.284784492309119785e+06 4.928198562734772451e+06 -1.369095311795405287e+05 2.420564042666467838e+06 -1.025786007539132726e+06 5.282048235963599291e+05 5.955909302002597833e+05 3.785621283086971380e+04
-1.609291162636938039e+06 2.475802148696039338e+06 3.858935587739216629e+06 6.214840638675276423e+05 1.890855334630046855e+05 -3.979474066556745092e+05 -5.310477457002970914e+04 1.352120273104745138e+05 -1.175888988842268736e+05 2.517111586874796078e+06 -4.692170701337418868e+05 4.213765446328879334e+06 9.549274791235470911e+05 6.011544140880098566e+05 -5.190344653246143134e+05 -4.211488560360413394e+05 6.394616338402083056e+04 -4.315160769491023966e+05
-4.522677058281564969e+05 5.121732374635654851e+05 6.214840638675276423e+05 1.459620646758565679e+06 1.508343440853375942e+05 1.315297086155194847e+05 5.029586249509373738e+04 -6.897554263112264744e+04 1.304155723439646499e+04 -5.029034755868023261e+06 1.700631598124036682e+05 2.419583736772086006e+06 2.718873899002694990e+06 2.054883068763933843e+05 -1.622260352622891660e+05 -3.116470748815718107e+05 -1.456345522506300185e+05 -7.145904375730326865e+04
4.405021453663991415e+05 1.038113589239879744e+06 1.890855334630046855e+05 1.508343440853375942e+05 8.372686169413198950e+05 8.171659317967381503e+04 3.835577268923044176e+04 9.403471038111190137e+04 1.077004345871747792e+05 2.298279688408595044e+06 2.251071963700296183e+05 -4.198465584451105678e+04 -8.093558188334462466e+04 7.861317498177085072e+05 2.415690541987469769e+05 1.267428969483891851e+05 -3.296365343369119364e+04 -3.692129806743176596e+04
1.230070798646350158e+06 3.031617511666501523e+05 -3.979474066556745092e+05 1.315297086155194847e+05 8.171659317967381503e+04 4.380185778325027786e+05 1.272644255684858217e+05 3.502753457299653383e+04 3.782924316255867598e+04 7.376178706215962302e+05 -8.569125133643687877e+04 4.618017801000369946e+05 5.663950168915184913e+05 3.430531502866200753e+05 1.671222281201852020e+05 2.198071229836804196e+04 -3.617503528930994071e+04 1.060135806908350787e+05
1.053916577167508891e+06 4.808517306138702552e+05 -5.310477457002970914e+04 5.029586249509373738e+04 3.835577268923044176e+04 1.272644255684858217e+05 2.279678140644191008e+05 8.036888612145835941e+04 3.620687828791129959e+03 2.532789359390567406e+05 1.973131617976166308e+05 3.941571913668576162e+05 1.595293523758264200e+05 2.623796507259799400e+05 3.907607305928953429e+04 1.766412510344628245e+05 5.791709447050522431e+04 6.320136569566658727e+04
4.753455756025221199e+05 8.486733856846709969e+05 1.352120273104745138e+05 -6.897554263112264744e+04 9.403471038111190137e+04 3.502753457299653383e+04 8.036888612145835941e+04 1.387595240559771482e+05 2.237736826802463111e+04 3.727627520600488642e+05 -1.217593591751945496e+05 1.630396866450546986e+04 -3.475332018658802845e+05 -4.178845902903922251e+04 3.932184713736323465e+04 -1.039314583032377050e+04 3.482461276000651560e+04 -1.696116733365687105e+04
9.821710976268089144e+04 2.831063125943952473e+05 -1.175888988842268736e+05 1.304155723439646499e+04 1.077004345871747792e+05 3.782924316255867598e+04 3.620687828791129959e+03 2.237736826802463111e+04 9.881028706328700355e+04 6.110146506415922340e+04 6.828158637866977369e+04 -6.143293445741209434e+05 -3.890336497662308975e+05 1.538769994481120084e+05 1.116547839907230664e+05 -8.372547198411255522e+03 5.417244098288470923e+03 2.667644871854117082e+04
1.746335416653543245e+06 2.511526622155965888e+05 2.517111586874796078e+06 -5.029034755868023261e+06 2.298279688408595044e+06 7.376178706215962302e+05 2.532789359390567406e+05 3.727627520600488642e+05 6.110146506415922340e+04 1.470504638342513442e+08 2.302719794590792619e+06 -1.236467356914425502e+06 -3.670603126864417456e+06 1.030139542657615989e+07 3.014193335027140565e+06 6.593469394805631600e+05 -3.182735036012405762e+05 -7.630805369194755331e+05
1.117069544313991629e+07 1.284784492309119785e+06 -4.692170701337418868e+05 1.700631598124036682e+05 2.251071963700296183e+05 -8.569125133643687877e+04 1.973131617976166308e+05 -1.217593591751945496e+05 6.828158637866977369e+04 2.302719794590792619e+06 5.069408742951569706e+07 7.589032184865453281e+06 2.859528129024255089e+06 3.406988136515040416e+06 -4.989057115374388377e+04 2.439093891335859895e+06 8.001196101282456657e+05 2.452135957154703501e+05
1.161996783807602711e+07 4.928198562734772451e+06 4.213765446328879334e+06 2.419583736772086006e+06 -4.198465584451105678e+04 4.618017801000369946e+05 3.941571913668576162e+05 1.630396866450546986e+04 -6.143293445741209434e+05 -1.236467356914425502e+06 7.589032184865453281e+06 3.446193820727942884e+07 1.068173255916981772e+07 1.151310004721967969e+06 -2.419761854135665577e+06 -1.683192384706764715e+06 -6.846616533031449653e+05 -1.942326052782883053e+05
4.011293891432948411e+06 -1.369095311795405287e+05 9.549274791235470911e+05 2.718873899002694990e+06 -8.093558188334462466e+04 5.663950168915184913e+05 1.595293523758264200e+05 -3.475332018658802845e+05 -3.890336497662308975e+05 -3.670603126864417456e+06 2.859528129024255089e+06 1.068173255916981772e+07 1.257173626601804420e+07 2.930353017604914028e+06 -1.109371223656829097e+05 -9.561965488082983065e+05 -9.348606840069870232e+05 4.715922948917988106e+04
3.279080131514352281e+06 2.420564042666467838e+06 6.011544140880098566e+05 2.054883068763933843e+05 7.861317498177085072e+05 3.430531502866200753e+05 2.623796507259799400e+05 -4.178845902903922251e+04 1.538769994481120084e+05 1.030139542657615989e+07 3.406988136515040416e+06 1.151310004721967969e+06 2.930353017604914028e+06 6.242750661489958875e+06 5.802829098410630831e+05 6.003955233724671416e+05 -5.338517232721984328e+04 3.115355920095546753e+05
-8.708844406096308958e+05 -1.025786007539132726e+06 -5.190344653246143134e+05 -1.622260352622891660e+05 2.415690541987469769e+05 1.671222281201852020e+05 3.907607305928953429e+04 3.932184713736323465e+04 1.116547839907230664e+05 3.014193335027140565e+06 -4.989057115374388377e+04 -2.419761854135665577e+06 -1.109371223656829097e+05 5.802829098410630831e+05 1.912036010319198947e+06 5.019275417703448911e+05 2.651047895986674121e+04 1.652655770983774273e+05
5.031826481484530959e+05 5.282048235963599291e+05 -4.211488560360413394e+05 -3.116470748815718107e+05 1.267428969483891851e+05 2.198071229836804196e+04 1.766412510344628245e+05 -1.039314583032377050e+04 -8.372547198411255522e+03 6.593469394805631600e+05 2.439093891335859895e+06 -1.683192384706764715e+06 -9.561965488082983065e+05 6.003955233724671416e+05 5.019275417703448911e+05 1.922628191608350957e+06 3.705808064564513043e+05 -4.868769681089662481e+04
4.791874274709127494e+05 5.955909302002597833e+05 6.394616338402083056e+04 -1.456345522506300185e+05 -3.296365343369119364e+04 -3.617503528930994071e+04 5.791709447050522431e+04 3.482461276000651560e+04 5.417244098288470923e+03 -3.182735036012405762e+05 8.001196101282456657e+05 -6.846616533031449653e+05 -9.348606840069870232e+05 -5.338517232721984328e+04 2.651047895986674121e+04 3.705808064564513043e+05 5.936295049832389923e+05 1.548734210612597235e+05
-7.135472149371799605e+04 3.785621283086971380e+04 -4.315160769491023966e+05 -7.145904375730326865e+04 -3.692129806743176596e+04 1.060135806908350787e+05 6.320136569566658727e+04 -1.696116733365687105e+04 2.667644871854117082e+04 -7.630805369194755331e+05 2.452135957154703501e+05 -1.942326052782883053e+05 4.715922948917988106e+04 3.115355920095546753e+05 1.652655770983774273e+05 -4.868769681089662481e+04 1.548734210612597235e+05 6.763285435283873230e+05
