# lambda=0.11351254255838367
4.814305129209598154e+07 3.664060386719703674e+06 -3.325959475439556874e+06 1.581430410017319256e+06 2.470376119531410513e+05 -1.041867419667083304e+06 -3.280226580984695465e+05 -3.284205700810382841e+05 5.743152445177626796e+05 2.263924377116102725e+07 8.252597376044569537e+06 -1.582242055568613810e+06 5.012272325800617225e+06 -2.631072986135675106e+06 4.026176703941333108e+05 -1.926584649332519039e+05 -3.084093995705288253e+05 -8.097013539842342725e+05
3.664060386719703674e+06 1.829924015679700300e+07 1.119383599822498159e+06 7.246333763486174576e+04 9.858286771983795334e+05 2.514972447637117875e+05 -4.343111456012792769e+04 -1.530520108852822159e+05 -1.983223891308445891e+05 6.739058470702184364e+06 1.114463907803096063e+07 -1.237128647998009808e+06 -1.127016073383432085e+05 1.417170649493339937e+06 -2.525555406141599175e+06 -5.303480202242603991e+05 -2.295961020321634423e+05 -2.623206344622579054e+05
-3.325959475439556874e+06 1.119383599822498159e+06 5.201096998062319122e+06 -9.267066628365729412e+04 -5.427512290252154926e+05 -3.354581184424915136e+03 3.377623057508673519e+05 1.984992690016395063e+05 -3.038696878626796533e+05 3.932999056765118148e+06 3.395968906742286636e+05 4.218047414162523113e+06 1.275772187352067791e+06 1.437235461116419174e+06 -3.472609073020690121e+05 -1.646828649805570894e+05 -8.194638569155058940e+04 4.039413752584202448e+05
1.581430410017319256e+06 7.246333763486174576e+04 -9.267066628365729412e+04 1.678050938516699011e+06 4.930972604601169005e+05 3.320308491025069088e+04 4.042719095311140409e+05 5.387607095849380858e+04 1.450251934062570217e+05 -3.595952490103772376e+06 2.048160747948796197e+05 2.041889816650512628e+06 1.304414637928234646e+06 1.490425229278613406e+05 -4.826303464767248806e+04 5.656553435699315014e+04 -4.007999252764463308e+05 -1.106822046720782091e+05
2.470376119531410513e+05 9.858286771983795334e+05 -5.427512290252154926e+05 4.930972604601169005e+05 1.738396244908210123e+06 3.991593280364396633e+05 1.236226842955872416e+05 2.683896477178552595e+04 1.667839070051128219e+05 -3.040582320933643728e+06 4.756270109162194422e+05 1.455789660544901853e+05 -8.009863250106316991e+05 1.054865177890910069e+06 -1.957680063321582111e+03 -4.099495331381168216e+04 -8.556238324509201630e+04 3.847018824110376045e+03
-1.041867419667083304e+06 2.514972447637117875e+05 -3.354581184424915136e+03 3.320308491025069088e+04 3.991593280364396633e+05 5.339656700150683755e+05 2.213088953294864041e+04 -1.060563672401970543e+05 2.764948107726267335e+04 -9.289369090921782190e+05 -2.251880463315235102e+05 -5.641051042128651170e+05 -1.090024239733727416e+06 4.028398650398696773e+05 7.924255952059300034e+04 1.035108575457006227e+05 5.911523229794080544e+04 2.020293896385785774e+04
-3.280226580984695465e+05 -4.343111456012792769e+04 3.377623057508673519e+05 4.042719095311140409e+05 1.236226842955872416e+05 2.213088953294864041e+04 2.734444353568673832e+05 7.024252225700493727e+04 1.833999899660229130e+04 -9.300806360380765982e+05 -1.576946522967855853e+05 1.063003802740976913e+06 6.810690200831994880e+05 9.378926619213797676e+04 -7.763757362667781126e+04 1.432039676337477867e+05 -8.283311467594589340e+04 -3.821728743237642630e+04
-3.284205700810382841e+05 -1.530520108852822159e+05 1.984992690016395063e+05 5.387607095849380858e+04 2.683896477178552595e+04 -1.060563672401970543e+05 7.024252225700493727e+04 1.546356646484799276e+05 7.723980652024314622e+03 1.570591177559352654e+05 -7.395293653345323401e+05 3.153272576844854048e+05 2.190080679790311551e+05 8.101177919203237980e+04 3.117013718954754950e+04 1.020230216906615824e+05 2.634904839121690020e+04 5.937559546522999881e+04
5.743152445177626796e+05 -1.983223891308445891e+05 -3.038696878626796533e+05 1.450251934062570217e+05 1.667839070051128219e+05 2.764948107726267335e+04 1.833999899660229130e+04 7.723980652024314622e+03 7.579517901182381320e+04 -1.224550307762450539e+06 -1.303815110210428684e+05 -9.396326871177140856e+04 1.302201836790979432e+05 4.474164099224586244e+04 1.129487875772330735e+05 1.066997202001231490e+05 2.913505582722937106e+04 4.684967787325044810e+03
2.263924377116102725e+07 6.739058470702184364e+06 3.932999056765118148e+06 -3.595952490103772376e+06 -3.040582320933643728e+06 -9.289369090921782190e+05 -9.300806360380765982e+05 1.570591177559352654e+05 -1.224550307762450539e+06 1.945120858933323026e+08 1.328704012494726665e+07 -4.372456089888215996e+06 -3.967520221492727287e+06 5.760537615022832528e+06 2.644735343867012300e+06 -2.498725241232393775e+06 -2.749505946213421412e+06 -2.330403144473408815e+06
8.252597376044569537e+06 1.114463907803096063e+07 3.395968906742286636e+05 2.048160747948796197e+05 4.756270109162194422e+05 -2.251880463315235102e+05 -1.576946522967855853e+05 -7.395293653345323401e+05 -1.303815110210428684e+05 1.328704012494726665e+07 4.965675932840817422e+07 -2.772908201262341812e+06 -1.729258415310896700e+06 1.307325591765019344e+06 -1.497038991304094670e+06 -1.304366054688161938e+06 -9.150330530673403991e+05 -1.777898294677162543e+06
-1.582242055568613810e+06 -1.237128647998009808e+06 4.218047414162523113e+06 2.041889816650512628e+06 1.455789660544901853e+05 -5.641051042128651170e+05 1.063003802740976913e+06 3.153272576844854048e+05 -9.396326871177140856e+04 -4.372456089888215996e+06 -2.772908201262341812e+06 2.537488549952581525e+07 8.172423330465101637e+06 -1.061926484828834888e+06 8.403853454918175703e+04 -1.719870876064202457e+05 4.532066443184504751e+05 6.375100097706975648e+05
5.012272325800617225e+06 -1.127016073383432085e+05 1.275772187352067791e+06 1.304414637928234646e+06 -8.009863250106316991e+05 -1.090024239733727416e+06 6.810690200831994880e+05 2.190080679790311551e+05 1.302201836790979432e+05 -3.967520221492727287e+06 -1.729258415310896700e+06 8.172423330465101637e+06 9.489202736247535795e+06 -5.721732708490026416e+05 3.371270107891982188e+05 3.127355699970049900e+05 -9.791115747377234220e+04 4.255061254221632844e+05
-2.631072986135675106e+06 1.417170649493339937e+06 1.437235461116419174e+06 1.490425229278613406e+05 1.054865177890910069e+06 4.028398650398696773e+05 9.378926619213797676e+04 8.101177919203237980e+04 4.474164099224586244e+04 5.760537615022832528e+06 1.307325591765019344e+06 -1.061926484828834888e+06 -5.721732708490026416e+05 4.402917691735232249e+06 4.977516443077374715e+05 1.158394332935955754e+05 3.570986826999494224e+04 2.626173886802112611e+04
4.026176703941333108e+05 -2.525555406141599175e+06 -3.472609073020690121e+05 -4.826303464767248806e+04 -1.957680063321582111e+03 7.924255952059300034e+04 -7.763757362667781126e+04 3.117013718954754950e+04 1.129487875772330735e+05 2.644735343867012300e+06 -1.497038991304094670e+06 8.403853454918175703e+04 3.371270107891982188e+05 4.977516443077374715e+05 2.184088342603839934e+06 1.033633423994109617e+06 1.111772642771253886e+05 1.938174954031776579e+05
-1.926584649332519039e+05 -5.303480202242603991e+05 -1.646828649805570894e+05 5.656553435699315014e+04 -4.099495331381168216e+04 1.035108575457006227e+05 1.432039676337477867e+05 1.020230216906615824e+05 1.066997202001231490e+05 -2.498725241232393775e+06 -1.304366054688161938e+06 -1.719870876064202457e+05 3.127355699970049900e+05 1.158394332935955754e+05 1.033633423994109617e+06 1.717382796324086376e+06 4.452259240116064320e+05 9.898555890659843863e+04
-3.084093995705288253e+05 -2.295961020321634423e+05 -8.194638569155058940e+04 -4.007999252764463308e+05 -8.556238324509201630e+04 5.911523229794080544e+04 -8.283311467594589340e+04 2.634904839121690020e+04 2.913505582722937106e+04 -2.749505946213421412e+06 -9.150330530673403991e+05 4.532066443184504751e+05 -9.791115747377234220e+04 3.570986826999494224e+04 1.111772642771253886e+05 4.452259240116064320e+05 9.233553342850552872e+05 2.671675966059913044e+05
-8.097013539842342725e+05 -2.623206344622579054e+05 4.039413752584202448e+05 -1.106822046720782091e+05 3.847018824110376045e+03 2.020293896385785774e+04 -3.821728743237642630e+04 5.937559546522999881e+04 4.684967787325044810e+03 -2.330403144473408815e+06 -1.777898294677162543e+06 6.375100097706975648e+05 4.255061254221632844e+05 2.626173886802112611e+04 1.938174954031776579e+05 9.898555890659843863e+04 2.671675966059913044e+05 5.372505069080068497e+05
