# lambda=0.12417040974372918
3.800434619153702259e+07 6.177884371761591174e+06 1.090353430513670202e+06 5.494578855403666385e+05 -1.788614788908214250e+05 -3.233057427837187424e+05 1.196902606278247433e+06 1.073373763147496153e+06 1.362269255631286069e+05 1.833315890894481167e+07 3.897987086689462420e+06 3.836368470983203501e+06 -2.629848874283489306e+06 -4.644894336824669503e+06 -7.513652312316312455e+05 1.397159857662846334e+06 4.801014520619268878e+05 1.052579028630898101e+06
6.177884371761591174e+06 1.786328968116097897e+07 1.705767097172606504e+06 1.120640061376851983e+06 1.071493870148244314e+06 -3.390656431075588916e+05 1.718960252484247030e+05 1.289422077098960581e+05 -7.923558227570618328e+04 -3.680305578859730624e+06 1.490432468344456516e+07 2.578526790064768866e+06 3.750676089505847543e+06 -3.980388768093998078e+06 -2.846162780257313512e+06 -1.048160733111728448e+06 -9.896171541074283887e+05 7.958060528635878291e+04
1.090353430513670202e+06 1.705767097172606504e+06 3.605314987110759132e+06 1.657818561882757058e+05 1.444273891177960613e+05 -1.185771841821357521e+05 1.673771573679301655e+05 -5.447435634114239656e+04 -1.153830039730475255e+04 5.836642788739268668e+06 -1.296721416331080720e+06 5.957362847572305473e+05 1.294724418299044948e+06 -1.143228146972863469e+06 -9.716494528524621855e+05 -4.092173127643895568e+05 9.589363630502454180e+04 3.258053876900926116e+05
5.494578855403666385e+05 1.120640061376851983e+06 1.657818561882757058e+05 1.452609776542040054e+06 1.498887716166225146e+05 1.415166872258031799e+05 -2.345351463195621909e+05 -6.733746138122635602e+04 -8.044708801455679350e+04 -4.639532467625032179e+06 4.503972098832657794e+05 -9.825635653694949578e+05 -3.424751001530107460e+05 -9.474177670004498214e+05 -2.561227664116884989e+04 -2.869865898284080322e+05 -7.917894391095385072e+04 -4.413766444923743256e+04
-1.788614788908214250e+05 1.071493870148244314e+06 1.444273891177960613e+05 1.498887716166225146e+05 9.931937682423299411e+05 1.294871784939914796e+05 2.125807656701449887e+05 6.097271140513443243e+04 1.001175977607702516e+05 9.243354439738990040e+05 2.685446028992612381e+06 -1.704433530104033125e+05 -4.173535850487931166e+05 -1.802877333246066410e+05 4.064559935977865243e+05 1.940093537735526334e+05 -8.763039354102608922e+04 -9.789655898455674469e+04
-3.233057427837187424e+05 -3.390656431075588916e+05 -1.185771841821357521e+05 1.415166872258031799e+05 1.294871784939914796e+05 5.867794503941374132e+05 9.291129259861882019e+03 3.776711659507217701e+04 3.876418503674463409e+03 -2.058373985233646818e+06 4.912583323892349144e+05 6.357815443536314415e+05 -2.765832207902385271e+05 -4.445016628843671924e+02 5.376955519564093556e+05 1.883511488434328348e+05 1.216158781763521347e+03 -2.528381265431623906e+05
1.196902606278247433e+06 1.718960252484247030e+05 1.673771573679301655e+05 -2.345351463195621909e+05 2.125807656701449887e+05 9.291129259861882019e+03 4.467691590345632285e+05 9.820844618332084792e+04 7.386953311050878256e+04 3.145554410027710401e+04 -2.124932852995567955e+05 6.192827364518598188e+05 2.445789576726710366e+05 7.061963177772716153e+04 1.484915113896686817e+05 3.157252989481239347e+05 8.756572286308441107e+03 -8.887413814104726043e+03
1.073373763147496153e+06 1.289422077098960581e+05 -5.447435634114239656e+04 -6.733746138122635602e+04 6.097271140513443243e+04 3.776711659507217701e+04 9.820844618332084792e+04 1.757416305747383740e+05 2.410827241721012251e+04 1.085928217243913328e+06 4.992482015616482822e+05 1.568234730436552200e+05 -2.256655291209512216e+05 3.801918993248051265e+04 1.385137156136213453e+05 3.185999607832536567e+05 5.526364260550872859e+04 7.503776657262038498e+04
1.362269255631286069e+05 -7.923558227570618328e+04 -1.153830039730475255e+04 -8.044708801455679350e+04 1.001175977607702516e+05 3.876418503674463409e+03 7.386953311050878256e+04 2.410827241721012251e+04 7.667543854667551932e+04 1.372516834128761664e+06 3.809764337206316995e+05 -8.235102978108187381e+04 -1.093769092411865277e+05 -3.666523276597960648e+04 1.127454898406113534e+04 1.175396789022906596e+05 5.058406526912272966e+04 3.747659279699395120e+04
1.833315890894481167e+07 -3.680305578859730624e+06 5.836642788739268668e+06 -4.639532467625032179e+06 9.243354439738990040e+05 -2.058373985233646818e+06 3.145554410027710401e+04 1.085928217243913328e+06 1.372516834128761664e+06 2.005904308658456504e+08 4.508534885049621761e+07 7.127277458024985157e+06 3.886076487687920220e+06 -5.221842130601235665e+06 -4.621963247818833217e+06 2.861971658752554504e+04 1.488719213592747226e+06 3.295939304911238141e+06
3.897987086689462420e+06 1.490432468344456516e+07 -1.296721416331080720e+06 4.503972098832657794e+05 2.685446028992612381e+06 4.912583323892349144e+05 -2.124932852995567955e+05 4.992482015616482822e+05 3.809764337206316995e+05 4.508534885049621761e+07 1.027886804927483350e+08 1.114554863476164453e+07 2.911502082765805069e+06 -7.861551981682416052e+06 -2.002122913493522501e+05 9.099598060382956464e+04 -6.501848438488448737e+05 1.613560388248811709e+06
3.836368470983203501e+06 2.578526790064768866e+06 5.957362847572305473e+05 -9.825635653694949578e+05 -1.704433530104033125e+05 6.357815443536314415e+05 6.192827364518598188e+05 1.568234730436552200e+05 -8.235102978108187381e+04 7.127277458024985157e+06 1.114554863476164453e+07 2.474978492288077623e+07 3.187683028574435040e+06 2.469494113884079736e+06 -1.016543097371908952e+06 -1.734487124881738418e+04 1.163202820287809707e+06 2.201222991430082184e+05
-2.629848874283489306e+06 3.750676089505847543e+06 1.294724418299044948e+06 -3.424751001530107460e+05 -4.173535850487931166e+05 -2.765832207902385271e+05 2.445789576726710366e+05 -2.256655291209512216e+05 -1.093769092411865277e+05 3.886076487687920220e+06 2.911502082765805069e+06 3.187683028574435040e+06 1.297564235610891134e+07 1.827068031381575856e+06 2.341489739395563665e+05 2.202796255335197784e+05 5.973929111885514576e+05 7.073531447567207506e+05
-4.644894336824669503e+06 -3.980388768093998078e+06 -1.143228146972863469e+06 -9.474177670004498214e+05 -1.802877333246066410e+05 -4.445016628843671924e+02 7.061963177772716153e+04 3.801918993248051265e+04 -3.666523276597960648e+04 -5.221842130601235665e+06 -7.861551981682416052e+06 2.469494113884079736e+06 1.827068031381575856e+06 6.675792572177906521e+06 1.401636617220676038e+06 1.499745645073551219e+06 4.555260219254865660e+05 1.346072560549845512e+05
-7.513652312316312455e+05 -2.846162780257313512e+06 -9.716494528524621855e+05 -2.561227664116884989e+04 4.064559935977865243e+05 5.376955519564093556e+05 1.484915113896686817e+05 1.385137156136213453e+05 1.127454898406113534e+04 -4.621963247818833217e+06 -2.002122913493522501e+05 -1.016543097371908952e+06 2.341489739395563665e+05 1.401636617220676038e+06 2.822171147505583242e+06 1.289580468064175453e+06 3.359391872338801622e+05 -2.676079594680060109e+04
1.397159857662846334e+06 -1.048160733111728448e+06 -4.092173127643895568e+05 -2.869865898284080322e+05 1.940093537735526334e+05 1.883511488434328348e+05 3.157252989481239347e+05 3.185999607832536567e+05 1.175396789022906596e+05 2.861971658752554504e+04 9.099598060382956464e+04 -1.734487124881738418e+04 2.202796255335197784e+05 1.499745645073551219e+06 1.289580468064175453e+06 1.877579380571357673e+06 3.327998448238143465e+05 2.009717861689422280e+05
4.801014520619268878e+05 -9.896171541074283887e+05 9.589363630502454180e+04 -7.917894391095385072e+04 -8.763039354102608922e+04 1.216158781763521347e+03 8.756572286308441107e+03 5.526364260550872859e+04 5.058406526912272966e+04 1.488719213592747226e+06 -6.501848438488448737e+05 1.163202820287809707e+06 5.973929111885514576e+05 4.555260219254865660e+05 3.359391872338801622e+05 3.327998448238143465e+05 5.865657973446777323e+05 2.515513978245391336e+05
1.052579028630898101e+06 7.958060528635878291e+04 3.258053876900926116e+05 -4.413766444923743256e+04 -9.789655898455674469e+04 -2.528381265431623906e+05 -8.887413814104726043e+03 7.503776657262038498e+04 3.747659279699395120e+04 3.295939304911238141e+06 1.613560388248811709e+06 2.201222991430082184e+05 7.073531447567207506e+05 1.346072560549845512e+05 -2.676079594680060109e+04 2.009717861689422280e+05 2.515513978245391336e+05 7.306773684741992038e+05
