# lambda=0.10103682941890596
7.893667321675170958e+07 3.739227860291225370e+06 -3.593061346049732529e+06 1.301099027638786472e+06 -2.659107281080635221e+04 1.615296563284289732e+05 -9.424838557797188696e+04 -1.074048387598490342e+06 -1.047813689023371408e+05 1.441114383747756109e+07 6.794791454388024285e+06 1.312215920146010257e+07 -2.960282853375993669e+06 -5.887850604020694736e+05 1.138224812131175073e+06 1.742905993557542562e+06 -9.657734623410151107e+05 -3.783644815462723491e+05
3.739227860291225370e+06 1.205488664269919880e+07 4.644109783192591858e+05 1.040798177729421644e+06 3.401316880066458834e+05 -2.640134191441994044e+05 -3.619980451759065618e+05 4.267988019985209394e+04 8.451184991826655460e+04 2.059429422287856787e+07 5.809273970740910619e+06 1.108089596715201857e+06 3.697984296026884113e+04 -6.719753851293722400e+05 -1.219028803979240824e+06 1.443547349168735964e+05 5.566432797321859980e+05 3.296785893595748348e+05
-3.593061346049732529e+06 4.644109783192591858e+05 3.490917789100669324e+06 4.841119271611683653e+05 -8.642207762796686438e+04 3.033335163820289890e+05 2.274053440522810852e+05 2.685440280478552449e+05 1.044080066678337171e+05 3.727172880157575477e+06 -1.078015547837575432e+05 1.689653980902439682e+06 1.139238429361461196e+06 -4.435878462000330910e+05 -4.405506948106914642e+05 2.178014661289013748e+04 4.754984388348677312e+05 1.524604632651658903e+05
1.301099027638786472e+06 1.040798177729421644e+06 4.841119271611683653e+05 1.464078074105509091e+06 3.741102737169031752e+04 2.994414114682187210e+04 -1.629542937785369941e+04 1.446382031810644257e+05 1.798391756102199433e+05 6.135487518541712780e+05 -2.193315768934068037e+05 7.937054632173866266e+05 7.224976535770285409e+05 -6.717654525623930385e+05 -8.566833878832749324e+05 1.692230026254057884e+05 -5.051877859384881594e+04 2.265731952936982561e+05
-2.659107281080635221e+04 3.401316880066458834e+05 -8.642207762796686438e+04 3.741102737169031752e+04 8.179094632295609917e+05 3.810285878190230578e+05 8.015101994529247168e+04 -7.110655407966561324e+04 1.449828472348007381e+04 4.949431746713006869e+06 -2.188294943228167947e+06 -9.981374540891342331e+05 4.382661075909382780e+05 5.028750652223511715e+05 4.852908343388680805e+04 -5.173332112254110143e+03 -1.063152925847142615e+05 -1.335601202929512947e+05
1.615296563284289732e+05 -2.640134191441994044e+05 3.033335163820289890e+05 2.994414114682187210e+04 3.810285878190230578e+05 5.854237167827161029e+05 9.235479632638595649e+04 3.553340406030588929e+04 3.629169131962830306e+03 1.251245812579502817e+05 -4.507714185550977709e+05 -5.212925221169220749e+05 9.967759957394497469e+05 2.501856226938821201e+05 -1.723541987800561183e+05 -4.965672724109514820e+04 -8.921321246066367894e+04 6.062721851083040383e+04
-9.424838557797188696e+04 -3.619980451759065618e+05 2.274053440522810852e+05 -1.629542937785369941e+04 8.015101994529247168e+04 9.235479632638595649e+04 3.024957318497073720e+05 5.158902863059537776e+04 4.042842874016351561e+04 -4.893762199304449605e+05 -4.330902746889375849e+05 -2.835775557871286874e+05 -1.580868715045601857e+04 9.708894310514097742e+04 3.150574028975339606e+05 -5.832057384758108674e+04 -1.932507017916586483e+05 -4.419166339994603914e+04
-1.074048387598490342e+06 4.267988019985209394e+04 2.685440280478552449e+05 1.446382031810644257e+05 -7.110655407966561324e+04 3.553340406030588929e+04 5.158902863059537776e+04 1.553591348064545018e+05 2.994148044739199395e+04 -1.719607126993770944e+06 -3.545884567981279106e+05 1.434025448740388092e+05 1.254514884381787560e+05 -3.579552186299643945e+05 -3.640880675626823358e+04 -4.232861948113621474e+04 3.809303370036422712e+04 1.718987821993285907e+05
-1.047813689023371408e+05 8.451184991826655460e+04 1.044080066678337171e+05 1.798391756102199433e+05 1.449828472348007381e+04 3.629169131962830306e+03 4.042842874016351561e+04 2.994148044739199395e+04 9.905374713856552262e+04 -7.394723714443864301e+05 -2.575117669669349852e+05 -6.628618510441329272e+04 1.981318697058849211e+05 -1.002187277317422559e+05 -1.491238933744240203e+05 3.779119620877219131e+04 -8.302750904101700144e+03 9.110150520220125327e+04
1.441114383747756109e+07 2.059429422287856787e+07 3.727172880157575477e+06 6.135487518541712780e+05 4.949431746713006869e+06 1.251245812579502817e+05 -4.893762199304449605e+05 -1.719607126993770944e+06 -7.394723714443864301e+05 2.205333662232770324e+08 8.291973258430555463e+06 -5.849301402138777077e+06 -2.403718521246278193e+06 6.520607767569455318e+06 3.518037668035168666e+06 1.562024361010634340e+06 -1.689657469230537768e+06 -4.184305325818104669e+06
6.794791454388024285e+06 5.809273970740910619e+06 -1.078015547837575432e+05 -2.193315768934068037e+05 -2.188294943228167947e+06 -4.507714185550977709e+05 -4.330902746889375849e+05 -3.545884567981279106e+05 -2.575117669669349852e+05 8.291973258430555463e+06 6.653697831631565094e+07 3.749636100013837684e+06 4.552762660180967301e+06 4.400480171212214045e+06 2.309224119124122430e+06 3.508724074579194654e+06 2.821998477898031473e+06 5.096074674959621625e+05
1.312215920146010257e+07 1.108089596715201857e+06 1.689653980902439682e+06 7.937054632173866266e+05 -9.981374540891342331e+05 -5.212925221169220749e+05 -2.835775557871286874e+05 1.434025448740388092e+05 -6.628618510441329272e+04 -5.849301402138777077e+06 3.749636100013837684e+06 2.270470825552812964e+07 -1.633492658125105547e+06 3.945534326121529448e+05 -1.055382495413139230e+06 5.320082768463121029e+05 1.178166229642707156e+06 -2.642010910498079611e+05
-2.960282853375993669e+06 3.697984296026884113e+04 1.139238429361461196e+06 7.224976535770285409e+05 4.382661075909382780e+05 9.967759957394497469e+05 -1.580868715045601857e+04 1.254514884381787560e+05 1.981318697058849211e+05 -2.403718521246278193e+06 4.552762660180967301e+06 -1.633492658125105547e+06 8.752246708289094269e+06 -2.573032927620135306e+05 -1.196617601931719219e+04 7.278726627046008362e+05 5.351565639111056225e+04 5.349448589119925164e+05
-5.887850604020694736e+05 -6.719753851293722400e+05 -4.435878462000330910e+05 -6.717654525623930385e+05 5.028750652223511715e+05 2.501856226938821201e+05 9.708894310514097742e+04 -3.579552186299643945e+05 -1.002187277317422559e+05 6.520607767569455318e+06 4.400480171212214045e+06 3.945534326121529448e+05 -2.573032927620135306e+05 3.494736949927721173e+06 3.914850429978902685e+05 3.217926849001513910e+05 3.986869261047061300e+05 -8.102780756224358920e+05
1.138224812131175073e+06 -1.219028803979240824e+06 -4.405506948106914642e+05 -8.566833878832749324e+05 4.852908343388680805e+04 -1.723541987800561183e+05 3.150574028975339606e+05 -3.640880675626823358e+04 -1.491238933744240203e+05 3.518037668035168666e+06 2.309224119124122430e+06 -1.055382495413139230e+06 -1.196617601931719219e+04 3.914850429978902685e+05 3.551172708731738385e+06 3.950109369596465258e+05 -3.557425858639556100e+05 -2.156016457274268032e+05
1.742905993557542562e+06 1.443547349168735964e+05 2.178014661289013748e+04 1.692230026254057884e+05 -5.173332112254110143e+03 -4.965672724109514820e+04 -5.832057384758108674e+04 -4.232861948113621474e+04 3.779119620877219131e+04 1.562024361010634340e+06 3.508724074579194654e+06 5.320082768463121029e+05 7.278726627046008362e+05 3.217926849001513910e+05 3.950109369596465258e+05 1.423313817646748153e+06 3.288900390861206106e+05 1.466730287391216843e+05
-9.657734623410151107e+05 5.566432797321859980e+05 4.754984388348677312e+05 -5.051877859384881594e+04 -1.063152925847142615e+05 -8.921321246066367894e+04 -1.932507017916586483e+05 3.809303370036422712e+04 -8.302750904101700144e+03 -1.689657469230537768e+06 2.821998477898031473e+06 1.178166229642707156e+06 5.351565639111056225e+04 3.986869261047061300e+05 -3.557425858639556100e+05 3.288900390861206106e+05 1.086209997829618864e+06 6.159979259634387563e+04
-3.783644815462723491e+05 3.296785893595748348e+05 1.524604632651658903e+05 2.265731952936982561e+05 -1.335601202929512947e+05 6.062721851083040383e+04 -4.419166339994603914e+04 1.718987821993285907e+05 9.110150520220125327e+04 -4.184305325818104669e+06 5.096074674959621625e+05 -2.642010910498079611e+05 5.349448589119925164e+05 -8.102780756224358920e+05 -2.156016457274268032e+05 1.466730287391216843e+05 6.159979259634387563e+04 6.912974864700798644e+05
