# lambda=0.24288535428463265
3.119540514169690758e+07 3.647833507503579836e+06 -1.202348420062610821e+05 9.307670726258432260e+05 7.018742531901404436e+04 -6.604343595233530323e+03 -2.025213771236218454e+05 9.159758631685158471e+05 2.441675862286933407e+05 1.595666505344321951e+07 4.712168603725954890e+06 2.886011704004790634e+06 4.473206279041288071e+05 -1.217172383183144499e+06 1.338022289241763763e+06 -7.043343851670407457e+05 1.497477327495742356e+06 7.907505384713987587e+05
3.647833507503579836e+06 1.169481519686553814e+07 3.851447649509584066e+06 -5.115801614279059577e+05 2.787504571040216251e+05 -3.838019586919637513e+05 -2.681426169491345645e+05 -3.575170185281264276e+04 9.063538762943451002e+04 8.335892568594955839e+06 7.500631259899159893e+06 3.153592764889966697e+06 3.755916820806788746e+04 -6.055218868163406150e+05 3.160911408030617749e+05 -5.796775669853355503e+05 -3.891885771596832783e+05 9.075086146794726665e+04
-1.202348420062610821e+05 3.851447649509584066e+06 4.863841810537579469e+06 2.410324417481879573e+04 3.481987267043375759e+05 4.979120887440981460e+05 -7.268575360578405707e+03 1.504829913185947516e+05 8.412607449109235313e+04 1.118156047849969007e+07 5.386326346338465810e+06 2.314896872745099012e+06 2.831691541298382799e+05 9.855698646316339727e+05 7.142625046091014519e+05 -7.963263182170783402e+05 -2.347793312557667377e+05 7.057730333340480865e+04
9.307670726258432260e+05 -5.115801614279059577e+05 2.410324417481879573e+04 1.587520109078359790e+06 3.128577682222325820e+05 -1.261882108094846481e+05 4.544860065138305072e+04 5.111203619597740180e+04 6.956597939776146086e+04 -6.522045926773067331e+05 1.009790692789781489e+06 -7.620837574633983895e+05 -4.569977802879731171e+05 5.923385478906146018e+05 2.773388768003563164e+05 3.819814999832747271e+05 1.608684233812480816e+05 3.846759261382337718e+04
7.018742531901404436e+04 2.787504571040216251e+05 3.481987267043375759e+05 3.128577682222325820e+05 8.557317721151905134e+05 -6.953162804110447178e+04 5.188126052212029026e+04 -9.696804229409708569e+03 1.253432566019559454e+05 6.878155225930354558e+06 -7.153424361778950552e+05 -1.068020978486011038e+06 -2.617438101766732871e+05 3.614636728264872218e+05 2.389139795865196502e+05 -2.826602152481508092e+05 -9.795321543692544219e+04 -4.078728596440785623e+04
-6.604343595233530323e+03 -3.838019586919637513e+05 4.979120887440981460e+05 -1.261882108094846481e+05 -6.953162804110447178e+04 5.829063517258942593e+05 5.489698527229494357e+04 -1.595769263845801652e+04 -6.001002348531773896e+04 1.308133283093198435e+06 -9.842748176810310688e+05 -4.397172086303582182e+04 -2.706909128314907430e+05 4.271958939284649095e+05 4.096491793559704092e+05 4.365713710593264841e+04 1.224362922884781728e+05 1.117344336786279164e+05
-2.025213771236218454e+05 -2.681426169491345645e+05 -7.268575360578405707e+03 4.544860065138305072e+04 5.188126052212029026e+04 5.489698527229494357e+04 1.867815141793352086e+05 3.056912643545724859e+04 1.439462636448700323e+04 -2.311151616291757964e+05 1.318309136925742496e+05 -4.487027581274511758e+05 -2.723067741262855707e+05 1.430226589999422140e+05 9.427444257008141722e+04 2.186403852231951896e+05 1.013237560768890980e+05 -2.067806398311568410e+04
9.159758631685158471e+05 -3.575170185281264276e+04 1.504829913185947516e+05 5.111203619597740180e+04 -9.696804229409708569e+03 -1.595769263845801652e+04 3.056912643545724859e+04 1.436206317289718136e+05 2.194050254303531801e+03 -9.192329567768379347e+05 -4.379688791273458046e+05 3.542907656224890961e+05 1.352774882636552793e+05 1.419400857593378751e+05 1.494400611125095566e+03 2.007679626348906459e+04 7.670462052984743787e+04 -3.497670496090269444e+04
2.441675862286933407e+05 9.063538762943451002e+04 8.412607449109235313e+04 6.956597939776146086e+04 1.253432566019559454e+05 -6.001002348531773896e+04 1.439462636448700323e+04 2.194050254303531801e+03 7.920547952884831466e+04 2.341155722663699184e+06 2.404095437659886957e+05 -1.278383603651396843e+05 -3.211335324089007554e+04 1.257684583588384157e+04 1.980184689265764609e+04 -8.164617549669095024e+04 -5.844015879515158304e+04 3.859784887571546278e+04
1.595666505344321951e+07 8.335892568594955839e+06 1.118156047849969007e+07 -6.522045926773067331e+05 6.878155225930354558e+06 1.308133283093198435e+06 -2.311151616291757964e+05 -9.192329567768379347e+05 2.341155722663699184e+06 2.833312640437780023e+08 5.179314077704717405e+06 3.036203407491404563e+06 4.917725233968446963e+06 -4.172109458567697555e+06 4.351747281337955967e+06 -6.966928600970134139e+06 -2.938236334840559866e+06 3.303454612977413926e+06
4.712168603725954890e+06 7.500631259899159893e+06 5.386326346338465810e+06 1.009790692789781489e+06 -7.153424361778950552e+05 -9.842748176810310688e+05 1.318309136925742496e+05 -4.379688791273458046e+05 2.404095437659886957e+05 5.179314077704717405e+06 5.084730219418430328e+07 9.139232587847277522e+06 8.924643623151256470e+05 -1.722275579490681877e+06 -1.076988125904422952e+06 -9.705179184143273160e+05 2.780871219767527073e+05 1.327199681869991589e+06
2.886011704004790634e+06 3.153592764889966697e+06 2.314896872745099012e+06 -7.620837574633983895e+05 -1.068020978486011038e+06 -4.397172086303582182e+04 -4.487027581274511758e+05 3.542907656224890961e+05 -1.278383603651396843e+05 3.036203407491404563e+06 9.139232587847277522e+06 2.100666770529661700e+07 3.178156027640346903e+06 -9.366117501638564281e+05 -1.851366220505635254e+06 2.035024473666772537e+05 8.086414528098402079e+05 8.415090192203010665e+05
4.473206279041288071e+05 3.755916820806788746e+04 2.831691541298382799e+05 -4.569977802879731171e+05 -2.617438101766732871e+05 -2.706909128314907430e+05 -2.723067741262855707e+05 1.352774882636552793e+05 -3.211335324089007554e+04 4.917725233968446963e+06 8.924643623151256470e+05 3.178156027640346903e+06 5.837456598953593522e+06 5.637893169205556624e+05 2.196508312469335506e+05 -3.686676188316448824e+05 -5.854687187377044029e+04 3.543367924563832348e+05
-1.217172383183144499e+06 -6.055218868163406150e+05 9.855698646316339727e+05 5.923385478906146018e+05 3.614636728264872218e+05 4.271958939284649095e+05 1.430226589999422140e+05 1.419400857593378751e+05 1.257684583588384157e+04 -4.172109458567697555e+06 -1.722275579490681877e+06 -9.366117501638564281e+05 5.637893169205556624e+05 3.075722482635089662e+06 9.177854590371125378e+05 8.395369052805694810e+04 1.924128924003463762e+05 -1.621809536096275551e+05
1.338022289241763763e+06 3.160911408030617749e+05 7.142625046091014519e+05 2.773388768003563164e+05 2.389139795865196502e+05 4.096491793559704092e+05 9.427444257008141722e+04 1.494400611125095566e+03 1.980184689265764609e+04 4.351747281337955967e+06 -1.076988125904422952e+06 -1.851366220505635254e+06 2.196508312469335506e+05 9.177854590371125378e+05 1.810981688693252625e+06 3.262250979508330347e+05 2.016312330028935976e+05 1.330197283955068851e+05
-7.043343851670407457e+05 -5.796775669853355503e+05 -7.963263182170783402e+05 3.819814999832747271e+05 -2.826602152481508092e+05 4.365713710593264841e+04 2.186403852231951896e+05 2.007679626348906459e+04 -8.164617549669095024e+04 -6.966928600970134139e+06 -9.705179184143273160e+05 2.035024473666772537e+05 -3.686676188316448824e+05 8.395369052805694810e+04 3.262250979508330347e+05 1.500165474204146303e+06 4.137973626088383608e+05 1.915740819438096951e+05
1.497477327495742356e+06 -3.891885771596832783e+05 -2.347793312557667377e+05 1.608684233812480816e+05 -9.795321543692544219e+04 1.224362922884781728e+05 1.013237560768890980e+05 7.670462052984743787e+04 -5.844015879515158304e+04 -2.938236334840559866e+06 2.780871219767527073e+05 8.086414528098402079e+05 -5.854687187377044029e+04 1.924128924003463762e+05 2.016312330028935976e+05 4.137973626088383608e+05 7.793627709978483617e+05 1.879234844900688040e+05
7.907505384713987587e+05 9.075086146794726665e+04 7.057730333340480865e+04 3.846759261382337718e+04 -4.078728596440785623e+04 1.117344336786279164e+05 -2.067806398311568410e+04 -3.497670496090269444e+04 3.859784887571546278e+04 3.303454612977413926e+06 1.327199681869991589e+06 8.415090192203010665e+05 3.543367924563832348e+05 -1.621809536096275551e+05 1.330197283955068851e+05 1.915740819438096951e+05 1.879234844900688040e+05 5.448710529536191607e+05
