# lambda=0.15083250728243242
6.412687760612671077e+07 1.515680109193217754e+07 2.687673764155255165e+06 3.585037065638744272e+06 4.884851157577939448e+05 1.277244714616894256e+06 4.350174939273452619e+05 2.267804419765149942e+05 5.130588029251794796e+04 6.197531675995266438e+07 8.827528078967787325e+06 -7.194055624899703253e+04 6.523999839711607434e+06 5.899260709216638468e+06 1.126813525598452543e+05 -8.175946571067372570e+05 -1.369164831698104041e+06 -5.085001042641225504e+05
1.515680109193217754e+07 1.202912869656219520e+07 7.386204465259202989e+05 1.031749057199470233e+06 8.207664779097859282e+05 -2.493843729114054586e+05 -2.753426698275672388e+05 1.968584625339590420e+05 1.348930010189683235e+05 2.648739577232997119e+07 8.200254808394982480e+06 2.695440421727063600e+06 1.265906597668502014e+06 2.968478859632195439e+06 -1.291164118468814064e+06 9.963512408624326054e+04 6.887025939731051039e+04 1.103143237829726422e+05
2.687673764155255165e+06 7.386204465259202989e+05 3.925654675837888382e+06 1.001237692161991377e+06 -3.197623586486109998e+05 1.191000492109164625e+05 -1.832557265421019983e+05 -3.330741602806605806e+04 -2.150690653112074942e+05 2.443171606811320409e+06 1.197649133696125355e+06 2.280747319797075819e+06 1.296142965079855872e+06 -3.048074290633852361e+05 -8.014589429971046047e+05 -5.126511827475526952e+05 -4.980033512440751074e+05 -2.137176889246595092e+05
3.585037065638744272e+06 1.031749057199470233e+06 1.001237692161991377e+06 2.219770199055549689e+06 2.762210584176204866e+05 1.791567474857903726e+05 -7.794229174338837038e+04 1.950934284455806483e+05 -7.600014232050614373e+04 9.983917799819933251e+06 -1.947763012692516204e+05 4.929168144119287608e+05 2.792352583899075631e+06 4.197812083533683326e+05 -8.605892348346073413e+05 -2.870044349689682713e+05 -9.509949182818707777e+04 -2.093047754375247678e+04
4.884851157577939448e+05 8.207664779097859282e+05 -3.197623586486109998e+05 2.762210584176204866e+05 7.483245502243494848e+05 -6.144051863647565915e+04 -1.293376154326456308e+05 4.611980442444736400e+04 -9.116491267631464871e+04 4.317097345673514530e+06 -1.149753665297154366e+05 2.751958117849061637e+03 -2.076959980813340226e+05 4.293364154860718409e+05 -1.395836748140622331e+04 5.017197268328722544e+02 1.341910386991633568e+05 -4.719827086512000278e+03
1.277244714616894256e+06 -2.493843729114054586e+05 1.191000492109164625e+05 1.791567474857903726e+05 -6.144051863647565915e+04 3.345897820209813071e+05 6.513627608009273536e+04 -7.063431824197487731e+04 -7.215713318145983794e+04 2.480485220976711717e+06 -8.314979000328287948e+05 7.196153843822865747e+04 1.651149494325837877e+05 -1.140368485363323416e+05 3.132601688104150817e+05 -1.051923037296252587e+05 -1.106719697750361229e+05 -1.107946791888940352e+05
4.350174939273452619e+05 -2.753426698275672388e+05 -1.832557265421019983e+05 -7.794229174338837038e+04 -1.293376154326456308e+05 6.513627608009273536e+04 2.251108460592850170e+05 -3.395904733682329970e+04 6.297450765416081595e+03 1.914735604838846950e+06 -9.147261421355523635e+05 -8.338194522696790518e+05 -4.047840524401440052e+04 5.638106256438987475e+04 9.535880184420634760e+04 3.686364079080150259e+04 -3.257308560851304719e+04 1.126863355391789810e+04
2.267804419765149942e+05 1.968584625339590420e+05 -3.330741602806605806e+04 1.950934284455806483e+05 4.611980442444736400e+04 -7.063431824197487731e+04 -3.395904733682329970e+04 1.327545299877401267e+05 3.205223505293091512e+04 -2.744798370853474989e+04 -2.184220508293345338e+05 1.200382228223751445e+05 5.705842138658943586e+05 2.641461663441408309e+05 -2.325904291015108174e+05 -1.473944942176853656e+05 5.747208016899108043e+04 -5.609586318166767160e+04
5.130588029251794796e+04 1.348930010189683235e+05 -2.150690653112074942e+05 -7.600014232050614373e+04 -9.116491267631464871e+04 -7.215713318145983794e+04 6.297450765416081595e+03 3.205223505293091512e+04 1.388720737843407842e+05 -1.118667869175757049e+06 1.086271015673818300e+06 -7.054817139659087843e+03 1.547354019145581406e+05 -4.386780752396210301e+04 2.168472996003324442e+04 2.916127485070998227e+04 7.439786937171297905e+04 8.631907396040613821e+04
6.197531675995266438e+07 2.648739577232997119e+07 2.443171606811320409e+06 9.983917799819933251e+06 4.317097345673514530e+06 2.480485220976711717e+06 1.914735604838846950e+06 -2.744798370853474989e+04 -1.118667869175757049e+06 2.184785721715505123e+08 -2.888980200117022265e+06 -1.790053685804606602e+07 7.694553070786201395e+06 7.719502672928657383e+06 -2.373671989638095722e+06 7.951674935359923402e+05 2.668677542245987570e+04 -8.915890302280293545e+05
8.827528078967787325e+06 8.200254808394982480e+06 1.197649133696125355e+06 -1.947763012692516204e+05 -1.149753665297154366e+05 -8.314979000328287948e+05 -9.147261421355523635e+05 -2.184220508293345338e+05 1.086271015673818300e+06 -2.888980200117022265e+06 9.616475412660948932e+07 1.721656434957263619e+07 4.649378494684961624e+06 2.258468141568788327e+06 -2.708669083779831417e+06 2.477562411046055786e+04 5.038881418158081360e+05 5.250127770254579082e+04
-7.194055624899703253e+04 2.695440421727063600e+06 2.280747319797075819e+06 4.929168144119287608e+05 2.751958117849061637e+03 7.196153843822865747e+04 -8.338194522696790518e+05 1.200382228223751445e+05 -7.054817139659087843e+03 -1.790053685804606602e+07 1.721656434957263619e+07 1.815848783526702598e+07 1.735966988056845730e+06 5.306403067060996545e+05 -7.461450202982001938e+05 -5.123837475120681920e+05 -1.000734112126254011e+06 3.677766613286110805e+04
6.523999839711607434e+06 1.265906597668502014e+06 1.296142965079855872e+06 2.792352583899075631e+06 -2.076959980813340226e+05 1.651149494325837877e+05 -4.047840524401440052e+04 5.705842138658943586e+05 1.547354019145581406e+05 7.694553070786201395e+06 4.649378494684961624e+06 1.735966988056845730e+06 1.354862986244673841e+07 2.584390834812956862e+06 -1.684644511483317241e+06 -2.268204698310579115e+05 -1.733584253546422406e+05 1.796075914677610563e+05
5.899260709216638468e+06 2.968478859632195439e+06 -3.048074290633852361e+05 4.197812083533683326e+05 4.293364154860718409e+05 -1.140368485363323416e+05 5.638106256438987475e+04 2.641461663441408309e+05 -4.386780752396210301e+04 7.719502672928657383e+06 2.258468141568788327e+06 5.306403067060996545e+05 2.584390834812956862e+06 3.989483899589716457e+06 -1.252423870258405223e+05 -2.539589725399885083e+03 6.364596866648171563e+05 -1.464599798031827668e+05
1.126813525598452543e+05 -1.291164118468814064e+06 -8.014589429971046047e+05 -8.605892348346073413e+05 -1.395836748140622331e+04 3.132601688104150817e+05 9.535880184420634760e+04 -2.325904291015108174e+05 2.168472996003324442e+04 -2.373671989638095722e+06 -2.708669083779831417e+06 -7.461450202982001938e+05 -1.684644511483317241e+06 -1.252423870258405223e+05 2.206204119882892352e+06 3.698202159005514113e+05 3.374941135293873376e+05 2.998362650593727012e+05
-8.175946571067372570e+05 9.963512408624326054e+04 -5.126511827475526952e+05 -2.870044349689682713e+05 5.017197268328722544e+02 -1.051923037296252587e+05 3.686364079080150259e+04 -1.473944942176853656e+05 2.916127485070998227e+04 7.951674935359923402e+05 2.477562411046055786e+04 -5.123837475120681920e+05 -2.268204698310579115e+05 -2.539589725399885083e+03 3.698202159005514113e+05 8.285333508526160149e+05 9.576874091574254271e+04 2.621573296839924296e+05
-1.369164831698104041e+06 6.887025939731051039e+04 -4.980033512440751074e+05 -9.509949182818707777e+04 1.341910386991633568e+05 -1.106719697750361229e+05 -3.257308560851304719e+04 5.747208016899108043e+04 7.439786937171297905e+04 2.668677542245987570e+04 5.038881418158081360e+05 -1.000734112126254011e+06 -1.733584253546422406e+05 6.364596866648171563e+05 3.374941135293873376e+05 9.576874091574254271e+04 9.728798606427499326e+05 1.340134739979451988e+05
-5.085001042641225504e+05 1.103143237829726422e+05 -2.137176889246595092e+05 -2.093047754375247678e+04 -4.719827086512000278e+03 -1.107946791888940352e+05 1.126863355391789810e+04 -5.609586318166767160e+04 8.631907396040613821e+04 -8.915890302280293545e+05 5.250127770254579082e+04 3.677766613286110805e+04 1.796075914677610563e+05 -1.464599798031827668e+05 2.998362650593727012e+05 2.621573296839924296e+05 1.340134739979451988e+05 5.444209246503622271e+05
