# lambda=0.12963848904605138
8.150045497136053443e+07 1.316985857525482401e+07 3.264672499789258465e+06 4.749609845825388096e+06 -9.538780630052846391e+05 1.858190972885328578e+06 1.075197516580547905e+06 8.437073261302968021e+05 1.186858005935032852e+05 1.593990942796532251e+07 6.016257043707310222e+06 -8.776073773490170017e+06 -3.342585798841837328e+06 4.325198366228408180e+06 3.808999455213689362e+05 3.641616021813520230e+06 2.376780959901906317e+05 -2.346899281267617829e+06
1.316985857525482401e+07 1.597972602946092002e+07 1.683912462439063005e+06 3.879280442856276641e+05 -5.238255338292990928e+05 6.379439953462842386e+05 -4.308617485658703372e+05 2.537292545502264984e+05 -3.223395232795008342e+05 -1.438278406800770201e+06 9.169305270605839789e+06 9.345395207540999399e+05 -1.841113685415539076e+05 -8.056929233711822890e+05 5.252864258730332367e+05 -3.400783179237329168e+05 -2.319549819568175008e+04 -2.609525196302963304e+05
3.264672499789258465e+06 1.683912462439063005e+06 3.437548502061929088e+06 1.014776784212652245e+06 -5.380815554777647048e+04 1.179481447021213244e+05 6.501937277633338817e+04 -9.585590070723563258e+04 1.293913085509052908e+05 3.954096889731424861e+06 4.484200125588088296e+06 1.261375752163742203e+06 1.290820588164493674e+06 -1.888536338240066834e+04 1.919545601810933731e+05 2.872203636099215364e+05 -2.921673184578625369e+05 4.713127783165278961e+05
4.749609845825388096e+06 3.879280442856276641e+05 1.014776784212652245e+06 2.270642290184292942e+06 2.612754714804020186e+05 9.710781920648580126e+04 1.256556105116215185e+05 -5.356057252466562932e+04 -1.648534891646188771e+04 -2.806186541636645794e+06 -3.453610200997728389e+05 3.739434345575301559e+05 1.784753028279045364e+06 4.072194835039713653e+05 1.498668195794581843e+05 3.487698678798896144e+05 -2.090573987693361123e+05 1.706422033120366395e+05
-9.538780630052846391e+05 -5.238255338292990928e+05 -5.380815554777647048e+04 2.612754714804020186e+05 7.061776201490375679e+05 1.650382577506227535e+05 -5.629166226536682370e+04 -4.212127147574118680e+03 -2.981593274169444703e+04 6.193112551842419198e+05 -1.973102144988432294e+06 -6.721999211782667553e+05 3.344373573790927185e+05 -4.071484050918940338e+05 1.433068626612400694e+05 1.270274427228766581e+04 -1.259258055461691838e+05 3.658440169128301932e+04
1.858190972885328578e+06 6.379439953462842386e+05 1.179481447021213244e+05 9.710781920648580126e+04 1.650382577506227535e+05 8.162792985253641382e+05 2.657560709827541723e+05 1.111721454236788122e+05 3.353018247342370887e+04 2.936742100338671822e+06 9.277897555482770549e+05 -6.587305830852049403e+05 -2.796502933324751211e+05 -4.474601932193726680e+04 3.076150784714818583e+05 3.247048720247497840e+04 1.060369691392391105e+05 -3.878752397984866548e+04
1.075197516580547905e+06 -4.308617485658703372e+05 6.501937277633338817e+04 1.256556105116215185e+05 -5.629166226536682370e+04 2.657560709827541723e+05 6.630572655522172572e+05 2.146929764579604089e+05 7.520515886960644275e+04 1.813139307830303907e+06 -5.781065032974202186e+05 -9.807102534088361426e+04 1.222779449047661910e+05 1.651292280719992777e+04 1.493580507425441465e+05 2.307754022093827953e+05 1.160763436048789736e+05 8.142185040320333792e+04
8.437073261302968021e+05 2.537292545502264984e+05 -9.585590070723563258e+04 -5.356057252466562932e+04 -4.212127147574118680e+03 1.111721454236788122e+05 2.146929764579604089e+05 2.172881390808094293e+05 3.177887001675059946e+04 6.021749757651641994e+04 -5.493268108372200513e+05 -4.122221902658751933e+05 -1.924891362165023165e+05 -9.190325238638442534e+04 3.998696685515654826e+04 1.859703723300240235e+05 1.167136545978746435e+05 -2.055700945178801339e+04
1.186858005935032852e+05 -3.223395232795008342e+05 1.293913085509052908e+05 -1.648534891646188771e+04 -2.981593274169444703e+04 3.353018247342370887e+04 7.520515886960644275e+04 3.177887001675059946e+04 6.843752024027642619e+04 3.929973747685817943e+04 -1.411302646584777685e+05 -2.473257790407673747e+05 -1.907552758441648330e+05 -5.216119599629697404e+03 -5.480825025169515720e+04 9.363070460655575152e+04 4.419263551811296929e+04 -1.847513114358589291e+03
1.593990942796532251e+07 -1.438278406800770201e+06 3.954096889731424861e+06 -2.806186541636645794e+06 6.193112551842419198e+05 2.936742100338671822e+06 1.813139307830303907e+06 6.021749757651641994e+04 3.929973747685817943e+04 1.272900441754941791e+08 2.515016466610734537e+07 2.096461497326105600e+06 -6.647578288590746932e+06 -6.279095293085390702e+06 -3.354427531702016480e+06 -1.453607155245205387e+06 -1.500662584232823225e+06 1.140655992750943115e+05
6.016257043707310222e+06 9.169305270605839789e+06 4.484200125588088296e+06 -3.453610200997728389e+05 -1.973102144988432294e+06 9.277897555482770549e+05 -5.781065032974202186e+05 -5.493268108372200513e+05 -1.411302646584777685e+05 2.515016466610734537e+07 5.035630997615245730e+07 2.987483334663470276e+06 -3.095216633731456473e+06 2.363222688808253501e+06 -3.091129929428608157e+05 -2.693123610530178063e+06 -2.636508192475330550e+06 -5.226920652019168483e+05
-8.776073773490170017e+06 9.345395207540999399e+05 1.261375752163742203e+06 3.739434345575301559e+05 -6.721999211782667553e+05 -6.587305830852049403e+05 -9.807102534088361426e+04 -4.122221902658751933e+05 -2.473257790407673747e+05 2.096461497326105600e+06 2.987483334663470276e+06 1.966041655519337207e+07 5.403118512592947111e+06 2.785395980976227205e+06 1.042571968449877691e+06 9.162717143858432537e+05 7.391772082158441481e+04 1.190036756029829150e+06
-3.342585798841837328e+06 -1.841113685415539076e+05 1.290820588164493674e+06 1.784753028279045364e+06 3.344373573790927185e+05 -2.796502933324751211e+05 1.222779449047661910e+05 -1.924891362165023165e+05 -1.907552758441648330e+05 -6.647578288590746932e+06 -3.095216633731456473e+06 5.403118512592947111e+06 1.017546613432694227e+07 8.901479557779290481e+05 7.927511616900261724e+05 6.473459702382877003e+05 7.195995834455215663e+04 9.097194548765989020e+05
4.325198366228408180e+06 -8.056929233711822890e+05 -1.888536338240066834e+04 4.072194835039713653e+05 -4.071484050918940338e+05 -4.474601932193726680e+04 1.651292280719992777e+04 -9.190325238638442534e+04 -5.216119599629697404e+03 -6.279095293085390702e+06 2.363222688808253501e+06 2.785395980976227205e+06 8.901479557779290481e+05 5.413460074377379380e+06 1.780380129835106665e+06 8.229653747673492180e+05 -7.207852448317753442e+04 -1.441209333481029607e+05
3.808999455213689362e+05 5.252864258730332367e+05 1.919545601810933731e+05 1.498668195794581843e+05 1.433068626612400694e+05 3.076150784714818583e+05 1.493580507425441465e+05 3.998696685515654826e+04 -5.480825025169515720e+04 -3.354427531702016480e+06 -3.091129929428608157e+05 1.042571968449877691e+06 7.927511616900261724e+05 1.780380129835106665e+06 2.300377079538634047e+06 -7.204678355553642905e+04 1.971757942710747302e+05 5.740944254344008368e+04
3.641616021813520230e+06 -3.400783179237329168e+05 2.872203636099215364e+05 3.487698678798896144e+05 1.270274427228766581e+04 3.247048720247497840e+04 2.307754022093827953e+05 1.859703723300240235e+05 9.363070460655575152e+04 -1.453607155245205387e+06 -2.693123610530178063e+06 9.162717143858432537e+05 6.473459702382877003e+05 8.229653747673492180e+05 -7.204678355553642905e+04 1.367321583098918432e+06 2.650934014417646686e+05 5.030085317175787350e+04
2.376780959901906317e+05 -2.319549819568175008e+04 -2.921673184578625369e+05 -2.090573987693361123e+05 -1.259258055461691838e+05 1.060369691392391105e+05 1.160763436048789736e+05 1.167136545978746435e+05 4.419263551811296929e+04 -1.500662584232823225e+06 -2.636508192475330550e+06 7.391772082158441481e+04 7.195995834455215663e+04 -7.207852448317753442e+04 1.971757942710747302e+05 2.650934014417646686e+05 9.944268014553227695e+05 1.116491731288928713e+05
-2.346899281267617829e+06 -2.609525196302963304e+05 4.713127783165278961e+05 1.706422033120366395e+05 3.658440169128301932e+04 -3.878752397984866548e+04 8.142185040320333792e+04 -2.055700945178801339e+04 -1.847513114358589291e+03 1.140655992750943115e+05 -5.226920652019168483e+05 1.190036756029829150e+06 9.097194548765989020e+05 -1.441209333481029607e+05 5.740944254344008368e+04 5.030085317175787350e+04 1.116491731288928713e+05 4.774931924993182765e+05
