# lambda=0.10724361653452075
6.090839045505468547e+07 1.265171185843603499e+07 -5.003450826013716869e+04 -2.456686193421488861e+04 -1.315336366406886955e+05 -1.134785123975403258e+05 -1.382745894099552650e+06 -7.150596070665756706e+05 2.265728330903763417e+05 1.200022630388542823e+07 9.481930699263013899e+06 2.293175099402846245e+05 -5.301899343512843363e+06 4.142033454625728773e+05 -1.748965101103284862e+06 2.298160140033714997e+05 -1.463886635090692434e+06 -2.868578985458083844e+04
1.265171185843603499e+07 1.091590518349127844e+07 7.650228225916824304e+05 -6.810829678445219761e+05 -4.908303721873927279e+05 2.937530023911934113e+05 1.691607721206462593e+05 1.287835100856845966e+05 2.479931093861164991e+05 9.695864474147090223e+05 1.946878889840294141e+06 1.383995961424881360e+06 8.758434158212621696e+05 -2.052388635214233771e+06 -1.716056171257154201e+05 1.662127947222173214e+06 8.557944863942632219e+05 6.033966134678608505e+05
-5.003450826013716869e+04 7.650228225916824304e+05 3.580482898539885413e+06 1.714673193087560649e+05 4.122494278766568750e+05 2.060172984939302260e+05 1.067025935863658669e+05 5.532736099844419368e+04 -1.076943174139857438e+05 -3.088750748126407154e+06 -1.143340154559186194e+05 9.257652116051882040e+05 5.236152646221693722e+05 9.604912066727695055e+05 6.685475218167427229e+05 1.387043447560869099e+05 5.079097536502565490e+05 5.604853800724924076e+05
-2.456686193421488861e+04 -6.810829678445219761e+05 1.714673193087560649e+05 2.270085620899075642e+06 7.446893076489901869e+05 -1.127435497745068569e+05 -1.185543578341380489e+05 1.135887743434852455e+05 1.653983204195208382e+05 2.114649753566811327e+06 1.096177668836289085e+06 -2.277448417100306135e+06 -3.295078783017696696e+05 9.780404580558008747e+05 1.396476802540949138e+05 2.059504837324312539e+05 2.424476402141278377e+05 -2.388224172662029014e+04
-1.315336366406886955e+05 -4.908303721873927279e+05 4.122494278766568750e+05 7.446893076489901869e+05 1.061451388534773607e+06 1.133781891415666032e+05 -2.039473175047267287e+05 9.483153610045464302e+04 6.614948414369129750e+04 4.402364125719412230e+06 -1.123484695545057300e+06 -2.291174156763388601e+05 -6.827948862997035030e+04 1.590744779241619166e+06 3.517155689889688510e+05 -1.417267880897494324e+05 2.934777715158460778e+05 9.155702936969404982e+04
-1.134785123975403258e+05 2.937530023911934113e+05 2.060172984939302260e+05 -1.127435497745068569e+05 1.133781891415666032e+05 5.383367951981811784e+05 9.343175682375012912e+03 5.813016407678815449e+04 1.169600165500640651e+04 4.501899162485503475e+05 1.365741366216598079e+06 -1.901964644252186408e+05 -7.089102799678709744e+03 2.900990104188980768e+05 4.028642080794253852e+05 -1.882630189948245243e+05 4.307319997957122541e+04 -3.188924291038936644e+03
-1.382745894099552650e+06 1.691607721206462593e+05 1.067025935863658669e+05 -1.185543578341380489e+05 -2.039473175047267287e+05 9.343175682375012912e+03 3.274149030887144036e+05 7.779500014023066615e+04 2.919271071902500626e+04 -2.181937498452436645e+06 1.172496025797812501e+06 3.610737321772797150e+05 3.482220456288341084e+05 -5.176685804015244357e+05 6.126771677700695727e+04 1.322052590065910190e+05 8.276319141144464083e+04 2.841664398399751735e+04
-7.150596070665756706e+05 1.287835100856845966e+05 5.532736099844419368e+04 1.135887743434852455e+05 9.483153610045464302e+04 5.813016407678815449e+04 7.779500014023066615e+04 1.790189605757715763e+05 6.319827673194202362e+04 1.022647967247995548e+05 -2.258321662108063756e+05 9.746905516676047409e+04 7.363576512627729971e+04 -7.973956393113946251e+04 2.690382297327755950e+05 6.518186664758006373e+04 1.905192752121613594e+05 -4.791182296072052850e+04
2.265728330903763417e+05 2.479931093861164991e+05 -1.076943174139857438e+05 1.653983204195208382e+05 6.614948414369129750e+04 1.169600165500640651e+04 2.919271071902500626e+04 6.319827673194202362e+04 1.574419314717537200e+05 1.234743977202632232e+06 -1.088674557961962091e+04 -1.613733699797599984e+05 2.899075680335611687e+05 -1.230923523038602143e+05 -1.506830874670513083e+02 2.637982415239756301e+04 1.854643052915424341e+05 7.764478114203974837e+04
1.200022630388542823e+07 9.695864474147090223e+05 -3.088750748126407154e+06 2.114649753566811327e+06 4.402364125719412230e+06 4.501899162485503475e+05 -2.181937498452436645e+06 1.022647967247995548e+05 1.234743977202632232e+06 2.335917999169357419e+08 -2.062366480817484437e+06 -1.163886062819096260e+07 -3.439585254078520928e+06 -9.981981208334558178e+05 -3.485598042342603207e+06 -3.090353758055884391e+06 -4.287979003140920540e+05 -2.670889824165272061e+06
9.481930699263013899e+06 1.946878889840294141e+06 -1.143340154559186194e+05 1.096177668836289085e+06 -1.123484695545057300e+06 1.365741366216598079e+06 1.172496025797812501e+06 -2.258321662108063756e+05 -1.088674557961962091e+04 -2.062366480817484437e+06 4.291946106099921465e+07 4.755731709504595958e+06 -1.772005595497402828e+06 -7.053522681101679336e+05 9.802806875396106625e+05 6.436431765732517233e+05 -6.245356042798449052e+05 -6.396419770133374259e+05
2.293175099402846245e+05 1.383995961424881360e+06 9.257652116051882040e+05 -2.277448417100306135e+06 -2.291174156763388601e+05 -1.901964644252186408e+05 3.610737321772797150e+05 9.746905516676047409e+04 -1.613733699797599984e+05 -1.163886062819096260e+07 4.755731709504595958e+06 1.552816732099333219e+07 -6.711168884399048984e+05 -8.156238258939879015e+05 -4.719862565940744826e+05 1.004941373844070127e+06 7.243794212620349135e+05 5.485092251038065879e+05
-5.301899343512843363e+06 8.758434158212621696e+05 5.236152646221693722e+05 -3.295078783017696696e+05 -6.827948862997035030e+04 -7.089102799678709744e+03 3.482220456288341084e+05 7.363576512627729971e+04 2.899075680335611687e+05 -3.439585254078520928e+06 -1.772005595497402828e+06 -6.711168884399048984e+05 8.255349474074199796e+06 9.798599258352849865e+05 -2.167787492635952076e+05 6.445449005028218962e+05 6.595968313985195709e+05 4.222319986937776557e+05
4.142033454625728773e+05 -2.052388635214233771e+06 9.604912066727695055e+05 9.780404580558008747e+05 1.590744779241619166e+06 2.900990104188980768e+05 -5.176685804015244357e+05 -7.973956393113946251e+04 -1.230923523038602143e+05 -9.981981208334558178e+05 -7.053522681101679336e+05 -8.156238258939879015e+05 9.798599258352849865e+05 6.427341832873793319e+06 4.179243653470198624e+05 -4.165463397519023274e+05 6.473581630091971019e+05 5.769949455947631504e+05
-1.748965101103284862e+06 -1.716056171257154201e+05 6.685475218167427229e+05 1.396476802540949138e+05 3.517155689889688510e+05 4.028642080794253852e+05 6.126771677700695727e+04 2.690382297327755950e+05 -1.506830874670513083e+02 -3.485598042342603207e+06 9.802806875396106625e+05 -4.719862565940744826e+05 -2.167787492635952076e+05 4.179243653470198624e+05 2.444879806103501469e+06 -7.204602021159186261e+05 -3.994085980266425177e+05 -1.066267785937027074e+05
2.298160140033714997e+05 1.662127947222173214e+06 1.387043447560869099e+05 2.059504837324312539e+05 -1.417267880897494324e+05 -1.882630189948245243e+05 1.322052590065910190e+05 6.518186664758006373e+04 2.637982415239756301e+04 -3.090353758055884391e+06 6.436431765732517233e+05 1.004941373844070127e+06 6.445449005028218962e+05 -4.165463397519023274e+05 -7.204602021159186261e+05 1.440139850298478734e+06 6.520215676463163691e+05 8.658124176122130302e+04
-1.463886635090692434e+06 8.557944863942632219e+05 5.079097536502565490e+05 2.424476402141278377e+05 2.934777715158460778e+05 4.307319997957122541e+04 8.276319141144464083e+04 1.905192752121613594e+05 1.854643052915424341e+05 -4.287979003140920540e+05 -6.245356042798449052e+05 7.243794212620349135e+05 6.595968313985195709e+05 6.473581630091971019e+05 -3.994085980266425177e+05 6.520215676463163691e+05 1.192455506685223663e+06 3.790427263681322220e+05
-2.868578985458083844e+04 6.033966134678608505e+05 5.604853800724924076e+05 -2.388224172662029014e+04 9.155702936969404982e+04 -3.188924291038936644e+03 2.841664398399751735e+04 -4.791182296072052850e+04 7.764478114203974837e+04 -2.670889824165272061e+06 -6.396419770133374259e+05 5.485092251038065879e+05 4.222319986937776557e+05 5.769949455947631504e+05 -1.066267785937027074e+05 8.658124176122130302e+04 3.790427263681322220e+05 6.957188056710148230e+05
