# lambda=0.09536366756147528
5.016983668922521174e+07 2.230614121438035276e+06 -3.669665166122534778e+06 -1.245772726795658236e+06 2.509264084293369669e+05 9.003917494507614756e+05 1.993920714775398083e+05 2.515243227274770325e+05 6.477217152850392740e+05 2.451918543620202318e+07 -7.039423275460434146e+06 -7.170979146328100935e+06 -6.266159085854565725e+06 -2.695142516500318306e+05 -9.662030093816583976e+05 1.887423636385610327e+06 1.154578959640872199e+06 9.118311782881857653e+04
2.230614121438035276e+06 1.404177854000290297e+07 2.121856732196102384e+06 -2.512640996835031547e+05 -1.043433489521861076e+06 -5.457977463820342673e+05 1.248384816297603538e+05 2.256610015132632398e+05 6.905341947580300621e+04 -1.127765302221565880e+07 7.962386794288029894e+06 1.901014765710243490e+06 -5.661685192102558212e+05 -1.359934186028557364e+06 -3.739149361300640740e+05 -4.321151830705080065e+05 -9.909398911548780743e+05 1.737117441061277350e+05
-3.669665166122534778e+06 2.121856732196102384e+06 4.492586730632618070e+06 1.078403394648121204e+06 -5.762412319936642889e+05 8.755549975252030708e+04 1.533447251671965932e+05 -3.517728736324750207e+04 -1.282083209062578680e+05 -7.446874127146255225e+06 2.815853577131181024e+06 1.702734824653423857e+06 3.636991014067030628e+05 -1.004663716271571117e+06 8.215164255564055638e+05 -5.123692441785149276e+05 -1.799983666783626250e+05 7.547406033954408485e+04
-1.245772726795658236e+06 -2.512640996835031547e+05 1.078403394648121204e+06 1.934561107524794061e+06 2.124936156753234682e+05 3.914126107664909796e+05 1.671088269202585216e+05 1.206180894747291459e+05 -2.927677119837200053e+02 4.286709773351835087e+06 9.362697069372878177e+05 1.331985128785284236e+06 1.029893586057297420e+06 8.723265429180081992e+04 6.185626863443116890e+05 3.489773233513802406e+05 1.834029704024977982e+05 1.601433597835967958e+05
2.509264084293369669e+05 -1.043433489521861076e+06 -5.762412319936642889e+05 2.124936156753234682e+05 6.735593651121845469e+05 1.205787413795753382e+05 -3.674642360893920704e+04 6.897523478594914195e+04 4.965339014405947819e+04 -6.841210044633006910e+05 -1.187434979755714769e+06 -7.574134691522445064e+05 3.878419802115686471e+05 9.958817561405996094e+05 -1.398103520961577015e+05 -1.886934717625962367e+04 7.216856707590426595e+03 1.901518443222433852e+05
9.003917494507614756e+05 -5.457977463820342673e+05 8.755549975252030708e+04 3.914126107664909796e+05 1.205787413795753382e+05 5.330097612669424852e+05 1.301095195738535404e+05 1.143925613318463875e+05 7.072896103888619109e+04 -1.644478391225328203e+06 5.035174324303265894e+05 -1.408216953859859204e+05 2.645427294195170398e+05 2.475082873881635023e+05 3.787022329023952479e+05 1.216950712902501691e+05 3.396750518898094888e+05 8.418904203750238230e+04
1.993920714775398083e+05 1.248384816297603538e+05 1.533447251671965932e+05 1.671088269202585216e+05 -3.674642360893920704e+04 1.301095195738535404e+05 3.692865388029722380e+05 5.865606860061135376e+04 1.839050351110183328e+04 3.282306992485910305e+05 8.150680261407375801e+05 6.392074839607283939e+05 5.662022343314834870e+05 -1.378441392513148021e+05 -1.002393024734407372e+05 1.817162653974546120e+05 4.415067924834127916e+04 9.172716156372688420e+04
2.515243227274770325e+05 2.256610015132632398e+05 -3.517728736324750207e+04 1.206180894747291459e+05 6.897523478594914195e+04 1.143925613318463875e+05 5.865606860061135376e+04 3.185611091086672386e+05 1.005756685187606490e+05 -2.199427382082810160e+06 1.708210143729876028e+06 -2.100696520440151216e+05 1.683584815600100846e+05 8.063413509032792354e+04 2.430180769548817771e+05 -1.210634939952631794e+04 2.734275096049172571e+05 2.978684339637124503e+04
6.477217152850392740e+05 6.905341947580300621e+04 -1.282083209062578680e+05 -2.927677119837200053e+02 4.965339014405947819e+04 7.072896103888619109e+04 1.839050351110183328e+04 1.005756685187606490e+05 1.249263396486708953e+05 4.782313953299385321e+04 -7.113256131146632833e+04 -1.273538277530346386e+05 -2.011360899876683106e+04 -5.364135308560184785e+04 -3.040262502977068652e+04 -1.309074622774481686e+05 5.770047024472070916e+04 7.068003799590197741e+04
2.451918543620202318e+07 -1.127765302221565880e+07 -7.446874127146255225e+06 4.286709773351835087e+06 -6.841210044633006910e+05 -1.644478391225328203e+06 3.282306992485910305e+05 -2.199427382082810160e+06 4.782313953299385321e+04 2.545273120784098804e+08 -1.902598404590254277e+07 8.593144804006945342e+06 5.514704247275579721e+06 -7.220769496071650647e+06 -7.049290825819076970e+06 1.106249119391675340e+06 2.065226925516033953e+05 6.989057291137103457e+05
-7.039423275460434146e+06 7.962386794288029894e+06 2.815853577131181024e+06 9.362697069372878177e+05 -1.187434979755714769e+06 5.035174324303265894e+05 8.150680261407375801e+05 1.708210143729876028e+06 -7.113256131146632833e+04 -1.902598404590254277e+07 6.632926978616080433e+07 3.402322602160289418e+06 2.489668392897509970e+06 -4.218232036846611649e+06 2.487928762593947351e+06 1.846152463716458296e+05 1.013077610108946683e+06 -4.276917964145745500e+05
-7.170979146328100935e+06 1.901014765710243490e+06 1.702734824653423857e+06 1.331985128785284236e+06 -7.574134691522445064e+05 -1.408216953859859204e+05 6.392074839607283939e+05 -2.100696520440151216e+05 -1.273538277530346386e+05 8.593144804006945342e+06 3.402322602160289418e+06 1.730346530106630921e+07 3.247987722847823519e+06 -2.012557910320557654e+06 -5.210250394511913182e+05 5.777339185105498182e+05 -8.491847886791263008e+05 1.526077735266801901e+05
-6.266159085854565725e+06 -5.661685192102558212e+05 3.636991014067030628e+05 1.029893586057297420e+06 3.878419802115686471e+05 2.645427294195170398e+05 5.662022343314834870e+05 1.683584815600100846e+05 -2.011360899876683106e+04 5.514704247275579721e+06 2.489668392897509970e+06 3.247987722847823519e+06 9.931720618990596384e+06 1.003652257182981120e+05 2.496612517272248224e+05 1.078654053309130250e+06 -3.723445189223594207e+04 1.154996884380917531e+06
-2.695142516500318306e+05 -1.359934186028557364e+06 -1.004663716271571117e+06 8.723265429180081992e+04 9.958817561405996094e+05 2.475082873881635023e+05 -1.378441392513148021e+05 8.063413509032792354e+04 -5.364135308560184785e+04 -7.220769496071650647e+06 -4.218232036846611649e+06 -2.012557910320557654e+06 1.003652257182981120e+05 5.440166876400157809e+06 2.759829610349073191e+05 -3.215883005735321058e+04 -3.938256567629296333e+05 5.468604236214777920e+05
-9.662030093816583976e+05 -3.739149361300640740e+05 8.215164255564055638e+05 6.185626863443116890e+05 -1.398103520961577015e+05 3.787022329023952479e+05 -1.002393024734407372e+05 2.430180769548817771e+05 -3.040262502977068652e+04 -7.049290825819076970e+06 2.487928762593947351e+06 -5.210250394511913182e+05 2.496612517272248224e+05 2.759829610349073191e+05 2.411480927088990342e+06 2.859460193297720980e+05 4.423691880643622717e+05 -1.404747413428748841e+05
1.887423636385610327e+06 -4.321151830705080065e+05 -5.123692441785149276e+05 3.489773233513802406e+05 -1.886934717625962367e+04 1.216950712902501691e+05 1.817162653974546120e+05 -1.210634939952631794e+04 -1.309074622774481686e+05 1.106249119391675340e+06 1.846152463716458296e+05 5.777339185105498182e+05 1.078654053309130250e+06 -3.215883005735321058e+04 2.859460193297720980e+05 1.327474734454593156e+06 4.009798289053412154e+05 1.623355982930008940e+04
1.154578959640872199e+06 -9.909398911548780743e+05 -1.799983666783626250e+05 1.834029704024977982e+05 7.216856707590426595e+03 3.396750518898094888e+05 4.415067924834127916e+04 2.734275096049172571e+05 5.770047024472070916e+04 2.065226925516033953e+05 1.013077610108946683e+06 -8.491847886791263008e+05 -3.723445189223594207e+04 -3.938256567629296333e+05 4.423691880643622717e+05 4.009798289053412154e+05 1.104708813222757308e+06 4.515538612328575255e+04
9.118311782881857653e+04 1.737117441061277350e+05 7.547406033954408485e+04 1.601433597835967958e+05 1.901518443222433852e+05 8.418904203750238230e+04 9.172716156372688420e+04 2.978684339637124503e+04 7.068003799590197741e+04 6.989057291137103457e+05 -4.276917964145745500e+05 1.526077735266801901e+05 1.154996884380917531e+06 5.468604236214777920e+05 -1.404747413428748841e+05 1.623355982930008940e+04 4.515538612328575255e+04 6.952395249417038867e+05
