# lambda=0.13293876354398274
4.786887051948519051e+07 5.733198270390805788e+06 2.286695806276423391e+06 2.553823563900808338e+06 5.728255054107528413e+05 9.492870496568729868e+05 5.277742034817236708e+05 -1.973267663335952675e+05 1.472941792290342564e+05 -1.123234029748946242e+07 -3.603755605865314603e+06 2.166459469840472448e+05 4.249164488195952028e+06 -1.457605998396832962e+06 -2.426218300541311968e+06 -2.093257364772285335e+06 7.163110020466775168e+05 -4.962170361675936147e+05
5.733198270390805788e+06 2.368672048035603017e+07 9.747622800633938750e+05 -1.828136777745470637e+06 -1.346837847064335365e+06 4.270074572060795035e+05 -9.168029922336989548e+05 -3.049647381627674331e+05 -6.279632815749842848e+04 1.160915559499747492e+07 1.626928818248799257e+07 3.588093330028433353e+06 1.968426719186505768e+06 -2.078830968886099523e+06 -1.775232482974864542e+06 1.998762933158998610e+06 -1.382263960231156321e+06 -1.943033202499917534e+05
2.286695806276423391e+06 9.747622800633938750e+05 4.014179482087540440e+06 -1.140254369658126961e+05 5.256624884805426700e+05 7.000827912803901127e+05 -2.039838184411131951e+05 -2.453426610464481200e+04 -1.098773716789733007e+05 7.091012236225975677e+06 5.047559333712196909e+06 2.575841542525074445e+06 1.410369545988273807e+06 -8.636050707413810596e+04 7.772750704118667636e+04 7.103369016067522170e+04 6.662414276508396724e+05 3.830475814288471156e+04
2.553823563900808338e+06 -1.828136777745470637e+06 -1.140254369658126961e+05 2.123175579774183221e+06 6.685724639913432766e+05 2.447303165886093338e+05 1.434668223628403211e+05 1.855621694780304679e+05 1.400257566689032537e+05 -2.747954915391052607e+06 -4.086817637974916724e+05 -1.276382893783180509e+06 3.156033267907919944e+05 -1.440117553886720561e+05 1.132100651275126438e+05 -5.266431473930625361e+04 2.143366253787956375e+05 2.808814591213717358e+05
5.728255054107528413e+05 -1.346837847064335365e+06 5.256624884805426700e+05 6.685724639913432766e+05 1.596765490450671874e+06 1.161907924535611237e+05 -8.791542106152839551e+04 7.392839817286340985e+04 1.919580656348081538e+05 5.661177247696372680e+06 -7.711980026714999694e+05 4.369810916930073872e+05 8.310482650767615996e+05 1.484772970095761819e+06 2.404536571910214261e+05 -5.967607480851825094e+05 2.272112934244382195e+05 3.004221635393177858e+05
9.492870496568729868e+05 4.270074572060795035e+05 7.000827912803901127e+05 2.447303165886093338e+05 1.161907924535611237e+05 5.102668336212541326e+05 -1.942714105870658727e+02 8.286719258866056043e+04 3.427070338147759321e+04 -3.608510495878364891e+06 1.314699055260026944e+05 -3.085995559418359771e+05 -7.215306229537070612e+04 1.720360896923179971e+05 1.417422911658675293e+05 1.268356329290483845e+05 2.880645443120346172e+05 5.996223466675644158e+04
5.277742034817236708e+05 -9.168029922336989548e+05 -2.039838184411131951e+05 1.434668223628403211e+05 -8.791542106152839551e+04 -1.942714105870658727e+02 3.060298090427405550e+05 9.476869183569986490e+04 -2.941197453677860176e+04 -3.171293714612912387e+06 -1.172265876279707765e+06 7.068955292692554940e+04 4.017298395406217896e+05 -1.684872779132223804e+05 -4.473228935561098479e+04 9.225761286381164973e+04 1.806279019658663601e+05 -2.455719055720327742e+04
-1.973267663335952675e+05 -3.049647381627674331e+05 -2.453426610464481200e+04 1.855621694780304679e+05 7.392839817286340985e+04 8.286719258866056043e+04 9.476869183569986490e+04 2.331860930127749161e+05 3.999697571490564587e+04 7.870328659985329432e+04 -4.081587638873376418e+05 -5.791772244737846777e+05 -3.950106276665500482e+05 1.235879757693349347e+04 -4.887464183142343973e+04 1.406538245220092649e+05 1.655891633825265162e+05 2.117960642238152650e+04
1.472941792290342564e+05 -6.279632815749842848e+04 -1.098773716789733007e+05 1.400257566689032537e+05 1.919580656348081538e+05 3.427070338147759321e+04 -2.941197453677860176e+04 3.999697571490564587e+04 1.301708284935360862e+05 -7.317165182756540598e+05 -1.143904684792999644e+06 -9.591855521319968102e+04 2.021763087510948826e+05 1.759784153765613446e+05 -5.659260713640545146e+04 -2.284840428797766072e+04 9.307699848860845668e+04 1.074672108516555891e+05
-1.123234029748946242e+07 1.160915559499747492e+07 7.091012236225975677e+06 -2.747954915391052607e+06 5.661177247696372680e+06 -3.608510495878364891e+06 -3.171293714612912387e+06 7.870328659985329432e+04 -7.317165182756540598e+05 3.009338712720001936e+08 3.974879177174200863e+07 1.331001898274453171e+07 -8.347348037171876058e+06 -1.826345504205080215e+06 2.006510565438952530e+06 -5.638901695197056048e+06 -3.953348642738121562e+06 1.229703799241017550e+06
-3.603755605865314603e+06 1.626928818248799257e+07 5.047559333712196909e+06 -4.086817637974916724e+05 -7.711980026714999694e+05 1.314699055260026944e+05 -1.172265876279707765e+06 -4.081587638873376418e+05 -1.143904684792999644e+06 3.974879177174200863e+07 8.537106977991479635e+07 1.777701829323207214e+07 6.528913106813819148e+06 -3.800487215184050612e+06 2.199753583287904970e+06 2.379916733253042214e+06 1.567030872394806007e+06 2.098321266866595397e+04
2.166459469840472448e+05 3.588093330028433353e+06 2.575841542525074445e+06 -1.276382893783180509e+06 4.369810916930073872e+05 -3.085995559418359771e+05 7.068955292692554940e+04 -5.791772244737846777e+05 -9.591855521319968102e+04 1.331001898274453171e+07 1.777701829323207214e+07 2.328684670298461244e+07 5.884498537997102365e+06 -1.985464426815208280e+06 -1.959631348390940111e+06 -3.359823346518871258e+05 6.706230701512759551e+05 4.917562402330989134e+05
4.249164488195952028e+06 1.968426719186505768e+06 1.410369545988273807e+06 3.156033267907919944e+05 8.310482650767615996e+05 -7.215306229537070612e+04 4.017298395406217896e+05 -3.950106276665500482e+05 2.021763087510948826e+05 -8.347348037171876058e+06 6.528913106813819148e+06 5.884498537997102365e+06 1.185683253163637221e+07 2.306522373180430150e+05 8.559425538463975536e+05 6.795701261352060828e+05 1.345620317203950370e+06 2.677926619031911832e+05
-1.457605998396832962e+06 -2.078830968886099523e+06 -8.636050707413810596e+04 -1.440117553886720561e+05 1.484772970095761819e+06 1.720360896923179971e+05 -1.684872779132223804e+05 1.235879757693349347e+04 1.759784153765613446e+05 -1.826345504205080215e+06 -3.800487215184050612e+06 -1.985464426815208280e+06 2.306522373180430150e+05 3.815147795740597881e+06 1.128237148299613269e+06 -1.088294677684048889e+06 1.962720020430450095e+05 2.115102434876742191e+05
-2.426218300541311968e+06 -1.775232482974864542e+06 7.772750704118667636e+04 1.132100651275126438e+05 2.404536571910214261e+05 1.417422911658675293e+05 -4.473228935561098479e+04 -4.887464183142343973e+04 -5.659260713640545146e+04 2.006510565438952530e+06 2.199753583287904970e+06 -1.959631348390940111e+06 8.559425538463975536e+05 1.128237148299613269e+06 3.156491623521012720e+06 2.988556445961985737e+05 -1.097133361297722440e+05 2.775989677968080287e+04
-2.093257364772285335e+06 1.998762933158998610e+06 7.103369016067522170e+04 -5.266431473930625361e+04 -5.967607480851825094e+05 1.268356329290483845e+05 9.225761286381164973e+04 1.406538245220092649e+05 -2.284840428797766072e+04 -5.638901695197056048e+06 2.379916733253042214e+06 -3.359823346518871258e+05 6.795701261352060828e+05 -1.088294677684048889e+06 2.988556445961985737e+05 1.739919343425167492e+06 3.476758556177631835e+05 -2.001296479734007444e+05
7.163110020466775168e+05 -1.382263960231156321e+06 6.662414276508396724e+05 2.143366253787956375e+05 2.272112934244382195e+05 2.880645443120346172e+05 1.806279019658663601e+05 1.655891633825265162e+05 9.307699848860845668e+04 -3.953348642738121562e+06 1.567030872394806007e+06 6.706230701512759551e+05 1.345620317203950370e+06 1.962720020430450095e+05 -1.097133361297722440e+05 3.476758556177631835e+05 1.621770680456953356e+06 6.812152797920341254e+04
-4.962170361675936147e+05 -1.943033202499917534e+05 3.830475814288471156e+04 2.808814591213717358e+05 3.004221635393177858e+05 5.996223466675644158e+04 -2.455719055720327742e+04 2.117960642238152650e+04 1.074672108516555891e+05 1.229703799241017550e+06 2.098321266866595397e+04 4.917562402330989134e+05 2.677926619031911832e+05 2.115102434876742191e+05 2.775989677968080287e+04 -2.001296479734007444e+05 6.812152797920341254e+04 4.273457260082469438e+05
