# lambda=0.11552427687874926
3.334062494867265970e+07 -1.292360592016223120e+06 -8.537111320306420093e+05 2.982718994322451763e+05 -2.927370675817686133e+05 -8.026786771756985690e+05 -3.360179575840955367e+05 -1.668453481330131399e+04 -2.913291585548710282e+04 1.052132048051851429e+07 -4.505242001290785149e+06 3.412404893380817492e+06 4.444839607016678900e+06 -9.857601281153019518e+05 -6.971125435432430822e+04 -2.487436125075476710e+06 9.899994374960073037e+05 -5.373729292660442879e+05
-1.292360592016223120e+06 1.193719427722299471e+07 8.517278651493435027e+05 9.580526772723688964e+02 1.139278344165853050e+05 1.106273203765630606e+05 1.411046181974671163e+04 -3.518946382963071228e+05 -1.356413989635892503e+05 4.259277674196827225e+06 6.177214124604512937e+06 5.024933431419541594e+05 5.450602386352548376e+06 8.236248387926206924e+05 7.035577555922516622e+05 -8.255852022948384983e+05 5.820581266635673819e+05 1.516539586202916980e+05
-8.537111320306420093e+05 8.517278651493435027e+05 4.038398758728513494e+06 1.432463268993822625e+06 5.323204739312015008e+05 -4.420687753872590838e+05 -2.078820609604334459e+05 2.362866868755783071e+05 6.691966065941430861e+04 7.058751148270127364e+06 2.747544237728645094e+06 2.121853326931849006e+05 1.368826580663785804e+06 1.566845812532044249e+06 7.874999359902781434e+05 -7.167858231426699786e+04 8.457748229304698762e+05 -1.802761031024025215e+04
2.982718994322451763e+05 9.580526772723688964e+02 1.432463268993822625e+06 1.456404758581496542e+06 4.370911560442409827e+05 -1.398667670442288509e+05 -2.222832021631169191e+05 1.585714055210688384e+05 1.340851968433669026e+04 5.162027916933208704e+06 1.287722165460264310e+06 -6.603497787307442632e+05 1.185772849734687945e+06 8.629030616668850416e+05 7.674538262442975538e+05 4.862472513235410588e+04 4.465993345406515873e+05 -9.305365067413561337e+04
-2.927370675817686133e+05 1.139278344165853050e+05 5.323204739312015008e+05 4.370911560442409827e+05 1.080452580348820426e+06 1.399345295325767620e+04 8.201567779754467483e+04 1.600308775072020944e+05 9.564546962025575340e+04 6.993709930808667559e+05 1.533266106345524779e+06 -2.019252313141943421e+06 -9.747658879966863606e+04 6.555584973130294820e+05 5.921961770812341711e+05 2.714519838729253970e+05 4.091143151758824824e+05 2.243759722484888043e+05
-8.026786771756985690e+05 1.106273203765630606e+05 -4.420687753872590838e+05 -1.398667670442288509e+05 1.399345295325767620e+04 5.830665013195889769e+05 5.776527651961091760e+04 6.579242846357445524e+04 1.153458945515336563e+04 -2.103492634488669224e+06 1.479919564588523470e+06 -6.186493944076519692e+05 8.467300255072220170e+04 -3.667896803888879949e+05 3.193266434310037293e+05 3.470700820041770930e+05 4.336791411197681737e+04 -1.166026603532380832e+05
-3.360179575840955367e+05 1.411046181974671163e+04 -2.078820609604334459e+05 -2.222832021631169191e+05 8.201567779754467483e+04 5.776527651961091760e+04 2.379907084756633849e+05 4.267194681091339589e+04 2.240847920360741409e+04 -1.440591653448811034e+06 -1.977133189442234579e+05 7.144537433963594958e+04 2.669524367959896699e+04 -9.801427222134753538e+04 4.266836500850175071e+04 3.263845508408921887e+05 -1.146482169305567804e+05 -1.102767944508620712e+04
-1.668453481330131399e+04 -3.518946382963071228e+05 2.362866868755783071e+05 1.585714055210688384e+05 1.600308775072020944e+05 6.579242846357445524e+04 4.267194681091339589e+04 2.225592496229603712e+05 6.117804620075196726e+04 4.608651722242965479e+05 -1.750487826878175547e+05 -9.334836843895148486e+05 2.216692225552654709e+05 2.632129024908116553e+05 7.902824867063318379e+04 2.361812493273020373e+05 2.484069382291822985e+05 6.493579078831176594e+04
-2.913291585548710282e+04 -1.356413989635892503e+05 6.691966065941430861e+04 1.340851968433669026e+04 9.564546962025575340e+04 1.153458945515336563e+04 2.240847920360741409e+04 6.117804620075196726e+04 1.256276359214721742e+05 -6.403771022567528998e+05 2.740208770096572698e+05 -2.475745569033937354e+05 -2.582969166078846320e+05 2.011868861234250362e+05 3.128045126074703512e+04 1.389465547005466651e+05 1.358641331827613176e+05 8.809232397964622942e+04
1.052132048051851429e+07 4.259277674196827225e+06 7.058751148270127364e+06 5.162027916933208704e+06 6.993709930808667559e+05 -2.103492634488669224e+06 -1.440591653448811034e+06 4.608651722242965479e+05 -6.403771022567528998e+05 1.994741866618232727e+08 8.041433928973870352e+06 1.578542565973783843e+07 1.023698511176612414e+07 -3.545429705348227173e+06 5.509589901573952520e+05 1.099031145758447004e+06 4.622227848158844747e+06 7.995766237229780527e+05
-4.505242001290785149e+06 6.177214124604512937e+06 2.747544237728645094e+06 1.287722165460264310e+06 1.533266106345524779e+06 1.479919564588523470e+06 -1.977133189442234579e+05 -1.750487826878175547e+05 2.740208770096572698e+05 8.041433928973870352e+06 8.069121948524609208e+07 4.848653927230392583e+06 4.763146095910516568e+06 1.167942488019868499e+06 -3.081914155851146788e+05 -1.385122771220320603e+06 2.214212361932743341e+06 2.427700783022734337e+06
3.412404893380817492e+06 5.024933431419541594e+05 2.121853326931849006e+05 -6.603497787307442632e+05 -2.019252313141943421e+06 -6.186493944076519692e+05 7.144537433963594958e+04 -9.334836843895148486e+05 -2.475745569033937354e+05 1.578542565973783843e+07 4.848653927230392583e+06 2.746212477635710686e+07 3.283960779177924851e+05 -1.460161125837386586e+06 -3.597026867616997566e+06 -8.720708903676766204e+05 -9.758237778376897331e+05 -8.029128081351473229e+05
4.444839607016678900e+06 5.450602386352548376e+06 1.368826580663785804e+06 1.185772849734687945e+06 -9.747658879966863606e+04 8.467300255072220170e+04 2.669524367959896699e+04 2.216692225552654709e+05 -2.582969166078846320e+05 1.023698511176612414e+07 4.763146095910516568e+06 3.283960779177924851e+05 9.939007089721160010e+06 1.177000711261730408e+06 7.341389786767471815e+05 9.789898889680852881e+04 1.737970012761782622e+06 2.158969231095875730e+05
-9.857601281153019518e+05 8.236248387926206924e+05 1.566845812532044249e+06 8.629030616668850416e+05 6.555584973130294820e+05 -3.667896803888879949e+05 -9.801427222134753538e+04 2.632129024908116553e+05 2.011868861234250362e+05 -3.545429705348227173e+06 1.167942488019868499e+06 -1.460161125837386586e+06 1.177000711261730408e+06 3.923179911876599304e+06 3.186236169176047551e+05 -6.504137209093570709e+05 6.023907104937270051e+05 2.751892622240931378e+05
-6.971125435432430822e+04 7.035577555922516622e+05 7.874999359902781434e+05 7.674538262442975538e+05 5.921961770812341711e+05 3.193266434310037293e+05 4.266836500850175071e+04 7.902824867063318379e+04 3.128045126074703512e+04 5.509589901573952520e+05 -3.081914155851146788e+05 -3.597026867616997566e+06 7.341389786767471815e+05 3.186236169176047551e+05 3.210714392083947081e+06 1.323801084407689923e+05 2.426034416093509644e+05 -1.547872754560027679e+05
-2.487436125075476710e+06 -8.255852022948384983e+05 -7.167858231426699786e+04 4.862472513235410588e+04 2.714519838729253970e+05 3.470700820041770930e+05 3.263845508408921887e+05 2.361812493273020373e+05 1.389465547005466651e+05 1.099031145758447004e+06 -1.385122771220320603e+06 -8.720708903676766204e+05 9.789898889680852881e+04 -6.504137209093570709e+05 1.323801084407689923e+05 1.758860266343314666e+06 2.388343775602838432e+05 1.847735379465865435e+03
9.899994374960073037e+05 5.820581266635673819e+05 8.457748229304698762e+05 4.465993345406515873e+05 4.091143151758824824e+05 4.336791411197681737e+04 -1.146482169305567804e+05 2.484069382291822985e+05 1.358641331827613176e+05 4.622227848158844747e+06 2.214212361932743341e+06 -9.758237778376897331e+05 1.737970012761782622e+06 6.023907104937270051e+05 2.426034416093509644e+05 2.388343775602838432e+05 1.518026903064673068e+06 4.104865106115063536e+05
-5.373729292660442879e+05 1.516539586202916980e+05 -1.802761031024025215e+04 -9.305365067413561337e+04 2.243759722484888043e+05 -1.166026603532380832e+05 -1.102767944508620712e+04 6.493579078831176594e+04 8.809232397964622942e+04 7.995766237229780527e+05 2.427700783022734337e+06 -8.029128081351473229e+05 2.158969231095875730e+05 2.751892622240931378e+05 -1.547872754560027679e+05 1.847735379465865435e+03 4.104865106115063536e+05 6.254433198491198709e+05
