# lambda=0.13961417892893982
4.384329931572063267e+07 1.268268938545841724e+06 -5.112991535061958246e+06 -9.979525108777118148e+05 -3.163621632325645187e+05 8.043820952937804395e+05 7.261712150962330634e+05 -2.274403463632835483e+05 4.879490606024442823e+05 -1.416515822430678643e+07 1.369770007582314126e+07 -1.908529933034576708e+06 -4.373110204808910377e+06 1.086089965653182473e+06 -2.060251322209414793e+06 1.287476067907870514e+06 -1.943887490025391744e+05 1.801412758259330876e+05
1.268268938545841724e+06 1.723130091864478216e+07 2.306687244719326030e+06 3.870305599929356831e+05 3.892510587130900240e+05 2.156033545835679433e+03 -1.581716611309902146e+04 -9.844463772029570828e+04 -2.986592322514226544e+05 8.000319581513645127e+06 1.343760353546893410e+07 -1.634986229291455355e+06 -2.038312068204593845e+06 -4.607349985189093859e+05 -1.382648223175160354e+06 -9.078654932753622998e+05 -1.365488825808160240e+06 6.571029751150717493e+05
-5.112991535061958246e+06 2.306687244719326030e+06 4.328340490251097828e+06 1.400010610019935528e+06 4.377249839290535892e+05 -3.155844344990344252e+05 -5.251048468107199296e+05 -1.806295782957982155e+05 1.313676931791025709e+03 -1.074243645633835811e+06 -5.780658259043090511e+05 2.709306271900564898e+06 -7.165425873134589056e+05 -7.650807462377451593e+05 -3.976033419676056947e+05 -6.524651139171308023e+04 -2.831943882947119419e+05 2.727626194648850360e+05
-9.979525108777118148e+05 3.870305599929356831e+05 1.400010610019935528e+06 1.918058080173890339e+06 3.947912192589081824e+05 -9.887131020465814800e+04 -1.337143196327036130e+05 1.066218462960706529e+05 8.734774375928030349e+04 3.535815613377819303e+06 -2.676197882172343787e+06 3.318065121395244263e+06 -1.782458611993743689e+05 1.048564451077860867e+05 7.643824681186256930e+04 3.656983596378242946e+05 -1.765406262591544946e+05 3.111024004989985260e+05
-3.163621632325645187e+05 3.892510587130900240e+05 4.377249839290535892e+05 3.947912192589081824e+05 5.714437298949128017e+05 -7.519895471025713778e+04 -1.735497178131587862e+05 -2.156883009814306934e+04 1.327424165109809292e+04 1.928496235724373255e+05 6.084694224076477258e+04 1.674594097670973046e+06 -6.944464964860958280e+05 -1.592810126232445145e+04 -2.716118604748431972e+04 2.035066278896281437e+04 4.873833761552642682e+04 -3.934424501630268787e+04
8.043820952937804395e+05 2.156033545835679433e+03 -3.155844344990344252e+05 -9.887131020465814800e+04 -7.519895471025713778e+04 5.056335710716646281e+05 1.292359674255566788e+05 5.075958191925731080e+04 5.340169130499562925e+03 1.071223329561110731e+05 7.183007247373712016e+05 -2.251339633308495686e+05 -2.583024670566008135e+05 3.067813417270557838e+05 7.258858693174617656e+03 5.211201454199196633e+03 1.754155212307799084e+05 3.749000873383251746e+04
7.261712150962330634e+05 -1.581716611309902146e+04 -5.251048468107199296e+05 -1.337143196327036130e+05 -1.735497178131587862e+05 1.292359674255566788e+05 2.635858765624791267e+05 7.783774215507469489e+04 -2.051845136338009979e+04 5.745769361036668997e+05 3.559365468063481385e+05 -1.010633312236428494e+06 -2.267809755784497247e+05 2.420659740804496687e+04 -3.915211689167689201e+03 3.247955387033859733e+05 7.282615131262295472e+04 3.950250433773278473e+03
-2.274403463632835483e+05 -9.844463772029570828e+04 -1.806295782957982155e+05 1.066218462960706529e+05 -2.156883009814306934e+04 5.075958191925731080e+04 7.783774215507469489e+04 1.935880667975262913e+05 -4.144822373104942017e+03 9.364307955927260919e+05 2.088832758090866264e+04 4.398050033330250881e+05 3.174063840565137070e+04 1.113905673817520583e+05 -1.071599329389597551e+05 2.851542514547746396e+05 4.523234664959777729e+04 -5.121638661442906596e+04
4.879490606024442823e+05 -2.986592322514226544e+05 1.313676931791025709e+03 8.734774375928030349e+04 1.327424165109809292e+04 5.340169130499562925e+03 -2.051845136338009979e+04 -4.144822373104942017e+03 9.174289176042618055e+04 1.442159767311603537e+04 -2.633885473538448059e+04 1.009954901912395871e+05 1.995957142227716031e+04 -4.608755491980666557e+04 5.002282446994012571e+04 2.342001471608335123e+04 6.198440954926159975e+03 5.865804976158417412e+04
-1.416515822430678643e+07 8.000319581513645127e+06 -1.074243645633835811e+06 3.535815613377819303e+06 1.928496235724373255e+05 1.071223329561110731e+05 5.745769361036668997e+05 9.364307955927260919e+05 1.442159767311603537e+04 1.990437826150058210e+08 3.391127575378841907e+07 1.769623607552557066e+07 1.261913130078010634e+07 2.513833162314916495e+06 2.129173160331770312e+06 6.323115731598371640e+06 -1.489177248665945372e+06 -1.698537180055929348e+06
1.369770007582314126e+07 1.343760353546893410e+07 -5.780658259043090511e+05 -2.676197882172343787e+06 6.084694224076477258e+04 7.183007247373712016e+05 3.559365468063481385e+05 2.088832758090866264e+04 -2.633885473538448059e+04 3.391127575378841907e+07 7.117585496549691260e+07 8.230268368463507853e+06 -4.252797492919491604e+06 5.837268427976148669e+05 -5.526843896957852878e+06 5.308985537958268076e+06 -1.358593313290134771e+06 -1.481809093429364497e+06
-1.908529933034576708e+06 -1.634986229291455355e+06 2.709306271900564898e+06 3.318065121395244263e+06 1.674594097670973046e+06 -2.251339633308495686e+05 -1.010633312236428494e+06 4.398050033330250881e+05 1.009954901912395871e+05 1.769623607552557066e+07 8.230268368463507853e+06 2.827795933229432628e+07 4.503678268336071633e+06 2.002699152031225618e+06 -3.139047487140493558e+03 1.076396473179356894e+06 -8.552712070005965652e+05 -1.431604324916049954e+05
-4.373110204808910377e+06 -2.038312068204593845e+06 -7.165425873134589056e+05 -1.782458611993743689e+05 -6.944464964860958280e+05 -2.583024670566008135e+05 -2.267809755784497247e+05 3.174063840565137070e+04 1.995957142227716031e+04 1.261913130078010634e+07 -4.252797492919491604e+06 4.503678268336071633e+06 8.481294854798084125e+06 9.240617591304230737e+05 1.647884429049613420e+06 -4.292702977049336187e+05 -2.915937625384907005e+05 4.568426371140687261e+05
1.086089965653182473e+06 -4.607349985189093859e+05 -7.650807462377451593e+05 1.048564451077860867e+05 -1.592810126232445145e+04 3.067813417270557838e+05 2.420659740804496687e+04 1.113905673817520583e+05 -4.608755491980666557e+04 2.513833162314916495e+06 5.837268427976148669e+05 2.002699152031225618e+06 9.240617591304230737e+05 3.246204113132205792e+06 5.751439149302847363e+04 4.881233628598334035e+05 -1.933536234268846165e+05 -3.805058153864551423e+04
-2.060251322209414793e+06 -1.382648223175160354e+06 -3.976033419676056947e+05 7.643824681186256930e+04 -2.716118604748431972e+04 7.258858693174617656e+03 -3.915211689167689201e+03 -1.071599329389597551e+05 5.002282446994012571e+04 2.129173160331770312e+06 -5.526843896957852878e+06 -3.139047487140493558e+03 1.647884429049613420e+06 5.751439149302847363e+04 2.276809548824087717e+06 1.076022331291771698e+05 -5.827790357353550644e+04 1.184491216667774424e+05
1.287476067907870514e+06 -9.078654932753622998e+05 -6.524651139171308023e+04 3.656983596378242946e+05 2.035066278896281437e+04 5.211201454199196633e+03 3.247955387033859733e+05 2.851542514547746396e+05 2.342001471608335123e+04 6.323115731598371640e+06 5.308985537958268076e+06 1.076396473179356894e+06 -4.292702977049336187e+05 4.881233628598334035e+05 1.076022331291771698e+05 3.459690857803499326e+06 5.964812463289964944e+05 -2.402624495304197480e+05
-1.943887490025391744e+05 -1.365488825808160240e+06 -2.831943882947119419e+05 -1.765406262591544946e+05 4.873833761552642682e+04 1.754155212307799084e+05 7.282615131262295472e+04 4.523234664959777729e+04 6.198440954926159975e+03 -1.489177248665945372e+06 -1.358593313290134771e+06 -8.552712070005965652e+05 -2.915937625384907005e+05 -1.933536234268846165e+05 -5.827790357353550644e+04 5.964812463289964944e+05 8.018819913602039451e+05 -4.230112289318567491e+04
1.801412758259330876e+05 6.571029751150717493e+05 2.727626194648850360e+05 3.111024004989985260e+05 -3.934424501630268787e+04 3.749000873383251746e+04 3.950250433773278473e+03 -5.121638661442906596e+04 5.865804976158417412e+04 -1.698537180055929348e+06 -1.481809093429364497e+06 -1.431604324916049954e+05 4.568426371140687261e+05 -3.805058153864551423e+04 1.184491216667774424e+05 -2.402624495304197480e+05 -4.230112289318567491e+04 6.173604981616542209e+05
