# lambda=0.11372497904146575
4.661067622075701505e+07 5.165651195950320922e+06 -1.663740200053652981e+06 2.915368365618517157e+06 6.128873011136732530e+05 1.171793033050085651e+06 2.732898801301934873e+05 -8.401139146829185775e+05 4.622664770101042232e+05 2.138383059394302964e+07 1.452530340433406830e+07 -1.198103762259859405e+07 -9.863326778544029221e+06 -1.910926557897479739e+06 3.712561346009826288e+06 1.042711976988092298e+06 -8.317893360203674529e+05 -6.964474570466070436e+05
5.165651195950320922e+06 1.608784874300651252e+07 1.732330468521239236e+06 2.313433160335139837e+06 1.842793782962367404e+06 -8.758485726701002568e+05 -4.183369330449075205e+05 -1.740061541122123599e+05 3.713111253258893266e+05 -2.182641732394315768e+05 1.239321460633394495e+07 -1.186218683577063028e+06 -9.790286015458547045e+05 1.751007222883633338e+06 3.875544396146492218e+05 -7.697635634412578074e+05 -3.039998171013090760e+05 3.467619271364467568e+04
-1.663740200053652981e+06 1.732330468521239236e+06 4.433068348436593078e+06 1.236077885710801231e+06 1.819253534431082953e+05 -3.075515564562692889e+05 -3.627960496603927459e+05 1.898563941310932569e+05 9.016418427137543040e+04 1.501470726772077614e+06 5.514013328639706597e+06 6.721118973202292807e+06 8.213938980896292487e+05 1.402458395885925973e+06 2.390726295012827613e+05 -2.651095455272102117e+04 -9.731158918091442320e+04 -4.239375157494723098e+05
2.915368365618517157e+06 2.313433160335139837e+06 1.236077885710801231e+06 2.391199792410050053e+06 7.582160402389978990e+05 -2.885835277323168120e+05 -1.230813130241907784e+05 -1.074814031950409990e+05 -2.253649490566960958e+04 1.051232817067318596e+06 5.055331527935362421e+06 4.692122251467798837e+06 1.487734801772591658e+06 1.501762634662980912e+06 3.254348349684381392e+05 1.197800216428841959e+05 -1.084571303097121272e+05 3.212450795277329962e+04
6.128873011136732530e+05 1.842793782962367404e+06 1.819253534431082953e+05 7.582160402389978990e+05 1.610743986846860265e+06 3.423896639639511704e+04 -7.592379052161486470e+04 2.817636419396600331e+02 -3.626001893130599638e+04 1.084677229449449340e+06 2.757709069451675750e+06 1.326850646388174500e+06 8.106164120567825157e+05 1.387984541601242032e+06 1.203961328167189822e+04 -1.629605677171041898e+05 -1.193934267383267288e+05 -4.108837826187159953e+04
1.171793033050085651e+06 -8.758485726701002568e+05 -3.075515564562692889e+05 -2.885835277323168120e+05 3.423896639639511704e+04 6.381199339035219746e+05 3.960472420639207121e+04 -2.151297632356797840e+04 3.469736448602545715e+04 -3.499430789911469910e+05 1.408295627443656325e+06 -1.117157343015708262e+06 -1.062058090014241636e+06 -2.267241224942195986e+05 3.670056908174456330e+05 2.486228077674555243e+05 1.308280628001446748e+05 -7.103314073404105147e+04
2.732898801301934873e+05 -4.183369330449075205e+05 -3.627960496603927459e+05 -1.230813130241907784e+05 -7.592379052161486470e+04 3.960472420639207121e+04 3.629395503545408719e+05 6.282037589202107483e+04 -2.838285909889906543e+04 1.589246244589555310e+06 2.781282012132887030e+05 -9.115867308317474090e+05 -1.526088431064944307e+05 -4.697043094961682800e+05 9.936318611021220568e+04 -1.200050419431388946e+04 -1.012598734966267075e+05 -1.068996685450974182e+05
-8.401139146829185775e+05 -1.740061541122123599e+05 1.898563941310932569e+05 -1.074814031950409990e+05 2.817636419396600331e+02 -2.151297632356797840e+04 6.282037589202107483e+04 1.523199508277631248e+05 1.800146076988184723e+04 4.993760170996394590e+05 -4.989315633107121103e+05 -6.198780974640744535e+04 9.396321649619430536e+04 -8.957715998121193479e+03 -1.916001733414748742e+04 -8.054240782866127847e+04 -5.669280906816951756e+03 -1.543541895087700368e+03
4.622664770101042232e+05 3.713111253258893266e+05 9.016418427137543040e+04 -2.253649490566960958e+04 -3.626001893130599638e+04 3.469736448602545715e+04 -2.838285909889906543e+04 1.800146076988184723e+04 1.907686207207194238e+05 -1.353886619485664647e+06 9.468220809196268674e+05 8.946757762083486887e+04 -5.343938412906122394e+05 -8.123986450842802878e+04 1.925021771094451833e+05 -8.736407044935754675e+04 9.611972917123463048e+03 3.918604983558660024e+04
2.138383059394302964e+07 -2.182641732394315768e+05 1.501470726772077614e+06 1.051232817067318596e+06 1.084677229449449340e+06 -3.499430789911469910e+05 1.589246244589555310e+06 4.993760170996394590e+05 -1.353886619485664647e+06 2.016177693491896689e+08 2.772363841521232203e+07 -1.311555145703821257e+07 -8.138847541494918056e+06 3.014198742921874858e+06 -2.639930023584971670e+06 1.936212740919341100e+06 2.524482067499996163e+06 1.126038391100846231e+06
1.452530340433406830e+07 1.239321460633394495e+07 5.514013328639706597e+06 5.055331527935362421e+06 2.757709069451675750e+06 1.408295627443656325e+06 2.781282012132887030e+05 -4.989315633107121103e+05 9.468220809196268674e+05 2.772363841521232203e+07 8.933315891720087826e+07 2.082957778585857525e+07 -1.402092272233626060e+07 -1.023156750852441415e+06 6.255601853829371976e+05 1.480729011585879140e+06 -2.023643875213991152e+06 1.448100164516706136e+05
-1.198103762259859405e+07 -1.186218683577063028e+06 6.721118973202292807e+06 4.692122251467798837e+06 1.326850646388174500e+06 -1.117157343015708262e+06 -9.115867308317474090e+05 -6.198780974640744535e+04 8.946757762083486887e+04 -1.311555145703821257e+07 2.082957778585857525e+07 5.385578476033362746e+07 8.827051561010790989e+06 7.278361935882858932e+06 1.986268134269158822e+06 1.558955167691003066e+06 -4.044273122992041172e+05 -2.666823516179409926e+05
-9.863326778544029221e+06 -9.790286015458547045e+05 8.213938980896292487e+05 1.487734801772591658e+06 8.106164120567825157e+05 -1.062058090014241636e+06 -1.526088431064944307e+05 9.396321649619430536e+04 -5.343938412906122394e+05 -8.138847541494918056e+06 -1.402092272233626060e+07 8.827051561010790989e+06 1.553271092797996290e+07 6.006185167484093457e+06 -8.886475578039790271e+05 -4.534861625324931811e+04 2.987786734922939213e+05 3.430867701259757741e+05
-1.910926557897479739e+06 1.751007222883633338e+06 1.402458395885925973e+06 1.501762634662980912e+06 1.387984541601242032e+06 -2.267241224942195986e+05 -4.697043094961682800e+05 -8.957715998121193479e+03 -8.123986450842802878e+04 3.014198742921874858e+06 -1.023156750852441415e+06 7.278361935882858932e+06 6.006185167484093457e+06 7.066787002077761106e+06 7.793504453509772429e+05 1.592687596366910147e+05 1.215515913610204821e+06 2.356492368619990302e+05
3.712561346009826288e+06 3.875544396146492218e+05 2.390726295012827613e+05 3.254348349684381392e+05 1.203961328167189822e+04 3.670056908174456330e+05 9.936318611021220568e+04 -1.916001733414748742e+04 1.925021771094451833e+05 -2.639930023584971670e+06 6.255601853829371976e+05 1.986268134269158822e+06 -8.886475578039790271e+05 7.793504453509772429e+05 2.609331931837877724e+06 4.522339778231758391e+05 5.011458998636283213e+05 -1.186039253385183401e+05
1.042711976988092298e+06 -7.697635634412578074e+05 -2.651095455272102117e+04 1.197800216428841959e+05 -1.629605677171041898e+05 2.486228077674555243e+05 -1.200050419431388946e+04 -8.054240782866127847e+04 -8.736407044935754675e+04 1.936212740919341100e+06 1.480729011585879140e+06 1.558955167691003066e+06 -4.534861625324931811e+04 1.592687596366910147e+05 4.522339778231758391e+05 1.291195375995395705e+06 3.922696534352287999e+05 2.340725797415754059e+05
-8.317893360203674529e+05 -3.039998171013090760e+05 -9.731158918091442320e+04 -1.084571303097121272e+05 -1.193934267383267288e+05 1.308280628001446748e+05 -1.012598734966267075e+05 -5.669280906816951756e+03 9.611972917123463048e+03 2.524482067499996163e+06 -2.023643875213991152e+06 -4.044273122992041172e+05 2.987786734922939213e+05 1.215515913610204821e+06 5.011458998636283213e+05 3.922696534352287999e+05 1.056678215045786463e+06 3.243608566419820418e+05
-6.964474570466070436e+05 3.467619271364467568e+04 -4.239375157494723098e+05 3.212450795277329962e+04 -4.108837826187159953e+04 -7.103314073404105147e+04 -1.068996685450974182e+05 -1.543541895087700368e+03 3.918604983558660024e+04 1.126038391100846231e+06 1.448100164516706136e+05 -2.666823516179409926e+05 3.430867701259757741e+05 2.356492368619990302e+05 -1.186039253385183401e+05 2.340725797415754059e+05 3.243608566419820418e+05 6.476019917569942772e+05
