# lambda=0.10601798639834488
3.573178826437095553e+07 3.994142501317549963e+06 1.511571073270617053e+06 -1.525898403719501039e+04 -2.020122520859566750e+06 7.878614189750414807e+05 7.530741232950564008e+05 4.803905146768264822e+05 -5.251438687712691899e+04 2.681339957818607613e+07 1.081769358628232032e+07 5.739163747606833931e+05 1.570521668718183537e+04 -2.714456711669483222e+06 -1.133803808137485525e+06 2.778330152744177729e+06 -3.061631206878040102e+05 1.268123826964153908e+06
3.994142501317549963e+06 1.351121101526532508e+07 3.022250218375978526e+06 2.246848351020836737e+06 6.396706061000623595e+04 3.732146054836006369e+05 7.125244780443464379e+02 3.189377516854720889e+05 3.627454122838709736e+05 1.185339667556434497e+07 1.219762175232005119e+07 -1.929454551885458175e+06 4.606171915008325595e+05 2.880211349724424072e+05 1.433748533437867649e+06 -9.507269215059357230e+05 3.525126800523055135e+05 3.981861463850925793e+05
1.511571073270617053e+06 3.022250218375978526e+06 3.603891273493688554e+06 1.099485100276638288e+06 2.508495885773014452e+05 1.880110284389506851e+05 1.086771048517604941e+05 2.717430654231725493e+05 1.057486913319531886e+05 5.813906376985752722e+05 6.917687669839754701e+06 2.222789022698062472e+06 1.642365323428217554e+06 1.880813759196017418e+04 8.364613187505829846e+05 -4.395182474156543030e+05 -2.485963644523786788e+05 1.451896845666584268e+05
-1.525898403719501039e+04 2.246848351020836737e+06 1.099485100276638288e+06 2.025934822502735304e+06 3.659155069985109149e+05 5.392711172343515500e+04 -6.793413105420219654e+04 -1.703314292853155712e+04 2.926690124426888815e+03 -5.339727511237463914e+06 -6.298182077969666570e+05 -8.155575577928451821e+05 6.025669203266825061e+05 5.374750062555827899e+05 4.769034722208601306e+05 -1.571179608380370773e+05 -7.008698353754123673e+04 2.190872235536409426e+05
-2.020122520859566750e+06 6.396706061000623595e+04 2.508495885773014452e+05 3.659155069985109149e+05 1.227869498094565002e+06 1.037405140907830064e+05 3.451148408627370372e+04 1.613811050366090203e+05 6.071017927250566572e+04 -5.376883070674052462e+06 9.643047787306744431e+04 -2.175245292678734986e+05 -1.185232609759892803e+05 1.057319220463271253e+06 5.097247002933619660e+05 1.905548003394046100e+05 3.818524029433015385e+05 1.806239914589899709e+05
7.878614189750414807e+05 3.732146054836006369e+05 1.880110284389506851e+05 5.392711172343515500e+04 1.037405140907830064e+05 3.905520639105252340e+05 2.241020556998750544e+04 3.611599361016705370e+04 -5.507778516414811747e+03 -1.670021934556573106e+05 5.550500086000683950e+05 2.596341843301414046e+05 9.300642740729490470e+04 3.735433223819056293e+05 7.213151149696815992e+05 1.655678776161139831e+05 2.353222414501754392e+05 1.814804782228682016e+05
7.530741232950564008e+05 7.125244780443464379e+02 1.086771048517604941e+05 -6.793413105420219654e+04 3.451148408627370372e+04 2.241020556998750544e+04 1.682108705524721590e+05 6.549184374998691055e+04 1.269065759576157689e+04 1.174192015372515656e+06 1.440767748918886064e+06 -3.371222470220929827e+05 4.807474368711297866e+05 -4.666607929095542204e+04 1.330565675252105284e+05 2.550363380600613018e+05 -1.181871423586899073e+04 7.022044335213136219e+04
4.803905146768264822e+05 3.189377516854720889e+05 2.717430654231725493e+05 -1.703314292853155712e+04 1.613811050366090203e+05 3.611599361016705370e+04 6.549184374998691055e+04 2.019074217493171163e+05 6.589243281767837470e+04 1.542912514426193433e+06 1.499913803967246320e+06 -2.420582573393329803e+05 -1.034031929567342740e+04 1.533570422172936742e+04 -1.685461441324287080e+04 2.787025218203949407e+03 -1.371788311505657475e+04 1.169128140442313306e+05
-5.251438687712691899e+04 3.627454122838709736e+05 1.057486913319531886e+05 2.926690124426888815e+03 6.071017927250566572e+04 -5.507778516414811747e+03 1.269065759576157689e+04 6.589243281767837470e+04 6.975521063908899669e+04 8.145316030966569670e+05 4.890347941824006266e+05 2.414132341813016683e+05 -1.637564162204957029e+04 1.449748308260593039e+05 7.098631477863568580e+04 -5.026816713201706443e+04 -5.231003398827419733e+04 4.952839978862948192e+04
2.681339957818607613e+07 1.185339667556434497e+07 5.813906376985752722e+05 -5.339727511237463914e+06 -5.376883070674052462e+06 -1.670021934556573106e+05 1.174192015372515656e+06 1.542912514426193433e+06 8.145316030966569670e+05 1.997992430230502486e+08 2.924042003276803344e+07 1.147816267661622539e+07 -2.838251612016688101e+06 -9.998180978921433911e+06 -4.115613510149552487e+06 3.213866952846028726e+05 -2.797338287094846833e+06 -2.878092731748408187e+04
1.081769358628232032e+07 1.219762175232005119e+07 6.917687669839754701e+06 -6.298182077969666570e+05 9.643047787306744431e+04 5.550500086000683950e+05 1.440767748918886064e+06 1.499913803967246320e+06 4.890347941824006266e+05 2.924042003276803344e+07 6.213490369966676086e+07 -5.470671388845884241e+06 3.658430840245793108e+06 -3.943288427588228136e+06 3.472745040572109167e+06 5.284081302425242029e+05 4.123725645764466026e+05 5.293588371229217591e+04
5.739163747606833931e+05 -1.929454551885458175e+06 2.222789022698062472e+06 -8.155575577928451821e+05 -2.175245292678734986e+05 2.596341843301414046e+05 -3.371222470220929827e+05 -2.420582573393329803e+05 2.414132341813016683e+05 1.147816267661622539e+07 -5.470671388845884241e+06 2.419895729311699420e+07 1.532685458110029111e+06 3.915433731452388689e+06 9.248143571615415858e+05 1.194182625598934479e+06 -1.256602628799293190e+06 4.138106462950183777e+05
1.570521668718183537e+04 4.606171915008325595e+05 1.642365323428217554e+06 6.025669203266825061e+05 -1.185232609759892803e+05 9.300642740729490470e+04 4.807474368711297866e+05 -1.034031929567342740e+04 -1.637564162204957029e+04 -2.838251612016688101e+06 3.658430840245793108e+06 1.532685458110029111e+06 8.063276607671636157e+06 4.307239881215041387e+05 1.155237992303236155e+06 9.427835400007806311e+04 -1.143078282300601422e+05 4.974635567744161817e+05
-2.714456711669483222e+06 2.880211349724424072e+05 1.880813759196017418e+04 5.374750062555827899e+05 1.057319220463271253e+06 3.735433223819056293e+05 -4.666607929095542204e+04 1.533570422172936742e+04 1.449748308260593039e+05 -9.998180978921433911e+06 -3.943288427588228136e+06 3.915433731452388689e+06 4.307239881215041387e+05 4.219406560310866684e+06 1.607919332709135721e+06 3.170278206782736233e+05 3.377801555477867369e+05 6.643868403236806626e+05
-1.133803808137485525e+06 1.433748533437867649e+06 8.364613187505829846e+05 4.769034722208601306e+05 5.097247002933619660e+05 7.213151149696815992e+05 1.330565675252105284e+05 -1.685461441324287080e+04 7.098631477863568580e+04 -4.115613510149552487e+06 3.472745040572109167e+06 9.248143571615415858e+05 1.155237992303236155e+06 1.607919332709135721e+06 3.723003035743683111e+06 4.268278522133080987e+05 1.028505481231245678e+06 6.342652627960385289e+05
2.778330152744177729e+06 -9.507269215059357230e+05 -4.395182474156543030e+05 -1.571179608380370773e+05 1.905548003394046100e+05 1.655678776161139831e+05 2.550363380600613018e+05 2.787025218203949407e+03 -5.026816713201706443e+04 3.213866952846028726e+05 5.284081302425242029e+05 1.194182625598934479e+06 9.427835400007806311e+04 3.170278206782736233e+05 4.268278522133080987e+05 2.127256013484290335e+06 1.765930961945758318e+05 1.133504473670549778e+05
-3.061631206878040102e+05 3.525126800523055135e+05 -2.485963644523786788e+05 -7.008698353754123673e+04 3.818524029433015385e+05 2.353222414501754392e+05 -1.181871423586899073e+04 -1.371788311505657475e+04 -5.231003398827419733e+04 -2.797338287094846833e+06 4.123725645764466026e+05 -1.256602628799293190e+06 -1.143078282300601422e+05 3.377801555477867369e+05 1.028505481231245678e+06 1.765930961945758318e+05 9.682648043180889217e+05 2.546130004508808779e+05
1.268123826964153908e+06 3.981861463850925793e+05 1.451896845666584268e+05 2.190872235536409426e+05 1.806239914589899709e+05 1.814804782228682016e+05 7.022044335213136219e+04 1.169128140442313306e+05 4.952839978862948192e+04 -2.878092731748408187e+04 5.293588371229217591e+04 4.138106462950183777e+05 4.974635567744161817e+05 6.643868403236806626e+05 6.342652627960385289e+05 1.133504473670549778e+05 2.546130004508808779e+05 6.127926094183828682e+05
