# lambda=0.1619712428778213
3.475848893672019243e+07 4.981478153503878973e+06 -1.210975419694355922e+06 1.201457894610110525e+05 5.668964251398651395e+05 5.345960330650307005e+05 -6.844915653683571145e+05 4.578942172740303213e+05 3.047577019308789168e+05 -2.547876976425598841e+06 1.776329825703989482e+06 8.990671197050016373e+06 6.518008993125651963e+06 3.325615585004767403e+06 1.858696427725367947e+06 6.812809321853157599e+05 1.150137574707414024e+06 -7.421698378042541444e+05
4.981478153503878973e+06 1.180129362874667905e+07 -5.784976855883974349e+05 -1.139759794697087957e+06 9.770632771897611674e+05 5.972042799190178048e+05 -5.265659211915289052e+05 1.876996095638785046e+05 -2.323848718783857839e+04 1.143441363215484656e+07 1.134742198958585784e+07 7.416577491719595157e+06 3.092273150877961423e+06 6.303860156192680588e+05 -1.998364265225381823e+06 -4.165562637313267624e+04 7.632879415101633640e+05 1.329110095580304915e+05
-1.210975419694355922e+06 -5.784976855883974349e+05 5.885631729096689261e+06 -3.743201607690249220e+05 2.296920250179567956e+05 -1.847610320689860964e+05 -4.305027672304848238e+04 7.330440072289521049e+04 2.077774537047677150e+05 -2.088757111652819440e+05 5.675451079128858633e+06 1.295925754736873787e+06 -1.843244327379359398e+06 9.518331053096276009e+05 -1.240586027005561860e+06 -5.350350972435929580e+05 2.867234803957560798e+05 -3.175621303827894153e+05
1.201457894610110525e+05 -1.139759794697087957e+06 -3.743201607690249220e+05 2.137573829245450441e+06 -6.504818352528812102e+04 -2.673820589353831019e+05 -1.320062021462657431e+05 2.352913020759156279e+04 6.820834033012419241e+04 -2.862390492685377598e+06 4.191810897468334879e+05 1.673948037512264447e+06 1.015866287272687186e+06 -2.760756829929981614e+05 5.451874648620040389e+05 -2.727337335542173823e+05 -3.960593795257186284e+05 5.206439010343275004e+04
5.668964251398651395e+05 9.770632771897611674e+05 2.296920250179567956e+05 -6.504818352528812102e+04 6.140070005129595520e+05 1.309814412870219239e+05 -3.592118542399110447e+04 2.977930792301039764e+04 1.977649067408468454e+03 -1.444629230483768508e+06 2.810995925242874771e+06 2.020551927559648408e+06 -2.727504585740730399e+05 2.968542379358542385e+05 1.342397001667300065e+05 -2.088488701643373061e+05 1.182049781708248483e+05 8.824757486344952486e+04
5.345960330650307005e+05 5.972042799190178048e+05 -1.847610320689860964e+05 -2.673820589353831019e+05 1.309814412870219239e+05 4.974355667784709949e+05 5.277586033185433189e+04 2.988475204048278465e+04 -3.656283410985045339e+04 -1.548599001542256447e+06 -6.483869323169380659e+05 -4.195041918986881501e+04 -5.752393742867448600e+05 -1.270696497528383043e+05 3.020540774337297771e+05 2.049739571958846063e+05 3.619420570433065586e+04 4.232094948311673215e+04
-6.844915653683571145e+05 -5.265659211915289052e+05 -4.305027672304848238e+04 -1.320062021462657431e+05 -3.592118542399110447e+04 5.277586033185433189e+04 2.268272487138697470e+05 3.995439570102294238e+04 -9.257674514321097377e+03 -3.331702840599952731e+06 -1.008297095555210253e+06 -9.874442249133503065e+05 -8.012153324879835127e+05 -1.442909234417894622e+05 1.961000185732235550e+05 7.525732164799036400e+04 6.420594644526405318e+04 4.282111667407639470e+04
4.578942172740303213e+05 1.876996095638785046e+05 7.330440072289521049e+04 2.352913020759156279e+04 2.977930792301039764e+04 2.988475204048278465e+04 3.995439570102294238e+04 1.156458508640559012e+05 1.221199601109043579e+04 -6.052374351945775561e+04 2.579503613740110304e+05 6.328911129541759146e+04 1.768403142323054490e+05 3.740240507915649459e+02 5.429445829698729540e+03 3.204088373815376690e+04 5.973026210805153096e+04 4.331186001351207233e+04
3.047577019308789168e+05 -2.323848718783857839e+04 2.077774537047677150e+05 6.820834033012419241e+04 1.977649067408468454e+03 -3.656283410985045339e+04 -9.257674514321097377e+03 1.221199601109043579e+04 7.113650246364848863e+04 -3.892892747634906555e+05 -7.795314526978020149e+04 5.285176088944806252e+05 7.806243799173059233e+04 6.511988992087337829e+04 7.742041351302007388e+04 8.559866740944955382e+03 9.952896894309035270e+04 8.769058429639924725e+03
-2.547876976425598841e+06 1.143441363215484656e+07 -2.088757111652819440e+05 -2.862390492685377598e+06 -1.444629230483768508e+06 -1.548599001542256447e+06 -3.331702840599952731e+06 -6.052374351945775561e+04 -3.892892747634906555e+05 1.722715651770867705e+08 2.923773829574287310e+07 1.712809462938361801e+06 1.701937789599326998e+07 -1.036959631748461514e+06 -6.256370797484903596e+06 -2.444953316746238619e+06 7.541706848974331515e+05 1.472750620541196316e+06
1.776329825703989482e+06 1.134742198958585784e+07 5.675451079128858633e+06 4.191810897468334879e+05 2.810995925242874771e+06 -6.483869323169380659e+05 -1.008297095555210253e+06 2.579503613740110304e+05 -7.795314526978020149e+04 2.923773829574287310e+07 6.459688930414512753e+07 1.612125556807634607e+07 4.945487085175300948e+06 3.492778274391415063e+06 -3.037556211773314979e+06 -1.743851587251195451e+06 1.344154044024950126e+06 6.215801662894140463e+05
8.990671197050016373e+06 7.416577491719595157e+06 1.295925754736873787e+06 1.673948037512264447e+06 2.020551927559648408e+06 -4.195041918986881501e+04 -9.874442249133503065e+05 6.328911129541759146e+04 5.285176088944806252e+05 1.712809462938361801e+06 1.612125556807634607e+07 3.427592443298366666e+07 2.903557956289638765e+06 -1.125891377234232612e+06 3.068190616829758510e+05 -1.723150348274061689e+06 2.472309087652677263e+05 8.643026186661756365e+05
6.518008993125651963e+06 3.092273150877961423e+06 -1.843244327379359398e+06 1.015866287272687186e+06 -2.727504585740730399e+05 -5.752393742867448600e+05 -8.012153324879835127e+05 1.768403142323054490e+05 7.806243799173059233e+04 1.701937789599326998e+07 4.945487085175300948e+06 2.903557956289638765e+06 1.122789123728851229e+07 2.064600120926806238e+06 -1.718623272625423735e+06 -5.873812877632767195e+05 5.222997205803834368e+05 -3.690823421275076107e+05
3.325615585004767403e+06 6.303860156192680588e+05 9.518331053096276009e+05 -2.760756829929981614e+05 2.968542379358542385e+05 -1.270696497528383043e+05 -1.442909234417894622e+05 3.740240507915649459e+02 6.511988992087337829e+04 -1.036959631748461514e+06 3.492778274391415063e+06 -1.125891377234232612e+06 2.064600120926806238e+06 4.868156049159620889e+06 2.532030213136434613e+05 -1.892668215078240028e+05 -4.211030985606592731e+04 -7.576161386735568522e+05
1.858696427725367947e+06 -1.998364265225381823e+06 -1.240586027005561860e+06 5.451874648620040389e+05 1.342397001667300065e+05 3.020540774337297771e+05 1.961000185732235550e+05 5.429445829698729540e+03 7.742041351302007388e+04 -6.256370797484903596e+06 -3.037556211773314979e+06 3.068190616829758510e+05 -1.718623272625423735e+06 2.532030213136434613e+05 2.623313253329166211e+06 4.925254117008223548e+05 -2.467079321598762763e+05 -2.486862466164604484e+04
6.812809321853157599e+05 -4.165562637313267624e+04 -5.350350972435929580e+05 -2.727337335542173823e+05 -2.088488701643373061e+05 2.049739571958846063e+05 7.525732164799036400e+04 3.204088373815376690e+04 8.559866740944955382e+03 -2.444953316746238619e+06 -1.743851587251195451e+06 -1.723150348274061689e+06 -5.873812877632767195e+05 -1.892668215078240028e+05 4.925254117008223548e+05 1.396391013627138454e+06 3.215633579074916197e+05 1.194071971780303429e+05
1.150137574707414024e+06 7.632879415101633640e+05 2.867234803957560798e+05 -3.960593795257186284e+05 1.182049781708248483e+05 3.619420570433065586e+04 6.420594644526405318e+04 5.973026210805153096e+04 9.952896894309035270e+04 7.541706848974331515e+05 1.344154044024950126e+06 2.472309087652677263e+05 5.222997205803834368e+05 -4.211030985606592731e+04 -2.467079321598762763e+05 3.215633579074916197e+05 1.113369204138799803e+06 2.701891481227510958e+05
-7.421698378042541444e+05 1.329110095580304915e+05 -3.175621303827894153e+05 5.206439010343275004e+04 8.824757486344952486e+04 4.232094948311673215e+04 4.282111667407639470e+04 4.331186001351207233e+04 8.769058429639924725e+03 1.472750620541196316e+06 6.215801662894140463e+05 8.643026186661756365e+05 -3.690823421275076107e+05 -7.576161386735568522e+05 -2.486862466164604484e+04 1.194071971780303429e+05 2.701891481227510958e+05 5.563514934839399066e+05
