# lambda=0.11312736122778815
3.848929715914857388e+07 6.740963763883396052e+06 3.296367479371594265e+06 -2.438376450316669419e+06 -9.931933770704797644e+04 -5.111399592334369081e+05 5.162747878213542863e+05 3.325370830698537175e+05 2.579010850404671219e+05 -1.410689489730497822e+07 -1.981105173154628603e+06 -4.322604058443952352e+06 -7.746938492271834984e+06 -4.919973612517964211e+05 1.441901711488172645e+06 1.292059858503547497e+06 1.078498292620574124e+06 5.129684783904565847e+05
6.740963763883396052e+06 1.858278993525917456e+07 4.266283549064419232e+06 -1.800304579986677272e+05 3.508837410508803441e+05 -5.757748678556293016e+05 -3.988041818002643413e+04 3.003572032907220419e+05 -1.322714103015990113e+05 3.416938479456763249e+06 1.496863437108533643e+07 8.470567290451953188e+06 -1.470882098029016750e+06 -6.501327880480483873e+05 -2.302943565988063812e+06 -8.879215750823734561e+05 5.515072136216256768e+05 4.922297705545389908e+05
3.296367479371594265e+06 4.266283549064419232e+06 3.394430666124170646e+06 -4.977439770549536479e+04 3.632658442920857487e+04 -9.598724534485895128e+04 1.002445925258923817e+05 1.979722617856589204e+05 -3.296039714562725749e+03 -1.062810426358930953e+07 6.507332833630191162e+05 2.615434129849125165e+06 1.892232386475182138e+05 -5.637232853213534690e+05 -1.308835140645527281e+06 -4.138011593483521137e+05 -1.082786749841566343e+05 3.038836621770078200e+05
-2.438376450316669419e+06 -1.800304579986677272e+05 -4.977439770549536479e+04 2.072599547949302709e+06 1.374124461321445124e+05 -2.330154094779589504e+05 1.175254748713226290e+05 2.120846960981094526e+04 -3.167344812515179729e+04 -2.601954724131292664e+06 -2.192134203060647706e+05 1.576830393910263665e+06 1.396418808982273797e+06 1.654558760907775140e+05 -1.726875514171679679e+05 4.150626347576961853e+05 -2.005227634293922747e+05 -8.025210838717017032e+04
-9.931933770704797644e+04 3.508837410508803441e+05 3.632658442920857487e+04 1.374124461321445124e+05 6.248582727513827849e+05 4.108642258939704334e+04 -7.986028012820782897e+04 1.478958999448122449e+04 8.315866611818315505e+03 9.487272744779366767e+05 -6.388557879180659074e+05 9.232050998822131660e+05 -3.341976181344211800e+05 5.231157276758828666e+05 3.004869733609152026e+05 8.928724574790007318e+04 -1.591036162232260976e+05 -9.047687985293766542e+04
-5.111399592334369081e+05 -5.757748678556293016e+05 -9.598724534485895128e+04 -2.330154094779589504e+05 4.108642258939704334e+04 4.417480631687971181e+05 9.002940917430187255e+03 6.176800171727812267e+04 3.820384303935946809e+04 7.378264800764938118e+05 -3.075140385087647592e+05 -3.858140626054938184e+05 2.712768352970767301e+05 -9.203915529727883040e+03 -2.680598023519885464e+04 2.003254660719703243e+05 9.798376824191689957e+04 1.620814176431704836e+05
5.162747878213542863e+05 -3.988041818002643413e+04 1.002445925258923817e+05 1.175254748713226290e+05 -7.986028012820782897e+04 9.002940917430187255e+03 2.204437753724732029e+05 8.758767286047482048e+04 7.965666170042412705e+04 -2.336647489305994008e+06 -3.427458839866959606e+05 2.551567773465641367e+05 2.503715581367136911e+05 -2.822013524074658635e+05 -1.706217879146890191e+05 1.226527943351735303e+05 1.081858601718679129e+05 1.108422695719991025e+05
3.325370830698537175e+05 3.003572032907220419e+05 1.979722617856589204e+05 2.120846960981094526e+04 1.478958999448122449e+04 6.176800171727812267e+04 8.758767286047482048e+04 1.955551678773471795e+05 5.204224155413904373e+04 -1.163885598030371359e+06 -7.916804992688405327e+05 1.536882248420194082e+05 2.684841588419940090e+05 -2.069497700657919049e+05 1.790294955936009501e+04 1.639557821904112352e+05 1.428354535578232899e+05 1.625911801120822201e+05
2.579010850404671219e+05 -1.322714103015990113e+05 -3.296039714562725749e+03 -3.167344812515179729e+04 8.315866611818315505e+03 3.820384303935946809e+04 7.965666170042412705e+04 5.204224155413904373e+04 9.573446614252678410e+04 -9.344167861590684624e+05 -2.587364323298522213e+05 -1.121354504648282018e+05 3.789355962097261363e+04 -4.084606102527386975e+04 -1.602159712785696902e+05 2.958374004417761171e+03 -4.621518471644617421e+03 3.159614525305710413e+04
-1.410689489730497822e+07 3.416938479456763249e+06 -1.062810426358930953e+07 -2.601954724131292664e+06 9.487272744779366767e+05 7.378264800764938118e+05 -2.336647489305994008e+06 -1.163885598030371359e+06 -9.344167861590684624e+05 2.233140483837012947e+08 3.262356376455212384e+07 -1.841174455352028832e+06 5.574147662512806710e+05 5.547765937867284752e+06 4.354442240948137827e+06 2.238044355619759299e+06 1.983652137110834301e+05 -6.938126456847672816e+05
-1.981105173154628603e+06 1.496863437108533643e+07 6.507332833630191162e+05 -2.192134203060647706e+05 -6.388557879180659074e+05 -3.075140385087647592e+05 -3.427458839866959606e+05 -7.916804992688405327e+05 -2.587364323298522213e+05 3.262356376455212384e+07 5.346151960757444799e+07 7.704500204416514374e+06 -1.731990738186348230e+06 3.792154231581908534e+05 -5.100689815851565450e+06 -2.265555990971685853e+06 -4.942854818774491432e+05 -5.379148770459592342e+05
-4.322604058443952352e+06 8.470567290451953188e+06 2.615434129849125165e+06 1.576830393910263665e+06 9.232050998822131660e+05 -3.858140626054938184e+05 2.551567773465641367e+05 1.536882248420194082e+05 -1.121354504648282018e+05 -1.841174455352028832e+06 7.704500204416514374e+06 3.171279346793366596e+07 6.538611827691693790e+06 -7.945475385846346617e+05 -1.196317252046074485e+06 6.475305553162945434e+05 4.743249605233034235e+05 4.298717253210264607e+05
-7.746938492271834984e+06 -1.470882098029016750e+06 1.892232386475182138e+05 1.396418808982273797e+06 -3.341976181344211800e+05 2.712768352970767301e+05 2.503715581367136911e+05 2.684841588419940090e+05 3.789355962097261363e+04 5.574147662512806710e+05 -1.731990738186348230e+06 6.538611827691693790e+06 9.330669781256524846e+06 -4.618205377635821351e+05 -7.639963142490138998e+05 3.191610833688226921e+04 -3.123677849215780152e+05 3.694669847958889441e+05
-4.919973612517964211e+05 -6.501327880480483873e+05 -5.637232853213534690e+05 1.654558760907775140e+05 5.231157276758828666e+05 -9.203915529727883040e+03 -2.822013524074658635e+05 -2.069497700657919049e+05 -4.084606102527386975e+04 5.547765937867284752e+06 3.792154231581908534e+05 -7.945475385846346617e+05 -4.618205377635821351e+05 2.497281848350100219e+06 3.757424456132655032e+05 6.100989925940791145e+05 -6.535080916214815807e+05 -7.616339427515525604e+05
1.441901711488172645e+06 -2.302943565988063812e+06 -1.308835140645527281e+06 -1.726875514171679679e+05 3.004869733609152026e+05 -2.680598023519885464e+04 -1.706217879146890191e+05 1.790294955936009501e+04 -1.602159712785696902e+05 4.354442240948137827e+06 -5.100689815851565450e+06 -1.196317252046074485e+06 -7.639963142490138998e+05 3.757424456132655032e+05 2.841499297620234545e+06 9.713642616866861936e+05 4.121204452562771621e+05 -1.167173585986004764e+05
1.292059858503547497e+06 -8.879215750823734561e+05 -4.138011593483521137e+05 4.150626347576961853e+05 8.928724574790007318e+04 2.003254660719703243e+05 1.226527943351735303e+05 1.639557821904112352e+05 2.958374004417761171e+03 2.238044355619759299e+06 -2.265555990971685853e+06 6.475305553162945434e+05 3.191610833688226921e+04 6.100989925940791145e+05 9.713642616866861936e+05 2.440443683448341675e+06 5.709336222649137489e+05 1.387031962294981931e+05
1.078498292620574124e+06 5.515072136216256768e+05 -1.082786749841566343e+05 -2.005227634293922747e+05 -1.591036162232260976e+05 9.798376824191689957e+04 1.081858601718679129e+05 1.428354535578232899e+05 -4.621518471644617421e+03 1.983652137110834301e+05 -4.942854818774491432e+05 4.743249605233034235e+05 -3.123677849215780152e+05 -6.535080916214815807e+05 4.121204452562771621e+05 5.709336222649137489e+05 1.006381589202594594e+06 3.254361296076648869e+05
5.129684783904565847e+05 4.922297705545389908e+05 3.038836621770078200e+05 -8.025210838717017032e+04 -9.047687985293766542e+04 1.620814176431704836e+05 1.108422695719991025e+05 1.625911801120822201e+05 3.159614525305710413e+04 -6.938126456847672816e+05 -5.379148770459592342e+05 4.298717253210264607e+05 3.694669847958889441e+05 -7.616339427515525604e+05 -1.167173585986004764e+05 1.387031962294981931e+05 3.254361296076648869e+05 5.618893974294253858e+05
