# lambda=0.14114427704144603
4.238275543895477057e+07 -1.360204861894486530e+05 3.860998614221535157e+06 9.030830558346406324e+05 3.426827486735317390e+06 5.164820769986361483e+03 4.282804842152936180e+04 -2.411923802594433073e+05 1.430222876440205146e+05 6.512703963546677493e+06 -7.474180293041832745e+06 -4.663137973607555032e+06 -3.761430356768234633e+06 -5.870792984161324566e+05 1.785929534470631974e+06 5.531996508959075436e+05 -1.797766086376261665e+05 -4.518130923689750489e+04
-1.360204861894486530e+05 1.318815518484173156e+07 2.338320010105109774e+06 1.191729395161560271e+06 8.834791812147175660e+05 7.247523229556544684e+05 4.265889456752543338e+05 1.823885091923125437e+05 2.025081952694722568e+05 2.003806855399477761e+06 6.266627431702488102e+06 2.446911451374088880e+06 -8.028459526707507903e+05 3.938349150782616925e+04 1.483207229141549906e+06 1.588965967214967357e+06 6.077252948382194154e+05 -7.697050042553271633e+05
3.860998614221535157e+06 2.338320010105109774e+06 3.229364434214981738e+06 1.245206337635808857e+06 6.094935691379101481e+05 -1.363661237486732352e+04 -1.108694932017122628e+05 1.023895645847371088e+04 -4.117739499401221110e+04 -1.616711992735037813e+06 5.942539725041654892e+05 -5.291985390959612560e+05 7.786541229302297870e+04 3.568273326350520365e+05 9.865257697942983359e+05 7.081579369423232274e+05 2.741276371523521375e+05 -1.657184944404292037e+05
9.030830558346406324e+05 1.191729395161560271e+06 1.245206337635808857e+06 2.118855408974421211e+06 5.636560703224876197e+05 6.871168367475537525e+04 9.612010028576865443e+04 7.323103956163437397e+04 9.698707996635473683e+04 3.189652941865687259e+06 -1.658053370272996137e+06 -1.340097329256482422e+06 6.787808550831663888e+05 4.873740061689325375e+05 7.257537092064127792e+05 2.456632550890702405e+05 2.873636189701923868e+05 -8.233662969641262316e+04
3.426827486735317390e+06 8.834791812147175660e+05 6.094935691379101481e+05 5.636560703224876197e+05 1.310901573166401591e+06 3.293097758420035243e+05 4.526347999851874192e+04 1.473491415385125729e+05 6.155870139872762229e+04 -1.756651352300387342e+06 7.013655351743838983e+05 -1.293167572553560836e+06 -1.687341543718670262e+06 -1.195369510969501134e+05 3.865373642750139697e+05 -1.149146897675968066e+05 2.450204175458645623e+05 -1.223302275648782816e+05
5.164820769986361483e+03 7.247523229556544684e+05 -1.363661237486732352e+04 6.871168367475537525e+04 3.293097758420035243e+05 4.944301994362811674e+05 5.134996466987597523e+04 1.297680830758359079e+05 8.940096698976457992e+04 -3.790907828089636285e+06 -1.667325569654817693e+06 -1.339247679826830572e+05 -1.225241463525264524e+06 -2.156805320503387775e+05 3.824356450413369203e+03 -5.828914071731810691e+04 9.544690280929990695e+04 -2.190349545636341209e+05
4.282804842152936180e+04 4.265889456752543338e+05 -1.108694932017122628e+05 9.612010028576865443e+04 4.526347999851874192e+04 5.134996466987597523e+04 2.921806514852809487e+05 -1.114432603080733344e+02 -7.006957148329902019e+00 2.101081207756876480e+06 -7.380379996005503926e+05 -8.705612523818324553e+04 1.356001867633073707e+05 -3.303498731236202002e+04 -1.750829236815604963e+05 -1.667617664328381943e+04 1.248670061983405758e+05 -1.251461382728105309e+04
-2.411923802594433073e+05 1.823885091923125437e+05 1.023895645847371088e+04 7.323103956163437397e+04 1.473491415385125729e+05 1.297680830758359079e+05 -1.114432603080733344e+02 1.583398778314435913e+05 5.901624086169222574e+04 -2.119071165389823262e+06 -1.295826752496441128e+06 -3.434179488623616053e+05 -3.970124914781847037e+05 -9.445982168339536292e+04 9.968812110428106098e+04 -3.569646656912484468e+04 1.657851504720981757e+05 7.943061889089962278e+03
1.430222876440205146e+05 2.025081952694722568e+05 -4.117739499401221110e+04 9.698707996635473683e+04 6.155870139872762229e+04 8.940096698976457992e+04 -7.006957148329902019e+00 5.901624086169222574e+04 9.406281371082812257e+04 -5.075265006385574816e+05 -7.771667054498194484e+05 -3.219406443230209406e+05 -1.509550838108333119e+05 -2.614693358807911864e+03 1.087920599935385981e+05 1.402396612553994964e+04 7.324453615090450330e+04 4.674956193788776000e+04
6.512703963546677493e+06 2.003806855399477761e+06 -1.616711992735037813e+06 3.189652941865687259e+06 -1.756651352300387342e+06 -3.790907828089636285e+06 2.101081207756876480e+06 -2.119071165389823262e+06 -5.075265006385574816e+05 2.168278701772276163e+08 2.246538187071080133e+07 -9.096165691991105676e+06 1.211367160248430632e+07 4.585195928366314620e+06 -2.527272729374743998e+06 2.752565029503680125e+04 -9.816737720927700866e+05 -1.040748857096802676e+06
-7.474180293041832745e+06 6.266627431702488102e+06 5.942539725041654892e+05 -1.658053370272996137e+06 7.013655351743838983e+05 -1.667325569654817693e+06 -7.380379996005503926e+05 -1.295826752496441128e+06 -7.771667054498194484e+05 2.246538187071080133e+07 8.279304422208048403e+07 1.792993455809151754e+07 2.404467969466885552e+06 -2.676539595024131238e+06 -2.505715317088610958e+06 6.501532805176893016e+05 -1.745748495813940186e+06 1.555092945182429394e+06
-4.663137973607555032e+06 2.446911451374088880e+06 -5.291985390959612560e+05 -1.340097329256482422e+06 -1.293167572553560836e+06 -1.339247679826830572e+05 -8.705612523818324553e+04 -3.434179488623616053e+05 -3.219406443230209406e+05 -9.096165691991105676e+06 1.792993455809151754e+07 2.812642684937692806e+07 6.183683449551090598e+06 1.740107672715383349e+06 1.440097215872856614e+05 -1.147017601114371791e+05 -9.969523823460359126e+05 -2.219832530711891595e+05
-3.761430356768234633e+06 -8.028459526707507903e+05 7.786541229302297870e+04 6.787808550831663888e+05 -1.687341543718670262e+06 -1.225241463525264524e+06 1.356001867633073707e+05 -3.970124914781847037e+05 -1.509550838108333119e+05 1.211367160248430632e+07 2.404467969466885552e+06 6.183683449551090598e+06 1.306067351416152902e+07 2.921303933456125204e+06 7.482267085544050205e+05 5.893457617182461545e+05 -5.440080154715995304e+05 1.242683179994433885e+06
-5.870792984161324566e+05 3.938349150782616925e+04 3.568273326350520365e+05 4.873740061689325375e+05 -1.195369510969501134e+05 -2.156805320503387775e+05 -3.303498731236202002e+04 -9.445982168339536292e+04 -2.614693358807911864e+03 4.585195928366314620e+06 -2.676539595024131238e+06 1.740107672715383349e+06 2.921303933456125204e+06 4.548893931412642822e+06 2.677949333000101149e+06 1.389911513761321316e+06 1.465811014669526485e+05 1.943861480758307443e+05
1.785929534470631974e+06 1.483207229141549906e+06 9.865257697942983359e+05 7.257537092064127792e+05 3.865373642750139697e+05 3.824356450413369203e+03 -1.750829236815604963e+05 9.968812110428106098e+04 1.087920599935385981e+05 -2.527272729374743998e+06 -2.505715317088610958e+06 1.440097215872856614e+05 7.482267085544050205e+05 2.677949333000101149e+06 3.429572150809430052e+06 1.592103993040974718e+06 2.878104555882670102e+05 -1.304822134233743418e+05
5.531996508959075436e+05 1.588965967214967357e+06 7.081579369423232274e+05 2.456632550890702405e+05 -1.149146897675968066e+05 -5.828914071731810691e+04 -1.667617664328381943e+04 -3.569646656912484468e+04 1.402396612553994964e+04 2.752565029503680125e+04 6.501532805176893016e+05 -1.147017601114371791e+05 5.893457617182461545e+05 1.389911513761321316e+06 1.592103993040974718e+06 1.952934494016627548e+06 1.530807806363330164e+05 7.273460499951448583e+03
-1.797766086376261665e+05 6.077252948382194154e+05 2.741276371523521375e+05 2.873636189701923868e+05 2.450204175458645623e+05 9.544690280929990695e+04 1.248670061983405758e+05 1.657851504720981757e+05 7.324453615090450330e+04 -9.816737720927700866e+05 -1.745748495813940186e+06 -9.969523823460359126e+05 -5.440080154715995304e+05 1.465811014669526485e+05 2.878104555882670102e+05 1.530807806363330164e+05 4.432709838704599533e+05 2.238616895454754194e+04
-4.518130923689750489e+04 -7.697050042553271633e+05 -1.657184944404292037e+05 -8.233662969641262316e+04 -1.223302275648782816e+05 -2.190349545636341209e+05 -1.251461382728105309e+04 7.943061889089962278e+03 4.674956193788776000e+04 -1.040748857096802676e+06 1.555092945182429394e+06 -2.219832530711891595e+05 1.242683179994433885e+06 1.943861480758307443e+05 -1.304822134233743418e+05 7.273460499951448583e+03 2.238616895454754194e+04 6.835405851262225769e+05
