# lambda=0.17784267911356788
3.923432975481287390e+07 2.584930000573973637e+06 7.823511729499194189e+04 -1.366825428293337580e+06 -6.463897971419717651e+05 -5.053616654247234110e+05 5.114810103996007092e+04 8.414910199793531792e+05 7.137708745087750140e+04 3.310903271422916651e+07 1.423586488892371766e+07 -1.564220144761047326e+06 4.429604569421087392e+06 -5.469552434845563257e+05 2.355213396000903100e+06 1.752610717502796324e+05 2.076340701140763005e+06 -7.304711389241357101e+05
2.584930000573973637e+06 1.179262292527600378e+07 3.336455767554988153e+06 4.745473554964977666e+05 9.178448931291016052e+05 1.339960461158177350e+05 2.010489206570472161e+05 1.339797848410886363e+05 4.641478005774135090e+04 -6.496332978444758337e+05 6.397980281490654685e+06 4.143977041792593664e+05 3.071565756300209090e+06 2.499748292252199259e+06 3.254780565198995173e+05 4.551549781079654931e+05 -1.201848993037475593e+05 -4.037530184528587852e+05
7.823511729499194189e+04 3.336455767554988153e+06 6.334146318882688880e+06 6.132771944118693937e+05 1.611003789309542335e+05 1.320043489221995405e+05 3.760929796457878547e+05 2.387595360339204490e+05 2.943459055062971893e+05 -5.941105245136653073e+06 -8.003344071719205007e+06 4.799870565296524204e+06 1.451733404096266022e+06 2.078720612646108493e+06 9.866601277426804882e+04 -2.804217120788210887e+05 7.233529665672627743e+04 7.180266195081479964e+04
-1.366825428293337580e+06 4.745473554964977666e+05 6.132771944118693937e+05 7.674175094838192454e+05 1.003839621364807099e+05 9.796532388284437184e+04 3.111221820440047304e+04 -5.866671693259909807e+04 7.244816829211882578e+03 -3.218723710118491435e+05 -1.305788503328169696e+06 8.882794261040479178e+05 -4.830093300207912107e+05 5.834999220577072119e+05 1.092862650317095686e+05 -9.990585247874479683e+04 -4.049403390875288751e+05 -4.019330526597741846e+04
-6.463897971419717651e+05 9.178448931291016052e+05 1.611003789309542335e+05 1.003839621364807099e+05 1.026029202651455416e+06 1.718638369345130341e+05 8.373924882659365539e+04 2.896146355711760771e+04 -4.151977863774128309e+03 -5.167676231164053315e+05 2.338014327224762237e+05 1.051888740130599821e+06 3.590667879756417824e+05 7.403568073719810927e+05 3.896714162980557740e+04 1.838258961509720830e+05 6.767717958503529371e+04 4.354661571083025592e+03
-5.053616654247234110e+05 1.339960461158177350e+05 1.320043489221995405e+05 9.796532388284437184e+04 1.718638369345130341e+05 3.957767004656726494e+05 1.015810929248516914e+05 -9.452860422351275702e+03 -6.908522563792514120e+03 -1.497422665977596305e+06 -6.257854598577907309e+05 1.855552047519089829e+05 -3.990499064561179694e+04 3.534072526903877733e+05 3.352666758759606746e+05 1.796478546771642577e+05 -4.818196864979773090e+04 -1.909523078286729578e+05
5.114810103996007092e+04 2.010489206570472161e+05 3.760929796457878547e+05 3.111221820440047304e+04 8.373924882659365539e+04 1.015810929248516914e+05 2.899684077010968467e+05 2.944332578569894031e+04 1.147312214000904060e+05 -1.295725645987028256e+06 -1.157083434721768834e+06 -5.573949755970007973e+05 -7.226945103574601490e+03 3.360257093335017562e+05 2.715166345470005763e+05 1.913078503200156847e+05 9.188231185536015255e+04 -6.062347977029996400e+04
8.414910199793531792e+05 1.339797848410886363e+05 2.387595360339204490e+05 -5.866671693259909807e+04 2.896146355711760771e+04 -9.452860422351275702e+03 2.944332578569894031e+04 1.406633100304667896e+05 5.555396525416352961e+04 5.022681061635569786e+05 2.260704882526037691e+05 -3.288542169561418705e+05 1.394405422509874334e+05 -2.176263139803757367e+05 -2.103577370987372342e+04 3.002036422019705060e+04 1.556502869225764298e+05 -9.714005099759118821e+03
7.137708745087750140e+04 4.641478005774135090e+04 2.943459055062971893e+05 7.244816829211882578e+03 -4.151977863774128309e+03 -6.908522563792514120e+03 1.147312214000904060e+05 5.555396525416352961e+04 1.210180427510023437e+05 -8.135018024442470632e+05 -3.911034838110106066e+05 -3.897531014543987694e+05 -1.855018758716031443e+05 7.115609499716798018e+04 3.763143518022141507e+04 4.675740752979755052e+04 6.482492068015034602e+04 2.537851728267595263e+03
3.310903271422916651e+07 -6.496332978444758337e+05 -5.941105245136653073e+06 -3.218723710118491435e+05 -5.167676231164053315e+05 -1.497422665977596305e+06 -1.295725645987028256e+06 5.022681061635569786e+05 -8.135018024442470632e+05 2.339825423095964789e+08 2.782917605447236076e+07 6.240025324492300861e+06 -9.525592714738226496e+05 -4.691727143966226839e+06 -2.287171774065414444e+06 -5.351065082321287133e+06 -1.394035567060794914e+06 -2.460004775939130690e+06
1.423586488892371766e+07 6.397980281490654685e+06 -8.003344071719205007e+06 -1.305788503328169696e+06 2.338014327224762237e+05 -6.257854598577907309e+05 -1.157083434721768834e+06 2.260704882526037691e+05 -3.911034838110106066e+05 2.782917605447236076e+07 7.754976363544154167e+07 3.370498336958005093e+06 2.854103720423546620e+06 -3.303016501270985231e+06 -1.954737762923145201e+06 5.782326624751283089e+05 2.549744830931582488e+06 -1.262985514921358787e+06
-1.564220144761047326e+06 4.143977041792593664e+05 4.799870565296524204e+06 8.882794261040479178e+05 1.051888740130599821e+06 1.855552047519089829e+05 -5.573949755970007973e+05 -3.288542169561418705e+05 -3.897531014543987694e+05 6.240025324492300861e+06 3.370498336958005093e+06 2.464289611995011196e+07 3.271343632629771251e+06 4.198545289798224345e+06 -6.407334215296810726e+05 -1.073983125136604998e+06 7.908340059431694681e+05 4.313067082965276204e+05
4.429604569421087392e+06 3.071565756300209090e+06 1.451733404096266022e+06 -4.830093300207912107e+05 3.590667879756417824e+05 -3.990499064561179694e+04 -7.226945103574601490e+03 1.394405422509874334e+05 -1.855018758716031443e+05 -9.525592714738226496e+05 2.854103720423546620e+06 3.271343632629771251e+06 6.349645828212589025e+06 1.719655395747926013e+04 -9.916885884100754629e+04 -4.070682233562961919e+05 1.373486408698966494e+06 6.637271293076897564e+04
-5.469552434845563257e+05 2.499748292252199259e+06 2.078720612646108493e+06 5.834999220577072119e+05 7.403568073719810927e+05 3.534072526903877733e+05 3.360257093335017562e+05 -2.176263139803757367e+05 7.115609499716798018e+04 -4.691727143966226839e+06 -3.303016501270985231e+06 4.198545289798224345e+06 1.719655395747926013e+04 5.256745527267604135e+06 9.223472100532099139e+05 5.748728332372754812e+05 2.266156847150077010e+04 -2.000964382311720110e+05
2.355213396000903100e+06 3.254780565198995173e+05 9.866601277426804882e+04 1.092862650317095686e+05 3.896714162980557740e+04 3.352666758759606746e+05 2.715166345470005763e+05 -2.103577370987372342e+04 3.763143518022141507e+04 -2.287171774065414444e+06 -1.954737762923145201e+06 -6.407334215296810726e+05 -9.916885884100754629e+04 9.223472100532099139e+05 1.709770166838634294e+06 8.357511844411309576e+05 -3.770071469810222334e+04 -1.509785447721321543e+05
1.752610717502796324e+05 4.551549781079654931e+05 -2.804217120788210887e+05 -9.990585247874479683e+04 1.838258961509720830e+05 1.796478546771642577e+05 1.913078503200156847e+05 3.002036422019705060e+04 4.675740752979755052e+04 -5.351065082321287133e+06 5.782326624751283089e+05 -1.073983125136604998e+06 -4.070682233562961919e+05 5.748728332372754812e+05 8.357511844411309576e+05 1.289467848606455838e+06 2.652271611432973295e+05 8.319882990021025762e+03
2.076340701140763005e+06 -1.201848993037475593e+05 7.233529665672627743e+04 -4.049403390875288751e+05 6.767717958503529371e+04 -4.818196864979773090e+04 9.188231185536015255e+04 1.556502869225764298e+05 6.482492068015034602e+04 -1.394035567060794914e+06 2.549744830931582488e+06 7.908340059431694681e+05 1.373486408698966494e+06 2.266156847150077010e+04 -3.770071469810222334e+04 2.652271611432973295e+05 1.047310652311959071e+06 1.612545323988180317e+05
-7.304711389241357101e+05 -4.037530184528587852e+05 7.180266195081479964e+04 -4.019330526597741846e+04 4.354661571083025592e+03 -1.909523078286729578e+05 -6.062347977029996400e+04 -9.714005099759118821e+03 2.537851728267595263e+03 -2.460004775939130690e+06 -1.262985514921358787e+06 4.313067082965276204e+05 6.637271293076897564e+04 -2.000964382311720110e+05 -1.509785447721321543e+05 8.319882990021025762e+03 1.612545323988180317e+05 6.789229331825652625e+05
