# lambda=0.1169116723938503
4.203134847591317445e+07 9.835204028253899887e+06 1.113015753354362445e+06 5.662513615727018332e+05 -1.492015870851976564e+06 -1.165552748159444454e+05 1.058777355722192209e+06 4.726815532147878548e+05 3.687017754467491177e+05 3.735616888009353727e+07 3.171488760522013996e+06 -8.297159865966475569e+06 -2.173091066347188782e+06 -6.598390413028257899e+06 -7.522298437184204813e+05 -9.206933936755862087e+05 -1.464426779942810244e+05 3.751419632527449867e+05
9.835204028253899887e+06 1.994531183321391046e+07 5.158539439536302962e+04 3.967627928637266741e+05 1.757310288172066910e+06 4.102026596893023816e+05 3.943259803194843698e+05 1.085872740411457344e+05 1.732757219369508675e+04 1.768072978731561825e+07 1.061059634694540314e+07 3.685812710558201652e+05 -2.284989882898767013e+06 -2.483126924196831882e+06 -1.116095592683839612e+06 2.470699336926873657e+05 4.024718165457709110e+05 2.676301507408575853e+05
1.113015753354362445e+06 5.158539439536302962e+04 3.399316193273873068e+06 5.076828844104706077e+05 -2.969330689119672170e+05 -4.571480180393908522e+05 2.366930926168063015e+05 2.852120079767961288e+05 1.319862942768695648e+05 -6.316294543347698636e+06 6.836689477502756054e+05 4.744265751936655724e+05 -2.359026447922440129e+05 -1.787746039051772386e+05 6.454340731611702358e+05 -3.628658211370847130e+04 6.789357685712521197e+04 4.219154967475950252e+04
5.662513615727018332e+05 3.967627928637266741e+05 5.076828844104706077e+05 1.933980678625585278e+06 3.387065044204413425e+05 -2.584313787340359122e+05 3.976962819125802489e+05 1.721715166985419928e+05 7.541940363961322873e+04 -6.980554220963883214e+06 -1.025899387382513960e+06 -1.836456092814201547e+05 1.284045106057308149e+06 1.154981430090896552e+06 1.533284209927748889e+05 3.518583331218932872e+05 -2.292335086092229467e+05 9.559146869063923077e+04
-1.492015870851976564e+06 1.757310288172066910e+06 -2.969330689119672170e+05 3.387065044204413425e+05 1.142013063419308281e+06 2.784275778495622217e+05 1.175711429616781388e+05 -3.437998919325515453e+04 -1.443215552353928433e+04 -3.416469470994087402e+06 -1.076157590664441814e+05 5.948333467149486532e+05 -5.549605890858364291e+05 6.857230386836609105e+05 4.376970065061686910e+05 3.993965747577196453e+05 -6.020539741863035306e+04 -9.948987653393925939e+03
-1.165552748159444454e+05 4.102026596893023816e+05 -4.571480180393908522e+05 -2.584313787340359122e+05 2.784275778495622217e+05 7.230983046701474814e+05 1.233862232956213702e+05 -6.817438913535741449e+04 1.134881618365222967e+05 -1.065750828190547647e+06 6.817940621024314896e+04 1.039824486892491579e+06 -8.488916955630111624e+04 -1.043985290938953258e+05 6.178453108579851687e+05 2.726470563310729922e+05 -1.639912916486442100e+03 1.002559185906102721e+04
1.058777355722192209e+06 3.943259803194843698e+05 2.366930926168063015e+05 3.976962819125802489e+05 1.175711429616781388e+05 1.233862232956213702e+05 3.385630574043675442e+05 2.404523940224764738e+04 1.034860560195502039e+05 -1.178871008072806522e+06 2.201829592872006469e+05 -3.927252363547401619e+05 3.951893057357914513e+05 3.618422560488370946e+05 2.395879679981546360e+05 1.873509594345487421e+05 2.076041919692024021e+04 2.138387493982297601e+05
4.726815532147878548e+05 1.085872740411457344e+05 2.852120079767961288e+05 1.721715166985419928e+05 -3.437998919325515453e+04 -6.817438913535741449e+04 2.404523940224764738e+04 1.464203264886729012e+05 2.259676640813368795e+04 2.207894607086632750e+05 -4.205174145868768101e+05 1.538984854357135773e+05 5.287168383933455916e+05 -1.697151580539789284e+05 2.290960561394929027e+04 9.200301559692985029e+04 1.080475895243639388e+04 4.269889026933916466e+04
3.687017754467491177e+05 1.732757219369508675e+04 1.319862942768695648e+05 7.541940363961322873e+04 -1.443215552353928433e+04 1.134881618365222967e+05 1.034860560195502039e+05 2.259676640813368795e+04 1.609350703907851421e+05 -9.563676228023408912e+05 6.759663958040422585e+04 2.201720186148670909e+05 5.518890504933203338e+05 -6.166207118430318224e+04 9.033197400130156893e+04 5.264807527179873432e+03 -3.033951850615237618e+03 1.383919389044784766e+05
3.735616888009353727e+07 1.768072978731561825e+07 -6.316294543347698636e+06 -6.980554220963883214e+06 -3.416469470994087402e+06 -1.065750828190547647e+06 -1.178871008072806522e+06 2.207894607086632750e+05 -9.563676228023408912e+05 2.375275553696669936e+08 2.100271891237801313e+07 -4.546814173721835949e+06 2.613492770353240892e+06 -5.807361539883027785e+06 -1.314907781429877272e+06 -7.795976256117075682e+05 1.954947160914338892e+06 3.189758967566148494e+05
3.171488760522013996e+06 1.061059634694540314e+07 6.836689477502756054e+05 -1.025899387382513960e+06 -1.076157590664441814e+05 6.817940621024314896e+04 2.201829592872006469e+05 -4.205174145868768101e+05 6.759663958040422585e+04 2.100271891237801313e+07 4.261083258729110658e+07 7.125300284328437410e+06 -3.168611838698215433e+05 1.335104899579709629e+06 1.981459702075987123e+06 7.055078368017534958e+05 6.692832582452259958e+05 4.874020580709828646e+05
-8.297159865966475569e+06 3.685812710558201652e+05 4.744265751936655724e+05 -1.836456092814201547e+05 5.948333467149486532e+05 1.039824486892491579e+06 -3.927252363547401619e+05 1.538984854357135773e+05 2.201720186148670909e+05 -4.546814173721835949e+06 7.125300284328437410e+06 2.027995237549219653e+07 2.821959233825568110e+06 3.733333204390606843e+06 3.690771544002911542e+06 7.423695584394687321e+05 -4.857040598930047709e+05 -6.398213817354231142e+05
-2.173091066347188782e+06 -2.284989882898767013e+06 -2.359026447922440129e+05 1.284045106057308149e+06 -5.549605890858364291e+05 -8.488916955630111624e+04 3.951893057357914513e+05 5.287168383933455916e+05 5.518890504933203338e+05 2.613492770353240892e+06 -3.168611838698215433e+05 2.821959233825568110e+06 1.305668474914211594e+07 4.040598099195552990e+06 1.579622553253514634e+05 -3.048395405736113898e+05 4.043719547441675240e+04 6.036304641532499809e+05
-6.598390413028257899e+06 -2.483126924196831882e+06 -1.787746039051772386e+05 1.154981430090896552e+06 6.857230386836609105e+05 -1.043985290938953258e+05 3.618422560488370946e+05 -1.697151580539789284e+05 -6.166207118430318224e+04 -5.807361539883027785e+06 1.335104899579709629e+06 3.733333204390606843e+06 4.040598099195552990e+06 8.685733287359943613e+06 1.449462416508458322e+06 8.096696016985384049e+05 -4.471477811742532649e+05 -4.224230606378324446e+05
-7.522298437184204813e+05 -1.116095592683839612e+06 6.454340731611702358e+05 1.533284209927748889e+05 4.376970065061686910e+05 6.178453108579851687e+05 2.395879679981546360e+05 2.290960561394929027e+04 9.033197400130156893e+04 -1.314907781429877272e+06 1.981459702075987123e+06 3.690771544002911542e+06 1.579622553253514634e+05 1.449462416508458322e+06 2.696551053691244684e+06 4.619057075839886093e+05 -1.542722122073242790e+05 3.740643153118425107e+04
-9.206933936755862087e+05 2.470699336926873657e+05 -3.628658211370847130e+04 3.518583331218932872e+05 3.993965747577196453e+05 2.726470563310729922e+05 1.873509594345487421e+05 9.200301559692985029e+04 5.264807527179873432e+03 -7.795976256117075682e+05 7.055078368017534958e+05 7.423695584394687321e+05 -3.048395405736113898e+05 8.096696016985384049e+05 4.619057075839886093e+05 1.473018633486637846e+06 3.966586581976072921e+04 5.807932906897816429e+04
-1.464426779942810244e+05 4.024718165457709110e+05 6.789357685712521197e+04 -2.292335086092229467e+05 -6.020539741863035306e+04 -1.639912916486442100e+03 2.076041919692024021e+04 1.080475895243639388e+04 -3.033951850615237618e+03 1.954947160914338892e+06 6.692832582452259958e+05 -4.857040598930047709e+05 4.043719547441675240e+04 -4.471477811742532649e+05 -1.542722122073242790e+05 3.966586581976072921e+04 4.901117938671034644e+05 2.425546255989733909e+05
3.751419632527449867e+05 2.676301507408575853e+05 4.219154967475950252e+04 9.559146869063923077e+04 -9.948987653393925939e+03 1.002559185906102721e+04 2.138387493982297601e+05 4.269889026933916466e+04 1.383919389044784766e+05 3.189758967566148494e+05 4.874020580709828646e+05 -6.398213817354231142e+05 6.036304641532499809e+05 -4.224230606378324446e+05 3.740643153118425107e+04 5.807932906897816429e+04 2.425546255989733909e+05 6.702080424256009283e+05
