# lambda=0.13335517126216062
6.110675643668792397e+07 -4.472691149587596883e+05 1.864527318126017228e+06 -7.066802737925864058e+05 9.928132894536155509e+05 -7.161105430875512538e+05 -1.889785600894663075e+05 -4.838574543427531025e+05 -5.986220058984046336e+05 1.229619673149001226e+07 -2.718631957974465564e+06 7.891794034656913951e+06 -1.156757116420454578e+06 7.706105157855078578e+05 -5.421026361271956936e+06 -2.662125733343150932e+06 1.387114859910374507e+06 4.106487514250699896e+05
-4.472691149587596883e+05 1.740925780930020288e+07 4.425360347664591856e+06 1.588141706926608691e+06 1.976117304591718712e+05 3.319861580745232059e+05 2.893254379904381349e+05 2.981073732589740539e+05 2.599278781133022858e+05 9.399001492714131251e+06 1.428388333648069762e+07 4.271124076799797826e+06 3.255677941360700876e+06 1.171333817413551034e+06 2.467469764749119524e+06 -5.558933214308187598e+05 -5.956544948757025413e+05 6.455956174615125638e+05
1.864527318126017228e+06 4.425360347664591856e+06 6.214406999161387794e+06 1.190145521827442106e+06 3.057138617538121180e+05 1.193121503563343780e+06 1.317940031104584341e+05 -1.606676461527154061e+04 5.278453926724258781e+04 2.820206410561279394e+06 7.056986141038831323e+06 4.711425500955841504e+06 1.546177893106862437e+06 -5.654670848196948646e+05 1.504252018603945151e+06 -1.209749697970515350e+06 -1.691196557641534309e+05 -9.323125256387541594e+04
-7.066802737925864058e+05 1.588141706926608691e+06 1.190145521827442106e+06 1.863485815577068133e+06 1.993029010297695349e+05 2.521028637393014214e+05 -1.403725048579435388e+05 -1.830100137371082747e+04 -2.062795479095983683e+04 -4.953095736315106973e+06 5.628763025651713833e+06 1.284413208390465239e+06 1.577624215444010217e+06 -2.541528039769596944e+05 8.288805799368259031e+05 -6.488226517171896994e+05 3.028650317258353243e+04 8.891173183038578145e+02
9.928132894536155509e+05 1.976117304591718712e+05 3.057138617538121180e+05 1.993029010297695349e+05 7.173396634428134421e+05 1.653523229997448507e+05 -8.106324718988403220e+03 -3.064862632730410769e+04 8.087753613934635359e+04 2.383323561346529517e+06 1.758315105720069027e+06 8.515913630828132154e+05 2.678847750926312874e+05 6.989718460678836564e+05 4.118556443453057436e+05 -1.442727149754717539e+04 -3.995162208171198927e+03 -7.788352213481957733e+04
-7.161105430875512538e+05 3.319861580745232059e+05 1.193121503563343780e+06 2.521028637393014214e+05 1.653523229997448507e+05 5.642170762336780317e+05 -2.240868217672551691e+04 7.014590679540898236e+03 5.627511771874366241e+04 -3.111242497906466597e+05 6.918248723638318188e+04 3.829679157152675907e+05 7.412531488058659015e+05 -6.075798368780313467e+04 6.892621857058730675e+05 -3.110710513455333421e+05 -4.521128335899316153e+04 -8.468903752467852610e+04
-1.889785600894663075e+05 2.893254379904381349e+05 1.317940031104584341e+05 -1.403725048579435388e+05 -8.106324718988403220e+03 -2.240868217672551691e+04 1.540339974236871931e+05 9.932901320764706179e+04 3.434295588055733970e+04 -4.278292740761985769e+05 -7.011240264223073609e+05 -2.101879561411336181e+05 -3.570701400516069843e+05 2.926232984467716306e+05 3.266612702518802325e+04 1.010084895943219162e+05 2.337224031999848012e+04 5.452866712558886502e+04
-4.838574543427531025e+05 2.981073732589740539e+05 -1.606676461527154061e+04 -1.830100137371082747e+04 -3.064862632730410769e+04 7.014590679540898236e+03 9.932901320764706179e+04 1.678245910192037991e+05 3.115959021910470256e+04 -5.199800265786271193e+05 -1.825419153176343534e+05 -6.057143160272166133e+05 -2.882234843730595894e+05 3.044741144407832180e+05 2.554040082745359396e+05 1.274548892905817593e+04 -4.365195377668447327e+04 7.120715271781457704e+04
-5.986220058984046336e+05 2.599278781133022858e+05 5.278453926724258781e+04 -2.062795479095983683e+04 8.087753613934635359e+04 5.627511771874366241e+04 3.434295588055733970e+04 3.115959021910470256e+04 8.514672756668788497e+04 6.092447441938059637e+05 5.380039111870154738e+05 1.595937586150575044e+04 -7.319847508642631874e+04 2.809124655586137087e+05 2.333066607816852629e+05 1.009133892025034438e+05 -5.026227831845635228e+04 3.117435058028463754e+04
1.229619673149001226e+07 9.399001492714131251e+06 2.820206410561279394e+06 -4.953095736315106973e+06 2.383323561346529517e+06 -3.111242497906466597e+05 -4.278292740761985769e+05 -5.199800265786271193e+05 6.092447441938059637e+05 1.603324292736227810e+08 3.082752674052850530e+07 -4.242524843987285160e+06 -6.306376894323294982e+06 9.212589846221493557e+06 2.710418285806184635e+06 1.846620301972019952e+06 -3.429552800857108668e+05 1.109018515891773161e+06
-2.718631957974465564e+06 1.428388333648069762e+07 7.056986141038831323e+06 5.628763025651713833e+06 1.758315105720069027e+06 6.918248723638318188e+04 -7.011240264223073609e+05 -1.825419153176343534e+05 5.380039111870154738e+05 3.082752674052850530e+07 9.839311662459194660e+07 6.355197991906817071e+06 4.405375416948003694e+06 3.970769455046311021e+06 8.029708367404846475e+06 -1.928164196579194162e+06 -2.573417601004789118e+06 1.558068205372255761e+06
7.891794034656913951e+06 4.271124076799797826e+06 4.711425500955841504e+06 1.284413208390465239e+06 8.515913630828132154e+05 3.829679157152675907e+05 -2.101879561411336181e+05 -6.057143160272166133e+05 1.595937586150575044e+04 -4.242524843987285160e+06 6.355197991906817071e+06 2.720694439537779614e+07 4.168003391803786624e+06 -8.025448193818622967e+05 1.798322339059367077e+06 -9.430321797734167194e+05 1.418131978365269315e+05 -2.565418650529054285e+05
-1.156757116420454578e+06 3.255677941360700876e+06 1.546177893106862437e+06 1.577624215444010217e+06 2.678847750926312874e+05 7.412531488058659015e+05 -3.570701400516069843e+05 -2.882234843730595894e+05 -7.319847508642631874e+04 -6.306376894323294982e+06 4.405375416948003694e+06 4.168003391803786624e+06 8.128401765905139968e+06 -3.028787000278898631e+05 2.238172984218628611e+06 -6.393782205453900388e+05 5.076570937395847868e+05 1.460471343282596790e+05
7.706105157855078578e+05 1.171333817413551034e+06 -5.654670848196948646e+05 -2.541528039769596944e+05 6.989718460678836564e+05 -6.075798368780313467e+04 2.926232984467716306e+05 3.044741144407832180e+05 2.809124655586137087e+05 9.212589846221493557e+06 3.970769455046311021e+06 -8.025448193818622967e+05 -3.028787000278898631e+05 5.073092717320349999e+06 2.460058455414075870e+06 6.329637520625483012e+05 2.495263227138554503e+05 6.030675221741416026e+05
-5.421026361271956936e+06 2.467469764749119524e+06 1.504252018603945151e+06 8.288805799368259031e+05 4.118556443453057436e+05 6.892621857058730675e+05 3.266612702518802325e+04 2.554040082745359396e+05 2.333066607816852629e+05 2.710418285806184635e+06 8.029708367404846475e+06 1.798322339059367077e+06 2.238172984218628611e+06 2.460058455414075870e+06 4.575908957695413381e+06 -4.159825181564541417e+05 -3.745884401270794333e+05 3.242132239056915278e+05
-2.662125733343150932e+06 -5.558933214308187598e+05 -1.209749697970515350e+06 -6.488226517171896994e+05 -1.442727149754717539e+04 -3.110710513455333421e+05 1.010084895943219162e+05 1.274548892905817593e+04 1.009133892025034438e+05 1.846620301972019952e+06 -1.928164196579194162e+06 -9.430321797734167194e+05 -6.393782205453900388e+05 6.329637520625483012e+05 -4.159825181564541417e+05 1.459070568737729685e+06 4.482878516937576205e+04 4.099076484599093965e+04
1.387114859910374507e+06 -5.956544948757025413e+05 -1.691196557641534309e+05 3.028650317258353243e+04 -3.995162208171198927e+03 -4.521128335899316153e+04 2.337224031999848012e+04 -4.365195377668447327e+04 -5.026227831845635228e+04 -3.429552800857108668e+05 -2.573417601004789118e+06 1.418131978365269315e+05 5.076570937395847868e+05 2.495263227138554503e+05 -3.745884401270794333e+05 4.482878516937576205e+04 5.569334020276339725e+05 1.043463273404724350e+04
4.106487514250699896e+05 6.455956174615125638e+05 -9.323125256387541594e+04 8.891173183038578145e+02 -7.788352213481957733e+04 -8.468903752467852610e+04 5.452866712558886502e+04 7.120715271781457704e+04 3.117435058028463754e+04 1.109018515891773161e+06 1.558068205372255761e+06 -2.565418650529054285e+05 1.460471343282596790e+05 6.030675221741416026e+05 3.242132239056915278e+05 4.099076484599093965e+04 1.043463273404724350e+04 2.950854168916465132e+05
