# lambda=0.15992160989385754
4.767082999829173833e+07 -4.611330656088330783e+06 3.535385415242379531e+06 1.358215679143644811e+05 1.725864594342143100e+05 -1.065016774288036977e+05 3.530574303995699156e+05 -5.354473443419963587e+05 1.290396288096946810e+05 2.638472243869102560e+06 -1.152443269486234710e+07 -1.512597918536914047e+06 4.904111567340687849e+06 -3.817887103648808785e+06 -2.662935425591334235e+06 -3.687102452635136433e+05 -1.558123320551673649e+06 -5.955542267040797742e+05
-4.611330656088330783e+06 9.909006052283018827e+06 1.300247789411624253e+05 2.173717212795616069e+05 2.082784381754059577e+05 -3.685301327533776057e+05 -6.201988665996977943e+03 -5.716042821738238126e+04 -9.983133945216458233e+04 -3.739346024677733425e+06 4.045314386309812777e+06 4.175506646809304133e+06 -2.325247639727302885e+04 3.804004988701078692e+05 -8.504210998720473144e+05 -1.570221631708432222e+06 -4.825394662245247746e+05 -4.931018725301340455e+05
3.535385415242379531e+06 1.300247789411624253e+05 3.821262874345853925e+06 4.608458671406225039e+04 3.940364574841136928e+05 -3.334799339719907730e+05 -1.261557510778147407e+05 -2.093433750189160346e+05 -6.295945503477558668e+04 -1.391170289549738402e+06 5.406521709483402083e+05 1.979179708130084211e+06 1.648895478161790874e+06 1.730595195248067612e+06 -1.895684721419506823e+05 -2.550867491920674220e+05 -3.197685240475866594e+05 -2.117725324087979679e+05
1.358215679143644811e+05 2.173717212795616069e+05 4.608458671406225039e+04 1.527572488762726774e+06 -1.041824294741892299e+04 1.114517160289165768e+05 -7.105694058755351762e+03 -9.603279027544148266e+04 2.119797074109516325e+04 -1.447636666562493658e+06 1.203942839157602051e+06 6.443188083126267884e+05 1.389054715366927441e+06 3.769726951265178650e+04 7.656327426152644912e+05 -4.568937718238087837e+05 -3.981559874630124541e+05 -4.741962707872188730e+03
1.725864594342143100e+05 2.082784381754059577e+05 3.940364574841136928e+05 -1.041824294741892299e+04 1.428405762521645287e+06 2.384841851725134475e+05 -2.896597506638195227e+03 1.116083427557172981e+05 1.684833266307999729e+05 7.842900047106624115e+05 -3.149743524296146934e+05 -3.859565150814510416e+05 5.993713858444453217e+05 7.079336172923063859e+05 6.811222308300930308e+05 6.903622698183762623e+03 2.595403654426619687e+04 -9.866928599697625032e+04
-1.065016774288036977e+05 -3.685301327533776057e+05 -3.334799339719907730e+05 1.114517160289165768e+05 2.384841851725134475e+05 6.772912904853974469e+05 3.945367890019599145e+04 5.182878361380742717e+04 9.275611964135956077e+04 -7.057138213112044614e+05 -1.527919882817562902e+05 -5.275312143996533705e+05 4.267639022275286261e+05 -2.511521600210352062e+03 4.531546446501880419e+05 1.258191916952078900e+05 2.320121490259160055e+05 -1.322798700784461653e+04
3.530574303995699156e+05 -6.201988665996977943e+03 -1.261557510778147407e+05 -7.105694058755351762e+03 -2.896597506638195227e+03 3.945367890019599145e+04 2.289555475636113842e+05 -3.976004299571313459e+04 -2.084429459035545005e+04 1.736520537431348057e+05 -7.109903504228920210e+05 -6.238177125409531873e+05 1.353213100179321191e+05 2.966070511204384457e+04 8.413905872359406203e+04 3.742157858813642088e+04 -1.395867348420743365e+05 2.562496058913407978e+04
-5.354473443419963587e+05 -5.716042821738238126e+04 -2.093433750189160346e+05 -9.603279027544148266e+04 1.116083427557172981e+05 5.182878361380742717e+04 -3.976004299571313459e+04 1.668187469937835995e+05 3.690827073596210539e+04 1.566534677649533260e+05 -3.303277951881834306e+05 -2.891098632747655502e+05 -1.886979237047472561e+05 -7.156985341839799366e+04 3.103833190836852009e+04 9.182461257873324212e+04 9.170692699683961109e+04 6.318665192170438240e+04
1.290396288096946810e+05 -9.983133945216458233e+04 -6.295945503477558668e+04 2.119797074109516325e+04 1.684833266307999729e+05 9.275611964135956077e+04 -2.084429459035545005e+04 3.690827073596210539e+04 1.204156682109562098e+05 5.874528629822410876e+05 -5.104094502254441031e+05 -2.195536128858174779e+05 1.446361405818068888e+05 -3.970934314466692740e+04 1.214945167054984486e+05 -7.949939693471399369e+04 2.723601554091986327e+04 7.056721616105060093e+04
2.638472243869102560e+06 -3.739346024677733425e+06 -1.391170289549738402e+06 -1.447636666562493658e+06 7.842900047106624115e+05 -7.057138213112044614e+05 1.736520537431348057e+05 1.566534677649533260e+05 5.874528629822410876e+05 1.584985583791315258e+08 -5.465382837960429024e+05 -2.239983199750129506e+07 -1.190430865545529313e+07 -2.227520686604128685e+06 4.971238092969900026e+04 4.752900356518337503e+06 6.939764019864451839e+05 -7.541029517518822104e+05
-1.152443269486234710e+07 4.045314386309812777e+06 5.406521709483402083e+05 1.203942839157602051e+06 -3.149743524296146934e+05 -1.527919882817562902e+05 -7.109903504228920210e+05 -3.303277951881834306e+05 -5.104094502254441031e+05 -5.465382837960429024e+05 7.165025343851812184e+07 4.275753162566971034e+06 3.636953440911204962e+04 -5.386207258099205792e+06 -6.317819084185147658e+05 -1.120590683795474237e+06 -1.784531159796659602e+06 -5.957207593713880051e+05
-1.512597918536914047e+06 4.175506646809304133e+06 1.979179708130084211e+06 6.443188083126267884e+05 -3.859565150814510416e+05 -5.275312143996533705e+05 -6.238177125409531873e+05 -2.891098632747655502e+05 -2.195536128858174779e+05 -2.239983199750129506e+07 4.275753162566971034e+06 2.155612489159603044e+07 6.546485903760450892e+06 3.224050193172116764e+06 -1.229263028474233346e+06 -1.361728520085815107e+06 7.783204167671598261e+05 3.009301465873503475e+05
4.904111567340687849e+06 -2.325247639727302885e+04 1.648895478161790874e+06 1.389054715366927441e+06 5.993713858444453217e+05 4.267639022275286261e+05 1.353213100179321191e+05 -1.886979237047472561e+05 1.446361405818068888e+05 -1.190430865545529313e+07 3.636953440911204962e+04 6.546485903760450892e+06 8.324229544255943038e+06 2.059060510690547992e+06 7.100189680611165240e+05 -4.753983261291951640e+05 -4.484432173763451865e+05 9.265782038677739911e+04
-3.817887103648808785e+06 3.804004988701078692e+05 1.730595195248067612e+06 3.769726951265178650e+04 7.079336172923063859e+05 -2.511521600210352062e+03 2.966070511204384457e+04 -7.156985341839799366e+04 -3.970934314466692740e+04 -2.227520686604128685e+06 -5.386207258099205792e+06 3.224050193172116764e+06 2.059060510690547992e+06 4.430216180313595571e+06 9.378858274236387806e+05 3.816638264411920682e+05 3.800743214762921561e+05 6.173695565139970131e+04
-2.662935425591334235e+06 -8.504210998720473144e+05 -1.895684721419506823e+05 7.656327426152644912e+05 6.811222308300930308e+05 4.531546446501880419e+05 8.413905872359406203e+04 3.103833190836852009e+04 1.214945167054984486e+05 4.971238092969900026e+04 -6.317819084185147658e+05 -1.229263028474233346e+06 7.100189680611165240e+05 9.378858274236387806e+05 3.058818209554614034e+06 1.782175996309139300e+05 -1.141899964908923139e+05 -2.350017262061776637e+04
-3.687102452635136433e+05 -1.570221631708432222e+06 -2.550867491920674220e+05 -4.568937718238087837e+05 6.903622698183762623e+03 1.258191916952078900e+05 3.742157858813642088e+04 9.182461257873324212e+04 -7.949939693471399369e+04 4.752900356518337503e+06 -1.120590683795474237e+06 -1.361728520085815107e+06 -4.753983261291951640e+05 3.816638264411920682e+05 1.782175996309139300e+05 1.886023805935042445e+06 3.653288760552511085e+05 1.774382767225274074e+04
-1.558123320551673649e+06 -4.825394662245247746e+05 -3.197685240475866594e+05 -3.981559874630124541e+05 2.595403654426619687e+04 2.320121490259160055e+05 -1.395867348420743365e+05 9.170692699683961109e+04 2.723601554091986327e+04 6.939764019864451839e+05 -1.784531159796659602e+06 7.783204167671598261e+05 -4.484432173763451865e+05 3.800743214762921561e+05 -1.141899964908923139e+05 3.653288760552511085e+05 1.238187887643572176e+06 3.387600421373245190e+05
-5.955542267040797742e+05 -4.931018725301340455e+05 -2.117725324087979679e+05 -4.741962707872188730e+03 -9.866928599697625032e+04 -1.322798700784461653e+04 2.562496058913407978e+04 6.318665192170438240e+04 7.056721616105060093e+04 -7.541029517518822104e+05 -5.957207593713880051e+05 3.009301465873503475e+05 9.265782038677739911e+04 6.173695565139970131e+04 -2.350017262061776637e+04 1.774382767225274074e+04 3.387600421373245190e+05 5.627995859676973196e+05
