# lambda=0.15727277036830037
3.468084049837503582e+07 4.428068973406295292e+06 -3.288634223456556443e+06 1.159830217787931208e+06 1.139279885227371939e+06 7.831565834071546560e+05 2.446995318537152489e+05 -2.638000874712297809e+05 1.519835959460411395e+05 1.808716652536019683e+07 -2.708755307450683322e+06 -1.453088315694850404e+06 -3.342696901746257208e+06 -6.518189205712813418e+04 1.913788308865340659e+05 -6.598257753197228303e+05 -6.977936142495897366e+05 -4.098480146471043699e+05
4.428068973406295292e+06 1.297534855538347363e+07 8.405622415169362284e+03 5.299875923241489800e+05 1.692586061773556867e+05 7.716502863004673600e+03 -5.186824221241292544e+05 4.173034225594271993e+04 5.894842301940389007e+04 -3.585938556681796443e+06 1.206021584535291232e+07 2.469731616845414508e+06 -1.004267342734371196e+06 3.101544883566436823e+06 7.339293187381007010e+05 -9.180450999841166195e+05 9.770822180299743777e+05 -5.054902314412595006e+05
-3.288634223456556443e+06 8.405622415169362284e+03 2.992416061656811740e+06 1.188030483006979572e+06 4.264767539619639283e+05 1.238100104466052144e+05 2.823361149485162459e+05 2.300163720048789983e+05 1.549766017428202904e+05 1.653906767059778329e+06 5.212991058942259988e+05 2.181625413153461181e+06 -2.735766125650993199e+05 -2.331659216544075753e+05 3.386731802228878369e+05 -2.115261562941750981e+03 3.193106164844014565e+05 3.977956437841210864e+05
1.159830217787931208e+06 5.299875923241489800e+05 1.188030483006979572e+06 1.738752761479072040e+06 4.602128332575813984e+05 3.340266980831522960e+05 2.217394545299207966e+05 4.374275807285002520e+04 2.506594701187911269e+05 2.733542869087586645e+06 1.492589473955191788e+05 9.105758133387919224e+04 -1.959598031288125203e+05 -3.603073040030128905e+05 3.796569284177545924e+05 4.207146602077213174e+04 -8.726922310301240941e+04 5.536834763539200503e+04
1.139279885227371939e+06 1.692586061773556867e+05 4.264767539619639283e+05 4.602128332575813984e+05 9.543965854312252486e+05 3.638533418142712908e+05 1.921343302088353958e+05 3.260066950662814634e+04 1.240467625683305378e+05 -1.399262268995275488e+06 -1.969779890160000417e+06 -6.332971830639480613e+05 -5.988759440529815765e+04 5.772444132397348294e+05 4.537916229307244794e+04 2.962885479130169260e+05 1.899386118188121181e+05 1.055091791737354215e+05
7.831565834071546560e+05 7.716502863004673600e+03 1.238100104466052144e+05 3.340266980831522960e+05 3.638533418142712908e+05 5.048116049194149673e+05 1.339116035570105596e+05 4.238600225071090244e+04 9.834891954483411973e+04 -1.243908462332256138e+06 -2.409999554722040426e+06 2.854067203292920603e+05 2.255629235961486484e+04 4.932713556653886917e+05 3.565509717478211969e+05 3.321261065638296423e+05 -9.476519246083179314e+04 -4.129230808235984296e+04
2.446995318537152489e+05 -5.186824221241292544e+05 2.823361149485162459e+05 2.217394545299207966e+05 1.921343302088353958e+05 1.339116035570105596e+05 2.820429592351867468e+05 7.922173637961427448e+04 4.785162889140492916e+04 -3.220893185615093098e+05 -1.492575188280339818e+06 -4.726996866332604550e+05 -9.557541434959732578e+04 -9.280460713096085237e+04 3.348197013863930806e+03 1.924929888034433534e+05 -5.221382821142736066e+04 6.561021468568834825e+04
-2.638000874712297809e+05 4.173034225594271993e+04 2.300163720048789983e+05 4.374275807285002520e+04 3.260066950662814634e+04 4.238600225071090244e+04 7.922173637961427448e+04 1.369990025186641724e+05 4.332041336038670852e+04 -1.158708628822795348e+06 -9.256462997315393295e+05 4.269158215377971646e+05 -1.800872711275857582e+05 1.798544292056187114e+05 3.843762866191519424e+04 -1.154209052892959335e+04 5.392447898016768158e+04 1.108023207931709039e+05
1.519835959460411395e+05 5.894842301940389007e+04 1.549766017428202904e+05 2.506594701187911269e+05 1.240467625683305378e+05 9.834891954483411973e+04 4.785162889140492916e+04 4.332041336038670852e+04 1.496868092413259437e+05 8.760817512838834664e+05 -7.211638998569272226e+05 -2.711903512852460844e+05 1.613169430114498246e+05 6.251263594426695636e+04 1.492782198923018586e+05 5.845520435635670583e+04 -3.276901797799613269e+04 9.583236844986748474e+04
1.808716652536019683e+07 -3.585938556681796443e+06 1.653906767059778329e+06 2.733542869087586645e+06 -1.399262268995275488e+06 -1.243908462332256138e+06 -3.220893185615093098e+05 -1.158708628822795348e+06 8.760817512838834664e+05 1.462273026904064119e+08 -1.458114259075833857e+07 -3.968803022938447539e+06 1.481231706157467142e+07 1.186395739890661091e+06 9.790734931079734117e+06 1.207531392813358689e+06 1.013167128354134969e+06 -2.523130465330757725e+05
-2.708755307450683322e+06 1.206021584535291232e+07 5.212991058942259988e+05 1.492589473955191788e+05 -1.969779890160000417e+06 -2.409999554722040426e+06 -1.492575188280339818e+06 -9.256462997315393295e+05 -7.211638998569272226e+05 -1.458114259075833857e+07 7.565133972194276750e+07 8.952815832882072777e+06 -3.389478182749236003e+06 -4.632316370000768453e+06 -3.077847648055110592e+06 -3.216597892305945046e+06 5.356252472575680586e+05 -6.171004086320692440e+05
-1.453088315694850404e+06 2.469731616845414508e+06 2.181625413153461181e+06 9.105758133387919224e+04 -6.332971830639480613e+05 2.854067203292920603e+05 -4.726996866332604550e+05 4.269158215377971646e+05 -2.711903512852460844e+05 -3.968803022938447539e+06 8.952815832882072777e+06 2.196653094952905923e+07 -9.397363053028755821e+05 -9.185079475440239767e+05 2.199728818101451732e+06 -3.153954215555717237e+05 -2.981417673143252250e+04 2.864996209505540319e+05
-3.342696901746257208e+06 -1.004267342734371196e+06 -2.735766125650993199e+05 -1.959598031288125203e+05 -5.988759440529815765e+04 2.255629235961486484e+04 -9.557541434959732578e+04 -1.800872711275857582e+05 1.613169430114498246e+05 1.481231706157467142e+07 -3.389478182749236003e+06 -9.397363053028755821e+05 8.954553442046649754e+06 2.575306494013014715e+06 2.047675337917394936e+06 5.311919871821120614e+05 1.965876038431322377e+05 -2.900126706638163305e+05
-6.518189205712813418e+04 3.101544883566436823e+06 -2.331659216544075753e+05 -3.603073040030128905e+05 5.772444132397348294e+05 4.932713556653886917e+05 -9.280460713096085237e+04 1.798544292056187114e+05 6.251263594426695636e+04 1.186395739890661091e+06 -4.632316370000768453e+06 -9.185079475440239767e+05 2.575306494013014715e+06 4.769727510896843858e+06 1.514278934138137847e+06 4.888703405388046522e+05 7.248057134003790561e+05 -1.393834020310006163e+05
1.913788308865340659e+05 7.339293187381007010e+05 3.386731802228878369e+05 3.796569284177545924e+05 4.537916229307244794e+04 3.565509717478211969e+05 3.348197013863930806e+03 3.843762866191519424e+04 1.492782198923018586e+05 9.790734931079734117e+06 -3.077847648055110592e+06 2.199728818101451732e+06 2.047675337917394936e+06 1.514278934138137847e+06 3.523127030392915010e+06 3.254855143586627673e+05 2.516009311053890269e+05 -1.867833515229547629e+05
-6.598257753197228303e+05 -9.180450999841166195e+05 -2.115261562941750981e+03 4.207146602077213174e+04 2.962885479130169260e+05 3.321261065638296423e+05 1.924929888034433534e+05 -1.154209052892959335e+04 5.845520435635670583e+04 1.207531392813358689e+06 -3.216597892305945046e+06 -3.153954215555717237e+05 5.311919871821120614e+05 4.888703405388046522e+05 3.254855143586627673e+05 1.191361698196125217e+06 -3.313099108134178823e+04 3.365209350552365504e+04
-6.977936142495897366e+05 9.770822180299743777e+05 3.193106164844014565e+05 -8.726922310301240941e+04 1.899386118188121181e+05 -9.476519246083179314e+04 -5.221382821142736066e+04 5.392447898016768158e+04 -3.276901797799613269e+04 1.013167128354134969e+06 5.356252472575680586e+05 -2.981417673143252250e+04 1.965876038431322377e+05 7.248057134003790561e+05 2.516009311053890269e+05 -3.313099108134178823e+04 6.369967474655139958e+05 5.870566810058332339e+04
-4.098480146471043699e+05 -5.054902314412595006e+05 3.977956437841210864e+05 5.536834763539200503e+04 1.055091791737354215e+05 -4.129230808235984296e+04 6.561021468568834825e+04 1.108023207931709039e+05 9.583236844986748474e+04 -2.523130465330757725e+05 -6.171004086320692440e+05 2.864996209505540319e+05 -2.900126706638163305e+05 -1.393834020310006163e+05 -1.867833515229547629e+05 3.365209350552365504e+04 5.870566810058332339e+04 3.393693852847300586e+05
