# lambda=0.11513067243775921
6.721539888446694613e+07 -2.009609523024273571e+06 -2.535966256196288392e+06 1.013457031817294192e+06 -1.344684110676691867e+06 1.566050954856151948e+06 -1.556240122597689333e+05 -1.719808575310277520e+05 -1.123641613462366629e+06 -1.715742035238062963e+07 5.454223917119479738e+06 -5.490344538714271039e+06 3.882262689822319429e+06 -2.805757966536615975e+06 -1.458781003765328089e+06 -3.252057044057981111e+05 1.307284640700029675e+06 3.665325672418755712e+05
-2.009609523024273571e+06 8.457850393703993410e+06 1.775049416195976315e+06 -5.431291356433440524e+04 4.599429173520256300e+05 9.918485182437504409e+04 1.687044991206199338e+05 -1.837013418006111460e+05 5.193595638389790111e+04 -9.721231755793811753e+06 2.092904868978978600e+06 -1.381504946623307653e+06 -3.701250505277420161e+05 1.748520264326927485e+06 -3.347086775969702867e+05 1.339450917970641749e+05 -3.258936386005782333e+04 -2.898288918098250870e+05
-2.535966256196288392e+06 1.775049416195976315e+06 6.450673563984397799e+06 1.001360039577487507e+06 5.998732537578277988e+05 4.077226661077638273e+05 2.093610003570307526e+04 -2.164625087807662203e+04 2.160275739358532010e+05 -8.716148093957157107e+05 -8.981941397255844204e+05 4.366854623629288748e+06 -9.433078517376565142e+05 4.949831488863716368e+05 2.647308787711322657e+05 -3.755562401701444760e+05 -4.959632322557910811e+04 -7.267878403414954664e+05
1.013457031817294192e+06 -5.431291356433440524e+04 1.001360039577487507e+06 2.223534605209965724e+06 2.426756560005376523e+05 2.032217905847070506e+04 -6.501988016990976757e+04 -4.921463077422190690e+04 4.488550542404196312e+04 -4.424581696416733786e+06 7.125391233401134377e+05 8.697900839595258003e+05 1.023473425884781172e+06 3.869380777464458952e+05 3.844035309425119194e+05 -2.666974916743630893e+05 -3.213299094286526670e+05 7.986365743450546870e+04
-1.344684110676691867e+06 4.599429173520256300e+05 5.998732537578277988e+05 2.426756560005376523e+05 6.339480044048178243e+05 1.706804592654649241e+04 8.174088508841342991e+04 -4.943801993531899643e+04 1.265494792274647334e+05 1.856961208993564360e+06 3.246637445318460814e+05 -1.328205486275737640e+06 -5.502710705220140517e+05 -1.806812760372624325e+04 1.132271511728885089e+05 -2.096900127472752647e+05 -8.833167445189031423e+04 -7.259965456664461954e+02
1.566050954856151948e+06 9.918485182437504409e+04 4.077226661077638273e+05 2.032217905847070506e+04 1.706804592654649241e+04 3.665993896460628021e+05 -1.995390003206176334e+04 -2.020998479684959239e+04 7.372004726069753815e+02 -7.719815882477147970e+05 7.835377971595566487e+05 3.425797388083886472e+05 7.513562767344443128e+05 8.175788816905465501e+04 1.104830619226885174e+05 8.999284503008490719e+04 3.481023115270261769e+05 1.013888621082528989e+05
-1.556240122597689333e+05 1.687044991206199338e+05 2.093610003570307526e+04 -6.501988016990976757e+04 8.174088508841342991e+04 -1.995390003206176334e+04 2.364913194771338603e+05 -2.452894120650668629e+04 -5.272663842869389555e+03 -5.903936037202358712e+05 -4.077003285192995681e+05 -3.363775140188448713e+05 -3.542791803926799912e+05 2.364812528976877511e+05 2.216556703813579588e+04 1.227445094869856403e+05 -1.366915446422481909e+05 -1.775255357559124823e+05
-1.719808575310277520e+05 -1.837013418006111460e+05 -2.164625087807662203e+04 -4.921463077422190690e+04 -4.943801993531899643e+04 -2.020998479684959239e+04 -2.452894120650668629e+04 1.220439520153897756e+05 2.639153864343247187e+04 -3.856107455005712691e+05 2.086321962838493346e+05 1.845711008993551368e+05 -4.029057175644928939e+05 -5.343407455005568045e+04 -6.641629673171825743e+03 -2.828992285385714058e+04 5.661164322101569996e+04 -1.044674985568106786e+04
-1.123641613462366629e+06 5.193595638389790111e+04 2.160275739358532010e+05 4.488550542404196312e+04 1.265494792274647334e+05 7.372004726069753815e+02 -5.272663842869389555e+03 2.639153864343247187e+04 1.279004262314444059e+05 4.684110167831222643e+05 -5.702752966044842033e+05 -1.908385157791127567e+05 -2.234796545820009196e+05 -1.103500644095564348e+05 -1.781411150826652301e+05 -1.535133867352719826e+05 3.644808939789767464e+04 1.037034166427314049e+05
-1.715742035238062963e+07 -9.721231755793811753e+06 -8.716148093957157107e+05 -4.424581696416733786e+06 1.856961208993564360e+06 -7.719815882477147970e+05 -5.903936037202358712e+05 -3.856107455005712691e+05 4.684110167831222643e+05 1.624207499714906812e+08 6.900464396634318866e+06 -2.143913547422130127e+06 -1.023175446559432894e+07 -9.971162779210848734e+06 -2.120582907375091687e+06 6.156716634076784831e+05 -1.016760522100527654e+06 4.456039386958544492e+04
5.454223917119479738e+06 2.092904868978978600e+06 -8.981941397255844204e+05 7.125391233401134377e+05 3.246637445318460814e+05 7.835377971595566487e+05 -4.077003285192995681e+05 2.086321962838493346e+05 -5.702752966044842033e+05 6.900464396634318866e+06 5.001273222384998202e+07 -2.143377896505097859e+06 2.645071269441523589e+06 3.100872380935782567e+05 1.147443103533436311e+06 -1.288890687536422629e+06 1.468561784343033796e+06 4.039859653921632562e+05
-5.490344538714271039e+06 -1.381504946623307653e+06 4.366854623629288748e+06 8.697900839595258003e+05 -1.328205486275737640e+06 3.425797388083886472e+05 -3.363775140188448713e+05 1.845711008993551368e+05 -1.908385157791127567e+05 -2.143913547422130127e+06 -2.143377896505097859e+06 2.203583631714149565e+07 1.895099345157314092e+06 -1.141145131882199086e+06 6.289290898599494249e+05 1.309779665534380591e+06 1.788935628358201939e+05 -4.507515445954141906e+05
3.882262689822319429e+06 -3.701250505277420161e+05 -9.433078517376565142e+05 1.023473425884781172e+06 -5.502710705220140517e+05 7.513562767344443128e+05 -3.542791803926799912e+05 -4.029057175644928939e+05 -2.234796545820009196e+05 -1.023175446559432894e+07 2.645071269441523589e+06 1.895099345157314092e+06 1.171476007570084929e+07 3.026106432877882384e+06 -1.225268530510188779e+06 3.579992982587592560e+05 1.302452629362636013e+06 9.575596005948134698e+05
-2.805757966536615975e+06 1.748520264326927485e+06 4.949831488863716368e+05 3.869380777464458952e+05 -1.806812760372624325e+04 8.175788816905465501e+04 2.364812528976877511e+05 -5.343407455005568045e+04 -1.103500644095564348e+05 -9.971162779210848734e+06 3.100872380935782567e+05 -1.141145131882199086e+06 3.026106432877882384e+06 5.328077409145947546e+06 -6.617258951619272120e+05 3.992756869441926247e+05 4.829716502895674057e+04 -2.667919852738884510e+05
-1.458781003765328089e+06 -3.347086775969702867e+05 2.647308787711322657e+05 3.844035309425119194e+05 1.132271511728885089e+05 1.104830619226885174e+05 2.216556703813579588e+04 -6.641629673171825743e+03 -1.781411150826652301e+05 -2.120582907375091687e+06 1.147443103533436311e+06 6.289290898599494249e+05 -1.225268530510188779e+06 -6.617258951619272120e+05 2.284534698814989999e+06 -4.494749511277400597e+04 -6.056858640357638069e+04 -4.048875427552974434e+05
-3.252057044057981111e+05 1.339450917970641749e+05 -3.755562401701444760e+05 -2.666974916743630893e+05 -2.096900127472752647e+05 8.999284503008490719e+04 1.227445094869856403e+05 -2.828992285385714058e+04 -1.535133867352719826e+05 6.156716634076784831e+05 -1.288890687536422629e+06 1.309779665534380591e+06 3.579992982587592560e+05 3.992756869441926247e+05 -4.494749511277400597e+04 1.394828906171859708e+06 -6.945724751475563971e+04 -5.454058704864655010e+04
1.307284640700029675e+06 -3.258936386005782333e+04 -4.959632322557910811e+04 -3.213299094286526670e+05 -8.833167445189031423e+04 3.481023115270261769e+05 -1.366915446422481909e+05 5.661164322101569996e+04 3.644808939789767464e+04 -1.016760522100527654e+06 1.468561784343033796e+06 1.788935628358201939e+05 1.302452629362636013e+06 4.829716502895674057e+04 -6.056858640357638069e+04 -6.945724751475563971e+04 9.004768049972139997e+05 2.029395974465636536e+05
3.665325672418755712e+05 -2.898288918098250870e+05 -7.267878403414954664e+05 7.986365743450546870e+04 -7.259965456664461954e+02 1.013888621082528989e+05 -1.775255357559124823e+05 -1.044674985568106786e+04 1.037034166427314049e+05 4.456039386958544492e+04 4.039859653921632562e+05 -4.507515445954141906e+05 9.575596005948134698e+05 -2.667919852738884510e+05 -4.048875427552974434e+05 -5.454058704864655010e+04 2.029395974465636536e+05 7.915137617789325304e+05
