# lambda=0.15654388528391394
4.465342609471437335e+07 8.483207176064835861e+06 -1.703455779480479192e+06 4.118977146238557762e+05 -8.944458667148300447e+05 -1.030838493917430984e+06 6.193232140605530003e+04 -6.749231350176283158e+05 -4.885756807071595686e+05 7.497419218657379039e+06 5.279779969211166026e+05 -2.128763714294978417e+06 1.064347820611764444e+06 2.668897205369263422e+06 4.619808917647594353e+05 -9.281669851203976432e+05 -2.555274849238180090e+06 2.508485748594122997e+05
8.483207176064835861e+06 1.481440925081491284e+07 1.158714729894479038e+06 2.929645317982906708e+05 -1.000473825432236423e+06 8.737437155273230746e+04 2.959636165011815028e+05 -4.055317586807531188e+05 -2.002102864811601175e+05 -2.495482506675468292e+06 4.287513497403584770e+05 -1.748584977166937198e+06 1.643376824782537064e+06 -6.209336920722242212e+05 1.231791862853527069e+06 5.504034209989077644e+05 -6.606580004876612220e+05 -2.155654085562075197e+05
-1.703455779480479192e+06 1.158714729894479038e+06 5.267036455060564913e+06 8.346481326690966962e+05 1.307585853192246985e+06 6.144885447243100498e+05 -1.488424062325747764e+04 1.277490358687268017e+05 1.333791973066042701e+05 3.103021631249065395e+05 -3.104617490056581795e+06 4.084991506358399056e+05 -7.712916308841379359e+05 -6.335184559585562056e+03 1.057447174941011937e+06 -3.984515968012831872e+05 2.847213059248816571e+05 -6.448088213732367149e+05
4.118977146238557762e+05 2.929645317982906708e+05 8.346481326690966962e+05 1.414820180172531633e+06 3.406223053459353396e+05 7.940983818266217713e+04 1.072049361063008837e+05 -5.520478366714065487e+04 -7.075613961555843161e+03 -3.602753068211547099e+06 -1.639129205291876104e+06 -4.719234475999188144e+05 -7.209831509445614938e+04 -2.955704707502673846e+05 -1.631152190135139972e+05 3.557952512667720293e+04 2.547592962248447584e+05 -2.118911930226237164e+05
-8.944458667148300447e+05 -1.000473825432236423e+06 1.307585853192246985e+06 3.406223053459353396e+05 1.410621525932987453e+06 2.727924088393312413e+05 -1.479987962927688204e+05 1.805617877752042259e+05 5.656074222858025314e+04 2.400103471290269808e+05 -9.601883089712963556e+04 3.335748041757654864e+05 9.040655317154678050e+05 1.261901194054982392e+06 3.970648904538686038e+05 -8.394690530001449224e+04 1.060290962340123078e+05 -1.478978072611625830e+05
-1.030838493917430984e+06 8.737437155273230746e+04 6.144885447243100498e+05 7.940983818266217713e+04 2.727924088393312413e+05 5.368564363847129280e+05 2.287901132922248871e+04 4.736140960332105169e+04 7.672986365659990406e+04 1.875043797728657024e+06 -9.027686479819708038e+05 -5.944502597678770544e+05 -3.776369175087288022e+05 4.102064178397001233e+05 5.063833253863947466e+05 1.679480488533826065e+04 -4.240720142545633280e+03 -2.207332780678710697e+04
6.193232140605530003e+04 2.959636165011815028e+05 -1.488424062325747764e+04 1.072049361063008837e+05 -1.479987962927688204e+05 2.287901132922248871e+04 2.074185591317784274e+05 4.734832053055507458e+03 -1.032811397941450559e+04 -8.325442339216277469e+05 -4.014693342035564710e+05 -5.001732993988761882e+04 -3.645018735608986026e+04 -2.125956625938940560e+05 -8.124915803309583862e+04 1.004003686719548568e+05 2.635356529844943361e+04 8.336294477771430684e+04
-6.749231350176283158e+05 -4.055317586807531188e+05 1.277490358687268017e+05 -5.520478366714065487e+04 1.805617877752042259e+05 4.736140960332105169e+04 4.734832053055507458e+03 2.653737874980847700e+05 4.108927772325571277e+04 5.718824673441860359e+05 1.024013415784736280e+05 5.641836586676983279e+04 -3.306551149717718363e+05 6.232400701828563615e+04 -2.616035859530624657e+04 2.096964814687405669e+04 1.738200472737183736e+05 3.363512608966998960e+04
-4.885756807071595686e+05 -2.002102864811601175e+05 1.333791973066042701e+05 -7.075613961555843161e+03 5.656074222858025314e+04 7.672986365659990406e+04 -1.032811397941450559e+04 4.108927772325571277e+04 7.250507911011180840e+04 -1.101450768316868693e+06 -9.286986571284422098e+03 1.060915256100371480e+05 1.010064590130092693e+05 1.233555229555490077e+05 -1.077781554674612744e+04 -1.483698912460378233e+04 -6.262077453827132558e+03 2.978360169186664280e+04
7.497419218657379039e+06 -2.495482506675468292e+06 3.103021631249065395e+05 -3.602753068211547099e+06 2.400103471290269808e+05 1.875043797728657024e+06 -8.325442339216277469e+05 5.718824673441860359e+05 -1.101450768316868693e+06 1.651291772450104058e+08 7.450112516827957705e+06 -1.257976264602635754e+06 -1.344255388535782136e+07 6.403508318474469706e+06 -9.788532159945145249e+05 -3.991086465973217506e+06 3.055975260267985286e+05 5.323163356444783276e+05
5.279779969211166026e+05 4.287513497403584770e+05 -3.104617490056581795e+06 -1.639129205291876104e+06 -9.601883089712963556e+04 -9.027686479819708038e+05 -4.014693342035564710e+05 1.024013415784736280e+05 -9.286986571284422098e+03 7.450112516827957705e+06 4.159975344794595987e+07 1.356546867967951857e+07 5.664013446373344399e+06 1.837629320262360852e+06 -3.139114828634714941e+05 1.037701348173612496e+06 2.190629224637282605e+05 1.699665903612665832e+06
-2.128763714294978417e+06 -1.748584977166937198e+06 4.084991506358399056e+05 -4.719234475999188144e+05 3.335748041757654864e+05 -5.944502597678770544e+05 -5.001732993988761882e+04 5.641836586676983279e+04 1.060915256100371480e+05 -1.257976264602635754e+06 1.356546867967951857e+07 1.352910050280405208e+07 3.074496926752284169e+06 1.505979855846840655e+06 -1.428905731724748621e+06 4.682747738663917989e+05 9.443456743707960413e+04 5.453972574274677318e+05
1.064347820611764444e+06 1.643376824782537064e+06 -7.712916308841379359e+05 -7.209831509445614938e+04 9.040655317154678050e+05 -3.776369175087288022e+05 -3.645018735608986026e+04 -3.306551149717718363e+05 1.010064590130092693e+05 -1.344255388535782136e+07 5.664013446373344399e+06 3.074496926752284169e+06 7.497699478708913550e+06 1.163904625669274712e+06 -3.617714851495233597e+05 1.411683419151278795e+05 -6.650483469368136721e+05 2.677385893874912872e+05
2.668897205369263422e+06 -6.209336920722242212e+05 -6.335184559585562056e+03 -2.955704707502673846e+05 1.261901194054982392e+06 4.102064178397001233e+05 -2.125956625938940560e+05 6.232400701828563615e+04 1.233555229555490077e+05 6.403508318474469706e+06 1.837629320262360852e+06 1.505979855846840655e+06 1.163904625669274712e+06 5.882544288900654763e+06 5.235046325748093659e+05 8.898181991990344250e+04 -5.502804494737382047e+05 1.075918360525656317e+05
4.619808917647594353e+05 1.231791862853527069e+06 1.057447174941011937e+06 -1.631152190135139972e+05 3.970648904538686038e+05 5.063833253863947466e+05 -8.124915803309583862e+04 -2.616035859530624657e+04 -1.077781554674612744e+04 -9.788532159945145249e+05 -3.139114828634714941e+05 -1.428905731724748621e+06 -3.617714851495233597e+05 5.235046325748093659e+05 2.216304730049141217e+06 -5.493357807349766517e+03 -1.747853124510196212e+05 -4.728167427734768717e+05
-9.281669851203976432e+05 5.504034209989077644e+05 -3.984515968012831872e+05 3.557952512667720293e+04 -8.394690530001449224e+04 1.679480488533826065e+04 1.004003686719548568e+05 2.096964814687405669e+04 -1.483698912460378233e+04 -3.991086465973217506e+06 1.037701348173612496e+06 4.682747738663917989e+05 1.411683419151278795e+05 8.898181991990344250e+04 -5.493357807349766517e+03 1.214801459173423471e+06 -1.477291808923628123e+05 9.558753291617883951e+04
-2.555274849238180090e+06 -6.606580004876612220e+05 2.847213059248816571e+05 2.547592962248447584e+05 1.060290962340123078e+05 -4.240720142545633280e+03 2.635356529844943361e+04 1.738200472737183736e+05 -6.262077453827132558e+03 3.055975260267985286e+05 2.190629224637282605e+05 9.443456743707960413e+04 -6.650483469368136721e+05 -5.502804494737382047e+05 -1.747853124510196212e+05 -1.477291808923628123e+05 7.534549334102924913e+05 -6.148881232366076438e+04
2.508485748594122997e+05 -2.155654085562075197e+05 -6.448088213732367149e+05 -2.118911930226237164e+05 -1.478978072611625830e+05 -2.207332780678710697e+04 8.336294477771430684e+04 3.363512608966998960e+04 2.978360169186664280e+04 5.323163356444783276e+05 1.699665903612665832e+06 5.453972574274677318e+05 2.677385893874912872e+05 1.075918360525656317e+05 -4.728167427734768717e+05 9.558753291617883951e+04 -6.148881232366076438e+04 5.145763771589491516e+05
