# lambda=0.09791012901175962
4.334152217258736491e+07 7.908726218621590175e+06 7.444659860806766665e+05 -2.666141041752419900e+06 8.033728544785722625e+05 2.183990879569605167e+05 8.905350032650469802e+05 -8.422307819977491163e+05 1.757790248980887118e+05 4.001379194009653479e+07 1.476815066591323540e+07 8.871311670097324997e+06 -2.665209930690433830e+06 -3.958103914940449758e+05 -1.360871986813128693e+06 -7.322893319153578486e+05 -6.644862917976946337e+05 -7.628521891934466548e+05
7.908726218621590175e+06 1.615759106022099406e+07 1.357158367105960497e+05 -1.236818405065573519e+06 1.454853611718014290e+05 3.183595407251354191e+05 -9.071813804083631840e+05 -4.148626127472183434e+05 -7.628173808897553499e+03 2.156064265509928018e+07 9.561058630024481565e+06 2.095263920808113646e+06 1.221304387820281088e+06 1.863807476015388267e+06 -6.347190712847642135e+05 -1.224768229576730635e+06 -1.184709545052070403e+06 -1.897208590371890750e+05
7.444659860806766665e+05 1.357158367105960497e+05 3.410373002581811510e+06 7.551435993024632335e+05 2.735143398736756644e+05 3.753611129018092761e+05 1.810238989059270534e+05 1.831082581573555944e+04 1.164038633840676921e+05 -3.290761434659510385e+06 -1.806868025361492066e+06 1.556856150404806947e+06 2.384637954645516351e+06 5.242817548399490188e+05 1.652083512451070419e+05 1.689577564308896428e+06 6.630696197112534719e+04 -3.953825877975785988e+05
-2.666141041752419900e+06 -1.236818405065573519e+06 7.551435993024632335e+05 1.803262722744576167e+06 7.961762369553981989e+04 8.720262570822980706e+03 2.154057413409221626e+05 2.258387606925275031e+04 3.949512948033765861e+04 -5.762255522201826796e+06 -3.193197191077096388e+06 9.378198721301646437e+05 8.396083464361027582e+05 2.458193362900759676e+05 5.297286487131557660e+05 4.853427979530600714e+05 4.104832108378665289e+05 -1.411338750699205266e+05
8.033728544785722625e+05 1.454853611718014290e+05 2.735143398736756644e+05 7.961762369553981989e+04 1.209649284332421143e+06 6.576740478185164102e+04 2.283899891360893962e+05 1.109803292153476068e+05 4.619923185894869675e+04 8.150105688217446732e+04 8.925395080253755441e+05 -6.080137103624509182e+05 -5.956174602893951815e+05 3.589643381201397860e+05 1.158496728219990182e+05 -1.098592780585243599e+05 6.844855897429964671e+02 -2.720968508901263122e+05
2.183990879569605167e+05 3.183595407251354191e+05 3.753611129018092761e+05 8.720262570822980706e+03 6.576740478185164102e+04 3.281658671714207740e+05 2.337863182867343312e+03 4.274202876114430546e+04 1.994442321653418185e+04 2.692750133004077245e+06 2.080698926636372227e+06 7.331911796216631774e+04 1.947525766842856538e+05 3.434178171766306623e+05 4.075278226595127489e+05 2.214402903902147373e+05 4.284088358237536886e+04 -5.369945557918834675e+04
8.905350032650469802e+05 -9.071813804083631840e+05 1.810238989059270534e+05 2.154057413409221626e+05 2.283899891360893962e+05 2.337863182867343312e+03 4.620240893680890440e+05 -1.384751730227764710e+04 4.556074632711368031e+04 -6.733969753455863101e+05 1.142726577617809380e+05 1.237579354521321598e+06 2.025700013482421491e+04 -1.337087034075787051e+04 2.076452211064023722e+05 1.971594561809871811e+05 1.940193983362181461e+05 4.362921217649168830e+04
-8.422307819977491163e+05 -4.148626127472183434e+05 1.831082581573555944e+04 2.258387606925275031e+04 1.109803292153476068e+05 4.274202876114430546e+04 -1.384751730227764710e+04 1.369098186841705174e+05 9.067144706479597517e+03 -5.851915857379494701e+05 7.585016868487746979e+04 -3.713534128019029158e+05 -4.428285861068452359e+05 -7.651336617207851668e+04 1.061785194663453876e+05 -4.308121025485135033e+04 1.096712174852916651e+05 -6.344672489498267169e+03
1.757790248980887118e+05 -7.628173808897553499e+03 1.164038633840676921e+05 3.949512948033765861e+04 4.619923185894869675e+04 1.994442321653418185e+04 4.556074632711368031e+04 9.067144706479597517e+03 5.892853748986087885e+04 -3.625850081181412679e+05 -6.684740271762168268e+05 -2.369907435808432347e+05 -1.347789130553253017e+03 6.997177241131768096e+04 6.959297689124289263e+02 3.374625967875654169e+04 2.223127976869259146e+04 -2.589629309616724640e+04
4.001379194009653479e+07 2.156064265509928018e+07 -3.290761434659510385e+06 -5.762255522201826796e+06 8.150105688217446732e+04 2.692750133004077245e+06 -6.733969753455863101e+05 -5.851915857379494701e+05 -3.625850081181412679e+05 2.370959805768704414e+08 5.302299690097354352e+07 1.536264282356927358e+07 -5.284119873511585407e+06 8.306726924311281182e+05 2.089566395850884262e+06 -2.911635098164395313e+05 2.652880267629259266e+06 -1.394078878936301917e+06
1.476815066591323540e+07 9.561058630024481565e+06 -1.806868025361492066e+06 -3.193197191077096388e+06 8.925395080253755441e+05 2.080698926636372227e+06 1.142726577617809380e+05 7.585016868487746979e+04 -6.684740271762168268e+05 5.302299690097354352e+07 1.108893180472382605e+08 2.245540707779397443e+07 2.500497179669686302e+05 8.047744971920621581e+06 8.020881019695884548e+06 1.166709997778079560e+05 -9.888315006298908265e+05 5.885232028912057867e+05
8.871311670097324997e+06 2.095263920808113646e+06 1.556856150404806947e+06 9.378198721301646437e+05 -6.080137103624509182e+05 7.331911796216631774e+04 1.237579354521321598e+06 -3.713534128019029158e+05 -2.369907435808432347e+05 1.536264282356927358e+07 2.245540707779397443e+07 2.435480274622354656e+07 4.118465444529855624e+06 1.896236700090719387e+06 2.869862781725653447e+06 3.247935417722016107e+06 1.114403237553799991e+06 9.172299622282249620e+05
-2.665209930690433830e+06 1.221304387820281088e+06 2.384637954645516351e+06 8.396083464361027582e+05 -5.956174602893951815e+05 1.947525766842856538e+05 2.025700013482421491e+04 -4.428285861068452359e+05 -1.347789130553253017e+03 -5.284119873511585407e+06 2.500497179669686302e+05 4.118465444529855624e+06 1.072859885360885970e+07 1.852465222972143907e+06 -8.894538840300552547e+05 1.761411105725495145e+06 7.786777974783710670e+04 1.047956070947065164e+05
-3.958103914940449758e+05 1.863807476015388267e+06 5.242817548399490188e+05 2.458193362900759676e+05 3.589643381201397860e+05 3.434178171766306623e+05 -1.337087034075787051e+04 -7.651336617207851668e+04 6.997177241131768096e+04 8.306726924311281182e+05 8.047744971920621581e+06 1.896236700090719387e+06 1.852465222972143907e+06 5.040595794401472434e+06 9.386150039994105464e+05 1.447871899023868900e+05 6.866042952539213002e+04 -2.086098351309730788e+05
-1.360871986813128693e+06 -6.347190712847642135e+05 1.652083512451070419e+05 5.297286487131557660e+05 1.158496728219990182e+05 4.075278226595127489e+05 2.076452211064023722e+05 1.061785194663453876e+05 6.959297689124289263e+02 2.089566395850884262e+06 8.020881019695884548e+06 2.869862781725653447e+06 -8.894538840300552547e+05 9.386150039994105464e+05 3.282271604436845984e+06 9.922467187095715199e+05 2.527836311830233608e+05 2.894838319068832789e+05
-7.322893319153578486e+05 -1.224768229576730635e+06 1.689577564308896428e+06 4.853427979530600714e+05 -1.098592780585243599e+05 2.214402903902147373e+05 1.971594561809871811e+05 -4.308121025485135033e+04 3.374625967875654169e+04 -2.911635098164395313e+05 1.166709997778079560e+05 3.247935417722016107e+06 1.761411105725495145e+06 1.447871899023868900e+05 9.922467187095715199e+05 1.913324193097091513e+06 2.170909123362959508e+04 4.080573828472843616e+03
-6.644862917976946337e+05 -1.184709545052070403e+06 6.630696197112534719e+04 4.104832108378665289e+05 6.844855897429964671e+02 4.284088358237536886e+04 1.940193983362181461e+05 1.096712174852916651e+05 2.223127976869259146e+04 2.652880267629259266e+06 -9.888315006298908265e+05 1.114403237553799991e+06 7.786777974783710670e+04 6.866042952539213002e+04 2.527836311830233608e+05 2.170909123362959508e+04 1.167008999388098717e+06 -1.355289884339363198e+05
-7.628521891934466548e+05 -1.897208590371890750e+05 -3.953825877975785988e+05 -1.411338750699205266e+05 -2.720968508901263122e+05 -5.369945557918834675e+04 4.362921217649168830e+04 -6.344672489498267169e+03 -2.589629309616724640e+04 -1.394078878936301917e+06 5.885232028912057867e+05 9.172299622282249620e+05 1.047956070947065164e+05 -2.086098351309730788e+05 2.894838319068832789e+05 4.080573828472843616e+03 -1.355289884339363198e+05 4.806549641393847996e+05
