# lambda=0.09041536264099129
4.519008148950907588e+07 5.519662994787114672e+06 3.750044443111270200e+06 2.120431922882575076e+06 2.226390229121382581e+05 9.955946877919823164e+05 1.129627962156184483e+06 8.164951561092607444e+05 4.964891324310055352e+05 -3.853262783357591182e+07 -5.252888235233245417e+06 -1.237543947175527224e+06 5.741031046238611452e+06 2.503543165875205304e+06 1.646024299595107790e+06 1.126062501313934335e+06 -5.150859040264346404e+05 -9.860200337394300150e+05
5.519662994787114672e+06 1.097221186920329370e+07 2.338712404192061163e+06 6.820708148819894996e+05 -1.684598764967765310e+05 -3.886177078494969237e+02 3.282345713789825095e+05 4.598786534889406175e+05 1.850681289841287944e+05 -1.503345542552424781e+07 2.970409702318835072e+06 7.000385067516276613e+05 3.316660928943943232e+06 9.435316608383507701e+05 1.573041624875178095e+06 -1.312627894754791341e+05 7.922064875600908417e+05 6.159677474184141029e+05
3.750044443111270200e+06 2.338712404192061163e+06 3.903062216607426759e+06 3.189497007641090313e+05 2.920760082658693864e+04 2.701186947009096039e+05 1.615046841769159073e+05 2.864984841129123743e+04 4.245554779546977807e+04 -7.303631788137249649e+06 3.751428940849967301e+06 1.768972608656944474e+06 1.134691338079196867e+06 -3.395986444104599650e+05 -1.325535048135635443e+05 -9.238430688429535367e+05 2.725255268720836830e+04 -1.863410670215917053e+05
2.120431922882575076e+06 6.820708148819894996e+05 3.189497007641090313e+05 1.072798984814124880e+06 -2.947110221233991979e+04 -1.476094626673092716e+05 -6.593049742201356821e+03 4.277048837921302038e+04 5.300277441162558534e+04 -1.344642061759679578e+06 1.006311045156921144e+06 -4.785279220614344231e+05 9.539080881735087605e+05 5.720726143798878184e+05 4.928021829840206919e+04 -2.828591819853981724e+05 -1.128171564223476889e+05 -6.662470103039637615e+04
2.226390229121382581e+05 -1.684598764967765310e+05 2.920760082658693864e+04 -2.947110221233991979e+04 9.723758944118672516e+05 2.335663681120062247e+05 1.813944180711658846e+05 1.052815445491914579e+05 8.309480752013299934e+03 4.260678728811581619e+06 -2.099181478807778098e+06 -4.039657531420500018e+05 -3.930710528642048012e+05 2.132990193756775116e+05 6.561064195181601681e+05 6.455456928943484672e+04 7.395065037769016635e+04 1.033928293654534718e+04
9.955946877919823164e+05 -3.886177078494969237e+02 2.701186947009096039e+05 -1.476094626673092716e+05 2.335663681120062247e+05 7.334951743630137062e+05 2.692575313705472508e+05 -5.421456704745503885e+03 -1.157629744466917036e+05 -9.262569393214052543e+05 -1.990340919743491570e+06 1.629434888073714450e+06 -3.186171891873648274e+05 -1.082962367272392439e+05 4.668679542711328832e+05 8.246761598310396948e+04 -1.466008200632269145e+05 -7.482085046600014903e+04
1.129627962156184483e+06 3.282345713789825095e+05 1.615046841769159073e+05 -6.593049742201356821e+03 1.813944180711658846e+05 2.692575313705472508e+05 3.083046827236770187e+05 4.595465244926112791e+04 -2.241478296261344440e+04 3.221084766202449100e+05 -1.745809401464741444e+06 3.867692572656632983e+05 3.148144893210348673e+05 7.747712852844210283e+04 4.761841508269289043e+05 1.594045451307967014e+05 1.252032945786846540e+05 -6.943124425035748573e+04
8.164951561092607444e+05 4.598786534889406175e+05 2.864984841129123743e+04 4.277048837921302038e+04 1.052815445491914579e+05 -5.421456704745503885e+03 4.595465244926112791e+04 1.490442975344577280e+05 6.154017463774792850e+04 -6.526277436911087716e+05 -5.713563621919777943e+05 -2.932051126731951808e+04 1.157924434690789931e+05 3.449755037098933826e+04 2.241795209360260633e+05 3.659186358626289348e+03 1.664737579081170552e+05 3.392326235604883550e+04
4.964891324310055352e+05 1.850681289841287944e+05 4.245554779546977807e+04 5.300277441162558534e+04 8.309480752013299934e+03 -1.157629744466917036e+05 -2.241478296261344440e+04 6.154017463774792850e+04 1.432436680642413849e+05 2.291706826971311821e+05 -1.444318385788908927e+05 -7.671561792114842683e+05 -4.891826531887170859e+04 5.908572332248179009e+04 -1.002663518361998172e+03 -4.683043329976389214e+04 2.003121105814391558e+04 5.041883931917808513e+04
-3.853262783357591182e+07 -1.503345542552424781e+07 -7.303631788137249649e+06 -1.344642061759679578e+06 4.260678728811581619e+06 -9.262569393214052543e+05 3.221084766202449100e+05 -6.526277436911087716e+05 2.291706826971311821e+05 2.278293704957298338e+08 6.756197469822499901e+06 -1.611117359261695482e+07 -1.184352937906419672e+07 -1.686629406493389746e+06 -5.908387358855709434e+06 -9.546099978675118182e+05 -4.499114323781307321e+05 7.978105101365414157e+04
-5.252888235233245417e+06 2.970409702318835072e+06 3.751428940849967301e+06 1.006311045156921144e+06 -2.099181478807778098e+06 -1.990340919743491570e+06 -1.745809401464741444e+06 -5.713563621919777943e+05 -1.444318385788908927e+05 6.756197469822499901e+06 4.672556823320694268e+07 2.289787984203089029e+06 -7.570116254544220865e+05 -9.592451735426331870e+05 -5.083998756847434677e+06 -2.118000249156069942e+06 -9.926877837603873340e+05 6.492226079128399724e+05
-1.237543947175527224e+06 7.000385067516276613e+05 1.768972608656944474e+06 -4.785279220614344231e+05 -4.039657531420500018e+05 1.629434888073714450e+06 3.867692572656632983e+05 -2.932051126731951808e+04 -7.671561792114842683e+05 -1.611117359261695482e+07 2.289787984203089029e+06 1.735253244494288042e+07 4.196857465811439790e+06 2.989882270492470125e+05 1.017017677080992959e+06 -1.987997788242754468e+05 1.062906783624882810e+06 5.382163030691340100e+05
5.741031046238611452e+06 3.316660928943943232e+06 1.134691338079196867e+06 9.539080881735087605e+05 -3.930710528642048012e+05 -3.186171891873648274e+05 3.148144893210348673e+05 1.157924434690789931e+05 -4.891826531887170859e+04 -1.184352937906419672e+07 -7.570116254544220865e+05 4.196857465811439790e+06 8.971212090079344809e+06 2.415619438311200589e+06 8.494938114208742045e+05 -4.182015685763601214e+05 1.368104228632827522e+06 4.459273320290332776e+05
2.503543165875205304e+06 9.435316608383507701e+05 -3.395986444104599650e+05 5.720726143798878184e+05 2.132990193756775116e+05 -1.082962367272392439e+05 7.747712852844210283e+04 3.449755037098933826e+04 5.908572332248179009e+04 -1.686629406493389746e+06 -9.592451735426331870e+05 2.989882270492470125e+05 2.415619438311200589e+06 4.393862455127929337e+06 1.662730039373661624e+06 5.757543605778868077e+05 3.077754223184221773e+05 2.431955100024368730e+05
1.646024299595107790e+06 1.573041624875178095e+06 -1.325535048135635443e+05 4.928021829840206919e+04 6.561064195181601681e+05 4.668679542711328832e+05 4.761841508269289043e+05 2.241795209360260633e+05 -1.002663518361998172e+03 -5.908387358855709434e+06 -5.083998756847434677e+06 1.017017677080992959e+06 8.494938114208742045e+05 1.662730039373661624e+06 3.273470896429343149e+06 7.281610251826265594e+05 4.877203796494087437e+05 2.589249285750862909e+05
1.126062501313934335e+06 -1.312627894754791341e+05 -9.238430688429535367e+05 -2.828591819853981724e+05 6.455456928943484672e+04 8.246761598310396948e+04 1.594045451307967014e+05 3.659186358626289348e+03 -4.683043329976389214e+04 -9.546099978675118182e+05 -2.118000249156069942e+06 -1.987997788242754468e+05 -4.182015685763601214e+05 5.757543605778868077e+05 7.281610251826265594e+05 1.395402374908098951e+06 3.463203692279462703e+05 8.321325583247700706e+04
-5.150859040264346404e+05 7.922064875600908417e+05 2.725255268720836830e+04 -1.128171564223476889e+05 7.395065037769016635e+04 -1.466008200632269145e+05 1.252032945786846540e+05 1.664737579081170552e+05 2.003121105814391558e+04 -4.499114323781307321e+05 -9.926877837603873340e+05 1.062906783624882810e+06 1.368104228632827522e+06 3.077754223184221773e+05 4.877203796494087437e+05 3.463203692279462703e+05 1.077595990754815051e+06 2.702577757277559722e+05
-9.860200337394300150e+05 6.159677474184141029e+05 -1.863410670215917053e+05 -6.662470103039637615e+04 1.033928293654534718e+04 -7.482085046600014903e+04 -6.943124425035748573e+04 3.392326235604883550e+04 5.041883931917808513e+04 7.978105101365414157e+04 6.492226079128399724e+05 5.382163030691340100e+05 4.459273320290332776e+05 2.431955100024368730e+05 2.589249285750862909e+05 8.321325583247700706e+04 2.702577757277559722e+05 3.581244218530792859e+05
