# lambda=0.14280387854497265
3.455964440198926628e+07 1.351876031349801458e+06 2.214011687839824706e+06 -1.132939462820874323e+05 1.093038082715921570e+06 1.307667237737099786e+05 -2.380733161367182911e+05 -6.528270915296194144e+05 -5.537448914445909904e+05 2.656610945189756900e+07 2.894461267896262929e+06 8.489723215259530116e+05 -7.998555000116414391e+06 7.006827348136543296e+05 1.699600873331200855e+05 -3.047859938375365920e+06 -5.234795031646726420e+05 -2.583893041125658201e+05
1.351876031349801458e+06 1.013844539239172451e+07 2.391101581400949042e+06 6.052673182650405215e+05 5.484200031337514520e+05 1.491293016366531665e+05 7.032859880884339800e+05 4.316230977763323463e+05 3.054959392226315322e+04 -2.425797530688428320e+06 5.426924396285307594e+05 -8.970583347017773194e+05 2.978122681987237185e+06 -2.295983712083209830e+05 1.064562913603508379e+06 3.116920775154615985e+05 1.426786424048614455e+06 7.337627324657990830e+05
2.214011687839824706e+06 2.391101581400949042e+06 4.797675708357260562e+06 -4.423409446915798471e+05 3.290290894009468320e+04 2.049799659308452392e+05 2.467646646106030094e+05 2.753397138986694699e+04 -1.702521238371516520e+05 -1.895542353121187480e+05 -4.049495501367595978e+06 3.613466126132667530e+06 2.018146617431510007e+06 -1.034452519691965863e+05 5.441122082680070307e+05 -4.521919366942137131e+05 1.239398588313336222e+05 6.993159678449069615e+05
-1.132939462820874323e+05 6.052673182650405215e+05 -4.423409446915798471e+05 1.917400974983604392e+06 6.514214725482683862e+05 1.237313056914526096e+05 2.650515337468153302e+04 5.592897817172008945e+04 3.925708056246132764e+04 -2.705798819270741660e+06 4.587643367097507144e+04 4.099981911863160203e+05 1.413335445050816750e+06 1.164414996932214417e+05 6.399466174534538004e+04 5.898425850323298946e+05 5.696637416099779075e+05 -1.839879345780289732e+05
1.093038082715921570e+06 5.484200031337514520e+05 3.290290894009468320e+04 6.514214725482683862e+05 9.089165866015923675e+05 1.260758570913727162e+05 1.145986920781371882e+05 -5.720442783892740408e+04 -5.896370250301186752e+04 9.757648219921865966e+05 -8.512056575525604421e+05 4.209265775033925893e+05 5.748278908334365115e+05 1.410888921988591210e+04 2.971038853005075362e+04 -2.835341230306153375e+04 1.252614252882309374e+05 -8.132134339655376971e+04
1.307667237737099786e+05 1.491293016366531665e+05 2.049799659308452392e+05 1.237313056914526096e+05 1.260758570913727162e+05 2.923561043220784632e+05 4.292780027109046205e+04 -2.967219827907286526e+04 3.064230168172871345e+04 -3.240120621451323968e+05 -1.010661068575667159e+05 1.210072273330139229e+06 -9.843391480159248749e+04 -6.682378589895453160e+02 2.414656856144866033e+05 -1.027917199204951030e+05 8.610600105949593126e+04 1.426157257984527314e+04
-2.380733161367182911e+05 7.032859880884339800e+05 2.467646646106030094e+05 2.650515337468153302e+04 1.145986920781371882e+05 4.292780027109046205e+04 1.581623004436252813e+05 2.832292727612592353e+04 -4.257921497455521376e+02 -7.989946061982564861e+05 -9.746686164609143452e+04 -2.469534966950998059e+05 2.682155014667267096e+05 -7.376756227136412053e+04 2.100465764718384598e+05 7.979928924923992781e+03 -1.118538887482834616e+04 1.333077792084875728e+04
-6.528270915296194144e+05 4.316230977763323463e+05 2.753397138986694699e+04 5.592897817172008945e+04 -5.720442783892740408e+04 -2.967219827907286526e+04 2.832292727612592353e+04 2.092524104990091291e+05 1.659379538529732599e+04 -1.570850184847008670e+06 4.541159486421669135e+05 -1.731277191128022387e+05 5.340567738582357997e+05 8.997301055182835262e+04 2.350405978956509789e+05 8.945466648981046455e+04 2.203940621114198002e+05 9.999514941579103470e+04
-5.537448914445909904e+05 3.054959392226315322e+04 -1.702521238371516520e+05 3.925708056246132764e+04 -5.896370250301186752e+04 3.064230168172871345e+04 -4.257921497455521376e+02 1.659379538529732599e+04 6.157338871481800743e+04 -4.516373485295868595e+05 1.540695305980235280e+05 -2.379138321596838650e+05 -9.720244993920937122e+04 -6.554325503930074046e+04 -5.419631219304919796e+04 1.077271727595520497e+05 8.199533508581874776e+04 1.028473805376085693e+04
2.656610945189756900e+07 -2.425797530688428320e+06 -1.895542353121187480e+05 -2.705798819270741660e+06 9.757648219921865966e+05 -3.240120621451323968e+05 -7.989946061982564861e+05 -1.570850184847008670e+06 -4.516373485295868595e+05 1.131570816027950943e+08 2.156319519473098963e+07 1.475962192066413118e+05 -1.590027263421948068e+07 -4.103191418233647477e+06 -3.363541210266696289e+06 -5.301125409034038894e+05 4.094496254645355511e+05 -1.134100582699917955e+06
2.894461267896262929e+06 5.426924396285307594e+05 -4.049495501367595978e+06 4.587643367097507144e+04 -8.512056575525604421e+05 -1.010661068575667159e+05 -9.746686164609143452e+04 4.541159486421669135e+05 1.540695305980235280e+05 2.156319519473098963e+07 5.888240041583590209e+07 -8.445744915526442230e+06 -4.229271837769950740e+06 -1.178861865542673972e+06 8.912736209019850940e+05 -1.173494035157042788e+06 3.007544578258139547e+06 -4.169964571527843364e+05
8.489723215259530116e+05 -8.970583347017773194e+05 3.613466126132667530e+06 4.099981911863160203e+05 4.209265775033925893e+05 1.210072273330139229e+06 -2.469534966950998059e+05 -1.731277191128022387e+05 -2.379138321596838650e+05 1.475962192066413118e+05 -8.445744915526442230e+06 3.240282357810910419e+07 3.626635417172759306e+06 3.056241080059634522e+06 1.632352609916558140e+05 -1.111207512124118395e+06 -2.720640725280193146e+05 1.514052042558916379e+06
-7.998555000116414391e+06 2.978122681987237185e+06 2.018146617431510007e+06 1.413335445050816750e+06 5.748278908334365115e+05 -9.843391480159248749e+04 2.682155014667267096e+05 5.340567738582357997e+05 -9.720244993920937122e+04 -1.590027263421948068e+07 -4.229271837769950740e+06 3.626635417172759306e+06 1.086195520940445736e+07 5.157565720916027203e+05 3.791971632479833206e+05 5.791185843705151929e+05 3.920272372162400861e+05 5.656848766912444262e+05
7.006827348136543296e+05 -2.295983712083209830e+05 -1.034452519691965863e+05 1.164414996932214417e+05 1.410888921988591210e+04 -6.682378589895453160e+02 -7.376756227136412053e+04 8.997301055182835262e+04 -6.554325503930074046e+04 -4.103191418233647477e+06 -1.178861865542673972e+06 3.056241080059634522e+06 5.157565720916027203e+05 2.282000268073618412e+06 -1.077627664225076296e+04 -4.047997964520166861e+05 -1.540676911559581349e+05 3.380559806588125066e+05
1.699600873331200855e+05 1.064562913603508379e+06 5.441122082680070307e+05 6.399466174534538004e+04 2.971038853005075362e+04 2.414656856144866033e+05 2.100465764718384598e+05 2.350405978956509789e+05 -5.419631219304919796e+04 -3.363541210266696289e+06 8.912736209019850940e+05 1.632352609916558140e+05 3.791971632479833206e+05 -1.077627664225076296e+04 2.425107616435451899e+06 1.850732867048858898e+05 2.338743148297365406e+05 4.354469382437547902e+05
-3.047859938375365920e+06 3.116920775154615985e+05 -4.521919366942137131e+05 5.898425850323298946e+05 -2.835341230306153375e+04 -1.027917199204951030e+05 7.979928924923992781e+03 8.945466648981046455e+04 1.077271727595520497e+05 -5.301125409034038894e+05 -1.173494035157042788e+06 -1.111207512124118395e+06 5.791185843705151929e+05 -4.047997964520166861e+05 1.850732867048858898e+05 1.362946418911825167e+06 4.189761723812495475e+05 5.000332592960124202e+03
-5.234795031646726420e+05 1.426786424048614455e+06 1.239398588313336222e+05 5.696637416099779075e+05 1.252614252882309374e+05 8.610600105949593126e+04 -1.118538887482834616e+04 2.203940621114198002e+05 8.199533508581874776e+04 4.094496254645355511e+05 3.007544578258139547e+06 -2.720640725280193146e+05 3.920272372162400861e+05 -1.540676911559581349e+05 2.338743148297365406e+05 4.189761723812495475e+05 1.665056338923473610e+06 1.720515184294747014e+05
-2.583893041125658201e+05 7.337627324657990830e+05 6.993159678449069615e+05 -1.839879345780289732e+05 -8.132134339655376971e+04 1.426157257984527314e+04 1.333077792084875728e+04 9.999514941579103470e+04 1.028473805376085693e+04 -1.134100582699917955e+06 -4.169964571527843364e+05 1.514052042558916379e+06 5.656848766912444262e+05 3.380559806588125066e+05 4.354469382437547902e+05 5.000332592960124202e+03 1.720515184294747014e+05 7.351563395343279699e+05
