# lambda=0.12488548280291106
2.918672640191143751e+07 3.112099016215966913e+04 -2.354692686733253300e+06 2.411399209732683667e+05 1.029516861885218415e+06 -3.577357766642933129e+05 -8.534975212967235129e+05 -5.694736732864120313e+03 -6.960936916133927298e+04 2.908347259073407948e+07 -9.062896905716754496e+06 -4.756692110782062635e+06 1.150801865818844526e+05 3.995241924065519590e+06 1.747356584552145330e+06 2.556286308020367287e+05 3.343010068574867328e+05 9.754906274832017953e+05
3.112099016215966913e+04 2.711474697046642005e+07 2.147646060168966942e+05 -8.146958482747182716e+05 1.984553729812195292e+06 1.203414847003784264e+06 9.590347020466534887e+05 -9.026171519041447027e+04 5.020152539564129547e+05 1.212958674752456695e+07 1.651543499635015428e+07 1.287063223175741546e+07 -3.874625651400407311e+06 7.759851235829232028e+05 -1.916453822645334294e+06 4.828489420383110410e+05 7.369722841673227958e+05 3.680800839855936356e+05
-2.354692686733253300e+06 2.147646060168966942e+05 7.052515070919929072e+06 7.674725642255091807e+05 -2.805335865161429392e+05 -7.954700271594402147e+04 5.673268827486908995e+05 8.864580093079985818e+04 -1.272285183013388450e+05 5.628396499785160646e+06 -4.140721355713353027e+06 6.389769581143531948e+06 1.209137799325274071e+06 3.045696047061108402e+05 -5.594484775044959679e+04 1.520298515009680705e+05 6.178684599658960942e+05 -2.745017158828334650e+05
2.411399209732683667e+05 -8.146958482747182716e+05 7.674725642255091807e+05 2.393449995207599364e+06 1.176188775369311334e+05 1.190809001419266715e+05 -1.477644485553698905e+05 -1.502882367439599766e+05 -1.890769004268295612e+04 -9.676218656269134954e+04 -6.111412631046090246e+04 2.456650734971320722e+06 2.930605568325667176e+06 7.786279789415358100e+05 4.318563436365053058e+05 2.447493321829609631e+05 2.075440547919714008e+05 3.307905930553163053e+05
1.029516861885218415e+06 1.984553729812195292e+06 -2.805335865161429392e+05 1.176188775369311334e+05 1.174821344289187109e+06 2.237304231077999284e+05 3.873761064702654039e+03 -2.690989182239574802e+04 3.895701877328228147e+04 8.200125147747638403e+05 1.405066013099686941e+06 1.115693272324115504e+06 -4.821789839176522801e+05 4.857905409896284691e+05 -8.122667850469153200e+04 3.259778225086592720e+05 5.713328853141310537e+04 1.787825054060335679e+05
-3.577357766642933129e+05 1.203414847003784264e+06 -7.954700271594402147e+04 1.190809001419266715e+05 2.237304231077999284e+05 3.629164813857807312e+05 2.711425629214325818e+04 3.574803080289094942e+04 2.716133632427872726e+04 -8.805406291294334223e+05 4.784229305412915892e+03 1.007837438634551829e+06 -6.683205183876265073e+04 -3.875308086627947632e+05 2.180068051349606249e+05 2.668832922256307575e+04 1.490366646541790396e+05 4.850196613187592448e+04
-8.534975212967235129e+05 9.590347020466534887e+05 5.673268827486908995e+05 -1.477644485553698905e+05 3.873761064702654039e+03 2.711425629214325818e+04 2.890472193780527450e+05 3.613301201676889468e+04 -4.263414408525189174e+03 -2.347584439355727518e+05 -1.349946263288478367e+05 6.061049457759346114e+05 -1.924843173635614585e+04 -5.363348289061507239e+04 -9.072028868550858169e+04 5.338739982992247678e+04 9.318493494343901693e+04 -1.692446756420694783e+03
-5.694736732864120313e+03 -9.026171519041447027e+04 8.864580093079985818e+04 -1.502882367439599766e+05 -2.690989182239574802e+04 3.574803080289094942e+04 3.613301201676889468e+04 1.774565549784684554e+05 5.073381405919120152e+04 8.139481615518162725e+05 -6.062802906383081572e+05 -1.083288284993384150e+05 -3.082361862896337407e+05 -2.344234057804192707e+05 8.923683147875254508e+04 -3.229428469534015676e+04 1.129471287650945305e+05 5.819690048573391687e+04
-6.960936916133927298e+04 5.020152539564129547e+05 -1.272285183013388450e+05 -1.890769004268295612e+04 3.895701877328228147e+04 2.716133632427872726e+04 -4.263414408525189174e+03 5.073381405919120152e+04 1.085073768996459403e+05 -1.194229984401371621e+05 2.070250287322933145e+05 6.676313234137380496e+05 -2.535274994084692735e+05 -1.284327382390238927e+05 -8.181776165701636637e+04 1.168487337023163564e+05 -2.683858709783637460e+04 5.412276729328113288e+04
2.908347259073407948e+07 1.212958674752456695e+07 5.628396499785160646e+06 -9.676218656269134954e+04 8.200125147747638403e+05 -8.805406291294334223e+05 -2.347584439355727518e+05 8.139481615518162725e+05 -1.194229984401371621e+05 1.991259545610503852e+08 5.813394110998027027e+06 -1.137814245334087871e+07 3.332398919247980230e+06 9.046715556032579392e+06 2.412668920093992259e+06 1.992933384117376991e+06 -2.792376061460340861e+06 -7.228547796050955076e+05
-9.062896905716754496e+06 1.651543499635015428e+07 -4.140721355713353027e+06 -6.111412631046090246e+04 1.405066013099686941e+06 4.784229305412915892e+03 -1.349946263288478367e+05 -6.062802906383081572e+05 2.070250287322933145e+05 5.813394110998027027e+06 8.320566045423524082e+07 1.712147464902855083e+07 1.771547005597634939e+06 5.852557466825871728e+06 -1.572903117234698264e+06 1.524663445988045132e+05 -9.615838171710220631e+05 1.910170343331746757e+06
-4.756692110782062635e+06 1.287063223175741546e+07 6.389769581143531948e+06 2.456650734971320722e+06 1.115693272324115504e+06 1.007837438634551829e+06 6.061049457759346114e+05 -1.083288284993384150e+05 6.676313234137380496e+05 -1.137814245334087871e+07 1.712147464902855083e+07 3.384066630697354674e+07 2.714450613451626152e+06 -5.424355279093047138e+05 -1.401553492575675948e+06 1.546380980063088238e+06 5.622829045452950522e+05 6.464961634204117581e+05
1.150801865818844526e+05 -3.874625651400407311e+06 1.209137799325274071e+06 2.930605568325667176e+06 -4.821789839176522801e+05 -6.683205183876265073e+04 -1.924843173635614585e+04 -3.082361862896337407e+05 -2.535274994084692735e+05 3.332398919247980230e+06 1.771547005597634939e+06 2.714450613451626152e+06 1.321121138312576152e+07 1.018450696458680672e+06 1.088241013522164663e+06 4.089263846767796203e+05 5.881871309147374704e+05 8.192767139334515668e+05
3.995241924065519590e+06 7.759851235829232028e+05 3.045696047061108402e+05 7.786279789415358100e+05 4.857905409896284691e+05 -3.875308086627947632e+05 -5.363348289061507239e+04 -2.344234057804192707e+05 -1.284327382390238927e+05 9.046715556032579392e+06 5.852557466825871728e+06 -5.424355279093047138e+05 1.018450696458680672e+06 3.910569052290536929e+06 -1.733157521031762881e+05 8.359380807935505800e+03 -4.759365921368107956e+04 2.982157446734396945e+04
1.747356584552145330e+06 -1.916453822645334294e+06 -5.594484775044959679e+04 4.318563436365053058e+05 -8.122667850469153200e+04 2.180068051349606249e+05 -9.072028868550858169e+04 8.923683147875254508e+04 -8.181776165701636637e+04 2.412668920093992259e+06 -1.572903117234698264e+06 -1.401553492575675948e+06 1.088241013522164663e+06 -1.733157521031762881e+05 2.250612269582189620e+06 5.585822399283310369e+04 5.108643897867102060e+05 3.535386707165319240e+05
2.556286308020367287e+05 4.828489420383110410e+05 1.520298515009680705e+05 2.447493321829609631e+05 3.259778225086592720e+05 2.668832922256307575e+04 5.338739982992247678e+04 -3.229428469534015676e+04 1.168487337023163564e+05 1.992933384117376991e+06 1.524663445988045132e+05 1.546380980063088238e+06 4.089263846767796203e+05 8.359380807935505800e+03 5.585822399283310369e+04 1.581327220398411620e+06 -1.023129962854071055e+05 1.086154438898622175e+05
3.343010068574867328e+05 7.369722841673227958e+05 6.178684599658960942e+05 2.075440547919714008e+05 5.713328853141310537e+04 1.490366646541790396e+05 9.318493494343901693e+04 1.129471287650945305e+05 -2.683858709783637460e+04 -2.792376061460340861e+06 -9.615838171710220631e+05 5.622829045452950522e+05 5.881871309147374704e+05 -4.759365921368107956e+04 5.108643897867102060e+05 -1.023129962854071055e+05 9.494480855136234313e+05 2.192043923818781332e+05
9.754906274832017953e+05 3.680800839855936356e+05 -2.745017158828334650e+05 3.307905930553163053e+05 1.787825054060335679e+05 4.850196613187592448e+04 -1.692446756420694783e+03 5.819690048573391687e+04 5.412276729328113288e+04 -7.228547796050955076e+05 1.910170343331746757e+06 6.464961634204117581e+05 8.192767139334515668e+05 2.982157446734396945e+04 3.535386707165319240e+05 1.086154438898622175e+05 2.192043923818781332e+05 5.079091353199685109e+05
