# lambda=0.07248754939294626
3.457600506247903407e+07 3.134884401630961802e+06 1.003974056842395454e+06 1.466352762408986455e+06 1.989660345593768638e+06 6.497621150147239678e+05 1.013651207101093169e+05 1.698452995443769905e+05 1.329484606561609544e+05 3.196195573875882477e+07 1.277517605580797605e+07 4.605059130023982376e+06 1.462640805908707203e+06 9.129534554472935852e+05 2.887992013358084019e+06 6.543120812291602306e+03 -5.234579855991537916e+05 1.804313189644895960e+06
3.134884401630961802e+06 1.350541075989795849e+07 -1.829832605247015599e+05 -3.775659123777531204e+05 -1.628402323288762011e+06 2.972026155427910999e+04 5.564373735875167040e+04 1.860593638705890044e+05 6.281384322689825785e+04 1.975070265049503371e+07 1.499934184175956994e+07 2.522772207727342844e+06 2.378601715615349822e+06 -3.232205308613483794e+06 2.714665731048161164e+06 1.067349661065775435e+06 -6.058936089464561082e+05 -3.302307894465276622e+05
1.003974056842395454e+06 -1.829832605247015599e+05 4.553138853483831510e+06 4.890196862385515124e+05 -3.299433606944041676e+05 3.969454215482621803e+05 -1.571633519779077615e+05 -5.127923974107572576e+04 -1.545919393232817238e+05 5.646979468360135332e+06 7.478539311372767203e+06 1.535627996383216232e+06 -8.192418059434754541e+05 -7.140818835714289453e+05 5.654430024766339920e+04 -3.370610218531420105e+05 -1.752659128485570545e+04 -4.267381530679046409e+04
1.466352762408986455e+06 -3.775659123777531204e+05 4.890196862385515124e+05 2.379373317360324785e+06 3.944392881799450261e+05 -1.962663537406570395e+05 -2.528509838019592571e+05 -2.217819710990586609e+05 1.292686824876340106e+05 7.186932721691444516e+06 2.319431372241948731e+06 1.370497113764986163e+06 5.205535046935477294e+05 -3.932829348074136651e+05 -3.227092403092039167e+05 -6.110228034527529962e+05 -3.079314554549113964e+05 1.838630616017463035e+04
1.989660345593768638e+06 -1.628402323288762011e+06 -3.299433606944041676e+05 3.944392881799450261e+05 1.050363751083607087e+06 9.171489138978159463e+04 6.648777092567882210e+04 9.840658176984061356e+03 1.485386671917920175e+05 3.984381197355282027e+06 -1.061932272243287414e+06 -5.894994389723973582e+05 5.041627939644008293e+05 1.755138652560688555e+06 2.223653421531271015e+05 9.241737161585365538e+04 1.537860248750193859e+05 1.719028833566796384e+05
6.497621150147239678e+05 2.972026155427910999e+04 3.969454215482621803e+05 -1.962663537406570395e+05 9.171489138978159463e+04 4.396788882745165029e+05 7.222917460130687687e+04 2.937639741834914821e+04 1.740159840507556510e+04 7.416226271052187076e+04 2.933287312378182833e+03 -4.866266122751495568e+05 -2.122399794186767540e+05 -4.427352793421301612e+04 5.123804925869289436e+05 2.797381302051467355e+05 1.673900746082684200e+05 -1.676817514730809125e+04
1.013651207101093169e+05 5.564373735875167040e+04 -1.571633519779077615e+05 -2.528509838019592571e+05 6.648777092567882210e+04 7.222917460130687687e+04 2.465268902670062671e+05 1.052429384870136128e+05 2.975538342608087987e+04 3.283960263564458583e+06 -1.253132514048146084e+06 -9.527949057056939928e+05 -1.595711831299796177e+05 1.876415428449182073e+05 2.283224897418688633e+05 2.226457698031557375e+05 -1.032453072601372878e+04 9.092864161764017581e+02
1.698452995443769905e+05 1.860593638705890044e+05 -5.127923974107572576e+04 -2.217819710990586609e+05 9.840658176984061356e+03 2.937639741834914821e+04 1.052429384870136128e+05 1.870365508454347146e+05 3.674477474687177164e+04 4.322484835000932217e+05 -1.304085498527003365e+05 -5.570483165036344435e+05 -1.573589243578842725e+05 -2.244230009930581728e+05 1.122493970233445143e+05 7.546508850836423517e+04 5.929972613735438063e+04 -6.899840210481575923e+04
1.329484606561609544e+05 6.281384322689825785e+04 -1.545919393232817238e+05 1.292686824876340106e+05 1.485386671917920175e+05 1.740159840507556510e+04 2.975538342608087987e+04 3.674477474687177164e+04 1.535038660486876906e+05 -3.966886440716538928e+05 -6.300312153476243839e+05 7.944426171947938565e+04 1.999099170427589852e+05 6.841118695588772243e+04 9.011118439678232244e+04 7.931023022371067782e+04 8.308606950225474429e+04 -5.464950396584866394e+04
3.196195573875882477e+07 1.975070265049503371e+07 5.646979468360135332e+06 7.186932721691444516e+06 3.984381197355282027e+06 7.416226271052187076e+04 3.283960263564458583e+06 4.322484835000932217e+05 -3.966886440716538928e+05 3.653757341987513900e+08 3.922631291591437161e+07 -6.213051924070000648e+06 -9.707214651905218139e+06 8.876114052437454462e+06 1.795693308418993652e+07 1.194015609986650059e+06 -3.494273393143927678e+06 4.785244553039967432e+05
1.277517605580797605e+07 1.499934184175956994e+07 7.478539311372767203e+06 2.319431372241948731e+06 -1.061932272243287414e+06 2.933287312378182833e+03 -1.253132514048146084e+06 -1.304085498527003365e+05 -6.300312153476243839e+05 3.922631291591437161e+07 9.206632362194065750e+07 1.407700842878704332e+07 8.710819612212009728e+06 -4.568325064437500201e+06 1.493971986091079423e+06 1.576221435322211357e+06 -1.822314253201861167e+06 -2.782663630832447670e+05
4.605059130023982376e+06 2.522772207727342844e+06 1.535627996383216232e+06 1.370497113764986163e+06 -5.894994389723973582e+05 -4.866266122751495568e+05 -9.527949057056939928e+05 -5.570483165036344435e+05 7.944426171947938565e+04 -6.213051924070000648e+06 1.407700842878704332e+07 2.010250155192788318e+07 1.442551169348290889e+06 -1.784150702342552831e+06 -2.268574451384663407e+05 -3.270509057908797986e+05 6.022951791886530118e+05 9.486647669941505883e+05
1.462640805908707203e+06 2.378601715615349822e+06 -8.192418059434754541e+05 5.205535046935477294e+05 5.041627939644008293e+05 -2.122399794186767540e+05 -1.595711831299796177e+05 -1.573589243578842725e+05 1.999099170427589852e+05 -9.707214651905218139e+06 8.710819612212009728e+06 1.442551169348290889e+06 9.289458480086967349e+06 1.789805485747924540e+06 -5.290315931726858253e+05 8.005629858195962152e+05 1.872133618529076921e+05 4.450454616637023864e+05
9.129534554472935852e+05 -3.232205308613483794e+06 -7.140818835714289453e+05 -3.932829348074136651e+05 1.755138652560688555e+06 -4.427352793421301612e+04 1.876415428449182073e+05 -2.244230009930581728e+05 6.841118695588772243e+04 8.876114052437454462e+06 -4.568325064437500201e+06 -1.784150702342552831e+06 1.789805485747924540e+06 6.885166255728090182e+06 7.528576646325770998e+05 1.850299174669272033e+05 6.147899431082885712e+05 6.896814448651158018e+05
2.887992013358084019e+06 2.714665731048161164e+06 5.654430024766339920e+04 -3.227092403092039167e+05 2.223653421531271015e+05 5.123804925869289436e+05 2.283224897418688633e+05 1.122493970233445143e+05 9.011118439678232244e+04 1.795693308418993652e+07 1.493971986091079423e+06 -2.268574451384663407e+05 -5.290315931726858253e+05 7.528576646325770998e+05 3.420785838451839983e+06 6.655814715270223096e+05 1.100940159277812054e+05 2.128603961421756248e+05
6.543120812291602306e+03 1.067349661065775435e+06 -3.370610218531420105e+05 -6.110228034527529962e+05 9.241737161585365538e+04 2.797381302051467355e+05 2.226457698031557375e+05 7.546508850836423517e+04 7.931023022371067782e+04 1.194015609986650059e+06 1.576221435322211357e+06 -3.270509057908797986e+05 8.005629858195962152e+05 1.850299174669272033e+05 6.655814715270223096e+05 1.808625584460425191e+06 3.492731643092770828e+05 -2.903094549683317891e+05
-5.234579855991537916e+05 -6.058936089464561082e+05 -1.752659128485570545e+04 -3.079314554549113964e+05 1.537860248750193859e+05 1.673900746082684200e+05 -1.032453072601372878e+04 5.929972613735438063e+04 8.308606950225474429e+04 -3.494273393143927678e+06 -1.822314253201861167e+06 6.022951791886530118e+05 1.872133618529076921e+05 6.147899431082885712e+05 1.100940159277812054e+05 3.492731643092770828e+05 1.062246301359974081e+06 2.043744774615609203e+05
1.804313189644895960e+06 -3.302307894465276622e+05 -4.267381530679046409e+04 1.838630616017463035e+04 1.719028833566796384e+05 -1.676817514730809125e+04 9.092864161764017581e+02 -6.899840210481575923e+04 -5.464950396584866394e+04 4.785244553039967432e+05 -2.782663630832447670e+05 9.486647669941505883e+05 4.450454616637023864e+05 6.896814448651158018e+05 2.128603961421756248e+05 -2.903094549683317891e+05 2.043744774615609203e+05 6.331135156034809770e+05
