# lambda=0.14779064257473196
6.782948410884220898e+07 9.415599472420830280e+06 -2.345986936340641230e+06 -1.878909997587472200e+06 6.708925013175846543e+05 1.356066981921649305e+06 7.998637132481733570e+05 -4.613360724156118813e+05 -1.026512795007475186e+06 2.532673630015074089e+07 1.195367394694965333e+07 -9.231579984844375402e+06 -4.281999452374793589e+06 5.692629266602823511e+06 -2.493416915510766674e+06 -9.970322258255870547e+05 -2.746916269879827276e+06 -1.765352285441309912e+06
9.415599472420830280e+06 1.443210737465385161e+07 5.909685894199300092e+05 1.301191552926319884e+06 2.193341316719678580e+05 8.871654655222450383e+05 4.178377450569175999e+05 -2.476942756794159141e+04 1.280067789176503429e+05 4.088426175347463228e+06 1.566859668177109212e+07 8.284302368503740989e+06 2.479858541540330276e+06 4.342637479155862820e+05 7.301301855022931704e+05 5.580068555753019173e+05 -3.399731200102332514e+05 1.701415986975604610e+05
-2.345986936340641230e+06 5.909685894199300092e+05 5.905047438095532358e+06 1.259944436181414174e+06 7.119349088505068794e+05 4.711838366832470638e+05 1.680279444549767359e+05 1.317930351908010562e+04 -5.984405186680203769e+04 1.395767010121524567e+06 -5.207578686836895067e+05 7.681166489187842235e+06 1.545080944108495722e+06 -1.436260162816458847e+06 9.270486696679989109e+04 -3.585919553941407357e+05 1.394629214991096233e+05 5.454775061770381872e+05
-1.878909997587472200e+06 1.301191552926319884e+06 1.259944436181414174e+06 1.950693506241104333e+06 2.368700431689659017e+05 4.879346421472848160e+05 6.214994688461800979e+04 1.157647128769158007e+05 6.272807695910493203e+04 1.750659731079188408e+06 1.390769121615418233e+06 3.561965946537378244e+06 1.768509606658557430e+06 4.323932244044556865e+05 4.668893549736612476e+05 1.738224236050851177e+05 4.621971746608964168e+04 -1.484451074074688950e+04
6.708925013175846543e+05 2.193341316719678580e+05 7.119349088505068794e+05 2.368700431689659017e+05 8.494239695471198065e+05 2.393575486552208895e+05 1.261916661287605239e+05 1.018015784608645045e+05 3.619309416461266665e+04 1.048189998990418622e+06 2.429527630128876190e+05 4.813243568175107357e+05 3.380369576665613567e+05 5.147672727613688912e+05 2.669851529149413545e+04 2.693282570360288955e+05 1.826632258248910657e+05 -9.258102004046618822e+04
1.356066981921649305e+06 8.871654655222450383e+05 4.711838366832470638e+05 4.879346421472848160e+05 2.393575486552208895e+05 6.601035003656216431e+05 6.768870498429544386e+04 5.770641596474785911e+04 -2.855394175638820889e+04 2.231623705028683762e+05 6.746134248710169049e+04 8.658571217265059240e+05 6.122915094979639398e+05 5.799655373165647034e+05 2.781077433573851595e+05 1.103566602629968838e+04 4.600042684352047218e+04 -5.332613564361820318e+04
7.998637132481733570e+05 4.178377450569175999e+05 1.680279444549767359e+05 6.214994688461800979e+04 1.261916661287605239e+05 6.768870498429544386e+04 2.436524920878379780e+05 9.010010150319256354e+04 8.891462904328220247e+03 2.853902906522909645e+06 1.326555115789809031e+06 2.259673984310941014e+05 1.462068389398920117e+05 -1.946549231716428476e+05 -6.929017917598338681e+04 1.991418427266506769e+05 7.173429641481366707e+04 1.751571656663582326e+04
-4.613360724156118813e+05 -2.476942756794159141e+04 1.317930351908010562e+04 1.157647128769158007e+05 1.018015784608645045e+05 5.770641596474785911e+04 9.010010150319256354e+04 1.999156353127861512e+05 4.788110289158277737e+04 9.093060409352991264e+05 3.946764423960434506e+05 -9.091522287006325496e+04 2.768942967534154886e+05 6.581936799133842578e+04 1.624964210452393163e+05 9.591161287974898005e+04 1.200441711435869365e+05 -4.855771006416538512e+03
-1.026512795007475186e+06 1.280067789176503429e+05 -5.984405186680203769e+04 6.272807695910493203e+04 3.619309416461266665e+04 -2.855394175638820889e+04 8.891462904328220247e+03 4.788110289158277737e+04 1.234169077872476046e+05 9.811462041388529178e+04 2.224968477491419471e+05 7.193110981263821304e+04 3.157968501899467083e+05 -1.526962065859013528e+05 -1.361523545823904860e+05 3.987480722577000415e+04 2.817720543541451116e+04 6.725028481579240179e+04
2.532673630015074089e+07 4.088426175347463228e+06 1.395767010121524567e+06 1.750659731079188408e+06 1.048189998990418622e+06 2.231623705028683762e+05 2.853902906522909645e+06 9.093060409352991264e+05 9.811462041388529178e+04 1.606487033725721538e+08 3.636908174904876947e+07 -5.720009824588624761e+06 -2.051916435569811380e+06 -6.955441864194085822e+06 2.651164410584516358e+06 2.997307799573672004e+06 -1.769447571422909386e+06 -1.892636059951634379e+06
1.195367394694965333e+07 1.566859668177109212e+07 -5.207578686836895067e+05 1.390769121615418233e+06 2.429527630128876190e+05 6.746134248710169049e+04 1.326555115789809031e+06 3.946764423960434506e+05 2.224968477491419471e+05 3.636908174904876947e+07 7.096564737505280972e+07 1.241105024340820312e+07 6.543707773230282590e+06 -1.671984414680212969e+06 -1.691182703864577925e+05 3.392097186804796103e+06 -1.412702362084279768e+06 -8.799070571329591330e+05
-9.231579984844375402e+06 8.284302368503740989e+06 7.681166489187842235e+06 3.561965946537378244e+06 4.813243568175107357e+05 8.658571217265059240e+05 2.259673984310941014e+05 -9.091522287006325496e+04 7.193110981263821304e+04 -5.720009824588624761e+06 1.241105024340820312e+07 3.314865379428723454e+07 6.339782599910189398e+06 -9.349473344932004111e+05 7.888620537393850973e+05 1.081307859003275080e+05 3.372065623252582009e+04 8.526836568395495415e+05
-4.281999452374793589e+06 2.479858541540330276e+06 1.545080944108495722e+06 1.768509606658557430e+06 3.380369576665613567e+05 6.122915094979639398e+05 1.462068389398920117e+05 2.768942967534154886e+05 3.157968501899467083e+05 -2.051916435569811380e+06 6.543707773230282590e+06 6.339782599910189398e+06 8.847507005480162799e+06 -3.682565486787841073e+05 -1.717791873737963033e+04 3.058173765131481923e+05 7.001996301812900929e+05 5.852243877761873882e+05
5.692629266602823511e+06 4.342637479155862820e+05 -1.436260162816458847e+06 4.323932244044556865e+05 5.147672727613688912e+05 5.799655373165647034e+05 -1.946549231716428476e+05 6.581936799133842578e+04 -1.526962065859013528e+05 -6.955441864194085822e+06 -1.671984414680212969e+06 -9.349473344932004111e+05 -3.682565486787841073e+05 5.215839090366954915e+06 9.518298032774449093e+05 2.094847275209680811e+04 -2.592614362001637637e+05 -1.626731319608640915e+05
-2.493416915510766674e+06 7.301301855022931704e+05 9.270486696679989109e+04 4.668893549736612476e+05 2.669851529149413545e+04 2.781077433573851595e+05 -6.929017917598338681e+04 1.624964210452393163e+05 -1.361523545823904860e+05 2.651164410584516358e+06 -1.691182703864577925e+05 7.888620537393850973e+05 -1.717791873737963033e+04 9.518298032774449093e+05 2.632258132707583252e+06 -2.783622160855645197e+05 2.764346540666452493e+05 -2.293574893954968138e+05
-9.970322258255870547e+05 5.580068555753019173e+05 -3.585919553941407357e+05 1.738224236050851177e+05 2.693282570360288955e+05 1.103566602629968838e+04 1.991418427266506769e+05 9.591161287974898005e+04 3.987480722577000415e+04 2.997307799573672004e+06 3.392097186804796103e+06 1.081307859003275080e+05 3.058173765131481923e+05 2.094847275209680811e+04 -2.783622160855645197e+05 1.616291590993744787e+06 3.673396961605030228e+05 1.059042486240693252e+05
-2.746916269879827276e+06 -3.399731200102332514e+05 1.394629214991096233e+05 4.621971746608964168e+04 1.826632258248910657e+05 4.600042684352047218e+04 7.173429641481366707e+04 1.200441711435869365e+05 2.817720543541451116e+04 -1.769447571422909386e+06 -1.412702362084279768e+06 3.372065623252582009e+04 7.001996301812900929e+05 -2.592614362001637637e+05 2.764346540666452493e+05 3.673396961605030228e+05 9.004541279175119707e+05 1.479989910016418435e+05
-1.765352285441309912e+06 1.701415986975604610e+05 5.454775061770381872e+05 -1.484451074074688950e+04 -9.258102004046618822e+04 -5.332613564361820318e+04 1.751571656663582326e+04 -4.855771006416538512e+03 6.725028481579240179e+04 -1.892636059951634379e+06 -8.799070571329591330e+05 8.526836568395495415e+05 5.852243877761873882e+05 -1.626731319608640915e+05 -2.293574893954968138e+05 1.059042486240693252e+05 1.479989910016418435e+05 8.238954415959150065e+05
