# lambda=0.1259687528163387
3.390711999141146988e+07 1.143799444427967444e+07 -3.295145708278290113e+05 6.076717057129739551e+05 1.030150667204616708e+06 -2.879624265951114357e+05 -5.695948267352133553e+04 8.179335333198074950e+05 1.741911033492888091e+05 1.263049642796861194e+07 1.429038597605132498e+07 -1.969631284612884047e+06 -1.278938048720708583e+06 1.733115184426194755e+06 7.545170951691087103e+05 -2.201935697986337822e+06 2.385648609553388786e+06 2.557969750800758484e+05
1.143799444427967444e+07 1.588913044200670905e+07 7.158366684544431046e+05 4.441545915052538039e+05 3.755846164618725888e+05 6.051393320093997754e+05 3.710425523244846845e+05 4.641735273681999533e+05 1.259587333950222728e+03 -1.346673897592257150e+07 1.869481106949334592e+07 -8.571225079093240201e+05 1.736193373663251288e+06 1.244975860022736946e+06 1.934607691318696598e+06 -3.528558646061468753e+05 5.553485510511886969e+04 -4.586664873993627261e+05
-3.295145708278290113e+05 7.158366684544431046e+05 7.754307481295378879e+06 3.083404884734991938e+05 5.099534388305133325e+05 -3.640142993075305130e+05 -2.671301720558772795e+05 -7.496963657550667995e+04 3.330106044714043965e+05 1.313633589250785299e+06 3.945978479156056419e+06 5.550543584884785116e+06 3.154510002925092820e+06 1.646078535286430269e+06 -3.578478027693820331e+04 -3.044260155053628841e+04 -4.985101115216226317e+05 5.122413292583420407e+05
6.076717057129739551e+05 4.441545915052538039e+05 3.083404884734991938e+05 1.503956901464045048e+06 4.675995196755876532e+05 -5.957130704309984867e+04 -7.081149090140442422e+04 -1.474650539546455548e+05 1.979170512625246192e+04 -2.450778419765576720e+06 1.707592935687726596e+06 2.085756751373399748e+05 1.093088382742966991e+06 7.358254345285857562e+05 -1.825226982344765565e+05 -4.604371374390277924e+04 2.496477906965384900e+05 -1.944262352752152656e+05
1.030150667204616708e+06 3.755846164618725888e+05 5.099534388305133325e+05 4.675995196755876532e+05 6.799908582621603273e+05 1.091223930057625985e+05 4.082922001856175484e+04 2.483877006706177417e+04 4.098770568983710837e+04 -8.762210120687760646e+05 1.625727797561148182e+05 1.368957782747462159e+06 7.362684203590989346e+05 8.491271150480713695e+05 1.266025976274134300e+05 -1.586434811062551307e+04 1.225877298946032824e+05 4.897222069832678244e+04
-2.879624265951114357e+05 6.051393320093997754e+05 -3.640142993075305130e+05 -5.957130704309984867e+04 1.091223930057625985e+05 5.499476347738641780e+05 1.768207723989352235e+05 5.772582225129413564e+04 -7.309305877095436153e+04 -2.212708602528644726e+06 5.383584154412358766e+05 -1.813384760396828642e+05 3.081807639188481262e+05 -2.305220019268567285e+03 4.128773027761257836e+05 1.766387910416287195e+05 4.031449017806817574e+04 5.902409952296038682e+04
-5.695948267352133553e+04 3.710425523244846845e+05 -2.671301720558772795e+05 -7.081149090140442422e+04 4.082922001856175484e+04 1.768207723989352235e+05 2.422326786393389048e+05 6.021724309563019051e+04 5.274105770562012185e+04 -1.668366646280340618e+06 7.732900564914200222e+05 8.132143211204107502e+04 2.286443280191558879e+05 3.058117691180934798e+03 3.880981783684534021e+05 3.388806342590300483e+05 1.534571961176089244e+05 3.413719926947357453e+04
8.179335333198074950e+05 4.641735273681999533e+05 -7.496963657550667995e+04 -1.474650539546455548e+05 2.483877006706177417e+04 5.772582225129413564e+04 6.021724309563019051e+04 1.550309252644632070e+05 3.225446070042905558e+04 9.849073994782521622e+05 1.108643237344552530e+06 1.189539224585608172e+05 1.557402955391044670e+05 5.138901520381905721e+04 7.355838578117592260e+04 -6.884216383871299331e+04 3.123268123634108997e+04 2.395791997529114087e+04
1.741911033492888091e+05 1.259587333950222728e+03 3.330106044714043965e+05 1.979170512625246192e+04 4.098770568983710837e+04 -7.309305877095436153e+04 5.274105770562012185e+04 3.225446070042905558e+04 1.040757934083514265e+05 8.272207148947236128e+05 1.143532095565808471e+06 4.018405914975601481e+05 3.028925753141284804e+04 1.997121897623119003e+04 9.119854649276763666e+04 1.133686278358975833e+05 1.717190248086089559e+04 7.282754847020152374e+04
1.263049642796861194e+07 -1.346673897592257150e+07 1.313633589250785299e+06 -2.450778419765576720e+06 -8.762210120687760646e+05 -2.212708602528644726e+06 -1.668366646280340618e+06 9.849073994782521622e+05 8.272207148947236128e+05 2.174319403696029186e+08 -7.904404007276396733e+05 1.756127163846315071e+07 4.944302704160448164e+06 -6.149258957252440043e+06 -8.794649569346724078e+06 -7.125188035057163797e+06 1.058458392614395358e+06 -3.915896187767119845e+05
1.429038597605132498e+07 1.869481106949334592e+07 3.945978479156056419e+06 1.707592935687726596e+06 1.625727797561148182e+05 5.383584154412358766e+05 7.732900564914200222e+05 1.108643237344552530e+06 1.143532095565808471e+06 -7.904404007276396733e+05 8.809969429094155133e+07 1.699459239206784219e+07 -1.378641403842865839e+05 2.939749727821683511e+06 4.706685561085280962e+06 -3.485063941146897851e+05 -1.012235364121262450e+06 7.393761740974511486e+05
-1.969631284612884047e+06 -8.571225079093240201e+05 5.550543584884785116e+06 2.085756751373399748e+05 1.368957782747462159e+06 -1.813384760396828642e+05 8.132143211204107502e+04 1.189539224585608172e+05 4.018405914975601481e+05 1.756127163846315071e+07 1.699459239206784219e+07 2.257421363640126958e+07 3.842754985301741865e+06 2.990083083248886280e+06 -7.594190494164911797e+04 -6.904481748441101518e+05 -1.005336286273528007e+06 1.140268085466579214e+05
-1.278938048720708583e+06 1.736193373663251288e+06 3.154510002925092820e+06 1.093088382742966991e+06 7.362684203590989346e+05 3.081807639188481262e+05 2.286443280191558879e+05 1.557402955391044670e+05 3.028925753141284804e+04 4.944302704160448164e+06 -1.378641403842865839e+05 3.842754985301741865e+06 8.666009935832176358e+06 2.573484495384889189e+06 -2.443714495681209664e+05 -1.642701060448870703e+04 9.424579255616874434e+04 -9.981950913862586021e+05
1.733115184426194755e+06 1.244975860022736946e+06 1.646078535286430269e+06 7.358254345285857562e+05 8.491271150480713695e+05 -2.305220019268567285e+03 3.058117691180934798e+03 5.138901520381905721e+04 1.997121897623119003e+04 -6.149258957252440043e+06 2.939749727821683511e+06 2.990083083248886280e+06 2.573484495384889189e+06 4.333018795520436019e+06 2.370491453455998853e+05 1.158271890788394521e+05 3.678563816216395935e+05 1.742937995368086267e+05
7.545170951691087103e+05 1.934607691318696598e+06 -3.578478027693820331e+04 -1.825226982344765565e+05 1.266025976274134300e+05 4.128773027761257836e+05 3.880981783684534021e+05 7.355838578117592260e+04 9.119854649276763666e+04 -8.794649569346724078e+06 4.706685561085280962e+06 -7.594190494164911797e+04 -2.443714495681209664e+05 2.370491453455998853e+05 2.600808769623241387e+06 9.662067761331605725e+05 3.357950304519063793e+05 3.395646130137294531e+05
-2.201935697986337822e+06 -3.528558646061468753e+05 -3.044260155053628841e+04 -4.604371374390277924e+04 -1.586434811062551307e+04 1.766387910416287195e+05 3.388806342590300483e+05 -6.884216383871299331e+04 1.133686278358975833e+05 -7.125188035057163797e+06 -3.485063941146897851e+05 -6.904481748441101518e+05 -1.642701060448870703e+04 1.158271890788394521e+05 9.662067761331605725e+05 1.551449115833855700e+06 3.855266014858226990e+05 4.287315228753229021e+05
2.385648609553388786e+06 5.553485510511886969e+04 -4.985101115216226317e+05 2.496477906965384900e+05 1.225877298946032824e+05 4.031449017806817574e+04 1.534571961176089244e+05 3.123268123634108997e+04 1.717190248086089559e+04 1.058458392614395358e+06 -1.012235364121262450e+06 -1.005336286273528007e+06 9.424579255616874434e+04 3.678563816216395935e+05 3.357950304519063793e+05 3.855266014858226990e+05 1.087938337855267804e+06 3.030445563600086025e+05
2.557969750800758484e+05 -4.586664873993627261e+05 5.122413292583420407e+05 -1.944262352752152656e+05 4.897222069832678244e+04 5.902409952296038682e+04 3.413719926947357453e+04 2.395791997529114087e+04 7.282754847020152374e+04 -3.915896187767119845e+05 7.393761740974511486e+05 1.140268085466579214e+05 -9.981950913862586021e+05 1.742937995368086267e+05 3.395646130137294531e+05 4.287315228753229021e+05 3.030445563600086025e+05 9.494870278595195850e+05
