# lambda=0.14784596250664675
3.526317828368502855e+07 -7.284036031502570258e+05 -1.427712209139523562e+06 1.090942290276020998e+06 -3.668595093968607252e+05 5.938122898953208933e+05 -6.123930902839541668e+05 1.667201801110768574e+05 3.695466057339320541e+05 4.934422832295436412e+06 -1.328960059457048774e+07 -6.220509140028902330e+06 4.951780564765520394e+06 1.175798040807772893e+06 2.383004664113588165e+06 4.622253146295610932e+05 1.654063179067554185e+06 1.276914506604257273e+06
-7.284036031502570258e+05 1.284805186440532096e+07 -4.753229495262929704e+05 8.047841770134051330e+05 1.079633155708788545e+05 6.729557042941437103e+05 5.359719512442757841e+05 4.129910807506157435e+05 -1.875161678860414031e+04 -7.641148699236339889e+06 4.597017699053481221e+06 -8.677662963097773492e+06 1.292628384597046766e+06 3.213546424324950203e+05 -1.384640768140930915e+06 -6.842812871798023116e+05 9.446197100990075851e+05 -4.984550967460024403e+05
-1.427712209139523562e+06 -4.753229495262929704e+05 4.032428900733750779e+06 4.408006141885179677e+05 -1.025750150209384083e+04 2.415702821439742402e+05 -1.540891554501223727e+05 2.463489709755767544e+05 2.342396481191458297e+05 6.515249151096715359e+05 -2.298808356217608089e+05 4.563326653236664832e+06 1.984546938713723095e+06 -2.098784568628495617e+05 -1.259922797992556589e+05 5.263284171042629750e+05 4.542212039488005685e+05 7.256246491964279267e+04
1.090942290276020998e+06 8.047841770134051330e+05 4.408006141885179677e+05 1.329080370741980849e+06 4.195496819613208208e+04 1.604086534579457657e+05 5.151930219916886017e+03 6.002250630413289036e+04 9.381414093891369703e+04 6.182451569869326195e+05 1.793302995233074995e+06 1.389023971208022675e+06 1.159532382444949821e+06 1.258482882002869854e+06 1.640344320492260158e+05 -2.750927545550982904e+04 -9.683271169322579226e+04 3.044002248784600524e+05
-3.668595093968607252e+05 1.079633155708788545e+05 -1.025750150209384083e+04 4.195496819613208208e+04 4.667979610574964317e+05 3.212920341551054662e+04 2.617370818281335960e+04 -7.445713663272175472e+04 -2.031111202779722225e+04 2.934126804555510171e+06 1.891269788644276559e+06 -7.250686237589211669e+04 1.953223842826024047e+05 2.357435658387675066e+05 -5.288125132777883118e+04 1.834186017861067376e+05 -1.262956169203393220e+05 7.470422380396920198e+04
5.938122898953208933e+05 6.729557042941437103e+05 2.415702821439742402e+05 1.604086534579457657e+05 3.212920341551054662e+04 6.356995765598503640e+05 4.598479983283645561e+04 1.154752212391542344e+04 4.407472734557146759e+04 1.361899401879114099e+06 9.646879864332735306e+05 7.680338052146921400e+05 8.163460664524832973e+05 6.955346373624949483e+05 4.393104600130487815e+05 -1.054062752964430692e+05 -2.534641081085028782e+04 -2.115222093362118176e+04
-6.123930902839541668e+05 5.359719512442757841e+05 -1.540891554501223727e+05 5.151930219916886017e+03 2.617370818281335960e+04 4.598479983283645561e+04 3.113733081335625611e+05 5.140506711963006819e+04 -1.526304583762322363e+04 5.989794356874406803e+05 1.366389416034676367e+06 -5.867257264718360966e+05 -2.358606518617466209e+05 3.183208532666214160e+05 6.654382691616893862e+04 7.344966287234939227e+04 1.924767787932920619e+05 5.742597262445819069e+04
1.667201801110768574e+05 4.129910807506157435e+05 2.463489709755767544e+05 6.002250630413289036e+04 -7.445713663272175472e+04 1.154752212391542344e+04 5.140506711963006819e+04 2.504929251187934133e+05 7.993971062834847544e+04 -3.786087051617212710e+05 -2.409290486872537003e+05 -1.333511670525465743e+05 2.814727638961888151e+05 -1.541598848926848441e+05 6.492287512479408178e+04 2.568501341662381674e+04 2.797434385997189092e+05 -2.031080746317991361e+04
3.695466057339320541e+05 -1.875161678860414031e+04 2.342396481191458297e+05 9.381414093891369703e+04 -2.031111202779722225e+04 4.407472734557146759e+04 -1.526304583762322363e+04 7.993971062834847544e+04 7.623032649601898447e+04 1.632387079453216575e+05 3.292337432755476912e+05 1.577970240208834293e+05 3.582376649272580398e+05 6.749690341257625550e+04 1.144415585484577023e+05 -6.128354760108136543e+04 6.662767582769801083e+04 -6.795908868881026592e+02
4.934422832295436412e+06 -7.641148699236339889e+06 6.515249151096715359e+05 6.182451569869326195e+05 2.934126804555510171e+06 1.361899401879114099e+06 5.989794356874406803e+05 -3.786087051617212710e+05 1.632387079453216575e+05 1.111068738644445539e+08 1.556187809718901478e+07 5.800755658717202954e+06 -7.761546013478325913e+05 -6.012041626870846085e+04 4.542471008346522227e+06 3.075494884331039153e+06 -2.804124903780223758e+04 2.193789586934599211e+05
-1.328960059457048774e+07 4.597017699053481221e+06 -2.298808356217608089e+05 1.793302995233074995e+06 1.891269788644276559e+06 9.646879864332735306e+05 1.366389416034676367e+06 -2.409290486872537003e+05 3.292337432755476912e+05 1.556187809718901478e+07 6.318571328676428646e+07 1.327879447359843645e+06 -1.221791057317699306e+06 3.441236377290756907e+06 -5.514339626761666732e+05 -1.424815734831362730e+06 1.302967941873942036e+06 1.399209461775361560e+06
-6.220509140028902330e+06 -8.677662963097773492e+06 4.563326653236664832e+06 1.389023971208022675e+06 -7.250686237589211669e+04 7.680338052146921400e+05 -5.867257264718360966e+05 -1.333511670525465743e+05 1.577970240208834293e+05 5.800755658717202954e+06 1.327879447359843645e+06 3.210630284447107092e+07 2.646011740073053166e+06 8.892302854960012482e+05 1.785279043818884762e+06 4.754517986041785916e+05 -4.865562060657377006e+05 2.802201575814393000e+05
4.951780564765520394e+06 1.292628384597046766e+06 1.984546938713723095e+06 1.159532382444949821e+06 1.953223842826024047e+05 8.163460664524832973e+05 -2.358606518617466209e+05 2.814727638961888151e+05 3.582376649272580398e+05 -7.761546013478325913e+05 -1.221791057317699306e+06 2.646011740073053166e+06 1.138526391801849194e+07 2.013445129151171073e+06 1.551540570275907405e+06 -7.372333229695969494e+05 -6.375481769784358330e+05 1.495581745878137590e+05
1.175798040807772893e+06 3.213546424324950203e+05 -2.098784568628495617e+05 1.258482882002869854e+06 2.357435658387675066e+05 6.955346373624949483e+05 3.183208532666214160e+05 -1.541598848926848441e+05 6.749690341257625550e+04 -6.012041626870846085e+04 3.441236377290756907e+06 8.892302854960012482e+05 2.013445129151171073e+06 4.084290353560050949e+06 3.594514374985043542e+05 -1.949654425187014567e+05 -3.224980925671687583e+05 5.699168165859950241e+05
2.383004664113588165e+06 -1.384640768140930915e+06 -1.259922797992556589e+05 1.640344320492260158e+05 -5.288125132777883118e+04 4.393104600130487815e+05 6.654382691616893862e+04 6.492287512479408178e+04 1.144415585484577023e+05 4.542471008346522227e+06 -5.514339626761666732e+05 1.785279043818884762e+06 1.551540570275907405e+06 3.594514374985043542e+05 2.916040567791790236e+06 -4.111226156712201191e+05 -3.261085449992092326e+05 5.699028479815595347e+04
4.622253146295610932e+05 -6.842812871798023116e+05 5.263284171042629750e+05 -2.750927545550982904e+04 1.834186017861067376e+05 -1.054062752964430692e+05 7.344966287234939227e+04 2.568501341662381674e+04 -6.128354760108136543e+04 3.075494884331039153e+06 -1.424815734831362730e+06 4.754517986041785916e+05 -7.372333229695969494e+05 -1.949654425187014567e+05 -4.111226156712201191e+05 1.073451843344045570e+06 3.024499484774380107e+05 8.919510638278596161e+04
1.654063179067554185e+06 9.446197100990075851e+05 4.542212039488005685e+05 -9.683271169322579226e+04 -1.262956169203393220e+05 -2.534641081085028782e+04 1.924767787932920619e+05 2.797434385997189092e+05 6.662767582769801083e+04 -2.804124903780223758e+04 1.302967941873942036e+06 -4.865562060657377006e+05 -6.375481769784358330e+05 -3.224980925671687583e+05 -3.261085449992092326e+05 3.024499484774380107e+05 1.383261561995455064e+06 9.425917460700286028e+04
1.276914506604257273e+06 -4.984550967460024403e+05 7.256246491964279267e+04 3.044002248784600524e+05 7.470422380396920198e+04 -2.115222093362118176e+04 5.742597262445819069e+04 -2.031080746317991361e+04 -6.795908868881026592e+02 2.193789586934599211e+05 1.399209461775361560e+06 2.802201575814393000e+05 1.495581745878137590e+05 5.699168165859950241e+05 5.699028479815595347e+04 8.919510638278596161e+04 9.425917460700286028e+04 4.461884032128934632e+05
