# lambda=0.16409633060856005
3.331674717119501904e+07 4.902781538490180857e+06 3.448862453663749155e+06 1.814552572340443963e+06 6.170520433975008782e+05 -2.955455700983165880e+05 -2.641190778162548668e+05 7.954607474051756435e+04 -4.205380545065769693e+05 7.430209538678561337e+06 1.206639900850383751e+07 2.091517006463452708e+06 7.865510475472576218e+05 1.841333170759727713e+06 -3.829853912171748234e+05 -5.301907088726687944e+05 7.828931776580365840e+05 -1.781351450888874242e+05
4.902781538490180857e+06 1.752202838662485033e+07 4.850610413860395551e+06 9.098952741007884033e+05 -1.574312084223959828e+06 -6.166003449150876841e+05 1.420176889807679690e+05 -4.191520928316232166e+05 -9.527255329632126086e+04 -7.017408697731998749e+06 6.562575298206326552e+06 4.861866096808581613e+06 2.472999986215278972e+06 -1.736822924403777579e+06 -5.892883099815683672e+05 2.022631168858362071e+05 -7.201093227360917954e+05 4.135571905961485463e+05
3.448862453663749155e+06 4.850610413860395551e+06 5.635703674305197783e+06 5.008839777224121499e+05 -1.900093340866981089e+04 -5.114198599898170214e+05 -7.243610516432153236e+04 1.951553760543148383e+04 -4.082852170821686741e+04 -3.316190777806812897e+06 -1.292697261371703818e+06 6.025971198433088139e+06 -6.506048662055297755e+05 -6.934539839776083827e+05 4.513866979922444443e+04 3.632298418292935239e+05 1.399469080818795774e+05 4.135259155058330507e+05
1.814552572340443963e+06 9.098952741007884033e+05 5.008839777224121499e+05 1.652365399888560176e+06 -6.742131071568639891e+04 1.361422145616332127e+05 1.697597931464427966e+05 -1.287878270567470754e+05 9.679314713578700321e+04 1.967531807549140183e+06 -1.625382068168284604e+05 8.431469003263667691e+05 2.138385559696716722e+06 -4.107437262565233395e+05 -8.907177343644521898e+04 -4.201180656059633475e+05 1.150915085761766022e+04 1.414244398731017718e+05
6.170520433975008782e+05 -1.574312084223959828e+06 -1.900093340866981089e+04 -6.742131071568639891e+04 8.950776668576566735e+05 1.221554397246485896e+05 8.108385917120259546e+04 1.244599189151222818e+05 3.249258212615105731e+04 -6.603544375950827962e+05 -6.465881807440528646e+05 -2.374317401750477438e+05 -7.709367226565688616e+05 8.041301890934193507e+05 3.320816236103583942e+05 3.313636520981238573e+05 4.278371362918814702e+04 3.067833789129181969e+04
-2.955455700983165880e+05 -6.166003449150876841e+05 -5.114198599898170214e+05 1.361422145616332127e+05 1.221554397246485896e+05 3.174032163958643214e+05 1.176672515309263108e+05 -2.906928054314546171e+04 7.649401686407311445e+02 2.946932861868859269e+06 7.537197923629371217e+05 -8.814842153548969654e+05 7.245238820216412423e+05 3.358080119260036736e+04 3.777528466621443658e+04 7.377055717022564204e+04 -3.032167037404201983e+04 4.538382037053273962e+04
-2.641190778162548668e+05 1.420176889807679690e+05 -7.243610516432153236e+04 1.697597931464427966e+05 8.108385917120259546e+04 1.176672515309263108e+05 3.664028187503314693e+05 7.744152324504940771e+04 3.222777305891030483e+04 1.413135155378389405e+06 -2.366827504605096474e+05 -1.173873101167437155e+06 8.888281445694358263e+04 1.922943193403473415e+05 -9.836731593275388877e+04 1.542381288849697448e+05 1.435805013398825249e+05 3.413281412653393636e+04
7.954607474051756435e+04 -4.191520928316232166e+05 1.951553760543148383e+04 -1.287878270567470754e+05 1.244599189151222818e+05 -2.906928054314546171e+04 7.744152324504940771e+04 1.574673037322501186e+05 4.024663263475527492e+04 4.653996288836370804e+05 2.078631234077501867e+05 -2.445326003328890074e+05 -5.948367190945637412e+05 3.440298042633575387e+05 2.113878022350558240e+04 6.701706229041777260e+04 1.975344674173531239e+05 -6.562276308668999991e+04
-4.205380545065769693e+05 -9.527255329632126086e+04 -4.082852170821686741e+04 9.679314713578700321e+04 3.249258212615105731e+04 7.649401686407311445e+02 3.222777305891030483e+04 4.024663263475527492e+04 1.168203639573501132e+05 3.580358092089924612e+05 2.008968923886791799e+03 4.930219337936192169e+05 5.794125257493939898e+03 7.096588634713784268e+04 -1.504636391932442202e+05 -3.159148731504357420e+04 2.721189026926788938e+04 1.073185125554087608e+04
7.430209538678561337e+06 -7.017408697731998749e+06 -3.316190777806812897e+06 1.967531807549140183e+06 -6.603544375950827962e+05 2.946932861868859269e+06 1.413135155378389405e+06 4.653996288836370804e+05 3.580358092089924612e+05 9.090080508085054159e+07 2.489965715158079192e+07 2.329191658654408995e+06 5.931089321768059395e+06 1.761518995811562287e+06 1.001752277578389330e+05 7.801542500187736005e+05 2.610165007474084850e+06 4.403685208657767362e+04
1.206639900850383751e+07 6.562575298206326552e+06 -1.292697261371703818e+06 -1.625382068168284604e+05 -6.465881807440528646e+05 7.537197923629371217e+05 -2.366827504605096474e+05 2.078631234077501867e+05 2.008968923886791799e+03 2.489965715158079192e+07 3.939220420352212340e+07 5.483047961215735413e+05 8.443849426612076350e+05 8.957958537736126455e+05 1.815445016090406862e+05 6.544623230044021038e+05 1.915398132499925268e+05 -3.898775600571238901e+05
2.091517006463452708e+06 4.861866096808581613e+06 6.025971198433088139e+06 8.431469003263667691e+05 -2.374317401750477438e+05 -8.814842153548969654e+05 -1.173873101167437155e+06 -2.445326003328890074e+05 4.930219337936192169e+05 2.329191658654408995e+06 5.483047961215735413e+05 3.045408075519983470e+07 -1.385539834030018537e+05 3.771122041390246977e+03 -1.044834098367854138e+06 -7.377864896991710411e+05 1.406352117840628198e+05 8.344011247675411869e+05
7.865510475472576218e+05 2.472999986215278972e+06 -6.506048662055297755e+05 2.138385559696716722e+06 -7.709367226565688616e+05 7.245238820216412423e+05 8.888281445694358263e+04 -5.948367190945637412e+05 5.794125257493939898e+03 5.931089321768059395e+06 8.443849426612076350e+05 -1.385539834030018537e+05 9.687407063320048153e+06 -7.786442932583993534e+05 -3.233090815281682444e+04 -1.028095514849791361e+05 -6.516827256850728736e+04 3.116663153455277206e+05
1.841333170759727713e+06 -1.736822924403777579e+06 -6.934539839776083827e+05 -4.107437262565233395e+05 8.041301890934193507e+05 3.358080119260036736e+04 1.922943193403473415e+05 3.440298042633575387e+05 7.096588634713784268e+04 1.761518995811562287e+06 8.957958537736126455e+05 3.771122041390246977e+03 -7.786442932583993534e+05 4.280517844927296974e+06 -4.420723039638447226e+05 6.796238520332432818e+05 6.841473949111807160e+05 -3.837863507462001289e+05
-3.829853912171748234e+05 -5.892883099815683672e+05 4.513866979922444443e+04 -8.907177343644521898e+04 3.320816236103583942e+05 3.777528466621443658e+04 -9.836731593275388877e+04 2.113878022350558240e+04 -1.504636391932442202e+05 1.001752277578389330e+05 1.815445016090406862e+05 -1.044834098367854138e+06 -3.233090815281682444e+04 -4.420723039638447226e+05 1.562040112045359332e+06 5.060821090443091234e+05 -4.666618430825684482e+04 -9.130915919415524695e+04
-5.301907088726687944e+05 2.022631168858362071e+05 3.632298418292935239e+05 -4.201180656059633475e+05 3.313636520981238573e+05 7.377055717022564204e+04 1.542381288849697448e+05 6.701706229041777260e+04 -3.159148731504357420e+04 7.801542500187736005e+05 6.544623230044021038e+05 -7.377864896991710411e+05 -1.028095514849791361e+05 6.796238520332432818e+05 5.060821090443091234e+05 1.410411264974793885e+06 -4.781251191353729519e+04 -1.611563190276975511e+05
7.828931776580365840e+05 -7.201093227360917954e+05 1.399469080818795774e+05 1.150915085761766022e+04 4.278371362918814702e+04 -3.032167037404201983e+04 1.435805013398825249e+05 1.975344674173531239e+05 2.721189026926788938e+04 2.610165007474084850e+06 1.915398132499925268e+05 1.406352117840628198e+05 -6.516827256850728736e+04 6.841473949111807160e+05 -4.666618430825684482e+04 -4.781251191353729519e+04 9.559756815828278195e+05 7.427834037982740847e+04
-1.781351450888874242e+05 4.135571905961485463e+05 4.135259155058330507e+05 1.414244398731017718e+05 3.067833789129181969e+04 4.538382037053273962e+04 3.413281412653393636e+04 -6.562276308668999991e+04 1.073185125554087608e+04 4.403685208657767362e+04 -3.898775600571238901e+05 8.344011247675411869e+05 3.116663153455277206e+05 -3.837863507462001289e+05 -9.130915919415524695e+04 -1.611563190276975511e+05 7.427834037982740847e+04 3.488449331148376223e+05
