# lambda=0.1332631430330355
4.739852732402428985e+07 3.854622600429097656e+06 -2.107960950224170927e+06 3.469545251567033702e+05 1.354205528260268038e+06 4.216753159379099088e+04 1.166767888910184614e+06 5.183569037228490924e+05 -5.174689793426251708e+04 2.971302256743943319e+07 2.827125290558420867e+07 1.213216143156350125e+06 2.390980802134155296e+06 5.836349031231308356e+06 -1.000511089105217019e+06 2.157821842623513658e+06 -4.349095740391099826e+05 1.056661658074987819e+06
3.854622600429097656e+06 1.263364860527635738e+07 2.714540842478711857e+05 -7.675819912054056767e+05 5.418522766631628620e+05 1.249262237798211863e+05 1.643519940641785215e+05 -3.102569753623772995e+05 8.959558011978477589e+04 1.079799011960104294e+07 1.012436069938082993e+07 -1.470994296709670198e+04 -2.467934043705467600e+06 -2.031384530650009634e+06 3.814121126643305179e+05 -1.224034251911177998e+06 -8.517860105200654361e+05 -1.925388212863628869e+05
-2.107960950224170927e+06 2.714540842478711857e+05 4.120989151596955489e+06 3.974690062886545784e+05 2.217229564443326090e+05 2.614929948537777454e+04 -2.085126457680273161e+05 -2.342520519528360746e+05 -1.529860614304043120e+05 1.048125193138360744e+06 -3.471678285191016737e+06 9.265494762286762125e+04 -9.783187734965715790e+05 3.925121295255870209e+05 7.649325075496399950e+04 -7.167389742249146802e+05 1.346408590161677275e+05 8.973165402215166250e+04
3.469545251567033702e+05 -7.675819912054056767e+05 3.974690062886545784e+05 1.777377678070578491e+06 2.278997248199903988e+05 5.652584376566065475e+04 -4.270509972345091228e+04 1.375179147916344809e+05 -7.443973109988143551e+04 -6.255660267865087371e+05 4.026562339550468139e+06 -3.023410251138754538e+05 -9.465035778293937910e+05 -7.901141715479256789e+01 -4.846251922816113802e+05 3.032397834977445891e+05 -6.109527393179448154e+03 2.282930290778970229e+05
1.354205528260268038e+06 5.418522766631628620e+05 2.217229564443326090e+05 2.278997248199903988e+05 1.077498313121959567e+06 1.403540748029942333e+05 -1.670168259462518836e+04 1.156062012186657957e+05 7.987821215855977789e+04 1.990842347801340977e+06 5.354233508885796182e+06 8.261852025730623864e+05 -5.143617428503421834e+05 -2.206652475283721578e+05 -1.320665888694435998e+05 1.509651905254870326e+04 1.828737500006991468e+04 -1.150045776456725289e+05
4.216753159379099088e+04 1.249262237798211863e+05 2.614929948537777454e+04 5.652584376566065475e+04 1.403540748029942333e+05 4.992916153556283680e+05 1.337968254608094867e+05 1.217837249058264715e+05 5.584310821570983535e+04 3.358740351821463089e+06 1.087876762148345355e+06 3.871690344109507278e+05 -5.404408832794247428e+05 8.940359251839368881e+03 1.958200314467949502e+05 3.984023056588834152e+05 9.544196380971060717e+04 -4.576033807497085945e+04
1.166767888910184614e+06 1.643519940641785215e+05 -2.085126457680273161e+05 -4.270509972345091228e+04 -1.670168259462518836e+04 1.337968254608094867e+05 3.546752541810071561e+05 8.754541784171485051e+04 7.784206338845923892e+04 3.400528385302274546e+04 4.013889261018284597e+05 8.558416156449998962e+05 4.372216296579591290e+04 2.004542032924801460e+05 2.332797209134091681e+05 2.195133488936424546e+05 1.465196991304743278e+05 3.310564694166888512e+04
5.183569037228490924e+05 -3.102569753623772995e+05 -2.342520519528360746e+05 1.375179147916344809e+05 1.156062012186657957e+05 1.217837249058264715e+05 8.754541784171485051e+04 2.504632545389192528e+05 5.951765709521076496e+04 1.669046590560186189e+06 4.328764138671074761e+05 -3.425499645958244801e+05 -9.485441291575222567e+04 -2.047390019776458757e+03 4.016535547362639045e+04 1.044666784707911283e+05 -7.966382854557341489e+04 3.582647411849887931e+02
-5.174689793426251708e+04 8.959558011978477589e+04 -1.529860614304043120e+05 -7.443973109988143551e+04 7.987821215855977789e+04 5.584310821570983535e+04 7.784206338845923892e+04 5.951765709521076496e+04 9.674406120797977201e+04 1.619595136958405783e+05 -1.825574692483088584e+05 9.913333933144630282e+04 -1.606372878328603692e+05 -1.972916933674071915e+05 1.037067086598726019e+04 6.882885090814481373e+04 -4.734794183643728502e+03 -1.409583546396437669e+03
2.971302256743943319e+07 1.079799011960104294e+07 1.048125193138360744e+06 -6.255660267865087371e+05 1.990842347801340977e+06 3.358740351821463089e+06 3.400528385302274546e+04 1.669046590560186189e+06 1.619595136958405783e+05 2.238943261069979668e+08 3.953635613319239765e+07 -8.642718071578839794e+06 -3.294347394670879934e+06 -1.686000701586783631e+06 -2.837138665470629930e+05 3.279270387811522232e+05 -9.235740243730499642e+05 8.387133510843528202e+05
2.827125290558420867e+07 1.012436069938082993e+07 -3.471678285191016737e+06 4.026562339550468139e+06 5.354233508885796182e+06 1.087876762148345355e+06 4.013889261018284597e+05 4.328764138671074761e+05 -1.825574692483088584e+05 3.953635613319239765e+07 1.245206802578489333e+08 1.691198211229805835e+06 5.052915536937839352e+06 1.309715409844708396e+06 -1.939741682886801427e+06 2.117340247460334562e+06 -8.059040390174507629e+05 2.293136994096688286e+05
1.213216143156350125e+06 -1.470994296709670198e+04 9.265494762286762125e+04 -3.023410251138754538e+05 8.261852025730623864e+05 3.871690344109507278e+05 8.558416156449998962e+05 -3.425499645958244801e+05 9.913333933144630282e+04 -8.642718071578839794e+06 1.691198211229805835e+06 2.076291309865406528e+07 2.739734440530368593e+06 -1.289465212553119520e+06 1.551525866211879533e+06 1.737825679515531054e+06 2.261914214243171737e+06 -1.421865629277110274e+05
2.390980802134155296e+06 -2.467934043705467600e+06 -9.783187734965715790e+05 -9.465035778293937910e+05 -5.143617428503421834e+05 -5.404408832794247428e+05 4.372216296579591290e+04 -9.485441291575222567e+04 -1.606372878328603692e+05 -3.294347394670879934e+06 5.052915536937839352e+06 2.739734440530368593e+06 9.351266528524827212e+06 2.304790876204877626e+06 -1.293635385253485059e+06 -7.350577711644318188e+05 5.800763020718866028e+05 5.171352741945572197e+05
5.836349031231308356e+06 -2.031384530650009634e+06 3.925121295255870209e+05 -7.901141715479256789e+01 -2.206652475283721578e+05 8.940359251839368881e+03 2.004542032924801460e+05 -2.047390019776458757e+03 -1.972916933674071915e+05 -1.686000701586783631e+06 1.309715409844708396e+06 -1.289465212553119520e+06 2.304790876204877626e+06 4.663552095650176518e+06 -1.726118357662124035e+05 3.497902731522992835e+05 -1.457124445597467711e+05 3.173572190438691177e+05
-1.000511089105217019e+06 3.814121126643305179e+05 7.649325075496399950e+04 -4.846251922816113802e+05 -1.320665888694435998e+05 1.958200314467949502e+05 2.332797209134091681e+05 4.016535547362639045e+04 1.037067086598726019e+04 -2.837138665470629930e+05 -1.939741682886801427e+06 1.551525866211879533e+06 -1.293635385253485059e+06 -1.726118357662124035e+05 2.197129137329021934e+06 8.043045166003070772e+05 2.753495831940956414e+05 -1.719831089264312759e+05
2.157821842623513658e+06 -1.224034251911177998e+06 -7.167389742249146802e+05 3.032397834977445891e+05 1.509651905254870326e+04 3.984023056588834152e+05 2.195133488936424546e+05 1.044666784707911283e+05 6.882885090814481373e+04 3.279270387811522232e+05 2.117340247460334562e+06 1.737825679515531054e+06 -7.350577711644318188e+05 3.497902731522992835e+05 8.043045166003070772e+05 1.808470241401139414e+06 4.574132305960936355e+05 1.504430906868026359e+05
-4.349095740391099826e+05 -8.517860105200654361e+05 1.346408590161677275e+05 -6.109527393179448154e+03 1.828737500006991468e+04 9.544196380971060717e+04 1.465196991304743278e+05 -7.966382854557341489e+04 -4.734794183643728502e+03 -9.235740243730499642e+05 -8.059040390174507629e+05 2.261914214243171737e+06 5.800763020718866028e+05 -1.457124445597467711e+05 2.753495831940956414e+05 4.574132305960936355e+05 7.290709103124544490e+05 1.105138122228489810e+05
1.056661658074987819e+06 -1.925388212863628869e+05 8.973165402215166250e+04 2.282930290778970229e+05 -1.150045776456725289e+05 -4.576033807497085945e+04 3.310564694166888512e+04 3.582647411849887931e+02 -1.409583546396437669e+03 8.387133510843528202e+05 2.293136994096688286e+05 -1.421865629277110274e+05 5.171352741945572197e+05 3.173572190438691177e+05 -1.719831089264312759e+05 1.504430906868026359e+05 1.105138122228489810e+05 3.115439047962269979e+05
