# lambda=0.07829959289664251
3.404394306191530824e+07 2.981088427339805290e+06 1.748649431489505514e+05 -2.406292242260165804e+05 -1.150012386815406353e+05 -3.233396239451622023e+04 7.387649774255513876e+03 -5.742953741369710770e+04 2.465582855963430775e+05 2.782963178467720374e+07 -1.547724881614458747e+06 5.466019863527771086e+05 -6.596967942989966832e+06 2.028184194383350667e+06 -3.459860604790507350e+05 -3.040866748541490524e+05 1.043242677891566069e+06 7.338666889652932296e+05
2.981088427339805290e+06 1.628339235725961812e+07 3.171219810412734281e+06 -4.147016225558717852e+05 1.249369784084849671e+05 -1.245024559125146625e+05 -1.123196970767218590e+05 4.783677113140151778e+04 4.860044847776704410e+04 2.689219751127943397e+07 1.571505446747960709e+07 -2.473443327371464577e+06 -3.748418892153341323e+06 -6.883543771181559423e+05 -2.332714112598311840e+04 1.180671104329303140e+06 8.097759177878430346e+05 3.579590525043118396e+05
1.748649431489505514e+05 3.171219810412734281e+06 4.239730036290440708e+06 6.025167182488088729e+05 4.497434319061244023e+05 6.095469850390816573e+05 1.078370247774938180e+05 1.469303064654606569e+05 -2.443277279823815206e+03 -2.244995330063381698e+06 3.719096673304552212e+06 2.912881441521575674e+06 -1.458831183063003700e+05 1.346438082813468063e+06 6.434074193918009987e+05 4.687365857437078957e+05 -3.025834774113699095e+05 -7.669975588570442051e+04
-2.406292242260165804e+05 -4.147016225558717852e+05 6.025167182488088729e+05 1.695538716634018347e+06 -1.357845251707422722e+05 3.928020119075886323e+05 4.820430704997859721e+04 -1.153782591465609148e+05 1.069938626953482744e+05 3.814167247323659714e+06 -5.624343502525986405e+05 1.130604135943774454e+05 -7.319868379739140801e+04 5.684976364754831884e+05 3.439525561205958948e+05 -1.103991474128896371e+05 1.719921073027712118e+05 9.213961606799442961e+04
-1.150012386815406353e+05 1.249369784084849671e+05 4.497434319061244023e+05 -1.357845251707422722e+05 6.310192949757124297e+05 3.080159183306702107e+04 1.760730868514170870e+05 4.885624643140265835e+04 3.870475115601197467e+04 -3.434716263780049630e+05 2.060477602853431308e+05 5.149742814705098863e+05 9.846692109746142523e+04 6.182489286796230590e+05 7.183624156452844909e+04 1.227789257657464186e+05 -1.302632770806127664e+05 -1.216931103602698859e+05
-3.233396239451622023e+04 -1.245024559125146625e+05 6.095469850390816573e+05 3.928020119075886323e+05 3.080159183306702107e+04 4.305983433870080044e+05 5.369323266630497528e+04 -2.361103408156785372e+04 -6.074552868536429742e+04 6.429885128235021839e+05 1.181525900109780923e+05 6.122316045817445265e+05 2.565338314428701706e+05 4.492692452936791815e+05 2.742177623241996043e+05 -2.278105866954667144e+05 2.352637796272194464e+04 1.368954752018454019e+04
7.387649774255513876e+03 -1.123196970767218590e+05 1.078370247774938180e+05 4.820430704997859721e+04 1.760730868514170870e+05 5.369323266630497528e+04 3.249892600926319137e+05 1.112773122929656820e+05 4.485892074171963941e+03 3.732266028865493718e+05 -7.211691359192875680e+05 2.452834007466253242e+05 1.122926373421858298e+05 1.634811421351811441e+05 1.284947385708505753e+05 1.567734150234367407e+05 4.562586089218928828e+04 1.140123397483868757e+05
-5.742953741369710770e+04 4.783677113140151778e+04 1.469303064654606569e+05 -1.153782591465609148e+05 4.885624643140265835e+04 -2.361103408156785372e+04 1.112773122929656820e+05 1.628785457459628524e+05 6.696593578276054359e+03 1.347185697828163859e+06 4.385543282840435277e+05 2.612759929745709815e+05 -1.812072456413866894e+05 9.518432065797558607e+03 5.999030325926087244e+04 2.218718397908585030e+05 6.861021810398631715e+03 3.193206075260680882e+04
2.465582855963430775e+05 4.860044847776704410e+04 -2.443277279823815206e+03 1.069938626953482744e+05 3.870475115601197467e+04 -6.074552868536429742e+04 4.485892074171963941e+03 6.696593578276054359e+03 1.062147420645629463e+05 6.512970532989507774e+05 2.623865789112076163e+05 -2.558620498846458213e+05 -8.704254575183360430e+04 1.267912164516810299e+05 9.382616976781832636e+04 1.042649653936217510e+05 6.477999505539581151e+04 4.631840662614405301e+04
2.782963178467720374e+07 2.689219751127943397e+07 -2.244995330063381698e+06 3.814167247323659714e+06 -3.434716263780049630e+05 6.429885128235021839e+05 3.732266028865493718e+05 1.347185697828163859e+06 6.512970532989507774e+05 3.660799610518521070e+08 7.396507001813609898e+07 1.436229100951761939e+07 -1.964161863998886570e+07 6.456976202896697447e+06 6.829451131785089150e+06 7.666109367013079114e+06 6.724169731413606554e+06 2.115074313259511720e+06
-1.547724881614458747e+06 1.571505446747960709e+07 3.719096673304552212e+06 -5.624343502525986405e+05 2.060477602853431308e+05 1.181525900109780923e+05 -7.211691359192875680e+05 4.385543282840435277e+05 2.623865789112076163e+05 7.396507001813609898e+07 8.051029973563109338e+07 2.335879563503190130e+07 -5.177353958693724126e+06 2.575546470406898297e+06 3.492335388094736263e+06 2.606868504166132770e+06 8.100100986037669936e+05 6.220765231911051087e+05
5.466019863527771086e+05 -2.473443327371464577e+06 2.912881441521575674e+06 1.130604135943774454e+05 5.149742814705098863e+05 6.122316045817445265e+05 2.452834007466253242e+05 2.612759929745709815e+05 -2.558620498846458213e+05 1.436229100951761939e+07 2.335879563503190130e+07 2.334117597335167229e+07 1.946347764606105397e+06 3.158228669328121003e+06 2.758243416628487408e+06 3.660923926915964694e+05 -3.858525059512664448e+05 9.832517132310979650e+04
-6.596967942989966832e+06 -3.748418892153341323e+06 -1.458831183063003700e+05 -7.319868379739140801e+04 9.846692109746142523e+04 2.565338314428701706e+05 1.122926373421858298e+05 -1.812072456413866894e+05 -8.704254575183360430e+04 -1.964161863998886570e+07 -5.177353958693724126e+06 1.946347764606105397e+06 1.146390265741997212e+07 6.044861164794728393e+05 5.804121786191852298e+05 -5.694796527815689333e+05 -8.287358572739277733e+05 1.571953108376044547e+05
2.028184194383350667e+06 -6.883543771181559423e+05 1.346438082813468063e+06 5.684976364754831884e+05 6.182489286796230590e+05 4.492692452936791815e+05 1.634811421351811441e+05 9.518432065797558607e+03 1.267912164516810299e+05 6.456976202896697447e+06 2.575546470406898297e+06 3.158228669328121003e+06 6.044861164794728393e+05 5.414169088629271835e+06 7.815139992904454703e+05 -6.699146033173322212e+05 -4.976989260327953525e+04 5.206484813689383373e+03
-3.459860604790507350e+05 -2.332714112598311840e+04 6.434074193918009987e+05 3.439525561205958948e+05 7.183624156452844909e+04 2.742177623241996043e+05 1.284947385708505753e+05 5.999030325926087244e+04 9.382616976781832636e+04 6.829451131785089150e+06 3.492335388094736263e+06 2.758243416628487408e+06 5.804121786191852298e+05 7.815139992904454703e+05 1.989354895632633008e+06 5.486634915473198052e+05 -1.397639621744804608e+05 3.014277338799863355e+05
-3.040866748541490524e+05 1.180671104329303140e+06 4.687365857437078957e+05 -1.103991474128896371e+05 1.227789257657464186e+05 -2.278105866954667144e+05 1.567734150234367407e+05 2.218718397908585030e+05 1.042649653936217510e+05 7.666109367013079114e+06 2.606868504166132770e+06 3.660923926915964694e+05 -5.694796527815689333e+05 -6.699146033173322212e+05 5.486634915473198052e+05 2.015000407036264194e+06 1.594423016757844198e+04 -2.801213629026625858e+04
1.043242677891566069e+06 8.097759177878430346e+05 -3.025834774113699095e+05 1.719921073027712118e+05 -1.302632770806127664e+05 2.352637796272194464e+04 4.562586089218928828e+04 6.861021810398631715e+03 6.477999505539581151e+04 6.724169731413606554e+06 8.100100986037669936e+05 -3.858525059512664448e+05 -8.287358572739277733e+05 -4.976989260327953525e+04 -1.397639621744804608e+05 1.594423016757844198e+04 7.342718348530685762e+05 2.766303688621591427e+05
7.338666889652932296e+05 3.579590525043118396e+05 -7.669975588570442051e+04 9.213961606799442961e+04 -1.216931103602698859e+05 1.368954752018454019e+04 1.140123397483868757e+05 3.193206075260680882e+04 4.631840662614405301e+04 2.115074313259511720e+06 6.220765231911051087e+05 9.832517132310979650e+04 1.571953108376044547e+05 5.206484813689383373e+03 3.014277338799863355e+05 -2.801213629026625858e+04 2.766303688621591427e+05 8.391460572368687717e+05
