# lambda=0.08960664800054499
4.125939495862447470e+07 2.515814006325228140e+06 1.537617830485566228e+05 3.904533477928597131e+05 -2.185856658283558208e+06 6.550385862698915298e+04 8.021077131850409787e+05 -3.129282517615731340e+05 -1.295988060244001390e+05 -2.682368433318327367e+07 -5.230523160645747557e+06 -8.419653139817243442e+06 2.546358330317427404e+06 -6.232360311558858957e+05 -2.598743453651474323e+06 5.309213110759879928e+05 2.776012827036196250e+05 -7.684069894682447193e+04
2.515814006325228140e+06 1.341287001933874562e+07 1.460170564474707237e+06 1.203900509918068070e+06 1.281697483572954661e+05 6.234543807389880531e+05 -3.448874305091195274e+05 -3.295476675804311071e+03 -2.102733834394578298e+05 2.465694505232647527e+06 5.952422978443270549e+06 -3.469649337477304507e+06 1.836660180743808625e+06 5.403776586237119045e+05 -8.447936790023522917e+04 5.277726264083506539e+05 -4.868063482490590541e+05 1.774511018372465696e+04
1.537617830485566228e+05 1.460170564474707237e+06 4.628114045542634092e+06 1.046874761992326239e+06 2.046112744415289626e+03 -1.829108944898336485e+05 -3.673366756578460336e+05 -1.158115887804468221e+05 -2.597899255514818287e+04 -6.856097163029413670e+06 -3.231881215235571144e+05 1.745086352004183573e+05 9.391450596012324095e+05 1.074945114391169045e+06 3.994590871822815388e+05 -3.631455777468721499e+05 -3.953909803407992586e+05 7.988316428315415578e+03
3.904533477928597131e+05 1.203900509918068070e+06 1.046874761992326239e+06 2.082082102404792560e+06 3.135830063657087157e+05 3.098357199877404491e+05 8.721620911763727781e+04 -1.593161393715219456e+05 1.051147456323521474e+05 1.729354113056850620e+05 1.803669458136141533e+06 -1.203775757949039544e+05 6.260322683743552770e+05 1.497691841089121765e+06 2.030447735068948532e+05 7.442220954844546213e+04 -4.923718697434348287e+05 -1.542311928269451018e+05
-2.185856658283558208e+06 1.281697483572954661e+05 2.046112744415289626e+03 3.135830063657087157e+05 9.739329426731801359e+05 1.720458657756368630e+05 1.366069228654747130e+05 1.213149918819143022e+04 7.575128402302719769e+04 3.382648447372331284e+06 2.628421029984476976e+06 1.073594890079458943e+06 6.330420017999690754e+04 4.248813987045243266e+05 4.291859297452072497e+05 5.955778847453869821e+04 -9.905120909178498550e+03 1.311967181241321668e+05
6.550385862698915298e+04 6.234543807389880531e+05 -1.829108944898336485e+05 3.098357199877404491e+05 1.720458657756368630e+05 7.196032365614336450e+05 1.765603782610053313e+05 -4.791628229511738755e+04 3.801498499041872128e+04 1.934533070278733270e+06 -9.374274757569219219e+05 -1.261811992229754251e+05 7.895304196051262261e+04 6.710290809988076217e+04 5.147101974624765571e+05 9.792108896450331667e+04 -1.735046965626866731e+05 -1.812164276803842222e+05
8.021077131850409787e+05 -3.448874305091195274e+05 -3.673366756578460336e+05 8.721620911763727781e+04 1.366069228654747130e+05 1.765603782610053313e+05 3.171059330795194255e+05 1.593047960954847804e+04 4.185645762203873164e+04 -2.073184855266903178e+05 5.591002251262660138e+04 2.266687623581439548e+05 -1.770137743625889925e+04 3.926281154700155021e+05 -4.204022307841361035e+05 1.676040351285180950e+05 9.409218527191270550e+04 -4.508306334786427033e+04
-3.129282517615731340e+05 -3.295476675804311071e+03 -1.158115887804468221e+05 -1.593161393715219456e+05 1.213149918819143022e+04 -4.791628229511738755e+04 1.593047960954847804e+04 1.384760050312201201e+05 2.516075050803664271e+04 1.921913555243760813e+06 1.675717418700883863e+05 9.040827807335923717e+04 -2.098918239603214315e+05 1.333129752026414499e+05 -1.625632668140455789e+05 8.091397448298301606e+04 7.396677264896212728e+04 7.893603664587925596e+04
-1.295988060244001390e+05 -2.102733834394578298e+05 -2.597899255514818287e+04 1.051147456323521474e+05 7.575128402302719769e+04 3.801498499041872128e+04 4.185645762203873164e+04 2.516075050803664271e+04 1.193360166302294965e+05 -6.897078984880966891e+04 1.690253910462674103e+05 2.599764769117448304e+05 -4.048526656945790455e+04 9.966392561632054276e+04 1.158771737090348033e+05 6.386642993481903250e+04 -4.091391192105753589e+02 1.269052107664812647e+05
-2.682368433318327367e+07 2.465694505232647527e+06 -6.856097163029413670e+06 1.729354113056850620e+05 3.382648447372331284e+06 1.934533070278733270e+06 -2.073184855266903178e+05 1.921913555243760813e+06 -6.897078984880966891e+04 2.444850899673388898e+08 -4.472096815976255573e+06 -1.816086088127334369e+06 -2.266957014616400003e+06 6.590628336603350006e+06 2.786935016328014899e+06 1.324813687744432129e+06 4.515613345321270172e+05 1.925032825157210231e+06
-5.230523160645747557e+06 5.952422978443270549e+06 -3.231881215235571144e+05 1.803669458136141533e+06 2.628421029984476976e+06 -9.374274757569219219e+05 5.591002251262660138e+04 1.675717418700883863e+05 1.690253910462674103e+05 -4.472096815976255573e+06 5.832324689148247242e+07 -2.609000898271612357e+06 4.016525558820348233e+05 2.041084358384531923e+06 9.855651601837434573e+05 2.738284628587196581e+06 3.845469937159250840e+05 -8.314461617437615059e+05
-8.419653139817243442e+06 -3.469649337477304507e+06 1.745086352004183573e+05 -1.203775757949039544e+05 1.073594890079458943e+06 -1.261811992229754251e+05 2.266687623581439548e+05 9.040827807335923717e+04 2.599764769117448304e+05 -1.816086088127334369e+06 -2.609000898271612357e+06 1.514826800684283487e+07 2.491383658174018841e+06 1.982650082300257171e+06 7.918118245935899904e+05 1.093320174181278795e+06 -4.649493367439563153e+05 1.148833248958633485e+05
2.546358330317427404e+06 1.836660180743808625e+06 9.391450596012324095e+05 6.260322683743552770e+05 6.330420017999690754e+04 7.895304196051262261e+04 -1.770137743625889925e+04 -2.098918239603214315e+05 -4.048526656945790455e+04 -2.266957014616400003e+06 4.016525558820348233e+05 2.491383658174018841e+06 4.237796364941915497e+06 1.504219244236346334e+06 -5.665791256489721854e+04 4.834781064193659113e+05 -1.622539604025725275e+05 -2.409444314778087137e+05
-6.232360311558858957e+05 5.403776586237119045e+05 1.074945114391169045e+06 1.497691841089121765e+06 4.248813987045243266e+05 6.710290809988076217e+04 3.926281154700155021e+05 1.333129752026414499e+05 9.966392561632054276e+04 6.590628336603350006e+06 2.041084358384531923e+06 1.982650082300257171e+06 1.504219244236346334e+06 4.942465877171487547e+06 -5.910011694352940594e+02 6.254631650035618804e+05 1.021283619885056978e+05 -3.763102974000131508e+04
-2.598743453651474323e+06 -8.447936790023522917e+04 3.994590871822815388e+05 2.030447735068948532e+05 4.291859297452072497e+05 5.147101974624765571e+05 -4.204022307841361035e+05 -1.625632668140455789e+05 1.158771737090348033e+05 2.786935016328014899e+06 9.855651601837434573e+05 7.918118245935899904e+05 -5.665791256489721854e+04 -5.910011694352940594e+02 3.198313836972917896e+06 -3.062402555912632379e+05 -3.576234440780298901e+05 1.029690906749408023e+05
5.309213110759879928e+05 5.277726264083506539e+05 -3.631455777468721499e+05 7.442220954844546213e+04 5.955778847453869821e+04 9.792108896450331667e+04 1.676040351285180950e+05 8.091397448298301606e+04 6.386642993481903250e+04 1.324813687744432129e+06 2.738284628587196581e+06 1.093320174181278795e+06 4.834781064193659113e+05 6.254631650035618804e+05 -3.062402555912632379e+05 1.743634358166935854e+06 1.182161047016163357e+05 -4.818529171330777899e+04
2.776012827036196250e+05 -4.868063482490590541e+05 -3.953909803407992586e+05 -4.923718697434348287e+05 -9.905120909178498550e+03 -1.735046965626866731e+05 9.409218527191270550e+04 7.396677264896212728e+04 -4.091391192105753589e+02 4.515613345321270172e+05 3.845469937159250840e+05 -4.649493367439563153e+05 -1.622539604025725275e+05 1.021283619885056978e+05 -3.576234440780298901e+05 1.182161047016163357e+05 7.606001668755661231e+05 1.157458229500952148e+05
-7.684069894682447193e+04 1.774511018372465696e+04 7.988316428315415578e+03 -1.542311928269451018e+05 1.311967181241321668e+05 -1.812164276803842222e+05 -4.508306334786427033e+04 7.893603664587925596e+04 1.269052107664812647e+05 1.925032825157210231e+06 -8.314461617437615059e+05 1.148833248958633485e+05 -2.409444314778087137e+05 -3.763102974000131508e+04 1.029690906749408023e+05 -4.818529171330777899e+04 1.157458229500952148e+05 5.834666135757052107e+05
