# lambda=0.12668303652577104
2.816823917887575552e+07 6.082743119355192408e+06 1.052141328146123560e+06 1.861320710864724126e+06 8.832380444786766020e+04 2.498130768550774374e+05 -8.119974067430247087e+05 5.023442498818447348e+05 7.635718818681439734e+04 3.513696480189203750e+06 1.416360991853244789e+07 1.206229448403179413e+06 -1.195742521075168159e+06 3.856439172180205584e+06 2.146762438145303633e+06 8.699917247090224409e+05 -2.649102906001671217e+05 -7.475758605433212360e+05
6.082743119355192408e+06 1.112848799489654787e+07 2.507907681799307931e+06 3.983652146762636839e+05 -5.299337597815571353e+05 1.950392494984446967e+05 1.537356072836798558e+05 4.378569879175954266e+05 9.846293142423569225e+04 4.622944056134332204e+05 1.243436917801736481e+07 9.924425436318798456e+05 2.373125520282250945e+05 -6.481924850702191470e+05 -4.021064539123244322e+04 1.530565016090292251e+06 2.483346313216109120e+05 -2.804669050306028221e+05
1.052141328146123560e+06 2.507907681799307931e+06 4.547986414510411210e+06 2.424337115318289725e+05 -7.283478629060671665e+05 2.702672430450584507e+05 -6.754158226205718529e+04 2.253293880347413651e+05 1.870843672495417923e+04 1.004603815939778835e+07 2.317164064948069397e+06 3.606013783802391961e+06 -1.152422051309464499e+06 1.528381398868584947e+05 9.519856132837514160e+05 4.062988816072787158e+05 1.095773902312133141e+05 -1.413977517668408982e+05
1.861320710864724126e+06 3.983652146762636839e+05 2.424337115318289725e+05 1.908109273145475192e+06 1.157321655562810629e+05 -6.513876753721205023e+04 4.807267094234277465e+04 1.472389444533280621e+05 3.616972542844573036e+04 2.572630199519996066e+06 4.316401911654480733e+06 2.305896491786434781e+06 1.519775994063843740e+06 3.447907198673574021e+05 1.791283353770881076e+05 9.493640965445754409e+04 1.383206719759520201e+05 -1.841684541534912714e+05
8.832380444786766020e+04 -5.299337597815571353e+05 -7.283478629060671665e+05 1.157321655562810629e+05 8.491043674983193632e+05 1.932532215341375922e+04 3.125498685685359669e+04 -1.605177319290761952e+05 1.369200545460541798e+04 -2.447905871863560285e+06 -1.085172785208905581e+06 -7.245223442436323967e+05 1.224519391134350735e+05 3.183571848801067099e+05 -2.055899892137327697e+05 -2.021767342977620137e+05 -1.361097363610155298e+05 -3.892161489212607557e+04
2.498130768550774374e+05 1.950392494984446967e+05 2.702672430450584507e+05 -6.513876753721205023e+04 1.932532215341375922e+04 5.510643181113345781e+05 2.202381302830254717e+05 2.273291712293784803e+04 6.929078139705516514e+04 1.689912931373049214e+05 1.566477319542338410e+04 -4.248189014569575083e+05 4.381966801942863967e+05 -4.583437196031970088e+05 2.730519695527107106e+05 8.344915271473051689e+04 5.651987945239534747e+04 -4.070749791883815760e+03
-8.119974067430247087e+05 1.537356072836798558e+05 -6.754158226205718529e+04 4.807267094234277465e+04 3.125498685685359669e+04 2.202381302830254717e+05 4.163001553079455625e+05 2.245336026107301223e+04 2.219117382335447110e+04 3.400040155729245744e+05 -7.525343958664126694e+05 -1.462086054692472972e+05 8.137680748987974366e+05 -3.317198088343932759e+05 -8.216877830764450482e+04 1.166224573989153141e+05 8.415043993156008946e+04 -4.024317600707192469e+04
5.023442498818447348e+05 4.378569879175954266e+05 2.253293880347413651e+05 1.472389444533280621e+05 -1.605177319290761952e+05 2.273291712293784803e+04 2.245336026107301223e+04 1.920882395531608490e+05 1.112708776704223601e+04 -4.526996572180642397e+04 2.505428489260156639e+06 8.605095827836084645e+05 5.307821925353149418e+05 3.183675270369255304e+04 3.445972506637877086e+04 8.801310179735586280e+04 1.952452729540372384e+05 3.548621235837122367e+04
7.635718818681439734e+04 9.846293142423569225e+04 1.870843672495417923e+04 3.616972542844573036e+04 1.369200545460541798e+04 6.929078139705516514e+04 2.219117382335447110e+04 1.112708776704223601e+04 7.736592883765095030e+04 -1.467700625608305272e+05 2.788861904946762370e+05 -1.966422946322819334e+05 2.035409414022552664e+05 -8.650209023379551945e+04 1.452682739979596809e+05 9.090845016976974148e+04 3.531892906861335359e+04 7.023206543440531823e+04
3.513696480189203750e+06 4.622944056134332204e+05 1.004603815939778835e+07 2.572630199519996066e+06 -2.447905871863560285e+06 1.689912931373049214e+05 3.400040155729245744e+05 -4.526996572180642397e+04 -1.467700625608305272e+05 1.791217852537222207e+08 -1.648655963689093292e+07 1.034635153788288124e+07 -5.174812988535695709e+06 -3.930246185191348777e+05 5.519636789221434854e+06 5.256390716983709484e+06 -1.400229373001542874e+06 -3.238302078154515941e+06
1.416360991853244789e+07 1.243436917801736481e+07 2.317164064948069397e+06 4.316401911654480733e+06 -1.085172785208905581e+06 1.566477319542338410e+04 -7.525343958664126694e+05 2.505428489260156639e+06 2.788861904946762370e+05 -1.648655963689093292e+07 7.486641271939559281e+07 1.547759329899389856e+07 9.368077014941066504e+06 1.027946894857161387e+05 -1.893465872928825440e+06 7.049057931896218797e+05 3.964933723781244364e+06 5.630801664409446530e+05
1.206229448403179413e+06 9.924425436318798456e+05 3.606013783802391961e+06 2.305896491786434781e+06 -7.245223442436323967e+05 -4.248189014569575083e+05 -1.462086054692472972e+05 8.605095827836084645e+05 -1.966422946322819334e+05 1.034635153788288124e+07 1.547759329899389856e+07 1.970744914461695403e+07 1.003403356135629350e+06 -5.175803641765080392e+05 -1.249003338318889961e+06 -6.893416118232071167e+05 4.289247259421643321e+03 -6.141256985624515219e+05
-1.195742521075168159e+06 2.373125520282250945e+05 -1.152422051309464499e+06 1.519775994063843740e+06 1.224519391134350735e+05 4.381966801942863967e+05 8.137680748987974366e+05 5.307821925353149418e+05 2.035409414022552664e+05 -5.174812988535695709e+06 9.368077014941066504e+06 1.003403356135629350e+06 9.223293164251977578e+06 -1.855912442381536530e+05 -1.425426302687620744e+06 4.994938494781318586e+05 1.803481943275330821e+06 -1.131699465951143429e+04
3.856439172180205584e+06 -6.481924850702191470e+05 1.528381398868584947e+05 3.447907198673574021e+05 3.183571848801067099e+05 -4.583437196031970088e+05 -3.317198088343932759e+05 3.183675270369255304e+04 -8.650209023379551945e+04 -3.930246185191348777e+05 1.027946894857161387e+05 -5.175803641765080392e+05 -1.855912442381536530e+05 4.097835259135292377e+06 1.257552623277842999e+06 -5.090474625109666958e+05 6.825549485126514628e+04 1.128539524845974665e+05
2.146762438145303633e+06 -4.021064539123244322e+04 9.519856132837514160e+05 1.791283353770881076e+05 -2.055899892137327697e+05 2.730519695527107106e+05 -8.216877830764450482e+04 3.445972506637877086e+04 1.452682739979596809e+05 5.519636789221434854e+06 -1.893465872928825440e+06 -1.249003338318889961e+06 -1.425426302687620744e+06 1.257552623277842999e+06 3.300751630001229234e+06 2.465172931911657797e+05 -1.461086014316738874e+05 2.266606320987462823e+05
8.699917247090224409e+05 1.530565016090292251e+06 4.062988816072787158e+05 9.493640965445754409e+04 -2.021767342977620137e+05 8.344915271473051689e+04 1.166224573989153141e+05 8.801310179735586280e+04 9.090845016976974148e+04 5.256390716983709484e+06 7.049057931896218797e+05 -6.893416118232071167e+05 4.994938494781318586e+05 -5.090474625109666958e+05 2.465172931911657797e+05 1.272307455806096084e+06 1.218709448292247107e+05 -1.142292696841510478e+05
-2.649102906001671217e+05 2.483346313216109120e+05 1.095773902312133141e+05 1.383206719759520201e+05 -1.361097363610155298e+05 5.651987945239534747e+04 8.415043993156008946e+04 1.952452729540372384e+05 3.531892906861335359e+04 -1.400229373001542874e+06 3.964933723781244364e+06 4.289247259421643321e+03 1.803481943275330821e+06 6.825549485126514628e+04 -1.461086014316738874e+05 1.218709448292247107e+05 1.214435513954754686e+06 1.470929756113929325e+05
-7.475758605433212360e+05 -2.804669050306028221e+05 -1.413977517668408982e+05 -1.841684541534912714e+05 -3.892161489212607557e+04 -4.070749791883815760e+03 -4.024317600707192469e+04 3.548621235837122367e+04 7.023206543440531823e+04 -3.238302078154515941e+06 5.630801664409446530e+05 -6.141256985624515219e+05 -1.131699465951143429e+04 1.128539524845974665e+05 2.266606320987462823e+05 -1.142292696841510478e+05 1.470929756113929325e+05 5.491642531930274563e+05
