# lambda=0.09410107179873141
4.481266674838987738e+07 -2.221578786276557483e+06 -7.242729997947285883e+05 3.525533359161379631e+05 2.580747028624553423e+04 7.878771678902783897e+05 -9.924695423107279930e+04 -6.743541712141288372e+03 -3.046243915434494847e+05 4.887953486660667509e+07 1.044033099432101101e+07 1.123929830331806652e+07 -2.284266901378863491e+06 -1.080858774101157207e+06 -1.352888161321014399e+06 -1.719517406480096979e+06 1.147167056735604303e+06 1.340904919242171571e+06
-2.221578786276557483e+06 1.701324301028645784e+07 2.967767639342844952e+06 -2.640840346181849018e+06 9.672789650007451419e+05 1.673172763674188463e+05 -4.174436426835651509e+05 1.664622472922304296e+05 1.096371712723978562e+05 -3.631810121310513932e+06 5.303415608737953007e+06 4.036416942845368292e+06 2.861854714297454339e+05 -6.977095328026122297e+04 1.944267984335452784e+06 1.323801474822849967e+06 1.011233275591671350e+06 6.363803730460185325e+05
-7.242729997947285883e+05 2.967767639342844952e+06 4.184772690175055526e+06 -2.754148981434967136e+05 3.982971551108186250e+05 -2.073252853220021643e+04 -3.192917212858079001e+05 8.561579069759645790e+04 -1.579246456402201375e+03 -4.590495355903951451e+06 1.051049205746333348e+06 1.451642711795822252e+06 1.711271322422848316e+05 -3.209449908650253201e+05 -3.037236199857259635e+04 2.306382951764969039e+05 1.578702227452304396e+04 2.179132660271276472e+04
3.525533359161379631e+05 -2.640840346181849018e+06 -2.754148981434967136e+05 1.803109235835414147e+06 -1.225505580891121936e+05 -2.402850647789850482e+05 1.065943589285695052e+05 1.476808273464753256e+04 -1.035735412764694047e+05 2.181391527122178813e+05 -3.617049550681427354e+05 2.040078007733042818e+06 1.081284060131011298e+06 6.252581567551062908e+05 1.077890888237415202e+05 2.494286943148146020e+04 -4.184049283735324861e+05 -1.434440203429067042e+05
2.580747028624553423e+04 9.672789650007451419e+05 3.982971551108186250e+05 -1.225505580891121936e+05 7.125870173071834724e+05 1.717233491020608053e+05 -9.695229405136327841e+03 1.408147235518592352e+05 9.015871540702761195e+03 1.239390688820101554e+06 -5.468601802273202920e+05 -7.461544599891350372e+05 3.645937589516728185e+05 5.556498289121786365e+05 1.834529762596317159e+05 1.712418024664463883e+05 7.145668243764496583e+04 1.613870294371559867e+05
7.878771678902783897e+05 1.673172763674188463e+05 -2.073252853220021643e+04 -2.402850647789850482e+05 1.717233491020608053e+05 5.485305224991202122e+05 -7.210911617960139120e+04 1.238880716313875928e+04 4.648751917312733713e+04 8.028081466937070945e+05 1.477251911624374567e+06 1.409280750165225938e+06 3.752926560596336640e+04 -2.977593837709269719e+05 2.156065585491922393e+05 -1.302097917542098548e+04 -1.278728542434763804e+05 5.120795037151490396e+04
-9.924695423107279930e+04 -4.174436426835651509e+05 -3.192917212858079001e+05 1.065943589285695052e+05 -9.695229405136327841e+03 -7.210911617960139120e+04 2.390562166312259797e+05 5.687104912181162945e+04 -3.143342480067146971e+04 -3.878528985526833567e+05 -1.783952264924116433e+06 -6.198294953877378721e+05 2.198816492685779231e+05 1.081734262808516214e+05 3.223126865888893371e+04 -7.986494821961667185e+03 -2.688822672363189122e+04 -6.619987371856493701e+04
-6.743541712141288372e+03 1.664622472922304296e+05 8.561579069759645790e+04 1.476808273464753256e+04 1.408147235518592352e+05 1.238880716313875928e+04 5.687104912181162945e+04 2.380566590779389662e+05 5.949858182760694763e+04 -4.340303487376460107e+05 -1.634441332104188390e+06 -2.120796487457743788e+05 -9.288838753951201215e+04 -2.632035007082901575e+04 -1.483113167199474701e+05 -6.156798240881859238e+04 6.779916166761062050e+04 6.095955069310426916e+04
-3.046243915434494847e+05 1.096371712723978562e+05 -1.579246456402201375e+03 -1.035735412764694047e+05 9.015871540702761195e+03 4.648751917312733713e+04 -3.143342480067146971e+04 5.949858182760694763e+04 7.551536712198283931e+04 -8.535099770163431531e+05 -4.200389694850357482e+05 -3.719093260823065648e+05 -1.864817524410646583e+05 -4.960040202744588896e+04 -1.258252426463778247e+05 -1.488218810375699468e+04 1.576035452004618310e+04 5.790394178399876546e+04
4.887953486660667509e+07 -3.631810121310513932e+06 -4.590495355903951451e+06 2.181391527122178813e+05 1.239390688820101554e+06 8.028081466937070945e+05 -3.878528985526833567e+05 -4.340303487376460107e+05 -8.535099770163431531e+05 2.281645724815757573e+08 3.098015677557249367e+07 5.879624151048061438e+06 -8.833920409151155502e+06 -4.431335507334006950e+06 1.781746993670587195e+06 1.208457305064274260e+05 1.618389318692701403e+06 -4.034129080126174085e+04
1.044033099432101101e+07 5.303415608737953007e+06 1.051049205746333348e+06 -3.617049550681427354e+05 -5.468601802273202920e+05 1.477251911624374567e+06 -1.783952264924116433e+06 -1.634441332104188390e+06 -4.200389694850357482e+05 3.098015677557249367e+07 7.901543099541492760e+07 1.905691971344581619e+07 8.891376919129299000e+06 4.685701249845939688e+06 2.733813364006858319e+06 1.405818981221332448e+06 1.090738121584175155e+06 -3.364537321170024225e+05
1.123929830331806652e+07 4.036416942845368292e+06 1.451642711795822252e+06 2.040078007733042818e+06 -7.461544599891350372e+05 1.409280750165225938e+06 -6.198294953877378721e+05 -2.120796487457743788e+05 -3.719093260823065648e+05 5.879624151048061438e+06 1.905691971344581619e+07 3.553785701383897662e+07 5.482141915838965215e+06 -2.269147159685313702e+06 1.784294303210027516e+06 -2.974009215558179421e+05 3.794691675522842561e+05 -2.896272110781813390e+05
-2.284266901378863491e+06 2.861854714297454339e+05 1.711271322422848316e+05 1.081284060131011298e+06 3.645937589516728185e+05 3.752926560596336640e+04 2.198816492685779231e+05 -9.288838753951201215e+04 -1.864817524410646583e+05 -8.833920409151155502e+06 8.891376919129299000e+06 5.482141915838965215e+06 9.632688207828918472e+06 2.242970762699488085e+06 2.793954511874067830e+05 2.137643417778391740e+05 2.845864283872278174e+05 -3.150524426575682010e+05
-1.080858774101157207e+06 -6.977095328026122297e+04 -3.209449908650253201e+05 6.252581567551062908e+05 5.556498289121786365e+05 -2.977593837709269719e+05 1.081734262808516214e+05 -2.632035007082901575e+04 -4.960040202744588896e+04 -4.431335507334006950e+06 4.685701249845939688e+06 -2.269147159685313702e+06 2.242970762699488085e+06 5.329152997183131054e+06 5.092945326144051505e+05 -3.119680751011607936e+04 9.461295391436858336e+04 7.908494461440191662e+04
-1.352888161321014399e+06 1.944267984335452784e+06 -3.037236199857259635e+04 1.077890888237415202e+05 1.834529762596317159e+05 2.156065585491922393e+05 3.223126865888893371e+04 -1.483113167199474701e+05 -1.258252426463778247e+05 1.781746993670587195e+06 2.733813364006858319e+06 1.784294303210027516e+06 2.793954511874067830e+05 5.092945326144051505e+05 1.771041952445505420e+06 9.067504763891728362e+04 -2.139191779594700201e+05 -2.912325838796893731e+04
-1.719517406480096979e+06 1.323801474822849967e+06 2.306382951764969039e+05 2.494286943148146020e+04 1.712418024664463883e+05 -1.302097917542098548e+04 -7.986494821961667185e+03 -6.156798240881859238e+04 -1.488218810375699468e+04 1.208457305064274260e+05 1.405818981221332448e+06 -2.974009215558179421e+05 2.137643417778391740e+05 -3.119680751011607936e+04 9.067504763891728362e+04 1.190650409334437456e+06 4.204797073204699554e+05 8.509238145598657138e+04
1.147167056735604303e+06 1.011233275591671350e+06 1.578702227452304396e+04 -4.184049283735324861e+05 7.145668243764496583e+04 -1.278728542434763804e+05 -2.688822672363189122e+04 6.779916166761062050e+04 1.576035452004618310e+04 1.618389318692701403e+06 1.090738121584175155e+06 3.794691675522842561e+05 2.845864283872278174e+05 9.461295391436858336e+04 -2.139191779594700201e+05 4.204797073204699554e+05 1.339638468363682041e+06 2.801696242375113652e+05
1.340904919242171571e+06 6.363803730460185325e+05 2.179132660271276472e+04 -1.434440203429067042e+05 1.613870294371559867e+05 5.120795037151490396e+04 -6.619987371856493701e+04 6.095955069310426916e+04 5.790394178399876546e+04 -4.034129080126174085e+04 -3.364537321170024225e+05 -2.896272110781813390e+05 -3.150524426575682010e+05 7.908494461440191662e+04 -2.912325838796893731e+04 8.509238145598657138e+04 2.801696242375113652e+05 3.793163915879561682e+05
