# lambda=0.15852797059656568
5.915183654402466118e+07 5.119783013651229441e+06 2.869808312177382410e+06 3.585370358244136441e+05 1.215618712508262368e+06 -6.814778628175298218e+05 -1.578208359303652542e+06 5.062698903910648078e+05 7.916520869110531639e+05 6.290911488978781551e+07 3.506288945935246069e+06 3.818602491683862172e+06 -5.445583398835631087e+06 -6.991786773483440047e+05 1.312942192703554640e+06 7.170363123857885366e+05 5.972802494422113523e+04 -6.484360571446917020e+05
5.119783013651229441e+06 1.211535376252196729e+07 -3.089304540618489846e+05 -1.066998120746893546e+05 2.744489884777477710e+05 -6.007375504601900466e+05 -4.345267473038781463e+04 9.629109207671017793e+04 1.315489463052866340e+05 2.604786837009349093e+07 3.737538252830638085e+06 5.757137289752590470e+06 -1.358412191772168153e+05 -2.181777436357605271e+06 -9.749245794376862468e+05 3.729118852175833308e+05 3.771727168258992024e+05 -1.326282519078496553e+05
2.869808312177382410e+06 -3.089304540618489846e+05 4.375314627159099095e+06 8.720551665025472175e+05 1.634779592098112043e+05 2.787804491152955452e+05 -2.463866093278407352e+05 2.291065519825635711e+05 1.300885703223522869e+05 9.857963486933799868e+04 -4.229708554097058252e+06 1.744316498608558904e+06 7.940776146048706141e+04 -3.950062342980777030e+05 -3.090299438587225741e+05 -7.738505312126833014e+05 -4.790844883466931060e+05 -4.323919846660444164e+05
3.585370358244136441e+05 -1.066998120746893546e+05 8.720551665025472175e+05 1.283267046275070170e+06 2.726977498005732778e+05 2.155344855910157494e+05 -3.588962605534387694e+04 2.799906308755494683e+04 7.747599644883064320e+04 -1.247486964333737269e+06 1.709161882867343083e+05 7.524947811935783830e+04 7.937917807268841425e+05 -3.683332258174871095e+05 -5.413815267291257624e+05 -3.136759798851399100e+05 -2.882477129043675959e+05 -1.817999612079555227e+05
1.215618712508262368e+06 2.744489884777477710e+05 1.634779592098112043e+05 2.726977498005732778e+05 7.195064666871580994e+05 6.691939390933331742e+04 -1.184038206388348772e+04 2.529293285503799495e+02 1.297790308913091212e+04 -4.744414703826867044e+05 4.286050963865043595e+05 -1.872543779074978374e+05 3.548201317289799917e+05 6.715944881364908360e+04 -4.598927083477046108e+04 1.651324010752466857e+05 5.346830620054704195e+04 -1.667619168788963289e+05
-6.814778628175298218e+05 -6.007375504601900466e+05 2.787804491152955452e+05 2.155344855910157494e+05 6.691939390933331742e+04 4.335515383735954529e+05 8.160641580239140603e+04 -4.315601285089278099e+04 1.432069045089020256e+04 -4.050257519638821017e+06 1.007374072870947071e+06 4.212496280146559002e+05 4.290338282879767939e+05 -2.919671772241168073e+05 -2.378787106530039164e+05 -2.664959654789281776e+05 -2.240927154140938655e+05 -1.979775477914519142e+05
-1.578208359303652542e+06 -4.345267473038781463e+04 -2.463866093278407352e+05 -3.588962605534387694e+04 -1.184038206388348772e+04 8.160641580239140603e+04 3.593939991422775784e+05 -3.125528056285048297e+04 -4.863660911653160292e+04 -1.050734438884193311e+06 9.676311520445469068e+05 -1.723625318905918102e+05 6.299624398904397385e+05 7.685071324723238649e+04 -9.642063542593921011e+04 1.189437915004274837e+05 -5.649420669652521610e+04 -2.419619379016408857e+04
5.062698903910648078e+05 9.629109207671017793e+04 2.291065519825635711e+05 2.799906308755494683e+04 2.529293285503799495e+02 -4.315601285089278099e+04 -3.125528056285048297e+04 1.728183938623492722e+05 6.777028787383997405e+04 8.326097574107670225e+05 -6.108935647662077099e+05 1.438990922529921809e+05 -2.300512528451122635e+05 -3.817740997712637636e+03 -1.231469220732313988e+05 7.187298860099683225e+04 7.064197747324667580e+04 3.145237210793061240e+04
7.916520869110531639e+05 1.315489463052866340e+05 1.300885703223522869e+05 7.747599644883064320e+04 1.297790308913091212e+04 1.432069045089020256e+04 -4.863660911653160292e+04 6.777028787383997405e+04 1.131901529991305870e+05 1.353369405256137019e+06 8.099724628959245747e+05 4.121436418905310566e+05 -2.102268604785426869e+05 6.588629443398077274e+04 3.296572066335265117e+04 -4.458865196330453909e+04 -4.444942567000424560e+02 -3.740136039537065517e+04
6.290911488978781551e+07 2.604786837009349093e+07 9.857963486933799868e+04 -1.247486964333737269e+06 -4.744414703826867044e+05 -4.050257519638821017e+06 -1.050734438884193311e+06 8.326097574107670225e+05 1.353369405256137019e+06 2.118030806902005672e+08 2.616434194857027382e+07 1.225430501596346311e+07 -7.548700956562767737e+06 -5.966536525987293571e+06 -6.535362940070772311e+04 2.466365591961465776e+06 3.277505980963334907e+06 2.869467436936247163e+06
3.506288945935246069e+06 3.737538252830638085e+06 -4.229708554097058252e+06 1.709161882867343083e+05 4.286050963865043595e+05 1.007374072870947071e+06 9.676311520445469068e+05 -6.108935647662077099e+05 8.099724628959245747e+05 2.616434194857027382e+07 5.533464314453876764e+07 2.179185712291477714e+06 -6.641521766992487246e+05 1.063436851532726549e+06 -1.156644881258967565e+06 -1.231772070377339609e+06 -4.099213808503123000e+05 -3.063152741221445613e+05
3.818602491683862172e+06 5.757137289752590470e+06 1.744316498608558904e+06 7.524947811935783830e+04 -1.872543779074978374e+05 4.212496280146559002e+05 -1.723625318905918102e+05 1.438990922529921809e+05 4.121436418905310566e+05 1.225430501596346311e+07 2.179185712291477714e+06 2.414111176245996356e+07 3.127010431910271756e+06 1.007777670740854694e+06 2.422402706691996660e+06 -1.088659837920748862e+06 4.393139950603495818e+05 -4.959940479743403848e+05
-5.445583398835631087e+06 -1.358412191772168153e+05 7.940776146048706141e+04 7.937917807268841425e+05 3.548201317289799917e+05 4.290338282879767939e+05 6.299624398904397385e+05 -2.300512528451122635e+05 -2.102268604785426869e+05 -7.548700956562767737e+06 -6.641521766992487246e+05 3.127010431910271756e+06 5.979005545593556017e+06 8.575786566389709478e+05 -1.414895801114064234e+05 -9.642309840753797907e+05 -1.747690396477876639e+05 3.048590851064547896e+05
-6.991786773483440047e+05 -2.181777436357605271e+06 -3.950062342980777030e+05 -3.683332258174871095e+05 6.715944881364908360e+04 -2.919671772241168073e+05 7.685071324723238649e+04 -3.817740997712637636e+03 6.588629443398077274e+04 -5.966536525987293571e+06 1.063436851532726549e+06 1.007777670740854694e+06 8.575786566389709478e+05 4.736202538749981672e+06 1.453091845629832009e+06 1.030874521148526459e+06 4.092504602690421743e+05 1.845389790351335541e+05
1.312942192703554640e+06 -9.749245794376862468e+05 -3.090299438587225741e+05 -5.413815267291257624e+05 -4.598927083477046108e+04 -2.378787106530039164e+05 -9.642063542593921011e+04 -1.231469220732313988e+05 3.296572066335265117e+04 -6.535362940070772311e+04 -1.156644881258967565e+06 2.422402706691996660e+06 -1.414895801114064234e+05 1.453091845629832009e+06 2.120556713540120982e+06 4.110989202555803931e+05 3.736092559112818562e+05 2.679806426825036760e+04
7.170363123857885366e+05 3.729118852175833308e+05 -7.738505312126833014e+05 -3.136759798851399100e+05 1.651324010752466857e+05 -2.664959654789281776e+05 1.189437915004274837e+05 7.187298860099683225e+04 -4.458865196330453909e+04 2.466365591961465776e+06 -1.231772070377339609e+06 -1.088659837920748862e+06 -9.642309840753797907e+05 1.030874521148526459e+06 4.110989202555803931e+05 2.092681002740291413e+06 5.846209155001912732e+05 4.355802140460193186e+04
5.972802494422113523e+04 3.771727168258992024e+05 -4.790844883466931060e+05 -2.882477129043675959e+05 5.346830620054704195e+04 -2.240927154140938655e+05 -5.649420669652521610e+04 7.064197747324667580e+04 -4.444942567000424560e+02 3.277505980963334907e+06 -4.099213808503123000e+05 4.393139950603495818e+05 -1.747690396477876639e+05 4.092504602690421743e+05 3.736092559112818562e+05 5.846209155001912732e+05 9.525935376653907588e+05 3.522705700313140405e+05
-6.484360571446917020e+05 -1.326282519078496553e+05 -4.323919846660444164e+05 -1.817999612079555227e+05 -1.667619168788963289e+05 -1.979775477914519142e+05 -2.419619379016408857e+04 3.145237210793061240e+04 -3.740136039537065517e+04 2.869467436936247163e+06 -3.063152741221445613e+05 -4.959940479743403848e+05 3.048590851064547896e+05 1.845389790351335541e+05 2.679806426825036760e+04 4.355802140460193186e+04 3.522705700313140405e+05 5.601118016786469379e+05
