# lambda=0.17426681547716677
2.581901943410737813e+07 4.385582291420091875e+06 3.076022519846732263e+06 2.884459410163308494e+06 6.905173896260630572e+05 4.277883284411441418e+05 1.060713896405197913e+06 8.702144083411776592e+03 8.921152694046367833e+04 1.068305120753749646e+07 -3.243148203863054048e+06 3.812924087264456321e+06 3.990004256664642598e+06 1.112280411774233798e+05 1.830414193473214051e+06 -6.580852528096939204e+05 3.458926082730031339e+05 5.301057532348412788e+05
4.385582291420091875e+06 1.544511678807651997e+07 -8.774039050479925936e+05 -4.477578780760766822e+05 3.823968278755336651e+05 3.871206055513449828e+05 7.087504924585196422e+05 3.229262079399116337e+05 -1.401227889462787716e+05 -5.082460754040631000e+05 1.430955473783554323e+07 -4.214123313963895780e+05 6.738436330702232197e+06 7.348885488872623537e+05 1.470900157110888744e+06 2.921577548458737438e+05 -6.343358626142436697e+04 -6.249910715566837462e+05
3.076022519846732263e+06 -8.774039050479925936e+05 3.908532490636904258e+06 1.847025510430227965e+06 3.215379652217167313e+05 2.653949188290673774e+05 4.202724460826117138e+04 1.141625569038232643e+05 -1.770316368807942126e+04 3.661834102759658359e+06 -5.662342871485712938e+06 2.480053649083478376e+06 2.745556343718948774e+06 1.176674078099023551e+06 1.011912379561871639e+05 -4.126717757147396915e+05 1.578182025704947009e+05 -4.527571142050105846e+04
2.884459410163308494e+06 -4.477578780760766822e+05 1.847025510430227965e+06 3.707389358727699146e+06 2.176648077355071437e+05 -1.275453577597492404e+05 -9.979547750371131406e+04 7.297300898719085671e+04 -6.522970655487250770e+04 3.272943676351629198e+06 -6.709969592753605684e+05 -5.408020706677972339e+04 3.932525840114761610e+06 1.171028263985377038e+06 1.505232079940380645e+05 -3.877444180371194379e+05 5.044151782790201833e+04 1.406080703980248072e+05
6.905173896260630572e+05 3.823968278755336651e+05 3.215379652217167313e+05 2.176648077355071437e+05 1.153157769801842282e+06 1.762919378387263860e+05 3.560706712760926894e+04 1.179183300182796957e+05 7.112018428039686114e+04 6.409573530102561228e+06 -5.580399352005250985e+05 -1.143459005759037827e+05 1.115070179812147049e+06 1.141601371408422710e+06 6.447018322504712269e+05 4.901356021332862292e+04 3.489058700399496593e+04 1.700900513462938252e+05
4.277883284411441418e+05 3.871206055513449828e+05 2.653949188290673774e+05 -1.275453577597492404e+05 1.762919378387263860e+05 4.195928717334212852e+05 1.573447781853621418e+05 7.807213686596677871e+04 2.640393010407192924e+04 5.061237612351101707e+05 3.180332160277740913e+05 6.797609262666895520e+05 -2.376685990387548227e+05 2.603155382373637985e+05 4.379806098257020349e+05 1.856752608793335967e+05 -3.427933484664743446e+04 -6.220702744205411000e+04
1.060713896405197913e+06 7.087504924585196422e+05 4.202724460826117138e+04 -9.979547750371131406e+04 3.560706712760926894e+04 1.573447781853621418e+05 3.197799322773375316e+05 1.748771492391932043e+04 1.261581534498825749e+04 1.009861385483112768e+06 2.782692196871877532e+05 3.878421036258994718e+05 2.000349078866915661e+05 -2.907177960166451521e+04 2.759561388927512453e+05 3.020290297929460212e+04 -1.061159294492591653e+04 -3.392368423736704426e+04
8.702144083411776592e+03 3.229262079399116337e+05 1.141625569038232643e+05 7.297300898719085671e+04 1.179183300182796957e+05 7.807213686596677871e+04 1.748771492391932043e+04 2.338190281621958129e+05 2.456898381824454918e+04 4.148705525930410950e+05 1.009409425334635773e+06 1.866703894440122531e+05 4.100649913681698381e+05 5.213979980285009515e+04 1.229579368994815159e+05 5.109475639544636942e+04 1.239596030824201735e+05 1.782859145167389943e+04
8.921152694046367833e+04 -1.401227889462787716e+05 -1.770316368807942126e+04 -6.522970655487250770e+04 7.112018428039686114e+04 2.640393010407192924e+04 1.261581534498825749e+04 2.456898381824454918e+04 9.259875321677724423e+04 1.884999567904473806e+05 -2.857814879965079017e+05 6.109698200853534508e+05 -2.117570751185523113e+05 -9.439102376810486021e+04 2.021542049438175454e+05 2.772046163581291694e+04 2.602897201559148925e+03 6.879281529173701711e+04
1.068305120753749646e+07 -5.082460754040631000e+05 3.661834102759658359e+06 3.272943676351629198e+06 6.409573530102561228e+06 5.061237612351101707e+05 1.009861385483112768e+06 4.148705525930410950e+05 1.884999567904473806e+05 1.754393082538052797e+08 3.800050860307398438e+07 1.214051468885288760e+07 7.079648695353551768e+06 5.049001939128240570e+06 7.016232136606361717e+06 -3.111469176333732903e+06 -1.229112100506355055e+06 2.556622412701300345e+06
-3.243148203863054048e+06 1.430955473783554323e+07 -5.662342871485712938e+06 -6.709969592753605684e+05 -5.580399352005250985e+05 3.180332160277740913e+05 2.782692196871877532e+05 1.009409425334635773e+06 -2.857814879965079017e+05 3.800050860307398438e+07 7.091679974632140994e+07 3.451473291053490248e+06 6.081484354446698911e+06 -4.112157968230061233e+06 4.075295408165209461e+06 1.138500057828637771e+06 4.665834407319372986e+05 2.784148144615570782e+05
3.812924087264456321e+06 -4.214123313963895780e+05 2.480053649083478376e+06 -5.408020706677972339e+04 -1.143459005759037827e+05 6.797609262666895520e+05 3.878421036258994718e+05 1.866703894440122531e+05 6.109698200853534508e+05 1.214051468885288760e+07 3.451473291053490248e+06 1.903411305197320133e+07 -2.659065555442482233e+06 -3.830743229258215521e+06 1.384673143669879762e+06 1.512329964317155827e+05 9.104353857442779699e+05 3.921426748625187902e+05
3.990004256664642598e+06 6.738436330702232197e+06 2.745556343718948774e+06 3.932525840114761610e+06 1.115070179812147049e+06 -2.376685990387548227e+05 2.000349078866915661e+05 4.100649913681698381e+05 -2.117570751185523113e+05 7.079648695353551768e+06 6.081484354446698911e+06 -2.659065555442482233e+06 1.538521196442819759e+07 2.996348812343815342e+06 1.109382082453819690e+06 4.268412095050283242e+05 2.171336593959922320e+05 4.939165036030794727e+05
1.112280411774233798e+05 7.348885488872623537e+05 1.176674078099023551e+06 1.171028263985377038e+06 1.141601371408422710e+06 2.603155382373637985e+05 -2.907177960166451521e+04 5.213979980285009515e+04 -9.439102376810486021e+04 5.049001939128240570e+06 -4.112157968230061233e+06 -3.830743229258215521e+06 2.996348812343815342e+06 4.350667709019591101e+06 4.432106722457717842e+04 -2.653095784571805270e+05 -2.677736863709253375e+05 -1.633791573113744380e+04
1.830414193473214051e+06 1.470900157110888744e+06 1.011912379561871639e+05 1.505232079940380645e+05 6.447018322504712269e+05 4.379806098257020349e+05 2.759561388927512453e+05 1.229579368994815159e+05 2.021542049438175454e+05 7.016232136606361717e+06 4.075295408165209461e+06 1.384673143669879762e+06 1.109382082453819690e+06 4.432106722457717842e+04 2.268594261044033337e+06 4.391798937312280759e+05 4.178159200298332871e+04 2.285747041469608666e+05
-6.580852528096939204e+05 2.921577548458737438e+05 -4.126717757147396915e+05 -3.877444180371194379e+05 4.901356021332862292e+04 1.856752608793335967e+05 3.020290297929460212e+04 5.109475639544636942e+04 2.772046163581291694e+04 -3.111469176333732903e+06 1.138500057828637771e+06 1.512329964317155827e+05 4.268412095050283242e+05 -2.653095784571805270e+05 4.391798937312280759e+05 1.720415795892544556e+06 2.735728666009448352e+05 1.613922376948801138e+04
3.458926082730031339e+05 -6.343358626142436697e+04 1.578182025704947009e+05 5.044151782790201833e+04 3.489058700399496593e+04 -3.427933484664743446e+04 -1.061159294492591653e+04 1.239596030824201735e+05 2.602897201559148925e+03 -1.229112100506355055e+06 4.665834407319372986e+05 9.104353857442779699e+05 2.171336593959922320e+05 -2.677736863709253375e+05 4.178159200298332871e+04 2.735728666009448352e+05 1.012481915319016203e+06 1.697413056134558283e+05
5.301057532348412788e+05 -6.249910715566837462e+05 -4.527571142050105846e+04 1.406080703980248072e+05 1.700900513462938252e+05 -6.220702744205411000e+04 -3.392368423736704426e+04 1.782859145167389943e+04 6.879281529173701711e+04 2.556622412701300345e+06 2.784148144615570782e+05 3.921426748625187902e+05 4.939165036030794727e+05 -1.633791573113744380e+04 2.285747041469608666e+05 1.613922376948801138e+04 1.697413056134558283e+05 3.694160992328375578e+05
