# lambda=0.13668388007505236
4.886007128615940362e+07 -2.834196749479320133e+05 -3.116050151500540320e+06 8.352556986975090113e+05 -5.513739572807906661e+05 -8.257081945056475233e+05 -4.306086054440099979e+05 4.844450713808869477e+05 4.584443753612104920e+05 1.245689359336173162e+07 1.050479556767696328e+07 -3.556218597004435491e+06 -4.285636929367472418e+06 -2.692317553060390637e+05 -2.871814269047320355e+06 -2.932524905632040463e+06 -6.490977823614594527e+05 -1.217324451672241325e+06
-2.834196749479320133e+05 1.830183375255622715e+07 7.866009826312627411e+05 -1.213921080648744974e+05 -6.035510652580022579e+05 5.342344649618309923e+05 -6.652592458398165763e+04 3.405170886350066867e+05 3.494616836529049906e+05 -7.983690901145463809e+06 1.452052932702432945e+07 4.006466928946769331e+06 -3.734619662624962162e+06 1.883096980040334864e+06 1.897645964140144177e+06 1.213534733845627634e+05 1.490675994012231531e+05 -2.312639171149094182e+05
-3.116050151500540320e+06 7.866009826312627411e+05 4.168489260069616139e+06 8.962827336014499888e+05 2.652318784379138961e+05 4.119343784381968435e+05 3.621795105875775334e+05 -1.551620772997685999e+05 2.461493056538330857e+05 -2.261982130984799471e+06 5.081401359653817490e+06 2.143189890453807544e+06 6.963024853243168909e+05 3.255420449165303726e+05 1.747438785517164215e+05 3.805840666303682374e+05 -5.398328100804806454e+05 2.030751274442347058e+05
8.352556986975090113e+05 -1.213921080648744974e+05 8.962827336014499888e+05 2.213754673246741761e+06 4.763711483085101354e+05 2.178772356183952652e+05 2.499770443544950977e+05 -2.023589517349310045e+05 -5.965203068194452499e+04 3.650849315349056385e+06 3.738613632578794495e+05 1.314669347582967952e+06 1.203285228911864804e+06 4.012885214350685710e+05 6.360403714486700483e+05 -5.507135496269888245e+04 -4.225995422156280838e+05 -2.609456127700652287e+05
-5.513739572807906661e+05 -6.035510652580022579e+05 2.652318784379138961e+05 4.763711483085101354e+05 8.092807832964534173e+05 5.438971061166642903e+04 3.333048753173282603e+04 6.918148957172404334e+04 4.841527365884434403e+03 4.032343625699366094e+05 7.459192114433826646e+05 4.361826456215297803e+05 8.524533868767828972e+04 5.125449232850364642e+05 7.139565185571557377e+05 -5.313703980903641059e+04 -1.257127996163094940e+05 -5.460205769202773809e+04
-8.257081945056475233e+05 5.342344649618309923e+05 4.119343784381968435e+05 2.178772356183952652e+05 5.438971061166642903e+04 3.424058882628226420e+05 6.240660655997654976e+04 3.063741229814710823e+04 2.935554300199051431e+04 1.950905701007912867e+06 4.401351347351518343e+05 8.543184141394775361e+05 5.071131167907037307e+05 4.811093258134325733e+05 2.781986989095063182e+05 8.405407083348161541e+04 -1.148279439938433061e+05 3.227478003676595836e+04
-4.306086054440099979e+05 -6.652592458398165763e+04 3.621795105875775334e+05 2.499770443544950977e+05 3.333048753173282603e+04 6.240660655997654976e+04 2.691326529298968380e+05 -1.546483234239272497e+04 -5.457842072129688859e+03 -1.711851969279971439e+06 -3.702120426913960837e+05 2.139472158959674998e+05 1.755536470868065080e+05 -6.595660242761668087e+03 2.872846928314798861e+05 -1.532126890793128587e+04 -5.599066339674922347e+04 9.992638720600248780e+04
4.844450713808869477e+05 3.405170886350066867e+05 -1.551620772997685999e+05 -2.023589517349310045e+05 6.918148957172404334e+04 3.063741229814710823e+04 -1.546483234239272497e+04 2.087666833625098807e+05 4.257787341051221301e+04 -6.429003778621631209e+05 6.247467829953845358e+05 -1.599883773393897573e+05 -3.197552724583622767e+05 3.364678231219842564e+05 3.815540464990327746e+04 -4.229457288084280299e+04 1.139925687577712524e+05 5.916851094742305577e+04
4.584443753612104920e+05 3.494616836529049906e+05 2.461493056538330857e+05 -5.965203068194452499e+04 4.841527365884434403e+03 2.935554300199051431e+04 -5.457842072129688859e+03 4.257787341051221301e+04 9.608096147924230900e+04 -3.428053785174816730e+05 1.175304520370587008e+06 1.781962859268501052e+05 -9.498477292616076738e+03 1.046210700335241709e+05 4.288377541510287119e+04 -3.060179577784772846e+04 -2.150791875118358803e+04 1.018782281421815278e+05
1.245689359336173162e+07 -7.983690901145463809e+06 -2.261982130984799471e+06 3.650849315349056385e+06 4.032343625699366094e+05 1.950905701007912867e+06 -1.711851969279971439e+06 -6.429003778621631209e+05 -3.428053785174816730e+05 1.270659985243177861e+08 6.695520457709735259e+06 -4.636370636086865328e+06 7.344778660932324827e+06 2.976368903625465464e+06 -1.378968851084612077e+06 9.093830911421373021e+05 -2.317332677299171686e+06 -2.464481769571310841e+06
1.050479556767696328e+07 1.452052932702432945e+07 5.081401359653817490e+06 3.738613632578794495e+05 7.459192114433826646e+05 4.401351347351518343e+05 -3.702120426913960837e+05 6.247467829953845358e+05 1.175304520370587008e+06 6.695520457709735259e+06 6.570145600262190402e+07 1.134822230078911968e+07 -7.353387290562946349e+06 1.332421462633184157e+06 -1.325899806652742904e+06 8.838730588254447503e+04 4.464492802171406947e+04 2.960174006553829531e+05
-3.556218597004435491e+06 4.006466928946769331e+06 2.143189890453807544e+06 1.314669347582967952e+06 4.361826456215297803e+05 8.543184141394775361e+05 2.139472158959674998e+05 -1.599883773393897573e+05 1.781962859268501052e+05 -4.636370636086865328e+06 1.134822230078911968e+07 2.303788899020310119e+07 3.139866390159128699e+06 1.294273944770119851e+06 -4.459246907407925755e+04 1.253196820870024676e+05 -1.391571525545603596e+06 -9.768067094174398808e+05
-4.285636929367472418e+06 -3.734619662624962162e+06 6.963024853243168909e+05 1.203285228911864804e+06 8.524533868767828972e+04 5.071131167907037307e+05 1.755536470868065080e+05 -3.197552724583622767e+05 -9.498477292616076738e+03 7.344778660932324827e+06 -7.353387290562946349e+06 3.139866390159128699e+06 1.074432922455371544e+07 1.565453666432187194e+06 1.058064494330116315e+06 3.710647932866068440e+05 -4.562962909251181409e+05 5.440743020799702499e+05
-2.692317553060390637e+05 1.883096980040334864e+06 3.255420449165303726e+05 4.012885214350685710e+05 5.125449232850364642e+05 4.811093258134325733e+05 -6.595660242761668087e+03 3.364678231219842564e+05 1.046210700335241709e+05 2.976368903625465464e+06 1.332421462633184157e+06 1.294273944770119851e+06 1.565453666432187194e+06 3.117761311193686444e+06 1.415821486159574706e+06 1.788534484776269528e+05 -1.295410914364552737e+05 1.049737962661112397e+05
-2.871814269047320355e+06 1.897645964140144177e+06 1.747438785517164215e+05 6.360403714486700483e+05 7.139565185571557377e+05 2.781986989095063182e+05 2.872846928314798861e+05 3.815540464990327746e+04 4.288377541510287119e+04 -1.378968851084612077e+06 -1.325899806652742904e+06 -4.459246907407925755e+04 1.058064494330116315e+06 1.415821486159574706e+06 3.522090635817675386e+06 5.092220656782586011e+05 -5.426309070168616017e+03 4.391298586251140805e+05
-2.932524905632040463e+06 1.213534733845627634e+05 3.805840666303682374e+05 -5.507135496269888245e+04 -5.313703980903641059e+04 8.405407083348161541e+04 -1.532126890793128587e+04 -4.229457288084280299e+04 -3.060179577784772846e+04 9.093830911421373021e+05 8.838730588254447503e+04 1.253196820870024676e+05 3.710647932866068440e+05 1.788534484776269528e+05 5.092220656782586011e+05 8.056541012943309033e+05 2.723422600587264751e+05 2.546567720786866848e+05
-6.490977823614594527e+05 1.490675994012231531e+05 -5.398328100804806454e+05 -4.225995422156280838e+05 -1.257127996163094940e+05 -1.148279439938433061e+05 -5.599066339674922347e+04 1.139925687577712524e+05 -2.150791875118358803e+04 -2.317332677299171686e+06 4.464492802171406947e+04 -1.391571525545603596e+06 -4.562962909251181409e+05 -1.295410914364552737e+05 -5.426309070168616017e+03 2.723422600587264751e+05 5.944279903338531731e+05 2.948481486582258367e+05
-1.217324451672241325e+06 -2.312639171149094182e+05 2.030751274442347058e+05 -2.609456127700652287e+05 -5.460205769202773809e+04 3.227478003676595836e+04 9.992638720600248780e+04 5.916851094742305577e+04 1.018782281421815278e+05 -2.464481769571310841e+06 2.960174006553829531e+05 -9.768067094174398808e+05 5.440743020799702499e+05 1.049737962661112397e+05 4.391298586251140805e+05 2.546567720786866848e+05 2.948481486582258367e+05 5.927991081841938430e+05
