# lambda=0.12260677635655494
2.528061386447363347e+07 -2.023049884456028230e+06 1.744563395387219498e+06 -7.644985034459460294e+05 -1.058784207123194821e+06 -1.830575041601087723e+05 4.765513997118303669e+05 -1.098603343275285151e+05 -7.010913145425640687e+04 -1.722898758243559673e+07 -1.125286253968033381e+07 -8.520501667677274672e+05 -2.299143543747681193e+06 7.160419147567129403e+04 -1.833860024850484682e+06 -6.213671499977489002e+05 -8.281748283175878460e+05 -1.961213898590344470e+06
-2.023049884456028230e+06 1.234233729540619627e+07 5.676734820449290564e+05 -6.026395666839865735e+05 4.314662717773386976e+05 -7.542029947302566143e+05 -2.764504277783398866e+05 1.699401399886968429e+05 -3.268623717409512610e+05 -6.194224116688886657e+06 5.924000609678452834e+06 1.425421918662642827e+06 7.448415976680499734e+05 2.703640981891303323e+06 -1.206416617711881176e+06 8.032805274250748334e+05 -4.976587407954147056e+04 1.036614765336387092e+06
1.744563395387219498e+06 5.676734820449290564e+05 3.730642210174774751e+06 3.475623878338215291e+05 -1.074888891841802397e+05 1.483049486067136750e+05 1.046830807426389656e+05 1.071134734018583549e+04 -2.169649731470339248e+04 -1.525256303555699764e+06 -1.530703276794854086e+06 1.814728198388300603e+06 1.158749472699730104e+05 1.965768388529475778e+05 6.649974255901837023e+04 8.674560347857295710e+04 6.732294792349525960e+04 3.336255534512890881e+04
-7.644985034459460294e+05 -6.026395666839865735e+05 3.475623878338215291e+05 2.014916153443521122e+06 -7.976878541979764123e+04 -1.818059209816130751e+05 -1.450994007271540067e+04 1.949340071501267666e+05 1.590403240880676603e+05 3.327515172220746055e+06 4.277111759504356305e+05 4.238393419132907293e+05 -4.327434214572771452e+05 -3.965571538930007373e+05 -1.629290267551324214e+05 1.152224355895372137e+05 2.048129614426409244e+05 2.933821834084503935e+05
-1.058784207123194821e+06 4.314662717773386976e+05 -1.074888891841802397e+05 -7.976878541979764123e+04 1.137864885684348876e+06 1.224738929328425729e+05 -4.449957969198541832e+04 -2.689565747658508189e+04 -6.247804475450664177e+04 3.149828286995523376e+05 9.932284749947477831e+05 -1.125287502015447710e+06 5.080263393771649571e+05 7.331365037674609339e+05 6.118864627461765485e+04 1.455903465318888775e+05 -6.376751871250230033e+04 1.582365270949261903e+05
-1.830575041601087723e+05 -7.542029947302566143e+05 1.483049486067136750e+05 -1.818059209816130751e+05 1.224738929328425729e+05 6.306465579928971129e+05 9.931197576359994127e+04 -3.790807645984955889e+04 6.027310446531852358e+04 1.044195016585756326e+06 7.415193449202085612e+05 -2.915219060484098736e+04 7.446896382400036964e+04 1.739716337428291445e+05 2.300783956032763817e+05 -2.836388981004377274e+04 1.456081837056225631e+05 1.999893318882498716e+04
4.765513997118303669e+05 -2.764504277783398866e+05 1.046830807426389656e+05 -1.450994007271540067e+04 -4.449957969198541832e+04 9.931197576359994127e+04 3.732101935073314235e+05 2.796323070335101511e+04 3.906782421797676216e+04 -2.487422656998964958e+05 -1.442379193562333705e+06 -4.851267469545195927e+05 -2.115009254368494658e+04 2.819123069468928152e+05 -2.511461053039872495e+05 8.349455145168680247e+03 1.512760973024072009e+05 -7.801477861667593970e+03
-1.098603343275285151e+05 1.699401399886968429e+05 1.071134734018583549e+04 1.949340071501267666e+05 -2.689565747658508189e+04 -3.790807645984955889e+04 2.796323070335101511e+04 1.182251595663590851e+05 3.665933768459194835e+04 1.155416132722291863e+06 2.380595930258773442e+05 -4.275199581905191299e+05 -7.143467791829227644e+04 8.238426387331781734e+04 -7.902011358747018676e+04 -5.579452197197947680e+04 -6.980411803830764256e+04 3.066773430710227785e+03
-7.010913145425640687e+04 -3.268623717409512610e+05 -2.169649731470339248e+04 1.590403240880676603e+05 -6.247804475450664177e+04 6.027310446531852358e+04 3.906782421797676216e+04 3.665933768459194835e+04 7.160144509754737373e+04 1.046677791526248446e+06 2.772302202885777806e+05 -1.325005065216322255e+05 1.274940911715043039e+05 -7.259075033352168975e+04 -2.176230185272094241e+04 4.107570256008796605e+03 -1.455431105099400338e+04 -1.878042294098023922e+04
-1.722898758243559673e+07 -6.194224116688886657e+06 -1.525256303555699764e+06 3.327515172220746055e+06 3.149828286995523376e+05 1.044195016585756326e+06 -2.487422656998964958e+05 1.155416132722291863e+06 1.046677791526248446e+06 1.701017503129933178e+08 1.166331202019346878e+07 -4.695286074467866682e+06 1.187799351239373162e+07 -3.715833029104526155e+06 7.982212721894546412e+05 3.305756966950305505e+05 -7.194541125714413356e+05 2.073907798055195482e+06
-1.125286253968033381e+07 5.924000609678452834e+06 -1.530703276794854086e+06 4.277111759504356305e+05 9.932284749947477831e+05 7.415193449202085612e+05 -1.442379193562333705e+06 2.380595930258773442e+05 2.772302202885777806e+05 1.166331202019346878e+07 3.293801477456181869e+07 7.589685232840813696e+05 4.699220432275192812e+06 -6.386369210798561107e+04 1.993927169181542238e+06 1.122623357421175810e+06 -1.180285687158814166e+06 3.693216774096683948e+05
-8.520501667677274672e+05 1.425421918662642827e+06 1.814728198388300603e+06 4.238393419132907293e+05 -1.125287502015447710e+06 -2.915219060484098736e+04 -4.851267469545195927e+05 -4.275199581905191299e+05 -1.325005065216322255e+05 -4.695286074467866682e+06 7.589685232840813696e+05 2.104826388954484835e+07 -2.669233049396977294e+06 -4.355824453237340786e+06 1.801191943850051379e+06 1.358004690344215138e+06 1.556451533371723024e+06 4.624056029480950092e+05
-2.299143543747681193e+06 7.448415976680499734e+05 1.158749472699730104e+05 -4.327434214572771452e+05 5.080263393771649571e+05 7.446896382400036964e+04 -2.115009254368494658e+04 -7.143467791829227644e+04 1.274940911715043039e+05 1.187799351239373162e+07 4.699220432275192812e+06 -2.669233049396977294e+06 7.009572049651783891e+06 1.378847674935669638e+06 -5.460815724010269623e+05 -2.634362775684678345e+05 4.496098082128490787e+05 4.745740679215406417e+05
7.160419147567129403e+04 2.703640981891303323e+06 1.965768388529475778e+05 -3.965571538930007373e+05 7.331365037674609339e+05 1.739716337428291445e+05 2.819123069468928152e+05 8.238426387331781734e+04 -7.259075033352168975e+04 -3.715833029104526155e+06 -6.386369210798561107e+04 -4.355824453237340786e+06 1.378847674935669638e+06 4.361388634756638668e+06 -7.201180607137146872e+05 -6.176018025047008414e+05 2.145355966157111980e+05 3.487863757282619481e+05
-1.833860024850484682e+06 -1.206416617711881176e+06 6.649974255901837023e+04 -1.629290267551324214e+05 6.118864627461765485e+04 2.300783956032763817e+05 -2.511461053039872495e+05 -7.902011358747018676e+04 -2.176230185272094241e+04 7.982212721894546412e+05 1.993927169181542238e+06 1.801191943850051379e+06 -5.460815724010269623e+05 -7.201180607137146872e+05 2.131853248896391597e+06 2.858310734087201490e+04 7.309655993021932954e+04 -3.555113707196599717e+04
-6.213671499977489002e+05 8.032805274250748334e+05 8.674560347857295710e+04 1.152224355895372137e+05 1.455903465318888775e+05 -2.836388981004377274e+04 8.349455145168680247e+03 -5.579452197197947680e+04 4.107570256008796605e+03 3.305756966950305505e+05 1.122623357421175810e+06 1.358004690344215138e+06 -2.634362775684678345e+05 -6.176018025047008414e+05 2.858310734087201490e+04 1.057464436994856456e+06 8.920795504685619380e+04 2.435092383527013953e+04
-8.281748283175878460e+05 -4.976587407954147056e+04 6.732294792349525960e+04 2.048129614426409244e+05 -6.376751871250230033e+04 1.456081837056225631e+05 1.512760973024072009e+05 -6.980411803830764256e+04 -1.455431105099400338e+04 -7.194541125714413356e+05 -1.180285687158814166e+06 1.556451533371723024e+06 4.496098082128490787e+05 2.145355966157111980e+05 7.309655993021932954e+04 8.920795504685619380e+04 9.799712557389949216e+05 4.408306571675100131e+05
-1.961213898590344470e+06 1.036614765336387092e+06 3.336255534512890881e+04 2.933821834084503935e+05 1.582365270949261903e+05 1.999893318882498716e+04 -7.801477861667593970e+03 3.066773430710227785e+03 -1.878042294098023922e+04 2.073907798055195482e+06 3.693216774096683948e+05 4.624056029480950092e+05 4.745740679215406417e+05 3.487863757282619481e+05 -3.555113707196599717e+04 2.435092383527013953e+04 4.408306571675100131e+05 8.918615938502956415e+05
