# lambda=0.14539240446680038
4.383569995045555383e+07 -1.284058878259123070e+06 1.392414275909511605e+06 4.090520964893738274e+05 -2.801712565329649369e+05 -9.030202270053052343e+05 -3.797997709736515535e+05 -2.199651952087602403e+05 5.142812870073744562e+05 4.475487637956954539e+07 1.162192320172536001e+07 9.026071658938692883e+06 1.060294481301022694e+06 -6.591224780182010494e+06 -2.782276029929063283e+06 1.407488814357639931e+05 5.142194783559864736e+05 -8.181831157694341382e+05
-1.284058878259123070e+06 1.258786676813336648e+07 1.290162391659324523e+06 1.508018718413510593e+06 -4.274815125536288251e+05 4.123157210406132508e+05 6.705901038312285673e+05 6.562602302234179806e+05 1.582252321758937906e+05 -1.334062011634906568e+07 2.136692322919749655e+06 -1.090989214639962418e+06 -5.210801813849582686e+05 8.973267175860543502e+05 1.565704939301188570e+06 1.176407687772565521e+06 -2.035701627079320606e+05 1.767898119659769000e+05
1.392414275909511605e+06 1.290162391659324523e+06 4.756370417940973304e+06 1.011508277891229489e+06 9.789124053751995962e+04 3.652161858495156630e+05 2.599561631478424242e+05 -1.812550432080072642e+05 -1.151738803412633570e+05 -6.244798026624910999e+05 5.594128695539991371e+06 3.735929172076256014e+06 3.773912605407000519e+05 3.478624324947753339e+05 8.904971933192609577e+05 6.379846962454242166e+05 -6.604938582431093091e+05 8.645314572627627058e+04
4.090520964893738274e+05 1.508018718413510593e+06 1.011508277891229489e+06 2.128015957487230655e+06 3.948278027305894648e+04 4.062011707698889077e+05 2.470218456210925360e+05 -6.548517608373366966e+04 -6.363960283874243760e+04 -2.041692502868842799e+06 2.138138049463813659e+06 2.391628870622456074e+06 2.657308338761601131e+06 -2.958623617369409476e+04 7.625241916951487074e+05 5.611283530359180877e+05 2.541966167936417332e+04 2.098739824324513902e+05
-2.801712565329649369e+05 -4.274815125536288251e+05 9.789124053751995962e+04 3.948278027305894648e+04 5.812713203297283035e+05 1.913863311406690918e+05 -6.799953899829633883e+04 -5.327115493822181634e+03 -5.667624090842447185e+04 -1.677384392857839819e+06 -1.253850938547433121e+06 -5.103204879856111074e+04 -6.259672463737486396e+04 1.560001745387964475e+05 3.633518497338197194e+05 8.241470393249846529e+04 -2.904759727013583179e+05 -1.109246159398181335e+05
-9.030202270053052343e+05 4.123157210406132508e+05 3.652161858495156630e+05 4.062011707698889077e+05 1.913863311406690918e+05 8.384501542126442073e+05 1.460889616092134966e+05 1.671270078228931234e+05 1.880545719675579676e+04 -6.191845025046159513e+06 -3.260843414872079622e+06 2.043680234157224768e+05 -2.433624504514912260e+05 -1.415940010770127701e+05 5.891063672143543372e+05 2.027930227707229787e+05 3.292535606082470622e+04 -5.221458791874589224e+04
-3.797997709736515535e+05 6.705901038312285673e+05 2.599561631478424242e+05 2.470218456210925360e+05 -6.799953899829633883e+04 1.460889616092134966e+05 2.882700194323688047e+05 9.013051355850137770e+04 9.926903954618221178e+03 -3.023349539809823036e+06 -8.990335660779698519e+05 4.484245235817197245e+05 7.803812352930934139e+03 8.820044491606521478e+04 2.108828371087506239e+05 2.387427727924267238e+05 -4.823178943425657053e+04 7.053799539706738142e+04
-2.199651952087602403e+05 6.562602302234179806e+05 -1.812550432080072642e+05 -6.548517608373366966e+04 -5.327115493822181634e+03 1.671270078228931234e+05 9.013051355850137770e+04 2.410519475562984881e+05 3.279515264814555849e+04 -2.049962582122690976e+06 -7.554428706520072883e+05 7.259144364491230226e+04 -4.291353851539208554e+05 1.403909397525007953e+05 1.362353114995355427e+05 1.765812398978429555e+05 1.448801084748480062e+05 -4.737042733999388292e+04
5.142812870073744562e+05 1.582252321758937906e+05 -1.151738803412633570e+05 -6.363960283874243760e+04 -5.667624090842447185e+04 1.880545719675579676e+04 9.926903954618221178e+03 3.279515264814555849e+04 7.831158694993599784e+04 4.355056822697477182e+05 4.827086334343259659e+04 8.693187997418195300e+04 -1.190172707409399300e+05 -1.830722654842639749e+05 -2.038183864336656989e+05 7.007697499495223747e+04 1.063778186013006780e+05 3.706100237520538212e+04
4.475487637956954539e+07 -1.334062011634906568e+07 -6.244798026624910999e+05 -2.041692502868842799e+06 -1.677384392857839819e+06 -6.191845025046159513e+06 -3.023349539809823036e+06 -2.049962582122690976e+06 4.355056822697477182e+05 2.552112473444529772e+08 6.877863402519486845e+07 2.705506713026000932e+07 -1.224028558304619510e+06 -7.097795039330336265e+06 -1.558339422832209989e+07 -7.024820923191170208e+06 1.379552895390792401e+05 1.808446779027466662e+06
1.162192320172536001e+07 2.136692322919749655e+06 5.594128695539991371e+06 2.138138049463813659e+06 -1.253850938547433121e+06 -3.260843414872079622e+06 -8.990335660779698519e+05 -7.554428706520072883e+05 4.827086334343259659e+04 6.877863402519486845e+07 7.916723468353861570e+07 1.798428209943795204e+07 5.348228292602955364e+06 2.947450660338799469e+06 -3.218305058779662941e+06 -1.614707513274446828e+05 5.941619944012832129e+05 1.733063943260250613e+06
9.026071658938692883e+06 -1.090989214639962418e+06 3.735929172076256014e+06 2.391628870622456074e+06 -5.103204879856111074e+04 2.043680234157224768e+05 4.484245235817197245e+05 7.259144364491230226e+04 8.693187997418195300e+04 2.705506713026000932e+07 1.798428209943795204e+07 2.017625154056919366e+07 6.717161640895510092e+06 5.499411476140548475e+05 1.690938530988066050e+05 1.549994412841375917e+06 4.159160364780910313e+05 4.965298981946370332e+05
1.060294481301022694e+06 -5.210801813849582686e+05 3.773912605407000519e+05 2.657308338761601131e+06 -6.259672463737486396e+04 -2.433624504514912260e+05 7.803812352930934139e+03 -4.291353851539208554e+05 -1.190172707409399300e+05 -1.224028558304619510e+06 5.348228292602955364e+06 6.717161640895510092e+06 1.208027481485895813e+07 1.457660431373345666e+06 8.160457549295548815e+05 3.763772451902371831e+05 5.010098563239437644e+05 1.323289902042444097e+06
-6.591224780182010494e+06 8.973267175860543502e+05 3.478624324947753339e+05 -2.958623617369409476e+04 1.560001745387964475e+05 -1.415940010770127701e+05 8.820044491606521478e+04 1.403909397525007953e+05 -1.830722654842639749e+05 -7.097795039330336265e+06 2.947450660338799469e+06 5.499411476140548475e+05 1.457660431373345666e+06 4.563903683407709002e+06 1.158663044183098013e+06 -1.700422773012453690e+05 -1.304064213843080361e+05 4.882105651219677529e+05
-2.782276029929063283e+06 1.565704939301188570e+06 8.904971933192609577e+05 7.625241916951487074e+05 3.633518497338197194e+05 5.891063672143543372e+05 2.108828371087506239e+05 1.362353114995355427e+05 -2.038183864336656989e+05 -1.558339422832209989e+07 -3.218305058779662941e+06 1.690938530988066050e+05 8.160457549295548815e+05 1.158663044183098013e+06 2.915017752946212422e+06 2.311957234997759515e+05 -4.330110268608819460e+05 -4.252193794097309583e+05
1.407488814357639931e+05 1.176407687772565521e+06 6.379846962454242166e+05 5.611283530359180877e+05 8.241470393249846529e+04 2.027930227707229787e+05 2.387427727924267238e+05 1.765812398978429555e+05 7.007697499495223747e+04 -7.024820923191170208e+06 -1.614707513274446828e+05 1.549994412841375917e+06 3.763772451902371831e+05 -1.700422773012453690e+05 2.311957234997759515e+05 1.586686198254330084e+06 1.000240808754907484e+05 -1.339831160124566813e+05
5.142194783559864736e+05 -2.035701627079320606e+05 -6.604938582431093091e+05 2.541966167936417332e+04 -2.904759727013583179e+05 3.292535606082470622e+04 -4.823178943425657053e+04 1.448801084748480062e+05 1.063778186013006780e+05 1.379552895390792401e+05 5.941619944012832129e+05 4.159160364780910313e+05 5.010098563239437644e+05 -1.304064213843080361e+05 -4.330110268608819460e+05 1.000240808754907484e+05 9.183689843891438795e+05 1.603174674716336594e+05
-8.181831157694341382e+05 1.767898119659769000e+05 8.645314572627627058e+04 2.098739824324513902e+05 -1.109246159398181335e+05 -5.221458791874589224e+04 7.053799539706738142e+04 -4.737042733999388292e+04 3.706100237520538212e+04 1.808446779027466662e+06 1.733063943260250613e+06 4.965298981946370332e+05 1.323289902042444097e+06 4.882105651219677529e+05 -4.252193794097309583e+05 -1.339831160124566813e+05 1.603174674716336594e+05 6.102248084951476194e+05
