# lambda=0.12602086110181024
4.416107290524086356e+07 6.202982520976140164e+06 -2.266768339854480699e+06 1.189469133985649329e+06 1.328482106786225922e+06 8.978763320293317083e+05 7.872665936812653672e+05 6.788864964904154185e+05 -1.583573020647984231e+05 9.823180937425002456e+06 6.722894739548029378e+06 -7.421367084575466812e+06 3.348607796696764417e+06 2.808858629603394307e+06 4.117283762705179863e+06 -7.071669142091744579e+05 2.161928238188302610e+06 1.637946254078211961e+06
6.202982520976140164e+06 1.779694775113096833e+07 3.737919575369753875e+06 1.641360266885146964e+06 5.103587404307720135e+05 2.591059102603420906e+05 -1.755823720472164860e+05 1.004652376818084391e+06 4.953576376487055095e+05 -1.805236807544905692e+07 5.818352156080118380e+06 1.398211950673565501e+06 3.527915889407003298e+06 -1.063869101589455269e+06 -1.082063313446742948e+06 -9.208911396792752203e+05 1.274322362268370111e+06 1.417554586972648278e+06
-2.266768339854480699e+06 3.737919575369753875e+06 5.574913705130671151e+06 2.047251809549278812e+06 2.809490118153913645e+05 -1.354952924577473314e+05 1.389333844342895900e+05 2.264046169005802367e+05 2.320688618669896096e+05 -4.072196151485201903e+06 -1.111861160796638578e+06 3.948159441770211793e+06 3.959233729459880851e+05 -1.075852850570296636e+06 -1.606166976977208396e+06 3.466619702592387912e+05 -1.566494053424476297e+05 9.314941711788733301e+03
1.189469133985649329e+06 1.641360266885146964e+06 2.047251809549278812e+06 2.922138855472830590e+06 4.566139809932592907e+05 2.199169181180030137e+04 1.611228975033546740e+05 2.670981271255472529e+04 2.227023021006057388e+04 -1.529707230155922007e+06 -8.818641180290014017e+05 9.068574502963979030e+05 1.038795979684331687e+06 -2.523872831899159355e+05 -3.235169627985431580e+05 2.876006796445428627e+05 -8.860982026440101617e+04 -2.270347103321788381e+04
1.328482106786225922e+06 5.103587404307720135e+05 2.809490118153913645e+05 4.566139809932592907e+05 7.602377346174807753e+05 2.632879232501817751e+05 9.049040592156231287e+04 1.336517515611236740e+05 5.326938951437835203e+04 3.631709447867607232e+06 -8.065032193641655613e+05 -2.963434776083034812e+05 4.099170648075942881e+04 5.214149802387395175e+05 4.639262212294603160e+03 8.906777305132603215e+04 2.512315452451681485e+05 5.818042829206700117e+04
8.978763320293317083e+05 2.591059102603420906e+05 -1.354952924577473314e+05 2.199169181180030137e+04 2.632879232501817751e+05 4.686229360425359337e+05 5.587443645715598541e+04 7.268349020976794418e+04 7.902239457163316547e+04 -6.389351063496920979e+05 4.257312643989906646e+05 -1.734548918121222814e+05 4.635030307568860007e+05 1.738918816992540960e+05 3.280538952927601058e+05 2.514461797320206242e+05 1.866882265815246210e+05 1.745407257484133879e+05
7.872665936812653672e+05 -1.755823720472164860e+05 1.389333844342895900e+05 1.611228975033546740e+05 9.049040592156231287e+04 5.587443645715598541e+04 2.557710887101480330e+05 -1.503821928202396884e+04 3.408737531864882476e+04 -1.018141945865696995e+06 -1.586410402107523987e+05 2.926857925196945434e+05 -4.404695586927384284e+04 -1.987748431211740535e+05 2.144812074726842402e+05 3.042551814182553208e+05 4.504691207566657249e+04 3.516902186164748127e+04
6.788864964904154185e+05 1.004652376818084391e+06 2.264046169005802367e+05 2.670981271255472529e+04 1.336517515611236740e+05 7.268349020976794418e+04 -1.503821928202396884e+04 1.736162943111952627e+05 7.265693123309343355e+04 1.101001038561149035e+06 5.572124327748648357e+05 1.917164237378948601e+05 1.427234793152777711e+05 1.564992625910195056e+05 -7.247310596965496370e+04 -1.336970732796548982e+05 2.320610326454168244e+05 1.407217781871892512e+05
-1.583573020647984231e+05 4.953576376487055095e+05 2.320688618669896096e+05 2.227023021006057388e+04 5.326938951437835203e+04 7.902239457163316547e+04 3.408737531864882476e+04 7.265693123309343355e+04 1.215324848882977676e+05 -3.377690891083878523e+04 -2.620538279359164881e+04 1.344562212182401272e+05 1.507796508561553201e+05 6.205448053522976988e+04 -6.665674092791030125e+04 5.910832669623056427e+04 4.264623357755282632e+04 9.098487733486176876e+04
9.823180937425002456e+06 -1.805236807544905692e+07 -4.072196151485201903e+06 -1.529707230155922007e+06 3.631709447867607232e+06 -6.389351063496920979e+05 -1.018141945865696995e+06 1.101001038561149035e+06 -3.377690891083878523e+04 2.165681996679880321e+08 2.903700531365564093e+07 1.056460533920794912e+07 -1.282615042336400598e+07 9.241716303633449599e+06 2.121222550894139335e+06 -3.067791162190551404e+06 -6.157742430820188019e+05 -1.322279897189381300e+06
6.722894739548029378e+06 5.818352156080118380e+06 -1.111861160796638578e+06 -8.818641180290014017e+05 -8.065032193641655613e+05 4.257312643989906646e+05 -1.586410402107523987e+05 5.572124327748648357e+05 -2.620538279359164881e+04 2.903700531365564093e+07 6.034603100813561678e+07 6.688690988208472729e+06 2.442651789319146425e+06 -1.414323527255076682e+06 3.050989971200670116e+06 4.143540166729887715e+05 -4.587087587413791334e+05 1.429165778217616724e+06
-7.421367084575466812e+06 1.398211950673565501e+06 3.948159441770211793e+06 9.068574502963979030e+05 -2.963434776083034812e+05 -1.734548918121222814e+05 2.926857925196945434e+05 1.917164237378948601e+05 1.344562212182401272e+05 1.056460533920794912e+07 6.688690988208472729e+06 2.050400078520298004e+07 -1.330377157480540220e+06 -3.356070433124905918e+06 -9.452002061107764021e+05 5.237983036783272983e+05 -3.016620111885834485e+05 -2.211884098941124685e+05
3.348607796696764417e+06 3.527915889407003298e+06 3.959233729459880851e+05 1.038795979684331687e+06 4.099170648075942881e+04 4.635030307568860007e+05 -4.404695586927384284e+04 1.427234793152777711e+05 1.507796508561553201e+05 -1.282615042336400598e+07 2.442651789319146425e+06 -1.330377157480540220e+06 9.728685884803008288e+06 1.455086693531723227e+06 -7.201313811908505158e+05 1.255599341051628347e+06 5.117931592444906710e+05 9.754919044856267283e+05
2.808858629603394307e+06 -1.063869101589455269e+06 -1.075852850570296636e+06 -2.523872831899159355e+05 5.214149802387395175e+05 1.738918816992540960e+05 -1.987748431211740535e+05 1.564992625910195056e+05 6.205448053522976988e+04 9.241716303633449599e+06 -1.414323527255076682e+06 -3.356070433124905918e+06 1.455086693531723227e+06 4.215433199806259014e+06 1.074840837356191623e+05 -4.833532416721046902e+05 3.591150986564678897e+04 2.013345017609760107e+05
4.117283762705179863e+06 -1.082063313446742948e+06 -1.606166976977208396e+06 -3.235169627985431580e+05 4.639262212294603160e+03 3.280538952927601058e+05 2.144812074726842402e+05 -7.247310596965496370e+04 -6.665674092791030125e+04 2.121222550894139335e+06 3.050989971200670116e+06 -9.452002061107764021e+05 -7.201313811908505158e+05 1.074840837356191623e+05 2.356383402236063499e+06 2.992089316729742568e+05 1.286008420157169894e+05 3.842986796256093075e+05
-7.071669142091744579e+05 -9.208911396792752203e+05 3.466619702592387912e+05 2.876006796445428627e+05 8.906777305132603215e+04 2.514461797320206242e+05 3.042551814182553208e+05 -1.336970732796548982e+05 5.910832669623056427e+04 -3.067791162190551404e+06 4.143540166729887715e+05 5.237983036783272983e+05 1.255599341051628347e+06 -4.833532416721046902e+05 2.992089316729742568e+05 1.818841931716394378e+06 -1.209128401917355659e+05 3.168073631672633346e+05
2.161928238188302610e+06 1.274322362268370111e+06 -1.566494053424476297e+05 -8.860982026440101617e+04 2.512315452451681485e+05 1.866882265815246210e+05 4.504691207566657249e+04 2.320610326454168244e+05 4.264623357755282632e+04 -6.157742430820188019e+05 -4.587087587413791334e+05 -3.016620111885834485e+05 5.117931592444906710e+05 3.591150986564678897e+04 1.286008420157169894e+05 -1.209128401917355659e+05 9.001598229374483926e+05 3.405262391161457635e+05
1.637946254078211961e+06 1.417554586972648278e+06 9.314941711788733301e+03 -2.270347103321788381e+04 5.818042829206700117e+04 1.745407257484133879e+05 3.516902186164748127e+04 1.407217781871892512e+05 9.098487733486176876e+04 -1.322279897189381300e+06 1.429165778217616724e+06 -2.211884098941124685e+05 9.754919044856267283e+05 2.013345017609760107e+05 3.842986796256093075e+05 3.168073631672633346e+05 3.405262391161457635e+05 7.357368225981047144e+05
