# lambda=0.10959808457927005
7.024623352293039858e+07 -3.677255135551720392e+06 -1.012308658654941246e+07 -2.547082537209132686e+06 4.939273164793095202e+05 3.062729274851216469e+05 3.045685075074413326e+05 -7.488303496738063404e+05 -3.005671495278092916e+05 -4.248096230335964938e+05 2.249198069818080403e+06 -8.721003152630845085e+06 3.138259566322114319e+06 1.043779277909155004e+06 1.543832564853332471e+06 2.123513132063578349e+06 3.452717071641194634e+05 -4.902514983924849075e+05
-3.677255135551720392e+06 1.789437696452789754e+07 3.876857764340610709e+06 6.973982006332499441e+05 6.920668835763789248e+05 -9.667824390057908604e+05 -6.170896731426516781e+05 2.658807735837764340e+05 2.833688258283676114e+05 8.953934555917967111e+06 8.416460793548407033e+06 2.322238779201239347e+06 -3.867520796692370437e+06 -5.140487456376053888e+04 -1.073815586645770352e+06 -7.161201030090043787e+05 -2.442475776671068277e+06 -9.712442951702571008e+05
-1.012308658654941246e+07 3.876857764340610709e+06 5.689802887404323556e+06 8.349475967402694514e+05 2.104141119250550400e+05 -4.202764127775404486e+05 -2.734737020674640662e+05 1.156333957458220975e+05 1.676048124138765561e+05 -1.304513731272351556e+07 2.299727761121287942e+06 5.028200771605746821e+06 -1.833075660757043865e+06 4.221610518553953625e+03 -1.010384882765443996e+06 -1.266131783183854306e+06 -4.582513207187892403e+05 -2.431095847231778025e+05
-2.547082537209132686e+06 6.973982006332499441e+05 8.349475967402694514e+05 1.921049854691641172e+06 1.782998480800352700e+05 9.454980129122908693e+04 -6.953670743453019531e+04 1.546429011039843899e+05 3.761157825939105533e+04 -8.170960346769932657e+06 -2.240420567755218130e+06 8.500272766182140913e+05 1.971365576953971991e+06 5.233499620623792871e+05 -2.617830135524678044e+05 -2.040465975758086715e+05 1.849894683895668422e+05 -1.768719685480332919e+04
4.939273164793095202e+05 6.920668835763789248e+05 2.104141119250550400e+05 1.782998480800352700e+05 9.969888430154253729e+05 1.664308021454931295e+05 -1.158419611301572513e+04 9.452240795651242661e+04 -2.384991150285054573e+03 -9.668900992589333327e+05 -1.133762030588685768e+06 -1.416445288028677693e+06 6.944489720886275172e+05 7.338919774453192949e+05 -8.608882421896052256e+04 -2.140303228342616057e+05 2.907106921623539529e+05 -5.875585203103970707e+04
3.062729274851216469e+05 -9.667824390057908604e+05 -4.202764127775404486e+05 9.454980129122908693e+04 1.664308021454931295e+05 5.742413629002189264e+05 2.197581672359966906e+05 -3.711456691003777451e+03 -2.601646552622471518e+03 -1.345979987106753979e+06 -1.702656520190984476e+06 -1.899270296226261649e+06 6.980059244535334874e+05 3.736282567586983205e+05 -8.498976831707655219e+04 1.042652913307306299e+05 4.112660845293744933e+05 1.187059577770092146e+05
3.045685075074413326e+05 -6.170896731426516781e+05 -2.734737020674640662e+05 -6.953670743453019531e+04 -1.158419611301572513e+04 2.197581672359966906e+05 3.123305318212318816e+05 3.048960088221688420e+04 3.070676482134247635e+04 -6.777015207638203865e+05 -1.559800086798675824e+06 -1.788012039299420081e+06 1.892037014672823425e+05 4.177973000150825828e+05 6.787401684562538867e+04 -3.001022361870087479e+04 2.300291924403026060e+05 1.540580766338405665e+05
-7.488303496738063404e+05 2.658807735837764340e+05 1.156333957458220975e+05 1.546429011039843899e+05 9.452240795651242661e+04 -3.711456691003777451e+03 3.048960088221688420e+04 1.411194881084177759e+05 2.906793511730536193e+04 -2.337381072874336038e+06 -9.528735104517777218e+05 -8.372344524905993603e+04 6.196048645499152190e+04 -2.156494986870555294e+04 4.477861432569773024e+04 -2.182308192443072039e+05 3.044534726153087104e+04 3.373582303920888080e+04
-3.005671495278092916e+05 2.833688258283676114e+05 1.676048124138765561e+05 3.761157825939105533e+04 -2.384991150285054573e+03 -2.601646552622471518e+03 3.070676482134247635e+04 2.906793511730536193e+04 1.074237544800576870e+05 -1.406725156552120112e+06 5.791009556194627658e+04 -3.702995713614683482e+05 -2.501259418573126313e+05 -2.657035454746667892e+04 8.240016482426042785e+04 -1.823562020957118148e+04 -5.922370886311005597e+04 6.089000798409795971e+04
-4.248096230335964938e+05 8.953934555917967111e+06 -1.304513731272351556e+07 -8.170960346769932657e+06 -9.668900992589333327e+05 -1.345979987106753979e+06 -6.777015207638203865e+05 -2.337381072874336038e+06 -1.406725156552120112e+06 3.139086049574894905e+08 8.087199471643072553e+06 -1.682557970599383861e+07 8.185843702290138230e+06 6.428576658747833222e+06 6.766358388411428779e+06 6.121976473379105330e+06 -1.830052782530074008e+06 1.300671418763872469e+06
2.249198069818080403e+06 8.416460793548407033e+06 2.299727761121287942e+06 -2.240420567755218130e+06 -1.133762030588685768e+06 -1.702656520190984476e+06 -1.559800086798675824e+06 -9.528735104517777218e+05 5.791009556194627658e+04 8.087199471643072553e+06 5.738013475018773228e+07 1.586921233776564896e+07 -1.050806717116528191e+07 -1.093569150599170011e+06 1.036552255578547716e+06 1.131914162247674307e+06 -3.561088990991086699e+06 -1.823881205102136824e+06
-8.721003152630845085e+06 2.322238779201239347e+06 5.028200771605746821e+06 8.500272766182140913e+05 -1.416445288028677693e+06 -1.899270296226261649e+06 -1.788012039299420081e+06 -8.372344524905993603e+04 -3.702995713614683482e+05 -1.682557970599383861e+07 1.586921233776564896e+07 3.700256991021238267e+07 9.833760935282045102e+04 -3.656769972254497465e+06 -2.142972501364170108e+06 -8.138112517536185915e+05 -1.506102534748709528e+06 -1.527227966368153691e+06
3.138259566322114319e+06 -3.867520796692370437e+06 -1.833075660757043865e+06 1.971365576953971991e+06 6.944489720886275172e+05 6.980059244535334874e+05 1.892037014672823425e+05 6.196048645499152190e+04 -2.501259418573126313e+05 8.185843702290138230e+06 -1.050806717116528191e+07 9.833760935282045102e+04 1.298821659176662378e+07 3.811928369706751313e+06 4.890659653882057755e+05 1.311606984510731651e+06 2.045073194206308341e+06 -5.435020758693792595e+04
1.043779277909155004e+06 -5.140487456376053888e+04 4.221610518553953625e+03 5.233499620623792871e+05 7.338919774453192949e+05 3.736282567586983205e+05 4.177973000150825828e+05 -2.156494986870555294e+04 -2.657035454746667892e+04 6.428576658747833222e+06 -1.093569150599170011e+06 -3.656769972254497465e+06 3.811928369706751313e+06 5.467066650996224955e+06 -1.392470193892205134e+05 4.604377286476106383e+05 8.790735608659763820e+05 3.077718237972235656e+05
1.543832564853332471e+06 -1.073815586645770352e+06 -1.010384882765443996e+06 -2.617830135524678044e+05 -8.608882421896052256e+04 -8.498976831707655219e+04 6.787401684562538867e+04 4.477861432569773024e+04 8.240016482426042785e+04 6.766358388411428779e+06 1.036552255578547716e+06 -2.142972501364170108e+06 4.890659653882057755e+05 -1.392470193892205134e+05 1.589929511010748101e+06 2.075138256142470054e+05 8.214098017876611266e+04 1.599148136524803413e+05
2.123513132063578349e+06 -7.161201030090043787e+05 -1.266131783183854306e+06 -2.040465975758086715e+05 -2.140303228342616057e+05 1.042652913307306299e+05 -3.001022361870087479e+04 -2.182308192443072039e+05 -1.823562020957118148e+04 6.121976473379105330e+06 1.131914162247674307e+06 -8.138112517536185915e+05 1.311606984510731651e+06 4.604377286476106383e+05 2.075138256142470054e+05 1.852195607422046131e+06 3.015487148217641516e+05 -1.008918532920233265e+05
3.452717071641194634e+05 -2.442475776671068277e+06 -4.582513207187892403e+05 1.849894683895668422e+05 2.907106921623539529e+05 4.112660845293744933e+05 2.300291924403026060e+05 3.044534726153087104e+04 -5.922370886311005597e+04 -1.830052782530074008e+06 -3.561088990991086699e+06 -1.506102534748709528e+06 2.045073194206308341e+06 8.790735608659763820e+05 8.214098017876611266e+04 3.015487148217641516e+05 1.254126895263035316e+06 1.608636259643152880e+05
-4.902514983924849075e+05 -9.712442951702571008e+05 -2.431095847231778025e+05 -1.768719685480332919e+04 -5.875585203103970707e+04 1.187059577770092146e+05 1.540580766338405665e+05 3.373582303920888080e+04 6.089000798409795971e+04 1.300671418763872469e+06 -1.823881205102136824e+06 -1.527227966368153691e+06 -5.435020758693792595e+04 3.077718237972235656e+05 1.599148136524803413e+05 -1.008918532920233265e+05 1.608636259643152880e+05 3.963953610292274971e+05
