# lambda=0.09562964614093335
6.276041089444769919e+07 2.595153362610483076e+06 -1.323228818893438904e+06 3.748840155679151416e+06 1.251544012573899003e+06 3.199156977428168175e+05 4.422667831475728890e+05 8.488307654349190125e+04 3.687248299945336767e+05 4.250570613584637642e+06 -1.407944207576932386e+07 5.112002429662302136e+06 7.662152322701085359e+06 2.602084345337640494e+06 1.393055345369385323e+06 9.654374116012811428e+05 1.185557408018829999e+06 -1.158429179967080272e+05
2.595153362610483076e+06 1.207976383597729728e+07 8.512281885002454510e+05 -2.972149145951518440e+05 -7.733226642394687224e+04 -2.791218965714956285e+05 1.956418341242938768e+05 7.385517792745491897e+04 5.280209277297789231e+05 5.693535806065739132e+06 5.913677580355944112e+06 -2.093094261587973684e+06 -3.320640565502837417e+05 -4.940823500225296011e+05 1.574831154595926171e+06 7.005855303071701201e+05 3.403500444326714496e+05 3.765759052703162306e+05
-1.323228818893438904e+06 8.512281885002454510e+05 5.035998980342015624e+06 1.330687933106510027e+05 -2.835936174622314866e+05 2.640089954215836478e+05 -3.986452184279902576e+04 1.605174177551355388e+05 1.586413632001505466e+05 2.565256018773434218e+06 1.698164897048146231e+06 4.479017579374356195e+06 -4.585425580113953329e+05 -1.217101380688756471e+06 -3.695227751004633610e+05 -5.068830629434359726e+05 -1.219223563551314874e+05 -1.278619890090710687e+05
3.748840155679151416e+06 -2.972149145951518440e+05 1.330687933106510027e+05 1.634162586171753006e+06 2.995426183888597297e+05 2.051657996413855581e+05 2.708698884987312340e+04 4.623485550247175706e+04 2.592827426754556654e+04 -4.296825794912363403e+06 2.284719675601389899e+05 -1.344769729229561985e+06 1.165057875021774787e+06 -2.432649096224278619e+05 -4.637645048624505289e+05 -5.637141808739607222e+05 -1.815364984869264881e+05 4.665140770645067278e+03
1.251544012573899003e+06 -7.733226642394687224e+04 -2.835936174622314866e+05 2.995426183888597297e+05 7.826922841234190855e+05 1.091260397214453405e+05 -1.643734641941289010e+05 6.188203429198239610e+04 -9.489470279014736889e+02 -6.009694723364716629e+05 8.666603377020501066e+05 -1.854077342587595631e+05 2.148928205629599397e+05 3.190084546808622545e+05 5.917026717962059774e+04 2.589979015633783547e+03 4.260346239056805643e+04 1.447583104471378465e+04
3.199156977428168175e+05 -2.791218965714956285e+05 2.640089954215836478e+05 2.051657996413855581e+05 1.091260397214453405e+05 5.739127354729908984e+05 1.017200035327064834e+05 1.315680414154987666e+05 -5.777237211697417661e+04 -9.632362004276639782e+05 -9.753051108675212599e+05 6.258233351844736608e+05 -1.605640299918130622e+05 -2.662046601615570253e+05 3.191060639286825608e+04 -2.265196425753028598e+05 2.915089328429427405e+04 -1.208909273307377152e+05
4.422667831475728890e+05 1.956418341242938768e+05 -3.986452184279902576e+04 2.708698884987312340e+04 -1.643734641941289010e+05 1.017200035327064834e+05 2.861095809855323168e+05 7.182812390793705708e+04 2.518169047846098692e+04 -1.383585549123735167e+06 2.725605183344815159e+05 7.511807619886520552e+05 7.785169148982789193e+04 1.098972733605632384e+05 7.698515832961586420e+04 1.851088285943027586e+04 9.922126365691979299e+04 -2.573253989148497567e+04
8.488307654349190125e+04 7.385517792745491897e+04 1.605174177551355388e+05 4.623485550247175706e+04 6.188203429198239610e+04 1.315680414154987666e+05 7.182812390793705708e+04 1.860748337452296400e+05 1.610087298922996524e+04 -3.370596940209643450e+06 1.360390966376305150e+05 -1.336658330891396035e+05 1.475442889796591189e+05 2.255801285661337315e+05 -1.370673636601323087e+05 8.740281756574704195e+04 1.033594886652018758e+05 -6.931407509830618801e+04
3.687248299945336767e+05 5.280209277297789231e+05 1.586413632001505466e+05 2.592827426754556654e+04 -9.489470279014736889e+02 -5.777237211697417661e+04 2.518169047846098692e+04 1.610087298922996524e+04 1.131262729794316983e+05 -1.347709510592040373e+06 1.118500911328331858e+05 3.090404491746386630e+05 8.271683165788458427e+04 2.339696893575152499e+05 1.418694704004571831e+05 9.588333662684606679e+04 -1.905720663934440745e+04 8.426440358344871493e+04
4.250570613584637642e+06 5.693535806065739132e+06 2.565256018773434218e+06 -4.296825794912363403e+06 -6.009694723364716629e+05 -9.632362004276639782e+05 -1.383585549123735167e+06 -3.370596940209643450e+06 -1.347709510592040373e+06 2.205548201022035480e+08 1.478856093787577376e+07 1.338107782903346419e+07 5.375946975007394329e+06 -1.524328037075716257e+07 2.517851301240903791e+06 3.745629593575156177e+05 -9.663039218089415226e+05 -6.064203127766327088e+04
-1.407944207576932386e+07 5.913677580355944112e+06 1.698164897048146231e+06 2.284719675601389899e+05 8.666603377020501066e+05 -9.753051108675212599e+05 2.725605183344815159e+05 1.360390966376305150e+05 1.118500911328331858e+05 1.478856093787577376e+07 4.812619510267406702e+07 -1.363488391059474088e+07 3.026172709982837550e+06 -2.500855475373676047e+06 -1.860037685846576234e+06 -1.713209307212797692e+06 -4.023601962543300469e+05 -5.143917322995114228e+04
5.112002429662302136e+06 -2.093094261587973684e+06 4.479017579374356195e+06 -1.344769729229561985e+06 -1.854077342587595631e+05 6.258233351844736608e+05 7.511807619886520552e+05 -1.336658330891396035e+05 3.090404491746386630e+05 1.338107782903346419e+07 -1.363488391059474088e+07 3.515312292892151326e+07 -3.088218282730652019e+06 -3.032738850474575302e+05 1.555852591508047772e+05 -9.098474538319808198e+05 -2.292197641093716666e+05 2.811946394253767212e+05
7.662152322701085359e+06 -3.320640565502837417e+05 -4.585425580113953329e+05 1.165057875021774787e+06 2.148928205629599397e+05 -1.605640299918130622e+05 7.785169148982789193e+04 1.475442889796591189e+05 8.271683165788458427e+04 5.375946975007394329e+06 3.026172709982837550e+06 -3.088218282730652019e+06 8.260023201190988533e+06 8.997715518131594581e+04 -4.867130353167463909e+05 -4.101153261216438841e+05 -4.489397523739307653e+05 -1.912847829325621424e+05
2.602084345337640494e+06 -4.940823500225296011e+05 -1.217101380688756471e+06 -2.432649096224278619e+05 3.190084546808622545e+05 -2.662046601615570253e+05 1.098972733605632384e+05 2.255801285661337315e+05 2.339696893575152499e+05 -1.524328037075716257e+07 -2.500855475373676047e+06 -3.032738850474575302e+05 8.997715518131594581e+04 7.695622155551643111e+06 1.288146402573696570e+06 5.251851601529556792e+05 6.622856241122519132e+05 1.520706055829482502e+05
1.393055345369385323e+06 1.574831154595926171e+06 -3.695227751004633610e+05 -4.637645048624505289e+05 5.917026717962059774e+04 3.191060639286825608e+04 7.698515832961586420e+04 -1.370673636601323087e+05 1.418694704004571831e+05 2.517851301240903791e+06 -1.860037685846576234e+06 1.555852591508047772e+05 -4.867130353167463909e+05 1.288146402573696570e+06 2.675798618075062986e+06 1.113289059161308687e+06 3.476591037089966703e+05 -1.381679643063481199e+05
9.654374116012811428e+05 7.005855303071701201e+05 -5.068830629434359726e+05 -5.637141808739607222e+05 2.589979015633783547e+03 -2.265196425753028598e+05 1.851088285943027586e+04 8.740281756574704195e+04 9.588333662684606679e+04 3.745629593575156177e+05 -1.713209307212797692e+06 -9.098474538319808198e+05 -4.101153261216438841e+05 5.251851601529556792e+05 1.113289059161308687e+06 2.064600267692568712e+06 5.441156737840706483e+05 -1.081459091095914482e+05
1.185557408018829999e+06 3.403500444326714496e+05 -1.219223563551314874e+05 -1.815364984869264881e+05 4.260346239056805643e+04 2.915089328429427405e+04 9.922126365691979299e+04 1.033594886652018758e+05 -1.905720663934440745e+04 -9.663039218089415226e+05 -4.023601962543300469e+05 -2.292197641093716666e+05 -4.489397523739307653e+05 6.622856241122519132e+05 3.476591037089966703e+05 5.441156737840706483e+05 7.354721433940673014e+05 -1.816955249485129752e+04
-1.158429179967080272e+05 3.765759052703162306e+05 -1.278619890090710687e+05 4.665140770645067278e+03 1.447583104471378465e+04 -1.208909273307377152e+05 -2.573253989148497567e+04 -6.931407509830618801e+04 8.426440358344871493e+04 -6.064203127766327088e+04 -5.143917322995114228e+04 2.811946394253767212e+05 -1.912847829325621424e+05 1.520706055829482502e+05 -1.381679643063481199e+05 -1.081459091095914482e+05 -1.816955249485129752e+04 5.593738470844232943e+05
