# lambda=0.07553366760381217
4.503856445755877346e+07 7.813827564777109772e+06 1.913846295117815025e+06 -3.902058189253285527e+05 -1.110846309355920414e+06 1.203259065582374344e+06 3.049182470693501527e+05 7.876832783648354234e+05 4.022151787078176276e+05 2.528398227626388147e+07 9.632893364024853334e+06 -4.605124457446495071e+06 1.155301796526117250e+06 7.674028160870134598e+05 5.175746211534867994e+06 1.354315687452487764e+05 -6.701088292691974202e+05 -1.051365266764607280e+06
7.813827564777109772e+06 2.281291889897785336e+07 3.593856185958011076e+06 4.611447075614496134e+05 2.623313899321740610e+04 1.251638275197813055e+06 -1.504753585151427833e+05 2.460971719681456743e+05 4.681479908010843792e+05 2.672435297473559529e+07 1.924655187383506820e+07 3.587297759564257693e+06 2.384811812358077150e+06 4.629604812699900940e+06 1.379761076881172834e+06 2.295790450071267784e+06 -1.198149985670786118e+06 -3.109346679932154366e+05
1.913846295117815025e+06 3.593856185958011076e+06 5.194970217478280887e+06 6.613720369822875364e+05 -6.469571361483011860e+05 -5.752912872765676002e+04 2.812870164039101801e+05 3.389635335391205736e+05 1.027399257217293052e+05 7.863167560587482527e+06 6.747889443192346022e+06 2.694228795030994341e+06 -6.287371417643903987e+05 1.554987644000448054e+05 -6.060058077340303498e+03 6.026052658166035544e+05 -3.781404595520678413e+04 1.628291127275864128e+05
-3.902058189253285527e+05 4.611447075614496134e+05 6.613720369822875364e+05 1.535359847144305706e+06 -7.770343236476719903e+04 -3.383863236996098422e+05 -1.096476894329529168e+05 9.606336492262822867e+04 7.451959970138128847e+04 -5.123239399667359976e+04 2.641872692641444504e+06 5.736307096007613000e+05 1.241668751027592458e+06 6.455875257583200000e+05 9.672372707416269986e+04 -1.196089850969820400e+05 -1.670449505191131320e+05 4.242699364627852337e+05
-1.110846309355920414e+06 2.623313899321740610e+04 -6.469571361483011860e+05 -7.770343236476719903e+04 8.954108636705221143e+05 -5.605710771138256678e+04 -9.322761202617848176e+04 -7.170608916255483928e+04 -8.021795563804700214e+04 4.748836433476059465e+05 -1.649089156131940661e+06 4.319485830296088243e+05 7.069223042129847454e+04 6.557247717550287489e+05 -5.618350400436293567e+05 1.276885538068785245e+05 6.580826716622954700e+04 8.226189887786797772e+04
1.203259065582374344e+06 1.251638275197813055e+06 -5.752912872765676002e+04 -3.383863236996098422e+05 -5.605710771138256678e+04 5.991564815787364496e+05 -1.236298257856750206e+04 2.932265483138968557e+04 6.102634034528127813e+04 -1.879971625296965009e+06 3.836534788071950315e+05 -2.627232697978076758e+05 -6.132494804393578088e+05 2.743017079282204504e+05 4.508668480643196381e+05 -1.535927729494934829e+04 1.009924070678116095e+03 -1.720048700565347099e+05
3.049182470693501527e+05 -1.504753585151427833e+05 2.812870164039101801e+05 -1.096476894329529168e+05 -9.322761202617848176e+04 -1.236298257856750206e+04 3.004839851451225113e+05 1.020768736695656844e+05 -5.862101765710170184e+03 1.684408997618754394e+06 3.550424416369033861e+05 -4.308871302242205129e+05 -6.034798756696977653e+05 -1.871255279834448302e+05 9.503402382200837019e+04 1.127280601527639810e+05 7.062627426037086116e+04 -6.394057814092671470e+04
7.876832783648354234e+05 2.460971719681456743e+05 3.389635335391205736e+05 9.606336492262822867e+04 -7.170608916255483928e+04 2.932265483138968557e+04 1.020768736695656844e+05 2.013396595119459089e+05 6.395346528844811837e+04 1.897006218708326109e+06 7.021505209327307530e+05 -3.506536626742793596e+05 -4.491319345037624589e+04 2.305892027228848019e+05 1.909923215921256342e+05 9.680792139839388255e+04 7.387443876302531862e+04 3.884403022461724322e+04
4.022151787078176276e+05 4.681479908010843792e+05 1.027399257217293052e+05 7.451959970138128847e+04 -8.021795563804700214e+04 6.102634034528127813e+04 -5.862101765710170184e+03 6.395346528844811837e+04 1.109001527708020149e+05 1.302883991466130363e+06 1.068721741358853644e+06 5.997033945779179339e+04 1.912763754171113542e+05 1.744324240863898594e+05 2.139309847343271249e+05 1.471934786419681914e+05 2.836408283408483112e+04 1.183380546589856385e+04
2.528398227626388147e+07 2.672435297473559529e+07 7.863167560587482527e+06 -5.123239399667359976e+04 4.748836433476059465e+05 -1.879971625296965009e+06 1.684408997618754394e+06 1.897006218708326109e+06 1.302883991466130363e+06 2.588926384719751775e+08 9.091756215125103295e+07 -5.550469814104627818e+06 6.880155819349289872e+06 7.940062753865083680e+06 6.775099004716303200e+06 6.449400898637129925e+06 -1.021512979399127769e+06 1.280499142884618836e+06
9.632893364024853334e+06 1.924655187383506820e+07 6.747889443192346022e+06 2.641872692641444504e+06 -1.649089156131940661e+06 3.836534788071950315e+05 3.550424416369033861e+05 7.021505209327307530e+05 1.068721741358853644e+06 9.091756215125103295e+07 1.092928267710118592e+08 2.102856154786163941e+06 8.461082648541615345e+04 4.419310558047673665e+06 6.207279451958833262e+06 5.713306326362431049e+06 -4.966121623516440159e+05 9.726450911923201056e+05
-4.605124457446495071e+06 3.587297759564257693e+06 2.694228795030994341e+06 5.736307096007613000e+05 4.319485830296088243e+05 -2.627232697978076758e+05 -4.308871302242205129e+05 -3.506536626742793596e+05 5.997033945779179339e+04 -5.550469814104627818e+06 2.102856154786163941e+06 2.302901341393247247e+07 3.443901262419770472e+06 4.384879415860026143e+06 -2.050730157900128281e+06 3.504067740498905187e+04 -6.264397361123980954e+05 3.141496317056269618e+05
1.155301796526117250e+06 2.384811812358077150e+06 -6.287371417643903987e+05 1.241668751027592458e+06 7.069223042129847454e+04 -6.132494804393578088e+05 -6.034798756696977653e+05 -4.491319345037624589e+04 1.912763754171113542e+05 6.880155819349289872e+06 8.461082648541615345e+04 3.443901262419770472e+06 1.055643063787389919e+07 3.196986206638029311e+06 -3.395988420994722983e+05 -3.344092766197752208e+05 -5.068505734751354321e+05 6.446567529843098018e+05
7.674028160870134598e+05 4.629604812699900940e+06 1.554987644000448054e+05 6.455875257583200000e+05 6.557247717550287489e+05 2.743017079282204504e+05 -1.871255279834448302e+05 2.305892027228848019e+05 1.744324240863898594e+05 7.940062753865083680e+06 4.419310558047673665e+06 4.384879415860026143e+06 3.196986206638029311e+06 6.378472608299065381e+06 8.885499680968689499e+05 -6.189076134169008583e+04 -4.973232378018621821e+05 7.395117318625931512e+04
5.175746211534867994e+06 1.379761076881172834e+06 -6.060058077340303498e+03 9.672372707416269986e+04 -5.618350400436293567e+05 4.508668480643196381e+05 9.503402382200837019e+04 1.909923215921256342e+05 2.139309847343271249e+05 6.775099004716303200e+06 6.207279451958833262e+06 -2.050730157900128281e+06 -3.395988420994722983e+05 8.885499680968689499e+05 3.012209148377148900e+06 4.749176851749462076e+05 -3.423694125517460634e+05 -3.835250892669366440e+05
1.354315687452487764e+05 2.295790450071267784e+06 6.026052658166035544e+05 -1.196089850969820400e+05 1.276885538068785245e+05 -1.535927729494934829e+04 1.127280601527639810e+05 9.680792139839388255e+04 1.471934786419681914e+05 6.449400898637129925e+06 5.713306326362431049e+06 3.504067740498905187e+04 -3.344092766197752208e+05 -6.189076134169008583e+04 4.749176851749462076e+05 2.067881541376907146e+06 5.227095658365556155e+05 1.418316730075709347e+05
-6.701088292691974202e+05 -1.198149985670786118e+06 -3.781404595520678413e+04 -1.670449505191131320e+05 6.580826716622954700e+04 1.009924070678116095e+03 7.062627426037086116e+04 7.387443876302531862e+04 2.836408283408483112e+04 -1.021512979399127769e+06 -4.966121623516440159e+05 -6.264397361123980954e+05 -5.068505734751354321e+05 -4.973232378018621821e+05 -3.423694125517460634e+05 5.227095658365556155e+05 7.553079520574886119e+05 1.618367325449118216e+05
-1.051365266764607280e+06 -3.109346679932154366e+05 1.628291127275864128e+05 4.242699364627852337e+05 8.226189887786797772e+04 -1.720048700565347099e+05 -6.394057814092671470e+04 3.884403022461724322e+04 1.183380546589856385e+04 1.280499142884618836e+06 9.726450911923201056e+05 3.141496317056269618e+05 6.446567529843098018e+05 7.395117318625931512e+04 -3.835250892669366440e+05 1.418316730075709347e+05 1.618367325449118216e+05 9.263621916868054541e+05
