# lambda=0.14052551804818006
4.806422716801839322e+07 -1.424469759966902900e+06 -2.866363348164832685e+06 5.455629585557371611e+05 7.172428140555322170e+05 5.020651700260727084e+05 1.204983398502466734e+05 5.549064560138434172e+05 -1.655479731905038934e+05 2.390976029549765959e+07 5.581313379799859598e+06 -1.019332025679953978e+06 -2.045946657837905455e+06 -2.522502159948540386e+06 -1.677138372831986519e+06 -5.396932102282732958e+05 5.406649291526539018e+05 3.320312950254858588e+05
-1.424469759966902900e+06 1.266934506970060058e+07 4.130014142902607098e+06 1.016634183981224429e+06 -6.438406014732598560e+05 2.738127317683746805e+05 1.969962865821589658e+05 -1.710726740162298083e+05 -1.315460526343017991e+05 -9.822784397394323722e+06 2.359668912108724471e+06 -5.416445834825689963e+04 -2.685816071045370307e+06 -1.743554248143042903e+06 1.263309511914496776e+06 3.070534350248728879e+05 -3.460086818506340205e+04 3.952644439841042040e+05
-2.866363348164832685e+06 4.130014142902607098e+06 5.693981301902912557e+06 1.668854987966824789e+06 1.219736676504012721e+05 4.250024346068442683e+05 1.366614923353641934e+05 -1.614422180942755076e+05 5.406728143777292644e+03 -1.173312487578616012e+06 2.231673737712553993e+05 1.489884571939391084e+06 -1.287729819952440448e+05 -5.316415154416484256e+03 2.143945957627157622e+05 2.073142410447106522e+05 -1.250760181913694978e+05 4.228391482913499931e+05
5.455629585557371611e+05 1.016634183981224429e+06 1.668854987966824789e+06 2.106641886226819362e+06 6.189617835827061936e+04 2.355825836025945318e+05 3.197789745952263183e+04 -1.973706742367957531e+03 2.015902588715589081e+05 -5.765819034793687984e+06 -2.092102424459209898e+06 -5.635925975434420252e+04 1.982699070655823918e+06 -4.867825001938330242e+05 7.869871964155194582e+05 4.364323851317664376e+05 3.102589666829903945e+04 1.642868505682178366e+05
7.172428140555322170e+05 -6.438406014732598560e+05 1.219736676504012721e+05 6.189617835827061936e+04 6.978045427426778479e+05 8.680059327981367824e+04 2.291310650799373980e+04 -4.213312896768284554e+04 -7.817572373264782073e+04 -3.073359860873928992e+05 1.321472562842031009e+06 -5.576280151717946865e+05 1.029034030635786126e+06 5.650293802992657293e+05 2.268013711337728309e+05 -2.474487509102510230e+05 -3.454310999202415405e+04 7.755803602987104387e+04
5.020651700260727084e+05 2.738127317683746805e+05 4.250024346068442683e+05 2.355825836025945318e+05 8.680059327981367824e+04 3.732022557324138470e+05 5.733033352106632083e+04 1.701396958299703692e+04 4.228479754900935222e+04 6.206547091103639686e+05 -1.322077798469009576e+05 4.258008751473536831e+05 1.621739496972557972e+05 5.098383729836356360e+05 3.182126805322678993e+05 -1.012462461820648969e+04 1.789748972955223144e+04 1.045449468047978153e+05
1.204983398502466734e+05 1.969962865821589658e+05 1.366614923353641934e+05 3.197789745952263183e+04 2.291310650799373980e+04 5.733033352106632083e+04 2.202858263428154751e+05 7.032979081098716961e+03 7.918394186946592527e+03 1.186461521687780041e+06 1.272485804722942878e+06 -2.640540574728283100e+05 4.503714471713369858e+04 1.641027614643772249e+05 5.326833578133736592e+04 1.322335347619747627e+05 8.751540955284488155e+04 6.263528212699281721e+04
5.549064560138434172e+05 -1.710726740162298083e+05 -1.614422180942755076e+05 -1.973706742367957531e+03 -4.213312896768284554e+04 1.701396958299703692e+04 7.032979081098716961e+03 1.573991968851290294e+05 2.422875707157725992e+04 -2.330935586774434341e+04 3.518980087861230713e+05 3.296773709919247194e+05 7.844257126368787431e+04 2.516446718911122589e+05 6.297600150495552225e+04 -7.938147239551498205e+04 7.988898557523237832e+04 6.898737171253835641e+02
-1.655479731905038934e+05 -1.315460526343017991e+05 5.406728143777292644e+03 2.015902588715589081e+05 -7.817572373264782073e+04 4.228479754900935222e+04 7.918394186946592527e+03 2.422875707157725992e+04 1.307124962282317865e+05 -5.251729663130590925e+05 -3.583474766166083864e+05 5.789148840806277003e+05 2.665639091615583748e+05 -2.031579996733929875e+04 9.124626277276012115e+04 1.147590595970905997e+05 8.748400996777902765e+04 1.112564852209082601e+05
2.390976029549765959e+07 -9.822784397394323722e+06 -1.173312487578616012e+06 -5.765819034793687984e+06 -3.073359860873928992e+05 6.206547091103639686e+05 1.186461521687780041e+06 -2.330935586774434341e+04 -5.251729663130590925e+05 1.298166326489124149e+08 3.955278490804423392e+07 1.404767089314270951e+07 -5.479304018481108360e+06 -1.754548018845662475e+06 -6.305912882713661529e+06 -3.705642934513890184e+06 -1.038088132294146781e+05 1.250544623476966284e+06
5.581313379799859598e+06 2.359668912108724471e+06 2.231673737712553993e+05 -2.092102424459209898e+06 1.321472562842031009e+06 -1.322077798469009576e+05 1.272485804722942878e+06 3.518980087861230713e+05 -3.583474766166083864e+05 3.955278490804423392e+07 6.618099944918102026e+07 2.065228043314045761e+06 -1.748744347598930355e+06 -3.618789604501277208e+06 -1.293580979334576521e+06 -2.602555152163265273e+06 -3.703011997713919845e+04 1.667688368342173053e+06
-1.019332025679953978e+06 -5.416445834825689963e+04 1.489884571939391084e+06 -5.635925975434420252e+04 -5.576280151717946865e+05 4.258008751473536831e+05 -2.640540574728283100e+05 3.296773709919247194e+05 5.789148840806277003e+05 1.404767089314270951e+07 2.065228043314045761e+06 2.394665306864533573e+07 5.885830412027095445e+06 8.538143924106759951e+05 8.580400456197912572e+05 9.733256143010817468e+05 7.956735145398676395e+05 8.290845380529811373e+05
-2.045946657837905455e+06 -2.685816071045370307e+06 -1.287729819952440448e+05 1.982699070655823918e+06 1.029034030635786126e+06 1.621739496972557972e+05 4.503714471713369858e+04 7.844257126368787431e+04 2.665639091615583748e+05 -5.479304018481108360e+06 -1.748744347598930355e+06 5.885830412027095445e+06 1.222819537186058611e+07 7.962120108214011416e+05 1.940986838102418697e+06 1.219784237337511731e+06 1.764779417386442656e+05 4.755922982742526801e+05
-2.522502159948540386e+06 -1.743554248143042903e+06 -5.316415154416484256e+03 -4.867825001938330242e+05 5.650293802992657293e+05 5.098383729836356360e+05 1.641027614643772249e+05 2.516446718911122589e+05 -2.031579996733929875e+04 -1.754548018845662475e+06 -3.618789604501277208e+06 8.538143924106759951e+05 7.962120108214011416e+05 5.196108929215241224e+06 1.223058052322346950e+06 -3.127133107426810238e+04 4.574679082942569512e+05 -3.025292997320708237e+05
-1.677138372831986519e+06 1.263309511914496776e+06 2.143945957627157622e+05 7.869871964155194582e+05 2.268013711337728309e+05 3.182126805322678993e+05 5.326833578133736592e+04 6.297600150495552225e+04 9.124626277276012115e+04 -6.305912882713661529e+06 -1.293580979334576521e+06 8.580400456197912572e+05 1.940986838102418697e+06 1.223058052322346950e+06 2.358252854446737561e+06 4.494166155852159718e+05 1.869543151423882518e+05 1.496426367470677360e+05
-5.396932102282732958e+05 3.070534350248728879e+05 2.073142410447106522e+05 4.364323851317664376e+05 -2.474487509102510230e+05 -1.012462461820648969e+04 1.322335347619747627e+05 -7.938147239551498205e+04 1.147590595970905997e+05 -3.705642934513890184e+06 -2.602555152163265273e+06 9.733256143010817468e+05 1.219784237337511731e+06 -3.127133107426810238e+04 4.494166155852159718e+05 1.317690757999683963e+06 2.953778803796543507e+05 1.257920166077899194e+05
5.406649291526539018e+05 -3.460086818506340205e+04 -1.250760181913694978e+05 3.102589666829903945e+04 -3.454310999202415405e+04 1.789748972955223144e+04 8.751540955284488155e+04 7.988898557523237832e+04 8.748400996777902765e+04 -1.038088132294146781e+05 -3.703011997713919845e+04 7.956735145398676395e+05 1.764779417386442656e+05 4.574679082942569512e+05 1.869543151423882518e+05 2.953778803796543507e+05 3.987914698657608242e+05 9.451100330342788948e+04
3.320312950254858588e+05 3.952644439841042040e+05 4.228391482913499931e+05 1.642868505682178366e+05 7.755803602987104387e+04 1.045449468047978153e+05 6.263528212699281721e+04 6.898737171253835641e+02 1.112564852209082601e+05 1.250544623476966284e+06 1.667688368342173053e+06 8.290845380529811373e+05 4.755922982742526801e+05 -3.025292997320708237e+05 1.496426367470677360e+05 1.257920166077899194e+05 9.451100330342788948e+04 7.055706926160809817e+05
