# lambda=0.08657724668010709
4.443087741725030541e+07 7.837281893077778630e+06 1.715294640302431770e+06 -7.312195405416018330e+05 8.225411811756589450e+05 -7.663211416710816557e+05 6.504815935197519138e+05 -5.097021265887513873e+05 -4.825014340804278036e+05 5.566316651827966422e+07 2.315915565452295169e+07 4.987005196738782339e+06 -2.538654998859489802e+06 -4.028775096829863731e+06 -4.854771213997215033e+06 1.070154542773288209e+06 1.077144865733317798e+06 3.864800586502021179e+04
7.837281893077778630e+06 2.253997347692164779e+07 1.714685352657676907e+06 3.668838406371709425e+04 1.600330588528929744e+06 3.259633555890929420e+05 -8.559678604331318638e+03 5.690118069608510705e+05 3.843684424518032465e+05 6.066959473546226509e+05 2.646660984890438989e+07 -3.539965404137338046e+06 -1.461647124028159771e+06 4.789303141665983014e+06 4.559342735194943962e+05 1.228761307915515965e+06 5.012103004690617090e+05 4.443019578361565946e+05
1.715294640302431770e+06 1.714685352657676907e+06 3.580646214886876289e+06 7.859715412462450331e+05 1.423467002749808016e+05 -2.283124792360034480e+05 8.549313996059907367e+04 2.072957819144547102e+05 2.279722382599968696e+05 -3.949362213035609107e+06 -2.618076743794342910e+05 3.909300694722131011e+05 -1.526918867442252231e+05 -1.608706245115768397e+05 -8.808190176260854350e+05 7.573312551074695075e+05 6.907714860733723035e+05 -5.185955663493456814e+04
-7.312195405416018330e+05 3.668838406371709425e+04 7.859715412462450331e+05 3.327233733002538327e+06 5.984986624129752163e+05 2.545112333615193784e+05 -7.211531667727853346e+04 1.024807908389593213e+05 1.873496843368666596e+05 -7.158834422797728330e+06 -4.341723334406992944e+04 -1.209921965724535286e+06 1.375380344105542405e+06 7.319354718945347704e+05 3.508175454371735686e+05 4.987589617646090919e+05 7.863424097076085163e+05 3.264148477823119028e+05
8.225411811756589450e+05 1.600330588528929744e+06 1.423467002749808016e+05 5.984986624129752163e+05 1.324897123080391204e+06 2.666979959335305030e+05 1.469678286473446351e+05 1.532814202378686459e+05 3.348984016654615698e+04 1.662398477411399363e+06 2.145120049307453446e+06 6.185248966553171340e+04 -6.787423493666041177e+05 7.424587153727906989e+05 7.726210425955774263e+05 7.574473843567909207e+05 2.256360944272787892e+05 7.097541094118713227e+04
-7.663211416710816557e+05 3.259633555890929420e+05 -2.283124792360034480e+05 2.545112333615193784e+05 2.666979959335305030e+05 5.914643500424030935e+05 9.623802365568784808e+03 2.333471499402480185e+04 -2.864735552193530384e+04 -1.430612722942493623e+06 5.340453354813867481e+05 -8.297584511811350239e+04 -1.090281787598512892e+04 7.246838797673960216e+05 2.775560437507095048e+05 -6.203054691671577166e+04 6.210339665501068521e+04 6.980449457649522810e+04
6.504815935197519138e+05 -8.559678604331318638e+03 8.549313996059907367e+04 -7.211531667727853346e+04 1.469678286473446351e+05 9.623802365568784808e+03 3.427807031309135491e+05 1.254942493479869008e+05 -3.517171032025977183e+04 2.877076084548995830e+06 -2.029198294726810127e+05 1.997274272777851438e+05 -4.011352869669141946e+05 -2.907793963388837074e+04 -1.659356870677214756e+05 1.529615432324577414e+05 1.780161709389572497e+05 -5.942935466565134266e+04
-5.097021265887513873e+05 5.690118069608510705e+05 2.072957819144547102e+05 1.024807908389593213e+05 1.532814202378686459e+05 2.333471499402480185e+04 1.254942493479869008e+05 1.940211074903777917e+05 3.266595753103819516e+04 -3.532600049452886451e+05 5.156300957278566784e+04 -6.846489307588685733e+03 -2.432702538192484935e+05 1.661975829606176412e+05 1.645528807187661296e+05 1.400433431456380931e+05 1.362163523429821944e+05 5.165783146863467846e+04
-4.825014340804278036e+05 3.843684424518032465e+05 2.279722382599968696e+05 1.873496843368666596e+05 3.348984016654615698e+04 -2.864735552193530384e+04 -3.517171032025977183e+04 3.266595753103819516e+04 1.530975652246938553e+05 -1.940640147539547877e+06 6.128453300426937640e+05 -1.161983701191407017e+05 2.878185823377405177e+05 4.925647808935890498e+04 3.589041730625693162e+04 -6.674928321215868345e+04 8.168048159439508163e+04 7.458315271382020728e+04
5.566316651827966422e+07 6.066959473546226509e+05 -3.949362213035609107e+06 -7.158834422797728330e+06 1.662398477411399363e+06 -1.430612722942493623e+06 2.877076084548995830e+06 -3.532600049452886451e+05 -1.940640147539547877e+06 2.628028365766749978e+08 3.658525093344271928e+07 3.424391595913387090e+07 -5.076113417853159830e+06 -2.023871470060853288e+07 -8.549950310668110847e+06 -1.749420598601513775e+06 3.026477796091058291e+06 -3.282662620372091187e+05
2.315915565452295169e+07 2.646660984890438989e+07 -2.618076743794342910e+05 -4.341723334406992944e+04 2.145120049307453446e+06 5.340453354813867481e+05 -2.029198294726810127e+05 5.156300957278566784e+04 6.128453300426937640e+05 3.658525093344271928e+07 7.713211302540838718e+07 1.527846922283270583e+07 1.745491084670712939e+06 8.178983191220718436e+06 -9.227917634482089197e+05 8.372147137053481129e+04 8.945273282138373470e+05 2.022171473584295716e+06
4.987005196738782339e+06 -3.539965404137338046e+06 3.909300694722131011e+05 -1.209921965724535286e+06 6.185248966553171340e+04 -8.297584511811350239e+04 1.997274272777851438e+05 -6.846489307588685733e+03 -1.161983701191407017e+05 3.424391595913387090e+07 1.527846922283270583e+07 3.271657726390191168e+07 6.592588859431977384e+06 -5.950060226314006140e+05 -2.569670610553550068e+06 -8.121689600513629848e+05 9.210457866847432451e+05 -2.358939530129796476e+05
-2.538654998859489802e+06 -1.461647124028159771e+06 -1.526918867442252231e+05 1.375380344105542405e+06 -6.787423493666041177e+05 -1.090281787598512892e+04 -4.011352869669141946e+05 -2.432702538192484935e+05 2.878185823377405177e+05 -5.076113417853159830e+06 1.745491084670712939e+06 6.592588859431977384e+06 9.261071936752684414e+06 1.316860251653812593e+06 1.369724560908477288e+05 -2.982258537446043338e+05 -3.322789147305425722e+05 4.340479526421651826e+05
-4.028775096829863731e+06 4.789303141665983014e+06 -1.608706245115768397e+05 7.319354718945347704e+05 7.424587153727906989e+05 7.246838797673960216e+05 -2.907793963388837074e+04 1.661975829606176412e+05 4.925647808935890498e+04 -2.023871470060853288e+07 8.178983191220718436e+06 -5.950060226314006140e+05 1.316860251653812593e+06 6.283825432059400715e+06 1.554795806426356547e+06 5.431430295355339767e+05 3.842927420174146391e+04 3.616733913443140336e+05
-4.854771213997215033e+06 4.559342735194943962e+05 -8.808190176260854350e+05 3.508175454371735686e+05 7.726210425955774263e+05 2.775560437507095048e+05 -1.659356870677214756e+05 1.645528807187661296e+05 3.589041730625693162e+04 -8.549950310668110847e+06 -9.227917634482089197e+05 -2.569670610553550068e+06 1.369724560908477288e+05 1.554795806426356547e+06 3.165004448973697610e+06 7.261707678706242004e+05 -2.991597901368163293e+05 2.689565959850046784e+05
1.070154542773288209e+06 1.228761307915515965e+06 7.573312551074695075e+05 4.987589617646090919e+05 7.574473843567909207e+05 -6.203054691671577166e+04 1.529615432324577414e+05 1.400433431456380931e+05 -6.674928321215868345e+04 -1.749420598601513775e+06 8.372147137053481129e+04 -8.121689600513629848e+05 -2.982258537446043338e+05 5.431430295355339767e+05 7.261707678706242004e+05 1.680877276011344744e+06 4.430428937718745874e+04 9.131498827618651558e+04
1.077144865733317798e+06 5.012103004690617090e+05 6.907714860733723035e+05 7.863424097076085163e+05 2.256360944272787892e+05 6.210339665501068521e+04 1.780161709389572497e+05 1.362163523429821944e+05 8.168048159439508163e+04 3.026477796091058291e+06 8.945273282138373470e+05 9.210457866847432451e+05 -3.322789147305425722e+05 3.842927420174146391e+04 -2.991597901368163293e+05 4.430428937718745874e+04 1.042092658561253222e+06 -2.303739232395478757e+04
3.864800586502021179e+04 4.443019578361565946e+05 -5.185955663493456814e+04 3.264148477823119028e+05 7.097541094118713227e+04 6.980449457649522810e+04 -5.942935466565134266e+04 5.165783146863467846e+04 7.458315271382020728e+04 -3.282662620372091187e+05 2.022171473584295716e+06 -2.358939530129796476e+05 4.340479526421651826e+05 3.616733913443140336e+05 2.689565959850046784e+05 9.131498827618651558e+04 -2.303739232395478757e+04 4.385276502779478906e+05
