# lambda=0.1264354830388205
4.100320511229389161e+07 -6.290117678014341509e+05 -1.230028792228057981e+06 -3.021687202342343982e+06 -1.270562535764059285e+06 -3.799514818301136838e+05 1.218645800693596713e+06 6.916016214599231025e+05 4.039192028391350177e+05 2.591743090902826935e+07 -1.099417790569900535e+06 -2.245206288244648837e+06 9.315759982166996924e+05 3.371074410273485351e+06 2.060474667621303117e+06 1.063899690598329995e+06 6.413606989077718463e+05 2.401433149310934823e+06
-6.290117678014341509e+05 1.826908432046409324e+07 1.094917487873669714e+06 7.840622984404712042e+03 4.421397089980595047e+05 -2.725089818645431660e+05 2.456601992650864704e+05 -3.141711330767595209e+05 -2.509161372269611456e+05 -4.823073883476959541e+06 -1.091237000550633995e+06 5.111797459238938056e+06 2.888399110518631525e+06 -8.398895753585455241e+05 1.126427644232338527e+06 7.612068541302339872e+05 6.390924237038722495e+05 -5.555238563768223394e+05
-1.230028792228057981e+06 1.094917487873669714e+06 5.279574234920283780e+06 7.024026032038159901e+05 6.655833291227242444e+05 -4.366633743636313739e+04 4.331452785314601351e+04 1.960873170484742441e+05 -8.581447133256857342e+04 4.536605708736374974e+06 2.296765152863052674e+06 4.705228549045183696e+06 3.010912121556362836e+05 5.691483524348869687e+05 -9.054826995779076824e+05 3.950671640833829588e+04 -2.152884244879766775e+05 -8.063004548479989171e+04
-3.021687202342343982e+06 7.840622984404712042e+03 7.024026032038159901e+05 2.076285510429772781e+06 7.793423148913264740e+05 2.924392186804554076e+05 1.124606142835520586e+05 1.245598507741545036e+05 -5.212190994442351803e+04 -5.005195287043315475e+05 3.068378272777417442e+05 1.083945414819643134e+06 -1.845836397367562167e+05 1.055679335849739378e+06 4.738125217752580065e+05 6.521680200431289850e+05 -4.481349042913379526e+04 -2.879388179178206483e+05
-1.270562535764059285e+06 4.421397089980595047e+05 6.655833291227242444e+05 7.793423148913264740e+05 9.078933558845764492e+05 1.982875182871320867e+05 1.502698678565364389e+05 1.407216033851995307e+05 6.011029724777384399e+04 -3.123566956063074758e+05 -1.961139944059723523e+06 8.420101153945733095e+05 2.294573876893351189e+04 6.599417008458927739e+05 3.703237622372579062e+05 3.561187149481287342e+05 2.666504413497035275e+05 -6.079683610628702445e+04
-3.799514818301136838e+05 -2.725089818645431660e+05 -4.366633743636313739e+04 2.924392186804554076e+05 1.982875182871320867e+05 4.406980545198809123e+05 1.879223617238515726e+04 5.587593202455036953e+04 6.926282874632783933e+04 -3.189646604758381727e+05 -6.026202458293215750e+04 -8.154413357863618294e+05 5.435635503875103313e+05 2.277942146094519412e+05 2.864656276592914364e+05 -5.012329508094272023e+04 1.473530057123342995e+05 -7.571499320977635762e+03
1.218645800693596713e+06 2.456601992650864704e+05 4.331452785314601351e+04 1.124606142835520586e+05 1.502698678565364389e+05 1.879223617238515726e+04 2.495413386410109233e+05 -3.343677978478649493e+03 -1.518655272406133736e+04 5.785584830253506516e+04 -2.023442536794248968e+06 -1.175387770020632743e+05 2.351038847903119749e+05 3.231582497540175682e+05 2.898160441535346326e+05 2.132907127781918680e+05 4.168283829673123546e+04 1.015082248530158904e+04
6.916016214599231025e+05 -3.141711330767595209e+05 1.960873170484742441e+05 1.245598507741545036e+05 1.407216033851995307e+05 5.587593202455036953e+04 -3.343677978478649493e+03 1.489495184252364852e+05 4.372435027821107360e+04 7.948137625262358924e+05 -4.891392827998418943e+05 -1.131312831709434540e+05 -2.196611060503615008e+05 2.000384607988718490e+05 2.812266137773525770e+04 8.017376116609651945e+04 8.904419724905786279e+04 2.886567929719742096e+04
4.039192028391350177e+05 -2.509161372269611456e+05 -8.581447133256857342e+04 -5.212190994442351803e+04 6.011029724777384399e+04 6.926282874632783933e+04 -1.518655272406133736e+04 4.372435027821107360e+04 1.111474269146236766e+05 -6.506214491554367123e+05 -2.062056436156939599e+05 -1.894028182104938896e+05 -1.933456213653997111e+05 1.931379879598892148e+04 -6.842392324238031870e+04 -1.728113724123782958e+04 1.986497229009843795e+04 8.429602739873954852e+04
2.591743090902826935e+07 -4.823073883476959541e+06 4.536605708736374974e+06 -5.005195287043315475e+05 -3.123566956063074758e+05 -3.189646604758381727e+05 5.785584830253506516e+04 7.948137625262358924e+05 -6.506214491554367123e+05 1.897769897327640951e+08 1.639543816921879910e+07 -1.641845621823611856e+07 -4.607746648888854310e+06 9.984181303622251377e+06 3.572995331471973564e+06 -2.995663177379134577e+05 1.576057739873220911e+06 4.102716041861741804e+06
-1.099417790569900535e+06 -1.091237000550633995e+06 2.296765152863052674e+06 3.068378272777417442e+05 -1.961139944059723523e+06 -6.026202458293215750e+04 -2.023442536794248968e+06 -4.891392827998418943e+05 -2.062056436156939599e+05 1.639543816921879910e+07 6.902536333946622908e+07 5.840699335027357563e+06 -2.470949415027915966e+06 -2.888798141461590771e+06 -1.439054159316959558e+06 -2.567731310910756234e+06 -1.233460620437739417e+06 1.309852950459378306e+06
-2.245206288244648837e+06 5.111797459238938056e+06 4.705228549045183696e+06 1.083945414819643134e+06 8.420101153945733095e+05 -8.154413357863618294e+05 -1.175387770020632743e+05 -1.131312831709434540e+05 -1.894028182104938896e+05 -1.641845621823611856e+07 5.840699335027357563e+06 1.962373241841651872e+07 1.793525772328124731e+05 -1.796164067372897873e+06 -3.190497811158184777e+04 6.196737303127618507e+05 -3.393210246474730084e+05 -7.275141641812811140e+05
9.315759982166996924e+05 2.888399110518631525e+06 3.010912121556362836e+05 -1.845836397367562167e+05 2.294573876893351189e+04 5.435635503875103313e+05 2.351038847903119749e+05 -2.196611060503615008e+05 -1.933456213653997111e+05 -4.607746648888854310e+06 -2.470949415027915966e+06 1.793525772328124731e+05 8.998311041499610990e+06 1.915883404350454686e+06 1.135536854004762135e+06 -2.613505620174065698e+05 1.162904913689007983e+06 -3.498216684529911727e+05
3.371074410273485351e+06 -8.398895753585455241e+05 5.691483524348869687e+05 1.055679335849739378e+06 6.599417008458927739e+05 2.277942146094519412e+05 3.231582497540175682e+05 2.000384607988718490e+05 1.931379879598892148e+04 9.984181303622251377e+06 -2.888798141461590771e+06 -1.796164067372897873e+06 1.915883404350454686e+06 6.293202980962013826e+06 6.204917267009982606e+05 1.424311390447685029e+06 1.203079304851838679e+05 2.562436243727612891e+05
2.060474667621303117e+06 1.126427644232338527e+06 -9.054826995779076824e+05 4.738125217752580065e+05 3.703237622372579062e+05 2.864656276592914364e+05 2.898160441535346326e+05 2.812266137773525770e+04 -6.842392324238031870e+04 3.572995331471973564e+06 -1.439054159316959558e+06 -3.190497811158184777e+04 1.135536854004762135e+06 6.204917267009982606e+05 2.362733410352394916e+06 7.852986492484286427e+05 5.581487412738982821e+05 -1.113021974878716537e+04
1.063899690598329995e+06 7.612068541302339872e+05 3.950671640833829588e+04 6.521680200431289850e+05 3.561187149481287342e+05 -5.012329508094272023e+04 2.132907127781918680e+05 8.017376116609651945e+04 -1.728113724123782958e+04 -2.995663177379134577e+05 -2.567731310910756234e+06 6.196737303127618507e+05 -2.613505620174065698e+05 1.424311390447685029e+06 7.852986492484286427e+05 1.515429076446934137e+06 2.465561254068776907e+05 -1.818294287793718977e+05
6.413606989077718463e+05 6.390924237038722495e+05 -2.152884244879766775e+05 -4.481349042913379526e+04 2.666504413497035275e+05 1.473530057123342995e+05 4.168283829673123546e+04 8.904419724905786279e+04 1.986497229009843795e+04 1.576057739873220911e+06 -1.233460620437739417e+06 -3.393210246474730084e+05 1.162904913689007983e+06 1.203079304851838679e+05 5.581487412738982821e+05 2.465561254068776907e+05 9.738361770428125747e+05 -2.208155393088314668e+03
2.401433149310934823e+06 -5.555238563768223394e+05 -8.063004548479989171e+04 -2.879388179178206483e+05 -6.079683610628702445e+04 -7.571499320977635762e+03 1.015082248530158904e+04 2.886567929719742096e+04 8.429602739873954852e+04 4.102716041861741804e+06 1.309852950459378306e+06 -7.275141641812811140e+05 -3.498216684529911727e+05 2.562436243727612891e+05 -1.113021974878716537e+04 -1.818294287793718977e+05 -2.208155393088314668e+03 6.379761036451272666e+05
