# lambda=0.08792449255374289
6.070289109736366570e+07 -1.964927762833176181e+06 -1.892713309163878672e+06 3.643314133050415548e+05 -1.707919797643906437e+06 -2.120480179725257913e+05 4.979147491265849676e+05 9.234392263480301481e+05 1.895174773327442235e+05 1.252469015348769538e+07 1.096712671286145970e+07 -2.437542204895700794e+06 5.042273794831801206e+06 -1.066292760013628285e+06 2.068992528287871508e+06 4.092791280439349823e+06 4.052687554833161994e+05 -1.284570356108522043e+06
-1.964927762833176181e+06 1.465698417360472307e+07 2.282530104154611006e+06 1.214240412686669268e+06 -5.046046720695006661e+05 2.745436286767418496e+05 -1.367745069563028519e+05 -1.217303581913439266e+05 -1.105326930182856995e+04 1.946349862104656920e+07 4.051539712720022071e+06 1.842353567571977619e+06 -1.199965692625259981e+06 4.924944719301410369e+05 4.141929322556047700e+05 -1.172338298172807263e+05 8.201995025036204606e+05 -1.302374844161353540e+05
-1.892713309163878672e+06 2.282530104154611006e+06 4.220595550589870661e+06 -3.828632671039917477e+04 -1.542430527859854046e+05 1.191578897883890459e+05 -2.473548925590925501e+05 -2.182315036709219567e+05 -2.912321052234901072e+04 5.579472773586863652e+06 -3.492648254310370889e+06 3.207843793733675964e+06 -1.450131665323294466e+06 4.084061460118400864e+05 9.105668562465082505e+04 -1.034357413124812156e+05 -2.632260869744273368e+05 3.580987628344845143e+05
3.643314133050415548e+05 1.214240412686669268e+06 -3.828632671039917477e+04 1.815988012444171123e+06 7.735062714487296762e+04 2.596709133219390642e+05 1.111898714631456969e+05 1.412862794084002380e+05 1.426644401862474042e+05 7.272525723317500204e+06 -2.269049659261767287e+06 -9.461438539772107033e+05 2.007192748598879436e+06 1.606931786445834441e+06 7.751631278689239407e+05 3.715697380567377550e+05 2.824496215961294947e+05 1.290195562016296026e+05
-1.707919797643906437e+06 -5.046046720695006661e+05 -1.542430527859854046e+05 7.735062714487296762e+04 1.251673540331957862e+06 6.375028694729170820e+04 7.004754733103087347e+04 -1.219146602824086003e+05 -3.618339427846024046e+04 -3.147537099667240866e+06 -3.529056073787319008e+06 3.716335778834001976e+05 -2.934574388605104759e+05 9.234756201262350660e+05 -7.085311455819944385e+05 -5.249962606392729795e+05 -2.963267947282778332e+05 -5.922407031293328146e+03
-2.120480179725257913e+05 2.745436286767418496e+05 1.191578897883890459e+05 2.596709133219390642e+05 6.375028694729170820e+04 4.373365519022044609e+05 5.716001769743640034e+04 2.353132956389135506e+04 -1.704927816701562188e+04 3.628003617438554764e+06 -1.181602553356916906e+05 1.376392228478455509e+05 5.502974792827283964e+05 3.690330432652806048e+05 -2.176858437515296682e+05 -3.424196158947036020e+04 1.226725780765467935e+05 8.167809665644701454e+04
4.979147491265849676e+05 -1.367745069563028519e+05 -2.473548925590925501e+05 1.111898714631456969e+05 7.004754733103087347e+04 5.716001769743640034e+04 3.788668349860747112e+05 5.276879585051829054e+04 3.944491071003165416e+04 -1.334299308977723587e+06 5.204985856969417073e+05 -5.343798365862210630e+04 -8.230973720761734876e+04 -3.362463780598646263e+05 -1.091842161786233919e+05 -4.002836295464403975e+03 -6.406909978383430280e+04 -1.196062844052045839e+05
9.234392263480301481e+05 -1.217303581913439266e+05 -2.182315036709219567e+05 1.412862794084002380e+05 -1.219146602824086003e+05 2.353132956389135506e+04 5.276879585051829054e+04 2.082611564284781052e+05 5.300184216210273735e+04 2.467084205909002107e+06 3.378740238942287979e+05 -5.175166370690152398e+05 5.604357864487562329e+05 1.370153866460222926e+05 1.373350696721693384e+05 4.125904550587536069e+05 1.521802365768965683e+05 4.553024797553695680e+04
1.895174773327442235e+05 -1.105326930182856995e+04 -2.912321052234901072e+04 1.426644401862474042e+05 -3.618339427846024046e+04 -1.704927816701562188e+04 3.944491071003165416e+04 5.300184216210273735e+04 6.145454251419734646e+04 9.723542276129734237e+05 -3.795197125934191718e+04 1.030979084038572473e+05 2.032766499267997278e+05 3.233585990120788483e+04 5.407489714491851919e+04 1.492222077608148102e+05 2.596648685866798405e+04 1.698437027799450880e+04
1.252469015348769538e+07 1.946349862104656920e+07 5.579472773586863652e+06 7.272525723317500204e+06 -3.147537099667240866e+06 3.628003617438554764e+06 -1.334299308977723587e+06 2.467084205909002107e+06 9.723542276129734237e+05 2.824508065275645256e+08 -2.838852511284846440e+07 -1.736642138460759073e+07 8.681064307682704180e+06 3.940947939710279461e+06 7.433314561532514635e+05 4.122102413276015781e+06 3.734994271989827976e+06 3.670518251139812637e+06
1.096712671286145970e+07 4.051539712720022071e+06 -3.492648254310370889e+06 -2.269049659261767287e+06 -3.529056073787319008e+06 -1.181602553356916906e+05 5.204985856969417073e+05 3.378740238942287979e+05 -3.795197125934191718e+04 -2.838852511284846440e+07 6.744479567739380896e+07 1.389650283390599675e+07 3.676822309933126438e+06 -6.917941280334496871e+06 2.096709181386067299e+06 2.221423817654651124e+06 6.291153869682401419e+05 4.107747244322463521e+05
-2.437542204895700794e+06 1.842353567571977619e+06 3.207843793733675964e+06 -9.461438539772107033e+05 3.716335778834001976e+05 1.376392228478455509e+05 -5.343798365862210630e+04 -5.175166370690152398e+05 1.030979084038572473e+05 -1.736642138460759073e+07 1.389650283390599675e+07 3.177953716839091107e+07 -1.834167410177875776e+06 1.591184412465578876e+06 9.010316943488087272e+05 -1.622477697646603687e+06 2.656581369033897645e+05 1.372137187380040297e+06
5.042273794831801206e+06 -1.199965692625259981e+06 -1.450131665323294466e+06 2.007192748598879436e+06 -2.934574388605104759e+05 5.502974792827283964e+05 -8.230973720761734876e+04 5.604357864487562329e+05 2.032766499267997278e+05 8.681064307682704180e+06 3.676822309933126438e+06 -1.834167410177875776e+06 9.120146932480411604e+06 3.779614847909295466e+06 1.481511621804813622e+06 2.574187676457505208e+06 7.331993190260353731e+05 5.731070573783428408e+05
-1.066292760013628285e+06 4.924944719301410369e+05 4.084061460118400864e+05 1.606931786445834441e+06 9.234756201262350660e+05 3.690330432652806048e+05 -3.362463780598646263e+05 1.370153866460222926e+05 3.233585990120788483e+04 3.940947939710279461e+06 -6.917941280334496871e+06 1.591184412465578876e+06 3.779614847909295466e+06 7.145521388910223730e+06 1.350003200200309278e+06 1.188159914977615845e+05 5.815445850273517426e+05 6.098288665870230179e+05
2.068992528287871508e+06 4.141929322556047700e+05 9.105668562465082505e+04 7.751631278689239407e+05 -7.085311455819944385e+05 -2.176858437515296682e+05 -1.091842161786233919e+05 1.373350696721693384e+05 5.407489714491851919e+04 7.433314561532514635e+05 2.096709181386067299e+06 9.010316943488087272e+05 1.481511621804813622e+06 1.350003200200309278e+06 2.895345596849718131e+06 1.174490052912797080e+06 7.200083403895949014e+05 3.162687415194220957e+05
4.092791280439349823e+06 -1.172338298172807263e+05 -1.034357413124812156e+05 3.715697380567377550e+05 -5.249962606392729795e+05 -3.424196158947036020e+04 -4.002836295464403975e+03 4.125904550587536069e+05 1.492222077608148102e+05 4.122102413276015781e+06 2.221423817654651124e+06 -1.622477697646603687e+06 2.574187676457505208e+06 1.188159914977615845e+05 1.174490052912797080e+06 2.107465228586155921e+06 4.862889952590189641e+05 2.650741388411952066e+05
4.052687554833161994e+05 8.201995025036204606e+05 -2.632260869744273368e+05 2.824496215961294947e+05 -2.963267947282778332e+05 1.226725780765467935e+05 -6.406909978383430280e+04 1.521802365768965683e+05 2.596648685866798405e+04 3.734994271989827976e+06 6.291153869682401419e+05 2.656581369033897645e+05 7.331993190260353731e+05 5.815445850273517426e+05 7.200083403895949014e+05 4.862889952590189641e+05 7.342673787366528995e+05 2.413862330658846768e+05
-1.284570356108522043e+06 -1.302374844161353540e+05 3.580987628344845143e+05 1.290195562016296026e+05 -5.922407031293328146e+03 8.167809665644701454e+04 -1.196062844052045839e+05 4.553024797553695680e+04 1.698437027799450880e+04 3.670518251139812637e+06 4.107747244322463521e+05 1.372137187380040297e+06 5.731070573783428408e+05 6.098288665870230179e+05 3.162687415194220957e+05 2.650741388411952066e+05 2.413862330658846768e+05 5.634408231218419969e+05
