# lambda=0.1265995971705371
3.200090215406425297e+07 1.376709981498714536e+06 -2.382196003654555883e+06 2.735014503562023398e+06 -1.118387527588432567e+05 5.993134424438052811e+05 5.436578435806701891e+05 5.797303237954239594e+05 -1.755926095720758021e+05 2.734415796340742335e+07 1.234324328416312486e+07 -5.505945491583283991e+06 3.635210673396446276e+06 -4.791736088654858759e+05 -6.887360845993813127e+05 4.382661017776049994e+04 5.732346205682238797e+05 -7.294069730761058163e+05
1.376709981498714536e+06 1.782496648195607588e+07 3.602137163999157958e+06 1.317066715533468407e+06 -2.947485394202212337e+05 -4.756419018953671912e+05 1.558909047602496576e+05 1.053280333066379389e+05 -2.414276268147647788e+05 8.336952543890168890e+06 9.636692811772221699e+06 4.037497376844416140e+05 -3.398906189028157387e+06 -2.718492033326690085e+06 2.237873862650696654e+06 8.792761214836532017e+05 3.556799494659862248e+05 2.646338210576069541e+05
-2.382196003654555883e+06 3.602137163999157958e+06 6.467768480930211954e+06 -1.976267709249861946e+05 6.291720410310612351e+04 3.203227346785026020e+05 2.344167889188833069e+05 -2.857601667370774667e+05 3.104681281625459815e+04 5.650701380144488066e+06 7.363507864209013060e+05 2.390354272877682932e+06 -1.218394094417059794e+06 -1.173691127320056083e+06 1.142698057233291911e+06 5.631236010062752757e+05 -4.322295849104054505e+05 2.443137375373542309e+05
2.735014503562023398e+06 1.317066715533468407e+06 -1.976267709249861946e+05 1.843077057456301991e+06 8.618877484544455365e+04 -2.749472406961242668e+05 1.000860729826466122e+05 2.447709809884784336e+05 1.200526544963633496e+05 2.124585350099169184e+06 3.876078494943272672e+05 1.441890707069045166e+05 1.245767962094652466e+06 -3.146933185463537229e+05 -4.964642914429882658e+05 2.234578160134282953e+05 1.667491994244224916e+05 8.185490504691671958e+03
-1.118387527588432567e+05 -2.947485394202212337e+05 6.291720410310612351e+04 8.618877484544455365e+04 6.161442388819258194e+05 -1.734977394373120114e+04 -2.053905773231077546e+04 -8.881204008470760527e+03 1.038413402619415720e+05 2.375876621836456470e+06 -1.076940950133580947e+06 -7.919695322974004375e+04 6.738521983634184580e+05 6.321009943516020430e+05 -4.917146330221008247e+04 -2.068119759302831881e+04 4.683003480711861630e+04 7.615941492615915195e+04
5.993134424438052811e+05 -4.756419018953671912e+05 3.203227346785026020e+05 -2.749472406961242668e+05 -1.734977394373120114e+04 4.386295811422441038e+05 1.036189356559676889e+04 1.226372208440782197e+04 -3.386912879578654247e+04 -1.018220597473816131e+06 3.356653722223801306e+05 -8.399454233100737911e+05 -2.103280404109842202e+05 1.787025910662859387e+05 1.942603444721616106e+05 -1.659123973202617781e+05 1.918197200513626012e+04 7.504456329221396300e+04
5.436578435806701891e+05 1.558909047602496576e+05 2.344167889188833069e+05 1.000860729826466122e+05 -2.053905773231077546e+04 1.036189356559676889e+04 2.208048123839276377e+05 1.800690251842340149e+04 3.496584800426808215e+04 1.274992852351922076e+06 6.828786721118731657e+05 -6.356061437174750608e+03 -2.040663176433482440e+05 -7.431998883545858553e+04 -1.553927263029446476e+05 8.627611665600602282e+04 7.805175589644284628e+04 1.930688204322024831e+04
5.797303237954239594e+05 1.053280333066379389e+05 -2.857601667370774667e+05 2.447709809884784336e+05 -8.881204008470760527e+03 1.226372208440782197e+04 1.800690251842340149e+04 1.710380141692385077e+05 3.027101802144221074e+04 2.748108984059107024e+04 -2.345434189659976983e+05 -5.956003842129302211e+05 1.308237824656386656e+05 1.879133676299079380e+05 -8.839854346989284386e+04 -1.315552106387998792e+05 1.220599627142496902e+05 2.407119105275845868e+04
-1.755926095720758021e+05 -2.414276268147647788e+05 3.104681281625459815e+04 1.200526544963633496e+05 1.038413402619415720e+05 -3.386912879578654247e+04 3.496584800426808215e+04 3.027101802144221074e+04 1.118767050556152099e+05 7.695649386937696254e+05 -1.625650150452436719e+03 6.231412773393191164e+05 9.540180227960860066e+04 1.342144913953832001e+05 -2.024841240262500651e+05 -7.483285512966215720e+03 3.395357011983053235e+04 2.940075074749051782e+04
2.734415796340742335e+07 8.336952543890168890e+06 5.650701380144488066e+06 2.124585350099169184e+06 2.375876621836456470e+06 -1.018220597473816131e+06 1.274992852351922076e+06 2.748108984059107024e+04 7.695649386937696254e+05 1.604640587466332614e+08 -2.312677752526319586e+06 8.883921538992043585e+06 1.012379678575145826e+07 -1.220579204975684872e+06 -7.917129076949076261e+05 1.912660505497609265e+06 -9.072765674053410767e+05 6.313986812704344047e+05
1.234324328416312486e+07 9.636692811772221699e+06 7.363507864209013060e+05 3.876078494943272672e+05 -1.076940950133580947e+06 3.356653722223801306e+05 6.828786721118731657e+05 -2.345434189659976983e+05 -1.625650150452436719e+03 -2.312677752526319586e+06 4.870767123074895144e+07 6.229455587207561359e+06 -2.910528622392584570e+06 2.040823596982908435e+06 6.611139227289335104e+05 -8.169849185177233303e+05 -3.000970748315302772e+05 -3.702314584630009485e+05
-5.505945491583283991e+06 4.037497376844416140e+05 2.390354272877682932e+06 1.441890707069045166e+05 -7.919695322974004375e+04 -8.399454233100737911e+05 -6.356061437174750608e+03 -5.956003842129302211e+05 6.231412773393191164e+05 8.883921538992043585e+06 6.229455587207561359e+06 2.210272391317346320e+07 1.376348600052942988e+06 -6.989375720192325534e+05 -1.313935657044934109e+06 -1.352027379276138381e+05 -1.399608196684676455e+06 -3.114913336413698271e+05
3.635210673396446276e+06 -3.398906189028157387e+06 -1.218394094417059794e+06 1.245767962094652466e+06 6.738521983634184580e+05 -2.103280404109842202e+05 -2.040663176433482440e+05 1.308237824656386656e+05 9.540180227960860066e+04 1.012379678575145826e+07 -2.910528622392584570e+06 1.376348600052942988e+06 1.487619854044105299e+07 1.619520373117871350e+06 -1.216472829404248158e+06 -1.348558036417344119e+06 -2.795593120925006806e+05 5.894723367202966474e+05
-4.791736088654858759e+05 -2.718492033326690085e+06 -1.173691127320056083e+06 -3.146933185463537229e+05 6.321009943516020430e+05 1.787025910662859387e+05 -7.431998883545858553e+04 1.879133676299079380e+05 1.342144913953832001e+05 -1.220579204975684872e+06 2.040823596982908435e+06 -6.989375720192325534e+05 1.619520373117871350e+06 3.838721357761045452e+06 -7.831165521227114368e+05 -9.996850425844563870e+05 1.561947601499320263e+04 3.506207230003017467e+05
-6.887360845993813127e+05 2.237873862650696654e+06 1.142698057233291911e+06 -4.964642914429882658e+05 -4.917146330221008247e+04 1.942603444721616106e+05 -1.553927263029446476e+05 -8.839854346989284386e+04 -2.024841240262500651e+05 -7.917129076949076261e+05 6.611139227289335104e+05 -1.313935657044934109e+06 -1.216472829404248158e+06 -7.831165521227114368e+05 1.961794849475067807e+06 4.862854655556618673e+04 1.741558218322243556e+04 5.050959512270360574e+04
4.382661017776049994e+04 8.792761214836532017e+05 5.631236010062752757e+05 2.234578160134282953e+05 -2.068119759302831881e+04 -1.659123973202617781e+05 8.627611665600602282e+04 -1.315552106387998792e+05 -7.483285512966215720e+03 1.912660505497609265e+06 -8.169849185177233303e+05 -1.352027379276138381e+05 -1.348558036417344119e+06 -9.996850425844563870e+05 4.862854655556618673e+04 1.084179877284071641e+06 3.015305787487397902e+05 -2.225490744512744423e+05
5.732346205682238797e+05 3.556799494659862248e+05 -4.322295849104054505e+05 1.667491994244224916e+05 4.683003480711861630e+04 1.918197200513626012e+04 7.805175589644284628e+04 1.220599627142496902e+05 3.395357011983053235e+04 -9.072765674053410767e+05 -3.000970748315302772e+05 -1.399608196684676455e+06 -2.795593120925006806e+05 1.561947601499320263e+04 1.741558218322243556e+04 3.015305787487397902e+05 1.114114728104100097e+06 9.168147000728412240e+04
-7.294069730761058163e+05 2.646338210576069541e+05 2.443137375373542309e+05 8.185490504691671958e+03 7.615941492615915195e+04 7.504456329221396300e+04 1.930688204322024831e+04 2.407119105275845868e+04 2.940075074749051782e+04 6.313986812704344047e+05 -3.702314584630009485e+05 -3.114913336413698271e+05 5.894723367202966474e+05 3.506207230003017467e+05 5.050959512270360574e+04 -2.225490744512744423e+05 9.168147000728412240e+04 4.315176786044905894e+05
