# lambda=0.12891254095206212
4.025723820206210017e+07 2.023187272740403423e+06 -1.548014729928594781e+06 -1.927630763218111824e+06 7.249205043912051769e+04 -6.495890660017509945e+05 -6.773368677004844649e+05 -5.708622078999858350e+05 -4.920411583089766791e+05 3.333301500017219782e+07 -6.470842732488013804e+06 -7.168161452743427828e+06 -1.333157423879961483e+06 3.164210539543073392e+05 -1.048014229196102242e+06 -1.896461581123500597e+06 -3.012569522726574796e+05 6.709809211648139171e+05
2.023187272740403423e+06 1.625521589131795056e+07 1.420984728595821885e+06 -9.500567414283327525e+05 2.364412635380511056e+05 -5.130121921960055479e+05 5.139387111840366561e+04 -3.146000861458342988e+05 -2.392778136599216668e+05 1.351144535514766164e+07 1.176432534612473845e+07 1.200063983931173803e+06 -2.537733659230430145e+06 4.198632776700523682e+05 4.207226190989650204e+05 2.220432954760123393e+05 2.641930502138682059e+05 4.515582498303594766e+05
-1.548014729928594781e+06 1.420984728595821885e+06 4.969158879996681586e+06 6.214237637695565354e+05 -9.743068509183525748e+04 -1.685090744269081333e+05 -1.337994126679778856e+05 -2.803998363942904398e+05 2.924398281345562282e+04 -6.685956353739336133e+06 4.990626400181031786e+05 2.808756497703160276e+05 2.034583321789283073e+06 2.005043198028449900e+06 6.518771224535310175e+05 -2.653305706201077555e+05 1.637384899165084644e+05 -2.363115151942651137e+05
-1.927630763218111824e+06 -9.500567414283327525e+05 6.214237637695565354e+05 2.204061185927239712e+06 5.891888830094968434e+05 1.415558361471399840e+05 -1.480904948378865993e+04 -1.698569963807439781e+05 2.318918367202637455e+04 -9.868679395868608728e+06 4.017612210099301767e+06 -2.611698488471548480e+05 -1.387980475587893743e+05 1.998839196037673391e+05 -3.555503320236909203e+05 -5.968660496262452798e+05 -4.761642602532207384e+05 -2.003483932007859403e+05
7.249205043912051769e+04 2.364412635380511056e+05 -9.743068509183525748e+04 5.891888830094968434e+05 9.408495724911806174e+05 2.063673347336349543e+05 5.352271205206741433e+04 -4.740662246717516246e+04 -7.621979531069044606e+04 -3.667205273320649751e+06 1.902828051141040167e+06 1.147419063896829030e+06 -1.741774301095461487e+04 3.662293229303179542e+05 -1.640266860886916693e+05 -2.572230145170986361e+05 -1.885675131712130969e+05 -2.536980298896709064e+04
-6.495890660017509945e+05 -5.130121921960055479e+05 -1.685090744269081333e+05 1.415558361471399840e+05 2.063673347336349543e+05 3.852024277417809935e+05 6.434668071768115624e+04 3.186767811288368466e+04 -6.541489088569825071e+03 -6.753074028783802642e+05 1.911087426795516163e+06 5.199921669646313530e+05 3.750713862019340158e+05 3.660174589988681837e+05 1.834283522542423725e+03 -6.446841797667143692e+04 2.459126574971452101e+03 1.189661262229570566e+05
-6.773368677004844649e+05 5.139387111840366561e+04 -1.337994126679778856e+05 -1.480904948378865993e+04 5.352271205206741433e+04 6.434668071768115624e+04 2.318797850933088339e+05 5.962216692613641499e+04 1.464480160754311146e+04 -1.091374485407387605e+06 1.625676902531017258e+05 1.999183846199319078e+03 1.576605525930413569e+05 -1.896167388628400804e+05 -1.125219586260363722e+05 1.608744251635133114e+05 -2.165033788166573868e+04 2.426758278060890007e+04
-5.708622078999858350e+05 -3.146000861458342988e+05 -2.803998363942904398e+05 -1.698569963807439781e+05 -4.740662246717516246e+04 3.186767811288368466e+04 5.962216692613641499e+04 1.626391539977482753e+05 3.620619067582554999e+04 -1.350022829784827307e+06 -7.315432114491292741e+05 3.923685791461743065e+05 -4.226294910129744094e+05 1.214113192420838750e+05 -1.414196834718730533e+05 3.645030127149241162e+04 7.528842483461543452e+04 2.048286128263403953e+04
-4.920411583089766791e+05 -2.392778136599216668e+05 2.924398281345562282e+04 2.318918367202637455e+04 -7.621979531069044606e+04 -6.541489088569825071e+03 1.464480160754311146e+04 3.620619067582554999e+04 1.070913353805746447e+05 -6.734997988138848450e+05 -5.142321581093122368e+05 -2.841352157083326601e+05 -2.555002697806405777e+05 -2.685948542482271296e+04 -8.429268322337261634e+04 9.914133292175138195e+03 8.779684473587904358e+04 5.195775050167321751e+04
3.333301500017219782e+07 1.351144535514766164e+07 -6.685956353739336133e+06 -9.868679395868608728e+06 -3.667205273320649751e+06 -6.753074028783802642e+05 -1.091374485407387605e+06 -1.350022829784827307e+06 -6.734997988138848450e+05 2.041540345331160724e+08 2.457393898717056587e+07 -2.019196393902999535e+07 6.855023961593170650e+06 -2.424014303081080783e+06 5.795922767877824605e+06 3.688014882029483095e+06 3.396382333663997706e+05 2.473774114597540349e+06
-6.470842732488013804e+06 1.176432534612473845e+07 4.990626400181031786e+05 4.017612210099301767e+06 1.902828051141040167e+06 1.911087426795516163e+06 1.625676902531017258e+05 -7.315432114491292741e+05 -5.142321581093122368e+05 2.457393898717056587e+07 1.034470352394240350e+08 -1.061142501150888205e+07 -5.210538529646557756e+06 7.123911322478104383e+06 2.266051936274985492e+05 -3.692729134526124108e+05 -8.350197798278855626e+05 2.690837110604209360e+06
-7.168161452743427828e+06 1.200063983931173803e+06 2.808756497703160276e+05 -2.611698488471548480e+05 1.147419063896829030e+06 5.199921669646313530e+05 1.999183846199319078e+03 3.923685791461743065e+05 -2.841352157083326601e+05 -2.019196393902999535e+07 -1.061142501150888205e+07 1.961353415237993374e+07 6.275932902588125318e+06 2.322266639734782075e+04 7.013501068053762538e+03 -2.234618136824485264e+05 9.912590249966265401e+05 -3.494787347249230952e+05
-1.333157423879961483e+06 -2.537733659230430145e+06 2.034583321789283073e+06 -1.387980475587893743e+05 -1.741774301095461487e+04 3.750713862019340158e+05 1.576605525930413569e+05 -4.226294910129744094e+05 -2.555002697806405777e+05 6.855023961593170650e+06 -5.210538529646557756e+06 6.275932902588125318e+06 1.736495335186516866e+07 -6.898162610415078234e+05 1.461158291043602629e+06 6.041544690832975321e+05 9.855120739414278651e+05 -6.096808413803633448e+04
3.164210539543073392e+05 4.198632776700523682e+05 2.005043198028449900e+06 1.998839196037673391e+05 3.662293229303179542e+05 3.660174589988681837e+05 -1.896167388628400804e+05 1.214113192420838750e+05 -2.685948542482271296e+04 -2.424014303081080783e+06 7.123911322478104383e+06 2.322266639734782075e+04 -6.898162610415078234e+05 5.327141199516096152e+06 1.642879437991974410e+06 1.422209393325380806e+05 5.515495537239477271e+05 6.723275547411548905e+05
-1.048014229196102242e+06 4.207226190989650204e+05 6.518771224535310175e+05 -3.555503320236909203e+05 -1.640266860886916693e+05 1.834283522542423725e+03 -1.125219586260363722e+05 -1.414196834718730533e+05 -8.429268322337261634e+04 5.795922767877824605e+06 2.266051936274985492e+05 7.013501068053762538e+03 1.461158291043602629e+06 1.642879437991974410e+06 2.942322502025144175e+06 5.030413027993626893e+05 6.284001297787447693e+05 3.205014299973551533e+05
-1.896461581123500597e+06 2.220432954760123393e+05 -2.653305706201077555e+05 -5.968660496262452798e+05 -2.572230145170986361e+05 -6.446841797667143692e+04 1.608744251635133114e+05 3.645030127149241162e+04 9.914133292175138195e+03 3.688014882029483095e+06 -3.692729134526124108e+05 -2.234618136824485264e+05 6.041544690832975321e+05 1.422209393325380806e+05 5.030413027993626893e+05 1.447909132249817485e+06 4.108334086811267771e+05 2.481210353684015863e+05
-3.012569522726574796e+05 2.641930502138682059e+05 1.637384899165084644e+05 -4.761642602532207384e+05 -1.885675131712130969e+05 2.459126574971452101e+03 -2.165033788166573868e+04 7.528842483461543452e+04 8.779684473587904358e+04 3.396382333663997706e+05 -8.350197798278855626e+05 9.912590249966265401e+05 9.855120739414278651e+05 5.515495537239477271e+05 6.284001297787447693e+05 4.108334086811267771e+05 8.622967693205586402e+05 3.802738691610659589e+05
6.709809211648139171e+05 4.515582498303594766e+05 -2.363115151942651137e+05 -2.003483932007859403e+05 -2.536980298896709064e+04 1.189661262229570566e+05 2.426758278060890007e+04 2.048286128263403953e+04 5.195775050167321751e+04 2.473774114597540349e+06 2.690837110604209360e+06 -3.494787347249230952e+05 -6.096808413803633448e+04 6.723275547411548905e+05 3.205014299973551533e+05 2.481210353684015863e+05 3.802738691610659589e+05 5.577055651234480320e+05
