# lambda=0.1108175030053615
4.944698593324695528e+07 3.380394520663316362e+06 -2.460386014384396374e+06 9.270821507596446900e+05 1.378286925837549497e+05 1.654846952117707580e+06 1.152207451657270030e+04 1.086797315566883888e+06 5.399776866256041685e+05 2.496405154301849008e+07 -8.523970750308720395e+06 5.730572902690276504e+06 -1.309945458532546414e+06 3.898344819806778803e+06 1.373153313891169382e+06 -4.029471083656616393e+05 4.909781275679372484e+05 8.308228131301500835e+05
3.380394520663316362e+06 9.926299508684018627e+06 2.647653337605453562e+06 -1.900400764910001308e+05 8.201321572860678425e+05 5.103876006891088909e+05 5.377534144282694906e+05 1.223599599219706724e+05 -5.495683839919401362e+04 7.368583436292530969e+06 5.691620245654263534e+06 -4.762186404407771770e+05 -1.551325369560939958e+06 -5.581607309708493995e+05 -6.475687158849253319e+05 3.335127008030397119e+05 9.163267534881856991e+05 8.102296842306786857e+03
-2.460386014384396374e+06 2.647653337605453562e+06 5.970696323517370969e+06 7.856016508522878867e+05 8.661012511158656562e+05 4.585679938904816518e+05 -3.224753372746264358e+04 3.479796456501744251e+04 1.654498660383802053e+04 3.498115175501662772e+06 -1.878222830396730220e+06 3.962539372619196773e+06 -7.888298642289767740e+05 -5.090562590960681555e+05 -2.240068891956424704e+04 4.099555159454987152e+05 2.845223701576251769e+05 2.649726774290595786e+05
9.270821507596446900e+05 -1.900400764910001308e+05 7.856016508522878867e+05 1.728778515599289676e+06 3.280120403625887411e+04 -1.059375399189951713e+05 -6.652478186333266785e+04 -8.200619133761212288e+04 -4.428022005858439661e+04 1.564703054879858159e+06 -1.222725923148452537e+06 6.866985316247134469e+05 7.586804591861937661e+05 5.085907665748536238e+05 -2.981073623692713445e+05 3.331430386720194365e+05 1.218515509451709222e+05 1.085356148027671297e+05
1.378286925837549497e+05 8.201321572860678425e+05 8.661012511158656562e+05 3.280120403625887411e+04 8.200792135221409844e+05 1.737296456366908678e+05 -2.905470708249258314e+04 2.874496703158151649e+04 1.703770700077711581e+03 -5.139567804341780720e+05 -1.063679255309793632e+06 1.045339780198378139e+06 -6.829620521403525490e+05 1.473719127655107877e+05 -1.185003927672005375e+05 -9.634323996000875195e+04 2.867762934155814582e+04 6.066699791797387661e+03
1.654846952117707580e+06 5.103876006891088909e+05 4.585679938904816518e+05 -1.059375399189951713e+05 1.737296456366908678e+05 6.265007352795021143e+05 1.463155899076208298e+05 1.210332092212311545e+05 1.322388847746806277e+05 -1.067465593640752486e+05 -1.160098583464026684e+06 5.987934457300830400e+04 -4.484853552870117710e+04 -1.831662719848566339e+05 7.654327102329345653e+05 7.449909491155760770e+04 1.309669818248236552e+05 1.947595947804668103e+05
1.152207451657270030e+04 5.377534144282694906e+05 -3.224753372746264358e+04 -6.652478186333266785e+04 -2.905470708249258314e+04 1.463155899076208298e+05 2.945698307248795172e+05 7.599546561808625120e+04 3.363946423493012117e+04 -2.349474924102413002e+06 -3.999662032249458571e+04 -1.241111313783421065e+05 -7.190820626904271194e+04 -1.675858273085408146e+05 2.736313541966954945e+05 5.531258017030841438e+04 1.177322783024950913e+05 7.931977132831713243e+04
1.086797315566883888e+06 1.223599599219706724e+05 3.479796456501744251e+04 -8.200619133761212288e+04 2.874496703158151649e+04 1.210332092212311545e+05 7.599546561808625120e+04 2.158457370205444749e+05 4.457613374580016534e+04 -1.132332617811177915e+05 -7.629048181307611521e+05 -1.058609868205666135e+05 -2.120304322097421973e+05 2.420976141642128641e+05 2.136610556730988319e+05 -3.940157960387525964e+04 9.800592195353904390e+04 5.995250414328377519e+04
5.399776866256041685e+05 -5.495683839919401362e+04 1.654498660383802053e+04 -4.428022005858439661e+04 1.703770700077711581e+03 1.322388847746806277e+05 3.363946423493012117e+04 4.457613374580016534e+04 1.168619922221463203e+05 -3.502255317182240542e+05 -6.606440380357588874e+05 -3.415185618545518810e+04 -1.208983686647642608e+05 -1.757660444302120886e+05 9.874302736555425508e+04 -3.333317302533460315e+04 2.259853619393226381e+03 1.185336571991301898e+05
2.496405154301849008e+07 7.368583436292530969e+06 3.498115175501662772e+06 1.564703054879858159e+06 -5.139567804341780720e+05 -1.067465593640752486e+05 -2.349474924102413002e+06 -1.132332617811177915e+05 -3.502255317182240542e+05 2.033439552798422873e+08 3.762616940909923613e+07 3.485965464861119539e+07 2.932171658372859284e+07 6.152081563288754784e+06 1.844668435259712860e+06 2.130599022521049716e+06 -2.975742769845950417e+06 2.127101886105422396e+06
-8.523970750308720395e+06 5.691620245654263534e+06 -1.878222830396730220e+06 -1.222725923148452537e+06 -1.063679255309793632e+06 -1.160098583464026684e+06 -3.999662032249458571e+04 -7.629048181307611521e+05 -6.606440380357588874e+05 3.762616940909923613e+07 6.474280068629165739e+07 1.028791564379552845e+06 5.480941176214123145e+06 1.908235506850492675e+06 -3.065363797029854730e+06 4.313226306375352433e+05 -2.753253500920131803e+06 -1.427330031240782468e+06
5.730572902690276504e+06 -4.762186404407771770e+05 3.962539372619196773e+06 6.866985316247134469e+05 1.045339780198378139e+06 5.987934457300830400e+04 -1.241111313783421065e+05 -1.058609868205666135e+05 -3.415185618545518810e+04 3.485965464861119539e+07 1.028791564379552845e+06 3.022741669153590500e+07 6.433224752963129431e+06 1.322902537311410706e+05 -1.454613465486487607e+06 -1.013227069828662672e+06 -1.320919950025222264e+06 1.849214612599694869e+06
-1.309945458532546414e+06 -1.551325369560939958e+06 -7.888298642289767740e+05 7.586804591861937661e+05 -6.829620521403525490e+05 -4.484853552870117710e+04 -7.190820626904271194e+04 -2.120304322097421973e+05 -1.208983686647642608e+05 2.932171658372859284e+07 5.480941176214123145e+06 6.433224752963129431e+06 1.233863877939514630e+07 1.817134286930624861e+06 1.237059837589595467e+06 4.602268792634290876e+05 1.477868571641381714e+05 7.525590648338998435e+05
3.898344819806778803e+06 -5.581607309708493995e+05 -5.090562590960681555e+05 5.085907665748536238e+05 1.473719127655107877e+05 -1.831662719848566339e+05 -1.675858273085408146e+05 2.420976141642128641e+05 -1.757660444302120886e+05 6.152081563288754784e+06 1.908235506850492675e+06 1.322902537311410706e+05 1.817134286930624861e+06 3.910138782614270225e+06 8.930315589786048804e+04 6.946464699012634810e+05 1.011316630522612395e+05 -1.466816594023127691e+05
1.373153313891169382e+06 -6.475687158849253319e+05 -2.240068891956424704e+04 -2.981073623692713445e+05 -1.185003927672005375e+05 7.654327102329345653e+05 2.736313541966954945e+05 2.136610556730988319e+05 9.874302736555425508e+04 1.844668435259712860e+06 -3.065363797029854730e+06 -1.454613465486487607e+06 1.237059837589595467e+06 8.930315589786048804e+04 2.829675598777361214e+06 5.131470645793928416e+05 5.315588662572284229e+05 2.676322071426801849e+05
-4.029471083656616393e+05 3.335127008030397119e+05 4.099555159454987152e+05 3.331430386720194365e+05 -9.634323996000875195e+04 7.449909491155760770e+04 5.531258017030841438e+04 -3.940157960387525964e+04 -3.333317302533460315e+04 2.130599022521049716e+06 4.313226306375352433e+05 -1.013227069828662672e+06 4.602268792634290876e+05 6.946464699012634810e+05 5.131470645793928416e+05 1.589501108913673321e+06 4.200040423693793855e+04 5.029827879486842721e+04
4.909781275679372484e+05 9.163267534881856991e+05 2.845223701576251769e+05 1.218515509451709222e+05 2.867762934155814582e+04 1.309669818248236552e+05 1.177322783024950913e+05 9.800592195353904390e+04 2.259853619393226381e+03 -2.975742769845950417e+06 -2.753253500920131803e+06 -1.320919950025222264e+06 1.477868571641381714e+05 1.011316630522612395e+05 5.315588662572284229e+05 4.200040423693793855e+04 9.578762510517219780e+05 7.482648363940014679e+04
8.308228131301500835e+05 8.102296842306786857e+03 2.649726774290595786e+05 1.085356148027671297e+05 6.066699791797387661e+03 1.947595947804668103e+05 7.931977132831713243e+04 5.995250414328377519e+04 1.185336571991301898e+05 2.127101886105422396e+06 -1.427330031240782468e+06 1.849214612599694869e+06 7.525590648338998435e+05 -1.466816594023127691e+05 2.676322071426801849e+05 5.029827879486842721e+04 7.482648363940014679e+04 6.194041309726424515e+05
