# lambda=0.12980192461366555
4.297818577205997705e+07 1.280483634915366210e+07 1.273275516376058105e+06 -2.703935247700619511e+05 -1.861522125968424836e+06 7.442558602107089246e+05 -2.396805736231792835e+05 -8.630232292827246420e+04 -4.471968850430783350e+05 6.167477220374879427e+06 9.910862344765545567e+05 -3.853562167768967338e+06 -3.519970064133020118e+06 3.365831168512876146e+06 1.442845099580388982e+06 1.050210549511403777e+06 9.231751900096221361e+05 -1.599528329742670059e+06
1.280483634915366210e+07 1.620813127258657478e+07 -2.740268748931877781e+05 1.474344309739432996e+06 -6.246771819372478640e+05 8.932436817970518314e+04 3.952190996527387179e+05 6.619339126885556616e+05 1.678571133246778045e+05 -2.298697630460400600e+06 7.869944054849921726e+06 -2.893096317500649602e+05 8.702443584308928112e+05 2.580077686843520496e+06 -3.285585131492926739e+05 1.459831222961336141e+06 4.443547071944847703e+05 2.526664819725686539e+04
1.273275516376058105e+06 -2.740268748931877781e+05 4.114632154266078491e+06 9.461166282981351251e+05 -1.159232275069730094e+05 -2.466950568061555387e+05 1.783988041690179380e+05 8.511288455380740925e+04 7.909849178982574813e+03 1.591843835164724616e+06 1.650680993653396843e+06 1.053072555593321100e+06 1.075767607312979409e+06 9.583159579529282637e+05 1.375629552716214093e+05 -2.945461592156037805e+05 2.997779831448028563e+05 4.982664852315678727e+05
-2.703935247700619511e+05 1.474344309739432996e+06 9.461166282981351251e+05 2.359010987667258363e+06 1.164014329073629779e+05 -5.794849302924042422e+04 1.782704735354052391e+05 1.464625443548053154e+05 7.970872706935314636e+04 3.316422708877610974e+06 -1.082794290490472689e+06 1.828997236000288045e+06 2.067497837180182571e+06 2.940413609457446146e+05 -1.569724712079053861e+05 -2.027924270788670110e+05 -2.876363049701026175e+05 4.300005472292042105e+05
-1.861522125968424836e+06 -6.246771819372478640e+05 -1.159232275069730094e+05 1.164014329073629779e+05 8.337558192124040797e+05 1.025720751179164945e+05 1.530077037100509042e+05 6.293631981274085774e+03 9.016998380687824465e+03 -9.561100491710251663e+05 -4.259446796745022875e+05 -4.643697382881723461e+05 5.081740179277749266e+05 1.357634975257189071e+05 5.963255479808973614e+05 2.003287951409712259e+05 -4.756230406065480929e+04 -1.072310028474218416e+05
7.442558602107089246e+05 8.932436817970518314e+04 -2.466950568061555387e+05 -5.794849302924042422e+04 1.025720751179164945e+05 2.723015774709052639e+05 4.635211192243414047e+01 2.196663877316251092e+04 4.281586220338041130e+03 -7.463851285837455653e+05 -1.154371225179550704e+06 -9.166602609339046758e+05 1.276128190578187969e+04 3.209916887016444234e+05 2.620436988701426017e+05 2.380330214254523744e+05 1.682132823412721336e+05 -5.488023037274318631e+04
-2.396805736231792835e+05 3.952190996527387179e+05 1.783988041690179380e+05 1.782704735354052391e+05 1.530077037100509042e+05 4.635211192243414047e+01 3.745481222146637156e+05 2.354825614348088129e+04 5.143684406098125328e+04 -1.616363109586230014e+06 -4.698315973572277580e+05 5.023049586719750660e+05 9.088262218588397373e+05 2.245288454403534124e+05 -1.111522002467827260e+05 5.035733178088030400e+04 5.572247647641907861e+03 1.776887316434149398e+05
-8.630232292827246420e+04 6.619339126885556616e+05 8.511288455380740925e+04 1.464625443548053154e+05 6.293631981274085774e+03 2.196663877316251092e+04 2.354825614348088129e+04 2.463668416958268208e+05 5.356167746594284836e+04 -2.238557713271824643e+06 -6.992244642287759343e+05 2.045025928373855713e+05 9.870862349048201577e+04 -3.013522308396102744e+05 1.908434929514260716e+02 2.365028352479689056e+04 2.189100929841789766e+05 3.323262300487662287e+04
-4.471968850430783350e+05 1.678571133246778045e+05 7.909849178982574813e+03 7.970872706935314636e+04 9.016998380687824465e+03 4.281586220338041130e+03 5.143684406098125328e+04 5.356167746594284836e+04 8.786380981559466454e+04 -1.211616300789330387e+06 -2.868725708271016483e+05 -2.203077325930228399e+05 3.667722749351370730e+05 -1.045529830709028465e+05 -6.911462539356788329e+04 7.957129725808261355e+03 8.917795288405062456e+04 1.376728100315039337e+05
6.167477220374879427e+06 -2.298697630460400600e+06 1.591843835164724616e+06 3.316422708877610974e+06 -9.561100491710251663e+05 -7.463851285837455653e+05 -1.616363109586230014e+06 -2.238557713271824643e+06 -1.211616300789330387e+06 1.755298054831468463e+08 2.445370900329799578e+07 3.542938066503079142e+06 -6.017837882941535674e+06 3.080453976702765562e+06 4.024719284077010117e+06 4.488107361212116084e+05 -2.557856352297053207e+06 -1.169245248411305249e+06
9.910862344765545567e+05 7.869944054849921726e+06 1.650680993653396843e+06 -1.082794290490472689e+06 -4.259446796745022875e+05 -1.154371225179550704e+06 -4.698315973572277580e+05 -6.992244642287759343e+05 -2.868725708271016483e+05 2.445370900329799578e+07 7.152989052057746053e+07 2.724092011619747616e+06 -3.261663990347135346e+06 1.527980880549015244e+06 1.171321747428630944e+06 2.955633887567870319e+06 -1.260131148137749638e+06 1.485544901476436760e+06
-3.853562167768967338e+06 -2.893096317500649602e+05 1.053072555593321100e+06 1.828997236000288045e+06 -4.643697382881723461e+05 -9.166602609339046758e+05 5.023049586719750660e+05 2.045025928373855713e+05 -2.203077325930228399e+05 3.542938066503079142e+06 2.724092011619747616e+06 2.067263744517398626e+07 9.706117089618108002e+05 -1.504919294588416582e+06 -7.456103048501804005e+05 -9.857809325533137890e+05 -1.289237806446367875e+06 1.175416884167801589e+06
-3.519970064133020118e+06 8.702443584308928112e+05 1.075767607312979409e+06 2.067497837180182571e+06 5.081740179277749266e+05 1.276128190578187969e+04 9.088262218588397373e+05 9.870862349048201577e+04 3.667722749351370730e+05 -6.017837882941535674e+06 -3.261663990347135346e+06 9.706117089618108002e+05 1.014104116717069224e+07 3.179858332981026731e+06 -5.289547774665929610e+05 3.763678533367154887e+05 -7.285550859103197581e+03 5.594591245215284871e+05
3.365831168512876146e+06 2.580077686843520496e+06 9.583159579529282637e+05 2.940413609457446146e+05 1.357634975257189071e+05 3.209916887016444234e+05 2.245288454403534124e+05 -3.013522308396102744e+05 -1.045529830709028465e+05 3.080453976702765562e+06 1.527980880549015244e+06 -1.504919294588416582e+06 3.179858332981026731e+06 5.463859845718132332e+06 1.283983329592605820e+06 9.028286195853258250e+05 -8.864886583062511636e+04 -5.281597915730215755e+04
1.442845099580388982e+06 -3.285585131492926739e+05 1.375629552716214093e+05 -1.569724712079053861e+05 5.963255479808973614e+05 2.620436988701426017e+05 -1.111522002467827260e+05 1.908434929514260716e+02 -6.911462539356788329e+04 4.024719284077010117e+06 1.171321747428630944e+06 -7.456103048501804005e+05 -5.289547774665929610e+05 1.283983329592605820e+06 3.709191799224674702e+06 9.792370191710697254e+05 5.347256823146945098e+05 7.008845157676441886e+04
1.050210549511403777e+06 1.459831222961336141e+06 -2.945461592156037805e+05 -2.027924270788670110e+05 2.003287951409712259e+05 2.380330214254523744e+05 5.035733178088030400e+04 2.365028352479689056e+04 7.957129725808261355e+03 4.488107361212116084e+05 2.955633887567870319e+06 -9.857809325533137890e+05 3.763678533367154887e+05 9.028286195853258250e+05 9.792370191710697254e+05 1.460842698752923403e+06 4.325794347342757974e+05 8.863083189030851645e+04
9.231751900096221361e+05 4.443547071944847703e+05 2.997779831448028563e+05 -2.876363049701026175e+05 -4.756230406065480929e+04 1.682132823412721336e+05 5.572247647641907861e+03 2.189100929841789766e+05 8.917795288405062456e+04 -2.557856352297053207e+06 -1.260131148137749638e+06 -1.289237806446367875e+06 -7.285550859103197581e+03 -8.864886583062511636e+04 5.347256823146945098e+05 4.325794347342757974e+05 1.007019415880694054e+06 1.920928501250146073e+05
-1.599528329742670059e+06 2.526664819725686539e+04 4.982664852315678727e+05 4.300005472292042105e+05 -1.072310028474218416e+05 -5.488023037274318631e+04 1.776887316434149398e+05 3.323262300487662287e+04 1.376728100315039337e+05 -1.169245248411305249e+06 1.485544901476436760e+06 1.175416884167801589e+06 5.594591245215284871e+05 -5.281597915730215755e+04 7.008845157676441886e+04 8.863083189030851645e+04 1.920928501250146073e+05 9.835280705546315294e+05
