# lambda=0.8016391213742496
3.595075421668521315e+07 3.126691957757744240e+05 -5.410284799650296336e+05 6.211582662696160842e+05 -2.540007216596609214e+04 1.361120748630893941e+05 1.234719461716335354e+05 1.316644874693339516e+05 -3.987942323139301880e+04 6.210222918756632134e+06 2.803315151912128553e+06 -1.250473645120589063e+06 8.256048209144471912e+05 -1.088267165447923617e+05 -1.564211493832663400e+05 9.953607616719047655e+03 1.301892266436401114e+05 -1.656580505188709358e+05
3.126691957757744240e+05 2.020567889976747334e+07 8.180933858818667941e+05 2.991234147082957788e+05 -6.694132389181834878e+04 -1.080246187951555185e+05 3.540490333852541517e+04 2.392140095532620035e+04 -5.483143358345497109e+04 1.893433099309136858e+06 2.188621446700696833e+06 9.169694959213318361e+04 -7.719369212997374125e+05 -6.174057929454327095e+05 5.082509971496654907e+05 1.996953326871718164e+05 8.077965965789856273e+04 6.010186975987244659e+04
-5.410284799650296336e+05 8.180933858818667941e+05 7.337366443012186326e+06 -4.488367510898033652e+04 1.428933607785919412e+04 7.274956467708131822e+04 5.323917880497704755e+04 -6.489994459193701914e+04 7.051145212219407767e+03 1.283349637790423119e+06 1.672350831279980775e+05 5.428813316993800690e+05 -2.767135466139501659e+05 -2.665609066543015069e+05 2.595219671326301177e+05 1.278928792666377121e+05 -9.816510268728624214e+04 5.548690781599414186e+04
6.211582662696160842e+05 2.991234147082957788e+05 -4.488367510898033652e+04 2.083315111161522567e+06 1.957462012913400758e+04 -6.244418489334945480e+04 2.273088186211337961e+04 5.559075390126847924e+04 2.726555878621693773e+04 4.825216652016550070e+05 8.803091152563266223e+04 3.274726077638029892e+04 2.829305170049892040e+05 -7.147104920295799093e+04 -1.127536611363006668e+05 5.075024991586786200e+04 3.787096685645486286e+04 1.859034050400376600e+03
-2.540007216596609214e+04 -6.694132389181834878e+04 1.428933607785919412e+04 1.957462012913400758e+04 6.923781755738251377e+05 -3.940365028785829054e+03 -4.664693907545266484e+03 -2.017039864726025598e+03 2.358375313923016438e+04 5.395932640826590359e+05 -2.445876512130013143e+05 -1.798668420147395955e+04 1.530408203365120862e+05 1.435585651364490041e+05 -1.116749503703252230e+04 -4.696975765406029495e+03 1.063572540191317785e+04 1.729681874594436886e+04
1.361120748630893941e+05 -1.080246187951555185e+05 7.274956467708131822e+04 -6.244418489334945480e+04 -3.940365028785829054e+03 4.948412303552003577e+05 2.353324208735925822e+03 2.785254827000742353e+03 -7.692130807881839246e+03 -2.312514760646150389e+05 7.623408226349491451e+04 -1.907628066413843771e+05 -4.776830278575155535e+04 4.058574150157338590e+04 4.411911476890268386e+04 -3.768091793950970896e+04 4.356481641623786345e+03 1.704362107288364132e+04
1.234719461716335354e+05 3.540490333852541517e+04 5.323917880497704755e+04 2.273088186211337961e+04 -4.664693907545266484e+03 2.353324208735925822e+03 2.485193429456124140e+05 4.089607691170407179e+03 7.941210365316637763e+03 2.895678793079981697e+05 1.550908528964184516e+05 -1.443546313000054170e+03 -4.634618204264758970e+04 -1.687906055126474166e+04 -3.529176036746276077e+04 1.959445661905044108e+04 1.772659461541837300e+04 4.384850376997903368e+03
1.316644874693339516e+05 2.392140095532620035e+04 -6.489994459193701914e+04 5.559075390126847924e+04 -2.017039864726025598e+03 2.785254827000742353e+03 4.089607691170407179e+03 1.934257518392087659e+05 6.874951868784098224e+03 6.241321974106306698e+03 -5.326793817733897595e+04 -1.352687898237432819e+05 2.971182558533246993e+04 4.267763168855590629e+04 -2.007648805189332779e+04 -2.987794267734417735e+04 2.772144525075566344e+04 5.466888487027382325e+03
-3.987942323139301880e+04 -5.483143358345497109e+04 7.051145212219407767e+03 2.726555878621693773e+04 2.358375313923016438e+04 -7.692130807881839246e+03 7.941210365316637763e+03 6.874951868784098224e+03 1.267817415869415854e+05 1.747784600331516704e+05 -3.692068278617363148e+02 1.415236939215549792e+05 2.166702151883287661e+04 3.048190079973516913e+04 -4.598684477302082814e+04 -1.699553932595523065e+03 7.711308558631008964e+03 6.677302565508014595e+03
6.210222918756632134e+06 1.893433099309136858e+06 1.283349637790423119e+06 4.825216652016550070e+05 5.395932640826590359e+05 -2.312514760646150389e+05 2.895678793079981697e+05 6.241321974106306698e+03 1.747784600331516704e+05 1.836443023737136722e+08 -5.252399580801650882e+05 2.017657052146764006e+06 2.299249254917407874e+06 -2.772098143611358828e+05 -1.798085591453219240e+05 4.343907068902020110e+05 -2.060546073531159491e+05 1.433990604700904223e+05
2.803315151912128553e+06 2.188621446700696833e+06 1.672350831279980775e+05 8.803091152563266223e+04 -2.445876512130013143e+05 7.623408226349491451e+04 1.550908528964184516e+05 -5.326793817733897595e+04 -3.692068278617363148e+02 -5.252399580801650882e+05 5.573859129754716158e+07 1.414792436132933944e+06 -6.610198632069057785e+05 4.634982540725226281e+05 1.501477880699277157e+05 -1.855481698155405174e+05 -6.815604760858237569e+04 -8.408450140130448563e+04
-1.250473645120589063e+06 9.169694959213318361e+04 5.428813316993800690e+05 3.274726077638029892e+04 -1.798668420147395955e+04 -1.907628066413843771e+05 -1.443546313000054170e+03 -1.352687898237432819e+05 1.415236939215549792e+05 2.017657052146764006e+06 1.414792436132933944e+06 2.529560686881063133e+07 3.125871212302737404e+05 -1.587380432172234287e+05 -2.984123095716342214e+05 -3.070634476586692836e+04 -3.178696858013506280e+05 -7.074383573128866556e+04
8.256048209144471912e+05 -7.719369212997374125e+05 -2.767135466139501659e+05 2.829305170049892040e+05 1.530408203365120862e+05 -4.776830278575155535e+04 -4.634618204264758970e+04 2.971182558533246993e+04 2.166702151883287661e+04 2.299249254917407874e+06 -6.610198632069057785e+05 3.125871212302737404e+05 1.702796364428050071e+07 3.678146736860276433e+05 -2.762772017087044078e+05 -3.062755136303645559e+05 -6.349164781128051982e+04 1.338770285182055377e+05
-1.088267165447923617e+05 -6.174057929454327095e+05 -2.665609066543015069e+05 -7.147104920295799093e+04 1.435585651364490041e+05 4.058574150157338590e+04 -1.687906055126474166e+04 4.267763168855590629e+04 3.048190079973516913e+04 -2.772098143611358828e+05 4.634982540725226281e+05 -1.587380432172234287e+05 3.678146736860276433e+05 4.392904951973811723e+06 -1.778562121590415190e+05 -2.270418043702144932e+05 3.547391294955525154e+03 7.963064186073621386e+04
-1.564211493832663400e+05 5.082509971496654907e+05 2.595219671326301177e+05 -1.127536611363006668e+05 -1.116749503703252230e+04 4.411911476890268386e+04 -3.529176036746276077e+04 -2.007648805189332779e+04 -4.598684477302082814e+04 -1.798085591453219240e+05 1.501477880699277157e+05 -2.984123095716342214e+05 -2.762772017087044078e+05 -1.778562121590415190e+05 2.244893100143209565e+06 1.104419140385805440e+04 3.955310957553443131e+03 1.147140261798883330e+04
9.953607616719047655e+03 1.996953326871718164e+05 1.278928792666377121e+05 5.075024991586786200e+04 -4.696975765406029495e+03 -3.768091793950970896e+04 1.959445661905044108e+04 -2.987794267734417735e+04 -1.699553932595523065e+03 4.343907068902020110e+05 -1.855481698155405174e+05 -3.070634476586692836e+04 -3.062755136303645559e+05 -2.270418043702144932e+05 1.104419140385805440e+04 1.240591449289630400e+06 6.848161546452788753e+04 -5.054386258867107244e+04
1.301892266436401114e+05 8.077965965789856273e+04 -9.816510268728624214e+04 3.787096685645486286e+04 1.063572540191317785e+04 4.356481641623786345e+03 1.772659461541837300e+04 2.772144525075566344e+04 7.711308558631008964e+03 -2.060546073531159491e+05 -6.815604760858237569e+04 -3.178696858013506280e+05 -6.349164781128051982e+04 3.547391294955525154e+03 3.955310957553443131e+03 6.848161546452788753e+04 1.275183786405815044e+06 2.082208444767135734e+04
-1.656580505188709358e+05 6.010186975987244659e+04 5.548690781599414186e+04 1.859034050400376600e+03 1.729681874594436886e+04 1.704362107288364132e+04 4.384850376997903368e+03 5.466888487027382325e+03 6.677302565508014595e+03 1.433990604700904223e+05 -8.408450140130448563e+04 -7.074383573128866556e+04 1.338770285182055377e+05 7.963064186073621386e+04 1.147140261798883330e+04 -5.054386258867107244e+04 2.082208444767135734e+04 4.938306428338095429e+05
