# lambda=0.2618596880164738
3.653239863679506630e+07 2.387393479322102852e+06 1.400399334710001422e+05 -1.927070111651019834e+05 -9.209831041049471241e+04 -2.589453243767029562e+04 5.916371596635836795e+03 -4.599222951071381249e+04 1.974552777123809501e+05 2.228725617306224629e+07 -1.239489662991384743e+06 4.377441494305533706e+05 -5.283157019413013943e+06 1.624263700508817798e+06 -2.770816380851605791e+05 -2.435266723514687328e+05 8.354769834088367643e+05 5.877143837329500820e+05
2.387393479322102852e+06 1.754770201904991269e+07 2.539659483912869357e+06 -3.321122380920674186e+05 1.000553102830263815e+05 -9.970732457284603151e+04 -8.995080787982069887e+04 3.830989863418563618e+04 3.892148677102127840e+04 2.153651545330439135e+07 1.258534239332576841e+07 -1.980847806151406607e+06 -3.001907202357068658e+06 -5.512660195931148482e+05 -1.868145342642346804e+04 9.455360229669921100e+05 6.485060047560950043e+05 2.866701638152045198e+05
1.400399334710001422e+05 2.539659483912869357e+06 4.560102207186814398e+06 4.825232526273514959e+05 3.601753396019728971e+05 4.881534154024858144e+05 8.636087659198406618e+04 1.176685845187961677e+05 -1.956689440182892213e+03 -1.797896084848661674e+06 2.978424613435235340e+06 2.332770170703255571e+06 -1.168299478115202364e+05 1.078289885579908267e+06 5.152704171791935223e+05 3.753859355734823621e+05 -2.423228423207617889e+05 -6.142471165490702697e+04
-1.927070111651019834e+05 -3.321122380920674186e+05 4.825232526273514959e+05 1.823801888419006020e+06 -1.087425273978720361e+05 3.145740170913374168e+05 3.860423839525423682e+04 -9.240024583498784341e+04 8.568563340279688418e+04 3.054561525848519988e+06 -4.504234386425201665e+05 9.054400792315357830e+04 -5.862089121213881299e+04 4.552791986592384637e+05 2.754531137512210989e+05 -8.841274288916261867e+04 1.377392336650397920e+05 7.378966573771408002e+04
-9.209831041049471241e+04 1.000553102830263815e+05 3.601753396019728971e+05 -1.087425273978720361e+05 6.769615062236300437e+05 2.466733922436010107e+04 1.410074708210835524e+05 3.912634160220740887e+04 3.099655470841047281e+04 -2.750679629717462230e+05 1.650125755488298310e+05 4.124152206710571772e+05 7.885686422484891955e+04 4.951223343095292803e+05 5.752978446305367106e+04 9.832704192303500895e+04 -1.043208565855582710e+05 -9.745747073051074403e+04
-2.589453243767029562e+04 -9.970732457284603151e+04 4.881534154024858144e+05 3.145740170913374168e+05 2.466733922436010107e+04 4.628601394719191594e+05 4.300002387572563748e+04 -1.890880803448294319e+04 -4.864782867606016225e+04 5.149349374260838958e+05 9.462205829598286073e+04 4.903033828881310183e+05 2.054441561663922621e+05 3.597955890329688555e+05 2.196062658467624569e+05 -1.824412534057666780e+05 1.884101149941075346e+04 1.096322275610017459e+04
5.916371596635836795e+03 -8.995080787982069887e+04 8.636087659198406618e+04 3.860423839525423682e+04 1.410074708210835524e+05 4.300002387572563748e+04 3.500825616211046581e+05 8.911601793771059602e+04 3.592509832516986080e+03 2.988971242413001601e+05 -5.775455960286445916e+05 1.964342909649939393e+05 8.992913719296986528e+04 1.309232591513371153e+05 1.029045291571552225e+05 1.255514010672946897e+05 3.653929946642733557e+04 9.130635441111275577e+04
-4.599222951071381249e+04 3.830989863418563618e+04 1.176685845187961677e+05 -9.240024583498784341e+04 3.912634160220740887e+04 -1.890880803448294319e+04 8.911601793771059602e+04 1.753062094046845159e+05 5.362941835547289884e+03 1.078888610258706380e+06 3.512145879577646847e+05 2.092418984322187607e+05 -1.451191426200699061e+05 7.622800598214269485e+03 4.804300922784725117e+04 1.776852302347069781e+05 5.494623568160704053e+03 2.557267101604195705e+04
1.974552777123809501e+05 3.892148677102127840e+04 -1.956689440182892213e+03 8.568563340279688418e+04 3.099655470841047281e+04 -4.864782867606016225e+04 3.592509832516986080e+03 5.362941835547289884e+03 1.144691721474043006e+05 5.215888008847637102e+05 2.101313070116614108e+05 -2.049061624266142026e+05 -6.970769610378830112e+04 1.015402698611585656e+05 7.514033593875844963e+04 8.350020623997527582e+04 5.187881592756971077e+04 3.709392211841332028e+04
2.228725617306224629e+07 2.153651545330439135e+07 -1.797896084848661674e+06 3.054561525848519988e+06 -2.750679629717462230e+05 5.149349374260838958e+05 2.988971242413001601e+05 1.078888610258706380e+06 5.215888008847637102e+05 3.971325729834390879e+08 5.923464874085488915e+07 1.150198685479663871e+07 -1.572991657489527389e+07 5.171045159733673558e+06 5.469340308674502186e+06 6.139374916466014460e+06 5.385026094297081232e+06 1.693849326121266000e+06
-1.239489662991384743e+06 1.258534239332576841e+07 2.978424613435235340e+06 -4.504234386425201665e+05 1.650125755488298310e+05 9.462205829598286073e+04 -5.775455960286445916e+05 3.512145879577646847e+05 2.101313070116614108e+05 5.923464874085488915e+07 8.733259611274047196e+07 1.870680382119912654e+07 -4.146264487752127461e+06 2.062616725068920059e+06 2.796823689186333213e+06 2.087700858256687177e+06 6.486935475836716359e+05 4.981876490094879409e+05
4.377441494305533706e+05 -1.980847806151406607e+06 2.332770170703255571e+06 9.054400792315357830e+04 4.124152206710571772e+05 4.903033828881310183e+05 1.964342909649939393e+05 2.092418984322187607e+05 -2.049061624266142026e+05 1.150198685479663871e+07 1.870680382119912654e+07 2.531764251741152257e+07 1.558725302845269907e+06 2.529255577329650056e+06 2.208928888807954732e+06 2.931837187806166476e+05 -3.090085313269855687e+05 7.874334445003147994e+04
-5.283157019413013943e+06 -3.001907202357068658e+06 -1.168299478115202364e+05 -5.862089121213881299e+04 7.885686422484891955e+04 2.054441561663922621e+05 8.992913719296986528e+04 -1.451191426200699061e+05 -6.970769610378830112e+04 -1.572991657489527389e+07 -4.146264487752127461e+06 1.558725302845269907e+06 1.243511263208233565e+07 4.841004378094332642e+05 4.648209150209920481e+05 -4.560656427325627301e+05 -6.636900011388568673e+05 1.258892747467400623e+05
1.624263700508817798e+06 -5.512660195931148482e+05 1.078289885579908267e+06 4.552791986592384637e+05 4.951223343095292803e+05 3.597955890329688555e+05 1.309232591513371153e+05 7.622800598214269485e+03 1.015402698611585656e+05 5.171045159733673558e+06 2.062616725068920059e+06 2.529255577329650056e+06 4.841004378094332642e+05 5.872796677183745429e+06 6.258725533914775588e+05 -5.364985959472670220e+05 -3.985803171013650717e+04 4.169593823650349805e+03
-2.770816380851605791e+05 -1.868145342642346804e+04 5.152704171791935223e+05 2.754531137512210989e+05 5.752978446305367106e+04 2.196062658467624569e+05 1.029045291571552225e+05 4.804300922784725117e+04 7.514033593875844963e+04 5.469340308674502186e+06 2.796823689186333213e+06 2.208928888807954732e+06 4.648209150209920481e+05 6.258725533914775588e+05 2.157612043283110019e+06 4.393950981289895717e+05 -1.119294445879050327e+05 2.413972694510378060e+05
-2.435266723514687328e+05 9.455360229669921100e+05 3.753859355734823621e+05 -8.841274288916261867e+04 9.832704192303500895e+04 -1.824412534057666780e+05 1.255514010672946897e+05 1.776852302347069781e+05 8.350020623997527582e+04 6.139374916466014460e+06 2.087700858256687177e+06 2.931837187806166476e+05 -4.560656427325627301e+05 -5.364985959472670220e+05 4.393950981289895717e+05 2.185743169584809337e+06 1.276887689267749374e+04 -2.243341422144292301e+04
8.354769834088367643e+05 6.485060047560950043e+05 -2.423228423207617889e+05 1.377392336650397920e+05 -1.043208565855582710e+05 1.884101149941075346e+04 3.653929946642733557e+04 5.494623568160704053e+03 5.187881592756971077e+04 5.385026094297081232e+06 6.486935475836716359e+05 -3.090085313269855687e+05 -6.636900011388568673e+05 -3.985803171013650717e+04 -1.119294445879050327e+05 1.276887689267749374e+04 7.964017349693260621e+05 2.215383927384274430e+05
5.877143837329500820e+05 2.866701638152045198e+05 -6.142471165490702697e+04 7.378966573771408002e+04 -9.745747073051074403e+04 1.096322275610017459e+04 9.130635441111275577e+04 2.557267101604195705e+04 3.709392211841332028e+04 1.693849326121266000e+06 4.981876490094879409e+05 7.874334445003147994e+04 1.258892747467400623e+05 4.169593823650349805e+03 2.413972694510378060e+05 -2.243341422144292301e+04 2.215383927384274430e+05 9.102944617108665407e+05
