# lambda=0.6746991718511359
4.696685192942443490e+07 3.622967165783833247e+06 4.099985641191534232e+05 2.085884628996867395e+05 -5.496097991863171337e+05 -4.293514729780823109e+04 3.900189141615544795e+05 1.741204089156970731e+05 1.358176630166895629e+05 1.376078959859487787e+07 1.168272626883536344e+06 -3.056402050969217904e+06 -8.004956032449271297e+05 -2.430631001121013891e+06 -2.770968469068333507e+05 -3.391533033232797170e+05 -5.394468813443900581e+04 1.381900173568309983e+05
3.622967165783833247e+06 2.240043488295590878e+07 1.900237042277094952e+04 1.461544231335253862e+05 6.473355769592344295e+05 1.511052300595117267e+05 1.452567811718946905e+05 3.999999667956925259e+04 6.382910302639796100e+03 6.513001997978176922e+06 3.908596310146285687e+06 1.357732731443072553e+05 -8.417154637675775448e+05 -9.147026629030781332e+05 -4.111330760961831547e+05 9.101247466240027279e+04 1.482574405482440197e+05 9.858618549472493760e+04
4.099985641191534232e+05 1.900237042277094952e+04 3.787327990155425854e+06 1.870137534072192211e+05 -1.093804211903547839e+05 -1.683983631149855210e+05 8.718998614111755160e+04 1.050627660817992437e+05 4.861942966560658533e+04 -2.326716118367194198e+06 2.518412574716024392e+05 1.747632178818235698e+05 -8.689881104129983578e+04 -6.585471111365000252e+04 2.377567814580647391e+05 -1.336678885143824118e+04 2.500977092232781797e+04 1.554198557610696662e+04
2.085884628996867395e+05 1.461544231335253862e+05 1.870137534072192211e+05 2.165435562124472111e+06 1.247683871963898418e+05 -9.519765904926357325e+04 1.464982899372947577e+05 6.342234996753415908e+04 2.778203911829032950e+04 -2.571407636168360244e+06 -3.779077470286564203e+05 -6.764903002068925707e+04 4.730001782644211198e+05 4.254573454997521476e+05 5.648117042030757148e+04 1.296130903076310642e+05 -8.444211961468427035e+04 3.521276746271263983e+04
-5.496097991863171337e+05 6.473355769592344295e+05 -1.093804211903547839e+05 1.247683871963898418e+05 1.281260478906636825e+06 1.025636041407849116e+05 4.330935986382982810e+04 -1.266446244016351739e+04 -5.316333595425316162e+03 -1.258515500111280940e+06 -3.964212236966173805e+04 2.191171304703650530e+05 -2.044293119681212411e+05 2.525979173218516225e+05 1.612332472796958755e+05 1.471246221549549955e+05 -2.217769732321343690e+04 -3.664881328083052267e+03
-4.293514729780823109e+04 1.511052300595117267e+05 -1.683983631149855210e+05 -9.519765904926357325e+04 1.025636041407849116e+05 8.120996142416220391e+05 4.545144507688177691e+04 -2.511321297201601556e+04 4.180532329148625286e+04 -3.925877131119138212e+05 2.511506109814812953e+04 3.830372977893718635e+05 -3.127039084798088879e+04 -3.845700017780523922e+04 2.275939846638227755e+05 1.004342492639129196e+05 -6.040902287443433352e+02 3.693099809478616862e+03
3.900189141615544795e+05 1.452567811718946905e+05 8.718998614111755160e+04 1.464982899372947577e+05 4.330935986382982810e+04 4.545144507688177691e+04 3.794659435322762583e+05 8.857478970186748484e+03 3.812087497099535540e+04 -4.342574838989408454e+05 8.110819355358807661e+04 -1.446671195026060159e+05 1.455748019905459369e+05 1.332908406467316090e+05 8.825636345525681099e+04 6.901395970633201068e+04 7.647458749435179016e+03 7.877119433582367492e+04
1.741204089156970731e+05 3.999999667956925259e+04 1.050627660817992437e+05 6.342234996753415908e+04 -1.266446244016351739e+04 -2.511321297201601556e+04 8.857478970186748484e+03 1.636089270244976797e+05 8.323908941225066883e+03 8.133160882079026487e+04 -1.549048480653676670e+05 5.669116349754466501e+04 1.947619734164479887e+05 -6.251750786247198266e+04 8.439148662494077143e+03 3.389089882662572927e+04 3.980119457250921187e+03 1.572887324114686453e+04
1.358176630166895629e+05 6.382910302639796100e+03 4.861942966560658533e+04 2.778203911829032950e+04 -5.316333595425316162e+03 4.180532329148625286e+04 3.812087497099535540e+04 8.323908941225066883e+03 1.810433242580553924e+05 -3.522945213823653175e+05 2.490038895111838065e+04 8.110416336809094355e+04 2.032978577108271711e+05 -2.271428824792944215e+04 3.327534181161837478e+04 1.939382726616461696e+03 -1.117608532143441380e+03 5.097905942975158541e+04
1.376078959859487787e+07 6.513001997978176922e+06 -2.326716118367194198e+06 -2.571407636168360244e+06 -1.258515500111280940e+06 -3.925877131119138212e+05 -4.342574838989408454e+05 8.133160882079026487e+04 -3.522945213823653175e+05 2.689015140888692141e+08 7.736714031873699278e+06 -1.674897481840984197e+06 9.627251725335314404e+05 -2.139241862028497271e+06 -4.843689774476256571e+05 -2.871782417528247461e+05 7.201385303739762167e+05 1.175002773003822222e+05
1.168272626883536344e+06 3.908596310146285687e+06 2.518412574716024392e+05 -3.779077470286564203e+05 -3.964212236966173805e+04 2.511506109814812953e+04 8.110819355358807661e+04 -1.549048480653676670e+05 2.490038895111838065e+04 7.736714031873699278e+06 4.822532957884473354e+07 2.624727347019274253e+06 -1.167212863072210603e+05 4.918089345334260142e+05 7.299048825344607467e+05 2.598859892070504429e+05 2.465420404361212568e+05 1.795429609649019258e+05
-3.056402050969217904e+06 1.357732731443072553e+05 1.747632178818235698e+05 -6.764903002068925707e+04 2.191171304703650530e+05 3.830372977893718635e+05 -1.446671195026060159e+05 5.669116349754466501e+04 8.110416336809094355e+04 -1.674897481840984197e+06 2.624727347019274253e+06 2.295483971990910545e+07 1.039517392619422637e+06 1.375237725580667611e+06 1.359559403335100506e+06 2.734646406294364133e+05 -1.789174740274979849e+05 -2.356892496927101456e+05
-8.004956032449271297e+05 -8.417154637675775448e+05 -8.689881104129983578e+04 4.730001782644211198e+05 -2.044293119681212411e+05 -3.127039084798088879e+04 1.455748019905459369e+05 1.947619734164479887e+05 2.032978577108271711e+05 9.627251725335314404e+05 -1.167212863072210603e+05 1.039517392619422637e+06 1.478110373857505806e+07 1.488424053172691958e+06 5.818812327968686441e+04 -1.122929064977310190e+05 1.489573892512364546e+04 2.223577005226945912e+05
-2.430631001121013891e+06 -9.147026629030781332e+05 -6.585471111365000252e+04 4.254573454997521476e+05 2.525979173218516225e+05 -3.845700017780523922e+04 1.332908406467316090e+05 -6.251750786247198266e+04 -2.271428824792944215e+04 -2.139241862028497271e+06 4.918089345334260142e+05 1.375237725580667611e+06 1.488424053172691958e+06 9.833587790524151176e+06 5.339344997787645552e+05 2.982557732061470742e+05 -1.647146032551621902e+05 -1.556068256809193117e+05
-2.770968469068333507e+05 -4.111330760961831547e+05 2.377567814580647391e+05 5.648117042030757148e+04 1.612332472796958755e+05 2.275939846638227755e+05 8.825636345525681099e+04 8.439148662494077143e+03 3.327534181161837478e+04 -4.843689774476256571e+05 7.299048825344607467e+05 1.359559403335100506e+06 5.818812327968686441e+04 5.339344997787645552e+05 3.052391436291156802e+06 1.701509401795338199e+05 -5.682883220463302860e+04 1.377930471368997860e+04
-3.391533033232797170e+05 9.101247466240027279e+04 -1.336678885143824118e+04 1.296130903076310642e+05 1.471246221549549955e+05 1.004342492639129196e+05 6.901395970633201068e+04 3.389089882662572927e+04 1.939382726616461696e+03 -2.871782417528247461e+05 2.598859892070504429e+05 2.734646406294364133e+05 -1.122929064977310190e+05 2.982557732061470742e+05 1.701509401795338199e+05 1.667354530661402736e+06 1.461160633318286818e+04 2.139452334930558573e+04
-5.394468813443900581e+04 1.482574405482440197e+05 2.500977092232781797e+04 -8.444211961468427035e+04 -2.217769732321343690e+04 -6.040902287443433352e+02 7.647458749435179016e+03 3.980119457250921187e+03 -1.117608532143441380e+03 7.201385303739762167e+05 2.465420404361212568e+05 -1.789174740274979849e+05 1.489573892512364546e+04 -1.647146032551621902e+05 -5.682883220463302860e+04 1.461160633318286818e+04 5.546119196412962629e+05 8.934918298894548207e+04
1.381900173568309983e+05 9.858618549472493760e+04 1.554198557610696662e+04 3.521276746271263983e+04 -3.664881328083052267e+03 3.693099809478616862e+03 7.877119433582367492e+04 1.572887324114686453e+04 5.097905942975158541e+04 1.175002773003822222e+05 1.795429609649019258e+05 -2.356892496927101456e+05 2.223577005226945912e+05 -1.556068256809193117e+05 1.377930471368997860e+04 2.139452334930558573e+04 8.934918298894548207e+04 7.587213799962233752e+05
