# lambda=0.6124088565700806
3.940580007746537030e+07 1.731683899176874198e+06 6.553505011853678152e+05 -6.615621993028823454e+03 -8.758359629340098472e+05 3.415819374425608548e+05 3.264997014419515035e+05 2.082761241765255400e+05 -2.276792032339060097e+04 1.162510659457547218e+07 4.690074478668356314e+06 2.488248091597126040e+05 6.809088774700811882e+03 -1.176868622253728798e+06 -4.915672885305031086e+05 1.204561327122817747e+06 -1.327388160141823464e+05 5.498025202135361033e+05
1.731683899176874198e+06 1.494741450225917995e+07 1.310314301685297862e+06 9.741342758981239749e+05 2.773329416751632016e+04 1.618093803714836249e+05 3.089191650001932885e+02 1.382773321811168862e+05 1.572704002786693163e+05 5.139109625372762792e+06 5.288350425598129630e+06 -8.365263333973221015e+05 1.997032839822173701e+05 1.248732517404927639e+05 6.216100827659027418e+05 -4.121932309482547571e+05 1.528339392249775701e+05 1.726359383379271603e+05
6.553505011853678152e+05 1.310314301685297862e+06 3.975721733135473914e+06 4.766882115262199659e+05 1.087573098634219787e+05 8.151328369181082235e+04 4.711759598433726933e+04 1.178157992487868760e+05 4.584796513348269946e+04 2.520653196781761071e+05 2.999204047788553406e+06 9.637032130435025319e+05 7.120571151902800193e+05 8.154378325449565637e+03 3.626527089323495165e+05 -1.905557130705926975e+05 -1.077804113333673886e+05 6.294783899365497928e+04
-6.615621993028823454e+03 9.741342758981239749e+05 4.766882115262199659e+05 2.244170325383918826e+06 1.586448134285248234e+05 2.338041546333919177e+04 -2.945324081760416084e+04 -7.384818982293862973e+03 1.268883662683088687e+03 -2.315070169417215046e+06 -2.730613766260643606e+05 -3.535897608099888894e+05 2.612464211685250048e+05 2.330254401879151410e+05 2.067642964751475083e+05 -6.811941310681347386e+04 -3.038662263396934577e+04 9.498655028408599901e+04
-8.758359629340098472e+05 2.773329416751632016e+04 1.087573098634219787e+05 1.586448134285248234e+05 1.362785085074563744e+06 4.497730811659341998e+04 1.496265626706734838e+04 6.996772426899686980e+04 2.632125416848800523e+04 -2.331179180054673459e+06 4.180799905552659038e+04 -9.430903501438630337e+04 -5.138645470019037748e+04 4.584069471138089430e+05 2.209941323374421336e+05 8.261615091343387030e+04 1.655543481037016609e+05 7.831059049881572719e+04
3.415819374425608548e+05 1.618093803714836249e+05 8.151328369181082235e+04 2.338041546333919177e+04 4.497730811659341998e+04 4.308399599618256325e+05 9.716076016313852961e+03 1.565830077842003993e+04 -2.387929667997975685e+03 -7.240478010961963446e+04 2.406451854969275300e+05 1.125659228563115466e+05 4.032348190082030487e+04 1.619518975100169191e+05 3.127303971788376803e+05 7.178292406796557771e+04 1.020253374793358525e+05 7.868192535689272336e+04
3.264997014419515035e+05 3.089191650001932885e+02 4.711759598433726933e+04 -2.945324081760416084e+04 1.496265626706734838e+04 9.716076016313852961e+03 1.846483019265166076e+05 2.839437283768642010e+04 5.502109006200385011e+03 5.090778325740493601e+05 6.246533047914871713e+05 -1.461613267503381649e+05 2.084308698865071055e+05 -2.023235228067144271e+04 5.768745496364778228e+04 1.105724996486614255e+05 -5.124072850299062338e+03 3.044448491906223353e+04
2.082761241765255400e+05 1.382773321811168862e+05 1.178157992487868760e+05 -7.384818982293862973e+03 6.996772426899686980e+04 1.565830077842003993e+04 2.839437283768642010e+04 2.238847287306276849e+05 2.856805057664509877e+04 6.689387667538115056e+05 6.502964237321079709e+05 -1.049457766614646534e+05 -4.483106056120660469e+03 6.648884478845540798e+03 -7.307416897774497556e+03 1.208331123732229798e+03 -5.947468652732767623e+03 5.068823599084685702e+04
-2.276792032339060097e+04 1.572704002786693163e+05 4.584796513348269946e+04 1.268883662683088687e+03 2.632125416848800523e+04 -2.387929667997975685e+03 5.502109006200385011e+03 2.856805057664509877e+04 7.695451628855905437e+04 3.531449521362652886e+05 2.120239022377362999e+05 1.046661230895175831e+05 -7.099755435926393147e+03 6.285468789472681965e+04 3.077653296634138678e+04 -2.179405858327071473e+04 -2.267932193030377675e+04 2.147332811427554407e+04
1.162510659457547218e+07 5.139109625372762792e+06 2.520653196781761071e+05 -2.315070169417215046e+06 -2.331179180054673459e+06 -7.240478010961963446e+04 5.090778325740493601e+05 6.689387667538115056e+05 3.531449521362652886e+05 2.234288998131940961e+08 1.267735554232486337e+07 4.976424725124996156e+06 -1.230540627111027949e+06 -4.334769982929615304e+06 -1.784348367242738837e+06 1.393390860367212445e+05 -1.212802415215590037e+06 -1.247813978159929866e+04
4.690074478668356314e+06 5.288350425598129630e+06 2.999204047788553406e+06 -2.730613766260643606e+05 4.180799905552659038e+04 2.406451854969275300e+05 6.246533047914871713e+05 6.502964237321079709e+05 2.120239022377362999e+05 1.267735554232486337e+07 6.947958178034700453e+07 -2.371841655280698556e+06 1.586134140235595638e+06 -1.709635817353161052e+06 1.505628973107825033e+06 2.290944429331934371e+05 1.787865431200184394e+05 2.295066274752016398e+04
2.488248091597126040e+05 -8.365263333973221015e+05 9.637032130435025319e+05 -3.535897608099888894e+05 -9.430903501438630337e+04 1.125659228563115466e+05 -1.461613267503381649e+05 -1.049457766614646534e+05 1.046661230895175831e+05 4.976424725124996156e+06 -2.371841655280698556e+06 2.705980172743852437e+07 6.645047665265200194e+05 1.697559250530874124e+06 4.009586867509032600e+05 5.177448788430271670e+05 -5.448074372001647716e+05 1.794100318806046853e+05
6.809088774700811882e+03 1.997032839822173701e+05 7.120571151902800193e+05 2.612464211685250048e+05 -5.138645470019037748e+04 4.032348190082030487e+04 2.084308698865071055e+05 -4.483106056120660469e+03 -7.099755435926393147e+03 -1.230540627111027949e+06 1.586134140235595638e+06 6.645047665265200194e+05 9.015789329716851935e+06 1.867429103927105316e+05 5.008602047445787466e+05 4.087493313245035097e+04 -4.955882911803339812e+04 2.156782416774941375e+05
-1.176868622253728798e+06 1.248732517404927639e+05 8.154378325449565637e+03 2.330254401879151410e+05 4.584069471138089430e+05 1.619518975100169191e+05 -2.023235228067144271e+04 6.648884478845540798e+03 6.285468789472681965e+04 -4.334769982929615304e+06 -1.709635817353161052e+06 1.697559250530874124e+06 1.867429103927105316e+05 4.717956458110100590e+06 6.971228539565475658e+05 1.374492703949855349e+05 1.464465668489824166e+05 2.880488099345469382e+05
-4.915672885305031086e+05 6.216100827659027418e+05 3.626527089323495165e+05 2.067642964751475083e+05 2.209941323374421336e+05 3.127303971788376803e+05 5.768745496364778228e+04 -7.307416897774497556e+03 3.077653296634138678e+04 -1.784348367242738837e+06 1.505628973107825033e+06 4.009586867509032600e+05 5.008602047445787466e+05 6.971228539565475658e+05 4.163482260576251894e+06 1.850537178265959665e+05 4.459145815342833521e+05 2.749894233940768172e+05
1.204561327122817747e+06 -4.121932309482547571e+05 -1.905557130705926975e+05 -6.811941310681347386e+04 8.261615091343387030e+04 7.178292406796557771e+04 1.105724996486614255e+05 1.208331123732229798e+03 -2.179405858327071473e+04 1.393390860367212445e+05 2.290944429331934371e+05 5.177448788430271670e+05 4.087493313245035097e+04 1.374492703949855349e+05 1.850537178265959665e+05 2.378922985263697337e+06 7.656297222371620592e+04 4.914375103173597017e+04
-1.327388160141823464e+05 1.528339392249775701e+05 -1.077804113333673886e+05 -3.038662263396934577e+04 1.655543481037016609e+05 1.020253374793358525e+05 -5.124072850299062338e+03 -5.947468652732767623e+03 -2.267932193030377675e+04 -1.212802415215590037e+06 1.787865431200184394e+05 -5.448074372001647716e+05 -4.955882911803339812e+04 1.464465668489824166e+05 4.459145815342833521e+05 7.656297222371620592e+04 1.082746670444953255e+06 1.103889591461650853e+05
5.498025202135361033e+05 1.726359383379271603e+05 6.294783899365497928e+04 9.498655028408599901e+04 7.831059049881572719e+04 7.868192535689272336e+04 3.044448491906223353e+04 5.068823599084685702e+04 2.147332811427554407e+04 -1.247813978159929866e+04 2.295066274752016398e+04 1.794100318806046853e+05 2.156782416774941375e+05 2.880488099345469382e+05 2.749894233940768172e+05 4.914375103173597017e+04 1.103889591461650853e+05 6.852713596880267141e+05
