# lambda=0.5685719954718941
4.900084501190519333e+07 3.961965611913729459e+06 9.909293989126807719e+04 1.527129241944769397e+06 5.965573589562540292e+04 -2.348040588953545375e+05 -4.565939693711332075e+04 3.082430415200481657e+05 6.270614308838976285e+04 2.684901565254233405e+07 5.104204860651247203e+06 -1.156273076397748519e+05 -4.203151300927332486e+05 3.956458504430949106e+05 -4.736189038144706283e+05 -4.216161659108271124e+05 9.823201044986639172e+05 3.002983845544090145e+05
3.961965611913729459e+06 1.358703600337179378e+07 -2.167413320406512357e+05 6.860703464045968140e+05 2.815981210162920761e+05 -1.271472511068856402e+05 7.868286161341219849e+04 8.723600016360919108e+04 5.364163199301462737e+04 4.536041696906646714e+06 2.739156328334919177e+06 9.269142054689078359e+05 3.952672635406451300e+05 -1.964938527224479476e+05 -6.443739659333113814e+05 -5.029939860112826573e+05 1.450590363482068096e+04 1.294348198209450638e+05
9.909293989126807719e+04 -2.167413320406512357e+05 6.030071626530102454e+06 7.205471134446094511e+05 -1.717486785975066596e+05 -3.429324145463675814e+04 -2.288554893174901736e+04 6.044299891039974318e+04 3.697229376893107110e+04 1.093427004238235531e+06 6.176783493132854346e+05 1.627417194186311215e+06 -3.459077346100839204e+05 1.294271824798038142e+05 2.422449639393685720e+04 -9.328202104000320833e+04 7.963850907437976275e+04 1.347758216139713477e+05
1.527129241944769397e+06 6.860703464045968140e+05 7.205471134446094511e+05 2.258291015237732790e+06 2.104358863701689115e+05 1.424402771455927577e+05 1.589272617536286998e+05 8.632814717067289166e+04 -1.860475029133656790e+04 1.515727044601056958e+06 1.946395755252088886e+06 5.957285940426302841e+05 -4.176729056755667989e+04 2.548692457786165469e+05 -1.355239612345552814e+04 -2.667918187843720443e+04 6.164067216395256401e+04 5.649874050293349865e+04
5.965573589562540292e+04 2.815981210162920761e+05 -1.717486785975066596e+05 2.104358863701689115e+05 1.187810422111024382e+06 6.128699599922223570e+04 1.248086971997579967e+05 2.922826820205730837e+04 1.211543296533317880e+04 6.280261261608924251e+05 4.772370655212241109e+05 4.220182089748081635e+05 -8.656745857798321231e+04 2.124495136296823912e+05 9.612598543776714359e+04 4.644945468499584240e+04 -1.230500680497059075e+05 -5.181942218345991932e+03
-2.348040588953545375e+05 -1.271472511068856402e+05 -3.429324145463675814e+04 1.424402771455927577e+05 6.128699599922223570e+04 7.749754485274300678e+05 5.915841086022384115e+04 6.024780992041693389e+04 2.495387288769491715e+04 -3.849779102255046018e+05 -6.667534515432547778e+05 -3.571098316694342066e+05 2.793635903318010969e+05 -4.131638809655507794e+04 1.874426795162571361e+05 5.279969129128119675e+04 -1.524241375848041789e+05 -3.958057326385061606e+04
-4.565939693711332075e+04 7.868286161341219849e+04 -2.288554893174901736e+04 1.589272617536286998e+05 1.248086971997579967e+05 5.915841086022384115e+04 3.502686710679430980e+05 3.289312670705869095e+04 1.683980495620618967e+04 5.823581252548516495e+05 2.646072435154882842e+05 1.496051790784828772e+05 -1.048479518077941757e+05 1.774127402018002758e+05 2.763579818293036442e+04 2.428818541338863361e+04 -7.532006265422290016e+04 2.172210980284099151e+03
3.082430415200481657e+05 8.723600016360919108e+04 6.044299891039974318e+04 8.632814717067289166e+04 2.922826820205730837e+04 6.024780992041693389e+04 3.289312670705869095e+04 2.411983148676278652e+05 3.181788717748853378e+04 9.461790831813685363e+05 -2.287028783331038721e+05 8.997391014127762173e+04 1.119996350174333202e+05 3.426402193571042153e+04 4.909433230573391484e+04 1.074448885556223977e+05 9.797496292334582540e+04 4.593912085896256031e+04
6.270614308838976285e+04 5.364163199301462737e+04 3.697229376893107110e+04 -1.860475029133656790e+04 1.211543296533317880e+04 2.495387288769491715e+04 1.683980495620618967e+04 3.181788717748853378e+04 1.152277115146202705e+05 1.309846920626835898e+06 -3.322385492107649334e+05 9.120111864118246012e+04 7.198036014461817103e+04 7.222196431266986110e+03 -1.086398806287411389e+04 2.206988691858113816e+04 -6.575482934114439558e+03 2.892884382739518696e+04
2.684901565254233405e+07 4.536041696906646714e+06 1.093427004238235531e+06 1.515727044601056958e+06 6.280261261608924251e+05 -3.849779102255046018e+05 5.823581252548516495e+05 9.461790831813685363e+05 1.309846920626835898e+06 3.259532316785089374e+08 1.223754311790600233e+07 7.985579855399239808e+06 -5.549933933959932998e+06 2.357873853333540261e+06 -6.679355013242345303e+05 2.051984529773019487e+06 2.371267328836984467e+06 6.985040399735281244e+05
5.104204860651247203e+06 2.739156328334919177e+06 6.176783493132854346e+05 1.946395755252088886e+06 4.772370655212241109e+05 -6.667534515432547778e+05 2.646072435154882842e+05 -2.287028783331038721e+05 -3.322385492107649334e+05 1.223754311790600233e+07 1.121908409718707800e+08 7.323834983815056272e+06 -6.796625349588196725e+06 3.196785607210734743e+05 2.671217834946318064e+06 -2.897941108703186619e+05 -2.254826357493259711e+05 -2.488223889132609183e+05
-1.156273076397748519e+05 9.269142054689078359e+05 1.627417194186311215e+06 5.957285940426302841e+05 4.220182089748081635e+05 -3.571098316694342066e+05 1.496051790784828772e+05 8.997391014127762173e+04 9.120111864118246012e+04 7.985579855399239808e+06 7.323834983815056272e+06 2.657095208076967672e+07 1.724001245620080153e+05 4.109294464946871740e+05 9.803805286210820486e+04 3.734073951995592215e+05 -7.446795745306191748e+03 -2.267222925590892264e+05
-4.203151300927332486e+05 3.952672635406451300e+05 -3.459077346100839204e+05 -4.176729056755667989e+04 -8.656745857798321231e+04 2.793635903318010969e+05 -1.048479518077941757e+05 1.119996350174333202e+05 7.198036014461817103e+04 -5.549933933959932998e+06 -6.796625349588196725e+06 1.724001245620080153e+05 1.404551774654731899e+07 1.014945917186913313e+06 -5.178036433367091377e+04 -1.339410940799761156e+05 2.037783658797916141e+05 5.713324240964504424e+05
3.956458504430949106e+05 -1.964938527224479476e+05 1.294271824798038142e+05 2.548692457786165469e+05 2.124495136296823912e+05 -4.131638809655507794e+04 1.774127402018002758e+05 3.426402193571042153e+04 7.222196431266986110e+03 2.357873853333540261e+06 3.196785607210734743e+05 4.109294464946871740e+05 1.014945917186913313e+06 5.375307723226577044e+06 2.993980440101625863e+05 -1.048495631913629331e+05 -4.745586022667264842e+03 3.195498411871764110e+05
-4.736189038144706283e+05 -6.443739659333113814e+05 2.422449639393685720e+04 -1.355239612345552814e+04 9.612598543776714359e+04 1.874426795162571361e+05 2.763579818293036442e+04 4.909433230573391484e+04 -1.086398806287411389e+04 -6.679355013242345303e+05 2.671217834946318064e+06 9.803805286210820486e+04 -5.178036433367091377e+04 2.993980440101625863e+05 2.826149474839880131e+06 2.427330253406609991e+05 -2.597552234991927107e+05 -4.741511541241248051e+04
-4.216161659108271124e+05 -5.029939860112826573e+05 -9.328202104000320833e+04 -2.667918187843720443e+04 4.644945468499584240e+04 5.279969129128119675e+04 2.428818541338863361e+04 1.074448885556223977e+05 2.206988691858113816e+04 2.051984529773019487e+06 -2.897941108703186619e+05 3.734073951995592215e+05 -1.339410940799761156e+05 -1.048495631913629331e+05 2.427330253406609991e+05 1.306171170567562571e+06 2.054876996978769021e+05 -3.528530472140695929e+04
9.823201044986639172e+05 1.450590363482068096e+04 7.963850907437976275e+04 6.164067216395256401e+04 -1.230500680497059075e+05 -1.524241375848041789e+05 -7.532006265422290016e+04 9.797496292334582540e+04 -6.575482934114439558e+03 2.371267328836984467e+06 -2.254826357493259711e+05 -7.446795745306191748e+03 2.037783658797916141e+05 -4.745586022667264842e+03 -2.597552234991927107e+05 2.054876996978769021e+05 1.418090845156236319e+06 1.628898978786008083e+05
3.002983845544090145e+05 1.294348198209450638e+05 1.347758216139713477e+05 5.649874050293349865e+04 -5.181942218345991932e+03 -3.958057326385061606e+04 2.172210980284099151e+03 4.593912085896256031e+04 2.892884382739518696e+04 6.985040399735281244e+05 -2.488223889132609183e+05 -2.267222925590892264e+05 5.713324240964504424e+05 3.195498411871764110e+05 -4.741511541241248051e+04 -3.528530472140695929e+04 1.628898978786008083e+05 7.794083028772077523e+05
