# lambda=0.3950797839383407
7.467342310255160928e+07 1.079722842662406713e+07 1.914614264039896661e+06 2.553867658540411387e+06 3.479814339353080140e+05 9.098689662000999087e+05 3.098927816642823745e+05 1.615512547706761397e+05 3.654869558473092184e+04 4.414926657748252153e+07 6.288453383596045896e+06 -5.124818978935336054e+04 4.647492310374131426e+06 4.202447801437795162e+06 8.027065181037568254e+04 -5.824287209170906572e+05 -9.753499667824814096e+05 -3.622394822891995427e+05
1.079722842662406713e+07 1.391700603136860579e+07 5.261699769854784245e+05 7.349855805303425295e+05 5.846882263055372750e+05 -1.776535842901653959e+05 -1.961454586421432323e+05 1.402357776420625451e+05 9.609353163115003554e+04 1.886878773730647936e+07 5.841603632965271361e+06 1.920146986637861235e+06 9.017920482622685377e+05 2.114650982925015967e+06 -9.197847117482556496e+05 7.097692894095122756e+04 4.906100687099667266e+04 7.858445495120530541e+04
1.914614264039896661e+06 5.261699769854784245e+05 4.539731377943541855e+06 7.132502436396890553e+05 -2.277886479887171590e+05 8.484312944087733922e+04 -1.305456163184228499e+05 -2.372715568241213259e+04 -1.532084383492830966e+05 1.740438616577579873e+06 8.531675775799880503e+05 1.624732662643946242e+06 9.233314854925621767e+05 -2.171352264747467707e+05 -5.709341456428171368e+05 -3.651965800521501224e+05 -3.547619255535876146e+05 -1.522457603113908553e+05
2.553867658540411387e+06 7.349855805303425295e+05 7.132502436396890553e+05 2.581070882846420165e+06 1.967711950489628070e+05 1.276256325488593138e+05 -5.552363740498607513e+04 1.389784228666446870e+05 -5.414011123542662244e+04 7.112229053046952002e+06 -1.387525114396656863e+05 3.511384366825516918e+05 1.989184163146447390e+06 2.990389309923835099e+05 -6.130567059396795230e+05 -2.044529333741545852e+05 -6.774588716291636229e+04 -1.491021395263370505e+04
3.479814339353080140e+05 5.846882263055372750e+05 -2.277886479887171590e+05 1.967711950489628070e+05 8.652210366065483540e+05 -4.376829321336120483e+04 -9.213604965261901089e+04 3.285429823493878212e+04 -6.494301671500816155e+04 3.075364379230448045e+06 -8.190483521730444045e+04 1.960408415911387920e+03 -1.479560971327598381e+05 3.058457600488407770e+05 -9.943502012421782638e+03 3.574093546455172259e+02 9.559347575076697103e+04 -3.362256381022491041e+03
9.098689662000999087e+05 -1.776535842901653959e+05 8.484312944087733922e+04 1.276256325488593138e+05 -4.376829321336120483e+04 3.849923318994923029e+05 4.640103458709146071e+04 -5.031766691346342850e+04 -5.140247238484002446e+04 1.767019661820767215e+06 -5.923329539299366297e+05 5.126313684108613961e+04 1.176226972209227097e+05 -8.123626451458220254e+04 2.231566924375128292e+05 -7.493568894930940587e+04 -7.883923070822381123e+04 -7.892664503552710812e+04
3.098927816642823745e+05 -1.961454586421432323e+05 -1.305456163184228499e+05 -5.552363740498607513e+04 -9.213604965261901089e+04 4.640103458709146071e+04 2.598374602761050919e+05 -2.419135733340146908e+04 4.486105874663032409e+03 1.363997427731615026e+06 -6.516221361313057132e+05 -5.939867547322019236e+05 -2.883554287703366936e+04 4.016409582412064628e+04 6.793061146320172702e+04 2.626049836249190776e+04 -2.320404178572366800e+04 8.027420152814166613e+03
1.615512547706761397e+05 1.402357776420625451e+05 -2.372715568241213259e+04 1.389784228666446870e+05 3.285429823493878212e+04 -5.031766691346342850e+04 -2.419135733340146908e+04 1.533887008361141197e+05 2.283300423032896288e+04 -1.955308037320991934e+04 -1.555969997832423251e+05 8.551145481674719485e+04 4.064662494657318457e+05 1.881694216831046506e+05 -1.656901068783095980e+05 -1.049992022223069362e+05 4.094130245386376919e+04 -3.996092875319939776e+04
3.654869558473092184e+04 9.609353163115003554e+04 -1.532084383492830966e+05 -5.414011123542662244e+04 -6.494301671500816155e+04 -5.140247238484002446e+04 4.486105874663032409e+03 2.283300423032896288e+04 1.619319312523150293e+05 -7.969038086436811136e+05 7.738253090682990151e+05 -5.025629861007259933e+03 1.102286339989163243e+05 -3.125004646683108876e+04 1.544751965325753190e+04 2.077357510103374443e+04 5.299870237712017115e+04 6.149099361218515696e+04
4.414926657748252153e+07 1.886878773730647936e+07 1.740438616577579873e+06 7.112229053046952002e+06 3.075364379230448045e+06 1.767019661820767215e+06 1.363997427731615026e+06 -1.955308037320991934e+04 -7.969038086436811136e+05 2.571887238259454370e+08 -2.058018638066137210e+06 -1.275177949774678610e+07 5.481357619074574672e+06 5.499130930992541835e+06 -1.690929275019903202e+06 5.664523149086032063e+05 1.901081952970222846e+04 -6.351399852550984360e+05
6.288453383596045896e+06 5.841603632965271361e+06 8.531675775799880503e+05 -1.387525114396656863e+05 -8.190483521730444045e+04 -5.923329539299366297e+05 -6.516221361313057132e+05 -1.555969997832423251e+05 7.738253090682990151e+05 -2.058018638066137210e+06 1.132100541710026562e+08 1.226453899318876117e+07 3.312071019766056444e+06 1.608861676739385352e+06 -1.929570669451669324e+06 1.764937543946587903e+04 3.589540652841582196e+05 3.740025910518482851e+04
-5.124818978935336054e+04 1.920146986637861235e+06 1.624732662643946242e+06 3.511384366825516918e+05 1.960408415911387920e+03 5.126313684108613961e+04 -5.939867547322019236e+05 8.551145481674719485e+04 -5.025629861007259933e+03 -1.275177949774678610e+07 1.226453899318876117e+07 2.137049875587524474e+07 1.236648287289683940e+06 3.780114662142886082e+05 -5.315302466980324825e+05 -3.650060676010504249e+05 -7.128915090594853973e+05 2.619925272002072234e+04
4.647492310374131426e+06 9.017920482622685377e+05 9.233314854925621767e+05 1.989184163146447390e+06 -1.479560971327598381e+05 1.176226972209227097e+05 -2.883554287703366936e+04 4.064662494657318457e+05 1.102286339989163243e+05 5.481357619074574672e+06 3.312071019766056444e+06 1.236648287289683940e+06 1.594962380172742344e+07 1.841038753355570370e+06 -1.200087769036303042e+06 -1.615797693554032594e+05 -1.234950902159866673e+05 1.279467996228731936e+05
4.202447801437795162e+06 2.114650982925015967e+06 -2.171352264747467707e+05 2.990389309923835099e+05 3.058457600488407770e+05 -8.123626451458220254e+04 4.016409582412064628e+04 1.881694216831046506e+05 -3.125004646683108876e+04 5.499130930992541835e+06 1.608861676739385352e+06 3.780114662142886082e+05 1.841038753355570370e+06 4.695366989564485848e+06 -8.921873772780851868e+04 -1.809123851974658237e+03 4.533938645480748382e+05 -1.043334835432692926e+05
8.027065181037568254e+04 -9.197847117482556496e+05 -5.709341456428171368e+05 -6.130567059396795230e+05 -9.943502012421782638e+03 2.231566924375128292e+05 6.793061146320172702e+04 -1.656901068783095980e+05 1.544751965325753190e+04 -1.690929275019903202e+06 -1.929570669451669324e+06 -5.315302466980324825e+05 -1.200087769036303042e+06 -8.921873772780851868e+04 2.596529479553858750e+06 2.634482912088315352e+05 2.404201925139374507e+05 2.135939255780749954e+05
-5.824287209170906572e+05 7.097692894095122756e+04 -3.651965800521501224e+05 -2.044529333741545852e+05 3.574093546455172259e+02 -7.493568894930940587e+04 2.626049836249190776e+04 -1.049992022223069362e+05 2.077357510103374443e+04 5.664523149086032063e+05 1.764937543946587903e+04 -3.650060676010504249e+05 -1.615797693554032594e+05 -1.809123851974658237e+03 2.634482912088315352e+05 9.747932471283287741e+05 6.822263916545418033e+04 1.867526369939992146e+05
-9.753499667824814096e+05 4.906100687099667266e+04 -3.547619255535876146e+05 -6.774588716291636229e+04 9.559347575076697103e+04 -7.883923070822381123e+04 -2.320404178572366800e+04 4.094130245386376919e+04 5.299870237712017115e+04 1.901081952970222846e+04 3.589540652841582196e+05 -7.128915090594853973e+05 -1.234950902159866673e+05 4.533938645480748382e+05 2.404201925139374507e+05 6.822263916545418033e+04 1.145169357309840620e+06 9.546698424191039521e+04
-3.622394822891995427e+05 7.858445495120530541e+04 -1.522457603113908553e+05 -1.491021395263370505e+04 -3.362256381022491041e+03 -7.892664503552710812e+04 8.027420152814166613e+03 -3.996092875319939776e+04 6.149099361218515696e+04 -6.351399852550984360e+05 3.740025910518482851e+04 2.619925272002072234e+04 1.279467996228731936e+05 -1.043334835432692926e+05 2.135939255780749954e+05 1.867526369939992146e+05 9.546698424191039521e+04 6.408343946934103733e+05
