# lambda=0.8991586918690262
3.810918479394282401e+07 1.319657993776054354e+06 -3.801772588516198448e+04 7.011009036087691493e+04 1.188535778184600786e+05 -3.322364947934025258e+04 -6.571697249691648722e+03 9.436903741134428128e+04 2.009728917944376735e+04 1.457242846001256956e+06 1.648752513328309404e+06 -2.272461035186734807e+05 -1.475574085789758828e+05 1.999580711814835668e+05 8.705236927078331064e+04 -2.540482127163267869e+05 2.752440800067309756e+05 2.951256224092482807e+04
1.319657993776054354e+06 1.797726989362248406e+07 8.258961711914140324e+04 5.124431210450363142e+04 4.333305492215051345e+04 6.981791788103966974e+04 4.280901451661026658e+04 5.355399575290225039e+04 1.453248209031772262e+02 -1.553724284991201945e+06 2.156912821576706134e+06 -9.889046324669307796e+04 2.003132170991377207e+05 1.436390228847230319e+05 2.232052583262236149e+05 -4.071072639934192557e+04 6.407330920615812829e+03 -5.291862131271314138e+04
-3.801772588516198448e+04 8.258961711914140324e+04 8.804368690051514655e+06 3.557476727245358779e+04 5.883585057543329458e+04 -4.199813020281845820e+04 -3.082012923241210592e+04 -8.649617787393810431e+03 3.842108057874304359e+04 1.515604047014119278e+05 4.552670547843152308e+05 6.403936675505961757e+05 3.639514219110801932e+05 1.899162224685551773e+05 -4.128667099641625100e+03 -3.512313516430854634e+03 -5.751557730268958403e+04 5.909981581048180669e+04
7.011009036087691493e+04 5.124431210450363142e+04 3.557476727245358779e+04 1.693950016285656253e+06 5.394926943108806881e+04 -6.873036345845620417e+03 -8.169871953904736074e+03 -1.701377266809125649e+04 2.283466914374988846e+03 -2.827584283567264793e+05 1.970134431060866045e+05 2.406440729999518226e+04 1.261150133633711084e+05 8.489581992977960908e+04 -2.105854649117820372e+04 -5.312290996579887178e+03 2.880310042342968882e+04 -2.243191643697987092e+04
1.188535778184600786e+05 4.333305492215051345e+04 5.883585057543329458e+04 5.394926943108806881e+04 7.649919942953188438e+05 1.258999022350860287e+04 4.710669063498529795e+03 2.865771760446745247e+03 4.728954339297214574e+03 -1.010939521368097194e+05 1.875682571981366709e+04 1.579434305502849165e+05 8.494692939614753413e+04 9.796799522538634483e+04 1.460676789149735487e+04 -1.830348309943723734e+03 1.414355274277814897e+04 5.650167328926521805e+03
-3.322364947934025258e+04 6.981791788103966974e+04 -4.199813020281845820e+04 -6.873036345845620417e+03 1.258999022350860287e+04 6.218823996270017233e+05 2.040068710460073271e+04 6.660113637256918992e+03 -8.433107724131916257e+03 -2.552911359984369192e+05 6.211307322403394937e+04 -2.092191691915143019e+04 3.555633906055206899e+04 -2.659646357287539331e+02 4.763569659973933449e+04 2.037969101529000181e+04 4.651282135838136128e+03 6.809902307643008498e+03
-6.571697249691648722e+03 4.280901451661026658e+04 -3.082012923241210592e+04 -8.169871953904736074e+03 4.710669063498529795e+03 2.040068710460073271e+04 2.728774710252807708e+05 6.947561183162368252e+03 6.084996695922852268e+03 -1.924877120756332297e+05 8.921829867357532203e+04 9.382455855767828325e+03 2.637982704677169750e+04 3.528301641283970866e+02 4.477680645403638482e+04 3.909833494975018402e+04 1.770511574783473770e+04 3.938577529526326089e+03
9.436903741134428128e+04 5.355399575290225039e+04 -8.649617787393810431e+03 -1.701377266809125649e+04 2.865771760446745247e+03 6.660113637256918992e+03 6.947561183162368252e+03 1.749840235839092929e+05 3.721356668392523261e+03 1.136336382380988653e+05 1.279096538763565331e+05 1.372430240530184710e+04 1.796852822078526151e+04 5.929004865001910730e+03 8.486794802906981204e+03 -7.942660949973886090e+03 3.603468917683371728e+03 2.764143728488324541e+03
2.009728917944376735e+04 1.453248209031772262e+02 3.842108057874304359e+04 2.283466914374988846e+03 4.728954339297214574e+03 -8.433107724131916257e+03 6.084996695922852268e+03 3.721356668392523261e+03 1.177715565388498362e+05 9.544054548600655107e+04 1.319349540170141263e+05 4.636233662962311064e+04 3.494621458472634458e+03 2.304178315160501370e+03 1.052202739616886174e+04 1.307989933863676924e+04 1.981207325078225722e+03 8.402474487463961850e+03
1.457242846001256956e+06 -1.553724284991201945e+06 1.515604047014119278e+05 -2.827584283567264793e+05 -1.010939521368097194e+05 -2.552911359984369192e+05 -1.924877120756332297e+05 1.136336382380988653e+05 9.544054548600655107e+04 2.486904605237295926e+08 -9.119701871733763255e+04 2.026130770692997845e+06 5.704486585458213231e+05 -7.094704214335047873e+05 -1.014682221012255410e+06 -8.220681862914508674e+05 1.221195801149828185e+05 -4.517963120333983534e+04
1.648752513328309404e+06 2.156912821576706134e+06 4.552670547843152308e+05 1.970134431060866045e+05 1.875682571981366709e+04 6.211307322403394937e+04 8.921829867357532203e+04 1.279096538763565331e+05 1.319349540170141263e+05 -9.119701871733763255e+04 1.007678602077915519e+08 1.960750183120973408e+06 -1.590606778132995350e+04 3.391734667226602323e+05 5.430335934445966268e+05 -4.020890647534161690e+04 -1.167866006888556003e+05 8.530548631654847122e+04
-2.272461035186734807e+05 -9.889046324669307796e+04 6.403936675505961757e+05 2.406440729999518226e+04 1.579434305502849165e+05 -2.092191691915143019e+04 9.382455855767828325e+03 1.372430240530184710e+04 4.636233662962311064e+04 2.026130770692997845e+06 1.960750183120973408e+06 2.581684638422538713e+07 4.433576497331119026e+05 3.449806748977174284e+05 -8.761793197840624998e+03 -7.966042103445855901e+04 -1.159906199532643659e+05 1.315583690273818138e+04
-1.475574085789758828e+05 2.003132170991377207e+05 3.639514219110801932e+05 1.261150133633711084e+05 8.494692939614753413e+04 3.555633906055206899e+04 2.637982704677169750e+04 1.796852822078526151e+04 3.494621458472634458e+03 5.704486585458213231e+05 -1.590606778132995350e+04 4.433576497331119026e+05 9.910471168219830841e+06 2.969156352311272640e+05 -2.819434284954506074e+04 -1.895265464908410877e+03 1.087360324682692772e+04 -1.151667049772599275e+05
1.999580711814835668e+05 1.436390228847230319e+05 1.899162224685551773e+05 8.489581992977960908e+04 9.796799522538634483e+04 -2.659646357287539331e+02 3.528301641283970866e+02 5.929004865001910730e+03 2.304178315160501370e+03 -7.094704214335047873e+05 3.391734667226602323e+05 3.449806748977174284e+05 2.969156352311272640e+05 4.955282954808663577e+06 2.734953239372754615e+04 1.336355570979883487e+04 4.244141024314889364e+04 2.010913774655498855e+04
8.705236927078331064e+04 2.232052583262236149e+05 -4.128667099641625100e+03 -2.105854649117820372e+04 1.460676789149735487e+04 4.763569659973933449e+04 4.477680645403638482e+04 8.486794802906981204e+03 1.052202739616886174e+04 -1.014682221012255410e+06 5.430335934445966268e+05 -8.761793197840624998e+03 -2.819434284954506074e+04 2.734953239372754615e+04 2.974390182583157904e+06 1.114760548255376343e+05 3.874233357647332741e+04 3.917724896178342897e+04
-2.540482127163267869e+05 -4.071072639934192557e+04 -3.512313516430854634e+03 -5.312290996579887178e+03 -1.830348309943723734e+03 2.037969101529000181e+04 3.909833494975018402e+04 -7.942660949973886090e+03 1.307989933863676924e+04 -8.220681862914508674e+05 -4.020890647534161690e+04 -7.966042103445855901e+04 -1.895265464908410877e+03 1.336355570979883487e+04 1.114760548255376343e+05 1.774313605067088967e+06 4.448011090952416998e+04 4.946487639090928133e+04
2.752440800067309756e+05 6.407330920615812829e+03 -5.751557730268958403e+04 2.880310042342968882e+04 1.414355274277814897e+04 4.651282135838136128e+03 1.770511574783473770e+04 3.603468917683371728e+03 1.981207325078225722e+03 1.221195801149828185e+05 -1.167866006888556003e+05 -1.159906199532643659e+05 1.087360324682692772e+04 4.244141024314889364e+04 3.874233357647332741e+04 4.448011090952416998e+04 1.244316474026403856e+06 3.496374938971992378e+04
2.951256224092482807e+04 -5.291862131271314138e+04 5.909981581048180669e+04 -2.243191643697987092e+04 5.650167328926521805e+03 6.809902307643008498e+03 3.938577529526326089e+03 2.764143728488324541e+03 8.402474487463961850e+03 -4.517963120333983534e+04 8.530548631654847122e+04 1.315583690273818138e+04 -1.151667049772599275e+05 2.010913774655498855e+04 3.917724896178342897e+04 4.946487639090928133e+04 3.496374938971992378e+04 1.086096475583306281e+06
