# lambda=0.5436269866663573
4.805656982153628767e+07 7.670306518218455603e+05 -1.775644409127674997e+06 6.869598951891262550e+05 4.301092178575653816e+05 3.948083090447629220e+05 -7.085667047170135193e+05 -5.554136428817367414e+05 -1.162611456662813143e+05 2.161695760754938424e+07 4.896971270037610084e+06 -1.713345161479167175e+06 4.933594681898983981e+04 1.637031968317430234e+06 2.836217611026281957e+05 8.267766489570082631e+05 -1.491251530454385502e+05 -3.439182103720940067e+05
7.670306518218455603e+05 1.622677680362594873e+07 2.431259438361849170e+05 -2.408472166521453182e+05 4.711336338229464600e+05 -1.051820855247834552e+05 -9.960676044811704196e+04 -1.727132115116455825e+05 -5.415596129736908188e+04 4.624744754165763967e+06 2.360868166779772844e+06 3.165301033529762572e+04 4.208843094966331264e+05 -2.114215481157412287e+05 -4.990823739808603423e+05 4.474202411213032319e+05 -1.532045919697240461e+05 -4.693017127284426824e+05
-1.775644409127674997e+06 2.431259438361849170e+05 5.617175333430903964e+06 3.713835370231008710e+03 1.424325137567680213e+05 -9.021219318212798680e+04 1.413132612032323959e+05 1.223097391025911384e+04 -2.962352334870426421e+04 3.089741260776771232e+06 -2.822730690786586143e+06 1.183130250857368112e+06 -4.038572298919437890e+04 -3.302570678328367649e+05 3.612271158323292620e+05 3.776957163031823256e+03 -2.077008127313125005e+05 -1.207596663424844010e+05
6.869598951891262550e+05 -2.408472166521453182e+05 3.713835370231008710e+03 1.972955658675528597e+06 7.981900146561283327e+04 7.172516515621486178e+04 -1.144846551467109821e+05 -8.008079623111443652e+04 -5.197703447639459773e+04 4.519511787066663383e+05 -2.922690850426091929e+05 4.191834476167766261e+05 4.649545190773289651e+05 3.767489786861859029e+05 -1.892994771475831221e+05 4.879008315984177170e+04 -1.649968219059885596e+05 -2.538003438069248659e+04
4.301092178575653816e+05 4.711336338229464600e+05 1.424325137567680213e+05 7.981900146561283327e+04 9.053168950347130885e+05 3.378963987529417500e+04 2.006143506282929229e+04 -2.443357564318089135e+04 1.570605145714929131e+04 2.461321680625787005e+06 -4.973182715444237110e+05 -1.249877855449489434e+05 -3.510894791352381435e+04 -7.648244830030290177e+04 -1.077321697631323041e+05 -2.670839689266939968e+04 -5.936524293042802310e+04 1.905030803289315736e+04
3.948083090447629220e+05 -1.051820855247834552e+05 -9.021219318212798680e+04 7.172516515621486178e+04 3.378963987529417500e+04 5.490701078848713078e+05 -7.519872901323281440e+03 -2.829910900585933177e+03 1.675364108334241973e+04 1.960649066748646321e+06 7.327874379812708357e+05 1.587674910012744367e+05 -1.336135180874604557e+05 -2.699584971345238155e+05 1.793047752036607708e+05 2.099915121845290923e+04 3.853851926118542178e+04 1.761433640923012717e+04
-7.085667047170135193e+05 -9.960676044811704196e+04 1.413132612032323959e+05 -1.144846551467109821e+05 2.006143506282929229e+04 -7.519872901323281440e+03 2.811971994129868108e+05 5.727349596555892640e+04 3.107922985161918859e+03 -7.100924384925743798e+05 -4.701480721946210251e+05 4.461130103613888059e+04 -4.704986401798513543e+04 -1.274066535649948637e+05 1.554385432410194881e+03 -1.150991137220134260e+04 2.239413392924906657e+04 4.450658851097216393e+04
-5.554136428817367414e+05 -1.727132115116455825e+05 1.223097391025911384e+04 -8.008079623111443652e+04 -2.443357564318089135e+04 -2.829910900585933177e+03 5.727349596555892640e+04 1.893857489953591430e+05 1.999146074230675367e+04 -1.505266171221486060e+06 -1.987788974924715294e+05 -8.565065976260935713e+04 1.012251959683839050e+04 -1.026599534917496785e+05 -8.356582014276892005e+04 -1.069866851951059361e+05 3.559638754853029968e+04 3.516270456514445686e+04
-1.162611456662813143e+05 -5.415596129736908188e+04 -2.962352334870426421e+04 -5.197703447639459773e+04 1.570605145714929131e+04 1.675364108334241973e+04 3.107922985161918859e+03 1.999146074230675367e+04 1.109692270239815407e+05 3.004150898785898462e+05 3.086329409093330032e+05 -1.726076573040790390e+05 -4.102006734656241315e+04 -7.198518932332671829e+04 3.359986581811379438e+04 -1.846577503754765075e+03 9.307271754449915898e+04 1.308496549724351462e+04
2.161695760754938424e+07 4.624744754165763967e+06 3.089741260776771232e+06 4.519511787066663383e+05 2.461321680625787005e+06 1.960649066748646321e+06 -7.100924384925743798e+05 -1.505266171221486060e+06 3.004150898785898462e+05 2.625357757191052437e+08 1.955646176023048908e+07 -1.289477111486506648e+06 -1.448584218057885068e+06 -2.179007010772210833e+03 3.132924497363049537e+06 4.036466616296838038e+06 4.345038967223958462e+05 -1.416502492310144298e+05
4.896971270037610084e+06 2.360868166779772844e+06 -2.822730690786586143e+06 -2.922690850426091929e+05 -4.973182715444237110e+05 7.327874379812708357e+05 -4.701480721946210251e+05 -1.987788974924715294e+05 3.086329409093330032e+05 1.955646176023048908e+07 6.635402588441550732e+07 -5.183955273567485623e+06 1.346552315758063691e+06 3.320103769919913029e+05 2.225494805486174009e+05 1.479041132349674357e+06 6.638075049601625651e+05 -1.363026632331516594e+05
-1.713345161479167175e+06 3.165301033529762572e+04 1.183130250857368112e+06 4.191834476167766261e+05 -1.249877855449489434e+05 1.587674910012744367e+05 4.461130103613888059e+04 -8.565065976260935713e+04 -1.726076573040790390e+05 -1.289477111486506648e+06 -5.183955273567485623e+06 2.761977073104600981e+07 1.287701281991978409e+06 6.439331586903922289e+04 -3.321087748887608177e+05 6.491942291341935925e+04 6.661345593702362385e+05 -5.935530498175754474e+04
4.933594681898983981e+04 4.208843094966331264e+05 -4.038572298919437890e+04 4.649545190773289651e+05 -3.510894791352381435e+04 -1.336135180874604557e+05 -4.704986401798513543e+04 1.012251959683839050e+04 -4.102006734656241315e+04 -1.448584218057885068e+06 1.346552315758063691e+06 1.287701281991978409e+06 8.205326726463790983e+06 1.379271423059978522e+06 -4.633238730765735963e+05 2.179676295700040646e+05 1.101359180934003671e+05 2.460732267056457349e+05
1.637031968317430234e+06 -2.114215481157412287e+05 -3.302570678328367649e+05 3.767489786861859029e+05 -7.648244830030290177e+04 -2.699584971345238155e+05 -1.274066535649948637e+05 -1.026599534917496785e+05 -7.198518932332671829e+04 -2.179007010772210833e+03 3.320103769919913029e+05 6.439331586903922289e+04 1.379271423059978522e+06 3.990812950322158635e+06 1.200535263494931423e+05 1.961158604381607729e+05 -9.475373317560632131e+04 8.522620712599324179e+03
2.836217611026281957e+05 -4.990823739808603423e+05 3.612271158323292620e+05 -1.892994771475831221e+05 -1.077321697631323041e+05 1.793047752036607708e+05 1.554385432410194881e+03 -8.356582014276892005e+04 3.359986581811379438e+04 3.132924497363049537e+06 2.225494805486174009e+05 -3.321087748887608177e+05 -4.633238730765735963e+05 1.200535263494931423e+05 3.501868216633121483e+06 2.036157536706303072e+05 1.103260277030562283e+05 7.757339626990481338e+04
8.267766489570082631e+05 4.474202411213032319e+05 3.776957163031823256e+03 4.879008315984177170e+04 -2.670839689266939968e+04 2.099915121845290923e+04 -1.150991137220134260e+04 -1.069866851951059361e+05 -1.846577503754765075e+03 4.036466616296838038e+06 1.479041132349674357e+06 6.491942291341935925e+04 2.179676295700040646e+05 1.961158604381607729e+05 2.036157536706303072e+05 1.506581357763407985e+06 3.212263869426342717e+04 -4.818950254147019587e+04
-1.491251530454385502e+05 -1.532045919697240461e+05 -2.077008127313125005e+05 -1.649968219059885596e+05 -5.936524293042802310e+04 3.853851926118542178e+04 2.239413392924906657e+04 3.559638754853029968e+04 9.307271754449915898e+04 4.345038967223958462e+05 6.638075049601625651e+05 6.661345593702362385e+05 1.101359180934003671e+05 -9.475373317560632131e+04 1.103260277030562283e+05 3.212263869426342717e+04 9.355956012120118830e+05 2.675748890370306253e+04
-3.439182103720940067e+05 -4.693017127284426824e+05 -1.207596663424844010e+05 -2.538003438069248659e+04 1.905030803289315736e+04 1.761433640923012717e+04 4.450658851097216393e+04 3.516270456514445686e+04 1.308496549724351462e+04 -1.416502492310144298e+05 -1.363026632331516594e+05 -5.935530498175754474e+04 2.460732267056457349e+05 8.522620712599324179e+03 7.757339626990481338e+04 -4.818950254147019587e+04 2.675748890370306253e+04 6.730121241314919898e+05
