# lambda=0.6204877826052819
5.395567088901577890e+07 1.687797580718779238e+06 -9.229986332882388961e+05 1.519186361107644916e+05 5.929568342538230354e+05 1.846361244313786301e+04 5.108847802489788155e+05 2.269694387084509362e+05 -2.265806492532559423e+04 1.301024063927402534e+07 1.237894268886972405e+07 5.312227638265570858e+05 1.046922625560759567e+06 2.555522757025817409e+06 -4.380870374926235527e+05 9.448308856998555129e+05 -1.904309196996175742e+05 4.626733081310544512e+05
1.687797580718779238e+06 1.436075666306112334e+07 1.188597676511278114e+05 -3.360959455837697606e+05 2.372571990724182688e+05 5.470060239890751836e+04 7.196369832339700952e+04 -1.358501276777273451e+05 3.923061192876172572e+04 4.728043051078237593e+06 4.433085483605328016e+06 -6.440943440121282038e+03 -1.080617622040588642e+06 -8.894686333128877450e+05 1.670063473762732465e+05 -5.359596160886485595e+05 -3.729657911739085685e+05 -8.430567410811976879e+04
-9.229986332882388961e+05 1.188597676511278114e+05 4.682571984339959919e+06 1.740370710092369700e+05 9.708433438721112907e+04 1.144981726719454673e+04 -9.130002481627427915e+04 -1.025703648705826054e+05 -6.698697411704767728e+04 4.589355038473546738e+05 -1.520120338143360103e+06 4.057019652769446111e+04 -4.283698380473005236e+05 1.718666368381470966e+05 3.349358340584916004e+04 -3.138336569107972318e+05 5.895428415951511852e+04 3.929019368994068645e+04
1.519186361107644916e+05 -3.360959455837697606e+05 1.740370710092369700e+05 2.022103343805332668e+06 9.978891426487152057e+04 2.475058968033584460e+04 -1.869899377167844068e+04 6.021404115281589475e+04 -3.259442261500520908e+04 -2.739123738008990185e+05 1.763083673755789408e+06 -1.323840239722635888e+05 -4.144391330617645290e+05 -3.459619593061484011e+01 -2.121995618967269547e+05 1.327775572395090421e+05 -2.675137522515300589e+03 9.996112774561728293e+04
5.929568342538230354e+05 2.372571990724182688e+05 9.708433438721112907e+04 9.978891426487152057e+04 1.229296190937477862e+06 6.145589139391899516e+04 -7.313053027293339255e+03 5.061970702689070458e+04 3.497573360835651692e+04 8.717167013542508939e+05 2.344422087364630774e+06 3.617561381944994209e+05 -2.252201045831207884e+05 -9.662120252333839017e+04 -5.782710586577661888e+04 6.610210901407113852e+03 8.007369458005860906e+03 -5.035627817372920981e+04
1.846361244313786301e+04 5.470060239890751836e+04 1.144981726719454673e+04 2.475058968033584460e+04 6.145589139391899516e+04 5.682438129627065500e+05 5.858471288355661090e+04 5.332461762770077621e+04 2.445164487330093107e+04 1.470668967549701454e+06 4.763412550608091406e+05 1.695270918442922994e+05 -2.366392017778840091e+05 3.914654761358860924e+03 8.574239545406699472e+04 1.744457285050403443e+05 4.179052849405973393e+04 -2.003677036688663793e+04
5.108847802489788155e+05 7.196369832339700952e+04 -9.130002481627427915e+04 -1.869899377167844068e+04 -7.313053027293339255e+03 5.858471288355661090e+04 4.046557640355473268e+05 3.833292120992919081e+04 3.408417888967234467e+04 1.488966411715586219e+04 1.757534598397673399e+05 3.747415916160719353e+05 1.914432838878902476e+04 8.777152900112602219e+04 1.021446168412373227e+05 9.611682844305524486e+04 6.415559170242217078e+04 1.449574617501041757e+04
2.269694387084509362e+05 -1.358501276777273451e+05 -1.025703648705826054e+05 6.021404115281589475e+04 5.061970702689070458e+04 5.332461762770077621e+04 3.833292120992919081e+04 2.864223909707640996e+05 2.606059478927044256e+04 7.308141651379355462e+05 1.895406735782106407e+05 -1.499900409071891336e+05 -4.153326154988166672e+04 -8.964768488053290412e+02 1.758693309937784579e+04 4.574211938909401943e+04 -3.488186290275128704e+04 1.568709640631357161e+02
-2.265806492532559423e+04 3.923061192876172572e+04 -6.698697411704767728e+04 -3.259442261500520908e+04 3.497573360835651692e+04 2.445164487330093107e+04 3.408417888967234467e+04 2.606059478927044256e+04 1.102275591353912314e+05 7.091611909290413314e+04 -7.993520686179203040e+04 4.340684617829073977e+04 -7.033716497883513512e+04 -8.638678212605112640e+04 4.540935653751295831e+03 3.013762437689448052e+04 -2.073192371015940807e+03 -6.172048332731882283e+02
1.301024063927402534e+07 4.728043051078237593e+06 4.589355038473546738e+05 -2.739123738008990185e+05 8.717167013542508939e+05 1.470668967549701454e+06 1.488966411715586219e+04 7.308141651379355462e+05 7.091611909290413314e+04 2.582348249546023011e+08 1.731151740370376781e+07 -3.784328626730251592e+06 -1.442473658031726023e+06 -7.382377472989344969e+05 -1.242278757773063553e+05 1.435871990802651271e+05 -4.043991242561629624e+05 3.672417540225930861e+05
1.237894268886972405e+07 4.433085483605328016e+06 -1.520120338143360103e+06 1.763083673755789408e+06 2.344422087364630774e+06 4.763412550608091406e+05 1.757534598397673399e+05 1.895406735782106407e+05 -7.993520686179203040e+04 1.731151740370376781e+07 1.436350267187457383e+08 7.405135457649837481e+05 2.212486020776883233e+06 5.734762463956720894e+05 -8.493415981194284977e+05 9.271054828621186316e+05 -3.528757619990418898e+05 1.004080417746286112e+05
5.312227638265570858e+05 -6.440943440121282038e+03 4.057019652769446111e+04 -1.323840239722635888e+05 3.617561381944994209e+05 1.695270918442922994e+05 3.747415916160719353e+05 -1.499900409071891336e+05 4.340684617829073977e+04 -3.784328626730251592e+06 7.405135457649837481e+05 2.394369248514459655e+07 1.199629027242334094e+06 -5.646094291892308975e+05 6.793561587906189961e+05 7.609300005844329717e+05 9.904091098744821502e+05 -6.225827060044587415e+04
1.046922625560759567e+06 -1.080617622040588642e+06 -4.283698380473005236e+05 -4.144391330617645290e+05 -2.252201045831207884e+05 -2.366392017778840091e+05 1.914432838878902476e+04 -4.153326154988166672e+04 -7.033716497883513512e+04 -1.442473658031726023e+06 2.212486020776883233e+06 1.199629027242334094e+06 1.078422978321000747e+07 1.009183224445441156e+06 -5.664353945623579202e+05 -3.218547848813419696e+05 2.539940950795644021e+05 2.264345320324624481e+05
2.555522757025817409e+06 -8.894686333128877450e+05 1.718666368381470966e+05 -3.459619593061484011e+01 -9.662120252333839017e+04 3.914654761358860924e+03 8.777152900112602219e+04 -8.964768488053290412e+02 -8.638678212605112640e+04 -7.382377472989344969e+05 5.734762463956720894e+05 -5.646094291892308975e+05 1.009183224445441156e+06 5.378209868608548306e+06 -7.558037945847389346e+04 1.531603059453060268e+05 -6.380212459221883182e+04 1.389590634544235363e+05
-4.380870374926235527e+05 1.670063473762732465e+05 3.349358340584916004e+04 -2.121995618967269547e+05 -5.782710586577661888e+04 8.574239545406699472e+04 1.021446168412373227e+05 1.758693309937784579e+04 4.540935653751295831e+03 -1.242278757773063553e+05 -8.493415981194284977e+05 6.793561587906189961e+05 -5.664353945623579202e+05 -7.558037945847389346e+04 2.533602538013150916e+06 3.521753899144543684e+05 1.205654634814792225e+05 -7.530508308082139411e+04
9.448308856998555129e+05 -5.359596160886485595e+05 -3.138336569107972318e+05 1.327775572395090421e+05 6.610210901407113852e+03 1.744457285050403443e+05 9.611682844305524486e+04 4.574211938909401943e+04 3.013762437689448052e+04 1.435871990802651271e+05 9.271054828621186316e+05 7.609300005844329717e+05 -3.218547848813419696e+05 1.531603059453060268e+05 3.521753899144543684e+05 2.085741914221061161e+06 2.002844439045488834e+05 6.587350068169455335e+04
-1.904309196996175742e+05 -3.729657911739085685e+05 5.895428415951511852e+04 -2.675137522515300589e+03 8.007369458005860906e+03 4.179052849405973393e+04 6.415559170242217078e+04 -3.488186290275128704e+04 -2.073192371015940807e+03 -4.043991242561629624e+05 -3.528757619990418898e+05 9.904091098744821502e+05 2.539940950795644021e+05 -6.380212459221883182e+04 1.205654634814792225e+05 2.002844439045488834e+05 8.407197673297665315e+05 4.838993702910628781e+04
4.626733081310544512e+05 -8.430567410811976879e+04 3.929019368994068645e+04 9.996112774561728293e+04 -5.035627817372920981e+04 -2.003677036688663793e+04 1.449574617501041757e+04 1.568709640631357161e+02 -6.172048332731882283e+02 3.672417540225930861e+05 1.004080417746286112e+05 -6.225827060044587415e+04 2.264345320324624481e+05 1.389590634544235363e+05 -7.530508308082139411e+04 6.587350068169455335e+04 4.838993702910628781e+04 3.591946898582695285e+05
