# lambda=0.7348467754897794
5.018674709400258213e+07 3.908544171299291775e+05 -1.575718891703086207e+06 -3.075484505752237746e+05 -9.749631576880103967e+04 2.478940274026413099e+05 2.237910417788818595e+05 -7.009243963001719385e+04 1.503758705070354918e+05 -4.365410594745502807e+06 4.221349602155321278e+06 -5.881696948334507179e+05 -1.347702674249283969e+06 3.347106024395437562e+05 -6.349271082887287484e+05 3.967736595897676889e+05 -5.990661671105597634e+04 5.551583834002564981e+04
3.908544171299291775e+05 1.980013335739688575e+07 7.108735940261512296e+05 1.192748630357166112e+05 1.199591750981083314e+05 6.644452207718555883e+02 -4.874525468447502135e+03 -3.033861378001606136e+04 -9.204063633060634311e+04 2.465534045540018938e+06 4.141193194797260687e+06 -5.038691481302680331e+05 -6.281658811737985816e+05 -1.419890559678467398e+05 -4.261037615448359284e+05 -2.797854835216336069e+05 -4.208155879939883598e+05 2.025056299395134265e+05
-1.575718891703086207e+06 7.108735940261512296e+05 4.954676855901198462e+06 4.314544922802111832e+05 1.348978424504826835e+05 -9.725663575962440518e+04 -1.618265200657094538e+05 -5.566632312400298542e+04 4.048482272702574392e+02 -3.310598101150032016e+05 -1.781480051901414699e+05 8.349525022226829315e+05 -2.208236966161813762e+05 -2.357821594771135133e+05 -1.225331771129261033e+05 -2.010763364512339103e+04 -8.727468930864747381e+04 8.405983258410208509e+04
-3.075484505752237746e+05 1.192748630357166112e+05 4.314544922802111832e+05 2.199167515836689621e+06 1.216665386983118951e+05 -3.047010546928826443e+04 -4.120800476426425303e+04 3.285866137756971875e+04 2.691877916192765770e+04 1.089665692065467592e+06 -8.247491770634532440e+05 1.022559466377099161e+06 -5.493171051305815490e+04 3.231460101980474792e+04 2.355669645141618821e+04 1.127007173774181429e+05 -5.440619215620758769e+04 9.587536501065445191e+04
-9.749631576880103967e+04 1.199591750981083314e+05 1.348978424504826835e+05 1.216665386983118951e+05 6.495327762417331105e+05 -2.317477209980185944e+04 -5.348445565236402035e+04 -6.647070081090272652e+03 4.090848419997193105e+03 5.943228989078231098e+04 1.875177686754722163e+04 5.160754790106767905e+05 -2.140141356163817982e+05 -4.908713401126387907e+03 -8.370519231764130382e+03 6.271655956273580159e+03 1.502015381882644215e+04 -1.212508757874012554e+04
2.478940274026413099e+05 6.644452207718555883e+02 -9.725663575962440518e+04 -3.047010546928826443e+04 -2.317477209980185944e+04 5.794342225394273410e+05 3.982786866818207636e+04 1.564305976582355652e+04 1.645730356898750188e+03 3.301290107850861386e+04 2.213655184310761397e+05 -6.938165978796419222e+04 -7.960351084556762362e+04 9.454370351807835686e+04 2.237031040752508943e+03 1.605985170040530193e+03 5.405945791340612777e+04 1.155365007098486421e+04
2.237910417788818595e+05 -4.874525468447502135e+03 -1.618265200657094538e+05 -4.120800476426425303e+04 -5.348445565236402035e+04 3.982786866818207636e+04 3.015538632092862972e+05 2.398799214905773260e+04 -6.323364945953735514e+03 1.770728010689839430e+05 1.096923273203749268e+05 -3.114564128954903572e+05 -6.988923510773801536e+04 7.459975745734383054e+03 -1.206587763999402341e+03 1.000953087378042110e+05 2.244352286648895097e+04 1.217385984852689489e+03
-7.009243963001719385e+04 -3.033861378001606136e+04 -5.566632312400298542e+04 3.285866137756971875e+04 -6.647070081090272652e+03 1.564305976582355652e+04 2.398799214905773260e+04 2.223099300416402984e+05 -1.277349057057637538e+03 2.885887225256533129e+05 6.437353193255689803e+03 1.355388616752303496e+05 9.781812316240286236e+03 3.432828319337817811e+04 -3.302448862034123886e+04 8.787867884887784021e+04 1.393967947004831876e+04 -1.578383758308862707e+04
1.503758705070354918e+05 -9.204063633060634311e+04 4.048482272702574392e+02 2.691877916192765770e+04 4.090848419997193105e+03 1.645730356898750188e+03 -6.323364945953735514e+03 -1.277349057057637538e+03 1.051617215582908684e+05 4.444439961662255882e+03 -8.117093624694550272e+03 3.112473407785947711e+04 6.151129636086528080e+03 -1.420323707980926156e+04 1.541600626426167764e+04 7.217567128565497114e+03 1.910232091097118200e+03 1.807720519894580138e+04
-4.365410594745502807e+06 2.465534045540018938e+06 -3.310598101150032016e+05 1.089665692065467592e+06 5.943228989078231098e+04 3.301290107850861386e+04 1.770728010689839430e+05 2.885887225256533129e+05 4.444439961662255882e+03 2.312539655320115983e+08 1.045075812869495153e+07 5.453616205899982713e+06 3.888956876061012503e+06 7.747117078693393851e+05 6.561674020845566411e+05 1.948654294532056432e+06 -4.589338174581820494e+05 -5.234542448429424549e+05
4.221349602155321278e+06 4.141193194797260687e+06 -1.781480051901414699e+05 -8.247491770634532440e+05 1.875177686754722163e+04 2.213655184310761397e+05 1.096923273203749268e+05 6.437353193255689803e+03 -8.117093624694550272e+03 1.045075812869495153e+07 8.269274337770335376e+07 2.536399534996910021e+06 -1.310624769516572356e+06 1.798926142323944950e+05 -1.703259682753389003e+06 1.636120214667624095e+06 -4.186905327757038758e+05 -4.566631034693819820e+05
-5.881696948334507179e+05 -5.038691481302680331e+05 8.349525022226829315e+05 1.022559466377099161e+06 5.160754790106767905e+05 -6.938165978796419222e+04 -3.114564128954903572e+05 1.355388616752303496e+05 3.112473407785947711e+04 5.453616205899982713e+06 2.536399534996910021e+06 3.285438717232606933e+07 1.387941067554260371e+06 6.171907124456276651e+05 -9.673899112724502629e+02 3.317232673123786226e+05 -2.635770055864585447e+05 -4.411910257908783387e+04
-1.347702674249283969e+06 -6.281658811737985816e+05 -2.208236966161813762e+05 -5.493171051305815490e+04 -2.140141356163817982e+05 -7.960351084556762362e+04 -6.988923510773801536e+04 9.781812316240286236e+03 6.151129636086528080e+03 3.888956876061012503e+06 -1.310624769516572356e+06 1.387941067554260371e+06 9.852462086282558739e+06 2.847768397380204988e+05 5.078441081685391255e+05 -1.322922819453631819e+05 -8.986320379838370718e+04 1.407895101917810098e+05
3.347106024395437562e+05 -1.419890559678467398e+05 -2.357821594771135133e+05 3.231460101980474792e+04 -4.908713401126387907e+03 9.454370351807835686e+04 7.459975745734383054e+03 3.432828319337817811e+04 -1.420323707980926156e+04 7.747117078693393851e+05 1.798926142323944950e+05 6.171907124456276651e+05 2.847768397380204988e+05 3.770455660840041470e+06 1.772475322888913070e+04 1.504295868799164309e+05 -5.958761228602240590e+04 -1.172640708665008242e+04
-6.349271082887287484e+05 -4.261037615448359284e+05 -1.225331771129261033e+05 2.355669645141618821e+04 -8.370519231764130382e+03 2.237031040752508943e+03 -1.206587763999402341e+03 -3.302448862034123886e+04 1.541600626426167764e+04 6.561674020845566411e+05 -1.703259682753389003e+06 -9.673899112724502629e+02 5.078441081685391255e+05 1.772475322888913070e+04 2.644850318452768959e+06 3.316079644732476299e+04 -1.796005195783253657e+04 3.650358453286915028e+04
3.967736595897676889e+05 -2.797854835216336069e+05 -2.010763364512339103e+04 1.127007173774181429e+05 6.271655956273580159e+03 1.605985170040530193e+03 1.000953087378042110e+05 8.787867884887784021e+04 7.217567128565497114e+03 1.948654294532056432e+06 1.636120214667624095e+06 3.317232673123786226e+05 -1.322922819453631819e+05 1.504295868799164309e+05 3.316079644732476299e+04 4.020263322574938182e+06 1.838232592293569469e+05 -7.404394826312852092e+04
-5.990661671105597634e+04 -4.208155879939883598e+05 -8.727468930864747381e+04 -5.440619215620758769e+04 1.502015381882644215e+04 5.405945791340612777e+04 2.244352286648895097e+04 1.393967947004831876e+04 1.910232091097118200e+03 -4.589338174581820494e+05 -4.186905327757038758e+05 -2.635770055864585447e+05 -8.986320379838370718e+04 -5.958761228602240590e+04 -1.796005195783253657e+04 1.838232592293569469e+05 9.315302205762157682e+05 -1.303633656069388962e+04
5.551583834002564981e+04 2.025056299395134265e+05 8.405983258410208509e+04 9.587536501065445191e+04 -1.212508757874012554e+04 1.155365007098486421e+04 1.217385984852689489e+03 -1.578383758308862707e+04 1.807720519894580138e+04 -5.234542448429424549e+05 -4.566631034693819820e+05 -4.411910257908783387e+04 1.407895101917810098e+05 -1.172640708665008242e+04 3.650358453286915028e+04 -7.404394826312852092e+04 -1.303633656069388962e+04 7.172753557060612366e+05
