# lambda=0.2400104483793423
4.833025061796828359e+07 6.423627447852940299e+06 1.573343600223296788e+06 -3.207822015499229892e+05 -9.132096637620610418e+05 9.891807691527038114e+05 2.506686006298826542e+05 6.475423069133821409e+05 3.306549114978214493e+05 2.078557290833545849e+07 7.919053460345406085e+06 -3.785801979938624892e+06 9.497558359455134487e+05 6.308700508310738951e+05 4.254901346608436666e+06 1.113362094422643131e+05 -5.508861608548951335e+05 -8.643112135916460538e+05
6.423627447852940299e+06 2.456241386093807593e+07 2.954453889387112577e+06 3.790999707079334185e+05 2.156586004531050639e+04 1.028952573203261709e+06 -1.237034776068743522e+05 2.023126995813938556e+05 3.848572621339682955e+05 2.196967950360941514e+07 1.582229424291358888e+07 2.949062307931239717e+06 1.960517107503413456e+06 3.805926903432947583e+06 1.134280357668201672e+06 1.887334014903759584e+06 -9.849806731458132854e+05 -2.556146077261475439e+05
1.573343600223296788e+06 2.954453889387112577e+06 5.581148656575968489e+06 5.437037783061211230e+05 -5.318535100620823214e+05 -4.729381180765567842e+04 2.312417293979995011e+05 2.786567069483603700e+05 8.446091257905794191e+04 6.464189099455434829e+06 5.547336114474889822e+06 2.214884049472945277e+06 -5.168751329410159378e+05 1.278331423142734857e+05 -4.981880528905234314e+03 4.953925196877145790e+05 -3.108634551998430106e+04 1.338593089181256655e+05
-3.207822015499229892e+05 3.790999707079334185e+05 5.437037783061211230e+05 1.645634498822605703e+06 -6.387879650437883538e+04 -2.781821916180034750e+05 -9.013967887007785612e+04 7.897221464570547687e+04 6.126141664587156993e+04 -4.211736304237681907e+04 2.171842903045790270e+06 4.715729827124638250e+05 1.020756780735234846e+06 5.307275744279756909e+05 7.951508821271911438e+04 -9.832870680973667186e+04 -1.373250843180617085e+05 3.487857885994840181e+05
-9.132096637620610418e+05 2.156586004531050639e+04 -5.318535100620823214e+05 -6.387879650437883538e+04 9.611997261201078072e+05 -4.608368597296495136e+04 -7.664098580939538078e+04 -5.894847290962921397e+04 -6.594594740867012297e+04 3.903945384839194012e+05 -1.355690828786282102e+06 3.550982858282882953e+05 5.811499523372841941e+04 5.390612484296431066e+05 -4.618759442118250881e+05 1.049707959653328871e+05 5.409996416739327833e+04 6.762624170596845215e+04
9.891807691527038114e+05 1.028952573203261709e+06 -4.729381180765567842e+04 -2.781821916180034750e+05 -4.608368597296495136e+04 6.439575873754400527e+05 -1.016341780908998771e+04 2.410570349260136572e+04 5.016881568401314144e+04 -1.545495755227452843e+06 3.153956235276178340e+05 -2.159807588627034856e+05 -5.041429647986072232e+05 2.254992147489140043e+05 3.706507005105018616e+05 -1.262662560609442517e+04 8.302430437419528744e+02 -1.414025578757511103e+05
2.506686006298826542e+05 -1.237034776068743522e+05 2.312417293979995011e+05 -9.013967887007785612e+04 -7.664098580939538078e+04 -1.016341780908998771e+04 3.226162359951092512e+05 8.391582768611342181e+04 -4.819143690099741434e+03 1.384726727178926580e+06 2.918749299680244294e+05 -3.542256818043616950e+05 -4.961115229945989558e+05 -1.538330181698497036e+05 7.812600916032330133e+04 9.267200425623517367e+04 5.806077368837471295e+04 -5.256456574868870666e+04
6.475423069133821409e+05 2.023126995813938556e+05 2.786567069483603700e+05 7.897221464570547687e+04 -5.894847290962921397e+04 2.410570349260136572e+04 8.391582768611342181e+04 2.164349195123454265e+05 5.257516007443454146e+04 1.559499632442953531e+06 5.772271427026797319e+05 -2.882669822915293043e+05 -3.692244547589980357e+04 1.895638366101441497e+05 1.570118497161039268e+05 7.958430307158327196e+04 6.073103976238526229e+04 3.193307974453594215e+04
3.306549114978214493e+05 3.848572621339682955e+05 8.446091257905794191e+04 6.126141664587156993e+04 -6.594594740867012297e+04 5.016881568401314144e+04 -4.819143690099741434e+03 5.257516007443454146e+04 1.192219940021767979e+05 1.071080888280232204e+06 8.785797043763850816e+05 4.930069359792920295e+04 1.572453659962776874e+05 1.433982127027933893e+05 1.758693718402821687e+05 1.210054946453727316e+05 2.331767619847636161e+04 9.728389444625083343e+03
2.078557290833545849e+07 2.196967950360941514e+07 6.464189099455434829e+06 -4.211736304237681907e+04 3.903945384839194012e+05 -1.545495755227452843e+06 1.384726727178926580e+06 1.559499632442953531e+06 1.071080888280232204e+06 2.800009380088011026e+08 7.474192934065738320e+07 -4.562955856241592206e+06 5.656070267777647823e+06 6.527403455038676038e+06 5.569704676463283598e+06 5.301953273379489779e+06 -8.397701073396349093e+05 1.052678648587560980e+06
7.919053460345406085e+06 1.582229424291358888e+07 5.547336114474889822e+06 2.171842903045790270e+06 -1.355690828786282102e+06 3.153956235276178340e+05 2.918749299680244294e+05 5.772271427026797319e+05 8.785797043763850816e+05 7.474192934065738320e+07 1.182061164320651293e+08 1.728725698486310197e+06 6.955725896067240683e+04 3.633047231452579610e+06 5.102908956403839402e+06 4.696821248199688271e+06 -4.082572197266830481e+05 7.995965681360202143e+05
-3.785801979938624892e+06 2.949062307931239717e+06 2.214884049472945277e+06 4.715729827124638250e+05 3.550982858282882953e+05 -2.159807588627034856e+05 -3.542256818043616950e+05 -2.882669822915293043e+05 4.930069359792920295e+04 -4.562955856241592206e+06 1.728725698486310197e+06 2.490445165350502729e+07 2.831178253369361628e+06 3.604741919083709829e+06 -1.685873718254086096e+06 2.880640189510870914e+04 -5.149864710934581235e+05 2.582575799411975604e+05
9.497558359455134487e+05 1.960517107503413456e+06 -5.168751329410159378e+05 1.020756780735234846e+06 5.811499523372841941e+04 -5.041429647986072232e+05 -4.961115229945989558e+05 -3.692244547589980357e+04 1.572453659962776874e+05 5.656070267777647823e+06 6.955725896067240683e+04 2.831178253369361628e+06 1.141638444066724181e+07 2.628193184085589368e+06 -2.791789843434397480e+05 -2.749127223890446476e+05 -4.166740600229454576e+05 5.299624004477105336e+05
6.308700508310738951e+05 3.805926903432947583e+06 1.278331423142734857e+05 5.307275744279756909e+05 5.390612484296431066e+05 2.254992147489140043e+05 -1.538330181698497036e+05 1.895638366101441497e+05 1.433982127027933893e+05 6.527403455038676038e+06 3.633047231452579610e+06 3.604741919083709829e+06 2.628193184085589368e+06 6.898364091291351244e+06 7.304632609996320680e+05 -5.087944288854250044e+04 -4.088417839164670440e+05 6.079412195138863171e+04
4.254901346608436666e+06 1.134280357668201672e+06 -4.981880528905234314e+03 7.951508821271911438e+04 -4.618759442118250881e+05 3.706507005105018616e+05 7.812600916032330133e+04 1.570118497161039268e+05 1.758693718402821687e+05 5.569704676463283598e+06 5.102908956403839402e+06 -1.685873718254086096e+06 -2.791789843434397480e+05 7.304632609996320680e+05 3.257609469025692903e+06 3.904225237465407117e+05 -2.814566276950362953e+05 -3.152900764614733635e+05
1.113362094422643131e+05 1.887334014903759584e+06 4.953925196877145790e+05 -9.832870680973667186e+04 1.049707959653328871e+05 -1.262662560609442517e+04 9.267200425623517367e+04 7.958430307158327196e+04 1.210054946453727316e+05 5.301953273379489779e+06 4.696821248199688271e+06 2.880640189510870914e+04 -2.749127223890446476e+05 -5.087944288854250044e+04 3.904225237465407117e+05 2.236420692040771712e+06 4.297114936985137756e+05 1.165976367092155124e+05
-5.508861608548951335e+05 -9.849806731458132854e+05 -3.108634551998430106e+04 -1.373250843180617085e+05 5.409996416739327833e+04 8.302430437419528744e+02 5.806077368837471295e+04 6.073103976238526229e+04 2.331767619847636161e+04 -8.397701073396349093e+05 -4.082572197266830481e+05 -5.149864710934581235e+05 -4.166740600229454576e+05 -4.088417839164670440e+05 -2.814566276950362953e+05 4.297114936985137756e+05 8.167825579723862465e+05 1.330434884348493943e+05
-8.643112135916460538e+05 -2.556146077261475439e+05 1.338593089181256655e+05 3.487857885994840181e+05 6.762624170596845215e+04 -1.414025578757511103e+05 -5.256456574868870666e+04 3.193307974453594215e+04 9.728389444625083343e+03 1.052678648587560980e+06 7.995965681360202143e+05 2.582575799411975604e+05 5.299624004477105336e+05 6.079412195138863171e+04 -3.152900764614733635e+05 1.165976367092155124e+05 1.330434884348493943e+05 1.001917943502582726e+06
