# lambda=0.575567889242308
3.952555893531303853e+07 6.693679347202125937e+05 1.096245806988708209e+06 -5.609636762582779193e+04 5.412069058340913616e+05 6.474783914553173963e+04 -1.178796281899556197e+05 -3.232408237538419780e+05 -2.741812605243424769e+05 1.315394415241801366e+07 1.433163630458691390e+06 4.203601782384207472e+05 -3.960404739055986516e+06 3.469360682636198471e+05 8.415404223821195774e+04 -1.509117452307948610e+06 -2.591956553529817320e+05 -1.279388870257053059e+05
6.693679347202125937e+05 1.159411557315402105e+07 1.183930101675459649e+06 2.996920763334985240e+05 2.715446951821168768e+05 7.383988644515351916e+04 3.482250431604918558e+05 2.137138723050016852e+05 1.512632676079692465e+04 -1.201109454943916295e+06 2.687087492332560942e+05 -4.441694881026489311e+05 1.474587745294083375e+06 -1.136833437289280118e+05 5.271077098297405755e+05 1.543312236898381962e+05 7.064590685868429719e+05 3.633152991956579499e+05
1.096245806988708209e+06 1.183930101675459649e+06 5.518894097401412204e+06 -2.190207073164512694e+05 1.629154722236479029e+04 1.014937858741033706e+05 1.221830627083478757e+05 1.363317133855726570e+04 -8.429864120071544312e+04 -9.385588919840178278e+04 -2.005067312054328388e+06 1.789171715409321943e+06 9.992651707301172428e+05 -5.121988485741287877e+04 2.694117335157999769e+05 -2.238983277630276862e+05 6.136758505335021619e+04 3.462593272297538933e+05
-5.609636762582779193e+04 2.996920763334985240e+05 -2.190207073164512694e+05 2.205893246389099862e+06 3.225448455334048485e+05 6.126432204602979618e+04 1.312376235869688207e+04 2.769267576438685137e+04 1.943775193129404943e+04 -1.339749300544407452e+06 2.271525860844526687e+04 2.030065154712364310e+05 6.997989504821295850e+05 5.765484730693338497e+04 3.168631854714532528e+04 2.920546735035357997e+05 2.820633204257125617e+05 -9.109979090239969082e+04
5.412069058340913616e+05 2.715446951821168768e+05 1.629154722236479029e+04 3.225448455334048485e+05 1.045307922681343509e+06 6.242520328958801838e+04 5.674239949456704198e+04 -2.832420194709881616e+04 -2.919528925184821492e+04 4.831402203480169410e+05 -4.214659922990294290e+05 2.084175969678011024e+05 2.846202974118657294e+05 6.985875789869399341e+03 1.471080258020293695e+04 -1.403890933447590032e+04 6.202194550455638819e+04 -4.026545216847585107e+04
6.474783914553173963e+04 7.383988644515351916e+04 1.014937858741033706e+05 6.126432204602979618e+04 6.242520328958801838e+04 3.325929541191312019e+05 2.125527218708893270e+04 -1.469189305830099693e+04 1.517223008332572135e+04 -1.604313412125326286e+05 -5.004187488250320166e+04 5.991552181396745145e+05 -4.873857123672791931e+04 -3.308713115706904091e+02 1.195593261049148714e+05 -5.089629498114589660e+04 4.263452769309259020e+04 7.061475432848567834e+03
-1.178796281899556197e+05 3.482250431604918558e+05 1.221830627083478757e+05 1.312376235869688207e+04 5.674239949456704198e+04 2.125527218708893270e+04 1.795792803433632944e+05 1.402381497741462044e+04 -2.108267365393596435e+02 -3.956142109195588273e+05 -4.825974451116190903e+04 -1.222765610317720566e+05 1.328042306493663054e+05 -3.652527277787875937e+04 1.040024675543829362e+05 3.951182223681521918e+03 -5.538333749959780107e+03 6.600601740222318767e+03
-3.232408237538419780e+05 2.137138723050016852e+05 1.363317133855726570e+04 2.769267576438685137e+04 -2.832420194709881616e+04 -1.469189305830099693e+04 1.402381497741462044e+04 2.413493752998522250e+05 8.216252295808480994e+03 -7.777908030043577310e+05 2.248509830909666780e+05 -8.572246352326343185e+04 2.644328854502250324e+05 4.454923887769842986e+04 1.163780079980622249e+05 4.429258598481373338e+04 1.091259218737837946e+05 4.951160098582137289e+04
-2.741812605243424769e+05 1.512632676079692465e+04 -8.429864120071544312e+04 1.943775193129404943e+04 -2.919528925184821492e+04 1.517223008332572135e+04 -2.108267365393596435e+02 8.216252295808480994e+03 7.032380221627349965e+04 -2.236237289641970710e+05 7.628599154668099072e+04 -1.178006612892539852e+05 -4.812882369146604469e+04 -3.245308907259171247e+04 -2.683476348485268318e+04 5.334003523334194324e+04 4.059917243172471353e+04 5.092385478060864443e+03
1.315394415241801366e+07 -1.201109454943916295e+06 -9.385588919840178278e+04 -1.339749300544407452e+06 4.831402203480169410e+05 -1.604313412125326286e+05 -3.956142109195588273e+05 -7.777908030043577310e+05 -2.236237289641970710e+05 1.319175267052830458e+08 1.067680105183485895e+07 7.308079596929956460e+04 -7.872861422085431404e+06 -2.031654309783439618e+06 -1.665423885808931198e+06 -2.624799378383089206e+05 2.027348986249196460e+05 -5.615385931865868624e+05
1.433163630458691390e+06 2.687087492332560942e+05 -2.005067312054328388e+06 2.271525860844526687e+04 -4.214659922990294290e+05 -5.004187488250320166e+04 -4.825974451116190903e+04 2.248509830909666780e+05 7.628599154668099072e+04 1.067680105183485895e+07 6.865822629973673820e+07 -4.181826365865096916e+06 -2.094081772122133756e+06 -5.837016959837916074e+05 4.413052447553885286e+05 -5.810438683014924172e+05 1.489155703809290193e+06 -2.064716370711219206e+05
4.203601782384207472e+05 -4.441694881026489311e+05 1.789171715409321943e+06 2.030065154712364310e+05 2.084175969678011024e+05 5.991552181396745145e+05 -1.222765610317720566e+05 -8.572246352326343185e+04 -1.178006612892539852e+05 7.308079596929956460e+04 -4.181826365865096916e+06 3.778840359960938990e+07 1.795692358531039441e+06 1.513267291028141743e+06 8.082431154164539475e+04 -5.502033176026069559e+05 -1.347098122287284641e+05 7.496677692958861589e+05
-3.960404739055986516e+06 1.474587745294083375e+06 9.992651707301172428e+05 6.997989504821295850e+05 2.846202974118657294e+05 -4.873857123672791931e+04 1.328042306493663054e+05 2.644328854502250324e+05 -4.812882369146604469e+04 -7.872861422085431404e+06 -2.094081772122133756e+06 1.795692358531039441e+06 1.266627179493188858e+07 2.553717230526170169e+05 1.877556936649235140e+05 2.867447915258445428e+05 1.941083768365193100e+05 2.800932251422536792e+05
3.469360682636198471e+05 -1.136833437289280118e+05 -5.121988485741287877e+04 5.765484730693338497e+04 6.985875789869399341e+03 -3.308713115706904091e+02 -3.652527277787875937e+04 4.454923887769842986e+04 -3.245308907259171247e+04 -2.031654309783439618e+06 -5.837016959837916074e+05 1.513267291028141743e+06 2.553717230526170169e+05 2.659593756335734855e+06 -5.335765908058030618e+03 -2.004325821619195631e+05 -7.628508076528698439e+04 1.673850474051743222e+05
8.415404223821195774e+04 5.271077098297405755e+05 2.694117335157999769e+05 3.168631854714532528e+04 1.471080258020293695e+04 1.195593261049148714e+05 1.040024675543829362e+05 1.163780079980622249e+05 -2.683476348485268318e+04 -1.665423885808931198e+06 4.413052447553885286e+05 8.082431154164539475e+04 1.877556936649235140e+05 -5.335765908058030618e+03 2.827663234199232422e+06 9.163719218384190754e+04 1.158005345692665287e+05 2.156072087774462125e+05
-1.509117452307948610e+06 1.543312236898381962e+05 -2.238983277630276862e+05 2.920546735035357997e+05 -1.403890933447590032e+04 -5.089629498114589660e+04 3.951182223681521918e+03 4.429258598481373338e+04 5.334003523334194324e+04 -2.624799378383089206e+05 -5.810438683014924172e+05 -5.502033176026069559e+05 2.867447915258445428e+05 -2.004325821619195631e+05 9.163719218384190754e+04 1.589154209103221772e+06 2.074518733228799829e+05 2.475864815298158192e+03
-2.591956553529817320e+05 7.064590685868429719e+05 6.136758505335021619e+04 2.820633204257125617e+05 6.202194550455638819e+04 4.263452769309259020e+04 -5.538333749959780107e+03 1.091259218737837946e+05 4.059917243172471353e+04 2.027348986249196460e+05 1.489155703809290193e+06 -1.347098122287284641e+05 1.941083768365193100e+05 -7.628508076528698439e+04 1.158005345692665287e+05 2.074518733228799829e+05 1.941959850534961559e+06 8.518959348781783774e+04
-1.279388870257053059e+05 3.633152991956579499e+05 3.462593272297538933e+05 -9.109979090239969082e+04 -4.026545216847585107e+04 7.061475432848567834e+03 6.600601740222318767e+03 4.951160098582137289e+04 5.092385478060864443e+03 -5.615385931865868624e+05 -2.064716370711219206e+05 7.496677692958861589e+05 2.800932251422536792e+05 1.673850474051743222e+05 2.156072087774462125e+05 2.475864815298158192e+03 8.518959348781783774e+04 8.573582914788769558e+05
