# lambda=0.3478545377461391
4.753000091417740285e+07 5.717434683123098686e+06 5.381948409341891529e+05 -1.927426344121192349e+06 5.807802286618979415e+05 1.578866793122105009e+05 6.437921320647423854e+05 -6.088716881929306546e+05 1.270754690118800354e+05 2.892706556245574355e+07 1.067630039134116471e+07 6.413314056564891711e+06 -1.926753218445517356e+06 -2.861421672354977345e+05 -9.838116128455535509e+05 -5.293920043047878426e+05 -4.803753305100690923e+05 -5.514867304827717599e+05
5.717434683123098686e+06 1.775926804186492041e+07 9.811269354996997572e+04 -8.941298826600904576e+05 1.051753502216091147e+05 2.301508270142485562e+05 -6.558262537926445948e+05 -2.999155395298813819e+05 -5.514615666071634223e+03 1.558677879333302751e+07 6.911951015571113676e+06 1.514723645751984091e+06 8.829143749005786376e+05 1.347397445740860421e+06 -4.588557919300036738e+05 -8.854184809282401111e+05 -8.564589612874783343e+05 -1.371544025657507300e+05
5.381948409341891529e+05 9.811269354996997572e+04 3.729676993055150844e+06 5.459139798295872752e+05 1.977310036909870978e+05 2.713588239465613151e+05 1.308671320094458206e+05 1.323739723711903207e+04 8.415153937110074912e+04 -2.378981525002824608e+06 -1.306234358157926938e+06 1.125493929730361328e+06 1.723920056365065277e+06 3.790176326742295059e+05 1.194336396582187590e+05 1.221441873061826685e+06 4.793511794776866009e+04 -2.858328962322878651e+05
-1.927426344121192349e+06 -8.941298826600904576e+05 5.459139798295872752e+05 1.978828767957967706e+06 5.755775968485364137e+04 6.304116527762817896e+03 1.557227071012556844e+05 1.632650223921950783e+04 2.855211027202261539e+04 -4.165692257506968919e+06 -2.308449662516884506e+06 6.779756581804649904e+05 6.069758577368061524e+05 1.777095274556282966e+05 3.829553413627205300e+05 3.508675947951162234e+05 2.967495500044243527e+05 -1.020295417975620076e+05
5.807802286618979415e+05 1.051753502216091147e+05 1.977310036909870978e+05 5.755775968485364137e+04 1.331149599501551827e+06 4.754505728538053518e+04 1.651093752733766451e+05 8.023071805245002906e+04 3.339868940488320368e+04 5.891934509405078279e+04 6.452412434288711520e+05 -4.395497554657440633e+05 -4.305881669432488852e+05 2.595051465987045667e+05 8.375089984293370799e+04 -7.942027948264787847e+04 4.948333704712134136e+02 -1.967062621013228199e+05
1.578866793122105009e+05 2.301508270142485562e+05 2.713588239465613151e+05 6.304116527762817896e+03 4.754505728538053518e+04 3.582670758073881734e+05 1.690105293397293053e+03 3.089938264528816580e+04 1.441836951753432731e+04 1.946662784605173394e+06 1.504194212751644896e+06 5.300439746995631867e+04 1.407919689950267202e+05 2.482661410259701661e+05 2.946130189871758339e+05 1.600852478034733795e+05 3.097084750168559913e+04 -3.882080644925784145e+04
6.437921320647423854e+05 -6.558262537926445948e+05 1.308671320094458206e+05 1.557227071012556844e+05 1.651093752733766451e+05 1.690105293397293053e+03 5.089576143502506893e+05 -1.001074933062840682e+04 3.293711073551537265e+04 -4.868171075748882140e+05 8.261083248545350216e+04 8.946799938524786849e+05 1.464433992849219430e+04 -9.666168194037567446e+03 1.501124145811467606e+05 1.425319680710014945e+05 1.402619342966088734e+05 3.154075182269822835e+04
-6.088716881929306546e+05 -2.999155395298813819e+05 1.323739723711903207e+04 1.632650223921950783e+04 8.023071805245002906e+04 3.089938264528816580e+04 -1.001074933062840682e+04 1.499693161994180409e+05 6.554887119452944717e+03 -4.230510168239322957e+05 5.483416332437411620e+04 -2.684615478344095754e+05 -3.201329072340697167e+05 -5.531360694276051800e+04 7.675935833638581971e+04 -3.114458623210952646e+04 7.928432534614016186e+04 -4.586737426704949939e+03
1.270754690118800354e+05 -5.514615666071634223e+03 8.415153937110074912e+04 2.855211027202261539e+04 3.339868940488320368e+04 1.441836951753432731e+04 3.293711073551537265e+04 6.554887119452944717e+03 6.434241480071986734e+04 -2.621226280553233810e+05 -4.832581735786022036e+05 -1.713270961052947969e+05 -9.743536579149092631e+02 5.058450973838235223e+04 5.031066808747428922e+02 2.439609491838358736e+04 1.607160072129657237e+04 -1.872113918468064730e+04
2.892706556245574355e+07 1.558677879333302751e+07 -2.378981525002824608e+06 -4.165692257506968919e+06 5.891934509405078279e+04 1.946662784605173394e+06 -4.868171075748882140e+05 -4.230510168239322957e+05 -2.621226280553233810e+05 2.627704679861771166e+08 3.833177595286533982e+07 1.110607504620584287e+07 -3.820034908208107110e+06 6.005160288450008957e+05 1.510604748991881032e+06 -2.104900717848475033e+05 1.917839767496716231e+06 -1.007817784192934865e+06
1.067630039134116471e+07 6.911951015571113676e+06 -1.306234358157926938e+06 -2.308449662516884506e+06 6.452412434288711520e+05 1.504194212751644896e+06 8.261083248545350216e+04 5.483416332437411620e+04 -4.832581735786022036e+05 3.833177595286533982e+07 1.229029961264609694e+08 1.623362848848290928e+07 1.807677861756437924e+05 5.817935145491480827e+06 5.798514459033296444e+06 8.434465958293699077e+04 -7.148533608552905498e+05 4.254595340663252282e+05
6.413314056564891711e+06 1.514723645751984091e+06 1.125493929730361328e+06 6.779756581804649904e+05 -4.395497554657440633e+05 5.300439746995631867e+04 8.946799938524786849e+05 -2.684615478344095754e+05 -1.713270961052947969e+05 1.110607504620584287e+07 1.623362848848290928e+07 2.699002909650257230e+07 2.977351411957588047e+06 1.370841419567961013e+06 2.074702366786718136e+06 2.348021425005694386e+06 8.056326069769117748e+05 6.630906486679916270e+05
-1.926753218445517356e+06 8.829143749005786376e+05 1.723920056365065277e+06 6.069758577368061524e+05 -4.305881669432488852e+05 1.407919689950267202e+05 1.464433992849219430e+04 -3.201329072340697167e+05 -9.743536579149092631e+02 -3.820034908208107110e+06 1.807677861756437924e+05 2.977351411957588047e+06 1.188964672913450375e+07 1.339197820524157956e+06 -6.430105613743599970e+05 1.273372306579653174e+06 5.629274959345712705e+04 7.575961312599891971e+04
-2.861421672354977345e+05 1.347397445740860421e+06 3.790176326742295059e+05 1.777095274556282966e+05 2.595051465987045667e+05 2.482661410259701661e+05 -9.666168194037567446e+03 -5.531360694276051800e+04 5.058450973838235223e+04 6.005160288450008957e+05 5.817935145491480827e+06 1.370841419567961013e+06 1.339197820524157956e+06 5.586009670643849298e+06 6.785504807753069326e+05 1.046706230986607989e+05 4.963650406841692893e+04 -1.508097604656106851e+05
-9.838116128455535509e+05 -4.588557919300036738e+05 1.194336396582187590e+05 3.829553413627205300e+05 8.375089984293370799e+04 2.946130189871758339e+05 1.501124145811467606e+05 7.675935833638581971e+04 5.031066808747428922e+02 1.510604748991881032e+06 5.798514459033296444e+06 2.074702366786718136e+06 -6.430105613743599970e+05 6.785504807753069326e+05 3.637572766190243885e+06 7.173223154959531967e+05 1.827442068798168330e+05 2.092757866432073060e+05
-5.293920043047878426e+05 -8.854184809282401111e+05 1.221441873061826685e+06 3.508675947951162234e+05 -7.942027948264787847e+04 1.600852478034733795e+05 1.425319680710014945e+05 -3.114458623210952646e+04 2.439609491838358736e+04 -2.104900717848475033e+05 8.434465958293699077e+04 2.348021425005694386e+06 1.273372306579653174e+06 1.046706230986607989e+05 7.173223154959531967e+05 2.120436139768471476e+06 1.569409633450054389e+04 2.949958525435123192e+03
-4.803753305100690923e+05 -8.564589612874783343e+05 4.793511794776866009e+04 2.967495500044243527e+05 4.948333704712134136e+02 3.097084750168559913e+04 1.402619342966088734e+05 7.928432534614016186e+04 1.607160072129657237e+04 1.917839767496716231e+06 -7.148533608552905498e+05 8.056326069769117748e+05 5.629274959345712705e+04 4.963650406841692893e+04 1.827442068798168330e+05 1.569409633450054389e+04 1.293356564273772296e+06 -9.797761581584121450e+04
-5.514867304827717599e+05 -1.371544025657507300e+05 -2.858328962322878651e+05 -1.020295417975620076e+05 -1.967062621013228199e+05 -3.882080644925784145e+04 3.154075182269822835e+04 -4.586737426704949939e+03 -1.872113918468064730e+04 -1.007817784192934865e+06 4.254595340663252282e+05 6.630906486679916270e+05 7.575961312599891971e+04 -1.508097604656106851e+05 2.092757866432073060e+05 2.949958525435123192e+03 -9.797761581584121450e+04 5.326473780973234680e+05
