# lambda=0.5288042792256984
7.876855829900752008e+07 5.205986230113086291e+06 -1.297121412437741878e+06 -1.038869548743375577e+06 3.709436806414493476e+05 7.497840212589266011e+05 4.422532510366536444e+05 -2.550776769429243286e+05 -5.675699663624096429e+05 1.400342493523570709e+07 6.609314908664165065e+06 -5.104239875969457440e+06 -2.367563557871210389e+06 3.147515956034337636e+06 -1.378637033797132317e+06 -5.512698425448716152e+05 -1.518799553672096459e+06 -9.760822681790643837e+05
5.205986230113086291e+06 1.669203486165577918e+07 3.267528900269264122e+05 7.194428062828627881e+05 1.212722007369431813e+05 4.905233289573223446e+05 2.310269838430731616e+05 -1.369528294233329871e+04 7.077632500812827493e+04 2.260534810771897901e+06 8.663335649463796988e+06 4.580479892209681682e+06 1.371140462984029669e+06 2.401090975150177255e+05 4.036968334356697742e+05 3.085279928211336373e+05 -1.879747950798084494e+05 9.407312010067813389e+04
-1.297121412437741878e+06 3.267528900269264122e+05 6.847859722598806955e+06 6.966368317472195486e+05 3.936364692517689546e+05 2.605226117370258726e+05 9.290445793377715745e+04 7.286978682959146681e+03 -3.308842000823164562e+04 7.717345938962855143e+05 -2.879326272884981008e+05 4.246999576718052849e+06 8.542918741392532829e+05 -7.941236935984519077e+05 5.125751815455463657e+04 -1.982693494428397098e+05 7.711054947296259343e+04 3.016003807630066294e+05
-1.038869548743375577e+06 7.194428062828627881e+05 6.966368317472195486e+05 2.256780727547756396e+06 1.309679948340960545e+05 2.697843122633188032e+05 3.436337416765596572e+04 6.400755500863157795e+04 3.468302850467496319e+04 9.679585968272363534e+05 7.689712075799237937e+05 1.969449287230313057e+06 9.778279850427840138e+05 2.390748649448482029e+05 2.581481466048734146e+05 9.610828778598153440e+04 2.555537896370550880e+04 -8.207689668135883039e+03
3.709436806414493476e+05 1.212722007369431813e+05 3.936364692517689546e+05 1.309679948340960545e+05 9.810868707856871188e+05 1.323433633750695444e+05 6.977272962232826103e+04 5.628718779121727130e+04 2.001155108584024129e+04 5.795555256221368909e+05 1.343311960664601065e+05 2.661294143989054719e+05 1.869042700930623978e+05 2.846203623633467942e+05 1.476189629551501093e+04 1.489144904280244955e+05 1.009964624321391893e+05 -5.118904185678691283e+04
7.497840212589266011e+05 4.905233289573223446e+05 2.605226117370258726e+05 2.697843122633188032e+05 1.323433633750695444e+05 7.657640739152632887e+05 3.742581310033439513e+04 3.190649812384331381e+04 -1.578778154642431400e+04 1.233888751661846181e+05 3.730010192994085810e+04 4.787417164628592436e+05 3.385425619046646170e+05 3.206691841612383141e+05 1.537687628543658939e+05 6.101738454500306943e+03 2.543413081961952412e+04 -2.948459401644894024e+04
4.422532510366536444e+05 2.310269838430731616e+05 9.290445793377715745e+04 3.436337416765596572e+04 6.977272962232826103e+04 3.742581310033439513e+04 2.807728189008096233e+05 4.981731531075977546e+04 4.916185483577370178e+03 1.577953615906946128e+06 7.334665930211046943e+05 1.249398052808522043e+05 8.083933396900763910e+04 -1.076268008875644446e+05 -3.831128540767175582e+04 1.101076669744679966e+05 3.966266411992500798e+04 9.684628102922577455e+03
-2.550776769429243286e+05 -1.369528294233329871e+04 7.286978682959146681e+03 6.400755500863157795e+04 5.628718779121727130e+04 3.190649812384331381e+04 4.981731531075977546e+04 2.317086253088884114e+05 2.647397683666750163e+04 5.027650912651560502e+05 2.182208504601510358e+05 -5.026800468260799244e+04 1.530978351742168888e+05 3.639223656882618525e+04 8.984601913898874773e+04 5.303056246417968941e+04 6.637371351759218669e+04 -2.684808022052301567e+03
-5.675699663624096429e+05 7.077632500812827493e+04 -3.308842000823164562e+04 3.468302850467496319e+04 2.001155108584024129e+04 -1.578778154642431400e+04 4.916185483577370178e+03 2.647397683666750163e+04 1.432508197301606415e+05 5.424862902713644144e+04 1.230209004767476727e+05 3.977148436466645944e+04 1.746074754366386624e+05 -8.442737514537895913e+04 -7.528010141357031534e+04 2.204720984084084921e+04 1.557947998207704950e+04 3.718340587316674646e+04
1.400342493523570709e+07 2.260534810771897901e+06 7.717345938962855143e+05 9.679585968272363534e+05 5.795555256221368909e+05 1.233888751661846181e+05 1.577953615906946128e+06 5.027650912651560502e+05 5.424862902713644144e+04 1.884139063826957345e+08 2.010885651433991268e+07 -3.162654961072138511e+06 -1.134526669301138958e+06 -3.845738625077328645e+06 1.465857320683191530e+06 1.657243723853855161e+06 -9.783465958505027229e+05 -1.046458836273161462e+06
6.609314908664165065e+06 8.663335649463796988e+06 -2.879326272884981008e+05 7.689712075799237937e+05 1.343311960664601065e+05 3.730010192994085810e+04 7.334665930211046943e+05 2.182208504601510358e+05 1.230209004767476727e+05 2.010885651433991268e+07 8.323753394405072927e+07 6.862203182885874063e+06 3.618086417238184251e+06 -9.244581680948373396e+05 -9.350731086972156481e+04 1.875527022728248499e+06 -7.810983321668509161e+05 -4.865100768815685296e+05
-5.104239875969457440e+06 4.580479892209681682e+06 4.246999576718052849e+06 1.969449287230313057e+06 2.661294143989054719e+05 4.787417164628592436e+05 1.249398052808522043e+05 -5.026800468260799244e+04 3.977148436466645944e+04 -3.162654961072138511e+06 6.862203182885874063e+06 3.888425715456218272e+07 3.505333995325224940e+06 -5.169424382918345509e+05 4.361703151514870697e+05 5.978667466657626210e+04 1.864451355764512482e+04 4.714579660224063555e+05
-2.367563557871210389e+06 1.371140462984029669e+06 8.542918741392532829e+05 9.778279850427840138e+05 1.869042700930623978e+05 3.385425619046646170e+05 8.083933396900763910e+04 1.530978351742168888e+05 1.746074754366386624e+05 -1.134526669301138958e+06 3.618086417238184251e+06 3.505333995325224940e+06 1.037641099104397930e+07 -2.036130070301096712e+05 -9.497856049499867368e+03 1.690897170934376190e+05 3.871479074413997005e+05 3.235768591488171951e+05
3.147515956034337636e+06 2.401090975150177255e+05 -7.941236935984519077e+05 2.390748649448482029e+05 2.846203623633467942e+05 3.206691841612383141e+05 -1.076268008875644446e+05 3.639223656882618525e+04 -8.442737514537895913e+04 -3.845738625077328645e+06 -9.244581680948373396e+05 -5.169424382918345509e+05 -2.036130070301096712e+05 6.117692990149627440e+06 5.262769368841471151e+05 1.158263592336894180e+04 -1.433484369009988150e+05 -8.994372450508337351e+04
-1.378637033797132317e+06 4.036968334356697742e+05 5.125751815455463657e+04 2.581481466048734146e+05 1.476189629551501093e+04 1.537687628543658939e+05 -3.831128540767175582e+04 8.984601913898874773e+04 -7.528010141357031534e+04 1.465857320683191530e+06 -9.350731086972156481e+04 4.361703151514870697e+05 -9.497856049499867368e+03 5.262769368841471151e+05 3.087233144770938437e+06 -1.539094635630910052e+05 1.528436937884127256e+05 -1.268142230416337989e+05
-5.512698425448716152e+05 3.085279928211336373e+05 -1.982693494428397098e+05 9.610828778598153440e+04 1.489144904280244955e+05 6.101738454500306943e+03 1.101076669744679966e+05 5.303056246417968941e+04 2.204720984084084921e+04 1.657243723853855161e+06 1.875527022728248499e+06 5.978667466657626210e+04 1.690897170934376190e+05 1.158263592336894180e+04 -1.539094635630910052e+05 1.895703801812640857e+06 2.031060694103440328e+05 5.855559825609537074e+04
-1.518799553672096459e+06 -1.879747950798084494e+05 7.711054947296259343e+04 2.555537896370550880e+04 1.009964624321391893e+05 2.543413081961952412e+04 3.966266411992500798e+04 6.637371351759218669e+04 1.557947998207704950e+04 -9.783465958505027229e+05 -7.810983321668509161e+05 1.864451355764512482e+04 3.871479074413997005e+05 -1.433484369009988150e+05 1.528436937884127256e+05 2.031060694103440328e+05 1.056106354763764888e+06 8.183023412178778381e+04
-9.760822681790643837e+05 9.407312010067813389e+04 3.016003807630066294e+05 -8.207689668135883039e+03 -5.118904185678691283e+04 -2.948459401644894024e+04 9.684628102922577455e+03 -2.684808022052301567e+03 3.718340587316674646e+04 -1.046458836273161462e+06 -4.865100768815685296e+05 4.714579660224063555e+05 3.235768591488171951e+05 -8.994372450508337351e+04 -1.268142230416337989e+05 5.855559825609537074e+04 8.183023412178778381e+04 9.664939615075407783e+05
