# lambda=0.5499067971036966
4.920982494872173667e+07 2.731315695310460869e+06 1.855648661024209810e+06 1.049261340280411532e+06 1.101693089311446238e+05 4.926538811340669636e+05 5.589780727215858642e+05 4.040293831584188738e+05 2.456795933448435098e+05 -1.906724582330442593e+07 -2.599306533053579275e+06 -6.123785473405236844e+05 2.840856084631473757e+06 1.238837724205283448e+06 8.145084235382605111e+05 5.572137622612098930e+05 -2.548819040998062410e+05 -4.879160188921869849e+05
2.731315695310460869e+06 1.192365561969875358e+07 1.157273895601919154e+06 3.375116784774329863e+05 -8.335963719891083019e+04 -1.923011687357272024e+02 1.624215531632278580e+05 2.275634917202095094e+05 9.157796153016538301e+04 -7.439061550906922668e+06 1.469859056451112265e+06 3.464026993347557727e+05 1.641195859204254346e+06 4.668913367906672647e+05 7.783941308474672260e+05 -6.495326208197906817e+04 3.920105295274645323e+05 3.048016478393409052e+05
1.855648661024209810e+06 1.157273895601919154e+06 4.244469462807565928e+06 1.578270855547377432e+05 1.445290747557614486e+04 1.336638543204799644e+05 7.991797310364287114e+04 1.417691274049300773e+04 2.100843913048398463e+04 -3.614083713905627839e+06 1.856333757271461887e+06 8.753473998615654418e+05 5.614836021611262113e+05 -1.680448803596241341e+05 -6.559195162958682340e+04 -4.571487564218332991e+05 1.348548361777626269e+04 -9.220785426893651311e+04
1.049261340280411532e+06 3.375116784774329863e+05 1.578270855547377432e+05 1.160979793082848657e+06 -1.458329686190695429e+04 -7.304214814207419113e+04 -3.262463715238412533e+03 2.116428236951516374e+04 2.622756312879861071e+04 -6.653743120417589089e+05 4.979566967398487614e+05 -2.367917797526887443e+05 4.720259435354145244e+05 2.830808533036789158e+05 2.438551662191518699e+04 -1.399682777823636425e+05 -5.582573978296624409e+04 -3.296815254691234441e+04
1.101693089311446238e+05 -8.335963719891083019e+04 1.445290747557614486e+04 -1.458329686190695429e+04 1.060065509341077646e+06 1.155765284444848512e+05 8.976008527828454680e+04 5.209686448707269301e+04 4.111811757219325955e+03 2.108327754007620737e+06 -1.038745902745796484e+06 -1.998958999791883398e+05 -1.945048342759588559e+05 1.055475596907502186e+05 3.246636186151826405e+05 3.194378143570709653e+04 3.659327974294050364e+04 5.116226441634614275e+03
4.926538811340669636e+05 -1.923011687357272024e+02 1.336638543204799644e+05 -7.304214814207419113e+04 1.155765284444848512e+05 8.013540863040592521e+05 1.332377216158808151e+05 -2.682719905744650987e+03 -5.728343004648740316e+04 -4.583432210712998640e+05 -9.848879176587709226e+05 8.062994223533803597e+05 -1.576625475948493404e+05 -5.358863600830650830e+04 2.310220338347691286e+05 4.080776201413272793e+04 -7.254303771122166654e+04 -3.702388414061954245e+04
5.589780727215858642e+05 1.624215531632278580e+05 7.991797310364287114e+04 -3.262463715238412533e+03 8.976008527828454680e+04 1.332377216158808151e+05 3.360082924702902674e+05 2.273991430740333089e+04 -1.109159174583354252e+04 1.593901545468084223e+05 -8.638854625263436465e+05 1.913864929491078656e+05 1.557808432517995534e+05 3.833830025078939798e+04 2.356320025769684580e+05 7.887875336424626585e+04 6.195481932688714733e+04 -3.435692493274214212e+04
4.040293831584188738e+05 2.275634917202095094e+05 1.417691274049300773e+04 2.116428236951516374e+04 5.209686448707269301e+04 -2.682719905744650987e+03 2.273991430740333089e+04 1.622109567658827582e+05 3.045215714056660363e+04 -3.229422523117876844e+05 -2.827264275272345403e+05 -1.450877937558680969e+04 5.729801231418162206e+04 1.707055319627905556e+04 1.109315993889521487e+05 1.810689011778587201e+03 8.237683863329610904e+04 1.678637608794525295e+04
2.456795933448435098e+05 9.157796153016538301e+04 2.100843913048398463e+04 2.622756312879861071e+04 4.111811757219325955e+03 -5.728343004648740316e+04 -1.109159174583354252e+04 3.045215714056660363e+04 1.565831023247395642e+05 1.134013948219005979e+05 -7.146975240800666506e+04 -3.796147907967605861e+05 -2.420641006144413404e+04 2.923761172228778742e+04 -4.961517772740322130e+02 -2.317328025472468653e+04 9.912119854211332495e+03 2.494894476381316781e+04
-1.906724582330442593e+07 -7.439061550906922668e+06 -3.614083713905627839e+06 -6.653743120417589089e+05 2.108327754007620737e+06 -4.583432210712998640e+05 1.593901545468084223e+05 -3.229422523117876844e+05 1.134013948219005979e+05 2.504220563876231015e+08 3.343194721737669315e+06 -7.972352903600287624e+06 -5.860578392459670082e+06 -8.346012020078477217e+05 -2.923669641146076377e+06 -4.723732721614069887e+05 -2.226313740376090573e+05 3.947835891933153471e+04
-2.599306533053579275e+06 1.469859056451112265e+06 1.856333757271461887e+06 4.979566967398487614e+05 -1.038745902745796484e+06 -9.848879176587709226e+05 -8.638854625263436465e+05 -2.827264275272345403e+05 -7.146975240800666506e+04 3.343194721737669315e+06 5.135015427848332375e+07 1.133064440001814393e+06 -3.745949229307781206e+05 -4.746669136543634813e+05 -2.515734314328701701e+06 -1.048058065982442582e+06 -4.912154468286111951e+05 3.212572761085969978e+05
-6.123785473405236844e+05 3.464026993347557727e+05 8.753473998615654418e+05 -2.367917797526887443e+05 -1.998958999791883398e+05 8.062994223533803597e+05 1.913864929491078656e+05 -1.450877937558680969e+04 -3.796147907967605861e+05 -7.972352903600287624e+06 1.133064440001814393e+06 1.906994145866724104e+07 2.076746837293783203e+06 1.479494740935995069e+05 5.032546998689795146e+05 -9.837284570449283638e+04 5.259621798483680468e+05 2.663276068544461741e+05
2.840856084631473757e+06 1.641195859204254346e+06 5.614836021611262113e+05 4.720259435354145244e+05 -1.945048342759588559e+05 -1.576625475948493404e+05 1.557808432517995534e+05 5.729801231418162206e+04 -2.420641006144413404e+04 -5.860578392459670082e+06 -3.745949229307781206e+05 2.076746837293783203e+06 9.859860945051025599e+06 1.195330093882097630e+06 4.203582324490132742e+05 -2.069402623194246262e+05 6.769841847254976165e+05 2.206599066082643985e+05
1.238837724205283448e+06 4.668913367906672647e+05 -1.680448803596241341e+05 2.830808533036789158e+05 1.055475596907502186e+05 -5.358863600830650830e+04 3.833830025078939798e+04 1.707055319627905556e+04 2.923761172228778742e+04 -8.346012020078477217e+05 -4.746669136543634813e+05 1.479494740935995069e+05 1.195330093882097630e+06 4.829089062849354930e+06 8.227749878741680877e+05 2.849027056860148441e+05 1.522976751303516503e+05 1.203413531090600445e+05
8.145084235382605111e+05 7.783941308474672260e+05 -6.559195162958682340e+04 2.438551662191518699e+04 3.246636186151826405e+05 2.310220338347691286e+05 2.356320025769684580e+05 1.109315993889521487e+05 -4.961517772740322130e+02 -2.923669641146076377e+06 -2.515734314328701701e+06 5.032546998689795146e+05 4.203582324490132742e+05 8.227749878741680877e+05 3.597996360966502689e+06 3.603186713886270882e+05 2.413405182739031734e+05 1.281248007336993469e+05
5.572137622612098930e+05 -6.495326208197906817e+04 -4.571487564218332991e+05 -1.399682777823636425e+05 3.194378143570709653e+04 4.080776201413272793e+04 7.887875336424626585e+04 1.810689011778587201e+03 -2.317328025472468653e+04 -4.723732721614069887e+05 -1.048058065982442582e+06 -9.837284570449283638e+04 -2.069402623194246262e+05 2.849027056860148441e+05 3.603186713886270882e+05 1.533601579817365389e+06 1.713710168485541653e+05 4.117672979813782149e+04
-2.548819040998062410e+05 3.920105295274645323e+05 1.348548361777626269e+04 -5.582573978296624409e+04 3.659327974294050364e+04 -7.254303771122166654e+04 6.195481932688714733e+04 8.237683863329610904e+04 9.912119854211332495e+03 -2.226313740376090573e+05 -4.912154468286111951e+05 5.259621798483680468e+05 6.769841847254976165e+05 1.522976751303516503e+05 2.413405182739031734e+05 1.713710168485541653e+05 1.184422680744721787e+06 1.337326763105007703e+05
-4.879160188921869849e+05 3.048016478393409052e+05 -9.220785426893651311e+04 -3.296815254691234441e+04 5.116226441634614275e+03 -3.702388414061954245e+04 -3.435692493274214212e+04 1.678637608794525295e+04 2.494894476381316781e+04 3.947835891933153471e+04 3.212572761085969978e+05 2.663276068544461741e+05 2.206599066082643985e+05 1.203413531090600445e+05 1.281248007336993469e+05 4.117672979813782149e+04 1.337326763105007703e+05 3.935614464572815341e+05
