# lambda=0.9268390285549571
6.977848187114678323e+07 -3.775784711645239440e+04 1.574008467558561533e+05 -5.965698244228973635e+04 8.381194038365076995e+04 -6.045307288179859461e+04 -1.595331164505579545e+04 -4.084658469859704201e+04 -5.053485121891346353e+04 1.038028115006845794e+06 -2.295031926015421050e+05 6.662144616504128790e+05 -9.765185408945359814e+04 6.505388605703876965e+04 -4.576356330394907272e+05 -2.247330143813136965e+05 1.170983398178172210e+05 3.466640609937824047e+04
-3.775784711645239440e+04 1.987259005052843690e+07 3.735828695834205137e+05 1.340687513711418724e+05 1.668211208319846992e+04 2.802581752713249080e+04 2.442445786928717644e+04 2.516581683677711044e+04 2.194275606088040513e+04 7.934508543965307763e+05 1.205825900359359104e+06 3.605624544902353082e+05 2.748398801952562062e+05 9.888239925600354036e+04 2.083004236732428253e+05 -4.692775410074334650e+04 -5.028433799596959580e+04 5.450029927823450271e+04
1.574008467558561533e+05 3.735828695834205137e+05 7.098562472418366000e+06 1.004704576206529309e+05 2.580794619486531519e+04 1.007216859296227922e+05 1.112586953554522734e+04 -1.356334300112328492e+03 4.455998630597800911e+03 2.380779690022418799e+05 5.957411207363067660e+05 3.977320986763156834e+05 1.305262235872251476e+05 -4.773595811545517063e+04 1.269868985885592410e+05 -1.021254153651026427e+05 -1.427685009576112498e+04 -7.870454862743536978e+03
-5.965698244228973635e+04 1.340687513711418724e+05 1.004704576206529309e+05 2.121656397299488541e+06 1.682487839036537116e+04 2.128217904687216287e+04 -1.185005492335057170e+04 -1.544945512301408826e+03 -1.741383738052130866e+03 -4.181335695002815919e+05 4.751724782000511768e+05 1.084284068244482332e+05 1.331808791211539647e+05 -2.145523219877267184e+04 6.997296519777980575e+04 -5.477272109764997003e+04 2.556745185921903612e+03 7.505806828670166908e+01
8.381194038365076995e+04 1.668211208319846992e+04 2.580794619486531519e+04 1.682487839036537116e+04 8.138390049237146741e+05 1.395881701500960298e+04 -6.843248486855721922e+02 -2.587315127498414313e+03 6.827571013899236277e+03 2.011969162383557996e+05 1.484345570126134844e+05 7.189017845763155492e+04 2.261446642410226195e+04 5.900624751380180533e+04 3.476829034947315813e+04 -1.217930532856410764e+03 -3.372661308739492370e+02 -6.574820445468275466e+03
-6.045307288179859461e+04 2.802581752713249080e+04 1.007216859296227922e+05 2.128217904687216287e+04 1.395881701500960298e+04 6.432146376939797774e+05 -1.891710309101017174e+03 5.921621538456060989e+02 4.750668490670551364e+03 -2.626468375510199257e+04 5.840290976603941999e+03 3.232962779783438236e+04 6.257557727808113123e+04 -5.129105906182467152e+03 5.818657126243515813e+04 -2.626019281510582005e+04 -3.816674722029203622e+03 -7.149332749235663869e+03
-1.595331164505579545e+04 2.442445786928717644e+04 1.112586953554522734e+04 -1.185005492335057170e+04 -6.843248486855721922e+02 -1.891710309101017174e+03 1.731806143527327513e+05 8.385219478586683181e+03 2.899185376984317372e+03 -3.611676232999316562e+04 -5.918793163656278921e+04 -1.774377985930971772e+04 -3.014337298733882562e+04 2.470285873971865658e+04 2.757629777807011578e+03 8.526998578736729542e+03 1.973052570045790617e+03 4.603235519585891780e+03
-4.084658469859704201e+04 2.516581683677711044e+04 -1.356334300112328492e+03 -1.544945512301408826e+03 -2.587315127498414313e+03 5.921621538456060989e+02 8.385219478586683181e+03 1.910963377937288315e+05 2.630450000583521614e+03 -4.389600285495889693e+04 -1.540993889449117887e+04 -5.113357434239772556e+04 -2.433143245165190092e+04 2.570328842185388203e+04 2.156085715475401594e+04 1.075956747990944905e+03 -3.685038250822373811e+03 6.011210468142930949e+03
-5.053485121891346353e+04 2.194275606088040513e+04 4.455998630597800911e+03 -1.741383738052130866e+03 6.827571013899236277e+03 4.750668490670551364e+03 2.899185376984317372e+03 2.630450000583521614e+03 9.685642728644865565e+04 5.143160826093017386e+04 4.541755454884425126e+04 1.347268688356218490e+03 -6.179315179689013348e+03 2.371424623997527306e+04 1.969542929396574982e+04 8.518970333693860084e+03 -4.243072810086250684e+03 2.631696050091919005e+03
1.038028115006845794e+06 7.934508543965307763e+05 2.380779690022418799e+05 -4.181335695002815919e+05 2.011969162383557996e+05 -2.626468375510199257e+04 -3.611676232999316562e+04 -4.389600285495889693e+04 5.143160826093017386e+04 1.849196905100509524e+08 2.602417655765361153e+06 -3.581481463610405335e+05 -5.323757144656459568e+05 7.777142380874789087e+05 2.288098056279675511e+05 1.558891609370917431e+05 -2.895181580881202171e+04 9.362182670765784860e+04
-2.295031926015421050e+05 1.205825900359359104e+06 5.957411207363067660e+05 4.751724782000511768e+05 1.484345570126134844e+05 5.840290976603941999e+03 -5.918793163656278921e+04 -1.540993889449117887e+04 4.541755454884425126e+04 2.602417655765361153e+06 1.135023092864067852e+08 5.364971247686712304e+05 3.718957690584952361e+05 3.352069280083012418e+05 6.778570010453901486e+05 -1.627729850217073108e+05 -2.172443951433707552e+05 1.315299874905856559e+05
6.662144616504128790e+05 3.605624544902353082e+05 3.977320986763156834e+05 1.084284068244482332e+05 7.189017845763155492e+04 3.232962779783438236e+04 -1.774377985930971772e+04 -5.113357434239772556e+04 1.347268688356218490e+03 -3.581481463610405335e+05 5.364971247686712304e+05 3.138183513655947149e+07 3.518571472637744737e+05 -6.774973630163414055e+04 1.518119129476789676e+05 -7.960948717208573362e+04 1.197167625468733058e+04 -2.165691346814836652e+04
-9.765185408945359814e+04 2.748398801952562062e+05 1.305262235872251476e+05 1.331808791211539647e+05 2.261446642410226195e+04 6.257557727808113123e+04 -3.014337298733882562e+04 -2.433143245165190092e+04 -6.179315179689013348e+03 -5.323757144656459568e+05 3.718957690584952361e+05 3.518571472637744737e+05 9.374338264636417851e+06 -2.556860571858928233e+04 1.889435029872184969e+05 -5.397543513186278869e+04 4.285571771430979425e+04 1.232909938409422830e+04
6.505388605703876965e+04 9.888239925600354036e+04 -4.773595811545517063e+04 -2.145523219877267184e+04 5.900624751380180533e+04 -5.129105906182467152e+03 2.470285873971865658e+04 2.570328842185388203e+04 2.371424623997527306e+04 7.777142380874789087e+05 3.352069280083012418e+05 -6.774973630163414055e+04 -2.556860571858928233e+04 5.851338113361248747e+06 2.076747710729484679e+05 5.343393447329223272e+04 2.106467097650824871e+04 5.091013562438477675e+04
-4.576356330394907272e+05 2.083004236732428253e+05 1.269868985885592410e+05 6.997296519777980575e+04 3.476829034947315813e+04 5.818657126243515813e+04 2.757629777807011578e+03 2.156085715475401594e+04 1.969542929396574982e+04 2.288098056279675511e+05 6.778570010453901486e+05 1.518119129476789676e+05 1.889435029872184969e+05 2.076747710729484679e+05 5.278685762055423111e+06 -3.511667539377607318e+04 -3.162224392626071858e+04 2.736963705283335366e+04
-2.247330143813136965e+05 -4.692775410074334650e+04 -1.021254153651026427e+05 -5.477272109764997003e+04 -1.217930532856410764e+03 -2.626019281510582005e+04 8.526998578736729542e+03 1.075956747990944905e+03 8.518970333693860084e+03 1.558891609370917431e+05 -1.627729850217073108e+05 -7.960948717208573362e+04 -5.397543513186278869e+04 5.343393447329223272e+04 -3.511667539377607318e+04 1.682799227520294720e+06 3.784384747866276484e+03 3.460384320039814156e+03
1.170983398178172210e+05 -5.028433799596959580e+04 -1.427685009576112498e+04 2.556745185921903612e+03 -3.372661308739492370e+02 -3.816674722029203622e+03 1.973052570045790617e+03 -3.685038250822373811e+03 -4.243072810086250684e+03 -2.895181580881202171e+04 -2.172443951433707552e+05 1.197167625468733058e+04 4.285571771430979425e+04 2.106467097650824871e+04 -3.162224392626071858e+04 3.784384747866276484e+03 6.421835265985083533e+05 8.808774277312062395e+02
3.466640609937824047e+04 5.450029927823450271e+04 -7.870454862743536978e+03 7.505806828670166908e+01 -6.574820445468275466e+03 -7.149332749235663869e+03 4.603235519585891780e+03 6.011210468142930949e+03 2.631696050091919005e+03 9.362182670765784860e+04 1.315299874905856559e+05 -2.165691346814836652e+04 1.232909938409422830e+04 5.091013562438477675e+04 2.736963705283335366e+04 3.460384320039814156e+03 8.808774277312062395e+02 3.402416183036788716e+05
