# lambda=0.9092582034509347
2.814939176225607470e+07 -2.092279448678763583e+05 1.804263042217266920e+05 -7.906599434821750037e+04 -1.095016219901645236e+05 -1.893218040857201049e+04 4.928591763935979543e+04 -1.136197982583469457e+04 -7.250829355891094565e+03 -1.781857032653666334e+06 -1.163793992994443048e+06 -8.812076592222941690e+04 -2.377821141785243235e+05 7.405451512338249813e+03 -1.896615437527830072e+05 -6.426305787185062218e+04 -8.565152972823863092e+04 -2.028327411010474316e+05
-2.092279448678763583e+05 1.387133045400379039e+07 5.870994922905145359e+04 -6.232621301241998299e+04 4.462312176155304769e+04 -7.800121184013207676e+04 -2.859106703513643879e+04 1.757555585435050307e+04 -3.380477309010494355e+04 -6.406192906777142780e+05 6.126722244876060868e+05 1.474200418402447540e+05 7.703303706428153964e+04 2.796160641653124476e+05 -1.247700669754778501e+05 8.307691036038080347e+04 -5.146888190063460570e+03 1.072088131081091706e+05
1.804263042217266920e+05 5.870994922905145359e+04 4.186495864433808718e+06 3.594561097013960534e+04 -1.111672013277325459e+04 1.533800023871490885e+04 1.082653770157014515e+04 1.107789386694081486e+03 -2.243896000225127864e+03 -1.577451175285980571e+05 -1.583084546095741680e+05 1.876828912425271992e+05 1.198402336257218121e+04 2.033037757390005208e+04 6.877538995340915790e+03 8.971407221145078438e+03 6.962676572984000813e+03 3.450423513545262267e+03
-7.906599434821750037e+04 -6.232621301241998299e+04 3.594561097013960534e+04 2.270531322718645912e+06 -8.249850468951024595e+03 -1.880273912376737644e+04 -1.500647593960145059e+03 2.016047256879563429e+04 1.644827466477170310e+04 3.441384052611367078e+05 4.423476209297466994e+04 4.383432912061663956e+04 -4.475520718607734307e+04 -4.101274959613588726e+04 -1.685045222523801931e+04 1.191653927384612507e+04 2.118217416891322500e+04 3.034218373310440802e+04
-1.095016219901645236e+05 4.462312176155304769e+04 -1.111672013277325459e+04 -8.249850468951024595e+03 1.284263652935626451e+06 1.266649978094692233e+04 -4.602237284396911491e+03 -2.781603747358579767e+03 -6.461606806528925517e+03 3.257616652156760756e+04 1.027217144787725847e+05 -1.163795283750531817e+05 5.254112008968844748e+04 7.582247238165915769e+04 6.328254586133491102e+03 1.505725055596431048e+04 -6.594966833024081097e+03 1.636514434047365103e+04
-1.893218040857201049e+04 -7.800121184013207676e+04 1.533800023871490885e+04 -1.880273912376737644e+04 1.266649978094692233e+04 7.116700298522026278e+05 1.027104707078121282e+04 -3.920530577386777622e+03 6.233567385055511295e+03 1.079927781515189417e+05 7.668944290968192217e+04 -3.014979005467063416e+03 7.701732111032622925e+03 1.799250116025015814e+04 2.379517689625120693e+04 -2.933451329604793045e+03 1.505909531284906188e+04 2.068330456306533961e+03
4.928591763935979543e+04 -2.859106703513643879e+04 1.082653770157014515e+04 -1.500647593960145059e+03 -4.602237284396911491e+03 1.027104707078121282e+04 4.212255929032093263e+05 2.892014347684564200e+03 4.040474055727316227e+03 -2.572543240482797410e+04 -1.491737977931168280e+05 -5.017279753980214446e+04 -2.187385704465944400e+03 2.915594571773021016e+04 -2.597404239908481759e+04 8.635176790313742003e+02 1.564528249619813323e+04 -8.068447508242468302e+02
-1.136197982583469457e+04 1.757555585435050307e+04 1.107789386694081486e+03 2.016047256879563429e+04 -2.781603747358579767e+03 -3.920530577386777622e+03 2.892014347684564200e+03 1.324280835956960509e+05 3.791383466565913295e+03 1.194954928072259499e+05 2.462060861058810042e+04 -4.421498596227371308e+04 -7.387920074527367433e+03 8.520348584633120481e+03 -8.172421301206868520e+03 -5.770383249952219558e+03 -7.219284246367880769e+03 3.171719625961869156e+02
-7.250829355891094565e+03 -3.380477309010494355e+04 -2.243896000225127864e+03 1.644827466477170310e+04 -6.461606806528925517e+03 6.233567385055511295e+03 4.040474055727316227e+03 3.791383466565913295e+03 8.034264409871902899e+04 1.082495517992475070e+05 2.867171476685775269e+04 -1.370347260662238295e+04 1.318569892100517973e+04 -7.507483441409905026e+03 -2.250701639748986963e+03 4.248132928744976198e+02 -1.505236531024099577e+03 -1.942309641438909011e+03
-1.781857032653666334e+06 -6.406192906777142780e+05 -1.577451175285980571e+05 3.441384052611367078e+05 3.257616652156760756e+04 1.079927781515189417e+05 -2.572543240482797410e+04 1.194954928072259499e+05 1.082495517992475070e+05 1.937955211582168937e+08 1.206243515341709601e+06 -4.855960614099345403e+05 1.228446313087504124e+06 -3.842990299573179800e+05 8.255367186604408198e+04 3.418881272982817609e+04 -7.440741158023395110e+04 2.144877740121700335e+05
-1.163793992994443048e+06 6.126722244876060868e+05 -1.583084546095741680e+05 4.423476209297466994e+04 1.027217144787725847e+05 7.668944290968192217e+04 -1.491737977931168280e+05 2.462060861058810042e+04 2.867171476685775269e+04 1.206243515341709601e+06 3.751255079746154696e+07 7.849407252200994117e+04 4.860029607181160245e+05 -6.604913281721439489e+03 2.062160142611867341e+05 1.161039971078445960e+05 -1.220675528461371723e+05 3.819600107407102041e+04
-8.812076592222941690e+04 1.474200418402447540e+05 1.876828912425271992e+05 4.383432912061663956e+04 -1.163795283750531817e+05 -3.014979005467063416e+03 -5.017279753980214446e+04 -4.421498596227371308e+04 -1.370347260662238295e+04 -4.855960614099345403e+05 7.849407252200994117e+04 2.397902471367960051e+07 -2.760575256150501664e+05 -4.504882482426492497e+05 1.862829441922804108e+05 1.404476145965409523e+05 1.609713918158693414e+05 4.782293048904994066e+04
-2.377821141785243235e+05 7.703303706428153964e+04 1.198402336257218121e+04 -4.475520718607734307e+04 5.254112008968844748e+04 7.701732111032622925e+03 -2.187385704465944400e+03 -7.387920074527367433e+03 1.318569892100517973e+04 1.228446313087504124e+06 4.860029607181160245e+05 -2.760575256150501664e+05 7.984708316317365505e+06 1.426032385702698375e+05 -5.647686989903718495e+04 -2.724511707931242563e+04 4.649956330172693561e+04 4.908141795302829996e+04
7.405451512338249813e+03 2.796160641653124476e+05 2.033037757390005208e+04 -4.101274959613588726e+04 7.582247238165915769e+04 1.799250116025015814e+04 2.915594571773021016e+04 8.520348584633120481e+03 -7.507483441409905026e+03 -3.842990299573179800e+05 -6.604913281721439489e+03 -4.504882482426492497e+05 1.426032385702698375e+05 4.968688858201801777e+06 -7.447607845116681710e+04 -6.387363795505223970e+04 2.218770892689997709e+04 3.607219829438930174e+04
-1.896615437527830072e+05 -1.247700669754778501e+05 6.877538995340915790e+03 -1.685045222523801931e+04 6.328254586133491102e+03 2.379517689625120693e+04 -2.597404239908481759e+04 -8.172421301206868520e+03 -2.250701639748986963e+03 8.255367186604408198e+04 2.062160142611867341e+05 1.862829441922804108e+05 -5.647686989903718495e+04 -7.447607845116681710e+04 2.428539118861447088e+06 2.956123253716311865e+03 7.559795301450842089e+03 -3.676771099138604313e+03
-6.426305787185062218e+04 8.307691036038080347e+04 8.971407221145078438e+03 1.191653927384612507e+04 1.505725055596431048e+04 -2.933451329604793045e+03 8.635176790313742003e+02 -5.770383249952219558e+03 4.248132928744976198e+02 3.418881272982817609e+04 1.161039971078445960e+05 1.404476145965409523e+05 -2.724511707931242563e+04 -6.387363795505223970e+04 2.956123253716311865e+03 1.204520393335781991e+06 9.226068642068281406e+03 2.518422204432051331e+03
-8.565152972823863092e+04 -5.146888190063460570e+03 6.962676572984000813e+03 2.118217416891322500e+04 -6.594966833024081097e+03 1.505909531284906188e+04 1.564528249619813323e+04 -7.219284246367880769e+03 -1.505236531024099577e+03 -7.440741158023395110e+04 -1.220675528461371723e+05 1.609713918158693414e+05 4.649956330172693561e+04 2.218770892689997709e+04 7.559795301450842089e+03 9.226068642068281406e+03 1.116505304847873515e+06 4.559160559637610277e+04
-2.028327411010474316e+05 1.072088131081091706e+05 3.450423513545262267e+03 3.034218373310440802e+04 1.636514434047365103e+04 2.068330456306533961e+03 -8.068447508242468302e+02 3.171719625961869156e+02 -1.942309641438909011e+03 2.144877740121700335e+05 3.819600107407102041e+04 4.782293048904994066e+04 4.908141795302829996e+04 3.607219829438930174e+04 -3.676771099138604313e+03 2.518422204432051331e+03 4.559160559637610277e+04 1.016263021185056656e+06
