# lambda=0.45100294647486533
5.514598106889520586e+07 -9.098928676527295029e+05 -1.830915362258709501e+06 3.484832453424077248e+05 4.581452967449902208e+05 3.206986417979085236e+05 7.696939807011527591e+04 3.544514883581526228e+05 -1.057452564411789499e+05 1.527257437930112146e+07 3.565114107113538776e+06 -6.511074969803141430e+05 -1.306866824331815355e+06 -1.611270936372218886e+06 -1.071287216052929871e+06 -3.447338908189393114e+05 3.453545850193396327e+05 2.120879752394380630e+05
-9.098928676527295029e+05 1.451179990314181522e+07 2.638083669827638660e+06 6.493842263369365828e+05 -4.112589734438266023e+05 1.749003444722777349e+05 1.258331493954243488e+05 -1.092742087703319121e+05 -8.402622394918567443e+04 -6.274391857842790894e+06 1.507259735158919590e+06 -3.459803480313783075e+04 -1.715589165562939132e+06 -1.113710953602716560e+06 8.069503100968316430e+05 1.961331425694105856e+05 -2.210161567551488770e+04 2.524787177133297373e+05
-1.830915362258709501e+06 2.638083669827638660e+06 6.548359140815377235e+06 1.065996129488194361e+06 7.791177696824062150e+04 2.714741266201384133e+05 8.729375705498669413e+04 -1.031226684555457177e+05 3.453596217777585025e+03 -7.494639015716764843e+05 1.425501666612944391e+05 9.516771669936957769e+05 -8.225490014373369922e+04 -3.395907983751679240e+03 1.369464758257259964e+05 1.324238355848311039e+05 -7.989343127183998877e+04 2.700923080343899201e+05
3.484832453424077248e+05 6.493842263369365828e+05 1.065996129488194361e+06 2.420720065827812068e+06 3.953674048121612577e+04 1.504804935755070765e+05 2.042616953948255832e+04 -1.260722928762232186e+03 1.287675905031221337e+05 -3.682968753269298933e+06 -1.336349235282220179e+06 -3.599998393637841218e+04 1.266466859312861692e+06 -3.109366990246414207e+05 5.026951481013796292e+05 2.787751102931732894e+05 1.981807047393677203e+04 1.049397030264962523e+05
4.581452967449902208e+05 -4.112589734438266023e+05 7.791177696824062150e+04 3.953674048121612577e+04 7.971468660069729667e+05 5.544465944658802619e+04 1.463595281087276453e+04 -2.691291497860788149e+04 -4.993544647067775077e+04 -1.963136246012233605e+05 8.441024818643218605e+05 -3.561899087418695563e+05 6.573047398838406662e+05 3.609175972682557185e+05 1.448714151525929046e+05 -1.580601146408650966e+05 -2.206472211036392400e+04 4.954089289643659140e+04
3.206986417979085236e+05 1.749003444722777349e+05 2.714741266201384133e+05 1.504804935755070765e+05 5.544465944658802619e+04 4.259106679045347846e+05 3.662026603652328049e+04 1.086782605647534547e+04 2.700979464869592994e+04 3.964487762153133517e+05 -8.444890815631809528e+04 2.719841376947653480e+05 1.035900685964959557e+05 3.256638450817381381e+05 2.032612109783885535e+05 -6.467195012957923609e+03 1.143218249447845483e+04 6.677902481343636464e+04
7.696939807011527591e+04 1.258331493954243488e+05 8.729375705498669413e+04 2.042616953948255832e+04 1.463595281087276453e+04 3.662026603652328049e+04 2.514625422530061915e+05 4.492378626831119618e+03 5.057945487121427504e+03 7.578629653417131631e+05 8.128117496391439345e+05 -1.686669035184522509e+05 2.876788115074895904e+04 1.048221144561351393e+05 3.402562845580920111e+04 8.446535933990319609e+04 5.590125476843486831e+04 4.000884965932265914e+04
3.544514883581526228e+05 -1.092742087703319121e+05 -1.031226684555457177e+05 -1.260722928762232186e+03 -2.691291497860788149e+04 1.086782605647534547e+04 4.492378626831119618e+03 1.804222566441066156e+05 1.547633643836075862e+04 -1.488906065238805968e+04 2.247780172905393410e+05 2.105843850971079082e+05 5.010589773055547994e+04 1.607402968960565340e+05 4.022648722565930075e+04 -5.070562927087292337e+04 5.102980787784829590e+04 4.406630399848206707e+02
-1.057452564411789499e+05 -8.402622394918567443e+04 3.453596217777585025e+03 1.287675905031221337e+05 -4.993544647067775077e+04 2.700979464869592994e+04 5.057945487121427504e+03 1.547633643836075862e+04 1.506048352593950694e+05 -3.354589544557143818e+05 -2.288976728592547297e+05 3.697870876635589520e+05 1.702700938525838137e+05 -1.297689990370247142e+04 5.828437080954968405e+04 7.330338120224706654e+04 5.588119800113688689e+04 7.106608032519259723e+04
1.527257437930112146e+07 -6.274391857842790894e+06 -7.494639015716764843e+05 -3.682968753269298933e+06 -1.963136246012233605e+05 3.964487762153133517e+05 7.578629653417131631e+05 -1.488906065238805968e+04 -3.354589544557143818e+05 1.509526910895601213e+08 2.526469700870881230e+07 8.973076096119008958e+06 -3.499954710328661837e+06 -1.120733323492236203e+06 -4.027958555016245227e+06 -2.367012744630157016e+06 -6.630881287303239515e+04 7.987966228286920814e+05
3.565114107113538776e+06 1.507259735158919590e+06 1.425501666612944391e+05 -1.336349235282220179e+06 8.441024818643218605e+05 -8.444890815631809528e+04 8.128117496391439345e+05 2.247780172905393410e+05 -2.288976728592547297e+05 2.526469700870881230e+07 7.696868931168372929e+07 1.319182982678069500e+06 -1.117026176298233680e+06 -2.311534399121297989e+06 -8.262864821048302110e+05 -1.662405504965749569e+06 -2.365332210092453533e+04 1.065250940712997690e+06
-6.511074969803141430e+05 -3.459803480313783075e+04 9.516771669936957769e+05 -3.599998393637841218e+04 -3.561899087418695563e+05 2.719841376947653480e+05 -1.686669035184522509e+05 2.105843850971079082e+05 3.697870876635589520e+05 8.973076096119008958e+06 1.319182982678069500e+06 2.784966222326309979e+07 3.759627099589262623e+06 5.453816204366271850e+05 5.480807944199605845e+05 6.217204880339776864e+05 5.082436119084952516e+05 5.295852036010180600e+05
-1.306866824331815355e+06 -1.715589165562939132e+06 -8.225490014373369922e+04 1.266466859312861692e+06 6.573047398838406662e+05 1.035900685964959557e+05 2.876788115074895904e+04 5.010589773055547994e+04 1.702700938525838137e+05 -3.499954710328661837e+06 -1.117026176298233680e+06 3.759627099589262623e+06 1.422240088533337228e+07 5.085875812503478955e+05 1.239822795703468379e+06 7.791481495924586197e+05 1.127268721308322420e+05 3.037888569290278247e+05
-1.611270936372218886e+06 -1.113710953602716560e+06 -3.395907983751679240e+03 -3.109366990246414207e+05 3.609175972682557185e+05 3.256638450817381381e+05 1.048221144561351393e+05 1.607402968960565340e+05 -1.297689990370247142e+04 -1.120733323492236203e+06 -2.311534399121297989e+06 5.453816204366271850e+05 5.085875812503478955e+05 6.043154778138095513e+06 7.812393283513432834e+05 -1.997484390763397096e+04 2.922117398593486287e+05 -1.932433104712463974e+05
-1.071287216052929871e+06 8.069503100968316430e+05 1.369464758257259964e+05 5.026951481013796292e+05 1.448714151525929046e+05 2.032612109783885535e+05 3.402562845580920111e+04 4.022648722565930075e+04 5.828437080954968405e+04 -4.027958555016245227e+06 -8.262864821048302110e+05 5.480807944199605845e+05 1.239822795703468379e+06 7.812393283513432834e+05 2.742404944509467110e+06 2.870689042462492362e+05 1.194187498433888686e+05 9.558557977114853566e+04
-3.447338908189393114e+05 1.961331425694105856e+05 1.324238355848311039e+05 2.787751102931732894e+05 -1.580601146408650966e+05 -6.467195012957923609e+03 8.446535933990319609e+04 -5.070562927087292337e+04 7.330338120224706654e+04 -2.367012744630157016e+06 -1.662405504965749569e+06 6.217204880339776864e+05 7.791481495924586197e+05 -1.997484390763397096e+04 2.870689042462492362e+05 1.532300064138020156e+06 1.886752770561259531e+05 8.035078169840623741e+04
3.453545850193396327e+05 -2.210161567551488770e+04 -7.989343127183998877e+04 1.981807047393677203e+04 -2.206472211036392400e+04 1.143218249447845483e+04 5.590125476843486831e+04 5.102980787784829590e+04 5.588119800113688689e+04 -6.630881287303239515e+04 -2.365332210092453533e+04 5.082436119084952516e+05 1.127268721308322420e+05 2.922117398593486287e+05 1.194187498433888686e+05 1.886752770561259531e+05 4.635183783414398204e+05 6.036975317923959665e+04
2.120879752394380630e+05 2.524787177133297373e+05 2.700923080343899201e+05 1.049397030264962523e+05 4.954089289643659140e+04 6.677902481343636464e+04 4.000884965932265914e+04 4.406630399848206707e+02 7.106608032519259723e+04 7.987966228286920814e+05 1.065250940712997690e+06 5.295852036010180600e+05 3.037888569290278247e+05 -1.932433104712463974e+05 9.558557977114853566e+04 8.035078169840623741e+04 6.036975317923959665e+04 8.206669001531449612e+05
