# lambda=0.7482804678676287
4.279284954193405807e+07 1.913276123970962362e+06 9.356022988740561996e+05 -6.920801842370874947e+05 -2.818963639911813880e+04 -1.450759734458857856e+05 1.465333829917703988e+05 9.438342700806501671e+04 7.319962035663983261e+04 -4.003935659021040425e+06 -5.622936659562312998e+05 -1.226877257924369536e+06 -2.198800196872219443e+06 -1.396427628617736918e+05 4.092524769950548653e+05 3.667231221833488089e+05 3.061083111097533838e+05 1.455949588859341748e+05
1.913276123970962362e+06 2.077450613625569642e+07 1.210891904841316165e+06 -5.109773452898304822e+04 9.959072731396926974e+04 -1.634211881323157286e+05 -1.131919033990848584e+04 8.524986720708495704e+04 -3.754236635567142366e+04 9.698237579690030543e+05 4.248521688262270764e+06 2.404186511154707987e+06 -4.174779301460006973e+05 -1.845260684306686453e+05 -6.536405021585761569e+05 -2.520172499169633084e+05 1.565333416674722685e+05 1.397087271935074532e+05
9.356022988740561996e+05 1.210891904841316165e+06 3.767657666494429111e+06 -1.412738149182649249e+04 1.031051183307063184e+04 -2.724389436834217850e+04 2.845224987925117239e+04 5.619012576694547897e+04 -9.355092699534075109e+02 -3.016556510739190038e+06 1.846965059806886711e+05 7.423341601789479610e+05 5.370690561258719390e+04 -1.600006082380230073e+05 -3.714844215938408743e+05 -1.174484696824132989e+05 -3.073254965296715454e+04 8.625077595331576595e+04
-6.920801842370874947e+05 -5.109773452898304822e+04 -1.412738149182649249e+04 2.313288710284186527e+06 3.900153769253014616e+04 -6.613636196356917208e+04 3.335705292385554640e+04 6.019563366861756549e+03 -8.989820177697372856e+03 -7.385083236919722985e+05 -6.221896717094710766e+04 4.475490523156624986e+05 3.963431431873763795e+05 4.696105607201992825e+04 -4.901361001281160134e+04 1.178065120731180068e+05 -5.691403025153101044e+04 -2.277781757234179531e+04
-2.818963639911813880e+04 9.959072731396926974e+04 1.031051183307063184e+04 3.900153769253014616e+04 6.930564187413281761e+05 1.166148849232033172e+04 -2.266660563309560894e+04 4.197703831515542333e+03 2.360278084235449569e+03 2.692756267499913229e+05 -1.813253369248397066e+05 2.620317119336201577e+05 -9.485473381275005522e+04 1.484750351571946812e+05 8.528669962238984590e+04 2.534224503324893885e+04 -4.515810510483603866e+04 -2.567989683040364253e+04
-1.450759734458857856e+05 -1.634211881323157286e+05 -2.724389436834217850e+04 -6.613636196356917208e+04 1.166148849232033172e+04 4.916126464792149491e+05 2.555289199910667776e+03 1.753150544203249956e+04 1.084333090807652843e+04 2.094160178589429706e+05 -8.728117940894543426e+04 -1.095049402624408103e+05 7.699603649275426869e+04 -2.612331477647521751e+03 -7.608295157797654610e+03 5.685803168270610331e+04 2.781056402029439414e+04 4.600328934825707984e+04
1.465333829917703988e+05 -1.131919033990848584e+04 2.845224987925117239e+04 3.335705292385554640e+04 -2.266660563309560894e+04 2.555289199910667776e+03 2.447867783778193989e+05 2.485985819060170252e+04 2.260881296576718523e+04 -6.632066286097877892e+05 -9.728097337275795871e+04 7.242070823494797514e+04 7.106252771612854849e+04 -8.009672335079763434e+04 -4.842728791919058131e+04 3.481233116800176504e+04 3.070620618480399571e+04 3.146017028530749667e+04
9.438342700806501671e+04 8.524986720708495704e+04 5.619012576694547897e+04 6.019563366861756549e+03 4.197703831515542333e+03 1.753150544203249956e+04 2.485985819060170252e+04 2.183839441573054355e+05 1.477105970172161688e+04 -3.303436428001683089e+05 -2.247013112842902192e+05 4.362106390501034912e+04 7.620339594896243943e+04 -5.873819646525685675e+04 5.081363309516914342e+03 4.653528700637642760e+04 4.054074054112861631e+04 4.614797435099969152e+04
7.319962035663983261e+04 -3.754236635567142366e+04 -9.355092699534075109e+02 -8.989820177697372856e+03 2.360278084235449569e+03 1.084333090807652843e+04 2.260881296576718523e+04 1.477105970172161688e+04 1.067919774868330278e+05 -2.652139055211142986e+05 -7.343671553768315061e+04 -3.182721158873085005e+04 1.075526370035107720e+04 -1.159326708394826710e+04 -4.547382292254186905e+04 8.396701935641465298e+02 -1.311717620507501579e+03 8.967879436777568117e+03
-4.003935659021040425e+06 9.698237579690030543e+05 -3.016556510739190038e+06 -7.385083236919722985e+05 2.692756267499913229e+05 2.094160178589429706e+05 -6.632066286097877892e+05 -3.303436428001683089e+05 -2.652139055211142986e+05 2.517298828422481120e+08 9.259489861669804901e+06 -5.225773715568680782e+05 1.582100721459802007e+05 1.574612842034624191e+06 1.235913834376872983e+06 6.352202711631921120e+05 5.630165663450647116e+04 -1.969236471214997000e+05
-5.622936659562312998e+05 4.248521688262270764e+06 1.846965059806886711e+05 -6.221896717094710766e+04 -1.813253369248397066e+05 -8.728117940894543426e+04 -9.728097337275795871e+04 -2.247013112842902192e+05 -7.343671553768315061e+04 9.259489861669804901e+06 6.025518711776467413e+07 2.186755010792029556e+06 -4.915879453417728655e+05 1.076320598038838652e+05 -1.447719997062938521e+06 -6.430288511962515768e+05 -1.402921961943309871e+05 -1.526754522098054294e+05
-1.226877257924369536e+06 2.404186511154707987e+06 7.423341601789479610e+05 4.475490523156624986e+05 2.620317119336201577e+05 -1.095049402624408103e+05 7.242070823494797514e+04 4.362106390501034912e+04 -3.182721158873085005e+04 -5.225773715568680782e+05 2.186755010792029556e+06 3.574839905531912297e+07 1.855842922767720185e+06 -2.255150581106394238e+05 -3.395486632486664457e+05 1.837874812005524582e+05 1.346268358294655045e+05 1.220097507174718339e+05
-2.198800196872219443e+06 -4.174779301460006973e+05 5.370690561258719390e+04 3.963431431873763795e+05 -9.485473381275005522e+04 7.699603649275426869e+04 7.106252771612854849e+04 7.620339594896243943e+04 1.075526370035107720e+04 1.582100721459802007e+05 -4.915879453417728655e+05 1.855842922767720185e+06 1.051686952934814431e+07 -1.310777270746616705e+05 -2.168437567764589912e+05 9.058694007257046906e+03 -8.865880988564381551e+04 1.048651773494008376e+05
-1.396427628617736918e+05 -1.845260684306686453e+05 -1.600006082380230073e+05 4.696105607201992825e+04 1.484750351571946812e+05 -2.612331477647521751e+03 -8.009672335079763434e+04 -5.873819646525685675e+04 -1.159326708394826710e+04 1.574612842034624191e+06 1.076320598038838652e+05 -2.255150581106394238e+05 -1.310777270746616705e+05 2.813857964416894130e+06 1.066463305745718535e+05 1.731633452835128119e+05 -1.854840750250377750e+05 -2.161732489469615684e+05
4.092524769950548653e+05 -6.536405021585761569e+05 -3.714844215938408743e+05 -4.901361001281160134e+04 8.528669962238984590e+04 -7.608295157797654610e+03 -4.842728791919058131e+04 5.081363309516914342e+03 -4.547382292254186905e+04 1.235913834376872983e+06 -1.447719997062938521e+06 -3.395486632486664457e+05 -2.168437567764589912e+05 1.066463305745718535e+05 3.202841511245233938e+06 2.757006438042568625e+05 1.169714354991386062e+05 -3.312768667532657128e+04
3.667231221833488089e+05 -2.520172499169633084e+05 -1.174484696824132989e+05 1.178065120731180068e+05 2.534224503324893885e+04 5.685803168270610331e+04 3.481233116800176504e+04 4.653528700637642760e+04 8.396701935641465298e+02 6.352202711631921120e+05 -6.430288511962515768e+05 1.837874812005524582e+05 9.058694007257046906e+03 1.731633452835128119e+05 2.757006438042568625e+05 2.751089166133468505e+06 1.620471057424024330e+05 3.936788906746429711e+04
3.061083111097533838e+05 1.565333416674722685e+05 -3.073254965296715454e+04 -5.691403025153101044e+04 -4.515810510483603866e+04 2.781056402029439414e+04 3.070620618480399571e+04 4.054074054112861631e+04 -1.311717620507501579e+03 5.630165663450647116e+04 -1.402921961943309871e+05 1.346268358294655045e+05 -8.865880988564381551e+04 -1.854840750250377750e+05 1.169714354991386062e+05 1.620471057424024330e+05 1.134381742056313669e+06 9.236797562863079656e+04
1.455949588859341748e+05 1.397087271935074532e+05 8.625077595331576595e+04 -2.277781757234179531e+04 -2.567989683040364253e+04 4.600328934825707984e+04 3.146017028530749667e+04 4.614797435099969152e+04 8.967879436777568117e+03 -1.969236471214997000e+05 -1.526754522098054294e+05 1.220097507174718339e+05 1.048651773494008376e+05 -2.161732489469615684e+05 -3.312768667532657128e+04 3.936788906746429711e+04 9.236797562863079656e+04 6.333553169658953557e+05
