# lambda=0.6941266595297522
3.026527803099785000e+07 1.624535298480224563e+06 1.139439834976393729e+06 1.068479808943775250e+06 2.557858453269890742e+05 1.584640746999771509e+05 3.929163909818604589e+05 3.223503584374790080e+03 3.304630147509420203e+04 3.957283806091059465e+06 -1.201347594294541748e+06 1.412407602590180235e+06 1.478002765726045240e+06 4.120179877300304361e+04 6.780336727357537020e+05 -2.437721268371072656e+05 1.281277409210199548e+05 1.963651462525836541e+05
1.624535298480224563e+06 1.840913608373376355e+07 -3.250135375554214697e+05 -1.658613223448722274e+05 1.416498662278014817e+05 1.433996780125539226e+05 2.625398672980496194e+05 1.196203807711197878e+05 -5.190517510298829438e+04 -1.882677452942251984e+05 5.300636319748862647e+06 -1.561022373032707546e+05 2.496094463260580786e+06 2.722220924806059338e+05 5.448601957467762986e+05 1.082229345919233310e+05 -2.349747266001148091e+04 -2.315131696343207441e+05
1.139439834976393729e+06 -3.250135375554214697e+05 4.634537692211477086e+06 6.841869424631755101e+05 1.191061390698574687e+05 9.830927457879390568e+04 1.556799937320865865e+04 4.228882076112272625e+04 -6.557718541121209455e+03 1.356439889122558990e+06 -2.097481076759774704e+06 9.186772536324231187e+05 1.017026451211217907e+06 4.358710993562415824e+05 3.748390225816681050e+04 -1.528645050502580707e+05 5.846002281613842206e+04 -1.677131712026121750e+04
1.068479808943775250e+06 -1.658613223448722274e+05 6.841869424631755101e+05 4.450625341876779683e+06 8.062878311393913464e+04 -4.724616301086609019e+04 -3.696687578993572242e+04 2.703112632681201649e+04 -2.416280296808292042e+04 1.212384622806646861e+06 -2.485549633051692508e+05 -2.003273442183091174e+04 1.456711244924186962e+06 4.337797409671354690e+05 5.575776450602513069e+04 -1.436307546029432851e+05 1.868486800046161079e+04 5.208493614625990449e+04
2.557858453269890742e+05 1.416498662278014817e+05 1.191061390698574687e+05 8.062878311393913464e+04 1.377487004939489067e+06 6.530318138523768721e+04 1.318979637831066611e+04 4.368005813670547650e+04 2.634479120913064980e+04 2.374275012061037589e+06 -2.067127036855393671e+05 -4.235673609077700530e+04 4.130513913583304384e+05 4.228792441712200525e+05 2.388145550329254766e+05 1.815591485457116141e+04 1.292439325185513553e+04 6.300583912721293018e+04
1.584640746999771509e+05 1.433996780125539226e+05 9.830927457879390568e+04 -4.724616301086609019e+04 6.530318138523768721e+04 4.974184226676060352e+05 5.828465394293000281e+04 2.891997772215403529e+04 9.780711801164257849e+03 1.874815841751706321e+05 1.178078875722128287e+05 2.518013677244827850e+05 -8.803871477549617703e+04 9.642773809918406187e+04 1.622395644254010112e+05 6.877901161337672966e+04 -1.269796933824485859e+04 -2.304312293736974971e+04
3.929163909818604589e+05 2.625398672980496194e+05 1.556799937320865865e+04 -3.696687578993572242e+04 1.318979637831066611e+04 5.828465394293000281e+04 3.810199901451280457e+05 6.477910638969477986e+03 4.673230596342425088e+03 3.740792803042432643e+05 1.030782550236913085e+05 1.436669399203266657e+05 7.409820343034641701e+04 -1.076895358797348308e+04 1.022214289173495781e+05 1.118795150701634884e+04 -3.930813781755250602e+03 -1.256622697649911606e+04
3.223503584374790080e+03 1.196203807711197878e+05 4.228882076112272625e+04 2.703112632681201649e+04 4.368005813670547650e+04 2.891997772215403529e+04 6.477910638969477986e+03 2.796647880649970612e+05 9.100999321940316804e+03 1.536789899726527510e+05 3.739118623501568218e+05 6.914763346845151682e+04 1.518988834052570455e+05 1.931395641603492550e+04 4.554686138538541127e+04 1.892684478730257251e+04 4.591790494661588309e+04 6.604180291426820077e+03
3.304630147509420203e+04 -5.190517510298829438e+04 -6.557718541121209455e+03 -2.416280296808292042e+04 2.634479120913064980e+04 9.780711801164257849e+03 4.673230596342425088e+03 9.100999321940316804e+03 1.102317045506979339e+05 6.982535344671880011e+04 -1.058609972524759796e+05 2.263193284450659703e+05 -7.844040320621235878e+04 -3.496492364787408587e+04 7.488324693163973279e+04 1.026838978843169571e+04 9.641817440116958551e+02 2.548267237896685765e+04
3.957283806091059465e+06 -1.882677452942251984e+05 1.356439889122558990e+06 1.212384622806646861e+06 2.374275012061037589e+06 1.874815841751706321e+05 3.740792803042432643e+05 1.536789899726527510e+05 6.982535344671880011e+04 2.123497776121124625e+08 1.407639019946547784e+07 4.497166702890162356e+06 2.622488518558191601e+06 1.870283425819141325e+06 2.598997353338351008e+06 -1.152570211024494143e+06 -4.552955252870619297e+05 9.470403422698185313e+05
-1.201347594294541748e+06 5.300636319748862647e+06 -2.097481076759774704e+06 -2.485549633051692508e+05 -2.067127036855393671e+05 1.178078875722128287e+05 1.030782550236913085e+05 3.739118623501568218e+05 -1.058609972524759796e+05 1.407639019946547784e+07 8.584081748953634501e+07 1.278516698694187216e+06 2.252742131935867481e+06 -1.523251720845785225e+06 1.509596856784778647e+06 4.217304358608906623e+05 1.728348070536254090e+05 1.031321871664537321e+05
1.412407602590180235e+06 -1.561022373032707546e+05 9.186772536324231187e+05 -2.003273442183091174e+04 -4.235673609077700530e+04 2.518013677244827850e+05 1.436669399203266657e+05 6.914763346845151682e+04 2.263193284450659703e+05 4.497166702890162356e+06 1.278516698694187216e+06 2.303527850864259899e+07 -9.849879830644937465e+05 -1.419008282553278143e+06 5.129194367530398304e+05 5.602068885559579940e+04 3.372492688190133194e+05 1.452599848829499679e+05
1.478002765726045240e+06 2.496094463260580786e+06 1.017026451211217907e+06 1.456711244924186962e+06 4.130513913583304384e+05 -8.803871477549617703e+04 7.409820343034641701e+04 1.518988834052570455e+05 -7.844040320621235878e+04 2.622488518558191601e+06 2.252742131935867481e+06 -9.849879830644937465e+05 1.862556804177899286e+07 1.109926593267875724e+06 4.109443701406752807e+05 1.581132368770067987e+05 8.043203176624256594e+04 1.829596941265735950e+05
4.120179877300304361e+04 2.722220924806059338e+05 4.358710993562415824e+05 4.337797409671354690e+05 4.228792441712200525e+05 9.642773809918406187e+04 -1.076895358797348308e+04 1.931395641603492550e+04 -3.496492364787408587e+04 1.870283425819141325e+06 -1.523251720845785225e+06 -1.419008282553278143e+06 1.109926593267875724e+06 5.265592764657907188e+06 1.641769174266844129e+04 -9.827766225520649459e+04 -9.919043278808974719e+04 -6.051994705641183828e+03
6.780336727357537020e+05 5.448601957467762986e+05 3.748390225816681050e+04 5.575776450602513069e+04 2.388145550329254766e+05 1.622395644254010112e+05 1.022214289173495781e+05 4.554686138538541127e+04 7.488324693163973279e+04 2.598997353338351008e+06 1.509596856784778647e+06 5.129194367530398304e+05 4.109443701406752807e+05 1.641769174266844129e+04 2.745528697660216130e+06 1.626838108009023417e+05 1.547700317203869599e+04 8.467009636391358799e+04
-2.437721268371072656e+05 1.082229345919233310e+05 -1.528645050502580707e+05 -1.436307546029432851e+05 1.815591485457116141e+04 6.877901161337672966e+04 1.118795150701634884e+04 1.892684478730257251e+04 1.026838978843169571e+04 -1.152570211024494143e+06 4.217304358608906623e+05 5.602068885559579940e+04 1.581132368770067987e+05 -9.827766225520649459e+04 1.626838108009023417e+05 2.082422612314834492e+06 1.013386020299134543e+05 5.978393964901402796e+03
1.281277409210199548e+05 -2.349747266001148091e+04 5.846002281613842206e+04 1.868486800046161079e+04 1.292439325185513553e+04 -1.269796933824485859e+04 -3.930813781755250602e+03 4.591790494661588309e+04 9.641817440116958551e+02 -4.552955252870619297e+05 1.728348070536254090e+05 3.372492688190133194e+05 8.043203176624256594e+04 -9.919043278808974719e+04 1.547700317203869599e+04 1.013386020299134543e+05 1.225546481489563826e+06 6.287665451373570977e+04
1.963651462525836541e+05 -2.315131696343207441e+05 -1.677131712026121750e+04 5.208493614625990449e+04 6.300583912721293018e+04 -2.304312293736974971e+04 -1.256622697649911606e+04 6.604180291426820077e+03 2.548267237896685765e+04 9.470403422698185313e+05 1.031321871664537321e+05 1.452599848829499679e+05 1.829596941265735950e+05 -6.051994705641183828e+03 8.467009636391358799e+04 5.978393964901402796e+03 6.287665451373570977e+04 4.470364321482747910e+05
