# lambda=0.4887219768480974
5.473733002462140471e+07 4.120694975229099393e+06 -1.135686076861236477e+06 -2.112988568478489295e+06 -2.547598924378598458e+05 -1.575790619378336996e+05 4.462470359320552961e+04 -3.616697863404989039e+04 -1.069679939918406017e+05 3.466457058438620716e+07 2.403747991641017143e+06 3.362598676052893512e+06 -3.127602165406223387e+06 -1.356717457228493178e+06 -9.580994529213503120e+04 1.749572334702646825e+06 1.275371356660469901e+06 1.800750044582829287e+05
4.120694975229099393e+06 1.555133738558244146e+07 5.875764982436131686e+05 -5.919387631472109351e+05 -4.282497561832446372e+05 -2.276909321825350344e+05 -1.236725598170912126e+05 -1.652815758136294244e+04 -3.852538701252037299e+03 -2.603451654534394387e+06 6.080778257266889326e+06 -1.138176883630235825e+05 -2.662520922967644874e+06 1.154354384645545390e+06 5.871561912647032877e+05 -9.164313175846400554e+04 -3.977838424021981191e+05 -3.078770058885058970e+05
-1.135686076861236477e+06 5.875764982436131686e+05 3.622468046491726767e+06 -8.425985212550676079e+04 -4.205920820346956316e+04 9.793900901787093608e+04 -1.381451272949496924e+05 1.460539354968925472e+05 8.209845353415484715e+04 -3.663212730993586127e+06 3.472119609373686253e+05 2.250230083862157539e+06 3.486233544998493744e+04 3.988615441251451266e+05 -3.981639306744514033e+05 -6.225759245064524002e+05 5.063510873627720139e+04 8.946497796943516005e+04
-2.112988568478489295e+06 -5.919387631472109351e+05 -8.425985212550676079e+04 2.014175209388271905e+06 1.905908124505023006e+05 -1.400962268282716686e+05 -5.879433579026724328e+04 -1.072619182519376773e+05 -1.273824428971947782e+04 -1.778629505850927439e+06 -8.334333299748207210e+05 -1.613965197770558065e+06 1.026174441997198039e+06 2.446115458641023724e+05 -2.218266421364023408e+05 1.329200732271569541e+04 -1.535394595615533472e+05 9.834510189901433478e+04
-2.547598924378598458e+05 -4.282497561832446372e+05 -4.205920820346956316e+04 1.905908124505023006e+05 7.333274081407210324e+05 2.363720791104288583e+04 -3.415530880753674137e+04 -6.966035618820607488e+04 3.034096715822946499e+04 2.296668122425835580e+06 -6.549860818371085916e+05 -6.020788961345097050e+05 1.072235733393801202e+05 1.330764628752752324e+05 -8.790668846694822423e+04 -1.210092044458555029e+05 -4.386676389201286656e+04 2.085349057493218788e+04
-1.575790619378336996e+05 -2.276909321825350344e+05 9.793900901787093608e+04 -1.400962268282716686e+05 2.363720791104288583e+04 3.758882969475926948e+05 2.172567817114110585e+04 2.531256447128582295e+04 1.789508873135741669e+04 1.171656406064449111e+06 4.028114100633069174e+05 4.738540821578824543e+05 -1.996011209976342507e+05 -2.779653369127452970e+04 -6.984244832606265845e+04 -1.753779051234367071e+05 7.199187518324115081e+04 -5.168110924764047377e+04
4.462470359320552961e+04 -1.236725598170912126e+05 -1.381451272949496924e+05 -5.879433579026724328e+04 -3.415530880753674137e+04 2.172567817114110585e+04 4.191628636339550721e+05 1.130962188252452688e+04 -2.306602614933994118e+03 -6.620108200770050753e+05 5.247529126572029199e+05 5.623313800193497445e+05 -3.616863685725048999e+05 -1.389175891963155009e+05 7.944149994182550472e+03 6.576946362239946029e+04 4.872153920394925808e+04 -3.639002985733854530e+03
-3.616697863404989039e+04 -1.652815758136294244e+04 1.460539354968925472e+05 -1.072619182519376773e+05 -6.966035618820607488e+04 2.531256447128582295e+04 1.130962188252452688e+04 2.296356813627335941e+05 3.730973062412835134e+03 -1.009976015931545291e+06 1.953150468825869903e+05 5.320273683006466308e+04 -1.520163905323474610e+05 7.567473698019950825e+04 -8.716877490253097494e+04 -4.798902671755821211e+04 1.065909952711546212e+05 1.907814916329757398e+04
-1.069679939918406017e+05 -3.852538701252037299e+03 8.209845353415484715e+04 -1.273824428971947782e+04 3.034096715822946499e+04 1.789508873135741669e+04 -2.306602614933994118e+03 3.730973062412835134e+03 1.499655205479013675e+05 3.376346403583186911e+05 -1.202468797905768442e+05 -1.575310946777908539e+05 -2.811013539244861022e+04 -1.964426891175483252e+04 -1.085332409919162092e+04 -6.687246754610500648e+04 2.757993151202480658e+04 6.963449956332477450e+04
3.466457058438620716e+07 -2.603451654534394387e+06 -3.663212730993586127e+06 -1.778629505850927439e+06 2.296668122425835580e+06 1.171656406064449111e+06 -6.620108200770050753e+05 -1.009976015931545291e+06 3.376346403583186911e+05 3.256214627339804173e+08 1.459196169619382545e+07 4.304394191979649477e+06 5.070608276154356077e+06 -3.221121758487823419e+06 2.726500479011704680e+06 2.628402776737710810e+05 1.441910753814503783e+06 1.645510676665681414e+06
2.403747991641017143e+06 6.080778257266889326e+06 3.472119609373686253e+05 -8.334333299748207210e+05 -6.549860818371085916e+05 4.028114100633069174e+05 5.247529126572029199e+05 1.953150468825869903e+05 -1.202468797905768442e+05 1.459196169619382545e+07 6.996675040962097049e+07 4.240961412553237751e+06 -5.447802001854151487e+06 6.046080650981649524e+05 1.531940051683271595e+05 4.736707472967565409e+05 5.069536244681690732e+04 -9.050156851244131103e+05
3.362598676052893512e+06 -1.138176883630235825e+05 2.250230083862157539e+06 -1.613965197770558065e+06 -6.020788961345097050e+05 4.738540821578824543e+05 5.623313800193497445e+05 5.320273683006466308e+04 -1.575310946777908539e+05 4.304394191979649477e+06 4.240961412553237751e+06 3.996937535974292457e+07 -1.228984777476017131e+06 -2.423312366537697148e+06 -3.758341066408041515e+05 -9.663656251911640866e+05 2.806653245402724715e+05 -6.453970790695227915e+05
-3.127602165406223387e+06 -2.662520922967644874e+06 3.486233544998493744e+04 1.026174441997198039e+06 1.072235733393801202e+05 -1.996011209976342507e+05 -3.616863685725048999e+05 -1.520163905323474610e+05 -2.811013539244861022e+04 5.070608276154356077e+06 -5.447802001854151487e+06 -1.228984777476017131e+06 1.476911790825147927e+07 6.033500968482220778e+05 3.161046820046639186e+05 3.666576552927331068e+05 -1.097886487489158462e+05 3.898343256634670543e+05
-1.356717457228493178e+06 1.154354384645545390e+06 3.988615441251451266e+05 2.446115458641023724e+05 1.330764628752752324e+05 -2.779653369127452970e+04 -1.389175891963155009e+05 7.567473698019950825e+04 -1.964426891175483252e+04 -3.221121758487823419e+06 6.046080650981649524e+05 -2.423312366537697148e+06 6.033500968482220778e+05 4.154599617689861916e+06 7.751229642364038154e+05 1.504596959212794900e+05 1.401863651523047884e+05 -3.663147998769883998e+04
-9.580994529213503120e+04 5.871561912647032877e+05 -3.981639306744514033e+05 -2.218266421364023408e+05 -8.790668846694822423e+04 -6.984244832606265845e+04 7.944149994182550472e+03 -8.716877490253097494e+04 -1.085332409919162092e+04 2.726500479011704680e+06 1.531940051683271595e+05 -3.758341066408041515e+05 3.161046820046639186e+05 7.751229642364038154e+05 4.637414385636452585e+06 5.451131255233818665e+05 1.320887560897914809e+05 8.523900852159170609e+04
1.749572334702646825e+06 -9.164313175846400554e+04 -6.225759245064524002e+05 1.329200732271569541e+04 -1.210092044458555029e+05 -1.753779051234367071e+05 6.576946362239946029e+04 -4.798902671755821211e+04 -6.687246754610500648e+04 2.628402776737710810e+05 4.736707472967565409e+05 -9.663656251911640866e+05 3.666576552927331068e+05 1.504596959212794900e+05 5.451131255233818665e+05 2.446254838906308170e+06 2.362735686930765514e+05 -4.125588863478264830e+04
1.275371356660469901e+06 -3.977838424021981191e+05 5.063510873627720139e+04 -1.535394595615533472e+05 -4.386676389201286656e+04 7.199187518324115081e+04 4.872153920394925808e+04 1.065909952711546212e+05 2.757993151202480658e+04 1.441910753814503783e+06 5.069536244681690732e+04 2.806653245402724715e+05 -1.097886487489158462e+05 1.401863651523047884e+05 1.320887560897914809e+05 2.362735686930765514e+05 7.604253935947385617e+05 2.386109976254146750e+04
1.800750044582829287e+05 -3.078770058885058970e+05 8.946497796943516005e+04 9.834510189901433478e+04 2.085349057493218788e+04 -5.168110924764047377e+04 -3.639002985733854530e+03 1.907814916329757398e+04 6.963449956332477450e+04 1.645510676665681414e+06 -9.050156851244131103e+05 -6.453970790695227915e+05 3.898343256634670543e+05 -3.663147998769883998e+04 8.523900852159170609e+04 -4.125588863478264830e+04 2.386109976254146750e+04 7.637646206473140046e+05
