# lambda=0.5628352919070609
4.271879964255593717e+07 3.083651258257712238e+06 5.442429034958385164e+05 2.742583703655565041e+05 -8.927755704793908808e+04 -1.613759825441148714e+05 5.974262394311261596e+05 5.357676117150747450e+05 6.799679390916452394e+04 9.150878380924787372e+06 1.945655188932392746e+06 1.914898653131363681e+06 -1.312672154771896312e+06 -2.318469139968594071e+06 -3.750391236341400072e+05 6.973833587372077163e+05 2.396395525803550845e+05 5.253880536983618513e+05
3.083651258257712238e+06 2.019727794526693597e+07 8.514226778885236708e+05 5.593602805378122721e+05 5.348292752128522843e+05 -1.692424354492164857e+05 8.580079565258331422e+04 6.436067383594800049e+04 -3.954993138105513935e+04 -1.837000864065645030e+06 7.439397825841816142e+06 1.287055066452656873e+06 1.872125851948229596e+06 -1.986785458334504161e+06 -1.420643849966414971e+06 -5.231826899011179921e+05 -4.939610388963350561e+05 3.972214739820655814e+04
5.442429034958385164e+05 8.514226778885236708e+05 4.050038254080464598e+06 8.274894748240581248e+04 7.209000256069457100e+04 -5.918703899270876718e+04 8.354523180789873004e+04 -2.719052467895966402e+04 -5.759268448101236572e+03 2.913322716392078903e+06 -6.472501565999478335e+05 2.973579357487368397e+05 6.462533678736366564e+05 -5.706349782139541348e+05 -4.849925763533761492e+05 -2.042581902592214174e+05 4.786469193281103071e+04 1.626236642255606712e+05
2.742583703655565041e+05 5.593602805378122721e+05 8.274894748240581248e+04 1.632226266511328984e+06 7.481601651642852812e+04 7.063714442811388290e+04 -1.170667101442934509e+05 -3.361106084555768757e+04 -4.015464668020662793e+04 -2.315792797436246183e+06 2.248128711053015722e+05 -4.904402854347809334e+05 -1.709442440094801714e+05 -4.728974861783625674e+05 -1.278420318975060400e+04 -1.432475108910328709e+05 -3.952166070549304277e+04 -2.203103138957552801e+04
-8.927755704793908808e+04 5.348292752128522843e+05 7.209000256069457100e+04 7.481601651642852812e+04 1.121213602191124810e+06 6.463269249848090840e+04 1.061083222173047980e+05 3.043413682250816782e+04 4.997305513193128718e+04 4.613760930668825167e+05 1.340423117036256474e+06 -8.507570364615372091e+04 -2.083193582509710395e+05 -8.998946277725970140e+04 2.028798955534371198e+05 9.683852138964383630e+04 -4.374014744263518514e+04 -4.886443790882243775e+04
-1.613759825441148714e+05 -1.692424354492164857e+05 -5.918703899270876718e+04 7.063714442811388290e+04 6.463269249848090840e+04 6.627634885990992188e+05 4.637607424924751285e+03 1.885121339296803853e+04 1.934889369413813256e+03 -1.027424138681439217e+06 2.452084376531788148e+05 3.173462695715803420e+05 -1.380547361328476400e+05 -2.218701467311826718e+02 2.683872771929475712e+05 9.401426478296527057e+04 6.070378356008137644e+02 -1.262025250284877402e+05
5.974262394311261596e+05 8.580079565258331422e+04 8.354523180789873004e+04 -1.170667101442934509e+05 1.061083222173047980e+05 4.637607424924751285e+03 5.059125207757259486e+05 4.902011439854429773e+04 3.687150244577621197e+04 1.570083256775846894e+04 -1.060646569528543623e+05 3.091109957003823947e+05 1.220800139960594242e+05 3.524933509349411179e+04 7.411858305900513369e+04 1.575922527484213351e+05 4.370786748959514625e+03 -4.436095456203306640e+03
5.357676117150747450e+05 6.436067383594800049e+04 -2.719052467895966402e+04 -3.361106084555768757e+04 3.043413682250816782e+04 1.885121339296803853e+04 4.902011439854429773e+04 1.983057439525875670e+05 1.203348915262258379e+04 5.420340867478724103e+05 2.491965294730005262e+05 7.827742814123260905e+04 -1.126394977542755369e+05 1.897703417841773626e+04 6.913823045802669367e+04 1.590271217183686385e+05 2.758449184243778654e+04 3.745461866624894901e+04
6.799679390916452394e+04 -3.954993138105513935e+04 -5.759268448101236572e+03 -4.015464668020662793e+04 4.997305513193128718e+04 1.934889369413813256e+03 3.687150244577621197e+04 1.203348915262258379e+04 8.626328448038792703e+04 6.850829520032295259e+05 1.901619370830299740e+05 -4.110498696997161460e+04 -5.459478091684496758e+04 -1.830121516516594420e+04 5.627618626192378542e+03 5.866917490378748334e+04 2.524871090626169098e+04 1.870620030732456871e+04
9.150878380924787372e+06 -1.837000864065645030e+06 2.913322716392078903e+06 -2.315792797436246183e+06 4.613760930668825167e+05 -1.027424138681439217e+06 1.570083256775846894e+04 5.420340867478724103e+05 6.850829520032295259e+05 2.289517355539972484e+08 2.250406196452938765e+07 3.557534712344195694e+06 1.939710090029993560e+06 -2.606448921260748059e+06 -2.307023234346067067e+06 1.428534750010824973e+04 7.430846224916792708e+05 1.645146910030709114e+06
1.945655188932392746e+06 7.439397825841816142e+06 -6.472501565999478335e+05 2.248128711053015722e+05 1.340423117036256474e+06 2.452084376531788148e+05 -1.060646569528543623e+05 2.491965294730005262e+05 1.901619370830299740e+05 2.250406196452938765e+07 1.173328795944350958e+08 5.563228931355855428e+06 1.453257542659491301e+06 -3.924043119191762526e+06 -9.993467779359646374e+04 4.542005858315891965e+04 -3.245355838964796858e+05 8.053982920498508029e+05
1.914898653131363681e+06 1.287055066452656873e+06 2.973579357487368397e+05 -4.904402854347809334e+05 -8.507570364615372091e+04 3.173462695715803420e+05 3.091109957003823947e+05 7.827742814123260905e+04 -4.110498696997161460e+04 3.557534712344195694e+06 5.563228931355855428e+06 2.824800325123234466e+07 1.591111485822034534e+06 1.232632107254422968e+06 -5.074009503337865463e+05 -8.657580950399467838e+03 5.806052079551360803e+05 1.098726301556477993e+05
-1.312672154771896312e+06 1.872125851948229596e+06 6.462533678736366564e+05 -1.709442440094801714e+05 -2.083193582509710395e+05 -1.380547361328476400e+05 1.220800139960594242e+05 -1.126394977542755369e+05 -5.459478091684496758e+04 1.939710090029993560e+06 1.453257542659491301e+06 1.591111485822034534e+06 1.481081526424849033e+07 9.119692591924831504e+05 1.168739546840338735e+05 1.099511586118091946e+05 2.981848301792567945e+05 3.530707736829404603e+05
-2.318469139968594071e+06 -1.986785458334504161e+06 -5.706349782139541348e+05 -4.728974861783625674e+05 -8.998946277725970140e+04 -2.218701467311826718e+02 3.524933509349411179e+04 1.897703417841773626e+04 -1.830121516516594420e+04 -2.606448921260748059e+06 -3.924043119191762526e+06 1.232632107254422968e+06 9.119692591924831504e+05 7.620059635671019554e+06 6.996179044834049419e+05 7.485883948616011767e+05 2.273728846561624378e+05 6.718834628920268733e+04
-3.750391236341400072e+05 -1.420643849966414971e+06 -4.849925763533761492e+05 -1.278420318975060400e+04 2.028798955534371198e+05 2.683872771929475712e+05 7.411858305900513369e+04 6.913823045802669367e+04 5.627618626192378542e+03 -2.307023234346067067e+06 -9.993467779359646374e+04 -5.074009503337865463e+05 1.168739546840338735e+05 6.996179044834049419e+05 3.221046716015916318e+06 6.436857981912589166e+05 1.676818851040491136e+05 -1.335747921578518435e+04
6.973833587372077163e+05 -5.231826899011179921e+05 -2.042581902592214174e+05 -1.432475108910328709e+05 9.683852138964383630e+04 9.401426478296527057e+04 1.575922527484213351e+05 1.590271217183686385e+05 5.866917490378748334e+04 1.428534750010824973e+04 4.542005858315891965e+04 -8.657580950399467838e+03 1.099511586118091946e+05 7.485883948616011767e+05 6.436857981912589166e+05 2.143048152979057282e+06 1.661149025271089631e+05 1.003137747489836474e+05
2.396395525803550845e+05 -4.939610388963350561e+05 4.786469193281103071e+04 -3.952166070549304277e+04 -4.374014744263518514e+04 6.070378356008137644e+02 4.370786748959514625e+03 2.758449184243778654e+04 2.524871090626169098e+04 7.430846224916792708e+05 -3.245355838964796858e+05 5.806052079551360803e+05 2.981848301792567945e+05 2.273728846561624378e+05 1.676818851040491136e+05 1.661149025271089631e+05 6.693130524488476804e+05 1.255602626626921847e+05
5.253880536983618513e+05 3.972214739820655814e+04 1.626236642255606712e+05 -2.203103138957552801e+04 -4.886443790882243775e+04 -1.262025250284877402e+05 -4.436095456203306640e+03 3.745461866624894901e+04 1.870620030732456871e+04 1.645146910030709114e+06 8.053982920498508029e+05 1.098726301556477993e+05 3.530707736829404603e+05 6.718834628920268733e+04 -1.335747921578518435e+04 1.003137747489836474e+05 1.255602626626921847e+05 8.340384124785289168e+05
