# lambda=0.42846236928296866
4.897408877297778428e+07 -1.401608762779794168e+06 -4.569486301489769830e+05 2.224282334796265059e+05 1.628210384516967133e+04 4.970769208504995913e+05 -6.261556042431529204e+04 -4.254545107423284207e+03 -1.921895451924838417e+05 3.083842212252192572e+07 6.586873937740311958e+06 7.090947702030145563e+06 -1.441159109583746176e+06 -6.819209557031742297e+05 -8.535460968938705046e+05 -1.084854914695275947e+06 7.237552901681194780e+05 8.459857901390657062e+05
-1.401608762779794168e+06 1.863501798813321814e+07 1.872384249837455107e+06 -1.666123656372601865e+06 6.102627022604462691e+05 1.055615772754453210e+05 -2.633679575832814444e+05 1.050221337717448769e+05 6.917081713736361417e+04 -2.291333047572357580e+06 3.345960015367603395e+06 2.546602169715089723e+06 1.805563084298660979e+05 -4.401895629774887493e+04 1.226651542079290841e+06 8.351951138326823711e+05 6.379937677831964102e+05 4.014965900972270174e+05
-4.569486301489769830e+05 1.872384249837455107e+06 4.570805718133644201e+06 -1.737610824439942080e+05 2.512883118267635000e+05 -1.308028949719025513e+04 -2.014432606224578049e+05 5.401556911478969414e+04 -9.963570437185088622e+02 -2.896173908429629169e+06 6.631139016932504019e+05 9.158509965287194354e+05 1.079652405675719638e+05 -2.024863193443824421e+05 -1.916212424537436527e+04 1.455112272177272243e+05 9.960136860713049828e+03 1.374829220896083280e+04
2.224282334796265059e+05 -1.666123656372601865e+06 -1.737610824439942080e+05 1.971119696696481202e+06 -7.731795836471000803e+04 -1.515974380201029417e+05 6.725108668668157770e+04 9.317281159778865913e+03 -6.534523283261245524e+04 1.376254354945676751e+05 -2.282020505849706533e+05 1.287098720088795992e+06 6.821892714747388382e+05 3.944795102118889918e+05 6.800484968647807545e+04 1.573662144237120992e+04 -2.639744390886487090e+05 -9.049978201221115887e+04
1.628210384516967133e+04 6.102627022604462691e+05 2.512883118267635000e+05 -7.731795836471000803e+04 7.772367379709696397e+05 1.083413977312706993e+05 -6.116784412663078911e+03 8.884094126118945132e+04 5.688173038744909718e+03 7.819397901568223024e+05 -3.450177078376784921e+05 -4.707537882376081543e+05 2.300246160785376269e+05 3.505631553791098413e+05 1.157416971533523465e+05 1.080375867710951716e+05 4.508249398241611925e+04 1.018201452297984506e+05
4.970769208504995913e+05 1.055615772754453210e+05 -1.308028949719025513e+04 -1.515974380201029417e+05 1.083413977312706993e+05 6.002296203065775335e+05 -4.549411874922981951e+04 7.816180451267033277e+03 2.932928358672116519e+04 5.064969742184200441e+05 9.320080102296096738e+05 8.891245545061524026e+05 2.367746210890421207e+04 -1.878583663434789632e+05 1.360276050717218022e+05 -8.215021958699666357e+03 -8.067583024129958358e+04 3.230743487832947358e+04
-6.261556042431529204e+04 -2.633679575832814444e+05 -2.014432606224578049e+05 6.725108668668157770e+04 -6.116784412663078911e+03 -4.549411874922981951e+04 2.608132031300245435e+05 3.588032136875488504e+04 -1.983155579129493708e+04 -2.446989612248261110e+05 -1.125507293436693493e+06 -3.910545318182933261e+05 1.387247881070407166e+05 6.824733073242509272e+04 2.033492076305085357e+04 -5.038732452571874092e+03 -1.696396023596202213e+04 -4.176593856226430944e+04
-4.254545107423284207e+03 1.050221337717448769e+05 5.401556911478969414e+04 9.317281159778865913e+03 8.884094126118945132e+04 7.816180451267033277e+03 3.588032136875488504e+04 2.610620393471214920e+05 3.753804914671304141e+04 -2.738326202343040495e+05 -1.031179856180680101e+06 -1.338024543291322771e+05 -5.860389860585306451e+04 -1.660568309645053523e+04 -9.357059151725721313e+04 -3.884364767252052116e+04 4.277493991636326973e+04 3.845978407534978032e+04
-1.921895451924838417e+05 6.917081713736361417e+04 -9.963570437185088622e+02 -6.534523283261245524e+04 5.688173038744909718e+03 2.932928358672116519e+04 -1.983155579129493708e+04 3.753804914671304141e+04 8.241971875292315963e+04 -5.384850946074731182e+05 -2.650053664430028875e+05 -2.346400558092101419e+05 -1.176525720962618361e+05 -3.129322198632772415e+04 -7.938397852980885364e+04 -9.389270992510433643e+03 9.943311997877068279e+03 3.653198018692305050e+04
3.083842212252192572e+07 -2.291333047572357580e+06 -2.896173908429629169e+06 1.376254354945676751e+05 7.819397901568223024e+05 5.064969742184200441e+05 -2.446989612248261110e+05 -2.738326202343040495e+05 -5.384850946074731182e+05 2.518087172181660533e+08 1.954558599369374290e+07 3.709493799125062302e+06 -5.573378865359838121e+06 -2.795758906352556776e+06 1.124115973204277456e+06 7.624237135709162976e+04 1.021052534657454933e+06 -2.545158741980242485e+04
6.586873937740311958e+06 3.345960015367603395e+06 6.631139016932504019e+05 -2.282020505849706533e+05 -3.450177078376784921e+05 9.320080102296096738e+05 -1.125507293436693493e+06 -1.031179856180680101e+06 -2.650053664430028875e+05 1.954558599369374290e+07 8.720225572414876521e+07 1.202313680115937628e+07 5.609628557858515531e+06 2.956239937166349031e+06 1.724780948785815155e+06 8.869405015630593989e+05 6.881539014300068375e+05 -2.122708868657926796e+05
7.090947702030145563e+06 2.546602169715089723e+06 9.158509965287194354e+05 1.287098720088795992e+06 -4.707537882376081543e+05 8.891245545061524026e+05 -3.910545318182933261e+05 -1.338024543291322771e+05 -2.346400558092101419e+05 3.709493799125062302e+06 1.202313680115937628e+07 3.922156410720293969e+07 3.458719625658942387e+06 -1.431619964458866278e+06 1.125723087655516807e+06 -1.876322101590006787e+05 2.394096098376342270e+05 -1.827277247578638780e+05
-1.441159109583746176e+06 1.805563084298660979e+05 1.079652405675719638e+05 6.821892714747388382e+05 2.300246160785376269e+05 2.367746210890421207e+04 1.387247881070407166e+05 -5.860389860585306451e+04 -1.176525720962618361e+05 -5.573378865359838121e+06 5.609628557858515531e+06 3.458719625658942387e+06 1.063003645595504530e+07 1.415105102316692239e+06 1.762724397100603965e+05 1.348653383154768089e+05 1.795474615889169218e+05 -1.987686716725135630e+05
-6.819209557031742297e+05 -4.401895629774887493e+04 -2.024863193443824421e+05 3.944795102118889918e+05 3.505631553791098413e+05 -1.878583663434789632e+05 6.824733073242509272e+04 -1.660568309645053523e+04 -3.129322198632772415e+04 -2.795758906352556776e+06 2.956239937166349031e+06 -1.431619964458866278e+06 1.415105102316692239e+06 5.881118349088806659e+06 3.213172920797450352e+05 -1.968227237631261232e+04 5.969193894812047074e+04 4.989521508768203057e+04
-8.535460968938705046e+05 1.226651542079290841e+06 -1.916212424537436527e+04 6.800484968647807545e+04 1.157416971533523465e+05 1.360276050717218022e+05 2.033492076305085357e+04 -9.357059151725721313e+04 -7.938397852980885364e+04 1.124115973204277456e+06 1.724780948785815155e+06 1.125723087655516807e+06 1.762724397100603965e+05 3.213172920797450352e+05 1.954104443845085101e+06 5.720748781059012254e+04 -1.349630254874599632e+05 -1.837405650856621287e+04
-1.084854914695275947e+06 8.351951138326823711e+05 1.455112272177272243e+05 1.573662144237120992e+04 1.080375867710951716e+05 -8.215021958699666357e+03 -5.038732452571874092e+03 -3.884364767252052116e+04 -9.389270992510433643e+03 7.624237135709162976e+04 8.869405015630593989e+05 -1.876322101590006787e+05 1.348653383154768089e+05 -1.968227237631261232e+04 5.720748781059012254e+04 1.313799590301612392e+06 2.652834308609965956e+05 5.368534675936744316e+04
7.237552901681194780e+05 6.379937677831964102e+05 9.960136860713049828e+03 -2.639744390886487090e+05 4.508249398241611925e+04 -8.067583024129958358e+04 -1.696396023596202213e+04 4.277493991636326973e+04 9.943311997877068279e+03 1.021052534657454933e+06 6.881539014300068375e+05 2.394096098376342270e+05 1.795474615889169218e+05 5.969193894812047074e+04 -1.349630254874599632e+05 2.652834308609965956e+05 1.478492110528097721e+06 1.767608706122806761e+05
8.459857901390657062e+05 4.014965900972270174e+05 1.374829220896083280e+04 -9.049978201221115887e+04 1.018201452297984506e+05 3.230743487832947358e+04 -4.176593856226430944e+04 3.845978407534978032e+04 3.653198018692305050e+04 -2.545158741980242485e+04 -2.122708868657926796e+05 -1.827277247578638780e+05 -1.987686716725135630e+05 4.989521508768203057e+04 -1.837405650856621287e+04 5.368534675936744316e+04 1.767608706122806761e+05 4.185493680537620676e+05
