# lambda=0.9990461164243004
4.625014538288594782e+07 -6.868456565918583010e+02 -1.343122619752750325e+03 -3.299513358489682560e+03 -1.387383199789941955e+03 -4.148857594871517449e+02 1.330693029887056809e+03 7.551902748210421805e+02 4.410571698106680856e+02 2.830038444607467682e+04 -1.200502713760249208e+03 -2.451639645190830379e+03 1.017228867429316210e+03 3.681024640981326229e+03 2.249923051391945592e+03 1.161718935865064168e+03 7.003299984247406655e+02 2.622230636423655142e+03
-6.868456565918583010e+02 2.071054334267096221e+07 1.195588635012472196e+03 8.561521608150096441e+00 4.827918240600727700e+02 -2.975645610417532225e+02 2.682471926598037726e+02 -3.430572991258160869e+02 -2.739863828391033849e+02 -5.266526824874170416e+03 -1.191569748782721035e+03 5.581796815228924970e+03 3.153970219822309446e+03 -9.171124236166983792e+02 1.229995962730884685e+03 8.311952944135543930e+02 6.978531688143838210e+02 -6.066009690394694189e+02
-1.343122619752750325e+03 1.195588635012472196e+03 5.975908297825960442e+06 7.669843425594739301e+02 7.267797553387046037e+02 -4.768119730457624428e+01 4.729704092380666225e+01 2.141163789323753406e+02 -9.370460128833042290e+01 4.953719606242799273e+03 2.507939040583282349e+03 5.137846313240830568e+03 3.287747573148105857e+02 6.214781564304828407e+02 -9.887364452623176021e+02 4.313912387699463835e+01 -2.350829139348478236e+02 -8.804349833645910905e+01
-3.299513358489682560e+03 8.561521608150096441e+00 7.669843425594739301e+02 2.349920521556982305e+06 8.509982028672174010e+02 3.193272645277359629e+02 1.228006985120412793e+02 1.360123877952080704e+02 -5.691420938550786701e+01 -5.465393207691117823e+02 3.350497394991967326e+02 1.183607745136107042e+03 -2.015550069504093642e+02 1.152742768416800800e+03 5.173767634867280094e+02 7.121309884239558414e+02 -4.893382418830666580e+01 -3.144130786969327005e+02
-1.387383199789941955e+03 4.827918240600727700e+02 7.267797553387046037e+02 8.509982028672174010e+02 1.026240514802145190e+06 2.165188755814956210e+02 1.640862879475992031e+02 1.536601173799948583e+02 6.563708136238284396e+01 -3.410760349277019259e+02 -2.141455091141380308e+03 9.194279346896719289e+02 2.505546289828484774e+01 7.206194129152370351e+02 4.043728283724435073e+02 3.888617115195386305e+02 2.911673625908407530e+02 -6.638674338333277092e+01
-4.148857594871517449e+02 -2.975645610417532225e+02 -4.768119730457624428e+01 3.193272645277359629e+02 2.165188755814956210e+02 4.971256693556027603e+05 2.052007045554311304e+01 6.101339145565796684e+01 7.563113366537005788e+01 -3.482915628428831383e+02 -6.580275912307720887e+01 -8.904163139077104461e+02 5.935409840904092107e+02 2.487385370358391583e+02 3.128044373611100468e+02 -5.473183377911847458e+01 1.609012376875301698e+02 -8.267653625430051889e+00
1.330693029887056809e+03 2.682471926598037726e+02 4.729704092380666225e+01 1.228006985120412793e+02 1.640862879475992031e+02 2.052007045554311304e+01 2.813739274450287339e+05 -3.651109270319551570e+00 -1.658286587162479719e+01 6.317534925289047010e+01 -2.209486036514136686e+03 -1.283457680722934242e+02 2.567202878898671656e+02 3.528707276990754167e+02 3.164629047136176609e+02 2.329015245217621271e+02 4.551532722288975208e+01 1.108413020512089808e+01
7.551902748210421805e+02 -3.430572991258160869e+02 2.141163789323753406e+02 1.360123877952080704e+02 1.536601173799948583e+02 6.101339145565796684e+01 -3.651109270319551570e+00 1.681070523241819756e+05 4.774454408199676436e+01 8.678921580413286847e+02 -5.341127289777265332e+02 -1.235330314124672100e+02 -2.398576375449972602e+02 2.184308068373034359e+02 3.070837273301808779e+01 8.754526139000611806e+01 9.723128128269119941e+01 3.151970672846348265e+01
4.410571698106680856e+02 -2.739863828391033849e+02 -9.370460128833042290e+01 -5.691420938550786701e+01 6.563708136238284396e+01 7.563113366537005788e+01 -1.658286587162479719e+01 4.774454408199676436e+01 1.259247929732853227e+05 -7.104422195468079053e+02 -2.251650254131304791e+02 -2.068172802058003583e+02 -2.111226006471162293e+02 2.108958765855987139e+01 -7.471509579267440415e+01 -1.887003497025028054e+01 2.169143827541062919e+01 9.204654547106953544e+01
2.830038444607467682e+04 -5.266526824874170416e+03 4.953719606242799273e+03 -5.465393207691117823e+02 -3.410760349277019259e+02 -3.482915628428831383e+02 6.317534925289047010e+01 8.678921580413286847e+02 -7.104422195468079053e+02 2.171654462674163878e+08 1.790290113936820126e+04 -1.792803556101188951e+04 -5.031401532481447248e+03 1.090216735847043492e+04 3.901510989249439262e+03 -3.271096579300487974e+02 1.720966869910179184e+03 4.479936366583272502e+03
-1.200502713760249208e+03 -1.191569748782721035e+03 2.507939040583282349e+03 3.350497394991967326e+02 -2.141455091141380308e+03 -6.580275912307720887e+01 -2.209486036514136686e+03 -5.341127289777265332e+02 -2.251650254131304791e+02 1.790290113936820126e+04 7.898653390740336478e+07 6.377716880789569586e+03 -2.698138509080922631e+03 -3.154405939285834847e+03 -1.571366625432230876e+03 -2.803818924339606383e+03 -1.346869984143448391e+03 1.430286134298620027e+03
-2.451639645190830379e+03 5.581796815228924970e+03 5.137846313240830568e+03 1.183607745136107042e+03 9.194279346896719289e+02 -8.904163139077104461e+02 -1.283457680722934242e+02 -1.235330314124672100e+02 -2.068172802058003583e+02 -1.792803556101188951e+04 6.377716880789569586e+03 2.245308011979027092e+07 1.958429793793631859e+02 -1.961310664367236541e+03 -3.483845098191553546e+01 6.766490421269104445e+02 -3.705195735590565960e+02 -7.944047621295229646e+02
1.017228867429316210e+03 3.153970219822309446e+03 3.287747573148105857e+02 -2.015550069504093642e+02 2.505546289828484774e+01 5.935409840904092107e+02 2.567202878898671656e+02 -2.398576375449972602e+02 -2.111226006471162293e+02 -5.031401532481447248e+03 -2.698138509080922631e+03 1.958429793793631859e+02 1.029614616530560143e+07 2.092037481928223315e+03 1.239942710132831962e+03 -2.853801908936043219e+02 1.269827100037291075e+03 -3.819856890729957968e+02
3.681024640981326229e+03 -9.171124236166983792e+02 6.214781564304828407e+02 1.152742768416800800e+03 7.206194129152370351e+02 2.487385370358391583e+02 3.528707276990754167e+02 2.184308068373034359e+02 2.108958765855987139e+01 1.090216735847043492e+04 -3.154405939285834847e+03 -1.961310664367236541e+03 2.092037481928223315e+03 7.201813937984017655e+06 6.775422484151358731e+02 1.555268346699876020e+03 1.313695287389110717e+02 2.798037007240001230e+02
2.249923051391945592e+03 1.229995962730884685e+03 -9.887364452623176021e+02 5.173767634867280094e+02 4.043728283724435073e+02 3.128044373611100468e+02 3.164629047136176609e+02 3.070837273301808779e+01 -7.471509579267440415e+01 3.901510989249439262e+03 -1.571366625432230876e+03 -3.483845098191553546e+01 1.239942710132831962e+03 6.775422484151358731e+02 2.703441456862937659e+06 8.575021867222156970e+02 6.094671964821002348e+02 -1.215357721857546203e+01
1.161718935865064168e+03 8.311952944135543930e+02 4.313912387699463835e+01 7.121309884239558414e+02 3.888617115195386305e+02 -5.473183377911847458e+01 2.329015245217621271e+02 8.754526139000611806e+01 -1.887003497025028054e+01 -3.271096579300487974e+02 -2.803818924339606383e+03 6.766490421269104445e+02 -2.853801908936043219e+02 1.555268346699876020e+03 8.575021867222156970e+02 1.734025455221755430e+06 2.692254938786621210e+02 -1.985475626858462874e+02
7.003299984247406655e+02 6.978531688143838210e+02 -2.350829139348478236e+02 -4.893382418830666580e+01 2.911673625908407530e+02 1.609012376875301698e+02 4.551532722288975208e+01 9.723128128269119941e+01 2.169143827541062919e+01 1.720966869910179184e+03 -1.346869984143448391e+03 -3.705195735590565960e+02 1.269827100037291075e+03 1.313695287389110717e+02 6.094671964821002348e+02 2.692254938786621210e+02 1.114362981457016664e+06 -2.411182140715330213e+00
2.622230636423655142e+03 -6.066009690394694189e+02 -8.804349833645910905e+01 -3.144130786969327005e+02 -6.638674338333277092e+01 -8.267653625430051889e+00 1.108413020512089808e+01 3.151970672846348265e+01 9.204654547106953544e+01 4.479936366583272502e+03 1.430286134298620027e+03 -7.944047621295229646e+02 -3.819856890729957968e+02 2.798037007240001230e+02 -1.215357721857546203e+01 -1.985475626858462874e+02 -2.411182140715330213e+00 7.300783878200978506e+05
