# lambda=0.671101905809219
5.048872010536640882e+07 -3.868891520584941609e+05 5.656225652436675737e+05 1.405166775167018641e+06 3.388184837112767855e+04 1.841819760315431631e+05 -2.961459411958298297e+05 1.780325262521175027e+05 8.179306462791954800e+03 5.321926243764210492e+06 6.532996937750177458e+06 1.629494305683370447e+06 -3.095445094854531344e+05 1.228117376057853107e+05 8.085260739318344276e+05 -3.825335168777697836e+05 4.854500502744963742e+05 2.367085941952670692e+05
-3.868891520584941609e+05 1.724261642610958964e+07 1.112071556283195270e+06 1.642503957964906294e+05 4.903204449903375935e+05 1.395009097595009371e+05 1.388921877000422974e+05 1.584809697352210060e+05 -8.468739123196121454e+02 7.051492036938599776e+05 2.744049398093010765e+06 -3.036797368348813034e+05 1.092993705867484387e+05 -4.081065851298423950e+05 -1.264800829749676486e+05 -4.011454401665317127e+05 -4.200558254334782832e+05 -9.310321804547921056e+04
5.656225652436675737e+05 1.112071556283195270e+06 4.410640283602627926e+06 4.711918090211972012e+05 2.049062871042234838e+04 1.449955622270299646e+05 -5.161240813593275379e+04 -1.931060749136835057e+03 4.048684809636281716e+04 -6.920531860810611397e+04 8.507280936106239678e+05 1.326185213618689682e+06 1.795617348382471537e+05 -8.477677602563361870e+04 4.126039766598254209e+05 6.725896439453853191e+02 -1.261303833344502636e+05 2.958194825599599790e+04
1.405166775167018641e+06 1.642503957964906294e+05 4.711918090211972012e+05 2.597713719137222972e+06 1.816298865979959664e+05 2.358668903314422641e+05 -4.198619707554722845e+04 6.912214182593597798e+04 4.298883030286908615e+04 1.422494422458139714e+06 1.047600930987685220e+06 6.532106407587536378e+05 2.764701468590945005e+05 -2.006402679522029939e+04 7.302563646882567264e+04 -1.040387596502477099e+05 1.095707874150041753e+05 1.016837221030756627e+05
3.388184837112767855e+04 4.903204449903375935e+05 2.049062871042234838e+04 1.816298865979959664e+05 1.007223700165118789e+06 1.113528936036826490e+05 -1.410703993318201697e+02 6.385243804470715259e+04 5.707007606202710122e+03 -5.115002853103116504e+05 1.260911166636659327e+05 -1.177824368305315693e+04 -7.284666687167031341e+04 1.153631713355856191e+05 -8.729226043932145694e+04 -4.238958495459273399e+04 5.995140550663905742e+04 9.151150696204726046e+03
1.841819760315431631e+05 1.395009097595009371e+05 1.449955622270299646e+05 2.358668903314422641e+05 1.113528936036826490e+05 6.580459837669158587e+05 -1.789119942118718609e+04 1.981929795386170736e+04 2.413012781316390465e+04 -2.809705633584581083e+05 -4.486390645280525205e+05 -1.796126665090521565e+05 -3.407206237387545116e+04 -7.020234266117836523e+04 -1.608270925356877706e+04 -5.765672080787098821e+04 -6.282916003865806852e+04 -5.913444032473879633e+04
-2.961459411958298297e+05 1.388921877000422974e+05 -5.161240813593275379e+04 -4.198619707554722845e+04 -1.410703993318201697e+02 -1.789119942118718609e+04 3.109133161069958587e+05 2.974667028344963546e+04 1.041286346454626801e+04 3.031383460757524590e+05 3.342373656603576965e+05 -7.481424438599981659e+04 8.481899188374109508e+04 -2.225004514481920705e+04 4.386415018486097688e+04 9.031011259507184150e+03 3.976257519191331812e+04 3.833874074594125705e+04
1.780325262521175027e+05 1.584809697352210060e+05 -1.931060749136835057e+03 6.912214182593597798e+04 6.385243804470715259e+04 1.981929795386170736e+04 2.974667028344963546e+04 1.953642447728429106e+05 1.966929864750749766e+04 5.263108708591149189e+05 1.478285724058179949e+04 7.155269486634750501e+04 1.376263981086287822e+05 -5.896416931541017448e+02 6.603014051168775768e+04 2.005881533505350944e+03 9.597814119240858417e+04 7.793126367113308515e+04
8.179306462791954800e+03 -8.468739123196121454e+02 4.048684809636281716e+04 4.298883030286908615e+04 5.707007606202710122e+03 2.413012781316390465e+04 1.041286346454626801e+04 1.966929864750749766e+04 1.282290411333437951e+05 4.291305136192213395e+05 -2.247269580088700968e+04 -3.035227918585668522e+04 3.465244762661392451e+04 1.482160708820675973e+04 5.796003351570232553e+03 2.274922897929304236e+04 5.294262833655232680e+04 5.808598361985871452e+04
5.321926243764210492e+06 7.051492036938599776e+05 -6.920531860810611397e+04 1.422494422458139714e+06 -5.115002853103116504e+05 -2.809705633584581083e+05 3.031383460757524590e+05 5.263108708591149189e+05 4.291305136192213395e+05 1.743312349188618958e+08 1.193643907278851978e+07 5.997337743584312499e+06 -3.550661930516727734e+06 -1.882010127487544436e+06 1.609055919392635813e+06 -8.877698610377272125e+05 1.110175789799504273e+05 1.199488259998608613e+06
6.532996937750177458e+06 2.744049398093010765e+06 8.507280936106239678e+05 1.047600930987685220e+06 1.260911166636659327e+05 -4.486390645280525205e+05 3.342373656603576965e+05 1.478285724058179949e+04 -2.247269580088700968e+04 1.193643907278851978e+07 6.983471877745370567e+07 4.202875983563363552e+05 -2.375052678485520591e+05 1.127642877007767558e+06 7.263443166310267989e+05 -2.879573818808944197e+05 -1.021981999876802874e+05 1.068629925506750151e+05
1.629494305683370447e+06 -3.036797368348813034e+05 1.326185213618689682e+06 6.532106407587536378e+05 -1.177824368305315693e+04 -1.796126665090521565e+05 -7.481424438599981659e+04 7.155269486634750501e+04 -3.035227918585668522e+04 5.997337743584312499e+06 4.202875983563363552e+05 3.097858531216510758e+07 6.107668186064740876e+05 -1.344787736722799949e+06 5.816556658554889727e+05 -9.876466843210840307e+04 2.324827119638930017e+05 4.506618993576419889e+05
-3.095445094854531344e+05 1.092993705867484387e+05 1.795617348382471537e+05 2.764701468590945005e+05 -7.284666687167031341e+04 -3.407206237387545116e+04 8.481899188374109508e+04 1.376263981086287822e+05 3.465244762661392451e+04 -3.550661930516727734e+06 -2.375052678485520591e+05 6.107668186064740876e+05 9.313478232687797397e+06 1.466318313700177241e+05 -2.030774144779832859e+05 -9.132645833548840892e+04 6.880602891071413178e+05 4.916365653687150916e+05
1.228117376057853107e+05 -4.081065851298423950e+05 -8.477677602563361870e+04 -2.006402679522029939e+04 1.153631713355856191e+05 -7.020234266117836523e+04 -2.225004514481920705e+04 -5.896416931541017448e+02 1.482160708820675973e+04 -1.882010127487544436e+06 1.127642877007767558e+06 -1.344787736722799949e+06 1.466318313700177241e+05 6.233799684198094532e+06 1.344515495990766503e+05 2.998450432608606643e+05 3.366321967696950305e+05 6.005466128815911361e+04
8.085260739318344276e+05 -1.264800829749676486e+05 4.126039766598254209e+05 7.302563646882567264e+04 -8.729226043932145694e+04 -1.608270925356877706e+04 4.386415018486097688e+04 6.603014051168775768e+04 5.796003351570232553e+03 1.609055919392635813e+06 7.263443166310267989e+05 5.816556658554889727e+05 -2.030774144779832859e+05 1.344515495990766503e+05 2.671201869353599846e+06 8.963570419044418668e+04 -5.666611940156192577e+04 3.713818775928771356e+04
-3.825335168777697836e+05 -4.011454401665317127e+05 6.725896439453853191e+02 -1.040387596502477099e+05 -4.238958495459273399e+04 -5.765672080787098821e+04 9.031011259507184150e+03 2.005881533505350944e+03 2.274922897929304236e+04 -8.877698610377272125e+05 -2.879573818808944197e+05 -9.876466843210840307e+04 -9.132645833548840892e+04 2.998450432608606643e+05 8.963570419044418668e+04 1.105251001033328939e+06 8.569043553076614626e+04 6.036609172955138638e+04
4.854500502744963742e+05 -4.200558254334782832e+05 -1.261303833344502636e+05 1.095707874150041753e+05 5.995140550663905742e+04 -6.282916003865806852e+04 3.976257519191331812e+04 9.597814119240858417e+04 5.294262833655232680e+04 1.110175789799504273e+05 -1.021981999876802874e+05 2.324827119638930017e+05 6.880602891071413178e+05 3.366321967696950305e+05 -5.666611940156192577e+04 8.569043553076614626e+04 1.690301549156079534e+06 3.018627194417288410e+05
2.367085941952670692e+05 -9.310321804547921056e+04 2.958194825599599790e+04 1.016837221030756627e+05 9.151150696204726046e+03 -5.913444032473879633e+04 3.833874074594125705e+04 7.793126367113308515e+04 5.808598361985871452e+04 1.199488259998608613e+06 1.068629925506750151e+05 4.506618993576419889e+05 4.916365653687150916e+05 6.005466128815911361e+04 3.713818775928771356e+04 6.036609172955138638e+04 3.018627194417288410e+05 8.684697145064086653e+05
