# lambda=0.433401122670186
6.210133965608049929e+07 1.042572113264989480e+07 7.444451677475745091e+05 -2.721385476203291910e+05 -6.406497670852079755e+05 1.270477949003029353e+05 -1.264552187122514006e+05 2.595772601771673653e+05 -9.430199840353254694e+04 3.370817063168770820e+07 6.767567739995584823e+06 -4.516205582370091230e+06 9.754534798417465063e+05 7.305354784009305295e+05 6.552722416418161010e+05 -1.160630532095976407e+06 -7.526802830106591573e+05 1.943127459709530813e+05
1.042572113264989480e+07 2.458007917802853137e+07 3.212854834935198538e+06 -3.454378326927418238e+05 -7.740821978514157236e+05 -2.119688115704061929e+05 -3.818106464063614840e+04 -3.268180304570578664e+04 -9.501024960840753693e+02 8.339142517736541107e+06 8.617154723191194236e+06 3.602794932657974772e+06 1.768932706441705814e+06 2.834443562520842534e+05 1.225506529928894481e+06 -7.708312135164068313e+05 1.194820012837315517e+03 2.271820381183465361e+05
7.444451677475745091e+05 3.212854834935198538e+06 4.103886381368948147e+06 1.772657275229809457e+05 -2.712773180570440600e+05 -1.139320953782145516e+05 8.285266702359780902e+04 -4.310258099137743557e+04 3.921718041334426380e+04 6.455730021181217162e+05 -2.515791317915371154e+06 4.949776331535538775e+05 -9.850264242582692532e+03 8.259991823533007409e+05 6.579733978205206804e+05 4.548746002141392819e+04 5.332691429051676096e+04 -1.976735112388334819e+05
-2.721385476203291910e+05 -3.454378326927418238e+05 1.772657275229809457e+05 1.720401698175079189e+06 2.410015623726138438e+05 8.784329489294993982e+04 -1.336360924616848934e+04 -1.296708649101193805e+04 8.361615866360265500e+03 -3.127010449975766242e+06 -1.180097049668578198e+06 -3.025392034111184767e+05 6.656440831933224108e+05 4.641008870228800806e+05 -1.267234902609091223e+05 5.104032391503824329e+04 1.055187515138909075e+05 7.462739460212054837e+04
-6.406497670852079755e+05 -7.740821978514157236e+05 -2.712773180570440600e+05 2.410015623726138438e+05 1.007576049624133622e+06 6.869263431635822053e+04 -1.524551347607463140e+04 3.158188882834210381e+04 7.174773774669703016e+03 -4.256244097196258954e+05 -8.072718580741422484e+05 -4.013056652982273372e+05 2.197698094567944063e+05 1.707912517402068770e+05 -1.785283793906998762e+05 -1.055786989020153851e+05 -7.008384913615956611e+04 4.269927206938950258e+04
1.270477949003029353e+05 -2.119688115704061929e+05 -1.139320953782145516e+05 8.784329489294993982e+04 6.869263431635822053e+04 4.347977035979154753e+05 -3.468856369098864525e+04 5.167031536649119516e+04 2.629372343884842485e+04 -7.717831691348877503e+05 6.418702186887700809e+05 -7.153239940444575041e+04 -1.150153240600957361e+05 -3.228592977664640057e+05 1.388020593145297244e+04 -1.627271309698466393e+04 -8.053644589342368999e+04 -4.984960024270206486e+04
-1.264552187122514006e+05 -3.818106464063614840e+04 8.285266702359780902e+04 -1.336360924616848934e+04 -1.524551347607463140e+04 -3.468856369098864525e+04 3.157636528951505315e+05 -1.834368611468707968e+02 -2.745881784422332203e+03 -2.331707596727024938e+05 8.250445895467401715e+04 -2.967426041254119991e+04 -1.520201865283667285e+05 -1.968887006298743654e+05 3.560644915065066016e+04 1.397898154831438442e+05 -3.951919899317697127e+04 9.545506301595865807e+03
2.595772601771673653e+05 -3.268180304570578664e+04 -4.310258099137743557e+04 -1.296708649101193805e+04 3.158188882834210381e+04 5.167031536649119516e+04 -1.834368611468707968e+02 1.623281821206302266e+05 2.050473086581753159e+04 -7.938200501764953369e+05 2.534129907574362587e+05 -5.026186545794118865e+04 1.156696258115105884e+05 -1.946057823079798254e+04 -3.276484028063539427e+03 -3.183853730900897972e+03 2.002310715060736402e+04 3.142511982268103384e+04
-9.430199840353254694e+04 -9.501024960840753693e+02 3.921718041334426380e+04 8.361615866360265500e+03 7.174773774669703016e+03 2.629372343884842485e+04 -2.745881784422332203e+03 2.050473086581753159e+04 8.375009864194242982e+04 -3.049892536666215747e+05 -1.665178593112375529e+05 -1.569338458454574284e+05 1.208060878555948730e+05 -5.369178339543264883e+04 1.538094633930407144e+04 2.046807696148776085e+04 -1.074413178738034912e+04 1.205736465925776247e+04
3.370817063168770820e+07 8.339142517736541107e+06 6.455730021181217162e+05 -3.127010449975766242e+06 -4.256244097196258954e+05 -7.717831691348877503e+05 -2.331707596727024938e+05 -7.938200501764953369e+05 -3.049892536666215747e+05 2.573536406480058730e+08 1.489916180483091995e+07 3.291702730696122628e+06 -1.928441956317805918e+06 -5.711982292477069423e+06 -2.895442217161375564e+06 -1.616599286621712847e+06 -1.850565256448626751e+06 -1.917069103273851098e+06
6.767567739995584823e+06 8.617154723191194236e+06 -2.515791317915371154e+06 -1.180097049668578198e+06 -8.072718580741422484e+05 6.418702186887700809e+05 8.250445895467401715e+04 2.534129907574362587e+05 -1.665178593112375529e+05 1.489916180483091995e+07 1.076609403693823218e+08 1.257441005880573578e+07 -8.140832371615341399e+05 -3.322833489658380393e+06 -1.624471915948093636e+06 7.731575704004116124e+05 -2.854216562218481558e+05 5.548396598631321685e+05
-4.516205582370091230e+06 3.602794932657974772e+06 4.949776331535538775e+05 -3.025392034111184767e+05 -4.013056652982273372e+05 -7.153239940444575041e+04 -2.967426041254119991e+04 -5.026186545794118865e+04 -1.569338458454574284e+05 3.291702730696122628e+06 1.257441005880573578e+07 2.713952483540347219e+07 -5.749938752292098943e+05 -8.560895973843792453e+05 2.682771258362780209e+05 -1.616877911034775316e+05 -3.216181702847063934e+04 5.609585583411667903e+04
9.754534798417465063e+05 1.768932706441705814e+06 -9.850264242582692532e+03 6.656440831933224108e+05 2.197698094567944063e+05 -1.150153240600957361e+05 -1.520201865283667285e+05 1.156696258115105884e+05 1.208060878555948730e+05 -1.928441956317805918e+06 -8.140832371615341399e+05 -5.749938752292098943e+05 1.087701852394089475e+07 1.238787149612998823e+06 -7.176135975587103167e+04 2.652383118741033250e+05 4.103937800003289012e+05 8.197454041131628910e+05
7.305354784009305295e+05 2.834443562520842534e+05 8.259991823533007409e+05 4.641008870228800806e+05 1.707912517402068770e+05 -3.228592977664640057e+05 -1.968887006298743654e+05 -1.946057823079798254e+04 -5.369178339543264883e+04 -5.711982292477069423e+06 -3.322833489658380393e+06 -8.560895973843792453e+05 1.238787149612998823e+06 7.240572944519365206e+06 9.072454897373771528e+05 4.225264642398394644e+05 2.467705247716827143e+05 3.911924052892377222e+04
6.552722416418161010e+05 1.225506529928894481e+06 6.579733978205206804e+05 -1.267234902609091223e+05 -1.785283793906998762e+05 1.388020593145297244e+04 3.560644915065066016e+04 -3.276484028063539427e+03 1.538094633930407144e+04 -2.895442217161375564e+06 -1.624471915948093636e+06 2.682771258362780209e+05 -7.176135975587103167e+04 9.072454897373771528e+05 3.223829780538612977e+06 4.222924723127161269e+05 4.349738407837630075e+04 -1.080288150141143851e+05
-1.160630532095976407e+06 -7.708312135164068313e+05 4.548746002141392819e+04 5.104032391503824329e+04 -1.055786989020153851e+05 -1.627271309698466393e+04 1.397898154831438442e+05 -3.183853730900897972e+03 2.046807696148776085e+04 -1.616599286621712847e+06 7.731575704004116124e+05 -1.616877911034775316e+05 2.652383118741033250e+05 4.225264642398394644e+05 4.222924723127161269e+05 1.704780185285911430e+06 9.735921884376005619e+04 -3.418757676853021985e+04
-7.526802830106591573e+05 1.194820012837315517e+03 5.332691429051676096e+04 1.055187515138909075e+05 -7.008384913615956611e+04 -8.053644589342368999e+04 -3.951919899317697127e+04 2.002310715060736402e+04 -1.074413178738034912e+04 -1.850565256448626751e+06 -2.854216562218481558e+05 -3.216181702847063934e+04 4.103937800003289012e+05 2.467705247716827143e+05 4.349738407837630075e+04 9.735921884376005619e+04 6.997338911714507267e+05 1.760618613957015332e+05
1.943127459709530813e+05 2.271820381183465361e+05 -1.976735112388334819e+05 7.462739460212054837e+04 4.269927206938950258e+04 -4.984960024270206486e+04 9.545506301595865807e+03 3.142511982268103384e+04 1.205736465925776247e+04 -1.917069103273851098e+06 5.548396598631321685e+05 5.609585583411667903e+04 8.197454041131628910e+05 3.911924052892377222e+04 -1.080288150141143851e+05 -3.418757676853021985e+04 1.760618613957015332e+05 6.975621027138554491e+05
