# lambda=0.4287549527390733
6.940057155255106091e+07 3.475636251002105884e+06 1.948209480096211890e+06 2.433978775497892057e+05 8.252397520216553239e+05 -4.626307712550645228e+05 -1.071388801166876918e+06 3.436883905318406178e+05 5.374240830349697499e+05 4.270673183734613657e+07 2.380293253539569210e+06 2.592311668849081732e+06 -3.696810395749657881e+06 -4.746472165793142631e+05 8.913091567090247991e+05 4.867701216961551690e+05 4.054720447006715403e+04 -4.401998796940600732e+05
3.475636251002105884e+06 1.413394066606431082e+07 -2.097217562371185049e+05 -7.243465862382847990e+04 1.863135314252011594e+05 -4.078190818146807142e+05 -2.949845551915947726e+04 6.536855358479733695e+04 8.930384067853589659e+04 1.768295947836733237e+07 2.537280077379890718e+06 3.908313108760047238e+06 -9.221771010485640727e+04 -1.481130104382097255e+06 -6.618411759349290514e+05 2.531564449578961066e+05 2.560489700430006487e+05 -9.003654237080985331e+04
1.948209480096211890e+06 -2.097217562371185049e+05 5.111336947977114469e+06 5.920068372992194491e+05 1.109792973167924501e+05 1.892540040138848417e+05 -1.672629931499032828e+05 1.555321847214014269e+05 8.831244403284882719e+04 6.692216284339640697e+04 -2.871396764783847611e+06 1.184153632999644615e+06 5.390706864081915410e+04 -2.681555026136025554e+05 -2.097892962761585659e+05 -5.253392481612038100e+05 -3.252332004209415754e+05 -2.935353417402519844e+05
2.433978775497892057e+05 -7.243465862382847990e+04 5.920068372992194491e+05 1.490042795566651970e+06 1.851246785745402449e+05 1.463185977733424807e+05 -2.436417422774792431e+04 1.900755528148838130e+04 5.259566296502620389e+04 -8.468739601522247540e+05 1.160288430795873282e+05 5.108415988007075066e+04 5.388766440854123794e+05 -2.500481580344983668e+05 -3.675244155671158223e+05 -2.129433227639650868e+05 -1.956809883480572025e+05 -1.234174444347244716e+05
8.252397520216553239e+05 1.863135314252011594e+05 1.109792973167924501e+05 1.851246785745402449e+05 8.380614487780404743e+05 4.542916579593401548e+04 -8.038008840847332976e+03 1.717046095327367254e+02 8.810230886407711296e+03 -3.220812227869820199e+05 2.909645597075427650e+05 -1.271202514401098015e+05 2.408746052585335856e+05 4.559213042264692194e+04 -3.122045923514422975e+04 1.121024382990080630e+05 3.629770691742084455e+04 -1.132086578758230025e+05
-4.626307712550645228e+05 -4.078190818146807142e+05 1.892540040138848417e+05 1.463185977733424807e+05 4.542916579593401548e+04 5.056538478554075118e+05 5.539965586839701427e+04 -2.929706245622807910e+04 9.721800853235214163e+03 -2.749573922100896481e+06 6.838699680541607086e+05 2.859711972060206463e+05 2.912556103506550426e+05 -1.982059986833702133e+05 -1.614872872312598629e+05 -1.809145106139582640e+05 -1.521284716953789466e+05 -1.343998251788697671e+05
-1.071388801166876918e+06 -2.949845551915947726e+04 -1.672629931499032828e+05 -2.436417422774792431e+04 -8.038008840847332976e+03 5.539965586839701427e+04 4.215242396411600057e+05 -2.121808402227823171e+04 -3.301764182593389705e+04 -7.133057585106162587e+05 6.568899308188653085e+05 -1.170107136486267846e+05 4.276588064406009507e+05 5.217118072489554470e+04 -6.545649589787117293e+04 8.074665517429758620e+04 -3.835188175797658187e+04 -1.642592431146638046e+04
3.436883905318406178e+05 6.536855358479733695e+04 1.555321847214014269e+05 1.900755528148838130e+04 1.717046095327367254e+02 -2.929706245622807910e+04 -2.121808402227823171e+04 2.022514274644101970e+05 4.600680705551722349e+04 5.652287700628841994e+05 -4.147136340630029445e+05 9.768790985618645209e+04 -1.561735081047308340e+05 -2.591726831626796411e+03 -8.360000910503658815e+04 4.879198278196853062e+04 4.795629367374123831e+04 2.135188237213407410e+04
5.374240830349697499e+05 8.930384067853589659e+04 8.831244403284882719e+04 5.259566296502620389e+04 8.810230886407711296e+03 9.721800853235214163e+03 -3.301764182593389705e+04 4.600680705551722349e+04 1.328098597938013845e+05 9.187537349460459081e+05 5.498611263110669097e+05 2.797894712637800840e+05 -1.427154422883437946e+05 4.472783177887655620e+04 2.237924018897940186e+04 -3.026962953972069226e+04 -3.017511382473884964e+02 -2.539043621191250350e+04
4.270673183734613657e+07 1.768295947836733237e+07 6.692216284339640697e+04 -8.468739601522247540e+05 -3.220812227869820199e+05 -2.749573922100896481e+06 -7.133057585106162587e+05 5.652287700628841994e+05 9.187537349460459081e+05 2.516026766894964278e+08 1.776202919490775093e+07 8.319006221700196154e+06 -5.124541142202226445e+06 -4.050466706763891503e+06 -4.436622467671057530e+04 1.674326751112092054e+06 2.224980740382680669e+06 1.947978072174821515e+06
2.380293253539569210e+06 2.537280077379890718e+06 -2.871396764783847611e+06 1.160288430795873282e+05 2.909645597075427650e+05 6.838699680541607086e+05 6.568899308188653085e+05 -4.147136340630029445e+05 5.498611263110669097e+05 1.776202919490775093e+07 6.572129679820543528e+07 1.479370676278833998e+06 -4.508689870963181602e+05 7.219289688612722093e+05 -7.852045424817198655e+05 -8.362056847644055961e+05 -2.782808582991330186e+05 -2.079464047862670850e+05
2.592311668849081732e+06 3.908313108760047238e+06 1.184153632999644615e+06 5.108415988007075066e+04 -1.271202514401098015e+05 2.859711972060206463e+05 -1.170107136486267846e+05 9.768790985618645209e+04 2.797894712637800840e+05 8.319006221700196154e+06 1.479370676278833998e+06 2.867496078303923458e+07 2.122814733638137113e+06 6.841439561086812755e+05 1.644481932037964463e+06 -7.390519456778664608e+05 2.982344452358711860e+05 -3.367124912958919303e+05
-3.696810395749657881e+06 -9.221771010485640727e+04 5.390706864081915410e+04 5.388766440854123794e+05 2.408746052585335856e+05 2.912556103506550426e+05 4.276588064406009507e+05 -1.561735081047308340e+05 -1.427154422883437946e+05 -5.124541142202226445e+06 -4.508689870963181602e+05 2.122814733638137113e+06 7.099506953810876235e+06 5.821792562600080855e+05 -9.605217886442461167e+04 -6.545816792735120980e+05 -1.186444050720573723e+05 2.069578505218095088e+05
-4.746472165793142631e+05 -1.481130104382097255e+06 -2.681555026136025554e+05 -2.500481580344983668e+05 4.559213042264692194e+04 -1.982059986833702133e+05 5.217118072489554470e+04 -2.591726831626796411e+03 4.472783177887655620e+04 -4.050466706763891503e+06 7.219289688612722093e+05 6.841439561086812755e+05 5.821792562600080855e+05 5.625561594506923109e+06 9.864517072775001870e+05 6.998235758009281708e+05 2.778253944860010524e+05 1.252768649661996460e+05
8.913091567090247991e+05 -6.618411759349290514e+05 -2.097892962761585659e+05 -3.675244155671158223e+05 -3.122045923514422975e+04 -1.614872872312598629e+05 -6.545649589787117293e+04 -8.360000910503658815e+04 2.237924018897940186e+04 -4.436622467671057530e+04 -7.852045424817198655e+05 1.644481932037964463e+06 -9.605217886442461167e+04 9.864517072775001870e+05 2.518412758857168257e+06 2.790802473812524113e+05 2.536298647995070787e+05 1.819224044829024206e+04
4.867701216961551690e+05 2.531564449578961066e+05 -5.253392481612038100e+05 -2.129433227639650868e+05 1.121024382990080630e+05 -1.809145106139582640e+05 8.074665517429758620e+04 4.879198278196853062e+04 -3.026962953972069226e+04 1.674326751112092054e+06 -8.362056847644055961e+05 -7.390519456778664608e+05 -6.545816792735120980e+05 6.998235758009281708e+05 2.790802473812524113e+05 2.485966258820139803e+06 3.968780789319840260e+05 2.956997158123570262e+04
4.054720447006715403e+04 2.560489700430006487e+05 -3.252332004209415754e+05 -1.956809883480572025e+05 3.629770691742084455e+04 -1.521284716953789466e+05 -3.835188175797658187e+04 4.795629367374123831e+04 -3.017511382473884964e+02 2.224980740382680669e+06 -2.782808582991330186e+05 2.982344452358711860e+05 -1.186444050720573723e+05 2.778253944860010524e+05 2.536298647995070787e+05 3.968780789319840260e+05 1.131507434800895164e+06 2.391437996683461533e+05
-4.401998796940600732e+05 -9.003654237080985331e+04 -2.935353417402519844e+05 -1.234174444347244716e+05 -1.132086578758230025e+05 -1.343998251788697671e+05 -1.642592431146638046e+04 2.135188237213407410e+04 -2.539043621191250350e+04 1.947978072174821515e+06 -2.079464047862670850e+05 -3.367124912958919303e+05 2.069578505218095088e+05 1.252768649661996460e+05 1.819224044829024206e+04 2.956997158123570262e+04 2.391437996683461533e+05 6.653270508790391032e+05
