# lambda=0.2895748213669444
5.270690628921081871e+07 3.508484791822314262e+06 2.850258676744606812e+06 -9.686720436943754612e+04 -1.397557257933580782e+06 -1.017776749219149235e+06 9.972478757256233366e+05 5.625781100694113411e+05 4.362213381457649666e+04 3.582629343288011849e+07 1.197747876225196384e+07 1.224185659563913196e+07 3.726757777673368808e+06 -1.582316338482261403e+06 1.568807850026782835e+05 1.847535118974025361e+06 4.587288758482026424e+03 -1.699430677112920093e+05
3.508484791822314262e+06 1.471715497076095641e+07 3.464854133512012661e+06 6.324587409233532380e+05 -3.579223038025851711e+05 -2.688789717284850776e+05 -2.960680425273914079e+04 8.646814356691170542e+04 -1.885282543543173815e+05 1.252708078703148477e+07 7.336374830473328941e+06 2.308911889665819239e+06 -2.767393408646884840e+06 -1.368138304767884780e+06 -5.231359442076561390e+05 1.798897631416112417e+05 6.631715231997793308e+05 4.178790138108446263e+05
2.850258676744606812e+06 3.464854133512012661e+06 5.794050023221721873e+06 1.158378472399949562e+06 -3.653140219465854461e+05 -1.127240685578523990e+05 3.780966232771524810e+05 1.012579764090459212e+05 1.006382716665841872e+05 5.690963374551702291e+06 3.438327315370471682e+06 3.663623021083022933e+06 -4.041432328530100640e+05 -1.117907485331157921e+06 -5.023619934922147077e+05 -6.193174574081522587e+04 5.433137944134018471e+04 2.939696553697108757e+05
-9.686720436943754612e+04 6.324587409233532380e+05 1.158378472399949562e+06 1.944878527300234884e+06 8.089437170718859124e+04 -7.366226891901448835e+04 1.615317922375684429e+05 1.677141920044930303e+05 4.705121796019712201e+04 -1.157993301643618848e+06 4.224731856359085068e+06 6.670110296179921133e+05 1.360607998930312926e+06 2.006578538782789838e+05 -5.358820585241777590e+05 6.099584489030365512e+04 -2.045310654402636574e+05 1.309310885036495456e+05
-1.397557257933580782e+06 -3.579223038025851711e+05 -3.653140219465854461e+05 8.089437170718859124e+04 5.053710613797518890e+05 5.057967311518156203e+04 -2.130596406640848727e+04 -1.994948663304922320e+03 -2.036609940316217944e+03 -1.435288767579932697e+06 -6.457149838052232517e+05 -1.752800465743233915e+06 6.575026316384593956e+05 5.281067740337646101e+05 1.276383507705026277e+05 -1.170271787602730728e+04 -9.112915902577288216e+04 3.007385306072788808e+04
-1.017776749219149235e+06 -2.688789717284850776e+05 -1.127240685578523990e+05 -7.366226891901448835e+04 5.057967311518156203e+04 4.986866054869012441e+05 5.191508326926311565e+04 -1.689690690764555984e+04 -1.165260798683736539e+04 -2.379989201094672550e+06 -1.500397092833565315e+06 2.803893422027191846e+05 3.084929333398822564e+04 -5.297060489369553397e+04 2.513786107200758706e+05 1.359512097771796980e+05 -1.134984413873237936e+05 3.646180171004062868e+04
9.972478757256233366e+05 -2.960680425273914079e+04 3.780966232771524810e+05 1.615317922375684429e+05 -2.130596406640848727e+04 5.191508326926311565e+04 4.151893263634828618e+05 4.567584460689256957e+04 6.864779130334759429e+03 2.782957605137372739e+05 7.997631987185109174e+05 8.086003350999065442e+05 1.100155349682324304e+05 3.304784528832279029e+05 1.483053654058144275e+04 7.692441553851084609e+04 -1.313952218772788910e+03 -4.429832152004240925e+04
5.625781100694113411e+05 8.646814356691170542e+04 1.012579764090459212e+05 1.677141920044930303e+05 -1.994948663304922320e+03 -1.689690690764555984e+04 4.567584460689256957e+04 1.782187897201444430e+05 -2.756089799738659167e+03 1.060486981094610179e+06 9.015111774994739098e+05 3.070237185739294509e+05 7.717372949503313066e+03 -1.836953535108260621e+04 -1.102279250273187645e+05 7.552050263278768398e+04 -6.103113698277696813e+02 2.308329672319623205e+04
4.362213381457649666e+04 -1.885282543543173815e+05 1.006382716665841872e+05 4.705121796019712201e+04 -2.036609940316217944e+03 -1.165260798683736539e+04 6.864779130334759429e+03 -2.756089799738659167e+03 1.370024457659909094e+05 7.759004976398382569e+05 -3.191729901001602993e+05 3.784048494669326465e+05 2.233125240642122517e+05 5.145230715855902235e+04 -3.191349978176278819e+04 -1.821824412347791076e+04 -1.030322717738785723e+05 2.871498434022695074e+04
3.582629343288011849e+07 1.252708078703148477e+07 5.690963374551702291e+06 -1.157993301643618848e+06 -1.435288767579932697e+06 -2.379989201094672550e+06 2.782957605137372739e+05 1.060486981094610179e+06 7.759004976398382569e+05 3.009331686477226615e+08 4.805210178398234397e+07 2.172663815808149055e+07 9.505191855177836493e+06 5.758477724696199410e+06 -6.934375199098290177e+05 2.734164054871221073e+06 -1.321859164598357398e+06 1.525432410502662882e+06
1.197747876225196384e+07 7.336374830473328941e+06 3.438327315370471682e+06 4.224731856359085068e+06 -6.457149838052232517e+05 -1.500397092833565315e+06 7.997631987185109174e+05 9.015111774994739098e+05 -3.191729901001602993e+05 4.805210178398234397e+07 8.417102113806775212e+07 9.271326599836114794e+06 6.772419529893001541e+06 5.080831188000908121e+06 -2.229775365681611001e+06 2.193448999209375586e+06 2.672457183467310970e+05 1.810886297609059606e+06
1.224185659563913196e+07 2.308911889665819239e+06 3.663623021083022933e+06 6.670110296179921133e+05 -1.752800465743233915e+06 2.803893422027191846e+05 8.086003350999065442e+05 3.070237185739294509e+05 3.784048494669326465e+05 2.172663815808149055e+07 9.271326599836114794e+06 3.991777049520435929e+07 3.596221793456024956e+06 5.311749524722438073e+05 2.278514854279033898e+05 1.663764026422818890e+06 -2.915577173266680620e+04 2.710889847702948609e+05
3.726757777673368808e+06 -2.767393408646884840e+06 -4.041432328530100640e+05 1.360607998930312926e+06 6.575026316384593956e+05 3.084929333398822564e+04 1.100155349682324304e+05 7.717372949503313066e+03 2.233125240642122517e+05 9.505191855177836493e+06 6.772419529893001541e+06 3.596221793456024956e+06 1.644358070862539671e+07 3.074999778058462311e+06 1.312397832726176421e+05 1.391473408386479598e+06 -5.640687110800970113e+05 2.076043346564591920e+05
-1.582316338482261403e+06 -1.368138304767884780e+06 -1.117907485331157921e+06 2.006578538782789838e+05 5.281067740337646101e+05 -5.297060489369553397e+04 3.304784528832279029e+05 -1.836953535108260621e+04 5.145230715855902235e+04 5.758477724696199410e+06 5.080831188000908121e+06 5.311749524722438073e+05 3.074999778058462311e+06 7.132521159314346500e+06 1.336000295866627246e+06 8.208282670121873962e+05 2.137988322435938462e+05 -1.211853283685959923e+03
1.568807850026782835e+05 -5.231359442076561390e+05 -5.023619934922147077e+05 -5.358820585241777590e+05 1.276383507705026277e+05 2.513786107200758706e+05 1.483053654058144275e+04 -1.102279250273187645e+05 -3.191349978176278819e+04 -6.934375199098290177e+05 -2.229775365681611001e+06 2.278514854279033898e+05 1.312397832726176421e+05 1.336000295866627246e+06 2.896288781620034482e+06 8.232294081796398386e+05 4.022553283511864720e+05 -5.891910227270910400e+04
1.847535118974025361e+06 1.798897631416112417e+05 -6.193174574081522587e+04 6.099584489030365512e+04 -1.170271787602730728e+04 1.359512097771796980e+05 7.692441553851084609e+04 7.552050263278768398e+04 -1.821824412347791076e+04 2.734164054871221073e+06 2.193448999209375586e+06 1.663764026422818890e+06 1.391473408386479598e+06 8.208282670121873962e+05 8.232294081796398386e+05 1.592322268001455581e+06 2.642195347800138989e+05 -3.389184305623325054e+04
4.587288758482026424e+03 6.631715231997793308e+05 5.433137944134018471e+04 -2.045310654402636574e+05 -9.112915902577288216e+04 -1.134984413873237936e+05 -1.313952218772788910e+03 -6.103113698277696813e+02 -1.030322717738785723e+05 -1.321859164598357398e+06 2.672457183467310970e+05 -2.915577173266680620e+04 -5.640687110800970113e+05 2.137988322435938462e+05 4.022553283511864720e+05 2.642195347800138989e+05 1.134416039097984787e+06 -7.132473959278811890e+03
-1.699430677112920093e+05 4.178790138108446263e+05 2.939696553697108757e+05 1.309310885036495456e+05 3.007385306072788808e+04 3.646180171004062868e+04 -4.429832152004240925e+04 2.308329672319623205e+04 2.871498434022695074e+04 1.525432410502662882e+06 1.810886297609059606e+06 2.710889847702948609e+05 2.076043346564591920e+05 -1.211853283685959923e+03 -5.891910227270910400e+04 -3.389184305623325054e+04 -7.132473959278811890e+03 6.053970512487005908e+05
