# lambda=0.6689091289549901
4.551179059241741896e+07 7.689914823833255796e+05 -5.883835658508295892e+05 -7.326714921881560003e+05 2.755344009883897525e+04 -2.469017404049186443e+05 -2.574483781031113467e+05 -2.169785177103351452e+05 -1.870194938549211656e+05 1.266951654088277370e+07 -2.459496959164493717e+06 -2.724540222142581362e+06 -5.067186401638310635e+05 1.202682018694362778e+05 -3.983388124900173279e+05 -7.208244250053217402e+05 -1.145044917135353317e+05 2.550325519389846595e+05
7.689914823833255796e+05 1.845355224564950168e+07 5.401008436588642653e+05 -3.611062365717972862e+05 8.986875322640589729e+04 -1.949903557979452889e+05 1.953425155903985797e+04 -1.195760718065018154e+05 -9.094689508329752425e+04 5.135553457057295367e+06 4.471492139678449370e+06 4.561312708872912335e+05 -9.645649687497157138e+05 1.595854662808781140e+05 1.599120926135941409e+05 8.439624212844012072e+04 1.004169055710557441e+05 1.716323805502820469e+05
-5.883835658508295892e+05 5.401008436588642653e+05 5.635215593828529119e+06 2.361964152938266634e+05 -3.703234394950982824e+04 -6.404846683474416932e+04 -5.085570183041013661e+04 -1.065769287668677280e+05 1.111531987053836929e+04 -2.541259307472882327e+06 1.896882827014993818e+05 1.067577802571364155e+05 7.733229967070297571e+05 7.620951168826074572e+05 2.477714057820875605e+05 -1.008492647081565956e+05 6.223521953731621761e+04 -8.981943729180652008e+04
-7.326714921881560003e+05 -3.611062365717972862e+05 2.361964152938266634e+05 2.502760042159839533e+06 2.239442876365820121e+05 5.380383405207769829e+04 -5.628758676304639266e+03 -6.456079731219584937e+04 8.813956556308787185e+03 -3.750977727096707094e+06 1.527050713847599691e+06 -9.926781960563088069e+04 -5.275562859763004963e+04 7.597370431877614465e+04 -1.351408149748003052e+05 -2.268622951866792573e+05 -1.809848575481163280e+05 -7.615024568235217885e+04
2.755344009883897525e+04 8.986875322640589729e+04 -3.703234394950982824e+04 2.239442876365820121e+05 1.066735659042738378e+06 7.843797990947333165e+04 2.034340084907023265e+04 -1.801874170374800451e+04 -2.897031538930706665e+04 -1.393864847476547817e+06 7.232442510304752504e+05 4.361215092391133076e+05 -6.620294719244412590e+03 1.391997832958702347e+05 -6.234475976853967586e+04 -9.776767079435434425e+04 -7.167246128750947537e+04 -9.642786246788517019e+03
-2.469017404049186443e+05 -1.949903557979452889e+05 -6.404846683474416932e+04 5.380383405207769829e+04 7.843797990947333165e+04 4.346863288849618984e+05 2.445747363985383345e+04 1.211255792398683479e+04 -2.486348870908059780e+03 -2.566770005924764555e+05 7.263835499049158534e+05 1.976433683077825408e+05 1.425605553974845971e+05 1.391192561193185393e+05 6.971912210581581348e+02 -2.450374464823430026e+04 9.346872707903638684e+02 4.521773094869203487e+04
-2.574483781031113467e+05 1.953425155903985797e+04 -5.085570183041013661e+04 -5.628758676304639266e+03 2.034340084907023265e+04 2.445747363985383345e+04 2.618145755964831042e+05 2.266173732169312643e+04 5.566329844562682410e+03 -4.148195743797820760e+05 6.179021131644224806e+04 7.598680409665032585e+02 5.992506165169688029e+04 -7.207126056369610887e+04 -4.276837291849328176e+04 6.114661966832613689e+04 -8.229058004685382912e+03 9.223844331050704568e+03
-2.169785177103351452e+05 -1.195760718065018154e+05 -1.065769287668677280e+05 -6.456079731219584937e+04 -1.801874170374800451e+04 1.211255792398683479e+04 2.266173732169312643e+04 1.842534906864350778e+05 1.376157937250373834e+04 -5.131289975551230018e+05 -2.780516199262913433e+05 1.491350303472231899e+05 -1.606368738929282408e+05 4.614712222641828703e+04 -5.375208390072263137e+04 1.385436315547656886e+04 2.861631159900303101e+04 7.785312844445625160e+03
-1.870194938549211656e+05 -9.094689508329752425e+04 1.111531987053836929e+04 8.813956556308787185e+03 -2.897031538930706665e+04 -2.486348870908059780e+03 5.566329844562682410e+03 1.376157937250373834e+04 1.216007942046160169e+05 -2.559899499433115707e+05 -1.954540515757761605e+05 -1.079967058259031910e+05 -9.711287425302254269e+04 -1.020899834196316078e+04 -3.203873230094529936e+04 3.768254258820590167e+03 3.337062598786187300e+04 1.974857598103886994e+04
1.266951654088277370e+07 5.135553457057295367e+06 -2.541259307472882327e+06 -3.750977727096707094e+06 -1.393864847476547817e+06 -2.566770005924764555e+05 -4.148195743797820760e+05 -5.131289975551230018e+05 -2.559899499433115707e+05 2.342861440500429273e+08 9.340286993870586157e+06 -7.674745927337429486e+06 2.605520066789750941e+06 -9.213414780530212447e+05 2.202967219644782133e+06 1.401774353464665124e+06 1.290927993021206057e+05 9.402546413260026602e+05
-2.459496959164493717e+06 4.471492139678449370e+06 1.896882827014993818e+05 1.527050713847599691e+06 7.232442510304752504e+05 7.263835499049158534e+05 6.179021131644224806e+04 -2.780516199262913433e+05 -1.954540515757761605e+05 9.340286993870586157e+06 1.187263161632796824e+08 -4.033287259041957092e+06 -1.980469036116985837e+06 2.707721228801299352e+06 8.613017001008475199e+04 -1.403566189576213364e+05 -3.173819383706824738e+05 1.022757925781544764e+06
-2.724540222142581362e+06 4.561312708872912335e+05 1.067577802571364155e+05 -9.926781960563088069e+04 4.361215092391133076e+05 1.976433683077825408e+05 7.598680409665032585e+02 1.491350303472231899e+05 -1.079967058259031910e+05 -7.674745927337429486e+06 -4.033287259041957092e+06 2.250500697873836383e+07 2.385413852254286874e+06 8.826682976114847406e+03 2.665755491687358699e+03 -8.493540547384688398e+04 3.767667765255921404e+05 -1.328330668636282207e+05
-5.067186401638310635e+05 -9.645649687497157138e+05 7.733229967070297571e+05 -5.275562859763004963e+04 -6.620294719244412590e+03 1.425605553974845971e+05 5.992506165169688029e+04 -1.606368738929282408e+05 -9.711287425302254269e+04 2.605520066789750941e+06 -1.980469036116985837e+06 2.385413852254286874e+06 1.993016021377238631e+07 -2.621916598120555282e+05 5.553703779009877471e+05 2.296325441685832047e+05 3.745824229214220541e+05 -2.317330581853437616e+04
1.202682018694362778e+05 1.595854662808781140e+05 7.620951168826074572e+05 7.597370431877614465e+04 1.391997832958702347e+05 1.391192561193185393e+05 -7.207126056369610887e+04 4.614712222641828703e+04 -1.020899834196316078e+04 -9.213414780530212447e+05 2.707721228801299352e+06 8.826682976114847406e+03 -2.621916598120555282e+05 6.113219743988323025e+06 6.244406098340634489e+05 5.405663254056580627e+04 2.096379878623631084e+05 2.555443927181602339e+05
-3.983388124900173279e+05 1.599120926135941409e+05 2.477714057820875605e+05 -1.351408149748003052e+05 -6.234475976853967586e+04 6.971912210581581348e+02 -4.276837291849328176e+04 -5.375208390072263137e+04 -3.203873230094529936e+04 2.202967219644782133e+06 8.613017001008475199e+04 2.665755491687358699e+03 5.553703779009877471e+05 6.244406098340634489e+05 3.376466948837604839e+06 1.912005291609781270e+05 2.388480561534430599e+05 1.218191084336984350e+05
-7.208244250053217402e+05 8.439624212844012072e+04 -1.008492647081565956e+05 -2.268622951866792573e+05 -9.776767079435434425e+04 -2.450374464823430026e+04 6.114661966832613689e+04 1.385436315547656886e+04 3.768254258820590167e+03 1.401774353464665124e+06 -1.403566189576213364e+05 -8.493540547384688398e+04 2.296325441685832047e+05 5.405663254056580627e+04 1.912005291609781270e+05 1.661429623979312368e+06 1.561533112682995852e+05 9.430810749416708131e+04
-1.145044917135353317e+05 1.004169055710557441e+05 6.223521953731621761e+04 -1.809848575481163280e+05 -7.167246128750947537e+04 9.346872707903638684e+02 -8.229058004685382912e+03 2.861631159900303101e+04 3.337062598786187300e+04 1.290927993021206057e+05 -3.173819383706824738e+05 3.767667765255921404e+05 3.745824229214220541e+05 2.096379878623631084e+05 2.388480561534430599e+05 1.561533112682995852e+05 9.894773814242458902e+05 1.445379625988446351e+05
2.550325519389846595e+05 1.716323805502820469e+05 -8.981943729180652008e+04 -7.615024568235217885e+04 -9.642786246788517019e+03 4.521773094869203487e+04 9.223844331050704568e+03 7.785312844445625160e+03 1.974857598103886994e+04 9.402546413260026602e+05 1.022757925781544764e+06 -1.328330668636282207e+05 -2.317330581853437616e+04 2.555443927181602339e+05 1.218191084336984350e+05 9.430810749416708131e+04 1.445379625988446351e+05 6.400000404804488644e+05
