# lambda=0.9498584783841735
4.026641865127642453e+07 2.634661707127431873e+05 -1.956708151866167027e+05 6.900886774635053007e+04 6.778614121270329633e+04 4.659712107872487832e+04 1.455940479244740527e+04 -1.569587088573890105e+04 9.042888960298536404e+03 1.076170342444916721e+06 -1.611685347581348033e+05 -8.645746408711702679e+04 -1.988874965240136371e+05 -3.878264679985868952e+03 1.138687044668361341e+04 -3.925904754535165557e+04 -4.151810023698017903e+04 -2.438559282653366972e+04
2.634661707127431873e+05 1.513546512234761380e+07 5.001270674603542830e+02 3.153379098507957315e+04 1.007073672464055016e+04 4.591250662127436044e+02 -3.086114339992604073e+04 2.482918297509682361e+03 3.507378809081670170e+03 -2.133601589347797562e+05 7.175721303862207569e+05 1.469468374784390326e+05 -5.975301485842719558e+04 1.845391656441058440e+05 4.366814255673013395e+04 -5.462286800116192171e+04 5.813552408553479472e+04 -3.007621977217722815e+04
-1.956708151866167027e+05 5.001270674603542830e+02 3.463441604321138002e+06 7.068675847817239992e+04 2.537498804539276898e+04 7.366585648095504439e+03 1.679874805612545970e+04 1.368576982366774610e+04 9.220970146687972374e+03 9.840598356758044974e+04 3.101683375999359123e+04 1.298047742673247558e+05 -1.627756544488607324e+04 -1.387316523024666276e+04 2.015075339890010582e+04 -1.258561841270083193e+02 1.899869805513788015e+04 2.366848746563018722e+04
6.900886774635053007e+04 3.153379098507957315e+04 7.068675847817239992e+04 2.028590122013759566e+06 2.738225479761782117e+04 1.987429183879491757e+04 1.319330058582858874e+04 2.602655251099740326e+03 1.491401582534104818e+04 1.626433726581319643e+05 8.880774791694735541e+03 5.417845208031286347e+03 -1.165943422607886532e+04 -2.143796454744064613e+04 2.258925001293333480e+04 2.503214858515953892e+03 -5.192441258280525290e+03 3.294367503712823236e+03
6.778614121270329633e+04 1.007073672464055016e+04 2.537498804539276898e+04 2.738225479761782117e+04 1.115673717967631062e+06 2.164895064746432399e+04 1.143182198529293419e+04 1.939710878300927789e+03 7.380672189044550578e+03 -8.325486211914604064e+04 -1.172001538196919428e+05 -3.768061986999136570e+04 -3.563258672329193359e+03 3.434552985397745942e+04 2.700019848677026857e+03 1.762890542435079988e+04 1.130117869141985466e+04 6.277702442960159715e+03
4.659712107872487832e+04 4.591250662127436044e+02 7.366585648095504439e+03 1.987429183879491757e+04 2.164895064746432399e+04 5.895352854072647169e+05 7.967621465486899069e+03 2.521929484812445935e+03 5.851673355096947489e+03 -7.401144861475616926e+04 -1.433928328387337388e+05 1.698144634883534673e+04 1.342079359909634832e+03 2.934920751685389769e+04 2.121446611479567582e+04 1.976120833158390451e+04 -5.638444776822269887e+03 -2.456855653262651686e+03
1.455940479244740527e+04 -3.086114339992604073e+04 1.679874805612545970e+04 1.319330058582858874e+04 1.143182198529293419e+04 7.967621465486899069e+03 3.291539270263619255e+05 4.713622946368742305e+03 2.847129415124616116e+03 -1.916402836056083106e+04 -8.880689793198282132e+04 -2.812521148210029787e+04 -5.686652259529227194e+03 -5.521791691172765240e+03 1.992147483095745599e+02 1.145316185309582397e+04 -3.106676399969332579e+03 3.903749495930270768e+03
-1.569587088573890105e+04 2.482918297509682361e+03 1.368576982366774610e+04 2.602655251099740326e+03 1.939710878300927789e+03 2.521929484812445935e+03 4.713622946368742305e+03 1.594707549822234723e+05 2.577526115853256670e+03 -6.894213419916942075e+04 -5.507513263441482559e+04 2.540111217615578062e+04 -1.071503267068444256e+04 1.070117878314780501e+04 2.287004763397568695e+03 -6.867441342806472449e+02 3.208458601234396156e+03 6.592639667716201984e+03
9.042888960298536404e+03 3.507378809081670170e+03 9.220970146687972374e+03 1.491401582534104818e+04 7.380672189044550578e+03 5.851673355096947489e+03 2.847129415124616116e+03 2.577526115853256670e+03 1.759333155530565709e+05 5.212608602718349721e+04 -4.290861147210482886e+04 -1.613558501831665671e+04 9.598214820402436089e+03 3.719446312220893560e+03 8.881921488134626998e+03 3.478032736728795498e+03 -1.949727462812832300e+03 5.701940800257408227e+03
1.076170342444916721e+06 -2.133601589347797562e+05 9.840598356758044974e+04 1.626433726581319643e+05 -8.325486211914604064e+04 -7.401144861475616926e+04 -1.916402836056083106e+04 -6.894213419916942075e+04 5.212608602718349721e+04 1.734149751441781223e+08 -8.675650325402236776e+05 -2.361402546000517323e+05 8.813197082144987071e+05 7.058949271480193420e+04 5.825400318393794587e+05 7.184704529008919781e+04 6.028254419762350153e+04 -1.501240215321194046e+04
-1.611685347581348033e+05 7.175721303862207569e+05 3.101683375999359123e+04 8.880774791694735541e+03 -1.172001538196919428e+05 -1.433928328387337388e+05 -8.880689793198282132e+04 -5.507513263441482559e+04 -4.290861147210482886e+04 -8.675650325402236776e+05 8.973198012571375072e+07 5.326845897730850847e+05 -2.016709411905067973e+05 -2.756187093886251096e+05 -1.831292011801050976e+05 -1.913847174689818057e+05 3.186922644600581407e+04 -3.671692617797948333e+04
-8.645746408711702679e+04 1.469468374784390326e+05 1.298047742673247558e+05 5.417845208031286347e+03 -3.768061986999136570e+04 1.698144634883534673e+04 -2.812521148210029787e+04 2.540111217615578062e+04 -1.613558501831665671e+04 -2.361402546000517323e+05 5.326845897730850847e+05 2.605195412274390459e+07 -5.591347545054885268e+04 -5.465040701985492342e+04 1.308819107814925082e+05 -1.876574743452023904e+04 -1.773917033261794813e+03 1.704647296503820689e+04
-1.988874965240136371e+05 -5.975301485842719558e+04 -1.627756544488607324e+04 -1.165943422607886532e+04 -3.563258672329193359e+03 1.342079359909634832e+03 -5.686652259529227194e+03 -1.071503267068444256e+04 9.598214820402436089e+03 8.813197082144987071e+05 -2.016709411905067973e+05 -5.591347545054885268e+04 1.061983456794557534e+07 1.532284488936783164e+05 1.218348637711062911e+05 3.160545140933207585e+04 1.169678781094078113e+04 -1.725549630253258874e+04
-3.878264679985868952e+03 1.845391656441058440e+05 -1.387316523024666276e+04 -2.143796454744064613e+04 3.434552985397745942e+04 2.934920751685389769e+04 -5.521791691172765240e+03 1.070117878314780501e+04 3.719446312220893560e+03 7.058949271480193420e+04 -2.756187093886251096e+05 -5.465040701985492342e+04 1.532284488936783164e+05 5.656987140303450637e+06 9.009825153230353317e+04 2.908735102599666425e+04 4.312529614312181366e+04 -8.293188614398090067e+03
1.138687044668361341e+04 4.366814255673013395e+04 2.015075339890010582e+04 2.258925001293333480e+04 2.700019848677026857e+03 2.121446611479567582e+04 1.992147483095745599e+02 2.287004763397568695e+03 8.881921488134626998e+03 5.825400318393794587e+05 -1.831292011801050976e+05 1.308819107814925082e+05 1.218348637711062911e+05 9.009825153230353317e+04 4.178997707725824323e+06 1.936609899384151140e+04 1.497003191779671397e+04 -1.111344350645682243e+04
-3.925904754535165557e+04 -5.462286800116192171e+04 -1.258561841270083193e+02 2.503214858515953892e+03 1.762890542435079988e+04 1.976120833158390451e+04 1.145316185309582397e+04 -6.867441342806472449e+02 3.478032736728795498e+03 7.184704529008919781e+04 -1.913847174689818057e+05 -1.876574743452023904e+04 3.160545140933207585e+04 2.908735102599666425e+04 1.936609899384151140e+04 1.412744408075081650e+06 -1.971264540941524501e+03 2.002269672314334002e+03
-4.151810023698017903e+04 5.813552408553479472e+04 1.899869805513788015e+04 -5.192441258280525290e+03 1.130117869141985466e+04 -5.638444776822269887e+03 -3.106676399969332579e+03 3.208458601234396156e+03 -1.949727462812832300e+03 6.028254419762350153e+04 3.186922644600581407e+04 -1.773917033261794813e+03 1.169678781094078113e+04 4.312529614312181366e+04 1.497003191779671397e+04 -1.971264540941524501e+03 7.553318563572017010e+05 3.492935107037404578e+03
-2.438559282653366972e+04 -3.007621977217722815e+04 2.366848746563018722e+04 3.294367503712823236e+03 6.277702442960159715e+03 -2.456855653262651686e+03 3.903749495930270768e+03 6.592639667716201984e+03 5.701940800257408227e+03 -1.501240215321194046e+04 -3.671692617797948333e+04 1.704647296503820689e+04 -1.725549630253258874e+04 -8.293188614398090067e+03 -1.111344350645682243e+04 2.002269672314334002e+03 3.492935107037404578e+03 4.024003447562752990e+05
