# lambda=0.768000722654422
4.984366526974925399e+07 1.646592462227357551e+06 -6.017175849518028554e+05 3.157466434009328950e+05 3.526478779910999001e+05 2.383428286848033604e+05 2.089812819132342993e+05 1.802115972516307957e+05 -4.203622032414250134e+04 2.607580406999779399e+06 1.784604061845029471e+06 -1.970014756540241651e+06 8.888937439934891881e+05 7.456163920061134268e+05 1.092940111566617852e+06 -1.877186831553681986e+05 5.738875982383287046e+05 4.347956723041512887e+05
1.646592462227357551e+06 2.016116766050107777e+07 9.922372304617359769e+05 4.357019279214832932e+05 1.354756122854453279e+05 6.878011300378425221e+04 -4.660864500831280748e+04 2.666867148558615008e+05 1.314935435495557613e+05 -4.792032396975142881e+06 1.544491665160806850e+06 3.711577859182813554e+05 9.364913880098358495e+05 -2.824058970906338072e+05 -2.872355821653651074e+05 -2.444521492685482954e+05 3.382710799302169471e+05 3.762923222517260583e+05
-6.017175849518028554e+05 9.922372304617359769e+05 6.311220615412769839e+06 5.434465414799654391e+05 7.457840217364489217e+04 -3.596746024573818431e+04 3.688010772038041614e+04 6.009949799815050210e+04 6.160308164268916153e+04 -1.080971527014976833e+06 -2.951454723949475447e+05 1.048045767420212505e+06 1.050985456283220410e+05 -2.855870040298120002e+05 -4.263598081125958706e+05 9.202202089712170709e+04 -4.158285617878568155e+04 2.472667423590427916e+03
3.157466434009328950e+05 4.357019279214832932e+05 5.434465414799654391e+05 3.316712486824522726e+06 1.212089727334601339e+05 5.837732711076386295e+03 4.277035242709423619e+04 7.090166082408381953e+03 5.911671211703351219e+03 -4.060634357862185570e+05 -2.340923587234006554e+05 2.407268820963542385e+05 2.757501934200409451e+05 -6.699664180210506311e+04 -8.587813854792880011e+04 7.634409892866291921e+04 -2.352163038236697685e+04 -6.026675739175038871e+03
3.526478779910999001e+05 1.354756122854453279e+05 7.457840217364489217e+04 1.212089727334601339e+05 8.568500654856659239e+05 6.989023560089312377e+04 2.402083510480223777e+04 3.547808911919972888e+04 1.414045178189949002e+04 9.640435680153488647e+05 -2.140876775448583066e+05 -7.866488980260520475e+04 1.088131953891643570e+04 1.384105103069719917e+05 1.231500195789426925e+03 2.364319474345566414e+04 6.668984916135578533e+04 1.544409553806081567e+04
2.383428286848033604e+05 6.878011300378425221e+04 -3.596746024573818431e+04 5.837732711076386295e+03 6.989023560089312377e+04 5.288653714748665225e+05 1.483196600835761092e+04 1.929395846321782665e+04 2.097663161371138631e+04 -1.696064314884251216e+05 1.130111020824842853e+05 -4.604390169220677490e+04 1.230376829344541911e+05 4.615990141520900215e+04 8.708247514267974475e+04 6.674682425793074071e+04 4.955671334494703478e+04 4.633213819274205161e+04
2.089812819132342993e+05 -4.660864500831280748e+04 3.688010772038041614e+04 4.277035242709423619e+04 2.402083510480223777e+04 1.483196600835761092e+04 2.883825168609996908e+05 -3.991921375139728752e+03 9.048552864206583763e+03 -2.702675443419002695e+05 -4.211153910680781701e+04 7.769395095572978607e+04 -1.169234078496065558e+04 -5.276512665591786936e+04 5.693440829789214331e+04 8.076506529282924021e+04 1.195778089323692802e+04 9.335677813934089500e+03
1.802115972516307957e+05 2.666867148558615008e+05 6.009949799815050210e+04 7.090166082408381953e+03 3.547808911919972888e+04 1.929395846321782665e+04 -3.991921375139728752e+03 1.962586994038957346e+05 1.928690833682316952e+04 2.922626341229784884e+05 1.479130061327461153e+05 5.089145699580765358e+04 3.788619497615742875e+04 4.154300052516685537e+04 -1.923811160200710947e+04 -3.549011984794293676e+04 6.160100336225176579e+04 3.735483994202718895e+04
-4.203622032414250134e+04 1.314935435495557613e+05 6.160308164268916153e+04 5.911671211703351219e+03 1.414045178189949002e+04 2.097663161371138631e+04 9.048552864206583763e+03 1.928690833682316952e+04 1.377518467971528298e+05 -8.966139018101732290e+03 -6.956264286058349171e+03 3.569163698412103258e+04 4.002471967597103503e+04 1.647246942115583806e+04 -1.769414741979104292e+04 1.569040777783286649e+04 1.132051662465998925e+04 2.415209339856213774e+04
2.607580406999779399e+06 -4.792032396975142881e+06 -1.080971527014976833e+06 -4.060634357862185570e+05 9.640435680153488647e+05 -1.696064314884251216e+05 -2.702675443419002695e+05 2.922626341229784884e+05 -8.966139018101732290e+03 2.477169701375173330e+08 7.707923392245364375e+06 2.804392799612342846e+06 -3.404723862285189331e+06 2.453229612069230992e+06 5.630822029882699717e+05 -8.143504816060237354e+05 -1.634583401877860888e+05 -3.510014907029230963e+05
1.784604061845029471e+06 1.544491665160806850e+06 -2.951454723949475447e+05 -2.340923587234006554e+05 -2.140876775448583066e+05 1.130111020824842853e+05 -4.211153910680781701e+04 1.479130061327461153e+05 -6.956264286058349171e+03 7.707923392245364375e+06 6.901833469951957464e+07 1.775524616764350794e+06 6.484061514824548503e+05 -3.754346318490901613e+05 8.098905763351594796e+05 1.099909919526914309e+05 -1.217650351177134726e+05 3.793745330941381981e+05
-1.970014756540241651e+06 3.711577859182813554e+05 1.048045767420212505e+06 2.407268820963542385e+05 -7.866488980260520475e+04 -4.604390169220677490e+04 7.769395095572978607e+04 5.089145699580765358e+04 3.569163698412103258e+04 2.804392799612342846e+06 1.775524616764350794e+06 2.344966001748152822e+07 -3.531509224827206344e+05 -8.908747137688138755e+05 -2.509050330892808561e+05 1.390431676451805688e+05 -8.007670376045172452e+04 -5.871484680669176305e+04
8.888937439934891881e+05 9.364913880098358495e+05 1.050985456283220410e+05 2.757501934200409451e+05 1.088131953891643570e+04 1.230376829344541911e+05 -1.169234078496065558e+04 3.788619497615742875e+04 4.002471967597103503e+04 -3.404723862285189331e+06 6.484061514824548503e+05 -3.531509224827206344e+05 1.112696557408196107e+07 3.862552849946811912e+05 -1.911601233878104540e+05 3.333010214943988249e+05 1.358563812459186593e+05 2.589460169294617081e+05
7.456163920061134268e+05 -2.824058970906338072e+05 -2.855870040298120002e+05 -6.699664180210506311e+04 1.384105103069719917e+05 4.615990141520900215e+04 -5.276512665591786936e+04 4.154300052516685537e+04 1.647246942115583806e+04 2.453229612069230992e+06 -3.754346318490901613e+05 -8.908747137688138755e+05 3.862552849946811912e+05 4.821036970611453988e+06 2.853183633679393097e+04 -1.283069558295644529e+05 9.532772541598596945e+03 5.344459247867659724e+04
1.092940111566617852e+06 -2.872355821653651074e+05 -4.263598081125958706e+05 -8.587813854792880011e+04 1.231500195789426925e+03 8.708247514267974475e+04 5.693440829789214331e+04 -1.923811160200710947e+04 -1.769414741979104292e+04 5.630822029882699717e+05 8.098905763351594796e+05 -2.509050330892808561e+05 -1.911601233878104540e+05 2.853183633679393097e+04 2.694897434213839006e+06 7.942552955095052312e+04 3.413731642530053068e+04 1.020127506365882582e+05
-1.877186831553681986e+05 -2.444521492685482954e+05 9.202202089712170709e+04 7.634409892866291921e+04 2.364319474345566414e+04 6.674682425793074071e+04 8.076506529282924021e+04 -3.549011984794293676e+04 1.569040777783286649e+04 -8.143504816060237354e+05 1.099909919526914309e+05 1.390431676451805688e+05 3.333010214943988249e+05 -1.283069558295644529e+05 7.942552955095052312e+04 2.080367827865723521e+06 -3.209652301500959220e+04 8.409706369561885367e+04
5.738875982383287046e+05 3.382710799302169471e+05 -4.158285617878568155e+04 -2.352163038236697685e+04 6.668984916135578533e+04 4.955671334494703478e+04 1.195778089323692802e+04 6.160100336225176579e+04 1.132051662465998925e+04 -1.634583401877860888e+05 -1.217650351177134726e+05 -8.007670376045172452e+04 1.358563812459186593e+05 9.532772541598596945e+03 3.413731642530053068e+04 -3.209652301500959220e+04 1.029535801216385444e+06 9.039328042972463300e+04
4.347956723041512887e+05 3.762923222517260583e+05 2.472667423590427916e+03 -6.026675739175038871e+03 1.544409553806081567e+04 4.633213819274205161e+04 9.335677813934089500e+03 3.735483994202718895e+04 2.415209339856213774e+04 -3.510014907029230963e+05 3.793745330941381981e+05 -5.871484680669176305e+04 2.589460169294617081e+05 5.344459247867659724e+04 1.020127506365882582e+05 8.409706369561885367e+04 9.039328042972463300e+04 8.415898439820482163e+05
