# lambda=0.28950357146410255
4.819185001954610646e+07 6.096148551393381320e+06 1.334224171000955859e+06 -5.687715465179813327e+05 6.398051388854938559e+05 -5.960749634163917508e+05 5.059703706135583343e+05 -3.964665202856326941e+05 -3.753087433300822158e+05 4.329701758413088322e+07 1.801410937119814381e+07 3.879090342883074656e+06 -1.974666498528517084e+06 -3.133740983863493893e+06 -3.776233508928054944e+06 8.324086277229028055e+05 8.378459780400062446e+05 3.006195109255689022e+04
6.096148551393381320e+06 2.454363136358017102e+07 1.333750242916751653e+06 2.853767956981834868e+04 1.244800573988277465e+06 2.535472202086905600e+05 -6.658057351525895683e+03 4.425999409047538647e+05 2.989770121352245333e+05 4.719121592230590177e+05 2.058677836166624725e+07 -2.753525426905344706e+06 -1.136927077442835085e+06 3.725309846904737409e+06 3.546437526384475059e+05 9.557792573307240382e+05 3.898612412865508813e+05 3.455956763576947269e+05
1.334224171000955859e+06 1.333750242916751653e+06 3.875627459485908970e+06 6.113598232107344083e+05 1.107229065530232619e+05 -1.775904973877377925e+05 6.649995348326121166e+04 1.612428770418377244e+05 1.773258444683577691e+05 -3.071970494667245075e+06 -2.036443880271207308e+05 3.040809057556116604e+05 -1.187698027051294193e+05 -1.251315491719375277e+05 -6.851359503967396449e+05 5.890822732593157561e+05 5.373094462621558923e+05 -4.033841902958611900e+04
-5.687715465179813327e+05 2.853767956981834868e+04 6.113598232107344083e+05 3.624999307026850991e+06 4.655359860288142227e+05 1.979689269490936713e+05 -5.609415219372964930e+04 7.971362178134301212e+04 1.457280116187933017e+05 -5.568425213178732432e+06 -3.377164529321512964e+04 -9.411252701227113139e+05 1.069825356127549894e+06 5.693284263061045203e+05 2.728797943722225609e+05 3.879544928633096279e+05 6.116482994023965439e+05 2.538984087351729395e+05
6.398051388854938559e+05 1.244800573988277465e+06 1.107229065530232619e+05 4.655359860288142227e+05 1.441924641864762176e+06 2.074482739999071346e+05 1.143174033973782643e+05 1.192283652274812630e+05 2.604972532607359972e+04 1.293079438530984567e+06 1.668559413781028939e+06 4.811131849265782512e+04 -5.279527068581226049e+05 5.775138222585699987e+05 6.009752761037162272e+05 5.891726031931734178e+05 1.755086991830453044e+05 5.520748832268319529e+04
-5.960749634163917508e+05 2.535472202086905600e+05 -1.775904973877377925e+05 1.979689269490936713e+05 2.074482739999071346e+05 6.427074766592737287e+05 7.485774998290738949e+03 1.815066638519722619e+04 -2.228304879789322149e+04 -1.112787289975340012e+06 4.154016332050975761e+05 -6.454190176114535279e+04 -8.480643966564161019e+03 5.636878504732768051e+05 2.158940940399033716e+05 -4.824981848138855275e+04 4.830648389583129756e+04 5.429670315535063128e+04
5.059703706135583343e+05 -6.658057351525895683e+03 6.649995348326121166e+04 -5.609415219372964930e+04 1.143174033973782643e+05 7.485774998290738949e+03 3.724645850369726541e+05 9.761440213687332289e+04 -2.735795060635206391e+04 2.237903835073633119e+06 -1.578390877558549109e+05 1.553559107716164726e+05 -3.120189284904995584e+05 -2.261797418990369988e+04 -1.290713556234102434e+05 1.189795522117235814e+05 1.384680348875325290e+05 -4.622650802891804051e+04
-3.964665202856326941e+05 4.425999409047538647e+05 1.612428770418377244e+05 7.971362178134301212e+04 1.192283652274812630e+05 1.815066638519722619e+04 9.761440213687332289e+04 2.108389195211073093e+05 2.540887675082889109e+04 -2.747796362045527203e+05 4.010775296857130161e+04 -5.325470800208313449e+03 -1.892252474326808297e+05 1.292750686312969337e+05 1.279957540263198753e+05 1.089312640653661219e+05 1.059544789048868843e+05 4.018150919820633862e+04
-3.753087433300822158e+05 2.989770121352245333e+05 1.773258444683577691e+05 1.457280116187933017e+05 2.604972532607359972e+04 -2.228304879789322149e+04 -2.735795060635206391e+04 2.540887675082889109e+04 1.667510563525221369e+05 -1.509506839947685599e+06 4.766953928590673604e+05 -9.038369875424890779e+04 2.238767033927971497e+05 3.831364134246602043e+04 2.791698939190763485e+04 -5.192023863780516695e+04 6.353431666003796272e+04 5.801373289587687032e+04
4.329701758413088322e+07 4.719121592230590177e+05 -3.071970494667245075e+06 -5.568425213178732432e+06 1.293079438530984567e+06 -1.112787289975340012e+06 2.237903835073633119e+06 -2.747796362045527203e+05 -1.509506839947685599e+06 2.876604659685282111e+08 2.845745853256331384e+07 2.663627537152808532e+07 -3.948402249801141210e+06 -1.574247462160976231e+07 -6.650490299053931609e+06 -1.360768694228276145e+06 2.354114409073436633e+06 -2.553385121386232786e+05
1.801410937119814381e+07 2.058677836166624725e+07 -2.036443880271207308e+05 -3.377164529321512964e+04 1.668559413781028939e+06 4.154016332050975761e+05 -1.578390877558549109e+05 4.010775296857130161e+04 4.766953928590673604e+05 2.845745853256331384e+07 8.442381248605683446e+07 1.188419904897704720e+07 1.357712162514380412e+06 6.361937367222907022e+06 -7.177840160312725930e+05 6.512187941929157387e+04 6.957988178132332396e+05 1.572925137508204207e+06
3.879090342883074656e+06 -2.753525426905344706e+06 3.040809057556116604e+05 -9.411252701227113139e+05 4.811131849265782512e+04 -6.454190176114535279e+04 1.553559107716164726e+05 -5.325470800208313449e+03 -9.038369875424890779e+04 2.663627537152808532e+07 1.188419904897704720e+07 3.581042778676085919e+07 5.127976966205003671e+06 -4.628192723472774378e+05 -1.998791670862349449e+06 -6.317372141069483478e+05 7.164259260885376716e+05 -1.834876682453742542e+05
-1.974666498528517084e+06 -1.136927077442835085e+06 -1.187698027051294193e+05 1.069825356127549894e+06 -5.279527068581226049e+05 -8.480643966564161019e+03 -3.120189284904995584e+05 -1.892252474326808297e+05 2.238767033927971497e+05 -3.948402249801141210e+06 1.357712162514380412e+06 5.127976966205003671e+06 1.013589617728110030e+07 1.024306108294686652e+06 1.065426063743510895e+05 -2.319718916706294694e+05 -2.584597124779034930e+05 3.376197046161981998e+05
-3.133740983863493893e+06 3.725309846904737409e+06 -1.251315491719375277e+05 5.693284263061045203e+05 5.775138222585699987e+05 5.636878504732768051e+05 -2.261797418990369988e+04 1.292750686312969337e+05 3.831364134246602043e+04 -1.574247462160976231e+07 6.361937367222907022e+06 -4.628192723472774378e+05 1.024306108294686652e+06 6.877962575723661110e+06 1.209381815324283205e+06 4.224781803021460073e+05 2.989181293363494115e+04 2.813239016793000628e+05
-3.776233508928054944e+06 3.546437526384475059e+05 -6.851359503967396449e+05 2.728797943722225609e+05 6.009752761037162272e+05 2.158940940399033716e+05 -1.290713556234102434e+05 1.279957540263198753e+05 2.791698939190763485e+04 -6.650490299053931609e+06 -7.177840160312725930e+05 -1.998791670862349449e+06 1.065426063743510895e+05 1.209381815324283205e+06 3.464167315330266953e+06 5.648444109849747038e+05 -2.326983444207219873e+05 2.092051026580842154e+05
8.324086277229028055e+05 9.557792573307240382e+05 5.890822732593157561e+05 3.879544928633096279e+05 5.891726031931734178e+05 -4.824981848138855275e+04 1.189795522117235814e+05 1.089312640653661219e+05 -5.192023863780516695e+04 -1.360768694228276145e+06 6.512187941929157387e+04 -6.317372141069483478e+05 -2.319718916706294694e+05 4.224781803021460073e+05 5.648444109849747038e+05 1.839712160678782035e+06 3.446163264151638577e+04 7.102841789984006027e+04
8.378459780400062446e+05 3.898612412865508813e+05 5.373094462621558923e+05 6.116482994023965439e+05 1.755086991830453044e+05 4.830648389583129756e+04 1.384680348875325290e+05 1.059544789048868843e+05 6.353431666003796272e+04 2.354114409073436633e+06 6.957988178132332396e+05 7.164259260885376716e+05 -2.584597124779034930e+05 2.989181293363494115e+04 -2.326983444207219873e+05 3.446163264151638577e+04 1.140589629819000140e+06 -1.791939702559378566e+04
3.006195109255689022e+04 3.455956763576947269e+05 -4.033841902958611900e+04 2.538984087351729395e+05 5.520748832268319529e+04 5.429670315535063128e+04 -4.622650802891804051e+04 4.018150919820633862e+04 5.801373289587687032e+04 -2.553385121386232786e+05 1.572925137508204207e+06 -1.834876682453742542e+05 3.376197046161981998e+05 2.813239016793000628e+05 2.092051026580842154e+05 7.102841789984006027e+04 -1.791939702559378566e+04 4.799386828316152096e+05
