# lambda=0.3689371753596295
5.501735685554239154e+07 2.399104032995249610e+06 -1.746163642661583144e+06 6.579606354257542407e+05 9.781857419863060932e+04 1.174463504939195001e+06 8.177345949477278737e+03 7.713122852634662995e+05 3.832282409027010435e+05 1.771726831606767327e+07 -6.049557967034695670e+06 4.067052078737778123e+06 -9.296830335509387078e+05 2.766699189113993198e+06 9.745423598162343260e+05 -2.859760974213566515e+05 3.484527024169829674e+05 5.896443002439492848e+05
2.399104032995249610e+06 1.098884191353762336e+07 1.879069369387144456e+06 -1.348735809247555735e+05 5.820570214828095632e+05 3.622278239179427037e+05 3.816496498931351234e+05 8.684024054929966223e+04 -3.900348667536678840e+04 5.229566587985874154e+06 4.039406939680860378e+06 -3.379777283051556442e+05 -1.100993072805948788e+06 -3.961329520996205392e+05 -4.595868051567625371e+05 2.366977169856212859e+05 6.503274089450297179e+05 5.750291249167160458e+03
-1.746163642661583144e+06 1.879069369387144456e+06 6.656429137806719169e+06 5.575503324735059869e+05 6.146818046926002717e+05 3.254508658147151582e+05 -2.288643758791947403e+04 2.469650705491545159e+04 1.174216318376098934e+04 2.482651706517717801e+06 -1.332995879541406175e+06 2.812258785666166339e+06 -5.598414318360334728e+05 -3.612829558069473132e+05 -1.589802101508943451e+04 2.909500431507332833e+05 2.019287280079317861e+05 1.880540910736261576e+05
6.579606354257542407e+05 -1.348735809247555735e+05 5.575503324735059869e+05 1.921090848316842457e+06 2.327938363686825687e+04 -7.518506426148895116e+04 -4.721338633312340244e+04 -5.820071685894220718e+04 -3.142617048841431824e+04 1.110487366624192335e+06 -8.677823477532076649e+05 4.873576757394263404e+05 5.384440597871773643e+05 3.609525905261646840e+05 -2.115701498608976544e+05 2.364353636111984961e+05 8.647941697702268721e+04 7.702894724425330060e+04
9.781857419863060932e+04 5.820570214828095632e+05 6.146818046926002717e+05 2.327938363686825687e+04 9.110414300938432571e+05 1.232978845960367616e+05 -2.062045258712161012e+04 2.040062658729272516e+04 1.209185239435752464e+03 -3.647609109492162825e+05 -7.549051377371089766e+05 7.418894058650258230e+05 -4.847058542004494811e+05 1.045915049574106379e+05 -8.410106230545134167e+04 -6.837588160997588420e+04 2.035283627089026413e+04 4.305605114581884663e+03
1.174463504939195001e+06 3.622278239179427037e+05 3.254508658147151582e+05 -7.518506426148895116e+04 1.232978845960367616e+05 6.982457360826387303e+05 1.038418207377085055e+05 8.589863064623461105e+04 9.385142469094916305e+04 -7.575923446606090874e+04 -8.233350199947935762e+05 4.249704470294415660e+04 -3.182951037316339352e+04 -1.299951645115512802e+05 5.432362083423268050e+05 5.287284604334949108e+04 9.294874085392126290e+04 1.382230761664626189e+05
8.177345949477278737e+03 3.816496498931351234e+05 -2.288643758791947403e+04 -4.721338633312340244e+04 -2.062045258712161012e+04 1.038418207377085055e+05 3.275920686899693101e+05 5.393483717336244445e+04 2.387430633332824800e+04 -1.667448793737028260e+06 -2.838605154970124568e+04 -8.808306663890724303e+04 -5.103406321687651507e+04 -1.189375475883425825e+05 1.941992514170885261e+05 3.925596061370992538e+04 8.355592282578043523e+04 5.629413434639154730e+04
7.713122852634662995e+05 8.684024054929966223e+04 2.469650705491545159e+04 -5.820071685894220718e+04 2.040062658729272516e+04 8.589863064623461105e+04 5.393483717336244445e+04 2.406790820634622360e+05 3.163618376233198433e+04 -8.036292017032986041e+04 -5.414421348694735207e+05 -7.513073366603460454e+04 -1.504803838494869706e+05 1.718194012472604227e+05 1.516376556718504580e+05 -2.796374445533407561e+04 6.955590573197818594e+04 4.254896687327876862e+04
3.832282409027010435e+05 -3.900348667536678840e+04 1.174216318376098934e+04 -3.142617048841431824e+04 1.209185239435752464e+03 9.385142469094916305e+04 2.387430633332824800e+04 3.163618376233198433e+04 1.302986834343256778e+05 -2.485590011660011369e+05 -4.688665084319357411e+05 -2.423795666688096389e+04 -8.580293278586545784e+04 -1.247431397366600577e+05 7.007903773799068586e+04 -2.365692801499295820e+04 1.603843545220676106e+03 8.412467044713714859e+04
1.771726831606767327e+07 5.229566587985874154e+06 2.482651706517717801e+06 1.110487366624192335e+06 -3.647609109492162825e+05 -7.575923446606090874e+04 -1.667448793737028260e+06 -8.036292017032986041e+04 -2.485590011660011369e+05 2.286184364860108793e+08 2.670371586030717567e+07 2.474028920147878677e+07 2.080995223497267440e+07 4.366201518663448282e+06 1.309181947704202030e+06 1.512110103238180513e+06 -2.111918131642517634e+06 1.509628146168560022e+06
-6.049557967034695670e+06 4.039406939680860378e+06 -1.332995879541406175e+06 -8.677823477532076649e+05 -7.549051377371089766e+05 -8.233350199947935762e+05 -2.838605154970124568e+04 -5.414421348694735207e+05 -4.688665084319357411e+05 2.670371586030717567e+07 7.278643529936605692e+07 7.301449508710480295e+05 3.889885633196685463e+06 1.354296213771943003e+06 -2.175523183196053840e+06 3.061145249050931889e+05 -1.954014993675841251e+06 -1.012992185803526314e+06
4.067052078737778123e+06 -3.379777283051556442e+05 2.812258785666166339e+06 4.873576757394263404e+05 7.418894058650258230e+05 4.249704470294415660e+04 -8.808306663890724303e+04 -7.513073366603460454e+04 -2.423795666688096389e+04 2.474028920147878677e+07 7.301449508710480295e+05 3.398523274895961583e+07 4.565732004254398867e+06 9.388788181743591849e+04 -1.032355546125145745e+06 -7.190986539313505637e+05 -9.374717536660643527e+05 1.312408420923346421e+06
-9.296830335509387078e+05 -1.100993072805948788e+06 -5.598414318360334728e+05 5.384440597871773643e+05 -4.847058542004494811e+05 -3.182951037316339352e+04 -5.103406321687651507e+04 -1.504803838494869706e+05 -8.580293278586545784e+04 2.080995223497267440e+07 3.889885633196685463e+06 4.565732004254398867e+06 1.387247867890027352e+07 1.289640652776164468e+06 8.779552881405346561e+05 3.266281954323641257e+05 1.048859956667437073e+05 5.340996373274991056e+05
2.766699189113993198e+06 -3.961329520996205392e+05 -3.612829558069473132e+05 3.609525905261646840e+05 1.045915049574106379e+05 -1.299951645115512802e+05 -1.189375475883425825e+05 1.718194012472604227e+05 -1.247431397366600577e+05 4.366201518663448282e+06 1.354296213771943003e+06 9.388788181743591849e+04 1.289640652776164468e+06 4.395527668203529902e+06 6.337945472462780890e+04 4.929984169773830217e+05 7.177427936564858828e+04 -1.041016243776988995e+05
9.745423598162343260e+05 -4.595868051567625371e+05 -1.589802101508943451e+04 -2.115701498608976544e+05 -8.410106230545134167e+04 5.432362083423268050e+05 1.941992514170885261e+05 1.516376556718504580e+05 7.007903773799068586e+04 1.309181947704202030e+06 -2.175523183196053840e+06 -1.032355546125145745e+06 8.779552881405346561e+05 6.337945472462780890e+04 3.181246776620304212e+06 3.641862464948394336e+05 3.772533093450467568e+05 1.899415892407234933e+05
-2.859760974213566515e+05 2.366977169856212859e+05 2.909500431507332833e+05 2.364353636111984961e+05 -6.837588160997588420e+04 5.287284604334949108e+04 3.925596061370992538e+04 -2.796374445533407561e+04 -2.365692801499295820e+04 1.512110103238180513e+06 3.061145249050931889e+05 -7.190986539313505637e+05 3.266281954323641257e+05 4.929984169773830217e+05 3.641862464948394336e+05 1.786961552123316098e+06 2.980815954360745309e+04 3.569725449851034500e+04
3.484527024169829674e+05 6.503274089450297179e+05 2.019287280079317861e+05 8.647941697702268721e+04 2.035283627089026413e+04 9.294874085392126290e+04 8.355592282578043523e+04 6.955590573197818594e+04 1.603843545220676106e+03 -2.111918131642517634e+06 -1.954014993675841251e+06 -9.374717536660643527e+05 1.048859956667437073e+05 7.177427936564858828e+04 3.772533093450467568e+05 2.980815954360745309e+04 1.076892000266158953e+06 5.310519750780816685e+04
5.896443002439492848e+05 5.750291249167160458e+03 1.880540910736261576e+05 7.702894724425330060e+04 4.305605114581884663e+03 1.382230761664626189e+05 5.629413434639154730e+04 4.254896687327876862e+04 8.412467044713714859e+04 1.509628146168560022e+06 -1.012992185803526314e+06 1.312408420923346421e+06 5.340996373274991056e+05 -1.041016243776988995e+05 1.899415892407234933e+05 3.569725449851034500e+04 5.310519750780816685e+04 6.963969620467768982e+05
