# lambda=0.9700022789220325
6.609666030622744560e+07 -6.462552111815967510e+04 -6.225042276140762988e+04 1.198268348074275673e+04 -5.617265379344645771e+04 -6.974156466591094613e+03 1.637617460721645512e+04 3.037146828117687619e+04 6.233137912392276121e+03 4.119309846004478750e+05 3.607034784656026750e+05 -8.016958089683565777e+04 1.658379395798233454e+05 -3.506985171864151926e+04 6.804816078194651345e+04 1.346099201860120229e+05 1.332909281013652799e+04 -4.224889598829558236e+04
-6.462552111815967510e+04 1.593490333877818473e+07 7.507130808523402084e+04 3.993577825958353060e+04 -1.659620292815731227e+04 9.029606791917123701e+03 -4.498447197359324491e+03 -4.003652440979706171e+03 -3.635366664370728813e+02 6.401450297358887037e+05 1.332531761309742287e+05 6.059411528521835135e+04 -3.946628964008625189e+04 1.619790431909146173e+04 1.362260465589932392e+04 -3.855763803599250423e+03 2.697596383580235124e+04 -4.283447696507268120e+03
-6.225042276140762988e+04 7.507130808523402084e+04 4.582300966954718344e+06 -1.259218716413306765e+03 -5.072979197350987306e+03 3.919045202868696833e+03 -8.135382447703208527e+03 -7.177528312184721472e+03 -9.578482691531230557e+02 1.835061534464399447e+05 -1.148715071294973168e+05 1.055044265529540426e+05 -4.769412715016900620e+04 1.343228006296697640e+04 2.994810227171239148e+03 -3.401951364829782960e+03 -8.657378334401724715e+03 1.177769462963796104e+04
1.198268348074275673e+04 3.993577825958353060e+04 -1.259218716413306765e+03 1.973149083520091139e+06 2.544024611289634777e+03 8.540450397251339382e+03 3.656980944686796192e+03 4.646837205072857614e+03 4.692164244640236575e+03 2.391898438225269201e+05 -7.462794279080278648e+04 -3.111821247202382438e+04 6.601559600122908887e+04 5.285120708491621190e+04 2.549473931697151420e+04 1.222074847119632977e+04 9.289631064583114494e+03 4.243390628234459655e+03
-5.617265379344645771e+04 -1.659620292815731227e+04 -5.072979197350987306e+03 2.544024611289634777e+03 1.363638914959867718e+06 2.096716018435493879e+03 2.303829858248666369e+03 -4.009714047367234343e+03 -1.190054288661328201e+03 -1.035209686342072964e+05 -1.160689426540893764e+05 1.222284813213257075e+04 -9.651672835553039477e+03 3.037266525489084233e+04 -2.330324573645437704e+04 -1.726687238617775074e+04 -9.746044558389579834e+03 -1.947850948572907726e+02
-6.974156466591094613e+03 9.029606791917123701e+03 3.919045202868696833e+03 8.540450397251339382e+03 2.096716018435493879e+03 4.745959635958137223e+05 1.879965259126770206e+03 7.739340165243247611e+02 -5.607424899138095498e+02 1.193232793746428360e+05 -3.886233489578008175e+03 4.526887283639913221e+03 1.809901719612241504e+04 1.213731780981707197e+04 -7.159581822084152009e+03 -1.126201509126626433e+03 4.034641596021889654e+03 2.686352984677356289e+03
1.637617460721645512e+04 -4.498447197359324491e+03 -8.135382447703208527e+03 3.656980944686796192e+03 2.303829858248666369e+03 1.879965259126770206e+03 4.125358821912589483e+05 1.735540102349836843e+03 1.297323982241222893e+03 -4.388445712933148025e+04 1.711894603872305379e+04 -1.757549364798381930e+03 -2.707127336055998057e+03 -1.105898029293476066e+04 -3.591015915133366889e+03 -1.316513443588783332e+02 -2.107201618003294698e+03 -3.933792684341756285e+03
3.037146828117687619e+04 -4.003652440979706171e+03 -7.177528312184721472e+03 4.646837205072857614e+03 -4.009714047367234343e+03 7.739340165243247611e+02 1.735540102349836843e+03 2.267386494893709023e+05 1.743204882509028948e+03 8.114120298212036141e+04 1.111251277500927790e+04 -1.702087119461302427e+04 1.843246120167497429e+04 4.506369613526141620e+03 4.516883833207986754e+03 1.356989995810567416e+04 5.005134172711946121e+03 1.497467773479631887e+03
6.233137912392276121e+03 -3.635366664370728813e+02 -9.578482691531230557e+02 4.692164244640236575e+03 -1.190054288661328201e+03 -5.607424899138095498e+02 1.297323982241222893e+03 1.743204882509028948e+03 6.650655109572250512e+04 3.198025894872000208e+04 -1.248221927792377073e+03 3.390840204316071322e+03 6.685670425731816977e+03 1.063510749070107977e+03 1.778497140455915996e+03 4.907846039612242748e+03 8.540251588840394561e+02 5.586077009246098442e+02
4.119309846004478750e+05 6.401450297358887037e+05 1.835061534464399447e+05 2.391898438225269201e+05 -1.035209686342072964e+05 1.193232793746428360e+05 -4.388445712933148025e+04 8.114120298212036141e+04 3.198025894872000208e+04 3.096266127801731229e+08 -9.336848223613580922e+05 -5.711731765240994282e+05 2.855159947128711501e+05 1.296158663543386210e+05 2.444781107278945638e+04 1.355739491289395955e+05 1.228421501117428270e+05 1.207215650572319282e+05
3.607034784656026750e+05 1.332531761309742287e+05 -1.148715071294973168e+05 -7.462794279080278648e+04 -1.160689426540893764e+05 -3.886233489578008175e+03 1.711894603872305379e+04 1.111251277500927790e+04 -1.248221927792377073e+03 -9.336848223613580922e+05 7.392703927561244369e+07 4.570492383222560748e+05 1.209289024934387562e+05 -2.275277334683385561e+05 6.895974805960778031e+04 7.306155195915563672e+04 2.069129995275403780e+04 1.351018145843979255e+04
-8.016958089683565777e+04 6.059411528521835135e+04 1.055044265529540426e+05 -3.111821247202382438e+04 1.222284813213257075e+04 4.526887283639913221e+03 -1.757549364798381930e+03 -1.702087119461302427e+04 3.390840204316071322e+03 -5.711731765240994282e+05 4.570492383222560748e+05 3.483584173473978043e+07 -6.032487653886041517e+04 5.233328359227382316e+04 2.963449542150617708e+04 -5.336250456445192685e+04 8.737367277006900622e+03 4.512892659839199769e+04
1.658379395798233454e+05 -3.946628964008625189e+04 -4.769412715016900620e+04 6.601559600122908887e+04 -9.651672835553039477e+03 1.809901719612241504e+04 -2.707127336055998057e+03 1.843246120167497429e+04 6.685670425731816977e+03 2.855159947128711501e+05 1.209289024934387562e+05 -6.032487653886041517e+04 9.996311583645107225e+06 1.243096992124945973e+05 4.872619869938428019e+04 8.466378418265284563e+04 2.411456999682090827e+04 1.884921315690878328e+04
-3.506985171864151926e+04 1.619790431909146173e+04 1.343228006296697640e+04 5.285120708491621190e+04 3.037266525489084233e+04 1.213731780981707197e+04 -1.105898029293476066e+04 4.506369613526141620e+03 1.063510749070107977e+03 1.296158663543386210e+05 -2.275277334683385561e+05 5.233328359227382316e+04 1.243096992124945973e+05 7.832863169825190678e+06 4.440095049516350264e+04 3.907800333912624410e+03 1.912671934903457441e+04 2.005697565149066213e+04
6.804816078194651345e+04 1.362260465589932392e+04 2.994810227171239148e+03 2.549473931697151420e+04 -2.330324573645437704e+04 -7.159581822084152009e+03 -3.591015915133366889e+03 4.516883833207986754e+03 1.778497140455915996e+03 2.444781107278945638e+04 6.895974805960778031e+04 2.963449542150617708e+04 4.872619869938428019e+04 4.440095049516350264e+04 3.173617337081275415e+06 3.862840820577717386e+04 2.368072510716994657e+04 1.040192551638982877e+04
1.346099201860120229e+05 -3.855763803599250423e+03 -3.401951364829782960e+03 1.222074847119632977e+04 -1.726687238617775074e+04 -1.126201509126626433e+03 -1.316513443588783332e+02 1.356989995810567416e+04 4.907846039612242748e+03 1.355739491289395955e+05 7.306155195915563672e+04 -5.336250456445192685e+04 8.466378418265284563e+04 3.907800333912624410e+03 3.862840820577717386e+04 2.310133316077297088e+06 1.599380920107062957e+04 8.718159863983786636e+03
1.332909281013652799e+04 2.697596383580235124e+04 -8.657378334401724715e+03 9.289631064583114494e+03 -9.746044558389579834e+03 4.034641596021889654e+03 -2.107201618003294698e+03 5.005134172711946121e+03 8.540251588840394561e+02 1.228421501117428270e+05 2.069129995275403780e+04 8.737367277006900622e+03 2.411456999682090827e+04 1.912671934903457441e+04 2.368072510716994657e+04 1.599380920107062957e+04 8.047703404847737402e+05 7.939076131806261401e+03
-4.224889598829558236e+04 -4.283447696507268120e+03 1.177769462963796104e+04 4.243390628234459655e+03 -1.947850948572907726e+02 2.686352984677356289e+03 -3.933792684341756285e+03 1.497467773479631887e+03 5.586077009246098442e+02 1.207215650572319282e+05 1.351018145843979255e+04 4.512892659839199769e+04 1.884921315690878328e+04 2.005697565149066213e+04 1.040192551638982877e+04 8.718159863983786636e+03 7.939076131806261401e+03 6.176000685276620788e+05
