# lambda=0.9148247451710834
3.485399988711922616e+07 4.998861074907161528e+05 3.419695837220062967e+05 1.439922462970692432e+05 4.156537290730827408e+03 9.352847563454928604e+03 3.904101813248117833e+04 1.352902597655897080e+04 -4.488566130828012683e+04 2.068883410880920943e+06 5.171170298415915022e+04 3.441789479028674541e+05 1.936665867593224393e+05 1.197281020338535163e+05 1.799629778202259331e+05 1.618189057435133436e+05 1.232326591576070314e+04 -3.703842931317315379e+04
4.998861074907161528e+05 1.126330715655723214e+07 2.298282890419236719e+04 6.242902195072524773e+04 5.833395676731815911e+04 5.542612493073190853e+04 4.168830145267362968e+04 1.615229568963635211e+04 -6.822737541558581142e+03 4.483076325510384049e+05 4.679335144050003728e+05 3.155796270651976010e+04 2.912416372603984200e+05 1.403234940856246103e+05 -6.735099663837141998e+04 1.382665922126585610e+04 4.392106405335272575e+04 -5.048101476046316748e+03
3.419695837220062967e+05 2.298282890419236719e+04 4.507214925954782404e+06 7.153637588908120233e+04 -1.675891484335583300e+04 1.092661494175324515e+04 4.595452979853874422e+04 1.908703233347937930e+04 1.087248107278691532e+04 -5.018112291781781241e+05 3.572871679932565312e+05 3.643671372356074862e+05 1.502371571980633307e+05 -9.914988822653128591e+04 4.045743334793778195e+04 7.468391021998607903e+04 -2.193024688698837417e+04 2.352183263286225610e+03
1.439922462970692432e+05 6.242902195072524773e+04 7.153637588908120233e+04 1.835375351282744901e+06 6.555979713230392917e+03 2.625123862287734664e+04 4.595753925410321972e+04 1.479279218491055508e+04 1.897800952136877186e+03 3.943084105667204858e+04 7.592997573845446459e+04 1.346587199024220172e+05 1.002572057898934290e+05 -2.268371262001079594e+04 -2.044276411845352413e+04 7.934857119940308621e+04 -5.869177804122266025e+03 1.330311260287557161e+04
4.156537290730827408e+03 5.833395676731815911e+04 -1.675891484335583300e+04 6.555979713230392917e+03 1.224054415634084027e+06 3.231174927063045834e+04 2.227686284888298542e+04 -4.653547223539172592e+03 -1.677545244609973167e+02 -2.958211485186552745e+05 4.258456184782861383e+05 1.282305495047032018e+05 8.750875051937696117e+04 7.214044125966007414e+04 -1.191818041845861626e+04 2.868610762519143827e+04 1.783743747587299367e+04 8.558077349457921628e+02
9.352847563454928604e+03 5.542612493073190853e+04 1.092661494175324515e+04 2.625123862287734664e+04 3.231174927063045834e+04 6.901877779383327579e+05 1.477828600968447427e+04 4.334945436087119560e+03 4.530271587782516690e+03 -2.488285779041300411e+05 2.798338763843872584e+05 2.129494644057556434e+04 1.976263792578118955e+04 9.345303369801264125e+03 -1.435410194913160922e+04 1.803729035655136613e+04 1.368957460652773443e+04 1.411954809912128076e+04
3.904101813248117833e+04 4.168830145267362968e+04 4.595452979853874422e+04 4.595753925410321972e+04 2.227686284888298542e+04 1.477828600968447427e+04 4.952310066581716528e+05 8.182611485090564202e+03 4.465906983385886633e+03 -6.084281934991574963e+04 1.104576411278606829e+05 7.543357219822333718e+04 5.760553677200313541e+04 -2.173371156607356170e+04 2.657194681562453297e+03 2.797307178268661301e+04 6.008201139787117427e+03 1.670275959621859147e+04
1.352902597655897080e+04 1.615229568963635211e+04 1.908703233347937930e+04 1.479279218491055508e+04 -4.653547223539172592e+03 4.334945436087119560e+03 8.182611485090564202e+03 1.522577965814134805e+05 -3.961857608256730714e+02 -4.942769883568926161e+03 5.843335763631223926e+03 2.796576649565518164e+04 2.734255036855479557e+04 -8.748877839869557647e+03 2.266849518963612809e+03 3.443514911741909600e+03 4.308337830599154586e+03 2.472472131438566976e+03
-4.488566130828012683e+04 -6.822737541558581142e+03 1.087248107278691532e+04 1.897800952136877186e+03 -1.677545244609973167e+02 4.530271587782516690e+03 4.465906983385886633e+03 -3.961857608256730714e+02 9.361944862515595742e+04 -1.833894269567698357e+05 4.390685937758834370e+03 5.633295185145958385e+03 1.172520527609906821e+04 -5.655809721029783759e+03 8.569101365823498782e+03 6.225412992348516127e+03 -3.395344278590656813e+03 4.452715229968165659e+03
2.068883410880920943e+06 4.483076325510384049e+05 -5.018112291781781241e+05 3.943084105667204858e+04 -2.958211485186552745e+05 -2.488285779041300411e+05 -6.084281934991574963e+04 -4.942769883568926161e+03 -1.833894269567698357e+05 2.453751134473501742e+08 -2.347030890900020488e+06 -2.138855369064657483e+06 3.866883567608804879e+04 -1.071283234097456094e+06 -3.079010960535096237e+05 -1.905183002114337578e+05 1.572413389792708913e+05 1.127316327675371576e+05
5.171170298415915022e+04 4.679335144050003728e+05 3.572871679932565312e+05 7.592997573845446459e+04 4.258456184782861383e+05 2.798338763843872584e+05 1.104576411278606829e+05 5.843335763631223926e+03 4.390685937758834370e+03 -2.347030890900020488e+06 6.873786069507376850e+07 1.388308027640700806e+06 3.803080233602348017e+05 2.510306046753636911e+05 -9.486190171967183414e+04 -9.438968900230474537e+04 1.094087258340405242e+05 2.967192684650843148e+04
3.441789479028674541e+05 3.155796270651976010e+04 3.643671372356074862e+05 1.346587199024220172e+05 1.282305495047032018e+05 2.129494644057556434e+04 7.543357219822333718e+04 2.796576649565518164e+04 5.633295185145958385e+03 -2.138855369064657483e+06 1.388308027640700806e+06 3.360638275590614974e+07 2.407047256414930453e+05 2.982635668314175200e+04 5.022304491765140556e+05 -1.146029895217501908e+05 4.723077894009085139e+04 3.958507049879520491e+04
1.936665867593224393e+05 2.912416372603984200e+05 1.502371571980633307e+05 1.002572057898934290e+05 8.750875051937696117e+04 1.976263792578118955e+04 5.760553677200313541e+04 2.734255036855479557e+04 1.172520527609906821e+04 3.866883567608804879e+04 3.803080233602348017e+05 2.407047256414930453e+05 9.183209776508124545e+06 5.364097126407847827e+04 1.124976765092869173e+05 5.637634395770108677e+04 -2.696099640610538700e+04 5.573500252136407653e+04
1.197281020338535163e+05 1.403234940856246103e+05 -9.914988822653128591e+04 -2.268371262001079594e+04 7.214044125966007414e+04 9.345303369801264125e+03 -2.173371156607356170e+04 -8.748877839869557647e+03 -5.655809721029783759e+03 -1.071283234097456094e+06 2.510306046753636911e+05 2.982635668314175200e+04 5.364097126407847827e+04 5.175892063085741363e+06 4.075921327764513990e+04 -2.139850722039476022e+04 3.725559399672280415e+04 -5.088765222721099417e+04
1.799629778202259331e+05 -6.735099663837141998e+04 4.045743334793778195e+04 -2.044276411845352413e+04 -1.191818041845861626e+04 -1.435410194913160922e+04 2.657194681562453297e+03 2.266849518963612809e+03 8.569101365823498782e+03 -3.079010960535096237e+05 -9.486190171967183414e+04 5.022304491765140556e+05 1.124976765092869173e+05 4.075921327764513990e+04 4.576127773422452621e+06 3.641492973143745621e+04 3.180661338220697144e+04 3.322857487718037737e+04
1.618189057435133436e+05 1.382665922126585610e+04 7.468391021998607903e+04 7.934857119940308621e+04 2.868610762519143827e+04 1.803729035655136613e+04 2.797307178268661301e+04 3.443514911741909600e+03 6.225412992348516127e+03 -1.905183002114337578e+05 -9.438968900230474537e+04 -1.146029895217501908e+05 5.637634395770108677e+04 -2.139850722039476022e+04 3.641492973143745621e+04 2.593721275223532226e+06 3.296748119061478064e+04 -6.994300439424060642e+03
1.232326591576070314e+04 4.392106405335272575e+04 -2.193024688698837417e+04 -5.869177804122266025e+03 1.783743747587299367e+04 1.368957460652773443e+04 6.008201139787117427e+03 4.308337830599154586e+03 -3.395344278590656813e+03 1.572413389792708913e+05 1.094087258340405242e+05 4.723077894009085139e+04 -2.696099640610538700e+04 3.725559399672280415e+04 3.180661338220697144e+04 3.296748119061478064e+04 9.284001061221304117e+05 1.494839744025711661e+04
-3.703842931317315379e+04 -5.048101476046316748e+03 2.352183263286225610e+03 1.330311260287557161e+04 8.558077349457921628e+02 1.411954809912128076e+04 1.670275959621859147e+04 2.472472131438566976e+03 4.452715229968165659e+03 1.127316327675371576e+05 2.967192684650843148e+04 3.958507049879520491e+04 5.573500252136407653e+04 -5.088765222721099417e+04 3.322857487718037737e+04 -6.994300439424060642e+03 1.494839744025711661e+04 6.936579092738642357e+05
