# lambda=0.2839262865020182
5.048505654421959072e+07 -1.075909942891846644e+06 1.166700678170362953e+06 3.427437987659468199e+05 -2.347548431930150255e+05 -7.566385446317499736e+05 -3.182333433593036607e+05 -1.843083246588421462e+05 4.309150923707016627e+05 3.750000666243375093e+07 9.737982377579435706e+06 7.562924416886992753e+06 8.884182759374323068e+05 -5.522771889126623981e+06 -2.331262604195201304e+06 1.179331598820073123e+05 4.308633030456862762e+05 -6.855537267543601338e+05
-1.075909942891846644e+06 1.449112644308632053e+07 1.081024062551805982e+06 1.263565371245146962e+06 -3.581857635550578125e+05 3.454783821748517221e+05 5.618858858676860109e+05 5.498789181529893540e+05 1.325765534561892564e+05 -1.117807451865649223e+07 1.790329519972462673e+06 -9.141373214990756242e+05 -4.366118701317271334e+05 7.518679663523291238e+05 1.311900521347495727e+06 9.857092611554609612e+05 -1.705709651184517134e+05 1.481317716163091245e+05
1.166700678170362953e+06 1.081024062551805982e+06 5.485858855518945493e+06 8.475404297473075567e+05 8.202284240978636080e+04 3.060137913560963934e+05 2.178166635364654649e+05 -1.518731784722977609e+05 -9.650392604161772761e+04 -5.232501719318560790e+05 4.687307402529778890e+06 3.130326350475502200e+06 3.162152580781330471e+05 2.914731218455429189e+05 7.461455238784870598e+05 5.345658908054900821e+05 -5.534262652084974106e+05 7.243888941236525716e+04
3.427437987659468199e+05 1.263565371245146962e+06 8.475404297473075567e+05 2.458458659393641166e+06 3.308252961608021724e+04 3.403550147467915085e+05 2.069790290111565846e+05 -5.486987649354063615e+04 -5.332347497080568428e+04 -1.710729392052876297e+06 1.791540890875929501e+06 2.003940259420589311e+06 2.226552466876889113e+06 -2.479023836911641774e+04 6.389172439293868374e+05 4.701681398662772845e+05 2.129907530630825931e+04 1.758529209809455788e+05
-2.347548431930150255e+05 -3.581857635550578125e+05 8.202284240978636080e+04 3.308252961608021724e+04 6.648140227731002960e+05 1.603621610303478374e+05 -5.697665532247107330e+04 -4.463577662814834184e+03 -4.748889023046966759e+04 -1.405476475326516666e+06 -1.050598780576495221e+06 -4.275963480970053206e+04 -5.244964975525344926e+04 1.307121828453134658e+05 3.044516684677058365e+05 6.905508844086594763e+04 -2.433891408657853608e+05 -9.294347729826290742e+04
-7.566385446317499736e+05 3.454783821748517221e+05 3.060137913560963934e+05 3.403550147467915085e+05 1.603621610303478374e+05 9.724461494198099244e+05 1.224076006196807866e+05 1.400353305342185195e+05 1.575704877804955322e+04 -5.188132522649178281e+06 -2.732253101221331395e+06 1.712394907469012542e+05 -2.039128303230696765e+05 -1.186412836607124773e+05 4.936108527719032136e+05 1.699198013754034182e+05 2.758807914409896330e+04 -4.375048158379107917e+04
-3.182333433593036607e+05 5.618858858676860109e+05 2.178166635364654649e+05 2.069790290111565846e+05 -5.697665532247107330e+04 1.224076006196807866e+05 3.322761827226383612e+05 7.552014735259748704e+04 8.317729698957637083e+03 -2.533257536546117626e+06 -7.532981307276197476e+05 3.757338637089741533e+05 6.538796191623118830e+03 7.390294733317456848e+04 1.766982379641004954e+05 2.000420131740294164e+05 -4.041330401152410195e+04 5.910362202569420333e+04
-1.843083246588421462e+05 5.498789181529893540e+05 -1.518731784722977609e+05 -5.486987649354063615e+04 -4.463577662814834184e+03 1.400353305342185195e+05 7.552014735259748704e+04 2.792396783230750007e+05 2.747898200792256830e+04 -1.717658872194614261e+06 -6.329838215232004877e+05 6.082420152907765441e+04 -3.595715395541638718e+05 1.176332413794224121e+05 1.141512501467545517e+05 1.479570095662861131e+05 1.213947053944064537e+05 -3.969157071927521611e+04
4.309150923707016627e+05 1.325765534561892564e+05 -9.650392604161772761e+04 -5.332347497080568428e+04 -4.748889023046966759e+04 1.575704877804955322e+04 8.317729698957637083e+03 2.747898200792256830e+04 9.009522967357773450e+04 3.649091966679759789e+05 4.044604394900043553e+04 7.284001972347908304e+04 -9.972429390436974063e+04 -1.533958247843733407e+05 -1.707789512000093819e+05 5.871733410470404488e+04 8.913372640003508423e+04 3.105332755697451648e+04
3.750000666243375093e+07 -1.117807451865649223e+07 -5.232501719318560790e+05 -1.710729392052876297e+06 -1.405476475326516666e+06 -5.188132522649178281e+06 -2.533257536546117626e+06 -1.717658872194614261e+06 3.649091966679759789e+05 2.985369513003221750e+08 5.762945723061579466e+07 2.266937772395430878e+07 -1.025610677641958697e+06 -5.947225929216985591e+06 -1.305728972256030515e+07 -5.886081087296404876e+06 1.155924157394177018e+05 1.515293343389615184e+06
9.737982377579435706e+06 1.790329519972462673e+06 4.687307402529778890e+06 1.791540890875929501e+06 -1.050598780576495221e+06 -2.732253101221331395e+06 -7.532981307276197476e+05 -6.329838215232004877e+05 4.044604394900043553e+04 5.762945723061579466e+07 9.260141998886658251e+07 1.506898807692556642e+07 4.481268027731204405e+06 2.469662042242977768e+06 -2.696610311744142789e+06 -1.352959663928714581e+05 4.978469510148012778e+05 1.452130240903777536e+06
7.562924416886992753e+06 -9.141373214990756242e+05 3.130326350475502200e+06 2.003940259420589311e+06 -4.275963480970053206e+04 1.712394907469012542e+05 3.757338637089741533e+05 6.082420152907765441e+04 7.284001972347908304e+04 2.266937772395430878e+07 1.506898807692556642e+07 2.359598276418479905e+07 5.628294091349890456e+06 4.607944065037739347e+05 1.416833456091613043e+05 1.298736707824322395e+06 3.484950780930179171e+05 4.160412450361800729e+05
8.884182759374323068e+05 -4.366118701317271334e+05 3.162152580781330471e+05 2.226552466876889113e+06 -5.244964975525344926e+04 -2.039128303230696765e+05 6.538796191623118830e+03 -3.595715395541638718e+05 -9.972429390436974063e+04 -1.025610677641958697e+06 4.481268027731204405e+06 5.628294091349890456e+06 1.413013128803735599e+07 1.221370279843285913e+06 6.837628370855845278e+05 3.153656169781181379e+05 4.197949915167114232e+05 1.108781526331639383e+06
-5.522771889126623981e+06 7.518679663523291238e+05 2.914731218455429189e+05 -2.479023836911641774e+04 1.307121828453134658e+05 -1.186412836607124773e+05 7.390294733317456848e+04 1.176332413794224121e+05 -1.533958247843733407e+05 -5.947225929216985591e+06 2.469662042242977768e+06 4.607944065037739347e+05 1.221370279843285913e+06 5.337720949410179630e+06 9.708410656278043753e+05 -1.424780280390406551e+05 -1.092672366975428449e+05 4.090704952343882178e+05
-2.331262604195201304e+06 1.311900521347495727e+06 7.461455238784870598e+05 6.389172439293868374e+05 3.044516684677058365e+05 4.936108527719032136e+05 1.766982379641004954e+05 1.141512501467545517e+05 -1.707789512000093819e+05 -1.305728972256030515e+07 -2.696610311744142789e+06 1.416833456091613043e+05 6.837628370855845278e+05 9.708410656278043753e+05 3.409458948771666735e+06 1.937183581524882175e+05 -3.628189307121605380e+05 -3.562903274634008412e+05
1.179331598820073123e+05 9.857092611554609612e+05 5.345658908054900821e+05 4.701681398662772845e+05 6.905508844086594763e+04 1.699198013754034182e+05 2.000420131740294164e+05 1.479570095662861131e+05 5.871733410470404488e+04 -5.886081087296404876e+06 -1.352959663928714581e+05 1.298736707824322395e+06 3.153656169781181379e+05 -1.424780280390406551e+05 1.937183581524882175e+05 1.855756240780699765e+06 8.380994436054326070e+04 -1.122641407945965475e+05
4.308633030456862762e+05 -1.705709651184517134e+05 -5.534262652084974106e+05 2.129907530630825931e+04 -2.433891408657853608e+05 2.758807914409896330e+04 -4.041330401152410195e+04 1.213947053944064537e+05 8.913372640003508423e+04 1.155924157394177018e+05 4.978469510148012778e+05 3.484950780930179171e+05 4.197949915167114232e+05 -1.092672366975428449e+05 -3.628189307121605380e+05 8.380994436054326070e+04 1.074113503802608233e+06 1.343296325366498495e+05
-6.855537267543601338e+05 1.481317716163091245e+05 7.243888941236525716e+04 1.758529209809455788e+05 -9.294347729826290742e+04 -4.375048158379107917e+04 5.910362202569420333e+04 -3.969157071927521611e+04 3.105332755697451648e+04 1.515293343389615184e+06 1.452130240903777536e+06 4.160412450361800729e+05 1.108781526331639383e+06 4.090704952343882178e+05 -3.562903274634008412e+05 -1.122641407945965475e+05 1.343296325366498495e+05 7.137643831833156291e+05
