# lambda=0.7189962705661647
3.892445416800080240e+07 1.648156297624700936e+06 1.159395809913603589e+06 6.099937812842021231e+05 2.074329038125911902e+05 -9.935284465940692462e+04 -8.878827620774292154e+04 2.674081294580442773e+04 -1.413712680209079117e+05 2.497795699788698927e+06 4.056332381810015533e+06 7.031002500783373835e+05 2.644129770500714658e+05 6.189965507513673510e+05 -1.287472793713814317e+05 -1.782329375499143498e+05 2.631833197123986320e+05 -5.988326400057232968e+04
1.648156297624700936e+06 2.068682291541914269e+07 1.630618055927066132e+06 3.058773095262138522e+05 -5.292327132404585136e+05 -2.072810574183408171e+05 4.774174550307216850e+04 -1.409053526124997879e+05 -3.202754548073799378e+04 -2.359025432272278704e+06 2.206125180463559460e+06 1.634401851837505819e+06 8.313424673948837444e+05 -5.838635921755885938e+05 -1.980996362142282014e+05 6.799430634538349113e+04 -2.420774219548932160e+05 1.390245277620350244e+05
1.159395809913603589e+06 1.630618055927066132e+06 6.650081399350027554e+06 1.683809641081272566e+05 -6.387498160460702820e+03 -1.719227863520372484e+05 -2.435067154526872400e+04 6.560491417659359286e+03 -1.372522610844844166e+04 -1.114795891201465623e+06 -4.345629344333562185e+05 2.025736268693925347e+06 -2.187122756915936188e+05 -2.331167607271356974e+05 1.517415824301726934e+04 1.221061037691131351e+05 4.704561606048744579e+04 1.390140140900189581e+05
6.099937812842021231e+05 3.058773095262138522e+05 1.683809641081272566e+05 1.940287782435107976e+06 -2.266486013659709715e+04 4.576660137531405780e+04 5.706774204831044335e+04 -4.329429458656750649e+04 3.253871986062206634e+04 6.614204434627230512e+05 -5.464007871178338974e+04 2.834386689853590215e+05 7.188559390817171661e+05 -1.380787322104502819e+05 -2.994304420406346253e+04 -1.412300813606326119e+05 3.869003608946600252e+03 4.754231437501065375e+04
2.074329038125911902e+05 -5.292327132404585136e+05 -6.387498160460702820e+03 -2.266486013659709715e+04 1.053080833357334603e+06 4.106470086229753360e+04 2.725776624546200765e+04 4.183939209842671698e+04 1.092295331474127852e+04 -2.219897656957233557e+05 -2.173619961845549697e+05 -7.981685799241336645e+04 -2.591639469434451312e+05 2.703225148540065275e+05 1.116350820410808228e+05 1.113937232817491022e+05 1.438249828186983905e+04 1.031306318652777736e+04
-9.935284465940692462e+04 -2.072810574183408171e+05 -1.719227863520372484e+05 4.576660137531405780e+04 4.106470086229753360e+04 3.697342402097408194e+05 3.955591741389485105e+04 -9.772150241342094887e+03 2.571480997783900762e+02 9.906633442333769053e+05 2.533761728265602142e+05 -2.963264321259847493e+05 2.435614537500273436e+05 1.128877730536437048e+04 1.269882674322871389e+04 2.479927107191336472e+04 -1.019316312365562044e+04 1.525656992193790393e+04
-8.878827620774292154e+04 4.774174550307216850e+04 -2.435067154526872400e+04 5.706774204831044335e+04 2.725776624546200765e+04 3.955591741389485105e+04 4.325197288757096394e+05 2.603333092285475868e+04 1.083393308644544959e+04 4.750502520756804734e+05 -7.956507191849169612e+04 -3.946181018086217809e+05 2.987952231763768941e+04 6.464311961080123001e+04 -3.306790440532936191e+04 5.184986144291819801e+04 4.826711238133482402e+04 1.147434616791521512e+04
2.674081294580442773e+04 -1.409053526124997879e+05 6.560491417659359286e+03 -4.329429458656750649e+04 4.183939209842671698e+04 -9.772150241342094887e+03 2.603333092285475868e+04 1.851235654001910007e+05 1.352961385580867500e+04 1.564522757611957204e+05 6.987684709156453027e+04 -8.220393710165355878e+04 -1.999648315833446977e+05 1.156516732421773631e+05 7.106172990976107030e+03 2.252896491412374235e+04 6.640468760762098827e+04 -2.206024669868706405e+04
-1.413712680209079117e+05 -3.202754548073799378e+04 -1.372522610844844166e+04 3.253871986062206634e+04 1.092295331474127852e+04 2.571480997783900762e+02 1.083393308644544959e+04 1.352961385580867500e+04 1.379771552222173777e+05 1.203600382946450409e+05 6.753502593664394453e+02 1.657379996783002571e+05 1.947797175418466850e+03 2.385643161566871277e+04 -5.058100030625562795e+04 -1.062003443572855213e+04 9.147755812790641357e+03 3.607700668106502235e+03
2.497795699788698927e+06 -2.359025432272278704e+06 -1.114795891201465623e+06 6.614204434627230512e+05 -2.219897656957233557e+05 9.906633442333769053e+05 4.750502520756804734e+05 1.564522757611957204e+05 1.203600382946450409e+05 1.086384777682126760e+08 8.370457957568244077e+06 7.829987672198776854e+05 1.993840056038267212e+06 5.921656112024988979e+05 3.367566578255395143e+04 2.622625809844030300e+05 8.774529032417041017e+05 1.480376282815396553e+04
4.056332381810015533e+06 2.206125180463559460e+06 -4.345629344333562185e+05 -5.464007871178338974e+04 -2.173619961845549697e+05 2.533761728265602142e+05 -7.956507191849169612e+04 6.987684709156453027e+04 6.753502593664394453e+02 8.370457957568244077e+06 4.708565247679878026e+07 1.843223067662714166e+05 2.838548587043735897e+05 3.011375412492351606e+05 6.102937919567622157e+04 2.200090276814516983e+05 6.438947911006672803e+04 -1.310642032213788043e+05
7.031002500783373835e+05 1.634401851837505819e+06 2.025736268693925347e+06 2.834386689853590215e+05 -7.981685799241336645e+04 -2.963264321259847493e+05 -3.946181018086217809e+05 -8.220393710165355878e+04 1.657379996783002571e+05 7.829987672198776854e+05 1.843223067662714166e+05 3.641774567182882875e+07 -4.657735991576920060e+04 1.267729041735499322e+03 -3.512393700756883482e+05 -2.480199127278625674e+05 4.727700146335022146e+04 2.804986226154100732e+05
2.644129770500714658e+05 8.313424673948837444e+05 -2.187122756915936188e+05 7.188559390817171661e+05 -2.591639469434451312e+05 2.435614537500273436e+05 2.987952231763768941e+04 -1.999648315833446977e+05 1.947797175418466850e+03 1.993840056038267212e+06 2.838548587043735897e+05 -4.657735991576920060e+04 1.158298959262465313e+07 -2.617549824458562653e+05 -1.086860376332421038e+04 -3.456124006457781798e+04 -2.190746171247610619e+04 1.047721168813090771e+05
6.189965507513673510e+05 -5.838635921755885938e+05 -2.331167607271356974e+05 -1.380787322104502819e+05 2.703225148540065275e+05 1.128877730536437048e+04 6.464311961080123001e+04 1.156516732421773631e+05 2.385643161566871277e+04 5.921656112024988979e+05 3.011375412492351606e+05 1.267729041735499322e+03 -2.617549824458562653e+05 5.117793046978085302e+06 -1.486103849546285346e+05 2.284675184792126238e+05 2.299881870269170613e+05 -1.290165360130534682e+05
-1.287472793713814317e+05 -1.980996362142282014e+05 1.517415824301726934e+04 -2.994304420406346253e+04 1.116350820410808228e+05 1.269882674322871389e+04 -3.306790440532936191e+04 7.106172990976107030e+03 -5.058100030625562795e+04 3.367566578255395143e+04 6.102937919567622157e+04 -3.512393700756883482e+05 -1.086860376332421038e+04 -1.486103849546285346e+05 1.866971971359262709e+06 1.701284074332693708e+05 -1.568765912777220183e+04 -3.069518080199990436e+04
-1.782329375499143498e+05 6.799430634538349113e+04 1.221061037691131351e+05 -1.412300813606326119e+05 1.113937232817491022e+05 2.479927107191336472e+04 5.184986144291819801e+04 2.252896491412374235e+04 -1.062003443572855213e+04 2.622625809844030300e+05 2.200090276814516983e+05 -2.480199127278625674e+05 -3.456124006457781798e+04 2.284675184792126238e+05 1.701284074332693708e+05 1.686286276238521095e+06 -1.607301732636855195e+04 -5.417553281179042824e+04
2.631833197123986320e+05 -2.420774219548932160e+05 4.704561606048744579e+04 3.869003608946600252e+03 1.438249828186983905e+04 -1.019316312365562044e+04 4.826711238133482402e+04 6.640468760762098827e+04 9.147755812790641357e+03 8.774529032417041017e+05 6.438947911006672803e+04 4.727700146335022146e+04 -2.190746171247610619e+04 2.299881870269170613e+05 -1.568765912777220183e+04 -1.607301732636855195e+04 1.143071647661203751e+06 2.496997133423648847e+04
-5.988326400057232968e+04 1.390245277620350244e+05 1.390140140900189581e+05 4.754231437501065375e+04 1.031306318652777736e+04 1.525656992193790393e+04 1.147434616791521512e+04 -2.206024669868706405e+04 3.607700668106502235e+03 1.480376282815396553e+04 -1.310642032213788043e+05 2.804986226154100732e+05 1.047721168813090771e+05 -1.290165360130534682e+05 -3.069518080199990436e+04 -5.417553281179042824e+04 2.496997133423648847e+04 4.170076004853841150e+05
