# lambda=0.5222815976073126
7.128287965311457217e+07 7.415047536567706615e+06 7.899594350122147007e+05 1.723476433734603226e+06 6.380642470017108135e+05 -6.489087277734196978e+05 1.442565642598853738e+05 -2.104424091397134762e+05 1.250179383069414907e+05 1.827873160652412800e+06 1.319436169148672372e+07 -9.255284088794093113e+05 3.851301178835687460e+05 -3.556002008112799376e+05 -2.330428296546435915e+06 4.228870166056425660e+05 3.456790949691422284e+05 -3.640755617307007778e+05
7.415047536567706615e+06 1.719453549834001437e+07 1.320017537001214456e+06 8.499031945790784666e+05 1.065672530657264404e+06 4.600203099056050269e+04 3.678520933776327292e+05 1.007157574866097420e+05 1.483178223087925289e+05 -2.257737677462904248e+06 9.840209783791098744e+06 2.285329237044449896e+06 1.291116155693752924e+06 6.948989550333393272e+05 2.142392924843438959e+05 1.149625516197815770e+06 6.319929054315106478e+05 -1.581908501178407168e+05
7.899594350122147007e+05 1.320017537001214456e+06 3.549659761979328934e+06 2.957703191699741292e+05 5.349726910297188442e+05 1.923840200122377064e+04 2.800713980033417465e+05 -8.470015623108236468e+04 1.660803102864102129e+03 1.371955988203109155e+04 4.034019574628954288e+06 1.559818432237637229e+06 1.080219780211402336e+06 5.182826344195473357e+05 3.319694667048617848e+05 3.417223374679888366e+05 3.434430052370096673e+05 8.686336226585415716e+04
1.723476433734603226e+06 8.499031945790784666e+05 2.957703191699741292e+05 1.967231956756884465e+06 3.047013466129134176e+05 4.359389112804679826e+03 9.624373636664439982e+04 -8.255285174875373195e+04 -5.964284578591495119e+03 -1.692981224426757544e+06 1.857929026225043694e+06 5.119469512341631926e+05 -1.015439886044956365e+05 3.660322204984563286e+05 9.565184164631582462e+03 3.155069615461671492e+05 1.162925494687809696e+05 1.076532947652562725e+05
6.380642470017108135e+05 1.065672530657264404e+06 5.349726910297188442e+05 3.047013466129134176e+05 1.338495655756548280e+06 5.668303589202667354e+03 4.973738551747062593e+04 -4.050379052681486792e+04 -4.365517929476488644e+04 3.884772879889140604e+05 1.265088171210390050e+06 -2.648170007442017668e+05 5.935486573438631603e+05 5.930696272210526513e+05 -1.787803199102872532e+04 1.212371479097061820e+05 -4.605909967375640554e+04 -4.339232489650509524e+04
-6.489087277734196978e+05 4.600203099056050269e+04 1.923840200122377064e+04 4.359389112804679826e+03 5.668303589202667354e+03 2.794278240279477905e+05 -1.203955038885329668e+04 4.785977860035925914e+03 1.905890300278512314e+03 3.594685441183355288e+05 -1.132763847800824326e+06 2.724708899690386606e+05 9.806238121933986258e+04 3.620721721896118834e+04 3.248038380957382615e+05 8.043323965535515163e+04 3.908924293820119783e+04 -3.009387442286816076e+04
1.442565642598853738e+05 3.678520933776327292e+05 2.800713980033417465e+05 9.624373636664439982e+04 4.973738551747062593e+04 -1.203955038885329668e+04 4.929713248363656458e+05 2.284445836750572198e+04 1.812984176297027079e+04 -1.423255820646270411e+06 1.398937944714706857e+06 4.765481460600353312e+05 -1.859233771360889950e+05 -4.342817477110551408e+04 1.676008423503575905e+05 1.938175831365063204e+05 1.455018691391823231e+05 3.344217104763322277e+04
-2.104424091397134762e+05 1.007157574866097420e+05 -8.470015623108236468e+04 -8.255285174875373195e+04 -4.050379052681486792e+04 4.785977860035925914e+03 2.284445836750572198e+04 1.883034900004289811e+05 2.728829707131382020e+04 -1.718293784571334021e+06 -4.177155781244595419e+05 5.359228445972100599e+04 2.228759588869927393e+04 4.217640027958161227e+04 6.714853216537705157e+04 3.634754899623827077e+04 5.084244301158523740e+04 -2.258595696015076464e+04
1.250179383069414907e+05 1.483178223087925289e+05 1.660803102864102129e+03 -5.964284578591495119e+03 -4.365517929476488644e+04 1.905890300278512314e+03 1.812984176297027079e+04 2.728829707131382020e+04 1.431781334043366078e+05 3.253163607791070244e+05 8.526837048806260573e+05 1.523985602872070740e+05 8.815358406481609563e+04 -1.884411704738569097e+05 -3.702034207183971739e+04 -2.605145678181195035e+04 7.551434510313201463e+04 4.030241040594022343e+04
1.827873160652412800e+06 -2.257737677462904248e+06 1.371955988203109155e+04 -1.692981224426757544e+06 3.884772879889140604e+05 3.594685441183355288e+05 -1.423255820646270411e+06 -1.718293784571334021e+06 3.253163607791070244e+05 3.314004342715775967e+08 3.242887321989801899e+07 4.666347642154887319e+06 5.543655837850682437e+06 -6.015519366377966478e+06 -3.503376626506462228e+06 -1.247247445450488944e+06 -8.771030913147509564e+05 3.832881009503029636e+05
1.319436169148672372e+07 9.840209783791098744e+06 4.034019574628954288e+06 1.857929026225043694e+06 1.265088171210390050e+06 -1.132763847800824326e+06 1.398937944714706857e+06 -4.177155781244595419e+05 8.526837048806260573e+05 3.242887321989801899e+07 1.504874961849808693e+08 9.202380016137430444e+06 2.210196710547823925e+06 -2.266800031050502788e+06 -3.289676262457909994e+06 1.075497323122090893e+06 2.052926686556128319e+06 7.514407951914480655e+05
-9.255284088794093113e+05 2.285329237044449896e+06 1.559818432237637229e+06 5.119469512341631926e+05 -2.648170007442017668e+05 2.724708899690386606e+05 4.765481460600353312e+05 5.359228445972100599e+04 1.523985602872070740e+05 4.666347642154887319e+06 9.202380016137430444e+06 3.623847727022013813e+07 1.857449222509624902e+06 4.005120805259135086e+05 1.271263262684592279e+06 1.314002268203983316e+06 1.979130708451974497e+05 -2.786281175034249318e+05
3.851301178835687460e+05 1.291116155693752924e+06 1.080219780211402336e+06 -1.015439886044956365e+05 5.935486573438631603e+05 9.806238121933986258e+04 -1.859233771360889950e+05 2.228759588869927393e+04 8.815358406481609563e+04 5.543655837850682437e+06 2.210196710547823925e+06 1.857449222509624902e+06 9.105717225263655186e+06 3.886076590712444158e+05 -2.593393074799465830e+05 3.847819241967151902e+04 -2.670632241469513974e+04 -2.253001357296213682e+05
-3.556002008112799376e+05 6.948989550333393272e+05 5.182826344195473357e+05 3.660322204984563286e+05 5.930696272210526513e+05 3.620721721896118834e+04 -4.342817477110551408e+04 4.217640027958161227e+04 -1.884411704738569097e+05 -6.015519366377966478e+06 -2.266800031050502788e+06 4.005120805259135086e+05 3.886076590712444158e+05 4.920433049584303983e+06 5.276210872457871446e+05 3.682846599652614095e+05 6.305441308091069368e+04 -3.157891945414357469e+05
-2.330428296546435915e+06 2.142392924843438959e+05 3.319694667048617848e+05 9.565184164631582462e+03 -1.787803199102872532e+04 3.248038380957382615e+05 1.676008423503575905e+05 6.714853216537705157e+04 -3.702034207183971739e+04 -3.503376626506462228e+06 -3.289676262457909994e+06 1.271263262684592279e+06 -2.593393074799465830e+05 5.276210872457871446e+05 3.627559356946725398e+06 3.332909452839994919e+05 3.103659744306370849e+05 -5.204345731673454429e+04
4.228870166056425660e+05 1.149625516197815770e+06 3.417223374679888366e+05 3.155069615461671492e+05 1.212371479097061820e+05 8.043323965535515163e+04 1.938175831365063204e+05 3.634754899623827077e+04 -2.605145678181195035e+04 -1.247247445450488944e+06 1.075497323122090893e+06 1.314002268203983316e+06 3.847819241967151902e+04 3.682846599652614095e+05 3.332909452839994919e+05 2.292968944025172852e+06 3.786318410309168394e+05 1.209856663196397421e+05
3.456790949691422284e+05 6.319929054315106478e+05 3.434430052370096673e+05 1.162925494687809696e+05 -4.605909967375640554e+04 3.908924293820119783e+04 1.455018691391823231e+05 5.084244301158523740e+04 7.551434510313201463e+04 -8.771030913147509564e+05 2.052926686556128319e+06 1.979130708451974497e+05 -2.670632241469513974e+04 6.305441308091069368e+04 3.103659744306370849e+05 3.786318410309168394e+05 1.193962232075243490e+06 9.204708748343636398e+04
-3.640755617307007778e+05 -1.581908501178407168e+05 8.686336226585415716e+04 1.076532947652562725e+05 -4.339232489650509524e+04 -3.009387442286816076e+04 3.344217104763322277e+04 -2.258595696015076464e+04 4.030241040594022343e+04 3.832881009503029636e+05 7.514407951914480655e+05 -2.786281175034249318e+05 -2.253001357296213682e+05 -3.157891945414357469e+05 -5.204345731673454429e+04 1.209856663196397421e+05 9.204708748343636398e+04 6.375965104683071841e+05
