# lambda=0.7149729125403488
5.198199878058070689e+07 1.661279490447322605e+06 -5.350608020047276514e+05 9.375858897902158787e+05 1.971052757286382257e+05 3.768500154213452479e+05 8.789034636388640502e+04 -2.701816214761642041e+05 1.486654418285679712e+05 6.877065029239188880e+06 4.671354631350709125e+06 -3.853115768309071194e+06 -3.172057474113016855e+06 -6.145562249489352107e+05 1.193964088397761341e+06 3.353373962167843129e+05 -2.675044272030484863e+05 -2.239783199982146325e+05
1.661279490447322605e+06 1.797248311152867973e+07 5.571195128868730972e+05 7.440028209412345896e+05 5.926446445240507601e+05 -2.816739294467052096e+05 -1.345376489045512863e+05 -5.596058349136249308e+04 1.194140939214796672e+05 -7.019401441320162849e+04 3.985672370282272808e+06 -3.814893215703194728e+05 -3.148567478935707477e+05 5.631259790212283842e+05 1.246379628706572112e+05 -2.475568659070775029e+05 -9.776669815531984204e+04 1.115190429565558406e+04
-5.350608020047276514e+05 5.571195128868730972e+05 4.941795833155406639e+06 3.975240995243134093e+05 5.850740729539622407e+04 -9.890894170254885103e+04 -1.166756355885232188e+05 6.105803929377463646e+04 2.899690753808101726e+04 4.828747488504403736e+05 1.773313161388764856e+06 2.161519754138800316e+06 2.641612421575517510e+05 4.510322669710019254e+05 7.688603838159967563e+04 -8.525954114970807495e+03 -3.129552134991722414e+04 -1.363388028788927186e+05
9.375858897902158787e+05 7.440028209412345896e+05 3.975240995243134093e+05 2.674205722867101897e+06 2.438431688854089880e+05 -9.280880139148379385e+04 -3.958309479833131627e+04 -3.456614547889000823e+04 -7.247763225420757408e+03 3.380777083919651341e+05 1.625800555669479538e+06 1.508992025854533771e+06 4.784572592410261859e+05 4.829686267709313543e+05 1.046602250717229617e+05 3.852139561352095188e+04 -3.487994046472785703e+04 1.033127948021201337e+04
1.971052757286382257e+05 5.926446445240507601e+05 5.850740729539622407e+04 2.438431688854089880e+05 1.805855449583782814e+06 1.101129179860972545e+04 -2.441718018619982467e+04 9.061551811223027642e+01 -1.166126466708295811e+04 3.488334706865725457e+05 8.868824750095844502e+05 4.267167259491916629e+05 2.606951899937921553e+05 4.463774584369455115e+05 3.871953769050237042e+03 -5.240830993627949647e+04 -3.839706623825142742e+04 -1.321407069755341763e+04
3.768500154213452479e+05 -2.816739294467052096e+05 -9.890894170254885103e+04 -9.280880139148379385e+04 1.101129179860972545e+04 7.134797708773999475e+05 1.273692581111210711e+04 -6.918598447537540778e+03 1.115871316251445933e+04 -1.125421051285342692e+05 4.529095274944092380e+05 -3.592791133496558177e+05 -3.415591288834060542e+05 -7.291474402774132614e+04 1.180294611278545490e+05 7.995738692641558009e+04 4.207445862299466535e+04 -2.284434147161018700e+04
8.789034636388640502e+04 -1.345376489045512863e+05 -1.166756355885232188e+05 -3.958309479833131627e+04 -2.441718018619982467e+04 1.273692581111210711e+04 4.057124147438485525e+05 2.020310665447603969e+04 -9.127960815128692047e+03 5.111034584520268836e+05 8.944635610566810647e+04 -2.931673630774643971e+05 -4.907918314586696215e+04 -1.510574574900527950e+05 3.195531733149242064e+04 -3.859376240631572728e+03 -3.256529422217190222e+04 -3.437905893235906115e+04
-2.701816214761642041e+05 -5.596058349136249308e+04 6.105803929377463646e+04 -3.456614547889000823e+04 9.061551811223027642e+01 -6.918598447537540778e+03 2.020310665447603969e+04 1.697369457953620004e+05 5.789290922031583250e+03 1.605999134976981441e+05 -1.604569766372737649e+05 -1.993535240439562040e+04 3.021868076264326373e+04 -2.880811983704391878e+03 -6.161884073548762899e+03 -2.590253293561435203e+04 -1.823247396855437501e+03 -4.964048859833335428e+02
1.486654418285679712e+05 1.194140939214796672e+05 2.899690753808101726e+04 -7.247763225420757408e+03 -1.166126466708295811e+04 1.115871316251445933e+04 -9.127960815128692047e+03 5.789290922031583250e+03 2.140866273811711289e+05 -4.354115266446697060e+05 3.044990930412713788e+05 2.877287802126821043e+04 -1.718616868776274496e+05 -2.612683582282446150e+04 6.190892620645595161e+04 -2.809638764485183492e+04 3.091221777124786968e+03 1.260227964182751748e+04
6.877065029239188880e+06 -7.019401441320162849e+04 4.828747488504403736e+05 3.380777083919651341e+05 3.488334706865725457e+05 -1.125421051285342692e+05 5.111034584520268836e+05 1.605999134976981441e+05 -4.354115266446697060e+05 2.274189565261705518e+08 8.915954669157007709e+06 -4.217976749681731686e+06 -2.617462926486985292e+06 9.693698551837664563e+05 -8.490045955553534441e+05 6.226882911013783887e+05 8.118763973122374155e+05 3.621352688425165834e+05
4.671354631350709125e+06 3.985672370282272808e+06 1.773313161388764856e+06 1.625800555669479538e+06 8.868824750095844502e+05 4.529095274944092380e+05 8.944635610566810647e+04 -1.604569766372737649e+05 3.044990930412713788e+05 8.915954669157007709e+06 1.007702951395313144e+08 6.698816675321024843e+06 -4.509145211744970642e+06 -3.290484125285932096e+05 2.011808901909243432e+05 4.762041888903437648e+05 -6.508062465576268733e+05 4.657107133580712252e+04
-3.853115768309071194e+06 -3.814893215703194728e+05 2.161519754138800316e+06 1.508992025854533771e+06 4.267167259491916629e+05 -3.592791133496558177e+05 -2.931673630774643971e+05 -1.993535240439562040e+04 2.877287802126821043e+04 -4.217976749681731686e+06 6.698816675321024843e+06 6.075678771394070983e+07 2.838790147295357659e+06 2.340729745286299847e+06 6.387861643808435183e+05 5.013618125517814187e+05 -1.300642985391891561e+05 -8.576535743537405506e+04
-3.172057474113016855e+06 -3.148567478935707477e+05 2.641612421575517510e+05 4.784572592410261859e+05 2.606951899937921553e+05 -3.415591288834060542e+05 -4.907918314586696215e+04 3.021868076264326373e+04 -1.718616868776274496e+05 -2.617462926486985292e+06 -4.509145211744970642e+06 2.838790147295357659e+06 1.752181419809901342e+07 1.931596202699978603e+06 -2.857900980951269739e+05 -1.458416823821755497e+04 9.608757223966822494e+04 1.103371081463898736e+05
-6.145562249489352107e+05 5.631259790212283842e+05 4.510322669710019254e+05 4.829686267709313543e+05 4.463774584369455115e+05 -7.291474402774132614e+04 -1.510574574900527950e+05 -2.880811983704391878e+03 -2.612683582282446150e+04 9.693698551837664563e+05 -3.290484125285932096e+05 2.340729745286299847e+06 1.931596202699978603e+06 7.971599548016243614e+06 2.506400183867577289e+05 5.122102012246739469e+04 3.909113451516119530e+05 7.578507128884493432e+04
1.193964088397761341e+06 1.246379628706572112e+05 7.688603838159967563e+04 1.046602250717229617e+05 3.871953769050237042e+03 1.180294611278545490e+05 3.195531733149242064e+04 -6.161884073548762899e+03 6.190892620645595161e+04 -8.490045955553534441e+05 2.011808901909243432e+05 6.387861643808435183e+05 -2.857900980951269739e+05 2.506400183867577289e+05 2.943036712354735471e+06 1.454389783092657453e+05 1.611691098729036457e+05 -3.814316166099128168e+04
3.353373962167843129e+05 -2.475568659070775029e+05 -8.525954114970807495e+03 3.852139561352095188e+04 -5.240830993627949647e+04 7.995738692641558009e+04 -3.859376240631572728e+03 -2.590253293561435203e+04 -2.809638764485183492e+04 6.226882911013783887e+05 4.762041888903437648e+05 5.013618125517814187e+05 -1.458416823821755497e+04 5.122102012246739469e+04 1.454389783092657453e+05 1.456223313332978869e+06 1.261543811722536630e+05 7.527801650750760746e+04
-2.675044272030484863e+05 -9.776669815531984204e+04 -3.129552134991722414e+04 -3.487994046472785703e+04 -3.839706623825142742e+04 4.207445862299466535e+04 -3.256529422217190222e+04 -1.823247396855437501e+03 3.091221777124786968e+03 8.118763973122374155e+05 -6.508062465576268733e+05 -1.300642985391891561e+05 9.608757223966822494e+04 3.909113451516119530e+05 1.611691098729036457e+05 1.261543811722536630e+05 1.191895280105989892e+06 1.043148323808023706e+05
-2.239783199982146325e+05 1.115190429565558406e+04 -1.363388028788927186e+05 1.033127948021201337e+04 -1.321407069755341763e+04 -2.284434147161018700e+04 -3.437905893235906115e+04 -4.964048859833335428e+02 1.260227964182751748e+04 3.621352688425165834e+05 4.657107133580712252e+04 -8.576535743537405506e+04 1.103371081463898736e+05 7.578507128884493432e+04 -3.814316166099128168e+04 7.527801650750760746e+04 1.043148323808023706e+05 7.304923514566267841e+05
