# s_min=1536
5.160919652943783253e+07 4.800458727736839093e+06 -9.846504874065976765e+04 5.310806348513584817e+05 2.293283594574771414e+05 2.043864298045277246e+05 1.608610345320939086e+05 1.204037327653500834e+05 5.237192096257207595e+04 2.039748084388017654e+07 5.393626207443475723e+06 -4.413451462624112028e+05 1.700482222999080841e+04 2.436713572487623314e+05 4.118350967052678607e+04 1.914052932351887575e+05 3.514923704060639720e+05 -1.251047989403061802e+05
4.800458727736839093e+06 1.677690693362357467e+07 1.853829516966752242e+06 3.256971573859254131e+05 2.745489517864166992e+05 1.239621598023837287e+05 6.491423771115764976e+04 1.417453987116880307e+05 5.970893165156280884e+04 4.227463904620735906e+06 1.016272801665487513e+07 1.651068132798299426e+06 5.298416570366267115e+05 2.842647380180153414e+05 4.837412970796009904e+04 1.467714133216450282e+05 3.667163119016912970e+04 3.103320056405734431e+04
-9.846504874065972399e+04 1.853829516966752009e+06 5.312367722993040457e+06 7.832396283467260655e+05 1.899367708726411802e+05 1.137693591490214894e+05 4.403168960963374411e+04 6.377323702909896383e+04 4.286561696317895257e+04 7.523665727123528486e+05 1.141569408747268608e+06 3.320772862484245095e+06 6.180820805978414137e+05 2.234287130655061337e+05 1.681448951302225760e+05 -5.911406770595750277e+04 -6.587896250588763905e+03 5.657575313001667382e+04
5.310806348513584817e+05 3.256971573859254131e+05 7.832396283467260655e+05 2.152024887249980122e+06 2.874695982837713673e+05 8.126253967009192274e+04 4.472752553786547651e+04 3.668682201638374681e+04 4.861870102326323104e+04 -4.852641772420875495e+05 6.359095959573977161e+05 6.684464159551161574e+05 1.185335691784120398e+06 3.761511193811779958e+05 1.019808100006941240e+05 5.340837088567500177e+04 -2.738785426690335225e+04 6.270061283840789838e+04
2.293283594574771414e+05 2.745489517864166410e+05 1.899367708726411802e+05 2.874695982837713673e+05 1.078536812590895919e+06 1.559872776312192727e+05 3.934795622125434602e+04 3.938674628523041611e+04 4.142610231463633681e+04 5.028018006062895874e+05 8.576642265569391020e+04 -8.723524519815865688e+02 1.245512347169803106e+05 6.238955015767320292e+05 1.788781331459549547e+05 3.391617525585035764e+04 2.956412381361339067e+04 1.213796531609897102e+04
2.043864298045277537e+05 1.239621598023837578e+05 1.137693591490214894e+05 8.126253967009192274e+04 1.559872776312192727e+05 5.877712600475721993e+05 8.332602547031280119e+04 3.357973739684996690e+04 2.753673775801249212e+04 -1.073870587616990815e+05 3.813805096737986787e+03 4.473757897186178161e+04 5.256742582843864511e+04 1.135915760043502087e+05 3.178318156465509092e+05 7.125469903902134683e+04 4.685879808756820421e+04 -1.230874752535716397e+02
1.608610345320939377e+05 6.491423771115765703e+04 4.403168960963374411e+04 4.472752553786547651e+04 3.934795622125434602e+04 8.332602547031281574e+04 3.435592261960402247e+05 5.841752177892567124e+04 2.254140951404374573e+04 -2.113894967467459210e+05 -1.173047658670012170e+05 -4.511377523846926488e+04 7.657289615367523220e+04 3.199899900531020830e+04 8.507848349198333744e+04 1.618030319829807850e+05 4.921872680128899810e+04 2.806603327644438832e+04
1.204037327653500834e+05 1.417453987116880307e+05 6.377323702909896383e+04 3.668682201638374681e+04 3.938674628523041611e+04 3.357973739684996690e+04 5.841752177892567124e+04 2.066673896952577634e+05 4.301636200524656306e+04 -8.648605221665343561e+04 -1.563759873319349572e+04 -4.722675968292161269e+04 5.166866405277151898e+03 3.842493979624664644e+04 4.526223993809665990e+04 5.040956328770481923e+04 1.128134314796663821e+05 3.394010182619927946e+04
5.237192096257207595e+04 5.970893165156282339e+04 4.286561696317895257e+04 4.861870102326323831e+04 4.142610231463634409e+04 2.753673775801249212e+04 2.254140951404374573e+04 4.301636200524656306e+04 1.239142579755170591e+05 3.176955643301955570e+04 5.757919626220520877e+04 -1.244361781371823099e+03 3.169196351289157974e+04 5.874105028502586720e+03 2.669955520473948127e+04 3.138200083091353736e+04 3.759029270528440975e+04 6.133679728785585030e+04
2.039748084388017654e+07 4.227463904620736837e+06 7.523665727123527322e+05 -4.852641772420875495e+05 5.028018006062895874e+05 -1.073870587616990815e+05 -2.113894967467459210e+05 -8.648605221665343561e+04 3.176955643301955206e+04 2.432087086514356732e+08 2.384474316537284851e+07 2.317088027305074502e+06 -1.359093141423993511e+05 -7.519254117476658430e+05 2.668277525360234431e+05 3.138972219268760527e+05 -1.546976846826223773e+05 3.585525976278713788e+05
5.393626207443474792e+06 1.016272801665487513e+07 1.141569408747268608e+06 6.359095959573977161e+05 8.576642265569391020e+04 3.813805096737989061e+03 -1.173047658670012024e+05 -1.563759873319349936e+04 5.757919626220520877e+04 2.384474316537284851e+07 7.987427145146805048e+07 8.547281739808199927e+06 1.061172432866714895e+06 5.378043572707750136e+05 -6.245297680139081058e+04 3.790407117008296773e+05 2.084563811667456685e+04 4.279629784237731365e+05
-4.413451462624112028e+05 1.651068132798298961e+06 3.320772862484245095e+06 6.684464159551161574e+05 -8.723524519815854319e+02 4.473757897186178161e+04 -4.511377523846926488e+04 -4.722675968292161269e+04 -1.244361781371823099e+03 2.317088027305074967e+06 8.547281739808199927e+06 2.977993664067802951e+07 3.232805667406573426e+06 4.383286505667926976e+05 1.990488064489841636e+05 1.379674608259724628e+05 6.827552801144866680e+04 2.367531139685930684e+05
1.700482222999081932e+04 5.298416570366267115e+05 6.180820805978414137e+05 1.185335691784120630e+06 1.245512347169803252e+05 5.256742582843864511e+04 7.657289615367523220e+04 5.166866405277152808e+03 3.169196351289157610e+04 -1.359093141423993511e+05 1.061172432866714895e+06 3.232805667406573426e+06 1.196471875160763972e+07 1.843257826837023720e+06 1.853989394175945490e+05 2.437536981167059275e+05 2.388074074597707368e+05 4.447816189298348036e+05
2.436713572487623605e+05 2.842647380180153414e+05 2.234287130655061337e+05 3.761511193811779958e+05 6.238955015767321456e+05 1.135915760043501941e+05 3.199899900531021194e+04 3.842493979624664644e+04 5.874105028502586720e+03 -7.519254117476658430e+05 5.378043572707751300e+05 4.383286505667928141e+05 1.843257826837023487e+06 5.643337390376568772e+06 8.537032669463446364e+05 3.034632573144240305e+05 1.700397843977888406e+05 1.133974787700089073e+05
4.118350967052678607e+04 4.837412970796009176e+04 1.681448951302225760e+05 1.019808100006941240e+05 1.788781331459549547e+05 3.178318156465509092e+05 8.507848349198333744e+04 4.526223993809665990e+04 2.669955520473948854e+04 2.668277525360234431e+05 -6.245297680139083241e+04 1.990488064489841927e+05 1.853989394175945199e+05 8.537032669463446364e+05 3.191693069275156129e+06 5.081432820192484651e+05 1.302671532469584054e+05 6.985329507324782026e+04
1.914052932351887575e+05 1.467714133216450282e+05 -5.911406770595750277e+04 5.340837088567500177e+04 3.391617525585035764e+04 7.125469903902134683e+04 1.618030319829807559e+05 5.040956328770481923e+04 3.138200083091353736e+04 3.138972219268760527e+05 3.790407117008297355e+05 1.379674608259724628e+05 2.437536981167059566e+05 3.034632573144240305e+05 5.081432820192484651e+05 1.922172526556685101e+06 3.340884159618462436e+05 7.165557663794793189e+04
3.514923704060639720e+05 3.667163119016915152e+04 -6.587896250588766634e+03 -2.738785426690335225e+04 2.956412381361339794e+04 4.685879808756819693e+04 4.921872680128899083e+04 1.128134314796663675e+05 3.759029270528440975e+04 -1.546976846826223773e+05 2.084563811667456685e+04 6.827552801144866680e+04 2.388074074597706785e+05 1.700397843977888406e+05 1.302671532469584199e+05 3.340884159618461854e+05 1.099778376721485984e+06 2.101613809416994627e+05
-1.251047989403061656e+05 3.103320056405734067e+04 5.657575313001666655e+04 6.270061283840789838e+04 1.213796531609897647e+04 -1.230874752535716539e+02 2.806603327644438832e+04 3.394010182619927946e+04 6.133679728785585030e+04 3.585525976278713788e+05 4.279629784237731365e+05 2.367531139685930393e+05 4.447816189298348036e+05 1.133974787700089073e+05 6.985329507324780570e+04 7.165557663794793189e+04 2.101613809416994918e+05 6.935244470732562477e+05
