# s_min=24
5.342186784766676277e+07 2.185323453708066139e+06 -4.060470465351491701e+06 1.876485127843581606e+06 8.883273382443236187e+05 9.073469057969891001e+05 -1.678412036211912520e+06 -1.300053548057536595e+06 -3.341574456633278751e+05 4.738645056248079985e+07 9.821027182814141735e+06 -2.230183142673676834e+06 4.079687038062526844e+05 4.054393993767338805e+06 5.375803497828306863e+05 1.852203035576409427e+06 -3.862461691664625541e+05 -8.044267701981980354e+05
2.185323453708066139e+06 2.414724373405606300e+07 1.330862993841614341e+06 -6.082542505287040258e+05 1.424274974280148745e+06 -5.175693951007004944e+05 -2.929672653421603609e+05 -5.380955717097665183e+05 -2.472478856993918016e+05 1.071998663350936212e+07 4.430275454550731927e+06 -3.054751148513536318e+05 1.459873494999984046e+06 -5.530770757193032186e+05 -1.667952685518690851e+06 1.262267104585514870e+06 -7.416173452988025965e+05 -1.516096156096008839e+06
-4.060470465351491701e+06 1.330862993841614341e+06 7.988556148774347268e+06 6.685680990207051218e+04 3.226726598049708409e+05 -3.565144095764095546e+05 3.510625422021006234e+05 8.554606062325829407e+04 -7.689327683910592168e+04 7.347703612238070928e+06 -5.694302216548799537e+06 2.259346567506223917e+06 9.227897052433334466e+04 -9.139119444403417874e+05 5.573695051847043214e+05 3.012936605063111347e+04 -7.527808703946879832e+05 -4.576844981834769715e+05
1.876485127843581373e+06 -6.082542505287040258e+05 6.685680990207052673e+04 4.201892117859226651e+06 2.838914421597817563e+05 3.452398823512080708e+05 -3.975533416917466093e+05 -2.989959324012571597e+05 -1.652619783409834490e+05 1.155445855284209829e+06 -6.986871796526069520e+05 1.244733093970091082e+06 1.438171989096633159e+06 1.121557045451119542e+06 -6.230880154784662882e+05 2.086836627501884068e+05 -5.670476405087824678e+05 -1.011184065346098068e+05
8.883273382443236187e+05 1.424274974280148745e+06 3.226726598049707827e+05 2.838914421597816981e+05 2.295128640328848269e+06 1.274425845293037564e+05 9.451021003249278874e+04 -7.526010218494253058e+04 1.224305727886140230e+05 5.460189447573811747e+06 -1.242409365696169436e+06 -3.990401983279739507e+05 -3.791281058635006048e+04 -1.841722745277943031e+05 -3.768483340303873993e+05 -2.348334954166567477e+05 -1.861629499137803505e+05 -2.057006046555615103e+04
9.073469057969891001e+05 -5.175693951007004944e+05 -3.565144095764096128e+05 3.452398823512080708e+05 1.274425845293037564e+05 1.599272881876632106e+06 6.195446447942516534e+04 1.437165594573489798e+05 7.234336076246255834e+04 4.368037874147552997e+06 1.689000078421119601e+06 5.930249774511805736e+05 -4.045886269511791761e+05 -9.763020056705729803e+05 6.562968257833768148e+05 -9.623364277736438089e+04 2.437363786849914322e+04 1.716166250523062263e+04
-1.678412036211912520e+06 -2.929672653421603609e+05 3.510625422021006234e+05 -3.975533416917465511e+05 9.451021003249280329e+04 6.195446447942519444e+04 1.152691301223027520e+06 3.258112933840515907e+05 -6.865830089522436901e+04 -1.572507573566820472e+06 -9.468391285883547971e+05 -4.645897084112559241e+04 -1.569969912747806811e+05 -3.545284953621820896e+05 -2.866087087456000518e+04 7.466381974394817371e+04 1.187402998465582205e+05 1.741093821377306303e+05
-1.300053548057536595e+06 -5.380955717097665183e+05 8.554606062325827952e+04 -2.989959324012571597e+05 -7.526010218494251603e+04 1.437165594573489798e+05 3.258112933840515325e+05 7.752728849564396078e+05 1.249426455111272808e+05 -3.430785498080747668e+06 -3.789418033956541913e+05 -2.943741543848161236e+05 2.042595848866667438e+04 -2.771580791480441112e+05 -2.603824334794092283e+05 -3.691502867849783506e+05 1.871528920595321979e+05 1.888464280308307789e+05
-3.341574456633278169e+05 -2.472478856993918016e+05 -7.689327683910592168e+04 -1.652619783409834781e+05 1.224305727886139648e+05 7.234336076246255834e+04 -6.865830089522433991e+04 1.249426455111272808e+05 5.531269273791807937e+05 6.517658570094307652e+05 6.739099161139485659e+05 -4.342738825029503787e+05 -1.192268485123379069e+05 -2.162616255907951272e+05 1.053531115486878261e+05 -1.554928253004320868e+04 5.152318069936106331e+05 3.975544271457532886e+04
4.738645056248079985e+07 1.071998663350936212e+07 7.347703612238070928e+06 1.155445855284209596e+06 5.460189447573812678e+06 4.368037874147552997e+06 -1.572507573566820472e+06 -3.430785498080747668e+06 6.517658570094307652e+05 2.801171671940895319e+08 4.385931112672756612e+07 5.174399380679409951e+05 -2.745781215065306053e+06 2.278722694229821500e+05 6.924361071081168018e+06 9.438098091372000054e+06 1.124842356064714259e+06 -9.630765551423515717e+04
9.821027182814143598e+06 4.430275454550731927e+06 -5.694302216548799537e+06 -6.986871796526069520e+05 -1.242409365696169436e+06 1.689000078421119601e+06 -9.468391285883547971e+05 -3.789418033956541913e+05 6.739099161139485659e+05 4.385931112672756612e+07 6.766809675658056140e+07 -8.708463636278474703e+06 2.955646126422007103e+06 6.447686941748810932e+05 6.848328754629730247e+05 3.185641594352190848e+06 1.603970303881286411e+06 -1.325295467536573706e+05
-2.230183142673676368e+06 -3.054751148513534572e+05 2.259346567506223917e+06 1.244733093970091082e+06 -3.990401983279738924e+05 5.930249774511804571e+05 -4.645897084112559241e+04 -2.943741543848161236e+05 -4.342738825029503787e+05 5.174399380679409951e+05 -8.708463636278472841e+06 3.552721486070778966e+07 3.523940289759884588e+06 5.376329542345415102e+05 -9.003787069558539661e+05 3.206156111341133364e+05 2.016493593401979189e+06 -1.660165043446986529e+05
4.079687038062525680e+05 1.459873494999984279e+06 9.227897052433330100e+04 1.438171989096633159e+06 -3.791281058635005320e+04 -4.045886269511792343e+05 -1.569969912747806811e+05 2.042595848866666711e+04 -1.192268485123379360e+05 -2.745781215065306053e+06 2.955646126422007103e+06 3.523940289759885520e+06 1.334160004624061845e+07 4.540815453699178994e+06 -1.344962052026995691e+06 8.116165768842163961e+05 3.416482333264441695e+05 8.389362059333638754e+05
4.054393993767338805e+06 -5.530770757193032186e+05 -9.139119444403417874e+05 1.121557045451119542e+06 -1.841722745277943031e+05 -9.763020056705727475e+05 -3.545284953621820896e+05 -2.771580791480441112e+05 -2.162616255907951272e+05 2.278722694229821209e+05 6.447686941748812096e+05 5.376329542345417431e+05 4.540815453699178994e+06 6.851773645048206672e+06 2.808316616529666935e+05 5.471050612729545683e+05 -2.936303129188118619e+05 5.208517576804173586e+04
5.375803497828308027e+05 -1.667952685518690851e+06 5.573695051847043214e+05 -6.230880154784662882e+05 -3.768483340303873993e+05 6.562968257833768148e+05 -2.866087087456000882e+04 -2.603824334794092283e+05 1.053531115486878261e+05 6.924361071081168018e+06 6.848328754629730247e+05 -9.003787069558539661e+05 -1.344962052026995691e+06 2.808316616529666935e+05 5.782233729466148652e+06 4.593459926097799907e+05 4.305074180943158572e+05 3.246583105270619271e+05
1.852203035576409427e+06 1.262267104585514870e+06 3.012936605063114257e+04 2.086836627501884359e+05 -2.348334954166567477e+05 -9.623364277736439544e+04 7.466381974394818826e+04 -3.691502867849783506e+05 -1.554928253004320868e+04 9.438098091372000054e+06 3.185641594352191780e+06 3.206156111341133947e+05 8.116165768842163961e+05 5.471050612729545683e+05 4.593459926097799325e+05 3.382557790182760451e+06 3.570057452305688639e+04 -2.168301435872363509e+05
-3.862461691664624959e+05 -7.416173452988027129e+05 -7.527808703946879832e+05 -5.670476405087824678e+05 -1.861629499137803505e+05 2.437363786849915050e+04 1.187402998465582350e+05 1.871528920595321688e+05 5.152318069936106913e+05 1.124842356064714259e+06 1.603970303881286643e+06 2.016493593401979189e+06 3.416482333264441695e+05 -2.936303129188118619e+05 4.305074180943158572e+05 3.570057452305693005e+04 2.394480374218415469e+06 7.607868114842625801e+04
-8.044267701981980354e+05 -1.516096156096008606e+06 -4.576844981834769715e+05 -1.011184065346097923e+05 -2.057006046555614739e+04 1.716166250523062627e+04 1.741093821377306303e+05 1.888464280308308080e+05 3.975544271457534342e+04 -9.630765551423524448e+04 -1.325295467536573706e+05 -1.660165043446986529e+05 8.389362059333637590e+05 5.208517576804173586e+04 3.246583105270619853e+05 -2.168301435872363509e+05 7.607868114842621435e+04 2.217516088364993688e+06
