# s_min=21
9.709211109298412502e+07 1.500415753952528350e+07 3.616925714921036735e+06 6.021523391604598612e+06 -1.065800019993120572e+06 1.952380888982840814e+06 1.310246610103738261e+06 1.030662389292792766e+06 1.458731712067487533e+05 1.146151496034515649e+07 4.321903113350645639e+06 -1.020767287685829960e+07 -3.430834141349860467e+06 5.582955420755384490e+06 7.301937706505946117e+05 4.476202439872258343e+06 2.293715258718969417e+05 -2.642202304804453626e+06
1.500415753952528536e+07 2.276314012216611207e+07 2.160236499209837057e+06 3.259939400717716780e+05 -6.864521320239966735e+05 8.136105884869982256e+05 -8.091921366769585293e+05 2.691864131749268854e+05 -4.913115254076164565e+05 -3.808549881618623622e+06 1.146933181564060226e+07 1.335497514633831568e+06 -1.178070721817096783e+05 -1.469256299159175018e+06 6.808120575334940804e+05 -6.139926186617715284e+05 8.190620324079334387e+04 -2.312584595068747585e+05
3.616925714921036735e+06 2.160236499209837057e+06 6.431817443592261523e+06 1.658622710774756270e+06 -7.336129736004919687e+04 1.197843094523285836e+05 5.164356947466062411e+04 -1.893394643934700871e+05 2.750548787117964821e+05 3.427118193159516435e+06 5.775120962895500474e+06 1.587435162925957935e+06 2.313026234469389077e+06 -1.946226063146664237e+05 2.592632460280660307e+05 4.880985510128384340e+05 -3.335532263624269399e+05 8.500058308444325812e+05
6.021523391604600474e+06 3.259939400717714452e+05 1.658622710774756270e+06 4.543633384146558121e+06 4.017802709317315021e+05 1.313812993860851275e+05 2.306757453584306932e+05 -1.046029431304388272e+05 -4.476974523811945255e+04 -2.877761658027442172e+06 -3.124780719962988951e+04 4.423881935993043007e+05 2.877329712953094859e+06 3.827243960064120474e+05 8.860101552689477103e+04 4.845097549631168367e+05 -2.715827147651472478e+05 3.358057639804430655e+05
-1.065800019993120572e+06 -6.864521320239967899e+05 -7.336129736004916776e+04 4.017802709317313274e+05 2.275633517066467088e+06 2.449891900571789301e+05 -1.341391031756596640e+05 1.464042906162820327e+04 -8.069189499756810255e+04 9.533647075813375413e+05 -2.558860874800285790e+06 -9.627354550829950022e+05 5.074013920109190512e+05 -5.348331551377484575e+05 2.095108585919977049e+05 5.096075279403884633e+04 -2.116795403651404777e+05 -9.925173726916931628e+03
1.952380888982841047e+06 8.136105884869979927e+05 1.197843094523285545e+05 1.313812993860851566e+05 2.449891900571789884e+05 2.409373974571165629e+06 2.883570310274923686e+05 1.132304816204491653e+05 9.374689819456690748e+04 2.798403095467895735e+06 9.701488289593702648e+05 -9.239249521300585475e+05 -2.542708911422295787e+05 3.958480187386969192e+04 4.213362469659483759e+05 1.744435643399356195e+04 1.498472026694850065e+05 -4.340675140450312028e+04
1.310246610103738261e+06 -8.091921366769586457e+05 5.164356947466060956e+04 2.306757453584307514e+05 -1.341391031756596931e+05 2.883570310274924268e+05 2.209190667749585118e+06 4.168199699075281387e+05 1.535852983687892556e+05 1.716415507140470902e+06 -9.461602242538736900e+05 -2.528155961617089633e+05 1.658249039907203114e+05 1.376459261685579550e+05 2.155746130312640162e+05 2.495316145277706964e+05 5.992810921477445663e+04 1.368572435681569332e+05
1.030662389292792766e+06 2.691864131749268854e+05 -1.893394643934700871e+05 -1.046029431304388272e+05 1.464042906162819963e+04 1.132304816204491362e+05 4.168199699075281387e+05 1.301944547286640387e+06 7.904889743252468179e+04 4.635559004695276963e+04 -7.852891448246922810e+05 -6.037177619437979301e+05 -3.711011496006723610e+05 -8.965384475181261951e+04 5.763713441602396779e+04 3.150812687728385790e+05 1.243998633119412261e+05 -3.411211465198440419e+04
1.458731712067487824e+05 -4.913115254076163983e+05 2.750548787117965403e+05 -4.476974523811945255e+04 -8.069189499756808800e+04 9.374689819456689293e+04 1.535852983687892265e+05 7.904889743252471089e+04 7.011925813776904251e+05 4.447605852228623553e+04 -1.719683823067080812e+05 -3.372045950543645304e+05 -3.068661014543089550e+05 -1.384211577389828017e+04 -1.247582911892334087e+05 1.518396199105239939e+05 9.075565780656371498e+04 -5.170251077605532919e+04
1.146151496034515649e+07 -3.808549881618623156e+06 3.427118193159516435e+06 -2.877761658027442638e+06 9.533647075813375413e+05 2.798403095467896201e+06 1.716415507140470902e+06 4.635559004695276963e+04 4.447605852228623553e+04 1.275277248947415352e+08 2.050880161619333178e+07 2.242094651493390556e+06 -5.890715060865758918e+06 -6.554677557159612887e+06 -3.210191258311613463e+06 -1.298919482271875255e+06 -1.423766263550384436e+06 2.569720206742534938e+05
4.321903113350646570e+06 1.146933181564060226e+07 5.775120962895500474e+06 -3.124780719962992225e+04 -2.558860874800285790e+06 9.701488289593697991e+05 -9.461602242538735736e+05 -7.852891448246922810e+05 -1.719683823067080812e+05 2.050880161619333178e+07 6.600429536656934023e+07 3.976780405044740066e+06 -2.773926802862103097e+06 3.651863227780382615e+06 -1.375844976866863435e+05 -3.488668324535794556e+06 -3.374497506749054417e+06 -5.724777612828965066e+05
-1.020767287685829960e+07 1.335497514633831801e+06 1.587435162925957935e+06 4.423881935993044171e+05 -9.627354550829950022e+05 -9.239249521300585475e+05 -2.528155961617089633e+05 -6.037177619437979301e+05 -3.372045950543645304e+05 2.242094651493390556e+06 3.976780405044740066e+06 2.803089137561452016e+07 6.324707042024536990e+06 4.124586043656264432e+06 1.458204841370562790e+06 1.285904044214922003e+06 1.087367065550738334e+05 1.500007755152587546e+06
-3.430834141349860467e+06 -1.178070721817097074e+05 2.313026234469389543e+06 2.877329712953094859e+06 5.074013920109189930e+05 -2.542708911422296078e+05 1.658249039907203114e+05 -3.711011496006723610e+05 -3.068661014543089550e+05 -5.890715060865758918e+06 -2.773926802862103097e+06 6.324707042024536990e+06 1.679277018697633222e+07 9.447006046647458570e+05 9.308967855304550612e+05 8.736039589718470816e+05 1.548078508086180082e+05 1.394122832255996531e+06
5.582955420755384490e+06 -1.469256299159174785e+06 -1.946226063146664237e+05 3.827243960064120474e+05 -5.348331551377485739e+05 3.958480187386969192e+04 1.376459261685579258e+05 -8.965384475181263406e+04 -1.384211577389828199e+04 -6.554677557159612887e+06 3.651863227780382615e+06 4.124586043656264897e+06 9.447006046647459734e+05 9.058822400308560580e+06 2.688296898639539257e+06 1.065652745635930914e+06 -1.314578906382339192e+05 -1.649019838528374094e+05
7.301937706505944952e+05 6.808120575334940804e+05 2.592632460280660889e+05 8.860101552689477103e+04 2.095108585919977340e+05 4.213362469659484341e+05 2.155746130312640453e+05 5.763713441602398234e+04 -1.247582911892334378e+05 -3.210191258311613463e+06 -1.375844976866863435e+05 1.458204841370562790e+06 9.308967855304548284e+05 2.688296898639539257e+06 4.605633574288126081e+06 -1.429026358486434910e+05 2.224499661389407702e+05 5.476044791330608859e+04
4.476202439872258343e+06 -6.139926186617715284e+05 4.880985510128384922e+05 4.845097549631169531e+05 5.096075279403885361e+04 1.744435643399355831e+04 2.495316145277706964e+05 3.150812687728385790e+05 1.518396199105239939e+05 -1.298919482271875255e+06 -3.488668324535794556e+06 1.285904044214922003e+06 8.736039589718469651e+05 1.065652745635930914e+06 -1.429026358486435201e+05 3.204311561991199385e+06 3.083012935448797652e+05 1.248079587963316590e+05
2.293715258718969999e+05 8.190620324079334387e+04 -3.335532263624269399e+05 -2.715827147651471896e+05 -2.116795403651404777e+05 1.498472026694850065e+05 5.992810921477444936e+04 1.243998633119412407e+05 9.075565780656368588e+04 -1.423766263550384436e+06 -3.374497506749054417e+06 1.087367065550737607e+05 1.548078508086179208e+05 -1.314578906382339192e+05 2.224499661389407702e+05 3.083012935448797652e+05 2.721897210478710476e+06 2.026146767786196724e+05
-2.642202304804453626e+06 -2.312584595068747585e+05 8.500058308444323484e+05 3.358057639804430073e+05 -9.925173726916929809e+03 -4.340675140450312028e+04 1.368572435681569623e+05 -3.411211465198441147e+04 -5.170251077605532191e+04 2.569720206742534356e+05 -5.724777612828966230e+05 1.500007755152587546e+06 1.394122832255996531e+06 -1.649019838528373803e+05 5.476044791330609587e+04 1.248079587963316590e+05 2.026146767786196724e+05 1.909575870124546811e+06
