# s_min=26
1.132519415718020201e+08 1.544112438041851111e+07 2.132935294063957874e+06 6.890187990060296142e+05 2.493486295167833567e+06 -7.914942582372472389e+05 1.834048508294486208e+06 1.211654646706218598e+06 6.965665492921036202e+05 7.415276267533160746e+07 2.718624301978091896e+07 -7.451311590532407165e+06 -1.457180268219159916e+06 1.175258323005972989e+07 3.621940849887179211e+06 2.561062697281825356e+06 8.070337013480768655e+04 5.572880399290597998e+05
1.544112438041851111e+07 3.149105994983997196e+07 6.877909867054329254e+06 1.097864927783538587e+06 -3.923188212027598638e+05 6.291154194675893523e+05 8.536686911110964138e+05 8.842836186832570238e+05 5.426527023350191303e+05 2.116039502978619933e+07 3.059001242561436817e+07 -2.648393941296949633e+05 2.292970182895425241e+06 -4.401558977612754679e+05 -1.341459388479376445e+06 -7.261822423522128956e+05 -3.761568970796308131e+05 2.549703628997131891e+05
2.132935294063957874e+06 6.877909867054329254e+06 8.980662751533763483e+06 5.941185843993014423e+05 6.040087036179726711e+05 -4.704279564315830271e+02 1.897111164668395359e+05 3.548594721993451822e+05 6.782510816776136635e+05 -6.194099539607975632e+06 2.551271879712610971e+05 1.420947217751519056e+06 -1.482977826878966298e+06 8.215456909638761135e+04 7.490241394002895104e+05 -1.844035222199363052e+05 7.726573070474847918e+05 1.359403679616613779e+06
6.890187990060298471e+05 1.097864927783538587e+06 5.941185843993014423e+05 4.195794242693297565e+06 1.027589347707299516e+06 7.784813153325644089e+04 -1.671917649108595797e+05 1.808965659051777620e+05 2.417851221883540566e+05 -1.071313392111047357e+07 -1.064031533607321326e+06 -1.595170035132649820e+06 1.362658601969626267e+06 1.840539906171802431e+05 1.327530069303273689e+06 1.297611019109379500e+06 8.013364924808446085e+05 -1.582773593089016504e+05
2.493486295167833567e+06 -3.923188212027598638e+05 6.040087036179726711e+05 1.027589347707299516e+06 2.383900173501553945e+06 1.877702310327418963e+05 -1.659644289769733150e+05 5.618564195865333022e+04 1.861853360241568589e+05 4.673785538718118332e+06 -2.215632812948484439e+06 -1.898822766917627305e+06 1.000752650855025044e+06 2.582939144491527986e+05 8.238904795172022423e+05 6.866776202521809610e+05 2.476863448218833364e+05 3.397490631768575986e+04
-7.914942582372472389e+05 6.291154194675893523e+05 -4.704279564315949074e+02 7.784813153325645544e+04 1.877702310327418963e+05 1.313393182864620816e+06 2.882748434742496102e+04 1.219939729982789286e+05 4.052669040556583204e+05 -2.412555714490476530e+06 -1.213043674118568422e+06 1.168763704760872934e+05 -2.897535286195525550e+05 -9.083100090642709984e+05 -1.154406109323701385e+05 -6.639852264126169030e+04 -5.872712952519382816e+05 -5.644726941259802552e+05
1.834048508294486441e+06 8.536686911110964138e+05 1.897111164668395359e+05 -1.671917649108595797e+05 -1.659644289769733150e+05 2.882748434742496465e+04 1.038804941038345336e+06 1.229237467292982183e+05 -3.900811709839598188e+04 -1.977664739780147094e+06 -2.264855816062483937e+05 -4.390291600555291516e+05 2.567326875289804593e+05 2.754933342281740624e+05 2.332113618185222149e+05 -5.963201658640159621e+03 1.126275995830552274e+05 -4.124918176738115108e+03
1.211654646706218598e+06 8.842836186832569074e+05 3.548594721993451822e+05 1.808965659051777038e+05 5.618564195865333022e+04 1.219939729982789577e+05 1.229237467292982183e+05 1.183349810880049132e+06 2.057019529412836418e+05 -1.361412663029128220e+06 7.219601100038340082e+05 1.036885920585994143e+06 4.682092053315404337e+05 2.276669609618638933e+05 2.500014636096122849e+05 6.464742087485155789e+05 3.942098259836890502e+05 4.852598150633959449e+05
6.965665492921036202e+05 5.426527023350191303e+05 6.782510816776137799e+05 2.417851221883540275e+05 1.861853360241568298e+05 4.052669040556583204e+05 -3.900811709839598188e+04 2.057019529412836418e+05 5.849095437439985108e+05 -1.430672006229840685e+06 3.952811695542881498e+05 4.894624076701657614e+05 -3.669132142834955594e+05 -2.568776472388081020e+05 3.249554897723034373e+05 2.209987256995611242e+05 -1.351994971706815704e+05 -7.796213928553355800e+03
7.415276267533157766e+07 2.116039502978619933e+07 -6.194099539607977495e+06 -1.071313392111047357e+07 4.673785538718119264e+06 -2.412555714490476530e+06 -1.977664739780147094e+06 -1.361412663029128453e+06 -1.430672006229840685e+06 3.760899358505983949e+08 8.942681402286046743e+07 -1.633834604406053573e+07 -8.976529091854516417e+06 -3.167798437793442514e+06 -1.306171976386501268e+07 -8.160029785138690844e+06 -3.141663730256091338e+06 3.020119349620203953e+06
2.718624301978091896e+07 3.059001242561436817e+07 2.551271879712612135e+05 -1.064031533607321093e+06 -2.215632812948484905e+06 -1.213043674118568655e+06 -2.264855816062484228e+05 7.219601100038340082e+05 3.952811695542881498e+05 8.942681402286046743e+07 1.503978095520970225e+08 2.315347756424224749e+07 8.667830804660484428e+05 -2.052068661712716101e+06 -2.668828604524997529e+06 5.330752820205691271e+06 -1.743854665152034489e+06 -9.739377142837190768e+05
-7.451311590532406233e+06 -2.648393941296948469e+05 1.420947217751518590e+06 -1.595170035132650053e+06 -1.898822766917627305e+06 1.168763704760872788e+05 -4.390291600555291516e+05 1.036885920585994143e+06 4.894624076701657614e+05 -1.633834604406053573e+07 2.315347756424224749e+07 3.437810081143236905e+07 2.157872059953336604e+06 -2.851177747077942826e+06 1.105650599495118717e+06 -5.948883296588420635e+05 3.909067643036743539e+04 2.122274482764218468e+06
-1.457180268219159916e+06 2.292970182895425241e+06 -1.482977826878966298e+06 1.362658601969625801e+06 1.000752650855025044e+06 -2.897535286195526132e+05 2.567326875289805175e+05 4.682092053315404337e+05 -3.669132142834954429e+05 -8.976529091854516417e+06 8.667830804660483263e+05 2.157872059953336604e+06 1.606506505253959075e+07 3.797669409075548407e+06 2.552107968503454700e+06 1.112701093839955283e+06 1.767208896845299518e+06 -7.218228451581312402e+04
1.175258323005972803e+07 -4.401558977612754679e+05 8.215456909638766956e+04 1.840539906171802431e+05 2.582939144491527404e+05 -9.083100090642708819e+05 2.754933342281741207e+05 2.276669609618638933e+05 -2.568776472388080438e+05 -3.167798437793442514e+06 -2.052068661712716334e+06 -2.851177747077942826e+06 3.797669409075548407e+06 1.086385868364362046e+07 1.089115628263933584e+06 1.363982188658538973e+06 5.992912549469318474e+05 8.940552004180575022e+04
3.621940849887180142e+06 -1.341459388479376445e+06 7.490241394002893940e+05 1.327530069303273922e+06 8.238904795172022423e+05 -1.154406109323701385e+05 2.332113618185222149e+05 2.500014636096123431e+05 3.249554897723034373e+05 -1.306171976386501268e+07 -2.668828604524997994e+06 1.105650599495118717e+06 2.552107968503454700e+06 1.089115628263933584e+06 6.450887076385919936e+06 1.762261307317893486e+06 1.272977727578400169e+06 2.363541517083768558e+05
2.561062697281825356e+06 -7.261822423522126628e+05 -1.844035222199363052e+05 1.297611019109379500e+06 6.866776202521809610e+05 -6.639852264126166119e+04 -5.963201658640167807e+03 6.464742087485154625e+05 2.209987256995611242e+05 -8.160029785138690844e+06 5.330752820205691271e+06 -5.948883296588421799e+05 1.112701093839955283e+06 1.363982188658538973e+06 1.762261307317893486e+06 4.636922354095462710e+06 1.153231937584672356e+06 3.579520300863205648e+03
8.070337013480777387e+04 -3.761568970796307549e+05 7.726573070474847918e+05 8.013364924808446085e+05 2.476863448218833364e+05 -5.872712952519382816e+05 1.126275995830552274e+05 3.942098259836890502e+05 -1.351994971706815995e+05 -3.141663730256091338e+06 -1.743854665152034257e+06 3.909067643036742083e+04 1.767208896845299285e+06 5.992912549469318474e+05 1.272977727578400169e+06 1.153231937584672356e+06 3.486414980448218063e+06 1.054438879142678110e+06
5.572880399290596833e+05 2.549703628997132473e+05 1.359403679616613779e+06 -1.582773593089016504e+05 3.397490631768574531e+04 -5.644726941259803716e+05 -4.124918176738111470e+03 4.852598150633959449e+05 -7.796213928553355800e+03 3.020119349620203953e+06 -9.739377142837189604e+05 2.122274482764218468e+06 -7.218228451581313857e+04 8.940552004180575022e+04 2.363541517083769140e+05 3.579520300863212924e+03 1.054438879142677877e+06 1.537410197890103096e+06
