# s_min=22
5.485753106904657930e+07 2.327869126246645115e+06 -3.617808688297895715e+06 1.815626067094681086e+06 4.182171735136395000e+04 -9.903587806678484194e+05 -2.984851480515237199e+05 -4.016420037168369163e+05 6.867925520491361385e+05 2.595013196485903487e+07 5.921240225798480213e+06 -2.825560532384689897e+06 5.792245162985118106e+06 -2.518013251921360847e+06 7.804351862772207242e+05 4.558524111191479460e+04 -3.475679487911692704e+05 -8.590670958629911765e+05
2.327869126246645115e+06 2.785178694435518980e+07 2.238763279049475212e+06 -1.909363134882111917e+05 1.356068782527726376e+06 4.903315724017954781e+05 4.508737144472017462e+03 -7.870335555827851931e+04 -3.686917436793981469e+05 8.500109219423143193e+06 8.378771521789540537e+06 -1.006777312869959162e+06 2.203051378632215801e+03 2.204827188874259125e+06 -3.696987009776703548e+06 -3.735804763220176683e+05 -4.388303978064090188e+04 -1.219047712597111240e+04
-3.617808688297894783e+06 2.238763279049475212e+06 9.176030398999584839e+06 -1.838098827926752274e+05 -8.230852583273225464e+05 3.491733495680278429e+04 5.642416857788061025e+05 3.345791259171162965e+05 -4.889854015931675094e+05 4.427224720800273120e+06 1.377984668601889862e+06 6.720382762798426673e+06 1.946419831123584649e+06 1.654813810716132168e+06 -5.591812482470244868e+05 -1.503691438261111325e+05 -1.241857502226602519e+05 6.868693761622305028e+05
1.815626067094680853e+06 -1.909363134882111917e+05 -1.838098827926752274e+05 4.310205839839543216e+06 7.860887566956315422e+05 9.717000554977658612e+04 8.452047755030967528e+05 1.433316438747294887e+05 2.641864965547123575e+05 -4.186084127856665291e+06 1.507830025575945328e+05 3.324316891764676198e+06 1.944849710506728385e+06 1.854778997308732942e+05 -1.355545599505003775e+05 -1.069641260110424773e+05 -9.939405760113252327e+05 -2.147437094174451777e+05
4.182171735136389179e+04 1.356068782527726609e+06 -8.230852583273225464e+05 7.860887566956316587e+05 3.965672079251614865e+06 5.683764325612734538e+05 3.454513664597735624e+05 1.597103418336985924e+05 3.003729013041730504e+05 -3.444453815028624609e+06 2.199011616542400734e+05 1.234610983244442905e+05 -7.737889543954695109e+05 1.639372345230581239e+06 -7.091245266988220101e+04 -2.120710323309005180e+05 -4.181138756904550828e+05 -2.405443954456418214e+04
-9.903587806678483030e+05 4.903315724017954781e+05 3.491733495680276246e+04 9.717000554977658612e+04 5.683764325612734538e+05 1.829593315213119378e+06 1.586901350316665485e+05 -4.083396237132456736e+05 7.868873088234070747e+04 -9.015037657131702872e+05 -2.684966068126066821e+05 -9.231105530109008541e+05 -1.404966782862152439e+06 4.885359823307812330e+05 1.916961000823431823e+05 1.992190843611532182e+05 3.711312874270340399e+04 4.542959166183880734e+04
-2.984851480515236617e+05 4.508737144472002910e+03 5.642416857788061025e+05 8.452047755030968692e+05 3.454513664597735624e+05 1.586901350316665485e+05 1.092524739635613048e+06 2.155288173238973541e+05 2.567248385018117551e+04 -1.216187110287037212e+06 2.012938398470129687e+04 1.591885571515137097e+06 1.018994591512657353e+06 5.576606985966777575e+04 -2.245720897809447488e+05 2.804368219662926276e+05 -2.593735833058301650e+05 -2.253178243382218934e+05
-4.016420037168369745e+05 -7.870335555827851931e+04 3.345791259171163547e+05 1.433316438747295178e+05 1.597103418336985633e+05 -4.083396237132457318e+05 2.155288173238973541e+05 9.011635330460404512e+05 5.122054650327531999e+04 6.711187332981970394e+04 -7.300699030246380717e+05 4.144317466999607277e+05 2.583905075513746415e+05 1.077728246059004305e+05 1.818252844463009023e+04 1.787908823659043410e+05 6.545493718081072439e+04 1.290724397072604770e+05
6.867925520491361385e+05 -3.686917436793981469e+05 -4.889854015931675094e+05 2.641864965547122993e+05 3.003729013041730504e+05 7.868873088234072202e+04 2.567248385018117551e+04 5.122054650327531999e+04 4.392805981193060870e+05 -1.345585864394015633e+06 -2.086891198659599177e+05 -1.550685832051398756e+05 1.921658278017273406e+05 1.042705764470136346e+05 2.000478894974155410e+05 1.828475664671477280e+05 3.451494459671662480e+04 -7.318272629634613622e+03
2.595013196485904232e+07 8.500109219423143193e+06 4.427224720800273120e+06 -4.186084127856666222e+06 -3.444453815028624609e+06 -9.015037657131702872e+05 -1.216187110287037212e+06 6.711187332981970394e+04 -1.345585864394015633e+06 2.166384428647451103e+08 1.781014152895081416e+07 -3.340148696121201385e+06 -4.384677797033390030e+06 6.077589139767234214e+06 3.278096181705819443e+06 -2.683235319759679958e+06 -3.004208448834632989e+06 -2.459796914648612961e+06
5.921240225798480213e+06 8.378771521789540537e+06 1.377984668601890095e+06 1.507830025575945328e+05 2.199011616542400443e+05 -2.684966068126066821e+05 2.012938398470130051e+04 -7.300699030246380717e+05 -2.086891198659599468e+05 1.781014152895081043e+07 5.297719419451090693e+07 -3.976987219535773038e+05 -1.357613858027145732e+06 1.483629207118925406e+06 -9.523615361273669405e+05 -1.276701192681211513e+06 -9.218580108630971517e+05 -1.726161262334971689e+06
-2.825560532384689897e+06 -1.006777312869958696e+06 6.720382762798427604e+06 3.324316891764676664e+06 1.234610983244444069e+05 -9.231105530109009705e+05 1.591885571515137097e+06 4.144317466999607277e+05 -1.550685832051398465e+05 -3.340148696121199988e+06 -3.976987219535773038e+05 4.065773220420301706e+07 1.256051557604257017e+07 -1.413387069842470810e+06 3.581184955793826375e+05 -2.921978314219457097e+05 6.434529670248066541e+05 9.761098556547706248e+05
5.792245162985118106e+06 2.203051378632125306e+03 1.946419831123584649e+06 1.944849710506728152e+06 -7.737889543954695109e+05 -1.404966782862152439e+06 1.018994591512657120e+06 2.583905075513746415e+05 1.921658278017273115e+05 -4.384677797033389099e+06 -1.357613858027145732e+06 1.256051557604257017e+07 1.387295081359488703e+07 -4.489188829496789840e+05 3.259756502711421344e+05 1.332123267499926442e+05 -2.392273417886302632e+05 5.609930080966687528e+05
-2.518013251921360847e+06 2.204827188874259125e+06 1.654813810716132168e+06 1.854778997308732942e+05 1.639372345230581239e+06 4.885359823307812330e+05 5.576606985966779030e+04 1.077728246059004305e+05 1.042705764470136201e+05 6.077589139767233282e+06 1.483629207118925406e+06 -1.413387069842470577e+06 -4.489188829496789840e+05 7.357644856020530686e+06 4.533016144882979570e+05 -1.291670692542021134e+05 9.200058420734264655e+04 -1.034542526265263405e+04
7.804351862772207242e+05 -3.696987009776704013e+06 -5.591812482470244868e+05 -1.355545599505004066e+05 -7.091245266988223011e+04 1.916961000823432405e+05 -2.245720897809446615e+05 1.818252844463009023e+04 2.000478894974155410e+05 3.278096181705819443e+06 -9.523615361273668241e+05 3.581184955793826375e+05 3.259756502711421927e+05 4.533016144882980152e+05 4.788656337514750659e+06 1.944848885404302739e+06 3.078130598381338059e+05 3.776037250599167892e+05
4.558524111191482370e+04 -3.735804763220174937e+05 -1.503691438261112198e+05 -1.069641260110424773e+05 -2.120710323309005471e+05 1.992190843611531600e+05 2.804368219662926276e+05 1.787908823659043410e+05 1.828475664671477280e+05 -2.683235319759679958e+06 -1.276701192681211513e+06 -2.921978314219458262e+05 1.332123267499926442e+05 -1.291670692542021134e+05 1.944848885404302739e+06 4.353546303612021729e+06 8.507984783413052792e+05 1.148004682158830983e+05
-3.475679487911692704e+05 -4.388303978064094554e+04 -1.241857502226602664e+05 -9.939405760113253491e+05 -4.181138756904551410e+05 3.711312874270338216e+04 -2.593735833058301941e+05 6.545493718081073894e+04 3.451494459671663208e+04 -3.004208448834632989e+06 -9.218580108630970353e+05 6.434529670248066541e+05 -2.392273417886302923e+05 9.200058420734266110e+04 3.078130598381338059e+05 8.507984783413052792e+05 2.854818019350693561e+06 6.335573075764019741e+05
-8.590670958629911765e+05 -1.219047712597111968e+04 6.868693761622305028e+05 -2.147437094174451777e+05 -2.405443954456420033e+04 4.542959166183880006e+04 -2.253178243382218643e+05 1.290724397072604770e+05 -7.318272629634620898e+03 -2.459796914648612961e+06 -1.726161262334971223e+06 9.761098556547705084e+05 5.609930080966688693e+05 -1.034542526265262495e+04 3.776037250599167310e+05 1.148004682158831129e+05 6.335573075764019741e+05 2.021473644290219992e+06
