# s_min=24
7.967730560884833336e+07 1.302374512037772313e+07 2.465454770989448298e+05 2.246523776042659767e+06 -2.937490178424907383e+06 -4.617894324436981697e+05 -1.234888787771307165e+06 -6.859547844790968811e+05 4.084238743070794153e+05 4.563229612069486082e+07 3.220432567336736992e+07 -3.980755852008254733e+06 -1.024067118206530809e+07 -9.169525200724853203e+06 -4.524274588771592826e+06 -1.158214354825592891e+05 -6.163921933014465030e+05 -5.966384130579498742e+04
1.302374512037772313e+07 1.349385252530115843e+07 2.245976768690438475e+06 1.946339773420493351e+06 -1.008959135263578966e+06 7.195974321255284594e+05 -3.763588785663658637e+05 4.196988438723093132e+05 2.475283587658847100e+05 1.964470447745113634e+06 1.806155762766788900e+07 2.711941801395904273e+06 -1.985144253712921403e+06 -2.448417500860195141e+06 -1.108393708777988097e+06 -4.404698885759107070e+05 -1.249895143885212456e+05 -8.462103370408004848e+05
2.465454770989448298e+05 2.245976768690438941e+06 9.826373621840020642e+06 1.793950238330664812e+06 3.102501864339985768e+05 2.779269347594924620e+05 1.550437029664753645e+05 -3.068691381258732508e+04 -5.157470466866658535e+04 -1.019867957270358689e+06 8.086856377067459980e+05 1.011967050985594280e+07 -8.003219052487518638e+05 -5.937706173796262592e+05 8.313124732386019314e+05 -7.975629908210589783e+05 1.636825990680521936e+05 -4.132126123688183143e+05
2.246523776042659767e+06 1.946339773420493351e+06 1.793950238330664812e+06 5.915898849476589821e+06 2.223086585073285969e+05 4.821756498793904029e+03 3.071741736087763566e+05 2.702770704028774053e+05 3.869066454237076105e+05 2.316290557638388593e+06 1.779018723055784649e+05 3.963287210028517060e+06 -1.544736197786748526e+05 -6.871605687311846123e+04 -1.423512531583656091e+06 -5.663586423415468307e+05 7.157645857644252246e+05 -5.399842363278415287e+05
-2.937490178424907383e+06 -1.008959135263578966e+06 3.102501864339985768e+05 2.223086585073285969e+05 2.549604517417655792e+06 3.445028123360360623e+05 -2.514900356258326210e+05 2.960444081466216594e+05 6.150235860836417123e+04 1.363509537587722996e+06 5.817353467630612431e+04 -6.255193719669397688e+05 6.775256418216814054e+05 6.083527653741331305e+05 3.015170538856049534e+05 7.283661032768867444e+05 2.617850808593079273e+04 2.599763880483713874e+05
-4.617894324436981115e+05 7.195974321255284594e+05 2.779269347594924620e+05 4.821756498793884020e+03 3.445028123360361205e+05 1.889216066570740659e+06 9.666748056836660544e+04 1.080102461103693058e+05 2.324827271663226420e+05 1.575231112134882016e+06 3.878883465896721464e+05 -1.666067718914470170e+06 -3.077810977312776376e+05 2.807936059894170612e+05 7.331887294870878104e+05 2.116150989635022124e+05 5.030882593587154988e+05 3.656915285467908252e+05
-1.234888787771306932e+06 -3.763588785663658637e+05 1.550437029664753936e+05 3.071741736087763566e+05 -2.514900356258326210e+05 9.666748056836661999e+04 1.466350334570270497e+06 2.976268682244079537e+05 1.506256200601244636e+05 5.798988821896417066e+05 -1.794314074916425627e+06 3.972661509074763744e+05 7.242852011390251573e+05 1.366209409766235622e+05 -6.883362632997076435e+04 1.800759157586768852e+05 5.316220294461209560e+05 2.668228089492879226e+05
-6.859547844790968811e+05 4.196988438723093132e+05 -3.068691381258732508e+04 2.702770704028774053e+05 2.960444081466216594e+05 1.080102461103693058e+05 2.976268682244080119e+05 7.510978786603140179e+05 1.363712108482401236e+05 1.682629746140543430e+05 -1.124030096317100979e+05 2.408624443673425121e+05 1.890650466464780911e+05 2.862675799272875302e+05 -1.063965357278868178e+05 -3.898458818955374882e+05 -1.224538973597063014e+05 8.429137084557884373e+04
4.084238743070794153e+05 2.475283587658847100e+05 -5.157470466866657080e+04 3.869066454237076105e+05 6.150235860836417851e+04 2.324827271663226711e+05 1.506256200601244054e+05 1.363712108482400945e+05 3.408180552553676534e+05 1.069443822572210804e+06 -1.319090874286961334e+05 -2.327815481070827809e+05 -1.669149778746353331e+04 7.470572278778372856e+04 -6.701198040316598781e+04 1.289625682875470229e+05 1.044309264809056458e+03 1.865610933802445070e+05
4.563229612069485337e+07 1.964470447745113866e+06 -1.019867957270358573e+06 2.316290557638388593e+06 1.363509537587722763e+06 1.575231112134882016e+06 5.798988821896417066e+05 1.682629746140543430e+05 1.069443822572210804e+06 1.895881160881106257e+08 3.165729304795355350e+07 -4.957780746559737250e+06 1.911760566223932896e+06 -1.624445473068656400e+06 -3.450162664896224625e+06 -5.250712976838983595e+05 1.684380452721738024e+06 1.941405389257084345e+06
3.220432567336736247e+07 1.806155762766788900e+07 8.086856377067459980e+05 1.779018723055785813e+05 5.817353467630612431e+04 3.878883465896721464e+05 -1.794314074916425627e+06 -1.124030096317100979e+05 -1.319090874286961334e+05 3.165729304795355350e+07 1.392513608455649912e+08 -1.703473131349789910e+06 3.004689287667383542e+04 -5.161244672126960009e+06 -7.501061039036122151e+06 2.669366408785111737e+06 -4.180135155622120947e+06 -8.520274844737820094e+05
-3.980755852008253802e+06 2.711941801395904738e+06 1.011967050985594280e+07 3.963287210028517060e+06 -6.255193719669396523e+05 -1.666067718914470170e+06 3.972661509074763162e+05 2.408624443673424830e+05 -2.327815481070827518e+05 -4.957780746559737250e+06 -1.703473131349789910e+06 6.027205904564376175e+07 1.658710853646415984e+06 -7.142172810589229688e+06 -1.323334731762442039e+06 5.831441105419461383e+04 1.159294155332911061e+06 -1.085217737951705698e+06
-1.024067118206530809e+07 -1.985144253712921403e+06 -8.003219052487518638e+05 -1.544736197786748817e+05 6.775256418216815218e+05 -3.077810977312775794e+05 7.242852011390251573e+05 1.890650466464781202e+05 -1.669149778746352968e+04 1.911760566223932663e+06 3.004689287667396275e+04 1.658710853646415984e+06 9.465663815327974036e+06 2.599434852569496725e+06 -9.380354958983978722e+05 7.122682209414310055e+05 -5.158378555228209007e+05 1.788717767183770484e+05
-9.169525200724851340e+06 -2.448417500860195141e+06 -5.937706173796262592e+05 -6.871605687311849033e+04 6.083527653741332470e+05 2.807936059894170612e+05 1.366209409766235622e+05 2.862675799272875302e+05 7.470572278778374312e+04 -1.624445473068656633e+06 -5.161244672126960009e+06 -7.142172810589229688e+06 2.599434852569496725e+06 7.009483680313124321e+06 1.226616512567773927e+06 4.693821798009840422e+05 -3.414638953132157912e+05 2.899939335021138540e+05
-4.524274588771592826e+06 -1.108393708777988097e+06 8.313124732386019314e+05 -1.423512531583656091e+06 3.015170538856049534e+05 7.331887294870876940e+05 -6.883362632997076435e+04 -1.063965357278868178e+05 -6.701198040316598781e+04 -3.450162664896223694e+06 -7.501061039036122151e+06 -1.323334731762442039e+06 -9.380354958983978722e+05 1.226616512567773927e+06 5.009932518770367838e+06 4.565848028338256991e+05 4.323041949301008135e+05 1.128094428172659391e+05
-1.158214354825593618e+05 -4.404698885759107070e+05 -7.975629908210590947e+05 -5.663586423415468307e+05 7.283661032768867444e+05 2.116150989635022415e+05 1.800759157586768561e+05 -3.898458818955374882e+05 1.289625682875470084e+05 -5.250712976838984760e+05 2.669366408785112202e+06 5.831441105419461383e+04 7.122682209414310055e+05 4.693821798009841004e+05 4.565848028338256991e+05 3.967423567182722967e+06 9.635471098632372450e+05 2.617677361811857263e+05
-6.163921933014466194e+05 -1.249895143885212601e+05 1.636825990680521936e+05 7.157645857644253410e+05 2.617850808593079273e+04 5.030882593587154988e+05 5.316220294461209560e+05 -1.224538973597063450e+05 1.044309264809059414e+03 1.684380452721738024e+06 -4.180135155622120947e+06 1.159294155332911061e+06 -5.158378555228209007e+05 -3.414638953132157912e+05 4.323041949301007553e+05 9.635471098632372450e+05 2.679128542754333932e+06 6.293306773261439521e+05
-5.966384130579498014e+04 -8.462103370408006012e+05 -4.132126123688183143e+05 -5.399842363278414123e+05 2.599763880483713583e+05 3.656915285467908252e+05 2.668228089492879226e+05 8.429137084557884373e+04 1.865610933802444779e+05 1.941405389257084345e+06 -8.520274844737821259e+05 -1.085217737951705931e+06 1.788717767183770484e+05 2.899939335021138540e+05 1.128094428172659245e+05 2.617677361811857554e+05 6.293306773261439521e+05 1.816788151579872705e+06
