# s_min=24
5.355636181281951070e+07 9.814044771984467283e+06 -1.149791660371760918e+04 3.600781410642984323e+06 3.505311172704935598e+04 -5.482685518835118273e+05 -1.376075705089406692e+05 8.119900185067898128e+05 1.199118878703345690e+05 6.383405755838980526e+07 1.252909988837240450e+07 5.612331829997353489e+05 -7.620160694155052770e+05 7.729489737650743918e+05 -1.039090043587006629e+06 -8.952393018401740119e+05 2.557964018142916728e+06 5.966968409523455193e+05
9.814044771984467283e+06 1.752269655827365816e+07 -9.988285547851579031e+04 1.600799481900657294e+06 6.463736302998927422e+05 -4.978199729776710155e+05 1.251998815662617853e+05 2.967210608755696448e+05 1.829483492445644224e+05 1.193281694198102504e+07 6.179826847400694154e+06 3.305714721642660908e+06 1.126411867404746590e+06 -3.028426673708619783e+05 -1.565110077806385001e+06 -1.266809916315275012e+06 1.647758728150512325e+05 3.429484982326733298e+05
-1.149791660371763828e+04 -9.988285547851577576e+04 1.004462377600190416e+07 2.478688320645711385e+06 -6.314154090818802360e+05 -1.921227101081573637e+05 -1.685278036887724593e+05 1.776685819988903240e+05 1.258767235143518919e+05 1.046460154227677616e+06 2.042012627888681367e+06 4.607251285414249636e+06 -7.050864065236242022e+05 5.556248771123484476e+05 1.816662773141937214e+04 -5.232728266381380381e+05 3.264111522008671309e+05 6.137971928063307423e+05
3.600781410642984323e+06 1.600799481900657294e+06 2.478688320645711850e+06 4.734001506389456801e+06 9.601173913925520610e+05 8.528976353098538239e+05 8.312836692433489952e+05 3.379798038643579348e+05 -1.114841947641581355e+05 2.774284830706470180e+06 5.434717634863693267e+06 1.702862172810221557e+06 -1.178218700885640283e+05 7.882882451786519960e+05 -4.057101939969168161e+05 2.160026557991610753e+04 1.628002531737889803e+05 1.141063403143550531e+05
3.505311172704934870e+04 6.463736302998927422e+05 -6.314154090818803525e+05 9.601173913925520610e+05 3.084805860107847489e+06 2.835957296348833479e+05 5.742395132468744414e+05 9.943683897254063049e+04 5.150176925315310655e+04 1.292607725472230697e+06 1.305087179622828029e+06 1.220363236967895878e+06 -2.434268126014551963e+05 8.568406578260709066e+05 2.628458051390289911e+05 7.963246554959627974e+04 -5.594239388562579406e+05 8.793537575722610927e+04
-5.482685518835118273e+05 -4.978199729776710155e+05 -1.921227101081574219e+05 8.528976353098538239e+05 2.835957296348833479e+05 2.177482417141794693e+06 2.605083045007225592e+05 2.323377179242748534e+05 8.282795840015941940e+04 -7.983074666949883103e+05 -1.909530880022508558e+06 -1.117691263708524872e+06 8.809417889705885900e+05 -2.364882713358672918e+05 7.683628206572982017e+05 1.339901604680589808e+05 -8.206278818686708109e+05 -3.181362996326103457e+05
-1.376075705089406110e+05 1.251998815662617999e+05 -1.685278036887724302e+05 8.312836692433489952e+05 5.742395132468744414e+05 2.605083045007225592e+05 1.451669803992301458e+06 1.815497879638526938e+05 9.687131880247926165e+04 1.321486979084413266e+06 7.267989847024739720e+05 3.350356710478048772e+05 -3.411561848247029702e+05 7.113878611483220011e+05 -1.470151059928108225e+04 4.335003061859226000e+04 -3.583676839802366449e+05 -6.978031390719048431e+03
8.119900185067898128e+05 2.967210608755696448e+05 1.776685819988903531e+05 3.379798038643579930e+05 9.943683897254063049e+04 2.323377179242748243e+05 1.815497879638526938e+05 1.031101745336008491e+06 2.192432044050061086e+05 2.362269840044387616e+06 -7.737133594773593359e+05 2.704127027077825041e+05 3.467226551484385855e+05 1.261455029444448446e+05 3.280270228002605727e+05 5.623022924873795127e+05 5.207841607878708746e+05 1.771370082681662170e+05
1.199118878703345545e+05 1.829483492445644515e+05 1.258767235143519065e+05 -1.114841947641581355e+05 5.150176925315310655e+04 8.282795840015941940e+04 9.687131880247924710e+04 2.192432044050061086e+05 6.080931574435532093e+05 3.186945678971727844e+06 -1.044751190228928695e+06 2.014347759818780469e+05 2.970061139487311011e+05 -2.074502515151124953e+03 1.694699679290426138e+04 1.073143200971520855e+04 -1.479132389588002989e+05 1.033310662271587062e+05
6.383405755838981271e+07 1.193281694198102504e+07 1.046460154227677616e+06 2.774284830706470180e+06 1.292607725472230697e+06 -7.983074666949883103e+05 1.321486979084413266e+06 2.362269840044387616e+06 3.186945678971727844e+06 3.448356865508328676e+08 2.959867946895001084e+07 1.875891609775090218e+07 -1.318267906262743846e+07 6.157197539135064930e+06 -1.100310729689424625e+06 5.170692972635845654e+06 5.890319342534725554e+06 1.637549047762155067e+06
1.252909988837240450e+07 6.179826847400694154e+06 2.042012627888681134e+06 5.434717634863693267e+06 1.305087179622828029e+06 -1.909530880022508791e+06 7.267989847024739720e+05 -7.737133594773594523e+05 -1.044751190228928812e+06 2.959867946895000711e+07 1.365026438777227104e+08 1.927199209100385755e+07 -1.968321827972855419e+07 4.694251431664087577e+05 7.486726651813393459e+06 -7.841331030388991348e+05 -5.783035672007274115e+05 -6.463298564882038627e+05
5.612331829997352324e+05 3.305714721642660908e+06 4.607251285414249636e+06 1.702862172810221324e+06 1.220363236967895878e+06 -1.117691263708524872e+06 3.350356710478048772e+05 2.704127027077825041e+05 2.014347759818780178e+05 1.875891609775090218e+07 1.927199209100385755e+07 3.502641812057374418e+07 2.151924495564915705e+06 1.760989426450727973e+06 1.779429295266476693e+05 9.017570301498223562e+05 7.146555184009330696e+04 -4.701164576272889972e+05
-7.620160694155052770e+05 1.126411867404746357e+06 -7.050864065236243187e+05 -1.178218700885640283e+05 -2.434268126014551672e+05 8.809417889705885900e+05 -3.411561848247029702e+05 3.467226551484384690e+05 2.970061139487311011e+05 -1.318267906262743846e+07 -1.968321827972855419e+07 2.151924495564915705e+06 1.875923017595921829e+07 2.357021753830679227e+06 -9.957329626350132457e+04 -2.437559440389827651e+05 5.675270101148786489e+05 1.542428940633875318e+06
7.729489737650745083e+05 -3.028426673708621529e+05 5.556248771123484476e+05 7.882882451786521124e+05 8.568406578260707902e+05 -2.364882713358672627e+05 7.113878611483218847e+05 1.261455029444448446e+05 -2.074502515151126318e+03 6.157197539135064930e+06 4.694251431664087577e+05 1.760989426450727740e+06 2.357021753830679227e+06 9.018245571324188262e+06 1.011712758897835971e+06 -4.179831604846226401e+05 -1.784880797568574490e+05 9.893825498453563778e+05
-1.039090043587006512e+06 -1.565110077806384768e+06 1.816662773141935759e+04 -4.057101939969168161e+05 2.628458051390289911e+05 7.683628206572982017e+05 -1.470151059928109316e+04 3.280270228002606309e+05 1.694699679290425775e+04 -1.100310729689424392e+06 7.486726651813393459e+06 1.779429295266476111e+05 -9.957329626350117906e+04 1.011712758897835854e+06 5.912646417209452949e+06 9.851503173830660526e+05 -1.085710843000871362e+06 -1.182224025072409568e+05
-8.952393018401740119e+05 -1.266809916315275012e+06 -5.232728266381380381e+05 2.160026557991610025e+04 7.963246554959630885e+04 1.339901604680590099e+05 4.335003061859224545e+04 5.623022924873795127e+05 1.073143200971521583e+04 5.170692972635845654e+06 -7.841331030388991348e+05 9.017570301498223562e+05 -2.437559440389827651e+05 -4.179831604846225237e+05 9.851503173830661690e+05 3.298772320180104580e+06 1.246797697344853776e+06 -2.064145337709251180e+04
2.557964018142916728e+06 1.647758728150512616e+05 3.264111522008671309e+05 1.628002531737889803e+05 -5.594239388562579406e+05 -8.206278818686708109e+05 -3.583676839802366449e+05 5.207841607878708746e+05 -1.479132389588002989e+05 5.890319342534725554e+06 -5.783035672007270623e+05 7.146555184009332152e+04 5.675270101148786489e+05 -1.784880797568574199e+05 -1.085710843000871595e+06 1.246797697344853776e+06 3.657188115811835043e+06 7.443322148580356734e+05
5.966968409523455193e+05 3.429484982326733298e+05 6.137971928063307423e+05 1.141063403143550531e+05 8.793537575722610927e+04 -3.181362996326104039e+05 -6.978031390719051160e+03 1.771370082681662170e+05 1.033310662271587062e+05 1.637549047762155067e+06 -6.463298564882038627e+05 -4.701164576272890554e+05 1.542428940633874852e+06 9.893825498453563778e+05 -1.182224025072409277e+05 -2.064145337709251908e+04 7.443322148580356734e+05 2.054273276304069208e+06
