# s_min=23
4.804194431803473085e+07 3.365006458990526851e+06 3.492993912862103432e+06 1.312971090100318252e+05 1.363983465932011371e+06 1.429713716133050912e+05 -2.173970593302364287e+05 -7.083253920637993142e+05 -7.840371987631756347e+05 2.408057617621897534e+07 3.752367608191003092e+06 7.983332992748453980e+05 -9.448304103476539254e+06 1.588290087917423807e+06 8.318992330878640059e+05 -4.432744519453738816e+06 -7.407005552676948719e+05 -9.812366184898678330e+04
3.365006458990526851e+06 1.898908171776994690e+07 4.284699978829325177e+06 1.051200912806359818e+06 9.416824584792922251e+05 1.664906808655679342e+05 1.258998124743760563e+06 8.374333474260094808e+05 2.787971227681199525e+04 -2.763217994786743075e+06 6.115314690938491840e+05 -2.262215836532657966e+06 6.094122767274829559e+06 -5.747889996617572615e+05 2.018223949022167595e+06 4.010491847452291986e+05 2.264421436654131394e+06 1.251365011057099327e+06
3.492993912862103432e+06 4.284699978829325177e+06 8.021447844460966066e+06 -3.636865950113931322e+05 1.099549442345090938e+05 2.534164528165857191e+05 4.365352428226321354e+05 7.549201626929636404e+04 -2.659518615878342534e+05 -5.887329722375673009e+05 -4.312481767284894362e+06 3.964773682588916738e+06 3.228563581068112515e+06 -1.166081606603964756e+05 6.874973077096965862e+05 -6.705523974993865704e+05 2.664487948381796014e+05 9.421818600351702189e+05
1.312971090100318252e+05 1.051200912806359818e+06 -3.636865950113931904e+05 3.976990649286280852e+06 9.700924788523030002e+05 2.299963341707928339e+05 7.691063307640000130e+04 4.584370652617370069e+04 6.920176708750566468e+04 -2.958527301313498989e+06 2.797562549662473029e+05 4.756299561143973260e+05 1.846815492291934555e+06 2.484528757215998485e+05 5.282437212394535891e+04 8.553070751288984902e+05 6.438115973376587499e+05 -2.825057215401177527e+05
1.363983465932011371e+06 9.416824584792922251e+05 1.099549442345091375e+05 9.700924788523031166e+05 2.711716114795770030e+06 2.904869892680338235e+05 3.499632828609084827e+05 -1.462711187972695916e+05 -1.523117198684080504e+05 9.098357745887831552e+05 -1.102154190322286449e+06 3.542082779262030381e+05 8.447733064442377072e+05 4.690348996653631184e+04 6.636645192435155332e+04 -3.192069156489418820e+05 1.211536376245834399e+05 -1.296507868939449108e+05
1.429713716133050912e+05 1.664906808655679342e+05 2.534164528165857191e+05 2.299963341707928339e+05 2.904869892680338817e+05 1.230483001933144871e+06 8.852247049777573557e+04 -1.197336163824810938e+05 1.786291027909683762e+05 -5.341576007578436984e+05 -1.120212826697910496e+05 1.454788047279515769e+06 -2.207449695437258342e+05 -3.937908356576862388e+03 4.065966033624586998e+05 -3.408589435998253757e+05 1.418027732256872405e+05 -1.031299903997953807e+05
-2.173970593302363995e+05 1.258998124743760563e+06 4.365352428226321354e+05 7.691063307639998675e+04 3.499632828609085409e+05 8.852247049777573557e+04 8.176564049003486289e+05 4.790475359306892642e+04 2.568446588963347313e+04 -8.821504114274912281e+05 -9.900899700975274027e+04 -3.661711809421194484e+05 4.465576893902624724e+05 -1.105377446903174714e+05 4.031059708734925953e+05 -2.592811397943264819e+04 -1.014873689372325607e+05 -6.053980857290593121e+04
-7.083253920637993142e+05 8.374333474260094808e+05 7.549201626929634949e+04 4.584370652617368614e+04 -1.462711187972695625e+05 -1.197336163824810938e+05 4.790475359306891914e+04 1.117911320995605318e+06 5.532168191023438703e+04 -1.768470351522241486e+06 5.685477766923204763e+05 -2.382425944474593271e+05 8.227752768960603280e+05 1.294372361084814038e+05 3.591109149568482535e+05 1.108648247636628366e+05 4.461066972108905320e+05 1.416779477702856821e+05
-7.840371987631756347e+05 2.787971227681200253e+04 -2.659518615878342534e+05 6.920176708750567923e+04 -1.523117198684080504e+05 1.786291027909683762e+05 2.568446588963347313e+04 5.532168191023438703e+04 4.288851460228892975e+05 -4.671312025150830741e+05 1.590233085499714944e+05 -3.060830296984279994e+05 -1.641202824333184108e+05 -1.271147401296148455e+05 -1.422249682790848892e+05 2.241900856677501870e+05 1.400723058840893500e+05 1.069200358242821821e+05
2.408057617621898279e+07 -2.763217994786742609e+06 -5.887329722375674173e+05 -2.958527301313498989e+06 9.098357745887831552e+05 -5.341576007578436984e+05 -8.821504114274912281e+05 -1.768470351522241486e+06 -4.671312025150830741e+05 1.277288852621438205e+08 2.174093313399811089e+07 -2.622214973836003919e+05 -1.579073776473598368e+07 -4.974387879672979936e+06 -4.088265099958538543e+06 3.165099523807078367e+05 5.355833358923884807e+05 -1.315467740308429347e+06
3.752367608191003092e+06 6.115314690938493004e+05 -4.312481767284895293e+06 2.797562549662473612e+05 -1.102154190322286217e+06 -1.120212826697910496e+05 -9.900899700975275482e+04 5.685477766923204763e+05 1.590233085499714944e+05 2.174093313399811089e+07 6.997449624793985486e+07 -9.599929639016894624e+06 -4.272667548992147669e+06 -1.401393444051322993e+06 1.181470138317141915e+06 -1.414701716414784081e+06 3.561091747372930869e+06 -3.733267374586266233e+05
7.983332992748456309e+05 -2.262215836532657966e+06 3.964773682588916738e+06 4.756299561143973260e+05 3.542082779262030381e+05 1.454788047279515769e+06 -3.661711809421194484e+05 -2.382425944474593853e+05 -3.060830296984279994e+05 -2.622214973836005083e+05 -9.599929639016894624e+06 4.255203777072215080e+07 3.900218589492487255e+06 3.474908183668329380e+06 1.663256832729517773e+05 -1.292666362557570217e+06 -3.389032188095673919e+05 1.710797275280470261e+06
-9.448304103476539254e+06 6.094122767274828628e+06 3.228563581068111584e+06 1.846815492291934323e+06 8.447733064442377072e+05 -2.207449695437258342e+05 4.465576893902624142e+05 8.227752768960603280e+05 -1.641202824333184108e+05 -1.579073776473598182e+07 -4.272667548992146738e+06 3.900218589492487255e+06 1.651659988117637299e+07 2.081855731834363833e+05 6.270481283993750112e+05 7.791628570338786812e+05 8.149005516832018038e+05 8.006758980616945773e+05
1.588290087917423807e+06 -5.747889996617572615e+05 -1.166081606603965047e+05 2.484528757215998194e+05 4.690348996653629729e+04 -3.937908356576850110e+03 -1.105377446903174568e+05 1.294372361084814183e+05 -1.271147401296148455e+05 -4.974387879672979936e+06 -1.401393444051323226e+06 3.474908183668329380e+06 2.081855731834363833e+05 4.582453393739601597e+06 3.689787071904841287e+04 -5.743290815668249270e+05 -1.927098589114821516e+05 3.975417730050050886e+05
8.318992330878644716e+05 2.018223949022167595e+06 6.874973077096965862e+05 5.282437212394531525e+04 6.636645192435158242e+04 4.065966033624586998e+05 4.031059708734925371e+05 3.591109149568482535e+05 -1.422249682790849183e+05 -4.088265099958538543e+06 1.181470138317141915e+06 1.663256832729518355e+05 6.270481283993750112e+05 3.689787071904840559e+04 4.530079219100154005e+06 1.187000915684372885e+05 3.379648194713767152e+05 5.165927347559025511e+05
-4.432744519453738816e+06 4.010491847452291986e+05 -6.705523974993864540e+05 8.553070751288984902e+05 -3.192069156489418237e+05 -3.408589435998253757e+05 -2.592811397943264456e+04 1.108648247636628512e+05 2.241900856677501870e+05 3.165099523807078367e+05 -1.414701716414784081e+06 -1.292666362557570217e+06 7.791628570338786812e+05 -5.743290815668249270e+05 1.187000915684372740e+05 3.462081600014623255e+06 5.299248179658043664e+05 1.427537160075003158e+04
-7.407005552676948719e+05 2.264421436654131394e+06 2.664487948381796596e+05 6.438115973376587499e+05 1.211536376245834399e+05 1.418027732256872696e+05 -1.014873689372325607e+05 4.461066972108905320e+05 1.400723058840893500e+05 5.355833358923885971e+05 3.561091747372930404e+06 -3.389032188095673919e+05 8.149005516832016874e+05 -1.927098589114821516e+05 3.379648194713767734e+05 5.299248179658043664e+05 3.959228396501134615e+06 2.996328338822214282e+05
-9.812366184898676875e+04 1.251365011057099327e+06 9.421818600351702189e+05 -2.825057215401177527e+05 -1.296507868939448963e+05 -1.031299903997953661e+05 -6.053980857290592394e+04 1.416779477702856821e+05 1.069200358242821676e+05 -1.315467740308429347e+06 -3.733267374586266815e+05 1.710797275280470261e+06 8.006758980616945773e+05 3.975417730050050886e+05 5.165927347559025511e+05 1.427537160075002430e+04 2.996328338822214282e+05 2.328182774892685004e+06
