# s_min=24
5.191761217916855961e+07 -3.030852011680228752e+05 -1.683818719626599923e+06 -3.786129413199496455e+06 -1.712884517930305330e+06 -5.315027440435003955e+05 1.560684557424623519e+06 8.473325989822960692e+05 5.059689048646401498e+05 2.459190588560960442e+07 -8.190479472554881359e+05 -2.064335203310159501e+06 1.261948421676497208e+06 3.689767462045890745e+06 2.042749596023510909e+06 1.135723403476964915e+06 5.648425857059607515e+05 2.794659201041723602e+06
-3.030852011680227006e+05 2.677508608996128291e+07 1.474169428732723929e+06 -2.684553407698085648e+05 5.776746244739061221e+05 -3.292537120808503823e+05 3.525917154852193198e+05 -3.827816352268470800e+05 -2.642790720888715005e+05 -5.878347306671436876e+06 -1.086553320972648915e+06 4.766154422509633936e+06 3.308739868999929167e+06 -1.255557336052206112e+06 1.212464277055389248e+06 9.494564954445537878e+05 9.153625837410207605e+05 -6.790136874352968298e+05
-1.683818719626599923e+06 1.474169428732723929e+06 1.146702492596235313e+07 1.058286686178958742e+06 1.284203823571010027e+06 1.969920075790434203e+05 1.572271534432453627e+05 5.251131820735846413e+05 -3.185438786921608335e+04 5.303839657376635820e+06 2.773215010547783691e+06 5.959316817267930135e+06 5.609784215465352172e+05 1.029710099709042115e+06 -2.557819014233503956e+06 -3.509901798810236505e+05 -5.748870997710436350e+05 -1.059637455698891790e+04
-3.786129413199496455e+06 -2.684553407698085648e+05 1.058286686178958742e+06 4.531174852931410074e+06 1.412602874186296249e+06 6.737865722132890951e+05 2.832218463075610925e+05 2.994592722519746167e+05 -7.922158659580680251e+04 -2.286556519586335344e+05 6.792648915404159343e+05 1.340323442041010363e+06 -6.769439762198345852e+04 1.903418297304777429e+06 1.424306249886079459e+06 1.431325570516155101e+06 1.419571214517298504e+05 -5.043090374653387116e+05
-1.712884517930305330e+06 5.776746244739062386e+05 1.284203823571010027e+06 1.412602874186296249e+06 2.524993577995861880e+06 4.541637586319452967e+05 3.444492975574141601e+05 3.607197997509279521e+05 1.960936575442347093e+05 -7.298717189778885804e+05 -2.472030451400575228e+06 1.191520459206809988e+06 6.771497686271302518e+04 1.160367900668698130e+06 9.273739166072057560e+05 6.477480987034428399e+05 6.110169660530381370e+05 -9.359529534677478659e+04
-5.315027440435002791e+05 -3.292537120808503823e+05 1.969920075790434203e+05 6.737865722132890951e+05 4.541637586319452384e+05 1.632207020404067123e+06 7.347328568021729006e+04 1.264282807732066431e+05 1.902843733851544384e+05 -3.982885346649006242e+05 -3.042223140822138885e+04 -1.261875095099494327e+06 1.084807132308951113e+06 4.340854241289187921e+05 7.580314408951310907e+05 5.488310439313320330e+02 3.769395098701654933e+05 1.193584404790583721e+04
1.560684557424623519e+06 3.525917154852193198e+05 1.572271534432453627e+05 2.832218463075611508e+05 3.444492975574142183e+05 7.347328568021731917e+04 9.781155911540058441e+05 -1.748635235113822564e+05 -7.928229469345774851e+04 -3.921689086367234704e+05 -2.520722918939379510e+06 -1.301110465190747200e+05 3.397348320051748888e+05 4.197915586206040462e+05 5.471400668571759015e+05 2.900793707870219368e+05 2.111495825208495080e+04 -1.245251278696659210e+04
8.473325989822960692e+05 -3.827816352268470218e+05 5.251131820735846413e+05 2.994592722519746167e+05 3.607197997509279521e+05 1.264282807732066431e+05 -1.748635235113822564e+05 7.628080683338772506e+05 9.239096320239877969e+04 7.011315970146598993e+05 -5.997936644040407846e+05 -1.544453632342575002e+05 -3.906829072957247263e+05 2.460454320233787876e+05 4.600909714865694696e+04 1.317840832458885561e+05 2.372624069719073595e+05 -1.938743359844126462e+04
5.059689048646401498e+05 -2.642790720888715005e+05 -3.185438786921609790e+04 -7.922158659580677340e+04 1.960936575442347093e+05 1.902843733851544384e+05 -7.928229469345774851e+04 9.239096320239877969e+04 7.155171369471758371e+05 -8.922949773812238127e+05 -2.879079791325618280e+05 -2.557021937687048921e+05 -3.157356717127105221e+05 9.273598311531393847e+04 -1.328958071740250452e+05 -1.445933732462518128e+04 4.021511696374091844e+04 1.927162197075604345e+05
2.459190588560960814e+07 -5.878347306671437807e+06 5.303839657376635820e+06 -2.286556519586335053e+05 -7.298717189778883476e+05 -3.982885346649006242e+05 -3.921689086367234704e+05 7.011315970146598993e+05 -8.922949773812238127e+05 2.233468089815761447e+08 2.511964466642666608e+07 -1.803251467549508065e+07 -7.027485030181691982e+06 9.836173100782338530e+06 3.729778441801895387e+06 -7.706933586130279582e+05 1.789599492892632028e+06 4.728128069724077359e+06
-8.190479472554874374e+05 -1.086553320972648915e+06 2.773215010547783691e+06 6.792648915404159343e+05 -2.472030451400575228e+06 -3.042223140822139612e+04 -2.520722918939379510e+06 -5.997936644040407846e+05 -2.879079791325618280e+05 2.511964466642666608e+07 8.773398748418676853e+07 6.252985817006982863e+06 -3.081860934367891401e+06 -3.821335536332183983e+06 -1.691110364990646951e+06 -3.161482685697527137e+06 -1.402483180600736523e+06 1.617411068555866135e+06
-2.064335203310159501e+06 4.766154422509635799e+06 5.959316817267931066e+06 1.340323442041010363e+06 1.191520459206809988e+06 -1.261875095099494327e+06 -1.301110465190746618e+05 -1.544453632342575002e+05 -2.557021937687048921e+05 -1.803251467549507692e+07 6.252985817006982863e+06 2.821875419467372447e+07 1.265709566281469506e+03 -2.146165096383879893e+06 1.860490189106499311e+05 9.545961123161563883e+05 -2.918525523784382967e+05 -9.093743345440000994e+05
1.261948421676497208e+06 3.308739868999928702e+06 5.609784215465351008e+05 -6.769439762198348762e+04 6.771497686271299608e+04 1.084807132308951113e+06 3.397348320051748888e+05 -3.906829072957247263e+05 -3.157356717127105221e+05 -7.027485030181691051e+06 -3.081860934367891401e+06 1.265709566281402431e+03 1.730534657343531772e+07 4.305472067985382862e+06 2.060151242559575709e+06 -3.386255559911744203e+05 2.224834676038504578e+06 -5.590506233781587798e+05
3.689767462045891676e+06 -1.255557336052206345e+06 1.029710099709041999e+06 1.903418297304777429e+06 1.160367900668698130e+06 4.340854241289187921e+05 4.197915586206040462e+05 2.460454320233787876e+05 9.273598311531393847e+04 9.836173100782338530e+06 -3.821335536332184914e+06 -2.146165096383879893e+06 4.305472067985382862e+06 1.265660412569747865e+07 5.704367143279982265e+05 2.396956207407156006e+06 1.827145847131036862e+04 3.216762891887981095e+05
2.042749596023510909e+06 1.212464277055389248e+06 -2.557819014233503956e+06 1.424306249886079459e+06 9.273739166072057560e+05 7.580314408951310907e+05 5.471400668571759015e+05 4.600909714865696151e+04 -1.328958071740250743e+05 3.729778441801896319e+06 -1.691110364990646252e+06 1.860490189106499893e+05 2.060151242559576407e+06 5.704367143279981101e+05 6.000380206226658076e+06 1.559528977346647996e+06 1.212094354380298173e+06 -1.444682030261130712e+05
1.135723403476964915e+06 9.494564954445539042e+05 -3.509901798810236505e+05 1.431325570516155101e+06 6.477480987034428399e+05 5.488310439313266897e+02 2.900793707870218786e+05 1.317840832458885561e+05 -1.445933732462518674e+04 -7.706933586130279582e+05 -3.161482685697527137e+06 9.545961123161566211e+05 -3.386255559911745368e+05 2.396956207407155540e+06 1.559528977346647996e+06 3.462139348959726281e+06 6.149484091647349996e+05 -3.801202478705290123e+05
5.648425857059607515e+05 9.153625837410206441e+05 -5.748870997710437514e+05 1.419571214517298504e+05 6.110169660530380206e+05 3.769395098701654351e+05 2.111495825208494352e+04 2.372624069719073595e+05 4.021511696374091844e+04 1.789599492892632261e+06 -1.402483180600736290e+06 -2.918525523784382385e+05 2.224834676038504578e+06 1.827145847131033952e+04 1.212094354380297940e+06 6.149484091647349996e+05 2.856809752129881643e+06 -6.415515111240254555e+03
2.794659201041723602e+06 -6.790136874352968298e+05 -1.059637455698891790e+04 -5.043090374653385952e+05 -9.359529534677478659e+04 1.193584404790584085e+04 -1.245251278696659210e+04 -1.938743359844125007e+04 1.927162197075604345e+05 4.728128069724077359e+06 1.617411068555866135e+06 -9.093743345440000994e+05 -5.590506233781587798e+05 3.216762891887981095e+05 -1.444682030261130712e+05 -3.801202478705290123e+05 -6.415515111240257283e+03 1.897306285575859714e+06
