# s_min=22
7.174587401539330184e+07 7.998992976439693943e+06 3.595623477790377568e+06 4.046493847348456271e+06 1.326123440196955111e+06 1.367832815376667306e+06 6.803128793626016704e+05 -2.701073881000827532e+05 2.432497045971530024e+05 -8.236312201565981843e+06 -4.469724478972970508e+06 2.272357415389363654e+06 5.984729039312946610e+06 -1.947421371441049501e+06 -3.799128092380587477e+06 -3.432503874290291220e+06 1.082956704248124268e+06 -6.649411442151058000e+05
7.998992976439693943e+06 3.507465196070384234e+07 1.557618697142550023e+06 -3.141912541514398064e+06 -1.702789894980460173e+06 6.162150573943598429e+05 -1.260646779605676653e+06 -4.938184377085844753e+05 5.532479016946756747e+04 1.366614306592920050e+07 1.684040093830490485e+07 6.874452896305915900e+06 3.456182219708722085e+06 -2.634549353071919177e+06 -3.240066531923626084e+06 2.652796311490335967e+06 -2.144615838236408308e+06 -2.567389883808864106e+05
3.595623477790376637e+06 1.557618697142550023e+06 7.473717116956756450e+06 -2.698476357027022750e+05 7.732902220155061223e+05 1.259742701353899669e+06 -3.793525494190561003e+05 -7.709121167760736716e+04 -2.061466114717441669e+05 8.489830843214165419e+06 5.946254826051929034e+06 2.748211913515757304e+06 1.879218737837190740e+06 3.659128566019166101e+03 1.060354345221328913e+04 -5.210513745111984463e+04 6.574271423071830068e+05 1.856889199245921191e+04
4.046493847348456271e+06 -3.141912541514398064e+06 -2.698476357027022168e+05 5.348205067385434173e+06 1.530914386980648385e+06 5.853221473083831370e+05 2.349062052265704842e+05 3.605685329584428691e+05 2.960870417173715541e+05 -3.188600569062182214e+06 -4.616247623038336169e+05 -2.050541280626866501e+06 1.963044692823900550e+05 -3.121361707686724258e+05 5.380705478049325757e+05 -7.048790642409049906e+04 2.951602094181717257e+04 7.659273736148455646e+05
1.326123440196954878e+06 -1.702789894980460173e+06 7.732902220155062387e+05 1.530914386980648385e+06 3.602111524441882502e+06 2.969247815700576175e+05 -1.097719024442313530e+05 1.816312526738529268e+05 3.644257827631020336e+05 6.125617794977035373e+06 -9.766624078587038675e+05 3.602279339005307411e+05 1.467213399484219262e+06 2.517072120440845378e+06 3.673751345827328623e+05 -7.229746198820210993e+05 3.104201682611744036e+05 5.303969308740535052e+05
1.367832815376667306e+06 6.162150573943598429e+05 1.259742701353899669e+06 5.853221473083831370e+05 2.969247815700576175e+05 1.618346107224045787e+06 1.386912803253204765e+04 2.091723390040247468e+05 1.039416323671163409e+05 -3.637023538386824075e+06 2.575235855617358757e+05 -3.607102369651442277e+05 -2.864132347211789456e+05 2.892658521744097816e+05 4.336182359834637609e+05 1.953379316816577339e+05 5.397021381180153694e+05 2.198136139427171438e+05
6.803128793626016704e+05 -1.260646779605676653e+06 -3.793525494190561003e+05 2.349062052265704260e+05 -1.097719024442313530e+05 1.386912803253204947e+04 1.216054874117497355e+06 2.503802091266881034e+05 -1.674509755838697019e+05 -3.126304302215686999e+06 -1.272237956183954375e+06 1.653424628876482020e+05 5.906907973582318518e+05 -2.699596850492930389e+05 -1.095827639499670295e+04 2.407307951683276333e+05 3.777583437615455477e+05 -4.454198472182691330e+04
-2.701073881000827532e+05 -4.938184377085845335e+05 -7.709121167760735261e+04 3.605685329584428691e+05 1.816312526738529559e+05 2.091723390040247468e+05 2.503802091266881034e+05 1.184663934817647096e+06 1.676170429803019215e+05 2.418874490309917892e+05 -3.835628737560971640e+05 -7.721370650392248062e+05 -6.225843932366893860e+05 5.495500368247755978e+04 -6.619760345900514221e+04 3.969346963120686123e+05 4.857334290993094328e+05 1.232385042993434217e+04
2.432497045971530315e+05 5.532479016946753836e+04 -2.061466114717441378e+05 2.960870417173715541e+05 3.644257827631020336e+05 1.039416323671163263e+05 -1.674509755838697019e+05 1.676170429803019506e+05 8.293458695557360770e+05 -7.160156051626768894e+05 -1.443575493369770236e+06 -8.049363904990096671e+03 3.534878772024133359e+05 2.608649454531007214e+05 -4.922713158918626868e+04 2.485215648260274247e+04 2.361378427151031501e+05 2.338151848249132454e+05
-8.236312201565982774e+06 1.366614306592919491e+07 8.489830843214165419e+06 -3.188600569062181748e+06 6.125617794977035373e+06 -3.637023538386824075e+06 -3.126304302215686999e+06 2.418874490309917310e+05 -7.160156051626767730e+05 3.308480327702353001e+08 4.408077547598959506e+07 1.474051522412778251e+07 -8.055126749744576402e+06 -2.123705857951609418e+06 2.283977583360989112e+06 -6.217041099642476067e+06 -4.139840664097589906e+06 1.558769119437049376e+06
-4.469724478972968645e+06 1.684040093830489740e+07 5.946254826051929034e+06 -4.616247623038336169e+05 -9.766624078587038675e+05 2.575235855617358757e+05 -1.272237956183954375e+06 -3.835628737560971640e+05 -1.443575493369770236e+06 4.408077547598959506e+07 1.009298528760657161e+08 1.842575394759450480e+07 6.427899804241266102e+06 -4.363555488961405121e+06 2.806955931335176807e+06 2.676386832707670052e+06 2.026633771176784066e+06 2.978272950719531309e+03
2.272357415389363654e+06 6.874452896305915900e+06 2.748211913515756838e+06 -2.050541280626866501e+06 3.602279339005306829e+05 -3.607102369651442277e+05 1.653424628876482020e+05 -7.721370650392248062e+05 -8.049363904990082119e+03 1.474051522412778251e+07 1.842575394759450480e+07 3.247968685666312277e+07 7.180929187944368459e+06 -2.907648300947569776e+06 -3.401988787602736615e+06 -3.092472774377233582e+05 6.574750498541295528e+05 5.819309170881615719e+05
5.984729039312946610e+06 3.456182219708722085e+06 1.879218737837190740e+06 1.963044692823899968e+05 1.467213399484219262e+06 -2.864132347211788874e+05 5.906907973582318518e+05 -6.225843932366893860e+05 3.534878772024133941e+05 -8.055126749744576402e+06 6.427899804241266102e+06 7.180929187944368459e+06 1.958681799886487797e+07 8.811990110361007974e+05 1.502032585584287997e+06 8.684273114737728611e+05 1.699747457139063161e+06 3.569290249642853742e+05
-1.947421371441049501e+06 -2.634549353071919177e+06 3.659128566019182017e+03 -3.121361707686725422e+05 2.517072120440845843e+06 2.892658521744098398e+05 -2.699596850492930971e+05 5.495500368247755978e+04 2.608649454531007214e+05 -2.123705857951609418e+06 -4.363555488961405121e+06 -2.907648300947569776e+06 8.811990110361005645e+05 7.202161914629196748e+06 1.870290755027842009e+06 -1.701433123125946382e+06 5.471395140800195513e+05 2.952373618203082005e+05
-3.799128092380587012e+06 -3.240066531923625618e+06 1.060354345221326366e+04 5.380705478049325757e+05 3.673751345827327459e+05 4.336182359834637609e+05 -1.095827639499670295e+04 -6.619760345900514221e+04 -4.922713158918627596e+04 2.283977583360989112e+06 2.806955931335177738e+06 -3.401988787602736615e+06 1.502032585584288230e+06 1.870290755027842009e+06 7.193180198812433518e+06 8.544756159907398978e+05 -1.572341916889025015e+05 1.369186116313516104e+05
-3.432503874290290754e+06 2.652796311490335502e+06 -5.210513745111984463e+04 -7.048790642409048451e+04 -7.229746198820210993e+05 1.953379316816577048e+05 2.407307951683275751e+05 3.969346963120686123e+05 2.485215648260274611e+04 -6.217041099642476067e+06 2.676386832707670052e+06 -3.092472774377234746e+05 8.684273114737727446e+05 -1.701433123125946382e+06 8.544756159907398978e+05 4.028193263975089882e+06 1.004574987259945832e+06 -4.329712612772634602e+05
1.082956704248124268e+06 -2.144615838236408308e+06 6.574271423071828904e+05 2.951602094181714710e+04 3.104201682611744618e+05 5.397021381180153694e+05 3.777583437615454895e+05 4.857334290993092582e+05 2.361378427151031210e+05 -4.139840664097589906e+06 2.026633771176784066e+06 6.574750498541294364e+05 1.699747457139063161e+06 5.471395140800195513e+05 -1.572341916889025888e+05 1.004574987259945832e+06 4.485038868566842750e+06 1.040509526412027335e+05
-6.649411442151058000e+05 -2.567389883808864688e+05 1.856889199245920827e+04 7.659273736148455646e+05 5.303969308740535052e+05 2.198136139427171147e+05 -4.454198472182694240e+04 1.232385042993434035e+04 2.338151848249132454e+05 1.558769119437049143e+06 2.978272950719530400e+03 5.819309170881616883e+05 3.569290249642853742e+05 2.952373618203082005e+05 1.369186116313516395e+05 -4.329712612772634602e+05 1.040509526412026753e+05 1.575065342874673428e+06
