# s_min=24
6.883219593375106156e+07 -1.867995171318209032e+06 -4.828184140539612621e+06 -3.163660007504925670e+04 -1.027490643028520164e+06 -1.332679086064267205e+06 -3.260862899409003439e+05 6.877277537125820527e+05 5.923028199358391576e+05 9.240528428417766467e+06 1.058906694598883204e+07 -7.029202690114159137e+06 -6.323783248964879662e+06 -8.018342620887731900e+05 -4.034940690470766742e+06 -4.189004114555681124e+06 -6.859994170051502297e+05 -1.330356178043029271e+06
-1.867995171318209032e+06 2.727711243152463809e+07 9.698930885543074692e+05 3.029501524786557420e+05 -1.105457731232300401e+06 8.646180250370751601e+05 -1.647591947856445622e+05 3.429814088596768561e+05 4.046944641655058367e+05 -8.788038526226816699e+06 1.551857865346129425e+07 5.078386545754218474e+06 -3.801932533682512585e+06 2.658592455156538635e+06 2.865023323834322859e+06 3.265119055346848909e+05 1.481399393334030465e+05 -4.862214699145901250e+05
-4.828184140539612621e+06 9.698930885543074692e+05 7.843402067053091712e+06 1.290990234135920182e+06 2.399948473674195120e+05 7.744198509894238086e+05 6.086289280336454976e+05 -3.224004857372812694e+05 4.751241611928748898e+05 -2.422067499102561269e+06 6.521956480956377462e+06 2.821300340692270081e+06 1.852211393855397357e+06 4.801018237732524867e+05 8.905168594040218159e+04 6.881481905847904272e+05 -1.000967765622827108e+06 4.650952642434123554e+05
-3.163660007504927853e+04 3.029501524786557420e+05 1.290990234135919949e+06 5.362960689517552033e+06 8.847349397724407027e+05 3.068323315103044733e+05 4.827769464694107301e+05 -4.316885899904992548e+05 -2.365148930639881874e+05 4.340658091751059517e+06 5.724131459632641636e+05 1.907950510924812406e+06 2.246003870274450164e+06 6.336298912009579362e+05 9.008574818443490658e+05 -1.215066868192887923e+05 -5.500825772100293543e+05 -5.468173437818330713e+05
-1.027490643028520164e+06 -1.105457731232300401e+06 2.399948473674194538e+05 8.847349397724405862e+05 2.242450808276574127e+06 1.423494397733444202e+04 -2.104033719951506282e+04 1.796650710403659614e+05 -1.541330600477805092e+04 3.900990618376829079e+05 1.114037466927828034e+06 5.921440711009618826e+05 1.879196677877981856e+05 9.191787749814389972e+05 1.256377349986764370e+06 -3.560842901173407445e+05 -2.832129585926047876e+05 -2.428141345553587598e+05
-1.332679086064267205e+06 8.646180250370751601e+05 7.744198509894236922e+05 3.068323315103044733e+05 1.423494397733444930e+04 1.060896910724652465e+06 1.760397542162119935e+05 1.274475378635055822e+05 6.432870341461952194e+04 2.357350173607847653e+06 3.691487170674586669e+05 1.211329572852829471e+06 8.080854020348136546e+05 8.512729667368177325e+05 4.254459358510702150e+05 1.236740483202891191e+05 -1.536963315957107989e+05 1.889556766499545483e+05
-3.260862899409004021e+05 -1.647591947856445622e+05 6.086289280336453812e+05 4.827769464694107301e+05 -2.104033719951505554e+04 1.760397542162119935e+05 9.808774349869266152e+05 -5.863343567264777084e+04 -4.713406591023251531e+04 -1.858942345586007694e+06 -4.491894295180213521e+05 1.211422175011661602e+05 2.915027851802597870e+05 -5.380546304572462395e+04 4.808616667819958529e+05 -9.471821334693735116e+04 -1.181449146010945697e+05 2.490341641658370791e+05
6.877277537125820527e+05 3.429814088596768561e+05 -3.224004857372812112e+05 -4.316885899904992548e+05 1.796650710403659323e+05 1.274475378635055531e+05 -5.863343567264778540e+04 8.740388895246075699e+05 1.264750001633340726e+05 -8.588640457922248170e+05 7.139665024163881317e+05 -2.885190189668143867e+05 -4.749739182409468340e+05 7.297274672854783712e+05 4.299493856194604450e+04 -6.215103501690094708e+04 2.073146829302098486e+05 1.309058729219142115e+05
5.923028199358391576e+05 4.046944641655058949e+05 4.751241611928748898e+05 -2.365148930639881582e+05 -1.541330600477804910e+04 6.432870341461952194e+04 -4.713406591023251531e+04 1.264750001633340726e+05 4.624007048932315665e+05 -4.569206943863589549e+05 1.395914183035263559e+06 1.975105580515691545e+05 1.374403276272225776e+05 1.831385101717706711e+05 1.374780362950011622e+05 -8.476809715342809795e+04 -8.602105061521839525e+04 2.920681329704670352e+05
9.240528428417768329e+06 -8.788038526226816699e+06 -2.422067499102561269e+06 4.340658091751059517e+06 3.900990618376829079e+05 2.357350173607847653e+06 -1.858942345586007694e+06 -8.588640457922248170e+05 -4.569206943863589549e+05 1.440141368228168786e+08 3.453638465753260534e+06 -4.938422158156079240e+06 8.891777586358651519e+06 3.341227163229464553e+06 -1.001287834442019463e+06 1.373762109820114914e+06 -2.565708638842837419e+06 -2.738497105516027659e+06
1.058906694598883204e+07 1.551857865346129425e+07 6.521956480956377462e+06 5.724131459632642800e+05 1.114037466927828267e+06 3.691487170674586087e+05 -4.491894295180213521e+05 7.139665024163881317e+05 1.395914183035263559e+06 3.453638465753260069e+06 8.252001339771790802e+07 1.443309726105226763e+07 -7.560046687668234110e+06 1.134330510460722027e+06 -1.946241195689881686e+06 4.423315675326045603e+05 3.039080976543534198e+05 8.354951276202092413e+05
-7.029202690114159137e+06 5.078386545754217543e+06 2.821300340692270081e+06 1.907950510924812406e+06 5.921440711009618826e+05 1.211329572852829471e+06 1.211422175011661602e+05 -2.885190189668143285e+05 1.975105580515691545e+05 -4.938422158156078309e+06 1.443309726105226763e+07 3.350498693130637333e+07 4.396808925051013008e+06 1.540794044975075405e+06 -1.394362920690894825e+05 4.744365262526959996e+05 -1.920701267565011280e+06 -1.454282906039908528e+06
-6.323783248964879662e+06 -3.801932533682513051e+06 1.852211393855397357e+06 2.246003870274450164e+06 1.879196677877981565e+05 8.080854020348138874e+05 2.915027851802597870e+05 -4.749739182409468340e+05 1.374403276272225776e+05 8.891777586358651519e+06 -7.560046687668234110e+06 4.396808925051013008e+06 1.815205171644369140e+07 2.912271381914407015e+06 2.166669327907951549e+06 5.631011922102089738e+05 -6.370335675492067821e+05 1.150659444987793453e+06
-8.018342620887729572e+05 2.658592455156539101e+06 4.801018237732524867e+05 6.336298912009579362e+05 9.191787749814389972e+05 8.512729667368177325e+05 -5.380546304572463850e+04 7.297274672854783712e+05 1.831385101717706711e+05 3.341227163229464553e+06 1.134330510460722260e+06 1.540794044975075172e+06 2.912271381914407015e+06 6.835567116929871030e+06 2.282353695902664214e+06 2.620171639645085670e+05 -1.505193323337008478e+05 2.553691743605217489e+05
-4.034940690470766742e+06 2.865023323834323790e+06 8.905168594040218159e+04 9.008574818443491822e+05 1.256377349986764137e+06 4.254459358510702150e+05 4.808616667819958529e+05 4.299493856194603723e+04 1.374780362950011622e+05 -1.001287834442019463e+06 -1.946241195689881686e+06 -1.394362920690894825e+05 2.166669327907951549e+06 2.282353695902664214e+06 7.168512138918588869e+06 9.170446223019973841e+05 -4.032496976147283567e+04 8.833208215852740686e+05
-4.189004114555681124e+06 3.265119055346848909e+05 6.881481905847904272e+05 -1.215066868192887632e+05 -3.560842901173408027e+05 1.236740483202891628e+05 -9.471821334693735116e+04 -6.215103501690091798e+04 -8.476809715342808340e+04 1.373762109820114681e+06 4.423315675326045603e+05 4.744365262526959996e+05 5.631011922102087410e+05 2.620171639645085670e+05 9.170446223019973841e+05 2.473208099161489867e+06 8.552437000603638589e+05 6.329240471197959268e+05
-6.859994170051503461e+05 1.481399393334030465e+05 -1.000967765622827108e+06 -5.500825772100293543e+05 -2.832129585926047876e+05 -1.536963315957107989e+05 -1.181449146010945551e+05 2.073146829302098486e+05 -8.602105061521839525e+04 -2.565708638842837419e+06 3.039080976543535362e+05 -1.920701267565011047e+06 -6.370335675492068985e+05 -1.505193323337008478e+05 -4.032496976147283567e+04 8.552437000603638589e+05 1.771071248802414164e+06 6.176422300012882333e+05
-1.330356178043029038e+06 -4.862214699145901250e+05 4.650952642434123554e+05 -5.468173437818330713e+05 -2.428141345553587598e+05 1.889556766499545483e+05 2.490341641658370791e+05 1.309058729219142260e+05 2.920681329704670352e+05 -2.738497105516027659e+06 8.354951276202091249e+05 -1.454282906039908761e+06 1.150659444987793453e+06 2.553691743605217489e+05 8.833208215852740686e+05 6.329240471197959268e+05 6.176422300012882333e+05 1.637873939260932850e+06
