# s_min=23
5.984962328887548298e+07 1.399627933909935877e+06 1.637793925323874690e+06 2.376232117669422645e+06 3.300363921334779821e+06 1.425937259897896321e+06 -1.700447595093162090e+05 -5.668816777381080901e+05 8.442031934666491579e+05 7.500239774910075963e+07 1.590953490531067923e+07 1.236203528570593335e+06 2.813574330326383933e+06 3.811966579555162229e+06 -6.315132178968845401e+05 -4.355536886426107027e+06 -2.020313577202757355e+06 -1.192251913228477351e+06
1.399627933909936110e+06 1.478676627594491839e+07 9.816044777516768081e+05 -5.325570404188026441e+05 2.260400766951865517e+05 7.636643399575807853e+05 2.178709421226725681e+05 5.176714092208601069e+05 3.194016039858160657e+05 3.343177815210402384e+07 6.874313583685048856e+06 -9.829374827055700589e+05 -1.641929560849115951e+05 9.861370275996880373e+05 9.439583553428382147e+05 7.937895396745231701e+05 -6.982622595210501458e+05 4.885896185726062977e+05
1.637793925323874690e+06 9.816044777516768081e+05 7.227581840613218024e+06 4.021490076398401288e+05 -2.022477192331919214e+05 -2.320410076448321051e+05 8.505290751826518681e+04 6.318199982578484342e+05 1.467563228766002576e+05 7.373140611282470636e+06 5.681068768797935918e+06 1.353023024482114939e+06 -7.804596663454362424e+05 -7.898409167836500274e+04 2.576334201946029498e+05 -4.737141778875861928e+04 1.457576369380731776e+05 -4.322882696281351382e+05
2.376232117669422645e+06 -5.325570404188026441e+05 4.021490076398401288e+05 4.632778561087769456e+06 3.371815616905988427e+05 -8.876204394300286367e+04 2.630431197704473743e+05 -5.168106722486223589e+04 -5.951092547892548464e+04 1.478660543629471911e+06 -1.273519773358807724e+05 3.445293422919409815e+06 1.228765337333728326e+06 5.973303546947267023e+04 1.530879109484963992e+05 1.604924899753479753e+06 -1.606862373239614863e+04 -2.013037085596733377e+05
3.300363921334779821e+06 2.260400766951866099e+05 -2.022477192331918341e+05 3.371815616905988427e+05 3.308510383089896757e+06 1.677436304451129399e+05 3.554662003057410475e+05 2.799154970882441266e+05 1.015524202188248455e+05 5.721183246394599788e+06 1.037577828463270795e+06 1.251643426234479062e+06 5.228019565634905593e+05 1.348271075816915603e+06 7.815752624431092991e+05 -4.921729487486805883e+05 2.963858233541151858e+05 4.079745855007358477e+04
1.425937259897896089e+06 7.636643399575807853e+05 -2.320410076448321634e+05 -8.876204394300286367e+04 1.677436304451129399e+05 1.670999724849542603e+06 2.623574931508364389e+05 1.664198446351999519e+04 5.935842523223491298e+04 3.039069395365313161e+06 -7.112537561449144268e+05 -1.276072937130487757e+06 -6.147590891718883067e+05 8.191634347801683180e+04 3.169326414684545598e+05 -1.647957104962114827e+05 3.881722135540583986e+04 6.758435820239520399e+04
-1.700447595093162090e+05 2.178709421226725390e+05 8.505290751826520136e+04 2.630431197704473743e+05 3.554662003057410475e+05 2.623574931508364389e+05 1.585798613608257845e+06 2.195311120963116991e+05 2.757893934231235180e+05 1.270647473455320345e+06 3.074723735598697676e+05 8.954496744398745941e+05 2.097878475117706403e+05 3.304078066387864237e+04 -1.428486137282191703e+04 7.038104899066281505e+05 -8.421264376338984584e+04 -2.261631434639351210e+05
-5.668816777381082065e+05 5.176714092208602233e+05 6.318199982578484342e+05 -5.168106722486224317e+04 2.799154970882441266e+05 1.664198446351999155e+04 2.195311120963116991e+05 6.644055184809289640e+05 1.935191932430586021e+05 1.177410985694807954e+06 2.209401173738681537e+05 9.639593090651030652e+05 3.796236763839286286e+05 4.886700051799530047e+05 1.406574205908036092e+05 -4.488179683571685746e+04 -2.067250503835523341e+04 -9.263116359620104777e+04
8.442031934666489251e+05 3.194016039858160075e+05 1.467563228766002576e+05 -5.951092547892548464e+04 1.015524202188248455e+05 5.935842523223492753e+04 2.757893934231235180e+05 1.935191932430586021e+05 6.597598280068262247e+05 2.078218406696795952e+06 -3.006442533413999481e+05 -4.350868836125725647e+05 -1.382364336022657226e+05 -1.565814461270433385e+05 2.706693220101436600e+05 4.748091514518135227e+03 -1.856072263243462658e+05 3.486621307671784889e+05
7.500239774910075963e+07 3.343177815210402384e+07 7.373140611282472499e+06 1.478660543629471911e+06 5.721183246394599788e+06 3.039069395365312696e+06 1.270647473455320345e+06 1.177410985694807954e+06 2.078218406696795952e+06 3.015638037695482373e+08 5.358701271921852976e+07 -2.884382272796393372e+06 -2.433460881906252820e+06 1.035131027343090065e+07 -2.374774681664623786e+06 -4.984949870998906903e+06 -4.563796794688888825e+06 -6.759086976406829199e+05
1.590953490531067923e+07 6.874313583685048856e+06 5.681068768797935918e+06 -1.273519773358808307e+05 1.037577828463270911e+06 -7.112537561449145433e+05 3.074723735598697676e+05 2.209401173738681537e+05 -3.006442533413999481e+05 5.358701271921852976e+07 9.322361487791952491e+07 1.750900534000881016e+06 -3.557752906251433305e+06 5.472822031160138547e+06 2.244530938156874850e+06 2.497185919320160057e+06 -1.086820768612100743e+06 2.290929452642270364e+06
1.236203528570593568e+06 -9.829374827055702917e+05 1.353023024482114939e+06 3.445293422919409815e+06 1.251643426234479062e+06 -1.276072937130487757e+06 8.954496744398745941e+05 9.639593090651030652e+05 -4.350868836125725647e+05 -2.884382272796393372e+06 1.750900534000881016e+06 3.097077602778828144e+07 1.327843433398584649e+07 2.556740490455619991e+06 4.376375327735345345e+05 1.107806075328808744e+06 9.217407533770972805e+04 -1.755654252674597781e+06
2.813574330326384399e+06 -1.641929560849115660e+05 -7.804596663454362424e+05 1.228765337333728326e+06 5.228019565634906176e+05 -6.147590891718883067e+05 2.097878475117705821e+05 3.796236763839286286e+05 -1.382364336022656644e+05 -2.433460881906252820e+06 -3.557752906251433305e+06 1.327843433398584276e+07 1.437701104891740717e+07 1.805171846512083663e+06 3.850921347196588758e+05 7.003918410412248923e+05 2.931088801660747849e+05 -2.772801667429103327e+04
3.811966579555162229e+06 9.861370275996878045e+05 -7.898409167836497363e+04 5.973303546947261930e+04 1.348271075816915138e+06 8.191634347801684635e+04 3.304078066387864965e+04 4.886700051799530047e+05 -1.565814461270433385e+05 1.035131027343090065e+07 5.472822031160138547e+06 2.556740490455619991e+06 1.805171846512083197e+06 6.148305218246050179e+06 -2.325491784410755499e+05 2.312005903028672037e+05 2.262834694177210913e+05 -2.128917046691254363e+05
-6.315132178968845401e+05 9.439583553428380983e+05 2.576334201946028625e+05 1.530879109484963992e+05 7.815752624431092991e+05 3.169326414684545598e+05 -1.428486137282192067e+04 1.406574205908035801e+05 2.706693220101436600e+05 -2.374774681664623786e+06 2.244530938156875316e+06 4.376375327735343599e+05 3.850921347196588758e+05 -2.325491784410755499e+05 5.547174174224227667e+06 -5.977261426355352160e+04 2.696809047828185139e+05 3.134912689035827061e+05
-4.355536886426107027e+06 7.937895396745228209e+05 -4.737141778875861201e+04 1.604924899753479986e+06 -4.921729487486805883e+05 -1.647957104962113954e+05 7.038104899066282669e+05 -4.488179683571686473e+04 4.748091514518141594e+03 -4.984949870998906903e+06 2.497185919320160057e+06 1.107806075328808744e+06 7.003918410412248923e+05 2.312005903028672328e+05 -5.977261426355354342e+04 4.177097176002214663e+06 4.827199539216465200e+05 7.729572679006637773e+05
-2.020313577202757355e+06 -6.982622595210501458e+05 1.457576369380731776e+05 -1.606862373239613771e+04 2.963858233541151858e+05 3.881722135540586896e+04 -8.421264376338988950e+04 -2.067250503835522977e+04 -1.856072263243462658e+05 -4.563796794688888825e+06 -1.086820768612100976e+06 9.217407533770969894e+04 2.931088801660747849e+05 2.262834694177210331e+05 2.696809047828185139e+05 4.827199539216465200e+05 2.437075542397067882e+06 2.248604711037380039e+05
-1.192251913228477351e+06 4.885896185726062977e+05 -4.322882696281351382e+05 -2.013037085596733959e+05 4.079745855007359205e+04 6.758435820239518944e+04 -2.261631434639351210e+05 -9.263116359620106232e+04 3.486621307671784889e+05 -6.759086976406829199e+05 2.290929452642270364e+06 -1.755654252674597781e+06 -2.772801667429103327e+04 -2.128917046691254363e+05 3.134912689035826479e+05 7.729572679006637773e+05 2.248604711037380621e+05 2.490704504197044764e+06
