# s_min=25
3.570320805442961305e+07 -1.157601180842172820e+06 2.736523532334441319e+06 -9.489045417089399416e+05 -2.665814933097161818e+06 4.503142079158794950e+05 5.490471798943758477e+05 3.759436776753301965e+05 -3.010182660511697759e+04 -3.920644821677155793e+06 9.510307117692749947e+06 -2.802844180028830306e+05 -2.262713318490060512e+06 8.902618223196003819e+05 -2.278265399272454961e+05 -2.625909073687614407e+06 -1.208847371410225605e+05 -1.698994722632909252e+05
-1.157601180842172587e+06 1.817425524956233799e+07 1.262974983317977283e+06 -1.122367848119153874e+06 1.548852739602102432e+06 1.942762817785585648e+05 5.446999551492590690e+05 5.987035000516879372e+05 -3.099803421023400151e+05 5.879538115553399548e+06 1.207657388254731335e+07 -3.341490981278179213e+06 4.948320282387193292e+05 -1.934964786279347260e+06 1.224091820042374544e+06 1.192505700111453887e+06 1.684386700345987047e+05 -1.295592564094403759e+06
2.736523532334441785e+06 1.262974983317977283e+06 8.813790645306449383e+06 3.056970267644899432e+05 -3.287932824295972241e+05 -3.215990100863747066e+05 -5.081867249696420040e+05 -2.778758113166503026e+05 -8.000687626078924222e+04 -1.398469037819866324e+06 2.079345751317019574e+06 3.127267935281943996e+06 1.295967075205996953e+05 1.251342001299812691e+06 -1.016961162735135527e+06 -1.048197138890379923e+06 8.475210164221324958e+05 7.230115317733236589e+05
-9.489045417089398252e+05 -1.122367848119153874e+06 3.056970267644899432e+05 3.213040420039048884e+06 1.164906526658861694e+05 1.005525500625027053e+05 -5.310134238002287457e+05 -1.527490250230529637e+05 -5.468986805492985877e+04 6.693645374098472297e+06 -5.676683803513651947e+05 1.716546752081553452e+06 2.115288201522245654e+05 7.434389969066263875e+05 9.299534802286936902e+05 1.587518758323873917e+05 -1.301234552019657713e+05 7.978764354534217855e+05
-2.665814933097161818e+06 1.548852739602102432e+06 -3.287932824295972241e+05 1.164906526658861403e+05 2.497320737059740815e+06 2.935674490226212656e+05 -7.767394171418331098e+04 2.221687180565989984e+05 -1.079946582765944186e+05 6.702258954581459053e+06 -5.056874187164941104e+05 -5.170744695520088135e+04 6.928845959035814740e+05 1.252728787010574015e+06 3.121212547872560099e+05 1.134678349621031521e+05 -3.764445430516171036e+05 -3.237133969705022173e+05
4.503142079158794950e+05 1.942762817785585648e+05 -3.215990100863747066e+05 1.005525500625027053e+05 2.935674490226212656e+05 1.322441644044194836e+06 1.268761333145121025e+05 1.800398039026331098e+05 1.468469720657758298e+05 3.654007154423944186e+06 6.399615874922821531e+05 1.331054249844197184e+05 -4.117859607455868390e+05 -1.239707475026520115e+05 1.528275094359136885e+06 -2.701434599607318523e+05 6.985431869734590873e+04 -3.120747611897013485e+03
5.490471798943758477e+05 5.446999551492590690e+05 -5.081867249696420040e+05 -5.310134238002287457e+05 -7.767394171418331098e+04 1.268761333145121025e+05 1.354123554425809998e+06 2.825994896800421993e+05 2.865788530082265788e+04 1.535258914526245324e+06 -1.986160920748745048e+04 2.612509607966784388e+05 1.140571703481250152e+05 -2.399095158981278946e+05 7.391355922231983859e+05 7.140470871097977506e+05 -2.401192281720499523e+04 -2.736055191064876853e+05
3.759436776753300801e+05 5.987035000516879372e+05 -2.778758113166503026e+05 -1.527490250230529928e+05 2.221687180565989984e+05 1.800398039026330807e+05 2.825994896800421993e+05 1.033330124784736312e+06 -2.789898104066674932e+04 2.110095768379961140e+06 -3.113331464804746211e+05 -4.403664119665271137e+05 1.883129293740646390e+05 -1.108159315240309516e+05 2.204438391331742459e+05 -1.473582354845466907e+05 3.621674721306319698e+05 1.710795231393914728e+05
-3.010182660511698487e+04 -3.099803421023400151e+05 -8.000687626078924222e+04 -5.468986805492985877e+04 -1.079946582765944040e+05 1.468469720657758298e+05 2.865788530082265788e+04 -2.789898104066674205e+04 6.902407179921973730e+05 4.121671425086059025e+04 -8.104356661915832665e+05 -2.032825638785675110e+05 -1.822653672868917056e+04 4.636221925066279073e+04 -5.251341240371088497e+04 3.582471235428946093e+05 1.603684932861675916e+05 1.567982738504714798e+05
-3.920644821677155793e+06 5.879538115553399548e+06 -1.398469037819866324e+06 6.693645374098472297e+06 6.702258954581459053e+06 3.654007154423944186e+06 1.535258914526245324e+06 2.110095768379961140e+06 4.121671425086060481e+04 2.526582948856510818e+08 5.051595806920342147e+07 2.310710869330141693e+07 -1.215258680914725875e+06 4.496038419143855572e+06 4.593219502348716371e+06 1.193954170021305094e+06 -5.407807127900421619e+05 1.021733146590227843e+06
9.510307117692749947e+06 1.207657388254730962e+07 2.079345751317019342e+06 -5.676683803513649618e+05 -5.056874187164940522e+05 6.399615874922822695e+05 -1.986160920748747958e+04 -3.113331464804746211e+05 -8.104356661915833829e+05 5.051595806920342147e+07 9.780622300868728757e+07 2.440593540065810829e+07 9.942478168341528624e+06 7.926328266607400961e+06 2.179391388437652786e+05 -4.886533541559311561e+05 -7.043852855617245659e+05 4.632694648406165070e+05
-2.802844180028832052e+05 -3.341490981278179213e+06 3.127267935281943996e+06 1.716546752081553452e+06 -5.170744695520085224e+04 1.331054249844197184e+05 2.612509607966784388e+05 -4.403664119665269973e+05 -2.032825638785675110e+05 2.310710869330141693e+07 2.440593540065810829e+07 3.818366584668511897e+07 6.213904971424471587e+06 3.273830940037422813e+06 -3.702397020203739521e+04 7.252319129287677351e+05 -1.185648602759880959e+02 2.603591224158941302e+06
-2.262713318490060512e+06 4.948320282387192128e+05 1.295967075205996953e+05 2.115288201522245654e+05 6.928845959035814740e+05 -4.117859607455868390e+05 1.140571703481249715e+05 1.883129293740646681e+05 -1.822653672868916692e+04 -1.215258680914725875e+06 9.942478168341528624e+06 6.213904971424471587e+06 1.727890096548776701e+07 4.494432275039934553e+06 -1.349967567871455336e+06 7.490812523667630740e+04 8.982893051044421736e+05 -1.078375531836110895e+05
8.902618223196004983e+05 -1.934964786279347492e+06 1.251342001299813390e+06 7.434389969066263875e+05 1.252728787010574015e+06 -1.239707475026520115e+05 -2.399095158981278946e+05 -1.108159315240309661e+05 4.636221925066279073e+04 4.496038419143855572e+06 7.926328266607400961e+06 3.273830940037422813e+06 4.494432275039934553e+06 8.197992476335141808e+06 -1.023482178944578976e+06 -3.631613390053375624e+05 -6.583167822816509215e+03 6.071375577859162586e+05
-2.278265399272454961e+05 1.224091820042374544e+06 -1.016961162735135178e+06 9.299534802286936902e+05 3.121212547872560681e+05 1.528275094359136885e+06 7.391355922231983859e+05 2.204438391331742168e+05 -5.251341240371087770e+04 4.593219502348716371e+06 2.179391388437652204e+05 -3.702397020203737338e+04 -1.349967567871455336e+06 -1.023482178944578976e+06 7.831314013246635906e+06 1.108454348495977232e+06 5.629761833740563452e+04 2.624308885895324638e+05
-2.625909073687614407e+06 1.192505700111453654e+06 -1.048197138890379923e+06 1.587518758323873917e+05 1.134678349621030939e+05 -2.701434599607318523e+05 7.140470871097977506e+05 -1.473582354845466907e+05 3.582471235428946093e+05 1.193954170021305326e+06 -4.886533541559310397e+05 7.252319129287675023e+05 7.490812523667629284e+04 -3.631613390053375042e+05 1.108454348495977232e+06 5.907925066607818007e+06 9.830307806971784448e+05 8.582269942061336769e+04
-1.208847371410225314e+05 1.684386700345987629e+05 8.475210164221324958e+05 -1.301234552019658004e+05 -3.764445430516170454e+05 6.985431869734595239e+04 -2.401192281720496976e+04 3.621674721306319698e+05 1.603684932861675916e+05 -5.407807127900420455e+05 -7.043852855617245659e+05 -1.185648602760069252e+02 8.982893051044422900e+05 -6.583167822816509215e+03 5.629761833740568545e+04 9.830307806971784448e+05 3.766899151898801792e+06 3.889157764329696656e+05
-1.698994722632908961e+05 -1.295592564094403759e+06 7.230115317733236589e+05 7.978764354534217855e+05 -3.237133969705021591e+05 -3.120747611897009392e+03 -2.736055191064876853e+05 1.710795231393914437e+05 1.567982738504714507e+05 1.021733146590227727e+06 4.632694648406165070e+05 2.603591224158941302e+06 -1.078375531836110895e+05 6.071375577859162586e+05 2.624308885895325220e+05 8.582269942061335314e+04 3.889157764329697238e+05 1.738054945993740112e+06
