# s_min=22
3.753792070222369581e+07 3.839469285965601448e+06 5.851192620233032358e+04 1.045715556673748215e+05 -3.801191877432151814e+05 5.285826714814246225e+04 -8.747294322406871652e+04 -1.283824185562649509e+05 3.276898855956644984e+05 3.103857521057872847e+07 1.325529763391233748e+06 9.150754347662810469e+05 -7.833963458705380559e+06 2.063773941323168809e+06 -1.240606832551438420e+05 -5.337561683250488713e+05 1.283723874132814351e+06 7.820985858579437481e+05
3.839469285965600517e+06 2.321555003229383379e+07 3.970294017041157465e+06 -6.529750955486630555e+05 -5.059097314442553034e+04 -3.555354534873791272e+05 -2.422153904221265984e+05 1.301405598658641429e+04 5.465380003044484329e+04 2.851821556959178671e+07 1.896857817769997939e+07 -4.749988999595430680e+06 -5.888206432456911542e+06 -1.754332057391768321e+06 -2.139605017170968349e+05 1.609843031776210992e+06 9.588725948413454462e+05 3.549404159843483358e+05
5.851192620233038178e+04 3.970294017041157465e+06 6.857034286810410209e+06 7.969702058760024374e+05 5.647343178864707006e+05 8.866622730292776832e+05 5.509818716741507524e+04 2.728300463518677279e+05 3.439170721439699992e+04 -2.986490049918181729e+06 3.939561972286916804e+06 3.149281154554017354e+06 -6.999176922874546144e+05 1.631344506465774961e+06 8.114182916028078180e+05 6.824065136184034636e+05 -5.407808453116442543e+05 -2.277355847066080605e+05
1.045715556673748506e+05 -6.529750955486630555e+05 7.969702058760024374e+05 3.922070676975337323e+06 -2.949238580689071678e+05 6.163487963796883123e+05 6.879622876532975351e+04 -2.794680096215955564e+05 2.408989323163678055e+05 3.800628551475031301e+06 -1.112026933071156498e+06 -1.766064775547410245e+05 -3.973315956659479998e+05 9.882090389765542932e+05 4.149171910124812857e+05 -3.132455237453378504e+05 2.036771233362274070e+05 1.078428653912278824e+05
-3.801191877432151814e+05 -5.059097314442553761e+04 5.647343178864707006e+05 -2.949238580689072260e+05 2.250309788638236001e+06 7.499111689330743684e+04 3.534953794602466514e+05 3.632207229461478710e+04 1.727593689595764736e+05 -5.289938712314650184e+05 1.662877409323998436e+05 5.622094007646979298e+05 1.558541072737089999e+05 8.596117188110775314e+05 3.114393992613328010e+04 2.235427514293350105e+05 -1.948758150317267864e+05 -1.636032204490086879e+05
5.285826714814246225e+04 -3.555354534873791272e+05 8.866622730292777997e+05 6.163487963796883123e+05 7.499111689330743684e+04 1.699615250787814846e+06 1.419471022300624463e+05 -6.515810123435663991e+04 -3.395585293131146464e+05 8.021583675966664450e+05 9.306021381617659063e+04 7.056458202499621548e+05 2.384983168124445947e+05 6.598246669708247064e+05 4.463637114970118855e+05 -4.370942670634003007e+05 1.342389000214447733e+05 3.221322476940539127e+04
-8.747294322406877473e+04 -2.422153904221265402e+05 5.509818716741508251e+04 6.879622876532975351e+04 3.534953794602466514e+05 1.419471022300624463e+05 1.543402632611098234e+06 4.178495686802438577e+05 -1.085696684769829153e+04 4.517653278648057021e+05 -9.361210246748800855e+05 4.045864981706487597e+05 1.589536291030410212e+05 1.019234236225331406e+05 1.546039589206333912e+05 2.865878886932031019e+05 9.897931941294317949e+04 2.323231001161714084e+05
-1.283824185562649509e+05 1.301405598658641429e+04 2.728300463518677279e+05 -2.794680096215955564e+05 3.632207229461480165e+04 -6.515810123435663263e+04 4.178495686802438577e+05 1.092951429388908437e+06 5.592456780508025258e+04 1.706920057021023938e+06 4.579884136999399634e+05 3.400115470424061641e+05 -1.887503383375362610e+05 -3.981600525310573721e+04 4.637564778124783334e+04 3.632782162007489242e+05 1.761633288362089661e+04 6.655433292157248070e+04
3.276898855956644984e+05 5.465380003044485056e+04 3.439170721439697081e+04 2.408989323163678055e+05 1.727593689595764736e+05 -3.395585293131147628e+05 -1.085696684769829699e+04 5.592456780508025258e+04 7.650195931025210302e+05 7.339338067359550623e+05 2.668380527884028852e+05 -5.216587605164586566e+05 -1.194187781944286107e+05 2.213556479554162070e+05 1.715146943180920789e+05 1.249291455916791019e+05 2.514285758277522400e+05 5.920442218125755608e+04
3.103857521057872847e+07 2.851821556959178671e+07 -2.986490049918181729e+06 3.800628551475032233e+06 -5.289938712314650184e+05 8.021583675966664450e+05 4.517653278648057021e+05 1.706920057021023938e+06 7.339338067359550623e+05 4.185308343222100139e+08 8.736560269816595316e+07 1.837699632701390982e+07 -2.115046862218042836e+07 7.878082415992929600e+06 8.226831240760471672e+06 8.549813998483924195e+06 7.517911002774126828e+06 2.827421011839471292e+06
1.325529763391233981e+06 1.896857817769997939e+07 3.939561972286916338e+06 -1.112026933071156498e+06 1.662877409323998145e+05 9.306021381617659063e+04 -9.361210246748797363e+05 4.579884136999399634e+05 2.668380527884029434e+05 8.736560269816595316e+07 8.928599562025099993e+07 2.385107450039268285e+07 -6.541965450477162376e+06 3.246660075963103678e+06 3.665671971542114392e+06 2.709530118676385377e+06 8.691475634617757751e+05 7.641022129084396875e+05
9.150754347662809305e+05 -4.749988999595430680e+06 3.149281154554017354e+06 -1.766064775547410245e+05 5.622094007646980463e+05 7.056458202499621548e+05 4.045864981706487597e+05 3.400115470424062223e+05 -5.216587605164587148e+05 1.837699632701390982e+07 2.385107450039268285e+07 3.113069283657472581e+07 3.040656245424348861e+06 3.502094794661296997e+06 3.437735149200139567e+06 4.272632950019183336e+05 -6.444421326690517599e+05 1.413067916988510697e+05
-7.833963458705380559e+06 -5.888206432456911542e+06 -6.999176922874547308e+05 -3.973315956659480580e+05 1.558541072737089999e+05 2.384983168124445947e+05 1.589536291030409920e+05 -1.887503383375362610e+05 -1.194187781944286107e+05 -2.115046862218042836e+07 -6.541965450477162376e+06 3.040656245424348861e+06 1.661315081956685521e+07 7.551423006956212921e+05 6.488172894290714758e+05 -5.029195318219769397e+05 -1.119186020947209559e+06 1.759705445364807965e+05
2.063773941323169274e+06 -1.754332057391768554e+06 1.631344506465774961e+06 9.882090389765542932e+05 8.596117188110775314e+05 6.598246669708247064e+05 1.019234236225331551e+05 -3.981600525310573721e+04 2.213556479554162361e+05 7.878082415992929600e+06 3.246660075963103678e+06 3.502094794661296066e+06 7.551423006956212921e+05 9.462320925539689139e+06 1.018086381069766823e+06 -1.170151595058494247e+06 -2.202234147017310606e+05 -2.497238483243696392e+05
-1.240606832551439002e+05 -2.139605017170968931e+05 8.114182916028074687e+05 4.149171910124813439e+05 3.114393992613326918e+04 4.463637114970119437e+05 1.546039589206333912e+05 4.637564778124781878e+04 1.715146943180920789e+05 8.226831240760471672e+06 3.665671971542114392e+06 3.437735149200139567e+06 6.488172894290714758e+05 1.018086381069766823e+06 3.957766443902686704e+06 5.602521761989304796e+05 -2.830799808317928691e+05 3.837074328595016268e+05
-5.337561683250487549e+05 1.609843031776210992e+06 6.824065136184033472e+05 -3.132455237453378504e+05 2.235427514293349814e+05 -4.370942670634004753e+05 2.865878886932030437e+05 3.632782162007488660e+05 1.249291455916791165e+05 8.549813998483924195e+06 2.709530118676385377e+06 4.272632950019183918e+05 -5.029195318219768815e+05 -1.170151595058494247e+06 5.602521761989304796e+05 4.301849882563474588e+06 1.416175556158927975e+04 -1.097306431609567662e+05
1.283723874132814119e+06 9.588725948413454462e+05 -5.407808453116442543e+05 2.036771233362274361e+05 -1.948758150317268155e+05 1.342389000214448315e+05 9.897931941294316493e+04 1.761633288362089297e+04 2.514285758277522691e+05 7.517911002774126828e+06 8.691475634617758915e+05 -6.444421326690517599e+05 -1.119186020947209094e+06 -2.202234147017310606e+05 -2.830799808317928109e+05 1.416175556158927611e+04 2.444880495219243690e+06 4.999976403067896608e+05
7.820985858579437481e+05 3.549404159843483940e+05 -2.277355847066080896e+05 1.078428653912278678e+05 -1.636032204490086879e+05 3.221322476940539491e+04 2.323231001161714084e+05 6.655433292157248070e+04 5.920442218125755608e+04 2.827421011839471292e+06 7.641022129084399203e+05 1.413067916988510988e+05 1.759705445364807674e+05 -2.497238483243695810e+05 3.837074328595016268e+05 -1.097306431609567226e+05 4.999976403067896608e+05 2.637463166225747671e+06
