# s_min=20
6.216172590354041755e+07 1.269717669496059231e+07 3.102696378976976033e+06 -2.795852014984430280e+05 -8.292855303546771174e+05 -6.989582482796778204e+05 2.469329009693690459e+05 8.714179544386349153e+05 -1.941728309947596572e+05 -3.959826737219395582e+06 -8.361110938522486016e+06 2.160738893551958725e+06 -4.650993818814516999e+06 -3.060461210839498322e+06 3.196304245318243280e+06 -1.098406767254262231e+06 -1.338733696837187279e+06 5.892436449745969148e+05
1.269717669496059231e+07 2.581360601599376649e+07 2.563237518866936676e+06 -7.121862469047792256e+05 -5.060293525101285777e+05 1.710826605231272988e+05 3.359603631266210577e+05 3.509474125161204138e+05 2.950815565701490268e+05 1.193732211548693478e+07 1.420320887821752951e+07 -3.818791980380530003e+06 8.675435191196526866e+05 3.920942875170763582e+06 1.797884012611988932e+06 -1.115012335036303848e+06 -1.413293236131479032e+06 -6.216990698993575061e+05
3.102696378976975102e+06 2.563237518866936211e+06 9.157552894401820377e+06 3.093589058650889900e+06 6.367949925167224137e+04 1.232337135389452014e+05 7.234365492799984349e+04 2.509658158811053436e+05 -6.651873048238844785e+04 1.449046426973816380e+07 2.960478249585931655e+06 6.999718128025324084e+06 5.829910171190857887e+06 1.208892184171589091e+06 1.440500895986845018e+06 -1.727054018124211580e+06 1.785397040250420978e+05 4.561657317419021638e+03
-2.795852014984429698e+05 -7.121862469047795748e+05 3.093589058650889434e+06 4.625564994638742879e+06 1.024596794693677686e+06 4.034463952319905511e+05 2.994637343920947751e+05 6.765007057293760590e+05 4.108136548077969928e+04 9.755582503108544275e+06 -1.582413695369719644e+05 3.113170817881773692e+06 2.713371555415969808e+06 8.803724226933280006e+05 6.169689844796123216e+05 -5.782800384621528210e+05 -8.320672385157204699e+05 -2.750146395329536172e+05
-8.292855303546771174e+05 -5.060293525101285777e+05 6.367949925167227047e+04 1.024596794693677686e+06 2.701374395776655991e+06 4.438502459932411439e+05 3.336964065042402362e+05 2.875066459217058728e+05 3.584007429540459998e+04 3.673609248605452012e+06 1.538782807492955762e+05 -1.074046932641024701e+06 -3.038348076622993103e+05 1.376625893865067919e+05 -1.002065944605908771e+04 -2.923783785453765304e+05 1.686199214829215198e+05 8.849253471962045296e+04
-6.989582482796779368e+05 1.710826605231272988e+05 1.232337135389452305e+05 4.034463952319905511e+05 4.438502459932411439e+05 1.576446217312496854e+06 2.009780090537884098e+05 2.428567775992853276e+05 2.594144537049470237e+05 3.698724162244052161e+06 -4.357644952739479486e+05 -7.673529143356115092e+05 -2.314586401040940545e+05 -4.229385917640928528e+05 7.542494979737594258e+05 5.895580547877248318e+04 -9.545754980512151087e+04 -3.473590028301826096e+05
2.469329009693690168e+05 3.359603631266210577e+05 7.234365492799985805e+04 2.994637343920947751e+05 3.336964065042402945e+05 2.009780090537884389e+05 1.215558704552203184e+06 2.669545580346858478e+05 6.333122887268994236e+04 -1.191937021198854316e+06 -1.270320710890727350e+06 -2.827962293051877059e+05 -2.184724404959080275e+05 -1.110016100818282866e+05 -4.039419308887615625e+04 4.435060000655197073e+05 1.861875424789767130e+05 -9.784306055613594071e+04
8.714179544386349153e+05 3.509474125161204720e+05 2.509658158811053436e+05 6.765007057293760590e+05 2.875066459217058728e+05 2.428567775992853276e+05 2.669545580346857896e+05 1.043569369270649739e+06 1.491083245803062164e+05 1.749933540814394597e+06 -9.224405241311580176e+05 -9.896341163840559311e+05 -1.893433222125340835e+05 3.913545387431586278e+05 3.132959708530163043e+05 2.369401168016956944e+05 -2.410320386251209129e+04 4.911863760378329607e+04
-1.941728309947595990e+05 2.950815565701490850e+05 -6.651873048238846241e+04 4.108136548077969928e+04 3.584007429540459270e+04 2.594144537049470237e+05 6.333122887268994236e+04 1.491083245803062164e+05 7.245350776270421920e+05 -7.969178353181848070e+05 -3.219174165315378923e+05 -3.925869529252592474e+05 9.734820277097775033e+03 -2.252668104724273689e+03 -1.633721304192999087e+05 8.708655710872742929e+03 -9.689184948005706246e+04 9.649453347703405598e+04
-3.959826737219395582e+06 1.193732211548693478e+07 1.449046426973816380e+07 9.755582503108544275e+06 3.673609248605452012e+06 3.698724162244052161e+06 -1.191937021198854549e+06 1.749933540814394597e+06 -7.969178353181848070e+05 2.118130336530417800e+08 4.668653073931737989e+07 2.307671210592065472e+06 1.609362474497460946e+07 8.245967259290478192e+06 6.272175573498634622e+05 -4.776722102034488693e+06 4.499867331272747833e+04 -9.898392649202592438e+05
-8.361110938522487879e+06 1.420320887821753323e+07 2.960478249585931655e+06 -1.582413695369721099e+05 1.538782807492955762e+05 -4.357644952739478904e+05 -1.270320710890727350e+06 -9.224405241311580176e+05 -3.219174165315378923e+05 4.668653073931737989e+07 7.474436089405016601e+07 7.154514761673566885e+06 6.762952100368769839e+06 1.051751167886711424e+06 2.869504569194763433e+06 -2.315467411953969393e+06 -1.791388658299070317e+06 1.425990929077242268e+06
2.160738893551959191e+06 -3.818791980380530469e+06 6.999718128025324084e+06 3.113170817881773692e+06 -1.074046932641024236e+06 -7.673529143356116256e+05 -2.827962293051877059e+05 -9.896341163840558147e+05 -3.925869529252592474e+05 2.307671210592065006e+06 7.154514761673568748e+06 4.391453508459275961e+07 1.208023746405731700e+07 -4.367256356561682187e+06 -3.665034336070052814e+05 6.640027241772389971e+05 -2.151160724440903869e+06 -3.353447110968878260e+05
-4.650993818814516999e+06 8.675435191196526866e+05 5.829910171190858819e+06 2.713371555415970273e+06 -3.038348076622993685e+05 -2.314586401040939963e+05 -2.184724404959080275e+05 -1.893433222125340835e+05 9.734820277097762300e+03 1.609362474497460946e+07 6.762952100368769839e+06 1.208023746405731700e+07 1.590747858545901999e+07 2.478761413218542002e+06 1.596031248708399013e+06 -1.888578051638899487e+05 -6.196830158967908937e+05 -4.424106803551783087e+05
-3.060461210839498788e+06 3.920942875170763116e+06 1.208892184171589091e+06 8.803724226933277678e+05 1.376625893865067919e+05 -4.229385917640927946e+05 -1.110016100818282721e+05 3.913545387431586860e+05 -2.252668104724270052e+03 8.245967259290477261e+06 1.051751167886711424e+06 -4.367256356561682187e+06 2.478761413218542002e+06 8.209236508469645865e+06 -1.681427313378794352e+05 -2.533402918243338063e+05 5.545200760676090140e+05 -2.459773348406286095e+05
3.196304245318243280e+06 1.797884012611988932e+06 1.440500895986845018e+06 6.169689844796123216e+05 -1.002065944605908044e+04 7.542494979737594258e+05 -4.039419308887617080e+04 3.132959708530162461e+05 -1.633721304192998505e+05 6.272175573498633457e+05 2.869504569194763433e+06 -3.665034336070052814e+05 1.596031248708398780e+06 -1.681427313378795225e+05 6.002040575482230633e+06 9.661306262939356384e+04 -3.179413883037720807e+05 -4.045346432143176789e+05
-1.098406767254262464e+06 -1.115012335036303848e+06 -1.727054018124212045e+06 -5.782800384621527046e+05 -2.923783785453764722e+05 5.895580547877249774e+04 4.435060000655197073e+05 2.369401168016956362e+05 8.708655710872753843e+03 -4.776722102034488693e+06 -2.315467411953969393e+06 6.640027241772389971e+05 -1.888578051638898905e+05 -2.533402918243337772e+05 9.661306262939359294e+04 3.493804749072656967e+06 1.898227141176794830e+05 1.290912530759489600e+05
-1.338733696837187279e+06 -1.413293236131479032e+06 1.785397040250421269e+05 -8.320672385157202370e+05 1.686199214829215198e+05 -9.545754980512153998e+04 1.861875424789767130e+05 -2.410320386251210221e+04 -9.689184948005709157e+04 4.499867331272745650e+04 -1.791388658299070550e+06 -2.151160724440903869e+06 -6.196830158967908937e+05 5.545200760676090140e+05 -3.179413883037721389e+05 1.898227141176794248e+05 2.709228050641568843e+06 2.598035413983095204e+05
5.892436449745971477e+05 -6.216990698993573897e+05 4.561657317419026185e+03 -2.750146395329536172e+05 8.849253471962046751e+04 -3.473590028301826096e+05 -9.784306055613591161e+04 4.911863760378329607e+04 9.649453347703405598e+04 -9.898392649202592438e+05 1.425990929077242268e+06 -3.353447110968878260e+05 -4.424106803551782505e+05 -2.459773348406286095e+05 -4.045346432143178536e+05 1.290912530759489455e+05 2.598035413983095495e+05 2.915713164479198400e+06
