# s_min=25
5.964181997698413581e+07 -1.001105369563499698e+05 5.306487295538857579e+06 1.434599842098778812e+06 4.601282328150350600e+06 -3.100836981130190543e+05 2.424899074246232631e+05 -4.374247201232039370e+05 1.624299177562487894e+05 1.589407766948665492e+07 -1.027514926333942451e+07 -5.130470951192565262e+06 -3.408316879368706141e+06 -2.655738050273850095e+05 2.560974440964934416e+06 6.947519645772391232e+05 -2.445981133903960581e+05 4.438593714715697570e+04
-1.001105369563499553e+05 2.318326771085144579e+07 3.562802038694758434e+06 1.882842716071429197e+06 1.450428810395844979e+06 1.378389545215316815e+06 8.661326386691090884e+05 3.769965890526641742e+05 4.202012577671288163e+05 3.101316887054292951e+06 8.104179849348180927e+06 3.581761736824164167e+06 -1.401581628293972230e+06 -2.485229305929554102e+05 2.252324329472751822e+06 2.384440523714592215e+06 1.079500999635395128e+06 -1.316426145010589622e+06
5.306487295538859442e+06 3.562802038694758434e+06 6.229263060303444043e+06 2.224968603555546608e+06 8.187322054336334113e+05 -1.256737984366239980e+05 -2.217519912657355890e+05 -1.626517408639808491e+04 -1.224846490405569202e+05 -1.541443250439484138e+06 8.382436833401846234e+05 -8.108182064274707809e+05 1.094477832571763545e+06 7.132449209169512615e+05 1.809021946015627589e+06 1.268034090053115506e+06 4.207420772078020964e+05 -2.796230855047791847e+05
1.434599842098778812e+06 1.882842716071429197e+06 2.224968603555546608e+06 4.664842018414623104e+06 1.047094730105294730e+06 9.039424148471161607e+04 1.848529590233615309e+05 1.199860540063217777e+05 1.851244952278844139e+05 4.461814493882049806e+06 -2.174952587141155731e+06 -2.154118167070234660e+06 1.756560489965445828e+06 1.007375580214545946e+06 1.352669633221887518e+06 3.514212141176057630e+05 4.977431935915793874e+05 -2.491882717673379011e+04
4.601282328150350600e+06 1.450428810395844746e+06 8.187322054336335277e+05 1.047094730105294613e+06 3.215896487960996106e+06 6.314851357140565524e+05 1.409461389340083406e+05 3.049004760553774540e+05 5.152007539277544856e+04 -2.092014254604888614e+06 1.051858997155779973e+06 -1.891199541642526863e+06 -2.524056296997112688e+06 9.513726422315076343e+04 7.941605252193857450e+05 -2.646818213766005356e+05 4.379600822330656229e+05 -2.972877147217983729e+05
-3.100836981130190543e+05 1.378389545215316815e+06 -1.256737984366239834e+05 9.039424148471163062e+04 6.314851357140565524e+05 1.702528471043331316e+06 1.845487032781365269e+05 3.109855499281447846e+05 2.812907474197608535e+05 -5.078609179180880077e+06 -2.102873567095294595e+06 -3.356934359547150234e+04 -2.191214207003342453e+06 -3.835872727971951826e+05 -8.294299118819621799e+04 -9.097907739706947177e+04 1.172008215173666104e+05 -4.872873905253869598e+05
2.424899074246232340e+05 8.661326386691089720e+05 -2.217519912657355890e+05 1.848529590233615309e+05 1.409461389340083697e+05 1.845487032781364978e+05 1.296277480338588590e+06 -1.054778032099795528e+05 -7.609297831469791709e+04 2.796363672279476188e+06 -1.115410042469787411e+06 -7.879591337763555930e+04 1.441331887103975751e+05 -2.432022172303599655e+05 -3.644123930529778008e+05 -6.330047599142581748e+04 2.907201981503291172e+05 1.012168606451676351e+04
-4.374247201232039370e+05 3.769965890526642324e+05 -1.626517408639808127e+04 1.199860540063217632e+05 3.049004760553774540e+05 3.109855499281447846e+05 -1.054778032099795673e+05 7.475882503301546676e+05 1.461234886094581161e+05 -2.822719470171078108e+06 -1.752278931219781516e+06 -5.210106276488988660e+05 -6.798270895740817068e+05 -1.688900271303065820e+05 1.714805261170862359e+05 -2.719937117047155698e+04 4.554492456169482903e+05 7.637131918215505721e+04
1.624299177562488185e+05 4.202012577671288163e+05 -1.224846490405569202e+05 1.851244952278844139e+05 5.152007539277546311e+04 2.812907474197608535e+05 -7.609297831469791709e+04 1.461234886094581161e+05 5.759925786409935681e+05 -5.678427855494233081e+05 -1.040843185738041415e+06 -4.948285726535776630e+05 -2.506380306288547290e+05 9.839756013395357513e+03 2.184469850144045777e+05 -8.989041636834695964e+03 1.989048553325964604e+05 1.942641889217712451e+05
1.589407766948665492e+07 3.101316887054292951e+06 -1.541443250439484138e+06 4.461814493882049806e+06 -2.092014254604888614e+06 -5.078609179180880077e+06 2.796363672279476188e+06 -2.822719470171078108e+06 -5.678427855494233081e+05 2.746648608684595227e+08 2.274996614609445632e+07 -1.066880311097997800e+07 1.530131999101660587e+07 6.513457129479075782e+06 -2.487424894252007827e+06 -3.473423062324918574e+05 -1.198161352070833091e+06 -1.502122786174925277e+06
-1.027514926333942264e+07 8.104179849348180927e+06 8.382436833401845070e+05 -2.174952587141155731e+06 1.051858997155779740e+06 -2.102873567095294595e+06 -1.115410042469787411e+06 -1.752278931219781516e+06 -1.040843185738041415e+06 2.274996614609445632e+07 1.130482932927058339e+08 2.355629273440644518e+07 2.672725161036435049e+06 -4.058711181667484809e+06 -3.383705422274094075e+06 5.616541541743794223e+05 -2.507313758803631645e+06 2.189887320440478623e+06
-5.130470951192564331e+06 3.581761736824164633e+06 -8.108182064274707809e+05 -2.154118167070234660e+06 -1.891199541642526863e+06 -3.356934359547148051e+04 -7.879591337763555930e+04 -5.210106276488988660e+05 -4.948285726535776630e+05 -1.066880311097997986e+07 2.355629273440644518e+07 4.420046871831489354e+07 7.775906971388986334e+06 2.267024779318335000e+06 -8.247264992103131954e+04 -5.308356420956144575e+05 -1.621131586612656945e+06 -8.612472350531874690e+05
-3.408316879368705675e+06 -1.401581628293972230e+06 1.094477832571763545e+06 1.756560489965445828e+06 -2.524056296997112688e+06 -2.191214207003342453e+06 1.441331887103975751e+05 -6.798270895740817068e+05 -2.506380306288547290e+05 1.530131999101660587e+07 2.672725161036435049e+06 7.775906971388987266e+06 2.515995328509075567e+07 4.873877992421272211e+06 1.629048435980968177e+06 1.129713766249055509e+06 -9.284150312427773606e+05 2.496597331490098964e+06
-2.655738050273849512e+05 -2.485229305929554394e+05 7.132449209169512615e+05 1.007375580214546062e+06 9.513726422315080708e+04 -3.835872727971951826e+05 -2.432022172303599364e+05 -1.688900271303065820e+05 9.839756013395361151e+03 6.513457129479075782e+06 -4.058711181667484809e+06 2.267024779318335000e+06 4.873877992421272211e+06 9.781857453313006088e+06 5.912647473806831986e+06 2.923476432191371452e+06 3.128250625103042694e+05 4.019972817536471412e+05
2.560974440964934416e+06 2.252324329472751822e+06 1.809021946015627822e+06 1.352669633221887751e+06 7.941605252193859778e+05 -8.294299118819621799e+04 -3.644123930529778590e+05 1.714805261170862068e+05 2.184469850144046068e+05 -2.487424894252007827e+06 -3.383705422274095006e+06 -8.247264992103131954e+04 1.629048435980967944e+06 5.912647473806831054e+06 7.709878373215041123e+06 3.179450056509045418e+06 5.642639632901392179e+05 -1.201375393121138477e+05
6.947519645772391232e+05 2.384440523714592215e+06 1.268034090053115506e+06 3.514212141176058212e+05 -2.646818213766005356e+05 -9.097907739706948632e+04 -6.330047599142580293e+04 -2.719937117047154970e+04 -8.989041636834701421e+03 -3.473423062324919738e+05 5.616541541743794223e+05 -5.308356420956145739e+05 1.129713766249055509e+06 2.923476432191371452e+06 3.179450056509045418e+06 4.643736249228631146e+06 3.038341155720013776e+05 2.659004176169955463e+04
-2.445981133903960581e+05 1.079500999635394895e+06 4.207420772078020964e+05 4.977431935915793874e+05 4.379600822330656229e+05 1.172008215173666249e+05 2.907201981503291172e+05 4.554492456169483485e+05 1.989048553325964604e+05 -1.198161352070833091e+06 -2.507313758803632110e+06 -1.621131586612656713e+06 -9.284150312427773606e+05 3.128250625103042112e+05 5.642639632901392179e+05 3.038341155720013776e+05 1.562478663013405632e+06 3.652484551997214294e+04
4.438593714715694659e+04 -1.316426145010589855e+06 -2.796230855047791847e+05 -2.491882717673380466e+04 -2.972877147217983147e+05 -4.872873905253869598e+05 1.012168606451675623e+04 7.637131918215505721e+04 1.942641889217712160e+05 -1.502122786174925044e+06 2.189887320440478157e+06 -8.612472350531873526e+05 2.496597331490098964e+06 4.019972817536470247e+05 -1.201375393121138186e+05 2.659004176169955826e+04 3.652484551997214294e+04 2.091187546497843461e+06
