# s_min=22
7.931659325187997520e+07 1.433922611148731783e+07 4.421017996605367400e+06 1.811220062158046523e+06 2.123543542717750650e+06 1.104416026655525435e+06 -2.026593028130854364e+05 -7.314857844843820203e+05 1.679898364942000480e+05 4.585644349909330159e+07 -2.248787842117888853e+07 -9.228145269866766408e+06 4.859138283770477399e+06 -3.265522361040809192e+06 1.229052116703727515e+06 -8.361440474781466182e+05 9.284150841175686219e+04 -7.730676050453102216e+05
1.433922611148731783e+07 1.874838571003435180e+07 6.676459466776390327e+05 1.403297113479085674e+05 1.287162235807147110e+06 1.166685477089883527e+06 5.969743165366702015e+05 -3.252544443719034316e+05 5.997972238239485887e+04 8.918920436607861193e+05 7.204445606284445385e+05 -1.570352122697148006e+06 1.578321612633230397e+06 -9.417747893216487719e+05 -1.641605871013009455e+05 5.088979700534010190e+05 -5.898672725406511745e+04 -6.087774098814904573e+04
4.421017996605367400e+06 6.676459466776390327e+05 1.029785047674253769e+07 1.103386733391070273e+06 2.910918597629966098e+05 2.835423449880274711e+05 -5.923021906059493776e+05 5.233879458646506828e+04 -9.916480921322248469e+04 8.221918177041965537e+06 8.913598863213410368e+05 7.322828221058061346e+06 5.548710288749055937e+06 8.383974681885889731e+05 5.216442488043861813e+05 7.293774374238316668e+05 8.471181788925700821e+05 4.221548982177641010e+05
1.811220062158046523e+06 1.403297113479085674e+05 1.103386733391070273e+06 6.031093433085442521e+06 4.179867729786706623e+05 1.745676845944819506e+05 8.757572643916255038e+04 8.424206022680400929e+04 1.991893310458135384e+05 -1.424194951851693681e+06 1.886601428179269889e+06 -6.795976713327795733e+04 8.579565793931934750e+05 6.682116236057817005e+05 1.123108490274379263e+06 -5.646419103003081400e+05 -2.662355056704094750e+05 -3.602736760269206134e+05
2.123543542717750650e+06 1.287162235807147110e+06 2.910918597629966680e+05 4.179867729786706623e+05 2.578690595078393817e+06 5.757671077903229743e+05 2.776318382674529566e+05 2.019355980179746402e+05 4.006191163778840564e+05 -8.457372064498686232e+05 -1.130199342993656173e+06 -1.452401009422840783e+06 -1.034732071875151712e+06 -1.680525448914679873e+05 3.616293601687979535e+05 3.852792869362122728e+05 -2.782498874959096429e+05 6.639485806925497018e+05
1.104416026655525435e+06 1.166685477089883527e+06 2.835423449880274711e+05 1.745676845944819506e+05 5.757671077903229743e+05 1.286731358639559010e+06 2.070619787241432059e+05 5.611250642690351378e+04 -4.113387001081201743e+04 -4.736796089215883403e+05 -2.344476690158681886e+05 -5.726754028956352704e+04 -4.648300007381559699e+05 2.556984848160055408e+05 4.208941570736702124e+04 1.826470757829312934e+05 -2.160615676161085721e+05 9.349272478703079105e+04
-2.026593028130854073e+05 5.969743165366702015e+05 -5.923021906059493776e+05 8.757572643916252127e+04 2.776318382674529566e+05 2.070619787241432059e+05 9.953164162289054366e+05 8.309943212261276494e+04 9.194733395030321844e+04 -4.181781666511136573e+05 -1.353888505349216983e+06 -1.381496082243623969e+05 -3.243528281572727137e+05 1.993736888993492175e+05 3.576664476512089605e+05 2.317538042138391756e+05 -2.131487588783387037e+05 4.735652659344758285e+04
-7.314857844843820203e+05 -3.252544443719034316e+05 5.233879458646505373e+04 8.424206022680400929e+04 2.019355980179746402e+05 5.611250642690352106e+04 8.309943212261273584e+04 8.834530508254154120e+05 7.442018874088385201e+04 -7.413737252818752313e+05 -1.937661775223332370e+04 8.516392957936821040e+05 -3.419910592323837773e+04 2.582365186418597877e+05 1.950115751562517835e+05 3.871016927373084764e+04 2.273680735423202350e+04 6.911920230141455249e+04
1.679898364942000771e+05 5.997972238239486614e+04 -9.916480921322249924e+04 1.991893310458135384e+05 4.006191163778839982e+05 -4.113387001081200287e+04 9.194733395030320389e+04 7.442018874088385201e+04 9.442383600240554661e+05 2.762081230200355640e+05 -6.494524869506407995e+05 -2.062822610180475167e+05 -2.190846473982909229e+05 -1.284269586280679214e+05 3.480541782290822593e+05 2.999195559374038712e+05 -9.771438949803696596e+04 1.392079940435175376e+05
4.585644349909330159e+07 8.918920436607861193e+05 8.221918177041965537e+06 -1.424194951851693681e+06 -8.457372064498688560e+05 -4.736796089215883403e+05 -4.181781666511136573e+05 -7.413737252818751149e+05 2.762081230200355640e+05 2.877508645905900002e+08 1.539758695260089822e+07 -2.286092432046182081e+07 -1.313422244803686813e+07 -1.570828900504352525e+06 -2.639890808688025456e+06 -2.946664119081992190e+06 -4.366226125142536126e+06 5.740587415215164656e+05
-2.248787842117888853e+07 7.204445606284441892e+05 8.913598863213410368e+05 1.886601428179269889e+06 -1.130199342993656406e+06 -2.344476690158681595e+05 -1.353888505349216983e+06 -1.937661775223333098e+04 -6.494524869506407995e+05 1.539758695260090008e+07 9.131107286426185071e+07 1.566559852165424079e+07 2.050029153123866767e+06 2.530038188135514501e+05 -5.245821027461828664e+06 -2.473176686070449185e+06 5.381248977861310123e+05 1.276465879198909272e+06
-9.228145269866766408e+06 -1.570352122697147774e+06 7.322828221058061346e+06 -6.795976713327800098e+04 -1.452401009422840783e+06 -5.726754028956351249e+04 -1.381496082243624260e+05 8.516392957936821040e+05 -2.062822610180475167e+05 -2.286092432046182454e+07 1.566559852165424079e+07 3.913462386734147370e+07 1.212612976672362350e+07 2.639411409411569126e+06 3.904447885820734780e+06 2.169876792917514220e+06 6.793657357998712687e+05 -1.879378418919285526e+06
4.859138283770477399e+06 1.578321612633230397e+06 5.548710288749055006e+06 8.579565793931934750e+05 -1.034732071875151712e+06 -4.648300007381558535e+05 -3.243528281572727719e+05 -3.419910592323837773e+04 -2.190846473982908938e+05 -1.313422244803687185e+07 2.050029153123867232e+06 1.212612976672362350e+07 1.950600477994097024e+07 2.205319360804247670e+06 1.430249188783661695e+06 9.458594270627665101e+05 6.423568612161859637e+05 -2.765380750542066526e+05
-3.265522361040809192e+06 -9.417747893216483062e+05 8.383974681885889731e+05 6.682116236057817005e+05 -1.680525448914680164e+05 2.556984848160055408e+05 1.993736888993492175e+05 2.582365186418597877e+05 -1.284269586280679214e+05 -1.570828900504352525e+06 2.530038188135515666e+05 2.639411409411569126e+06 2.205319360804247670e+06 8.990655424696458504e+06 4.591636078078282299e+05 8.303913791804203065e+05 1.436537637754777279e+04 5.605270696062052157e+05
1.229052116703727981e+06 -1.641605871013009746e+05 5.216442488043861813e+05 1.123108490274379263e+06 3.616293601687979535e+05 4.208941570736699941e+04 3.576664476512089605e+05 1.950115751562517835e+05 3.480541782290822593e+05 -2.639890808688025456e+06 -5.245821027461828664e+06 3.904447885820734780e+06 1.430249188783661695e+06 4.591636078078281134e+05 5.322682951182731427e+06 2.057214008563807700e+06 -5.493263679255060852e+05 -6.376236136059788987e+05
-8.361440474781467346e+05 5.088979700534010190e+05 7.293774374238315504e+05 -5.646419103003081400e+05 3.852792869362121564e+05 1.826470757829312643e+05 2.317538042138391465e+05 3.871016927373086946e+04 2.999195559374038712e+05 -2.946664119081992190e+06 -2.473176686070449650e+06 2.169876792917513754e+06 9.458594270627665101e+05 8.303913791804204229e+05 2.057214008563807700e+06 5.754222544460732490e+06 -9.023917614336273982e+04 5.756100857162125176e+05
9.284150841175689129e+04 -5.898672725406512473e+04 8.471181788925700821e+05 -2.662355056704094168e+05 -2.782498874959096429e+05 -2.160615676161085721e+05 -2.131487588783387037e+05 2.273680735423202350e+04 -9.771438949803696596e+04 -4.366226125142536126e+06 5.381248977861310123e+05 6.793657357998708030e+05 6.423568612161859637e+05 1.436537637754778370e+04 -5.493263679255060852e+05 -9.023917614336273982e+04 2.275599736796600278e+06 4.875961156097311759e+05
-7.730676050453102216e+05 -6.087774098814901663e+04 4.221548982177641010e+05 -3.602736760269206134e+05 6.639485806925497018e+05 9.349272478703079105e+04 4.735652659344757558e+04 6.911920230141455249e+04 1.392079940435175376e+05 5.740587415215164656e+05 1.276465879198909272e+06 -1.879378418919285294e+06 -2.765380750542065362e+05 5.605270696062053321e+05 -6.376236136059788987e+05 5.756100857162125176e+05 4.875961156097311759e+05 1.937788468838069588e+06
