# s_min=23
5.486321894784506410e+07 7.517549778239386156e+06 2.352544630043753888e+06 -2.528181802127559495e+05 -1.306756576313623926e+06 1.359899562918567332e+06 3.893408440665993840e+05 9.298028120528821601e+05 4.255828816138257389e+05 2.930520604877009988e+07 1.202735080742553622e+07 -4.010110937368839979e+06 1.845222396769355517e+06 6.727781746211186983e+05 5.977959466365151107e+06 -6.024204735026913841e+04 -5.836213574728085659e+05 -1.011873137820459087e+06
7.517549778239385225e+06 3.395173985762498528e+07 4.733036224943129346e+06 2.730391939854049706e+05 1.583088319901486975e+05 1.918650450098532485e+06 -1.762561760584363656e+05 3.923619118391961092e+05 6.291877845762901707e+05 3.098964843326694146e+07 1.859204797677331418e+07 3.958038971197310835e+06 3.246472458673979156e+06 5.645768539324604906e+06 1.257987941247043433e+06 3.295282429926203564e+06 -1.522350776709451107e+06 -3.933536653929728200e+05
2.352544630043753888e+06 4.733036224943129346e+06 9.192512196898534894e+06 7.334181527116530342e+05 -9.789906712279685307e+05 -1.116917964638953126e+05 5.635082038876955630e+05 5.360257748309751041e+05 5.612348486751448945e+04 9.602733392179081216e+06 6.301577633604845032e+06 3.972080495223028120e+06 -1.686025660091680475e+06 -3.398936696671118843e+05 -4.706042871607806883e+05 6.679470436702831648e+05 6.578625372146884911e+04 2.406714229110498272e+05
-2.528181802127559495e+05 2.730391939854049706e+05 7.334181527116530342e+05 3.743878615502785891e+06 1.109895071787107918e+04 -7.788526996454610489e+05 -2.059861735486442340e+05 1.856477086547644867e+05 1.324525074958092591e+05 2.773020420094466535e+05 2.300138167964203749e+06 5.463714832234419882e+05 2.340531420886616688e+06 1.115387609232546529e+06 1.985482856855224527e+05 -3.947666712083564489e+05 -3.643848446995252161e+05 7.834747322371134069e+05
-1.306756576313623926e+06 1.583088319901486975e+05 -9.789906712279685307e+05 1.109895071787107008e+04 2.299338718194874469e+06 -7.797145707967357885e+04 -1.384328932243843446e+05 -7.093827811240011943e+04 -1.272966824120756210e+05 2.916367028272718890e+05 -1.487761793619880686e+06 6.475164314727898454e+05 -9.329367317181045655e+04 1.110922928687610431e+06 -8.576602979724322213e+05 3.260499624001578195e+05 1.766031239092114265e+05 1.130833577919049567e+05
1.359899562918567332e+06 1.918650450098532485e+06 -1.116917964638953272e+05 -7.788526996454610489e+05 -7.797145707967357885e+04 1.917491558051156579e+06 -1.797338756182255020e+04 6.019346805518557812e+04 1.314387908168648137e+05 -2.088133050413921708e+06 -7.284663720109866699e+04 -4.497291062641283497e+05 -1.039671736761888606e+06 3.251167879306836985e+05 6.908329206642737845e+05 -5.534473806518891070e+04 1.045166333804817259e+05 -2.621075691822761728e+05
3.893408440665992675e+05 -1.762561760584363656e+05 5.635082038876954466e+05 -2.059861735486442340e+05 -1.384328932243843446e+05 -1.797338756182255020e+04 1.311642879673499148e+06 2.135239705123022723e+05 -4.269724724028669880e+04 1.921034583466238342e+06 5.012387315285043442e+05 -4.778437059523147182e+05 -1.141333144266679883e+06 -2.882883516250632820e+05 6.214487802133412333e+04 2.126903124429428426e+05 1.441148897048754152e+05 -1.272071491156469274e+05
9.298028120528823929e+05 3.923619118391961092e+05 5.360257748309751041e+05 1.856477086547644867e+05 -7.093827811240011943e+04 6.019346805518557812e+04 2.135239705123022723e+05 1.040886108097580727e+06 1.622344180799068708e+05 2.116713317669436336e+06 7.940420532285907539e+05 -5.306327835003589280e+05 -6.329705312781252724e+04 4.485760210589925991e+05 2.390842265995340131e+05 1.341062982603864511e+05 1.444529777276667592e+05 8.879641478472686140e+04
4.255828816138256807e+05 6.291877845762901707e+05 5.612348486751450400e+04 1.324525074958092300e+05 -1.272966824120755773e+05 1.314387908168647846e+05 -4.269724724028669880e+04 1.622344180799068417e+05 8.219479991712741321e+05 1.509142957715263125e+06 1.109238253552719019e+06 -6.181354742903934675e+04 3.629460207260178286e+05 2.360848205766686879e+05 3.382133979357276694e+05 2.780749331900659017e+05 8.798407342103711562e+04 2.610123795007425360e+04
2.930520604877009988e+07 3.098964843326694146e+07 9.602733392179081216e+06 2.773020420094466535e+05 2.916367028272719472e+05 -2.088133050413921941e+06 1.921034583466237877e+06 2.116713317669436336e+06 1.509142957715263125e+06 2.967754779857578874e+08 1.096002629623527080e+08 -5.581170143621964380e+06 6.891290078907635063e+06 8.904817668729130179e+06 7.962828362707204185e+06 7.201011775468384847e+06 -1.234696351892525563e+06 1.241301542103928747e+06
1.202735080742553808e+07 1.859204797677331418e+07 6.301577633604845963e+06 2.300138167964203749e+06 -1.487761793619880918e+06 -7.284663720109863789e+04 5.012387315285042860e+05 7.940420532285907539e+05 1.109238253552719019e+06 1.096002629623527080e+08 1.123656235373874903e+08 6.817941895052565087e+03 3.978997087851620163e+05 4.458576821965851821e+06 6.739595429186452180e+06 5.995254698215025477e+06 -5.342262264418009436e+05 7.789930911969693843e+05
-4.010110937368840910e+06 3.958038971197309904e+06 3.972080495223028120e+06 5.463714832234418718e+05 6.475164314727898454e+05 -4.497291062641284079e+05 -4.778437059523146017e+05 -5.306327835003589280e+05 -6.181354742903934675e+04 -5.581170143621965311e+06 6.817941895052577820e+03 3.444041753687264770e+07 4.450861397512926720e+06 5.773714027732001618e+06 -3.057438741580151021e+06 -3.118968817102196044e+05 -9.725894150749286637e+05 3.834203680769616039e+05
1.845222396769355983e+06 3.246472458673979156e+06 -1.686025660091680475e+06 2.340531420886616688e+06 -9.329367317181045655e+04 -1.039671736761888606e+06 -1.141333144266679883e+06 -6.329705312781254906e+04 3.629460207260178286e+05 6.891290078907635063e+06 3.978997087851620745e+05 4.450861397512925789e+06 1.976251893226898462e+07 5.526274570829654112e+06 -1.174878983622619271e+05 -7.955531118737243814e+05 -9.932912625879545230e+05 9.584675452356692404e+05
6.727781746211185819e+05 5.645768539324605837e+06 -3.398936696671118843e+05 1.115387609232546529e+06 1.110922928687610431e+06 3.251167879306836985e+05 -2.882883516250632820e+05 4.485760210589925991e+05 2.360848205766686879e+05 8.904817668729132041e+06 4.458576821965851821e+06 5.773714027732001618e+06 5.526274570829654112e+06 1.145977266096529923e+07 1.546362390940085519e+06 -4.060770484682202223e+05 -8.026055507373965811e+05 1.471230109280598408e+05
5.977959466365150176e+06 1.257987941247043200e+06 -4.706042871607806301e+05 1.985482856855224527e+05 -8.576602979724322213e+05 6.908329206642737845e+05 6.214487802133413061e+04 2.390842265995340422e+05 3.382133979357277276e+05 7.962828362707204185e+06 6.739595429186453111e+06 -3.057438741580151021e+06 -1.174878983622619853e+05 1.546362390940085286e+06 5.641511954635992646e+06 8.002217504849742400e+05 -4.917548139371853904e+05 -5.913479001642930089e+05
-6.024204735026913841e+04 3.295282429926203564e+06 6.679470436702832812e+05 -3.947666712083564489e+05 3.260499624001578195e+05 -5.534473806518889614e+04 2.126903124429428426e+05 1.341062982603864511e+05 2.780749331900658435e+05 7.201011775468385778e+06 5.995254698215026408e+06 -3.118968817102196044e+05 -7.955531118737242650e+05 -4.060770484682202223e+05 8.002217504849742400e+05 4.914885463991573080e+06 1.217628676522405818e+06 1.389023093139976554e+05
-5.836213574728085659e+05 -1.522350776709451107e+06 6.578625372146886366e+04 -3.643848446995253325e+05 1.766031239092113974e+05 1.045166333804817405e+05 1.441148897048754152e+05 1.444529777276667592e+05 8.798407342103711562e+04 -1.234696351892525330e+06 -5.342262264418010600e+05 -9.725894150749286637e+05 -9.932912625879546395e+05 -8.026055507373965811e+05 -4.917548139371855650e+05 1.217628676522405818e+06 2.215973329311517533e+06 2.534342489460791403e+05
-1.011873137820459087e+06 -3.933536653929729364e+05 2.406714229110498854e+05 7.834747322371135233e+05 1.130833577919049276e+05 -2.621075691822761728e+05 -1.272071491156468983e+05 8.879641478472684685e+04 2.610123795007424997e+04 1.241301542103928747e+06 7.789930911969693843e+05 3.834203680769616622e+05 9.584675452356692404e+05 1.471230109280598699e+05 -5.913479001642930089e+05 1.389023093139975972e+05 2.534342489460791403e+05 2.735470048537983559e+06
