# s_min=23
8.449973043725959957e+07 1.882613668368237466e+07 2.485389070300224237e+06 4.166380328963898588e+06 1.632100450496840058e+06 -1.446161857655520085e+06 2.327346190710266237e+05 -5.940123141025743680e+05 3.466925020176073886e+05 6.064543645743356086e+06 3.132731862369342148e+07 -1.683318909343885898e+05 1.180386214849983342e+06 -1.039067204223243869e+06 -5.344554772619369440e+06 1.008654323952617939e+06 9.280177959095272236e+05 -7.995836980982567184e+05
1.882613668368237466e+07 2.326245793526600674e+07 3.758333995658698957e+06 2.288814528345431201e+06 2.921462734614986926e+06 2.824870484678683570e+05 8.784957078219744144e+05 2.493110487257907225e+05 3.715480320618152036e+05 -4.869428977786632255e+06 2.264783104640119523e+07 7.971635120843792334e+06 3.939890203851940576e+06 2.260306746790177654e+06 1.050771425451672403e+06 3.235655743160192389e+06 1.634697626866518054e+06 -4.499299496809691191e+05
2.485389070300224237e+06 3.758333995658698957e+06 5.931411276997757144e+06 6.297280576114810538e+05 1.570264561921203509e+06 4.579722335248279705e+04 8.573759144174857065e+05 -3.212845932548376732e+05 -5.973135303275947081e+04 -3.267094236043860437e+05 9.570469945839203894e+06 4.312250116093381308e+06 2.814726646277187392e+06 1.510597007563517429e+06 9.409855449226526543e+05 9.052061617142780451e+05 9.288526875638783677e+05 3.056530037067753728e+05
4.166380328963898588e+06 2.288814528345431201e+06 6.297280576114809373e+05 4.069287994590769522e+06 9.293839703912319383e+05 1.511644159454801702e+05 2.080444294173473900e+05 -3.464382464323351742e+05 3.991680247133837111e+04 -3.282013389771899674e+06 4.995947497771515511e+06 1.756808321748685790e+06 -9.371632334954965336e+04 9.848943206131344195e+05 2.547358369258726889e+05 7.093905034288538154e+05 2.828878077625805745e+05 4.122144878780558938e+05
1.632100450496840058e+06 2.921462734614986461e+06 1.570264561921203276e+06 9.293839703912319383e+05 2.713521139393640216e+06 6.938730431619114825e+04 2.263754858338078484e+05 -1.025477005978889210e+05 -1.545939144605704932e+05 7.594650573815279640e+05 2.746006777576295659e+06 -7.381025416743152309e+05 1.613311573830315843e+06 1.735442200648102444e+06 1.121636397738780215e+05 3.186908686940655462e+05 -3.450070068845445639e+05 -1.239381253802648280e+05
-1.446161857655520085e+06 2.824870484678683570e+05 4.579722335248278978e+04 1.511644159454801702e+05 6.938730431619117735e+04 8.862031148097257828e+05 -8.510862641439316212e+04 1.121852940372627927e+04 6.758219693152261607e+04 7.608104563309737714e+05 -2.688828081536240876e+06 9.613454727585458895e+05 3.271412541880086646e+05 4.152840609688583936e+04 1.058531206546320580e+06 2.571511424440558767e+05 1.067921948347890429e+05 -1.730712652831467567e+05
2.327346190710266528e+05 8.784957078219744144e+05 8.573759144174857065e+05 2.080444294173473609e+05 2.263754858338078193e+05 -8.510862641439316212e+04 1.334431737100936007e+06 1.244117193069064379e+05 4.192340618813540641e+04 -3.221505139646107797e+06 3.256943585216059349e+06 1.173313580570060993e+06 -4.953175307216102374e+05 -1.882194431308003259e+05 5.339248389852275141e+05 6.182437891122844303e+05 3.307997574078501202e+05 5.423401649746027033e+03
-5.940123141025743680e+05 2.493110487257906934e+05 -3.212845932548376732e+05 -3.464382464323351742e+05 -1.025477005978889356e+05 1.121852940372627927e+04 1.244117193069064379e+05 7.257246107395484578e+05 1.876538941026628891e+05 -3.851218209585699718e+06 -9.356316420806526439e+05 2.390540077314673981e+05 1.155687907008244074e+05 1.259566827382831689e+05 1.366706289438664971e+05 1.540277680321267108e+05 2.152796067735443066e+05 -5.033869855309111153e+04
3.466925020176073886e+05 3.715480320618152036e+05 -5.973135303275946353e+04 3.991680247133835655e+04 -1.545939144605704932e+05 6.758219693152261607e+04 4.192340618813541369e+04 1.876538941026628891e+05 5.975893397133913822e+05 6.373003259232834680e+05 1.968441073855564930e+06 4.800415071633508196e+05 2.532269478409095609e+05 -5.492774314855856355e+05 -1.084555686041151930e+05 -1.583679743354347884e+05 3.246084334984914167e+05 1.879998455596776039e+05
6.064543645743357018e+06 -4.869428977786633186e+06 -3.267094236043860437e+05 -3.282013389771899674e+06 7.594650573815278476e+05 7.608104563309737714e+05 -3.221505139646107797e+06 -3.851218209585699718e+06 6.373003259232835844e+05 3.363738140068578720e+08 6.544091172454299778e+07 8.428554941451249644e+06 1.150003653940470889e+07 -1.342185236023444682e+07 -7.579437094438325614e+06 -3.102005220025325660e+06 -1.995755829175980994e+06 8.212436477984116646e+05
3.132731862369341776e+07 2.264783104640119895e+07 9.570469945839207619e+06 4.995947497771515511e+06 2.746006777576295659e+06 -2.688828081536241341e+06 3.256943585216058884e+06 -9.356316420806526439e+05 1.968441073855564930e+06 6.544091172454299778e+07 1.675152183972285986e+08 2.149177730524418131e+07 4.514556326442521997e+06 -4.895686295154505409e+06 -7.704173139728409238e+06 2.804919382115490735e+06 5.047118059895707294e+06 1.996341258816939779e+06
-1.683318909343883279e+05 7.971635120843790472e+06 4.312250116093381308e+06 1.756808321748685790e+06 -7.381025416743152309e+05 9.613454727585458895e+05 1.173313580570060993e+06 2.390540077314673981e+05 4.800415071633508196e+05 8.428554941451249644e+06 2.149177730524418131e+07 5.296127045279677212e+07 6.062705138140681200e+06 1.629697540396075929e+06 3.712353757795093581e+06 4.342140201872293837e+06 4.634604380456173676e+05 -9.835749773585094372e+05
1.180386214849983808e+06 3.939890203851941042e+06 2.814726646277187392e+06 -9.371632334954965336e+04 1.613311573830315843e+06 3.271412541880086646e+05 -4.953175307216102374e+05 1.155687907008244074e+05 2.532269478409095609e+05 1.150003653940470889e+07 4.514556326442521997e+06 6.062705138140681200e+06 1.288197453072111867e+07 1.325240630427713506e+06 -4.971535960590447066e+05 3.014528821292113862e+05 -7.780783451579448592e+04 -7.281818986738647800e+05
-1.039067204223243869e+06 2.260306746790177654e+06 1.510597007563517662e+06 9.848943206131344195e+05 1.735442200648102444e+06 4.152840609688583936e+04 -1.882194431308002968e+05 1.259566827382831398e+05 -5.492774314855856355e+05 -1.342185236023444682e+07 -4.895686295154506341e+06 1.629697540396075929e+06 1.325240630427712807e+06 7.680910932096816599e+06 1.444640841612342745e+06 1.223826074040199630e+06 2.993429467182328226e+05 -9.420343836065963842e+05
-5.344554772619369440e+06 1.050771425451672403e+06 9.409855449226526543e+05 2.547358369258726889e+05 1.121636397738780361e+05 1.058531206546320580e+06 5.339248389852275141e+05 1.366706289438665262e+05 -1.084555686041151930e+05 -7.579437094438325614e+06 -7.704173139728410169e+06 3.712353757795093581e+06 -4.971535960590446484e+05 1.444640841612342978e+06 6.013993757676429115e+06 8.317649659431539476e+05 8.038926220926836831e+05 -1.814696743393476645e+05
1.008654323952617939e+06 3.235655743160192855e+06 9.052061617142782779e+05 7.093905034288536990e+05 3.186908686940656044e+05 2.571511424440558767e+05 6.182437891122844303e+05 1.540277680321267108e+05 -1.583679743354348175e+05 -3.102005220025325660e+06 2.804919382115490735e+06 4.342140201872294769e+06 3.014528821292113862e+05 1.223826074040199863e+06 8.317649659431539476e+05 4.535261923564339057e+06 1.185002680036882637e+06 3.844270297993572312e+05
9.280177959095272236e+05 1.634697626866518054e+06 9.288526875638784841e+05 2.828878077625805745e+05 -3.450070068845446222e+05 1.067921948347890429e+05 3.307997574078500620e+05 2.152796067735443357e+05 3.246084334984913585e+05 -1.995755829175980529e+06 5.047118059895707294e+06 4.634604380456173094e+05 -7.780783451579448592e+04 2.993429467182328226e+05 8.038926220926837996e+05 1.185002680036882637e+06 2.669038530982763972e+06 2.852395740830684081e+05
-7.995836980982567184e+05 -4.499299496809691773e+05 3.056530037067753728e+05 4.122144878780559520e+05 -1.239381253802648280e+05 -1.730712652831467567e+05 5.423401649746035218e+03 -5.033869855309111153e+04 1.879998455596776330e+05 8.212436477984116646e+05 1.996341258816939779e+06 -9.835749773585093208e+05 -7.281818986738647800e+05 -9.420343836065963842e+05 -1.814696743393476645e+05 3.844270297993572312e+05 2.852395740830684081e+05 1.674781032678134041e+06
