4.399966586810548604e+07 9.676553446380808949e+06 5.804023334859642200e+05 2.817497290222694632e+06 -2.347576398549638980e+05 1.050080921875976259e+06 -1.179086703802932054e+06 1.258104513750390382e+06 1.526176223144036776e+05 -1.206224821934735402e+07 1.734182139086096734e+07 -1.440379735005993629e+06 7.939710807731062174e+06 2.411016560939298011e+06 2.080436419700868719e+05 8.858036428091569105e+05 1.954925242642926518e+06 1.100157006996833021e+06
9.676553446380808949e+06 1.879458566558116302e+07 3.126444518906871788e+06 2.940313276777120191e+05 -4.970373273567120486e+04 3.922228854957606527e+05 2.344712942338903376e+05 8.525013891572647262e+05 1.454517445724601566e+05 -5.531958779199893586e+06 1.009865749629801139e+07 4.227444965246041305e+06 1.838256649416363100e+06 -1.357085913477111608e+05 -1.496588586874870351e+06 -2.413058148880115550e+04 5.771705089799455600e+05 -1.324632788506952347e+05
5.804023334859642200e+05 3.126444518906871788e+06 6.076104499568718486e+06 2.061756390010645191e+04 -1.095968419718217338e+06 3.265603229158385657e+05 1.645515450516621349e+05 2.439417658953467326e+05 1.225582269489442842e+05 9.044859340115210041e+06 4.872399096008588560e+06 7.324159571181089617e+06 -1.825635471205626149e+06 -1.915974679737229366e+06 3.223834695870280848e+05 -2.653062798710633651e+05 1.975792639171761402e+05 3.542421259357022354e+05
2.817497290222694632e+06 2.940313276777120191e+05 2.061756390010645191e+04 1.685658218682681676e+06 6.126426003971896134e+05 -2.046549508654348319e+05 -6.097868298743911146e+04 1.722292599168697780e+05 2.464824823597566137e+04 8.187416426078537479e+05 2.297656736016798299e+06 2.941142520476981299e+05 1.370387913427923340e+06 1.044088111154869315e+06 -1.415543983244206756e+06 -4.233276753112336883e+04 4.931170000924133346e+05 3.801872435823761625e+05
-2.347576398549638980e+05 -4.970373273567120486e+04 -1.095968419718217338e+06 6.126426003971896134e+05 1.334988670850716764e+06 -2.053246319785303203e+05 1.918721425007196012e+04 1.745002019095182477e+05 1.482571524706260061e+04 -3.528094490591878537e+06 2.859993762108179508e+05 9.405516000581019325e+05 3.813534583479041466e+05 6.985172082683042390e+05 -9.701371384420482209e+05 -1.965137146684947365e+05 6.620013762348885939e+04 -5.983284898802202952e+04
1.050080921875976259e+06 3.922228854957606527e+05 3.265603229158385657e+05 -2.046549508654348319e+05 -2.053246319785303203e+05 5.527193340402494650e+05 2.550928956003742060e+05 1.118702901876233227e+05 2.838020831146024284e+04 6.564151062203547917e+05 -4.156760505653804285e+05 -3.544124581130879233e+05 -1.138800270515417447e+06 -3.969987758737329277e+05 6.395612755659356480e+05 -4.530487156252354453e+02 1.663972283129191419e+04 -5.679501601547155587e+03
-1.179086703802932054e+06 2.344712942338903376e+05 1.645515450516621349e+05 -6.097868298743911146e+04 1.918721425007196012e+04 2.550928956003742060e+05 5.861168601809924003e+05 5.182834335615312739e+04 -8.708007843215515095e+03 4.435381150313802209e+04 9.331291745746806264e+05 -9.879158289924447308e+04 -1.151391206738241483e+06 -1.335693316745744378e+05 3.601776637859761249e+05 1.008530454911665292e+05 2.319523561324087495e+05 6.107508191373856971e+04
1.258104513750390382e+06 8.525013891572647262e+05 2.439417658953467326e+05 1.722292599168697780e+05 1.745002019095182477e+05 1.118702901876233227e+05 5.182834335615312739e+04 2.978120549061385100e+05 3.230480072832792757e+03 -1.398256425207020715e+06 4.516409635451682843e+05 1.786559828294060717e+05 -8.671221512161745341e+04 -6.748615391327749239e+04 1.766611899760835222e+05 -4.605517318256810540e+04 1.874668523184630321e+05 2.667417886209247445e+04
1.526176223144036776e+05 1.454517445724601566e+05 1.225582269489442842e+05 2.464824823597566137e+04 1.482571524706260061e+04 2.838020831146024284e+04 -8.708007843215515095e+03 3.230480072832792757e+03 7.028574708683791687e+04 -4.472539626363887219e+05 3.513353039147444651e+05 3.929979769569275959e+04 -3.196347905198507942e+05 -3.823869293598181102e+05 3.644875895481726911e+04 4.096872557356705511e+04 -2.968657071461623127e+04 3.918886838360119145e+04
-1.206224821934735402e+07 -5.531958779199893586e+06 9.044859340115210041e+06 8.187416426078537479e+05 -3.528094490591878537e+06 6.564151062203547917e+05 4.435381150313802209e+04 -1.398256425207020715e+06 -4.472539626363887219e+05 1.355142746526920795e+08 -3.629347257935633510e+07 -6.447933802160170861e+06 7.776293811477555428e+05 -2.848560200735630002e+06 -2.982108834546904545e+06 1.906437744501098990e+06 4.745110701786768623e+05 1.959086753092637518e+06
1.734182139086096734e+07 1.009865749629801139e+07 4.872399096008588560e+06 2.297656736016798299e+06 2.859993762108179508e+05 -4.156760505653804285e+05 9.331291745746806264e+05 4.516409635451682843e+05 3.513353039147444651e+05 -3.629347257935633510e+07 5.604344322998443991e+07 8.292084023297029547e+06 -1.732327042509953491e+06 3.350890952440605033e+06 2.036304636544179812e+04 -2.081006956781913061e+06 2.546169473651550245e+06 1.411037527390837669e+06
-1.440379735005993629e+06 4.227444965246041305e+06 7.324159571181089617e+06 2.941142520476981299e+05 9.405516000581019325e+05 -3.544124581130879233e+05 -9.879158289924447308e+04 1.786559828294060717e+05 3.929979769569275959e+04 -6.447933802160170861e+06 8.292084023297029547e+06 3.696174378531575948e+07 -2.050685129274100997e+06 8.672589988635949558e+05 -1.521373413986652158e+06 -1.054493014943519374e+06 7.670203912957647117e+05 5.201588239386729547e+05
7.939710807731062174e+06 1.838256649416363100e+06 -1.825635471205626149e+06 1.370387913427923340e+06 3.813534583479041466e+05 -1.138800270515417447e+06 -1.151391206738241483e+06 -8.671221512161745341e+04 -3.196347905198507942e+05 7.776293811477555428e+05 -1.732327042509953491e+06 -2.050685129274100997e+06 1.335014640696729720e+07 3.723640948756210506e+06 -3.604420722398181912e+06 -5.593719302441456821e+05 1.500873895493879914e+06 3.285740437547811307e+05
2.411016560939298011e+06 -1.357085913477111608e+05 -1.915974679737229366e+06 1.044088111154869315e+06 6.985172082683042390e+05 -3.969987758737329277e+05 -1.335693316745744378e+05 -6.748615391327749239e+04 -3.823869293598181102e+05 -2.848560200735630002e+06 3.350890952440605033e+06 8.672589988635949558e+05 3.723640948756210506e+06 5.652171146441785619e+06 -1.896424857100876980e+06 -1.253982632842828752e+06 8.686572518492101226e+05 1.922286255705506483e+05
2.080436419700868719e+05 -1.496588586874870351e+06 3.223834695870280848e+05 -1.415543983244206756e+06 -9.701371384420482209e+05 6.395612755659356480e+05 3.601776637859761249e+05 1.766611899760835222e+05 3.644875895481726911e+04 -2.982108834546904545e+06 2.036304636544179812e+04 -1.521373413986652158e+06 -3.604420722398181912e+06 -1.896424857100876980e+06 3.626689340685394593e+06 2.168323353311512037e+05 -2.552266251921491348e+05 3.540369293179327542e+03
8.858036428091569105e+05 -2.413058148880115550e+04 -2.653062798710633651e+05 -4.233276753112336883e+04 -1.965137146684947365e+05 -4.530487156252354453e+02 1.008530454911665292e+05 -4.605517318256810540e+04 4.096872557356705511e+04 1.906437744501098990e+06 -2.081006956781913061e+06 -1.054493014943519374e+06 -5.593719302441456821e+05 -1.253982632842828752e+06 2.168323353311512037e+05 1.723131913493528962e+06 -1.297410630038550880e+05 -1.207603804941728449e+05
1.954925242642926518e+06 5.771705089799455600e+05 1.975792639171761402e+05 4.931170000924133346e+05 6.620013762348885939e+04 1.663972283129191419e+04 2.319523561324087495e+05 1.874668523184630321e+05 -2.968657071461623127e+04 4.745110701786768623e+05 2.546169473651550245e+06 7.670203912957647117e+05 1.500873895493879914e+06 8.686572518492101226e+05 -2.552266251921491348e+05 -1.297410630038550880e+05 1.173288445113860071e+06 4.407503932530513266e+05
1.100157006996833021e+06 -1.324632788506952347e+05 3.542421259357022354e+05 3.801872435823761625e+05 -5.983284898802202952e+04 -5.679501601547155587e+03 6.107508191373856971e+04 2.667417886209247445e+04 3.918886838360119145e+04 1.959086753092637518e+06 1.411037527390837669e+06 5.201588239386729547e+05 3.285740437547811307e+05 1.922286255705506483e+05 3.540369293179327542e+03 -1.207603804941728449e+05 4.407503932530513266e+05 5.813510475318251410e+05
