6.366193972085729986e+07 8.099802885953732766e+06 -3.384608927554298192e+06 2.581570626848122105e+06 5.697409746297084494e+05 1.148331028752950951e+06 -4.745332715747265611e+05 1.028654926826148527e+06 7.341770936302191112e+05 3.589444385005394369e+07 1.107899771156678798e+04 5.067909986517351121e+06 6.210463296000919305e+06 9.894755618895310909e+06 4.482059411790893413e+06 4.728197277680408210e+06 -6.283922462983890437e+05 2.167801464207393117e+06
8.099802885953732766e+06 2.451471735616124794e+07 -1.632318869118898176e+06 -1.307266180926226778e+06 9.045504901509009069e+05 1.383047166402757168e+06 -3.574715090852142021e+04 4.126131355813823175e+05 4.637594141064311843e+05 3.271571581930803508e+07 2.061822208739446104e+07 -9.076403942008713260e+06 3.385175763665750856e+05 3.214574003948099446e+06 8.023862276464332826e+05 3.735239689201464644e+05 5.089412847716526594e+05 8.382661801595060388e+05
-3.384608927554298192e+06 -1.632318869118898176e+06 4.765742137498348951e+06 -3.511074469719369081e+05 -2.583968575408998877e+05 -2.391101568806395517e+04 -2.566627640608817455e+05 -2.698940166184495320e+05 9.694191212041449035e+04 3.204895674875923898e+06 -9.641070121082656085e+06 -6.624014333131441381e+05 -3.001629754207595252e+06 -1.442400744698560098e+06 -3.275026963732668664e+05 -3.719026880640443997e+05 -3.639171837003512192e+05 4.752869984614262357e+05
2.581570626848122105e+06 -1.307266180926226778e+06 -3.511074469719369081e+05 1.521187891905694734e+06 2.550816485318591294e+05 -8.730827416058490053e+04 3.639791039403651666e+04 -4.912949871383319987e+04 2.583455527467106367e+04 1.996634296716696583e+06 7.649575051010579336e+05 2.646692090927353711e+05 1.243974286838458851e+06 1.978964775989384507e+05 6.930507215816764801e+04 5.452873835961087607e+05 -4.145830702915032743e+05 3.134955000739332172e+05
5.697409746297084494e+05 9.045504901509009069e+05 -2.583968575408998877e+05 2.550816485318591294e+05 8.034181384431170300e+05 2.115358693255140679e+05 -2.914072708746239641e+03 2.895030501847602864e+04 4.511524810551651171e+04 6.266625198938298039e+06 6.316717102838207502e+05 -2.069365574188523227e+06 -5.290242452245937893e+05 1.319941229068796383e+06 5.055712201376089361e+05 -3.773366275761289671e+03 -1.047310724218071991e+05 1.420799876910668900e+04
1.148331028752950951e+06 1.383047166402757168e+06 -2.391101568806395517e+04 -8.730827416058490053e+04 2.115358693255140679e+05 4.258236064540142543e+05 3.441357427187234134e+04 -1.198050574711213085e+04 -2.017112028311668837e+04 2.184190863865771797e+06 3.479090197778123547e+05 -6.490878985774548346e+04 -1.228973668746397132e+06 2.725896583691308042e+05 5.142546624844243634e+05 -1.460989215239335899e+05 -2.166009996460872062e+05 1.612846275330202479e+04
-4.745332715747265611e+05 -3.574715090852142021e+04 -2.566627640608817455e+05 3.639791039403651666e+04 -2.914072708746239641e+03 3.441357427187234134e+04 4.213403688971818192e+05 8.380024068087803607e+04 -9.589365361847443637e+03 -2.517087762309990823e+06 2.354902418538650498e+06 7.127680901040299796e+05 1.659494901362197415e+05 7.512260447694464528e+04 -1.609627809722179663e+05 4.285700186236608424e+05 -6.270496801383445018e+03 -1.410083684158925462e+04
1.028654926826148527e+06 4.126131355813823175e+05 -2.698940166184495320e+05 -4.912949871383319987e+04 2.895030501847602864e+04 -1.198050574711213085e+04 8.380024068087803607e+04 1.899929561567724741e+05 5.025991433172063262e+04 -8.093481012055729025e+02 -4.661536912957911845e+05 -2.259574603571582411e+05 4.776355648519787937e+05 3.623344973410674138e+05 -6.742832053937498131e+04 1.735574036855784943e+05 1.205247060433306033e+05 7.182286667858657893e+04
7.341770936302191112e+05 4.637594141064311843e+05 9.694191212041449035e+04 2.583455527467106367e+04 4.511524810551651171e+04 -2.017112028311668837e+04 -9.589365361847443637e+03 5.025991433172063262e+04 1.108616685526765214e+05 1.260220478548205225e+06 1.026936150351169403e+06 -2.854003588381403242e+05 1.061048311498077092e+05 1.914586926823183894e+05 -2.247840635380331150e+04 1.993163388311245653e+05 1.336263685208092647e+04 1.693751061401721963e+05
3.589444385005394369e+07 3.271571581930803508e+07 3.204895674875923898e+06 1.996634296716696583e+06 6.266625198938298039e+06 2.184190863865771797e+06 -2.517087762309990823e+06 -8.093481012055729025e+02 1.260220478548205225e+06 2.136819576585651338e+08 1.331542051117298380e+07 -1.139379193333193846e+07 8.416449822743611410e+06 1.362653083412335627e+07 1.040481125084063597e+07 -3.368906195148690604e+06 -1.666888826162994956e+05 2.957593987540805247e+06
1.107899771156678798e+04 2.061822208739446104e+07 -9.641070121082656085e+06 7.649575051010579336e+05 6.316717102838207502e+05 3.479090197778123547e+05 2.354902418538650498e+06 -4.661536912957911845e+05 1.026936150351169403e+06 1.331542051117298380e+07 1.092674524513608664e+08 6.975624094162299298e+05 -3.121960021663801163e+05 -1.324491656989732990e+06 1.967268430644401116e+06 4.726881876196281984e+06 8.406216081501577282e+05 -5.826724594601305580e+04
5.067909986517351121e+06 -9.076403942008713260e+06 -6.624014333131441381e+05 2.646692090927353711e+05 -2.069365574188523227e+06 -6.490878985774548346e+04 7.127680901040299796e+05 -2.259574603571582411e+05 -2.854003588381403242e+05 -1.139379193333193846e+07 6.975624094162299298e+05 3.260519651681971923e+07 6.134895932327488437e+06 -1.945052602770262165e+06 1.987416936256448738e+06 1.690886974902750691e+06 1.972982336903998395e+06 -1.368803209489097935e+05
6.210463296000919305e+06 3.385175763665750856e+05 -3.001629754207595252e+06 1.243974286838458851e+06 -5.290242452245937893e+05 -1.228973668746397132e+06 1.659494901362197415e+05 4.776355648519787937e+05 1.061048311498077092e+05 8.416449822743611410e+06 -3.121960021663801163e+05 6.134895932327488437e+06 2.164753651971934736e+07 3.285802187321918085e+06 -1.780624834099358181e+06 1.180316004516905872e+06 1.256391117650828557e+06 6.679010940514568938e+05
9.894755618895310909e+06 3.214574003948099446e+06 -1.442400744698560098e+06 1.978964775989384507e+05 1.319941229068796383e+06 2.725896583691308042e+05 7.512260447694464528e+04 3.623344973410674138e+05 1.914586926823183894e+05 1.362653083412335627e+07 -1.324491656989732990e+06 -1.945052602770262165e+06 3.285802187321918085e+06 8.991564035953249782e+06 6.664968600905139465e+05 1.415040891455506673e+06 1.997689312255714904e+05 8.807882686827608268e+04
4.482059411790893413e+06 8.023862276464332826e+05 -3.275026963732668664e+05 6.930507215816764801e+04 5.055712201376089361e+05 5.142546624844243634e+05 -1.609627809722179663e+05 -6.742832053937498131e+04 -2.247840635380331150e+04 1.040481125084063597e+07 1.967268430644401116e+06 1.987416936256448738e+06 -1.780624834099358181e+06 6.664968600905139465e+05 3.004225742056374904e+06 2.164932464011826087e+05 2.856335908103636466e+05 1.507762919562703464e+05
4.728197277680408210e+06 3.735239689201464644e+05 -3.719026880640443997e+05 5.452873835961087607e+05 -3.773366275761289671e+03 -1.460989215239335899e+05 4.285700186236608424e+05 1.735574036855784943e+05 1.993163388311245653e+05 -3.368906195148690604e+06 4.726881876196281984e+06 1.690886974902750691e+06 1.180316004516905872e+06 1.415040891455506673e+06 2.164932464011826087e+05 2.121188411202896852e+06 1.528177480727146904e+05 4.944601403213869780e+05
-6.283922462983890437e+05 5.089412847716526594e+05 -3.639171837003512192e+05 -4.145830702915032743e+05 -1.047310724218071991e+05 -2.166009996460872062e+05 -6.270496801383445018e+03 1.205247060433306033e+05 1.336263685208092647e+04 -1.666888826162994956e+05 8.406216081501577282e+05 1.972982336903998395e+06 1.256391117650828557e+06 1.997689312255714904e+05 2.856335908103636466e+05 1.528177480727146904e+05 1.098730318946316838e+06 -1.150794554579548276e+05
2.167801464207393117e+06 8.382661801595060388e+05 4.752869984614262357e+05 3.134955000739332172e+05 1.420799876910668900e+04 1.612846275330202479e+04 -1.410083684158925462e+04 7.182286667858657893e+04 1.693751061401721963e+05 2.957593987540805247e+06 -5.826724594601305580e+04 -1.368803209489097935e+05 6.679010940514568938e+05 8.807882686827608268e+04 1.507762919562703464e+05 4.944601403213869780e+05 -1.150794554579548276e+05 6.606489420862726402e+05
