5.505310906364361942e+07 1.576214384999667853e+07 -3.027215431184687186e+06 -2.886597662093774416e+06 3.201986445513425278e+05 -3.053890527629257995e+05 2.465830521948558089e+04 4.761099180369919050e+05 3.081518074047417613e+05 3.200306202263792511e+06 1.824269252135743573e+07 -1.301415502851341479e+07 -2.134498485620667227e+06 1.636791906439828686e+06 -4.810220366252038511e+05 -7.810825717345480807e+05 1.174756738654396730e+06 4.021375722919154796e+05
1.576214384999667853e+07 1.539483773208603635e+07 2.256112094381112140e+06 -1.768644209576569847e+05 -1.091567756078235805e+06 7.461058654210448731e+05 5.309077160920965252e+05 3.860389438007074059e+05 9.857059613547388290e+04 1.876326348245971603e+06 1.376756972569596954e+07 2.215670028624795843e+06 -1.382846530447502388e+06 4.973174651854723925e+05 -1.469232529076544102e+06 -5.319019308034956921e+05 -1.342659522129368270e+06 -2.823303108105720603e+05
-3.027215431184687186e+06 2.256112094381112140e+06 6.448896083104630932e+06 1.449716968229418388e+06 5.682129756134679774e+05 5.265357852475157706e+05 3.324124345783417230e+05 3.231035929800734739e+05 4.294139508469248540e+04 2.283892732645153068e+06 5.582074350268960930e+06 9.298033504357019439e+06 9.671670504859533394e+05 2.742145608989374246e+06 1.160641272875162213e+04 -2.677891787998761865e+05 1.073792895406791104e+04 1.336128328313310631e+05
-2.886597662093774416e+06 -1.768644209576569847e+05 1.449716968229418388e+06 3.177563564144730568e+06 1.103436237394085620e+06 4.601138369256012375e+05 9.660342212211231526e+04 3.170890342936745728e+05 -5.079639473502650799e+04 5.746497915326673537e+06 2.351300546477957978e+05 4.342437626306070015e+06 1.382989332414486678e+06 6.269398778422586620e+05 4.251325954558270751e+05 -1.240896262105128153e+04 2.523647624198825797e+05 2.179121765268753225e+05
3.201986445513425278e+05 -1.091567756078235805e+06 5.682129756134679774e+05 1.103436237394085620e+06 1.063809952121325536e+06 3.613724276032010093e+05 -9.691123192414537698e+03 1.594012061448472086e+05 1.070286073789510738e+04 2.620952140840159729e+06 8.936386022497400409e+05 1.201848763314661337e+06 5.360427107627105433e+05 1.130231660681541078e+06 5.790472961332055274e+05 9.707754193020951789e+03 5.506504725668901810e+05 1.982510053318204300e+05
-3.053890527629257995e+05 7.461058654210448731e+05 5.265357852475157706e+05 4.601138369256012375e+05 3.613724276032010093e+05 7.406633430870594457e+05 1.352215588460528852e+04 2.020949157951434026e+05 1.012030666314830742e+05 1.932685571378193330e+06 3.533591008864586707e+06 1.431839809294734732e+04 7.760069540789521125e+04 2.634006779795917682e+05 6.111728409039101098e+05 -4.628195031091313285e+04 5.338095313712928146e+03 -4.975493628550735593e+04
2.465830521948558089e+04 5.309077160920965252e+05 3.324124345783417230e+05 9.660342212211231526e+04 -9.691123192414537698e+03 1.352215588460528852e+04 1.992604082747968787e+05 9.125847968110699730e+04 6.015235437123739393e+04 -1.099051826770949177e+06 -3.355917066784097115e+05 2.148775894735334732e+05 -1.890485415706355416e+05 6.382305219037352799e+04 -4.656163179157892591e+04 1.034566900202996840e+04 -9.212956953449682624e+04 3.835560162110329838e+04
4.761099180369919050e+05 3.860389438007074059e+05 3.231035929800734739e+05 3.170890342936745728e+05 1.594012061448472086e+05 2.020949157951434026e+05 9.125847968110699730e+04 2.998667360265610623e+05 8.327828164964371535e+04 1.451967919412721880e+06 1.938775210214709630e+06 -2.732861636235003825e+05 -2.879145677156562451e+05 2.180390427288335632e+05 4.209721145436559455e+05 -1.299722462164836907e+05 4.818329805766447680e+04 2.668212178540226523e+04
3.081518074047417613e+05 9.857059613547388290e+04 4.294139508469248540e+04 -5.079639473502650799e+04 1.070286073789510738e+04 1.012030666314830742e+05 6.015235437123739393e+04 8.327828164964371535e+04 1.018495245409348136e+05 -7.782538252382440260e+05 1.555754019782128511e+06 -5.868351206103616860e+05 6.731817881298581779e+04 1.210376028089342435e+05 2.331060789167596668e+05 -6.423517778577086574e+04 3.663729715035483423e+03 6.980870142726304266e+02
3.200306202263792511e+06 1.876326348245971603e+06 2.283892732645153068e+06 5.746497915326673537e+06 2.620952140840159729e+06 1.932685571378193330e+06 -1.099051826770949177e+06 1.451967919412721880e+06 -7.782538252382440260e+05 1.860922087448154986e+08 3.016794481638044864e+07 5.335915541683859192e+06 -3.260850320315038320e+06 -2.051842701618617633e+06 4.754733926123294048e+06 -1.338427602400233038e+06 -2.632797457936271094e+06 1.628158472336889245e+05
1.824269252135743573e+07 1.376756972569596954e+07 5.582074350268960930e+06 2.351300546477957978e+05 8.936386022497400409e+05 3.533591008864586707e+06 -3.355917066784097115e+05 1.938775210214709630e+06 1.555754019782128511e+06 3.016794481638044864e+07 9.504851185129795969e+07 1.259734992814744124e+06 4.412830408955610357e+06 8.319491329007110558e+06 6.398990152120565064e+06 -1.581124699212533189e+06 1.749908256616408180e+05 -1.139635205131860916e+06
-1.301415502851341479e+07 2.215670028624795843e+06 9.298033504357019439e+06 4.342437626306070015e+06 1.201848763314661337e+06 1.431839809294734732e+04 2.148775894735334732e+05 -2.732861636235003825e+05 -5.868351206103616860e+05 5.335915541683859192e+06 1.259734992814744124e+06 3.116213198828041926e+07 1.748489071417899802e+06 2.441595134046755731e+06 -4.245535843030134216e+06 -8.351530690091292854e+03 -9.212943599681557680e+04 6.880958507729576668e+05
-2.134498485620667227e+06 -1.382846530447502388e+06 9.671670504859533394e+05 1.382989332414486678e+06 5.360427107627105433e+05 7.760069540789521125e+04 -1.890485415706355416e+05 -2.879145677156562451e+05 6.731817881298581779e+04 -3.260850320315038320e+06 4.412830408955610357e+06 1.748489071417899802e+06 6.970733277921019122e+06 2.021594013461575145e+06 6.939887773890931567e+04 -6.162650734316215385e+05 4.677232032714835950e+05 6.271200843634521589e+05
1.636791906439828686e+06 4.973174651854723925e+05 2.742145608989374246e+06 6.269398778422586620e+05 1.130231660681541078e+06 2.634006779795917682e+05 6.382305219037352799e+04 2.180390427288335632e+05 1.210376028089342435e+05 -2.051842701618617633e+06 8.319491329007110558e+06 2.441595134046755731e+06 2.021594013461575145e+06 6.942902132494533435e+06 1.067893796606781660e+06 -2.627059956954960944e+05 5.212284863193560741e+05 6.079318009121236391e+05
-4.810220366252038511e+05 -1.469232529076544102e+06 1.160641272875162213e+04 4.251325954558270751e+05 5.790472961332055274e+05 6.111728409039101098e+05 -4.656163179157892591e+04 4.209721145436559455e+05 2.331060789167596668e+05 4.754733926123294048e+06 6.398990152120565064e+06 -4.245535843030134216e+06 6.939887773890931567e+04 1.067893796606781660e+06 2.822522009127957746e+06 6.559329264606416109e+04 2.435358414000133052e+05 -2.655035946377868531e+05
-7.810825717345480807e+05 -5.319019308034956921e+05 -2.677891787998761865e+05 -1.240896262105128153e+04 9.707754193020951789e+03 -4.628195031091313285e+04 1.034566900202996840e+04 -1.299722462164836907e+05 -6.423517778577086574e+04 -1.338427602400233038e+06 -1.581124699212533189e+06 -8.351530690091292854e+03 -6.162650734316215385e+05 -2.627059956954960944e+05 6.559329264606416109e+04 1.075930543416741770e+06 -4.847646010528605257e+04 -5.879267559384121341e+03
1.174756738654396730e+06 -1.342659522129368270e+06 1.073792895406791104e+04 2.523647624198825797e+05 5.506504725668901810e+05 5.338095313712928146e+03 -9.212956953449682624e+04 4.818329805766447680e+04 3.663729715035483423e+03 -2.632797457936271094e+06 1.749908256616408180e+05 -9.212943599681557680e+04 4.677232032714835950e+05 5.212284863193560741e+05 2.435358414000133052e+05 -4.847646010528605257e+04 1.036432211643291870e+06 1.228749213263639977e+05
4.021375722919154796e+05 -2.823303108105720603e+05 1.336128328313310631e+05 2.179121765268753225e+05 1.982510053318204300e+05 -4.975493628550735593e+04 3.835560162110329838e+04 2.668212178540226523e+04 6.980870142726304266e+02 1.628158472336889245e+05 -1.139635205131860916e+06 6.880958507729576668e+05 6.271200843634521589e+05 6.079318009121236391e+05 -2.655035946377868531e+05 -5.879267559384121341e+03 1.228749213263639977e+05 4.612552567644618102e+05
