7.424025223984400928e+07 -1.886814561397767160e+06 -1.358273832840997959e+06 -2.958622254143820610e+06 -1.776133146126452193e+05 2.490118504220542673e+05 -3.735400673482176499e+05 3.404139295898946875e+04 -1.158647053004353540e+06 6.289174028111190349e+07 1.215051210608127341e+07 4.642499359022920951e+06 7.808647519057598896e+06 1.854363103468240239e+06 2.069219539543766296e+06 1.013457062649272732e+06 -1.794862928653006675e+06 1.857990434287919561e+04
-1.886814561397767160e+06 1.168531353786613606e+07 2.584157968784705736e+06 1.280182290960118873e+06 2.826780369946689461e+05 -5.877573576121935621e+05 -4.042326258356242324e+05 2.193780491384506167e+05 -8.934650435448452481e+04 9.405161153862170875e+06 5.675990286699857563e+06 3.008935433823332656e+06 3.501459655487666168e+04 2.620843771655110177e+06 -1.627913327547844965e+05 -1.090719272537835641e+06 -1.166216083197441185e+06 4.318386965136191575e+05
-1.358273832840997959e+06 2.584157968784705736e+06 5.786917020998227410e+06 1.522997776244654786e+06 -4.085319504547997349e+04 6.499022684840853617e+04 3.095831064185032737e+05 2.738817159725308302e+05 -2.919200322803657036e+04 -3.898087933841548394e+06 5.623896780530990101e+06 6.099171582129852846e+06 2.728708824559562490e+05 4.137244713857586030e+05 -7.076497518569055246e+05 -3.476714195974519826e+05 4.963597127779867151e+05 7.648814318794717547e+05
-2.958622254143820610e+06 1.280182290960118873e+06 1.522997776244654786e+06 1.775313933295560302e+06 -1.688208118632239639e+05 4.168304224003561540e+05 2.610108917487640865e+05 9.277456797629655921e+04 1.450477896643961139e+05 -3.825535796325894538e+06 2.240911398360607680e+06 9.765056654514960246e+05 -6.966233872029413469e+05 -4.547521682143111830e+05 -8.862829305724848527e+05 -5.820074319581288728e+04 1.610240937904339517e+05 3.732806375885239686e+05
-1.776133146126452193e+05 2.826780369946689461e+05 -4.085319504547997349e+04 -1.688208118632239639e+05 5.028314156305831857e+05 -1.026863357354542241e+05 -8.040914422309094516e+04 -5.991425084493843315e+04 -2.839836672881304185e+04 -1.785515336022257106e+06 -9.085991630189196439e+05 -1.520664387787586311e+05 -2.037341372004628356e+05 4.733600199072005344e+05 2.890840100019206293e+05 -6.660668626412785670e+04 -1.108064289314577763e+04 -8.731059448716856423e+04
2.490118504220542673e+05 -5.877573576121935621e+05 6.499022684840853617e+04 4.168304224003561540e+05 -1.026863357354542241e+05 4.643411336469055968e+05 1.000825016132542660e+05 -1.550736016395726983e+04 1.601294836840518110e+05 1.374935533401387976e+06 -4.803368807954528165e+04 1.265080334998779465e+06 3.432574668514376390e+05 -2.772991905525400070e+05 -2.243867293278298457e+05 1.524195328000398295e+05 2.575927118108768191e+05 1.488079096777649538e+05
-3.735400673482176499e+05 -4.042326258356242324e+05 3.095831064185032737e+05 2.610108917487640865e+05 -8.040914422309094516e+04 1.000825016132542660e+05 3.804317910284791142e+05 1.583969134261352110e+03 2.560146031534839130e+04 6.974675581219404703e+05 1.284296094771398697e+06 2.455246100874561816e+05 2.532460280824493966e+05 2.036301864465312610e+04 -1.912030091906875532e+04 -1.556959001232034643e+05 1.724829525035806000e+05 1.312169269411636633e+05
3.404139295898946875e+04 2.193780491384506167e+05 2.738817159725308302e+05 9.277456797629655921e+04 -5.991425084493843315e+04 -1.550736016395726983e+04 1.583969134261352110e+03 1.920316668573860370e+05 5.768414100764159957e+04 1.349235470458606491e+06 -2.855923182116042008e+05 -2.111378412627580692e+05 -5.640832542162839090e+05 -3.939395168352977635e+04 3.613238651053150079e+02 -2.080171607474356715e+05 1.283590182988693414e+05 8.228352857637681882e+04
-1.158647053004353540e+06 -8.934650435448452481e+04 -2.919200322803657036e+04 1.450477896643961139e+05 -2.839836672881304185e+04 1.601294836840518110e+05 2.560146031534839130e+04 5.768414100764159957e+04 1.474669701621035056e+05 -4.040832586068409146e+05 -2.286702602038976329e+05 -1.603534240175880841e+05 -3.960027121088879649e+05 -5.964343478108500130e+04 6.338154754861503898e+04 3.773079531707672868e+04 1.640069941684413934e+05 4.513979862782354758e+04
6.289174028111190349e+07 9.405161153862170875e+06 -3.898087933841548394e+06 -3.825535796325894538e+06 -1.785515336022257106e+06 1.374935533401387976e+06 6.974675581219404703e+05 1.349235470458606491e+06 -4.040832586068409146e+05 2.546750184520098865e+08 1.981404253975793719e+07 3.009904651226527244e+07 6.258217547462538816e+06 6.664438615850465372e+06 8.813616324415788054e+06 -2.457159402489060070e+06 -7.807380435778717510e+05 2.899963448584682308e+06
1.215051210608127341e+07 5.675990286699857563e+06 5.623896780530990101e+06 2.240911398360607680e+06 -9.085991630189196439e+05 -4.803368807954528165e+04 1.284296094771398697e+06 -2.855923182116042008e+05 -2.286702602038976329e+05 1.981404253975793719e+07 6.621990865183165669e+07 1.967286348184429342e+06 -4.035901220421681646e+06 1.940214137933085673e+06 -5.568748698584523518e+05 9.593137239023261936e+05 4.203890337581273052e+05 1.502956924218572211e+06
4.642499359022920951e+06 3.008935433823332656e+06 6.099171582129852846e+06 9.765056654514960246e+05 -1.520664387787586311e+05 1.265080334998779465e+06 2.455246100874561816e+05 -2.111378412627580692e+05 -1.603534240175880841e+05 3.009904651226527244e+07 1.967286348184429342e+06 3.129307147989675775e+07 6.387099160474912263e+06 -1.308104174675764982e+06 1.316309032186631113e+06 -1.704025018937325221e+05 3.206814439781074179e+05 1.962837112584793940e+06
7.808647519057598896e+06 3.501459655487666168e+04 2.728708824559562490e+05 -6.966233872029413469e+05 -2.037341372004628356e+05 3.432574668514376390e+05 2.532460280824493966e+05 -5.640832542162839090e+05 -3.960027121088879649e+05 6.258217547462538816e+06 -4.035901220421681646e+06 6.387099160474912263e+06 1.068457872596628405e+07 2.044917874935749918e+06 -1.240435056990033947e+06 6.767059379025556846e+05 -8.016766610801593924e+04 2.296299302970416320e+05
1.854363103468240239e+06 2.620843771655110177e+06 4.137244713857586030e+05 -4.547521682143111830e+05 4.733600199072005344e+05 -2.772991905525400070e+05 2.036301864465312610e+04 -3.939395168352977635e+04 -5.964343478108500130e+04 6.664438615850465372e+06 1.940214137933085673e+06 -1.308104174675764982e+06 2.044917874935749918e+06 3.086889750970772933e+06 2.441361618688344897e+05 1.729516783677805870e+04 5.599063361256133066e+04 1.587434690218353580e+03
2.069219539543766296e+06 -1.627913327547844965e+05 -7.076497518569055246e+05 -8.862829305724848527e+05 2.890840100019206293e+05 -2.243867293278298457e+05 -1.912030091906875532e+04 3.613238651053150079e+02 6.338154754861503898e+04 8.813616324415788054e+06 -5.568748698584523518e+05 1.316309032186631113e+06 -1.240435056990033947e+06 2.441361618688344897e+05 3.535396595308344346e+06 3.484512337664795923e+05 2.643455988864364335e+05 9.228790681273158407e+04
1.013457062649272732e+06 -1.090719272537835641e+06 -3.476714195974519826e+05 -5.820074319581288728e+04 -6.660668626412785670e+04 1.524195328000398295e+05 -1.556959001232034643e+05 -2.080171607474356715e+05 3.773079531707672868e+04 -2.457159402489060070e+06 9.593137239023261936e+05 -1.704025018937325221e+05 6.767059379025556846e+05 1.729516783677805870e+04 3.484512337664795923e+05 1.135624238408990437e+06 3.841887518497585552e+04 3.267741067207232481e+04
-1.794862928653006675e+06 -1.166216083197441185e+06 4.963597127779867151e+05 1.610240937904339517e+05 -1.108064289314577763e+04 2.575927118108768191e+05 1.724829525035806000e+05 1.283590182988693414e+05 1.640069941684413934e+05 -7.807380435778717510e+05 4.203890337581273052e+05 3.206814439781074179e+05 -8.016766610801593924e+04 5.599063361256133066e+04 2.643455988864364335e+05 3.841887518497585552e+04 8.753803857818216784e+05 2.300811883621866873e+05
1.857990434287919561e+04 4.318386965136191575e+05 7.648814318794717547e+05 3.732806375885239686e+05 -8.731059448716856423e+04 1.488079096777649538e+05 1.312169269411636633e+05 8.228352857637681882e+04 4.513979862782354758e+04 2.899963448584682308e+06 1.502956924218572211e+06 1.962837112584793940e+06 2.296299302970416320e+05 1.587434690218353580e+03 9.228790681273158407e+04 3.267741067207232481e+04 2.300811883621866873e+05 3.973319004139228491e+05
