5.812434974815789610e+07 1.745399808979271725e+07 3.941863732630572747e+06 6.233449918279604986e+06 -5.267564176416946575e+05 -1.802631321071590297e+06 5.927438447200686205e+05 1.331033657387397485e+06 -1.823875518861449018e+04 4.799591094740785658e+07 2.002960241457686573e+07 -3.644725469313808717e+06 8.209367784052229486e+06 -4.289179057635912672e+06 -1.780264679655330954e+06 -2.313261163262160495e+06 -1.886010892067006789e+06 1.471744928614832694e+06
1.745399808979271725e+07 2.736230084797472507e+07 4.099242137606723700e+06 1.157253408462704625e+06 -1.023965211367801647e+06 -8.767725114427400986e+05 3.760957477302838925e+03 9.287137105516601587e+05 2.920759337697813171e+05 3.335957555828152224e+06 7.242833114794043358e+05 -2.718768019321317319e+06 5.177666417604633607e+06 -9.295127642818838358e+05 -1.230016242334596114e+06 2.213650041236563993e+05 3.656846868709201808e+05 1.118361781038231216e+06
3.941863732630572747e+06 4.099242137606723700e+06 3.103136252146375366e+06 5.912659260525028221e+05 -1.313180000475253655e+04 4.992110512747595931e+04 -4.772845001828073146e+04 3.715813440446148743e+05 5.621309364491476299e+04 -4.135256967196306214e+06 3.033467357471196447e+06 2.668413983876431827e+06 -2.982545681085400283e+05 6.815145458719546441e+05 -2.628452103969153832e+05 8.102314913461948745e+05 5.751038392949998524e+03 3.065686949959019548e+05
6.233449918279604986e+06 1.157253408462704625e+06 5.912659260525028221e+05 5.189986389470250346e+06 6.449410034375804244e+05 2.824383455325766117e+05 2.099279938482997532e+05 1.879807759393283923e+05 4.422810022831577044e+03 9.310749707879715133e+05 5.799081652399362996e+06 1.250142062930313172e+06 2.004770953131196555e+06 -4.256281231030872441e+05 -3.251266279965509311e+05 3.176031508964769891e+05 -1.451597002907865972e+05 5.608652143108302262e+05
-5.267564176416946575e+05 -1.023965211367801647e+06 -1.313180000475253655e+04 6.449410034375804244e+05 5.280794246677128831e+05 2.160160482293813257e+05 8.151453505827135814e+04 2.947886985899145657e+04 -2.268346897671953047e+04 -4.764127820530770696e+05 4.265160965090086393e+04 1.625254665838563815e+06 -1.655255631629484706e+05 1.482543030236695486e+05 3.918130349997782469e+04 2.133629523924046371e+05 1.124942818821078836e+05 1.224482733062849293e+05
-1.802631321071590297e+06 -8.767725114427400986e+05 4.992110512747595931e+04 2.824383455325766117e+05 2.160160482293813257e+05 4.801651837789143319e+05 1.026128961753819312e+05 -7.077148313407265232e+04 1.228134826154257462e+04 -2.540248572993548121e+06 4.496482734140288812e+04 7.408048972759115277e+05 -4.800312619468196062e+05 -2.889550426740880939e+05 -7.235459488937276183e+04 4.889019601805901038e+05 -2.661592161922524247e+04 8.852155124508301378e+04
5.927438447200686205e+05 3.760957477302838925e+03 -4.772845001828073146e+04 2.099279938482997532e+05 8.151453505827135814e+04 1.026128961753819312e+05 2.951802034455417306e+05 4.907578181599252275e+04 2.232935833091660606e+04 1.726145930609085597e+06 -1.718627169955823105e+06 -3.859178807281529880e+05 1.694185723223287496e+05 -2.064007518491510127e+05 -2.216409267174739507e+05 -2.634395094218554368e+04 -4.019734142474226246e+04 1.257603217389730999e+05
1.331033657387397485e+06 9.287137105516601587e+05 3.715813440446148743e+05 1.879807759393283923e+05 2.947886985899145657e+04 -7.077148313407265232e+04 4.907578181599252275e+04 1.751363127902706037e+05 9.751460090996233703e+03 3.352003694561314187e+05 -3.635677601141224732e+05 -6.554996468360238941e+05 2.412576843967887107e+05 1.563449918373437540e+05 -8.329329348156825290e+04 -8.011053682009501790e+04 -3.056331536302822860e+04 1.276910052109924582e+05
-1.823875518861449018e+04 2.920759337697813171e+05 5.621309364491476299e+04 4.422810022831577044e+03 -2.268346897671953047e+04 1.228134826154257462e+04 2.232935833091660606e+04 9.751460090996233703e+03 5.740099089960051060e+04 -5.775102771887021372e+05 -1.973943104644551349e+05 1.708796546230698877e+05 4.241785227988912993e+03 -2.864893618037739361e+04 -9.653207061400786915e+04 1.165495009561569168e+05 1.114669825842717255e+05 6.854219340956081578e+04
4.799591094740785658e+07 3.335957555828152224e+06 -4.135256967196306214e+06 9.310749707879715133e+05 -4.764127820530770696e+05 -2.540248572993548121e+06 1.726145930609085597e+06 3.352003694561314187e+05 -5.775102771887021372e+05 2.352170977397893071e+08 2.363708510464151576e+07 -5.686665252486398676e+05 7.382006597524878569e+06 -1.386428072613796964e+07 -7.932578494035663316e+05 -2.538280960084187333e+06 -2.577905379471270368e+06 -1.595932909593852237e+06
2.002960241457686573e+07 7.242833114794043358e+05 3.033467357471196447e+06 5.799081652399362996e+06 4.265160965090086393e+04 4.496482734140288812e+04 -1.718627169955823105e+06 -3.635677601141224732e+05 -1.973943104644551349e+05 2.363708510464151576e+07 6.006653806257282943e+07 9.262853081711640581e+06 -1.317209938798912568e+06 -5.065621962741751224e+06 -9.276736754631615477e+05 1.089241834624474170e+06 4.713335416120264563e+05 -1.272785852191184182e+06
-3.644725469313808717e+06 -2.718768019321317319e+06 2.668413983876431827e+06 1.250142062930313172e+06 1.625254665838563815e+06 7.408048972759115277e+05 -3.859178807281529880e+05 -6.554996468360238941e+05 1.708796546230698877e+05 -5.686665252486398676e+05 9.262853081711640581e+06 2.451239684217296541e+07 -5.958934046304753283e+05 8.753205022686144803e+05 1.949328490361887380e+05 3.793024518322362565e+06 1.389158126401514048e+06 5.324354422632785281e+05
8.209367784052229486e+06 5.177666417604633607e+06 -2.982545681085400283e+05 2.004770953131196555e+06 -1.655255631629484706e+05 -4.800312619468196062e+05 1.694185723223287496e+05 2.412576843967887107e+05 4.241785227988912993e+03 7.382006597524878569e+06 -1.317209938798912568e+06 -5.958934046304753283e+05 1.133570187137477472e+07 -2.458551434247612488e+06 -1.145123564426019555e+06 1.949504026390752115e+05 -3.541814546821070253e+05 3.853875732197120087e+05
-4.289179057635912672e+06 -9.295127642818838358e+05 6.815145458719546441e+05 -4.256281231030872441e+05 1.482543030236695486e+05 -2.889550426740880939e+05 -2.064007518491510127e+05 1.563449918373437540e+05 -2.864893618037739361e+04 -1.386428072613796964e+07 -5.065621962741751224e+06 8.753205022686144803e+05 -2.458551434247612488e+06 4.556528951222916134e+06 -8.984708875431773777e+04 -5.977886024591687601e+05 -3.743950177812396432e+05 -1.170803926785820076e+05
-1.780264679655330954e+06 -1.230016242334596114e+06 -2.628452103969153832e+05 -3.251266279965509311e+05 3.918130349997782469e+04 -7.235459488937276183e+04 -2.216409267174739507e+05 -8.329329348156825290e+04 -9.653207061400786915e+04 -7.932578494035663316e+05 -9.276736754631615477e+05 1.949328490361887380e+05 -1.145123564426019555e+06 -8.984708875431773777e+04 1.426080156146905851e+06 2.100630570848655771e+05 2.040917958679781004e+05 1.031915580502442172e+05
-2.313261163262160495e+06 2.213650041236563993e+05 8.102314913461948745e+05 3.176031508964769891e+05 2.133629523924046371e+05 4.889019601805901038e+05 -2.634395094218554368e+04 -8.011053682009501790e+04 1.165495009561569168e+05 -2.538280960084187333e+06 1.089241834624474170e+06 3.793024518322362565e+06 1.949504026390752115e+05 -5.977886024591687601e+05 2.100630570848655771e+05 2.430568792419793550e+06 6.312924678338853410e+05 1.668712264121668995e+05
-1.886010892067006789e+06 3.656846868709201808e+05 5.751038392949998524e+03 -1.451597002907865972e+05 1.124942818821078836e+05 -2.661592161922524247e+04 -4.019734142474226246e+04 -3.056331536302822860e+04 1.114669825842717255e+05 -2.577905379471270368e+06 4.713335416120264563e+05 1.389158126401514048e+06 -3.541814546821070253e+05 -3.743950177812396432e+05 2.040917958679781004e+05 6.312924678338853410e+05 1.122308881839500042e+06 1.348138754920781357e+05
1.471744928614832694e+06 1.118361781038231216e+06 3.065686949959019548e+05 5.608652143108302262e+05 1.224482733062849293e+05 8.852155124508301378e+04 1.257603217389730999e+05 1.276910052109924582e+05 6.854219340956081578e+04 -1.595932909593852237e+06 -1.272785852191184182e+06 5.324354422632785281e+05 3.853875732197120087e+05 -1.170803926785820076e+05 1.031915580502442172e+05 1.668712264121668995e+05 1.348138754920781357e+05 5.537918341036242200e+05
