5.352348674160482734e+07 4.343154105365510099e+06 8.958410570939689642e+05 -1.487440187552662333e+06 1.498786202570373891e+06 -8.423884225804798771e+05 6.742202490433488274e+05 5.800799721087146318e+05 2.037647765136863163e+05 6.874118130173848569e+07 1.563103621318432689e+07 -2.999299605881343130e+06 -3.114353924738953821e+06 -2.629476153112712316e+06 -2.305043670082147000e+05 1.540872860634372919e+05 1.064575714083575644e+06 9.812015504120792029e+05
4.343154105365510099e+06 1.395092219380117394e+07 8.779710822101893136e+05 6.594913900061902823e+05 1.376134901631184621e+06 -1.328295422607300279e+05 2.929726897340322612e+05 4.179613421329748235e+05 7.139011160731480923e+05 -5.999167140988038853e+06 2.307731606293593347e+07 4.925028930248595774e+06 -2.774506198720575776e+06 -6.314040967541629216e+05 3.918966156478661578e+05 6.776607063447228866e+05 -4.898730640248915879e+05 7.185366172429872677e+05
8.958410570939689642e+05 8.779710822101893136e+05 4.517134221161727794e+06 5.298087309110888746e+05 2.062608396957110381e+05 -2.403144602768759651e+05 5.115633376844834856e+04 -4.413094653794260012e+03 2.163832316848103073e+05 1.018060242013673997e+06 9.113212438434850425e+06 5.378652046833823435e+06 7.910613672398630297e+05 3.654024980580167030e+05 3.863243806853241404e+05 -2.611561736701116606e+05 -4.309549457529899664e+05 2.458297987935553829e+05
-1.487440187552662333e+06 6.594913900061902823e+05 5.298087309110888746e+05 2.587979001579633914e+06 3.955078475461501512e+05 -1.711219897733559947e+03 -2.791200701988228830e+05 -2.744769973340514116e+04 9.474475980270009313e+04 3.401174971786362119e+06 1.088368424380227458e+06 4.911634869560969993e+06 5.880824651341405697e+05 6.241293757768162759e+05 -2.831305573102521012e+05 -4.758369448826003354e+05 -8.659186486491373216e+04 -1.709267693050645175e+04
1.498786202570373891e+06 1.376134901631184621e+06 2.062608396957110381e+05 3.955078475461501512e+05 8.494807401801712113e+05 1.453397197259970417e+05 1.269521286770630541e+05 9.449005004801291216e+04 1.486357259888677218e+05 -1.729314862772313412e+06 1.305968999735730933e+06 9.368960818986871745e+05 1.933314819722152242e+04 1.543703835006350419e+05 -1.726660817359109642e+05 -5.506423777258747577e+04 -1.395675787672994193e+05 3.325315313158871140e+04
-8.423884225804798771e+05 -1.328295422607300279e+05 -2.403144602768759651e+05 -1.711219897733559947e+03 1.453397197259970417e+05 4.368886097996963654e+05 2.533761322959766039e+04 6.394685584211375681e+04 4.248939158274872170e+04 -1.767833541250801645e+06 -2.326661803060255013e+06 -1.054729184467674932e+06 1.222139513612083683e+05 2.889868073903382756e+05 1.963304033979343076e+05 -2.521478126113251492e+05 7.881441078501391166e+04 -1.079354992251601070e+05
6.742202490433488274e+05 2.929726897340322612e+05 5.115633376844834856e+04 -2.791200701988228830e+05 1.269521286770630541e+05 2.533761322959766039e+04 2.336803915045929316e+05 1.125701652908292599e+05 5.851212112604980211e+04 -2.253330102033951844e+05 4.500038812901587225e+05 1.051820162587088998e+05 -5.305364290849466342e+05 -8.297514503774815239e+04 -1.843209536552022619e+05 6.520215049492872640e+04 5.762483599221755867e+04 2.966678053936256038e+04
5.800799721087146318e+05 4.179613421329748235e+05 -4.413094653794260012e+03 -2.744769973340514116e+04 9.449005004801291216e+04 6.394685584211375681e+04 1.125701652908292599e+05 2.020241556430524215e+05 2.770495897658301328e+04 1.462052094876988122e+04 8.612145810716054402e+05 -2.047172104960985598e+04 -4.964668169955263147e+04 2.786101792465155013e+05 -1.226927171063040005e+05 2.937696633525423022e+04 2.422975705861978931e+05 7.171544146656130033e+04
2.037647765136863163e+05 7.139011160731480923e+05 2.163832316848103073e+05 9.474475980270009313e+04 1.486357259888677218e+05 4.248939158274872170e+04 5.851212112604980211e+04 2.770495897658301328e+04 1.762459491282938106e+05 -4.698967968911631033e+05 1.146989913426277461e+06 5.879866577662751079e+05 -3.692177357530490845e+05 4.157494131815811124e+04 2.360530647946195677e+05 -1.250936736231751820e+04 -8.802441259221704968e+04 5.373797456595052790e+04
6.874118130173848569e+07 -5.999167140988038853e+06 1.018060242013673997e+06 3.401174971786362119e+06 -1.729314862772313412e+06 -1.767833541250801645e+06 -2.253330102033951844e+05 1.462052094876988122e+04 -4.698967968911631033e+05 2.498157294930101931e+08 3.875553209697244316e+07 2.102283261264840513e+07 7.618871212314233184e+06 -7.256004724421521649e+06 -7.148777554366949014e+06 -4.197381754058289342e+06 2.595618064096187241e+06 5.217628153601779923e+04
1.563103621318432689e+07 2.307731606293593347e+07 9.113212438434850425e+06 1.088368424380227458e+06 1.305968999735730933e+06 -2.326661803060255013e+06 4.500038812901587225e+05 8.612145810716054402e+05 1.146989913426277461e+06 3.875553209697244316e+07 8.656363653944127262e+07 2.598417658512152731e+07 -5.255197583367817104e+06 -7.140842638025378110e+05 -1.135620561406541849e+06 -7.316869826294077211e+04 -3.241091509687671787e+05 6.008852583770463243e+05
-2.999299605881343130e+06 4.925028930248595774e+06 5.378652046833823435e+06 4.911634869560969993e+06 9.368960818986871745e+05 -1.054729184467674932e+06 1.051820162587088998e+05 -2.047172104960985598e+04 5.879866577662751079e+05 2.102283261264840513e+07 2.598417658512152731e+07 3.199611608504930884e+07 4.554780626117846929e+06 1.789222118579378293e+05 -1.815272193348864792e+06 -1.674195142648971640e+06 -1.903425154164926847e+06 -2.457902139941708301e+05
-3.114353924738953821e+06 -2.774506198720575776e+06 7.910613672398630297e+05 5.880824651341405697e+05 1.933314819722152242e+04 1.222139513612083683e+05 -5.305364290849466342e+05 -4.964668169955263147e+04 -3.692177357530490845e+05 7.618871212314233184e+06 -5.255197583367817104e+06 4.554780626117846929e+06 1.832954995061927289e+07 3.690563141555203125e+06 -3.550413172916542972e+05 4.020261909265849390e+05 -2.398996259985227662e+05 -8.275720339050596522e+04
-2.629476153112712316e+06 -6.314040967541629216e+05 3.654024980580167030e+05 6.241293757768162759e+05 1.543703835006350419e+05 2.889868073903382756e+05 -8.297514503774815239e+04 2.786101792465155013e+05 4.157494131815811124e+04 -7.256004724421521649e+06 -7.140842638025378110e+05 1.789222118579378293e+05 3.690563141555203125e+06 4.478777671168936417e+06 1.901476863568047702e+05 3.261192981487615616e+05 6.847301034865020774e+05 3.074481737604642694e+04
-2.305043670082147000e+05 3.918966156478661578e+05 3.863243806853241404e+05 -2.831305573102521012e+05 -1.726660817359109642e+05 1.963304033979343076e+05 -1.843209536552022619e+05 -1.226927171063040005e+05 2.360530647946195677e+05 -7.148777554366949014e+06 -1.135620561406541849e+06 -1.815272193348864792e+06 -3.550413172916542972e+05 1.901476863568047702e+05 2.067865150181105593e+06 -2.227291617593882547e+05 -2.542608020970826037e+05 -1.392981129441944067e+05
1.540872860634372919e+05 6.776607063447228866e+05 -2.611561736701116606e+05 -4.758369448826003354e+05 -5.506423777258747577e+04 -2.521478126113251492e+05 6.520215049492872640e+04 2.937696633525423022e+04 -1.250936736231751820e+04 -4.197381754058289342e+06 -7.316869826294077211e+04 -1.674195142648971640e+06 4.020261909265849390e+05 3.261192981487615616e+05 -2.227291617593882547e+05 1.112678645835666917e+06 1.454651348364935257e+05 1.461799724165122898e+05
1.064575714083575644e+06 -4.898730640248915879e+05 -4.309549457529899664e+05 -8.659186486491373216e+04 -1.395675787672994193e+05 7.881441078501391166e+04 5.762483599221755867e+04 2.422975705861978931e+05 -8.802441259221704968e+04 2.595618064096187241e+06 -3.241091509687671787e+05 -1.903425154164926847e+06 -2.398996259985227662e+05 6.847301034865020774e+05 -2.542608020970826037e+05 1.454651348364935257e+05 7.336671710738830734e+05 6.983262980494619114e+04
9.812015504120792029e+05 7.185366172429872677e+05 2.458297987935553829e+05 -1.709267693050645175e+04 3.325315313158871140e+04 -1.079354992251601070e+05 2.966678053936256038e+04 7.171544146656130033e+04 5.373797456595052790e+04 5.217628153601779923e+04 6.008852583770463243e+05 -2.457902139941708301e+05 -8.275720339050596522e+04 3.074481737604642694e+04 -1.392981129441944067e+05 1.461799724165122898e+05 6.983262980494619114e+04 3.894406256684958935e+05
