4.438394087037318945e+07 -1.911436176966336789e+06 -6.269367842343629338e+06 -2.701209176257626154e+06 1.651787082932917867e+06 -1.242666689648019150e+06 -7.911716674997147638e+05 -5.138018128961728653e+05 9.944840285702650363e+03 -6.703674260812029243e+06 -3.117556695477341302e+06 4.663932912214742973e+06 -4.991651507652898319e+06 -3.470925920167477336e+06 -3.558078373037842102e+06 -1.589136614159267163e+06 -8.775687130687324097e+05 -1.607535371071653208e+06
-1.911436176966336789e+06 1.646537821462325938e+07 4.846774893180849962e+06 4.420792449274950777e+05 2.097797985932001029e+05 -1.963472336023610260e+05 -2.198535964779304632e+05 -7.480272902801905293e+05 3.692683380292840593e+04 1.800049194837453589e+07 -1.485970011343627702e+06 -1.995754705946665257e+06 7.698210862492483575e+05 -1.617697232110092416e+06 -1.500550190469663648e+05 1.274944949561118847e+06 3.671824666015621624e+05 -5.131262954694857472e+05
-6.269367842343629338e+06 4.846774893180849962e+06 5.688276718884824775e+06 1.290910986441690475e+06 2.283811408707789669e+05 9.633905193781050912e+04 7.573452663140738150e+04 1.250699482788389723e+05 1.411077124852107954e+05 1.573474609526317194e+07 -3.342757761227184441e+06 -4.125638958280043444e+05 9.027736505606283899e+05 6.635832655718314345e+04 5.894646745853223838e+05 6.220247032442451746e+04 1.994110940494197130e+05 3.008610357556326198e+05
-2.701209176257626154e+06 4.420792449274950777e+05 1.290910986441690475e+06 3.309368375603745691e+06 2.512808724886578566e+05 4.606171202777826693e+05 1.223401136853884382e+05 1.465213401405836048e+05 1.962912318343741936e+05 -1.389086053423827281e+06 -1.601221448804389918e+06 -3.563110892890819814e+05 4.195211017716134083e+05 2.156074107966450509e+06 4.988269831030545174e+05 -5.911265963400283363e+04 -4.734990584268301027e+05 -1.070734749385682517e+04
1.651787082932917867e+06 2.097797985932001029e+05 2.283811408707789669e+05 2.512808724886578566e+05 5.385850030191853875e+05 1.963966174863999186e+02 -2.502692695696204100e+04 9.177621247374107770e+04 1.152163895817407138e+04 6.386893762541819160e+04 -2.016731792657603975e+06 -1.278228976511069341e+06 -4.047916967325519654e+05 -8.537038153629138833e+04 -3.509490240471115685e+05 -2.923623690381860361e+05 1.871233521482553333e+05 -2.915485831735936517e+04
-1.242666689648019150e+06 -1.963472336023610260e+05 9.633905193781050912e+04 4.606171202777826693e+05 1.963966174863999186e+02 6.027496078931652009e+05 6.039112016000580479e+04 5.717705340276448987e+04 -4.337453183632181754e+04 -8.480140006814070512e+05 -2.078719703199884389e+06 5.697680440834171604e+05 1.438368998750387691e+05 2.535487408930788806e+05 3.149349003414328909e+05 3.073310455074302736e+05 2.317235861338784161e+05 1.543599807286126634e+03
-7.911716674997147638e+05 -2.198535964779304632e+05 7.573452663140738150e+04 1.223401136853884382e+05 -2.502692695696204100e+04 6.039112016000580479e+04 3.337840921014134074e+05 1.552575456487236661e+05 5.901504518486366578e+04 7.533970582338556414e+05 -1.920797293991519604e+06 4.066381830346970237e+05 2.257372154047892836e+05 -1.290557558421122667e+04 4.622636382351523935e+04 -7.527768715124937444e+03 1.402954076736644201e+05 1.238465874492033618e+05
-5.138018128961728653e+05 -7.480272902801905293e+05 1.250699482788389723e+05 1.465213401405836048e+05 9.177621247374107770e+04 5.717705340276448987e+04 1.552575456487236661e+05 3.378412006153244874e+05 4.606908977752996725e+04 9.286797678022090113e+05 -8.520971081395840738e+05 6.725981561242269818e+05 -3.892150527587301331e+05 7.927420979899901431e+04 2.165506815486126579e+05 1.239818438735553063e+05 2.442720680834749364e+05 2.159173290846212185e+05
9.944840285702650363e+03 3.692683380292840593e+04 1.411077124852107954e+05 1.962912318343741936e+05 1.152163895817407138e+04 -4.337453183632181754e+04 5.901504518486366578e+04 4.606908977752996725e+04 8.048568830517024617e+04 -4.775193959268180188e+05 -2.381061065736788732e+05 1.820020038141788100e+05 1.768303909375082876e+05 1.156157719757770683e+05 -5.644113130624261976e+04 -3.760973316648370201e+03 -8.001752583183984098e+04 3.747736519400854741e+04
-6.703674260812029243e+06 1.800049194837453589e+07 1.573474609526317194e+07 -1.389086053423827281e+06 6.386893762541819160e+04 -8.480140006814070512e+05 7.533970582338556414e+05 9.286797678022090113e+05 -4.775193959268180188e+05 2.171869407160621285e+08 -2.042264223794157058e+07 -1.598988622531218827e+07 -8.206407328164760023e+06 -8.062664178553526290e+04 7.469886856577774743e+05 -2.294981696967659984e+06 5.303434324445176171e+05 4.314812133122404106e+06
-3.117556695477341302e+06 -1.485970011343627702e+06 -3.342757761227184441e+06 -1.601221448804389918e+06 -2.016731792657603975e+06 -2.078719703199884389e+06 -1.920797293991519604e+06 -8.520971081395840738e+05 -2.381061065736788732e+05 -2.042264223794157058e+07 5.929635544350513816e+07 6.818495252181524411e+06 -3.736562874474888202e+06 -1.527892238657815033e+05 1.594595980638293317e+06 -1.635505885997811332e+06 -2.229186586099874228e+06 1.546544130522044434e+05
4.663932912214742973e+06 -1.995754705946665257e+06 -4.125638958280043444e+05 -3.563110892890819814e+05 -1.278228976511069341e+06 5.697680440834171604e+05 4.066381830346970237e+05 6.725981561242269818e+05 1.820020038141788100e+05 -1.598988622531218827e+07 6.818495252181524411e+06 2.587806459080167860e+07 5.567249411507627927e+06 -6.154733103729104623e+05 3.001737757857909310e+05 1.187434445998170413e+06 2.152455410516418342e+05 1.400970361150870740e+05
-4.991651507652898319e+06 7.698210862492483575e+05 9.027736505606283899e+05 4.195211017716134083e+05 -4.047916967325519654e+05 1.438368998750387691e+05 2.257372154047892836e+05 -3.892150527587301331e+05 1.768303909375082876e+05 -8.206407328164760023e+06 -3.736562874474888202e+06 5.567249411507627927e+06 1.069737396094721183e+07 2.324706260555240791e+06 1.327654080235627771e+05 7.146487195560709806e+05 -6.995045217816951917e+05 3.953789161238261149e+05
-3.470925920167477336e+06 -1.617697232110092416e+06 6.635832655718314345e+04 2.156074107966450509e+06 -8.537038153629138833e+04 2.535487408930788806e+05 -1.290557558421122667e+04 7.927420979899901431e+04 1.156157719757770683e+05 -8.062664178553526290e+04 -1.527892238657815033e+05 -6.154733103729104623e+05 2.324706260555240791e+06 3.928815523663117085e+06 1.304103795444187475e+06 4.508791860541865462e+05 -5.306581117235422134e+05 3.575758398941069026e+05
-3.558078373037842102e+06 -1.500550190469663648e+05 5.894646745853223838e+05 4.988269831030545174e+05 -3.509490240471115685e+05 3.149349003414328909e+05 4.622636382351523935e+04 2.165506815486126579e+05 -5.644113130624261976e+04 7.469886856577774743e+05 1.594595980638293317e+06 3.001737757857909310e+05 1.327654080235627771e+05 1.304103795444187475e+06 3.564475498438871466e+06 1.346462014980527107e+06 4.154548090893947519e+05 -8.520276903992907319e+04
-1.589136614159267163e+06 1.274944949561118847e+06 6.220247032442451746e+04 -5.911265963400283363e+04 -2.923623690381860361e+05 3.073310455074302736e+05 -7.527768715124937444e+03 1.239818438735553063e+05 -3.760973316648370201e+03 -2.294981696967659984e+06 -1.635505885997811332e+06 1.187434445998170413e+06 7.146487195560709806e+05 4.508791860541865462e+05 1.346462014980527107e+06 2.067694291587791406e+06 2.990053583444487303e+05 9.664287520609433705e+04
-8.775687130687324097e+05 3.671824666015621624e+05 1.994110940494197130e+05 -4.734990584268301027e+05 1.871233521482553333e+05 2.317235861338784161e+05 1.402954076736644201e+05 2.442720680834749364e+05 -8.001752583183984098e+04 5.303434324445176171e+05 -2.229186586099874228e+06 2.152455410516418342e+05 -6.995045217816951917e+05 -5.306581117235422134e+05 4.154548090893947519e+05 2.990053583444487303e+05 9.177422300733426819e+05 -2.929220932592117606e+04
-1.607535371071653208e+06 -5.131262954694857472e+05 3.008610357556326198e+05 -1.070734749385682517e+04 -2.915485831735936517e+04 1.543599807286126634e+03 1.238465874492033618e+05 2.159173290846212185e+05 3.747736519400854741e+04 4.314812133122404106e+06 1.546544130522044434e+05 1.400970361150870740e+05 3.953789161238261149e+05 3.575758398941069026e+05 -8.520276903992907319e+04 9.664287520609433705e+04 -2.929220932592117606e+04 6.105052665023875888e+05
