5.767182260732535273e+07 9.691068307831799611e+06 -2.337617369810569100e+06 -2.441242601502003148e+06 -6.570190525773044101e+03 1.053361025792625034e+06 1.062298881255507702e+06 5.193904094551744638e+05 4.014690001284856698e+05 5.953561803832638077e+06 -3.092087719528682064e+06 -5.912896944445253350e+06 7.866950375636261888e+05 1.206610391309111146e+06 1.697330247667544521e+06 4.153064564739966299e+05 2.724053049568923889e+05 -5.443700629589108285e+05
9.691068307831799611e+06 2.052716241265218705e+07 1.393763338599066250e+06 -7.088897794896787964e+05 1.533502800747006549e+05 7.522006444508156274e+05 -2.510263448272942624e+05 -1.187858623688535008e+05 1.986160374133308651e+05 -6.467420786419194192e+06 2.700645922493479680e+06 6.091068142038664781e+06 1.322510336082392605e+06 2.254717174788397970e+05 -2.212903908962574787e+06 -2.065138101020169910e+06 -1.188083978507259861e+06 2.960652293387900572e+05
-2.337617369810569100e+06 1.393763338599066250e+06 4.037083112307527103e+06 -4.187060416336805210e+05 5.171161333014816628e+05 -1.141069763242210611e+05 2.602562766332787869e+05 1.301222988794631383e+05 -2.633103604617214660e+04 1.939837616149347275e+06 4.258313472293769009e+06 3.102905625905473717e+06 -5.862570641768230125e+05 -9.272473723965511890e+05 -4.890478888238247600e+04 -4.656720704254081938e+05 -3.212343623170319479e+05 -3.463148402153750067e+05
-2.441242601502003148e+06 -7.088897794896787964e+05 -4.187060416336805210e+05 2.659335234637240414e+06 3.267068759714435437e+05 2.928188061993979500e+05 -2.470370897152810940e+05 -1.698220285102803027e+05 4.668572518589461833e+04 -7.565745173026246950e+06 2.790231303448269609e+06 1.040520812776823179e+06 8.074648774762671674e+05 1.516374241938172840e+06 8.899895185230971547e+05 -2.040568193906807282e+05 2.013535567669286684e+05 3.088265266543771140e+05
-6.570190525773044101e+03 1.533502800747006549e+05 5.171161333014816628e+05 3.267068759714435437e+05 4.607435480918504181e+05 -1.193731973526975489e+05 2.566515623709041029e+04 6.646336789754981874e+04 -9.762622498124663252e+03 9.030905688974473742e+04 1.177996764038005844e+06 2.409349557389202237e+05 4.234148170448736637e+05 3.202705224448610097e+05 -3.354546185168005468e+04 -3.308371806917443755e+05 1.420459427478173748e+05 -7.786828634681476979e+04
1.053361025792625034e+06 7.522006444508156274e+05 -1.141069763242210611e+05 2.928188061993979500e+05 -1.193731973526975489e+05 5.317412125939371763e+05 -5.340346678013808560e+04 -4.377364615262452571e+04 -4.930559408937567787e+04 -4.121687800678750500e+06 -6.907848484117107000e+05 -4.324967511032890179e+05 -3.520142336947075673e+05 6.615117602030374110e+05 3.612039389686171198e+05 6.548325614035068429e+04 7.489847320519330970e+04 6.912708614408822905e+04
1.062298881255507702e+06 -2.510263448272942624e+05 2.602562766332787869e+05 -2.470370897152810940e+05 2.566515623709041029e+04 -5.340346678013808560e+04 3.263473481093706796e+05 8.280003887577053683e+04 4.321102553639454709e+04 3.512046132280194666e+06 -6.822560680610686541e+05 -3.911996007497746032e+05 -4.411963964372046175e+05 -3.485603355192862800e+05 2.058348800819339231e+05 1.231491685278339719e+05 -6.750688594627377461e+04 8.435059266220278005e+03
5.193904094551744638e+05 -1.187858623688535008e+05 1.301222988794631383e+05 -1.698220285102803027e+05 6.646336789754981874e+04 -4.377364615262452571e+04 8.280003887577053683e+04 1.364073173456468794e+05 1.088329541548025372e+04 1.970015541425795062e+06 3.067369796581137925e+05 -1.565387007822516316e+05 -3.270741952280016267e+05 6.197312577264648280e+04 -1.801855035585117730e+04 -7.379930704004669678e+04 -8.401997243704671564e+04 -1.607793736952086329e+05
4.014690001284856698e+05 1.986160374133308651e+05 -2.633103604617214660e+04 4.668572518589461833e+04 -9.762622498124663252e+03 -4.930559408937567787e+04 4.321102553639454709e+04 1.088329541548025372e+04 8.606341808108317491e+04 1.105721671041993890e+06 -6.587406523105282395e+04 1.391589330193665519e+05 8.124539343967122841e+04 -2.290799479901544400e+05 2.446551915705091960e+04 -2.769700439890025791e+03 2.984053140566441471e+03 -3.493388377704661252e+04
5.953561803832638077e+06 -6.467420786419194192e+06 1.939837616149347275e+06 -7.565745173026246950e+06 9.030905688974473742e+04 -4.121687800678750500e+06 3.512046132280194666e+06 1.970015541425795062e+06 1.105721671041993890e+06 4.569568303783251643e+08 4.052565804679666460e+07 5.648505397195304744e+06 -6.936596507668585982e+05 -1.258481632482245192e+07 -4.685797894867040217e+06 3.904058793352430221e+06 -6.138230004134744406e+06 -2.326969712723725010e+06
-3.092087719528682064e+06 2.700645922493479680e+06 4.258313472293769009e+06 2.790231303448269609e+06 1.177996764038005844e+06 -6.907848484117107000e+05 -6.822560680610686541e+05 3.067369796581137925e+05 -6.587406523105282395e+04 4.052565804679666460e+07 5.621364371149914712e+07 9.151908046446733177e+06 7.469793569917284884e+06 -2.894921449372999836e+06 -3.930174971387927886e+06 -1.094109035285392310e+06 -2.767709795149220154e+06 -7.274522640851020114e+05
-5.912896944445253350e+06 6.091068142038664781e+06 3.102905625905473717e+06 1.040520812776823179e+06 2.409349557389202237e+05 -4.324967511032890179e+05 -3.911996007497746032e+05 -1.565387007822516316e+05 1.391589330193665519e+05 5.648505397195304744e+06 9.151908046446733177e+06 1.781933029465724155e+07 2.101206533013506792e+06 -2.919926669077226426e+06 -1.069568318984225160e+06 -3.336676774040459190e+06 -1.370420295212393627e+06 -1.197086213001713040e+05
7.866950375636261888e+05 1.322510336082392605e+06 -5.862570641768230125e+05 8.074648774762671674e+05 4.234148170448736637e+05 -3.520142336947075673e+05 -4.411963964372046175e+05 -3.270741952280016267e+05 8.124539343967122841e+04 -6.936596507668585982e+05 7.469793569917284884e+06 2.101206533013506792e+06 1.027893767190240510e+07 -4.172675191330792732e+05 -1.888799032987973653e+06 -1.750362293277243618e+06 1.020078580571622588e+05 9.931462856662865670e+04
1.206610391309111146e+06 2.254717174788397970e+05 -9.272473723965511890e+05 1.516374241938172840e+06 3.202705224448610097e+05 6.615117602030374110e+05 -3.485603355192862800e+05 6.197312577264648280e+04 -2.290799479901544400e+05 -1.258481632482245192e+07 -2.894921449372999836e+06 -2.919926669077226426e+06 -4.172675191330792732e+05 5.012196514221273363e+06 1.216334218270352576e+06 2.193688261446167598e+05 8.130179518867466832e+05 3.795612826318210573e+05
1.697330247667544521e+06 -2.212903908962574787e+06 -4.890478888238247600e+04 8.899895185230971547e+05 -3.354546185168005468e+04 3.612039389686171198e+05 2.058348800819339231e+05 -1.801855035585117730e+04 2.446551915705091960e+04 -4.685797894867040217e+06 -3.930174971387927886e+06 -1.069568318984225160e+06 -1.888799032987973653e+06 1.216334218270352576e+06 2.956027642552998848e+06 9.650527613345439313e+05 5.176849385864546057e+05 1.571258554257242940e+04
4.153064564739966299e+05 -2.065138101020169910e+06 -4.656720704254081938e+05 -2.040568193906807282e+05 -3.308371806917443755e+05 6.548325614035068429e+04 1.231491685278339719e+05 -7.379930704004669678e+04 -2.769700439890025791e+03 3.904058793352430221e+06 -1.094109035285392310e+06 -3.336676774040459190e+06 -1.750362293277243618e+06 2.193688261446167598e+05 9.650527613345439313e+05 2.072465979971265886e+06 2.003904600447081320e+05 1.217838881911209028e+05
2.724053049568923889e+05 -1.188083978507259861e+06 -3.212343623170319479e+05 2.013535567669286684e+05 1.420459427478173748e+05 7.489847320519330970e+04 -6.750688594627377461e+04 -8.401997243704671564e+04 2.984053140566441471e+03 -6.138230004134744406e+06 -2.767709795149220154e+06 -1.370420295212393627e+06 1.020078580571622588e+05 8.130179518867466832e+05 5.176849385864546057e+05 2.003904600447081320e+05 9.662286099836704088e+05 2.210060558822275198e+05
-5.443700629589108285e+05 2.960652293387900572e+05 -3.463148402153750067e+05 3.088265266543771140e+05 -7.786828634681476979e+04 6.912708614408822905e+04 8.435059266220278005e+03 -1.607793736952086329e+05 -3.493388377704661252e+04 -2.326969712723725010e+06 -7.274522640851020114e+05 -1.197086213001713040e+05 9.931462856662865670e+04 3.795612826318210573e+05 1.571258554257242940e+04 1.217838881911209028e+05 2.210060558822275198e+05 5.963248443008253817e+05
