2.895110047436362132e+07 9.176744318709230283e+05 1.309910462780222297e+06 -2.692886219626809936e+06 -1.408471557599756867e+06 -1.337023373954093840e+05 -6.585993031727502821e+05 2.314132108308291936e+05 -3.128412795370576787e+05 -1.497284279586038366e+07 3.540563418490556069e+06 -5.728556903908983804e+06 -6.818456170839833096e+06 1.697737399979447247e+06 -2.149494940998570528e+06 -1.957130817267523147e+06 -4.712502137015152257e+05 -2.314697510238339193e+06
9.176744318709230283e+05 1.552498133700222336e+07 5.604887860848279670e+05 5.251950256954331417e+05 1.285307119323636638e+06 1.066654524777203624e+05 3.343291519746005652e+05 5.378837705349497264e+05 5.139649277608112898e+05 1.306209105717249215e+07 1.349776597086065263e+07 1.266021773760016076e+06 2.945230079459943809e+06 2.427365937140723225e+06 -7.116083525582901202e+05 2.237936341205416713e+06 4.479699147542241262e+05 -5.302264694130438875e+04
1.309910462780222297e+06 5.604887860848279670e+05 5.881578948993682861e+06 1.190092541905526305e+06 -1.685549369736686058e+05 1.340486889358845365e+05 -1.005671242082814861e+05 2.879764316190849640e+05 2.083437786531964957e+05 4.454449130759159103e+06 -4.439614536178974959e+04 -1.945780523072167998e+05 -2.209970684553882456e+05 -9.580148462245014962e+05 -3.247047967825514497e+05 -6.704028875613366254e+05 2.825180786519856774e+05 5.024625168165426003e+05
-2.692886219626809936e+06 5.251950256954331417e+05 1.190092541905526305e+06 1.709542480171869276e+06 4.803204462520489324e+04 -2.932440257455160827e+04 1.996740411689621105e+05 8.696025350769488432e+04 1.340645798021892551e+05 4.351389342601159588e+06 -2.596540028986511286e+06 1.820954406635997118e+06 5.556263041668894584e+04 -3.979663394453747896e+05 2.992926165299523855e+05 -6.508740024995899294e+05 -1.389358525216484850e+05 5.711372333008678397e+05
-1.408471557599756867e+06 1.285307119323636638e+06 -1.685549369736686058e+05 4.803204462520489324e+04 8.126546428137574112e+05 1.017919776713471947e+05 1.768841487908440758e+05 4.864706705050778692e+04 4.748235238175529230e+04 1.376117047200004337e+06 1.165479557634338271e+06 5.673605785870694090e+05 1.089534647159708897e+06 8.270732705664437963e+05 -2.511029259728729667e+05 5.042413093154047383e+05 1.447024067174490665e+04 2.489613895143652335e+05
-1.337023373954093840e+05 1.066654524777203624e+05 1.340486889358845365e+05 -2.932440257455160827e+04 1.017919776713471947e+05 5.211327840078628506e+05 -4.117796776487733041e+03 1.196119916879875091e+05 5.037882617746149481e+04 2.059216940547969891e+06 2.168326522267954890e+06 -1.686091692215782125e+06 -1.133477896009407472e+06 1.187800659306726302e+05 2.103907231356076372e+05 -4.508489231063666375e+04 -6.748473354350750742e+04 -1.588047947116527648e+05
-6.585993031727502821e+05 3.343291519746005652e+05 -1.005671242082814861e+05 1.996740411689621105e+05 1.768841487908440758e+05 -4.117796776487733041e+03 3.072467395433518686e+05 9.401893222507106839e+04 1.264802619766908610e+05 1.449132597309527220e+06 1.561760393834196962e+06 3.487410517420085380e+05 1.353803326774304151e+05 1.636644410935893538e+05 1.668751584714079945e+04 6.151013482193915479e+03 -6.021557447813494946e+04 1.614620643387849559e+05
2.314132108308291936e+05 5.378837705349497264e+05 2.879764316190849640e+05 8.696025350769488432e+04 4.864706705050778692e+04 1.196119916879875091e+05 9.401893222507106839e+04 2.520447479869585659e+05 1.599504745813996706e+05 2.352949098971067928e+06 1.508991422404730693e+06 -3.820206772880792851e+05 -4.037606159376527648e+05 -2.241075042011191836e+05 3.626244809194585105e+04 1.565148141217297816e+05 1.787758757644058787e+05 2.256245478501135949e+05
-3.128412795370576787e+05 5.139649277608112898e+05 2.083437786531964957e+05 1.340645798021892551e+05 4.748235238175529230e+04 5.037882617746149481e+04 1.264802619766908610e+05 1.599504745813996706e+05 2.028479094782356115e+05 1.611999353171742987e+06 1.479644333066056948e+06 3.759375881219332223e+04 -3.765538548735185759e+05 -1.579631295344378450e+05 4.911467183775005833e+04 3.576846626178015867e+04 1.098990988486423594e+05 2.257044880303254176e+05
-1.497284279586038366e+07 1.306209105717249215e+07 4.454449130759159103e+06 4.351389342601159588e+06 1.376117047200004337e+06 2.059216940547969891e+06 1.449132597309527220e+06 2.352949098971067928e+06 1.611999353171742987e+06 2.262319101924613416e+08 4.714282478570478410e+07 -4.430199593760757707e+06 -2.741462422192712780e+06 1.140249153440894792e+06 6.379870050720592961e+06 5.470749893913586624e+06 2.211332277511539403e+06 -1.274583818384826882e+06
3.540563418490556069e+06 1.349776597086065263e+07 -4.439614536178974959e+04 -2.596540028986511286e+06 1.165479557634338271e+06 2.168326522267954890e+06 1.561760393834196962e+06 1.508991422404730693e+06 1.479644333066056948e+06 4.714282478570478410e+07 8.566799341958019137e+07 2.489537222412357107e+06 4.222210055428855121e+06 5.411911602138038725e+06 1.904649570982568897e+06 5.105984453423183411e+06 1.344474453922095709e+06 -1.588451627322013024e+06
-5.728556903908983804e+06 1.266021773760016076e+06 -1.945780523072167998e+05 1.820954406635997118e+06 5.673605785870694090e+05 -1.686091692215782125e+06 3.487410517420085380e+05 -3.820206772880792851e+05 3.759375881219332223e+04 -4.430199593760757707e+06 2.489537222412357107e+06 4.192008586028023809e+07 1.242223252297403291e+07 2.103601368644640315e+06 -6.688794314368573017e+06 2.269502079036588315e+06 -3.705455566054008086e+05 3.224593668667279650e+06
-6.818456170839833096e+06 2.945230079459943809e+06 -2.209970684553882456e+05 5.556263041668894584e+04 1.089534647159708897e+06 -1.133477896009407472e+06 1.353803326774304151e+05 -4.037606159376527648e+05 -3.765538548735185759e+05 -2.741462422192712780e+06 4.222210055428855121e+06 1.242223252297403291e+07 1.561024386631678231e+07 2.660374280949169770e+06 -1.461072643556237919e+06 1.453905271981858881e+06 -4.962347717284246755e+03 3.923379569160469109e+05
1.697737399979447247e+06 2.427365937140723225e+06 -9.580148462245014962e+05 -3.979663394453747896e+05 8.270732705664437963e+05 1.187800659306726302e+05 1.636644410935893538e+05 -2.241075042011191836e+05 -1.579631295344378450e+05 1.140249153440894792e+06 5.411911602138038725e+06 2.103601368644640315e+06 2.660374280949169770e+06 3.680104982928695157e+06 -1.288537614806536818e+06 3.491355559587660537e+04 -7.084042970311687095e+05 -6.202446727303562220e+05
-2.149494940998570528e+06 -7.116083525582901202e+05 -3.247047967825514497e+05 2.992926165299523855e+05 -2.511029259728729667e+05 2.103907231356076372e+05 1.668751584714079945e+04 3.626244809194585105e+04 4.911467183775005833e+04 6.379870050720592961e+06 1.904649570982568897e+06 -6.688794314368573017e+06 -1.461072643556237919e+06 -1.288537614806536818e+06 2.942211985667416360e+06 -2.871512144823962590e+05 3.599212964803962386e+05 -4.981153153638467193e+05
-1.957130817267523147e+06 2.237936341205416713e+06 -6.704028875613366254e+05 -6.508740024995899294e+05 5.042413093154047383e+05 -4.508489231063666375e+04 6.151013482193915479e+03 1.565148141217297816e+05 3.576846626178015867e+04 5.470749893913586624e+06 5.105984453423183411e+06 2.269502079036588315e+06 1.453905271981858881e+06 3.491355559587660537e+04 -2.871512144823962590e+05 2.400368414876000956e+06 3.069164448516099364e+05 3.450407285362497787e+05
-4.712502137015152257e+05 4.479699147542241262e+05 2.825180786519856774e+05 -1.389358525216484850e+05 1.447024067174490665e+04 -6.748473354350750742e+04 -6.021557447813494946e+04 1.787758757644058787e+05 1.098990988486423594e+05 2.211332277511539403e+06 1.344474453922095709e+06 -3.705455566054008086e+05 -4.962347717284246755e+03 -7.084042970311687095e+05 3.599212964803962386e+05 3.069164448516099364e+05 9.187148679043811280e+05 3.722948810170439538e+05
-2.314697510238339193e+06 -5.302264694130438875e+04 5.024625168165426003e+05 5.711372333008678397e+05 2.489613895143652335e+05 -1.588047947116527648e+05 1.614620643387849559e+05 2.256245478501135949e+05 2.257044880303254176e+05 -1.274583818384826882e+06 -1.588451627322013024e+06 3.224593668667279650e+06 3.923379569160469109e+05 -6.202446727303562220e+05 -4.981153153638467193e+05 3.450407285362497787e+05 3.722948810170439538e+05 1.311845034689395688e+06
