5.150822896843123436e+07 3.188389832210742403e+06 4.557023123171648476e+05 4.939539249960670248e+06 2.611177103573887609e+06 2.461724521251174156e+05 9.869831036656376673e+05 -6.153362093561050715e+05 7.599009376247323817e+05 1.333597255296926014e+07 -2.292327356527836248e+07 -9.548871081171436235e+06 4.573436213643711060e+06 -2.433787920301824342e+06 -3.268809186285306350e+05 -8.621783896812978201e+05 -2.509285169166113716e+06 -2.172246593154210597e+06
3.188389832210742403e+06 1.545527583757881634e+07 1.867788289035150781e+06 4.583343710466828197e+05 -1.875270664094029344e+05 -5.496025860347516573e+04 4.224290591198179027e+04 6.046764541875341820e+04 5.155129481343946536e+05 1.714508256466981769e+07 1.417924106807993539e+07 -4.628482886977587827e+06 1.152857623003902379e+06 7.704374080806818092e+05 -1.262125993015691871e+06 -1.023971017694143462e+06 1.773753317118976731e+06 2.421186978766545944e+05
4.557023123171648476e+05 1.867788289035150781e+06 7.363050386172650382e+06 -6.665266421877916437e+05 -1.200218000292262877e+05 2.280918161232848361e+05 -3.553045631124528009e+05 -1.217718265491952188e+05 5.661165482942659874e+05 1.337811403073371202e+07 6.712606541410733946e+06 9.485949391669478267e+06 5.446365166759525891e+05 -9.091284674669392407e+05 1.044758334307206213e+06 -8.108245403003813699e+05 2.367099486851096444e+05 1.348578552462761581e+04
4.939539249960670248e+06 4.583343710466828197e+05 -6.665266421877916437e+05 2.281572741187962238e+06 1.932589671375968610e+05 2.091585582651438017e+05 1.964663056574128568e+05 -1.170678730636521213e+05 5.682441664667732402e+04 -1.922259884474365506e+06 -1.397067023090584669e+06 -8.194772735648698872e+05 2.991221855714935809e+06 2.665046935057970695e+05 1.826279068994114277e+04 7.119393455020032125e+05 -1.454630641560665681e+05 -8.650281346725988260e+04
2.611177103573887609e+06 -1.875270664094029344e+05 -1.200218000292262877e+05 1.932589671375968610e+05 8.928610325762282591e+05 2.024266915334074292e+05 1.650522547079904180e+05 -9.810351363967364887e+04 7.023568282231532794e+04 -1.474891389352844097e+06 -2.175631971468308475e+06 -2.055843382324327422e+02 5.370487501741237938e+05 -1.885155889233424095e+05 -1.184762510615635983e+05 -4.164233489079700666e+04 -3.681129475363669335e+05 -1.212340625062237377e+05
2.461724521251174156e+05 -5.496025860347516573e+04 2.280918161232848361e+05 2.091585582651438017e+05 2.024266915334074292e+05 6.726992637600292219e+05 2.068076192589121056e+05 1.767776156456960962e+04 5.973959972935537371e+04 -2.965262880344262347e+06 -2.049551816986320773e+06 2.310724246963545447e+05 1.075403103615049971e+06 5.861422628203636268e+05 5.486149282495864900e+05 2.941355340463265311e+05 -3.332356670863300678e+04 7.159971835952179390e+04
9.869831036656376673e+05 4.224290591198179027e+04 -3.553045631124528009e+05 1.964663056574128568e+05 1.650522547079904180e+05 2.068076192589121056e+05 2.765155894216469605e+05 6.682653824891317345e+04 6.361283723504322552e+04 -1.804223393085158430e+06 -1.073985406907429220e+06 -1.001065649494860554e+05 5.316705372295990819e+05 2.245706669829325401e+05 2.156091415373175114e+05 8.959025861266619177e+04 -2.202746106849754869e+04 -6.677767847204246209e+04
-6.153362093561050715e+05 6.046764541875341820e+04 -1.217718265491952188e+05 -1.170678730636521213e+05 -9.810351363967364887e+04 1.767776156456960962e+04 6.682653824891317345e+04 1.555996045537855825e+05 1.849499888858544364e+04 -1.737654228164077736e+06 4.167000364348541480e+05 3.623297579880795092e+05 -5.628105646699624049e+04 1.615607479432902765e+05 -4.675952628747866402e+04 -1.749541359641570307e+04 1.797675405495119048e+05 3.068841501947459255e+04
7.599009376247323817e+05 5.155129481343946536e+05 5.661165482942659874e+05 5.682441664667732402e+04 7.023568282231532794e+04 5.973959972935537371e+04 6.361283723504322552e+04 1.849499888858544364e+04 1.663027051655275282e+05 3.654728455402491381e+05 8.417091170571198454e+05 1.315039729294660268e+06 4.346147353043446783e+05 -1.306515863885726867e+05 2.751924545473294565e+05 -3.260476424167167352e+04 8.979639156907824508e+04 1.440415153704749355e+04
1.333597255296926014e+07 1.714508256466981769e+07 1.337811403073371202e+07 -1.922259884474365506e+06 -1.474891389352844097e+06 -2.965262880344262347e+06 -1.804223393085158430e+06 -1.737654228164077736e+06 3.654728455402491381e+05 1.837988226069822013e+08 2.306933215620633587e+07 5.023261054546844214e+06 4.924020168823442655e+05 -6.022439559376295656e+06 1.310794987861708971e+06 -2.614971518336942885e+06 2.397363139426668175e+06 1.596241806709188037e+06
-2.292327356527836248e+07 1.417924106807993539e+07 6.712606541410733946e+06 -1.397067023090584669e+06 -2.175631971468308475e+06 -2.049551816986320773e+06 -1.073985406907429220e+06 4.167000364348541480e+05 8.417091170571198454e+05 2.306933215620633587e+07 9.625834234234036505e+07 1.147415285747623630e+07 -6.927775921832470223e+06 -5.788381930536999367e+06 -1.529770519712591544e+06 5.178557711772107286e+05 5.784139475581014529e+06 3.433375906262299977e+06
-9.548871081171436235e+06 -4.628482886977587827e+06 9.485949391669478267e+06 -8.194772735648698872e+05 -2.055843382324327422e+02 2.310724246963545447e+05 -1.001065649494860554e+05 3.623297579880795092e+05 1.315039729294660268e+06 5.023261054546844214e+06 1.147415285747623630e+07 3.693573368099007010e+07 3.991720024587152991e+06 -1.366808300592047628e+06 2.388673407597604673e+06 -1.780261114342194516e+06 5.004191684458571253e+05 2.451448734968428034e+05
4.573436213643711060e+06 1.152857623003902379e+06 5.446365166759525891e+05 2.991221855714935809e+06 5.370487501741237938e+05 1.075403103615049971e+06 5.316705372295990819e+05 -5.628105646699624049e+04 4.346147353043446783e+05 4.924020168823442655e+05 -6.927775921832470223e+06 3.991720024587152991e+06 1.511107251552549005e+07 9.813797658940892434e+05 2.014954726580151357e+06 1.769724166849099798e+06 4.525435840740889544e+05 1.170158479905475164e+06
-2.433787920301824342e+06 7.704374080806818092e+05 -9.091284674669392407e+05 2.665046935057970695e+05 -1.885155889233424095e+05 5.861422628203636268e+05 2.245706669829325401e+05 1.615607479432902765e+05 -1.306515863885726867e+05 -6.022439559376295656e+06 -5.788381930536999367e+06 -1.366808300592047628e+06 9.813797658940892434e+05 3.671573416097778827e+06 1.580093607716016122e+05 1.199751173651954014e+04 -9.136173592792429554e+04 -1.300969983729435626e+05
-3.268809186285306350e+05 -1.262125993015691871e+06 1.044758334307206213e+06 1.826279068994114277e+04 -1.184762510615635983e+05 5.486149282495864900e+05 2.156091415373175114e+05 -4.675952628747866402e+04 2.751924545473294565e+05 1.310794987861708971e+06 -1.529770519712591544e+06 2.388673407597604673e+06 2.014954726580151357e+06 1.580093607716016122e+05 2.498972388954771683e+06 9.067725546488102991e+05 -1.498092535562369812e+04 4.594381108453605557e+05
-8.621783896812978201e+05 -1.023971017694143462e+06 -8.108245403003813699e+05 7.119393455020032125e+05 -4.164233489079700666e+04 2.941355340463265311e+05 8.959025861266619177e+04 -1.749541359641570307e+04 -3.260476424167167352e+04 -2.614971518336942885e+06 5.178557711772107286e+05 -1.780261114342194516e+06 1.769724166849099798e+06 1.199751173651954014e+04 9.067725546488102991e+05 1.655299476872920524e+06 8.288418501109973295e+04 5.603784599609978031e+05
-2.509285169166113716e+06 1.773753317118976731e+06 2.367099486851096444e+05 -1.454630641560665681e+05 -3.681129475363669335e+05 -3.332356670863300678e+04 -2.202746106849754869e+04 1.797675405495119048e+05 8.979639156907824508e+04 2.397363139426668175e+06 5.784139475581014529e+06 5.004191684458571253e+05 4.525435840740889544e+05 -9.136173592792429554e+04 -1.498092535562369812e+04 8.288418501109973295e+04 1.359445633082379354e+06 4.238908806952165905e+05
-2.172246593154210597e+06 2.421186978766545944e+05 1.348578552462761581e+04 -8.650281346725988260e+04 -1.212340625062237377e+05 7.159971835952179390e+04 -6.677767847204246209e+04 3.068841501947459255e+04 1.440415153704749355e+04 1.596241806709188037e+06 3.433375906262299977e+06 2.451448734968428034e+05 1.170158479905475164e+06 -1.300969983729435626e+05 4.594381108453605557e+05 5.603784599609978031e+05 4.238908806952165905e+05 8.185110508596240543e+05
