2.595527345757756382e+07 3.441525097665813752e+06 6.311356890983417397e+05 1.417589848578365985e+06 -6.371956992283642758e+05 -1.203890942947451724e+06 5.371125591429402120e+05 -4.023338278766763397e+05 -3.597237682076971978e+05 8.605910008352933452e+06 -4.791380614231345244e+06 5.684004831943831407e+06 3.431631256004451308e+06 -1.548220640691685025e+06 1.503673087700760225e+05 3.038552732660766225e+06 1.233017000352604548e+06 -1.306917960805214942e+06
3.441525097665813752e+06 1.806365145038412511e+07 2.237852835629412904e+06 7.307403518122165697e+05 7.101093840459486237e+05 6.945327329127787380e+05 6.543259233644960914e+05 1.841402137793003640e+05 -5.175706836960785440e+05 -5.350707341228325851e+06 2.017660298167034239e+07 -2.180189711716420017e+06 -4.607752108133289963e+06 -3.335792765363167040e+06 -2.591907113249441609e+05 -1.261381148605372990e+06 -5.519409964586908245e+03 -6.933687631453206996e+05
6.311356890983417397e+05 2.237852835629412904e+06 4.759595772028962150e+06 9.641545667479245458e+05 -1.056448952718449291e+05 1.450753445819816261e+05 1.518456625211251667e+05 -1.237554266558452655e+05 -1.132440905652859801e+05 -4.179213557613477577e+06 4.537800988865771331e+06 9.277514225260458188e+05 2.211161527639714477e+05 -1.850076573524356587e+06 -3.984935577088973369e+05 -3.104733459190340945e+05 -1.947184533882209507e+05 2.706565522814741707e+05
1.417589848578365985e+06 7.307403518122165697e+05 9.641545667479245458e+05 1.660013507788260700e+06 8.423339605248167936e+04 2.945559561712585273e+05 1.507120949439089163e+05 1.919194852663628699e+05 -5.482402292241033138e+04 -2.371796882911333349e+06 -2.329797869929387700e+06 1.075356854392145760e+06 1.938595723898447584e+06 -5.541140492285512155e+05 -3.174878171328167082e+05 -2.525170557022537687e+05 4.076209416113098996e+04 2.562061971414246655e+05
-6.371956992283642758e+05 7.101093840459486237e+05 -1.056448952718449291e+05 8.423339605248167936e+04 1.661209709264548961e+06 4.116511762083199574e+05 -9.065935544031331665e+04 -2.705531351457593264e+05 -6.048612918912456735e+03 -4.084445332172565162e+06 2.106483121189612139e+05 -9.961873966563203139e+05 -1.373950880152108730e+05 1.296782295878423378e+06 1.242662856412557652e+06 1.015410459280818322e+05 -3.331444491302976967e+05 -3.717470630786301335e+05
-1.203890942947451724e+06 6.945327329127787380e+05 1.450753445819816261e+05 2.945559561712585273e+05 4.116511762083199574e+05 6.799722601461695740e+05 8.881283286169287749e+04 9.267214618168129527e+04 3.773611262077678111e+04 -1.156621150855744723e+06 1.469301471812157426e+06 -1.202529490045951912e+06 7.027446980432549026e+04 5.425039831273381133e+05 4.639536271187485545e+05 -2.361240213636366825e+05 -2.325501563761432772e+05 2.840212661900935927e+05
5.371125591429402120e+05 6.543259233644960914e+05 1.518456625211251667e+05 1.507120949439089163e+05 -9.065935544031331665e+04 8.881283286169287749e+04 2.027833074276264233e+05 2.693955427726985363e+04 1.933491871249809992e+04 -1.687091460824017180e+06 1.955253155270765128e+05 -6.026024342783930479e+05 2.694826649198888917e+05 -1.832781825016646180e+05 7.471276956493991020e+04 -3.992172665757549839e+04 2.124228875554098340e+04 9.693375447493739193e+04
-4.023338278766763397e+05 1.841402137793003640e+05 -1.237554266558452655e+05 1.919194852663628699e+05 -2.705531351457593264e+05 9.267214618168129527e+04 2.693955427726985363e+04 2.573256328883957758e+05 3.000481788421858801e+04 7.121024941553798271e+04 6.225435334411095828e+05 6.548597967084285337e+05 2.477353225840678788e+05 -2.455654814612988848e+05 -1.730921368963713176e+05 -1.616409817071563739e+05 2.206804682155774208e+05 2.221629739865347219e+05
-3.597237682076971978e+05 -5.175706836960785440e+05 -1.132440905652859801e+05 -5.482402292241033138e+04 -6.048612918912456735e+03 3.773611262077678111e+04 1.933491871249809992e+04 3.000481788421858801e+04 8.713830796389558236e+04 -4.129684982046861551e+05 -7.810458372718786122e+05 -5.211982451318703534e+04 2.036048543466982374e+05 8.748984970021205663e+04 2.856020370759562502e+04 1.179167332661280961e+05 9.124430342029225721e+04 6.188532045496488718e+04
8.605910008352933452e+06 -5.350707341228325851e+06 -4.179213557613477577e+06 -2.371796882911333349e+06 -4.084445332172565162e+06 -1.156621150855744723e+06 -1.687091460824017180e+06 7.121024941553798271e+04 -4.129684982046861551e+05 1.315664967130251527e+08 -1.148034659499944746e+07 -5.912292505611363798e+06 -1.064717864316271618e+06 -2.099774675676301587e+06 -3.168197566164621618e+06 -1.064515623394220602e+06 3.922954275325065246e+05 -8.972772218567315722e+05
-4.791380614231345244e+06 2.017660298167034239e+07 4.537800988865771331e+06 -2.329797869929387700e+06 2.106483121189612139e+05 1.469301471812157426e+06 1.955253155270765128e+05 6.225435334411095828e+05 -7.810458372718786122e+05 -1.148034659499944746e+07 6.828519056885856390e+07 3.489236879728080705e+06 -9.649812421467225999e+06 -5.217307669121245854e+06 -2.041752556166043971e+06 -2.550742745118360035e+06 -8.971409256338176783e+05 1.100385917944743065e+06
5.684004831943831407e+06 -2.180189711716420017e+06 9.277514225260458188e+05 1.075356854392145760e+06 -9.961873966563203139e+05 -1.202529490045951912e+06 -6.026024342783930479e+05 6.548597967084285337e+05 -5.211982451318703534e+04 -5.912292505611363798e+06 3.489236879728080705e+06 3.050598936718098447e+07 9.385162446759954095e+06 4.041494815622651018e+06 1.651104733735163172e+05 -2.328096302252607711e+05 1.829659449383295607e+06 -8.997004177660178393e+05
3.431631256004451308e+06 -4.607752108133289963e+06 2.211161527639714477e+05 1.938595723898447584e+06 -1.373950880152108730e+05 7.027446980432549026e+04 2.694826649198888917e+05 2.477353225840678788e+05 2.036048543466982374e+05 -1.064717864316271618e+06 -9.649812421467225999e+06 9.385162446759954095e+06 1.318778324413559958e+07 2.706490873319224454e+06 -1.786852776612942980e+05 -4.415395205493093235e+05 3.673837813847413636e+05 9.258423699108371511e+04
-1.548220640691685025e+06 -3.335792765363167040e+06 -1.850076573524356587e+06 -5.541140492285512155e+05 1.296782295878423378e+06 5.425039831273381133e+05 -1.832781825016646180e+05 -2.455654814612988848e+05 8.748984970021205663e+04 -2.099774675676301587e+06 -5.217307669121245854e+06 4.041494815622651018e+06 2.706490873319224454e+06 7.581364026822473854e+06 3.297983783700610045e+06 1.594249142932784744e+05 -1.928443592106532305e+05 -7.968139893705522409e+05
1.503673087700760225e+05 -2.591907113249441609e+05 -3.984935577088973369e+05 -3.174878171328167082e+05 1.242662856412557652e+06 4.639536271187485545e+05 7.471276956493991020e+04 -1.730921368963713176e+05 2.856020370759562502e+04 -3.168197566164621618e+06 -2.041752556166043971e+06 1.651104733735163172e+05 -1.786852776612942980e+05 3.297983783700610045e+06 3.214266004326684866e+06 2.332709156692130491e+05 -1.056257204867610708e+05 -3.801992295433796826e+05
3.038552732660766225e+06 -1.261381148605372990e+06 -3.104733459190340945e+05 -2.525170557022537687e+05 1.015410459280818322e+05 -2.361240213636366825e+05 -3.992172665757549839e+04 -1.616409817071563739e+05 1.179167332661280961e+05 -1.064515623394220602e+06 -2.550742745118360035e+06 -2.328096302252607711e+05 -4.415395205493093235e+05 1.594249142932784744e+05 2.332709156692130491e+05 1.358797861760595581e+06 2.860963904890224803e+05 -1.528410010067792318e+05
1.233017000352604548e+06 -5.519409964586908245e+03 -1.947184533882209507e+05 4.076209416113098996e+04 -3.331444491302976967e+05 -2.325501563761432772e+05 2.124228875554098340e+04 2.206804682155774208e+05 9.124430342029225721e+04 3.922954275325065246e+05 -8.971409256338176783e+05 1.829659449383295607e+06 3.673837813847413636e+05 -1.928443592106532305e+05 -1.056257204867610708e+05 2.860963904890224803e+05 7.956523150408965303e+05 -2.006979477227534517e+04
-1.306917960805214942e+06 -6.933687631453206996e+05 2.706565522814741707e+05 2.562061971414246655e+05 -3.717470630786301335e+05 2.840212661900935927e+05 9.693375447493739193e+04 2.221629739865347219e+05 6.188532045496488718e+04 -8.972772218567315722e+05 1.100385917944743065e+06 -8.997004177660178393e+05 9.258423699108371511e+04 -7.968139893705522409e+05 -3.801992295433796826e+05 -1.528410010067792318e+05 -2.006979477227534517e+04 7.717075892543942900e+05
