4.840005227111227810e+07 2.051336596160491556e+07 6.581271376973778009e+06 2.529555506226799451e+06 2.872774969732510392e+06 1.216084294726190157e+06 4.140701655018911115e+05 5.803097012234801659e+05 3.253346370489473338e+05 1.282661667466487549e+07 1.352065020601293817e+07 -9.768058338832404697e+05 -2.998320273585817777e+06 2.437790459256284405e+06 1.411110855835945811e+06 -5.979028226362289861e+05 1.228973581304166233e+06 7.741146761811060132e+05
2.051336596160491556e+07 1.984138906406954303e+07 1.308915693047787761e+06 -5.394225961942309368e+04 1.304076031258908566e+06 1.193043308511598036e+06 6.096163058827645145e+05 5.483236843124591978e+05 3.399154360384139000e+05 9.682654488919999450e+06 1.665154501508283801e+07 -6.495302679299741983e+06 -2.319583690377068240e+06 -6.418880815231637098e+05 -1.227458387105024885e+06 5.327799899212804157e+05 7.964652383748230059e+05 -5.690243925481571932e+04
6.581271376973778009e+06 1.308915693047787761e+06 6.132225778813592158e+06 3.008335561232921900e+05 -3.312682597500242991e+05 -2.261409190623358882e+05 -3.528345569785403786e+05 -1.673211646333932731e+04 -3.690896639704273548e+05 -1.725196132493414218e+06 2.212841785451293457e+06 3.671481377650542650e+06 8.000771588423148205e+04 2.728409613817216014e+05 -5.261988585771919461e+05 -1.040448332718170015e+06 -7.665130194658496184e+05 -2.163605868194014765e+05
2.529555506226799451e+06 -5.394225961942309368e+04 3.008335561232921900e+05 1.712542707114957506e+06 4.842941437822615844e+05 4.025776760791944253e+04 1.669855484871386143e+05 5.844022404246425867e+04 5.669543530946844112e+04 2.525960433291302528e+06 1.799458151419694070e+06 2.844336074652536307e+06 2.256083692377984698e+05 -1.828443069423508423e+05 4.409228636495521641e+04 -2.918276099688195973e+05 -4.015324545863110106e+05 -5.153413683060178300e+05
2.872774969732510392e+06 1.304076031258908566e+06 -3.312682597500242991e+05 4.842941437822615844e+05 1.370103052299071569e+06 1.492249471574763593e+05 1.447686572452324035e+05 6.048581091237565124e+04 -3.819603932681288279e+04 3.481256664408922195e+06 4.741105463757263497e+06 1.977052055718939519e+06 -5.636741272803181782e+05 5.803969560501438100e+05 -5.661519746702524135e+05 1.187478201880363049e+05 -1.210837504901710490e+05 -4.417722419519701507e+05
1.216084294726190157e+06 1.193043308511598036e+06 -2.261409190623358882e+05 4.025776760791944253e+04 1.492249471574763593e+05 4.103265116302284878e+05 5.973122776830921066e+04 -9.455322326327179326e+03 -1.635744596185280352e+04 2.352017116922249086e+06 2.308180787694362458e+06 -5.939073049078935292e+05 -4.993915162952641258e+05 5.600445462274821330e+04 -1.061785734283298552e+04 1.171870724432080606e+05 -2.117017544103800537e+04 -4.734258192798971322e+03
4.140701655018911115e+05 6.096163058827645145e+05 -3.528345569785403786e+05 1.669855484871386143e+05 1.447686572452324035e+05 5.973122776830921066e+04 3.069156844502915046e+05 3.246249175937597829e+04 3.684222082652013341e+04 -4.933736550136811566e+05 7.244569300061644753e+05 4.757807590736316051e+05 -1.565722495304657787e+05 -3.909726422660649405e+05 -1.700689443723777076e+05 1.899643292577182874e+05 1.596352875675681280e+05 -6.256613281953849764e+03
5.803097012234801659e+05 5.483236843124591978e+05 -1.673211646333932731e+04 5.844022404246425867e+04 6.048581091237565124e+04 -9.455322326327179326e+03 3.246249175937597829e+04 1.319832860027439601e+05 7.665236086813661677e+04 9.362813783021990675e+05 8.185913612860660069e+05 -2.678967048554287758e+05 1.314309128309249063e+05 -9.186715188951010350e+04 -9.355807490603293991e+04 9.168992340383798364e+03 4.044487043568163790e+04 -2.559953808650144128e+04
3.253346370489473338e+05 3.399154360384139000e+05 -3.690896639704273548e+05 5.669543530946844112e+04 -3.819603932681288279e+04 -1.635744596185280352e+04 3.684222082652013341e+04 7.665236086813661677e+04 1.858974255536319688e+05 2.844446411679213052e+05 3.637097956057239207e+05 -5.213911339148715488e+05 2.252902717267444823e+05 -8.835461113079435017e+04 2.123314771376300778e+05 1.630218958475319960e+05 2.137525401890384383e+05 1.128328174586782116e+05
1.282661667466487549e+07 9.682654488919999450e+06 -1.725196132493414218e+06 2.525960433291302528e+06 3.481256664408922195e+06 2.352017116922249086e+06 -4.933736550136811566e+05 9.362813783021990675e+05 2.844446411679213052e+05 2.648258811962999701e+08 3.645252031531182677e+07 9.953853450433040038e+06 -1.056567964076831564e+07 1.248573915595181024e+05 2.103054398169233464e+06 -6.065258776819236577e+06 -4.900581887173230760e+06 -1.811129980735019781e+06
1.352065020601293817e+07 1.665154501508283801e+07 2.212841785451293457e+06 1.799458151419694070e+06 4.741105463757263497e+06 2.308180787694362458e+06 7.244569300061644753e+05 8.185913612860660069e+05 3.637097956057239207e+05 3.645252031531182677e+07 6.311189323915940523e+07 1.121533981692338921e+07 -6.168780501088527963e+05 1.754013940788562875e+06 -3.158340894862094428e+06 3.208407509599612560e+06 -5.601689276116136461e+05 -1.438089877310531447e+06
-9.768058338832404697e+05 -6.495302679299741983e+06 3.671481377650542650e+06 2.844336074652536307e+06 1.977052055718939519e+06 -5.939073049078935292e+05 4.757807590736316051e+05 -2.678967048554287758e+05 -5.213911339148715488e+05 9.953853450433040038e+06 1.121533981692338921e+07 3.419905342095714062e+07 1.670608640407085419e+06 1.230861589034921722e+06 3.829018278415864916e+05 -1.045162583501316956e+06 -4.186818032670762041e+05 -1.266494314212483587e+06
-2.998320273585817777e+06 -2.319583690377068240e+06 8.000771588423148205e+04 2.256083692377984698e+05 -5.636741272803181782e+05 -4.993915162952641258e+05 -1.565722495304657787e+05 1.314309128309249063e+05 2.252902717267444823e+05 -1.056567964076831564e+07 -6.168780501088527963e+05 1.670608640407085419e+06 8.301259852108853869e+06 -8.979710232413849735e+04 -4.914323645497481921e+05 2.834673367351792403e+05 -5.611864910931012128e+04 6.501934709928892553e+05
2.437790459256284405e+06 -6.418880815231637098e+05 2.728409613817216014e+05 -1.828443069423508423e+05 5.803969560501438100e+05 5.600445462274821330e+04 -3.909726422660649405e+05 -9.186715188951010350e+04 -8.835461113079435017e+04 1.248573915595181024e+05 1.754013940788562875e+06 1.230861589034921722e+06 -8.979710232413849735e+04 3.009963765199946240e+06 7.980019143831440015e+05 2.188000477280862106e+04 8.623924057952880685e+04 2.082527115450746787e+05
1.411110855835945811e+06 -1.227458387105024885e+06 -5.261988585771919461e+05 4.409228636495521641e+04 -5.661519746702524135e+05 -1.061785734283298552e+04 -1.700689443723777076e+05 -9.355807490603293991e+04 2.123314771376300778e+05 2.103054398169233464e+06 -3.158340894862094428e+06 3.829018278415864916e+05 -4.914323645497481921e+05 7.980019143831440015e+05 3.379229062226269394e+06 6.647902586281356635e+05 -3.094982916761522647e+05 7.659139646755127469e+05
-5.979028226362289861e+05 5.327799899212804157e+05 -1.040448332718170015e+06 -2.918276099688195973e+05 1.187478201880363049e+05 1.171870724432080606e+05 1.899643292577182874e+05 9.168992340383798364e+03 1.630218958475319960e+05 -6.065258776819236577e+06 3.208407509599612560e+06 -1.045162583501316956e+06 2.834673367351792403e+05 2.188000477280862106e+04 6.647902586281356635e+05 1.781045380547629669e+06 1.117005338907548721e+05 1.960416640564129921e+05
1.228973581304166233e+06 7.964652383748230059e+05 -7.665130194658496184e+05 -4.015324545863110106e+05 -1.210837504901710490e+05 -2.117017544103800537e+04 1.596352875675681280e+05 4.044487043568163790e+04 2.137525401890384383e+05 -4.900581887173230760e+06 -5.601689276116136461e+05 -4.186818032670762041e+05 -5.611864910931012128e+04 8.623924057952880685e+04 -3.094982916761522647e+05 1.117005338907548721e+05 1.683203571139777545e+06 5.359978377591561293e+05
7.741146761811060132e+05 -5.690243925481571932e+04 -2.163605868194014765e+05 -5.153413683060178300e+05 -4.417722419519701507e+05 -4.734258192798971322e+03 -6.256613281953849764e+03 -2.559953808650144128e+04 1.128328174586782116e+05 -1.811129980735019781e+06 -1.438089877310531447e+06 -1.266494314212483587e+06 6.501934709928892553e+05 2.082527115450746787e+05 7.659139646755127469e+05 1.960416640564129921e+05 5.359978377591561293e+05 9.111172583911925321e+05
