3.165754072572699934e+07 -7.042305879607400857e+06 -2.358469778010262176e+06 -1.026154203610830824e+06 -7.963262868033268023e+05 8.631940596390396822e+05 -1.508365912722963549e+05 3.121041265771900071e+05 -9.828153804638754809e+04 3.977336972042211797e+06 -6.413861392786188051e+06 -1.096850843981852941e+07 -1.246344677255965304e+06 -1.847605181130524492e+06 3.554813540208437480e+05 -3.803231336568658589e+05 4.050892536816930515e+05 7.921162558080094168e+05
-7.042305879607400857e+06 1.434783115012506582e+07 3.585850300106575596e+05 -1.086630954792044358e+06 -3.928893565540081909e+04 -7.534856396963780571e+04 -3.857135533071121317e+05 2.984564970062281282e+04 1.907065685849473521e+05 3.378753068621621281e+07 2.450007267797334865e+07 7.093152186635498889e+06 -1.012011407608494279e+06 6.694245784620934865e+05 -1.539747032541962806e+06 -5.886703673280731309e+05 -6.601446894653743366e+05 1.949783991325789248e+04
-2.358469778010262176e+06 3.585850300106575596e+05 5.707463048555425368e+06 1.050195488019379700e+05 -2.166709246452647785e+05 4.273494430236936896e+05 -5.561031472182279686e+04 -5.145025543026061496e+05 -1.831932479594739270e+05 -1.655581326703418978e+07 3.515724971256791148e+06 1.687132801285804017e+06 -1.708865867563712178e+06 -9.852740908897760091e+05 5.606832467903580982e+05 -1.109898074223915581e+06 -1.178800643766938243e+06 -1.744810458638266718e+05
-1.026154203610830824e+06 -1.086630954792044358e+06 1.050195488019379700e+05 2.453434158992298413e+06 6.861537143296117429e+05 -1.038908058236980432e+05 6.445899549931579713e+03 1.630829966104970954e+05 1.016763181055380846e+05 -1.021069807063406333e+07 -4.350405229893154465e+06 -1.016155719938185532e+06 6.992357879491512431e+05 -6.021788669930316973e+05 -1.553227883592684811e+05 1.077871285487403162e+06 -1.557837746593708580e+05 3.189016595370970899e+05
-7.963262868033268023e+05 -3.928893565540081909e+04 -2.166709246452647785e+05 6.861537143296117429e+05 8.622774851090013981e+05 -3.436284305731143832e+04 2.606441025713426643e+04 7.544967469244656968e+04 3.654824196584928723e+04 2.042777891338337213e+06 -9.815231031426644186e+05 -1.222792990762141533e+06 3.970810429982278729e+05 1.989298275229678547e+05 -2.102163720714331721e+05 -1.305214380079340626e+05 -3.394058517718097428e+05 1.595183184768500505e+05
8.631940596390396822e+05 -7.534856396963780571e+04 4.273494430236936896e+05 -1.038908058236980432e+05 -3.436284305731143832e+04 8.331293992641693912e+05 4.119459958092345187e+04 8.597784576728151296e+04 2.879446233361658597e+04 -6.813027396004229784e+06 -8.790348761119184783e+05 -1.144308207363006892e+06 -1.144905079229122028e+06 -3.137103916957259644e+05 3.776434640974843205e+04 -2.979037461216207594e+05 1.880361709848078317e+04 -1.351147530916261021e+05
-1.508365912722963549e+05 -3.857135533071121317e+05 -5.561031472182279686e+04 6.445899549931579713e+03 2.606441025713426643e+04 4.119459958092345187e+04 1.796097275945147849e+05 4.950811930848704651e+04 -1.059814588120954249e+04 -1.840206444572445005e+06 -1.233667931837927084e+06 4.272607245474170486e+04 3.282000596526254667e+05 3.974938813509557804e+04 2.280305834208711749e+05 1.406430867142901116e+05 4.805412832497515774e+04 -1.291558781460752944e+05
3.121041265771900071e+05 2.984564970062281282e+04 -5.145025543026061496e+05 1.630829966104970954e+05 7.544967469244656968e+04 8.597784576728151296e+04 4.950811930848704651e+04 1.925999614227769489e+05 6.178510517819595407e+04 -7.152664691516182211e+04 -1.027218091868694639e+06 -4.593530754190358566e+05 -1.280422158844103105e+05 -5.437456488246724621e+04 1.404538770339686016e+05 2.520049465911454463e+05 1.306477212977378949e+05 3.221997410613084867e+04
-9.828153804638754809e+04 1.907065685849473521e+05 -1.831932479594739270e+05 1.016763181055380846e+05 3.654824196584928723e+04 2.879446233361658597e+04 -1.059814588120954249e+04 6.178510517819595407e+04 2.007886631914186873e+05 -2.926097108523632050e+04 7.557404254783777287e+04 -8.857097058265946107e+05 -3.241412828431621310e+05 -3.112370800237823278e+04 -1.492816766190498893e+05 4.940658029343961243e+04 1.291977447239890316e+05 5.774233420076726179e+04
3.977336972042211797e+06 3.378753068621621281e+07 -1.655581326703418978e+07 -1.021069807063406333e+07 2.042777891338337213e+06 -6.813027396004229784e+06 -1.840206444572445005e+06 -7.152664691516182211e+04 -2.926097108523632050e+04 3.168505578181659579e+08 8.604138837534451485e+07 3.569485649315472227e+06 9.707340123514663428e+06 8.949320512998595834e+06 -6.937249968115092255e+06 -3.394656608771895990e+06 -9.343575785862862831e+05 3.642859768356188200e+06
-6.413861392786188051e+06 2.450007267797334865e+07 3.515724971256791148e+06 -4.350405229893154465e+06 -9.815231031426644186e+05 -8.790348761119184783e+05 -1.233667931837927084e+06 -1.027218091868694639e+06 7.557404254783777287e+04 8.604138837534451485e+07 9.362728675761447847e+07 1.602856522003112920e+07 -4.993289502381089143e+06 -6.550770916705088690e+06 -5.634277152828202583e+06 -4.854612889708369970e+06 -2.317603799144461285e+06 1.657770794628166826e+06
-1.096850843981852941e+07 7.093152186635498889e+06 1.687132801285804017e+06 -1.016155719938185532e+06 -1.222792990762141533e+06 -1.144308207363006892e+06 4.272607245474170486e+04 -4.593530754190358566e+05 -8.857097058265946107e+05 3.569485649315472227e+06 1.602856522003112920e+07 2.395150131451160833e+07 5.262163740849739872e+06 -9.386949359964836622e+05 1.501877058376127854e+06 1.770254669218744850e+06 -5.673062102505487856e+05 -1.131907100509021897e+06
-1.246344677255965304e+06 -1.012011407608494279e+06 -1.708865867563712178e+06 6.992357879491512431e+05 3.970810429982278729e+05 -1.144905079229122028e+06 3.282000596526254667e+05 -1.280422158844103105e+05 -3.241412828431621310e+05 9.707340123514663428e+06 -4.993289502381089143e+06 5.262163740849739872e+06 9.069646651012290269e+06 1.590407047998891445e+06 3.570380889768394409e+05 2.369361533031088300e+06 7.208393259400705574e+05 -7.505488421247508086e+04
-1.847605181130524492e+06 6.694245784620934865e+05 -9.852740908897760091e+05 -6.021788669930316973e+05 1.989298275229678547e+05 -3.137103916957259644e+05 3.974938813509557804e+04 -5.437456488246724621e+04 -3.112370800237823278e+04 8.949320512998595834e+06 -6.550770916705088690e+06 -9.386949359964836622e+05 1.590407047998891445e+06 4.380172261065456085e+06 -4.751168020655801956e+04 -1.435233532548962103e+05 1.517517974637906300e+05 -6.352456566478996538e+05
3.554813540208437480e+05 -1.539747032541962806e+06 5.606832467903580982e+05 -1.553227883592684811e+05 -2.102163720714331721e+05 3.776434640974843205e+04 2.280305834208711749e+05 1.404538770339686016e+05 -1.492816766190498893e+05 -6.937249968115092255e+06 -5.634277152828202583e+06 1.501877058376127854e+06 3.570380889768394409e+05 -4.751168020655801956e+04 3.167139274837624747e+06 8.638806777866664343e+05 1.315682707442045967e+03 -3.982718492910359055e+05
-3.803231336568658589e+05 -5.886703673280731309e+05 -1.109898074223915581e+06 1.077871285487403162e+06 -1.305214380079340626e+05 -2.979037461216207594e+05 1.406430867142901116e+05 2.520049465911454463e+05 4.940658029343961243e+04 -3.394656608771895990e+06 -4.854612889708369970e+06 1.770254669218744850e+06 2.369361533031088300e+06 -1.435233532548962103e+05 8.638806777866664343e+05 2.253020435052621644e+06 8.493592961536153452e+05 1.300251493151783507e+04
4.050892536816930515e+05 -6.601446894653743366e+05 -1.178800643766938243e+06 -1.557837746593708580e+05 -3.394058517718097428e+05 1.880361709848078317e+04 4.805412832497515774e+04 1.306477212977378949e+05 1.291977447239890316e+05 -9.343575785862862831e+05 -2.317603799144461285e+06 -5.673062102505487856e+05 7.208393259400705574e+05 1.517517974637906300e+05 1.315682707442045967e+03 8.493592961536153452e+05 1.078954029045623029e+06 -1.304857212812896032e+05
7.921162558080094168e+05 1.949783991325789248e+04 -1.744810458638266718e+05 3.189016595370970899e+05 1.595183184768500505e+05 -1.351147530916261021e+05 -1.291558781460752944e+05 3.221997410613084867e+04 5.774233420076726179e+04 3.642859768356188200e+06 1.657770794628166826e+06 -1.131907100509021897e+06 -7.505488421247508086e+04 -6.352456566478996538e+05 -3.982718492910359055e+05 1.300251493151783507e+04 -1.304857212812896032e+05 5.599329888139086543e+05
