4.817449507125724852e+07 -3.513397827688809950e+06 -8.464727989237906411e+06 -1.328839746621902334e+06 -5.069747194760628918e+04 5.792696545273619704e+05 1.790063811817259761e+06 8.843539944742149673e+05 -8.219353836937452434e+04 4.330616130336824805e+07 2.407255505508032441e+07 1.520625797783161141e+07 1.302833468643325008e+07 5.977269254907066934e+05 2.944767113326309714e+06 1.634106502860678826e+06 1.760439353229317348e+06 2.382460959086302202e+06
-3.513397827688809950e+06 9.861353709118291736e+06 1.121376149179871660e+06 1.116599470805430756e+05 8.995943239953364246e+05 -9.229562177228364453e+04 -3.349951793421712500e+04 -3.356778043943180819e+05 4.495551605365495780e+05 3.826563622378135566e+06 -5.541890839343220927e+06 -1.048862329064482583e+04 -2.919824989823510870e+06 9.956125082804289414e+05 7.154519589534831466e+05 1.344800463452810422e+06 7.165198493553296430e+05 -9.736303542743924481e+04
-8.464727989237906411e+06 1.121376149179871660e+06 4.159418843935695477e+06 6.730304839269992663e+05 1.418004768188689195e+05 -6.455572615871467860e+05 -2.653883978012388106e+05 -3.749704777242291602e+05 3.680525394128407788e+04 -3.019062382965655997e+05 -6.297044011841529049e+06 1.096866086382484064e+06 -1.930522495288575999e+06 -4.960215334922584007e+05 -1.338954883586008800e+06 2.446844204511994394e+04 4.865627605575661437e+04 -4.859097648912070435e+05
-1.328839746621902334e+06 1.116599470805430756e+05 6.730304839269992663e+05 2.255278081377876922e+06 -2.160952663815349806e+05 -3.596362871217392967e+05 2.212078643581487413e+05 1.482655574995708303e+05 -4.867998347985804139e+04 -1.086842930241885595e+06 1.421531776310232468e+06 2.859554160304797813e+06 2.014137008109940682e+06 6.146510860381461680e+05 1.314584555855802610e+05 1.280522481267904950e+05 -6.032197248079514975e+04 -2.675870994559480459e+05
-5.069747194760628918e+04 8.995943239953364246e+05 1.418004768188689195e+05 -2.160952663815349806e+05 1.135843744661639445e+06 1.776241845303429582e+05 -9.826955820140676224e+04 1.139720069925719872e+05 1.837859715168211551e+05 2.011960005884991959e+06 -1.994437395312482258e+06 -9.405143613442691276e+05 -6.053841450362122850e+05 1.404803278697118163e+06 4.904103803364789346e+05 -2.459122083201485657e+04 3.847245208126388025e+05 2.427174015445797704e+04
5.792696545273619704e+05 -9.229562177228364453e+04 -6.455572615871467860e+05 -3.596362871217392967e+05 1.776241845303429582e+05 4.772575089360310812e+05 -9.157124731533187150e+04 9.257012440975473146e+04 2.760084725122740929e+04 5.952269836912978208e+05 2.473303940248501021e+06 -8.415187125886756694e+05 -3.661557176132161403e+05 1.422302760638492182e+05 3.115569215695539606e+05 -4.299393579334612878e+04 1.681767304821529251e+05 3.628499951869475626e+04
1.790063811817259761e+06 -3.349951793421712500e+04 -2.653883978012388106e+05 2.212078643581487413e+05 -9.826955820140676224e+04 -9.157124731533187150e+04 3.962242425777618773e+05 7.702059705914671940e+04 -4.209213181638894457e+04 -5.783233354773861356e+05 7.530889238985559205e+05 1.332794950596677372e+05 1.383566077869390836e+06 -7.808777872683401802e+04 8.353844482921350573e+04 2.643530925461351871e+05 1.490819880466745235e+05 -1.041310408390205412e+05
8.843539944742149673e+05 -3.356778043943180819e+05 -3.749704777242291602e+05 1.482655574995708303e+05 1.139720069925719872e+05 9.257012440975473146e+04 7.702059705914671940e+04 2.381112680058362312e+05 5.039705596912777401e+04 -1.179496103142369306e+06 1.215794576977846446e+06 -6.126105992416629306e+04 5.385077329415701097e+05 8.571169308152452577e+05 1.974878499336391105e+05 -2.283254502622412110e+04 1.894103413707247528e+05 -3.189157976189075998e+04
-8.219353836937452434e+04 4.495551605365495780e+05 3.680525394128407788e+04 -4.867998347985804139e+04 1.837859715168211551e+05 2.760084725122740929e+04 -4.209213181638894457e+04 5.039705596912777401e+04 2.238243829127793724e+05 2.889005948756442871e+06 -9.094317793723398354e+05 -4.001240407314894837e+05 -1.243108506854615262e+05 9.666780938300838170e+04 -9.604031679158467159e+04 1.433319613295872387e+03 3.084885179936875356e+05 4.390473524912397988e+04
4.330616130336824805e+07 3.826563622378135566e+06 -3.019062382965655997e+05 -1.086842930241885595e+06 2.011960005884991959e+06 5.952269836912978208e+05 -5.783233354773861356e+05 -1.179496103142369306e+06 2.889005948756442871e+06 2.180116888921109140e+08 2.469291170538314059e+07 2.505420206831618398e+07 1.388887653281223029e+07 -1.229035861331705935e+07 -1.664566211699362611e+06 -2.051591922989261802e+06 2.296483020508650225e+06 3.213275455830592662e+06
2.407255505508032441e+07 -5.541890839343220927e+06 -6.297044011841529049e+06 1.421531776310232468e+06 -1.994437395312482258e+06 2.473303940248501021e+06 7.530889238985559205e+05 1.215794576977846446e+06 -9.094317793723398354e+05 2.469291170538314059e+07 7.155632268256844580e+07 2.057417154618324339e+07 1.416624075535500050e+07 1.277203083176571643e+06 1.404759390715870773e+06 6.698653976094754180e+05 2.585390200609224848e+05 7.406468727995505324e+05
1.520625797783161141e+07 -1.048862329064482583e+04 1.096866086382484064e+06 2.859554160304797813e+06 -9.405143613442691276e+05 -8.415187125886756694e+05 1.332794950596677372e+05 -6.126105992416629306e+04 -4.001240407314894837e+05 2.505420206831618398e+07 2.057417154618324339e+07 2.885991466885334253e+07 6.443624395489948802e+06 -3.928605995197697193e+05 -1.785914612853545230e+06 1.749696519475143868e+06 1.095504142316212878e+06 3.835364587421896285e+05
1.302833468643325008e+07 -2.919824989823510870e+06 -1.930522495288575999e+06 2.014137008109940682e+06 -6.053841450362122850e+05 -3.661557176132161403e+05 1.383566077869390836e+06 5.385077329415701097e+05 -1.243108506854615262e+05 1.388887653281223029e+07 1.416624075535500050e+07 6.443624395489948802e+06 1.388839413087986037e+07 1.678645668386529665e+06 8.725816781224007718e+05 1.602456405352104048e+05 2.024045304299145064e+05 1.421834306926487479e+05
5.977269254907066934e+05 9.956125082804289414e+05 -4.960215334922584007e+05 6.146510860381461680e+05 1.404803278697118163e+06 1.422302760638492182e+05 -7.808777872683401802e+04 8.571169308152452577e+05 9.666780938300838170e+04 -1.229035861331705935e+07 1.277203083176571643e+06 -3.928605995197697193e+05 1.678645668386529665e+06 8.584364535208050162e+06 3.009603377375551965e+06 -3.213904233534219093e+05 3.852011481857260223e+05 -9.990082529900704685e+04
2.944767113326309714e+06 7.154519589534831466e+05 -1.338954883586008800e+06 1.314584555855802610e+05 4.904103803364789346e+05 3.115569215695539606e+05 8.353844482921350573e+04 1.974878499336391105e+05 -9.604031679158467159e+04 -1.664566211699362611e+06 1.404759390715870773e+06 -1.785914612853545230e+06 8.725816781224007718e+05 3.009603377375551965e+06 3.852649733998763841e+06 2.441994653174380364e+05 3.755979077922272263e+05 5.375652501880027121e+05
1.634106502860678826e+06 1.344800463452810422e+06 2.446844204511994394e+04 1.280522481267904950e+05 -2.459122083201485657e+04 -4.299393579334612878e+04 2.643530925461351871e+05 -2.283254502622412110e+04 1.433319613295872387e+03 -2.051591922989261802e+06 6.698653976094754180e+05 1.749696519475143868e+06 1.602456405352104048e+05 -3.213904233534219093e+05 2.441994653174380364e+05 1.211942429426894290e+06 7.168100672107924474e+05 2.628699103030526021e+04
1.760439353229317348e+06 7.165198493553296430e+05 4.865627605575661437e+04 -6.032197248079514975e+04 3.847245208126388025e+05 1.681767304821529251e+05 1.490819880466745235e+05 1.894103413707247528e+05 3.084885179936875356e+05 2.296483020508650225e+06 2.585390200609224848e+05 1.095504142316212878e+06 2.024045304299145064e+05 3.852011481857260223e+05 3.755979077922272263e+05 7.168100672107924474e+05 1.328459199798228219e+06 1.627897165518051188e+05
2.382460959086302202e+06 -9.736303542743924481e+04 -4.859097648912070435e+05 -2.675870994559480459e+05 2.427174015445797704e+04 3.628499951869475626e+04 -1.041310408390205412e+05 -3.189157976189075998e+04 4.390473524912397988e+04 3.213275455830592662e+06 7.406468727995505324e+05 3.835364587421896285e+05 1.421834306926487479e+05 -9.990082529900704685e+04 5.375652501880027121e+05 2.628699103030526021e+04 1.627897165518051188e+05 6.033888746863773558e+05
