6.260805560727461427e+07 2.161962129711644724e+07 3.499397192000146024e+06 5.742618680144138634e+06 2.355837334088492207e+06 4.207718414888837724e+05 1.335124120835449779e+06 4.841463725600058096e+05 4.732564799656735850e+05 -8.929925881442336366e+06 2.375806341428773105e+07 6.920234237462126650e+06 9.482151500701084733e+06 6.099108948358504102e+06 2.697541974489797838e+06 2.017183589220269118e+06 -3.989125907036565477e+05 -1.428970061921394896e+06
2.161962129711644724e+07 2.757399475092275068e+07 2.273638560799202416e+06 3.000503711923730560e+06 2.037731495565659367e+06 -5.849334952320571756e+05 9.540855764584724093e+05 8.840763530440207105e+05 1.212452456593020470e+05 -9.197876121281877160e+06 8.199830585589029826e+06 1.531034661631653551e+06 1.106242316875176504e+07 1.514448647149365628e+06 2.528994035527480009e+05 3.177004869367098436e+06 -1.215159167602197500e+06 -1.290250505789616378e+06
3.499397192000146024e+06 2.273638560799202416e+06 4.254891621239177883e+06 1.293565911742600147e+06 6.471856592690878460e+04 3.741781943401365425e+05 9.092710360838648630e+05 -6.583710864983504871e+04 3.127965138451330131e+04 -1.694523726081169443e+05 -5.185306472862033173e+06 3.333241678392678499e+06 2.734538387792417314e+06 2.031072090845969040e+06 3.367489170218566433e+05 7.516889984470125055e+05 3.790694319102519657e+05 1.983948005270112481e+05
5.742618680144138634e+06 3.000503711923730560e+06 1.293565911742600147e+06 2.302371304034870118e+06 1.191798108991515910e+05 -1.285982184310903394e+05 2.842768807401094236e+05 -1.263921716622042004e+04 5.022955376740253269e+04 -4.441182086249819025e+06 -8.642877995585629251e+05 3.034666043462161906e+06 2.111533784293233417e+06 6.665067559937760234e+04 8.757032412119038054e+04 8.808569393521704478e+04 -2.622641530214512604e+05 -2.034214373467955156e+05
2.355837334088492207e+06 2.037731495565659367e+06 6.471856592690878460e+04 1.191798108991515910e+05 1.084284283265019767e+06 2.085658918205010705e+05 1.445048958649682754e+05 5.492150904520066251e+04 -2.176873914112634520e+04 3.927328348214978818e+06 -5.783059056274266914e+05 7.491498439756478183e+05 1.920902567334732274e+06 -1.137593073095156869e+05 3.267938065000856877e+05 2.297985282405298494e+05 -1.338892727644899278e+05 -1.652180142972085741e+04
4.207718414888837724e+05 -5.849334952320571756e+05 3.741781943401365425e+05 -1.285982184310903394e+05 2.085658918205010705e+05 5.017550219073519693e+05 1.706976846038814983e+05 -1.990904158163863394e+04 1.015411917026682750e+04 2.182955675892753527e+06 3.373093999752023374e+05 -3.050151573683691677e+05 -1.431135611595390583e+04 2.320894569992558681e+05 9.581484260240516160e+05 5.971568760988332797e+05 2.356235128572610265e+05 1.091338019952159375e+05
1.335124120835449779e+06 9.540855764584724093e+05 9.092710360838648630e+05 2.842768807401094236e+05 1.445048958649682754e+05 1.706976846038814983e+05 5.019895086165682878e+05 1.530136273425795080e+05 4.217830701403186686e+04 2.234192252601884305e+06 -7.083825440044752322e+05 7.393456512546597514e+05 1.102919290198226692e+06 8.406594385215317598e+05 6.433043095550956205e+05 6.102394945238706423e+05 1.705156708792000427e+05 1.582289151093834953e+05
4.841463725600058096e+05 8.840763530440207105e+05 -6.583710864983504871e+04 -1.263921716622042004e+04 5.492150904520066251e+04 -1.990904158163863394e+04 1.530136273425795080e+05 2.032589310852129711e+05 2.812106914399088419e+04 3.403209121791701182e+04 -2.602045205093817203e+05 -3.976704908497074939e+04 2.023686700996528962e+05 7.354892599826023798e+04 3.654908418985398021e+05 1.482279851098327781e+05 6.956023146846848249e+04 5.275445426862285967e+04
4.732564799656735850e+05 1.212452456593020470e+05 3.127965138451330131e+04 5.022955376740253269e+04 -2.176873914112634520e+04 1.015411917026682750e+04 4.217830701403186686e+04 2.812106914399088419e+04 8.979841434714448405e+04 -1.931124540269616118e+05 1.687546012919122295e+05 1.461222805367523979e+05 6.172979195237866224e+04 8.460830932788035716e+04 -7.404522278210235527e+03 -3.054400603966839481e+04 1.122052759962358687e+05 8.813766197545286559e+03
-8.929925881442336366e+06 -9.197876121281877160e+06 -1.694523726081169443e+05 -4.441182086249819025e+06 3.927328348214978818e+06 2.182955675892753527e+06 2.234192252601884305e+06 3.403209121791701182e+04 -1.931124540269616118e+05 2.323171865202335119e+08 4.754835158988355100e+07 -7.461596838979776949e+06 -2.344057380383743905e+06 2.082716371888541849e+06 6.217699586843885481e+06 -1.229973859371015336e+06 -4.250774297925152816e+06 2.357588873039925471e+06
2.375806341428773105e+07 8.199830585589029826e+06 -5.185306472862033173e+06 -8.642877995585629251e+05 -5.783059056274266914e+05 3.373093999752023374e+05 -7.083825440044752322e+05 -2.602045205093817203e+05 1.687546012919122295e+05 4.754835158988355100e+07 7.385604138886079192e+07 -1.630774730934940465e+07 5.816656085263494402e+06 2.692420823155740276e+06 3.710347098776373547e+06 1.195780371616729302e+06 -3.124792720119907521e+06 -6.960447626866542269e+05
6.920234237462126650e+06 1.531034661631653551e+06 3.333241678392678499e+06 3.034666043462161906e+06 7.491498439756478183e+05 -3.050151573683691677e+05 7.393456512546597514e+05 -3.976704908497074939e+04 1.461222805367523979e+05 -7.461596838979776949e+06 -1.630774730934940465e+07 1.814991340644664690e+07 3.365249831554399338e+06 6.937269256107030669e+05 -1.939775664411823964e+06 -7.494503301352265989e+05 -3.962945941788498894e+05 -8.782646002141026838e+04
9.482151500701084733e+06 1.106242316875176504e+07 2.734538387792417314e+06 2.111533784293233417e+06 1.920902567334732274e+06 -1.431135611595390583e+04 1.102919290198226692e+06 2.023686700996528962e+05 6.172979195237866224e+04 -2.344057380383743905e+06 5.816656085263494402e+06 3.365249831554399338e+06 1.536062724396082573e+07 2.294232982042087242e+06 7.992338001520079561e+05 1.383810846332377288e+06 -9.522661167064851616e+05 2.462642512880360882e+05
6.099108948358504102e+06 1.514448647149365628e+06 2.031072090845969040e+06 6.665067559937760234e+04 -1.137593073095156869e+05 2.320894569992558681e+05 8.406594385215317598e+05 7.354892599826023798e+04 8.460830932788035716e+04 2.082716371888541849e+06 2.692420823155740276e+06 6.937269256107030669e+05 2.294232982042087242e+06 3.638863788838561159e+06 8.740561794206433697e+05 1.395743691750788363e+06 3.627228769405385247e+05 -4.337296586219821620e+04
2.697541974489797838e+06 2.528994035527480009e+05 3.367489170218566433e+05 8.757032412119038054e+04 3.267938065000856877e+05 9.581484260240516160e+05 6.433043095550956205e+05 3.654908418985398021e+05 -7.404522278210235527e+03 6.217699586843885481e+06 3.710347098776373547e+06 -1.939775664411823964e+06 7.992338001520079561e+05 8.740561794206433697e+05 4.019003703858917579e+06 1.651007032964672660e+06 1.596076234024854784e+05 2.073939975110407104e+05
2.017183589220269118e+06 3.177004869367098436e+06 7.516889984470125055e+05 8.808569393521704478e+04 2.297985282405298494e+05 5.971568760988332797e+05 6.102394945238706423e+05 1.482279851098327781e+05 -3.054400603966839481e+04 -1.229973859371015336e+06 1.195780371616729302e+06 -7.494503301352265989e+05 1.383810846332377288e+06 1.395743691750788363e+06 1.651007032964672660e+06 2.653997205578462686e+06 3.642586691897225101e+05 -1.997445396248479083e+05
-3.989125907036565477e+05 -1.215159167602197500e+06 3.790694319102519657e+05 -2.622641530214512604e+05 -1.338892727644899278e+05 2.356235128572610265e+05 1.705156708792000427e+05 6.956023146846848249e+04 1.122052759962358687e+05 -4.250774297925152816e+06 -3.124792720119907521e+06 -3.962945941788498894e+05 -9.522661167064851616e+05 3.627228769405385247e+05 1.596076234024854784e+05 3.642586691897225101e+05 8.194522201592575293e+05 1.239141320944774779e+05
-1.428970061921394896e+06 -1.290250505789616378e+06 1.983948005270112481e+05 -2.034214373467955156e+05 -1.652180142972085741e+04 1.091338019952159375e+05 1.582289151093834953e+05 5.275445426862285967e+04 8.813766197545286559e+03 2.357588873039925471e+06 -6.960447626866542269e+05 -8.782646002141026838e+04 2.462642512880360882e+05 -4.337296586219821620e+04 2.073939975110407104e+05 -1.997445396248479083e+05 1.239141320944774779e+05 4.846136004109582282e+05
