8.601379009662924707e+07 5.063707894831941463e+06 9.751818225632231915e+05 -7.922645634654425085e+05 -1.267082768961221213e+06 9.471657091333393473e+05 -5.348951605314286426e+05 -8.174041989042100031e+05 1.246455521549885627e+06 3.611362799387796223e+07 3.238744099161027744e+07 -5.855050668019285426e+06 -1.733459004821131704e+06 -3.840467243544758763e+06 4.937980498120854027e+05 7.813161669874598738e+05 -1.133331743504075101e+06 -1.333126062585383886e+06
5.063707894831941463e+06 2.118505321616740897e+07 1.382364498506413074e+06 -5.286086111523088039e+04 9.040188778771000216e+05 8.393222316637593322e+05 2.865230726311703329e+05 7.368679601528855274e+05 4.804324508878557244e+05 5.654029162888191640e+05 5.276046741795319133e+06 5.822341436957281083e+06 5.461335685269004665e+06 1.058179998987132451e+06 3.002222513106603292e+05 1.681504322423977545e+06 -4.857068297801220324e+05 1.035698553171487874e+05
9.751818225632231915e+05 1.382364498506413074e+06 3.773248753418044653e+06 -3.286053219994094106e+05 4.554135356438168092e+05 4.091005710030326736e+05 4.009218044815718313e+05 -4.614632630017526390e+04 1.621709092774499732e+05 4.568351925768613815e+06 8.355954420052392408e+06 1.815190350211030338e+06 9.186062863331777044e+05 3.006738362668939400e+06 -7.853438782554810168e+05 -6.397330232631609397e+04 9.272233610321173910e+04 3.022728342713154852e+05
-7.922645634654425085e+05 -5.286086111523088039e+04 -3.286053219994094106e+05 1.735180529295130866e+06 3.699743603494378622e+05 -3.189328593146447747e+04 7.101684437335099210e+04 -1.639606309071450232e+04 2.898707239972078605e+04 -1.936083986701894319e+06 1.689343031372152269e+06 1.180250239607999334e+06 1.256951320664005354e+06 -3.548915303535928833e+05 -8.268991518310133833e+05 1.059044966800976981e+05 -2.589112801887348469e+05 4.249068010969605530e+04
-1.267082768961221213e+06 9.040188778771000216e+05 4.554135356438168092e+05 3.699743603494378622e+05 1.695815126310377382e+06 7.943403292412305018e+04 2.731157283168460708e+05 3.303214388860782492e+05 2.288673067966579983e+05 -3.884604982347255573e+06 -2.268453040262068316e+04 -4.407046008806605823e+05 1.629108860000891844e+06 1.420484464295195183e+06 8.352414286956988508e+04 4.409484981884727604e+05 -1.157036587640149664e+05 1.511634068880771229e+05
9.471657091333393473e+05 8.393222316637593322e+05 4.091005710030326736e+05 -3.189328593146447747e+04 7.943403292412305018e+04 2.949059841720183613e+05 3.241830883026852462e+04 3.957580311617626285e+04 4.542560762173877447e+04 3.206016593894552905e+06 1.996308195734128589e+06 3.320315812578388723e+05 1.026950222530510742e+06 3.515854293799628504e+05 -6.652069030096207280e+04 2.533685433659035698e+04 6.154550874915489658e+03 3.386375373973558453e+04
-5.348951605314286426e+05 2.865230726311703329e+05 4.009218044815718313e+05 7.101684437335099210e+04 2.731157283168460708e+05 3.241830883026852462e+04 2.819623391749687726e+05 5.864313908036083740e+04 -8.565001521702902392e+04 -8.987673445780701004e+05 3.337436511798670981e+05 -4.354150782416029251e+05 3.186823024330673506e+05 2.301372111222325766e+05 3.011502392285778114e+04 1.954082165781391086e+05 -1.205183023438040691e+05 4.255531647480612446e+04
-8.174041989042100031e+05 7.368679601528855274e+05 -4.614632630017526390e+04 -1.639606309071450232e+04 3.303214388860782492e+05 3.957580311617626285e+04 5.864313908036083740e+04 2.551813880310552195e+05 7.439060115356931055e+04 -2.086504392706265440e+06 -1.371661189244005363e+06 3.819464218365552952e+05 6.884022963938813191e+05 5.204807118441971397e+04 -2.044006362756813760e+05 5.240468269284324197e+04 -4.793199763303693180e+04 -2.749265092528529931e+04
1.246455521549885627e+06 4.804324508878557244e+05 1.621709092774499732e+05 2.898707239972078605e+04 2.288673067966579983e+05 4.542560762173877447e+04 -8.565001521702902392e+04 7.439060115356931055e+04 2.403175462843763817e+05 3.839944381987563102e+05 1.178373597888291813e+06 3.867463639619933674e+05 6.067107831503613852e+05 3.571853234351861174e+05 -2.130491963058528490e+05 1.122071950619920826e+05 -4.585641887098903680e+04 2.658789785728809511e+04
3.611362799387796223e+07 5.654029162888191640e+05 4.568351925768613815e+06 -1.936083986701894319e+06 -3.884604982347255573e+06 3.206016593894552905e+06 -8.987673445780701004e+05 -2.086504392706265440e+06 3.839944381987563102e+05 1.884422285291747153e+08 8.019742226462575793e+07 -5.096131226189401001e+06 2.883671372902709525e+06 1.240891637384084519e+06 -3.755111943399383686e+06 -4.160171057343261200e+05 -2.641574465209258720e+06 3.884476965811441769e+05
3.238744099161027744e+07 5.276046741795319133e+06 8.355954420052392408e+06 1.689343031372152269e+06 -2.268453040262068316e+04 1.996308195734128589e+06 3.337436511798670981e+05 -1.371661189244005363e+06 1.178373597888291813e+06 8.019742226462575793e+07 9.381977344337475300e+07 -3.520103784469353501e+06 3.521908830567815807e+06 1.066904179995047674e+07 -2.036208274047062034e+06 3.007498326139464974e+06 -1.748422701411161572e+06 1.199830714457771974e+06
-5.855050668019285426e+06 5.822341436957281083e+06 1.815190350211030338e+06 1.180250239607999334e+06 -4.407046008806605823e+05 3.320315812578388723e+05 -4.354150782416029251e+05 3.819464218365552952e+05 3.867463639619933674e+05 -5.096131226189401001e+06 -3.520103784469353501e+06 2.098487046350964904e+07 5.123093747554271482e+06 1.396261464523370087e+05 -4.394895215081024915e+06 -1.838699898403379600e+06 6.643106979568047682e+05 -1.202172138106987579e+06
-1.733459004821131704e+06 5.461335685269004665e+06 9.186062863331777044e+05 1.256951320664005354e+06 1.629108860000891844e+06 1.026950222530510742e+06 3.186823024330673506e+05 6.884022963938813191e+05 6.067107831503613852e+05 2.883671372902709525e+06 3.521908830567815807e+06 5.123093747554271482e+06 9.225518593108268455e+06 8.112740521796862595e+05 -1.599221374231509166e+06 8.825849527443323750e+05 -5.710594771907555405e+05 -2.148964287184007844e+04
-3.840467243544758763e+06 1.058179998987132451e+06 3.006738362668939400e+06 -3.548915303535928833e+05 1.420484464295195183e+06 3.515854293799628504e+05 2.301372111222325766e+05 5.204807118441971397e+04 3.571853234351861174e+05 1.240891637384084519e+06 1.066904179995047674e+07 1.396261464523370087e+05 8.112740521796862595e+05 6.575331935553183779e+06 -6.813126307710481342e+04 8.840132440919195069e+05 3.834296746153372806e+05 5.868270822743739700e+05
4.937980498120854027e+05 3.002222513106603292e+05 -7.853438782554810168e+05 -8.268991518310133833e+05 8.352414286956988508e+04 -6.652069030096207280e+04 3.011502392285778114e+04 -2.044006362756813760e+05 -2.130491963058528490e+05 -3.755111943399383686e+06 -2.036208274047062034e+06 -4.394895215081024915e+06 -1.599221374231509166e+06 -6.813126307710481342e+04 4.465028323733618483e+06 7.194508343245598953e+05 -4.663406927657456254e+04 3.294687819749034134e+03
7.813161669874598738e+05 1.681504322423977545e+06 -6.397330232631609397e+04 1.059044966800976981e+05 4.409484981884727604e+05 2.533685433659035698e+04 1.954082165781391086e+05 5.240468269284324197e+04 1.122071950619920826e+05 -4.160171057343261200e+05 3.007498326139464974e+06 -1.838699898403379600e+06 8.825849527443323750e+05 8.840132440919195069e+05 7.194508343245598953e+05 2.625770288093430921e+06 2.307687852540843887e+05 1.351991847619554610e+05
-1.133331743504075101e+06 -4.857068297801220324e+05 9.272233610321173910e+04 -2.589112801887348469e+05 -1.157036587640149664e+05 6.154550874915489658e+03 -1.205183023438040691e+05 -4.793199763303693180e+04 -4.585641887098903680e+04 -2.641574465209258720e+06 -1.748422701411161572e+06 6.643106979568047682e+05 -5.710594771907555405e+05 3.834296746153372806e+05 -4.663406927657456254e+04 2.307687852540843887e+05 8.993145616345951566e+05 -4.561637492776444560e+04
-1.333126062585383886e+06 1.035698553171487874e+05 3.022728342713154852e+05 4.249068010969605530e+04 1.511634068880771229e+05 3.386375373973558453e+04 4.255531647480612446e+04 -2.749265092528529931e+04 2.658789785728809511e+04 3.884476965811441769e+05 1.199830714457771974e+06 -1.202172138106987579e+06 -2.148964287184007844e+04 5.868270822743739700e+05 3.294687819749034134e+03 1.351991847619554610e+05 -4.561637492776444560e+04 2.853156121708108694e+05
