4.163388938425574452e+07 -2.210384001890450250e+06 -1.292152599660580512e+06 2.943633475680180825e+06 -3.703266396080596838e+06 -4.864395176924637053e+05 -9.121108347559875110e+05 9.826829186404001666e+04 -3.792913739525044803e+05 3.331145254428401217e+07 6.834097843387625180e+06 -4.667196547690805979e+06 -9.900905733375027776e+06 -6.107060437414488755e+06 -4.107196749794314150e+06 9.779576756594114704e+04 6.721279395778189646e+05 -2.217259137813212292e+05
-2.210384001890450250e+06 1.481645730402804725e+07 5.020792118982494576e+05 5.701017251677894965e+05 -4.632068953752213856e+05 -1.075135374574021407e+05 -3.140065923084930400e+05 8.974125194575253408e+05 -1.136297210288667120e+05 -1.190197930150901526e+07 6.897564292648311704e+06 5.594857859047596343e+06 7.793505461968593299e+05 2.850173474333228078e+05 -1.265947684578253189e+06 -5.738976145856463118e+05 -4.171587054114314378e+04 -2.727484635527757346e+05
-1.292152599660580512e+06 5.020792118982494576e+05 3.880678554735915735e+06 5.232819594301370089e+05 4.195486328739898745e+05 -2.528261087793707848e+05 2.570389147058852832e+05 5.513881905763035320e+04 2.168307629641980457e+05 2.904945676429552492e+06 2.427594650402993648e+04 8.353169691057584248e+06 9.308635865845975932e+05 8.890333339526464988e+04 -6.084136162671494531e+05 -2.419725273302848800e+05 -2.438732038043786815e+03 7.327510070352214389e+05
2.943633475680180825e+06 5.701017251677894965e+05 5.232819594301370089e+05 1.831931471224328270e+06 -7.234947206991257553e+04 -1.597524981900425628e+05 5.262027089927249108e+03 1.635792793540571001e+05 4.790805674756893859e+04 2.893862200030399486e+06 3.316254191259564366e+06 6.624378536619470688e+05 -7.197631982206121320e+05 -1.798620942063704715e+05 -4.785064308088483522e+05 2.008726640711018408e+05 5.254326455634194426e+05 -1.227209374600165320e+05
-3.703266396080596838e+06 -4.632068953752213856e+05 4.195486328739898745e+05 -7.234947206991257553e+04 1.516008156353535596e+06 1.076439264075239189e+05 3.129077447178524017e+04 -1.628186661161139455e+03 -5.317885248042971944e+04 -9.568770252527379198e+05 -1.102201303434077185e+06 1.336672114261438604e+06 1.106070055333554978e+06 8.523810284697526367e+05 1.028093425182210864e+06 -3.400955893373254221e+05 -6.942211917642547633e+04 -4.825641447644589789e+04
-4.864395176924637053e+05 -1.075135374574021407e+05 -2.528261087793707848e+05 -1.597524981900425628e+05 1.076439264075239189e+05 3.336493580529325409e+05 1.046275609986037598e+05 2.666857374243244703e+04 -5.674034347839658039e+03 -2.565396695709860418e+06 -8.673362800984210335e+05 1.927816740491084929e+05 -9.086084542477988871e+05 8.424175465225278458e+04 5.138959555189648527e+05 -1.992616465863417397e+04 5.576662009311231668e+04 -7.992498235615140584e+04
-9.121108347559875110e+05 -3.140065923084930400e+05 2.570389147058852832e+05 5.262027089927249108e+03 3.129077447178524017e+04 1.046275609986037598e+05 3.213838267389676184e+05 4.104961565030837664e+04 5.184377571340296709e+04 -1.802376701973156072e+06 -3.522139897824923974e+05 3.399860309942334425e+05 2.606531479199125897e+04 -4.497285947870544624e+05 3.544024077337783528e+05 3.783772819278764655e+05 2.642447971558088320e+05 -7.067073450438321743e+04
9.826829186404001666e+04 8.974125194575253408e+05 5.513881905763035320e+04 1.635792793540571001e+05 -1.628186661161139455e+03 2.666857374243244703e+04 4.104961565030837664e+04 2.095504075399363064e+05 4.643120753164163762e+04 -1.534944199591649231e+06 2.116101816041175742e+06 3.212980227350755013e+05 -3.132175637325123535e+05 -1.043355513332647242e+05 2.509862787118205451e+05 1.147306508456370357e+05 1.162851426682806195e+05 -3.056227212971547488e+04
-3.792913739525044803e+05 -1.136297210288667120e+05 2.168307629641980457e+05 4.790805674756893859e+04 -5.317885248042971944e+04 -5.674034347839658039e+03 5.184377571340296709e+04 4.643120753164163762e+04 1.359333220893026155e+05 5.180062989292213460e+05 7.997230911303721368e+05 7.617226882674220542e+04 -7.136695588893984677e+04 -1.306216827252286021e+05 -5.758157827959231508e+04 1.520535587188940262e+05 -2.732292989475022478e+04 1.689238091893130331e+04
3.331145254428401217e+07 -1.190197930150901526e+07 2.904945676429552492e+06 2.893862200030399486e+06 -9.568770252527379198e+05 -2.565396695709860418e+06 -1.802376701973156072e+06 -1.534944199591649231e+06 5.180062989292213460e+05 2.109888501255705357e+08 5.278248441900382936e+07 -3.643928358552871272e+06 1.142519154820861109e+07 4.673581964188985527e+06 -7.857263486531547271e+06 -7.406025246012206189e+05 -3.066814362069469877e+06 1.588429692084906157e+06
6.834097843387625180e+06 6.897564292648311704e+06 2.427594650402993648e+04 3.316254191259564366e+06 -1.102201303434077185e+06 -8.673362800984210335e+05 -3.522139897824923974e+05 2.116101816041175742e+06 7.997230911303721368e+05 5.278248441900382936e+07 6.924117005287587643e+07 -6.346836103750080802e+06 1.352235374129185220e+06 8.237352392746773548e+05 6.602460402480614139e+05 2.557674446205074433e+06 8.541666800140378764e+05 1.737098725175383966e+06
-4.667196547690805979e+06 5.594857859047596343e+06 8.353169691057584248e+06 6.624378536619470688e+05 1.336672114261438604e+06 1.927816740491084929e+05 3.399860309942334425e+05 3.212980227350755013e+05 7.617226882674220542e+04 -3.643928358552871272e+06 -6.346836103750080802e+06 3.606529098355092108e+07 2.326901978941010777e+06 1.519781767601573141e+06 -9.491449571038703434e+05 -1.182775259197729640e+06 -8.593022633773181587e+05 8.503393956320527941e+05
-9.900905733375027776e+06 7.793505461968593299e+05 9.308635865845975932e+05 -7.197631982206121320e+05 1.106070055333554978e+06 -9.086084542477988871e+05 2.606531479199125897e+04 -3.132175637325123535e+05 -7.136695588893984677e+04 1.142519154820861109e+07 1.352235374129185220e+06 2.326901978941010777e+06 1.531417816264834628e+07 2.665803815464084968e+06 -3.966154699334236211e+05 -8.549331956808376126e+05 -6.279118981695754919e+05 1.046765091506858706e+06
-6.107060437414488755e+06 2.850173474333228078e+05 8.890333339526464988e+04 -1.798620942063704715e+05 8.523810284697526367e+05 8.424175465225278458e+04 -4.497285947870544624e+05 -1.043355513332647242e+05 -1.306216827252286021e+05 4.673581964188985527e+06 8.237352392746773548e+05 1.519781767601573141e+06 2.665803815464084968e+06 6.062263091709239408e+06 6.699159283922058530e+05 -9.515652265617672820e+05 -7.384228992686701240e+05 1.156562902015742613e+06
-4.107196749794314150e+06 -1.265947684578253189e+06 -6.084136162671494531e+05 -4.785064308088483522e+05 1.028093425182210864e+06 5.138959555189648527e+05 3.544024077337783528e+05 2.509862787118205451e+05 -5.758157827959231508e+04 -7.857263486531547271e+06 6.602460402480614139e+05 -9.491449571038703434e+05 -3.966154699334236211e+05 6.699159283922058530e+05 3.650825690662743058e+06 3.420111257547063869e+05 6.150601101306614000e+05 -1.019349036570971512e+05
9.779576756594114704e+04 -5.738976145856463118e+05 -2.419725273302848800e+05 2.008726640711018408e+05 -3.400955893373254221e+05 -1.992616465863417397e+04 3.783772819278764655e+05 1.147306508456370357e+05 1.520535587188940262e+05 -7.406025246012206189e+05 2.557674446205074433e+06 -1.182775259197729640e+06 -8.549331956808376126e+05 -9.515652265617672820e+05 3.420111257547063869e+05 1.416086994333353126e+06 4.122581850775399944e+05 -3.688408602782870876e+05
6.721279395778189646e+05 -4.171587054114314378e+04 -2.438732038043786815e+03 5.254326455634194426e+05 -6.942211917642547633e+04 5.576662009311231668e+04 2.642447971558088320e+05 1.162851426682806195e+05 -2.732292989475022478e+04 -3.066814362069469877e+06 8.541666800140378764e+05 -8.593022633773181587e+05 -6.279118981695754919e+05 -7.384228992686701240e+05 6.150601101306614000e+05 4.122581850775399944e+05 1.342398750819861656e+06 2.022651152897429420e+05
-2.217259137813212292e+05 -2.727484635527757346e+05 7.327510070352214389e+05 -1.227209374600165320e+05 -4.825641447644589789e+04 -7.992498235615140584e+04 -7.067073450438321743e+04 -3.056227212971547488e+04 1.689238091893130331e+04 1.588429692084906157e+06 1.737098725175383966e+06 8.503393956320527941e+05 1.046765091506858706e+06 1.156562902015742613e+06 -1.019349036570971512e+05 -3.688408602782870876e+05 2.022651152897429420e+05 1.216408241495992290e+06
