5.420406674280959368e+07 6.254812878668927588e+06 6.014006446922120638e+06 4.371462250772920088e+05 1.546431340743896144e+05 8.564460926774613326e+05 -1.914299644124376646e+05 -1.681397949867843417e+05 -6.253692879732861184e+05 2.136842835145271197e+07 -8.151328418804430403e+06 3.524794080672943033e+06 9.189789946537416428e+06 3.104013351833009161e+06 2.983015260760590434e+06 -1.233964880944320234e+06 -3.633010992018251563e+05 -2.075735848731341772e+06
6.254812878668927588e+06 1.491477198824338801e+07 3.982717902038620319e+06 -4.791456462059910991e+05 -8.647917340483762382e+04 -7.444495405936250463e+05 -2.150440358194039436e+05 4.029273258626537427e+04 4.383551286019790568e+05 1.286729992128674500e+07 1.075110229637167789e+07 1.325899783186882036e+06 -1.093649813844400458e+06 1.684980340824342566e+06 3.812688969481899985e+05 -2.257742630916074559e+05 4.269747720464691520e+04 -6.085390801236896077e+05
6.014006446922120638e+06 3.982717902038620319e+06 6.781510632678556256e+06 5.913278720540632494e+05 -7.458396562921192963e+05 -1.678065131713912997e+05 8.279898868532382767e+04 6.613635863749700366e+04 1.384810446433257312e+05 -1.212638788843589136e+05 1.897766595291807316e+06 6.520443541822317056e+06 2.344935714661112521e+06 3.329528928268502932e+05 1.408538866108937364e+05 -9.200828007627659244e+05 -4.370050476589804020e+04 -3.077498228681334876e+05
4.371462250772920088e+05 -4.791456462059910991e+05 5.913278720540632494e+05 1.292782727468145080e+06 5.677980185602502897e+05 3.001671051334900549e+05 3.183590627470997861e+05 8.254329704872149159e+04 -9.930613964886205213e+04 -2.472988543593121693e+06 -6.802599875438022718e+04 -9.908355511424162250e+04 1.424302264994480414e+06 6.460168355701020919e+05 4.127749765892146388e+05 1.616902977476291708e+05 3.858322181495175464e+05 -5.347867908130741853e+04
1.546431340743896144e+05 -8.647917340483762382e+04 -7.458396562921192963e+05 5.677980185602502897e+05 1.027727122563991463e+06 1.567860370185911015e+05 1.639694310281598009e+05 5.358344542596500105e+04 -2.008446490797744264e+04 2.325252943404477090e+06 1.372342742359857039e+04 -1.223896927223194623e+06 1.724350754195437476e+05 4.183462394805471995e+05 1.071943010023816896e+05 4.454610717205927358e+05 6.168426561133289943e+05 1.954934351478987664e+05
8.564460926774613326e+05 -7.444495405936250463e+05 -1.678065131713912997e+05 3.001671051334900549e+05 1.567860370185911015e+05 5.087921882224400179e+05 3.687429037854621856e+04 -8.518277165919422259e+03 -1.867951746921749727e+05 -1.898041603119556326e+06 -1.570741454112059437e+06 -1.692757509344308637e+06 8.931469343281330075e+05 -3.810683143957846187e+04 5.364054009101591073e+05 4.542701374340933398e+05 6.857385550382960355e+04 -8.401923067194927717e+04
-1.914299644124376646e+05 -2.150440358194039436e+05 8.279898868532382767e+04 3.183590627470997861e+05 1.639694310281598009e+05 3.687429037854621856e+04 3.415750050663855509e+05 1.218615237162063022e+04 1.813854220387971873e+04 1.111143232017332688e+06 2.297303080173127353e+06 1.013306237448115717e+05 2.591648125004454050e+05 2.376198834154616634e+03 9.686325451346939371e+04 1.217411852490801539e+05 1.711403784870423842e+05 1.851499015485682758e+05
-1.681397949867843417e+05 4.029273258626537427e+04 6.613635863749700366e+04 8.254329704872149159e+04 5.358344542596500105e+04 -8.518277165919422259e+03 1.218615237162063022e+04 1.010148035720715270e+05 2.964518251676524960e+04 -1.780737652055952465e+06 -7.596417409969540313e+05 2.230174471396773297e+05 4.249417236329405569e+03 6.026695168482775625e+04 5.706927620308279438e+04 -6.518041453260047274e+04 9.700969581010426919e+04 1.616028645086297274e+03
-6.253692879732861184e+05 4.383551286019790568e+05 1.384810446433257312e+05 -9.930613964886205213e+04 -2.008446490797744264e+04 -1.867951746921749727e+05 1.813854220387971873e+04 2.964518251676524960e+04 1.263332260530647472e+05 -1.475810139713509416e+05 9.813150537410392426e+05 6.935553061283532297e+05 -1.465049744606925233e+05 -6.308224466655485230e+03 -2.130695866678447637e+05 -1.344530949773792236e+05 1.700378161869391988e+04 9.109360153730805905e+04
2.136842835145271197e+07 1.286729992128674500e+07 -1.212638788843589136e+05 -2.472988543593121693e+06 2.325252943404477090e+06 -1.898041603119556326e+06 1.111143232017332688e+06 -1.780737652055952465e+06 -1.475810139713509416e+05 3.922752154784975648e+08 8.568060199774883687e+06 -1.082398226737752120e+05 8.378767010051510297e+06 4.146296234637381975e+06 -7.236358715616281843e+05 5.286699935720944777e+06 -5.289128776922802208e+05 -6.957588902325504459e+06
-8.151328418804430403e+06 1.075110229637167789e+07 1.897766595291807316e+06 -6.802599875438022718e+04 1.372342742359857039e+04 -1.570741454112059437e+06 2.297303080173127353e+06 -7.596417409969540313e+05 9.813150537410392426e+05 8.568060199774883687e+06 8.749308672991746664e+07 1.644846052339060698e+06 -1.227328726182146184e+07 4.633307241603599978e+05 2.992414568603648804e+06 4.706807344669468701e+06 2.344294840932269581e+06 3.163122894389445428e+06
3.524794080672943033e+06 1.325899783186882036e+06 6.520443541822317056e+06 -9.908355511424162250e+04 -1.223896927223194623e+06 -1.692757509344308637e+06 1.013306237448115717e+05 2.230174471396773297e+05 6.935553061283532297e+05 -1.082398226737752120e+05 1.644846052339060698e+06 3.066615936918069795e+07 -7.227349341261523077e+05 -1.742062501912059262e+06 -1.906671068585602101e+06 -4.901984354278637096e+06 -1.348197542775405105e+06 2.956115845472068177e+05
9.189789946537416428e+06 -1.093649813844400458e+06 2.344935714661112521e+06 1.424302264994480414e+06 1.724350754195437476e+05 8.931469343281330075e+05 2.591648125004454050e+05 4.249417236329405569e+03 -1.465049744606925233e+05 8.378767010051510297e+06 -1.227328726182146184e+07 -7.227349341261523077e+05 1.315361847801209241e+07 5.792099703218011418e+05 1.087662232388859848e+06 -5.592676237327756826e+05 3.485882052810858586e+05 -6.772347204726785421e+05
3.104013351833009161e+06 1.684980340824342566e+06 3.329528928268502932e+05 6.460168355701020919e+05 4.183462394805471995e+05 -3.810683143957846187e+04 2.376198834154616634e+03 6.026695168482775625e+04 -6.308224466655485230e+03 4.146296234637381975e+06 4.633307241603599978e+05 -1.742062501912059262e+06 5.792099703218011418e+05 2.186145395045294426e+06 3.931115133792749839e+05 1.514764722692103533e+05 4.222822846950168023e+05 -2.397205084660624852e+05
2.983015260760590434e+06 3.812688969481899985e+05 1.408538866108937364e+05 4.127749765892146388e+05 1.071943010023816896e+05 5.364054009101591073e+05 9.686325451346939371e+04 5.706927620308279438e+04 -2.130695866678447637e+05 -7.236358715616281843e+05 2.992414568603648804e+06 -1.906671068585602101e+06 1.087662232388859848e+06 3.931115133792749839e+05 3.476162619399867952e+06 1.721547619888454676e+06 4.598914235119480290e+05 -1.310035104933711118e+05
-1.233964880944320234e+06 -2.257742630916074559e+05 -9.200828007627659244e+05 1.616902977476291708e+05 4.454610717205927358e+05 4.542701374340933398e+05 1.217411852490801539e+05 -6.518041453260047274e+04 -1.344530949773792236e+05 5.286699935720944777e+06 4.706807344669468701e+06 -4.901984354278637096e+06 -5.592676237327756826e+05 1.514764722692103533e+05 1.721547619888454676e+06 2.644739621275516693e+06 7.216603380392778199e+05 3.470859294721855549e+05
-3.633010992018251563e+05 4.269747720464691520e+04 -4.370050476589804020e+04 3.858322181495175464e+05 6.168426561133289943e+05 6.857385550382960355e+04 1.711403784870423842e+05 9.700969581010426919e+04 1.700378161869391988e+04 -5.289128776922802208e+05 2.344294840932269581e+06 -1.348197542775405105e+06 3.485882052810858586e+05 4.222822846950168023e+05 4.598914235119480290e+05 7.216603380392778199e+05 1.237355166369421408e+06 4.186504077603362384e+05
-2.075735848731341772e+06 -6.085390801236896077e+05 -3.077498228681334876e+05 -5.347867908130741853e+04 1.954934351478987664e+05 -8.401923067194927717e+04 1.851499015485682758e+05 1.616028645086297274e+03 9.109360153730805905e+04 -6.957588902325504459e+06 3.163122894389445428e+06 2.956115845472068177e+05 -6.772347204726785421e+05 -2.397205084660624852e+05 -1.310035104933711118e+05 3.470859294721855549e+05 4.186504077603362384e+05 9.555329290701466380e+05
