4.173718973911854625e+07 -5.001195737315664999e+06 6.237966365274674259e+06 6.754583794936643913e+06 2.963845251951585989e+06 1.215328471950877924e+06 -2.466319505482288951e+05 5.693663469101473456e+05 3.581499772145975148e+05 -1.749378471796946367e+06 -6.537610604105654173e+06 -6.697567556016180664e+06 2.602705274734688457e+06 3.870983169738187455e+06 1.910045811806949205e+05 -1.223245192859863862e+06 -7.596096641643051989e+05 5.508628478481278289e+05
-5.001195737315664999e+06 2.491886134237263352e+07 5.165410248229529709e+06 -4.969837435611093533e+05 -2.598064926527966454e+05 7.794491261939239921e+05 8.368029910146404291e+05 -5.159820780794053571e+05 2.006168396836335014e+05 -6.927200497786998749e+06 2.405055192316311970e+07 6.801875292603222653e+06 -3.325975637471173890e+06 -5.291367923979502171e+06 1.910237357390311314e+06 4.598236322632204974e+04 -4.711106157355935429e+05 -2.113421520836471173e+05
6.237966365274674259e+06 5.165410248229529709e+06 6.874320487890060991e+06 1.553192120133645367e+06 9.838381868513514055e+05 1.189443202025600709e+06 4.379570371421520395e+04 -4.132979728152601456e+04 9.449922522565025429e+04 -5.091778458807609044e+06 -2.219279329979951028e+06 -1.106538243762158090e+06 -1.881502538550883182e+05 -1.783807952392506879e+06 3.450066455906006158e+05 -1.745884313726604742e+05 -2.877180068932287977e+05 -1.112797034266376169e+06
6.754583794936643913e+06 -4.969837435611093533e+05 1.553192120133645367e+06 3.663843936789221596e+06 8.606549778088021558e+05 2.036725440153678064e+05 1.101988268648398953e+05 2.939899561101823929e+05 1.558266887393967190e+05 4.735404438911763020e+06 1.283690398821730167e+06 -4.069934414165948983e+06 2.435020012888216879e+06 1.218917653042374877e+06 4.408672578174240771e+05 -4.177600328220187803e+05 5.103818338690547389e+05 1.199662935270115267e+05
2.963845251951585989e+06 -2.598064926527966454e+05 9.838381868513514055e+05 8.606549778088021558e+05 1.438408024893291527e+06 3.047445715414062724e+05 1.730680927807293774e+05 3.395168087207088683e+04 2.192288526474141399e+05 1.782475345154459123e+06 -4.237258733297389932e+06 -5.843076474733345676e+05 9.858296021850340767e+05 3.105892128916346119e+05 5.367718183586336090e+04 2.433376870512877649e+05 5.032610814440216200e+04 1.316471091362538282e+05
1.215328471950877924e+06 7.794491261939239921e+05 1.189443202025600709e+06 2.036725440153678064e+05 3.047445715414062724e+05 5.860650603008596227e+05 2.168784112360742583e+05 1.252151967636742775e+05 6.601547729202314804e+04 2.367989956420515664e+06 -7.426768908759885235e+05 -9.507645487688136054e+05 -8.654940299653437687e+05 -8.156877391746854119e+04 2.814285228820289485e+05 6.808853486091118248e+04 -6.340876941147026082e+04 -2.957494530578560662e+05
-2.466319505482288951e+05 8.368029910146404291e+05 4.379570371421520395e+04 1.101988268648398953e+05 1.730680927807293774e+05 2.168784112360742583e+05 3.437645167765347287e+05 1.381272048237666604e+05 1.111001640194857027e+05 3.593728030798889231e+06 1.347448977216425585e+06 2.513094651274108910e+05 -2.800583129195080837e+05 -1.428230484374908847e+05 3.143072100268107606e+05 5.984312477987609600e+04 2.179237642945934203e+05 3.931631810218008468e+04
5.693663469101473456e+05 -5.159820780794053571e+05 -4.132979728152601456e+04 2.939899561101823929e+05 3.395168087207088683e+04 1.252151967636742775e+05 1.381272048237666604e+05 1.864567765171194915e+05 3.083800045388467333e+04 2.649078866571695544e+06 2.423229350826201553e+05 -7.948761803617184050e+05 3.669245024148000812e+04 2.972707000549607328e+05 1.463886831171631347e+05 2.542686021668919420e+04 1.799977562099009810e+05 3.850824885221158911e+04
3.581499772145975148e+05 2.006168396836335014e+05 9.449922522565025429e+04 1.558266887393967190e+05 2.192288526474141399e+05 6.601547729202314804e+04 1.111001640194857027e+05 3.083800045388467333e+04 1.112241584381855064e+05 1.104862387939110486e+05 -3.495475721629554755e+05 -2.907735699927785899e+05 5.711663509778530715e+04 -5.483743655193222367e+04 -3.802173744434898254e+03 1.288518133428917645e+05 1.410488425835819908e+04 1.316141402384460089e+05
-1.749378471796946367e+06 -6.927200497786998749e+06 -5.091778458807609044e+06 4.735404438911763020e+06 1.782475345154459123e+06 2.367989956420515664e+06 3.593728030798889231e+06 2.649078866571695544e+06 1.104862387939110486e+05 2.746728426329630613e+08 5.932679739490617812e+07 -2.342965077533660084e+07 -2.183789373673573509e+07 4.376589029999537393e+06 2.296352613910195883e+06 5.077355378222516738e+06 6.078525098275268450e+06 -1.089996450969607802e+06
-6.537610604105654173e+06 2.405055192316311970e+07 -2.219279329979951028e+06 1.283690398821730167e+06 -4.237258733297389932e+06 -7.426768908759885235e+05 1.347448977216425585e+06 2.423229350826201553e+05 -3.495475721629554755e+05 5.932679739490617812e+07 9.706480275650119781e+07 1.560252539252478862e+06 -1.009707437789182365e+07 -5.802223097388202325e+06 3.782544051329300273e+06 -1.527703456523365807e+06 1.160175303979798220e+06 -1.808933694734541641e+05
-6.697567556016180664e+06 6.801875292603222653e+06 -1.106538243762158090e+06 -4.069934414165948983e+06 -5.843076474733345676e+05 -9.507645487688136054e+05 2.513094651274108910e+05 -7.948761803617184050e+05 -2.907735699927785899e+05 -2.342965077533660084e+07 1.560252539252478862e+06 2.862754550587896630e+07 4.492856573671516031e+06 -2.402470705358736683e+06 7.736406801205534430e+04 -1.521534592476567021e+06 1.746438454595239600e+05 3.207799608120511402e+05
2.602705274734688457e+06 -3.325975637471173890e+06 -1.881502538550883182e+05 2.435020012888216879e+06 9.858296021850340767e+05 -8.654940299653437687e+05 -2.800583129195080837e+05 3.669245024148000812e+04 5.711663509778530715e+04 -2.183789373673573509e+07 -1.009707437789182365e+07 4.492856573671516031e+06 1.272011710673590004e+07 2.256906328349239193e+06 -1.058109135615925770e+06 -1.266761425890035462e+06 4.431374911549424287e+05 7.547798850014838390e+05
3.870983169738187455e+06 -5.291367923979502171e+06 -1.783807952392506879e+06 1.218917653042374877e+06 3.105892128916346119e+05 -8.156877391746854119e+04 -1.428230484374908847e+05 2.972707000549607328e+05 -5.483743655193222367e+04 4.376589029999537393e+06 -5.802223097388202325e+06 -2.402470705358736683e+06 2.256906328349239193e+06 4.450640127829115838e+06 -1.429475024886047177e+05 -3.649941887209654087e+05 1.668156187383157085e+05 3.762406509577253601e+05
1.910045811806949205e+05 1.910237357390311314e+06 3.450066455906006158e+05 4.408672578174240771e+05 5.367718183586336090e+04 2.814285228820289485e+05 3.143072100268107606e+05 1.463886831171631347e+05 -3.802173744434898254e+03 2.296352613910195883e+06 3.782544051329300273e+06 7.736406801205534430e+04 -1.058109135615925770e+06 -1.429475024886047177e+05 2.060633299489776371e+06 4.164470208316979115e+05 3.686204530327130342e+05 -1.337274982915021828e+05
-1.223245192859863862e+06 4.598236322632204974e+04 -1.745884313726604742e+05 -4.177600328220187803e+05 2.433376870512877649e+05 6.808853486091118248e+04 5.984312477987609600e+04 2.542686021668919420e+04 1.288518133428917645e+05 5.077355378222516738e+06 -1.527703456523365807e+06 -1.521534592476567021e+06 -1.266761425890035462e+06 -3.649941887209654087e+05 4.164470208316979115e+05 1.310284828024567338e+06 -6.391176782217658183e+04 2.281751008143914514e+05
-7.596096641643051989e+05 -4.711106157355935429e+05 -2.877180068932287977e+05 5.103818338690547389e+05 5.032610814440216200e+04 -6.340876941147026082e+04 2.179237642945934203e+05 1.799977562099009810e+05 1.410488425835819908e+04 6.078525098275268450e+06 1.160175303979798220e+06 1.746438454595239600e+05 4.431374911549424287e+05 1.668156187383157085e+05 3.686204530327130342e+05 -6.391176782217658183e+04 9.409636754099151585e+05 1.215251830796155409e+05
5.508628478481278289e+05 -2.113421520836471173e+05 -1.112797034266376169e+06 1.199662935270115267e+05 1.316471091362538282e+05 -2.957494530578560662e+05 3.931631810218008468e+04 3.850824885221158911e+04 1.316141402384460089e+05 -1.089996450969607802e+06 -1.808933694734541641e+05 3.207799608120511402e+05 7.547798850014838390e+05 3.762406509577253601e+05 -1.337274982915021828e+05 2.281751008143914514e+05 1.215251830796155409e+05 7.931333295094300993e+05
