4.798011538507699966e+07 5.020292945293616503e+06 -8.159472149697227869e+05 -1.175817138683322351e+06 3.096108574163607409e+04 -1.912775687699864153e+06 -1.086234554429763812e+05 5.811078411291425582e+05 -6.043663248248836026e+05 2.995731419626845792e+07 1.904206936431500688e+07 -1.163011108689908683e+07 -6.890030977469242178e+06 -2.424990184039511252e+06 -1.580223852124383207e+06 -1.170779775763992220e+06 1.199139017529213103e+06 -9.475456353263608180e+05
5.020292945293616503e+06 2.574387411717442423e+07 4.203646497023409232e+06 -1.320404868729628623e+06 1.202416612815608270e+06 -1.751281497646541684e+05 3.187033322594792699e+05 3.965331095672990778e+05 5.334218424737347523e+05 -1.258400533692837693e+07 7.480493797892196104e+06 -6.535121052671629004e+06 -7.354643198915018700e+06 -3.931962301286131842e+05 8.391954255509319482e+05 9.646969633779546712e+05 6.484886754404761596e+05 -2.645732100955743226e+05
-8.159472149697227869e+05 4.203646497023409232e+06 4.640132812224000692e+06 -3.227871711987712188e+05 -2.458992675033315609e+05 8.541618538019288098e+04 -1.924098922648769076e+04 3.915188684075007914e+05 3.606908618396917591e+05 -4.106964125212275423e+06 1.057328931422849419e+06 -1.559606028201738140e+06 -1.023832997102889698e+06 -1.620398860838416731e+05 9.646494896785070887e+05 -2.320964401763169371e+04 4.109068308884603903e+05 9.319988570432069537e+04
-1.175817138683322351e+06 -1.320404868729628623e+06 -3.227871711987712188e+05 1.285768059886725154e+06 -1.196561331490921293e+05 1.899229302307426697e+05 2.117700961357879860e+05 2.811974076497444912e+04 8.355241328108565358e+04 -2.511269590902985074e+06 1.290265660391354177e+05 1.300776554607314290e+06 1.858032951823349576e+06 2.421158641977918742e+05 8.411231813017858076e+04 2.426872358142490557e+05 4.810836385951060802e+05 3.602928901250595809e+05
3.096108574163607409e+04 1.202416612815608270e+06 -2.458992675033315609e+05 -1.196561331490921293e+05 8.672162249691151083e+05 3.053309945870988304e+05 3.908634390010403877e+04 -9.257771099978576240e+04 3.151123429462207787e+04 4.076452952162645757e+06 2.719584684003176633e+06 -2.214385018844729057e+05 -3.672816393220520695e+05 7.339192943928042660e+05 -7.955981319408104173e+04 1.032536273829186830e+05 -2.563629652790944674e+05 -8.887481518602119468e+04
-1.912775687699864153e+06 -1.751281497646541684e+05 8.541618538019288098e+04 1.899229302307426697e+05 3.053309945870988304e+05 6.910942251466852613e+05 1.523098797649716435e+05 -7.595882626926124794e+04 6.557388585794338724e+04 4.853605993932897109e+05 1.065786206611681031e+06 1.138709628199776867e+06 7.292317699440001743e+05 4.609222505683341878e+05 5.513624108643304789e+05 3.330978877686902997e+05 -5.198898551411122753e+04 2.362066923082754656e+05
-1.086234554429763812e+05 3.187033322594792699e+05 -1.924098922648769076e+04 2.117700961357879860e+05 3.908634390010403877e+04 1.523098797649716435e+05 4.613478525180376600e+05 2.051298894486312201e+04 6.433362151371408254e+04 -3.765979558747174684e+06 -4.919345030876250821e+05 9.994990753552744864e+05 -6.901063951258548768e+05 2.112499199303792011e+03 -2.137608373560962791e+05 2.285242330861235969e+05 6.825657887201999256e+04 -3.180825452428299832e+04
5.811078411291425582e+05 3.965331095672990778e+05 3.915188684075007914e+05 2.811974076497444912e+04 -9.257771099978576240e+04 -7.595882626926124794e+04 2.051298894486312201e+04 1.306698306044932542e+05 5.958752006294387684e+03 -1.327921421616453677e+06 1.013175565316371940e+05 -3.225243879336238388e+04 -4.440911450276250835e+05 -2.893692107762932428e+05 -1.395128701372693758e+05 -1.046252184065873153e+05 1.074439044732547336e+05 -2.291069761959815150e+04
-6.043663248248836026e+05 5.334218424737347523e+05 3.606908618396917591e+05 8.355241328108565358e+04 3.151123429462207787e+04 6.557388585794338724e+04 6.433362151371408254e+04 5.958752006294387684e+03 1.939056332527459017e+05 1.326118246519818436e+06 -6.313961342765898007e+04 -1.292320950592090521e+05 -8.956653361038335424e+04 6.760087068270308373e+04 -7.387628383850550745e+04 5.969608874184670276e+04 7.215447852348414017e+04 6.013882686479238328e+04
2.995731419626845792e+07 -1.258400533692837693e+07 -4.106964125212275423e+06 -2.511269590902985074e+06 4.076452952162645757e+06 4.853605993932897109e+05 -3.765979558747174684e+06 -1.327921421616453677e+06 1.326118246519818436e+06 2.385856203013336360e+08 1.466661570902424678e+07 -3.223331632601422071e+07 8.978246377449687570e+06 1.091709232037883811e+07 8.142028619295307435e+06 -1.505713671166199259e+06 -3.705023862087111454e+06 1.441477981418928597e+06
1.904206936431500688e+07 7.480493797892196104e+06 1.057328931422849419e+06 1.290265660391354177e+05 2.719584684003176633e+06 1.065786206611681031e+06 -4.919345030876250821e+05 1.013175565316371940e+05 -6.313961342765898007e+04 1.466661570902424678e+07 5.755982455503125489e+07 3.739371897911262698e+06 -9.192843077198052779e+06 2.055174705702013336e+06 2.051069553644210391e+05 -1.536129019031503412e+05 4.406271765580570791e+05 -1.133231569637940964e+06
-1.163011108689908683e+07 -6.535121052671629004e+06 -1.559606028201738140e+06 1.300776554607314290e+06 -2.214385018844729057e+05 1.138709628199776867e+06 9.994990753552744864e+05 -3.225243879336238388e+04 -1.292320950592090521e+05 -3.223331632601422071e+07 3.739371897911262698e+06 2.151952910354793444e+07 -5.451222395475103520e+06 -2.132892837634040043e+06 -2.243760687696574721e+06 1.884917460384665290e+06 -1.358104806726106675e+06 -4.917057235792501015e+05
-6.890030977469242178e+06 -7.354643198915018700e+06 -1.023832997102889698e+06 1.858032951823349576e+06 -3.672816393220520695e+05 7.292317699440001743e+05 -6.901063951258548768e+05 -4.440911450276250835e+05 -8.956653361038335424e+04 8.978246377449687570e+06 -9.192843077198052779e+06 -5.451222395475103520e+06 1.430500778259246238e+07 2.988424164372230880e+06 2.181142735680451617e+06 -4.089562327853328316e+05 1.191150905762883369e+06 1.649134628813396674e+06
-2.424990184039511252e+06 -3.931962301286131842e+05 -1.620398860838416731e+05 2.421158641977918742e+05 7.339192943928042660e+05 4.609222505683341878e+05 2.112499199303792011e+03 -2.893692107762932428e+05 6.760087068270308373e+04 1.091709232037883811e+07 2.055174705702013336e+06 -2.132892837634040043e+06 2.988424164372230880e+06 4.344821119261704385e+06 1.111123371887706919e+06 -1.829949746735095396e+05 2.676725333378574578e+05 2.095421112136049851e+04
-1.580223852124383207e+06 8.391954255509319482e+05 9.646494896785070887e+05 8.411231813017858076e+04 -7.955981319408104173e+04 5.513624108643304789e+05 -2.137608373560962791e+05 -1.395128701372693758e+05 -7.387628383850550745e+04 8.142028619295307435e+06 2.051069553644210391e+05 -2.243760687696574721e+06 2.181142735680451617e+06 1.111123371887706919e+06 3.188155501177784521e+06 9.834968322039408376e+05 -1.112599931199491257e+05 3.953148548273558263e+05
-1.170779775763992220e+06 9.646969633779546712e+05 -2.320964401763169371e+04 2.426872358142490557e+05 1.032536273829186830e+05 3.330978877686902997e+05 2.285242330861235969e+05 -1.046252184065873153e+05 5.969608874184670276e+04 -1.505713671166199259e+06 -1.536129019031503412e+05 1.884917460384665290e+06 -4.089562327853328316e+05 -1.829949746735095396e+05 9.834968322039408376e+05 1.836713469920350006e+06 -2.485327408748496673e+05 4.609800709747023939e+04
1.199139017529213103e+06 6.484886754404761596e+05 4.109068308884603903e+05 4.810836385951060802e+05 -2.563629652790944674e+05 -5.198898551411122753e+04 6.825657887201999256e+04 1.074439044732547336e+05 7.215447852348414017e+04 -3.705023862087111454e+06 4.406271765580570791e+05 -1.358104806726106675e+06 1.191150905762883369e+06 2.676725333378574578e+05 -1.112599931199491257e+05 -2.485327408748496673e+05 8.416101334845254896e+05 1.597140624048900499e+05
-9.475456353263608180e+05 -2.645732100955743226e+05 9.319988570432069537e+04 3.602928901250595809e+05 -8.887481518602119468e+04 2.362066923082754656e+05 -3.180825452428299832e+04 -2.291069761959815150e+04 6.013882686479238328e+04 1.441477981418928597e+06 -1.133231569637940964e+06 -4.917057235792501015e+05 1.649134628813396674e+06 2.095421112136049851e+04 3.953148548273558263e+05 4.609800709747023939e+04 1.597140624048900499e+05 7.912663810746847885e+05
