6.652252314603427052e+07 1.458362828675924055e+07 2.019227201977817575e+06 -1.396246105826032348e+06 2.154809607356071938e+06 3.932331224552954081e+05 1.128232258996674500e+04 1.014067417239536153e+05 1.947135270057166781e+04 6.006073182700748742e+07 3.591276883858355135e+07 -8.794611304915186483e+05 -5.751573063868287019e+06 -6.051821009291070513e+06 -1.978081784685381921e+06 8.640135778713545005e+04 -3.071921953168245382e+05 5.025086011167473043e+05
1.458362828675924055e+07 1.147404629519430920e+07 -2.167885852225947892e+05 -1.649360876393899671e+05 4.426647750767184189e+05 -3.024599521623983674e+04 2.456601883535876696e+05 6.897061844761045359e+04 2.503583189958202711e+05 1.032898057666203938e+07 1.391130232062940486e+07 -7.840975253909289837e+06 -6.726522769341433421e+06 -2.849848943154813256e+06 -1.329000741663056891e+06 1.540807998907025903e+05 -4.268300816091208253e+05 -8.284868193973146845e+05
2.019227201977817575e+06 -2.167885852225947892e+05 4.175176628072501626e+06 1.197270178217839217e+06 5.364108687921121018e+05 2.249268185052462795e+05 1.921401291543594853e+05 1.132480367133692744e+04 -2.006077561836862296e+05 1.766214284051062539e+06 -1.883747592484609224e+06 5.877155210508996621e+06 -1.604282974035810912e+05 -7.062350749680283479e+05 2.386049133638352505e+05 -3.258329151412050123e+05 2.684297567304497352e+05 -1.123176183337999277e+02
-1.396246105826032348e+06 -1.649360876393899671e+05 1.197270178217839217e+06 3.185143499944246840e+06 4.873800959443599277e+04 6.213621919455545722e+05 -7.833934347988410082e+03 -1.513008262187293149e+05 -4.305402812406594603e+04 -1.999210252958508907e+06 -2.567730700772881974e+06 5.776687285418880638e+05 1.773242944573991001e+06 5.818494240648862906e+05 1.098229495246645529e+06 4.874661508039196488e+05 5.345626960807164432e+05 -4.329095740636247501e+04
2.154809607356071938e+06 4.426647750767184189e+05 5.364108687921121018e+05 4.873800959443599277e+04 1.084309776939043077e+06 -5.270357754647570982e+04 9.614572887493677626e+02 1.974884191739698290e+05 -3.626814290440615150e+04 4.364288739983694977e+05 1.922585036974810297e+06 1.223702457416900899e+06 -1.675536562865534564e+06 5.487042956204807851e+05 -2.294443673245074751e+05 5.223611946394582046e+05 -5.051146749599163741e+04 -1.700927283205843705e+05
3.932331224552954081e+05 -3.024599521623983674e+04 2.249268185052462795e+05 6.213621919455545722e+05 -5.270357754647570982e+04 6.001135631186558167e+05 1.091377874927031517e+05 -1.955234972875812673e+04 4.884883132651162668e+03 -9.251886643877027091e+05 -9.119615197514843894e+05 7.823536840163734742e+05 7.314931955982852960e+05 3.916078008804348647e+05 3.999708088009204366e+05 3.416494535855030990e+05 9.802980689587563393e+04 1.219033697041320920e+03
1.128232258996674500e+04 2.456601883535876696e+05 1.921401291543594853e+05 -7.833934347988410082e+03 9.614572887493677626e+02 1.091377874927031517e+05 3.188044877430020133e+05 7.482618554420530563e+04 -7.297288757441177950e+03 -1.745064618466842454e+06 -7.160545301380597521e+05 -1.313107361034009664e+05 1.314901488381565141e+05 -4.932120163612947181e+03 6.377683169383068889e+04 2.038436643032170250e+05 3.092944581341643061e+04 3.640497946350594430e+04
1.014067417239536153e+05 6.897061844761045359e+04 1.132480367133692744e+04 -1.513008262187293149e+05 1.974884191739698290e+05 -1.955234972875812673e+04 7.482618554420530563e+04 2.293231972785396792e+05 1.158612928181244388e+04 -1.147979867294715717e+06 6.525500428147766506e+05 5.400917812896978576e+05 -1.507934582130668568e+05 5.184454781817746698e+05 1.399429953876255895e+05 2.434078148608380579e+05 8.904706920609564986e+04 1.099692685625913145e+05
1.947135270057166781e+04 2.503583189958202711e+05 -2.006077561836862296e+05 -4.305402812406594603e+04 -3.626814290440615150e+04 4.884883132651162668e+03 -7.297288757441177950e+03 1.158612928181244388e+04 8.292793367209006101e+04 -4.481356284411015076e+04 4.373920845914831734e+05 -5.085355658423747518e+05 2.955277246579399216e+05 2.861756287142774672e+05 1.649709471475443279e+05 2.405804703458436124e+05 1.063429706140679264e+04 -2.759830362630058880e+04
6.006073182700748742e+07 1.032898057666203938e+07 1.766214284051062539e+06 -1.999210252958508907e+06 4.364288739983694977e+05 -9.251886643877027091e+05 -1.745064618466842454e+06 -1.147979867294715717e+06 -4.481356284411015076e+04 2.530300645182379484e+08 2.686672779463342950e+07 3.266909735942909960e+06 4.889656619826672599e+06 -9.152499827527673915e+05 8.605935043297156692e+06 -2.552140246956997085e+06 9.099561688052136451e+05 -2.904142651321130688e+05
3.591276883858355135e+07 1.391130232062940486e+07 -1.883747592484609224e+06 -2.567730700772881974e+06 1.922585036974810297e+06 -9.119615197514843894e+05 -7.160545301380597521e+05 6.525500428147766506e+05 4.373920845914831734e+05 2.686672779463342950e+07 8.346832627154156566e+07 7.379594814005298540e+06 -6.444735556857196614e+06 -2.948423977065646555e+06 -2.017465663182579679e+06 -1.220685298055673949e+06 8.754940543941587675e+05 3.538564928485029959e+05
-8.794611304915186483e+05 -7.840975253909289837e+06 5.877155210508996621e+06 5.776687285418880638e+05 1.223702457416900899e+06 7.823536840163734742e+05 -1.313107361034009664e+05 5.400917812896978576e+05 -5.085355658423747518e+05 3.266909735942909960e+06 7.379594814005298540e+06 3.673716566171191633e+07 4.722930820890285075e+06 -1.000247195996111841e+06 -7.798409974112072960e+05 -2.158835535488665104e+06 7.677680201503410935e+05 1.511257951703812461e+06
-5.751573063868287019e+06 -6.726522769341433421e+06 -1.604282974035810912e+05 1.773242944573991001e+06 -1.675536562865534564e+06 7.314931955982852960e+05 1.314901488381565141e+05 -1.507934582130668568e+05 2.955277246579399216e+05 4.889656619826672599e+06 -6.444735556857196614e+06 4.722930820890285075e+06 1.359743493915544823e+07 3.205174130387448240e+06 3.959827751741570421e+06 1.757340878024392994e+06 9.656032753629762447e+05 9.104284502704666229e+05
-6.051821009291070513e+06 -2.849848943154813256e+06 -7.062350749680283479e+05 5.818494240648862906e+05 5.487042956204807851e+05 3.916078008804348647e+05 -4.932120163612947181e+03 5.184454781817746698e+05 2.861756287142774672e+05 -9.152499827527673915e+05 -2.948423977065646555e+06 -1.000247195996111841e+06 3.205174130387448240e+06 7.716060193681527860e+06 3.167517835738284979e+06 2.317877252390199807e+06 7.633227513946321560e+05 1.073207678678645461e+05
-1.978081784685381921e+06 -1.329000741663056891e+06 2.386049133638352505e+05 1.098229495246645529e+06 -2.294443673245074751e+05 3.999708088009204366e+05 6.377683169383068889e+04 1.399429953876255895e+05 1.649709471475443279e+05 8.605935043297156692e+06 -2.017465663182579679e+06 -7.798409974112072960e+05 3.959827751741570421e+06 3.167517835738284979e+06 4.237425055108617991e+06 1.268171978261154843e+06 6.263986074925345602e+05 -2.433040309966968925e+04
8.640135778713545005e+04 1.540807998907025903e+05 -3.258329151412050123e+05 4.874661508039196488e+05 5.223611946394582046e+05 3.416494535855030990e+05 2.038436643032170250e+05 2.434078148608380579e+05 2.405804703458436124e+05 -2.552140246956997085e+06 -1.220685298055673949e+06 -2.158835535488665104e+06 1.757340878024392994e+06 2.317877252390199807e+06 1.268171978261154843e+06 2.700064407232079189e+06 2.507053414119951194e+05 -4.540773602979006682e+04
-3.071921953168245382e+05 -4.268300816091208253e+05 2.684297567304497352e+05 5.345626960807164432e+05 -5.051146749599163741e+04 9.802980689587563393e+04 3.092944581341643061e+04 8.904706920609564986e+04 1.063429706140679264e+04 9.099561688052136451e+05 8.754940543941587675e+05 7.677680201503410935e+05 9.656032753629762447e+05 7.633227513946321560e+05 6.263986074925345602e+05 2.507053414119951194e+05 9.489880322383366292e+05 4.575417910496708937e+05
5.025086011167473043e+05 -8.284868193973146845e+05 -1.123176183337999277e+02 -4.329095740636247501e+04 -1.700927283205843705e+05 1.219033697041320920e+03 3.640497946350594430e+04 1.099692685625913145e+05 -2.759830362630058880e+04 -2.904142651321130688e+05 3.538564928485029959e+05 1.511257951703812461e+06 9.104284502704666229e+05 1.073207678678645461e+05 -2.433040309966968925e+04 -4.540773602979006682e+04 4.575417910496708937e+05 6.319457735383772524e+05
