6.071735462174155563e+07 8.855107354032924399e+06 -2.682350540576747153e+06 1.563045445645464119e+06 3.369795468030992779e+05 -1.494402582272557076e+06 1.203750004101714439e+05 -7.106568961961633759e+05 4.304649049688761443e+04 1.072481582537805103e+07 -2.140336584415090457e+07 -9.872044962770022452e+06 -1.380008951320754131e+06 1.258960592197822174e+06 -3.878738320938776713e+06 -3.347052742826643866e+06 4.819252675838203286e+05 -2.593460730169572402e+06
8.855107354032924399e+06 1.698082642789881304e+07 2.398619564181806985e+06 8.649913487791930092e+05 -2.672268087149427738e+05 -8.727885020267873770e+05 4.009085465905106394e+05 -2.341187313426377950e+05 3.525812837360540289e+05 2.147160415521215647e+07 1.272289133050358621e+06 -1.068479531041898765e+06 2.351019744631583802e+06 -6.579000179989814060e+05 -2.671725921190808876e+05 -4.149968300438642036e+05 -1.780241470534167602e+05 -7.274416003310827073e+05
-2.682350540576747153e+06 2.398619564181806985e+06 3.892065380926801823e+06 3.631763809118858189e+05 9.621184504785545869e+04 3.147750233261092799e+05 -1.446012232906399295e+05 -3.244366370245625731e+05 -1.737609978265749305e+04 2.245597403915145900e+06 8.692461561086727306e+06 4.901003331377643161e+06 1.662657080034597311e+06 -4.935544920103930635e+05 1.315482956138151232e+06 -4.935573665104392567e+05 -6.514773876874115085e+05 1.984492198671571678e+05
1.563045445645464119e+06 8.649913487791930092e+05 3.631763809118858189e+05 2.341977950349400286e+06 5.642360638969695428e+05 -2.816000758843186777e+05 9.544309764161883504e+04 1.982075215080817725e+04 1.056854985715158691e+05 1.020676665028538182e+07 7.746938885083891219e+05 2.695529194556674454e+06 1.021216018877466675e+06 5.155545394767109537e+05 -4.859927046676895116e+05 2.596762662909879582e+05 -9.807913747618606430e+04 4.173451454897245276e+05
3.369795468030992779e+05 -2.672268087149427738e+05 9.621184504785545869e+04 5.642360638969695428e+05 5.386691936077957507e+05 1.453056313708645939e+04 1.527443770895078196e+05 5.174035900850077451e+04 4.276701251675683307e+04 1.545216182152406080e+06 9.391935590446309652e+05 1.583309552499294514e+06 2.415790153311773611e+05 2.780189218361899839e+05 -5.551763187579780788e+04 2.428598222608765063e+05 4.565592099059087195e+04 1.672532562164140400e+05
-1.494402582272557076e+06 -8.727885020267873770e+05 3.147750233261092799e+05 -2.816000758843186777e+05 1.453056313708645939e+04 6.809408127497941023e+05 -8.159602217183930406e+03 -2.180533702537451245e+04 -6.851410690154516487e+04 -2.245476725034549367e+06 -1.610370788802858675e+06 1.910253422054991825e+06 -2.159369767679322977e+05 -4.212833194169721537e+03 4.683750261610022280e+05 1.075651003666957840e+05 -1.196666031822904915e+04 6.674070930127424617e+03
1.203750004101714439e+05 4.009085465905106394e+05 -1.446012232906399295e+05 9.544309764161883504e+04 1.527443770895078196e+05 -8.159602217183930406e+03 2.485134502471508458e+05 5.221644971273787814e+04 1.292120848598327939e+04 -5.048042793244565587e+02 1.756151470546115888e+06 5.548007961153793149e+05 1.397606621575379104e+05 -5.897345976560970303e+04 9.106939461831835797e+04 2.433127307655674813e+05 4.694149014520913624e+04 7.341486597393221746e+04
-7.106568961961633759e+05 -2.341187313426377950e+05 -3.244366370245625731e+05 1.982075215080817725e+04 5.174035900850077451e+04 -2.180533702537451245e+04 5.221644971273787814e+04 1.805760850787442469e+05 3.275141990635907860e+04 1.092997341691095382e+06 3.222627907437822432e+05 -6.076529570781681105e+04 -3.898111589324110537e+04 -3.315763434878696717e+04 -1.174239881256818189e+05 1.872535287424361450e+05 1.391078486886771279e+05 7.441719243715425546e+04
4.304649049688761443e+04 3.525812837360540289e+05 -1.737609978265749305e+04 1.056854985715158691e+05 4.276701251675683307e+04 -6.851410690154516487e+04 1.292120848598327939e+04 3.275141990635907860e+04 9.969435663568253221e+04 1.097387862287575379e+06 1.359584923997826991e+05 -1.569309158736694953e+05 2.793843733105591964e+05 -7.554263896197434224e+04 -1.639001659475504712e+05 8.127048290933959652e+04 4.162235462862903660e+04 1.161386701667455491e+05
1.072481582537805103e+07 2.147160415521215647e+07 2.245597403915145900e+06 1.020676665028538182e+07 1.545216182152406080e+06 -2.245476725034549367e+06 -5.048042793244565587e+02 1.092997341691095382e+06 1.097387862287575379e+06 3.484072015061947703e+08 -1.467638172916433588e+07 -2.702757503002078459e+07 -2.235621761026372667e+06 1.313555071648850571e+06 -8.944919946573931724e+06 2.644783368039998692e+06 3.677245638910623267e+06 2.654564254075450823e+06
-2.140336584415090457e+07 1.272289133050358621e+06 8.692461561086727306e+06 7.746938885083891219e+05 9.391935590446309652e+05 -1.610370788802858675e+06 1.756151470546115888e+06 3.222627907437822432e+05 1.359584923997826991e+05 -1.467638172916433588e+07 9.600194395302450657e+07 1.967294549519282952e+07 -2.082659025034290680e+05 -4.045942349116252270e+06 4.351705920167122968e+06 7.370176290316821542e+05 -1.491421199362906162e+06 1.885912516924110008e+06
-9.872044962770022452e+06 -1.068479531041898765e+06 4.901003331377643161e+06 2.695529194556674454e+06 1.583309552499294514e+06 1.910253422054991825e+06 5.548007961153793149e+05 -6.076529570781681105e+04 -1.569309158736694953e+05 -2.702757503002078459e+07 1.967294549519282952e+07 3.045868524644082040e+07 2.582474781448607333e+06 9.458151553566004150e+05 3.413173104940805584e+06 6.559552581818078179e+05 -5.121277109131221077e+05 1.334580765440661693e+06
-1.380008951320754131e+06 2.351019744631583802e+06 1.662657080034597311e+06 1.021216018877466675e+06 2.415790153311773611e+05 -2.159369767679322977e+05 1.397606621575379104e+05 -3.898111589324110537e+04 2.793843733105591964e+05 -2.235621761026372667e+06 -2.082659025034290680e+05 2.582474781448607333e+06 8.205038895986544900e+06 -3.948596272502875654e+05 -1.055981176605167857e+05 -5.193203213053796790e+05 -7.120980654861278599e+05 4.904643887444422580e+05
1.258960592197822174e+06 -6.579000179989814060e+05 -4.935544920103930635e+05 5.155545394767109537e+05 2.780189218361899839e+05 -4.212833194169721537e+03 -5.897345976560970303e+04 -3.315763434878696717e+04 -7.554263896197434224e+04 1.313555071648850571e+06 -4.045942349116252270e+06 9.458151553566004150e+05 -3.948596272502875654e+05 4.196800035367261618e+06 2.492707470934968442e+05 -2.560576809128726018e+05 4.801781165388904046e+05 2.451055220110797381e+05
-3.878738320938776713e+06 -2.671725921190808876e+05 1.315482956138151232e+06 -4.859927046676895116e+05 -5.551763187579780788e+04 4.683750261610022280e+05 9.106939461831835797e+04 -1.174239881256818189e+05 -1.639001659475504712e+05 -8.944919946573931724e+06 4.351705920167122968e+06 3.413173104940805584e+06 -1.055981176605167857e+05 2.492707470934968442e+05 2.471663056131495163e+06 3.670260930627636262e+05 -1.672062872059922956e+05 2.175156201693306793e+05
-3.347052742826643866e+06 -4.149968300438642036e+05 -4.935573665104392567e+05 2.596762662909879582e+05 2.428598222608765063e+05 1.075651003666957840e+05 2.433127307655674813e+05 1.872535287424361450e+05 8.127048290933959652e+04 2.644783368039998692e+06 7.370176290316821542e+05 6.559552581818078179e+05 -5.193203213053796790e+05 -2.560576809128726018e+05 3.670260930627636262e+05 1.891371690253457287e+06 3.372925240749581135e+05 2.839120567154071177e+05
4.819252675838203286e+05 -1.780241470534167602e+05 -6.514773876874115085e+05 -9.807913747618606430e+04 4.565592099059087195e+04 -1.196666031822904915e+04 4.694149014520913624e+04 1.391078486886771279e+05 4.162235462862903660e+04 3.677245638910623267e+06 -1.491421199362906162e+06 -5.121277109131221077e+05 -7.120980654861278599e+05 4.801781165388904046e+05 -1.672062872059922956e+05 3.372925240749581135e+05 5.521342757753621554e+05 5.875266540657888982e+04
-2.593460730169572402e+06 -7.274416003310827073e+05 1.984492198671571678e+05 4.173451454897245276e+05 1.672532562164140400e+05 6.674070930127424617e+03 7.341486597393221746e+04 7.441719243715425546e+04 1.161386701667455491e+05 2.654564254075450823e+06 1.885912516924110008e+06 1.334580765440661693e+06 4.904643887444422580e+05 2.451055220110797381e+05 2.175156201693306793e+05 2.839120567154071177e+05 5.875266540657888982e+04 6.004982607922249008e+05
