3.950275484161127359e+07 1.215131589207146876e+07 -2.436730779662102461e+06 1.396205258668055059e+06 2.240837994778096618e+05 1.048760717006123159e+06 1.981859826533977641e+06 2.776752475421865820e+05 -9.158818059670828006e+03 4.006552086824705359e+06 1.552443870094536617e+07 -4.248608614096381352e+05 4.538264338598004542e+06 2.781709190188380424e+06 1.992977518678093620e+05 2.007365375664729625e+06 1.444535028500411892e+06 1.391122715399322798e+06
1.215131589207146876e+07 1.831150731232984364e+07 3.924125349017248955e+06 2.771936253753748606e+05 8.743380490403668955e+05 2.030356388247437717e+05 2.250454387393930519e+05 9.290863207614744315e+05 4.135086141519689118e+05 3.579890201272672857e+05 1.363347818042558432e+07 -1.956338390135315480e+06 -1.554798115627075080e+06 8.021168552521782694e+05 -1.377715561624583555e+06 2.199219285112927668e+06 1.570519020554115763e+06 9.076623338381074136e+05
-2.436730779662102461e+06 3.924125349017248955e+06 3.505346543372056447e+06 4.743224504491032567e+05 5.183698961444426677e+05 2.834054767151068154e+04 -2.472459360915175348e+05 1.735836750699926342e+05 9.029669162286854407e+04 4.269490604082195088e+06 2.476070730013002176e+06 -1.219802529690508498e+06 -5.641312666942590149e+05 3.419483697074338852e+04 -5.637902288610946853e+05 6.993115895011639223e+05 3.268008336415753001e+05 4.075373360556776170e+05
1.396205258668055059e+06 2.771936253753748606e+05 4.743224504491032567e+05 3.593175860823862255e+06 5.167152828067836817e+05 4.340020416112666717e+05 1.230400106355603930e+05 8.345700527114844590e+04 5.581896365696447901e+04 6.406645234621224925e+06 5.349875972068418749e+06 1.889924819547567051e+06 4.875838515289172530e+06 9.539035033084411407e+05 1.149753588139722589e+06 1.024446645788663533e+06 2.629418086577301729e+05 2.216481611363286793e+05
2.240837994778096618e+05 8.743380490403668955e+05 5.183698961444426677e+05 5.167152828067836817e+05 1.104208889102328802e+06 1.835924706596984761e+05 8.002638095267709286e+04 1.861849887036643340e+05 1.099640642127160972e+05 -9.403374487888937583e+05 2.685678643057227018e+05 4.419296097065778304e+04 -2.039928442506523279e+05 7.588270180358350044e+05 -2.722092298032214749e+05 1.787153233635708457e+05 2.950260604737903341e+05 7.372144762534380425e+04
1.048760717006123159e+06 2.030356388247437717e+05 2.834054767151068154e+04 4.340020416112666717e+05 1.835924706596984761e+05 5.799643627695863834e+05 8.872877818394513451e+04 1.948112414778434904e+05 1.388062596280453145e+05 -2.442918705958201084e+06 -3.362201403493277612e+05 -4.937168784923885250e+05 1.064664414048649342e+05 6.294463420540674124e+05 4.532452798020581831e+05 -1.938396222418342950e+05 2.432461979718125658e+05 5.073417095037154650e+04
1.981859826533977641e+06 2.250454387393930519e+05 -2.472459360915175348e+05 1.230400106355603930e+05 8.002638095267709286e+04 8.872877818394513451e+04 3.826530704143304029e+05 -9.203030759574756303e+03 -1.071396361914464433e+04 6.327563052469550712e+03 -1.445972012816438801e+05 5.396990197575314669e+05 5.853903872230524430e+05 4.045690993416820420e+05 2.574111196907607955e+05 1.776675312313239265e+05 -5.760904320150985768e+03 -6.798511568686470855e+04
2.776752475421865820e+05 9.290863207614744315e+05 1.735836750699926342e+05 8.345700527114844590e+04 1.861849887036643340e+05 1.948112414778434904e+05 -9.203030759574756303e+03 2.996624773583345814e+05 1.105669394794806722e+05 -1.540179375786325196e+06 4.728117760897334665e+05 -1.783421751019174408e+05 -4.643811977331300732e+05 1.275595775964024215e+05 3.590009312330895773e+04 -1.530915363527630916e+03 2.631307484393936465e+05 4.896870672495458712e+04
-9.158818059670828006e+03 4.135086141519689118e+05 9.029669162286854407e+04 5.581896365696447901e+04 1.099640642127160972e+05 1.388062596280453145e+05 -1.071396361914464433e+04 1.105669394794806722e+05 1.078975673008525919e+05 -2.024759917260742979e+06 5.372877830793302273e+05 -1.527965109171926160e+05 -6.406096973726013675e+04 2.373544677657318534e+05 5.648583100196618034e+04 -1.817905052822030484e+04 8.083595907921619073e+04 -5.344618509077757335e+04
4.006552086824705359e+06 3.579890201272672857e+05 4.269490604082195088e+06 6.406645234621224925e+06 -9.403374487888937583e+05 -2.442918705958201084e+06 6.327563052469550712e+03 -1.540179375786325196e+06 -2.024759917260742979e+06 1.970637825545817912e+08 4.615980609834823990e+05 -1.256322364793425985e+07 1.105252864366064779e+07 3.056502144033255056e+06 5.888884330184170976e+06 6.549806593557606451e+06 2.110889724591162056e+06 4.038580920511947945e+06
1.552443870094536617e+07 1.363347818042558432e+07 2.476070730013002176e+06 5.349875972068418749e+06 2.685678643057227018e+05 -3.362201403493277612e+05 -1.445972012816438801e+05 4.728117760897334665e+05 5.372877830793302273e+05 4.615980609834823990e+05 6.665257573337942362e+07 1.976394686773082009e+06 5.392727955444992520e+06 1.534249249069063924e+06 -3.310995933341048192e+06 2.980621577927112579e+06 3.602860674259174848e+05 -7.755735008707491215e+05
-4.248608614096381352e+05 -1.956338390135315480e+06 -1.219802529690508498e+06 1.889924819547567051e+06 4.419296097065778304e+04 -4.937168784923885250e+05 5.396990197575314669e+05 -1.783421751019174408e+05 -1.527965109171926160e+05 -1.256322364793425985e+07 1.976394686773082009e+06 2.134333291251651943e+07 -5.892938602916904492e+05 9.826604676483845105e+05 8.122537902042423375e+05 4.109970019419096207e+04 -6.080176315831379034e+05 -1.621699072166070691e+05
4.538264338598004542e+06 -1.554798115627075080e+06 -5.641312666942590149e+05 4.875838515289172530e+06 -2.039928442506523279e+05 1.064664414048649342e+05 5.853903872230524430e+05 -4.643811977331300732e+05 -6.406096973726013675e+04 1.105252864366064779e+07 5.392727955444992520e+06 -5.892938602916904492e+05 1.556964192202674970e+07 2.396550679445726797e+06 3.372798155170831829e+06 1.171054648961755447e+06 5.772734252384089632e+05 -7.105035836165156070e+03
2.781709190188380424e+06 8.021168552521782694e+05 3.419483697074338852e+04 9.539035033084411407e+05 7.588270180358350044e+05 6.294463420540674124e+05 4.045690993416820420e+05 1.275595775964024215e+05 2.373544677657318534e+05 3.056502144033255056e+06 1.534249249069063924e+06 9.826604676483845105e+05 2.396550679445726797e+06 3.779302983310919721e+06 1.267977522484886926e+06 -2.544549334214774717e+05 7.082507160137344617e+05 1.624268762805690931e+05
1.992977518678093620e+05 -1.377715561624583555e+06 -5.637902288610946853e+05 1.149753588139722589e+06 -2.722092298032214749e+05 4.532452798020581831e+05 2.574111196907607955e+05 3.590009312330895773e+04 5.648583100196618034e+04 5.888884330184170976e+06 -3.310995933341048192e+06 8.122537902042423375e+05 3.372798155170831829e+06 1.267977522484886926e+06 2.856597656178341713e+06 4.807494819694315083e+04 7.811499219527173555e+05 5.886181435699173744e+04
2.007365375664729625e+06 2.199219285112927668e+06 6.993115895011639223e+05 1.024446645788663533e+06 1.787153233635708457e+05 -1.938396222418342950e+05 1.776675312313239265e+05 -1.530915363527630916e+03 -1.817905052822030484e+04 6.549806593557606451e+06 2.980621577927112579e+06 4.109970019419096207e+04 1.171054648961755447e+06 -2.544549334214774717e+05 4.807494819694315083e+04 1.931722349285686389e+06 8.501168729195081687e+04 2.702716767763723037e+05
1.444535028500411892e+06 1.570519020554115763e+06 3.268008336415753001e+05 2.629418086577301729e+05 2.950260604737903341e+05 2.432461979718125658e+05 -5.760904320150985768e+03 2.631307484393936465e+05 8.083595907921619073e+04 2.110889724591162056e+06 3.602860674259174848e+05 -6.080176315831379034e+05 5.772734252384089632e+05 7.082507160137344617e+05 7.811499219527173555e+05 8.501168729195081687e+04 1.206052059202297125e+06 1.878777984075281129e+05
1.391122715399322798e+06 9.076623338381074136e+05 4.075373360556776170e+05 2.216481611363286793e+05 7.372144762534380425e+04 5.073417095037154650e+04 -6.798511568686470855e+04 4.896870672495458712e+04 -5.344618509077757335e+04 4.038580920511947945e+06 -7.755735008707491215e+05 -1.621699072166070691e+05 -7.105035836165156070e+03 1.624268762805690931e+05 5.886181435699173744e+04 2.702716767763723037e+05 1.878777984075281129e+05 6.882935131713846931e+05
