5.314294921872998029e+07 -6.805379078139656223e+06 6.167829177236788906e+06 3.541198397610017098e+06 2.139069702885630075e+06 4.296362927551214583e+06 6.484350276646565180e+05 -5.663716228926448093e+04 -9.864428055709897308e+04 -2.036429132471338660e+07 -2.069311369285757467e+07 1.171293216118421778e+07 6.521435947871559300e+06 -2.395510099569466896e+06 8.486914920928699430e+05 -9.233741658371868543e+05 8.828924131767250365e+05 5.722121745849542785e+05
-6.805379078139656223e+06 7.958169929281867109e+06 -1.816532231273173820e+06 6.304079981485685566e+05 6.586241490746330237e+04 4.452156368197692063e+04 4.899314157637206372e+05 -2.365841760152384450e+04 -4.618209818353986338e+04 -2.224326969641410280e+06 4.628833949858812615e+06 -2.598255786963490769e+06 -4.804688278310573078e+05 1.472807491911975900e+06 -1.087477582169151428e+05 1.517529744664509199e+05 -1.144680494474073348e+05 -6.808435965756495716e+05
6.167829177236788906e+06 -1.816532231273173820e+06 4.346902015411305241e+06 1.165361372119599720e+06 5.674877109610626940e+05 9.838680673733230215e+05 4.805460182901447115e+04 2.220672736285189458e+05 -2.973934393164589710e+04 -5.186418896621481515e+06 -3.709336961963044945e+06 5.589033548502973281e+06 4.191347540723562241e+06 1.868566254372885218e+06 7.871548998086501379e+05 6.072923389499096666e+05 4.745427115379586467e+05 9.503124464755401714e+05
3.541198397610017098e+06 6.304079981485685566e+05 1.165361372119599720e+06 2.295682559270892758e+06 4.308281381221304182e+05 2.008285621510621277e+05 -2.264342055244160583e+05 8.279079590630489110e+04 6.628273587843973655e+04 1.070349986393180210e+06 -2.685392716742280871e+06 2.821149552497746889e+06 2.567742005020963028e+06 8.568807687326007290e+05 -2.210977553854798025e+05 1.499743019119820674e+05 1.374418417629955802e+05 2.796190516689435462e+05
2.139069702885630075e+06 6.586241490746330237e+04 5.674877109610626940e+05 4.308281381221304182e+05 1.027745190499596298e+06 3.603926338833499467e+05 2.956859298692279117e+04 2.166738659401433542e+05 5.354114386966997699e+04 -2.834453199736294337e+06 -2.438313319081915542e+05 2.038197895884187310e+05 1.893808693127353210e+06 8.985067208940862911e+05 -2.010711175615319225e+05 9.757756759870704263e+04 4.332330561089641997e+05 1.231889647582445032e+05
4.296362927551214583e+06 4.452156368197692063e+04 9.838680673733230215e+05 2.008285621510621277e+05 3.603926338833499467e+05 1.044907339477294474e+06 2.644424726226655766e+05 9.282853951450742898e+04 8.287558601919469947e+04 -8.161167926297579892e+06 -3.287413722471574787e+06 6.841830289377436275e+05 3.798854016272897716e+05 -2.776743277820954099e+05 3.893320371849102667e+05 -8.059060343566138727e+03 2.667215822880782653e+05 6.328527868703519925e+04
6.484350276646565180e+05 4.899314157637206372e+05 4.805460182901447115e+04 -2.264342055244160583e+05 2.956859298692279117e+04 2.644424726226655766e+05 4.578461591705183382e+05 -2.695874521722372810e+04 1.900195907384905877e+04 -3.729988575578395277e+06 -6.112538102441817755e+05 -4.993162238457010826e+05 -3.394122325453376980e+05 1.945480923093580932e+05 -2.239522248152397224e+05 6.029912567336901702e+04 1.901409610255892621e+05 -1.514560509524372756e+05
-5.663716228926448093e+04 -2.365841760152384450e+04 2.220672736285189458e+05 8.279079590630489110e+04 2.166738659401433542e+05 9.282853951450742898e+04 -2.695874521722372810e+04 2.214582982345501659e+05 4.783473649031669629e+04 1.765667705083792331e+06 -3.473617933642979478e+05 -2.648405546085346723e+05 4.845783620024853008e+04 7.163161091675488569e+04 2.315407218039155705e+05 1.018115473695989494e+05 3.342724221128174395e+04 -3.370117757897974661e+04
-9.864428055709897308e+04 -4.618209818353986338e+04 -2.973934393164589710e+04 6.628273587843973655e+04 5.354114386966997699e+04 8.287558601919469947e+04 1.900195907384905877e+04 4.783473649031669629e+04 1.273364100670005282e+05 -8.638197177187837660e+05 -5.927945028974334709e+05 -3.025554390683746897e+05 -2.472757234933577129e+05 6.448033086615358479e+04 5.178341484977534856e+04 1.234247420248451381e+05 5.679296610239264555e+04 3.619547557551372302e+04
-2.036429132471338660e+07 -2.224326969641410280e+06 -5.186418896621481515e+06 1.070349986393180210e+06 -2.834453199736294337e+06 -8.161167926297579892e+06 -3.729988575578395277e+06 1.765667705083792331e+06 -8.638197177187837660e+05 2.502425306100006402e+08 1.932112854121925309e+07 1.666116944092702866e+07 -1.228938769318997860e+07 8.437786221556357341e+05 5.281759841694860719e+06 1.463674492011288647e+06 -7.523907779763725586e+06 -5.432504970198207535e+06
-2.069311369285757467e+07 4.628833949858812615e+06 -3.709336961963044945e+06 -2.685392716742280871e+06 -2.438313319081915542e+05 -3.287413722471574787e+06 -6.112538102441817755e+05 -3.473617933642979478e+05 -5.927945028974334709e+05 1.932112854121925309e+07 6.422849507190718502e+07 1.280828554492290132e+06 4.147593586549057625e+06 -9.820528083035391755e+05 3.208416323329498991e+06 1.785464452861482976e+06 -1.034515817846251070e+06 7.569419296786802588e+05
1.171293216118421778e+07 -2.598255786963490769e+06 5.589033548502973281e+06 2.821149552497746889e+06 2.038197895884187310e+05 6.841830289377436275e+05 -4.993162238457010826e+05 -2.648405546085346723e+05 -3.025554390683746897e+05 1.666116944092702866e+07 1.280828554492290132e+06 2.378735628450237215e+07 7.316201049906247295e+06 3.518013742010330781e+06 2.742346455837213434e+06 3.746394311276655644e+05 3.022689340740122716e+05 1.031695166493147146e+06
6.521435947871559300e+06 -4.804688278310573078e+05 4.191347540723562241e+06 2.567742005020963028e+06 1.893808693127353210e+06 3.798854016272897716e+05 -3.394122325453376980e+05 4.845783620024853008e+04 -2.472757234933577129e+05 -1.228938769318997860e+07 4.147593586549057625e+06 7.316201049906247295e+06 1.138540208737663552e+07 3.040259650990499649e+06 1.493897611023802601e+05 8.348342872501153033e+05 1.236315563795480411e+06 1.968878345708270790e+06
-2.395510099569466896e+06 1.472807491911975900e+06 1.868566254372885218e+06 8.568807687326007290e+05 8.985067208940862911e+05 -2.776743277820954099e+05 1.945480923093580932e+05 7.163161091675488569e+04 6.448033086615358479e+04 8.437786221556357341e+05 -9.820528083035391755e+05 3.518013742010330781e+06 3.040259650990499649e+06 5.631268083226748742e+06 -5.173521209669009550e+05 1.310202614716030657e+06 9.595492478122963803e+05 6.416451178863419918e+05
8.486914920928699430e+05 -1.087477582169151428e+05 7.871548998086501379e+05 -2.210977553854798025e+05 -2.010711175615319225e+05 3.893320371849102667e+05 -2.239522248152397224e+05 2.315407218039155705e+05 5.178341484977534856e+04 5.281759841694860719e+06 3.208416323329498991e+06 2.742346455837213434e+06 1.493897611023802601e+05 -5.173521209669009550e+05 2.706365975912738591e+06 8.694554774224166758e+05 -2.350761042684858257e+05 3.564298864746816689e+05
-9.233741658371868543e+05 1.517529744664509199e+05 6.072923389499096666e+05 1.499743019119820674e+05 9.757756759870704263e+04 -8.059060343566138727e+03 6.029912567336901702e+04 1.018115473695989494e+05 1.234247420248451381e+05 1.463674492011288647e+06 1.785464452861482976e+06 3.746394311276655644e+05 8.348342872501153033e+05 1.310202614716030657e+06 8.694554774224166758e+05 1.915440774430664256e+06 2.125008556688128156e+05 4.817803657744626398e+05
8.828924131767250365e+05 -1.144680494474073348e+05 4.745427115379586467e+05 1.374418417629955802e+05 4.332330561089641997e+05 2.667215822880782653e+05 1.901409610255892621e+05 3.342724221128174395e+04 5.679296610239264555e+04 -7.523907779763725586e+06 -1.034515817846251070e+06 3.022689340740122716e+05 1.236315563795480411e+06 9.595492478122963803e+05 -2.350761042684858257e+05 2.125008556688128156e+05 8.757563295326801017e+05 3.806887691363314516e+05
5.722121745849542785e+05 -6.808435965756495716e+05 9.503124464755401714e+05 2.796190516689435462e+05 1.231889647582445032e+05 6.328527868703519925e+04 -1.514560509524372756e+05 -3.370117757897974661e+04 3.619547557551372302e+04 -5.432504970198207535e+06 7.569419296786802588e+05 1.031695166493147146e+06 1.968878345708270790e+06 6.416451178863419918e+05 3.564298864746816689e+05 4.817803657744626398e+05 3.806887691363314516e+05 9.192144432637140853e+05
