3.008078177945051342e+07 7.753395198854303919e+06 9.190203645196838770e+05 1.133829982564445119e+06 8.701010078206272738e+04 5.250096205356246792e+05 -8.435781240302156657e+05 3.037295808130782098e+05 -4.945152576750452863e+04 2.086690319901513308e+07 1.239914168476400897e+07 3.211646874251657631e+06 -6.288996431084839860e+05 2.419024533085234929e+06 -1.186335276558031095e+06 -1.974694388193504186e+06 1.945970091846564552e+06 1.517726346526696347e+06
7.753395198854303919e+06 2.312366071064714715e+07 5.345971253309336025e+05 -5.129226089170477935e+05 1.599444153709841659e+06 1.672090791623380501e+06 -4.102139606121362303e+05 2.452044676624507410e+05 -3.365585763963767677e+05 2.610382235658785328e+07 1.925477859611463919e+07 -2.494237697134868358e+05 1.222479223627790110e+06 1.391632858856590465e+06 2.067180849058029940e+06 -1.118974905437648064e+06 -9.908076510393450735e+05 -3.785539228732070769e+05
9.190203645196838770e+05 5.345971253309336025e+05 8.176714720374488272e+06 5.913114415452401154e+05 8.659280250325829256e+05 5.177871802521349309e+04 -3.382714514515762567e+05 1.898866013878943049e+05 1.409530486754830054e+05 2.138204269097847492e+07 -3.433992753844973631e+06 7.699086736634559929e+05 1.070461363848710665e+06 1.993724664932195097e+06 1.476383564628335647e+06 1.294450466266449774e+06 2.507598766049520345e+05 3.286755008464024286e+05
1.133829982564445119e+06 -5.129226089170477935e+05 5.913114415452401154e+05 1.108817253720038338e+06 1.772962236495479010e+05 5.137821186554333544e+05 -7.214348127668621601e+04 -1.968504981508947094e+04 1.066557070471400802e+05 1.162002852026484208e+06 9.184122365227218252e+05 -1.102627913801530376e+06 7.523211573486170964e+05 2.796853440350643359e+05 -1.214553556000852113e+05 1.616342580951637356e+05 4.759571052969422890e+05 2.428797236844181316e+05
8.701010078206272738e+04 1.599444153709841659e+06 8.659280250325829256e+05 1.772962236495479010e+05 9.861642483226446202e+05 1.120514321488419373e+05 -1.297768111824276566e+05 1.140500844547569141e+05 3.868785370305157994e+04 5.610245623036572710e+06 -5.059720342227407673e+04 1.145998808085515164e+06 -5.080936582966409624e+05 4.565055260892672813e+05 5.334440129976660246e+05 2.521589510257624206e+05 1.683357220108257607e+05 -3.018386307532257051e+05
5.250096205356246792e+05 1.672090791623380501e+06 5.177871802521349309e+04 5.137821186554333544e+05 1.120514321488419373e+05 1.019569646683717961e+06 -3.512413477442919975e+04 -1.632916114904967253e+04 6.446068886993971319e+03 3.495680563917132095e+06 3.807678401672069915e+06 -3.072061822608476039e+06 1.828880975994309701e+05 -2.373232799064549035e+05 3.314244458078665193e+05 -8.158647602438415925e+04 -1.688654211901359085e+05 3.964231171641120454e+04
-8.435781240302156657e+05 -4.102139606121362303e+05 -3.382714514515762567e+05 -7.214348127668621601e+04 -1.297768111824276566e+05 -3.512413477442919975e+04 2.978231484868818079e+05 2.157540455920532622e+04 4.074206240684887598e+04 -2.286814325325319078e+06 -2.101837697958495846e+04 -5.992392239551742096e+05 1.541531970995153824e+05 -3.140116346829853137e+05 -3.400809121029825765e+05 1.099295660268634383e+05 5.765509837193648127e+04 6.748590233720317883e+03
3.037295808130782098e+05 2.452044676624507410e+05 1.898866013878943049e+05 -1.968504981508947094e+04 1.140500844547569141e+05 -1.632916114904967253e+04 2.157540455920532622e+04 2.515095106677602744e+05 1.856508830128408226e+04 -4.118872805978254182e+05 6.716172659195506712e+05 5.817113749513861258e+05 -5.731600110259329667e+05 -1.264222741796334158e+05 -2.316251434944014909e+04 1.233960445316222758e+05 2.308997686927264731e+05 -4.553640133553388296e+04
-4.945152576750452863e+04 -3.365585763963767677e+05 1.409530486754830054e+05 1.066557070471400802e+05 3.868785370305157994e+04 6.446068886993971319e+03 4.074206240684887598e+04 1.856508830128408226e+04 1.035788246579984698e+05 7.492917776542326901e+05 -3.137167165126131731e+05 1.419509637318022433e+05 4.120017854985104350e+04 4.588088811807461025e+04 -2.617377202907713654e+05 1.816004897929202707e+05 1.546617434481514792e+05 8.115489084987428214e+04
2.086690319901513308e+07 2.610382235658785328e+07 2.138204269097847492e+07 1.162002852026484208e+06 5.610245623036572710e+06 3.495680563917132095e+06 -2.286814325325319078e+06 -4.118872805978254182e+05 7.492917776542326901e+05 1.739631622774058282e+08 1.294536579318121448e+07 -7.318113406961428933e+06 -2.652333206641314551e+06 9.809155319160814397e+05 5.626655708315397613e+06 3.006659549503777176e+06 9.309331624620081857e+05 4.638360471363933175e+05
1.239914168476400897e+07 1.925477859611463919e+07 -3.433992753844973631e+06 9.184122365227218252e+05 -5.059720342227407673e+04 3.807678401672069915e+06 -2.101837697958495846e+04 6.716172659195506712e+05 -3.137167165126131731e+05 1.294536579318121448e+07 6.280544401130533218e+07 -2.692477191284701694e+06 -5.307127732847218867e+05 -3.052990910602607764e+06 1.913782206452065380e+06 -5.981252453710586997e+05 -1.751238014862077776e+06 -1.276483755825405242e+06
3.211646874251657631e+06 -2.494237697134868358e+05 7.699086736634559929e+05 -1.102627913801530376e+06 1.145998808085515164e+06 -3.072061822608476039e+06 -5.992392239551742096e+05 5.817113749513861258e+05 1.419509637318022433e+05 -7.318113406961428933e+06 -2.692477191284701694e+06 2.956087050265783072e+07 -7.309171566023441264e+05 2.171045618012218736e+06 2.428108266955456056e+05 1.848209299793333514e+06 1.489302324984443607e+06 8.106524105675247265e+05
-6.288996431084839860e+05 1.222479223627790110e+06 1.070461363848710665e+06 7.523211573486170964e+05 -5.080936582966409624e+05 1.828880975994309701e+05 1.541531970995153824e+05 -5.731600110259329667e+05 4.120017854985104350e+04 -2.652333206641314551e+06 -5.307127732847218867e+05 -7.309171566023441264e+05 1.118067983824091777e+07 1.166704102785504423e+06 1.134778426947100786e+06 4.920273544444131549e+05 1.838172940786816180e+05 2.578521787995902414e+05
2.419024533085234929e+06 1.391632858856590465e+06 1.993724664932195097e+06 2.796853440350643359e+05 4.565055260892672813e+05 -2.373232799064549035e+05 -3.140116346829853137e+05 -1.264222741796334158e+05 4.588088811807461025e+04 9.809155319160814397e+05 -3.052990910602607764e+06 2.171045618012218736e+06 1.166704102785504423e+06 3.306930131242814008e+06 4.036314334937728127e+05 2.186752999776240613e+05 4.197770336551233777e+05 3.865464705337714986e+05
-1.186335276558031095e+06 2.067180849058029940e+06 1.476383564628335647e+06 -1.214553556000852113e+05 5.334440129976660246e+05 3.314244458078665193e+05 -3.400809121029825765e+05 -2.316251434944014909e+04 -2.617377202907713654e+05 5.626655708315397613e+06 1.913782206452065380e+06 2.428108266955456056e+05 1.134778426947100786e+06 4.036314334937728127e+05 2.719277988929360174e+06 7.553366292236781737e+04 -4.507811880449466989e+05 -3.817085392822519643e+05
-1.974694388193504186e+06 -1.118974905437648064e+06 1.294450466266449774e+06 1.616342580951637356e+05 2.521589510257624206e+05 -8.158647602438415925e+04 1.099295660268634383e+05 1.233960445316222758e+05 1.816004897929202707e+05 3.006659549503777176e+06 -5.981252453710586997e+05 1.848209299793333514e+06 4.920273544444131549e+05 2.186752999776240613e+05 7.553366292236781737e+04 1.332240268187907757e+06 6.602318543882428203e+05 -4.993593675775606243e+04
1.945970091846564552e+06 -9.908076510393450735e+05 2.507598766049520345e+05 4.759571052969422890e+05 1.683357220108257607e+05 -1.688654211901359085e+05 5.765509837193648127e+04 2.308997686927264731e+05 1.546617434481514792e+05 9.309331624620081857e+05 -1.751238014862077776e+06 1.489302324984443607e+06 1.838172940786816180e+05 4.197770336551233777e+05 -4.507811880449466989e+05 6.602318543882428203e+05 1.427295615435075480e+06 2.217012493903571740e+05
1.517726346526696347e+06 -3.785539228732070769e+05 3.286755008464024286e+05 2.428797236844181316e+05 -3.018386307532257051e+05 3.964231171641120454e+04 6.748590233720317883e+03 -4.553640133553388296e+04 8.115489084987428214e+04 4.638360471363933175e+05 -1.276483755825405242e+06 8.106524105675247265e+05 2.578521787995902414e+05 3.865464705337714986e+05 -3.817085392822519643e+05 -4.993593675775606243e+04 2.217012493903571740e+05 8.221098933510511415e+05
