4.924016846864681691e+07 8.896383970786305144e+06 1.218212824969543843e+06 2.898535667256941553e+06 9.076335014369293349e+05 -2.880156954263478401e+05 -1.184061106754589360e+06 -4.671875542532149702e+05 -4.304388036951265531e+05 1.595760360690590553e+07 1.090665323955380172e+07 -7.595953962794006802e+06 5.240732901064379839e+05 -3.050113480570408981e+06 -3.772478765060225036e+06 -2.868339369237228297e+06 -3.727334654461138998e+05 -2.336128927109322511e+06
8.896383970786305144e+06 2.139141344452705234e+07 1.243695041301226243e+06 1.053772640095240436e+06 1.424690090694126906e+06 6.492326763570185285e+05 6.227404320682520047e+05 1.686929917152140115e+05 3.646388317524205777e+05 5.729629992420501076e+06 5.497562861449604854e+06 1.323599568906328175e+06 -4.117765817143538734e+05 2.175336125752816442e+06 -6.783042785514988936e+05 -2.653197804097743705e+06 -1.120263782239615684e+06 2.413144408135510748e+05
1.218212824969543843e+06 1.243695041301226243e+06 5.051896353560443968e+06 9.318049039634159999e+05 9.466419538688713510e+04 2.551075988703727489e+05 1.063851855023931421e+05 -1.025410150691200761e+04 8.593675563438764948e+04 -2.290979642044352368e+06 4.247264405748169869e+06 4.827075530540773645e+06 7.083807629583281232e+05 2.478964164333114866e+06 4.415294246589251561e+05 -1.133479386783092923e+05 4.836954145662714145e+05 1.281887124665877927e+05
2.898535667256941553e+06 1.053772640095240436e+06 9.318049039634159999e+05 1.949585884681561030e+06 3.123246536523138639e+05 3.901444849568098434e+05 1.214097876981388981e+04 -4.275520981795836997e+04 3.249628006554438980e+04 -4.253340685439404100e+06 5.775703153293358162e+06 -2.963262375357235433e+05 1.345478406200520694e+06 4.354854922530309996e+05 -2.473176073610476742e+05 -1.132184108255659339e+04 7.048077780618202814e+04 -4.693829951995822485e+05
9.076335014369293349e+05 1.424690090694126906e+06 9.466419538688713510e+04 3.123246536523138639e+05 1.325328555778013077e+06 3.993327941051679081e+05 5.799465864840323047e+04 1.667177485847287971e+04 4.281403061796523980e+04 -4.165951492503898684e+06 3.077002050357055850e+06 2.094566698534748284e+05 -4.074908444930371479e+05 9.699640271130915498e+05 1.385622027256222500e+05 -6.841123704478340187e+03 1.956759749532025598e+05 8.765308014786656713e+04
-2.880156954263478401e+05 6.492326763570185285e+05 2.551075988703727489e+05 3.901444849568098434e+05 3.993327941051679081e+05 5.912174347846751334e+05 1.377582194172677700e+05 6.313449395941276453e+04 9.229939803787141864e+04 -3.075587897573523689e+06 1.958320169179271441e+06 -4.019037062200663786e+04 5.373152978465278866e+05 3.607447109906686237e+05 -1.459789251197579724e+05 -1.745937741065368027e+04 2.943450074457697337e+05 2.124053809845822398e+05
-1.184061106754589360e+06 6.227404320682520047e+05 1.063851855023931421e+05 1.214097876981388981e+04 5.799465864840323047e+04 1.377582194172677700e+05 2.758731440299385577e+05 1.197072692559072893e+05 2.128965014783568040e+04 -1.749839083884541644e+06 -3.613478656608944293e+05 4.441580742928336258e+05 1.552038135134457552e+05 3.233720640160605544e+05 -2.944123253167305375e+05 1.786836159632248382e+04 1.914406392285515903e+05 1.576241520021918695e+05
-4.671875542532149702e+05 1.686929917152140115e+05 -1.025410150691200761e+04 -4.275520981795836997e+04 1.667177485847287971e+04 6.313449395941276453e+04 1.197072692559072893e+05 1.276537798221672856e+05 4.249443795943840087e+04 -1.180182340612139786e+06 1.346682837834375969e+05 6.900690159274329199e+05 3.657355128195101861e+05 1.565745636403766985e+05 -1.483405463144796377e+05 -6.090312992119904084e+04 8.135717159326195542e+04 -8.997495330744319290e+03
-4.304388036951265531e+05 3.646388317524205777e+05 8.593675563438764948e+04 3.249628006554438980e+04 4.281403061796523980e+04 9.229939803787141864e+04 2.128965014783568040e+04 4.249443795943840087e+04 9.794152338994067395e+04 2.199523225532968936e+05 1.013681196531352121e+06 1.966574722963992972e+05 3.175912529242938035e+05 2.086865436217679235e+05 1.351635284170297091e+05 -1.074711341359949583e+05 -6.257241877513333020e+04 7.927239346225980262e+04
1.595760360690590553e+07 5.729629992420501076e+06 -2.290979642044352368e+06 -4.253340685439404100e+06 -4.165951492503898684e+06 -3.075587897573523689e+06 -1.749839083884541644e+06 -1.180182340612139786e+06 2.199523225532968936e+05 1.173668531958828121e+08 -3.539860865075940732e+06 -3.869700773227544967e+06 -1.694839941942715086e+06 -1.091053768486827426e+07 1.216155872851661639e+06 -1.644014646060248604e+06 -4.613685496327294037e+06 8.804436292931744829e+05
1.090665323955380172e+07 5.497562861449604854e+06 4.247264405748169869e+06 5.775703153293358162e+06 3.077002050357055850e+06 1.958320169179271441e+06 -3.613478656608944293e+05 1.346682837834375969e+05 1.013681196531352121e+06 -3.539860865075940732e+06 7.598297653641147912e+07 2.656779608888673782e+07 4.593364435267091729e+06 2.489713287803090643e+06 1.637013264449082315e+06 5.530815162880729185e+05 -1.267512823883281322e+06 -1.430061480803582584e+06
-7.595953962794006802e+06 1.323599568906328175e+06 4.827075530540773645e+06 -2.963262375357235433e+05 2.094566698534748284e+05 -4.019037062200663786e+04 4.441580742928336258e+05 6.900690159274329199e+05 1.966574722963992972e+05 -3.869700773227544967e+06 2.656779608888673782e+07 3.463252007509545237e+07 -5.523211974647295428e+05 2.794245203224591911e+06 2.101170108706359752e+06 1.023203754413280287e+06 2.492010406702798209e+05 -1.646141975495794031e+05
5.240732901064379839e+05 -4.117765817143538734e+05 7.083807629583281232e+05 1.345478406200520694e+06 -4.074908444930371479e+05 5.373152978465278866e+05 1.552038135134457552e+05 3.657355128195101861e+05 3.175912529242938035e+05 -1.694839941942715086e+06 4.593364435267091729e+06 -5.523211974647295428e+05 8.388935509028350934e+06 5.956050472028966760e+05 3.714921348269596929e+05 -2.255048636697279580e+05 2.507552043181128392e+05 -2.418804192141274107e+05
-3.050113480570408981e+06 2.175336125752816442e+06 2.478964164333114866e+06 4.354854922530309996e+05 9.699640271130915498e+05 3.607447109906686237e+05 3.233720640160605544e+05 1.565745636403766985e+05 2.086865436217679235e+05 -1.091053768486827426e+07 2.489713287803090643e+06 2.794245203224591911e+06 5.956050472028966760e+05 4.575867870883014053e+06 7.475930394118147669e+05 -5.099157566873596807e+04 5.208042267891824595e+05 4.623327810631864122e+05
-3.772478765060225036e+06 -6.783042785514988936e+05 4.415294246589251561e+05 -2.473176073610476742e+05 1.385622027256222500e+05 -1.459789251197579724e+05 -2.944123253167305375e+05 -1.483405463144796377e+05 1.351635284170297091e+05 1.216155872851661639e+06 1.637013264449082315e+06 2.101170108706359752e+06 3.714921348269596929e+05 7.475930394118147669e+05 2.238429931908326223e+06 3.325636850816208753e+05 -4.109805613056094735e+05 5.759521367015447468e+05
-2.868339369237228297e+06 -2.653197804097743705e+06 -1.133479386783092923e+05 -1.132184108255659339e+04 -6.841123704478340187e+03 -1.745937741065368027e+04 1.786836159632248382e+04 -6.090312992119904084e+04 -1.074711341359949583e+05 -1.644014646060248604e+06 5.530815162880729185e+05 1.023203754413280287e+06 -2.255048636697279580e+05 -5.099157566873596807e+04 3.325636850816208753e+05 1.469361016399480402e+06 8.098446867960742384e+04 6.570099059516168199e+04
-3.727334654461138998e+05 -1.120263782239615684e+06 4.836954145662714145e+05 7.048077780618202814e+04 1.956759749532025598e+05 2.943450074457697337e+05 1.914406392285515903e+05 8.135717159326195542e+04 -6.257241877513333020e+04 -4.613685496327294037e+06 -1.267512823883281322e+06 2.492010406702798209e+05 2.507552043181128392e+05 5.208042267891824595e+05 -4.109805613056094735e+05 8.098446867960742384e+04 8.611782107293949230e+05 2.114743219498892722e+05
-2.336128927109322511e+06 2.413144408135510748e+05 1.281887124665877927e+05 -4.693829951995822485e+05 8.765308014786656713e+04 2.124053809845822398e+05 1.576241520021918695e+05 -8.997495330744319290e+03 7.927239346225980262e+04 8.804436292931744829e+05 -1.430061480803582584e+06 -1.646141975495794031e+05 -2.418804192141274107e+05 4.623327810631864122e+05 5.759521367015447468e+05 6.570099059516168199e+04 2.114743219498892722e+05 9.241893028539083898e+05
