5.573609777391144633e+07 8.427999596000771970e+06 3.149524623890325427e+06 1.791958948566943000e+05 1.222616413435893599e+06 -2.839603852146970530e+04 -5.493917120162440697e+05 -5.505633725004008011e+04 4.611337741348931449e+05 -5.195319665897027403e+07 -1.283510171170432121e+07 -9.346669644427925814e+05 -6.409616611686593853e+06 4.872646049535211176e+06 -5.740442716337385355e+05 1.405941802429813426e+06 -6.409481067025748780e+05 1.070680176287979586e+06
8.427999596000771970e+06 8.676725023073740304e+06 1.074257974389148876e+06 8.050889682196119102e+05 1.237010456012746727e+05 4.325834312288705842e+05 -1.600638119207830459e+05 1.608424267667383538e+05 2.902175293231567484e+05 -1.423093895199900120e+07 3.212538723649886437e+06 -1.432996693079562159e+06 -6.483036294769302476e+05 2.607374989281686489e+06 2.211424781136418227e+06 9.547682645152410259e+05 4.083933085409178166e+05 2.414079254861898662e+05
3.149524623890325427e+06 1.074257974389148876e+06 5.577505822524469346e+06 7.532761330119965132e+05 -2.616011085122691584e+05 -3.275665625417046831e+05 -3.162336298200823949e+05 -2.018543571467469737e+05 7.664659608179792122e+04 -4.061478085752147716e+06 1.646723774371589301e+06 5.768038382059554569e+06 1.470368849959862651e+06 2.037711626458959887e+06 1.084234081981812837e+06 -5.990954574102119077e+05 -6.263330935314529343e+05 -7.323742795865257503e+05
1.791958948566943000e+05 8.050889682196119102e+05 7.532761330119965132e+05 2.042457253560737474e+06 7.034180539103930641e+04 1.219169646088549198e+05 -1.039911692514516471e+05 8.806175212196657958e+04 2.677848041353913868e+04 -8.934632850246127695e+06 -2.850469466698026285e+06 2.870334149799165316e+06 1.963072652738508303e+06 -6.951702926464749034e+05 4.953317049251116114e+05 -3.165487809893840458e+05 9.892486179598355375e+04 -1.350480144878326682e+05
1.222616413435893599e+06 1.237010456012746727e+05 -2.616011085122691584e+05 7.034180539103930641e+04 8.575998789201044710e+05 3.447562421690830961e+05 4.052317696709166194e+04 -6.135697213144512352e+04 -2.868862510209846369e+04 -1.741681151940327138e+06 7.504608131571831182e+05 -2.496647870555208996e+06 -1.428910366325418581e+05 -5.291655364805087447e+05 -2.104444887644657865e+04 -3.480607528476762236e+05 -2.843668097423724830e+05 1.991068901992251995e+04
-2.839603852146970530e+04 4.325834312288705842e+05 -3.275665625417046831e+05 1.219169646088549198e+05 3.447562421690830961e+05 8.408076937868206296e+05 6.437024047668242019e+03 -2.145459093926236528e+04 8.105578657605352419e+03 -1.586419164778674021e+05 1.404274760082639288e+06 -1.830919316676954273e+06 6.655223617465230636e+05 -2.014321423931710597e+05 7.414448465910170926e+05 2.708103064893559786e+05 1.600799234185085807e+05 -1.142922609005665727e+05
-5.493917120162440697e+05 -1.600638119207830459e+05 -3.162336298200823949e+05 -1.039911692514516471e+05 4.052317696709166194e+04 6.437024047668242019e+03 3.308852192637421540e+05 4.884396662841607758e+04 3.501315383958737220e+04 4.518350465617430746e+05 -1.135297761628850130e+06 7.846231521816317691e+05 -1.973606721641224867e+05 1.377207872417842373e+04 -9.025154970316012623e+04 9.563061206493593636e+04 1.495208398768802872e+05 6.634158833259700623e+04
-5.505633725004008011e+04 1.608424267667383538e+05 -2.018543571467469737e+05 8.806175212196657958e+04 -6.135697213144512352e+04 -2.145459093926236528e+04 4.884396662841607758e+04 1.285344829655598151e+05 2.219370125955865296e+04 -2.278535348808483977e+05 -9.947658513898145175e+05 6.313460198161535664e+05 -2.511250400642553868e+05 2.190704274190996948e+05 -2.932844900613288337e+04 5.892791433411880280e+04 1.888519089080659032e+05 1.351743555360274695e+04
4.611337741348931449e+05 2.902175293231567484e+05 7.664659608179792122e+04 2.677848041353913868e+04 -2.868862510209846369e+04 8.105578657605352419e+03 3.501315383958737220e+04 2.219370125955865296e+04 6.859972575785373920e+04 -6.266163647010967834e+05 -7.497844541508561233e+05 5.871298715504950378e+05 -4.005071005404965836e+05 2.425915682219876326e+05 4.715768593658450845e+04 4.831783177877416165e+04 7.568412691044210806e+04 6.999249890174920438e+04
-5.195319665897027403e+07 -1.423093895199900120e+07 -4.061478085752147716e+06 -8.934632850246127695e+06 -1.741681151940327138e+06 -1.586419164778674021e+05 4.518350465617430746e+05 -2.278535348808483977e+05 -6.266163647010967834e+05 2.358506595690673292e+08 3.885958712648709118e+07 -1.963660090556301549e+07 1.823854210019114427e+06 -1.800802892623816850e+06 -3.130338489565736614e+06 2.935526934150584508e+06 1.006946632479078253e+06 -1.233879553943995619e+06
-1.283510171170432121e+07 3.212538723649886437e+06 1.646723774371589301e+06 -2.850469466698026285e+06 7.504608131571831182e+05 1.404274760082639288e+06 -1.135297761628850130e+06 -9.947658513898145175e+05 -7.497844541508561233e+05 3.885958712648709118e+07 7.138824168383054435e+07 2.953269821639511269e+06 3.238564228098365944e+06 4.132954534220038331e+05 -1.447562224443262210e+06 -5.342857186527304584e+05 -3.424914350551423617e+06 -2.502709033510351088e+06
-9.346669644427925814e+05 -1.432996693079562159e+06 5.768038382059554569e+06 2.870334149799165316e+06 -2.496647870555208996e+06 -1.830919316676954273e+06 7.846231521816317691e+05 6.313460198161535664e+05 5.871298715504950378e+05 -1.963660090556301549e+07 2.953269821639511269e+06 5.962601175069916248e+07 -6.289121969154519029e+05 3.405382765675906092e+06 8.425684392274428392e+05 -9.100050637638103217e+05 1.204459123306626454e+06 -5.787226975729424739e+05
-6.409616611686593853e+06 -6.483036294769302476e+05 1.470368849959862651e+06 1.963072652738508303e+06 -1.428910366325418581e+05 6.655223617465230636e+05 -1.973606721641224867e+05 -2.511250400642553868e+05 -4.005071005404965836e+05 1.823854210019114427e+06 3.238564228098365944e+06 -6.289121969154519029e+05 9.732653736487010494e+06 -2.728762646670104004e+06 1.580118432960744482e+06 -3.049970156152750133e+05 -3.001430817675379221e+05 -1.149104378850611858e+06
4.872646049535211176e+06 2.607374989281686489e+06 2.037711626458959887e+06 -6.951702926464749034e+05 -5.291655364805087447e+05 -2.014321423931710597e+05 1.377207872417842373e+04 2.190704274190996948e+05 2.425915682219876326e+05 -1.800802892623816850e+06 4.132954534220038331e+05 3.405382765675906092e+06 -2.728762646670104004e+06 5.365017603821427561e+06 8.606132953173620626e+04 1.075564909786027623e+06 6.966463364392843796e+05 -1.316651539237385441e+05
-5.740442716337385355e+05 2.211424781136418227e+06 1.084234081981812837e+06 4.953317049251116114e+05 -2.104444887644657865e+04 7.414448465910170926e+05 -9.025154970316012623e+04 -2.932844900613288337e+04 4.715768593658450845e+04 -3.130338489565736614e+06 -1.447562224443262210e+06 8.425684392274428392e+05 1.580118432960744482e+06 8.606132953173620626e+04 3.952160171870809514e+06 6.092683851977779705e+04 6.999485342291077832e+05 -1.878803542554007436e+05
1.405941802429813426e+06 9.547682645152410259e+05 -5.990954574102119077e+05 -3.165487809893840458e+05 -3.480607528476762236e+05 2.708103064893559786e+05 9.563061206493593636e+04 5.892791433411880280e+04 4.831783177877416165e+04 2.935526934150584508e+06 -5.342857186527304584e+05 -9.100050637638103217e+05 -3.049970156152750133e+05 1.075564909786027623e+06 6.092683851977779705e+04 1.952598852712668711e+06 5.770725844176432583e+05 8.114030978470394075e+03
-6.409481067025748780e+05 4.083933085409178166e+05 -6.263330935314529343e+05 9.892486179598355375e+04 -2.843668097423724830e+05 1.600799234185085807e+05 1.495208398768802872e+05 1.888519089080659032e+05 7.568412691044210806e+04 1.006946632479078253e+06 -3.424914350551423617e+06 1.204459123306626454e+06 -3.001430817675379221e+05 6.966463364392843796e+05 6.999485342291077832e+05 5.770725844176432583e+05 9.441549072499512695e+05 1.257908836175905453e+05
1.070680176287979586e+06 2.414079254861898662e+05 -7.323742795865257503e+05 -1.350480144878326682e+05 1.991068901992251995e+04 -1.142922609005665727e+05 6.634158833259700623e+04 1.351743555360274695e+04 6.999249890174920438e+04 -1.233879553943995619e+06 -2.502709033510351088e+06 -5.787226975729424739e+05 -1.149104378850611858e+06 -1.316651539237385441e+05 -1.878803542554007436e+05 8.114030978470394075e+03 1.257908836175905453e+05 5.424127841180730611e+05
