5.485694131662299484e+07 1.292119118413212011e+06 -1.441353364458298078e+06 6.273943919192934409e+06 1.031543053370162612e+06 1.020189913837577624e+05 -1.443640070345038082e+06 5.983828776448987192e+05 1.521319169885412848e+05 -5.061830237521626055e+06 1.949179357323040441e+07 -6.278136690147084882e+05 2.295478362093694974e+06 5.171623497690110467e+06 -1.115997322725494858e+06 -2.481146119257553073e+05 6.324636302407459589e+05 -5.586195385144585744e+05
1.292119118413212011e+06 1.072088043123145215e+07 2.927921060256509110e+06 8.965467843868322670e+05 2.335892560777826584e+05 1.534561135911221209e+05 -2.015499599225473357e+05 1.834806608394243522e+05 3.541598550573363173e+04 3.541669562756952830e+06 1.768773952667657658e+07 4.063618655510503333e+06 -4.411276752585353097e+05 -6.569432191263970453e+05 1.159352105495139956e+06 -1.986303740589415887e+06 -1.937482666809904622e+05 -2.195993330265854602e+05
-1.441353364458298078e+06 2.927921060256509110e+06 3.699101901026477106e+06 7.497843398594665341e+05 1.191771098865644599e+05 3.606370367694981542e+04 7.063665947891683027e+04 5.111575997970357275e+04 -1.391185782160734234e+05 -7.595820751331509091e+06 4.887066923071078025e+06 1.323137136905739084e+06 -1.609802698985913070e+06 -1.653284865203667432e+06 5.779641752384336432e+05 -1.145662033188981237e+06 -6.240092595856070984e+05 2.812047117583031650e+05
6.273943919192934409e+06 8.965467843868322670e+05 7.497843398594665341e+05 2.397452293135670945e+06 3.245523643743082066e+05 1.016448237740331824e+05 -1.682446315365139744e+05 2.691601892193910317e+05 8.187186213625797245e+04 2.399937779969252646e+06 5.371305821155884303e+06 2.044215124603260309e+06 2.531289054505655658e+05 3.753570194124200498e+05 -4.518933250777294743e+05 -8.516033099551281193e+05 2.105168823759352017e+04 7.819437510925193783e+04
1.031543053370162612e+06 2.335892560777826584e+05 1.191771098865644599e+05 3.245523643743082066e+05 5.591150239050905220e+05 1.635086342361842399e+05 5.334955469913219713e+04 -5.361374468678549601e+04 1.326201091772118161e+04 4.283416940294889733e+06 2.171818953456275165e+06 2.000462650472969690e+05 -1.457228077759573898e+04 5.132406755459213746e+05 7.389787836219911696e+04 -1.946476657643514045e+05 -1.985831218344717636e+05 8.886420086232080939e+04
1.020189913837577624e+05 1.534561135911221209e+05 3.606370367694981542e+04 1.016448237740331824e+05 1.635086342361842399e+05 4.642643808761301916e+05 1.462911161952425900e+05 4.252869363574805902e+04 1.222138305784417207e+04 1.101668112199957948e+06 -4.220578477237382322e+05 -2.295147665597408195e+05 -7.800733715522920829e+04 1.845055569491764472e+05 5.974312695000391686e+05 1.125597519282577923e+04 -4.379346035915846187e+02 4.508229854696129769e+04
-1.443640070345038082e+06 -2.015499599225473357e+05 7.063665947891683027e+04 -1.682446315365139744e+05 5.334955469913219713e+04 1.462911161952425900e+05 3.144214240229844581e+05 3.237544220059510553e+04 4.485087954440548492e+04 5.960407576920662541e+04 -1.258742200400910340e+06 1.816425174823221096e+04 -2.390892785838748678e+05 -1.009721226872248371e+05 2.607315404992644617e+05 2.682245024811811745e+05 2.615945034696220318e+04 -2.897436669771104425e+04
5.983828776448987192e+05 1.834806608394243522e+05 5.111575997970357275e+04 2.691601892193910317e+05 -5.361374468678549601e+04 4.252869363574805902e+04 3.237544220059510553e+04 1.785534762904729578e+05 4.076433694836819632e+04 -1.154136047407095553e+06 -1.231181806478682120e+05 1.796709712339804682e+05 -1.188487150925762689e+05 -2.203885329220083077e+05 6.594214278281973384e+04 -2.382149774955578323e+04 8.708904607031312480e+04 -9.026574700312115601e+04
1.521319169885412848e+05 3.541598550573363173e+04 -1.391185782160734234e+05 8.187186213625797245e+04 1.326201091772118161e+04 1.222138305784417207e+04 4.485087954440548492e+04 4.076433694836819632e+04 7.205649433715951454e+04 1.014856447813099017e+06 -1.856507496670836190e+04 1.379446992886198495e+04 1.159837091622249718e+05 -3.864421254970474547e+04 -3.580640633256006367e+03 8.814891252981506113e+04 5.397728552254723763e+04 -3.826874917686362096e+03
-5.061830237521626055e+06 3.541669562756952830e+06 -7.595820751331509091e+06 2.399937779969252646e+06 4.283416940294889733e+06 1.101668112199957948e+06 5.960407576920662541e+04 -1.154136047407095553e+06 1.014856447813099017e+06 2.074097204734359384e+08 4.562898514477796853e+07 3.389184938408508152e+07 6.944698983369989321e+06 1.049801338365904987e+06 -3.569791680094344541e+06 -3.570951541197813931e+05 -1.064188934449538123e+06 4.105892415415360010e+05
1.949179357323040441e+07 1.768773952667657658e+07 4.887066923071078025e+06 5.371305821155884303e+06 2.171818953456275165e+06 -4.220578477237382322e+05 -1.258742200400910340e+06 -1.231181806478682120e+05 -1.856507496670836190e+04 4.562898514477796853e+07 9.286664802492612600e+07 2.153058935076357424e+07 2.451931413320228923e+06 7.748102665667064488e+06 -1.189972840783583699e+06 -3.868826420654442627e+06 -1.926729256461957935e+06 -6.016420170332957059e+05
-6.278136690147084882e+05 4.063618655510503333e+06 1.323137136905739084e+06 2.044215124603260309e+06 2.000462650472969690e+05 -2.295147665597408195e+05 1.816425174823221096e+04 1.796709712339804682e+05 1.379446992886198495e+04 3.389184938408508152e+07 2.153058935076357424e+07 1.400792180879129842e+07 6.414458189221251523e+05 5.955855861166423419e+05 -7.585559801015912089e+05 -1.540582189490051242e+06 -8.125762862213104963e+05 -3.017271071386982803e+05
2.295478362093694974e+06 -4.411276752585353097e+05 -1.609802698985913070e+06 2.531289054505655658e+05 -1.457228077759573898e+04 -7.800733715522920829e+04 -2.390892785838748678e+05 -1.188487150925762689e+05 1.159837091622249718e+05 6.944698983369989321e+06 2.451931413320228923e+06 6.414458189221251523e+05 6.528078175853537396e+06 2.002951081728839548e+06 -9.649484636683928547e+05 4.000500613978416077e+05 6.466923727963708807e+05 2.620932296618808177e+05
5.171623497690110467e+06 -6.569432191263970453e+05 -1.653284865203667432e+06 3.753570194124200498e+05 5.132406755459213746e+05 1.845055569491764472e+05 -1.009721226872248371e+05 -2.203885329220083077e+05 -3.864421254970474547e+04 1.049801338365904987e+06 7.748102665667064488e+06 5.955855861166423419e+05 2.002951081728839548e+06 8.701937559838768095e+06 3.699102565918610780e+05 -8.094383543885516701e+04 -1.431197188633065962e+05 -4.480131945119051961e+05
-1.115997322725494858e+06 1.159352105495139956e+06 5.779641752384336432e+05 -4.518933250777294743e+05 7.389787836219911696e+04 5.974312695000391686e+05 2.607315404992644617e+05 6.594214278281973384e+04 -3.580640633256006367e+03 -3.569791680094344541e+06 -1.189972840783583699e+06 -7.585559801015912089e+05 -9.649484636683928547e+05 3.699102565918610780e+05 2.295666256200499367e+06 -1.888177464747819467e+05 -1.795684335303047555e+05 -8.963694368984943139e+04
-2.481146119257553073e+05 -1.986303740589415887e+06 -1.145662033188981237e+06 -8.516033099551281193e+05 -1.946476657643514045e+05 1.125597519282577923e+04 2.682245024811811745e+05 -2.382149774955578323e+04 8.814891252981506113e+04 -3.570951541197813931e+05 -3.868826420654442627e+06 -1.540582189490051242e+06 4.000500613978416077e+05 -8.094383543885516701e+04 -1.888177464747819467e+05 1.632244615052412730e+06 4.169574171877691988e+05 -6.162785648346100788e+04
6.324636302407459589e+05 -1.937482666809904622e+05 -6.240092595856070984e+05 2.105168823759352017e+04 -1.985831218344717636e+05 -4.379346035915846187e+02 2.615945034696220318e+04 8.708904607031312480e+04 5.397728552254723763e+04 -1.064188934449538123e+06 -1.926729256461957935e+06 -8.125762862213104963e+05 6.466923727963708807e+05 -1.431197188633065962e+05 -1.795684335303047555e+05 4.169574171877691988e+05 6.199311905783603434e+05 -1.385424626576044830e+05
-5.586195385144585744e+05 -2.195993330265854602e+05 2.812047117583031650e+05 7.819437510925193783e+04 8.886420086232080939e+04 4.508229854696129769e+04 -2.897436669771104425e+04 -9.026574700312115601e+04 -3.826874917686362096e+03 4.105892415415360010e+05 -6.016420170332957059e+05 -3.017271071386982803e+05 2.620932296618808177e+05 -4.480131945119051961e+05 -8.963694368984943139e+04 -6.162785648346100788e+04 -1.385424626576044830e+05 4.767966783544523059e+05
