7.614455447931160033e+07 5.406806144469202496e+06 2.886254919755137525e+06 1.134163434732064139e+06 4.256559925355247688e+05 1.533443595920329448e+06 9.522800746171751525e+05 1.326005814018015371e+03 6.981221131509749102e+04 3.777061211941178143e+07 -4.020857428478807677e+06 5.433094724976449274e+06 4.171626023271813989e+06 -2.116958158171502873e+06 -2.288210113628012128e+06 4.034364125275220722e+05 1.018946488789451658e+06 -7.857889606793205021e+05
5.406806144469202496e+06 1.975078774025420472e+07 4.824085455462339334e+06 4.026314728282360360e+06 7.179380589856684674e+05 1.226317516756037716e+06 -4.245177990238284110e+05 -3.528363667673910386e+05 -4.047681419089754490e+04 -5.117853789281337522e+06 2.532098677766821533e+07 1.545353866822695918e+07 3.456948840716473293e+06 -7.031747446667159675e+05 -3.805346866459670011e+06 -1.522763862134501338e+06 -1.742380551188880927e+05 4.987129130575851304e+05
2.886254919755137525e+06 4.824085455462339334e+06 5.133907124639726244e+06 2.239966789117514156e+06 5.154670383385684690e+05 1.474240134419058159e+05 -1.045724141180146835e+05 -4.612976440494740382e+04 -1.326127976194119547e+05 -2.890642761039062869e+06 8.773425632948515937e+06 3.893261529633771162e+06 2.218208639734002296e+06 -1.430425342855404364e+06 -1.589625133401695872e+06 -9.129248967987687793e+05 -1.699346471161120862e+05 2.106052166148043761e+05
1.134163434732064139e+06 4.026314728282360360e+06 2.239966789117514156e+06 2.750866265819550026e+06 3.171650340692297323e+05 3.183666624335133238e+05 -6.101432418661654810e+04 1.176741921082017507e+04 1.030681277968913637e+05 -2.015263288795553148e+06 6.831407497196619399e+06 4.022774668790622149e+06 2.468225792010479607e+06 3.271669089328690316e+05 -1.510678993195881601e+06 -1.886083216864802234e+05 -4.092522235903661349e+05 3.540891315717227990e+05
4.256559925355247688e+05 7.179380589856684674e+05 5.154670383385684690e+05 3.171650340692297323e+05 9.021739021154291695e+05 2.151423070720393735e+05 -1.092672214983926388e+05 4.881094428269404307e+04 3.805012391374395520e+04 2.071241514313524822e+06 -5.911939458985502133e+05 2.804739559419692494e+06 2.547089195940862119e+05 7.702022154841219308e+05 2.275203365935905022e+05 -7.279024492006973014e+04 -1.583830937077975832e+05 2.979498233828798402e+04
1.533443595920329448e+06 1.226317516756037716e+06 1.474240134419058159e+05 3.183666624335133238e+05 2.151423070720393735e+05 7.908805623173648492e+05 1.030318955563413620e+05 1.351648829941531003e+05 2.907820739302994843e+04 4.616619900131726754e+05 8.743781552830530563e+05 7.530607709292417858e+05 -9.973992683373282489e+04 1.014606383162451093e+06 1.700167647040857701e+05 1.536464741864590615e+05 -2.300064702278660261e+05 -3.319204719835163269e+04
9.522800746171751525e+05 -4.245177990238284110e+05 -1.045724141180146835e+05 -6.101432418661654810e+04 -1.092672214983926388e+05 1.030318955563413620e+05 3.347122082742891507e+05 7.677357621746169752e+04 -2.394311875814375526e+04 -6.565428380741238361e+05 -5.826197281786741223e+05 -8.491537718088523252e+05 3.444021295465409057e+05 -3.425446568711534928e+04 -1.238624872222692356e+05 2.200113107994570746e+05 -3.124951771036853825e+04 -1.899118985441768746e+04
1.326005814018015371e+03 -3.528363667673910386e+05 -4.612976440494740382e+04 1.176741921082017507e+04 4.881094428269404307e+04 1.351648829941531003e+05 7.677357621746169752e+04 2.080019207415026031e+05 6.262095733312618540e+04 -6.749191251079249196e+05 -1.503026246519639622e+06 -2.603606557852442784e+05 -3.114199381347007002e+05 3.568503992909585359e+05 2.489388160231317161e+05 2.135285235064985172e+05 5.543956205742555176e+04 -3.214543476947060844e+04
6.981221131509749102e+04 -4.047681419089754490e+04 -1.326127976194119547e+05 1.030681277968913637e+05 3.805012391374395520e+04 2.907820739302994843e+04 -2.394311875814375526e+04 6.262095733312618540e+04 1.523719479361940757e+05 3.790025635449451511e+05 -1.076828094137820182e+06 5.855398319124258123e+05 1.787536574153291585e+05 7.524929065634963627e+04 6.153632159804057301e+04 5.375477002616885875e+04 4.841491424069183995e+04 6.133825823770355782e+04
3.777061211941178143e+07 -5.117853789281337522e+06 -2.890642761039062869e+06 -2.015263288795553148e+06 2.071241514313524822e+06 4.616619900131726754e+05 -6.565428380741238361e+05 -6.749191251079249196e+05 3.790025635449451511e+05 1.827150387246043682e+08 5.359842295696977526e+07 2.013845532370078936e+07 -8.983684152346925810e+06 1.162730727519854158e+07 1.884447822871383745e+06 -2.451930876888235100e+06 5.861994262973885052e+05 -1.265659402115025558e+06
-4.020857428478807677e+06 2.532098677766821533e+07 8.773425632948515937e+06 6.831407497196619399e+06 -5.911939458985502133e+05 8.743781552830530563e+05 -5.826197281786741223e+05 -1.503026246519639622e+06 -1.076828094137820182e+06 5.359842295696977526e+07 1.365562072940538228e+08 1.487565597269362770e+07 -3.240320499671473168e+06 -3.806971476941693109e+05 -6.244259595670632087e+06 -3.495424954494698439e+06 -2.347197987641286105e+06 7.611731055239944253e+05
5.433094724976449274e+06 1.545353866822695918e+07 3.893261529633771162e+06 4.022774668790622149e+06 2.804739559419692494e+06 7.530607709292417858e+05 -8.491537718088523252e+05 -2.603606557852442784e+05 5.855398319124258123e+05 2.013845532370078936e+07 1.487565597269362770e+07 4.342785057738231122e+07 9.067159483094997704e+06 4.817885705508260056e+06 -1.317132624030917417e+06 -6.034776870445921086e+05 9.278575902775410796e+05 9.831832183775665471e+05
4.171626023271813989e+06 3.456948840716473293e+06 2.218208639734002296e+06 2.468225792010479607e+06 2.547089195940862119e+05 -9.973992683373282489e+04 3.444021295465409057e+05 -3.114199381347007002e+05 1.787536574153291585e+05 -8.983684152346925810e+06 -3.240320499671473168e+06 9.067159483094997704e+06 1.320392671732445620e+07 -8.169014892180161551e+05 -3.152870911866825540e+06 -9.046716886389893480e+05 8.083470230662432732e+05 1.503878288006008370e+05
-2.116958158171502873e+06 -7.031747446667159675e+05 -1.430425342855404364e+06 3.271669089328690316e+05 7.702022154841219308e+05 1.014606383162451093e+06 -3.425446568711534928e+04 3.568503992909585359e+05 7.524929065634963627e+04 1.162730727519854158e+07 -3.806971476941693109e+05 4.817885705508260056e+06 -8.169014892180161551e+05 6.017740082583729178e+06 9.338173144103257218e+05 6.019689845574065112e+05 -3.019864403349264758e+05 2.038430213683906768e+05
-2.288210113628012128e+06 -3.805346866459670011e+06 -1.589625133401695872e+06 -1.510678993195881601e+06 2.275203365935905022e+05 1.700167647040857701e+05 -1.238624872222692356e+05 2.489388160231317161e+05 6.153632159804057301e+04 1.884447822871383745e+06 -6.244259595670632087e+06 -1.317132624030917417e+06 -3.152870911866825540e+06 9.338173144103257218e+05 2.915704694839200936e+06 7.448536082072671270e+05 8.517243629546665761e+04 -3.068528168754276121e+05
4.034364125275220722e+05 -1.522763862134501338e+06 -9.129248967987687793e+05 -1.886083216864802234e+05 -7.279024492006973014e+04 1.536464741864590615e+05 2.200113107994570746e+05 2.135285235064985172e+05 5.375477002616885875e+04 -2.451930876888235100e+06 -3.495424954494698439e+06 -6.034776870445921086e+05 -9.046716886389893480e+05 6.019689845574065112e+05 7.448536082072671270e+05 1.173459749565527774e+06 -2.909174212977899879e+04 -7.366569072510747355e+04
1.018946488789451658e+06 -1.742380551188880927e+05 -1.699346471161120862e+05 -4.092522235903661349e+05 -1.583830937077975832e+05 -2.300064702278660261e+05 -3.124951771036853825e+04 5.543956205742555176e+04 4.841491424069183995e+04 5.861994262973885052e+05 -2.347197987641286105e+06 9.278575902775410796e+05 8.083470230662432732e+05 -3.019864403349264758e+05 8.517243629546665761e+04 -2.909174212977899879e+04 7.451985517345953267e+05 -1.924993962963623344e+05
-7.857889606793205021e+05 4.987129130575851304e+05 2.106052166148043761e+05 3.540891315717227990e+05 2.979498233828798402e+04 -3.319204719835163269e+04 -1.899118985441768746e+04 -3.214543476947060844e+04 6.133825823770355782e+04 -1.265659402115025558e+06 7.611731055239944253e+05 9.831832183775665471e+05 1.503878288006008370e+05 2.038430213683906768e+05 -3.068528168754276121e+05 -7.366569072510747355e+04 -1.924993962963623344e+05 4.314164061104854336e+05
