4.590750500605018437e+07 1.063271584462596849e+07 -9.640212170366911450e+05 -9.665507015290524578e+04 -2.914695633299142588e+06 7.674773117022976294e+03 9.731559799069608562e+05 7.280088170458088862e+05 -3.911375280916441116e+05 -1.972786915563222766e+07 5.196198380528124981e+06 -4.261517648105215281e+06 -3.997846430767216720e+06 4.631092024678935413e+05 -1.113020354731015395e+06 5.718797585183987394e+06 2.757156664224667475e+06 7.042705049854808021e+05
1.063271584462596849e+07 1.886013925601533800e+07 -1.559681803829897661e+06 2.518142478484124411e+06 -4.954907533920848509e+05 -8.700279505749465898e+05 1.752759005662447889e+05 2.745496954601460602e+05 1.131353889716785197e+05 -8.265505560505164787e+06 1.604538496651284583e+07 6.030739255382125266e+06 7.428677814666476101e+06 1.448608904244091129e+06 -6.549762111465042690e+05 9.099615138638148783e+05 1.385991074783354532e+06 1.852466499870084925e+06
-9.640212170366911450e+05 -1.559681803829897661e+06 1.308683901992215775e+06 9.136576776112057269e+04 2.886604711535528986e+04 1.449205197193322238e+05 -1.913892267745318804e+03 -3.811733768574654823e+04 2.832361509716889123e+04 -1.705683886432580184e+06 -1.725980564886806067e+06 -1.012725148174314527e+06 -8.836712809537721332e+05 -1.343098483195102308e+05 -1.075705902251036896e+05 -4.616242128337061731e+05 -7.572427324726278312e+04 -1.146163094275746553e+05
-9.665507015290524578e+04 2.518142478484124411e+06 9.136576776112057269e+04 2.096181931826130720e+06 3.365676304459742387e+05 -1.733800470135317300e+05 1.097238530871424882e+04 3.653506264370703866e+04 7.368522758452202834e+04 -9.553545716839201748e+06 2.354377223390906292e+05 8.991529088426959788e+03 2.614574210037209094e+06 5.998425595919030020e+05 -2.347751744005042128e+05 -5.133279293624622514e+05 -3.444052739039171138e+05 -1.545335806654830812e+05
-2.914695633299142588e+06 -4.954907533920848509e+05 2.886604711535528986e+04 3.365676304459742387e+05 1.270800315943616210e+06 1.256891981622168532e+05 -8.494432987848746416e+04 4.894982071095478022e+04 3.424862034171243431e+04 3.044061480292143300e+06 1.017453556180793559e+06 -6.476546741540112998e+05 6.137394439305850537e+05 5.100502868104648078e+05 7.906495109225895721e+05 1.180992295566024586e+04 -3.155739399637407623e+05 -2.950281386451692670e+05
7.674773117022976294e+03 -8.700279505749465898e+05 1.449205197193322238e+05 -1.733800470135317300e+05 1.256891981622168532e+05 3.856211864703210886e+05 1.586460979099097603e+05 1.194126529707093505e+04 -4.236989043775207392e+03 -1.560093035381972091e+06 -7.546700258772505913e+04 -7.366471283484679880e+05 2.495038770712278711e+04 -1.246934235517355264e+05 1.786497020871182031e+05 -3.122893139170515351e+05 -1.295425908512521710e+05 -1.778739986284775077e+05
9.731559799069608562e+05 1.752759005662447889e+05 -1.913892267745318804e+03 1.097238530871424882e+04 -8.494432987848746416e+04 1.586460979099097603e+05 2.714541240922217257e+05 1.189043202594123286e+05 6.073908185833245079e+04 -3.600239294304220937e+06 -4.116056417345830705e+05 4.224468558555682539e+05 6.352970056261738064e+05 1.175762398735704483e+05 2.031741631359182065e+04 -7.168956840274650312e+04 1.612277284365380474e+05 6.318843224002988427e+04
7.280088170458088862e+05 2.745496954601460602e+05 -3.811733768574654823e+04 3.653506264370703866e+04 4.894982071095478022e+04 1.194126529707093505e+04 1.189043202594123286e+05 1.856979294035231287e+05 5.863699939370745415e+04 -8.614586714802058414e+05 -3.702538640101649216e+05 1.356087682886620314e+04 3.693196423002818483e+05 1.845025435283012339e+05 1.076647783224931627e+05 1.066575889295718371e+05 5.394817865246187284e+04 3.472471956051983580e+04
-3.911375280916441116e+05 1.131353889716785197e+05 2.832361509716889123e+04 7.368522758452202834e+04 3.424862034171243431e+04 -4.236989043775207392e+03 6.073908185833245079e+04 5.863699939370745415e+04 1.829002228371488454e+05 -1.630274124378117733e+06 -8.203931792667013360e+05 3.602796632533951779e+05 3.164891023403579602e+05 -1.055603755232787080e+05 -6.149466797575414967e+04 7.445836954112035164e+04 -1.635162335724281729e+04 6.760943790508044185e+04
-1.972786915563222766e+07 -8.265505560505164787e+06 -1.705683886432580184e+06 -9.553545716839201748e+06 3.044061480292143300e+06 -1.560093035381972091e+06 -3.600239294304220937e+06 -8.614586714802058414e+05 -1.630274124378117733e+06 2.270828037336496115e+08 2.002108394674554095e+07 -1.852799582251284644e+07 -1.628709468870402873e+07 5.207232158948371653e+05 -4.657957589895764366e+06 2.033905823373693973e+06 -2.337670931908817496e+06 -1.872209211088825716e+06
5.196198380528124981e+06 1.604538496651284583e+07 -1.725980564886806067e+06 2.354377223390906292e+05 1.017453556180793559e+06 -7.546700258772505913e+04 -4.116056417345830705e+05 -3.702538640101649216e+05 -8.203931792667013360e+05 2.002108394674554095e+07 7.590196231049031019e+07 6.197457191520605236e+06 9.049823135941462591e+06 2.600336489261194598e+06 -3.146780424192582257e+06 -1.904678408272314409e+05 1.124691611910901964e+06 2.894535918489003554e+06
-4.261517648105215281e+06 6.030739255382125266e+06 -1.012725148174314527e+06 8.991529088426959788e+03 -6.476546741540112998e+05 -7.366471283484679880e+05 4.224468558555682539e+05 1.356087682886620314e+04 3.602796632533951779e+05 -1.852799582251284644e+07 6.197457191520605236e+06 2.569256456194481626e+07 4.673635909036459401e+06 -1.029875063413403928e+06 1.304162039211664087e+05 -1.824790322239794477e+05 6.376180360141397687e+05 1.672100027808682295e+06
-3.997846430767216720e+06 7.428677814666476101e+06 -8.836712809537721332e+05 2.614574210037209094e+06 6.137394439305850537e+05 2.495038770712278711e+04 6.352970056261738064e+05 3.693196423002818483e+05 3.164891023403579602e+05 -1.628709468870402873e+07 9.049823135941462591e+06 4.673635909036459401e+06 1.149517926117704064e+07 1.441646841503984295e+06 -6.647765296231368557e+05 -1.477185665136230877e+06 3.142601370913076680e+05 5.434098760747304186e+05
4.631092024678935413e+05 1.448608904244091129e+06 -1.343098483195102308e+05 5.998425595919030020e+05 5.100502868104648078e+05 -1.246934235517355264e+05 1.175762398735704483e+05 1.845025435283012339e+05 -1.055603755232787080e+05 5.207232158948371653e+05 2.600336489261194598e+06 -1.029875063413403928e+06 1.441646841503984295e+06 4.380602262995209545e+06 7.133823204735089093e+05 -3.513580526104417513e+05 -2.551445804940429225e+05 4.758845238922564313e+05
-1.113020354731015395e+06 -6.549762111465042690e+05 -1.075705902251036896e+05 -2.347751744005042128e+05 7.906495109225895721e+05 1.786497020871182031e+05 2.031741631359182065e+04 1.076647783224931627e+05 -6.149466797575414967e+04 -4.657957589895764366e+06 -3.146780424192582257e+06 1.304162039211664087e+05 -6.647765296231368557e+05 7.133823204735089093e+05 3.501645310165803414e+06 -2.729812056105920346e+05 -1.423403656049969431e+05 -1.922923109617393638e+05
5.718797585183987394e+06 9.099615138638148783e+05 -4.616242128337061731e+05 -5.133279293624622514e+05 1.180992295566024586e+04 -3.122893139170515351e+05 -7.168956840274650312e+04 1.066575889295718371e+05 7.445836954112035164e+04 2.033905823373693973e+06 -1.904678408272314409e+05 -1.824790322239794477e+05 -1.477185665136230877e+06 -3.513580526104417513e+05 -2.729812056105920346e+05 2.515813514234392438e+06 9.343453268967848271e+05 9.048603728547767969e+04
2.757156664224667475e+06 1.385991074783354532e+06 -7.572427324726278312e+04 -3.444052739039171138e+05 -3.155739399637407623e+05 -1.295425908512521710e+05 1.612277284365380474e+05 5.394817865246187284e+04 -1.635162335724281729e+04 -2.337670931908817496e+06 1.124691611910901964e+06 6.376180360141397687e+05 3.142601370913076680e+05 -2.551445804940429225e+05 -1.423403656049969431e+05 9.343453268967848271e+05 1.055613436339364853e+06 3.301417986009742599e+05
7.042705049854808021e+05 1.852466499870084925e+06 -1.146163094275746553e+05 -1.545335806654830812e+05 -2.950281386451692670e+05 -1.778739986284775077e+05 6.318843224002988427e+04 3.472471956051983580e+04 6.760943790508044185e+04 -1.872209211088825716e+06 2.894535918489003554e+06 1.672100027808682295e+06 5.434098760747304186e+05 4.758845238922564313e+05 -1.922923109617393638e+05 9.048603728547767969e+04 3.301417986009742599e+05 6.607703665159121156e+05
