4.947782072740856558e+07 -1.677190171823799843e+06 8.973234131700184196e+06 2.630978336885059252e+05 1.354264501568622189e+06 -1.227392643319235416e+06 2.166330906282444019e+06 1.702954839314752258e+06 7.417490698673828738e+05 6.000610805393985659e+07 1.257066123554900661e+07 1.253266159194363467e+07 5.105628854569235817e+06 -1.385579120720593783e+05 1.149346470940577798e+06 1.081250731844963506e+06 2.550850093459628988e+06 6.313726485135572730e+05
-1.677190171823799843e+06 1.353944081474002264e+07 2.848627188853065949e+06 -1.596113073184412671e+06 6.116194775599507848e+05 3.296167365665536490e+05 3.436724269125299761e+05 -1.491276475758682645e+05 -1.264556132151360798e+05 -3.660791927088906989e+06 -2.495551972208385356e+06 -1.260942033728626324e+06 -6.400159626261470839e+06 -2.895733116596315056e+06 -5.895957874428599607e+05 -5.825632345277817221e+05 -5.198107177678541047e+05 6.006586480036059947e+04
8.973234131700184196e+06 2.848627188853065949e+06 5.734569169963587075e+06 1.110769580155037838e+05 8.259458144126569387e+05 2.543586135362225759e+05 6.397133522196107078e+05 1.975144921589062724e+05 -1.076817434497332870e+05 5.088064220231739804e+06 -1.507823767857444705e+06 4.929253976443965919e+06 -5.716898871666394552e+04 -1.012220065335034044e+06 -2.510942189367095998e+05 1.689683275818847469e+05 -7.057087241725166677e+04 -1.997733082998057944e+05
2.630978336885059252e+05 -1.596113073184412671e+06 1.110769580155037838e+05 1.780807887624635827e+06 -3.002757438750562505e+04 5.404030775801516575e+04 8.024485198814430078e+03 -7.946099812833234319e+04 7.897748544535101973e+04 -1.009982803623175249e+06 2.775120928397729062e+06 1.794257946928822785e+05 1.262308854655558709e+06 -3.337297196456131060e+05 5.562002787524671294e+05 2.893685894702032674e+05 1.530861187107966980e+05 -1.402020306050453510e+05
1.354264501568622189e+06 6.116194775599507848e+05 8.259458144126569387e+05 -3.002757438750562505e+04 1.588145515149692539e+06 3.545538061950534466e+05 4.321751552206413180e+04 1.074821164980185567e+05 9.245221788121195277e+04 -4.149594085235107224e+06 -2.252643588285456412e+06 -1.804784775572608691e+06 -1.709084682209068269e+05 1.303336794355651131e+06 -9.396494046735287702e+04 4.791118901591570466e+05 2.280204358034491888e+05 2.270539229683599551e+05
-1.227392643319235416e+06 3.296167365665536490e+05 2.543586135362225759e+05 5.404030775801516575e+04 3.545538061950534466e+05 6.468367174157307018e+05 -2.031393016958054504e+05 9.762713799069912056e+04 1.165950881964412692e+05 -4.009775434657201171e+06 -4.085650120971841970e+05 3.158882229086874941e+04 -7.804874514839096228e+05 6.538442453962241416e+03 2.070068620166527107e+05 5.506959137338146684e+04 3.060824442005725577e+05 -2.714505529441160979e+04
2.166330906282444019e+06 3.436724269125299761e+05 6.397133522196107078e+05 8.024485198814430078e+03 4.321751552206413180e+04 -2.031393016958054504e+05 4.497784258128531510e+05 -9.599014331213815012e+02 -2.425070694498308148e+04 2.310405660478675272e+06 -1.329005931259901554e+05 1.199587124275616137e+06 3.045440040734813665e+05 -2.310394906895401655e+05 1.507238210761235387e+05 7.581132828944434550e+03 -4.038967268149458105e+05 1.203744907615081902e+05
1.702954839314752258e+06 -1.491276475758682645e+05 1.975144921589062724e+05 -7.946099812833234319e+04 1.074821164980185567e+05 9.762713799069912056e+04 -9.599014331213815012e+02 2.323328100195318111e+05 9.416380402301269351e+04 1.583637727748660836e+06 4.173008062916583149e+05 4.183965619004600449e+05 -2.072214358869322750e+05 -2.248999370328940568e+05 -1.267036796598818000e+04 1.964841532183866775e+03 2.044090149560203718e+05 4.694489716872546705e+04
7.417490698673828738e+05 -1.264556132151360798e+05 -1.076817434497332870e+05 7.897748544535101973e+04 9.245221788121195277e+04 1.165950881964412692e+05 -2.425070694498308148e+04 9.416380402301269351e+04 1.336919501931860577e+05 1.191522097720296355e+06 4.863116407449513208e+05 -1.233114911506570352e+05 2.134545344512663432e+05 -6.504265147303380945e+04 1.929076042486292426e+05 8.811375354495763531e+03 1.946324201781688025e+05 9.135196660290627915e+04
6.000610805393985659e+07 -3.660791927088906989e+06 5.088064220231739804e+06 -1.009982803623175249e+06 -4.149594085235107224e+06 -4.009775434657201171e+06 2.310405660478675272e+06 1.583637727748660836e+06 1.191522097720296355e+06 2.111569442354588211e+08 4.230935619173111767e+07 2.708102037759688683e+06 7.259300209062268026e+06 -9.720069972883064300e+06 -6.522406109247518471e+05 -1.458564722411210416e+06 2.721133512775047682e+06 1.022363394523890573e+06
1.257066123554900661e+07 -2.495551972208385356e+06 -1.507823767857444705e+06 2.775120928397729062e+06 -2.252643588285456412e+06 -4.085650120971841970e+05 -1.329005931259901554e+05 4.173008062916583149e+05 4.863116407449513208e+05 4.230935619173111767e+07 4.579269974440262467e+07 1.841730540101878345e+07 4.208667069881415926e+06 -5.741778707006797194e+06 -1.490464939338820754e+06 -1.484875652126896894e+06 1.508493358909277478e+06 9.364866404059628258e+05
1.253266159194363467e+07 -1.260942033728626324e+06 4.929253976443965919e+06 1.794257946928822785e+05 -1.804784775572608691e+06 3.158882229086874941e+04 1.199587124275616137e+06 4.183965619004600449e+05 -1.233114911506570352e+05 2.708102037759688683e+06 1.841730540101878345e+07 4.301805227251374722e+07 2.772584238040336873e+06 -5.980960638231648132e+06 -1.680137462501320522e+06 2.133090318835741982e+03 -7.645804583176135784e+05 8.680515340126166120e+05
5.105628854569235817e+06 -6.400159626261470839e+06 -5.716898871666394552e+04 1.262308854655558709e+06 -1.709084682209068269e+05 -7.804874514839096228e+05 3.045440040734813665e+05 -2.072214358869322750e+05 2.134545344512663432e+05 7.259300209062268026e+06 4.208667069881415926e+06 2.772584238040336873e+06 8.588465922669135034e+06 1.306407296196956886e+06 3.691780433817884186e+05 1.131699866761226731e+05 1.663547097951178730e+05 9.031348208683076082e+05
-1.385579120720593783e+05 -2.895733116596315056e+06 -1.012220065335034044e+06 -3.337297196456131060e+05 1.303336794355651131e+06 6.538442453962241416e+03 -2.310394906895401655e+05 -2.248999370328940568e+05 -6.504265147303380945e+04 -9.720069972883064300e+06 -5.741778707006797194e+06 -5.980960638231648132e+06 1.306407296196956886e+06 5.491034634750831872e+06 -8.026199817841313779e+04 1.091232821272245375e+06 4.304350046445137705e+05 -4.273222180039404193e+05
1.149346470940577798e+06 -5.895957874428599607e+05 -2.510942189367095998e+05 5.562002787524671294e+05 -9.396494046735287702e+04 2.070068620166527107e+05 1.507238210761235387e+05 -1.267036796598818000e+04 1.929076042486292426e+05 -6.522406109247518471e+05 -1.490464939338820754e+06 -1.680137462501320522e+06 3.691780433817884186e+05 -8.026199817841313779e+04 3.320262174317388330e+06 3.019953390312996344e+05 1.661563905494268693e+05 -7.492767520456152852e+04
1.081250731844963506e+06 -5.825632345277817221e+05 1.689683275818847469e+05 2.893685894702032674e+05 4.791118901591570466e+05 5.506959137338146684e+04 7.581132828944434550e+03 1.964841532183866775e+03 8.811375354495763531e+03 -1.458564722411210416e+06 -1.484875652126896894e+06 2.133090318835741982e+03 1.131699866761226731e+05 1.091232821272245375e+06 3.019953390312996344e+05 9.948782167679249542e+05 3.198531236481594387e+05 -1.126039953514317313e+05
2.550850093459628988e+06 -5.198107177678541047e+05 -7.057087241725166677e+04 1.530861187107966980e+05 2.280204358034491888e+05 3.060824442005725577e+05 -4.038967268149458105e+05 2.044090149560203718e+05 1.946324201781688025e+05 2.721133512775047682e+06 1.508493358909277478e+06 -7.645804583176135784e+05 1.663547097951178730e+05 4.304350046445137705e+05 1.661563905494268693e+05 3.198531236481594387e+05 1.288248080971632851e+06 -1.577497700749186333e+05
6.313726485135572730e+05 6.006586480036059947e+04 -1.997733082998057944e+05 -1.402020306050453510e+05 2.270539229683599551e+05 -2.714505529441160979e+04 1.203744907615081902e+05 4.694489716872546705e+04 9.135196660290627915e+04 1.022363394523890573e+06 9.364866404059628258e+05 8.680515340126166120e+05 9.031348208683076082e+05 -4.273222180039404193e+05 -7.492767520456152852e+04 -1.126039953514317313e+05 -1.577497700749186333e+05 7.414596778844657820e+05
