8.346772550180914998e+07 5.106111613438663073e+06 7.952654640067452565e+06 -3.466625666578370729e+05 3.081208671517318115e+06 -2.764032116874498315e+05 3.554098811031677178e+05 -8.020639641181126935e+05 -7.191438728171573021e+05 2.825020255181955174e+07 -1.220756832401979156e+07 -8.921032202954797074e+06 -1.283550025699285790e+07 -4.615538036570617114e+05 -3.296372035449581686e+06 -5.735651626645877026e+06 -2.406246143425356597e+06 -3.904041415030349046e+06
5.106111613438663073e+06 1.226634957873206213e+07 2.560209922278292943e+05 8.974547536373224575e+05 2.151038788204694632e+06 2.852374795310716145e+05 7.517166668909416767e+05 6.312718186775166541e+05 -1.799904651711154438e+05 2.397131157112778630e+06 6.482123957349244505e+06 -7.339882997141613625e+06 2.367624574245322961e+06 2.020986544801454991e+06 -8.158157604646648979e+05 6.072895723865326727e+05 1.318210451463649981e+06 1.580573735248591765e+04
7.952654640067452565e+06 2.560209922278292943e+05 6.627564898854868487e+06 5.956106431623755489e+05 9.455175875972104259e+05 3.380019364237651462e+05 2.169018490962344804e+05 2.722830697112275520e+05 2.202771367810480297e+05 -4.079948026284262538e+06 -6.607562569931020262e+05 1.967908658024962991e+06 -2.834596739048801363e+06 1.030816029929684824e+06 -9.010233643763314467e+05 2.705134307339830557e+05 -9.354989543128054356e+04 3.868817059717990196e+04
-3.466625666578370729e+05 8.974547536373224575e+05 5.956106431623755489e+05 2.732084338726599701e+06 6.220487862666427391e+05 3.950644718919557636e+05 1.677204902154803858e+05 8.970581278584798565e+04 2.513736024086399120e+05 -1.956727178495462984e+06 1.016571556572113768e+06 -1.668232202478053747e+06 3.779070137990141520e+05 -2.488996534436989532e+04 6.603012569847794948e+05 1.267403169967319351e+06 3.510324440781208687e+05 2.796731026840728591e+05
3.081208671517318115e+06 2.151038788204694632e+06 9.455175875972104259e+05 6.220487862666427391e+05 1.378793139080799650e+06 2.137309372698648367e+05 2.620101453259053524e+05 2.842928483726898558e+05 1.457679110730628017e+05 1.562895237404778600e+06 1.890658913923696382e+06 -2.669714944567643572e+06 -1.108173034048564732e+06 1.134109290603309870e+06 5.478745378630361520e+05 -1.673889907766268516e+04 4.353495430174043868e+05 1.386318726147122215e+05
-2.764032116874498315e+05 2.852374795310716145e+05 3.380019364237651462e+05 3.950644718919557636e+05 2.137309372698648367e+05 3.198555365339596174e+05 2.246707124419559259e+05 9.429798051362036495e+04 8.039221959875545872e+04 7.417478227571420139e+05 1.565403354946374311e+05 -8.134745273666282883e+05 2.043813416494141566e+05 1.452691590803664585e+05 -2.725363236835261341e+04 2.589141548395663849e+05 2.039692375577253988e+05 1.628832444367684366e+05
3.554098811031677178e+05 7.517166668909416767e+05 2.169018490962344804e+05 1.677204902154803858e+05 2.620101453259053524e+05 2.246707124419559259e+05 4.305532322050438961e+05 8.617980283032338775e+04 3.004778239766291154e+04 -2.767196229994951282e+06 -1.597630497333588137e+05 -1.809988640084330691e+06 -1.677321938533811772e+04 5.429802799761163769e+05 -2.378098283791894792e+05 1.460638138785192568e+05 1.172319304144828493e+05 -4.381345199686705018e+04
-8.020639641181126935e+05 6.312718186775166541e+05 2.722830697112275520e+05 8.970581278584798565e+04 2.842928483726898558e+05 9.429798051362036495e+04 8.617980283032338775e+04 2.628469988969473052e+05 8.586737922572054958e+04 9.642949537175177829e+05 1.378235506667394657e+06 -1.076925718976584263e+06 -8.483721513568841328e+04 3.256899249407499447e+05 -1.557305292785101919e+05 1.727312559641776606e+05 2.201287219902982761e+05 7.158494177155623038e+04
-7.191438728171573021e+05 -1.799904651711154438e+05 2.202771367810480297e+05 2.513736024086399120e+05 1.457679110730628017e+05 8.039221959875545872e+04 3.004778239766291154e+04 8.586737922572054958e+04 1.029860498180231662e+05 -3.921813288986019325e+05 1.440389791707171535e+05 -3.451411847671014839e+05 -1.538438488013133756e+05 2.125969808522620588e+05 2.088845888033799129e+05 1.245588655351880152e+05 1.741945489795011817e+05 5.006725785322627780e+04
2.825020255181955174e+07 2.397131157112778630e+06 -4.079948026284262538e+06 -1.956727178495462984e+06 1.562895237404778600e+06 7.417478227571420139e+05 -2.767196229994951282e+06 9.642949537175177829e+05 -3.921813288986019325e+05 3.126178478751193881e+08 5.713719974724578857e+07 -2.106383331490245461e+07 -1.091634160632933304e+07 -6.582273737508070190e+05 -1.566438809382689651e+06 -6.151033269088732079e+06 2.730463013872026466e+06 4.704574094436047599e+06
-1.220756832401979156e+07 6.482123957349244505e+06 -6.607562569931020262e+05 1.016571556572113768e+06 1.890658913923696382e+06 1.565403354946374311e+05 -1.597630497333588137e+05 1.378235506667394657e+06 1.440389791707171535e+05 5.713719974724578857e+07 6.230843899085795879e+07 1.059174055657346034e+06 3.989768825577331707e+06 2.471801876650146209e+06 -1.199076445146185579e+06 -5.592954429434282938e+05 2.993206327982458752e+05 1.571126278196698520e+06
-8.921032202954797074e+06 -7.339882997141613625e+06 1.967908658024962991e+06 -1.668232202478053747e+06 -2.669714944567643572e+06 -8.134745273666282883e+05 -1.809988640084330691e+06 -1.076925718976584263e+06 -3.451411847671014839e+05 -2.106383331490245461e+07 1.059174055657346034e+06 2.728547482409490272e+07 4.345536738658377901e+06 -4.021520139567829669e+06 1.832404200871312059e+06 1.493955341435221490e+05 -1.394203566390553955e+06 8.875170034578730119e+05
-1.283550025699285790e+07 2.367624574245322961e+06 -2.834596739048801363e+06 3.779070137990141520e+05 -1.108173034048564732e+06 2.043813416494141566e+05 -1.677321938533811772e+04 -8.483721513568841328e+04 -1.538438488013133756e+05 -1.091634160632933304e+07 3.989768825577331707e+06 4.345536738658377901e+06 9.591502959854740649e+06 -2.042726034736373986e+05 -8.961728252330254691e+03 1.652533736953041982e+06 5.030256697663071682e+05 9.297234840205452638e+05
-4.615538036570617114e+05 2.020986544801454991e+06 1.030816029929684824e+06 -2.488996534436989532e+04 1.134109290603309870e+06 1.452691590803664585e+05 5.429802799761163769e+05 3.256899249407499447e+05 2.125969808522620588e+05 -6.582273737508070190e+05 2.471801876650146209e+06 -4.021520139567829669e+06 -2.042726034736373986e+05 5.053063357662999071e+06 1.840489290490121348e+05 3.197482918969150633e+05 6.345780265456845518e+05 -7.472915812123365868e+03
-3.296372035449581686e+06 -8.158157604646648979e+05 -9.010233643763314467e+05 6.603012569847794948e+05 5.478745378630361520e+05 -2.725363236835261341e+04 -2.378098283791894792e+05 -1.557305292785101919e+05 2.088845888033799129e+05 -1.566438809382689651e+06 -1.199076445146185579e+06 1.832404200871312059e+06 -8.961728252330254691e+03 1.840489290490121348e+05 3.887923368108648807e+06 4.457945020305612125e+05 1.234826143678757828e+06 8.158397747240734752e+05
-5.735651626645877026e+06 6.072895723865326727e+05 2.705134307339830557e+05 1.267403169967319351e+06 -1.673889907766268516e+04 2.589141548395663849e+05 1.460638138785192568e+05 1.727312559641776606e+05 1.245588655351880152e+05 -6.151033269088732079e+06 -5.592954429434282938e+05 1.493955341435221490e+05 1.652533736953041982e+06 3.197482918969150633e+05 4.457945020305612125e+05 2.243101778735359199e+06 5.933310669373605633e+05 5.956738405737733701e+05
-2.406246143425356597e+06 1.318210451463649981e+06 -9.354989543128054356e+04 3.510324440781208687e+05 4.353495430174043868e+05 2.039692375577253988e+05 1.172319304144828493e+05 2.201287219902982761e+05 1.741945489795011817e+05 2.730463013872026466e+06 2.993206327982458752e+05 -1.394203566390553955e+06 5.030256697663071682e+05 6.345780265456845518e+05 1.234826143678757828e+06 5.933310669373605633e+05 1.719895025764402701e+06 4.181444090505639324e+05
-3.904041415030349046e+06 1.580573735248591765e+04 3.868817059717990196e+04 2.796731026840728591e+05 1.386318726147122215e+05 1.628832444367684366e+05 -4.381345199686705018e+04 7.158494177155623038e+04 5.006725785322627780e+04 4.704574094436047599e+06 1.571126278196698520e+06 8.875170034578730119e+05 9.297234840205452638e+05 -7.472915812123365868e+03 8.158397747240734752e+05 5.956738405737733701e+05 4.181444090505639324e+05 7.990830332666519098e+05
