7.034536657320614159e+07 3.948642299136032350e+06 1.088732332756461110e+06 1.514192539140410721e+06 -2.807735979208443779e+06 -9.330201131789468927e+05 4.881823166851314600e+05 -7.861468546466317493e+05 -1.538223172138961381e+05 1.782481927095708624e+07 -1.736982405631148024e+06 1.542577357201386802e+07 6.573282548330422491e+06 -1.099613147182073910e+06 2.082009407574157231e+06 2.723144425213385839e+06 -1.200429634997668676e+06 -1.765380231559627457e+06
3.948642299136032350e+06 2.293345604535575584e+07 1.416407898344198009e+06 -4.785929756416592281e+05 2.718709586066269549e+05 -7.633891664475513389e+05 -2.068592794590909325e+05 4.201397957797877025e+05 4.476349049718863098e+05 -8.654256438214939088e+06 8.743215315952436998e+06 6.317878581489014439e+06 6.395144976353260688e+06 2.762793982701328117e+06 -2.324567856147246435e+06 -2.007048050753075629e+06 -6.237362057805901859e+05 -5.563986830269271741e+05
1.088732332756461110e+06 1.416407898344198009e+06 4.232477418639864773e+06 1.187964740197602892e+06 6.741482760620366316e+05 -3.510953236037167953e+05 -1.497024424707852304e+05 -2.234920550926096912e+05 -5.649561356427055580e+04 4.313017370417932048e+06 8.234361024465177208e+06 3.996267161961562466e+06 6.259526429620260606e+05 -2.334458769308998017e+05 6.338604558313260786e+05 -9.086536273358403705e+05 -9.116308304854066228e+04 2.701808759759127861e+05
1.514192539140410721e+06 -4.785929756416592281e+05 1.187964740197602892e+06 1.971486651815200225e+06 2.631985689329377492e+05 -3.073063611516634119e+05 6.787232445718339295e+04 6.909041860026057111e+04 1.175000017339605838e+05 3.718024243344484828e+06 4.195642291103308089e+06 -6.151136988501899177e+05 5.016532411906730267e+05 9.307153046732703224e+05 1.359345782279655570e+06 4.095269384105578065e+05 1.335829295188719698e+05 -2.255626948076010740e+05
-2.807735979208443779e+06 2.718709586066269549e+05 6.741482760620366316e+05 2.631985689329377492e+05 9.332759398779841140e+05 -1.807458237528692698e+05 8.108869679588322469e+04 -8.325923288445395883e+04 -5.350251447902013024e+04 1.453019649298849516e+06 2.480923873499091249e+06 4.550759158978856285e+05 -2.052881068696166913e+05 1.294236310957791720e+05 -2.796837688359053573e+04 9.386939289265735715e+04 -1.311271956420927600e+05 4.221589928490618477e+05
-9.330201131789468927e+05 -7.633891664475513389e+05 -3.510953236037167953e+05 -3.073063611516634119e+05 -1.807458237528692698e+05 4.771734706836672849e+05 1.043118537416488107e+05 9.414990037765181114e+03 3.951018430339278711e+04 -2.210364087397055235e+06 -2.175093215050928295e+06 -1.267346943395361537e+06 -1.095620538851843885e+05 -2.886630372396508465e+05 9.826666499108888092e+04 -2.368456350364009268e+05 -3.400876549489387980e+04 -2.200254906861613199e+04
4.881823166851314600e+05 -2.068592794590909325e+05 -1.497024424707852304e+05 6.787232445718339295e+04 8.108869679588322469e+04 1.043118537416488107e+05 3.614319170680009411e+05 4.938695039139646542e+04 1.602036741956269361e+04 -5.321024576738582691e+05 -1.192435583134623710e+06 -1.233849254582028603e+06 -2.805774190932761994e+05 2.089075065820757663e+04 3.621103184334495454e+05 3.546942673618999106e+04 3.455335510020887887e+04 2.552983783183746855e+05
-7.861468546466317493e+05 4.201397957797877025e+05 -2.234920550926096912e+05 6.909041860026057111e+04 -8.325923288445395883e+04 9.414990037765181114e+03 4.938695039139646542e+04 1.189936664994153107e+05 8.609781361340275907e+04 -1.675300016597055830e+06 -2.538243231633336109e+05 -7.447388117944438709e+05 -1.316880241959675550e+04 1.481239011339471326e+05 1.541027341040020401e+05 3.872370778684187826e+04 9.626197049743816024e+04 -3.607433350361805788e+04
-1.538223172138961381e+05 4.476349049718863098e+05 -5.649561356427055580e+04 1.175000017339605838e+05 -5.350251447902013024e+04 3.951018430339278711e+04 1.602036741956269361e+04 8.609781361340275907e+04 1.338332927394726139e+05 -1.785216766484653344e+06 7.235957083344039274e+05 -2.298268528517151426e+05 2.058973915594777791e+05 5.565792224142228224e+04 6.470091480902989133e+04 -9.475714855712103599e+04 2.947460477023236672e+04 -2.110889785967172429e+04
1.782481927095708624e+07 -8.654256438214939088e+06 4.313017370417932048e+06 3.718024243344484828e+06 1.453019649298849516e+06 -2.210364087397055235e+06 -5.321024576738582691e+05 -1.675300016597055830e+06 -1.785216766484653344e+06 2.113765257590374649e+08 6.678444009228591807e+06 1.172614569643227570e+07 -2.037476958210159093e+07 -7.975088849561573006e+06 -1.731086769294256112e+06 4.324078680871024728e+06 2.185394052269780543e+06 -9.725200271509418963e+05
-1.736982405631148024e+06 8.743215315952436998e+06 8.234361024465177208e+06 4.195642291103308089e+06 2.480923873499091249e+06 -2.175093215050928295e+06 -1.192435583134623710e+06 -2.538243231633336109e+05 7.235957083344039274e+05 6.678444009228591807e+06 1.118788973809480369e+08 3.345828884170295298e+07 5.445453958749432117e+06 -8.088501682024010457e+06 -2.444865413190203253e+06 -4.543849766720228828e+06 -9.079061495318562957e+05 3.669156966278500040e+05
1.542577357201386802e+07 6.317878581489014439e+06 3.996267161961562466e+06 -6.151136988501899177e+05 4.550759158978856285e+05 -1.267346943395361537e+06 -1.233849254582028603e+06 -7.447388117944438709e+05 -2.298268528517151426e+05 1.172614569643227570e+07 3.345828884170295298e+07 3.620134652897614241e+07 6.428503767944945022e+06 -2.882446858051026706e+06 -3.695312894752421882e+06 -1.086016392336555291e+06 6.678251516072202940e+05 2.040780580741422600e+05
6.573282548330422491e+06 6.395144976353260688e+06 6.259526429620260606e+05 5.016532411906730267e+05 -2.052881068696166913e+05 -1.095620538851843885e+05 -2.805774190932761994e+05 -1.316880241959675550e+04 2.058973915594777791e+05 -2.037476958210159093e+07 5.445453958749432117e+06 6.428503767944945022e+06 9.386961641318144277e+06 2.273514142863276415e+06 1.311048117358044023e+06 -8.541918893231770489e+05 -4.610722545239457395e+05 -8.093179269669648493e+05
-1.099613147182073910e+06 2.762793982701328117e+06 -2.334458769308998017e+05 9.307153046732703224e+05 1.294236310957791720e+05 -2.886630372396508465e+05 2.089075065820757663e+04 1.481239011339471326e+05 5.565792224142228224e+04 -7.975088849561573006e+06 -8.088501682024010457e+06 -2.882446858051026706e+06 2.273514142863276415e+06 5.203515667980107479e+06 4.807180272976373089e+05 2.382268406611084938e+05 4.533295763262429391e+05 -4.887414132374819019e+05
2.082009407574157231e+06 -2.324567856147246435e+06 6.338604558313260786e+05 1.359345782279655570e+06 -2.796837688359053573e+04 9.826666499108888092e+04 3.621103184334495454e+05 1.541027341040020401e+05 6.470091480902989133e+04 -1.731086769294256112e+06 -2.444865413190203253e+06 -3.695312894752421882e+06 1.311048117358044023e+06 4.807180272976373089e+05 4.714579085297303274e+06 9.130973205180097139e+05 4.576254849831851316e+05 -1.401536110183926066e+05
2.723144425213385839e+06 -2.007048050753075629e+06 -9.086536273358403705e+05 4.095269384105578065e+05 9.386939289265735715e+04 -2.368456350364009268e+05 3.546942673618999106e+04 3.872370778684187826e+04 -9.475714855712103599e+04 4.324078680871024728e+06 -4.543849766720228828e+06 -1.086016392336555291e+06 -8.541918893231770489e+05 2.382268406611084938e+05 9.130973205180097139e+05 2.131554874121850822e+06 1.667847392154411355e+05 6.792789869039133191e+04
-1.200429634997668676e+06 -6.237362057805901859e+05 -9.116308304854066228e+04 1.335829295188719698e+05 -1.311271956420927600e+05 -3.400876549489387980e+04 3.455335510020887887e+04 9.626197049743816024e+04 2.947460477023236672e+04 2.185394052269780543e+06 -9.079061495318562957e+05 6.678251516072202940e+05 -4.610722545239457395e+05 4.533295763262429391e+05 4.576254849831851316e+05 1.667847392154411355e+05 7.527758668879247271e+05 5.104928076236297784e+04
-1.765380231559627457e+06 -5.563986830269271741e+05 2.701808759759127861e+05 -2.255626948076010740e+05 4.221589928490618477e+05 -2.200254906861613199e+04 2.552983783183746855e+05 -3.607433350361805788e+04 -2.110889785967172429e+04 -9.725200271509418963e+05 3.669156966278500040e+05 2.040780580741422600e+05 -8.093179269669648493e+05 -4.887414132374819019e+05 -1.401536110183926066e+05 6.792789869039133191e+04 5.104928076236297784e+04 8.330984502684008330e+05
