3.653360655248517543e+07 -8.159178113104234217e+05 -5.075576228568494320e+06 -2.272384870002520736e+06 -3.587889089083184954e+05 -1.045933023438421777e+06 9.051073650280281436e+04 -7.835977044647714356e+05 -1.269710022717070242e+05 4.314988963896270096e+07 2.467623419027642347e+06 7.171762559081001207e+06 -1.193410780780949257e+07 1.225987947862808360e+06 -7.204257958339290926e+05 8.584697301277453080e+05 -1.960677475650937529e+06 -1.556255466196438763e+06
-8.159178113104234217e+05 1.127582714928519353e+07 2.950551612308006268e+06 5.929117786939116195e+05 1.221579629037075909e+06 -2.072604210779444256e+05 2.904941598673612461e+05 4.196340755524227279e+05 4.083504676228013122e+05 1.438033282268247567e+06 8.310211374233480543e+06 4.503323527791279485e+05 1.453270793152906233e+06 2.121638004093657248e+06 2.182847866677200887e+06 1.992002251256689662e+06 2.379263357375384076e+05 5.588059738731092075e+05
-5.075576228568494320e+06 2.950551612308006268e+06 5.413802088967633434e+06 1.294418114235587185e+06 5.231208939099565032e+05 2.293884230105504394e+05 3.592249969100951566e+05 -6.994375341456341630e+03 -6.773139299167078570e+04 4.660373148246416822e+06 3.231535887540428434e+06 2.662438559324793052e+06 3.311360191644801758e+06 3.238377980440063402e+06 -6.686078257083544740e+05 7.129673111448843265e+05 3.484191536147427396e+05 9.818007815139791928e+05
-2.272384870002520736e+06 5.929117786939116195e+05 1.294418114235587185e+06 1.930645403785667615e+06 4.762642472864521551e+05 1.951192921579717076e+05 2.346808584643759787e+03 -9.486571619410534913e+04 -1.892113966295895443e+04 -3.675692029083373491e+06 2.168568788217418827e+06 1.528544179743482266e+06 2.708864564765834250e+06 1.503954413797556888e+06 2.349376506553140644e+05 3.009891456245524460e+05 -2.659197842336978647e+05 1.746563542850327794e+05
-3.587889089083184954e+05 1.221579629037075909e+06 5.231208939099565032e+05 4.762642472864521551e+05 8.349834621037874604e+05 1.647516189979166375e+05 -1.610553445959051351e+04 -3.233218525104862420e+04 8.991316910163030843e+04 4.468039788591889665e+06 5.296722321906849742e+06 -3.967989306925034034e+05 1.490670903833097836e+05 1.193628528483020142e+06 3.699015136987498845e+05 7.005969416573064336e+03 -9.140378169149449968e+04 1.469465117689621111e+05
-1.045933023438421777e+06 -2.072604210779444256e+05 2.293884230105504394e+05 1.951192921579717076e+05 1.647516189979166375e+05 5.149996289416378131e+05 2.263363330579418980e+05 6.889201231743402604e+04 1.367188946815847012e+05 -4.201976030575403711e+05 9.025461078879437409e+05 -8.906797036652602255e+05 5.669467566601786530e+05 2.318215088135324768e+05 -2.235608977648603905e+05 -5.372027073300249322e+04 2.230564084582795913e+05 2.058146520685264841e+05
9.051073650280281436e+04 2.904941598673612461e+05 3.592249969100951566e+05 2.346808584643759787e+03 -1.610553445959051351e+04 2.263363330579418980e+05 4.086033915944764740e+05 1.201539252862215944e+05 6.541607653410995408e+04 2.437423932339625899e+06 -7.189619611428874487e+04 2.130109339017221355e+05 9.771923261669648346e+05 4.638553520351191983e+05 -3.466864323613481702e+03 4.654610084684319736e+04 1.915173182529663609e+05 1.453987961954039056e+05
-7.835977044647714356e+05 4.196340755524227279e+05 -6.994375341456341630e+03 -9.486571619410534913e+04 -3.233218525104862420e+04 6.889201231743402604e+04 1.201539252862215944e+05 2.353031509129070037e+05 1.492826974129361624e+05 -2.360823669566302560e+06 -9.112963717645258876e+05 -6.696765334421558691e+03 2.195837687923279009e+05 -1.905551636741024849e+05 3.233926048563198128e+04 2.568447376001907469e+04 8.553331802615745983e+04 7.404425469655594497e+04
-1.269710022717070242e+05 4.083504676228013122e+05 -6.773139299167078570e+04 -1.892113966295895443e+04 8.991316910163030843e+04 1.367188946815847012e+05 6.541607653410995408e+04 1.492826974129361624e+05 2.362350867308611050e+05 -1.892029506908092415e+06 -7.936956316081791883e+05 -2.237145430724141188e+05 4.370717502003104892e+05 5.722362083610537957e+04 1.668583794813031272e+04 -2.142919045870441914e+04 2.409676982973578197e+04 6.184885601546090038e+04
4.314988963896270096e+07 1.438033282268247567e+06 4.660373148246416822e+06 -3.675692029083373491e+06 4.468039788591889665e+06 -4.201976030575403711e+05 2.437423932339625899e+06 -2.360823669566302560e+06 -1.892029506908092415e+06 2.916789708720620871e+08 5.111066204618634284e+07 1.814920316907418147e+07 -1.516003708638943732e+07 1.827567017513745278e+07 1.692923463913722197e+06 9.969738201435186784e+04 3.160885793802083004e+06 1.151496118957154686e+06
2.467623419027642347e+06 8.310211374233480543e+06 3.231535887540428434e+06 2.168568788217418827e+06 5.296722321906849742e+06 9.025461078879437409e+05 -7.189619611428874487e+04 -9.112963717645258876e+05 -7.936956316081791883e+05 5.111066204618634284e+07 1.114105696048523784e+08 2.188586655909963697e+07 -3.774835621096065268e+06 1.062056975556566939e+07 -1.727647121914400952e+06 -1.170425188272433355e+06 -8.868617814369438565e+04 1.449284468485494377e+06
7.171762559081001207e+06 4.503323527791279485e+05 2.662438559324793052e+06 1.528544179743482266e+06 -3.967989306925034034e+05 -8.906797036652602255e+05 2.130109339017221355e+05 -6.696765334421558691e+03 -2.237145430724141188e+05 1.814920316907418147e+07 2.188586655909963697e+07 4.016110912356904894e+07 1.971489112158005591e+06 5.404520625309386291e+06 -3.501023752003309201e+05 1.668365213696567575e+06 4.013571422127675614e+05 1.615662082878666464e+06
-1.193410780780949257e+07 1.453270793152906233e+06 3.311360191644801758e+06 2.708864564765834250e+06 1.490670903833097836e+05 5.669467566601786530e+05 9.771923261669648346e+05 2.195837687923279009e+05 4.370717502003104892e+05 -1.516003708638943732e+07 -3.774835621096065268e+06 1.971489112158005591e+06 2.028895814501723647e+07 3.925305165108029731e+06 1.088124732984776841e+06 6.302986184830671409e+05 -2.061194623509759549e+04 1.222323725327650784e+06
1.225987947862808360e+06 2.121638004093657248e+06 3.238377980440063402e+06 1.503954413797556888e+06 1.193628528483020142e+06 2.318215088135324768e+05 4.638553520351191983e+05 -1.905551636741024849e+05 5.722362083610537957e+04 1.827567017513745278e+07 1.062056975556566939e+07 5.404520625309386291e+06 3.925305165108029731e+06 7.582866968937401660e+06 4.402489541130529251e+05 -1.090946511219741078e+05 3.341211949258962995e+05 8.268322888342970982e+05
-7.204257958339290926e+05 2.182847866677200887e+06 -6.686078257083544740e+05 2.349376506553140644e+05 3.699015136987498845e+05 -2.235608977648603905e+05 -3.466864323613481702e+03 3.233926048563198128e+04 1.668583794813031272e+04 1.692923463913722197e+06 -1.727647121914400952e+06 -3.501023752003309201e+05 1.088124732984776841e+06 4.402489541130529251e+05 3.682498056799040642e+06 8.186440759877173696e+05 2.122361192551663262e+05 1.610703697624247288e+05
8.584697301277453080e+05 1.992002251256689662e+06 7.129673111448843265e+05 3.009891456245524460e+05 7.005969416573064336e+03 -5.372027073300249322e+04 4.654610084684319736e+04 2.568447376001907469e+04 -2.142919045870441914e+04 9.969738201435186784e+04 -1.170425188272433355e+06 1.668365213696567575e+06 6.302986184830671409e+05 -1.090946511219741078e+05 8.186440759877173696e+05 1.863780004476286704e+06 -8.334989187436505745e+04 2.614346840347094112e+05
-1.960677475650937529e+06 2.379263357375384076e+05 3.484191536147427396e+05 -2.659197842336978647e+05 -9.140378169149449968e+04 2.230564084582795913e+05 1.915173182529663609e+05 8.553331802615745983e+04 2.409676982973578197e+04 3.160885793802083004e+06 -8.868617814369438565e+04 4.013571422127675614e+05 -2.061194623509759549e+04 3.341211949258962995e+05 2.122361192551663262e+05 -8.334989187436505745e+04 1.081243692839688156e+06 3.759683476716476725e+05
-1.556255466196438763e+06 5.588059738731092075e+05 9.818007815139791928e+05 1.746563542850327794e+05 1.469465117689621111e+05 2.058146520685264841e+05 1.453987961954039056e+05 7.404425469655594497e+04 6.184885601546090038e+04 1.151496118957154686e+06 1.449284468485494377e+06 1.615662082878666464e+06 1.222323725327650784e+06 8.268322888342970982e+05 1.610703697624247288e+05 2.614346840347094112e+05 3.759683476716476725e+05 6.769434072830029763e+05
