6.600963373300063610e+07 5.399687024425237440e+06 -3.076909921970834024e+06 -4.781127455007455428e+05 -1.183164675238304539e+06 3.956634688461924088e+05 1.246865865595710056e+05 -1.080363852690974636e+04 -2.833280974814125802e+05 2.708832834012186900e+07 6.297120041184398346e+06 2.606432238617148250e+06 -5.330261779527580366e+05 1.054340940457399935e+07 5.695224404765680432e+06 2.094798754580683541e+06 -1.502482958462736802e+06 -8.061131893486772897e+05
5.399687024425237440e+06 1.966559759392471239e+07 9.464929589008925250e+05 3.795194025923049776e+05 3.584732638933312410e+04 5.473436725544586079e+05 3.599673368053582381e+05 2.494504814001233317e+05 4.261789704227234324e+04 -4.833172554295863956e+06 2.402478211960713565e+07 1.101270852291094698e+07 6.857566459180666134e+06 3.852281775681911386e+05 -9.852846597820954630e+05 6.218596964189767605e+05 5.953303891562193166e+05 6.295745497401269386e+05
-3.076909921970834024e+06 9.464929589008925250e+05 4.878169395014295354e+06 6.974081231725797988e+05 -2.157978097134261625e+05 3.156998378391647202e+04 -2.931076387326865370e+04 -2.066285049858664279e+05 2.271756948898783885e+05 -4.316151196140085347e+06 1.671812499707302311e+06 7.656592544893083163e+06 1.270657475444420706e+06 4.982789648913486162e+05 5.955294571622707736e+04 -6.059555057478790404e+05 6.871759746067587985e+05 7.719768862607333576e+05
-4.781127455007455428e+05 3.795194025923049776e+05 6.974081231725797988e+05 1.268676366053275531e+06 5.583816513257615588e+04 5.474421313348415424e+04 9.301360932325531030e+04 4.012542083863312291e+04 2.519982760508279898e+05 1.985851031019830378e+06 7.260368988213177770e+06 2.494179365116649773e+06 3.390741045166879776e+05 -5.386059592389257159e+04 8.713728981648046756e+05 5.687657001868970692e+05 2.844239690608364181e+05 2.099107604454199900e+05
-1.183164675238304539e+06 3.584732638933312410e+04 -2.157978097134261625e+05 5.583816513257615588e+04 6.877183414911460131e+05 2.416284746015498240e+05 1.082080223008393368e+05 1.929484483723461744e+05 2.862340833237982588e+04 5.746889684602448688e+04 -7.302301705844922981e+04 -2.202256071028926526e+05 -3.595279331112775835e+05 3.997923707635331084e+05 7.013022858318481303e+04 2.403512269792607694e+05 1.103831701766520273e+05 1.296839684150824905e+05
3.956634688461924088e+05 5.473436725544586079e+05 3.156998378391647202e+04 5.474421313348415424e+04 2.416284746015498240e+05 4.841263094284365070e+05 1.122088882059366588e+05 1.088117263505155861e+05 2.116949597964739951e+04 -9.594698273200973636e+05 9.737675809915272985e+05 1.755246470726869302e+06 4.879781304592265224e+04 7.961209431822829647e+05 7.188930276102037169e+04 4.330432817039024667e+05 -7.836093798757194600e+04 5.488426081188281387e+04
1.246865865595710056e+05 3.599673368053582381e+05 -2.931076387326865370e+04 9.301360932325531030e+04 1.082080223008393368e+05 1.122088882059366588e+05 2.968451423096056096e+05 1.266672973488873249e+05 -1.711016069894774046e+04 2.920920810085227247e+06 4.157859294931702898e+05 4.141724968387380941e+05 3.859164276927453466e+05 2.862042143727644579e+05 -1.557008476366450168e+03 4.253103660097728716e+05 3.813056694186176755e+05 1.803326318562585220e+05
-1.080363852690974636e+04 2.494504814001233317e+05 -2.066285049858664279e+05 4.012542083863312291e+04 1.929484483723461744e+05 1.088117263505155861e+05 1.266672973488873249e+05 2.550405179823272629e+05 -1.563387143328224010e+04 1.954825141874543857e+06 4.448438241121133324e+05 -1.873834311558306217e+05 5.196209468883670052e+05 -4.250417747060571128e+04 -1.344926872080784233e+05 6.635457429707527626e+04 3.418176509185650502e+05 2.055695407793996856e+05
-2.833280974814125802e+05 4.261789704227234324e+04 2.271756948898783885e+05 2.519982760508279898e+05 2.862340833237982588e+04 2.116949597964739951e+04 -1.711016069894774046e+04 -1.563387143328224010e+04 1.294088847559538845e+05 -2.394722662749988958e+05 1.568110187891062116e+06 9.202065456281419611e+05 -6.718184661812517152e+04 -5.198464598227812530e+04 2.080393579176827334e+05 4.703741087117532152e+04 9.055783399765261493e+03 6.451724590225730026e+03
2.708832834012186900e+07 -4.833172554295863956e+06 -4.316151196140085347e+06 1.985851031019830378e+06 5.746889684602448688e+04 -9.594698273200973636e+05 2.920920810085227247e+06 1.954825141874543857e+06 -2.394722662749988958e+05 1.847959520925588012e+08 -1.858587878242842155e+06 -9.624519501737302169e+06 -7.141048158374595456e+06 9.617603288311928511e+06 1.491465897387691541e+06 2.092608852133610286e+06 5.190811003342918120e+06 3.613826373461636249e+06
6.297120041184398346e+06 2.402478211960713565e+07 1.671812499707302311e+06 7.260368988213177770e+06 -7.302301705844922981e+04 9.737675809915272985e+05 4.157859294931702898e+05 4.448438241121133324e+05 1.568110187891062116e+06 -1.858587878242842155e+06 1.096323985522134155e+08 2.873611830950952694e+07 1.077880055431101471e+07 1.551466807503613643e+06 5.316305439742551185e+06 6.248360433942059986e+06 1.687328350035535637e+06 -1.299156395976098254e+06
2.606432238617148250e+06 1.101270852291094698e+07 7.656592544893083163e+06 2.494179365116649773e+06 -2.202256071028926526e+05 1.755246470726869302e+06 4.141724968387380941e+05 -1.873834311558306217e+05 9.202065456281419611e+05 -9.624519501737302169e+06 2.873611830950952694e+07 4.977587526377585530e+07 1.092950685469510965e+07 3.277179616953659803e+06 8.926845949701045174e+05 1.924024300546367886e+06 1.329671344085354591e+06 9.332011886533524375e+05
-5.330261779527580366e+05 6.857566459180666134e+06 1.270657475444420706e+06 3.390741045166879776e+05 -3.595279331112775835e+05 4.879781304592265224e+04 3.859164276927453466e+05 5.196209468883670052e+05 -6.718184661812517152e+04 -7.141048158374595456e+06 1.077880055431101471e+07 1.092950685469510965e+07 9.800082767111353576e+06 -1.533369700285303406e+06 -1.005164083188036224e+06 -5.786760878885473358e+05 1.221455045551924035e+06 6.373864439151115948e+05
1.054340940457399935e+07 3.852281775681911386e+05 4.982789648913486162e+05 -5.386059592389257159e+04 3.997923707635331084e+05 7.961209431822829647e+05 2.862042143727644579e+05 -4.250417747060571128e+04 -5.198464598227812530e+04 9.617603288311928511e+06 1.551466807503613643e+06 3.277179616953659803e+06 -1.533369700285303406e+06 6.226654392411935143e+06 1.493866624185038032e+06 7.272116681248843670e+05 -1.323299442468422931e+05 -3.111148860616710735e+05
5.695224404765680432e+06 -9.852846597820954630e+05 5.955294571622707736e+04 8.713728981648046756e+05 7.013022858318481303e+04 7.188930276102037169e+04 -1.557008476366450168e+03 -1.344926872080784233e+05 2.080393579176827334e+05 1.491465897387691541e+06 5.316305439742551185e+06 8.926845949701045174e+05 -1.005164083188036224e+06 1.493866624185038032e+06 2.654507375370829366e+06 9.938475261119017377e+05 3.157823795979709757e+04 -3.322863791501137894e+05
2.094798754580683541e+06 6.218596964189767605e+05 -6.059555057478790404e+05 5.687657001868970692e+05 2.403512269792607694e+05 4.330432817039024667e+05 4.253103660097728716e+05 6.635457429707527626e+04 4.703741087117532152e+04 2.092608852133610286e+06 6.248360433942059986e+06 1.924024300546367886e+06 -5.786760878885473358e+05 7.272116681248843670e+05 9.938475261119017377e+05 2.899451271299053915e+06 1.767114569586961079e+04 -3.499708243538893294e+05
-1.502482958462736802e+06 5.953303891562193166e+05 6.871759746067587985e+05 2.844239690608364181e+05 1.103831701766520273e+05 -7.836093798757194600e+04 3.813056694186176755e+05 3.418176509185650502e+05 9.055783399765261493e+03 5.190811003342918120e+06 1.687328350035535637e+06 1.329671344085354591e+06 1.221455045551924035e+06 -1.323299442468422931e+05 3.157823795979709757e+04 1.767114569586961079e+04 1.492114766621375456e+06 5.369941462965185056e+05
-8.061131893486772897e+05 6.295745497401269386e+05 7.719768862607333576e+05 2.099107604454199900e+05 1.296839684150824905e+05 5.488426081188281387e+04 1.803326318562585220e+05 2.055695407793996856e+05 6.451724590225730026e+03 3.613826373461636249e+06 -1.299156395976098254e+06 9.332011886533524375e+05 6.373864439151115948e+05 -3.111148860616710735e+05 -3.322863791501137894e+05 -3.499708243538893294e+05 5.369941462965185056e+05 8.359467152885100804e+05
