5.333967147076588124e+07 -1.244405811768679647e+06 -3.064224587590544019e+06 -1.306523975743082519e+04 1.263761644461897667e+06 1.269449891411615536e+06 8.499087414041542215e+05 5.710150645892490866e+05 -2.201875375738024013e+05 5.654059454760467261e+07 7.286228773823004449e+05 6.144215844300026074e+06 5.024875083378268755e+05 -3.287058153544913046e+06 -2.612965208546577021e+06 -1.069003534421195509e+06 -7.791905935761167202e+05 1.994402590186935267e+05
-1.244405811768679647e+06 1.523918536875338666e+07 -1.147570757361426484e+06 7.874972357127951691e+05 2.395247090234114148e+05 -9.701145896628728369e+05 -1.984063256741788064e+05 -2.033250701748811698e+05 -2.959410515321215498e+05 -7.843672220183428377e+06 6.195001959067288786e+06 9.243819768808072433e+06 1.455764091118100332e+06 1.288519030572055373e+06 8.126609333564230474e+05 5.560375815117935417e+05 -1.608096569444606081e+06 4.507922423153366544e+05
-3.064224587590544019e+06 -1.147570757361426484e+06 5.365852031220064498e+06 7.977785058188854018e+05 -4.122712978463528561e+05 3.386021476938911364e+05 2.081472812135456479e+05 3.003051138677205308e+05 -1.655529301221565693e+05 5.778753482709671371e+06 -1.932797399674635846e+06 -4.133519380949812476e+05 -1.174049051699838834e+06 -8.421923752541098511e+05 2.158692213158462546e+05 2.275928165707888547e+05 -1.765460416600654207e+04 -6.727307065582694486e+05
-1.306523975743082519e+04 7.874972357127951691e+05 7.977785058188854018e+05 1.581595421870119171e+06 4.098983017103135935e+05 -6.009637391748651862e+04 -4.650695618123027816e+04 1.594725609275468159e+05 8.505719194884962053e+04 -2.308495987643102650e+06 -5.494059197451658547e+05 -9.732290567651756573e+05 1.505045201890664175e+06 1.292016629413101473e+05 7.207444675202426733e+05 1.018871214644931169e+05 -1.102219588078616362e+05 3.476496170797575905e+04
1.263761644461897667e+06 2.395247090234114148e+05 -4.122712978463528561e+05 4.098983017103135935e+05 1.300556040085011395e+06 2.028817150024729199e+05 -5.944365171259861381e+04 -5.288527117945818463e+04 1.205713961451378273e+05 -7.229889193689594977e+05 1.019271610043348279e+06 -1.373230660398104461e+06 7.863256401552667376e+05 1.535492087007201510e+06 5.168155644909738330e+05 2.392250692427736649e+05 -3.327769431456505117e+04 2.369049782887337205e+05
1.269449891411615536e+06 -9.701145896628728369e+05 3.386021476938911364e+05 -6.009637391748651862e+04 2.028817150024729199e+05 4.522703791641944554e+05 1.481023981777015433e+05 9.008825905532910838e+03 6.960382764906890225e+04 3.025790283670190256e+06 -3.207988555318635190e+05 -1.350274125994265196e+05 -2.838838896818889189e+05 3.508872346462426940e+05 -9.596438303977728356e+04 -5.924987616330900346e+04 1.552974705281929637e+05 -1.566561185417574598e+05
8.499087414041542215e+05 -1.984063256741788064e+05 2.081472812135456479e+05 -4.650695618123027816e+04 -5.944365171259861381e+04 1.481023981777015433e+05 3.752040082910226774e+05 1.115309035981243360e+05 1.806544775808009581e+04 -1.082794005042659817e+06 -1.156011100269490853e+06 8.156430101429494098e+05 -7.653878028557251673e+05 6.780515176474480540e+04 1.901163656552972971e+05 3.104436777710092138e+05 5.106922475748459692e+04 1.857275177860533586e+04
5.710150645892490866e+05 -2.033250701748811698e+05 3.003051138677205308e+05 1.594725609275468159e+05 -5.288527117945818463e+04 9.008825905532910838e+03 1.115309035981243360e+05 2.001768598753967090e+05 1.729164170482521286e+03 1.099477455002356553e+06 -4.525535044941831729e+05 -2.741813421033360064e+05 7.290312612711494148e+04 -2.230914754590701705e+04 1.571965991447966371e+05 7.261292315482271079e+04 1.454970600339404482e+05 1.953450772769622563e+04
-2.201875375738024013e+05 -2.959410515321215498e+05 -1.655529301221565693e+05 8.505719194884962053e+04 1.205713961451378273e+05 6.960382764906890225e+04 1.806544775808009581e+04 1.729164170482521286e+03 1.577515624865008867e+05 -1.096193060114302440e+06 -5.203958416556822485e+05 2.665733565152682131e+05 3.170964773081612075e+05 1.421159422285580076e+05 2.864095406938737724e+05 1.669687431439161301e+05 2.656747875009817653e+05 5.561143206014321186e+04
5.654059454760467261e+07 -7.843672220183428377e+06 5.778753482709671371e+06 -2.308495987643102650e+06 -7.229889193689594977e+05 3.025790283670190256e+06 -1.082794005042659817e+06 1.099477455002356553e+06 -1.096193060114302440e+06 3.010486536656201482e+08 5.413857084699366987e+07 1.354808272896909714e+07 -5.737273544990492053e+06 -8.106563610269746743e+06 9.019440479453068692e+05 -9.616302147321742028e+06 2.626496328546434175e+06 -2.607212859570225235e+06
7.286228773823004449e+05 6.195001959067288786e+06 -1.932797399674635846e+06 -5.494059197451658547e+05 1.019271610043348279e+06 -3.207988555318635190e+05 -1.156011100269490853e+06 -4.525535044941831729e+05 -5.203958416556822485e+05 5.413857084699366987e+07 4.450587375816675276e+07 3.908166897451279685e+06 -3.803777604450424202e+06 3.720803591801614035e+06 3.214266554871035740e+06 -2.893504680852773599e+06 -8.016648120665878523e+05 1.057897916069911589e+05
6.144215844300026074e+06 9.243819768808072433e+06 -4.133519380949812476e+05 -9.732290567651756573e+05 -1.373230660398104461e+06 -1.350274125994265196e+05 8.156430101429494098e+05 -2.741813421033360064e+05 2.665733565152682131e+05 1.354808272896909714e+07 3.908166897451279685e+06 3.065809101093392074e+07 1.938274461239534896e+06 -2.640297478248138912e+06 1.059760773076797137e+06 1.029740763054643408e+06 9.103078425704679685e+05 -1.541217280463606876e+05
5.024875083378268755e+05 1.455764091118100332e+06 -1.174049051699838834e+06 1.505045201890664175e+06 7.863256401552667376e+05 -2.838838896818889189e+05 -7.653878028557251673e+05 7.290312612711494148e+04 3.170964773081612075e+05 -5.737273544990492053e+06 -3.803777604450424202e+06 1.938274461239534896e+06 1.005634493873304315e+07 -2.276459487122234132e+05 2.476146992506036622e+04 5.338763840140597895e+05 5.015682079757468891e+05 -3.090558789776271442e+05
-3.287058153544913046e+06 1.288519030572055373e+06 -8.421923752541098511e+05 1.292016629413101473e+05 1.535492087007201510e+06 3.508872346462426940e+05 6.780515176474480540e+04 -2.230914754590701705e+04 1.421159422285580076e+05 -8.106563610269746743e+06 3.720803591801614035e+06 -2.640297478248138912e+06 -2.276459487122234132e+05 4.372812639325057156e+06 9.058768386964538367e+05 -1.205707810753851300e+04 5.440526951488206396e+04 2.555526712915285316e+05
-2.612965208546577021e+06 8.126609333564230474e+05 2.158692213158462546e+05 7.207444675202426733e+05 5.168155644909738330e+05 -9.596438303977728356e+04 1.901163656552972971e+05 1.571965991447966371e+05 2.864095406938737724e+05 9.019440479453068692e+05 3.214266554871035740e+06 1.059760773076797137e+06 2.476146992506036622e+04 9.058768386964538367e+05 2.879456386049804278e+06 9.406453868930791505e+05 6.071826834921239642e+05 -8.840061979153790162e+03
-1.069003534421195509e+06 5.560375815117935417e+05 2.275928165707888547e+05 1.018871214644931169e+05 2.392250692427736649e+05 -5.924987616330900346e+04 3.104436777710092138e+05 7.261292315482271079e+04 1.669687431439161301e+05 -9.616302147321742028e+06 -2.893504680852773599e+06 1.029740763054643408e+06 5.338763840140597895e+05 -1.205707810753851300e+04 9.406453868930791505e+05 1.776496338462177664e+06 3.529576521936286590e+05 1.072377041282883001e+05
-7.791905935761167202e+05 -1.608096569444606081e+06 -1.765460416600654207e+04 -1.102219588078616362e+05 -3.327769431456505117e+04 1.552974705281929637e+05 5.106922475748459692e+04 1.454970600339404482e+05 2.656747875009817653e+05 2.626496328546434175e+06 -8.016648120665878523e+05 9.103078425704679685e+05 5.015682079757468891e+05 5.440526951488206396e+04 6.071826834921239642e+05 3.529576521936286590e+05 1.267911936452970142e+06 2.522035495485862339e+04
1.994402590186935267e+05 4.507922423153366544e+05 -6.727307065582694486e+05 3.476496170797575905e+04 2.369049782887337205e+05 -1.566561185417574598e+05 1.857275177860533586e+04 1.953450772769622563e+04 5.561143206014321186e+04 -2.607212859570225235e+06 1.057897916069911589e+05 -1.541217280463606876e+05 -3.090558789776271442e+05 2.555526712915285316e+05 -8.840061979153790162e+03 1.072377041282883001e+05 2.522035495485862339e+04 5.026836188051393256e+05
