6.252041839257200807e+07 1.120417701181790559e+06 -6.233297956831869669e+06 -5.001349267843653797e+05 -1.029066458405435667e+06 -1.087927255205295514e+06 1.166560209137368016e+06 1.525372344756905688e+06 7.761625828157863580e+05 1.501369671207285114e+07 2.234663105313218012e+07 -2.037531515533854440e+07 1.502260274190555327e+06 3.914683109860637225e+06 -3.807285413156879949e+05 1.448896896100838901e+06 1.348486213497110410e+06 7.365132885769665008e+05
1.120417701181790559e+06 1.468337398996374570e+07 2.224863321817393415e+06 4.390500280561105465e+05 -2.565350367712717270e+05 1.011222349389977171e+05 -1.978114297970902408e+04 1.723389343091776827e+05 3.047482304260222008e+04 -1.888314549578387290e+07 1.872743821786001325e+07 9.099114032879658043e+06 8.339730671797948889e+05 -8.798358581846767629e+04 1.382763631711366121e+06 1.142005024041000288e+06 -1.253733323010092601e+06 -9.887859310008093016e+05
-6.233297956831869669e+06 2.224863321817393415e+06 7.447552683469220996e+06 9.562930318822476547e+05 6.467238175245058956e+05 -1.236854624788657384e+05 1.945962770077624300e+05 -3.181651423297336441e+04 1.445050978219307726e+05 -1.512192590981510282e+07 -5.474272044693089090e+06 7.261378963255147450e+06 1.888836517511674436e+06 1.800716975799440639e+06 7.393389999116476392e+05 -3.032828534856467741e+05 -5.414319785602617776e+05 -4.959599872743899468e+05
-5.001349267843653797e+05 4.390500280561105465e+05 9.562930318822476547e+05 1.314954611676267115e+06 2.450000432102128980e+04 -2.403407420319877856e+05 -3.619693131940191233e+04 6.779962553971687157e+04 7.390959404255934351e+04 3.909244302938443609e+06 3.342139120615312713e+05 2.436578288287245203e+06 1.867101768719083630e+06 1.135850630885452119e+05 -9.612869847196743649e+04 5.998298422903565370e+04 -9.326223275047836069e+04 -5.282220841324173671e+04
-1.029066458405435667e+06 -2.565350367712717270e+05 6.467238175245058956e+05 2.450000432102128980e+04 5.753603172594739590e+05 2.330438607077037159e+05 2.297769755355099551e+04 -8.393320730475633172e+04 -4.905237202785334375e+04 4.742538177147936076e+06 -1.768725298367376206e+06 7.546393119192037266e+05 5.597368975998595124e+05 6.080991447969237197e+04 1.498102890296219848e+05 -2.911810889409234369e+04 -2.372144593266659358e+05 -1.156003777926967450e+05
-1.087927255205295514e+06 1.011222349389977171e+05 -1.236854624788657384e+05 -2.403407420319877856e+05 2.330438607077037159e+05 8.939540553660248406e+05 1.902635422005029686e+05 -3.762396316299378668e+04 -4.357669498654834752e+04 2.803401993506831117e+06 -2.012629070754577639e+06 -1.226408273435255978e+06 2.191528243594885498e+04 1.466033587767367717e+05 2.055385461167811300e+05 3.259428857104128110e+05 -2.086738597475440765e+05 1.312921954346320126e+05
1.166560209137368016e+06 -1.978114297970902408e+04 1.945962770077624300e+05 -3.619693131940191233e+04 2.297769755355099551e+04 1.902635422005029686e+05 3.670717824958461570e+05 4.608711366086132330e+04 2.107841166592702211e+04 -3.553405942868951824e+05 3.742709914831026254e+04 3.470210255056968890e+04 -2.218944649536612560e+05 1.579988668705098098e+05 2.339225131014032013e+04 1.765132301465828787e+05 -3.907306724397077051e+04 -1.375683325658070389e+05
1.525372344756905688e+06 1.723389343091776827e+05 -3.181651423297336441e+04 6.779962553971687157e+04 -8.393320730475633172e+04 -3.762396316299378668e+04 4.608711366086132330e+04 1.191953539158169588e+05 4.885382876543763268e+04 4.310506101427283720e+05 1.123437861808713293e+06 -2.064267063743950566e+05 3.655417229728606180e+05 2.344331353426015994e+05 -5.212642175123390916e+04 4.084650969852142589e+04 8.502574247777614573e+02 7.218835371196833148e+04
7.761625828157863580e+05 3.047482304260222008e+04 1.445050978219307726e+05 7.390959404255934351e+04 -4.905237202785334375e+04 -4.357669498654834752e+04 2.107841166592702211e+04 4.885382876543763268e+04 1.006786280471739883e+05 -9.571643399745378410e+05 3.092244342218132224e+05 -2.755964198484010994e+05 2.948590201836011838e+05 -1.424110533239298456e+04 -6.789555464587034658e+04 7.131767020985082490e+04 -2.281696674219640408e+04 4.097248418045814469e+04
1.501369671207285114e+07 -1.888314549578387290e+07 -1.512192590981510282e+07 3.909244302938443609e+06 4.742538177147936076e+06 2.803401993506831117e+06 -3.553405942868951824e+05 4.310506101427283720e+05 -9.571643399745378410e+05 3.802609227126586437e+08 1.934526580656887591e+07 -3.291227422237665579e+07 3.021641278196721524e+07 6.918241469365148805e+05 1.464630597969916125e+05 1.811755601588028017e+06 5.594607314930285793e+05 5.009261144637996331e+06
2.234663105313218012e+07 1.872743821786001325e+07 -5.474272044693089090e+06 3.342139120615312713e+05 -1.768725298367376206e+06 -2.012629070754577639e+06 3.742709914831026254e+04 1.123437861808713293e+06 3.092244342218132224e+05 1.934526580656887591e+07 9.319981644408264756e+07 5.738603960333386436e+06 -4.107276207788283471e+06 -6.280075513450805098e+06 7.032890210050621536e+05 3.427584530461929389e+05 -2.830885426677866490e+05 -2.503878187924297818e+05
-2.037531515533854440e+07 9.099114032879658043e+06 7.261378963255147450e+06 2.436578288287245203e+06 7.546393119192037266e+05 -1.226408273435255978e+06 3.470210255056968890e+04 -2.064267063743950566e+05 -2.755964198484010994e+05 -3.291227422237665579e+07 5.738603960333386436e+06 3.485867945801019669e+07 1.779706486332159955e+06 -2.497650254367679358e+06 1.665777040474779904e+06 -1.089712745556485606e+06 -5.960406607024051482e+04 -1.983170588510267669e+06
1.502260274190555327e+06 8.339730671797948889e+05 1.888836517511674436e+06 1.867101768719083630e+06 5.597368975998595124e+05 2.191528243594885498e+04 -2.218944649536612560e+05 3.655417229728606180e+05 2.948590201836011838e+05 3.021641278196721524e+07 -4.107276207788283471e+06 1.779706486332159955e+06 1.142890599750409089e+07 3.059374188999921083e+06 1.803760114674653742e+05 2.008542916107253404e+05 3.892380816553348559e+05 8.940728274116838584e+05
3.914683109860637225e+06 -8.798358581846767629e+04 1.800716975799440639e+06 1.135850630885452119e+05 6.080991447969237197e+04 1.466033587767367717e+05 1.579988668705098098e+05 2.344331353426015994e+05 -1.424110533239298456e+04 6.918241469365148805e+05 -6.280075513450805098e+06 -2.497650254367679358e+06 3.059374188999921083e+06 5.913516537298654206e+06 3.760463573072227300e+05 -2.807931841763864504e+05 1.069139612819762406e+05 6.554444986656061374e+05
-3.807285413156879949e+05 1.382763631711366121e+06 7.393389999116476392e+05 -9.612869847196743649e+04 1.498102890296219848e+05 2.055385461167811300e+05 2.339225131014032013e+04 -5.212642175123390916e+04 -6.789555464587034658e+04 1.464630597969916125e+05 7.032890210050621536e+05 1.665777040474779904e+06 1.803760114674653742e+05 3.760463573072227300e+05 1.092810560385509394e+06 3.351139816011442454e+05 -7.592155314895528136e+04 -1.823921008270972525e+05
1.448896896100838901e+06 1.142005024041000288e+06 -3.032828534856467741e+05 5.998298422903565370e+04 -2.911810889409234369e+04 3.259428857104128110e+05 1.765132301465828787e+05 4.084650969852142589e+04 7.131767020985082490e+04 1.811755601588028017e+06 3.427584530461929389e+05 -1.089712745556485606e+06 2.008542916107253404e+05 -2.807931841763864504e+05 3.351139816011442454e+05 1.445926571522165788e+06 -3.259500620335148415e+05 -3.966016704289805493e+05
1.348486213497110410e+06 -1.253733323010092601e+06 -5.414319785602617776e+05 -9.326223275047836069e+04 -2.372144593266659358e+05 -2.086738597475440765e+05 -3.907306724397077051e+04 8.502574247777614573e+02 -2.281696674219640408e+04 5.594607314930285793e+05 -2.830885426677866490e+05 -5.960406607024051482e+04 3.892380816553348559e+05 1.069139612819762406e+05 -7.592155314895528136e+04 -3.259500620335148415e+05 1.089409835637599928e+06 5.045737937538939295e+05
7.365132885769665008e+05 -9.887859310008093016e+05 -4.959599872743899468e+05 -5.282220841324173671e+04 -1.156003777926967450e+05 1.312921954346320126e+05 -1.375683325658070389e+05 7.218835371196833148e+04 4.097248418045814469e+04 5.009261144637996331e+06 -2.503878187924297818e+05 -1.983170588510267669e+06 8.940728274116838584e+05 6.554444986656061374e+05 -1.823921008270972525e+05 -3.966016704289805493e+05 5.045737937538939295e+05 9.647394459966107970e+05
