2.716199843334081769e+07 8.231312294946602546e+06 3.046747823977550492e+06 2.504410108765156940e+06 2.975570379881014116e+06 2.142735750698635820e+04 -5.940849954871754162e+05 -4.132188032025057473e+05 2.480535866255152214e+05 8.904840543426131830e+06 1.157680050555714406e+07 3.425993722718928009e+06 4.160840025775028858e+06 4.796635181722107343e+06 3.448660786836722400e+05 1.214872027561389143e+06 -6.679495245034942636e+05 -5.357982530122789467e+04
8.231312294946602546e+06 1.669248849196542241e+07 1.877195299429987092e+06 2.658549408440270927e+05 2.014524145667258417e+06 1.078757875305736670e+06 -7.300686978396269260e+05 -4.448501525777043571e+04 6.568111973157315515e+04 -1.081552730590541475e+07 8.441230283421138301e+06 8.289286376022105105e+06 -5.121318112942905282e+05 3.735178316666978644e+05 -8.662451387088227784e+04 -9.177706705741300539e+03 5.448404942423236789e+05 6.895973042360919062e+05
3.046747823977550492e+06 1.877195299429987092e+06 5.815972143264975399e+06 3.577270026640618453e+05 6.686397080872950610e+05 8.466138630203646608e+04 -3.596958171795324306e+05 2.860839298723225947e+05 -1.401654661550417659e+05 1.615104419424638525e+07 -2.869534779133549891e+06 3.822530633173527662e+06 3.163172940108810435e+05 1.712870223711375147e+06 1.048919333131417632e+06 -8.161015507443937240e+05 -1.545228679688819102e+05 -6.806345846965968376e+05
2.504410108765156940e+06 2.658549408440270927e+05 3.577270026640618453e+05 2.261323289423896000e+06 -1.704639619319638005e+05 -1.919341523917805171e+05 8.300117287011317967e+04 -2.075060966844568902e+05 3.090881689304294923e+04 -1.847294765584010631e+06 -4.017910996436403948e+05 1.854294074469066225e+06 6.075522942804115592e+05 1.055144167005189462e+06 -2.412357123232125887e+05 6.757090547958705574e+05 5.020829938861438131e+04 -2.793609675836831448e+05
2.975570379881014116e+06 2.014524145667258417e+06 6.686397080872950610e+05 -1.704639619319638005e+05 1.053518887994078919e+06 3.042352203094909200e+05 -1.328635794991446019e+05 2.354316937978420356e+03 -9.602140737743442878e+04 2.708087292818330694e+06 2.873978707146646455e+06 1.145768893351998413e+06 -1.229092392878130486e+05 7.637613369491485646e+05 4.086461621550636482e+05 -2.751039219383504133e+03 -7.204281269346494810e+04 -1.177939536850693257e+05
2.142735750698635820e+04 1.078757875305736670e+06 8.466138630203646608e+04 -1.919341523917805171e+05 3.042352203094909200e+05 4.943477866650295909e+05 -3.461741127621479973e+04 3.265680566653371716e+04 -7.953249997601292853e+04 -7.910140635361871682e+05 1.397047446202805033e+06 9.215099133431467926e+05 -3.305258529244866077e+04 -2.436856533093647449e+05 -5.011357453938552499e+04 3.602541462239229440e+04 2.101379058888202126e+05 8.169271684869421006e+04
-5.940849954871754162e+05 -7.300686978396269260e+05 -3.596958171795324306e+05 8.300117287011317967e+04 -1.328635794991446019e+05 -3.461741127621479973e+04 3.550290135895691928e+05 8.020127905040400219e+04 1.232160253504094726e+04 -4.651306328957623802e+06 -6.431044284715307876e+05 -3.250789828517663991e+05 -8.565471704083493387e+04 -3.244768336537259165e+05 2.919001888239476248e+05 1.093018852639024990e+05 9.551491021496723988e+04 -4.687810816252813675e+04
-4.132188032025057473e+05 -4.448501525777043571e+04 2.860839298723225947e+05 -2.075060966844568902e+05 2.354316937978420356e+03 3.265680566653371716e+04 8.020127905040400219e+04 2.058207189399044146e+05 -2.089619451614124409e+04 -6.199606737314121565e+05 -7.438380672870154958e+05 4.768986080939817475e+04 -3.066107763454231899e+05 -3.391241224121906562e+05 9.749949663763592980e+03 -2.801309634893599432e+05 4.650994979253486235e+04 -6.057485051229898818e+04
2.480535866255152214e+05 6.568111973157315515e+04 -1.401654661550417659e+05 3.090881689304294923e+04 -9.602140737743442878e+04 -7.953249997601292853e+04 1.232160253504094726e+04 -2.089619451614124409e+04 6.353020695288530987e+04 -1.375644900400396669e+06 5.130984309309304808e+04 -2.529779904055654770e+05 2.780215587228534278e+05 -3.856142220155728069e+02 -1.023773581571905743e+04 2.211362217020039679e+04 -3.539372698342640797e+04 5.634545020297924930e+04
8.904840543426131830e+06 -1.081552730590541475e+07 1.615104419424638525e+07 -1.847294765584010631e+06 2.708087292818330694e+06 -7.910140635361871682e+05 -4.651306328957623802e+06 -6.199606737314121565e+05 -1.375644900400396669e+06 2.773898308032258153e+08 8.350716553572048433e+05 3.934131690716444515e+06 6.438044493805255741e+06 9.522627349179139361e+06 3.967327007785956375e+06 -1.005689535931333085e+06 5.395889174789463868e+05 -3.668477023299607914e+06
1.157680050555714406e+07 8.441230283421138301e+06 -2.869534779133549891e+06 -4.017910996436403948e+05 2.873978707146646455e+06 1.397047446202805033e+06 -6.431044284715307876e+05 -7.438380672870154958e+05 5.130984309309304808e+04 8.350716553572048433e+05 4.360665972924027592e+07 6.206556461779330857e+06 1.329333225606398890e+06 5.468559208571945317e+06 1.494723637997815385e+06 2.732380664770818315e+06 7.536291529470406240e+05 1.917549100464547984e+06
3.425993722718928009e+06 8.289286376022105105e+06 3.822530633173527662e+06 1.854294074469066225e+06 1.145768893351998413e+06 9.215099133431467926e+05 -3.250789828517663991e+05 4.768986080939817475e+04 -2.529779904055654770e+05 3.934131690716444515e+06 6.206556461779330857e+06 1.825228324781217054e+07 1.492847434443240287e+06 2.620448403292469680e+06 6.753803729576247279e+05 2.423657782603408676e+06 2.001179365825125715e+06 -3.371171386676918337e+04
4.160840025775028858e+06 -5.121318112942905282e+05 3.163172940108810435e+05 6.075522942804115592e+05 -1.229092392878130486e+05 -3.305258529244866077e+04 -8.565471704083493387e+04 -3.066107763454231899e+05 2.780215587228534278e+05 6.438044493805255741e+06 1.329333225606398890e+06 1.492847434443240287e+06 6.148389812864728272e+06 1.731560952391658677e+06 7.289807905313755618e+05 5.531334891225957545e+05 -1.197271646304054011e+05 1.307800286895973841e+05
4.796635181722107343e+06 3.735178316666978644e+05 1.712870223711375147e+06 1.055144167005189462e+06 7.637613369491485646e+05 -2.436856533093647449e+05 -3.244768336537259165e+05 -3.391241224121906562e+05 -3.856142220155728069e+02 9.522627349179139361e+06 5.468559208571945317e+06 2.620448403292469680e+06 1.731560952391658677e+06 6.011498043223221786e+06 1.737067853445297573e+06 7.440640636075395159e+05 -2.490292944303149125e+05 1.473407908549308013e+04
3.448660786836722400e+05 -8.662451387088227784e+04 1.048919333131417632e+06 -2.412357123232125887e+05 4.086461621550636482e+05 -5.011357453938552499e+04 2.919001888239476248e+05 9.749949663763592980e+03 -1.023773581571905743e+04 3.967327007785956375e+06 1.494723637997815385e+06 6.753803729576247279e+05 7.289807905313755618e+05 1.737067853445297573e+06 3.184947330277335364e+06 1.127756890865938738e+06 -1.034344549531399753e+04 -7.953351530767825898e+04
1.214872027561389143e+06 -9.177706705741300539e+03 -8.161015507443937240e+05 6.757090547958705574e+05 -2.751039219383504133e+03 3.602541462239229440e+04 1.093018852639024990e+05 -2.801309634893599432e+05 2.211362217020039679e+04 -1.005689535931333085e+06 2.732380664770818315e+06 2.423657782603408676e+06 5.531334891225957545e+05 7.440640636075395159e+05 1.127756890865938738e+06 2.598471336598079652e+06 7.778963080687751062e+05 1.343695162597284070e+05
-6.679495245034942636e+05 5.448404942423236789e+05 -1.545228679688819102e+05 5.020829938861438131e+04 -7.204281269346494810e+04 2.101379058888202126e+05 9.551491021496723988e+04 4.650994979253486235e+04 -3.539372698342640797e+04 5.395889174789463868e+05 7.536291529470406240e+05 2.001179365825125715e+06 -1.197271646304054011e+05 -2.490292944303149125e+05 -1.034344549531399753e+04 7.778963080687751062e+05 1.014993372258034069e+06 1.329621255648756051e+05
-5.357982530122789467e+04 6.895973042360919062e+05 -6.806345846965968376e+05 -2.793609675836831448e+05 -1.177939536850693257e+05 8.169271684869421006e+04 -4.687810816252813675e+04 -6.057485051229898818e+04 5.634545020297924930e+04 -3.668477023299607914e+06 1.917549100464547984e+06 -3.371171386676918337e+04 1.307800286895973841e+05 1.473407908549308013e+04 -7.953351530767825898e+04 1.343695162597284070e+05 1.329621255648756051e+05 4.013372487086380715e+05
