3.581910323323994875e+07 2.947736084483646322e+06 -1.159644279471802991e+06 -4.753788902792430017e+05 8.435056389410524862e+05 1.501051508899620734e+06 7.422070221483802889e+05 1.385246006059448700e+05 7.589077139734749217e+05 -9.928226674597274512e+06 -1.061439655403078161e+07 3.101049803002991714e+06 6.497404965378722176e+06 -1.573961864980820683e+05 1.767970999843293102e+06 -3.412925844376420719e+04 9.806528791130247992e+05 3.208687275877870852e+05
2.947736084483646322e+06 2.201503459026169404e+07 5.571335379266411997e+06 -2.157654980237961747e+06 -4.964904506694953307e+04 -1.875030863539112397e+04 3.934518018470609240e+04 -4.364772734434114536e+05 -4.369545531230591587e+04 -7.450693239623205736e+06 1.664466209261006676e+06 3.542563521075367928e+06 3.153681189612224698e+05 2.550198995348366443e+06 1.271697889029344369e+05 -6.278513528355760500e+05 5.571847748976696748e+05 1.366522901768823249e+04
-1.159644279471802991e+06 5.571335379266411997e+06 5.638054749386278912e+06 1.778949519801382849e+05 -2.788454964571677847e+05 9.942971029129168892e+04 -2.009831613030156586e+05 4.456192692967053517e+03 1.572495896882420930e+05 -4.868480513512339443e+06 -3.775914727650253102e+06 4.358527535834877053e+05 6.703620015629843110e+05 5.316643368150682654e+05 -6.543974468319696607e+05 -1.180163770284843398e+06 1.821583936320366411e+04 -3.514986877313385776e+03
-4.753788902792430017e+05 -2.157654980237961747e+06 1.778949519801382849e+05 1.069121985054340214e+06 -1.407821754552971688e+05 -6.780358034906408284e+04 4.691894085617312521e+04 3.673026048105007067e+04 -2.542229686945135109e+04 5.292689715492784744e+05 -1.666203573896054004e+05 -2.519264554450545620e+04 9.885468900090855313e+05 1.533030237069658178e+05 3.131016868626910218e+04 -1.172288636464299634e+05 -4.341499379797921865e+05 -2.335689327242407890e+05
8.435056389410524862e+05 -4.964904506694953307e+04 -2.788454964571677847e+05 -1.407821754552971688e+05 7.456797862778570270e+05 1.057423352849890798e+05 6.163599945118765754e+04 -1.475585692917468259e+04 6.712473826045014721e+04 1.241368143930433318e+06 2.190033935952831525e+05 1.436241750032606767e+06 -4.136163005560748279e+05 5.892256080425998662e+05 3.210728513793880702e+05 1.299244355426048278e+05 9.369960266025664168e+04 1.044046895281155157e+05
1.501051508899620734e+06 -1.875030863539112397e+04 9.942971029129168892e+04 -6.780358034906408284e+04 1.057423352849890798e+05 4.105640275143443141e+05 4.877875353936906322e+04 8.475577658149991476e+04 8.501901088460488245e+04 5.068453343444274506e+05 -1.849635552231206093e+05 9.920243043398477603e+05 6.716822880677849753e+05 -5.695673009230466560e+05 2.482455966841420450e+05 1.610942175050043152e+05 3.263737624730131356e+05 1.359316838787686429e+05
7.422070221483802889e+05 3.934518018470609240e+04 -2.009831613030156586e+05 4.691894085617312521e+04 6.163599945118765754e+04 4.877875353936906322e+04 2.194778469732789672e+05 2.319316311809726176e+04 4.084867522501603526e+04 -1.664089483350479044e+06 -4.957078961943426984e+05 3.330753956583422842e+05 -9.303453716731650638e+04 2.353035925193155126e+05 3.461760977998596500e+05 1.585360246031490096e+05 8.286590187930536922e+04 -4.382031124070000806e+04
1.385246006059448700e+05 -4.364772734434114536e+05 4.456192692967053517e+03 3.673026048105007067e+04 -1.475585692917468259e+04 8.475577658149991476e+04 2.319316311809726176e+04 1.915275138467047655e+05 6.054750891450472409e+04 1.486641872336297529e+06 -7.419640834082452348e+05 2.372782332517987816e+05 2.947330778807392926e+05 -5.815679643952342449e+05 -1.074853858975930489e+05 1.101862957412012183e+05 2.133624996533677913e+05 1.888178451053324898e+04
7.589077139734749217e+05 -4.369545531230591587e+04 1.572495896882420930e+05 -2.542229686945135109e+04 6.712473826045014721e+04 8.501901088460488245e+04 4.084867522501603526e+04 6.054750891450472409e+04 1.907421398318967549e+05 1.460932823625004385e+06 -5.071295285606657853e+05 2.078643693982512923e+05 -1.328949014104622765e+05 -1.049808005386897712e+05 7.346761936459469143e+04 2.321523729293415818e+04 7.600494016591105901e+04 1.109605831701350107e+05
-9.928226674597274512e+06 -7.450693239623205736e+06 -4.868480513512339443e+06 5.292689715492784744e+05 1.241368143930433318e+06 5.068453343444274506e+05 -1.664089483350479044e+06 1.486641872336297529e+06 1.460932823625004385e+06 2.187733970794642568e+08 1.151432951935825869e+07 1.246601643041774951e+05 -9.662612385572021827e+06 -8.977357402703870088e+06 -4.328373115460602567e+06 2.475032219994597603e+06 -1.174797370750098722e+06 1.631314800767161651e+06
-1.061439655403078161e+07 1.664466209261006676e+06 -3.775914727650253102e+06 -1.666203573896054004e+05 2.190033935952831525e+05 -1.849635552231206093e+05 -4.957078961943426984e+05 -7.419640834082452348e+05 -5.071295285606657853e+05 1.151432951935825869e+07 6.737608210313960910e+07 3.230187618734987453e+06 -6.595319439259327017e+06 -4.716746285599682480e+06 -5.291006870886846446e+05 4.836860749390309793e+05 -3.015124975097103044e+06 -8.106775151896027382e+05
3.101049803002991714e+06 3.542563521075367928e+06 4.358527535834877053e+05 -2.519264554450545620e+04 1.436241750032606767e+06 9.920243043398477603e+05 3.330753956583422842e+05 2.372782332517987816e+05 2.078643693982512923e+05 1.246601643041774951e+05 3.230187618734987453e+06 2.339913703081266582e+07 4.045905615504511632e+06 -1.975447641777670477e+06 1.335898023968231166e+06 4.443381807338680956e+05 1.687401457091821067e+04 -8.259017629618184874e+05
6.497404965378722176e+06 3.153681189612224698e+05 6.703620015629843110e+05 9.885468900090855313e+05 -4.136163005560748279e+05 6.716822880677849753e+05 -9.303453716731650638e+04 2.947330778807392926e+05 -1.328949014104622765e+05 -9.662612385572021827e+06 -6.595319439259327017e+06 4.045905615504511632e+06 9.499387552594419569e+06 -1.990955072010837495e+06 4.495613527741518192e+04 2.603271043632293586e+05 6.444857420842977008e+05 5.877791886591117509e+04
-1.573961864980820683e+05 2.550198995348366443e+06 5.316643368150682654e+05 1.533030237069658178e+05 5.892256080425998662e+05 -5.695673009230466560e+05 2.353035925193155126e+05 -5.815679643952342449e+05 -1.049808005386897712e+05 -8.977357402703870088e+06 -4.716746285599682480e+06 -1.975447641777670477e+06 -1.990955072010837495e+06 7.417131105050558224e+06 1.563800753797634505e+06 -3.008167526598507538e+05 -7.700820475188882556e+05 -3.299954120951872028e+04
1.767970999843293102e+06 1.271697889029344369e+05 -6.543974468319696607e+05 3.131016868626910218e+04 3.210728513793880702e+05 2.482455966841420450e+05 3.461760977998596500e+05 -1.074853858975930489e+05 7.346761936459469143e+04 -4.328373115460602567e+06 -5.291006870886846446e+05 1.335898023968231166e+06 4.495613527741518192e+04 1.563800753797634505e+06 2.516906421741354279e+06 5.903268092960118083e+05 1.200760529251820553e+05 6.967118906487857748e+04
-3.412925844376420719e+04 -6.278513528355760500e+05 -1.180163770284843398e+06 -1.172288636464299634e+05 1.299244355426048278e+05 1.610942175050043152e+05 1.585360246031490096e+05 1.101862957412012183e+05 2.321523729293415818e+04 2.475032219994597603e+06 4.836860749390309793e+05 4.443381807338680956e+05 2.603271043632293586e+05 -3.008167526598507538e+05 5.903268092960118083e+05 1.203638075766059803e+06 3.063081064840449253e+05 6.804367169843216834e+04
9.806528791130247992e+05 5.571847748976696748e+05 1.821583936320366411e+04 -4.341499379797921865e+05 9.369960266025664168e+04 3.263737624730131356e+05 8.286590187930536922e+04 2.133624996533677913e+05 7.600494016591105901e+04 -1.174797370750098722e+06 -3.015124975097103044e+06 1.687401457091821067e+04 6.444857420842977008e+05 -7.700820475188882556e+05 1.200760529251820553e+05 3.063081064840449253e+05 9.202572548255296424e+05 3.107893240412822342e+05
3.208687275877870852e+05 1.366522901768823249e+04 -3.514986877313385776e+03 -2.335689327242407890e+05 1.044046895281155157e+05 1.359316838787686429e+05 -4.382031124070000806e+04 1.888178451053324898e+04 1.109605831701350107e+05 1.631314800767161651e+06 -8.106775151896027382e+05 -8.259017629618184874e+05 5.877791886591117509e+04 -3.299954120951872028e+04 6.967118906487857748e+04 6.804367169843216834e+04 3.107893240412822342e+05 5.020039112167822896e+05
