6.426769283679792285e+07 4.300486996666670777e+06 -1.583010920826180372e+06 3.412857468557241955e+05 -2.503208800505265128e+06 -8.419371897758936975e+05 -8.907625267301151762e+05 -4.120120541085191071e+05 -8.535383871489377925e+05 -1.156741046430520155e+07 -9.707325363854666939e+05 -3.197879747183821164e+06 -7.428666316173567437e+06 8.466262083255905891e+05 -9.589302808458984364e+05 4.494372413279913599e+05 -3.349333280647505075e+06 -2.995666012901493814e+06
4.300486996666670777e+06 1.558830673469540291e+07 1.977719776933222078e+06 1.935882741621121066e+06 4.204561335710599669e+05 -8.213684516105098883e+05 1.995180819386728108e+05 -3.829308429347334313e+05 7.805564212522054731e+04 -8.621021352036027238e+06 1.659762368670681678e+07 -2.104759905455625616e+06 1.037056171273897635e+06 3.009095568281276617e+06 -2.678877375552252866e+06 1.792470243636991945e+05 -2.691327920365916798e+05 6.832184504099257756e+05
-1.583010920826180372e+06 1.977719776933222078e+06 6.227346690407409333e+06 2.823244255766121787e+05 8.722301383546788711e+05 1.732191548854458379e+05 4.297868739174178336e+04 -3.563601481029303977e+05 -5.229371169244225894e+04 -4.487042848707979545e+06 5.827498833321868442e+06 5.353494438026593998e+06 2.038210717796366953e+05 2.236092327015184332e+06 2.039747836807355052e+05 -1.506092824793022919e+04 7.509495414251558032e+03 1.449681780606929678e+05
3.412857468557241955e+05 1.935882741621121066e+06 2.823244255766121787e+05 1.337919807452859590e+06 4.298218711191905459e+04 -1.345189387260949297e+05 3.398689913160422293e+04 1.402494883088525967e+05 -9.230489995563690400e+02 -6.189922546720688231e+06 2.197919188267815392e+06 -3.969371734859980643e+05 1.142452726188124390e+06 1.219588959481411846e+06 -1.328903865030067391e+05 -2.867406986915149027e+05 5.054879079747491778e+04 4.410240117134900647e+05
-2.503208800505265128e+06 4.204561335710599669e+05 8.722301383546788711e+05 4.298218711191905459e+04 1.185141520954799838e+06 4.316516434362955042e+05 2.457337038194094494e+05 -9.867102469296308118e+04 7.232171131180308294e+04 -4.758817712450164370e+06 7.310279963030969957e+05 6.140551064663343132e+05 7.221964326820593560e+05 7.730764319723596564e+05 9.811460987978219055e+05 -1.420390072146894527e+05 1.350719744787778181e+05 2.071120774005430285e+05
-8.419371897758936975e+05 -8.213684516105098883e+05 1.732191548854458379e+05 -1.345189387260949297e+05 4.316516434362955042e+05 4.672662780743532931e+05 1.624001342283254489e+05 -4.689819218404754065e+04 -5.208694386798649066e+04 -4.727024000064745196e+05 -1.863471759382556658e+06 -7.020791002308992902e+05 6.779661625041881343e+05 3.419510369477996719e+05 9.170155677832299843e+05 3.945451784635018703e+04 1.706335197926091205e+05 6.495045279804422898e+04
-8.907625267301151762e+05 1.995180819386728108e+05 4.297868739174178336e+04 3.398689913160422293e+04 2.457337038194094494e+05 1.624001342283254489e+05 2.397967952078967064e+05 -5.281462115923118836e+04 2.838883046525944519e+04 -3.775621512257708702e+06 -2.766229999497205717e+05 -1.716704508416401222e+05 6.915974977693265537e+05 2.045591715798731020e+05 4.061363713569568936e+05 -9.170008167681528721e+04 -5.722596995933250582e+04 2.253312588322225783e+05
-4.120120541085191071e+05 -3.829308429347334313e+05 -3.563601481029303977e+05 1.402494883088525967e+05 -9.867102469296308118e+04 -4.689819218404754065e+04 -5.281462115923118836e+04 1.576509350287042907e+05 2.925338695186474069e+04 1.025527773502020136e+05 -7.154216742536604870e+05 9.760388849346005009e+04 3.641339813396831742e+05 1.929476642319557868e+04 -1.935408978751312679e+04 8.742036204382302458e+03 1.258943156638564542e+05 2.764484264277768307e+04
-8.535383871489377925e+05 7.805564212522054731e+04 -5.229371169244225894e+04 -9.230489995563690400e+02 7.232171131180308294e+04 -5.208694386798649066e+04 2.838883046525944519e+04 2.925338695186474069e+04 9.124874150299027679e+04 -1.784814607153304620e+06 -4.635349818895482458e+05 7.286469281914378516e+05 7.295288350129808532e+04 2.863777861651733474e+04 -3.217408968130341236e+04 -2.617467508879154411e+04 3.160325625616114485e+04 3.911598143209479895e+04
-1.156741046430520155e+07 -8.621021352036027238e+06 -4.487042848707979545e+06 -6.189922546720688231e+06 -4.758817712450164370e+06 -4.727024000064745196e+05 -3.775621512257708702e+06 1.025527773502020136e+05 -1.784814607153304620e+06 2.666740289359747469e+08 4.818944160713611171e+06 -3.607273810638797283e+07 -1.864272551936532930e+07 -9.359157670190891251e+06 -5.294722863935524598e+06 5.947268037107518874e+06 1.998405975058882963e+06 -4.601576170556903817e+06
-9.707325363854666939e+05 1.659762368670681678e+07 5.827498833321868442e+06 2.197919188267815392e+06 7.310279963030969957e+05 -1.863471759382556658e+06 -2.766229999497205717e+05 -7.154216742536604870e+05 -4.635349818895482458e+05 4.818944160713611171e+06 7.737479989740791917e+07 1.062187560562619753e+07 4.326035996344260871e+06 4.142278515152503387e+05 1.874984130193372490e+06 -2.693037305043634027e+06 -2.022081817282872973e+06 1.181238726639249362e+06
-3.197879747183821164e+06 -2.104759905455625616e+06 5.353494438026593998e+06 -3.969371734859980643e+05 6.140551064663343132e+05 -7.020791002308992902e+05 -1.716704508416401222e+05 9.760388849346005009e+04 7.286469281914378516e+05 -3.607273810638797283e+07 1.062187560562619753e+07 3.469230821130491793e+07 2.072498651246192865e+06 1.957531461313880980e+06 4.127451368874340551e+05 -1.126431123885362758e+05 -1.028020639244106715e+06 -3.926738943791409838e+05
-7.428666316173567437e+06 1.037056171273897635e+06 2.038210717796366953e+05 1.142452726188124390e+06 7.221964326820593560e+05 6.779661625041881343e+05 6.915974977693265537e+05 3.641339813396831742e+05 7.295288350129808532e+04 -1.864272551936532930e+07 4.326035996344260871e+06 2.072498651246192865e+06 1.018839254681081511e+07 1.656409114399800776e+06 1.915697586700033164e+06 -8.990485927341609495e+05 1.525319506567373755e+05 1.704455385966691189e+06
8.466262083255905891e+05 3.009095568281276617e+06 2.236092327015184332e+06 1.219588959481411846e+06 7.730764319723596564e+05 3.419510369477996719e+05 2.045591715798731020e+05 1.929476642319557868e+04 2.863777861651733474e+04 -9.359157670190891251e+06 4.142278515152503387e+05 1.957531461313880980e+06 1.656409114399800776e+06 3.862647800026368815e+06 5.018614818460551905e+05 5.806770663346624933e+05 -2.010611750536680120e+04 4.115127491105186637e+05
-9.589302808458984364e+05 -2.678877375552252866e+06 2.039747836807355052e+05 -1.328903865030067391e+05 9.811460987978219055e+05 9.170155677832299843e+05 4.061363713569568936e+05 -1.935408978751312679e+04 -3.217408968130341236e+04 -5.294722863935524598e+06 1.874984130193372490e+06 4.127451368874340551e+05 1.915697586700033164e+06 5.018614818460551905e+05 4.552720843597057275e+06 -3.938756295587961213e+05 -1.663815915728534164e+05 2.909198331555770128e+05
4.494372413279913599e+05 1.792470243636991945e+05 -1.506092824793022919e+04 -2.867406986915149027e+05 -1.420390072146894527e+05 3.945451784635018703e+04 -9.170008167681528721e+04 8.742036204382302458e+03 -2.617467508879154411e+04 5.947268037107518874e+06 -2.693037305043634027e+06 -1.126431123885362758e+05 -8.990485927341609495e+05 5.806770663346624933e+05 -3.938756295587961213e+05 1.424843481685031205e+06 1.219888658213998278e+05 -1.816769985563185182e+05
-3.349333280647505075e+06 -2.691327920365916798e+05 7.509495414251558032e+03 5.054879079747491778e+04 1.350719744787778181e+05 1.706335197926091205e+05 -5.722596995933250582e+04 1.258943156638564542e+05 3.160325625616114485e+04 1.998405975058882963e+06 -2.022081817282872973e+06 -1.028020639244106715e+06 1.525319506567373755e+05 -2.010611750536680120e+04 -1.663815915728534164e+05 1.219888658213998278e+05 1.024247476802431396e+06 8.503993012671401175e+02
-2.995666012901493814e+06 6.832184504099257756e+05 1.449681780606929678e+05 4.410240117134900647e+05 2.071120774005430285e+05 6.495045279804422898e+04 2.253312588322225783e+05 2.764484264277768307e+04 3.911598143209479895e+04 -4.601576170556903817e+06 1.181238726639249362e+06 -3.926738943791409838e+05 1.704455385966691189e+06 4.115127491105186637e+05 2.909198331555770128e+05 -1.816769985563185182e+05 8.503993012671401175e+02 6.203043517564407084e+05
