4.598215905386010557e+07 1.252600784505149908e+07 -2.580289361106562894e+06 -1.217192465169277275e+06 1.271873765192536637e+06 -6.818707548549494240e+05 6.736829191929573426e+05 6.917248030092538102e+05 5.211753964710164000e+05 2.697513077383586019e+07 8.837283251194819808e+06 -9.921478887663975358e+06 -4.702530605541862897e+05 -4.994014063535761088e+06 3.517664249141832697e+05 1.032417003229406197e+06 1.333343678404264385e+06 6.459469114741563099e+05
1.252600784505149908e+07 1.273233568545978144e+07 2.318209571934819221e+06 -1.440019775255703600e+06 1.191769463672858546e+05 7.762517963320682757e+05 1.589306352242349531e+05 1.722546560744532326e+05 -1.188600616469164524e+05 2.825856429854204878e+07 1.106173375710951909e+07 -2.077218809906933457e+06 -1.653800033695964376e+06 -2.816792523898635060e+06 6.913925893142101122e+05 1.376889733798210276e+06 1.939127697958785808e+06 9.188757439750606136e+04
-2.580289361106562894e+06 2.318209571934819221e+06 7.174201854642137885e+06 3.717838188712437404e+05 -5.146529764110427350e+05 5.461189472150686197e+05 3.160403383330575307e+05 -5.437388404915846331e+04 -2.890754549473474035e+05 4.901044985741503537e+06 3.027755822489093058e+06 3.674818435468748212e+06 1.451953203841670183e+06 -1.515880056708260672e+06 2.015561507541323954e+05 6.516290869546175236e+05 2.335869613677374145e+05 -5.134371413846006035e+05
-1.217192465169277275e+06 -1.440019775255703600e+06 3.717838188712437404e+05 2.185464305037274025e+06 5.116864820506406832e+05 -5.526439574370304035e+04 -2.027195058939158916e+05 -2.276383181520734506e+05 3.740853430374524032e+04 -2.318030208101989236e+06 -3.037332377441906370e+06 -3.037967245532565285e+06 -3.933762389266059035e+05 1.158946724725343287e+06 -1.274458510852809377e+04 -3.005821233577413368e+05 -6.968168838342535309e+05 -6.905338473897420045e+04
1.271873765192536637e+06 1.191769463672858546e+05 -5.146529764110427350e+05 5.116864820506406832e+05 1.370023616336682346e+06 7.319620951726149360e+04 -5.864774985951180133e+04 5.850423752304595837e+04 1.233875562406807730e+05 -2.191301827462203335e+06 -1.271761022746607894e+06 2.564742901389361068e+05 -1.163870806390062673e+06 1.710570409119913893e+04 -3.126169976150370203e+05 -4.175039212808244338e+04 3.418724547070325934e+04 9.833682340384193594e+03
-6.818707548549494240e+05 7.762517963320682757e+05 5.461189472150686197e+05 -5.526439574370304035e+04 7.319620951726149360e+04 8.609810534793921979e+05 -3.491293803114863113e+04 2.534806502235717198e+04 4.640523545858206489e+04 2.060834454406298697e+06 -7.139600851766248234e+05 -9.342790403877211502e+05 -5.407981203624677146e+05 -1.821144106808684301e+05 9.972229959815423936e+05 1.075624330239661213e+05 2.523908594608978092e+04 -7.779590788733241789e+04
6.736829191929573426e+05 1.589306352242349531e+05 3.160403383330575307e+05 -2.027195058939158916e+05 -5.864774985951180133e+04 -3.491293803114863113e+04 2.591314020487358794e+05 -5.146546036101040227e+04 -6.110081915451407986e+04 7.898358372965566814e+05 7.679237005867791595e+05 6.691089718550846328e+02 -4.978095104175668093e+05 -5.521341115441599395e+05 -7.293656765501383052e+04 1.146385159212403523e+05 -5.680837418346177583e+04 -4.036133539515967277e+04
6.917248030092538102e+05 1.722546560744532326e+05 -5.437388404915846331e+04 -2.276383181520734506e+05 5.850423752304595837e+04 2.534806502235717198e+04 -5.146546036101040227e+04 1.627206406425327004e+05 6.156162257779868378e+04 -1.249981628737982828e+06 -4.560475663680227008e+05 2.970597264094891725e+05 2.482781197443144047e+05 -2.870245132468100055e+05 3.410721538605439036e+03 8.469893052750786592e+04 1.825082701759700431e+05 1.093875128848707391e+05
5.211753964710164000e+05 -1.188600616469164524e+05 -2.890754549473474035e+05 3.740853430374524032e+04 1.233875562406807730e+05 4.640523545858206489e+04 -6.110081915451407986e+04 6.156162257779868378e+04 1.405620445591286116e+05 -1.082633204391272273e+06 -6.283089232309678337e+05 -3.326559192781622987e+05 1.041423718249698723e+05 -5.503004374620426825e+04 1.117062527693829761e+05 1.407857306011039327e+04 5.645609296826279024e+04 4.594397239605614595e+04
2.697513077383586019e+07 2.825856429854204878e+07 4.901044985741503537e+06 -2.318030208101989236e+06 -2.191301827462203335e+06 2.060834454406298697e+06 7.898358372965566814e+05 -1.249981628737982828e+06 -1.082633204391272273e+06 1.719948666371169388e+08 5.262885722844812274e+07 1.110210771242970973e+07 7.030640501036180183e+06 7.157842501652821666e+05 4.460915492271275260e+06 2.537142730495331343e+06 -2.107962599892175756e+06 -9.645993332258028677e+05
8.837283251194819808e+06 1.106173375710951909e+07 3.027755822489093058e+06 -3.037332377441906370e+06 -1.271761022746607894e+06 -7.139600851766248234e+05 7.679237005867791595e+05 -4.560475663680227008e+05 -6.283089232309678337e+05 5.262885722844812274e+07 5.262139008932261914e+07 9.773003973727218807e+06 5.989762067388621159e+06 3.825658747852787375e+06 4.391457006322515663e+05 -1.504406521942936582e+06 -6.261721609922428615e+04 5.674978844949172344e+05
-9.921478887663975358e+06 -2.077218809906933457e+06 3.674818435468748212e+06 -3.037967245532565285e+06 2.564742901389361068e+05 -9.342790403877211502e+05 6.691089718550846328e+02 2.970597264094891725e+05 -3.326559192781622987e+05 1.110210771242970973e+07 9.773003973727218807e+06 2.840663195802167803e+07 5.635515468038190156e+06 3.070815703889927827e+06 1.800838612111693692e+03 6.421611244241654640e+05 -5.816308272445375333e+05 -2.974944732644525357e+05
-4.702530605541862897e+05 -1.653800033695964376e+06 1.451953203841670183e+06 -3.933762389266059035e+05 -1.163870806390062673e+06 -5.407981203624677146e+05 -4.978095104175668093e+05 2.482781197443144047e+05 1.041423718249698723e+05 7.030640501036180183e+06 5.989762067388621159e+06 5.635515468038190156e+06 1.067191017778784782e+07 1.231212330778327771e+06 -8.997599670080193027e+04 -1.221864192671240307e+06 -9.517859603826034581e+05 6.724182229771490674e+05
-4.994014063535761088e+06 -2.816792523898635060e+06 -1.515880056708260672e+06 1.158946724725343287e+06 1.710570409119913893e+04 -1.821144106808684301e+05 -5.521341115441599395e+05 -2.870245132468100055e+05 -5.503004374620426825e+04 7.157842501652821666e+05 3.825658747852787375e+06 3.070815703889927827e+06 1.231212330778327771e+06 7.667363688504715450e+06 2.590370768350728787e+06 -6.730315257977235597e+05 -4.657705424069635919e+05 3.463717481300972286e+05
3.517664249141832697e+05 6.913925893142101122e+05 2.015561507541323954e+05 -1.274458510852809377e+04 -3.126169976150370203e+05 9.972229959815423936e+05 -7.293656765501383052e+04 3.410721538605439036e+03 1.117062527693829761e+05 4.460915492271275260e+06 4.391457006322515663e+05 1.800838612111693692e+03 -8.997599670080193027e+04 2.590370768350728787e+06 4.467218071648097597e+06 7.819841798330231104e+05 2.850502226432939060e+05 5.053878482680488378e+05
1.032417003229406197e+06 1.376889733798210276e+06 6.516290869546175236e+05 -3.005821233577413368e+05 -4.175039212808244338e+04 1.075624330239661213e+05 1.146385159212403523e+05 8.469893052750786592e+04 1.407857306011039327e+04 2.537142730495331343e+06 -1.504406521942936582e+06 6.421611244241654640e+05 -1.221864192671240307e+06 -6.730315257977235597e+05 7.819841798330231104e+05 2.163459697680396028e+06 8.282672076444067061e+05 1.051764584441146690e+04
1.333343678404264385e+06 1.939127697958785808e+06 2.335869613677374145e+05 -6.968168838342535309e+05 3.418724547070325934e+04 2.523908594608978092e+04 -5.680837418346177583e+04 1.825082701759700431e+05 5.645609296826279024e+04 -2.107962599892175756e+06 -6.261721609922428615e+04 -5.816308272445375333e+05 -9.517859603826034581e+05 -4.657705424069635919e+05 2.850502226432939060e+05 8.282672076444067061e+05 1.393688840996827232e+06 1.091764409176728514e+05
6.459469114741563099e+05 9.188757439750606136e+04 -5.134371413846006035e+05 -6.905338473897420045e+04 9.833682340384193594e+03 -7.779590788733241789e+04 -4.036133539515967277e+04 1.093875128848707391e+05 4.594397239605614595e+04 -9.645993332258028677e+05 5.674978844949172344e+05 -2.974944732644525357e+05 6.724182229771490674e+05 3.463717481300972286e+05 5.053878482680488378e+05 1.051764584441146690e+04 1.091764409176728514e+05 4.201634386343550286e+05
