3.509970615791250765e+07 2.197397206619610079e+06 -4.094919435450875317e+05 8.370956778775487328e+05 8.239233336768884910e+05 1.295523289646053454e+06 6.648982636432086583e+05 -7.150132119214750128e+05 -9.552483294518194452e+04 2.364446533418191969e+07 -3.223571931396017317e+06 1.310456356315362081e+07 -5.097334773540810682e+06 5.458444684817376547e+06 3.273918652277274989e+06 7.731118425060760928e+05 1.716354697270006291e+05 4.004509455944800284e+05
2.197397206619610079e+06 1.273828978079003654e+07 3.641850638225734234e+06 6.164284745596169960e+05 4.671108245470056427e+05 -4.136512942886175006e+05 8.691836375927571207e+05 -5.998856770478965336e+04 -3.578289654030288220e+05 -4.918552464765646495e+06 -3.222839897927474696e+06 4.336694506611655466e+06 4.463717961973808706e+06 -6.763993501504760934e+05 8.249222401322840014e+05 9.319465880784816109e+05 -3.618594846290705027e+05 -1.145516237779808929e+06
-4.094919435450875317e+05 3.641850638225734234e+06 3.187622707575771958e+06 3.168795322283704882e+05 3.042688125520927715e+05 3.692998029059730470e+05 1.106667741236247530e+05 1.038532657890367591e+04 1.201627773407013156e+05 1.741081706362969242e+06 -1.404117840384094743e+06 2.825218260756095871e+06 1.988910919909836492e+06 -4.880519413861411740e+05 -1.522258194326528173e+05 5.853255672803272028e+05 1.471702092555934505e+05 -1.500184040778962080e+05
8.370956778775487328e+05 6.164284745596169960e+05 3.168795322283704882e+05 1.376977201736036222e+06 6.097526501922754105e+05 -9.000947480851342334e+03 5.120713262636540094e+03 1.001250195088474720e+05 1.044827064771442383e+05 -9.681742273552558618e+05 -1.187186597475355491e+06 1.130650131165161729e+06 -6.271601879608131712e+05 6.432037720653035212e+05 2.510342284657461569e+05 2.979419948315854999e+05 -3.455266634821906919e+05 -4.051756487885345705e+05
8.239233336768884910e+05 4.671108245470056427e+05 3.042688125520927715e+05 6.097526501922754105e+05 1.225194025524366880e+06 2.085419580174754374e+05 7.140635328363963345e+04 5.573572682190893102e+04 1.840538947687753534e+05 -4.483597415741940960e+06 -2.779087976466872729e+06 -1.016021332775974151e+05 -3.381008856016491773e+05 9.160356343927275157e+05 5.150424692249535001e+05 1.056393158062656294e+05 -2.754978616111468873e+05 -8.178186365935532376e+04
1.295523289646053454e+06 -4.136512942886175006e+05 3.692998029059730470e+05 -9.000947480851342334e+03 2.085419580174754374e+05 5.505096597146780696e+05 -3.185589132052520290e+04 3.066116108330757197e+04 4.981910840593853936e+04 9.531991135428633424e+04 8.104950134227302624e+05 -1.483654025187445804e+05 -1.676622605212219933e+05 3.922823541104064789e+05 1.808697123144663055e+05 -1.191137299691767839e+05 1.636102623750619823e+05 1.761565120304788870e+05
6.648982636432086583e+05 8.691836375927571207e+05 1.106667741236247530e+05 5.120713262636540094e+03 7.140635328363963345e+04 -3.185589132052520290e+04 4.299526557928464608e+05 1.749951213331235340e+05 -6.901559167441564205e+04 2.626955444216752425e+06 -7.422846078833247302e+05 -3.148575426700632088e+05 3.490970980976971332e+05 6.403491577829163289e+05 3.560275720062952023e+05 2.826558778870920651e+05 -8.510218144385275082e+03 -5.660977650503074983e+04
-7.150132119214750128e+05 -5.998856770478965336e+04 1.038532657890367591e+04 1.001250195088474720e+05 5.573572682190893102e+04 3.066116108330757197e+04 1.749951213331235340e+05 3.515831599649877753e+05 4.013943305716563918e+04 1.642937666363789700e+06 6.118214249252473237e+05 -6.661025833496056730e+05 9.101931598153762752e+04 4.619253308528786292e+05 2.465321058148486190e+05 2.227368916693332721e+05 -1.340656631239459384e+05 -6.515733044202269230e+04
-9.552483294518194452e+04 -3.578289654030288220e+05 1.201627773407013156e+05 1.044827064771442383e+05 1.840538947687753534e+05 4.981910840593853936e+04 -6.901559167441564205e+04 4.013943305716563918e+04 1.528187637113232340e+05 -6.022997417960989987e+05 7.057210031221133249e+04 2.142202285869784828e+05 -3.375147129983332707e+04 9.464997114663744287e+04 4.982355308096318367e+03 -6.625543596137302302e+03 -4.976580888732999301e+04 8.217952228932475555e+04
2.364446533418191969e+07 -4.918552464765646495e+06 1.741081706362969242e+06 -9.681742273552558618e+05 -4.483597415741940960e+06 9.531991135428633424e+04 2.626955444216752425e+06 1.642937666363789700e+06 -6.022997417960989987e+05 1.397604977021866143e+08 7.637988452816341305e+04 5.386934255244065076e+06 -1.255854943211787194e+07 3.795702481172550470e+06 7.525717887813905254e+05 5.483084405236417428e+06 4.581756191948392079e+05 -4.966003756378992693e+05
-3.223571931396017317e+06 -3.222839897927474696e+06 -1.404117840384094743e+06 -1.187186597475355491e+06 -2.779087976466872729e+06 8.104950134227302624e+05 -7.422846078833247302e+05 6.118214249252473237e+05 7.057210031221133249e+04 7.637988452816341305e+04 4.901715279171703756e+07 1.226961424151814915e+07 -4.256484644038732949e+04 -2.089146254940322600e+06 2.552790619445022821e+04 -1.521865353633842897e+06 1.489973017967296066e+06 2.366629755916265771e+06
1.310456356315362081e+07 4.336694506611655466e+06 2.825218260756095871e+06 1.130650131165161729e+06 -1.016021332775974151e+05 -1.483654025187445804e+05 -3.148575426700632088e+05 -6.661025833496056730e+05 2.142202285869784828e+05 5.386934255244065076e+06 1.226961424151814915e+07 3.822045672376996279e+07 3.854844764719789382e+06 3.594444658500798396e+05 -9.158199898138626013e+05 5.954508403263041982e+05 8.977410652964661131e+05 3.263305697902155225e+05
-5.097334773540810682e+06 4.463717961973808706e+06 1.988910919909836492e+06 -6.271601879608131712e+05 -3.381008856016491773e+05 -1.676622605212219933e+05 3.490970980976971332e+05 9.101931598153762752e+04 -3.375147129983332707e+04 -1.255854943211787194e+07 -4.256484644038732949e+04 3.854844764719789382e+06 1.270660203620496579e+07 -8.395305939898480428e+05 -5.636962179091019789e+05 5.192209735025836271e+05 -8.304078296107477217e+04 6.113727157796331448e+05
5.458444684817376547e+06 -6.763993501504760934e+05 -4.880519413861411740e+05 6.432037720653035212e+05 9.160356343927275157e+05 3.922823541104064789e+05 6.403491577829163289e+05 4.619253308528786292e+05 9.464997114663744287e+04 3.795702481172550470e+06 -2.089146254940322600e+06 3.594444658500798396e+05 -8.395305939898480428e+05 4.724908731427138671e+06 1.469134103026061552e+06 7.667378368131478783e+05 -4.246920495312609128e+05 2.814419792099720798e+05
3.273918652277274989e+06 8.249222401322840014e+05 -1.522258194326528173e+05 2.510342284657461569e+05 5.150424692249535001e+05 1.808697123144663055e+05 3.560275720062952023e+05 2.465321058148486190e+05 4.982355308096318367e+03 7.525717887813905254e+05 2.552790619445022821e+04 -9.158199898138626013e+05 -5.636962179091019789e+05 1.469134103026061552e+06 2.685175855994249694e+06 2.698893925910092657e+05 3.598926526965211087e+04 7.164754815143258020e+04
7.731118425060760928e+05 9.319465880784816109e+05 5.853255672803272028e+05 2.979419948315854999e+05 1.056393158062656294e+05 -1.191137299691767839e+05 2.826558778870920651e+05 2.227368916693332721e+05 -6.625543596137302302e+03 5.483084405236417428e+06 -1.521865353633842897e+06 5.954508403263041982e+05 5.192209735025836271e+05 7.667378368131478783e+05 2.698893925910092657e+05 2.371353959061734378e+06 1.826239626929113001e+05 -5.956200695927596098e+04
1.716354697270006291e+05 -3.618594846290705027e+05 1.471702092555934505e+05 -3.455266634821906919e+05 -2.754978616111468873e+05 1.636102623750619823e+05 -8.510218144385275082e+03 -1.340656631239459384e+05 -4.976580888732999301e+04 4.581756191948392079e+05 1.489973017967296066e+06 8.977410652964661131e+05 -8.304078296107477217e+04 -4.246920495312609128e+05 3.598926526965211087e+04 1.826239626929113001e+05 7.531514314992238069e+05 1.357329559083646454e+05
4.004509455944800284e+05 -1.145516237779808929e+06 -1.500184040778962080e+05 -4.051756487885345705e+05 -8.178186365935532376e+04 1.761565120304788870e+05 -5.660977650503074983e+04 -6.515733044202269230e+04 8.217952228932475555e+04 -4.966003756378992693e+05 2.366629755916265771e+06 3.263305697902155225e+05 6.113727157796331448e+05 2.814419792099720798e+05 7.164754815143258020e+04 -5.956200695927596098e+04 1.357329559083646454e+05 8.389050454426113283e+05
