2.706500638866471499e+07 -3.034804868845736142e+06 1.210903638255790109e+06 3.394416975109043997e+06 -1.712035811416177312e+06 3.917242044192524045e+05 6.573658669876834610e+05 -5.087266273641766747e+05 3.881007435541788000e+05 3.484792627866180614e+06 -7.742401606562137604e+05 -6.808994924374348484e+06 2.339935203215715941e+06 -2.750299182640281506e+06 2.368482861172240227e+06 -4.433165792391101713e+05 7.383302561781900004e+05 1.150463912299343618e+06
-3.034804868845736142e+06 1.787029162374606356e+07 1.416748892301118234e+06 -1.060160620116713690e+06 1.547770348132085521e+06 7.906412030738831963e+05 -7.119498222532429500e+05 1.369621383108707087e+05 1.056391654475109244e+05 8.076783906622510403e+06 1.611578160941328295e+07 3.833969454024144914e+06 -2.791940049918049946e+06 4.671866235857629217e+05 1.036863792673150660e+06 1.065728107322550204e+05 1.027713081271285628e+05 -9.274052013419262366e+05
1.210903638255790109e+06 1.416748892301118234e+06 5.668846157068029977e+06 2.096109196957814565e+05 2.538792073934402142e+05 8.274298252813001163e+05 1.495791761968403589e+05 2.728002011270047515e+05 2.376630885972190299e+05 8.893168142579097301e+06 9.413152819221310318e+06 2.551339208478671499e+06 -7.328028273210699808e+03 1.875700840712965874e+05 1.983183701098094229e+06 1.128308414214838529e+06 -1.909156166842518141e+05 -6.464259933668471640e+05
3.394416975109043997e+06 -1.060160620116713690e+06 2.096109196957814565e+05 1.611045700347754639e+06 4.585311486929185339e+05 2.259162030793428712e+05 2.344078583784922957e+05 -1.265482676188875921e+05 2.119290172362083104e+04 9.107256522950361250e+05 -3.769996226769250352e+06 -9.221015098131418927e+05 5.093539355591479689e+05 1.879569559500753821e+05 7.593968140653122682e+05 3.871980082371901954e+05 5.878339302765449975e+05 2.490891632365085534e+05
-1.712035811416177312e+06 1.547770348132085521e+06 2.538792073934402142e+05 4.585311486929185339e+05 1.794051403672348475e+06 2.329604373411999841e+05 1.442282209723455599e+05 -1.317684148585854564e+05 -2.069751300110844022e+04 1.519106246511947829e+06 -1.285872062356458977e+06 1.181614123312444892e+06 -5.984386433400674723e+05 1.472487220628327923e+06 3.626473194954053615e+05 1.142752703699655132e+06 2.993387390811430523e+05 -2.665731468229922466e+05
3.917242044192524045e+05 7.906412030738831963e+05 8.274298252813001163e+05 2.259162030793428712e+05 2.329604373411999841e+05 4.538511692464444786e+05 2.736251848877250268e+03 1.946626073874611757e+04 2.627965985059665763e+04 2.015355438337823143e+06 2.561577423295650631e+06 1.041234280684609781e+06 1.591525272418917448e+05 5.313225987641704269e+05 6.890076027742320439e+05 2.675282103937892825e+05 1.071874107615680405e+05 3.317254686184588536e+03
6.573658669876834610e+05 -7.119498222532429500e+05 1.495791761968403589e+05 2.344078583784922957e+05 1.442282209723455599e+05 2.736251848877250268e+03 2.250557259576811630e+05 -2.348836766014154273e+04 -1.912999294386815018e+04 1.729115348596301046e+05 -9.119962547147017904e+05 -1.136149587768592464e+05 1.144688560310635512e+05 -1.775543220145152882e+05 -7.818127651005702501e+04 3.689881780493930564e+05 3.006092644289795862e+04 -2.915529788051400101e+04
-5.087266273641766747e+05 1.369621383108707087e+05 2.728002011270047515e+05 -1.265482676188875921e+05 -1.317684148585854564e+05 1.946626073874611757e+04 -2.348836766014154273e+04 1.825073637946102244e+05 1.095693993570043131e+04 7.297332848900983809e+05 4.863448379699505749e+05 6.040562964599978877e+05 4.477952500523546478e+05 -1.242446004028652533e+05 -1.326155886668509047e+05 1.481419428432660061e+05 2.688535464317824153e+04 1.390900951914477046e+05
3.881007435541788000e+05 1.056391654475109244e+05 2.376630885972190299e+05 2.119290172362083104e+04 -2.069751300110844022e+04 2.627965985059665763e+04 -1.912999294386815018e+04 1.095693993570043131e+04 7.391607297717023175e+04 8.620426417868568387e+04 6.950341040551279439e+05 2.798478485779869370e+05 -3.257317429246099323e+02 8.868989579723667703e+04 7.512534256981681392e+04 -5.695955745342068985e+04 2.401213815222124686e+04 3.363209907574724639e+04
3.484792627866180614e+06 8.076783906622510403e+06 8.893168142579097301e+06 9.107256522950361250e+05 1.519106246511947829e+06 2.015355438337823143e+06 1.729115348596301046e+05 7.297332848900983809e+05 8.620426417868568387e+04 1.206673720926529467e+08 2.598184399757343903e+07 -1.400441487843829580e+07 -1.385335385614341125e+07 2.074185222888528835e+06 3.955050708103482611e+06 7.245106513517449610e+06 -2.039398053671279689e+06 2.134416764370924793e+06
-7.742401606562137604e+05 1.611578160941328295e+07 9.413152819221310318e+06 -3.769996226769250352e+06 -1.285872062356458977e+06 2.561577423295650631e+06 -9.119962547147017904e+05 4.863448379699505749e+05 6.950341040551279439e+05 2.598184399757343903e+07 8.690411781474724412e+07 6.365114062305848114e+06 -5.808922430181724019e+06 -3.043671683526183944e+06 6.498277243025117787e+05 -9.707565534782774048e+05 -8.910719203919660067e+05 -1.611350744357644813e+06
-6.808994924374348484e+06 3.833969454024144914e+06 2.551339208478671499e+06 -9.221015098131418927e+05 1.181614123312444892e+06 1.041234280684609781e+06 -1.136149587768592464e+05 6.040562964599978877e+05 2.798478485779869370e+05 -1.400441487843829580e+07 6.365114062305848114e+06 2.292971563546161354e+07 2.518950314679300878e+06 3.264504098850823473e+06 -1.372569084624325158e+06 6.588835006346253213e+05 6.344259810319097014e+05 -4.114201899424525327e+05
2.339935203215715941e+06 -2.791940049918049946e+06 -7.328028273210699808e+03 5.093539355591479689e+05 -5.984386433400674723e+05 1.591525272418917448e+05 1.144688560310635512e+05 4.477952500523546478e+05 -3.257317429246099323e+02 -1.385335385614341125e+07 -5.808922430181724019e+06 2.518950314679300878e+06 8.289432609359145164e+06 6.614129633792868117e+05 -2.528999666807697213e+05 7.583337441097029950e+05 1.308628642973104957e+06 1.060943174328265246e+06
-2.750299182640281506e+06 4.671866235857629217e+05 1.875700840712965874e+05 1.879569559500753821e+05 1.472487220628327923e+06 5.313225987641704269e+05 -1.775543220145152882e+05 -1.242446004028652533e+05 8.868989579723667703e+04 2.074185222888528835e+06 -3.043671683526183944e+06 3.264504098850823473e+06 6.614129633792868117e+05 4.746329148131443188e+06 1.640235153830819996e+06 9.855049067144489381e+05 7.263997411524166819e+05 4.845476929565517348e+05
2.368482861172240227e+06 1.036863792673150660e+06 1.983183701098094229e+06 7.593968140653122682e+05 3.626473194954053615e+05 6.890076027742320439e+05 -7.818127651005702501e+04 -1.326155886668509047e+05 7.512534256981681392e+04 3.955050708103482611e+06 6.498277243025117787e+05 -1.372569084624325158e+06 -2.528999666807697213e+05 1.640235153830819996e+06 3.651923813441629522e+06 3.182434481501589180e+05 4.382724264158147271e+05 1.395742965365476266e+05
-4.433165792391101713e+05 1.065728107322550204e+05 1.128308414214838529e+06 3.871980082371901954e+05 1.142752703699655132e+06 2.675282103937892825e+05 3.689881780493930564e+05 1.481419428432660061e+05 -5.695955745342068985e+04 7.245106513517449610e+06 -9.707565534782774048e+05 6.588835006346253213e+05 7.583337441097029950e+05 9.855049067144489381e+05 3.182434481501589180e+05 2.504183299992969260e+06 2.250384698586264276e+05 2.848189369662543177e+05
7.383302561781900004e+05 1.027713081271285628e+05 -1.909156166842518141e+05 5.878339302765449975e+05 2.993387390811430523e+05 1.071874107615680405e+05 3.006092644289795862e+04 2.688535464317824153e+04 2.401213815222124686e+04 -2.039398053671279689e+06 -8.910719203919660067e+05 6.344259810319097014e+05 1.308628642973104957e+06 7.263997411524166819e+05 4.382724264158147271e+05 2.250384698586264276e+05 1.074624632793259108e+06 4.387304574807365425e+05
1.150463912299343618e+06 -9.274052013419262366e+05 -6.464259933668471640e+05 2.490891632365085534e+05 -2.665731468229922466e+05 3.317254686184588536e+03 -2.915529788051400101e+04 1.390900951914477046e+05 3.363209907574724639e+04 2.134416764370924793e+06 -1.611350744357644813e+06 -4.114201899424525327e+05 1.060943174328265246e+06 4.845476929565517348e+05 1.395742965365476266e+05 2.848189369662543177e+05 4.387304574807365425e+05 8.985399622821074445e+05
