7.265477510578253865e+07 1.216184494246364571e+06 2.033564084890205879e+06 -1.416386305025132140e+06 -3.722810445450289990e+05 5.496944182901838794e+05 -6.027463147487780079e+05 -6.163926975349622080e+05 -4.420057165147902560e+05 -4.196233018907734752e+07 -2.340807011401266791e+06 -4.288261366159675643e+06 -5.428546516276991460e+05 -4.115255689745802898e+06 -7.884073901876543649e+06 -3.621734703118826728e+06 -6.811358878263629740e+05 -1.008880655981039861e+06
1.216184494246364571e+06 1.267074758348291367e+07 3.238443855835787486e+06 3.433843626163016888e+05 -8.852837164482122753e+05 -4.303498525614255923e+05 -3.715085607203736436e+05 1.510541894945275562e+05 -1.055275140234870378e+04 2.367899991856719926e+07 5.420887821427240968e+06 -1.853582967546933563e+06 2.554967517445663456e+06 2.067117341292943805e+06 1.817138250641265651e+06 -7.115768197021217784e+05 -3.487000327486529131e+05 1.969306235470152751e+05
2.033564084890205879e+06 3.238443855835787486e+06 4.772019323304859921e+06 8.916387656427880283e+05 -5.309340011221205350e+05 -3.953538932903509121e+05 -1.947203969341947814e+05 -7.815938236457177481e+03 7.302280992848135611e+03 2.861622849548484664e+05 -4.566797117321525002e+05 -6.763811488099575399e+03 4.215287316570540424e+05 -2.578049998536532512e+05 -3.657296596108909580e+05 -7.894444571469767252e+05 -2.550695698275727045e+05 -1.431932975341981219e+05
-1.416386305025132140e+06 3.433843626163016888e+05 8.916387656427880283e+05 1.560643262898154557e+06 -1.311334565221584344e+05 -1.665345653705899022e+05 2.333329238020395278e+05 3.882756410675588995e+04 2.587729708521623616e+04 -5.386790432823710144e+06 -2.569722928295779973e+06 3.728250955054560909e+05 1.208667880612232722e+06 -6.150201556096500717e+05 -1.220170478008732425e+04 -1.420034404252640088e+05 1.125123464019128442e+05 3.259650700831898721e+05
-3.722810445450289990e+05 -8.852837164482122753e+05 -5.309340011221205350e+05 -1.311334565221584344e+05 6.265776815135090146e+05 -1.235270741570500832e+05 -1.371166726799954195e+05 -7.251933832361784880e+03 -2.942524579655568232e+03 5.826954921662797220e+06 2.790713962192007806e+06 1.467282089841571404e+06 -3.894089129497447866e+05 6.001240156630666461e+05 8.807567212141567143e+04 1.345205040937716840e+05 -1.339665241219003510e+05 -5.545020960545643175e+04
5.496944182901838794e+05 -4.303498525614255923e+05 -3.953538932903509121e+05 -1.665345653705899022e+05 -1.235270741570500832e+05 7.285824051036192104e+05 2.241501816426965524e+05 1.003399523633708886e+05 1.346670758249564642e+04 -7.137127417854954489e+06 1.541286820971558569e+06 5.627368776715648128e+05 8.564806545444987714e+05 4.328484571845571045e+05 3.830959344478923013e+05 2.616457103909097204e+05 2.256767645778938895e+05 -2.109867243110162381e+05
-6.027463147487780079e+05 -3.715085607203736436e+05 -1.947203969341947814e+05 2.333329238020395278e+05 -1.371166726799954195e+05 2.241501816426965524e+05 4.693082308923624805e+05 5.829689486418929300e+04 -2.395223481081680802e+04 -7.278967580505209044e+06 -1.927589286039053462e+06 6.635278009663767880e+05 6.959223755484282738e+05 -2.371586881914015612e+04 4.838997373797751497e+05 1.667317910910525825e+05 3.211290462495285901e+05 -7.224536565208328830e+04
-6.163926975349622080e+05 1.510541894945275562e+05 -7.815938236457177481e+03 3.882756410675588995e+04 -7.251933832361784880e+03 1.003399523633708886e+05 5.829689486418929300e+04 1.005194829449991958e+05 3.130316193197844768e+04 -4.821455083832069067e+05 6.974834001781715779e+05 2.409597644053492986e+05 7.387208722017546825e+04 1.106838578338938823e+05 2.677087626157028135e+05 9.133490983590899850e+04 -7.359624739517454873e+04 2.540310467584665457e+04
-4.420057165147902560e+05 -1.055275140234870378e+04 7.302280992848135611e+03 2.587729708521623616e+04 -2.942524579655568232e+03 1.346670758249564642e+04 -2.395223481081680802e+04 3.130316193197844768e+04 7.811514523677135003e+04 1.438078887359430548e+06 8.152428220591109712e+05 -4.389129418226111738e+04 -3.145335246978141950e+05 -8.646942860735535214e+04 3.973763856966303138e+04 2.112087964730192107e+04 -2.778217793279286980e+03 1.051580686465900217e+05
-4.196233018907734752e+07 2.367899991856719926e+07 2.861622849548484664e+05 -5.386790432823710144e+06 5.826954921662797220e+06 -7.137127417854954489e+06 -7.278967580505209044e+06 -4.821455083832069067e+05 1.438078887359430548e+06 3.746611689459364414e+08 8.172130564887443185e+07 -4.858417449801590294e+06 -1.670846646827301197e+07 1.205196163853908516e+07 1.708361137793401722e+06 -3.119037443954231218e+06 -6.530691375666637905e+06 3.067745316812345292e+06
-2.340807011401266791e+06 5.420887821427240968e+06 -4.566797117321525002e+05 -2.569722928295779973e+06 2.790713962192007806e+06 1.541286820971558569e+06 -1.927589286039053462e+06 6.974834001781715779e+05 8.152428220591109712e+05 8.172130564887443185e+07 9.168727406060396135e+07 9.441801587639685720e+06 2.915828403688760009e+06 1.498337879703228921e+07 3.150999361065487843e+06 3.197881769507052843e+06 -2.108790999227188993e+06 2.763462784384813494e+04
-4.288261366159675643e+06 -1.853582967546933563e+06 -6.763811488099575399e+03 3.728250955054560909e+05 1.467282089841571404e+06 5.627368776715648128e+05 6.635278009663767880e+05 2.409597644053492986e+05 -4.389129418226111738e+04 -4.858417449801590294e+06 9.441801587639685720e+06 1.701203793159311265e+07 2.767127185289052315e+06 3.854140138876324054e+06 3.514764842110097408e+06 9.394940966984370025e+05 -4.251186854514502920e+05 5.129338944802356127e+04
-5.428546516276991460e+05 2.554967517445663456e+06 4.215287316570540424e+05 1.208667880612232722e+06 -3.894089129497447866e+05 8.564806545444987714e+05 6.959223755484282738e+05 7.387208722017546825e+04 -3.145335246978141950e+05 -1.670846646827301197e+07 2.915828403688760009e+06 2.767127185289052315e+06 9.560323162466280162e+06 1.520083376101070084e+06 5.569571739897539373e+05 -8.453794048770857626e+04 2.487479989689096328e+04 -8.911233954318906181e+05
-4.115255689745802898e+06 2.067117341292943805e+06 -2.578049998536532512e+05 -6.150201556096500717e+05 6.001240156630666461e+05 4.328484571845571045e+05 -2.371586881914015612e+04 1.106838578338938823e+05 -8.646942860735535214e+04 1.205196163853908516e+07 1.498337879703228921e+07 3.854140138876324054e+06 1.520083376101070084e+06 6.923909642865334637e+06 2.969827733694373630e+06 1.370607329521854175e+06 7.289862252723562997e+05 3.252129098315541050e+05
-7.884073901876543649e+06 1.817138250641265651e+06 -3.657296596108909580e+05 -1.220170478008732425e+04 8.807567212141567143e+04 3.830959344478923013e+05 4.838997373797751497e+05 2.677087626157028135e+05 3.973763856966303138e+04 1.708361137793401722e+06 3.150999361065487843e+06 3.514764842110097408e+06 5.569571739897539373e+05 2.969827733694373630e+06 4.169617114870679099e+06 8.351902868386855116e+05 9.782534176990130218e+05 6.595331752625206718e+05
-3.621734703118826728e+06 -7.115768197021217784e+05 -7.894444571469767252e+05 -1.420034404252640088e+05 1.345205040937716840e+05 2.616457103909097204e+05 1.667317910910525825e+05 9.133490983590899850e+04 2.112087964730192107e+04 -3.119037443954231218e+06 3.197881769507052843e+06 9.394940966984370025e+05 -8.453794048770857626e+04 1.370607329521854175e+06 8.351902868386855116e+05 1.338579232134896331e+06 5.172915979152032523e+05 -4.646553552683213638e+04
-6.811358878263629740e+05 -3.487000327486529131e+05 -2.550695698275727045e+05 1.125123464019128442e+05 -1.339665241219003510e+05 2.256767645778938895e+05 3.211290462495285901e+05 -7.359624739517454873e+04 -2.778217793279286980e+03 -6.530691375666637905e+06 -2.108790999227188993e+06 -4.251186854514502920e+05 2.487479989689096328e+04 7.289862252723562997e+05 9.782534176990130218e+05 5.172915979152032523e+05 1.328941178475630237e+06 2.897586970900578890e+05
-1.008880655981039861e+06 1.969306235470152751e+05 -1.431932975341981219e+05 3.259650700831898721e+05 -5.545020960545643175e+04 -2.109867243110162381e+05 -7.224536565208328830e+04 2.540310467584665457e+04 1.051580686465900217e+05 3.067745316812345292e+06 2.763462784384813494e+04 5.129338944802356127e+04 -8.911233954318906181e+05 3.252129098315541050e+05 6.595331752625206718e+05 -4.646553552683213638e+04 2.897586970900578890e+05 8.371064229679647833e+05
