6.278133059108051658e+07 7.144595597289572470e+06 -5.573359274310073815e+06 4.691116838681876834e+04 2.355795504458130745e+05 2.779481017175882153e+04 2.594494956254975696e+05 2.217397271887711831e+05 1.243378116332310718e+06 2.904184915525995940e+07 1.387961230463416316e+07 -1.491524578983779997e+07 -3.945634391774263699e+06 -6.884126255005751736e+06 -1.521186791159294778e+06 -3.546280632489410345e+05 -6.412072753052699845e+05 -3.090072483729769592e+05
7.144595597289572470e+06 2.549242855055002868e+07 -3.514621291050071362e+06 -2.893588690056814812e+05 3.481518629677439458e+05 -6.507584885241978191e+04 7.614427247966353316e+05 5.522509822678463534e+05 3.485543687744523049e+05 2.626386673799869046e+07 2.081861867130647600e+07 -2.787995830560554750e+06 -1.157103790480268071e+05 -7.599007138015711680e+05 -5.059696571455388912e+05 1.221219874940418405e+06 -1.412440049883403582e+06 6.978469845385313965e+04
-5.573359274310073815e+06 -3.514621291050071362e+06 4.112883940505191684e+06 1.594532892136755865e+06 -2.360343561228680192e+05 3.175677454048306099e+05 -4.536581473273345910e+04 -1.196770091637992882e+05 -4.094862179914243461e+04 3.280970536972705275e+06 -3.261433237867713440e+06 5.830398381732241251e+05 1.110382795358347706e+06 -1.371052911997399060e+06 9.215624341629203409e+05 -3.059291315093006415e+04 1.467412505548830959e+05 4.122233464617106947e+05
4.691116838681876834e+04 -2.893588690056814812e+05 1.594532892136755865e+06 2.384576861853743903e+06 1.376310294400362181e+05 3.478842882790101576e+05 1.932115295114274486e+05 -1.351629187720334157e+05 -5.102818256302121881e+04 -8.017844486656974768e+05 -1.677259469261884224e+06 -1.457872419288640958e+05 1.749190308590179076e+06 -3.692197158102256362e+05 -1.407441133273891464e+05 -1.774773045192629506e+05 -2.361762588438558741e+05 2.123799209222536883e+05
2.355795504458130745e+05 3.481518629677439458e+05 -2.360343561228680192e+05 1.376310294400362181e+05 1.605302311791701475e+06 1.214165251944506163e+05 1.151920592546530388e+05 -2.674288127148065905e+04 5.804617044566192817e+03 -1.005811403987300000e+06 1.108123675586471800e+06 3.518748894668393186e+05 9.330041644008043222e+05 2.609937592450235388e+05 -3.924416642499787267e+05 -2.768053708727761987e+05 -3.093710863701332710e+05 -7.119314155098011543e+04
2.779481017175882153e+04 -6.507584885241978191e+04 3.175677454048306099e+05 3.478842882790101576e+05 1.214165251944506163e+05 5.630684714051429182e+05 1.014927013312116760e+05 4.973347770476688311e+04 -2.010859490879621808e+04 1.260274931608799379e+06 1.642010314307831926e+06 2.416820744378858362e+05 1.294231734018560499e+06 2.084021374769284157e+05 1.174137659478472051e+05 -1.800756786612168944e+05 2.906674531628508339e+04 -4.530002421874344145e+04
2.594494956254975696e+05 7.614427247966353316e+05 -4.536581473273345910e+04 1.932115295114274486e+05 1.151920592546530388e+05 1.014927013312116760e+05 2.753152806244431995e+05 1.279055242111941334e+05 1.210773572764160235e+04 1.081491263407958671e+06 1.893457480894633336e+06 -3.681515276881343452e+05 8.781857621698441217e+05 2.425230119709618739e+05 -5.952778999584653320e+03 2.427513917237626156e+05 -7.550065560772537719e+04 -4.217441003637667563e+03
2.217397271887711831e+05 5.522509822678463534e+05 -1.196770091637992882e+05 -1.351629187720334157e+05 -2.674288127148065905e+04 4.973347770476688311e+04 1.279055242111941334e+05 1.907281663841663103e+05 2.330510487014602768e+04 1.450032625222303905e+06 9.779533210007183952e+05 -7.165599799527332652e+05 4.227999772991197533e+05 7.336379518211272079e+04 2.551266514329312195e+05 2.701106247501665493e+05 -6.123937733414931017e+02 5.336745396775344125e+04
1.243378116332310718e+06 3.485543687744523049e+05 -4.094862179914243461e+04 -5.102818256302121881e+04 5.804617044566192817e+03 -2.010859490879621808e+04 1.210773572764160235e+04 2.330510487014602768e+04 9.728573980890121311e+04 3.241193295029314235e+06 1.024939816494912375e+06 -4.121099015053691692e+05 3.765705253516099183e+05 -1.646375992854283541e+05 1.296941612372103918e+04 5.895909617118719325e+04 -1.133370474133371135e+04 2.807833749107704716e+04
2.904184915525995940e+07 2.626386673799869046e+07 3.280970536972705275e+06 -8.017844486656974768e+05 -1.005811403987300000e+06 1.260274931608799379e+06 1.081491263407958671e+06 1.450032625222303905e+06 3.241193295029314235e+06 4.074613827511862516e+08 2.543927507828712463e+07 -2.158408583461993188e+07 6.673812394450034946e+06 -1.169414622913897038e+07 1.067117398538456857e+07 2.410108145349315892e+05 -2.333386402276517358e+06 1.937019479804637609e+06
1.387961230463416316e+07 2.081861867130647600e+07 -3.261433237867713440e+06 -1.677259469261884224e+06 1.108123675586471800e+06 1.642010314307831926e+06 1.893457480894633336e+06 9.779533210007183952e+05 1.024939816494912375e+06 2.543927507828712463e+07 8.775404249248073995e+07 3.726361116876060609e+06 1.426559193976138346e+07 5.275556057032279670e+06 1.253210536905618617e+06 3.250290941152132116e+06 2.484738627625369467e+06 8.584201271574004786e+05
-1.491524578983779997e+07 -2.787995830560554750e+06 5.830398381732241251e+05 -1.457872419288640958e+05 3.518748894668393186e+05 2.416820744378858362e+05 -3.681515276881343452e+05 -7.165599799527332652e+05 -4.121099015053691692e+05 -2.158408583461993188e+07 3.726361116876060609e+06 2.534468935998943076e+07 1.543963122830418637e+06 -5.774423396882263478e+05 -3.498977637230863911e+05 -3.396977692850220483e+05 1.337023475630556233e+06 -1.723688929481878877e+05
-3.945634391774263699e+06 -1.157103790480268071e+05 1.110382795358347706e+06 1.749190308590179076e+06 9.330041644008043222e+05 1.294231734018560499e+06 8.781857621698441217e+05 4.227999772991197533e+05 3.765705253516099183e+05 6.673812394450034946e+06 1.426559193976138346e+07 1.543963122830418637e+06 1.791967256552014127e+07 1.066312648381376639e+06 1.892879642251995625e+06 1.749387875663224142e+06 7.036270924139893395e+03 1.114995749199548503e+06
-6.884126255005751736e+06 -7.599007138015711680e+05 -1.371052911997399060e+06 -3.692197158102256362e+05 2.609937592450235388e+05 2.084021374769284157e+05 2.425230119709618739e+05 7.336379518211272079e+04 -1.646375992854283541e+05 -1.169414622913897038e+07 5.275556057032279670e+06 -5.774423396882263478e+05 1.066312648381376639e+06 6.101909493230257183e+06 5.545943307379853213e+05 3.632399681961396127e+05 5.430057312130718492e+05 -5.104481860743901925e+05
-1.521186791159294778e+06 -5.059696571455388912e+05 9.215624341629203409e+05 -1.407441133273891464e+05 -3.924416642499787267e+05 1.174137659478472051e+05 -5.952778999584653320e+03 2.551266514329312195e+05 1.296941612372103918e+04 1.067117398538456857e+07 1.253210536905618617e+06 -3.498977637230863911e+05 1.892879642251995625e+06 5.545943307379853213e+05 3.510625141771925613e+06 7.639416540586784249e+05 3.060491968618316459e+05 5.807294349111603806e+05
-3.546280632489410345e+05 1.221219874940418405e+06 -3.059291315093006415e+04 -1.774773045192629506e+05 -2.768053708727761987e+05 -1.800756786612168944e+05 2.427513917237626156e+05 2.701106247501665493e+05 5.895909617118719325e+04 2.410108145349315892e+05 3.250290941152132116e+06 -3.396977692850220483e+05 1.749387875663224142e+06 3.632399681961396127e+05 7.639416540586784249e+05 1.852837105613232357e+06 5.662479770856588148e+05 3.615179759986100253e+05
-6.412072753052699845e+05 -1.412440049883403582e+06 1.467412505548830959e+05 -2.361762588438558741e+05 -3.093710863701332710e+05 2.906674531628508339e+04 -7.550065560772537719e+04 -6.123937733414931017e+02 -1.133370474133371135e+04 -2.333386402276517358e+06 2.484738627625369467e+06 1.337023475630556233e+06 7.036270924139893395e+03 5.430057312130718492e+05 3.060491968618316459e+05 5.662479770856588148e+05 1.297738337200481677e+06 1.283758683238823724e+05
-3.090072483729769592e+05 6.978469845385313965e+04 4.122233464617106947e+05 2.123799209222536883e+05 -7.119314155098011543e+04 -4.530002421874344145e+04 -4.217441003637667563e+03 5.336745396775344125e+04 2.807833749107704716e+04 1.937019479804637609e+06 8.584201271574004786e+05 -1.723688929481878877e+05 1.114995749199548503e+06 -5.104481860743901925e+05 5.807294349111603806e+05 3.615179759986100253e+05 1.283758683238823724e+05 5.814701632294153096e+05
