4.245298575478513539e+07 2.512129222133769654e+06 1.329855067561720964e+06 1.750910715331547661e+06 1.702362108392888447e+06 9.572621572063962230e+05 -1.041328826295180246e+06 -3.719485934241413634e+04 -3.383227174786307150e+05 5.634703090417060256e+07 2.520683792576195672e+06 -2.210241499771321658e+06 -6.830530887002518401e+06 -2.900855565688916016e+06 1.611993382605844527e+05 -1.854833604394258582e+05 -8.701047787441768742e+04 -8.737806387148426147e+05
2.512129222133769654e+06 1.461825537145916559e+07 7.851534503774569603e+05 -2.107028711805630301e+05 5.303970828777168645e+05 7.363142285355207277e+05 -3.913959414720301866e+05 -7.807175326600298285e+05 -8.704642093257655506e+04 9.031507622179752216e+06 -9.081600957519473741e+05 1.745741334867212689e+06 4.575584376181269763e+05 2.561756032652180642e+06 8.674271244920865865e+05 1.784867417853467166e+06 1.341325246840083506e+06 -4.923717178514220868e+05
1.329855067561720964e+06 7.851534503774569603e+05 5.339205427407925017e+06 3.314497840853069793e+05 3.344557451217111666e+05 -1.247566194655675790e+05 -1.936320270600677759e+05 -2.964210580280233407e+05 7.349748997671619873e+04 1.013539464116421901e+07 2.903441345458210912e+06 1.741168576271778205e+06 2.082440768376247259e+06 1.922165359827461420e+06 1.364613706632669200e+05 -4.836441866176132462e+05 -1.673953767480126044e+04 -2.814156703481216682e+05
1.750910715331547661e+06 -2.107028711805630301e+05 3.314497840853069793e+05 1.910025536279581022e+06 -2.620941182889452903e+05 2.347992456714161090e+05 1.469366310555204400e+05 3.445079058116961096e+04 -7.460393985469960899e+04 3.526565058390289545e+06 7.838306864138302626e+05 7.513989855513370130e+05 6.875133443416616647e+05 -1.506636899968537036e+06 6.256561452925368212e+04 -3.230961375503904419e+05 -5.732061155333740171e+05 -1.296995294340782857e+05
1.702362108392888447e+06 5.303970828777168645e+05 3.344557451217111666e+05 -2.620941182889452903e+05 8.688989149375434499e+05 2.301601339023624314e+05 9.058446713637048379e+04 -7.758596190686887712e+04 8.387227859118548804e+04 5.579863075246063992e+06 -2.579770788397061697e+05 4.083788642382359249e+05 -5.845402466523975600e+05 5.314708962958253687e+05 7.693986717378707835e+05 1.390529386816704064e+05 4.375839491354349884e+05 -1.169221233417691292e+04
9.572621572063962230e+05 7.363142285355207277e+05 -1.247566194655675790e+05 2.347992456714161090e+05 2.301601339023624314e+05 7.526390762552424567e+05 9.517471504224302771e+04 -5.908771187972754706e+04 -2.428859208535585276e+04 5.766939522408773191e+06 -3.940299715076002758e+05 1.834200537382026901e+06 -5.775478429523298983e+05 1.671897425923836709e+05 8.391681717232405208e+05 4.740896210623955121e+05 2.682195654241751763e+05 -8.233426621686766157e+04
-1.041328826295180246e+06 -3.913959414720301866e+05 -1.936320270600677759e+05 1.469366310555204400e+05 9.058446713637048379e+04 9.517471504224302771e+04 4.158488999735179241e+05 9.162531693483392883e+04 3.645402244815590529e+04 -7.859029759959004587e+05 -5.973380189347252017e+05 7.595768822711665416e+05 -1.124732550625807780e+05 -3.789269298949727672e+05 1.107942129973003030e+05 -8.192491184226264886e+04 7.948728642880454572e+03 1.028605135242616234e+05
-3.719485934241413634e+04 -7.807175326600298285e+05 -2.964210580280233407e+05 3.445079058116961096e+04 -7.758596190686887712e+04 -5.908771187972754706e+04 9.162531693483392883e+04 1.716466568502911832e+05 -1.974029224115554825e+04 -2.090179528099316871e+06 -6.647370214955741540e+05 -4.472417098309110734e+05 -6.422248736951042520e+04 -3.932482638081107289e+05 -6.606141444813880662e+04 -3.030212178463706514e+05 -1.029260129780815041e+05 9.238729285854814225e+04
-3.383227174786307150e+05 -8.704642093257655506e+04 7.349748997671619873e+04 -7.460393985469960899e+04 8.387227859118548804e+04 -2.428859208535585276e+04 3.645402244815590529e+04 -1.974029224115554825e+04 7.225801097847540223e+04 -2.358174906482198276e+05 -3.097899258932402518e+04 -6.677730186773260357e+05 1.768541886440296075e+05 4.686122055585568887e+04 -1.815916752602568158e+04 1.115532256125651111e+04 6.476268195781955001e+04 -4.979415050790449459e+04
5.634703090417060256e+07 9.031507622179752216e+06 1.013539464116421901e+07 3.526565058390289545e+06 5.579863075246063992e+06 5.766939522408773191e+06 -7.859029759959004587e+05 -2.090179528099316871e+06 -2.358174906482198276e+05 2.001217476940629780e+08 -4.929902028818590567e+06 2.535531798464709893e+07 -5.542450718038103543e+06 9.584678392663206905e+05 9.745295185442887247e+06 3.047025468831293751e+06 3.179922785889619030e+06 -5.170062735051134368e+05
2.520683792576195672e+06 -9.081600957519473741e+05 2.903441345458210912e+06 7.838306864138302626e+05 -2.579770788397061697e+05 -3.940299715076002758e+05 -5.973380189347252017e+05 -6.647370214955741540e+05 -3.097899258932402518e+04 -4.929902028818590567e+06 4.851768995242963731e+07 9.846099867175256833e+06 9.919096860160015523e+06 1.645193523799165385e+06 -1.947320174352204893e+06 3.362775307887601084e+05 -1.817712183716188651e+06 1.992050667086866451e+06
-2.210241499771321658e+06 1.745741334867212689e+06 1.741168576271778205e+06 7.513989855513370130e+05 4.083788642382359249e+05 1.834200537382026901e+06 7.595768822711665416e+05 -4.472417098309110734e+05 -6.677730186773260357e+05 2.535531798464709893e+07 9.846099867175256833e+06 2.701112504612051323e+07 2.066057186064686626e+06 1.986490534744743025e+06 4.523384973128946498e+06 2.045322954430547310e+06 8.076776421240337659e+05 8.572643115482830908e+05
-6.830530887002518401e+06 4.575584376181269763e+05 2.082440768376247259e+06 6.875133443416616647e+05 -5.845402466523975600e+05 -5.775478429523298983e+05 -1.124732550625807780e+05 -6.422248736951042520e+04 1.768541886440296075e+05 -5.542450718038103543e+06 9.919096860160015523e+06 2.066057186064686626e+06 1.230392128216901980e+07 -6.407533057602101471e+05 3.360194667605180293e+05 -8.462627688339393353e+05 -3.355006648812228814e+05 1.089469887268110411e+06
-2.900855565688916016e+06 2.561756032652180642e+06 1.922165359827461420e+06 -1.506636899968537036e+06 5.314708962958253687e+05 1.671897425923836709e+05 -3.789269298949727672e+05 -3.932482638081107289e+05 4.686122055585568887e+04 9.584678392663206905e+05 1.645193523799165385e+06 1.986490534744743025e+06 -6.407533057602101471e+05 5.708628820086477324e+06 1.204642146565871371e+04 5.905455262636725092e+05 6.169947629352379590e+05 -9.870828446236153832e+04
1.611993382605844527e+05 8.674271244920865865e+05 1.364613706632669200e+05 6.256561452925368212e+04 7.693986717378707835e+05 8.391681717232405208e+05 1.107942129973003030e+05 -6.606141444813880662e+04 -1.815916752602568158e+04 9.745295185442887247e+06 -1.947320174352204893e+06 4.523384973128946498e+06 3.360194667605180293e+05 1.204642146565871371e+04 3.864046399314897601e+06 1.161414243402821943e+06 8.281585069089821773e+05 2.242788101526453102e+05
-1.854833604394258582e+05 1.784867417853467166e+06 -4.836441866176132462e+05 -3.230961375503904419e+05 1.390529386816704064e+05 4.740896210623955121e+05 -8.192491184226264886e+04 -3.030212178463706514e+05 1.115532256125651111e+04 3.047025468831293751e+06 3.362775307887601084e+05 2.045322954430547310e+06 -8.462627688339393353e+05 5.905455262636725092e+05 1.161414243402821943e+06 1.739559929703774396e+06 3.384858309321400593e+05 -3.897028688658070168e+05
-8.701047787441768742e+04 1.341325246840083506e+06 -1.673953767480126044e+04 -5.732061155333740171e+05 4.375839491354349884e+05 2.682195654241751763e+05 7.948728642880454572e+03 -1.029260129780815041e+05 6.476268195781955001e+04 3.179922785889619030e+06 -1.817712183716188651e+06 8.076776421240337659e+05 -3.355006648812228814e+05 6.169947629352379590e+05 8.281585069089821773e+05 3.384858309321400593e+05 7.979391790013273712e+05 -6.313929812759031483e+04
-8.737806387148426147e+05 -4.923717178514220868e+05 -2.814156703481216682e+05 -1.296995294340782857e+05 -1.169221233417691292e+04 -8.233426621686766157e+04 1.028605135242616234e+05 9.238729285854814225e+04 -4.979415050790449459e+04 -5.170062735051134368e+05 1.992050667086866451e+06 8.572643115482830908e+05 1.089469887268110411e+06 -9.870828446236153832e+04 2.242788101526453102e+05 -3.897028688658070168e+05 -6.313929812759031483e+04 8.096138897949117236e+05
