4.373715025251127034e+07 2.205714947081460850e+05 2.175964204914737958e+06 2.830071577410478145e+06 4.686925012318653171e+05 1.684373160892860731e+06 1.323516396138206823e+06 4.320440730596011272e+05 3.910046139772580354e+05 1.459275323728009686e+07 -2.435956994147592224e+06 7.514445069771839306e+06 5.956047677902921103e+06 -3.949425860026626382e+06 5.154383541090513463e+05 1.685065745681895642e+05 -1.252827008076410973e+06 1.293011177920037648e+06
2.205714947081460850e+05 1.963141170887533948e+07 3.829075808872990310e+06 1.406237010046660202e+06 6.327936579119893722e+05 5.968379978120144224e+05 -9.974415777830620937e+04 3.606650767219119007e+05 -4.684607975274622731e+03 -5.036444669040941633e+06 8.665058581879215315e+06 2.845282767511139391e+05 5.189662108559858985e+06 6.319398724828365957e+05 1.604620368597037625e+06 -2.238939985777174006e+05 -3.941911269103733939e+05 -2.317382211098419793e+05
2.175964204914737958e+06 3.829075808872990310e+06 4.337255530149115250e+06 1.204789206340775592e+06 2.147116187986443983e+05 5.981935284939596895e+05 -2.709519757491227574e+04 -9.926360031766988686e+04 1.124551677388096869e+05 -3.767393727298145648e+06 7.516197951986584812e+06 3.954301100935740396e+06 3.406386863726677839e+06 3.514400027697314363e+04 -1.610781176045436587e+05 -1.044539373671794892e+06 -7.002451915319644613e+05 -3.320121430437522940e+05
2.830071577410478145e+06 1.406237010046660202e+06 1.204789206340775592e+06 2.065436946040104842e+06 1.901199906736944977e+05 4.094583726543952362e+05 1.688299828302233072e+05 1.621018098972344596e+05 1.467622906772479182e+05 1.797136674409754109e+06 1.246438387753767893e+06 1.696724115466934396e+06 7.111685879276107298e+05 -6.699357079231016105e+05 1.791752885295823507e+05 -5.738755319040636532e+05 5.248894329475427367e+04 1.718063150027236261e+05
4.686925012318653171e+05 6.327936579119893722e+05 2.147116187986443983e+05 1.901199906736944977e+05 9.211367447766074911e+05 4.928062115633276408e+05 1.151490339253866841e+05 4.114473968655999488e+04 6.682985450700781075e+04 -8.361493381704385392e+05 -3.496452149746498326e+05 2.640730425037423847e+05 1.233548147604283411e+06 6.731558143850879278e+05 2.312242647631540021e+05 -4.327738052074623556e+04 7.637471516668341064e+04 2.309569252846316376e+05
1.684373160892860731e+06 5.968379978120144224e+05 5.981935284939596895e+05 4.094583726543952362e+05 4.928062115633276408e+05 6.655758927192821866e+05 2.025140366048914148e+05 7.659984413754405978e+04 9.404732882306563260e+04 1.168713979624752421e+06 -1.685602403564176988e+06 -8.206088502404188330e+04 6.291111210255479673e+05 2.081220625280045788e+05 4.461893044039648958e+05 -1.112376681129905919e+05 -1.573403063303050294e+05 1.141907732183838671e+05
1.323516396138206823e+06 -9.974415777830620937e+04 -2.709519757491227574e+04 1.688299828302233072e+05 1.151490339253866841e+05 2.025140366048914148e+05 2.772579141358901397e+05 9.612005582182404760e+04 -5.519051406897800916e+03 5.990450991329014068e+05 -1.098957982157794060e+06 -9.244465930044904817e+05 -6.225328261752889957e+05 1.903711482718997577e+05 1.082493079431066290e+05 8.964346621173238964e+04 2.872992692976235412e+04 1.275215289423790091e+05
4.320440730596011272e+05 3.606650767219119007e+05 -9.926360031766988686e+04 1.621018098972344596e+05 4.114473968655999488e+04 7.659984413754405978e+04 9.612005582182404760e+04 1.689796071711630793e+05 4.374662553794221458e+04 6.251454362934784731e+05 -9.631427664549021283e+05 -9.148398641558527015e+05 -5.406003609423602256e+02 -2.164526536085752377e+04 -4.167163855740883446e+04 -5.358145681210979092e+03 -4.183485152119568374e+04 4.101502962931192451e+04
3.910046139772580354e+05 -4.684607975274622731e+03 1.124551677388096869e+05 1.467622906772479182e+05 6.682985450700781075e+04 9.404732882306563260e+04 -5.519051406897800916e+03 4.374662553794221458e+04 5.983535803972899885e+04 2.845991485957361292e+05 3.094155315224767401e+04 6.398035349330575991e+04 4.044463416290155728e+05 -2.437877390475995344e+04 -4.057492923151730793e+03 -7.477034175369024160e+04 -7.185331579810954281e+04 5.382722451233489846e+04
1.459275323728009686e+07 -5.036444669040941633e+06 -3.767393727298145648e+06 1.797136674409754109e+06 -8.361493381704385392e+05 1.168713979624752421e+06 5.990450991329014068e+05 6.251454362934784731e+05 2.845991485957361292e+05 2.053701994683154821e+08 8.103150242492467165e+06 3.269196205936319660e+06 -1.125123512555707432e+07 -1.760057058005022258e+07 1.991008175099541200e+06 -3.400194845596749801e+05 -8.567213972935576458e+05 3.052189052536084782e+05
-2.435956994147592224e+06 8.665058581879215315e+06 7.516197951986584812e+06 1.246438387753767893e+06 -3.496452149746498326e+05 -1.685602403564176988e+06 -1.098957982157794060e+06 -9.631427664549021283e+05 3.094155315224767401e+04 8.103150242492467165e+06 9.214528814000377059e+07 3.162571659779006988e+07 8.737150619760787115e+06 1.002204693356785923e+06 -3.244313281676302198e+06 -2.990178092787928414e+06 -1.630230533038390102e+06 -2.655671478782351478e+05
7.514445069771839306e+06 2.845282767511139391e+05 3.954301100935740396e+06 1.696724115466934396e+06 2.640730425037423847e+05 -8.206088502404188330e+04 -9.244465930044904817e+05 -9.148398641558527015e+05 6.398035349330575991e+04 3.269196205936319660e+06 3.162571659779006988e+07 2.872778385535854101e+07 7.635810529066312127e+06 -2.471070828918240033e+06 -6.346985657827950490e+04 -1.853399954129911261e+06 -7.092646623031094205e+05 -1.154809848319057437e+03
5.956047677902921103e+06 5.189662108559858985e+06 3.406386863726677839e+06 7.111685879276107298e+05 1.233548147604283411e+06 6.291111210255479673e+05 -6.225328261752889957e+05 -5.406003609423602256e+02 4.044463416290155728e+05 -1.125123512555707432e+07 8.737150619760787115e+06 7.635810529066312127e+06 1.545838475218571164e+07 7.924821049144219141e+05 -1.606613068403757410e+06 -3.019774286940372549e+05 -6.929930479614553042e+05 6.169754768172344193e+05
-3.949425860026626382e+06 6.319398724828365957e+05 3.514400027697314363e+04 -6.699357079231016105e+05 6.731558143850879278e+05 2.081220625280045788e+05 1.903711482718997577e+05 -2.164526536085752377e+04 -2.437877390475995344e+04 -1.760057058005022258e+07 1.002204693356785923e+06 -2.471070828918240033e+06 7.924821049144219141e+05 4.604604250394621864e+06 2.101014911569612450e+05 3.139933064531874843e+05 2.800603121465731529e+05 2.011868052862161712e+05
5.154383541090513463e+05 1.604620368597037625e+06 -1.610781176045436587e+05 1.791752885295823507e+05 2.312242647631540021e+05 4.461893044039648958e+05 1.082493079431066290e+05 -4.167163855740883446e+04 -4.057492923151730793e+03 1.991008175099541200e+06 -3.244313281676302198e+06 -6.346985657827950490e+04 -1.606613068403757410e+06 2.101014911569612450e+05 2.228925796671347693e+06 4.805476438315847772e+05 1.904952695179454749e+05 1.603830680983233906e+05
1.685065745681895642e+05 -2.238939985777174006e+05 -1.044539373671794892e+06 -5.738755319040636532e+05 -4.327738052074623556e+04 -1.112376681129905919e+05 8.964346621173238964e+04 -5.358145681210979092e+03 -7.477034175369024160e+04 -3.400194845596749801e+05 -2.990178092787928414e+06 -1.853399954129911261e+06 -3.019774286940372549e+05 3.139933064531874843e+05 4.805476438315847772e+05 1.495085790275246836e+06 5.068049211657252163e+05 4.804543832239519688e+05
-1.252827008076410973e+06 -3.941911269103733939e+05 -7.002451915319644613e+05 5.248894329475427367e+04 7.637471516668341064e+04 -1.573403063303050294e+05 2.872992692976235412e+04 -4.183485152119568374e+04 -7.185331579810954281e+04 -8.567213972935576458e+05 -1.630230533038390102e+06 -7.092646623031094205e+05 -6.929930479614553042e+05 2.800603121465731529e+05 1.904952695179454749e+05 5.068049211657252163e+05 6.273008311874225037e+05 2.781098221030539135e+05
1.293011177920037648e+06 -2.317382211098419793e+05 -3.320121430437522940e+05 1.718063150027236261e+05 2.309569252846316376e+05 1.141907732183838671e+05 1.275215289423790091e+05 4.101502962931192451e+04 5.382722451233489846e+04 3.052189052536084782e+05 -2.655671478782351478e+05 -1.154809848319057437e+03 6.169754768172344193e+05 2.011868052862161712e+05 1.603830680983233906e+05 4.804543832239519688e+05 2.781098221030539135e+05 5.528373275054696715e+05
