4.954772895177190006e+07 -1.487531922713798704e+06 -1.116911229911077069e+06 9.326383442661962472e+05 -2.904382620915246662e+05 -1.053166924970328342e+06 -7.221069843687951798e+05 -7.163675922908523353e+05 1.618333366917800449e+05 3.952246937632257491e+07 -6.444649495423055254e+06 7.892905912995669059e+06 -4.195256526929995976e+06 5.575136027846598299e+05 4.351673444636129774e+06 2.942566948896979913e+06 8.215991551837020088e+05 -5.384171628957346547e+05
-1.487531922713798704e+06 1.753229006176345795e+07 3.157455370389524382e+06 -6.129920446571953362e+05 1.441790689263654873e+06 1.043037037008958519e+06 -2.209737262362396286e+05 -4.502674492816748098e+05 -2.722880276617911877e+05 -8.000352656800681725e+06 7.021363642551718280e+06 1.294649114189573564e+06 -2.052680058005803498e+06 5.373696151680820622e+05 1.795579579238582868e+06 -5.073899052581478609e+05 9.376604713462570217e+05 3.372531638979860581e+05
-1.116911229911077069e+06 3.157455370389524382e+06 8.473384542081560940e+06 1.392004352910122136e+06 1.115745208369441563e+06 -7.619840003035917107e+03 -1.968296796255253430e+05 6.892250764272632659e+04 9.614875783778871119e+04 -4.730713764997655526e+06 3.783310455622360576e+06 5.513520379894633777e+06 3.920083591794791166e+06 1.049091753363585100e+06 -1.022699114331758756e+05 -5.192590863569242647e+05 -2.031929176108193351e+05 2.257468718459790398e+05
9.326383442661962472e+05 -6.129920446571953362e+05 1.392004352910122136e+06 1.500400768365581287e+06 3.915125882290187874e+05 -1.346253478222249541e+05 -1.613207117015525873e+05 1.287046028782006761e+05 1.198469378270368325e+05 1.056622506571134785e+06 8.423345369003567612e+04 1.027340364208604908e+06 8.585999216573508456e+05 3.846590604027242516e+05 -2.459949495563537494e+04 -1.958052862505324811e+04 -2.658609369674156187e+04 -2.007503698629020073e+05
-2.904382620915246662e+05 1.441790689263654873e+06 1.115745208369441563e+06 3.915125882290187874e+05 1.026092970613292535e+06 3.232764737722663558e+05 4.964538822615820391e+04 -1.075675648454963448e+04 3.095655755385528028e+04 1.758558523700701771e+06 -2.640399593005998759e+05 1.553066639807401691e+06 2.025203885260127427e+05 6.700690677134548314e+05 1.297288416812396608e+05 1.266350455392861913e+05 3.039209818103415455e+04 -2.505038526201284549e+05
-1.053166924970328342e+06 1.043037037008958519e+06 -7.619840003035917107e+03 -1.346253478222249541e+05 3.232764737722663558e+05 5.431912744471555343e+05 1.223436959366305382e+05 8.713063248287529859e+03 -7.755326057613991725e+04 4.260563950600247481e+05 4.054179136876786361e+05 -2.668427270777822123e+05 -2.693958577107145684e+05 1.401470009253335302e+05 -3.351392561224985402e+05 1.056613614096942547e+04 9.815549968664983680e+03 -1.161871605048052443e+05
-7.221069843687951798e+05 -2.209737262362396286e+05 -1.968296796255253430e+05 -1.613207117015525873e+05 4.964538822615820391e+04 1.223436959366305382e+05 2.797484598211679258e+05 1.088801708325039217e+05 3.471901752104554180e+04 7.828980901494390564e+05 -2.167814295126646757e+06 -5.430663647310567321e+05 -9.251176410092129663e+04 1.897574419656350510e+05 -2.066408671533404849e+05 1.426687267860618595e+05 4.718452815966856724e+04 -5.673930659090448171e+04
-7.163675922908523353e+05 -4.502674492816748098e+05 6.892250764272632659e+04 1.287046028782006761e+05 -1.075675648454963448e+04 8.713063248287529859e+03 1.088801708325039217e+05 1.974078156030718237e+05 7.027767468301806730e+03 -8.453669360659141093e+05 -5.123251743882828741e+05 -2.059425310747039912e+05 2.004886042965540255e+05 6.544604305942938663e+04 -1.742338802412317309e+05 1.707375703040830558e+03 1.526412205274594307e+05 -4.685769942711581825e+04
1.618333366917800449e+05 -2.722880276617911877e+05 9.614875783778871119e+04 1.198469378270368325e+05 3.095655755385528028e+04 -7.755326057613991725e+04 3.471901752104554180e+04 7.027767468301806730e+03 1.192457307915715501e+05 -1.347217065695210360e+06 -1.204752075253589312e+06 -3.931915990994891617e+05 7.050522236770957534e+04 7.657958488317277806e+04 -1.437130425424735586e+05 6.973668485348488321e+04 -5.498683137285556586e+04 1.249277369896868331e+05
3.952246937632257491e+07 -8.000352656800681725e+06 -4.730713764997655526e+06 1.056622506571134785e+06 1.758558523700701771e+06 4.260563950600247481e+05 7.828980901494390564e+05 -8.453669360659141093e+05 -1.347217065695210360e+06 3.698300139500675797e+08 2.645969096111346781e+07 1.603620516790384240e+07 -2.188294919430261105e+07 -8.015517372209657915e+06 1.183374432237990014e+07 -6.078718093327112729e+05 -3.317528203529553022e+06 -4.272421679009828717e+06
-6.444649495423055254e+06 7.021363642551718280e+06 3.783310455622360576e+06 8.423345369003567612e+04 -2.640399593005998759e+05 4.054179136876786361e+05 -2.167814295126646757e+06 -5.123251743882828741e+05 -1.204752075253589312e+06 2.645969096111346781e+07 6.189396478720726073e+07 1.713587138714965433e+07 -4.672477609309691004e+06 2.875032693821877241e+06 3.002580352874727454e+06 -1.462888557408665773e+06 -1.800860393297518895e+05 -6.367860494860765757e+05
7.892905912995669059e+06 1.294649114189573564e+06 5.513520379894633777e+06 1.027340364208604908e+06 1.553066639807401691e+06 -2.668427270777822123e+05 -5.430663647310567321e+05 -2.059425310747039912e+05 -3.931915990994891617e+05 1.603620516790384240e+07 1.713587138714965433e+07 2.710943368379750848e+07 -8.795016502953765448e+05 1.577367013820642896e+05 2.413345348840622697e+06 1.204451920657674782e+06 1.661880853157012898e+05 -1.517740560450815829e+06
-4.195256526929995976e+06 -2.052680058005803498e+06 3.920083591794791166e+06 8.585999216573508456e+05 2.025203885260127427e+05 -2.693958577107145684e+05 -9.251176410092129663e+04 2.004886042965540255e+05 7.050522236770957534e+04 -2.188294919430261105e+07 -4.672477609309691004e+06 -8.795016502953765448e+05 1.200323801458745450e+07 1.258907836278613890e+06 -1.581796392716132104e+06 -1.464171108155575639e+05 -1.785341869482262991e+05 -7.038044257490555174e+04
5.575136027846598299e+05 5.373696151680820622e+05 1.049091753363585100e+06 3.846590604027242516e+05 6.700690677134548314e+05 1.401470009253335302e+05 1.897574419656350510e+05 6.544604305942938663e+04 7.657958488317277806e+04 -8.015517372209657915e+06 2.875032693821877241e+06 1.577367013820642896e+05 1.258907836278613890e+06 5.822708290350918658e+06 8.711120815863882890e+05 9.043221210370092886e+05 2.163768061839105503e+05 -6.812826624304247089e+05
4.351673444636129774e+06 1.795579579238582868e+06 -1.022699114331758756e+05 -2.459949495563537494e+04 1.297288416812396608e+05 -3.351392561224985402e+05 -2.066408671533404849e+05 -1.742338802412317309e+05 -1.437130425424735586e+05 1.183374432237990014e+07 3.002580352874727454e+06 2.413345348840622697e+06 -1.581796392716132104e+06 8.711120815863882890e+05 2.553879531879313290e+06 1.537079570248369128e+05 6.067531350416506757e+04 -3.667205308850348229e+05
2.942566948896979913e+06 -5.073899052581478609e+05 -5.192590863569242647e+05 -1.958052862505324811e+04 1.266350455392861913e+05 1.056613614096942547e+04 1.426687267860618595e+05 1.707375703040830558e+03 6.973668485348488321e+04 -6.078718093327112729e+05 -1.462888557408665773e+06 1.204451920657674782e+06 -1.464171108155575639e+05 9.043221210370092886e+05 1.537079570248369128e+05 1.653734681430418743e+06 5.161973589931064635e+05 -3.358570250895794597e+05
8.215991551837020088e+05 9.376604713462570217e+05 -2.031929176108193351e+05 -2.658609369674156187e+04 3.039209818103415455e+04 9.815549968664983680e+03 4.718452815966856724e+04 1.526412205274594307e+05 -5.498683137285556586e+04 -3.317528203529553022e+06 -1.800860393297518895e+05 1.661880853157012898e+05 -1.785341869482262991e+05 2.163768061839105503e+05 6.067531350416506757e+04 5.161973589931064635e+05 8.828123939745137468e+05 1.500323993337037391e+05
-5.384171628957346547e+05 3.372531638979860581e+05 2.257468718459790398e+05 -2.007503698629020073e+05 -2.505038526201284549e+05 -1.161871605048052443e+05 -5.673930659090448171e+04 -4.685769942711581825e+04 1.249277369896868331e+05 -4.272421679009828717e+06 -6.367860494860765757e+05 -1.517740560450815829e+06 -7.038044257490555174e+04 -6.812826624304247089e+05 -3.667205308850348229e+05 -3.358570250895794597e+05 1.500323993337037391e+05 8.184570496782069094e+05
