4.521621893789554387e+07 -4.176441287837135140e+06 3.213759126101031870e+04 4.737557008633402293e+05 5.183729976796868723e+05 -9.404083274474608479e+05 6.342827715089831036e+05 -2.250392419145784515e+05 1.649582662319059455e+04 1.376482312816664204e+07 5.350031883799073286e+06 3.846691209009295329e+06 8.327870064129125327e+06 2.640999792986298446e+06 -2.568046374563777354e+06 2.237323105548343621e+06 2.030873190580205061e+06 8.447291611432983773e+05
-4.176441287837135140e+06 2.293090400815489516e+07 -4.464453741846972844e+05 -1.292816201186058810e+06 -4.918182043538973667e+05 3.808283838301245705e+05 7.899682333835271420e+05 5.244406586527097534e+04 -6.806911643918601330e+05 2.116997998461120203e+07 2.948532764739531558e+06 1.099195235248680413e+07 -6.887233702877916396e+06 -1.127321397036701208e+06 1.805073935755078448e+06 -2.433409923960501328e+06 -7.475307165723789949e+05 5.688067621992331697e+05
3.213759126101031870e+04 -4.464453741846972844e+05 6.758926864841557108e+06 1.694882308106650133e+06 -2.615435677070903475e+05 -1.057233606065647473e+05 7.246364960867736954e+04 1.068665659871390671e+05 3.507065375308513467e+04 2.531998146307429299e+06 4.524967040753225796e+06 -3.178631730556681869e+05 1.468393192167632282e+06 -3.604194502265651827e+05 -1.688485945242046146e+05 8.714294746317983372e+05 2.473108405731627718e+05 2.765344057284232113e+05
4.737557008633402293e+05 -1.292816201186058810e+06 1.694882308106650133e+06 2.445459867517109960e+06 2.463807974692972493e+04 1.901397408266042767e+05 1.155117113466641458e+05 1.137694507643407269e+05 1.677268360751708969e+05 3.675111665015042527e+05 3.090767956244129688e+06 1.060959125005445909e+06 1.322027645889175590e+06 -1.212586283883518539e+06 -4.028130816602978739e+05 3.136777613694484462e+05 4.033628343046535156e+05 1.981252632674966662e+04
5.183729976796868723e+05 -4.918182043538973667e+05 -2.615435677070903475e+05 2.463807974692972493e+04 9.677704620072495891e+05 4.076259370525295963e+05 1.789392277529429120e+05 1.059278367289702146e+05 1.493524137944829090e+04 -2.486597052698458079e+06 5.710960080709125614e+05 1.460283597011957085e+06 5.116741436346786795e+05 8.118255072849065764e+05 7.293244806268931134e+05 1.449877665165280268e+04 2.025271593857491389e+05 1.414857489534062042e+05
-9.404083274474608479e+05 3.808283838301245705e+05 -1.057233606065647473e+05 1.901397408266042767e+05 4.076259370525295963e+05 7.246919653102762531e+05 1.257718758480356482e+05 1.065241711862578377e+05 -3.043942540242500763e+04 1.817339220805390971e+06 1.724460573006961495e+06 1.044636745491818059e+06 -4.290138016866384423e+05 -3.302457569047078723e+05 2.640137422653216636e+05 9.032036863060374162e+04 2.566167827134707768e+05 3.052545462744722317e+04
6.342827715089831036e+05 7.899682333835271420e+05 7.246364960867736954e+04 1.155117113466641458e+05 1.789392277529429120e+05 1.257718758480356482e+05 4.590683395298616961e+05 8.128282020852169080e+04 2.687333299033257208e+04 -7.346654641213141149e+05 1.318067802277452429e+05 1.372071912754607620e+06 7.349662588483934524e+05 4.967917505493249628e+05 3.146963926767569501e+05 3.248567741770402645e+05 3.950514731889396207e+05 1.900976977812142868e+05
-2.250392419145784515e+05 5.244406586527097534e+04 1.068665659871390671e+05 1.137694507643407269e+05 1.059278367289702146e+05 1.065241711862578377e+05 8.128282020852169080e+04 2.217765783237208670e+05 5.776665736002444464e+04 6.876587316850874340e+05 1.562924058454570128e+06 8.868028715944592841e+05 -2.914994888699621661e+05 -5.905108585060980113e+04 4.898145391602851450e+05 2.638685131724940147e+05 1.009483899967231846e+05 8.157509637153068616e+04
1.649582662319059455e+04 -6.806911643918601330e+05 3.507065375308513467e+04 1.677268360751708969e+05 1.493524137944829090e+04 -3.043942540242500763e+04 2.687333299033257208e+04 5.776665736002444464e+04 1.260067463598574686e+05 -8.979505698677893961e+05 -4.236793716947187786e+05 -5.022155181656115456e+05 -7.728797573077646666e+04 5.393840398359263781e+04 1.209468862820312352e+05 1.778214252565632341e+05 1.191160758429253183e+05 1.104054768066968099e+05
1.376482312816664204e+07 2.116997998461120203e+07 2.531998146307429299e+06 3.675111665015042527e+05 -2.486597052698458079e+06 1.817339220805390971e+06 -7.346654641213141149e+05 6.876587316850874340e+05 -8.979505698677893961e+05 1.791781585506620705e+08 3.459967797767177969e+07 3.804432170095379651e+07 -4.308764462375654839e+06 -1.267996392081820592e+07 -2.821147243253626395e+06 2.475472546303602867e+06 1.412285778187710326e+06 1.737244039191226009e+06
5.350031883799073286e+06 2.948532764739531558e+06 4.524967040753225796e+06 3.090767956244129688e+06 5.710960080709125614e+05 1.724460573006961495e+06 1.318067802277452429e+05 1.562924058454570128e+06 -4.236793716947187786e+05 3.459967797767177969e+07 7.753843581878735125e+07 2.244490101263776422e+07 8.824907237911883742e+06 -4.222577119248013943e+06 -2.727648301821329165e+06 -1.662308463017990114e+06 1.134933408376771025e+06 1.060706414971340215e+06
3.846691209009295329e+06 1.099195235248680413e+07 -3.178631730556681869e+05 1.060959125005445909e+06 1.460283597011957085e+06 1.044636745491818059e+06 1.372071912754607620e+06 8.868028715944592841e+05 -5.022155181656115456e+05 3.804432170095379651e+07 2.244490101263776422e+07 3.747961276595176756e+07 2.426012597463513725e+06 -3.273664294113947079e+06 2.703874503175946418e+06 8.507054497627220117e+05 1.027479391777381068e+06 1.007171160230308771e+06
8.327870064129125327e+06 -6.887233702877916396e+06 1.468393192167632282e+06 1.322027645889175590e+06 5.116741436346786795e+05 -4.290138016866384423e+05 7.349662588483934524e+05 -2.914994888699621661e+05 -7.728797573077646666e+04 -4.308764462375654839e+06 8.824907237911883742e+06 2.426012597463513725e+06 1.416101071103359759e+07 1.421027113889084896e+06 -1.171642446352728410e+06 6.503869907040435355e+05 6.929289200789215975e+05 -5.165310844230657094e+05
2.640999792986298446e+06 -1.127321397036701208e+06 -3.604194502265651827e+05 -1.212586283883518539e+06 8.118255072849065764e+05 -3.302457569047078723e+05 4.967917505493249628e+05 -5.905108585060980113e+04 5.393840398359263781e+04 -1.267996392081820592e+07 -4.222577119248013943e+06 -3.273664294113947079e+06 1.421027113889084896e+06 4.932271399212243967e+06 8.017853241877626861e+05 -2.841741489667111891e+05 3.357209504181632656e+05 3.035820886324992753e+05
-2.568046374563777354e+06 1.805073935755078448e+06 -1.688485945242046146e+05 -4.028130816602978739e+05 7.293244806268931134e+05 2.640137422653216636e+05 3.146963926767569501e+05 4.898145391602851450e+05 1.209468862820312352e+05 -2.821147243253626395e+06 -2.727648301821329165e+06 2.703874503175946418e+06 -1.171642446352728410e+06 8.017853241877626861e+05 4.623955238910514861e+06 9.900340736752568046e+05 -3.289322269496539375e+05 2.471575279343145958e+05
2.237323105548343621e+06 -2.433409923960501328e+06 8.714294746317983372e+05 3.136777613694484462e+05 1.449877665165280268e+04 9.032036863060374162e+04 3.248567741770402645e+05 2.638685131724940147e+05 1.778214252565632341e+05 2.475472546303602867e+06 -1.662308463017990114e+06 8.507054497627220117e+05 6.503869907040435355e+05 -2.841741489667111891e+05 9.900340736752568046e+05 2.319218181662697345e+06 3.540584742010191549e+05 1.712541874531626236e+05
2.030873190580205061e+06 -7.475307165723789949e+05 2.473108405731627718e+05 4.033628343046535156e+05 2.025271593857491389e+05 2.566167827134707768e+05 3.950514731889396207e+05 1.009483899967231846e+05 1.191160758429253183e+05 1.412285778187710326e+06 1.134933408376771025e+06 1.027479391777381068e+06 6.929289200789215975e+05 3.357209504181632656e+05 -3.289322269496539375e+05 3.540584742010191549e+05 1.271924430478310445e+06 5.301235983842137503e+05
8.447291611432983773e+05 5.688067621992331697e+05 2.765344057284232113e+05 1.981252632674966662e+04 1.414857489534062042e+05 3.052545462744722317e+04 1.900976977812142868e+05 8.157509637153068616e+04 1.104054768066968099e+05 1.737244039191226009e+06 1.060706414971340215e+06 1.007171160230308771e+06 -5.165310844230657094e+05 3.035820886324992753e+05 2.471575279343145958e+05 1.712541874531626236e+05 5.301235983842137503e+05 5.904583059750462417e+05
