4.169839728836707771e+07 7.728123142562511377e+06 -2.880381112788010854e+06 1.784877468493625754e+06 -1.909575867481988098e+05 -9.145496018102213566e+04 -1.158405076338288927e+05 -9.001674152328779455e+05 -4.845072204576130025e+04 2.385328203633094206e+07 1.431846563380222768e+07 -5.302078124748731032e+06 -3.039296955916737672e+06 -4.266227976793388836e+06 4.194779004744196311e+06 7.921027373662648024e+05 -6.905123438264526194e+05 1.263223950531574199e+06
7.728123142562511377e+06 1.804337319282491505e+07 -6.853214730001526186e+04 -3.526139038643113454e+05 4.478491360440998105e+05 1.374415844638820272e+05 -8.740563390897806967e+05 -4.104807121502048103e+05 -1.296591389861683419e+05 -6.519112255090057850e+06 -1.905324937099420233e+06 -8.924790373536804691e+05 9.992518574931869516e+05 -1.802887635242227465e+06 -6.368209174578740494e+05 2.941246128846767824e+05 -4.320607716899336665e+05 1.029072523045624024e+06
-2.880381112788010854e+06 -6.853214730001526186e+04 3.978321756113031413e+06 -2.677789129676421871e+05 1.286118454947218852e+05 3.363170073850427871e+05 3.451839117815286590e+04 -1.813411499923739757e+04 2.753104710737925052e+04 -6.138298270774583332e+06 1.849447000084606232e+06 5.953600590679505840e+06 -5.635658815630318131e+05 8.372176468881621258e+05 9.406798050412335215e+03 -2.390105900600207387e+05 -2.535804820449381368e+05 -2.777483804749179399e+05
1.784877468493625754e+06 -3.526139038643113454e+05 -2.677789129676421871e+05 1.608240905462507857e+06 2.497735917508334096e+05 7.916948119996034075e+04 -9.856223147220398823e+04 -1.289617273154607974e+05 -1.218626108480051480e+05 -6.376504959326290525e+06 9.741335945711458335e+05 2.153180162865947350e+05 1.483925058868196327e+06 6.565408278398844413e+05 5.285653173753854353e+05 -2.707491143343013828e+05 -1.150242295695758512e+05 -7.677331102211326652e+04
-1.909575867481988098e+05 4.478491360440998105e+05 1.286118454947218852e+05 2.497735917508334096e+05 1.031723075430679717e+06 1.284347672533037548e+05 -7.134712560540623963e+04 -5.589221933234164680e+03 -3.206388732993172198e+03 6.000530944011488464e+05 -6.613899576433349866e+05 5.340864374759455677e+05 -4.543319678203470539e+05 1.038430860401817947e+06 3.574153991695379373e+05 -1.001909766612300155e+05 2.394792704949324543e+05 7.781393180677654163e+04
-9.145496018102213566e+04 1.374415844638820272e+05 3.363170073850427871e+05 7.916948119996034075e+04 1.284347672533037548e+05 3.896366667296957457e+05 1.725785666056200280e+05 -4.360977628981015732e+04 2.719134764495483978e+04 9.830450006949694362e+05 -9.589363948083906434e+05 9.987166224839109927e+05 4.030723208336358221e+04 4.186804290613733465e+05 5.730943936005904106e+05 -4.201832082852353778e+04 -2.759858572936863638e+05 2.096158023748042069e+03
-1.158405076338288927e+05 -8.740563390897806967e+05 3.451839117815286590e+04 -9.856223147220398823e+04 -7.134712560540623963e+04 1.725785666056200280e+05 5.033564064568210742e+05 6.987523160079654190e+04 3.201039098440521411e+04 3.471638220176215749e+06 5.133040481900194427e+05 -2.882401326104046311e+05 -4.476129363253754564e+05 7.765139953081017666e+03 3.837197605665160809e+05 1.718579614469021908e+05 -1.553210826658875521e+04 -9.816058002684592793e+04
-9.001674152328779455e+05 -4.104807121502048103e+05 -1.813411499923739757e+04 -1.289617273154607974e+05 -5.589221933234164680e+03 -4.360977628981015732e+04 6.987523160079654190e+04 1.950900115175631072e+05 6.975282359504771011e+04 1.197246652024444658e+06 9.321696808941138443e+05 -2.914867069952275488e+05 -3.194606076782234595e+05 -1.159533224283322343e+05 -1.483437524439421832e+05 7.981606520515108423e+04 5.313547187824138382e+04 -6.060046737363657303e+04
-4.845072204576130025e+04 -1.296591389861683419e+05 2.753104710737925052e+04 -1.218626108480051480e+05 -3.206388732993172198e+03 2.719134764495483978e+04 3.201039098440521411e+04 6.975282359504771011e+04 6.829179382317364798e+04 7.671905752329073148e+05 2.287647977152846870e+05 -1.654320561501439079e+05 -1.426504484762656793e+05 5.254943114400052582e+04 6.365242480738355516e+04 -1.305923501195208473e+03 -6.331199867026440916e+04 -1.120908311994174073e+04
2.385328203633094206e+07 -6.519112255090057850e+06 -6.138298270774583332e+06 -6.376504959326290525e+06 6.000530944011488464e+05 9.830450006949694362e+05 3.471638220176215749e+06 1.197246652024444658e+06 7.671905752329073148e+05 2.557022507744831741e+08 4.181311634774568956e+06 -2.161209370813649520e+07 -1.536086468401737511e+07 -5.051119171777176671e+06 -1.988521384993848624e+06 -2.691200866670707706e+06 -3.235938085664407816e+06 1.196675488458399894e+06
1.431846563380222768e+07 -1.905324937099420233e+06 1.849447000084606232e+06 9.741335945711458335e+05 -6.613899576433349866e+05 -9.589363948083906434e+05 5.133040481900194427e+05 9.321696808941138443e+05 2.287647977152846870e+05 4.181311634774568956e+06 6.093793040305911005e+07 2.173301419786761049e+06 -7.046314443165107630e+06 -1.876953929374003084e+06 4.035475990596710704e+06 3.273965389323653188e+06 2.777643425348261953e+05 3.401431771864361508e+04
-5.302078124748731032e+06 -8.924790373536804691e+05 5.953600590679505840e+06 2.153180162865947350e+05 5.340864374759455677e+05 9.987166224839109927e+05 -2.882401326104046311e+05 -2.914867069952275488e+05 -1.654320561501439079e+05 -2.161209370813649520e+07 2.173301419786761049e+06 2.662298714543479308e+07 -4.872912864448188921e+05 4.044676751014875248e+06 1.432830504249446793e+06 8.469668842977687018e+05 1.602197168731884449e+05 -1.164332236699162051e+06
-3.039296955916737672e+06 9.992518574931869516e+05 -5.635658815630318131e+05 1.483925058868196327e+06 -4.543319678203470539e+05 4.030723208336358221e+04 -4.476129363253754564e+05 -3.194606076782234595e+05 -1.426504484762656793e+05 -1.536086468401737511e+07 -7.046314443165107630e+06 -4.872912864448188921e+05 9.023268956136217341e+06 2.279819579252204858e+06 1.574534715860094293e+05 -1.533933188284575008e+06 -1.436935081169752521e+05 6.523905874057266628e+05
-4.266227976793388836e+06 -1.802887635242227465e+06 8.372176468881621258e+05 6.565408278398844413e+05 1.038430860401817947e+06 4.186804290613733465e+05 7.765139953081017666e+03 -1.159533224283322343e+05 5.254943114400052582e+04 -5.051119171777176671e+06 -1.876953929374003084e+06 4.044676751014875248e+06 2.279819579252204858e+06 4.186852429197947960e+06 1.466073013785004849e+06 -3.533297372588088620e+05 1.583704411942089791e+04 -8.797643818346528860e+04
4.194779004744196311e+06 -6.368209174578740494e+05 9.406798050412335215e+03 5.285653173753854353e+05 3.574153991695379373e+05 5.730943936005904106e+05 3.837197605665160809e+05 -1.483437524439421832e+05 6.365242480738355516e+04 -1.988521384993848624e+06 4.035475990596710704e+06 1.432830504249446793e+06 1.574534715860094293e+05 1.466073013785004849e+06 3.325814323055216577e+06 7.415036668017805787e+05 -3.190106435337787261e+05 2.217857562121427036e+05
7.921027373662648024e+05 2.941246128846767824e+05 -2.390105900600207387e+05 -2.707491143343013828e+05 -1.001909766612300155e+05 -4.201832082852353778e+04 1.718579614469021908e+05 7.981606520515108423e+04 -1.305923501195208473e+03 -2.691200866670707706e+06 3.273965389323653188e+06 8.469668842977687018e+05 -1.533933188284575008e+06 -3.533297372588088620e+05 7.415036668017805787e+05 1.342114027676255675e+06 2.621949040533817606e+05 -1.593105731658450095e+05
-6.905123438264526194e+05 -4.320607716899336665e+05 -2.535804820449381368e+05 -1.150242295695758512e+05 2.394792704949324543e+05 -2.759858572936863638e+05 -1.553210826658875521e+04 5.313547187824138382e+04 -6.331199867026440916e+04 -3.235938085664407816e+06 2.777643425348261953e+05 1.602197168731884449e+05 -1.436935081169752521e+05 1.583704411942089791e+04 -3.190106435337787261e+05 2.621949040533817606e+05 7.176051986818893347e+05 -3.649004866807254439e+04
1.263223950531574199e+06 1.029072523045624024e+06 -2.777483804749179399e+05 -7.677331102211326652e+04 7.781393180677654163e+04 2.096158023748042069e+03 -9.816058002684592793e+04 -6.060046737363657303e+04 -1.120908311994174073e+04 1.196675488458399894e+06 3.401431771864361508e+04 -1.164332236699162051e+06 6.523905874057266628e+05 -8.797643818346528860e+04 2.217857562121427036e+05 -1.593105731658450095e+05 -3.649004866807254439e+04 4.236384492638846277e+05
