5.284451563907920569e+07 6.297566347240980715e+06 -9.002917091666304041e+05 2.808784100476336665e+06 -2.994037496420652606e+05 6.099523703437573276e+05 1.278257264100637985e+06 2.284761231251446588e+04 -3.978066318677146337e+05 2.452369658875873685e+07 1.551970752412782051e+07 -4.485054329635951668e+06 -1.224839933363943826e+06 -2.204285566933644935e+06 -3.185864519682615064e+06 2.779086542844127398e+06 3.085036988516122568e+06 5.099015163117632619e+05
6.297566347240980715e+06 1.213972004072143137e+07 3.021248747807470500e+05 -1.006609319834149093e+06 6.587761366965423804e+05 -4.288186028943266720e+05 -1.000675075816388126e+05 -3.127667519177885260e+05 -2.649802602469119593e+05 1.764110161678824946e+07 9.301071536493852735e+06 3.015990785823114682e+06 2.732857873747008387e+06 -3.440411201957674348e+05 -2.117693524897275027e+06 2.861082364021281828e+05 -1.101596707347134361e+06 2.827999568119203323e+05
-9.002917091666304041e+05 3.021248747807470500e+05 1.993838832373433514e+06 7.103342551291410346e+05 6.683960162162743509e+05 1.287288037166336871e+05 1.524864716015908016e+04 3.957730714553203870e+04 1.431010115164360905e+05 6.870093489560945891e+06 6.828816668960673269e+05 1.036651138799931854e+06 -1.877270985318361199e+05 1.174281478615395259e+06 2.143024964557014173e+05 -1.609671581833483651e+05 -1.601936917211251275e+05 -1.165405552018356866e+04
2.808784100476336665e+06 -1.006609319834149093e+06 7.103342551291410346e+05 2.838377077662684955e+06 8.560656289913718356e+05 1.785415037167728224e+04 2.776557120497997385e+05 1.903807462394740724e+05 1.667630999497763696e+05 -5.413095469385595992e+06 3.245047117291265633e+06 -7.832489455408136128e+05 1.547595496468120255e+06 8.243880754875579150e+05 9.133489641707432747e+04 -1.093450138836104888e+05 9.703292331067800988e+05 3.691712644019543659e+05
-2.994037496420652606e+05 6.587761366965423804e+05 6.683960162162743509e+05 8.560656289913718356e+05 1.193125423216796480e+06 1.061689997345891024e+05 1.727143250875182566e+05 8.155085658571483509e+04 -1.034017506181427962e+04 -3.433279174945267383e+06 -7.672824399410893675e+05 -2.795475615496558603e+06 5.266485398911177181e+05 1.196204556061221054e+06 -1.098716598482012487e+05 -1.405111023170091503e+05 -1.965330142838477041e+05 -6.048673606488989026e+04
6.099523703437573276e+05 -4.288186028943266720e+05 1.287288037166336871e+05 1.785415037167728224e+04 1.061689997345891024e+05 5.250855739815555280e+05 2.080712210439624032e+05 8.675800174298757338e+04 -1.132876079253293028e+04 -1.213453388522795402e+06 -1.839236780608486384e+06 -6.685302359523295891e+05 -1.118280432910320349e+06 -7.097072305405783700e+05 1.146278280593406671e+05 2.073172968715101306e+05 1.004329931754801655e+05 -2.479140807902469242e+05
1.278257264100637985e+06 -1.000675075816388126e+05 1.524864716015908016e+04 2.776557120497997385e+05 1.727143250875182566e+05 2.080712210439624032e+05 3.100193469065512763e+05 1.324383265096419782e+05 -3.662487979233824444e+04 -4.966744712564713554e+05 -3.664401397780987318e+05 -1.103341387982018059e+06 -4.553229768398784800e+05 -2.030991859182676126e+05 2.864703097279880894e+05 2.102122648258636764e+05 1.685041524463491223e+05 -2.934895693230148390e+04
2.284761231251446588e+04 -3.127667519177885260e+05 3.957730714553203870e+04 1.903807462394740724e+05 8.155085658571483509e+04 8.675800174298757338e+04 1.324383265096419782e+05 2.326154080503263685e+05 4.750269727061413141e+04 -5.316572356552905403e+05 9.534914184252069099e+05 -1.873004481966655003e+05 1.131204950514108350e+05 4.882740459217241551e+03 4.830561711366350937e+04 1.076698236192978511e+05 3.568275317575592780e+05 9.912731434702205297e+04
-3.978066318677146337e+05 -2.649802602469119593e+05 1.431010115164360905e+05 1.667630999497763696e+05 -1.034017506181427962e+04 -1.132876079253293028e+04 -3.662487979233824444e+04 4.750269727061413141e+04 1.180513978464055690e+05 3.032670381313283578e+05 7.115097654983440880e+05 6.995105270197176142e+05 3.629918916839463054e+05 1.363517777206796163e+05 -2.072583573308962059e+03 -3.355879137036643806e+04 1.052173054845955194e+05 2.929096424604784261e+04
2.452369658875873685e+07 1.764110161678824946e+07 6.870093489560945891e+06 -5.413095469385595992e+06 -3.433279174945267383e+06 -1.213453388522795402e+06 -4.966744712564713554e+05 -5.316572356552905403e+05 3.032670381313283578e+05 2.727363988081505895e+08 2.731205385037482902e+07 2.528144370488851517e+07 1.187970428651689366e+07 -3.053624200061546639e+06 -5.870966170310554095e+06 2.223088780107160099e+06 2.593146778447927907e+06 -2.753897169880385976e+06
1.551970752412782051e+07 9.301071536493852735e+06 6.828816668960673269e+05 3.245047117291265633e+06 -7.672824399410893675e+05 -1.839236780608486384e+06 -3.664401397780987318e+05 9.534914184252069099e+05 7.115097654983440880e+05 2.731205385037482902e+07 7.385257151189517975e+07 2.089322351600424573e+07 1.550053448939962685e+07 4.551354058346009813e+06 -2.381797206332907546e+06 2.868334074847208336e+06 4.365313900022109039e+06 3.023418243392345496e+06
-4.485054329635951668e+06 3.015990785823114682e+06 1.036651138799931854e+06 -7.832489455408136128e+05 -2.795475615496558603e+06 -6.685302359523295891e+05 -1.103341387982018059e+06 -1.873004481966655003e+05 6.995105270197176142e+05 2.528144370488851517e+07 2.089322351600424573e+07 2.844776076367494836e+07 6.124720588033135980e+06 -2.606840616554544831e+05 -1.211712970145352156e+05 3.139521125235233339e+05 1.038584903797655250e+06 7.250091794449131703e+05
-1.224839933363943826e+06 2.732857873747008387e+06 -1.877270985318361199e+05 1.547595496468120255e+06 5.266485398911177181e+05 -1.118280432910320349e+06 -4.553229768398784800e+05 1.131204950514108350e+05 3.629918916839463054e+05 1.187970428651689366e+07 1.550053448939962685e+07 6.124720588033135980e+06 1.453172080611379817e+07 6.174117149415944703e+06 -4.647073633606674266e+05 8.783525359886107035e+05 1.308048900047308765e+06 1.394581269573163241e+06
-2.204285566933644935e+06 -3.440411201957674348e+05 1.174281478615395259e+06 8.243880754875579150e+05 1.196204556061221054e+06 -7.097072305405783700e+05 -2.030991859182676126e+05 4.882740459217241551e+03 1.363517777206796163e+05 -3.053624200061546639e+06 4.551354058346009813e+06 -2.606840616554544831e+05 6.174117149415944703e+06 8.824772957722652704e+06 8.234333638148779573e+04 -8.479480679978941334e+05 -7.346056645701544767e+04 1.038211967406509793e+06
-3.185864519682615064e+06 -2.117693524897275027e+06 2.143024964557014173e+05 9.133489641707432747e+04 -1.098716598482012487e+05 1.146278280593406671e+05 2.864703097279880894e+05 4.830561711366350937e+04 -2.072583573308962059e+03 -5.870966170310554095e+06 -2.381797206332907546e+06 -1.211712970145352156e+05 -4.647073633606674266e+05 8.234333638148779573e+04 3.180718494828641415e+06 7.596720539279162185e+05 -2.210702667913458426e+05 3.292097973014350864e+05
2.779086542844127398e+06 2.861082364021281828e+05 -1.609671581833483651e+05 -1.093450138836104888e+05 -1.405111023170091503e+05 2.073172968715101306e+05 2.102122648258636764e+05 1.076698236192978511e+05 -3.355879137036643806e+04 2.223088780107160099e+06 2.868334074847208336e+06 3.139521125235233339e+05 8.783525359886107035e+05 -8.479480679978941334e+05 7.596720539279162185e+05 1.730216488242770545e+06 4.720931419395948178e+05 1.612949842166244925e+05
3.085036988516122568e+06 -1.101596707347134361e+06 -1.601936917211251275e+05 9.703292331067800988e+05 -1.965330142838477041e+05 1.004329931754801655e+05 1.685041524463491223e+05 3.568275317575592780e+05 1.052173054845955194e+05 2.593146778447927907e+06 4.365313900022109039e+06 1.038584903797655250e+06 1.308048900047308765e+06 -7.346056645701544767e+04 -2.210702667913458426e+05 4.720931419395948178e+05 1.556237307687728200e+06 4.073627450992251397e+05
5.099015163117632619e+05 2.827999568119203323e+05 -1.165405552018356866e+04 3.691712644019543659e+05 -6.048673606488989026e+04 -2.479140807902469242e+05 -2.934895693230148390e+04 9.912731434702205297e+04 2.929096424604784261e+04 -2.753897169880385976e+06 3.023418243392345496e+06 7.250091794449131703e+05 1.394581269573163241e+06 1.038211967406509793e+06 3.292097973014350864e+05 1.612949842166244925e+05 4.073627450992251397e+05 6.568691591477810871e+05
