3.341575678118655831e+07 -4.692728074492576532e+06 -1.787006440568385180e+06 -1.325934939519169508e+06 -5.782193392859594314e+04 8.760905063453481998e+05 7.857216701663476415e+05 1.047020411298430641e+06 -1.978961291680616268e+05 1.152197116534087993e+07 -1.757598577126938850e+06 2.477240047910232097e+06 2.859145637946886942e+06 2.137166052029872313e+06 -4.634962389012283646e+06 1.337141317318269750e+06 5.761140660165122245e+05 -9.788164174701179145e+05
-4.692728074492576532e+06 1.797072496865346655e+07 2.123255067809172615e+05 -1.617535580717653211e+05 2.474418817938931461e+05 5.948331160653500119e+05 -3.925585591483178432e+05 5.905439222708289744e+05 -3.427388204144979245e+05 4.203842571330873761e+04 1.372444524987791106e+07 5.562780765944023617e+06 2.098376375065775122e+06 8.652481153152992483e+05 2.876072867561011575e+06 -1.037185260226523969e+05 8.808928697733914305e+04 -3.158690417697192170e+05
-1.787006440568385180e+06 2.123255067809172615e+05 4.408275075159211643e+06 3.059672766498320270e+05 1.415847497480788152e+05 1.683625084415856982e+05 3.858228389606602141e+05 -1.356247640963652811e+05 -3.722288154470478185e+04 -4.133211516581861768e+06 2.924301135839826427e+06 2.243436877075902303e+05 -2.500090867768559605e+06 1.105654516416944098e+06 8.143352122152227676e+05 4.438004864410507726e+05 3.452209826732776128e+05 -5.631385120191796450e+05
-1.325934939519169508e+06 -1.617535580717653211e+05 3.059672766498320270e+05 2.912868773348619696e+06 5.804814723965224111e+05 3.318161176588865346e+05 2.981446175452524330e+05 -8.371288096082201810e+04 1.491648059318621526e+05 -3.870778378125020768e+06 -4.843829546164125204e+06 9.286183010834931629e+05 1.040641946734168101e+06 -9.834243989063793560e+04 -5.313916316569515038e+04 -3.905371621578307240e+05 -4.089275518357441179e+05 2.682400540420421166e+05
-5.782193392859594314e+04 2.474418817938931461e+05 1.415847497480788152e+05 5.804814723965224111e+05 6.835687378877898445e+05 2.446695320888060669e+05 -6.548529184471000917e+04 -3.472693419510203239e+04 8.876298104994182358e+04 -1.550648433036468923e+06 -1.290018071848158492e+06 1.587502914571307600e+06 5.327152626907636877e+05 9.213624057737804251e+05 2.746223883589166217e+05 2.575498762459637946e+05 3.201356891132931923e+04 1.308308266751221818e+05
8.760905063453481998e+05 5.948331160653500119e+05 1.683625084415856982e+05 3.318161176588865346e+05 2.446695320888060669e+05 3.858960985048542498e+05 7.070366658740532876e+04 7.734718162307789316e+04 3.677527408462722087e+04 -1.792578092478485545e+06 2.913412009815600468e+05 -4.399353106127619394e+05 4.701042166809525952e+04 3.060733830854512635e+05 5.632968226686823618e+04 3.109613798287174432e+05 1.206928137275464396e+05 2.319076821324458797e+04
7.857216701663476415e+05 -3.925585591483178432e+05 3.858228389606602141e+05 2.981446175452524330e+05 -6.548529184471000917e+04 7.070366658740532876e+04 4.105203772747136536e+05 5.899745854497126857e+04 7.544687102579099883e+04 -9.203408617132443469e+05 -1.587705127282339847e+06 -1.147395125094198855e+06 3.485504514425400703e+04 2.988100879512889514e+04 1.080195151351864333e+05 2.852863373794585932e+05 -1.204130355831176857e+05 -1.353189508878363413e+05
1.047020411298430641e+06 5.905439222708289744e+05 -1.356247640963652811e+05 -8.371288096082201810e+04 -3.472693419510203239e+04 7.734718162307789316e+04 5.899745854497126857e+04 1.687584071235710871e+05 1.596527060646760447e+03 1.231056217546855769e+05 3.818801647781766951e+05 -1.882414383898515371e+05 9.106002664318442112e+04 -8.656798220469424268e+04 -9.406616790945957473e+04 7.424299615938411443e+04 4.585035494725321041e+04 -1.088396633931449178e+05
-1.978961291680616268e+05 -3.427388204144979245e+05 -3.722288154470478185e+04 1.491648059318621526e+05 8.876298104994182358e+04 3.677527408462722087e+04 7.544687102579099883e+04 1.596527060646760447e+03 9.642079592431224592e+04 1.336036863920476462e+05 -1.193580341717065545e+06 -4.261157972574238083e+05 4.630786172263284971e+04 1.081579752256579959e+05 -2.023031278078952528e+04 9.670685176973071066e+04 -1.039052687130023551e+05 -2.161620145786318608e+04
1.152197116534087993e+07 4.203842571330873761e+04 -4.133211516581861768e+06 -3.870778378125020768e+06 -1.550648433036468923e+06 -1.792578092478485545e+06 -9.203408617132443469e+05 1.231056217546855769e+05 1.336036863920476462e+05 1.266529308808822334e+08 2.215864091678403690e+07 1.675990945441036671e+07 2.155418374321415648e+07 1.691902493094121746e+04 -7.324314358046920039e+06 -3.361137176850360353e+06 -4.767261655148510821e+06 1.488983844318006886e+06
-1.757598577126938850e+06 1.372444524987791106e+07 2.924301135839826427e+06 -4.843829546164125204e+06 -1.290018071848158492e+06 2.913412009815600468e+05 -1.587705127282339847e+06 3.818801647781766951e+05 -1.193580341717065545e+06 2.215864091678403690e+07 1.038806709322457314e+08 2.145947977657197043e+06 -1.684595841514238855e+06 -1.459619063102830667e+06 -8.474447681321480777e+05 -9.489141090003883000e+05 1.888128007340660552e+06 2.412273105478533078e+06
2.477240047910232097e+06 5.562780765944023617e+06 2.243436877075902303e+05 9.286183010834931629e+05 1.587502914571307600e+06 -4.399353106127619394e+05 -1.147395125094198855e+06 -1.882414383898515371e+05 -4.261157972574238083e+05 1.675990945441036671e+07 2.145947977657197043e+06 3.138266325383758545e+07 5.701129283198027872e+06 5.874524229441395961e+06 1.195959263884326356e+05 4.489321134197866777e+05 -7.463809259758779081e+05 6.701031694520286983e+05
2.859145637946886942e+06 2.098376375065775122e+06 -2.500090867768559605e+06 1.040641946734168101e+06 5.327152626907636877e+05 4.701042166809525952e+04 3.485504514425400703e+04 9.106002664318442112e+04 4.630786172263284971e+04 2.155418374321415648e+07 -1.684595841514238855e+06 5.701129283198027872e+06 1.314297756217708439e+07 1.874909941440504743e+06 -1.376313846615214599e+06 3.264747496528902557e+05 -1.353046001637289766e+06 1.516153145395614207e+06
2.137166052029872313e+06 8.652481153152992483e+05 1.105654516416944098e+06 -9.834243989063793560e+04 9.213624057737804251e+05 3.060733830854512635e+05 2.988100879512889514e+04 -8.656798220469424268e+04 1.081579752256579959e+05 1.691902493094121746e+04 -1.459619063102830667e+06 5.874524229441395961e+06 1.874909941440504743e+06 6.505042154339733534e+06 1.290864889937034022e+05 1.122215962640913902e+06 5.146886359521025443e+05 2.833852835924097453e+05
-4.634962389012283646e+06 2.876072867561011575e+06 8.143352122152227676e+05 -5.313916316569515038e+04 2.746223883589166217e+05 5.632968226686823618e+04 1.080195151351864333e+05 -9.406616790945957473e+04 -2.023031278078952528e+04 -7.324314358046920039e+06 -8.474447681321480777e+05 1.195959263884326356e+05 -1.376313846615214599e+06 1.290864889937034022e+05 2.982965833365933970e+06 5.969792966048564995e+05 1.869817399877703865e+05 -1.798987846146747179e+05
1.337141317318269750e+06 -1.037185260226523969e+05 4.438004864410507726e+05 -3.905371621578307240e+05 2.575498762459637946e+05 3.109613798287174432e+05 2.852863373794585932e+05 7.424299615938411443e+04 9.670685176973071066e+04 -3.361137176850360353e+06 -9.489141090003883000e+05 4.489321134197866777e+05 3.264747496528902557e+05 1.122215962640913902e+06 5.969792966048564995e+05 1.593745911241660826e+06 9.697910620203262079e+04 1.189932282509782272e+04
5.761140660165122245e+05 8.808928697733914305e+04 3.452209826732776128e+05 -4.089275518357441179e+05 3.201356891132931923e+04 1.206928137275464396e+05 -1.204130355831176857e+05 4.585035494725321041e+04 -1.039052687130023551e+05 -4.767261655148510821e+06 1.888128007340660552e+06 -7.463809259758779081e+05 -1.353046001637289766e+06 5.146886359521025443e+05 1.869817399877703865e+05 9.697910620203262079e+04 7.734285796413405333e+05 -1.399357602249177871e+05
-9.788164174701179145e+05 -3.158690417697192170e+05 -5.631385120191796450e+05 2.682400540420421166e+05 1.308308266751221818e+05 2.319076821324458797e+04 -1.353189508878363413e+05 -1.088396633931449178e+05 -2.161620145786318608e+04 1.488983844318006886e+06 2.412273105478533078e+06 6.701031694520286983e+05 1.516153145395614207e+06 2.833852835924097453e+05 -1.798987846146747179e+05 1.189932282509782272e+04 -1.399357602249177871e+05 5.961227155322263716e+05
