5.208160771275190264e+07 9.752017273010091856e+06 -2.673790184925754089e+06 1.586483323814491276e+06 -4.059634921533494489e+05 9.870844238358413568e+05 -8.548768890555857215e+05 -4.527435603777427459e+05 1.159245690357236017e+05 5.150884921735450625e+07 1.976566218719891459e+07 6.625330196859777905e+06 2.542629807136999909e+06 1.017594992598036118e+07 -1.208615052558263298e+06 -3.482702523578924011e+05 5.562957252089018002e+05 7.258571897439149907e+05
9.752017273010091856e+06 2.122535953494291008e+07 3.114066692037006374e+06 3.213254730616825400e+05 5.243635938913440332e+05 1.721493160727470648e+06 2.769220807499591028e+05 1.527814315872828302e+05 3.149317462495355867e+05 2.651699829977310076e+07 3.258442326207422093e+07 4.999512742222866043e+06 1.631663699794619344e+06 3.995283183015681803e+06 1.311493050323848613e+06 -8.560209329136101296e+05 3.554657551064781146e+05 -7.937520696558163036e+05
-2.673790184925754089e+06 3.114066692037006374e+06 4.777201307647714391e+06 1.028136928094467730e+06 3.165571142720645876e+05 1.716572609450515884e+05 3.678725547609194473e+04 3.526129801762949210e+05 4.515661317767212167e+05 -9.939526918578550220e+06 2.868662372819750570e+06 4.928136360955088399e+06 3.031896161841396242e+06 -4.263199283171120624e+04 1.281606460323134437e+06 -2.598462008813037755e+04 2.048963138631086622e+05 3.954746741655693040e+05
1.586483323814491276e+06 3.213254730616825400e+05 1.028136928094467730e+06 2.705041493162447121e+06 3.298425761649043998e+05 3.913676512389949639e+05 -2.392359619599993039e+03 4.178853531973725185e+05 4.491284491579926107e+05 -1.657299530311308801e+06 1.545809064201215049e+06 2.132117308478623163e+06 1.822255790417763172e+06 4.928450977369585889e+05 2.556194320674845949e+05 7.382443824453622801e+04 -6.274688658983154455e+05 1.105617011381014599e+05
-4.059634921533494489e+05 5.243635938913440332e+05 3.165571142720645876e+05 3.298425761649043998e+05 6.026138080419603502e+05 1.683257307076328725e+05 4.214588129492290318e+04 1.174153432246005250e+05 1.497252596019228222e+05 2.100033611406836193e+06 2.275765761796801817e+06 1.859535633988758200e+05 6.727223063610846875e+05 3.827418581983174226e+04 6.291366242737902940e+04 -1.107899891923982796e+05 3.735356250159454794e+04 2.161461859736273182e+05
9.870844238358413568e+05 1.721493160727470648e+06 1.716572609450515884e+05 3.913676512389949639e+05 1.683257307076328725e+05 5.817229396234160522e+05 1.282170702165359980e+05 1.003312129801757546e+05 1.351764213299569092e+05 1.377078346496793441e+06 7.690853848699320806e+05 4.019265166343830060e+05 1.230104664207917871e+06 1.392048435711473285e+05 1.295241180323163280e+05 1.058236033100410423e+05 3.892414030404287769e+04 5.157926623663552164e+04
-8.548768890555857215e+05 2.769220807499591028e+05 3.678725547609194473e+04 -2.392359619599993039e+03 4.214588129492290318e+04 1.282170702165359980e+05 3.176872670211846707e+05 6.243294459521670069e+04 -2.364127838193663592e+03 -2.058701686311748344e+05 -8.151503618540616008e+05 -2.516781630403827003e+05 -1.162623643755840567e+04 -8.135671584373676160e+04 2.792865465237028548e+05 6.007230605459038634e+05 5.649846972241896583e+04 4.889166139969289361e+04
-4.527435603777427459e+05 1.527814315872828302e+05 3.526129801762949210e+05 4.178853531973725185e+05 1.174153432246005250e+05 1.003312129801757546e+05 6.243294459521670069e+04 1.418581816136793350e+05 7.613006437693552289e+04 -2.211608640871976037e+06 -2.054140974153526477e+05 5.109131998703654972e+04 3.301841990685950150e+05 -1.809422692937788961e+05 2.184079530299865874e+05 1.344147078676499659e+05 -7.015075999894378765e+04 1.119066849470615853e+05
1.159245690357236017e+05 3.149317462495355867e+05 4.515661317767212167e+05 4.491284491579926107e+05 1.497252596019228222e+05 1.351764213299569092e+05 -2.364127838193663592e+03 7.613006437693552289e+04 1.834443714167986764e+05 3.379437227403623547e+04 9.773689836446295958e+05 9.987277694461585488e+05 6.634447064007000299e+05 7.104539457044127630e+04 1.106257104732332809e+05 3.544951693110188353e+04 -7.996858327437451226e+04 1.355228286809846177e+05
5.150884921735450625e+07 2.651699829977310076e+07 -9.939526918578550220e+06 -1.657299530311308801e+06 2.100033611406836193e+06 1.377078346496793441e+06 -2.058701686311748344e+05 -2.211608640871976037e+06 3.379437227403623547e+04 2.994787049780520201e+08 1.128674636449360996e+08 1.800958987516609579e+07 -1.244037856853037328e+07 2.142758634638875350e+07 -8.723318684066666290e+06 6.227696711687392555e+06 -4.720391579845903607e+02 -3.492246773377082427e+05
1.976566218719891459e+07 3.258442326207422093e+07 2.868662372819750570e+06 1.545809064201215049e+06 2.275765761796801817e+06 7.690853848699320806e+05 -8.151503618540616008e+05 -2.054140974153526477e+05 9.773689836446295958e+05 1.128674636449360996e+08 1.033124303052443564e+08 1.220581353725462407e+07 -7.449807695261619054e+06 9.982449655780870467e+06 -3.984622841930531285e+04 -2.312759065861071576e+05 -1.182315696136383107e+06 -1.945638447484613396e+06
6.625330196859777905e+06 4.999512742222866043e+06 4.928136360955088399e+06 2.132117308478623163e+06 1.859535633988758200e+05 4.019265166343830060e+05 -2.516781630403827003e+05 5.109131998703654972e+04 9.987277694461585488e+05 1.800958987516609579e+07 1.220581353725462407e+07 2.121936647436124459e+07 6.562899075654095970e+06 4.834896812457523309e+06 1.183280091224692529e+06 1.107367367234181002e+05 5.146529094673725194e+05 1.317695075400831643e+06
2.542629807136999909e+06 1.631663699794619344e+06 3.031896161841396242e+06 1.822255790417763172e+06 6.727223063610846875e+05 1.230104664207917871e+06 -1.162623643755840567e+04 3.301841990685950150e+05 6.634447064007000299e+05 -1.244037856853037328e+07 -7.449807695261619054e+06 6.562899075654095970e+06 1.137775232220262662e+07 2.361639292636102997e+06 2.808212909013073076e+05 -1.783793252372852759e+06 -7.418339634947093145e+04 6.817266033468710957e+05
1.017594992598036118e+07 3.995283183015681803e+06 -4.263199283171120624e+04 4.928450977369585889e+05 3.827418581983174226e+04 1.392048435711473285e+05 -8.135671584373676160e+04 -1.809422692937788961e+05 7.104539457044127630e+04 2.142758634638875350e+07 9.982449655780870467e+06 4.834896812457523309e+06 2.361639292636102997e+06 5.152204903855073266e+06 -2.785741913244349416e+05 -5.235177117919104785e+04 4.732414974448758585e+04 -1.524199878249766334e+04
-1.208615052558263298e+06 1.311493050323848613e+06 1.281606460323134437e+06 2.556194320674845949e+05 6.291366242737902940e+04 1.295241180323163280e+05 2.792865465237028548e+05 2.184079530299865874e+05 1.106257104732332809e+05 -8.723318684066666290e+06 -3.984622841930531285e+04 1.183280091224692529e+06 2.808212909013073076e+05 -2.785741913244349416e+05 1.222994996550554875e+06 4.690730928095161798e+05 1.051264493499452510e+05 3.576986583334137686e+05
-3.482702523578924011e+05 -8.560209329136101296e+05 -2.598462008813037755e+04 7.382443824453622801e+04 -1.107899891923982796e+05 1.058236033100410423e+05 6.007230605459038634e+05 1.344147078676499659e+05 3.544951693110188353e+04 6.227696711687392555e+06 -2.312759065861071576e+05 1.107367367234181002e+05 -1.783793252372852759e+06 -5.235177117919104785e+04 4.690730928095161798e+05 3.675548464988220017e+06 5.878224701497385977e+05 5.648109625886358554e+05
5.562957252089018002e+05 3.554657551064781146e+05 2.048963138631086622e+05 -6.274688658983154455e+05 3.735356250159454794e+04 3.892414030404287769e+04 5.649846972241896583e+04 -7.015075999894378765e+04 -7.996858327437451226e+04 -4.720391579845903607e+02 -1.182315696136383107e+06 5.146529094673725194e+05 -7.418339634947093145e+04 4.732414974448758585e+04 1.051264493499452510e+05 5.878224701497385977e+05 7.907106491622353205e+05 2.503302019485748606e+05
7.258571897439149907e+05 -7.937520696558163036e+05 3.954746741655693040e+05 1.105617011381014599e+05 2.161461859736273182e+05 5.157926623663552164e+04 4.889166139969289361e+04 1.119066849470615853e+05 1.355228286809846177e+05 -3.492246773377082427e+05 -1.945638447484613396e+06 1.317695075400831643e+06 6.817266033468710957e+05 -1.524199878249766334e+04 3.576986583334137686e+05 5.648109625886358554e+05 2.503302019485748606e+05 9.317894309923434630e+05
