4.622573005477190018e+07 1.603702433938331902e+06 -3.913513379620897118e+06 -1.550416868497412186e+06 -6.506449940426787362e+05 1.729253555227321340e+06 1.293096838677453808e+06 -1.741407668164896022e+05 -1.152150779806776438e+06 -2.253412483582284302e+06 4.836789801101071760e+06 -5.509107409643555060e+06 5.500514418330970220e+06 -1.837287641652640421e+06 -3.191947049578077625e+06 2.391196455740602221e+06 -1.025981211000385229e+05 -4.643801970983537030e+05
1.603702433938331902e+06 1.165798412858355790e+07 1.053654690777765587e+06 -6.101374267639012542e+05 -9.702944008404832566e+05 3.519908193410632521e+04 2.010722054201280116e+05 2.634605872325891687e+04 -5.724577158395829611e+04 -5.711324582220431417e+06 1.810148261777163483e+06 2.812083506143382750e+06 4.036660205324036069e+06 -1.307481047936939402e+06 9.596026020505659981e+05 9.174039565071382094e+05 1.304995018393163802e+06 3.297232573247220716e+05
-3.913513379620897118e+06 1.053654690777765587e+06 5.112270372534691356e+06 3.338732811889062286e+05 8.490658494225173490e+05 -1.782072050255188660e+05 -5.699515559129579924e+05 1.243568229859541752e+05 -1.078076560082732431e+04 3.228365772543655243e+06 -1.838054426444015699e+06 5.991774192118606530e+06 -1.184550265249659606e+04 1.904742521725700470e+06 5.345804157138856826e+05 3.802334438922323170e+05 6.563592898385596345e+04 -5.366478768248041160e+05
-1.550416868497412186e+06 -6.101374267639012542e+05 3.338732811889062286e+05 1.710151061437660130e+06 6.547357996883107262e+04 3.296310937542850297e+04 9.763449170827648777e+04 5.162721142185837380e+04 5.467789032058800512e+04 -3.855408838378261309e+06 1.819379988150687888e+06 -3.632562657164439443e+05 1.073044528964804718e+06 1.094966764798795804e+06 -4.925040872354984167e+05 4.955070314324264473e+04 1.385471306021519122e+05 1.113638218823686329e+05
-6.506449940426787362e+05 -9.702944008404832566e+05 8.490658494225173490e+05 6.547357996883107262e+04 1.503952180180981988e+06 1.430208755754809245e+05 -1.843625192002021940e+05 2.674238287583939964e+05 3.131063737506053803e+04 2.256139842177071609e+06 -2.675859509882072918e+06 2.948101392810528050e+05 6.510105711419784930e+05 1.652926942234455841e+06 6.010518488238680875e+05 1.027085998599782470e+05 1.107414115292333590e+05 -1.776766671149284521e+05
1.729253555227321340e+06 3.519908193410632521e+04 -1.782072050255188660e+05 3.296310937542850297e+04 1.430208755754809245e+05 4.884042448465701891e+05 1.437866692135631747e+05 6.604217941787646851e+04 3.915709804431080556e+04 2.482370479257877916e+06 -1.713092511886249296e+06 -3.188262634010873153e+05 -7.710209987365665438e+04 -3.245873906539141317e+05 -1.121327495857473987e+05 7.969314467044483172e+04 1.503405214343952830e+05 9.927647053904116910e+04
1.293096838677453808e+06 2.010722054201280116e+05 -5.699515559129579924e+05 9.763449170827648777e+04 -1.843625192002021940e+05 1.437866692135631747e+05 4.684073228943060385e+05 -7.237709265207673889e+04 -3.509720123900673116e+03 8.124582686846741708e+05 -1.642516555317457533e+06 -1.102357281330912840e+06 5.451216571831306210e+05 -2.798595422341975500e+05 -4.327454368619672605e+05 4.681921841065736371e+05 -3.658248949961905601e+04 8.384383407288833405e+04
-1.741407668164896022e+05 2.634605872325891687e+04 1.243568229859541752e+05 5.162721142185837380e+04 2.674238287583939964e+05 6.604217941787646851e+04 -7.237709265207673889e+04 2.102708736622999422e+05 1.687264485081188832e+04 1.168948489903929643e+06 -4.459079061450560694e+05 -4.487728676206760429e+04 -9.652544490126470919e+03 5.669060613954910077e+05 1.283779974910308083e+05 2.724482822746933743e+04 5.833380049620548562e+03 -2.401207429778560982e+04
-1.152150779806776438e+06 -5.724577158395829611e+04 -1.078076560082732431e+04 5.467789032058800512e+04 3.131063737506053803e+04 3.915709804431080556e+04 -3.509720123900673116e+03 1.687264485081188832e+04 1.122186618135570025e+05 -1.078296558493653079e+06 -4.376864300940494286e+05 2.593468370423767483e+05 -1.652825479327814828e+05 2.903694102398098330e+05 7.515250816006393870e+04 1.440119118830201614e+03 1.973968739973451375e+04 1.155901679061891919e+05
-2.253412483582284302e+06 -5.711324582220431417e+06 3.228365772543655243e+06 -3.855408838378261309e+06 2.256139842177071609e+06 2.482370479257877916e+06 8.124582686846741708e+05 1.168948489903929643e+06 -1.078296558493653079e+06 2.625510956772948503e+08 -9.415336239124670625e+06 -1.706491974823096395e+07 -1.053185846287612058e+07 -9.847200118031993508e+06 -6.094701362254966982e+06 -1.799451047008236637e+06 -6.133229437930678250e+05 -3.851149804616522975e+06
4.836789801101071760e+06 1.810148261777163483e+06 -1.838054426444015699e+06 1.819379988150687888e+06 -2.675859509882072918e+06 -1.713092511886249296e+06 -1.642516555317457533e+06 -4.459079061450560694e+05 -4.376864300940494286e+05 -9.415336239124670625e+06 8.012838348706391454e+07 6.776081732488102280e+06 4.306589713974245824e+06 -3.382982712893025950e+06 1.073603039380579954e+06 4.956106072100414312e+05 1.554344625164314639e+06 8.354096988125120988e+05
-5.509107409643555060e+06 2.812083506143382750e+06 5.991774192118606530e+06 -3.632562657164439443e+05 2.948101392810528050e+05 -3.188262634010873153e+05 -1.102357281330912840e+06 -4.487728676206760429e+04 2.593468370423767483e+05 -1.706491974823096395e+07 6.776081732488102280e+06 2.739596426904403046e+07 -6.908508971571265720e+05 3.991018260824652854e+06 2.111972608792580664e+06 -1.091334976618640358e+06 1.729542261321875034e+06 1.491476072237401735e+06
5.500514418330970220e+06 4.036660205324036069e+06 -1.184550265249659606e+04 1.073044528964804718e+06 6.510105711419784930e+05 -7.710209987365665438e+04 5.451216571831306210e+05 -9.652544490126470919e+03 -1.652825479327814828e+05 -1.053185846287612058e+07 4.306589713974245824e+06 -6.908508971571265720e+05 1.098548917137922719e+07 6.358353879161232617e+05 -4.795702179731123033e+05 1.345331551093283109e+06 2.598708624749453156e+05 3.236615387634793879e+05
-1.837287641652640421e+06 -1.307481047936939402e+06 1.904742521725700470e+06 1.094966764798795804e+06 1.652926942234455841e+06 -3.245873906539141317e+05 -2.798595422341975500e+05 5.669060613954910077e+05 2.903694102398098330e+05 -9.847200118031993508e+06 -3.382982712893025950e+06 3.991018260824652854e+06 6.358353879161232617e+05 7.777841555366314948e+06 5.472049563766900683e+05 5.170570733355708071e+05 -4.015761354071709211e+05 2.550689436487836356e+05
-3.191947049578077625e+06 9.596026020505659981e+05 5.345804157138856826e+05 -4.925040872354984167e+05 6.010518488238680875e+05 -1.121327495857473987e+05 -4.327454368619672605e+05 1.283779974910308083e+05 7.515250816006393870e+04 -6.094701362254966982e+06 1.073603039380579954e+06 2.111972608792580664e+06 -4.795702179731123033e+05 5.472049563766900683e+05 2.708889842360218987e+06 -4.333313701757605304e+05 -1.282941038446345774e+05 9.819480057093831419e+04
2.391196455740602221e+06 9.174039565071382094e+05 3.802334438922323170e+05 4.955070314324264473e+04 1.027085998599782470e+05 7.969314467044483172e+04 4.681921841065736371e+05 2.724482822746933743e+04 1.440119118830201614e+03 -1.799451047008236637e+06 4.956106072100414312e+05 -1.091334976618640358e+06 1.345331551093283109e+06 5.170570733355708071e+05 -4.333313701757605304e+05 1.882314588175208308e+06 4.455197230541820318e+04 -2.806125857252799506e+03
-1.025981211000385229e+05 1.304995018393163802e+06 6.563592898385596345e+04 1.385471306021519122e+05 1.107414115292333590e+05 1.503405214343952830e+05 -3.658248949961905601e+04 5.833380049620548562e+03 1.973968739973451375e+04 -6.133229437930678250e+05 1.554344625164314639e+06 1.729542261321875034e+06 2.598708624749453156e+05 -4.015761354071709211e+05 -1.282941038446345774e+05 4.455197230541820318e+04 1.137018780963751720e+06 3.535227585891044582e+05
-4.643801970983537030e+05 3.297232573247220716e+05 -5.366478768248041160e+05 1.113638218823686329e+05 -1.776766671149284521e+05 9.927647053904116910e+04 8.384383407288833405e+04 -2.401207429778560982e+04 1.155901679061891919e+05 -3.851149804616522975e+06 8.354096988125120988e+05 1.491476072237401735e+06 3.236615387634793879e+05 2.550689436487836356e+05 9.819480057093831419e+04 -2.806125857252799506e+03 3.535227585891044582e+05 7.724915327013586648e+05
