5.380187549628217518e+07 -7.146932251420366578e+06 -4.975477336430348456e+06 5.200798762890171929e+04 3.097178574614746496e+06 -1.323013749984121241e+05 1.335498903086513455e+05 -1.696576474336794345e+05 4.973720214982350008e+05 5.473474954362896085e+07 -1.819866801984272525e+07 -1.304947712308194861e+07 -1.734659743686428119e+05 1.490588916489950381e+06 3.096457362030370627e+06 1.605810836750015849e+06 -1.502546803460390540e+06 1.410278256366730435e+06
-7.146932251420366578e+06 9.474091492742408067e+06 3.853155113269572612e+06 1.122221997463222942e+05 -4.539404305216217763e+05 3.295960707343630493e+05 7.885411895549132023e+05 3.980491624006411876e+05 -1.755219616973509255e+04 5.598630844861580059e+06 6.199121253600561991e+06 1.044071084941888228e+07 4.592944540259780479e+05 1.158156502513268264e+06 9.440666697017124388e+05 -7.147841055130568566e+05 2.627116095237354166e+05 -3.632706891044281656e+05
-4.975477336430348456e+06 3.853155113269572612e+06 6.139652523183582351e+06 1.355930209875035565e+06 -1.621832748364807921e+05 4.041131332108427887e+05 6.291146331785188522e+05 9.156656091056890727e+04 1.116534177552068650e+04 6.062937798968550749e+06 4.433503366483019199e+05 6.592688590654238127e+06 6.570805618694303557e+05 -6.527545031854996341e+04 -1.081946782672395639e+05 -4.429617287958260276e+05 7.502475959051494719e+05 3.169864951546787634e+05
5.200798762890171929e+04 1.122221997463222942e+05 1.355930209875035565e+06 2.940542340412925463e+06 3.357553480489046196e+05 5.829934868406188907e+05 4.984880808861719561e+04 1.218695980891305226e+04 2.135959587193735206e+04 1.332742163833021373e+07 -3.850829968740288168e+06 2.391230013052681461e+05 2.544648422903082799e+06 1.108197894998908043e+06 8.672607814185579773e+05 -1.676641862819807720e+05 7.761048754292834783e+05 1.675754679443342320e+04
3.097178574614746496e+06 -4.539404305216217763e+05 -1.621832748364807921e+05 3.357553480489046196e+05 8.509558146449137712e+05 8.026878283913590712e+04 -7.324810454077267786e+04 -5.001967013317289820e+04 5.130224461448601505e+04 1.850295712776324246e+06 -1.557760049532519421e+06 -7.740819413525478449e+05 -9.913646265264240792e+05 1.261119304414186161e+06 2.338316337739437295e+05 1.006815613971393468e+05 -1.737366003938953509e+05 4.202729489663077402e+04
-1.323013749984121241e+05 3.295960707343630493e+05 4.041131332108427887e+05 5.829934868406188907e+05 8.026878283913590712e+04 5.103676834374622558e+05 1.742101910170437259e+04 3.642869099759402161e+04 -8.810064867261809923e+03 8.343696716708488530e+05 -2.382322402648447023e+05 1.539754145861441211e+05 4.173695054952249629e+05 7.330276357185095549e+05 2.931705716096504475e+05 -1.675843295409003040e+05 2.089047283440280880e+05 -7.165562971128795471e+04
1.335498903086513455e+05 7.885411895549132023e+05 6.291146331785188522e+05 4.984880808861719561e+04 -7.324810454077267786e+04 1.742101910170437259e+04 3.201917601566452067e+05 7.071181129833837622e+04 -2.517128951808013881e+03 1.496909636883248109e+06 1.667159586589927785e+06 1.732394538733738009e+06 4.601656727833344485e+05 -4.857967664346384699e+05 -9.649190174315959666e+03 2.174870809689867310e+05 2.737362347563107032e+05 5.906112390656808566e+04
-1.696576474336794345e+05 3.980491624006411876e+05 9.156656091056890727e+04 1.218695980891305226e+04 -5.001967013317289820e+04 3.642869099759402161e+04 7.071181129833837622e+04 1.532031286473688961e+05 2.588530625946967484e+04 2.519347524212242279e+05 -2.410857487192169647e+05 3.884855670991161023e+05 -5.186654694676917279e+05 -9.625092077997201704e+04 2.380629009691903193e+05 -1.760998236835705029e+04 9.676642572796797322e+04 -6.973175325260401587e+04
4.973720214982350008e+05 -1.755219616973509255e+04 1.116534177552068650e+04 2.135959587193735206e+04 5.130224461448601505e+04 -8.810064867261809923e+03 -2.517128951808013881e+03 2.588530625946967484e+04 9.409950810575790820e+04 2.362040574130698573e+06 -3.450407403629600885e+05 -7.646718802861135919e+05 -4.821780095384404412e+05 1.580347229816327745e+05 -3.123897493338889399e+04 -2.163678446038135007e+04 -2.634635971784589492e+04 -1.349739297618895762e+03
5.473474954362896085e+07 5.598630844861580059e+06 6.062937798968550749e+06 1.332742163833021373e+07 1.850295712776324246e+06 8.343696716708488530e+05 1.496909636883248109e+06 2.519347524212242279e+05 2.362040574130698573e+06 4.348207416993327737e+08 -5.477407190093532950e+07 -3.183732445398547128e+07 1.226731151678982563e+07 1.282232876543630101e+07 6.037233937558353879e+06 6.213879227164142765e+06 4.694037632282384438e+05 1.246789795911680209e+06
-1.819866801984272525e+07 6.199121253600561991e+06 4.433503366483019199e+05 -3.850829968740288168e+06 -1.557760049532519421e+06 -2.382322402648447023e+05 1.667159586589927785e+06 -2.410857487192169647e+05 -3.450407403629600885e+05 -5.477407190093532950e+07 8.031604692567364872e+07 3.026747793405827135e+07 1.164482164178721979e+07 4.517158221999814268e+05 -2.047224650260482158e+05 9.819104316657468444e+05 1.439924485960135004e+06 -7.697565914964706171e+05
-1.304947712308194861e+07 1.044071084941888228e+07 6.592688590654238127e+06 2.391230013052681461e+05 -7.740819413525478449e+05 1.539754145861441211e+05 1.732394538733738009e+06 3.884855670991161023e+05 -7.646718802861135919e+05 -3.183732445398547128e+07 3.026747793405827135e+07 3.636334693374302238e+07 3.676086751705403905e+06 -1.309934851092173951e+06 1.570929496264293091e+06 5.004169791245181113e+04 2.552629628380978946e+06 -2.319229060049944092e+05
-1.734659743686428119e+05 4.592944540259780479e+05 6.570805618694303557e+05 2.544648422903082799e+06 -9.913646265264240792e+05 4.173695054952249629e+05 4.601656727833344485e+05 -5.186654694676917279e+05 -4.821780095384404412e+05 1.226731151678982563e+07 1.164482164178721979e+07 3.676086751705403905e+06 1.939681145236901194e+07 9.470329858269233955e+05 1.050839061302382732e+06 -2.301115615273853109e+04 9.151192251567873172e+05 3.091815411132685258e+05
1.490588916489950381e+06 1.158156502513268264e+06 -6.527545031854996341e+04 1.108197894998908043e+06 1.261119304414186161e+06 7.330276357185095549e+05 -4.857967664346384699e+05 -9.625092077997201704e+04 1.580347229816327745e+05 1.282232876543630101e+07 4.517158221999814268e+05 -1.309934851092173951e+06 9.470329858269233955e+05 6.501505654588644393e+06 1.406540351202777587e+06 -5.804617477486483986e+05 -2.871930391916739754e+05 -5.200531081950712833e+05
3.096457362030370627e+06 9.440666697017124388e+05 -1.081946782672395639e+05 8.672607814185579773e+05 2.338316337739437295e+05 2.931705716096504475e+05 -9.649190174315959666e+03 2.380629009691903193e+05 -3.123897493338889399e+04 6.037233937558353879e+06 -2.047224650260482158e+05 1.570929496264293091e+06 1.050839061302382732e+06 1.406540351202777587e+06 3.537097840553215705e+06 -7.728988162899596500e+04 3.551269520764638437e+05 -5.424928195564470661e+04
1.605810836750015849e+06 -7.147841055130568566e+05 -4.429617287958260276e+05 -1.676641862819807720e+05 1.006815613971393468e+05 -1.675843295409003040e+05 2.174870809689867310e+05 -1.760998236835705029e+04 -2.163678446038135007e+04 6.213879227164142765e+06 9.819104316657468444e+05 5.004169791245181113e+04 -2.301115615273853109e+04 -5.804617477486483986e+05 -7.728988162899596500e+04 1.297120002952366835e+06 1.395799971634690301e+05 2.509694735182614022e+04
-1.502546803460390540e+06 2.627116095237354166e+05 7.502475959051494719e+05 7.761048754292834783e+05 -1.737366003938953509e+05 2.089047283440280880e+05 2.737362347563107032e+05 9.676642572796797322e+04 -2.634635971784589492e+04 4.694037632282384438e+05 1.439924485960135004e+06 2.552629628380978946e+06 9.151192251567873172e+05 -2.871930391916739754e+05 3.551269520764638437e+05 1.395799971634690301e+05 1.142046967868988169e+06 8.131845674802696158e+04
1.410278256366730435e+06 -3.632706891044281656e+05 3.169864951546787634e+05 1.675754679443342320e+04 4.202729489663077402e+04 -7.165562971128795471e+04 5.906112390656808566e+04 -6.973175325260401587e+04 -1.349739297618895762e+03 1.246789795911680209e+06 -7.697565914964706171e+05 -2.319229060049944092e+05 3.091815411132685258e+05 -5.200531081950712833e+05 -5.424928195564470661e+04 2.509694735182614022e+04 8.131845674802696158e+04 3.528531990612864029e+05
