5.126055769436091930e+07 8.060882539928934537e+06 -4.595059822030422278e+06 -1.195914932779025985e+06 -8.618026925958226202e+05 -2.840959552795549389e+05 3.759586659128616448e+05 2.449462628007055537e+04 -1.968397382492980687e+05 3.195081222446964681e+07 -6.094974498708238825e+06 -4.006363268156498671e+06 -2.397630687446071301e+06 2.545412914377371490e+05 -6.783144050029062200e+05 1.506817261584748281e+06 4.249921618247968145e+05 -3.411208743538381532e+05
8.060882539928934537e+06 1.624331280113124102e+07 -2.192118447199966293e+06 -9.867160307078149635e+05 -1.338326384073822759e+06 -3.046646629145232146e+05 -6.811667724498418393e+05 -6.974008618381988490e+05 -3.806319641918946290e+05 1.788607524516074732e+07 5.412155662709543481e+06 -3.329845354665094055e+06 -1.633448259035224561e+06 3.693123220106337249e+04 3.119823874223983148e+05 2.503450000126134604e+06 5.717535872969833435e+05 -2.306676361907790124e+05
-4.595059822030422278e+06 -2.192118447199966293e+06 4.208830398056378588e+06 1.321698734492699848e+06 -1.017990460068675311e+05 -1.973748611718184839e+05 -1.532854681588611274e+05 2.857736175350358826e+05 -6.941758050679268308e+03 4.320459500082340091e+06 -1.789773808337742230e+06 4.544982721938344650e+06 2.211876878656977788e+06 1.905173413303137058e+06 8.461485997782768682e+05 -2.771833291359818759e+04 4.551468938807722880e+05 1.943603911156484974e+05
-1.195914932779025985e+06 -9.867160307078149635e+05 1.321698734492699848e+06 1.782809902733073337e+06 7.515566658571687294e+05 1.224993938431948773e+05 2.189412858123931219e+05 6.675197701571922516e+04 -2.420952627995739749e+04 -3.468899843970227521e+05 5.935552995919017121e+05 1.291080901701888302e+06 1.715826284414482070e+05 1.583077089256287785e+06 8.261521060577674070e+05 -1.062146187955890491e+05 2.807568448145695729e+05 1.969686936540321040e+04
-8.618026925958226202e+05 -1.338326384073822759e+06 -1.017990460068675311e+05 7.515566658571687294e+05 1.239164773458164418e+06 3.658893070536257583e+05 3.639647519528788398e+05 -1.025494855105244060e+05 -5.750644347374415520e+04 -3.835467952577678952e+06 -3.595816210933169932e+05 5.547096949585520197e+05 -5.653474710468697594e+05 1.116245417171783978e+06 4.091271557056844467e+05 -7.686215051880090323e+04 -2.991821353166125482e+05 -2.339275507479010848e+05
-2.840959552795549389e+05 -3.046646629145232146e+05 -1.973748611718184839e+05 1.224993938431948773e+05 3.658893070536257583e+05 6.342161718468270265e+05 1.712482328334957419e+05 -7.642632008896474144e+04 -2.865364169747489723e+04 7.031904020113719162e+05 -6.041736256082667969e+05 8.611379343977123499e+05 -3.089245864400074352e+05 3.078986937198297819e+05 2.620505101277545909e+05 7.690051951738000207e+04 -1.222471762970978671e+04 -1.564388353784107894e+05
3.759586659128616448e+05 -6.811667724498418393e+05 -1.532854681588611274e+05 2.189412858123931219e+05 3.639647519528788398e+05 1.712482328334957419e+05 2.747390305930729373e+05 -1.403396853791818285e+04 3.055367364863269904e+04 -1.011000451268340694e+06 -4.410556314566966030e+05 -5.575292495240081334e+05 -2.072227040100123559e+05 4.887887690759149846e+05 8.253048921479179990e+04 1.244065334530320688e+05 -9.109783154549630126e+04 -9.074316317338587396e+03
2.449462628007055537e+04 -6.974008618381988490e+05 2.857736175350358826e+05 6.675197701571922516e+04 -1.025494855105244060e+05 -7.642632008896474144e+04 -1.403396853791818285e+04 2.215954780344461324e+05 9.520342316922504688e+04 3.298208212518760702e+05 -9.290413445297514554e+05 -3.159089078008991783e+05 3.498308239583629183e+05 2.002403577321309713e+05 -1.083346673909041783e+04 -5.487045172749993071e+04 2.694025542695510085e+05 7.299550287776414189e+04
-1.968397382492980687e+05 -3.806319641918946290e+05 -6.941758050679268308e+03 -2.420952627995739749e+04 -5.750644347374415520e+04 -2.865364169747489723e+04 3.055367364863269904e+04 9.520342316922504688e+04 1.470749990205002541e+05 -2.094535038539648522e+05 3.536402888238762971e+05 -3.956847785399020067e+05 4.771945162495251279e+05 7.921015928509266814e+04 1.028600402048723481e+05 2.278313883072935641e+04 1.151352457339677494e+05 8.514104381369162002e+04
3.195081222446964681e+07 1.788607524516074732e+07 4.320459500082340091e+06 -3.468899843970227521e+05 -3.835467952577678952e+06 7.031904020113719162e+05 -1.011000451268340694e+06 3.298208212518760702e+05 -2.094535038539648522e+05 2.479403698278523982e+08 2.188872298113146797e+07 -1.923763445499243215e+07 -5.950235514037600718e+06 1.131950597757280804e+06 -2.431314524886593688e+06 8.063177943271103315e+06 3.653628740790193435e+06 1.149151739547584206e+06
-6.094974498708238825e+06 5.412155662709543481e+06 -1.789773808337742230e+06 5.935552995919017121e+05 -3.595816210933169932e+05 -6.041736256082667969e+05 -4.410556314566966030e+05 -9.290413445297514554e+05 3.536402888238762971e+05 2.188872298113146797e+07 9.563075948663637042e+07 4.883814393048674800e+06 -2.145921718399433885e+06 -4.209377143696332350e+06 3.453108543780942564e+05 -1.295272273521970259e+06 4.231458313627969474e+05 -6.654455678098448552e+05
-4.006363268156498671e+06 -3.329845354665094055e+06 4.544982721938344650e+06 1.291080901701888302e+06 5.547096949585520197e+05 8.611379343977123499e+05 -5.575292495240081334e+05 -3.159089078008991783e+05 -3.956847785399020067e+05 -1.923763445499243215e+07 4.883814393048674800e+06 3.291386688180429861e+07 8.040210077670369297e+06 -9.900053582775909454e+05 -1.196260683468330652e+06 -2.321197897885340732e+06 -1.432626245667072362e+05 -3.419342997555559123e+04
-2.397630687446071301e+06 -1.633448259035224561e+06 2.211876878656977788e+06 1.715826284414482070e+05 -5.653474710468697594e+05 -3.089245864400074352e+05 -2.072227040100123559e+05 3.498308239583629183e+05 4.771945162495251279e+05 -5.950235514037600718e+06 -2.145921718399433885e+06 8.040210077670369297e+06 1.028392840282983147e+07 1.751582054378344212e+06 -2.402900331103848584e+05 -3.479944360157020856e+05 7.250402588084302843e+05 2.834865875854927581e+05
2.545412914377371490e+05 3.693123220106337249e+04 1.905173413303137058e+06 1.583077089256287785e+06 1.116245417171783978e+06 3.078986937198297819e+05 4.887887690759149846e+05 2.002403577321309713e+05 7.921015928509266814e+04 1.131950597757280804e+06 -4.209377143696332350e+06 -9.900053582775909454e+05 1.751582054378344212e+06 5.617293382112217136e+06 2.166769885277713183e+06 7.449027434905453993e+04 4.349367965538121061e+05 -5.010982367819630890e+05
-6.783144050029062200e+05 3.119823874223983148e+05 8.461485997782768682e+05 8.261521060577674070e+05 4.091271557056844467e+05 2.620505101277545909e+05 8.253048921479179990e+04 -1.083346673909041783e+04 1.028600402048723481e+05 -2.431314524886593688e+06 3.453108543780942564e+05 -1.196260683468330652e+06 -2.402900331103848584e+05 2.166769885277713183e+06 3.076448672159138601e+06 5.125413427637416171e+05 5.771172121580172097e+05 -2.291185694106990995e+05
1.506817261584748281e+06 2.503450000126134604e+06 -2.771833291359818759e+04 -1.062146187955890491e+05 -7.686215051880090323e+04 7.690051951738000207e+04 1.244065334530320688e+05 -5.487045172749993071e+04 2.278313883072935641e+04 8.063177943271103315e+06 -1.295272273521970259e+06 -2.321197897885340732e+06 -3.479944360157020856e+05 7.449027434905453993e+04 5.125413427637416171e+05 2.845466381070668343e+06 8.356028177409607451e+05 4.037654966142089106e+05
4.249921618247968145e+05 5.717535872969833435e+05 4.551468938807722880e+05 2.807568448145695729e+05 -2.991821353166125482e+05 -1.222471762970978671e+04 -9.109783154549630126e+04 2.694025542695510085e+05 1.151352457339677494e+05 3.653628740790193435e+06 4.231458313627969474e+05 -1.432626245667072362e+05 7.250402588084302843e+05 4.349367965538121061e+05 5.771172121580172097e+05 8.356028177409607451e+05 1.360671396696730983e+06 4.440123488741269102e+05
-3.411208743538381532e+05 -2.306676361907790124e+05 1.943603911156484974e+05 1.969686936540321040e+04 -2.339275507479010848e+05 -1.564388353784107894e+05 -9.074316317338587396e+03 7.299550287776414189e+04 8.514104381369162002e+04 1.149151739547584206e+06 -6.654455678098448552e+05 -3.419342997555559123e+04 2.834865875854927581e+05 -5.010982367819630890e+05 -2.291185694106990995e+05 4.037654966142089106e+05 4.440123488741269102e+05 7.209401548382961191e+05
