3.723294189729209244e+07 -1.398308961801332422e+06 1.194914020489772083e+06 1.149043737019647844e+06 1.305876562850269489e+06 7.301190871232380159e+05 1.204271656818300718e+06 8.345329313561454182e+05 6.441329937332116533e+05 8.911998903438581619e+05 -2.569773978037068155e+06 -7.916468891109645367e+06 -1.039771318451859406e+06 1.375060620037140325e+06 -6.499942336136064259e+05 3.609731507247100119e+06 9.450524786549945129e+05 -4.786961977949153516e+05
-1.398308961801332422e+06 9.977589040135394782e+06 4.247172535437701299e+04 -1.490832158597914269e+06 -2.359185264593020547e+05 -9.801463787519615144e+05 -1.250934950885832543e+06 -5.989561875100532052e+04 -2.602405972046284005e+05 2.513446956081112847e+06 6.526563338179608807e+06 1.113480173553011147e+06 -4.773059819815432420e+05 -3.568821036309678108e+06 -1.284890342523132218e+06 -1.122718214053263422e+06 4.552867264735155040e+05 5.112579755195704056e+05
1.194914020489772083e+06 4.247172535437701299e+04 5.782236797911128961e+06 -7.227316516663343646e+04 -2.253065828588668955e+05 -1.975323481720844575e+04 -1.208738147224508721e+05 -1.047753431606935046e+05 1.453882750380721700e+05 1.962468247044271789e+06 3.366642557585714967e+05 5.422359380896968767e+06 -6.006873905572697986e+05 -1.147686038851095131e+06 2.612359566111292515e+05 -1.333589873214392574e+05 -1.129580784629412228e+06 1.680279206942181627e+05
1.149043737019647844e+06 -1.490832158597914269e+06 -7.227316516663343646e+04 1.489841537587500177e+06 4.226664922252463293e+05 1.735065314281707106e+05 6.946360935837298166e+04 -2.486206228645905794e+05 -3.335876356589771149e+03 -2.960072106126459315e+06 -2.145392992907858919e+06 3.565691424930747598e+05 1.004993084660739638e+06 1.868787056716508698e+06 2.637488755634539411e+05 1.145618332956073718e+05 -6.253524504351706128e+04 -5.000988756388503680e+04
1.305876562850269489e+06 -2.359185264593020547e+05 -2.253065828588668955e+05 4.226664922252463293e+05 1.211902769663392100e+06 2.930346539940792718e+05 4.695765741321451969e+03 3.208058008264443561e+04 6.344388548439046281e+04 -3.818674129087103065e+05 -7.248935355068235658e+05 -1.990999406635218300e+06 -1.702327589573710575e+05 1.071928816451289458e+06 8.125663574785342207e+05 4.035235978500524652e+05 1.341634795281243569e+05 2.152247970087519207e+05
7.301190871232380159e+05 -9.801463787519615144e+05 -1.975323481720844575e+04 1.735065314281707106e+05 2.930346539940792718e+05 4.801412581469104043e+05 2.185075091333496384e+05 1.214316784348777728e+05 4.877726042825028708e+04 -1.398655105130410753e+06 -5.078071405262980261e+05 -7.436231139272977598e+05 9.053979471417081077e+05 9.632904552445474546e+05 6.077341913310454693e+05 2.906304223388070241e+05 -6.188157815391503391e+04 -1.014125667979977152e+05
1.204271656818300718e+06 -1.250934950885832543e+06 -1.208738147224508721e+05 6.946360935837298166e+04 4.695765741321451969e+03 2.185075091333496384e+05 3.098362901742244139e+05 5.766455811930434720e+04 2.925291151144860123e+04 4.789975821534714196e+05 -4.272368990380824544e+05 -7.127504528848263435e+05 2.294779669580314949e+05 7.435630294864854077e+05 2.825617523080944084e+05 3.153318156176987104e+05 -1.308617334031114733e+05 -1.623179480881657510e+05
8.345329313561454182e+05 -5.989561875100532052e+04 -1.047753431606935046e+05 -2.486206228645905794e+05 3.208058008264443561e+04 1.214316784348777728e+05 5.766455811930434720e+04 3.749226128748924821e+05 1.112741737173169386e+05 -8.148870715388063109e+05 -2.184786566442915646e+05 -8.409242453928499017e+05 -1.605760671293181367e+05 -6.269437201780166943e+05 5.578673964554475242e+04 3.150972499246466396e+04 2.572051213531744725e+05 1.476923604912005540e+05
6.441329937332116533e+05 -2.602405972046284005e+05 1.453882750380721700e+05 -3.335876356589771149e+03 6.344388548439046281e+04 4.877726042825028708e+04 2.925291151144860123e+04 1.112741737173169386e+05 1.156911417113693606e+05 -3.353501415137613076e+05 6.065846704388749786e+05 -5.081952084682509885e+05 1.367161262676844126e+04 -1.121689823117724154e+05 -5.270649701281420130e+04 6.638602325574150018e+04 6.010240604065395019e+04 1.047632955411553849e+05
8.911998903438581619e+05 2.513446956081112847e+06 1.962468247044271789e+06 -2.960072106126459315e+06 -3.818674129087103065e+05 -1.398655105130410753e+06 4.789975821534714196e+05 -8.148870715388063109e+05 -3.353501415137613076e+05 1.444882859396569729e+08 2.100173969866595417e+07 -1.150229253857254284e+06 2.359591782519910950e+06 -1.331208252641925588e+06 -4.518508893154116347e+06 -2.855278932348306291e+06 -1.931606288942171726e+06 -3.694861168740279390e+04
-2.569773978037068155e+06 6.526563338179608807e+06 3.366642557585714967e+05 -2.145392992907858919e+06 -7.248935355068235658e+05 -5.078071405262980261e+05 -4.272368990380824544e+05 -2.184786566442915646e+05 6.065846704388749786e+05 2.100173969866595417e+07 7.413080017694014311e+07 -2.831257285301282071e+06 1.370001393028334901e+07 6.797543008352186007e+04 -6.642586928088347428e+06 -1.523124025501587195e+06 -1.874019673634700477e+06 2.198022500392364804e+06
-7.916468891109645367e+06 1.113480173553011147e+06 5.422359380896968767e+06 3.565691424930747598e+05 -1.990999406635218300e+06 -7.436231139272977598e+05 -7.127504528848263435e+05 -8.409242453928499017e+05 -5.081952084682509885e+05 -1.150229253857254284e+06 -2.831257285301282071e+06 2.613442452847304568e+07 2.844547791063006036e+06 -1.510689761891826987e+06 -1.808104573587300911e+04 -2.462513963489214424e+06 -1.107125911979588680e+06 -6.884197137154377997e+05
-1.039771318451859406e+06 -4.773059819815432420e+05 -6.006873905572697986e+05 1.004993084660739638e+06 -1.702327589573710575e+05 9.053979471417081077e+05 2.294779669580314949e+05 -1.605760671293181367e+05 1.367161262676844126e+04 2.359591782519910950e+06 1.370001393028334901e+07 2.844547791063006036e+06 1.263817825371278077e+07 4.096461083878464997e+06 -8.408826530983306293e+04 -8.458291577150325757e+05 -3.097790567449517039e+04 1.700461805252512859e+05
1.375060620037140325e+06 -3.568821036309678108e+06 -1.147686038851095131e+06 1.868787056716508698e+06 1.071928816451289458e+06 9.632904552445474546e+05 7.435630294864854077e+05 -6.269437201780166943e+05 -1.121689823117724154e+05 -1.331208252641925588e+06 6.797543008352186007e+04 -1.510689761891826987e+06 4.096461083878464997e+06 8.605437615596991032e+06 2.809963686462996993e+06 7.020351302018121351e+05 -9.491861000025335234e+05 -6.145756327654919587e+05
-6.499942336136064259e+05 -1.284890342523132218e+06 2.612359566111292515e+05 2.637488755634539411e+05 8.125663574785342207e+05 6.077341913310454693e+05 2.825617523080944084e+05 5.578673964554475242e+04 -5.270649701281420130e+04 -4.518508893154116347e+06 -6.642586928088347428e+06 -1.808104573587300911e+04 -8.408826530983306293e+04 2.809963686462996993e+06 3.366405207825122867e+06 5.460661419668024173e+05 -7.385887951011351834e+04 -1.671711180045646324e+05
3.609731507247100119e+06 -1.122718214053263422e+06 -1.333589873214392574e+05 1.145618332956073718e+05 4.035235978500524652e+05 2.906304223388070241e+05 3.153318156176987104e+05 3.150972499246466396e+04 6.638602325574150018e+04 -2.855278932348306291e+06 -1.523124025501587195e+06 -2.462513963489214424e+06 -8.458291577150325757e+05 7.020351302018121351e+05 5.460661419668024173e+05 1.266020624278779374e+06 5.341742171902421251e+04 -3.525772500309625175e+05
9.450524786549945129e+05 4.552867264735155040e+05 -1.129580784629412228e+06 -6.253524504351706128e+04 1.341634795281243569e+05 -6.188157815391503391e+04 -1.308617334031114733e+05 2.572051213531744725e+05 6.010240604065395019e+04 -1.931606288942171726e+06 -1.874019673634700477e+06 -1.107125911979588680e+06 -3.097790567449517039e+04 -9.491861000025335234e+05 -7.385887951011351834e+04 5.341742171902421251e+04 1.657190685475263512e+06 2.363173071411602723e+05
-4.786961977949153516e+05 5.112579755195704056e+05 1.680279206942181627e+05 -5.000988756388503680e+04 2.152247970087519207e+05 -1.014125667979977152e+05 -1.623179480881657510e+05 1.476923604912005540e+05 1.047632955411553849e+05 -3.694861168740279390e+04 2.198022500392364804e+06 -6.884197137154377997e+05 1.700461805252512859e+05 -6.145756327654919587e+05 -1.671711180045646324e+05 -3.525772500309625175e+05 2.363173071411602723e+05 6.619930446748518152e+05
