6.676270056061222404e+07 5.987662558614774607e+06 3.793972319027783815e+06 1.275986407059782185e+06 -6.436179498436737777e+04 1.414176272441637237e+06 1.619743946157911560e+06 6.391806516586815706e+05 2.783536214047397953e+05 9.201194792241560295e+06 9.692830901653422043e+06 6.508481228718612343e+06 1.104880554409383796e+07 4.560550794153901748e+06 1.400338816707774298e+06 3.362085899439961184e+06 3.727758741237788461e+06 -8.364422334249987034e+04
5.987662558614774607e+06 1.900196237850965559e+07 7.472697826481808908e+06 9.229379352719006129e+05 1.701160013222820417e+05 -4.188948643907115184e+04 4.149949662092378712e+05 5.901383729525035014e+05 -1.213638415513920190e+05 2.614584761605002359e+07 1.686262816397346929e+07 1.269733500583994016e+07 8.908131919151566923e+06 -1.882617051376809133e+06 5.753638744598060148e+05 3.056260989553290885e+06 2.259453954193803947e+06 1.550247018720278982e+06
3.793972319027783815e+06 7.472697826481808908e+06 1.224410927075576782e+07 1.908028299776909174e+06 7.486888010408190312e+05 -3.993002095831241459e+05 1.204138594144282251e+05 1.897667757207499817e+05 1.204598369025942666e+05 1.842077055798863247e+07 -6.413041109085567296e+05 1.387069844126402773e+07 4.100731608709825668e+06 -1.952493172806663206e+06 -1.380899454455561470e+06 3.797745707834573695e+05 2.769839868771587498e+05 8.114794204971637810e+05
1.275986407059782185e+06 9.229379352719006129e+05 1.908028299776909174e+06 1.824097213912917767e+06 1.482761336175278120e+05 -2.070366473896734533e+05 -1.586686244194396131e+05 2.113664183276625045e+04 -9.588706336108699907e+04 3.435862145732928999e+06 2.220942471488920506e+06 1.554121172831400530e+06 1.036301197179800249e+06 7.868825582234020112e+05 5.907192847867638338e+05 -1.176475182612858334e+05 -1.148320470693186508e+05 6.753418457424214284e+04
-6.436179498436737777e+04 1.701160013222820417e+05 7.486888010408190312e+05 1.482761336175278120e+05 1.003089788498552516e+06 -3.663455582630907884e+04 6.116168076493646367e+04 4.646283992145713273e+04 5.051477169650552241e+04 -2.012509089968816377e+06 2.192990901838896796e+06 6.581760085341609374e+04 4.870642687134314911e+05 1.189607130849516834e+05 -4.905834567191827227e+04 -3.800489996999903233e+05 -1.923725096779906598e+05 1.717861197750822757e+05
1.414176272441637237e+06 -4.188948643907115184e+04 -3.993002095831241459e+05 -2.070366473896734533e+05 -3.663455582630907884e+04 5.095383083232269273e+05 1.253711479340584337e+05 -4.973286181580968696e+04 5.999189367098866933e+04 2.022610057589482167e+05 -8.640204985525216907e+05 3.182480787803136627e+05 8.917953844072773354e+05 -1.295516195031068346e+05 3.967267938654722529e+05 2.060183993468721746e+05 -8.033407491868911893e+04 -2.256462897273590206e+05
1.619743946157911560e+06 4.149949662092378712e+05 1.204138594144282251e+05 -1.586686244194396131e+05 6.116168076493646367e+04 1.253711479340584337e+05 3.205741128149103606e+05 3.010227430763042867e+04 5.532779820529825520e+04 4.894043322691473295e+05 -1.190335679386421107e+06 2.324794624269708293e+05 3.856364650165479979e+05 2.435654705909034237e+05 -1.723487419355103921e+05 -1.638581276805653179e+05 -1.198066575603956153e+05 -1.301366489083088090e+05
6.391806516586815706e+05 5.901383729525035014e+05 1.897667757207499817e+05 2.113664183276625045e+04 4.646283992145713273e+04 -4.973286181580968696e+04 3.010227430763042867e+04 1.650627244175863452e+05 1.728172751404517112e+04 9.445435646433420479e+05 5.498635319501230260e+05 -1.339657526691349340e+05 1.746638902058262029e+05 -1.559440495935953513e+05 -8.420228889481135411e+04 2.326065008757179748e+04 1.163292090415539860e+05 7.236070005596004194e+04
2.783536214047397953e+05 -1.213638415513920190e+05 1.204598369025942666e+05 -9.588706336108699907e+04 5.051477169650552241e+04 5.999189367098866933e+04 5.532779820529825520e+04 1.728172751404517112e+04 9.510781149532072595e+04 -3.313674869598607183e+05 -5.501900409385807579e+05 -2.472393655560502084e+05 -8.686660501501375984e+04 -1.282758913357173587e+05 -1.221625599743680068e+05 -2.470020069564405640e+04 -2.620466641460333904e+03 -3.924362320517587796e+04
9.201194792241560295e+06 2.614584761605002359e+07 1.842077055798863247e+07 3.435862145732928999e+06 -2.012509089968816377e+06 2.022610057589482167e+05 4.894043322691473295e+05 9.445435646433420479e+05 -3.313674869598607183e+05 2.360881684532536268e+08 5.826717283634875901e+06 2.413330676339686289e+07 2.432184894443040714e+06 -8.292589095717575401e+06 -1.622090588847207837e+06 4.116907864242803771e+06 2.574292442047345452e+06 2.346341029624394141e+06
9.692830901653422043e+06 1.686262816397346929e+07 -6.413041109085567296e+05 2.220942471488920506e+06 2.192990901838896796e+06 -8.640204985525216907e+05 -1.190335679386421107e+06 5.498635319501230260e+05 -5.501900409385807579e+05 5.826717283634875901e+06 1.193699898961598873e+08 9.055637520494820550e+06 1.073139157457955182e+07 1.145525773434657836e+06 2.369052583388509694e+06 1.230228208710440202e+06 5.118028446229539812e+06 1.636366786949974718e+06
6.508481228718612343e+06 1.269733500583994016e+07 1.387069844126402773e+07 1.554121172831400530e+06 6.581760085341609374e+04 3.182480787803136627e+05 2.324794624269708293e+05 -1.339657526691349340e+05 -2.472393655560502084e+05 2.413330676339686289e+07 9.055637520494820550e+06 2.862836265837110579e+07 8.705534706600738689e+06 -3.786374704562730156e+06 -2.633910937407863676e+05 1.512490054362057010e+06 1.040650305550233810e+06 4.580224520632167696e+05
1.104880554409383796e+07 8.908131919151566923e+06 4.100731608709825668e+06 1.036301197179800249e+06 4.870642687134314911e+05 8.917953844072773354e+05 3.856364650165479979e+05 1.746638902058262029e+05 -8.686660501501375984e+04 2.432184894443040714e+06 1.073139157457955182e+07 8.705534706600738689e+06 1.250445139650703967e+07 1.596096697541631991e+06 1.643521634877971839e+06 1.752493639526229817e+06 7.111632583377623232e+05 -2.335291441064459796e+05
4.560550794153901748e+06 -1.882617051376809133e+06 -1.952493172806663206e+06 7.868825582234020112e+05 1.189607130849516834e+05 -1.295516195031068346e+05 2.435654705909034237e+05 -1.559440495935953513e+05 -1.282758913357173587e+05 -8.292589095717575401e+06 1.145525773434657836e+06 -3.786374704562730156e+06 1.596096697541631991e+06 6.748171512119008228e+06 1.050359997242045356e+06 1.806307697868264222e+05 -1.493000368467623484e+05 3.655238664233759046e+05
1.400338816707774298e+06 5.753638744598060148e+05 -1.380899454455561470e+06 5.907192847867638338e+05 -4.905834567191827227e+04 3.967267938654722529e+05 -1.723487419355103921e+05 -8.420228889481135411e+04 -1.221625599743680068e+05 -1.622090588847207837e+06 2.369052583388509694e+06 -2.633910937407863676e+05 1.643521634877971839e+06 1.050359997242045356e+06 2.801441134897428099e+06 1.182131890079176985e+06 3.409565366377602186e+04 4.860226418828589376e+05
3.362085899439961184e+06 3.056260989553290885e+06 3.797745707834573695e+05 -1.176475182612858334e+05 -3.800489996999903233e+05 2.060183993468721746e+05 -1.638581276805653179e+05 2.326065008757179748e+04 -2.470020069564405640e+04 4.116907864242803771e+06 1.230228208710440202e+06 1.512490054362057010e+06 1.752493639526229817e+06 1.806307697868264222e+05 1.182131890079176985e+06 2.028069419923624489e+06 7.809041826845332980e+05 5.492477236457113177e+05
3.727758741237788461e+06 2.259453954193803947e+06 2.769839868771587498e+05 -1.148320470693186508e+05 -1.923725096779906598e+05 -8.033407491868911893e+04 -1.198066575603956153e+05 1.163292090415539860e+05 -2.620466641460333904e+03 2.574292442047345452e+06 5.118028446229539812e+06 1.040650305550233810e+06 7.111632583377623232e+05 -1.493000368467623484e+05 3.409565366377602186e+04 7.809041826845332980e+05 1.026708515698827920e+06 5.156410724090810400e+05
-8.364422334249987034e+04 1.550247018720278982e+06 8.114794204971637810e+05 6.753418457424214284e+04 1.717861197750822757e+05 -2.256462897273590206e+05 -1.301366489083088090e+05 7.236070005596004194e+04 -3.924362320517587796e+04 2.346341029624394141e+06 1.636366786949974718e+06 4.580224520632167696e+05 -2.335291441064459796e+05 3.655238664233759046e+05 4.860226418828589376e+05 5.492477236457113177e+05 5.156410724090810400e+05 1.190412762259164825e+06
