6.846127232428953052e+07 -1.009821908962662518e+07 -7.503488406895379536e+06 3.475215254236493492e+05 1.743302459769686451e+06 1.174324707023874544e+04 9.965012349328990967e+04 8.441951415616192389e+05 1.814560563093566452e+05 9.266353991742941737e+07 1.036938358859003522e+07 5.791919236124339513e+05 -6.350498376813517883e+06 -8.452802072894178331e+06 -4.700265674836868420e+06 -1.604026508676909609e+06 2.532051953082360793e+06 -1.175420673430226976e+06
-1.009821908962662518e+07 2.043171342024000362e+07 1.670753890094249975e+06 1.350484186120842351e+06 1.522130718957984587e+06 5.521517285114139086e+05 -4.599098094570955436e+04 -8.440501809081395550e+03 -1.795519232885809033e+05 6.115637241319073364e+06 1.180597415152922459e+07 4.476665733670714311e+06 -2.295040664898538962e+06 -4.584972683468455216e+05 -1.125384226070683682e+06 6.728006146954608848e+05 6.289939654451800743e+05 6.531174837420361582e+05
-7.503488406895379536e+06 1.670753890094249975e+06 5.271538974076194689e+06 1.350416865320651093e+06 -2.945981206841037056e+04 -4.552427619557264843e+05 -2.648538102688453509e+05 1.957214605036545545e+05 1.070121389122694964e+05 -4.124011100220574532e+06 -1.613206074687037850e+06 -5.431379917845329037e+05 2.857328615439510904e+06 6.382550803366126493e+05 -1.066990530137439237e+04 6.994111175350707490e+05 3.388272557379475911e+05 7.506233132016808959e+05
3.475215254236493492e+05 1.350484186120842351e+06 1.350416865320651093e+06 2.523412425802134443e+06 8.483014262281806441e+05 -3.477918944510297297e+04 -1.475175984134186292e+05 -1.719431515705668717e+05 3.968892260809010622e+04 4.726635720847902820e+06 1.409904614949524403e+06 2.278729162473680917e+06 2.005864754570231773e+06 -4.249638770473450422e+05 4.810634008387967333e+04 -7.862023811701047816e+04 4.067298704813504010e+05 4.501019611139974440e+05
1.743302459769686451e+06 1.522130718957984587e+06 -2.945981206841037056e+04 8.483014262281806441e+05 1.211690721942632925e+06 2.467545251492689422e+05 -1.136634575884468359e+05 -4.514625627093511139e+04 -1.270387720315394254e+05 4.922438136167848483e+06 -1.521372381445889478e+05 8.693758143042928714e+04 2.442189748523032904e+04 3.407408363397867070e+05 5.179649996932328213e+04 -2.738156006558149966e+04 3.078015626863075304e+05 2.488699184625396156e+05
1.174324707023874544e+04 5.521517285114139086e+05 -4.552427619557264843e+05 -3.477918944510297297e+04 2.467545251492689422e+05 4.983150997809616383e+05 6.003425268319878342e+03 -1.105292207961181521e+04 -3.788970712964298855e+03 3.328322777045649011e+06 -6.779395374658177607e+05 -9.567049944616627181e+04 6.965303076929849340e+04 3.150597790302669746e+05 1.231586882315723487e+05 1.313885434428054432e+05 6.004875178714547656e+04 6.840757758913542784e+04
9.965012349328990967e+04 -4.599098094570955436e+04 -2.648538102688453509e+05 -1.475175984134186292e+05 -1.136634575884468359e+05 6.003425268319878342e+03 3.419302984687825083e+05 4.647013258896328625e+04 2.467729783442886765e+04 -2.218058064629297704e+06 -1.900132260986870097e+05 -5.372168538314941106e+05 -5.149150953417753917e+05 -1.942233107180740335e+05 -4.204935080179045326e+04 -2.015307612160096760e+05 -8.080256549171060033e+04 -2.638415911298525170e+05
8.441951415616192389e+05 -8.440501809081395550e+03 1.957214605036545545e+05 -1.719431515705668717e+05 -4.514625627093511139e+04 -1.105292207961181521e+04 4.647013258896328625e+04 3.151817457784923608e+05 -2.345087655336342868e+04 -1.647903336609817343e+06 -5.428575536153176799e+05 -1.990777616892186343e+05 -9.615313366364120739e+05 2.200757168978559275e+04 -1.765425450772681797e+05 -1.162316118538752635e+05 5.752623855296881811e+04 -1.894417792822219199e+05
1.814560563093566452e+05 -1.795519232885809033e+05 1.070121389122694964e+05 3.968892260809010622e+04 -1.270387720315394254e+05 -3.788970712964298855e+03 2.467729783442886765e+04 -2.345087655336342868e+04 1.091229328081451240e+05 1.591663968428245978e+06 6.922224784487124998e+05 -4.448988100077365525e+05 1.017188003797341225e+05 -2.048694836891010345e+05 2.088198024531008195e+04 6.720892727185667900e+04 6.843460424983125995e+04 9.476846446999028558e+04
9.266353991742941737e+07 6.115637241319073364e+06 -4.124011100220574532e+06 4.726635720847902820e+06 4.922438136167848483e+06 3.328322777045649011e+06 -2.218058064629297704e+06 -1.647903336609817343e+06 1.591663968428245978e+06 3.561979865411381721e+08 3.189016949151464552e+07 1.232271628164492920e+07 2.057715207696273457e+06 -1.568906562674316578e+07 -1.041376050917122699e+07 -1.420014381576716667e+06 7.458884687271628529e+06 3.875383990609272383e+06
1.036938358859003522e+07 1.180597415152922459e+07 -1.613206074687037850e+06 1.409904614949524403e+06 -1.521372381445889478e+05 -6.779395374658177607e+05 -1.900132260986870097e+05 -5.428575536153176799e+05 6.922224784487124998e+05 3.189016949151464552e+07 5.721107698402853310e+07 9.216544397606564686e+06 -8.467364472246035933e+06 -5.967178467648376711e+06 -2.227453479016327765e+06 3.481691517289876356e+05 2.236013531745176588e+05 1.379127921201529680e+06
5.791919236124339513e+05 4.476665733670714311e+06 -5.431379917845329037e+05 2.278729162473680917e+06 8.693758143042928714e+04 -9.567049944616627181e+04 -5.372168538314941106e+05 -1.990777616892186343e+05 -4.448988100077365525e+05 1.232271628164492920e+07 9.216544397606564686e+06 2.456217243142930791e+07 4.308185918730856851e+06 -2.934964937607876025e+06 -3.716118534232191741e+06 -2.832293383648047689e+06 -3.516170286616603844e+05 5.117045107020928990e+05
-6.350498376813517883e+06 -2.295040664898538962e+06 2.857328615439510904e+06 2.005864754570231773e+06 2.442189748523032904e+04 6.965303076929849340e+04 -5.149150953417753917e+05 -9.615313366364120739e+05 1.017188003797341225e+05 2.057715207696273457e+06 -8.467364472246035933e+06 4.308185918730856851e+06 1.916466291325332969e+07 3.093760298171524890e+06 -1.239932155541696353e+06 1.972127466245896416e+06 4.382249504821091541e+05 2.064862404217694420e+06
-8.452802072894178331e+06 -4.584972683468455216e+05 6.382550803366126493e+05 -4.249638770473450422e+05 3.407408363397867070e+05 3.150597790302669746e+05 -1.942233107180740335e+05 2.200757168978559275e+04 -2.048694836891010345e+05 -1.568906562674316578e+07 -5.967178467648376711e+06 -2.934964937607876025e+06 3.093760298171524890e+06 5.213273981511049904e+06 4.854734800691049895e+05 1.008949251343528857e+06 1.948211243708078109e+05 -8.249862884062915691e+04
-4.700265674836868420e+06 -1.125384226070683682e+06 -1.066990530137439237e+04 4.810634008387967333e+04 5.179649996932328213e+04 1.231586882315723487e+05 -4.204935080179045326e+04 -1.765425450772681797e+05 2.088198024531008195e+04 -1.041376050917122699e+07 -2.227453479016327765e+06 -3.716118534232191741e+06 -1.239932155541696353e+06 4.854734800691049895e+05 2.818935372361049987e+06 8.073213649299658136e+05 -3.201203985014624777e+05 -6.424867968309269781e+04
-1.604026508676909609e+06 6.728006146954608848e+05 6.994111175350707490e+05 -7.862023811701047816e+04 -2.738156006558149966e+04 1.313885434428054432e+05 -2.015307612160096760e+05 -1.162316118538752635e+05 6.720892727185667900e+04 -1.420014381576716667e+06 3.481691517289876356e+05 -2.832293383648047689e+06 1.972127466245896416e+06 1.008949251343528857e+06 8.073213649299658136e+05 2.061017553449813975e+06 -8.136556146769336192e+04 4.800384432667276124e+05
2.532051953082360793e+06 6.289939654451800743e+05 3.388272557379475911e+05 4.067298704813504010e+05 3.078015626863075304e+05 6.004875178714547656e+04 -8.080256549171060033e+04 5.752623855296881811e+04 6.843460424983125995e+04 7.458884687271628529e+06 2.236013531745176588e+05 -3.516170286616603844e+05 4.382249504821091541e+05 1.948211243708078109e+05 -3.201203985014624777e+05 -8.136556146769336192e+04 8.842462769331677118e+05 1.571100878110681660e+05
-1.175420673430226976e+06 6.531174837420361582e+05 7.506233132016808959e+05 4.501019611139974440e+05 2.488699184625396156e+05 6.840757758913542784e+04 -2.638415911298525170e+05 -1.894417792822219199e+05 9.476846446999028558e+04 3.875383990609272383e+06 1.379127921201529680e+06 5.117045107020928990e+05 2.064862404217694420e+06 -8.249862884062915691e+04 -6.424867968309269781e+04 4.800384432667276124e+05 1.571100878110681660e+05 8.535881046500992961e+05
