2.532439891683132574e+07 6.278853538097217679e+05 3.736576408871333580e+06 1.982047073558367789e+06 4.376529494340095553e+05 8.426290463398111751e+05 -9.882762328946037451e+05 1.421666216360295657e+05 2.867920947952186689e+05 -2.833054331715459377e+07 -4.420935599600331858e+06 8.119536208300413564e+05 1.033389049210999277e+06 2.711618695232731756e+06 9.897524826949328417e+04 1.495297165642612963e+05 1.419300253557408694e+06 -1.490692564682021330e+05
6.278853538097217679e+05 1.681249485775947943e+07 1.767679172653423389e+06 -6.941880736633510096e+05 -1.329060676679339493e+06 7.365192802506600274e+05 -1.923450553484230186e+05 5.129858974449773996e+03 6.680689268381988222e+04 -1.553585349974092841e+07 1.729565168132941052e+07 3.545382950143883470e+06 -4.198735703081203392e+05 -3.508363864691681811e+05 -2.538078404403797351e+06 -1.746077248101111327e+05 -9.437572792744782055e+05 2.837813689580234350e+05
3.736576408871333580e+06 1.767679172653423389e+06 5.238505921867893077e+06 1.440905230034627253e+06 -6.102215330743211234e+04 1.935587414644887322e+05 -4.921359427988946118e+04 4.163818958492285456e+05 7.023151008164660198e+03 -8.594411598342187703e+06 -1.805235882589984220e+06 -3.482590150898607681e+05 3.092770036652930547e+06 7.692127346069962950e+05 -7.384354928533893544e+05 -1.856143795415901695e+04 4.916319690480727004e+05 1.090355761625067971e+05
1.982047073558367789e+06 -6.941880736633510096e+05 1.440905230034627253e+06 2.620575460706199054e+06 7.968809086450753966e+05 2.449968714827573276e+05 1.004333388743739488e+05 2.451257476909115503e+05 -4.515841885458192701e+04 -3.946534620077094063e+06 -4.752487154009611346e+06 -1.036391195436064736e+06 1.191249511796649778e+06 1.991562974220264237e+06 -1.360713657084330334e+05 3.738650059644236462e+05 8.045775802711980650e+05 2.942725853690051008e+05
4.376529494340095553e+05 -1.329060676679339493e+06 -6.102215330743211234e+04 7.968809086450753966e+05 7.340682042185412720e+05 1.954015101076624705e+05 9.413855462626869848e+04 3.399906207517183066e+04 4.524876626335594483e+04 -2.175659607506909524e+05 -3.083119460195678752e+06 -8.582316241282866104e+05 3.110847073286334053e+05 1.239472933975011343e+06 3.190709437841700856e+05 3.338247801763924654e+05 4.973394096809817711e+05 1.959624290196382572e+04
8.426290463398111751e+05 7.365192802506600274e+05 1.935587414644887322e+05 2.449968714827573276e+05 1.954015101076624705e+05 4.042860863626431674e+05 2.093758274269846152e+04 -3.565282746233307262e+04 9.868553040071959913e+03 -3.885972877200616989e+06 7.014472168885302963e+05 -5.783121250148632098e+05 -3.050809405475861276e+05 6.022600245863008313e+05 -8.403596120919364330e+04 -6.841191360849123157e+04 3.217263180046785856e+05 1.825485614041348163e+05
-9.882762328946037451e+05 -1.923450553484230186e+05 -4.921359427988946118e+04 1.004333388743739488e+05 9.413855462626869848e+04 2.093758274269846152e+04 3.028620104616492172e+05 3.203895274245584005e+04 -2.086525378617585375e+04 -4.531287451669901493e+05 -1.443285794647965115e+06 -8.542626098457302433e+05 1.181410177200804901e+05 3.228215092776436359e+04 7.454558866174820650e+03 2.419370504221178999e+04 1.470160562489561271e+05 4.186160341052508011e+04
1.421666216360295657e+05 5.129858974449773996e+03 4.163818958492285456e+05 2.451257476909115503e+05 3.399906207517183066e+04 -3.565282746233307262e+04 3.203895274245584005e+04 2.713164707486666739e+05 6.385399545485382259e+04 2.299867492868281435e+06 -1.399060100508845877e+06 -1.578189591804867960e+05 5.112281888747474295e+05 -1.438836755085124751e+05 -2.844639090995675724e+04 -1.097639898071926109e+04 2.524172715171483578e+05 1.097986012617165979e+05
2.867920947952186689e+05 6.680689268381988222e+04 7.023151008164660198e+03 -4.515841885458192701e+04 4.524876626335594483e+04 9.868553040071959913e+03 -2.086525378617585375e+04 6.385399545485382259e+04 1.313218163487666752e+05 -1.156165684688686393e+06 -4.233781964223519899e+05 2.102367895286012208e+05 5.354518187925473321e+05 2.116422955224439502e+05 4.069705170470273151e+04 1.122399734732310608e+05 5.082604099394156219e+04 -1.557029255620901131e+04
-2.833054331715459377e+07 -1.553585349974092841e+07 -8.594411598342187703e+06 -3.946534620077094063e+06 -2.175659607506909524e+05 -3.885972877200616989e+06 -4.531287451669901493e+05 2.299867492868281435e+06 -1.156165684688686393e+06 3.105470239246613383e+08 1.271835806056643277e+07 6.962892150403519918e+04 -1.434264093299246021e+07 -1.402194125010086596e+07 1.088207085679087555e+06 -5.553262590402428061e+06 -3.069180248517564964e+06 -8.041108226952840341e+05
-4.420935599600331858e+06 1.729565168132941052e+07 -1.805235882589984220e+06 -4.752487154009611346e+06 -3.083119460195678752e+06 7.014472168885302963e+05 -1.443285794647965115e+06 -1.399060100508845877e+06 -4.233781964223519899e+05 1.271835806056643277e+07 6.268206717915448546e+07 1.941726153359507397e+07 -5.942931662202338688e+06 -4.896074175357867964e+06 -1.380259795189611847e+06 -1.329909953523368575e+06 -2.483448941641039681e+06 -4.996242106148158200e+05
8.119536208300413564e+05 3.545382950143883470e+06 -3.482590150898607681e+05 -1.036391195436064736e+06 -8.582316241282866104e+05 -5.783121250148632098e+05 -8.542626098457302433e+05 -1.578189591804867960e+05 2.102367895286012208e+05 6.962892150403519918e+04 1.941726153359507397e+07 2.520601459082818031e+07 -2.026627978233245376e+05 -9.778340688447261928e+05 -1.302293132182901027e+06 -7.520405631031979574e+05 -2.278416215627669881e+05 -3.457601082623553229e+05
1.033389049210999277e+06 -4.198735703081203392e+05 3.092770036652930547e+06 1.191249511796649778e+06 3.110847073286334053e+05 -3.050809405475861276e+05 1.181410177200804901e+05 5.112281888747474295e+05 5.354518187925473321e+05 -1.434264093299246021e+07 -5.942931662202338688e+06 -2.026627978233245376e+05 1.374718336541691981e+07 2.105167583876361605e+06 6.778940865541466046e+05 1.721170729206626071e+06 1.061135662011176348e+06 2.349938413019741420e+05
2.711618695232731756e+06 -3.508363864691681811e+05 7.692127346069962950e+05 1.991562974220264237e+06 1.239472933975011343e+06 6.022600245863008313e+05 3.228215092776436359e+04 -1.438836755085124751e+05 2.116422955224439502e+05 -1.402194125010086596e+07 -4.896074175357867964e+06 -9.778340688447261928e+05 2.105167583876361605e+06 5.363090698836400174e+06 1.029316869139063929e+05 9.486128307203624863e+05 7.552503188170628855e+05 2.905310566635767827e+04
9.897524826949328417e+04 -2.538078404403797351e+06 -7.384354928533893544e+05 -1.360713657084330334e+05 3.190709437841700856e+05 -8.403596120919364330e+04 7.454558866174820650e+03 -2.844639090995675724e+04 4.069705170470273151e+04 1.088207085679087555e+06 -1.380259795189611847e+06 -1.302293132182901027e+06 6.778940865541466046e+05 1.029316869139063929e+05 1.875360363121453673e+06 3.681126946509072441e+05 4.350979478898298694e+05 -1.229829514553899353e+05
1.495297165642612963e+05 -1.746077248101111327e+05 -1.856143795415901695e+04 3.738650059644236462e+05 3.338247801763924654e+05 -6.841191360849123157e+04 2.419370504221178999e+04 -1.097639898071926109e+04 1.122399734732310608e+05 -5.553262590402428061e+06 -1.329909953523368575e+06 -7.520405631031979574e+05 1.721170729206626071e+06 9.486128307203624863e+05 3.681126946509072441e+05 1.415379619835668011e+06 1.666226898343242938e+05 -4.027897527332906029e+05
1.419300253557408694e+06 -9.437572792744782055e+05 4.916319690480727004e+05 8.045775802711980650e+05 4.973394096809817711e+05 3.217263180046785856e+05 1.470160562489561271e+05 2.524172715171483578e+05 5.082604099394156219e+04 -3.069180248517564964e+06 -2.483448941641039681e+06 -2.278416215627669881e+05 1.061135662011176348e+06 7.552503188170628855e+05 4.350979478898298694e+05 1.666226898343242938e+05 1.178941183936661109e+06 4.079779273588435608e+05
-1.490692564682021330e+05 2.837813689580234350e+05 1.090355761625067971e+05 2.942725853690051008e+05 1.959624290196382572e+04 1.825485614041348163e+05 4.186160341052508011e+04 1.097986012617165979e+05 -1.557029255620901131e+04 -8.041108226952840341e+05 -4.996242106148158200e+05 -3.457601082623553229e+05 2.349938413019741420e+05 2.905310566635767827e+04 -1.229829514553899353e+05 -4.027897527332906029e+05 4.079779273588435608e+05 5.832980711882011965e+05
