4.131999899518463016e+07 4.488574921329562552e+06 4.492386990984536707e+06 1.094009553936044103e+05 8.514481834372556768e+05 2.475647768220737053e+05 3.339477520559806726e+05 1.569163700602823170e+06 9.300786766328774393e+05 3.425011383479250222e+07 -2.876016273883387912e+06 2.415923909467215184e+06 -7.851486575046625221e+05 2.846436428948427085e+06 -4.236920775979878817e+04 -1.625293839102646569e+06 1.369345113292801660e+06 1.486788220755933085e+06
4.488574921329562552e+06 2.062585904050375149e+07 5.140852068029217422e+06 1.048846085868524853e+06 1.015217134595759213e+06 4.361948497807857348e+05 -1.148268081549804192e+06 5.198156741312124068e+05 8.885573285678195534e+05 -8.554190647857559845e+06 -1.136521247615811648e+06 -9.645211981926582521e+05 4.440504745623707277e+04 -7.219832413916989462e+05 -2.168241415465155151e+06 -1.513879014657597756e+06 7.138917419369224226e+05 -1.658333276899126649e+05
4.492386990984536707e+06 5.140852068029217422e+06 5.083431993717519566e+06 8.744235726198377088e+05 7.952554579177267151e+05 -3.584758705473059672e+05 -2.809078857105792267e+05 2.433817445736230875e+05 3.329361458166345838e+05 1.336338252701947652e+07 3.076596127884098794e+06 2.798949648188191000e+06 8.609121427382952534e+05 6.112470631747958549e+01 -1.519561877995101502e+06 -1.103299642479396192e+06 7.638603295665299811e+04 -7.793389152376742277e+04
1.094009553936044103e+05 1.048846085868524853e+06 8.744235726198377088e+05 2.802293846530100331e+06 2.578545570534431608e+05 1.327342983331702271e+04 -5.302290836803152924e+05 -3.756005808261826169e+05 -9.713594849373877514e+04 -8.219571150027541444e+06 -1.606397728792444803e+06 -8.160868564532232704e+05 1.332266084389598807e+06 2.270201556182591885e+05 -4.881167153992023668e+05 -6.588124305594981415e+05 -3.418692243005430209e+05 -2.290376496940097713e+05
8.514481834372556768e+05 1.015217134595759213e+06 7.952554579177267151e+05 2.578545570534431608e+05 9.056919734476645244e+05 2.439604116435609285e+03 -1.231538679343343938e+04 1.195439400593807222e+05 7.873157705586949305e+04 3.437940157730115578e+06 -1.217898854202508228e+06 1.282265137720394647e+06 8.295012241713230032e+05 6.357427193597260630e+05 -1.730340572929260379e+05 -3.972581262881639996e+05 1.810538487811100640e+04 7.092468393927410943e+04
2.475647768220737053e+05 4.361948497807857348e+05 -3.584758705473059672e+05 1.327342983331702271e+04 2.439604116435609285e+03 4.804471497242036858e+05 4.350411242632149515e+04 1.221295133660928514e+03 6.715970233404048486e+04 -2.714948124447812792e+06 -6.152304504064507782e+05 -9.108824159756861627e+04 -4.179970895982227521e+05 -2.237777340019686089e+05 3.311622950497638667e+05 -6.864270977210720594e+04 7.357562529421004001e+04 -6.694662758449598914e+04
3.339477520559806726e+05 -1.148268081549804192e+06 -2.809078857105792267e+05 -5.302290836803152924e+05 -1.231538679343343938e+04 4.350411242632149515e+04 3.751894185379182454e+05 8.656905955726071261e+04 1.053324948627481535e+04 2.591696053100836463e+06 1.302441982330885949e+06 -2.009352042285736243e+05 -1.872743458866896108e+05 2.490435995115127007e+05 3.965345074494959554e+05 4.113890111082409858e+05 7.658175148937632912e+04 6.861943293647878454e+04
1.569163700602823170e+06 5.198156741312124068e+05 2.433817445736230875e+05 -3.756005808261826169e+05 1.195439400593807222e+05 1.221295133660928514e+03 8.656905955726071261e+04 2.999976833434394794e+05 1.220559971045866405e+05 1.204470866061945911e+06 -1.527822034559621941e+06 -4.562366147128542652e+05 -4.576106308181557106e+05 5.857624179243522231e+05 2.042811064292552765e+05 9.764700442322979507e+04 1.675742992783594236e+05 1.666740430735492846e+05
9.300786766328774393e+05 8.885573285678195534e+05 3.329361458166345838e+05 -9.713594849373877514e+04 7.873157705586949305e+04 6.715970233404048486e+04 1.053324948627481535e+04 1.220559971045866405e+05 1.391561673007821082e+05 4.780293472140617669e+05 -6.279341695308667840e+05 1.790284212649974215e+05 -2.476966181529530731e+05 9.357142167525696277e+04 -9.820613562739607005e+03 -3.545596693117903487e+04 4.380899501785228495e+04 9.303083100955943519e+04
3.425011383479250222e+07 -8.554190647857559845e+06 1.336338252701947652e+07 -8.219571150027541444e+06 3.437940157730115578e+06 -2.714948124447812792e+06 2.591696053100836463e+06 1.204470866061945911e+06 4.780293472140617669e+05 3.508590833978995085e+08 2.540639645396663621e+07 2.516148003411968425e+07 1.871215022653750703e+07 -1.037016379873099178e+07 3.850647370038222562e+03 -4.921890210027118213e+06 1.717247610633659875e+06 1.297535274559322046e+06
-2.876016273883387912e+06 -1.136521247615811648e+06 3.076596127884098794e+06 -1.606397728792444803e+06 -1.217898854202508228e+06 -6.152304504064507782e+05 1.302441982330885949e+06 -1.527822034559621941e+06 -6.279341695308667840e+05 2.540639645396663621e+07 6.070275760197745264e+07 1.036139204352969863e+07 1.022016011880797218e+06 -2.587991484949131496e+06 -3.484753339992438443e+06 1.814217704440413276e+06 -1.119423419681342551e+06 -1.588508127724472200e+06
2.415923909467215184e+06 -9.645211981926582521e+05 2.798949648188191000e+06 -8.160868564532232704e+05 1.282265137720394647e+06 -9.108824159756861627e+04 -2.009352042285736243e+05 -4.562366147128542652e+05 1.790284212649974215e+05 2.516148003411968425e+07 1.036139204352969863e+07 2.689080701169353351e+07 3.803869313204485457e+06 -2.549184387550330255e+06 -4.922472571946294047e+05 -1.084991552784189116e+06 -6.425118102422370575e+05 7.599715442964286194e+04
-7.851486575046625221e+05 4.440504745623707277e+04 8.609121427382952534e+05 1.332266084389598807e+06 8.295012241713230032e+05 -4.179970895982227521e+05 -1.872743458866896108e+05 -4.576106308181557106e+05 -2.476966181529530731e+05 1.871215022653750703e+07 1.022016011880797218e+06 3.803869313204485457e+06 7.739293592236815020e+06 -4.149426183863917249e+05 -1.498180290539991576e+06 -1.683294118438511621e+06 -3.930860491963559180e+05 -1.517643203671847587e+05
2.846436428948427085e+06 -7.219832413916989462e+05 6.112470631747958549e+01 2.270201556182591885e+05 6.357427193597260630e+05 -2.237777340019686089e+05 2.490435995115127007e+05 5.857624179243522231e+05 9.357142167525696277e+04 -1.037016379873099178e+07 -2.587991484949131496e+06 -2.549184387550330255e+06 -4.149426183863917249e+05 4.180534926451386884e+06 1.246213249726442446e+05 1.402814756943164975e+05 2.592071081015921081e+05 5.721227231776908739e+05
-4.236920775979878817e+04 -2.168241415465155151e+06 -1.519561877995101502e+06 -4.881167153992023668e+05 -1.730340572929260379e+05 3.311622950497638667e+05 3.965345074494959554e+05 2.042811064292552765e+05 -9.820613562739607005e+03 3.850647370038222562e+03 -3.484753339992438443e+06 -4.922472571946294047e+05 -1.498180290539991576e+06 1.246213249726442446e+05 3.817633063518673647e+06 1.087860998070348753e+06 7.826126585922548547e+05 3.876059909831853001e+05
-1.625293839102646569e+06 -1.513879014657597756e+06 -1.103299642479396192e+06 -6.588124305594981415e+05 -3.972581262881639996e+05 -6.864270977210720594e+04 4.113890111082409858e+05 9.764700442322979507e+04 -3.545596693117903487e+04 -4.921890210027118213e+06 1.814217704440413276e+06 -1.084991552784189116e+06 -1.683294118438511621e+06 1.402814756943164975e+05 1.087860998070348753e+06 2.009908883267152589e+06 1.680272122742442298e+04 2.443204744613976800e+05
1.369345113292801660e+06 7.138917419369224226e+05 7.638603295665299811e+04 -3.418692243005430209e+05 1.810538487811100640e+04 7.357562529421004001e+04 7.658175148937632912e+04 1.675742992783594236e+05 4.380899501785228495e+04 1.717247610633659875e+06 -1.119423419681342551e+06 -6.425118102422370575e+05 -3.930860491963559180e+05 2.592071081015921081e+05 7.826126585922548547e+05 1.680272122742442298e+04 5.372952351332016988e+05 1.371763157276034763e+05
1.486788220755933085e+06 -1.658333276899126649e+05 -7.793389152376742277e+04 -2.290376496940097713e+05 7.092468393927410943e+04 -6.694662758449598914e+04 6.861943293647878454e+04 1.666740430735492846e+05 9.303083100955943519e+04 1.297535274559322046e+06 -1.588508127724472200e+06 7.599715442964286194e+04 -1.517643203671847587e+05 5.721227231776908739e+05 3.876059909831853001e+05 2.443204744613976800e+05 1.371763157276034763e+05 4.445363941387665109e+05
