3.944286787359655648e+07 4.319210539822116494e+06 2.172853005471645854e+06 2.027947124662909657e+06 -3.199787637196166441e+06 -1.340978564328012755e+06 3.687317307507564692e+04 5.807765604314031079e+05 -2.930166508763434249e+05 -3.009350667559219874e+05 5.472785487151642330e+06 3.494560984229234047e+06 3.015960002844847040e+05 -2.481366921173941810e+06 3.030629001970471581e+05 -1.584565538324517664e+06 5.055850146726076673e+03 9.164504009152004728e+05
4.319210539822116494e+06 1.187232653656503931e+07 1.932635445080074016e+06 -1.274060978202621627e+05 -4.820605381262343726e+05 5.484480509339388227e+05 -3.321873370351410122e+05 -5.827891970715663774e+03 -1.519592086524873157e+05 4.587203030480099842e+06 -5.506356604823680827e+05 2.592718619686114602e+06 4.644341751084020361e+06 2.093770677422090666e+06 2.168830450509495568e+06 -1.935502835485500982e+05 2.525847152754188282e+05 -4.712491818672714289e+05
2.172853005471645854e+06 1.932635445080074016e+06 5.360274437292511575e+06 -5.661362938778540120e+05 1.001324446136070765e+05 2.820244058834281750e+05 3.806193660904120188e+05 6.359559122280116426e+05 -1.615880998156690621e+05 4.686536270593717694e+06 3.416905919072785880e+06 5.019567374398907996e+05 3.046867831134505104e+04 -4.833301723489101278e+05 -1.702260297136374575e+05 8.016103666489444440e+05 1.469178012631970458e+06 -3.187376361693583895e+05
2.027947124662909657e+06 -1.274060978202621627e+05 -5.661362938778540120e+05 1.208867672584263608e+06 -2.370588618152483250e+05 -1.476358371271053329e+05 -6.114530827232450247e+04 8.041186797794267477e+04 1.007020609707979565e+04 -3.353361971758825704e+06 1.802044744539403589e+06 -1.593684145711649442e+06 4.676689839481202071e+05 2.741359727602177300e+05 2.932501362975852098e+05 7.431669941054141964e+04 -3.027209926760183298e+05 1.002748612931616226e+05
-3.199787637196166441e+06 -4.820605381262343726e+05 1.001324446136070765e+05 -2.370588618152483250e+05 1.876743288289337419e+06 3.197841733435614151e+05 4.653356818759211455e+04 2.626322197950055852e+04 -9.343525737529087564e+03 1.998170896189011866e+06 -1.190479179302978329e+06 -2.605507332485714462e+06 -2.369859303911313182e+05 1.287503804219951598e+04 9.431588231508022000e+04 1.082925659410921071e+05 -1.985725132485314316e+04 6.635330495129767314e+01
-1.340978564328012755e+06 5.484480509339388227e+05 2.820244058834281750e+05 -1.476358371271053329e+05 3.197841733435614151e+05 6.046816628305455670e+05 -4.010316215575127717e+04 3.031541084686453905e+04 6.054749522180211352e+04 3.427880229905713350e+06 -3.596354748905266752e+05 -7.264561483588037081e+05 6.740503587536412524e+05 1.299230759918110853e+05 4.996841867350873654e+05 -2.194739526463064249e+05 -1.046352813688081078e+05 -1.612423450888616499e+05
3.687317307507564692e+04 -3.321873370351410122e+05 3.806193660904120188e+05 -6.114530827232450247e+04 4.653356818759211455e+04 -4.010316215575127717e+04 3.109628873177040368e+05 5.421559408623863419e+04 -2.777281941273134362e+04 -2.291545582839390729e+06 5.455090173141490668e+05 -6.301663673327548895e+04 3.784928868957863306e+05 -9.707524697055933939e+04 3.766085126123316149e+04 1.048176412448375195e+05 1.152696662130609038e+05 8.193148816164127493e+04
5.807765604314031079e+05 -5.827891970715663774e+03 6.359559122280116426e+05 8.041186797794267477e+04 2.626322197950055852e+04 3.031541084686453905e+04 5.421559408623863419e+04 1.945621677369105164e+05 4.046590928065777553e+04 3.628032246194065083e+05 9.973507775463438593e+05 4.809899646307608782e+04 -2.795149807516821311e+05 9.175953112923463050e+04 4.469824322289737029e+04 1.075534730769837915e+04 2.050502764863904158e+05 -6.731581337787574739e+04
-2.930166508763434249e+05 -1.519592086524873157e+05 -1.615880998156690621e+05 1.007020609707979565e+04 -9.343525737529087564e+03 6.054749522180211352e+04 -2.777281941273134362e+04 4.046590928065777553e+04 1.210573672035472555e+05 -4.078341761899300618e+05 -2.210604597138976678e+05 9.778953249068221339e+03 -2.952057970456711482e+05 2.381841858637078258e+04 1.227849162735749123e+05 -5.687555398627976683e+04 5.038293483841657871e+04 1.786928161769334110e+04
-3.009350667559219874e+05 4.587203030480099842e+06 4.686536270593717694e+06 -3.353361971758825704e+06 1.998170896189011866e+06 3.427880229905713350e+06 -2.291545582839390729e+06 3.628032246194065083e+05 -4.078341761899300618e+05 2.755666211889959574e+08 -9.136460134651966393e+06 4.932408952461797744e+06 3.458141758829061873e+06 6.766787472381761763e+05 -2.378626386149415281e+06 -1.056874186024633981e+07 -3.579093338629795238e+06 9.355082804802597966e+05
5.472785487151642330e+06 -5.506356604823680827e+05 3.416905919072785880e+06 1.802044744539403589e+06 -1.190479179302978329e+06 -3.596354748905266752e+05 5.455090173141490668e+05 9.973507775463438593e+05 -2.210604597138976678e+05 -9.136460134651966393e+06 5.513244260077760369e+07 9.273126319905461743e+06 3.795893651365864556e+06 1.499759194575468428e+05 -2.212217843856080435e+06 -2.059223536582804751e+06 4.272426201408640482e+05 3.324489278262779117e+05
3.494560984229234047e+06 2.592718619686114602e+06 5.019567374398907996e+05 -1.593684145711649442e+06 -2.605507332485714462e+06 -7.264561483588037081e+05 -6.301663673327548895e+04 4.809899646307608782e+04 9.778953249068221339e+03 4.932408952461797744e+06 9.273126319905461743e+06 2.097730212832586095e+07 8.163735313513354631e+05 4.634637236788494047e+05 -2.509380033073638566e+06 -4.662705866035159561e+05 -3.851114858257818269e+05 -5.808297829478016356e+05
3.015960002844847040e+05 4.644341751084020361e+06 3.046867831134505104e+04 4.676689839481202071e+05 -2.369859303911313182e+05 6.740503587536412524e+05 3.784928868957863306e+05 -2.795149807516821311e+05 -2.952057970456711482e+05 3.458141758829061873e+06 3.795893651365864556e+06 8.163735313513354631e+05 9.579036126397097483e+06 1.318962149746418698e+06 2.605275742044244893e+06 -1.906902365863622254e+04 -9.687500483293954749e+05 5.111221120242930920e+04
-2.481366921173941810e+06 2.093770677422090666e+06 -4.833301723489101278e+05 2.741359727602177300e+05 1.287503804219951598e+04 1.299230759918110853e+05 -9.707524697055933939e+04 9.175953112923463050e+04 2.381841858637078258e+04 6.766787472381761763e+05 1.499759194575468428e+05 4.634637236788494047e+05 1.318962149746418698e+06 3.796335337231183890e+06 1.842181863005369203e+06 1.020455429717490799e+06 9.563604901871211769e+04 -3.624544953156896518e+05
3.030629001970471581e+05 2.168830450509495568e+06 -1.702260297136374575e+05 2.932501362975852098e+05 9.431588231508022000e+04 4.996841867350873654e+05 3.766085126123316149e+04 4.469824322289737029e+04 1.227849162735749123e+05 -2.378626386149415281e+06 -2.212217843856080435e+06 -2.509380033073638566e+06 2.605275742044244893e+06 1.842181863005369203e+06 3.867415789746498223e+06 2.795707155995416106e+05 -2.566989274237625941e+05 -3.971837629035171703e+05
-1.584565538324517664e+06 -1.935502835485500982e+05 8.016103666489444440e+05 7.431669941054141964e+04 1.082925659410921071e+05 -2.194739526463064249e+05 1.048176412448375195e+05 1.075534730769837915e+04 -5.687555398627976683e+04 -1.056874186024633981e+07 -2.059223536582804751e+06 -4.662705866035159561e+05 -1.906902365863622254e+04 1.020455429717490799e+06 2.795707155995416106e+05 3.217908497731097974e+06 7.584106867330336245e+05 -1.601087992268663947e+05
5.055850146726076673e+03 2.525847152754188282e+05 1.469178012631970458e+06 -3.027209926760183298e+05 -1.985725132485314316e+04 -1.046352813688081078e+05 1.152696662130609038e+05 2.050502764863904158e+05 5.038293483841657871e+04 -3.579093338629795238e+06 4.272426201408640482e+05 -3.851114858257818269e+05 -9.687500483293954749e+05 9.563604901871211769e+04 -2.566989274237625941e+05 7.584106867330336245e+05 1.075197887770476518e+06 5.352454196160034189e+04
9.164504009152004728e+05 -4.712491818672714289e+05 -3.187376361693583895e+05 1.002748612931616226e+05 6.635330495129767314e+01 -1.612423450888616499e+05 8.193148816164127493e+04 -6.731581337787574739e+04 1.786928161769334110e+04 9.355082804802597966e+05 3.324489278262779117e+05 -5.808297829478016356e+05 5.111221120242930920e+04 -3.624544953156896518e+05 -3.971837629035171703e+05 -1.601087992268663947e+05 5.352454196160034189e+04 4.436606724378402578e+05
