5.799413594563566148e+07 8.349809787735668011e+06 5.054768000909229741e+05 -9.532914244301882572e+05 1.996074482666222320e+05 -2.163305492041533813e+06 -3.474275547924666316e+05 -4.551543051821949193e+05 -1.203523587055521639e+05 6.077932038453032821e+07 1.111200827233523317e+07 9.157701550939390436e+06 4.555893001865742728e+06 3.272512037567523308e+06 2.103063825591961853e+06 -1.831066957898614462e+06 -5.510757227493751561e+05 7.608670846682339907e+05
8.349809787735668011e+06 1.205945033465220407e+07 4.019092517401485238e+05 -1.815687746372088804e+04 1.262168758848720696e+06 3.532755191980440286e+05 6.984593831477600615e+05 2.444096874610570376e+05 -5.627085077335143433e+04 1.552128892314222828e+07 4.664536169555307366e+06 2.499552159275628801e+05 3.730325676046271808e+06 1.980639460256050806e+06 -9.427250694336050656e+05 -1.578138395758631639e+06 6.480455548368729651e+05 -3.135486910582112032e+05
5.054768000909229741e+05 4.019092517401485238e+05 2.568427345622767694e+06 3.718158820070283255e+05 5.349105109295446164e+04 2.514780603064977622e+05 8.002396501118394372e+04 8.356087116010414320e+04 -1.213396298163441534e+05 -3.903441918557599653e+06 5.882344328296100721e+05 4.680948047141864896e+06 1.550802838907403406e+06 -3.490912498443900840e+05 1.113364356210528407e+06 -1.330550852406279009e+05 -1.254832754968154331e+05 -9.616903249785330263e+04
-9.532914244301882572e+05 -1.815687746372088804e+04 3.718158820070283255e+05 1.861428218294980470e+06 4.581353711345758638e+05 2.282856633412787414e+04 1.921959374441835389e+05 1.929929660939062305e+05 1.352259622400832304e+05 -3.428548252992072608e+06 -6.748057919790846063e+05 9.457952761465423973e+05 1.626276053637177974e+05 -1.104838689982858719e+06 8.575086627676599892e+05 2.877023516512685455e+05 -2.585315510318466986e+05 -2.406682243628185461e+04
1.996074482666222320e+05 1.262168758848720696e+06 5.349105109295446164e+04 4.581353711345758638e+05 8.880773004589888733e+05 8.963294250060516060e+04 2.099211477911114634e+05 1.078324235256457760e+05 1.099470364764757978e+05 -2.257038633196149953e+06 6.969712371995212743e+05 7.472961337719113799e+05 6.302256691835741512e+05 8.246392743727039488e+04 3.468431503863260732e+05 -4.137078223774532671e+05 -1.509432017178932147e+05 -2.691235498433872708e+05
-2.163305492041533813e+06 3.532755191980440286e+05 2.514780603064977622e+05 2.282856633412787414e+04 8.963294250060516060e+04 5.735389539928826271e+05 1.256020576375130622e+05 9.319499787563925202e+04 1.495054618358311709e+05 -3.762285291794894729e+06 9.335730056689270714e+04 7.173345085628512315e+05 6.816619219088458922e+05 -6.097438181823373307e+05 1.285009417658046732e+05 2.963134012057655491e+05 -9.620127823737684230e+04 2.551547147905099337e+04
-3.474275547924666316e+05 6.984593831477600615e+05 8.002396501118394372e+04 1.921959374441835389e+05 2.099211477911114634e+05 1.256020576375130622e+05 2.666546221294290153e+05 4.274944807736413350e+04 5.070361489435471594e+04 1.591141077910573222e+06 -1.035889387535889982e+05 8.715972036373059382e+04 2.761353942386044073e+05 -1.711129669644933892e+05 2.321658924061496800e+05 8.835598037612924236e+04 5.138710118866416451e+04 6.811033275595463238e+03
-4.551543051821949193e+05 2.444096874610570376e+05 8.356087116010414320e+04 1.929929660939062305e+05 1.078324235256457760e+05 9.319499787563925202e+04 4.274944807736413350e+04 9.704754845703217143e+04 4.270415250296806335e+04 -7.827362916840270627e+05 -3.763919629345493740e+05 2.029277007605741092e+05 2.564944114439699915e+05 -5.399989418048389052e+04 1.567362794912855315e+05 1.182675751427738433e+05 1.257509988660007184e+04 1.735804799791150799e+03
-1.203523587055521639e+05 -5.627085077335143433e+04 -1.213396298163441534e+05 1.352259622400832304e+05 1.099470364764757978e+05 1.495054618358311709e+05 5.070361489435471594e+04 4.270415250296806335e+04 2.043866740587908425e+05 -2.605606892056361539e+05 4.793799817635713262e+05 6.369475553617218975e+05 1.365781444964291004e+05 -3.858822046078981948e+05 2.508384925603476295e+05 2.227018281804376165e+05 -1.264337977291354619e+05 9.965109400200835080e+04
6.077932038453032821e+07 1.552128892314222828e+07 -3.903441918557599653e+06 -3.428548252992072608e+06 -2.257038633196149953e+06 -3.762285291794894729e+06 1.591141077910573222e+06 -7.827362916840270627e+05 -2.605606892056361539e+05 2.294890056875800490e+08 -1.249176318420070596e+07 -8.934494423753658310e+06 6.609751407280692831e+06 1.124645195446126536e+07 9.066381928295861930e+06 1.063095805438095005e+06 -7.413329429914512439e+05 1.193938468349887058e+06
1.111200827233523317e+07 4.664536169555307366e+06 5.882344328296100721e+05 -6.748057919790846063e+05 6.969712371995212743e+05 9.335730056689270714e+04 -1.035889387535889982e+05 -3.763919629345493740e+05 4.793799817635713262e+05 -1.249176318420070596e+07 7.319834596331666410e+07 2.951515058750179410e+07 8.222058414602882229e+06 4.665992881692933850e+06 -4.564916914833536721e+05 -3.310858488764016889e+06 4.851254138000657549e+05 3.000442356777956244e+06
9.157701550939390436e+06 2.499552159275628801e+05 4.680948047141864896e+06 9.457952761465423973e+05 7.472961337719113799e+05 7.173345085628512315e+05 8.715972036373059382e+04 2.029277007605741092e+05 6.369475553617218975e+05 -8.934494423753658310e+06 2.951515058750179410e+07 3.142536783542070165e+07 6.164121595620914362e+06 -5.943379278584338026e+05 4.181458108224299736e+06 6.976527303995731054e+05 -2.203639016879111878e+05 1.330035487464322709e+06
4.555893001865742728e+06 3.730325676046271808e+06 1.550802838907403406e+06 1.626276053637177974e+05 6.302256691835741512e+05 6.816619219088458922e+05 2.761353942386044073e+05 2.564944114439699915e+05 1.365781444964291004e+05 6.609751407280692831e+06 8.222058414602882229e+06 6.164121595620914362e+06 8.069300230418434367e+06 1.311023323309527244e+06 3.014683905492934864e+06 2.305079394080230268e+05 -1.128351688985186593e+04 3.579273005912016961e+05
3.272512037567523308e+06 1.980639460256050806e+06 -3.490912498443900840e+05 -1.104838689982858719e+06 8.246392743727039488e+04 -6.097438181823373307e+05 -1.711129669644933892e+05 -5.399989418048389052e+04 -3.858822046078981948e+05 1.124645195446126536e+07 4.665992881692933850e+06 -5.943379278584338026e+05 1.311023323309527244e+06 5.081961565895058215e+06 -1.123677083311288879e+05 -1.286945959423756227e+06 3.307202913722695666e+05 6.385997054396787280e+04
2.103063825591961853e+06 -9.427250694336050656e+05 1.113364356210528407e+06 8.575086627676599892e+05 3.468431503863260732e+05 1.285009417658046732e+05 2.321658924061496800e+05 1.567362794912855315e+05 2.508384925603476295e+05 9.066381928295861930e+06 -4.564916914833536721e+05 4.181458108224299736e+06 3.014683905492934864e+06 -1.123677083311288879e+05 3.715946838726012502e+06 9.803143390462270472e+05 -3.071049211347448872e+05 6.737286873524708790e+04
-1.831066957898614462e+06 -1.578138395758631639e+06 -1.330550852406279009e+05 2.877023516512685455e+05 -4.137078223774532671e+05 2.963134012057655491e+05 8.835598037612924236e+04 1.182675751427738433e+05 2.227018281804376165e+05 1.063095805438095005e+06 -3.310858488764016889e+06 6.976527303995731054e+05 2.305079394080230268e+05 -1.286945959423756227e+06 9.803143390462270472e+05 2.183642365456764586e+06 6.584780261877096564e+03 2.213237801552356905e+04
-5.510757227493751561e+05 6.480455548368729651e+05 -1.254832754968154331e+05 -2.585315510318466986e+05 -1.509432017178932147e+05 -9.620127823737684230e+04 5.138710118866416451e+04 1.257509988660007184e+04 -1.264337977291354619e+05 -7.413329429914512439e+05 4.851254138000657549e+05 -2.203639016879111878e+05 -1.128351688985186593e+04 3.307202913722695666e+05 -3.071049211347448872e+05 6.584780261877096564e+03 7.945969494353599148e+05 8.174687802104071307e+04
7.608670846682339907e+05 -3.135486910582112032e+05 -9.616903249785330263e+04 -2.406682243628185461e+04 -2.691235498433872708e+05 2.551547147905099337e+04 6.811033275595463238e+03 1.735804799791150799e+03 9.965109400200835080e+04 1.193938468349887058e+06 3.000442356777956244e+06 1.330035487464322709e+06 3.579273005912016961e+05 6.385997054396787280e+04 6.737286873524708790e+04 2.213237801552356905e+04 8.174687802104071307e+04 7.071801491772755980e+05
