4.311570597558951378e+07 4.432075239820729941e+06 2.900860798671829980e+06 -1.734035847681961022e+06 -1.604153846318991564e+05 5.440198094957121648e+05 1.436033196460521547e+06 4.492185483226948418e+05 5.256631347664759232e+04 7.035864735551529564e+06 8.482645048837879673e+06 5.765256808710147627e+06 1.792100749969508033e+06 6.033975892170591280e+06 4.856443199591389857e+06 3.124249744144713506e+06 -8.831256993826785765e+04 -8.732258733582956484e+05
4.432075239820729941e+06 1.821037416076750308e+07 4.832430783799177734e+05 -1.233192822974784765e+06 4.974683151443644892e+05 7.657423270240215352e+05 6.395337230839559343e+05 5.255635064807916060e+05 -2.388833692573560402e+05 -1.808745873787057772e+07 2.454713534032526426e+06 3.604561851291167084e+06 -5.724661054837503470e+05 -1.597997732197682373e+06 8.439836382700785762e+05 1.126983284174379893e+06 1.898091056576686911e+06 -4.207519621223455179e+05
2.900860798671829980e+06 4.832430783799177734e+05 2.633639943038650323e+06 9.116831226978731866e+04 -2.085347850594211195e+05 -4.708588804919732502e+05 2.388491174280169362e+05 1.028400131007814780e+05 3.378311502542766539e+04 1.674164135788545711e+06 4.026762134222433437e+06 1.640851068294513039e+06 -1.201114767919741571e+05 -8.776227749843933852e+05 -1.542229448789573275e+06 -1.334466172047029715e+06 -3.220583389262671117e+05 -1.890967112112352916e+05
-1.734035847681961022e+06 -1.233192822974784765e+06 9.116831226978731866e+04 2.151437856232493185e+06 6.802269643527586595e+04 1.499079199212289823e+05 3.402789802572821645e+04 5.840330557323227549e+04 -3.251314238039571137e+04 -1.749458814962291159e+06 -2.637476564453428611e+06 -7.998304140193081694e+05 2.466339527393198572e+06 8.984712751130353427e+05 -6.530118158537532436e+05 -7.912455664734521415e+05 -5.759493179454854690e+05 2.633875620901222283e+04
-1.604153846318991564e+05 4.974683151443644892e+05 -2.085347850594211195e+05 6.802269643527586595e+04 9.748731390185579658e+05 4.359923459014425753e+05 1.635837182726173160e+04 2.717578175641453345e+04 4.685080555041021580e+04 3.400311168709074613e+06 -1.088574484883511672e+06 3.675767528957075556e+05 -3.942051146089818212e+05 1.661294793030396977e+05 -3.844905618051399506e+04 3.705310124011907028e+05 1.709184277114216820e+05 -9.998468908212274255e+04
5.440198094957121648e+05 7.657423270240215352e+05 -4.708588804919732502e+05 1.499079199212289823e+05 4.359923459014425753e+05 8.382500857827613363e+05 -2.218116478676652332e+04 9.819932930234605010e+03 -3.151093359492143645e+04 -3.443998428248698474e+05 -3.012352340589681175e+06 1.089611733225807780e+06 -2.448953648081892752e+05 -1.172500554422816349e+05 5.475853123555741040e+05 2.830705328823070740e+05 2.496947612224897020e+05 1.014827517600419087e+05
1.436033196460521547e+06 6.395337230839559343e+05 2.388491174280169362e+05 3.402789802572821645e+04 1.635837182726173160e+04 -2.218116478676652332e+04 3.164881421100693406e+05 9.096214253484620713e+04 5.378918637291959021e+04 2.625896188964001834e+06 -3.613181860701172263e+05 7.576451346966502024e+05 4.220261146578723856e+04 -2.839274119401025237e+05 -1.338938593707357068e+05 -5.760955156009360508e+03 -3.371105099562565738e+04 4.562315886444452190e+04
4.492185483226948418e+05 5.255635064807916060e+05 1.028400131007814780e+05 5.840330557323227549e+04 2.717578175641453345e+04 9.819932930234605010e+03 9.096214253484620713e+04 2.041040469747184834e+05 9.110412656329058518e+04 3.630795970587673364e+05 3.727522818191945553e+05 2.873989282665074570e+05 4.998235906000280520e+05 1.175865700166611059e+05 -2.422558118489506523e+04 1.225315039259876212e+05 2.170882453444140847e+05 5.578674907046465523e+04
5.256631347664759232e+04 -2.388833692573560402e+05 3.378311502542766539e+04 -3.251314238039571137e+04 4.685080555041021580e+04 -3.151093359492143645e+04 5.378918637291959021e+04 9.110412656329058518e+04 1.085182572761507181e+05 1.687898514295817353e+06 -3.765923424186581542e+04 -1.133802443001772626e+05 6.927963903095888963e+04 1.318753639196796576e+05 -7.134321561783531797e+04 -2.713048097343117320e+02 5.042455460912747367e+04 2.685231569458884769e+04
7.035864735551529564e+06 -1.808745873787057772e+07 1.674164135788545711e+06 -1.749458814962291159e+06 3.400311168709074613e+06 -3.443998428248698474e+05 2.625896188964001834e+06 3.630795970587673364e+05 1.687898514295817353e+06 1.804043689561814368e+08 1.366471299332408048e+07 -2.919169646458983887e+06 -5.890250810229361989e+06 6.624801885235679802e+05 -8.599551760720259044e+05 1.335786093099858379e+06 1.561380656787537737e+06 8.531701611816014629e+05
8.482645048837879673e+06 2.454713534032526426e+06 4.026762134222433437e+06 -2.637476564453428611e+06 -1.088574484883511672e+06 -3.012352340589681175e+06 -3.613181860701172263e+05 3.727522818191945553e+05 -3.765923424186581542e+04 1.366471299332408048e+07 1.201038829170355201e+08 -3.788830627583159134e+06 -2.702988073985594790e+06 1.030917389650866576e+07 -8.730111702622304438e+05 -3.129663905426696874e+05 -2.221194405463416770e+05 -1.905060788888509269e+05
5.765256808710147627e+06 3.604561851291167084e+06 1.640851068294513039e+06 -7.998304140193081694e+05 3.675767528957075556e+05 1.089611733225807780e+06 7.576451346966502024e+05 2.873989282665074570e+05 -1.133802443001772626e+05 -2.919169646458983887e+06 -3.788830627583159134e+06 1.625216941985441558e+07 -1.594415700621686876e+06 -1.660938157344098901e+06 -5.912345351727845846e+05 1.656426381672919961e+06 7.202259467922274489e+05 1.182732790409758454e+06
1.792100749969508033e+06 -5.724661054837503470e+05 -1.201114767919741571e+05 2.466339527393198572e+06 -3.942051146089818212e+05 -2.448953648081892752e+05 4.220261146578723856e+04 4.998235906000280520e+05 6.927963903095888963e+04 -5.890250810229361989e+06 -2.702988073985594790e+06 -1.594415700621686876e+06 1.240482649211794697e+07 3.866805849895287305e+06 -6.999313802919327281e+05 1.600017661095243413e+06 3.482650790770117892e+05 -5.464757258947383380e+05
6.033975892170591280e+06 -1.597997732197682373e+06 -8.776227749843933852e+05 8.984712751130353427e+05 1.661294793030396977e+05 -1.172500554422816349e+05 -2.839274119401025237e+05 1.175865700166611059e+05 1.318753639196796576e+05 6.624801885235679802e+05 1.030917389650866576e+07 -1.660938157344098901e+06 3.866805849895287305e+06 6.946881652536279522e+06 1.062763665503195953e+06 1.938689069733651355e+06 2.773940267713699141e+05 -4.010580980748214060e+05
4.856443199591389857e+06 8.439836382700785762e+05 -1.542229448789573275e+06 -6.530118158537532436e+05 -3.844905618051399506e+04 5.475853123555741040e+05 -1.338938593707357068e+05 -2.422558118489506523e+04 -7.134321561783531797e+04 -8.599551760720259044e+05 -8.730111702622304438e+05 -5.912345351727845846e+05 -6.999313802919327281e+05 1.062763665503195953e+06 3.565756589024622925e+06 1.257145219359830255e+06 3.846300170494245831e+05 1.594092439770413912e+05
3.124249744144713506e+06 1.126983284174379893e+06 -1.334466172047029715e+06 -7.912455664734521415e+05 3.705310124011907028e+05 2.830705328823070740e+05 -5.760955156009360508e+03 1.225315039259876212e+05 -2.713048097343117320e+02 1.335786093099858379e+06 -3.129663905426696874e+05 1.656426381672919961e+06 1.600017661095243413e+06 1.938689069733651355e+06 1.257145219359830255e+06 2.906706863714586012e+06 7.088830468368121656e+05 7.202394480848163948e+04
-8.831256993826785765e+04 1.898091056576686911e+06 -3.220583389262671117e+05 -5.759493179454854690e+05 1.709184277114216820e+05 2.496947612224897020e+05 -3.371105099562565738e+04 2.170882453444140847e+05 5.042455460912747367e+04 1.561380656787537737e+06 -2.221194405463416770e+05 7.202259467922274489e+05 3.482650790770117892e+05 2.773940267713699141e+05 3.846300170494245831e+05 7.088830468368121656e+05 1.175163778185654432e+06 4.920418096393471205e+04
-8.732258733582956484e+05 -4.207519621223455179e+05 -1.890967112112352916e+05 2.633875620901222283e+04 -9.998468908212274255e+04 1.014827517600419087e+05 4.562315886444452190e+04 5.578674907046465523e+04 2.685231569458884769e+04 8.531701611816014629e+05 -1.905060788888509269e+05 1.182732790409758454e+06 -5.464757258947383380e+05 -4.010580980748214060e+05 1.594092439770413912e+05 7.202394480848163948e+04 4.920418096393471205e+04 5.829708617738246685e+05
