4.287867234088461846e+07 -1.213433215051290812e+06 -2.045647944347515237e+06 -2.698564235962990206e+06 3.945985628713002661e+05 1.133217735428653890e+06 3.244258902939996915e+05 -8.032656151568939094e+04 -6.306253260047412477e+05 4.011362933109474182e+07 9.654462622380275279e+06 1.167692195790895447e+07 3.012551897092970903e+05 -1.672498362215897534e+06 1.058512579289541347e+06 3.187211961736496072e+06 2.253437751556308474e+06 -2.600227692590746447e+05
-1.213433215051290812e+06 1.462219552760417759e+07 -1.167715893561424600e+05 3.574299181925190496e+05 1.135355977702896635e+05 3.319927100681400625e+05 1.262204715826343308e+05 1.691897618549322651e+05 3.489878788762008189e+05 -6.624294277169128181e+05 1.061853679916747287e+07 -4.589747199710762128e+06 8.972776323999261949e+05 -2.437400193934649229e+06 -1.946552349484629463e+06 1.378754098276520846e+06 1.103358067767908797e+06 -9.530342330100697291e+04
-2.045647944347515237e+06 -1.167715893561424600e+05 6.444012561250112019e+06 9.144680178212393075e+05 -6.358969259116820758e+05 9.693713747674193000e+05 -7.199814857635015505e+04 1.008407439652788162e+05 1.507597422040764068e+05 -1.857137086691364879e+06 -5.172830147500925697e+06 4.442649682112647220e+06 4.766713977460134774e+06 1.970162429114046972e+06 1.649730126416518353e+06 -2.955220768014396308e+05 -4.361803457166796434e+05 -3.236348171824935707e+05
-2.698564235962990206e+06 3.574299181925190496e+05 9.144680178212393075e+05 1.711712308278261917e+06 3.179045685658815783e+05 1.218424269371681148e+05 2.453484745230613626e+05 3.950665920199589164e+04 2.092858683976712564e+04 -2.560123081258233171e+06 -4.589692359410626814e+06 -1.567678530595700257e+06 9.656558384584317682e+05 9.116010304834301351e+05 1.137456147559183883e+06 3.005161303712925874e+05 -4.281665947840767330e+05 -1.492046421333530161e+05
3.945985628713002661e+05 1.135355977702896635e+05 -6.358969259116820758e+05 3.179045685658815783e+05 1.458094384739753557e+06 8.274141675133780518e+04 -1.272955517080424215e+04 1.529831492453071987e+05 -1.140161318431296058e+04 9.793958879617139464e+05 -1.793763140645563835e+06 -7.713072102845294867e+05 2.925792684823694290e+05 -7.259729649628318148e+05 -5.446878793818304548e+05 2.675546541125432122e+05 6.275585165024573216e+05 -2.645310582326838630e+05
1.133217735428653890e+06 3.319927100681400625e+05 9.693713747674193000e+05 1.218424269371681148e+05 8.274141675133780518e+04 7.927459334999850253e+05 1.488327260635620332e+05 2.053528964962917380e+05 9.446270620831409178e+04 1.086119198046948004e+05 4.925593985744967940e+05 6.445630709522665711e+05 1.152354793459189357e+06 3.039633041914298665e+05 4.209107107061878778e+05 3.719462704465375282e+05 3.593174457537440467e+05 1.613549015256182465e+05
3.244258902939996915e+05 1.262204715826343308e+05 -7.199814857635015505e+04 2.453484745230613626e+05 -1.272955517080424215e+04 1.488327260635620332e+05 4.700845846630136948e+05 9.464789194013635279e+04 4.672657394064010441e+04 1.039046326639560517e+06 -6.794653833354004892e+05 5.938330734403825772e+04 2.701941743457444827e+05 2.033152093952971627e+05 2.054484221689290716e+05 5.915209419887162512e+05 1.248591522635875153e+05 1.059356178602541768e+05
-8.032656151568939094e+04 1.691897618549322651e+05 1.008407439652788162e+05 3.950665920199589164e+04 1.529831492453071987e+05 2.053528964962917380e+05 9.464789194013635279e+04 2.272731476157926954e+05 5.264454941269126721e+04 -2.466325479750425555e+06 2.560036802936242893e+05 -2.114188810422390452e+04 1.276488636492341320e+05 -5.047570276691989420e+04 -2.407679205299018940e+05 8.702843545358622214e+04 3.332615877586446586e+05 1.260196166259728343e+05
-6.306253260047412477e+05 3.489878788762008189e+05 1.507597422040764068e+05 2.092858683976712564e+04 -1.140161318431296058e+04 9.446270620831409178e+04 4.672657394064010441e+04 5.264454941269126721e+04 9.390438340413596598e+04 -1.171796666763748042e+06 3.386052148547970573e+05 1.835986490047099142e+04 1.908599580701816012e+05 -1.136849703606980765e+05 -3.567861301151056978e+04 7.605591914693366562e+04 1.600350383617840707e+05 1.153263395990293648e+05
4.011362933109474182e+07 -6.624294277169128181e+05 -1.857137086691364879e+06 -2.560123081258233171e+06 9.793958879617139464e+05 1.086119198046948004e+05 1.039046326639560517e+06 -2.466325479750425555e+06 -1.171796666763748042e+06 2.915958244251189232e+08 -5.906544219594403170e+06 2.527896069286279008e+07 3.813181819440380204e+06 4.948450558344067074e+06 1.256276584716394544e+06 2.967194188061760506e+05 1.718919806244354462e+06 -1.232908336119776592e+06
9.654462622380275279e+06 1.061853679916747287e+07 -5.172830147500925697e+06 -4.589692359410626814e+06 -1.793763140645563835e+06 4.925593985744967940e+05 -6.794653833354004892e+05 2.560036802936242893e+05 3.386052148547970573e+05 -5.906544219594403170e+06 5.676005430438210815e+07 -3.517933989341580775e+06 -3.912414923909001052e+06 -3.104129644958845805e+06 -7.732476671382503118e+05 1.053639925547615625e+06 4.005687899493991397e+06 1.290371981410047738e+06
1.167692195790895447e+07 -4.589747199710762128e+06 4.442649682112647220e+06 -1.567678530595700257e+06 -7.713072102845294867e+05 6.445630709522665711e+05 5.938330734403825772e+04 -2.114188810422390452e+04 1.835986490047099142e+04 2.527896069286279008e+07 -3.517933989341580775e+06 1.836388050431361794e+07 3.535870990787807852e+06 1.755979548059562687e+06 1.962343477424852317e+05 -1.053272178120059194e+06 -2.608243588154336903e+05 -3.092304749403413152e+05
3.012551897092970903e+05 8.972776323999261949e+05 4.766713977460134774e+06 9.656558384584317682e+05 2.925792684823694290e+05 1.152354793459189357e+06 2.701941743457444827e+05 1.276488636492341320e+05 1.908599580701816012e+05 3.813181819440380204e+06 -3.912414923909001052e+06 3.535870990787807852e+06 9.227786068877734244e+06 1.905545998639907455e+06 2.318075635130443145e+06 8.799251347325311508e+05 2.395831444898754999e+05 -4.959865540825854987e+05
-1.672498362215897534e+06 -2.437400193934649229e+06 1.970162429114046972e+06 9.116010304834301351e+05 -7.259729649628318148e+05 3.039633041914298665e+05 2.033152093952971627e+05 -5.047570276691989420e+04 -1.136849703606980765e+05 4.948450558344067074e+06 -3.104129644958845805e+06 1.755979548059562687e+06 1.905545998639907455e+06 4.961955000040928833e+06 2.462644540870466270e+06 9.958489263231380392e+03 -1.204253756825774210e+06 6.025992627768372040e+04
1.058512579289541347e+06 -1.946552349484629463e+06 1.649730126416518353e+06 1.137456147559183883e+06 -5.446878793818304548e+05 4.209107107061878778e+05 2.054484221689290716e+05 -2.407679205299018940e+05 -3.567861301151056978e+04 1.256276584716394544e+06 -7.732476671382503118e+05 1.962343477424852317e+05 2.318075635130443145e+06 2.462644540870466270e+06 5.154756615884984843e+06 3.343386281601227238e+05 -9.629476448150529759e+05 -1.103798254460222088e+05
3.187211961736496072e+06 1.378754098276520846e+06 -2.955220768014396308e+05 3.005161303712925874e+05 2.675546541125432122e+05 3.719462704465375282e+05 5.915209419887162512e+05 8.702843545358622214e+04 7.605591914693366562e+04 2.967194188061760506e+05 1.053639925547615625e+06 -1.053272178120059194e+06 8.799251347325311508e+05 9.958489263231380392e+03 3.343386281601227238e+05 2.375885150352245662e+06 6.792653626597954426e+05 8.672130640752284671e+04
2.253437751556308474e+06 1.103358067767908797e+06 -4.361803457166796434e+05 -4.281665947840767330e+05 6.275585165024573216e+05 3.593174457537440467e+05 1.248591522635875153e+05 3.332615877586446586e+05 1.600350383617840707e+05 1.718919806244354462e+06 4.005687899493991397e+06 -2.608243588154336903e+05 2.395831444898754999e+05 -1.204253756825774210e+06 -9.629476448150529759e+05 6.792653626597954426e+05 1.668779779554951936e+06 2.511313574419697688e+05
-2.600227692590746447e+05 -9.530342330100697291e+04 -3.236348171824935707e+05 -1.492046421333530161e+05 -2.645310582326838630e+05 1.613549015256182465e+05 1.059356178602541768e+05 1.260196166259728343e+05 1.153263395990293648e+05 -1.232908336119776592e+06 1.290371981410047738e+06 -3.092304749403413152e+05 -4.959865540825854987e+05 6.025992627768372040e+04 -1.103798254460222088e+05 8.672130640752284671e+04 2.511313574419697688e+05 5.434577834822038421e+05
