4.420394642534574866e+07 3.450969225067017600e+06 -2.509111005238353100e+05 1.005355859415455838e+06 -1.171938437946348917e+06 5.591851933108448284e+05 9.819617712379491422e+04 -8.343085139436454047e+05 -2.566625272788715392e+03 2.931138102077442408e+07 -3.380365693815829232e+06 -1.057889834767010808e+07 4.530676631485109217e+06 -2.636170503948584665e+06 3.492065101177626755e+06 4.526167352072252834e+04 9.893083610271413345e+05 2.094570549373804592e+06
3.450969225067017600e+06 1.650534202158677764e+07 2.103464296754857525e+06 1.460940736361824675e+06 1.956395383150613867e+06 -5.490434962206358323e+05 -3.766283042589512770e+05 4.354586201203195378e+05 -1.724282806010743370e+05 2.417001312119622156e+07 1.688700766891219886e+06 1.944913291064326186e+06 -1.749275727121128002e+06 -6.571613858981523663e+05 -4.970453130494565703e+05 -7.541692125707971863e+05 8.819803690874410677e+04 1.327569420356497169e+06
-2.509111005238353100e+05 2.103464296754857525e+06 5.229400631401554681e+06 1.644861731938696699e+06 5.702924085216453532e+05 -6.179430651477812789e+05 -2.163085990634115005e+05 5.568644972422710853e+05 -1.656894736228115798e+05 1.112205139097654494e+06 -6.181503228474763222e+06 4.691515034487497061e+06 -6.303049461527275853e+05 1.476625393188418122e+06 1.171742586152607400e+05 -3.737854897681702278e+05 1.615401507734385086e+05 -1.425979130874911789e+04
1.005355859415455838e+06 1.460940736361824675e+06 1.644861731938696699e+06 1.682984569989114301e+06 1.821925190627283591e+05 -4.011224483719562995e+05 -1.672628090689978853e+05 1.478363859987206524e+05 -6.451438956257184327e+04 2.021733886102557182e+06 -1.102143823760728119e+06 2.705458971230166964e+06 9.660440825506887631e+05 7.971756705354639562e+05 -1.651277926839675638e+05 1.592201588499278878e+05 -1.321632981299125531e+05 -8.491426614690147107e+04
-1.171938437946348917e+06 1.956395383150613867e+06 5.702924085216453532e+05 1.821925190627283591e+05 1.031906460508443066e+06 1.396312618646527117e+05 -1.007249284837292726e+04 1.192940540186226717e+05 4.254936946368703502e+04 7.809485078199043870e+06 2.195112906550043728e+06 3.293303164127783384e+05 -1.426656470813981956e+06 3.675717829472598623e+03 2.778844592263560044e+05 -1.995055405850491661e+05 -7.875931980199384270e+04 2.652580244590404618e+04
5.591851933108448284e+05 -5.490434962206358323e+05 -6.179430651477812789e+05 -4.011224483719562995e+05 1.396312618646527117e+05 4.393228681046259589e+05 9.474696290860754380e+04 -1.092975537520171201e+05 1.102447769512854866e+05 1.342299692189631984e+06 1.161035532462459290e+06 -1.368356603300729999e+06 -9.865981973365475424e+05 -9.545443673800809775e+05 2.895582334529376240e+05 -1.608558663096261444e+04 -1.295849223855258606e+05 -3.835594895901958807e+03
9.819617712379491422e+04 -3.766283042589512770e+05 -2.163085990634115005e+05 -1.672628090689978853e+05 -1.007249284837292726e+04 9.474696290860754380e+04 2.555917320508429548e+05 -9.289270942500526871e+03 5.158837464387176624e+03 -9.020893182772621512e+05 1.454437111202444183e+06 -9.494318066045800224e+05 -8.976600574781025061e+05 -3.287829470277378568e+05 3.738124021483256365e+05 4.206214095255857683e+05 -1.679607468350332420e+04 -1.949063781175017357e+05
-8.343085139436454047e+05 4.354586201203195378e+05 5.568644972422710853e+05 1.478363859987206524e+05 1.192940540186226717e+05 -1.092975537520171201e+05 -9.289270942500526871e+03 2.174463432364461187e+05 -7.671071079217405895e+03 -2.121177894604571164e+06 -1.692524193644775543e+06 1.193501970417134726e+05 1.101587818250343262e+05 4.311781142705681268e+05 7.805029749290895415e+04 2.034337576028874319e+05 1.165674119627215696e+05 4.383315090728073847e+04
-2.566625272788715392e+03 -1.724282806010743370e+05 -1.656894736228115798e+05 -6.451438956257184327e+04 4.254936946368703502e+04 1.102447769512854866e+05 5.158837464387176624e+03 -7.671071079217405895e+03 1.280067433747150062e+05 7.574232702701651724e+05 8.532773129215635126e+05 -2.273158394869912590e+05 -7.470307306030711516e+03 -2.443346951467351755e+05 2.007576061098728969e+05 -1.713864633797246643e+04 6.035155485777573631e+04 9.816736010293103755e+04
2.931138102077442408e+07 2.417001312119622156e+07 1.112205139097654494e+06 2.021733886102557182e+06 7.809485078199043870e+06 1.342299692189631984e+06 -9.020893182772621512e+05 -2.121177894604571164e+06 7.574232702701651724e+05 2.629517682860052884e+08 8.405671670415699482e+07 -8.933481279500257224e+06 -1.016702863096835092e+07 -1.398431585104597174e+07 -1.588323415803550743e+06 -9.030930497415352613e+06 2.445024177773822565e+06 1.352049512892916333e+06
-3.380365693815829232e+06 1.688700766891219886e+06 -6.181503228474763222e+06 -1.102143823760728119e+06 2.195112906550043728e+06 1.161035532462459290e+06 1.454437111202444183e+06 -1.692524193644775543e+06 8.532773129215635126e+05 8.405671670415699482e+07 1.034127740915077478e+08 4.740880791430895217e+06 -5.011969935579932295e+06 -7.738530056919227354e+06 -2.392000930418314412e+06 2.633496129921174143e+06 -9.238960385385388508e+05 6.527490645570904016e+05
-1.057889834767010808e+07 1.944913291064326186e+06 4.691515034487497061e+06 2.705458971230166964e+06 3.293303164127783384e+05 -1.368356603300729999e+06 -9.494318066045800224e+05 1.193501970417134726e+05 -2.273158394869912590e+05 -8.933481279500257224e+06 4.740880791430895217e+06 2.767460782280968875e+07 8.037129104132181965e+06 9.656260501620981842e+06 -2.450425003193802666e+06 -5.017830455576930544e+05 5.026199609869302367e+05 9.316352254745053360e+05
4.530676631485109217e+06 -1.749275727121128002e+06 -6.303049461527275853e+05 9.660440825506887631e+05 -1.426656470813981956e+06 -9.865981973365475424e+05 -8.976600574781025061e+05 1.101587818250343262e+05 -7.470307306030711516e+03 -1.016702863096835092e+07 -5.011969935579932295e+06 8.037129104132181965e+06 1.960032183830329403e+07 9.203829056069791317e+06 -9.863491455410472117e+05 1.996458261046827538e+06 2.018335025929715484e+06 2.814073209302214906e+06
-2.636170503948584665e+06 -6.571613858981523663e+05 1.476625393188418122e+06 7.971756705354639562e+05 3.675717829472598623e+03 -9.545443673800809775e+05 -3.287829470277378568e+05 4.311781142705681268e+05 -2.443346951467351755e+05 -1.398431585104597174e+07 -7.738530056919227354e+06 9.656260501620981842e+06 9.203829056069791317e+06 1.119223456786690094e+07 2.932913053739399766e+05 8.187990532192939427e+05 1.215349429874038789e+06 1.179791634293489391e+06
3.492065101177626755e+06 -4.970453130494565703e+05 1.171742586152607400e+05 -1.651277926839675638e+05 2.778844592263560044e+05 2.895582334529376240e+05 3.738124021483256365e+05 7.805029749290895415e+04 2.007576061098728969e+05 -1.588323415803550743e+06 -2.392000930418314412e+06 -2.450425003193802666e+06 -9.863491455410472117e+05 2.932913053739399766e+05 3.338899306506428402e+06 4.521786495474822004e+05 5.972338606955889845e+05 9.242488166854607698e+04
4.526167352072252834e+04 -7.541692125707971863e+05 -3.737854897681702278e+05 1.592201588499278878e+05 -1.995055405850491661e+05 -1.608558663096261444e+04 4.206214095255857683e+05 2.034337576028874319e+05 -1.713864633797246643e+04 -9.030930497415352613e+06 2.633496129921174143e+06 -5.017830455576930544e+05 1.996458261046827538e+06 8.187990532192939427e+05 4.521786495474822004e+05 2.459467493010594510e+06 2.272369668627981446e+05 2.071237749342181778e+05
9.893083610271413345e+05 8.819803690874410677e+04 1.615401507734385086e+05 -1.321632981299125531e+05 -7.875931980199384270e+04 -1.295849223855258606e+05 -1.679607468350332420e+04 1.165674119627215696e+05 6.035155485777573631e+04 2.445024177773822565e+06 -9.238960385385388508e+05 5.026199609869302367e+05 2.018335025929715484e+06 1.215349429874038789e+06 5.972338606955889845e+05 2.272369668627981446e+05 1.034021066717896727e+06 5.584118498093460221e+05
2.094570549373804592e+06 1.327569420356497169e+06 -1.425979130874911789e+04 -8.491426614690147107e+04 2.652580244590404618e+04 -3.835594895901958807e+03 -1.949063781175017357e+05 4.383315090728073847e+04 9.816736010293103755e+04 1.352049512892916333e+06 6.527490645570904016e+05 9.316352254745053360e+05 2.814073209302214906e+06 1.179791634293489391e+06 9.242488166854607698e+04 2.071237749342181778e+05 5.584118498093460221e+05 1.107904988115173997e+06
