4.090051829175605625e+07 6.188173052274601534e+06 3.459409827350778971e+06 1.813022862801555311e+06 -1.502772744446135126e+06 1.582901600595407188e+06 -1.214937877755109221e+06 6.038829636722254800e+05 -2.351002173694714729e+05 -1.018075827467580140e+07 -9.320478247583603486e+06 6.269185092429718003e+06 -1.634241569306541351e+05 -2.314613714374416042e+06 3.044371642185378820e+06 -2.991565433868196327e+06 2.984992941825895687e+05 1.451317233720833901e+05
6.188173052274601534e+06 1.309669095169976726e+07 -8.375577486611416098e+05 -7.379814419935450424e+05 1.782177984007040795e+05 -8.448837822050960967e+05 -1.797040023754228605e+05 2.621038096418481655e+04 1.515800390476835310e+05 -6.642944157379673794e+06 3.558610040776044596e+06 -1.166808093154306710e+07 -1.032004433292215224e+06 -2.943527341569704935e+06 -3.131889627697123680e+06 -6.832367699261995731e+05 6.931703332807152765e+05 5.269548067903226474e+05
3.459409827350778971e+06 -8.375577486611416098e+05 6.489632471737206914e+06 1.283195198110020254e+06 5.422792569811353460e+05 6.586381974384923233e+05 -3.196486932146359468e+05 2.704897369990639854e+05 7.606713563512357359e+04 -8.186331098171535414e+05 2.133670167833221145e+06 4.056055708487744909e+06 -9.731664929851692868e+05 -4.150909234116319567e+05 5.096791279340511537e+05 -6.026414365845969878e+05 -5.937276575062965276e+05 3.181216096721863141e+05
1.813022862801555311e+06 -7.379814419935450424e+05 1.283195198110020254e+06 2.599639988242203835e+06 1.432281181977951492e+05 4.707294370903400704e+05 2.121053034033798031e+05 1.533112673101381515e+05 3.654303787251137692e+04 -1.562038994902885053e+06 -1.340641298039585585e+06 1.294929933962371200e+06 6.760260114416042052e+04 1.845254865424758464e+05 1.910174615519956569e+05 4.453109811738227145e+05 3.870230353688943433e+05 -1.770749302762843436e+05
-1.502772744446135126e+06 1.782177984007040795e+05 5.422792569811353460e+05 1.432281181977951492e+05 8.472341037911024177e+05 6.063612562177535438e+04 -5.076427310660894000e+04 -1.163646853294924222e+05 2.653880509472267022e+02 -4.175324570675891358e+06 -7.765222211016411893e+05 6.145088742468642304e+05 -3.930134741970878677e+05 3.272707496310441638e+05 -2.857912074581983616e+05 -2.354378254543854855e+05 -1.241262636952933244e+05 -5.846940485808520316e+04
1.582901600595407188e+06 -8.448837822050960967e+05 6.586381974384923233e+05 4.707294370903400704e+05 6.063612562177535438e+04 8.120535414845299674e+05 -2.709557460853910379e+04 2.582382783299129369e+04 8.585515778637393669e+04 -6.683808729315736564e+05 1.321263865914917085e+06 3.231726330268706195e+06 8.451426618399801664e+05 5.937369876215766417e+05 1.128451594403539784e+06 -1.680587796758546028e+04 -3.161633491467119165e+04 -4.448093100324346597e+04
-1.214937877755109221e+06 -1.797040023754228605e+05 -3.196486932146359468e+05 2.121053034033798031e+05 -5.076427310660894000e+04 -2.709557460853910379e+04 3.083702880672247265e+05 4.267548846624830185e+04 4.272213146614641300e+04 -1.424956403840618907e+06 -3.593796018391350517e+05 -1.028471406746144203e+05 -1.324789777736771794e+05 3.793171330735594966e+05 -1.740982915696545097e+05 2.065856823847059277e+05 3.755881250865506445e+04 -6.929730515519827895e+04
6.038829636722254800e+05 2.621038096418481655e+04 2.704897369990639854e+05 1.533112673101381515e+05 -1.163646853294924222e+05 2.582382783299129369e+04 4.267548846624830185e+04 1.763364967989301076e+05 1.811520031216494544e+03 1.892526795683222357e+06 -2.073802961615124368e+05 -5.988824778976642992e+05 -3.395233018416418345e+05 -3.386306589616038254e+05 1.217948579091668653e+05 1.122934210077978205e+05 -5.086709049395536567e+04 -9.779553587976931885e+04
-2.351002173694714729e+05 1.515800390476835310e+05 7.606713563512357359e+04 3.654303787251137692e+04 2.653880509472267022e+02 8.585515778637393669e+04 4.272213146614641300e+04 1.811520031216494544e+03 1.162398422195704916e+05 9.882669656276977912e+04 5.163667538299388834e+05 -5.640399674899282400e+04 -1.200692972705008724e+05 -3.629686556794531498e+04 -3.872369439356508519e+04 -1.164025383835742250e+05 -7.232843167149981309e+04 2.633466902932164885e+03
-1.018075827467580140e+07 -6.642944157379673794e+06 -8.186331098171535414e+05 -1.562038994902885053e+06 -4.175324570675891358e+06 -6.683808729315736564e+05 -1.424956403840618907e+06 1.892526795683222357e+06 9.882669656276977912e+04 2.871452327783285379e+08 1.452901084711964428e+07 1.061080917145056091e+07 2.114288824187262356e+07 -3.591375266031475272e+06 4.859582993812965229e+06 5.082846543813698925e+06 -2.955406067562160082e+06 2.049231841538917273e+06
-9.320478247583603486e+06 3.558610040776044596e+06 2.133670167833221145e+06 -1.340641298039585585e+06 -7.765222211016411893e+05 1.321263865914917085e+06 -3.593796018391350517e+05 -2.073802961615124368e+05 5.163667538299388834e+05 1.452901084711964428e+07 7.703251645417819917e+07 -8.739348966985870153e+06 5.340077560280490434e+05 4.574021941713744309e+05 3.633404890452834312e+06 2.061525220116806449e+06 1.508235830202910118e+06 3.555429477225309238e+06
6.269185092429718003e+06 -1.166808093154306710e+07 4.056055708487744909e+06 1.294929933962371200e+06 6.145088742468642304e+05 3.231726330268706195e+06 -1.028471406746144203e+05 -5.988824778976642992e+05 -5.640399674899282400e+04 1.061080917145056091e+07 -8.739348966985870153e+06 3.480810456689268351e+07 6.786229987608645111e+06 4.829191184917763807e+06 4.786080840853780508e+06 -1.101278731204892974e+06 -1.459996903948662570e+06 -2.685789611128237448e+05
-1.634241569306541351e+05 -1.032004433292215224e+06 -9.731664929851692868e+05 6.760260114416042052e+04 -3.930134741970878677e+05 8.451426618399801664e+05 -1.324789777736771794e+05 -3.395233018416418345e+05 -1.200692972705008724e+05 2.114288824187262356e+07 5.340077560280490434e+05 6.786229987608645111e+06 1.125789827733526193e+07 2.452601920432180632e+06 2.255875425830985885e+06 -2.679461963223628118e+05 1.852177275713672861e+05 7.935812903103110148e+05
-2.314613714374416042e+06 -2.943527341569704935e+06 -4.150909234116319567e+05 1.845254865424758464e+05 3.272707496310441638e+05 5.937369876215766417e+05 3.793171330735594966e+05 -3.386306589616038254e+05 -3.629686556794531498e+04 -3.591375266031475272e+06 4.574021941713744309e+05 4.829191184917763807e+06 2.452601920432180632e+06 5.346890364529644139e+06 1.903682746065099258e+06 1.176932178203119547e+05 -2.714602509222642984e+05 4.190022145394113613e+05
3.044371642185378820e+06 -3.131889627697123680e+06 5.096791279340511537e+05 1.910174615519956569e+05 -2.857912074581983616e+05 1.128451594403539784e+06 -1.740982915696545097e+05 1.217948579091668653e+05 -3.872369439356508519e+04 4.859582993812965229e+06 3.633404890452834312e+06 4.786080840853780508e+06 2.255875425830985885e+06 1.903682746065099258e+06 4.922742748162217438e+06 3.723494006192494417e+05 9.029837233979928715e+04 -1.668286415166836814e+05
-2.991565433868196327e+06 -6.832367699261995731e+05 -6.026414365845969878e+05 4.453109811738227145e+05 -2.354378254543854855e+05 -1.680587796758546028e+04 2.065856823847059277e+05 1.122934210077978205e+05 -1.164025383835742250e+05 5.082846543813698925e+06 2.061525220116806449e+06 -1.101278731204892974e+06 -2.679461963223628118e+05 1.176932178203119547e+05 3.723494006192494417e+05 1.905956076454718132e+06 3.664665882935037953e+05 -3.477070224519094336e+05
2.984992941825895687e+05 6.931703332807152765e+05 -5.937276575062965276e+05 3.870230353688943433e+05 -1.241262636952933244e+05 -3.161633491467119165e+04 3.755881250865506445e+04 -5.086709049395536567e+04 -7.232843167149981309e+04 -2.955406067562160082e+06 1.508235830202910118e+06 -1.459996903948662570e+06 1.852177275713672861e+05 -2.714602509222642984e+05 9.029837233979928715e+04 3.664665882935037953e+05 7.506677931541946018e+05 -4.344991935294666473e+04
1.451317233720833901e+05 5.269548067903226474e+05 3.181216096721863141e+05 -1.770749302762843436e+05 -5.846940485808520316e+04 -4.448093100324346597e+04 -6.929730515519827895e+04 -9.779553587976931885e+04 2.633466902932164885e+03 2.049231841538917273e+06 3.555429477225309238e+06 -2.685789611128237448e+05 7.935812903103110148e+05 4.190022145394113613e+05 -1.668286415166836814e+05 -3.477070224519094336e+05 -4.344991935294666473e+04 6.311969410184664885e+05
