3.782334083978529274e+07 -2.176816048893203028e+06 1.501077924409655388e+06 1.629545264016273199e+06 -5.360132778906405438e+05 -1.079647734652290528e+05 -5.167091259087189683e+05 1.214277920858901693e+06 1.021520534137865034e+05 1.626156937425217591e+07 1.045619211684915610e+07 -5.001450735640299506e+06 -6.084589331014697440e+06 -3.271078028935955837e+06 1.110490011106824735e+06 -7.414637181048258208e+05 1.154000284569951473e+06 -4.283832520019977237e+05
-2.176816048893203028e+06 1.542172475833619945e+07 4.756370740979697555e+06 1.429200706843883032e+06 9.009584805103520630e+05 5.743232316734759370e+05 6.669131054523822386e+05 3.939791293931115652e+05 -3.698895508170908433e+05 -1.764799540452652425e+07 2.844499996273863595e+06 -2.056898755876722047e+06 -1.530741011871785857e+06 1.761413466178481001e+06 3.289964849668392446e+06 3.331268121499812114e+05 -2.162544024337726645e+06 -1.037968176579350373e+06
1.501077924409655388e+06 4.756370740979697555e+06 4.265226688262636773e+06 1.237371150377125945e+06 2.397027157227795215e+03 1.576808220127201275e+04 3.279678887243469944e+05 2.111792759657809511e+05 -1.054985677277637296e+05 -4.709035004246891476e+06 1.541227517349972855e+06 3.445691100407839287e+06 7.378467707656340208e+05 -1.486133914106600278e+05 9.457402795418215683e+05 1.279525917298102053e+06 -4.948183131202866789e+05 -4.087771421889859485e+05
1.629545264016273199e+06 1.429200706843883032e+06 1.237371150377125945e+06 2.035135897172758589e+06 3.988290222126225126e+05 -1.010760570152523906e+04 2.111863673373748315e+05 -4.054346585595986835e+04 1.702777884850049741e+05 -4.453158844974171370e+06 1.258200316049261950e+06 -1.119803881737350719e+06 -4.356529924098228366e+04 -3.437551370412990800e+05 2.749003028704808676e+05 1.063046501623502845e+05 -6.234013673474972602e+05 -4.023061630620307405e+05
-5.360132778906405438e+05 9.009584805103520630e+05 2.397027157227795215e+03 3.988290222126225126e+05 1.182139984872751636e+06 9.157938261599522957e+04 1.092401701672096970e+05 1.171833136101084820e+05 1.828284755184992100e+05 2.321591589583664201e+06 1.392374277436784701e+06 -1.628628297114085173e+06 1.039054080234530149e+06 5.663101579717486165e+05 5.637347058107382618e+05 4.473018871164324810e+05 -1.232354507176287007e+05 -5.796051201274593768e+04
-1.079647734652290528e+05 5.743232316734759370e+05 1.576808220127201275e+04 -1.010760570152523906e+04 9.157938261599522957e+04 4.250304031432919437e+05 1.720301259736377397e+05 5.745939347903092130e+04 -5.701537245764976979e+04 -2.338298783814231283e+05 9.957184283865189645e+05 -4.161016539520725491e+05 7.096966667507741367e+05 -1.076898082250462758e+05 6.945485238778534112e+05 2.249345089274827042e+05 -1.359579314221920504e+04 3.405138632152351056e+04
-5.167091259087189683e+05 6.669131054523822386e+05 3.279678887243469944e+05 2.111863673373748315e+05 1.092401701672096970e+05 1.720301259736377397e+05 3.550554346756690647e+05 3.575729083019163227e+04 6.645661524781803564e+03 -5.769452489890799625e+05 1.107634233363998646e+05 1.380147661704072671e+05 -1.514980638297572441e+05 3.953671593425566680e+05 3.539890391939531546e+05 2.945967268198794918e+05 -2.898139619244703208e+05 3.341952328633675643e+04
1.214277920858901693e+06 3.939791293931115652e+05 2.111792759657809511e+05 -4.054346585595986835e+04 1.171833136101084820e+05 5.745939347903092130e+04 3.575729083019163227e+04 1.805321243461453705e+05 1.325684625478833914e+04 1.111453260798852425e+06 6.347563280657309806e+05 -1.616745449647280911e+05 -3.286042784760936629e+05 -3.389625885794669011e+04 3.459327649578732671e+05 1.937702691111970635e+05 6.014647913446608436e+04 4.723343921867539029e+04
1.021520534137865034e+05 -3.698895508170908433e+05 -1.054985677277637296e+05 1.702777884850049741e+05 1.828284755184992100e+05 -5.701537245764976979e+04 6.645661524781803564e+03 1.325684625478833914e+04 1.255009574305044371e+05 1.135707831521164160e+06 -3.334514043775159516e+05 -2.093284449448938540e+05 -2.913511709165491629e+04 -1.541273873806649353e+05 -5.476125628551939008e+04 -6.521191224948756280e+04 -1.170179748904005100e+05 7.901687117009899521e+04
1.626156937425217591e+07 -1.764799540452652425e+07 -4.709035004246891476e+06 -4.453158844974171370e+06 2.321591589583664201e+06 -2.338298783814231283e+05 -5.769452489890799625e+05 1.111453260798852425e+06 1.135707831521164160e+06 1.817119586686173975e+08 -8.375582157141971402e+06 3.921680409821252339e+06 1.471731178161852248e+07 -4.287716381321328226e+05 -7.871533221475938335e+06 4.344540575577431009e+05 6.654524713417511433e+06 5.724604671745766886e+06
1.045619211684915610e+07 2.844499996273863595e+06 1.541227517349972855e+06 1.258200316049261950e+06 1.392374277436784701e+06 9.957184283865189645e+05 1.107634233363998646e+05 6.347563280657309806e+05 -3.334514043775159516e+05 -8.375582157141971402e+06 3.754253893756467104e+07 -2.517373247331717983e+06 4.639782400612618774e+06 -6.351523956688321196e+05 4.015471792339141015e+06 1.612028098868163070e+06 3.360893596364779514e+05 -5.366007939503494417e+05
-5.001450735640299506e+06 -2.056898755876722047e+06 3.445691100407839287e+06 -1.119803881737350719e+06 -1.628628297114085173e+06 -4.161016539520725491e+05 1.380147661704072671e+05 -1.616745449647280911e+05 -2.093284449448938540e+05 3.921680409821252339e+06 -2.517373247331717983e+06 2.363113876727244630e+07 4.525141303701378405e+06 -2.385531418741628993e+06 -3.544320339978969656e+06 1.759787311944593443e+06 -3.901781740194351878e+05 -4.947212515971258108e+04
-6.084589331014697440e+06 -1.530741011871785857e+06 7.378467707656340208e+05 -4.356529924098228366e+04 1.039054080234530149e+06 7.096966667507741367e+05 -1.514980638297572441e+05 -3.286042784760936629e+05 -2.913511709165491629e+04 1.471731178161852248e+07 4.639782400612618774e+06 4.525141303701378405e+06 1.650451147445726953e+07 2.324150077067019418e+06 7.896547771601483691e+05 1.897244626544401050e+06 -1.474005522735210543e+05 2.996736757863062667e+05
-3.271078028935955837e+06 1.761413466178481001e+06 -1.486133914106600278e+05 -3.437551370412990800e+05 5.663101579717486165e+05 -1.076898082250462758e+05 3.953671593425566680e+05 -3.389625885794669011e+04 -1.541273873806649353e+05 -4.287716381321328226e+05 -6.351523956688321196e+05 -2.385531418741628993e+06 2.324150077067019418e+06 5.538756493297440931e+06 6.263000575305671664e+05 2.476279055919496459e+05 -6.791831777818815317e+05 8.116194123771865634e+02
1.110490011106824735e+06 3.289964849668392446e+06 9.457402795418215683e+05 2.749003028704808676e+05 5.637347058107382618e+05 6.945485238778534112e+05 3.539890391939531546e+05 3.459327649578732671e+05 -5.476125628551939008e+04 -7.871533221475938335e+06 4.015471792339141015e+06 -3.544320339978969656e+06 7.896547771601483691e+05 6.263000575305671664e+05 3.302521492318653967e+06 7.713579336924343370e+05 -3.717025606887942413e+05 -3.862213252632579952e+03
-7.414637181048258208e+05 3.331268121499812114e+05 1.279525917298102053e+06 1.063046501623502845e+05 4.473018871164324810e+05 2.249345089274827042e+05 2.945967268198794918e+05 1.937702691111970635e+05 -6.521191224948756280e+04 4.344540575577431009e+05 1.612028098868163070e+06 1.759787311944593443e+06 1.897244626544401050e+06 2.476279055919496459e+05 7.713579336924343370e+05 1.877182168977056863e+06 2.692734356809846940e+05 -9.065889289927217760e+04
1.154000284569951473e+06 -2.162544024337726645e+06 -4.948183131202866789e+05 -6.234013673474972602e+05 -1.232354507176287007e+05 -1.359579314221920504e+04 -2.898139619244703208e+05 6.014647913446608436e+04 -1.170179748904005100e+05 6.654524713417511433e+06 3.360893596364779514e+05 -3.901781740194351878e+05 -1.474005522735210543e+05 -6.791831777818815317e+05 -3.717025606887942413e+05 2.692734356809846940e+05 1.591824416089664912e+06 1.344329680671558308e+05
-4.283832520019977237e+05 -1.037968176579350373e+06 -4.087771421889859485e+05 -4.023061630620307405e+05 -5.796051201274593768e+04 3.405138632152351056e+04 3.341952328633675643e+04 4.723343921867539029e+04 7.901687117009899521e+04 5.724604671745766886e+06 -5.366007939503494417e+05 -4.947212515971258108e+04 2.996736757863062667e+05 8.116194123771865634e+02 -3.862213252632579952e+03 -9.065889289927217760e+04 1.344329680671558308e+05 6.378083490276100347e+05
