3.237126960255151615e+07 -1.430166750604451401e+06 5.384117243072362617e+05 -8.396768195237823529e+05 2.430946976460942999e+06 1.817235944617396453e+06 6.582706011401942233e+05 8.795626971115508059e+04 -2.548167975290885370e+05 2.293124215182351694e+07 -1.004601171273499168e+07 -5.445475235494899563e+06 -6.014056071241286583e+06 6.722432459755985765e+05 4.232462532041218132e+06 2.841421969768564450e+05 -1.894545130443039350e+06 -1.436943122705673741e+05
-1.430166750604451401e+06 1.087483836643479019e+07 9.825942688793647103e+05 -2.512685046447734567e+04 9.866087967807502719e+05 3.492633101332061779e+04 4.039947682387020322e+05 2.697759105121549801e+05 3.324356375870804768e+05 4.177465708413763437e+06 9.720925921443391591e+06 -8.029107077504026704e+06 -5.339559997815776296e+04 7.549700682245674543e+05 9.305317865939282347e+05 8.636348427033637417e+05 1.198175622350624064e+06 -3.419513782460851944e+05
5.384117243072362617e+05 9.825942688793647103e+05 5.536144440867668949e+06 1.589159373118257383e+06 3.301499793128027814e+05 1.193670165177915042e+05 1.444784080179025477e+04 3.833090210062997357e+04 -1.285471636549049872e+05 7.158641809131328773e+04 4.880211903247733600e+06 1.580065075747795636e+06 1.506743175443788758e+06 8.223243531953251222e+05 1.512699063915065955e+06 -3.266817220037586521e+05 -1.906938293718390632e+05 3.870268174483936164e+05
-8.396768195237823529e+05 -2.512685046447734567e+04 1.589159373118257383e+06 3.038922598854239564e+06 -1.816941904299916059e+05 -1.362307875041462648e+04 -8.642580542146522203e+04 3.532572818671618006e+04 2.385192504202636428e+03 2.173958937183424830e+06 2.432460784922115039e+06 2.000290413352751872e+06 1.733894503328154329e+06 -5.627303885034325067e+05 -4.616892131430281734e+04 5.102877732896316447e+05 -2.757764488736009807e+05 -2.666580221546581597e+05
2.430946976460942999e+06 9.866087967807502719e+05 3.301499793128027814e+05 -1.816941904299916059e+05 1.307646435091022169e+06 6.943234947961803300e+03 9.377048257422495226e+03 -3.639129629434660455e+04 1.110274589158613253e+03 3.703911004811527207e+06 2.679613681811558781e+05 -1.483883715840147575e+06 -1.285652659578849707e+05 1.032090308874113369e+06 9.821364931953866035e+05 7.036906128059988987e+03 1.379155860717607429e+05 -4.039380470616738603e+04
1.817235944617396453e+06 3.492633101332061779e+04 1.193670165177915042e+05 -1.362307875041462648e+04 6.943234947961803300e+03 5.324875475887729554e+05 1.224435601163368992e+05 1.180146029539603478e+05 -1.558964452137034459e+04 -2.274774688495694660e+06 -9.299163752393419854e+05 4.020283021523081698e+05 -7.260341058154858183e+05 2.276390398773825145e+05 3.629131735230867635e+05 -1.094513995079830784e+05 -9.545158273767837090e+04 -1.396923608508833058e+04
6.582706011401942233e+05 4.039947682387020322e+05 1.444784080179025477e+04 -8.642580542146522203e+04 9.377048257422495226e+03 1.224435601163368992e+05 2.482418104523762886e+05 1.296148971684830030e+04 -2.605589918764950926e+04 -2.396863460430871695e+06 -4.378990715633888030e+05 -9.903648103550616652e+05 -5.092827253775721183e+05 -3.229932991289966740e+05 1.656249904053999053e+05 6.075035216417857737e+04 -3.970870852445866331e+04 -8.375184519996242307e+04
8.795626971115508059e+04 2.697759105121549801e+05 3.833090210062997357e+04 3.532572818671618006e+04 -3.639129629434660455e+04 1.180146029539603478e+05 1.296148971684830030e+04 1.093922595425724139e+05 2.443423181896277674e+04 -7.664013426697899122e+05 3.115054621929563582e+05 5.764571501610759879e+05 -1.291939198929731210e+05 2.126156844293429458e+05 6.607489589248795528e+04 -7.394579161298023246e+04 1.052510858925022185e+05 3.833150141523801722e+04
-2.548167975290885370e+05 3.324356375870804768e+05 -1.285471636549049872e+05 2.385192504202636428e+03 1.110274589158613253e+03 -1.558964452137034459e+04 -2.605589918764950926e+04 2.443423181896277674e+04 1.351991485073928488e+05 9.390465164171558572e+05 -3.784845838518687524e+05 6.686352780500437075e+04 -2.746357478439595434e+05 -9.814223126720196160e+04 -9.746224460919616104e+04 6.067273611969452031e+04 2.770757217392052098e+03 8.578987893715554674e+04
2.293124215182351694e+07 4.177465708413763437e+06 7.158641809131328773e+04 2.173958937183424830e+06 3.703911004811527207e+06 -2.274774688495694660e+06 -2.396863460430871695e+06 -7.664013426697899122e+05 9.390465164171558572e+05 1.904025549409922659e+08 2.116398005147207528e+07 -9.259546938340755180e+06 1.398223864660565741e+06 1.345066752713343361e+06 2.913924285106793046e+06 1.885244433721153531e+06 6.258704518837396754e+05 1.682747895958670648e+06
-1.004601171273499168e+07 9.720925921443391591e+06 4.880211903247733600e+06 2.432460784922115039e+06 2.679613681811558781e+05 -9.299163752393419854e+05 -4.378990715633888030e+05 3.115054621929563582e+05 -3.784845838518687524e+05 2.116398005147207528e+07 4.708104155260285735e+07 5.336453193009651266e+06 5.209585705360600725e+06 4.084995074057403952e+06 -1.455227151454741601e+06 2.336698099148046225e+06 4.284921089773510583e+06 7.898956537357718917e+05
-5.445475235494899563e+06 -8.029107077504026704e+06 1.580065075747795636e+06 2.000290413352751872e+06 -1.483883715840147575e+06 4.020283021523081698e+05 -9.903648103550616652e+05 5.764571501610759879e+05 6.686352780500437075e+04 -9.259546938340755180e+06 5.336453193009651266e+06 2.889601548901466280e+07 -7.380495089985240484e+05 4.492130046947758645e+06 4.430460823395993793e+05 -1.090128632018906530e+06 -5.327377510896391468e+05 6.460174194114464335e+05
-6.014056071241286583e+06 -5.339559997815776296e+04 1.506743175443788758e+06 1.733894503328154329e+06 -1.285652659578849707e+05 -7.260341058154858183e+05 -5.092827253775721183e+05 -1.291939198929731210e+05 -2.746357478439595434e+05 1.398223864660565741e+06 5.209585705360600725e+06 -7.380495089985240484e+05 1.290356769847760536e+07 3.139573425543243531e+06 2.497303980786829488e+05 1.193054924968561158e+06 1.106552424256646307e+06 3.325515634177141328e+04
6.722432459755985765e+05 7.549700682245674543e+05 8.223243531953251222e+05 -5.627303885034325067e+05 1.032090308874113369e+06 2.276390398773825145e+05 -3.229932991289966740e+05 2.126156844293429458e+05 -9.814223126720196160e+04 1.345066752713343361e+06 4.084995074057403952e+06 4.492130046947758645e+06 3.139573425543243531e+06 5.802020695726750419e+06 2.248124041827583686e+06 -3.596209549641654012e+05 5.863334769712885609e+05 2.979144332376341918e+05
4.232462532041218132e+06 9.305317865939282347e+05 1.512699063915065955e+06 -4.616892131430281734e+04 9.821364931953866035e+05 3.629131735230867635e+05 1.656249904053999053e+05 6.607489589248795528e+04 -9.746224460919616104e+04 2.913924285106793046e+06 -1.455227151454741601e+06 4.430460823395993793e+05 2.497303980786829488e+05 2.248124041827583686e+06 3.043693453174266499e+06 -3.397220432483427576e+05 6.209608158040036506e+04 -1.183338226565201767e+05
2.841421969768564450e+05 8.636348427033637417e+05 -3.266817220037586521e+05 5.102877732896316447e+05 7.036906128059988987e+03 -1.094513995079830784e+05 6.075035216417857737e+04 -7.394579161298023246e+04 6.067273611969452031e+04 1.885244433721153531e+06 2.336698099148046225e+06 -1.090128632018906530e+06 1.193054924968561158e+06 -3.596209549641654012e+05 -3.397220432483427576e+05 1.368662347278040135e+06 4.329373843499103677e+05 -4.600645982021431701e+04
-1.894545130443039350e+06 1.198175622350624064e+06 -1.906938293718390632e+05 -2.757764488736009807e+05 1.379155860717607429e+05 -9.545158273767837090e+04 -3.970870852445866331e+04 1.052510858925022185e+05 2.770757217392052098e+03 6.258704518837396754e+05 4.284921089773510583e+06 -5.327377510896391468e+05 1.106552424256646307e+06 5.863334769712885609e+05 6.209608158040036506e+04 4.329373843499103677e+05 1.520919171603996772e+06 3.346559236579659046e+05
-1.436943122705673741e+05 -3.419513782460851944e+05 3.870268174483936164e+05 -2.666580221546581597e+05 -4.039380470616738603e+04 -1.396923608508833058e+04 -8.375184519996242307e+04 3.833150141523801722e+04 8.578987893715554674e+04 1.682747895958670648e+06 7.898956537357718917e+05 6.460174194114464335e+05 3.325515634177141328e+04 2.979144332376341918e+05 -1.183338226565201767e+05 -4.600645982021431701e+04 3.346559236579659046e+05 4.913044451256251195e+05
