6.465735346134412289e+07 1.550795219858579524e+07 -2.773677296256470028e+06 -5.816625783180372790e+06 -8.063516526619771030e+05 9.645808446487429319e+05 -5.874358172856182791e+05 -1.239369532858497463e+06 -2.038943484733904479e+05 4.220144221262577176e+07 1.353946880967059731e+07 -1.619934282082779566e+06 -4.703460511177419685e+06 -1.711852431184074885e+04 -5.533533863460715860e+06 -6.045608266982308589e+06 -1.001400771977000055e+06 -7.683234583417555550e+05
1.550795219858579524e+07 1.466934375852647424e+07 6.234275443597306730e+05 2.297801778975717898e+05 -9.725421323686983669e+05 -5.125197728260816075e+05 -9.007676584072237602e+05 -6.520870373424926220e+04 -1.844351715336633206e+05 2.611852484605038166e+07 1.999839407478286698e+07 7.893458713952241233e+05 -6.781395228673425736e+05 -6.088492642326632049e+05 -2.438775147260135505e+06 -1.363921328554920154e+06 -1.079187246885177447e+06 -8.837331400456681149e+05
-2.773677296256470028e+06 6.234275443597306730e+05 4.736737785758253187e+06 1.704666089505943470e+06 -3.484037527948902425e+04 -3.195362421335705440e+05 -2.742843393349731923e+05 5.390124451168077067e+05 -5.230486025556107961e+03 1.055028122130123712e+07 3.788171523239765316e+06 4.983401128609632142e+06 1.666097778407190694e+06 5.214621466864263639e+05 5.477968725375914946e+05 2.054995555567617295e+06 -1.302108943401049328e+05 5.687489603211629437e+05
-5.816625783180372790e+06 2.297801778975717898e+05 1.704666089505943470e+06 2.359342560843369924e+06 1.031909705354592588e+05 2.090088890568508359e+05 1.309343453041852190e+05 2.526992981876092381e+05 1.121253867439131427e+05 2.793478352870777249e+06 -1.042293957057241467e+06 5.945980262641264126e+05 -2.293939965773129952e+05 -3.383028853148106718e+05 7.029664336476559984e+05 1.010891546946545481e+06 -3.941759517466684338e+05 -1.088486232226181746e+05
-8.063516526619771030e+05 -9.725421323686983669e+05 -3.484037527948902425e+04 1.031909705354592588e+05 1.062333748864576221e+06 1.503006372490117792e+05 9.872009452701552073e+04 1.356808886479397188e+04 5.711138009510808479e+04 -5.008465005945604295e+06 -1.838158596821725368e+06 3.217807767959543853e+05 7.841086027767364867e+05 1.162898601224167272e+06 4.286737727550250129e+05 1.137972695335215103e+05 1.254183872223241488e+05 1.021034021731322282e+05
9.645808446487429319e+05 -5.125197728260816075e+05 -3.195362421335705440e+05 2.090088890568508359e+05 1.503006372490117792e+05 6.222069389480012469e+05 1.143250199617848557e+05 -5.258472876749078569e+04 6.285151325631083455e+04 3.139963919584568066e+04 -3.544732974492331501e+06 -4.813300918385903933e+05 -4.543718246337008313e+05 2.664655445074670715e+05 4.107144658678412088e+05 -2.205804115415653505e+05 1.708543199666503642e+05 -1.105539311950408446e+05
-5.874358172856182791e+05 -9.007676584072237602e+05 -2.742843393349731923e+05 1.309343453041852190e+05 9.872009452701552073e+04 1.143250199617848557e+05 3.408472367712985142e+05 6.387339508014370222e+04 5.713896569291737251e+04 -4.476335214024391025e+06 -1.691507075575659517e+06 -9.508933155113307294e+05 -1.798680288598345578e+04 -1.985382820332151896e+05 1.401106412104526826e+05 6.102471418979544251e+04 7.843343321473950346e+04 2.972794659998573115e+04
-1.239369532858497463e+06 -6.520870373424926220e+04 5.390124451168077067e+05 2.526992981876092381e+05 1.356808886479397188e+04 -5.258472876749078569e+04 6.387339508014370222e+04 2.247347914957157918e+05 4.763512724932000856e+04 -2.495703101584059186e+06 5.469504804950047401e+04 4.080758950280568097e+05 6.090548663035783684e+05 1.957584892010756885e+05 2.732308020593982073e+05 3.311171362318330794e+05 6.691708562301476195e+04 4.863665693767309131e+04
-2.038943484733904479e+05 -1.844351715336633206e+05 -5.230486025556107961e+03 1.121253867439131427e+05 5.711138009510808479e+04 6.285151325631083455e+04 5.713896569291737251e+04 4.763512724932000856e+04 4.581489239771734719e+04 -1.385849072075397009e+06 -9.775999813625718234e+05 -1.131294834624962969e+05 1.881815303003306617e+05 7.436032725084727281e+04 1.351015673789169814e+05 6.534349143292293775e+03 -9.244278165519026516e+03 2.297462490955245084e+04
4.220144221262577176e+07 2.611852484605038166e+07 1.055028122130123712e+07 2.793478352870777249e+06 -5.008465005945604295e+06 3.139963919584568066e+04 -4.476335214024391025e+06 -2.495703101584059186e+06 -1.385849072075397009e+06 3.375680177091270089e+08 -3.805461073917725123e+06 9.344906149950377643e+06 -2.081580828128671646e+07 -4.960542150225608610e+06 -5.589809494669537991e+06 1.696790666936870432e+06 -6.642427311301990412e+05 2.895131073170644231e+05
1.353946880967059731e+07 1.999839407478286698e+07 3.788171523239765316e+06 -1.042293957057241467e+06 -1.838158596821725368e+06 -3.544732974492331501e+06 -1.691507075575659517e+06 5.469504804950047401e+04 -9.775999813625718234e+05 -3.805461073917725123e+06 1.063068433472923338e+08 4.638159339401667938e+06 -2.424782733869445219e+05 -4.742334157263283618e+06 -6.460547698728319257e+06 -9.926463901227263268e+05 -7.845399604807819705e+05 -7.242706612433971604e+05
-1.619934282082779566e+06 7.893458713952241233e+05 4.983401128609632142e+06 5.945980262641264126e+05 3.217807767959543853e+05 -4.813300918385903933e+05 -9.508933155113307294e+05 4.080758950280568097e+05 -1.131294834624962969e+05 9.344906149950377643e+06 4.638159339401667938e+06 1.665853943342444673e+07 2.792187669092787430e+06 7.554723904116716003e+05 1.007732063614302198e+06 8.417215267758991104e+05 -1.068645951392405434e+06 -2.168729219921690528e+05
-4.703460511177419685e+06 -6.781395228673425736e+05 1.666097778407190694e+06 -2.293939965773129952e+05 7.841086027767364867e+05 -4.543718246337008313e+05 -1.798680288598345578e+04 6.090548663035783684e+05 1.881815303003306617e+05 -2.081580828128671646e+07 -2.424782733869445219e+05 2.792187669092787430e+06 8.392914753384824842e+06 2.513442772415892687e+06 1.653247379735099850e+06 -1.029809107201956649e+05 1.501837344544748776e+05 7.259551388197627384e+05
-1.711852431184074885e+04 -6.088492642326632049e+05 5.214621466864263639e+05 -3.383028853148106718e+05 1.162898601224167272e+06 2.664655445074670715e+05 -1.985382820332151896e+05 1.957584892010756885e+05 7.436032725084727281e+04 -4.960542150225608610e+06 -4.742334157263283618e+06 7.554723904116716003e+05 2.513442772415892687e+06 5.015979825295262039e+06 5.184518774133723928e+05 8.482797078962840606e+05 8.009999930421753088e+05 3.086771374292488326e+05
-5.533533863460715860e+06 -2.438775147260135505e+06 5.477968725375914946e+05 7.029664336476559984e+05 4.286737727550250129e+05 4.107144658678412088e+05 1.401106412104526826e+05 2.732308020593982073e+05 1.351015673789169814e+05 -5.589809494669537991e+06 -6.460547698728319257e+06 1.007732063614302198e+06 1.653247379735099850e+06 5.184518774133723928e+05 3.165366570053400006e+06 4.900358628439842141e+05 4.119034962439297815e+05 6.065105482163475826e+05
-6.045608266982308589e+06 -1.363921328554920154e+06 2.054995555567617295e+06 1.010891546946545481e+06 1.137972695335215103e+05 -2.205804115415653505e+05 6.102471418979544251e+04 3.311171362318330794e+05 6.534349143292293775e+03 1.696790666936870432e+06 -9.926463901227263268e+05 8.417215267758991104e+05 -1.029809107201956649e+05 8.482797078962840606e+05 4.900358628439842141e+05 2.306635038188001141e+06 5.733301349251446081e+05 5.638762509440226713e+05
-1.001400771977000055e+06 -1.079187246885177447e+06 -1.302108943401049328e+05 -3.941759517466684338e+05 1.254183872223241488e+05 1.708543199666503642e+05 7.843343321473950346e+04 6.691708562301476195e+04 -9.244278165519026516e+03 -6.642427311301990412e+05 -7.845399604807819705e+05 -1.068645951392405434e+06 1.501837344544748776e+05 8.009999930421753088e+05 4.119034962439297815e+05 5.733301349251446081e+05 9.896365675485152751e+05 3.463394065509891370e+05
-7.683234583417555550e+05 -8.837331400456681149e+05 5.687489603211629437e+05 -1.088486232226181746e+05 1.021034021731322282e+05 -1.105539311950408446e+05 2.972794659998573115e+04 4.863665693767309131e+04 2.297462490955245084e+04 2.895131073170644231e+05 -7.242706612433971604e+05 -2.168729219921690528e+05 7.259551388197627384e+05 3.086771374292488326e+05 6.065105482163475826e+05 5.638762509440226713e+05 3.463394065509891370e+05 6.926364288819686044e+05
