4.648104852686750889e+07 9.203428595515860245e+06 4.722009159986899234e+06 -2.173029118214210495e+06 -2.967359778809696436e+05 -1.878122948480802006e+05 -1.841814641978601285e+05 1.036407154486127198e+06 1.551778142568331095e+05 2.522529584552584589e+07 -2.491078596550054103e+07 -5.851709730487416498e+06 6.327775158569600899e+05 5.764523016836317256e+05 -2.124324532212739810e+06 5.705054601750927977e+05 1.808675781509252731e+06 -1.047448399213348515e+06
9.203428595515860245e+06 1.938554551460192353e+07 2.858727526007824577e+06 1.876239935679113260e+06 -8.046506647903297562e+05 2.022304025475451490e+05 6.055716852905402629e+04 6.264825523778402712e+05 -8.536824953539266426e+04 2.125655700605525449e+07 1.539275868128211796e+07 2.702615227920342702e+06 8.452379026721047238e+06 1.893463675097844098e+06 2.896852248261028435e+05 -1.307195887699275976e+06 1.156534439324018545e+06 6.343298729650280438e+05
4.722009159986899234e+06 2.858727526007824577e+06 3.859308452696320601e+06 1.171973617378642317e+06 -1.841326420370521373e+05 -3.839473194194969838e+05 -1.620205663332981931e+05 1.707381772826944944e+05 -2.398395638932130241e+05 1.372911950824830867e+07 -3.260939666554521536e+05 -1.253763730762316845e+06 1.056381419491051696e+06 -1.099679705496037350e+05 -4.009979015177633264e+05 1.385126223363926401e+05 -3.679481900324962044e+04 -4.409765623776666471e+05
-2.173029118214210495e+06 1.876239935679113260e+06 1.171973617378642317e+06 2.406267044868592173e+06 2.625632058154281112e+05 3.117553661098998273e+05 -1.111921143463904591e+05 8.230766824531400925e+04 -2.909706159611295443e+05 6.483446329481452703e+06 3.189777687836878933e+06 1.542008236234434298e+05 1.382154229231766425e+06 1.076702512188400608e+06 1.721243666475719656e+05 -1.903648149399580725e+05 -6.397735715349079110e+05 -4.696676252443836420e+05
-2.967359778809696436e+05 -8.046506647903297562e+05 -1.841326420370521373e+05 2.625632058154281112e+05 9.244605906516778050e+05 1.655809204348822241e+05 -4.130032728820319608e+04 1.741965756904931040e+05 3.134650484103854978e+04 2.514406289931240492e+06 -2.347544250791791826e+06 2.738025896377358367e+04 5.596357755143850809e+05 7.007280921905499417e+05 -2.315980518745022418e+05 5.780660764588650782e+05 -1.697350498842164525e+05 1.018069422423813194e+04
-1.878122948480802006e+05 2.022304025475451490e+05 -3.839473194194969838e+05 3.117553661098998273e+05 1.655809204348822241e+05 5.711872940650345990e+05 6.158210976824286627e+04 8.414267509464206523e+04 2.479424213971058634e+03 4.719026909166991245e+05 2.324099621490151156e+06 5.655952831079396419e+05 3.442628719077800051e+05 4.420781360885900212e+05 3.140000222361471388e+05 9.813589000149718777e+04 -2.242936126811625581e+04 4.682032633511890162e+04
-1.841814641978601285e+05 6.055716852905402629e+04 -1.620205663332981931e+05 -1.111921143463904591e+05 -4.130032728820319608e+04 6.158210976824286627e+04 3.658345161966466694e+05 4.163436982097705913e+04 2.830175051717602764e+04 -1.639823936087816488e+06 -7.439459168009407585e+05 -9.867502216723979218e+05 1.981420647516808240e+05 -3.094418130962057039e+05 -5.346403113944234065e+04 1.662799371070926718e+05 -2.715915363771392731e+04 3.281872562209078023e+04
1.036407154486127198e+06 6.264825523778402712e+05 1.707381772826944944e+05 8.230766824531400925e+04 1.741965756904931040e+05 8.414267509464206523e+04 4.163436982097705913e+04 2.086137120294404740e+05 4.666670511225022346e+04 2.552853866287250072e+06 1.111073705974171753e+05 -4.841615336321126670e+05 6.260676926648116023e+03 3.705147648937561316e+05 -1.411650366581783164e+05 5.987704978273739835e+04 6.225375292551031453e+04 2.375918246950180401e+04
1.551778142568331095e+05 -8.536824953539266426e+04 -2.398395638932130241e+05 -2.909706159611295443e+05 3.134650484103854978e+04 2.479424213971058634e+03 2.830175051717602764e+04 4.666670511225022346e+04 1.133749600022104569e+05 -1.281023915190568194e+06 4.232687350239353254e+05 -4.744580359077282483e+05 -1.847291443939679884e+05 -1.211267579605817882e+05 -4.096928875541441084e+04 1.045953806396960863e+05 1.178075304718698899e+05 1.178770954750969831e+05
2.522529584552584589e+07 2.125655700605525449e+07 1.372911950824830867e+07 6.483446329481452703e+06 2.514406289931240492e+06 4.719026909166991245e+05 -1.639823936087816488e+06 2.552853866287250072e+06 -1.281023915190568194e+06 1.970349713402281106e+08 2.530704112321750447e+07 -2.673917303822785150e+06 5.042502897952112369e+06 3.266068240089305211e+06 -1.611358027048097923e+06 -9.896306004272446735e+05 4.654180762146177585e+05 -1.626738789842843544e+05
-2.491078596550054103e+07 1.539275868128211796e+07 -3.260939666554521536e+05 3.189777687836878933e+06 -2.347544250791791826e+06 2.324099621490151156e+06 -7.439459168009407585e+05 1.111073705974171753e+05 4.232687350239353254e+05 2.530704112321750447e+07 1.210402486589290202e+08 1.155464161411087960e+07 -2.301490290590445511e+06 5.933905976010343293e+05 7.454372268145435955e+05 -4.742544293887494132e+06 3.720339170070089313e+04 2.470249019716300070e+06
-5.851709730487416498e+06 2.702615227920342702e+06 -1.253763730762316845e+06 1.542008236234434298e+05 2.738025896377358367e+04 5.655952831079396419e+05 -9.867502216723979218e+05 -4.841615336321126670e+05 -4.744580359077282483e+05 -2.673917303822785150e+06 1.155464161411087960e+07 2.170728746218477935e+07 3.265001722785943188e+06 4.267775526910087094e+06 -3.164999301529106451e+05 -5.795928237785460660e+05 -7.180913851230568253e+05 4.591853915872833459e+05
6.327775158569600899e+05 8.452379026721047238e+06 1.056381419491051696e+06 1.382154229231766425e+06 5.596357755143850809e+05 3.442628719077800051e+05 1.981420647516808240e+05 6.260676926648116023e+03 -1.847291443939679884e+05 5.042502897952112369e+06 -2.301490290590445511e+06 3.265001722785943188e+06 1.380117253539691493e+07 2.139756652416593861e+06 1.506419519610390300e+06 1.090746680388226174e+06 3.018532528901406331e+05 8.930710137958712876e+05
5.764523016836317256e+05 1.893463675097844098e+06 -1.099679705496037350e+05 1.076702512188400608e+06 7.007280921905499417e+05 4.420781360885900212e+05 -3.094418130962057039e+05 3.705147648937561316e+05 -1.211267579605817882e+05 3.266068240089305211e+06 5.933905976010343293e+05 4.267775526910087094e+06 2.139756652416593861e+06 4.915823855047326535e+06 1.669080847382638240e+04 1.523487888852983306e+05 2.803610626682414440e+05 1.201579106014407153e+05
-2.124324532212739810e+06 2.896852248261028435e+05 -4.009979015177633264e+05 1.721243666475719656e+05 -2.315980518745022418e+05 3.140000222361471388e+05 -5.346403113944234065e+04 -1.411650366581783164e+05 -4.096928875541441084e+04 -1.611358027048097923e+06 7.454372268145435955e+05 -3.164999301529106451e+05 1.506419519610390300e+06 1.669080847382638240e+04 1.697610874761116225e+06 -7.396354687508163624e+04 1.405835645190161013e+05 3.063439115018392913e+05
5.705054601750927977e+05 -1.307195887699275976e+06 1.385126223363926401e+05 -1.903648149399580725e+05 5.780660764588650782e+05 9.813589000149718777e+04 1.662799371070926718e+05 5.987704978273739835e+04 1.045953806396960863e+05 -9.896306004272446735e+05 -4.742544293887494132e+06 -5.795928237785460660e+05 1.090746680388226174e+06 1.523487888852983306e+05 -7.396354687508163624e+04 1.766419722270990256e+06 2.471808236116605985e+05 3.691364174547663424e+05
1.808675781509252731e+06 1.156534439324018545e+06 -3.679481900324962044e+04 -6.397735715349079110e+05 -1.697350498842164525e+05 -2.242936126811625581e+04 -2.715915363771392731e+04 6.225375292551031453e+04 1.178075304718698899e+05 4.654180762146177585e+05 3.720339170070089313e+04 -7.180913851230568253e+05 3.018532528901406331e+05 2.803610626682414440e+05 1.405835645190161013e+05 2.471808236116605985e+05 1.069357496968664927e+06 3.955029721682210802e+05
-1.047448399213348515e+06 6.343298729650280438e+05 -4.409765623776666471e+05 -4.696676252443836420e+05 1.018069422423813194e+04 4.682032633511890162e+04 3.281872562209078023e+04 2.375918246950180401e+04 1.178770954750969831e+05 -1.626738789842843544e+05 2.470249019716300070e+06 4.591853915872833459e+05 8.930710137958712876e+05 1.201579106014407153e+05 3.063439115018392913e+05 3.691364174547663424e+05 3.955029721682210802e+05 8.595334000600759173e+05
