4.882274312161078304e+07 6.455593576287716627e+06 -1.522501136819926556e+06 4.483326968062690459e+06 1.657595248714004410e+06 -1.037227420056584408e+06 -2.154084306976528023e+05 -7.543863787529391702e+05 -1.366746726083086687e+05 2.118274871238054708e+07 1.126419085127638094e+07 -9.648661275688527152e+06 -1.341336838359331014e+06 1.634577775376040721e+06 -3.854626680709516164e+06 2.230090318110240623e+06 1.460171077783160740e+02 -1.329754589940285776e+06
6.455593576287716627e+06 1.488607654480879195e+07 3.554919531377392123e+05 9.116086695196884684e+05 1.215321111526153982e+06 8.294798229595534503e+05 1.310844825713328610e+05 -5.772782636772194383e+04 -1.354632031585187069e+05 -1.104787927116006054e+07 -4.147341757627752144e+06 8.862737547847615788e+05 2.877504077699229587e+06 2.711447843709297013e+06 4.091380617486976087e+06 1.011631517726719496e+06 -1.272876501629511127e+06 -7.048271965112510370e+05
-1.522501136819926556e+06 3.554919531377392123e+05 5.267026106407460757e+06 -2.471601709465183085e+05 -4.596832411556434818e+05 4.807079351401716121e+05 4.096672939614248462e+05 -8.409520457861312025e+04 1.506925114608735312e+05 -4.522872676382158883e+06 -2.342791836832050700e+06 2.854909198280995712e+06 1.605177290321644163e+06 9.663641343350666284e+04 1.141800287984988419e+06 1.580192094547670567e+05 -4.412916508734702948e+05 6.228768223519033054e+05
4.483326968062690459e+06 9.116086695196884684e+05 -2.471601709465183085e+05 1.511217342552246526e+06 3.370962847168573062e+05 1.176796504646678804e+05 -1.459785850120618707e+05 -2.140210602211778678e+04 2.260729249588837411e+04 3.945904557005862589e+05 -9.348229657894084230e+05 -6.370233625419712625e+05 1.003516913458726252e+06 -4.722455998609076487e+05 -8.408690254468554631e+05 -3.173329500080330763e+05 -1.284712842174820253e+05 -4.478628474679214560e+04
1.657595248714004410e+06 1.215321111526153982e+06 -4.596832411556434818e+05 3.370962847168573062e+05 1.085068674991879147e+06 2.784666202658027760e+05 -1.079719533591241197e+05 -1.405891825713164872e+05 -4.438274270763380628e+04 1.964497857013124973e+06 1.965317364533555461e+06 1.044373733511859464e+05 -2.045381791781059874e+05 4.908153243347777170e+05 9.421979391826197971e+05 4.451509931031556334e+05 -4.199096718565733172e+05 -4.356133620692653349e+05
-1.037227420056584408e+06 8.294798229595534503e+05 4.807079351401716121e+05 1.176796504646678804e+05 2.784666202658027760e+05 6.752851762797612464e+05 1.274233707044417388e+05 -4.939939370993724879e+04 9.568570578320194909e+04 -6.080886538195532194e+04 -1.493398326178150892e+05 5.908391309557587374e+05 -5.049013520722248359e+05 3.938686415410399786e+04 1.231294579680912429e+06 3.931607618380795466e+05 -1.882422788642816886e+05 9.303650350977075868e+04
-2.154084306976528023e+05 1.310844825713328610e+05 4.096672939614248462e+05 -1.459785850120618707e+05 -1.079719533591241197e+05 1.274233707044417388e+05 3.572261911281619105e+05 3.685674082882150833e+04 8.329989834920089925e+04 7.136478120884910459e+05 1.070184550972494471e+05 3.622124926221738860e+04 -2.410346866802740260e+05 -1.092623737338747451e+05 5.895858426854688441e+05 -5.599691830820932955e+04 -2.836502610129069653e+05 1.805899754475534428e+05
-7.543863787529391702e+05 -5.772782636772194383e+04 -8.409520457861312025e+04 -2.140210602211778678e+04 -1.405891825713164872e+05 -4.939939370993724879e+04 3.685674082882150833e+04 2.294907610993361741e+05 9.658219376157892839e+03 -4.066189612290142104e+06 -1.333648728992062155e+06 5.251771414927729638e+05 -6.691082585851642943e+04 -7.382229239507777675e+04 -3.533414320850468357e+05 -2.157578927943278104e+05 1.585387745853143861e+05 1.640496844514162804e+05
-1.366746726083086687e+05 -1.354632031585187069e+05 1.506925114608735312e+05 2.260729249588837411e+04 -4.438274270763380628e+04 9.568570578320194909e+04 8.329989834920089925e+04 9.658219376157892839e+03 1.023551535090564430e+05 1.697284279479437100e+05 -2.817572583212080062e+05 3.660327002968291345e+04 -2.905580504797028261e+05 -3.875454429747562972e+04 1.555098318388948392e+05 -6.869724998351100658e+04 1.201062938458493954e+04 1.212420784207452671e+05
2.118274871238054708e+07 -1.104787927116006054e+07 -4.522872676382158883e+06 3.945904557005862589e+05 1.964497857013124973e+06 -6.080886538195532194e+04 7.136478120884910459e+05 -4.066189612290142104e+06 1.697284279479437100e+05 2.714233757116484046e+08 9.641599623982456326e+07 1.067590404983531684e+07 1.055433529003901593e+07 -5.837434370848345570e+06 5.661112105366247706e+06 1.902387329353805166e+06 -9.975312572387078777e+06 -3.515442164149508346e+06
1.126419085127638094e+07 -4.147341757627752144e+06 -2.342791836832050700e+06 -9.348229657894084230e+05 1.965317364533555461e+06 -1.493398326178150892e+05 1.070184550972494471e+05 -1.333648728992062155e+06 -2.817572583212080062e+05 9.641599623982456326e+07 6.839865304896463454e+07 8.799947338274279609e+06 4.418361302322469652e+06 1.251120517093557100e+04 2.330538968409395238e+04 4.350373653722779825e+06 -2.408057857297589537e+06 -2.893562092697512358e+06
-9.648661275688527152e+06 8.862737547847615788e+05 2.854909198280995712e+06 -6.370233625419712625e+05 1.044373733511859464e+05 5.908391309557587374e+05 3.622124926221738860e+04 5.251771414927729638e+05 3.660327002968291345e+04 1.067590404983531684e+07 8.799947338274279609e+06 2.009028810011479259e+07 6.255151044687297195e+06 1.654620665417198790e+06 2.721874818083684426e+06 -1.184203670263780514e+06 -2.575663316934349481e+06 -4.601895875720584299e+05
-1.341336838359331014e+06 2.877504077699229587e+06 1.605177290321644163e+06 1.003516913458726252e+06 -2.045381791781059874e+05 -5.049013520722248359e+05 -2.410346866802740260e+05 -6.691082585851642943e+04 -2.905580504797028261e+05 1.055433529003901593e+07 4.418361302322469652e+06 6.255151044687297195e+06 1.011924862029776163e+07 1.398445213696544990e+06 9.950444331491652702e+04 -2.280632260945626069e+06 -1.247594447419273201e+06 -1.569481760536700604e+05
1.634577775376040721e+06 2.711447843709297013e+06 9.663641343350666284e+04 -4.722455998609076487e+05 4.908153243347777170e+05 3.938686415410399786e+04 -1.092623737338747451e+05 -7.382229239507777675e+04 -3.875454429747562972e+04 -5.837434370848345570e+06 1.251120517093557100e+04 1.654620665417198790e+06 1.398445213696544990e+06 4.704593181296811439e+06 1.351422384734407766e+06 -1.969928537892584864e+05 -1.389212301975594601e+05 2.392219920803941204e+05
-3.854626680709516164e+06 4.091380617486976087e+06 1.141800287984988419e+06 -8.408690254468554631e+05 9.421979391826197971e+05 1.231294579680912429e+06 5.895858426854688441e+05 -3.533414320850468357e+05 1.555098318388948392e+05 5.661112105366247706e+06 2.330538968409395238e+04 2.721874818083684426e+06 9.950444331491652702e+04 1.351422384734407766e+06 6.568960974327532575e+06 6.984880964091619244e+05 -1.547682291577925440e+06 -2.526545817547221377e+05
2.230090318110240623e+06 1.011631517726719496e+06 1.580192094547670567e+05 -3.173329500080330763e+05 4.451509931031556334e+05 3.931607618380795466e+05 -5.599691830820932955e+04 -2.157578927943278104e+05 -6.869724998351100658e+04 1.902387329353805166e+06 4.350373653722779825e+06 -1.184203670263780514e+06 -2.280632260945626069e+06 -1.969928537892584864e+05 6.984880964091619244e+05 2.208579445277332328e+06 2.297360562985115102e+05 -4.762185903033117647e+05
1.460171077783160740e+02 -1.272876501629511127e+06 -4.412916508734702948e+05 -1.284712842174820253e+05 -4.199096718565733172e+05 -1.882422788642816886e+05 -2.836502610129069653e+05 1.585387745853143861e+05 1.201062938458493954e+04 -9.975312572387078777e+06 -2.408057857297589537e+06 -2.575663316934349481e+06 -1.247594447419273201e+06 -1.389212301975594601e+05 -1.547682291577925440e+06 2.297360562985115102e+05 1.661945399917525705e+06 3.317305711263447884e+05
-1.329754589940285776e+06 -7.048271965112510370e+05 6.228768223519033054e+05 -4.478628474679214560e+04 -4.356133620692653349e+05 9.303650350977075868e+04 1.805899754475534428e+05 1.640496844514162804e+05 1.212420784207452671e+05 -3.515442164149508346e+06 -2.893562092697512358e+06 -4.601895875720584299e+05 -1.569481760536700604e+05 2.392219920803941204e+05 -2.526545817547221377e+05 -4.762185903033117647e+05 3.317305711263447884e+05 7.485347482241014950e+05
