4.712302332870717347e+07 5.774067147606000304e+06 1.293891239015667699e+06 4.908151326603253983e+04 -3.607150110568951350e+05 1.920968114636645259e+04 -9.613505563168335939e+05 -8.171826099262634525e+05 -2.938591284005463822e+05 2.600550674746741354e+07 2.863899115303746611e+07 -3.419853888807530981e+06 -2.673979512524679303e+06 -4.856666959111904725e+06 1.709177354474118445e+06 -6.567739451249091653e+05 -8.245350260756210191e+05 1.890237872955091996e+06
5.774067147606000304e+06 1.147586442748761736e+07 -8.900767778275571764e+05 1.235490083485648967e+06 4.896190117876265867e+04 -8.059584284997426439e+05 -8.155053129920123611e+05 2.032070941186701748e+04 -3.628274319475531229e+05 6.322448977096663788e+06 2.018521242022739025e+05 -2.842435424598188605e+06 -1.126599289986242948e+05 -1.281352754322529538e+06 6.692851407407809747e+05 2.128665480087152100e+05 -1.429148173247313825e+06 -2.311362005003047234e+05
1.293891239015667699e+06 -8.900767778275571764e+05 5.735665340217115358e+06 6.894946055006564129e+05 1.678642486620636191e+05 5.500849504979202902e+04 -2.894086543459606473e+05 4.666912755159832886e+04 -1.162499537910202780e+05 -4.702082193797764368e+06 1.806792168876207899e+06 1.939265638272477547e+06 8.129278577366620302e+05 5.985558131112284027e+05 -2.846015822619578685e+05 -3.241366860044290079e+05 7.248081510250486899e+05 -1.680547901588058448e+05
4.908151326603253983e+04 1.235490083485648967e+06 6.894946055006564129e+05 3.348882980862890370e+06 7.661766971550050657e+05 2.222670165120948805e+05 -1.794716504606243107e+05 3.604087848438561778e+05 1.200413648216930014e+05 3.497979640673284885e+06 -9.226810353947606636e+05 4.145753512660101405e+05 3.211835434164878447e+06 9.043123585708109895e+05 5.872458983382554725e+05 5.680910900162751786e+05 3.549994237587505486e+05 1.682124278461679642e+05
-3.607150110568951350e+05 4.896190117876265867e+04 1.678642486620636191e+05 7.661766971550050657e+05 1.291851865787065588e+06 3.106748248332625371e+05 3.864877425617195549e+05 3.373514484573334921e+05 1.323638014808321896e+05 3.557681470654924866e+06 -2.238098662521994673e+06 2.090201729031139985e+06 7.020410369477077620e+05 1.057622332629302982e+06 9.397638185588656925e+05 8.253555689230023418e+05 7.208808741808922496e+05 3.203512721729440964e+05
1.920968114636645259e+04 -8.059584284997426439e+05 5.500849504979202902e+04 2.222670165120948805e+05 3.106748248332625371e+05 4.379827344437303836e+05 1.621760227869456576e+05 8.718303060717252038e+02 6.858960894454790105e+04 8.655117976833451539e+05 -1.612345102100726683e+06 8.373351137947094394e+05 -3.919490053121017263e+04 2.108824209802025580e+05 6.988101461071467493e+05 2.751420961568294442e+05 3.029019681695690961e+05 5.004683676749046572e+04
-9.613505563168335939e+05 -8.155053129920123611e+05 -2.894086543459606473e+05 -1.794716504606243107e+05 3.864877425617195549e+05 1.621760227869456576e+05 6.271753811309761368e+05 1.528339397913823195e+05 1.317426170831279596e+05 4.572218605385168456e+06 2.903646741411180119e+05 1.011075431600528187e+06 -3.622959316179488669e+05 -2.079476363078613358e+05 4.039933095628393348e+05 2.714881672556647682e+05 3.284719484095323132e+05 4.228241813805296260e+04
-8.171826099262634525e+05 2.032070941186701748e+04 4.666912755159832886e+04 3.604087848438561778e+05 3.373514484573334921e+05 8.718303060717252038e+02 1.528339397913823195e+05 3.049625500275883824e+05 1.288852538283653266e+05 6.733783826895488892e+05 -1.001014824340139516e+06 -1.935582735989515786e+05 3.129692647178654443e+05 3.251100997986680595e+05 3.566835382686160738e+05 3.055528087326338282e+05 2.953682062099319301e+05 2.667419736624190773e+04
-2.938591284005463822e+05 -3.628274319475531229e+05 -1.162499537910202780e+05 1.200413648216930014e+05 1.323638014808321896e+05 6.858960894454790105e+04 1.317426170831279596e+05 1.288852538283653266e+05 1.632862425929319579e+05 1.281017895144020673e+06 -3.689305179407816613e+05 -1.326030331541162450e+05 -2.509965005135107785e+05 1.696900318987153587e+05 1.499137688255613321e+05 6.057563863062438031e+04 8.070671701066185778e+04 -5.792477498348385780e+03
2.600550674746741354e+07 6.322448977096663788e+06 -4.702082193797764368e+06 3.497979640673284885e+06 3.557681470654924866e+06 8.655117976833451539e+05 4.572218605385168456e+06 6.733783826895488892e+05 1.281017895144020673e+06 2.302616018187208176e+08 -1.960236648855237756e+06 4.408914677753727883e+05 3.211402803149336018e+06 -2.082238298845747719e+06 1.977997476639424684e+06 1.409901226020077942e+06 1.935866470678043086e+06 -9.670781952256785007e+05
2.863899115303746611e+07 2.018521242022739025e+05 1.806792168876207899e+06 -9.226810353947606636e+05 -2.238098662521994673e+06 -1.612345102100726683e+06 2.903646741411180119e+05 -1.001014824340139516e+06 -3.689305179407816613e+05 -1.960236648855237756e+06 6.305813099717550725e+07 -7.059683066145308840e+04 -6.265093305285481736e+06 -7.449933198681218550e+06 -4.428935513606944121e+06 -3.148494488459313870e+05 -2.351559492004482541e+06 1.286582651164413895e+06
-3.419853888807530981e+06 -2.842435424598188605e+06 1.939265638272477547e+06 4.145753512660101405e+05 2.090201729031139985e+06 8.373351137947094394e+05 1.011075431600528187e+06 -1.935582735989515786e+05 -1.326030331541162450e+05 4.408914677753727883e+05 -7.059683066145308840e+04 2.065179943512494117e+07 -4.001105657918792684e+06 -3.575901641809321009e+05 1.782568353703045577e+05 2.132120400747722946e+06 1.805134368757665390e+06 -5.354395664895568916e+04
-2.673979512524679303e+06 -1.126599289986242948e+05 8.129278577366620302e+05 3.211835434164878447e+06 7.020410369477077620e+05 -3.919490053121017263e+04 -3.622959316179488669e+05 3.129692647178654443e+05 -2.509965005135107785e+05 3.211402803149336018e+06 -6.265093305285481736e+06 -4.001105657918792684e+06 1.150442161364390329e+07 2.230738571512288880e+06 -6.360631618594812462e+05 -4.437598946929485537e+05 4.618459192257438553e+05 6.766662140615987591e+05
-4.856666959111904725e+06 -1.281352754322529538e+06 5.985558131112284027e+05 9.043123585708109895e+05 1.057622332629302982e+06 2.108824209802025580e+05 -2.079476363078613358e+05 3.251100997986680595e+05 1.696900318987153587e+05 -2.082238298845747719e+06 -7.449933198681218550e+06 -3.575901641809321009e+05 2.230738571512288880e+06 7.773500474034180865e+06 -6.113935378406117670e+05 6.300922355517895194e+05 1.049304534052454866e+06 6.041410786296261940e+05
1.709177354474118445e+06 6.692851407407809747e+05 -2.846015822619578685e+05 5.872458983382554725e+05 9.397638185588656925e+05 6.988101461071467493e+05 4.039933095628393348e+05 3.566835382686160738e+05 1.499137688255613321e+05 1.977997476639424684e+06 -4.428935513606944121e+06 1.782568353703045577e+05 -6.360631618594812462e+05 -6.113935378406117670e+05 3.304945519872637000e+06 5.634339675568456296e+05 7.403614675553751877e+05 1.474884200370817853e+05
-6.567739451249091653e+05 2.128665480087152100e+05 -3.241366860044290079e+05 5.680910900162751786e+05 8.253555689230023418e+05 2.751420961568294442e+05 2.714881672556647682e+05 3.055528087326338282e+05 6.057563863062438031e+04 1.409901226020077942e+06 -3.148494488459313870e+05 2.132120400747722946e+06 -4.437598946929485537e+05 6.300922355517895194e+05 5.634339675568456296e+05 1.665541520472725155e+06 8.167002724066794617e+05 -1.057722139926344971e+05
-8.245350260756210191e+05 -1.429148173247313825e+06 7.248081510250486899e+05 3.549994237587505486e+05 7.208808741808922496e+05 3.029019681695690961e+05 3.284719484095323132e+05 2.953682062099319301e+05 8.070671701066185778e+04 1.935866470678043086e+06 -2.351559492004482541e+06 1.805134368757665390e+06 4.618459192257438553e+05 1.049304534052454866e+06 7.403614675553751877e+05 8.167002724066794617e+05 1.241919305896855425e+06 1.309000258741907019e+05
1.890237872955091996e+06 -2.311362005003047234e+05 -1.680547901588058448e+05 1.682124278461679642e+05 3.203512721729440964e+05 5.004683676749046572e+04 4.228241813805296260e+04 2.667419736624190773e+04 -5.792477498348385780e+03 -9.670781952256785007e+05 1.286582651164413895e+06 -5.354395664895568916e+04 6.766662140615987591e+05 6.041410786296261940e+05 1.474884200370817853e+05 -1.057722139926344971e+05 1.309000258741907019e+05 6.612835524008409120e+05
