7.533518272036480904e+07 2.602310298012140673e+06 -3.962822185835289303e+06 2.146233816914902534e+06 3.646918159565850161e+06 1.116641598871127935e+06 7.630843906309724553e+05 -2.170501066013827221e+04 1.095767703142235696e+05 3.007052320345347747e+07 1.390665268453866988e+07 -8.772189866105325520e+06 7.394992344560930505e+06 -2.002134832873327890e+06 8.297424844268901506e+05 -1.320250709172467235e+06 -5.459542769497077679e+05 -5.586060181966522941e+05
2.602310298012140673e+06 1.893242772334431112e+07 2.645248928355119424e+05 7.873889988833864918e+05 7.819559795575352618e+05 -8.438217969661210373e+04 5.241396755902061705e+05 7.268765092353898799e+05 -2.443366617194642895e+05 4.924546729748577625e+07 3.972936263939345628e+07 2.124735166237819474e+06 -2.743378066079629585e+06 1.405027802252245834e+06 -1.704422047043032246e+06 1.845073460373694077e+06 5.602217338193847099e+05 -6.471008736840045312e+05
-3.962822185835289303e+06 2.645248928355119424e+05 6.296273747271164320e+06 9.340403425688189454e+05 -3.071405764044095413e+05 -5.888355389167717658e+05 1.842613660041961994e+05 -4.253634805227142351e+04 1.239663647509242728e+05 8.667565995086312294e+06 -3.518503830975756049e+06 1.071963993638807721e+07 3.889601369141232572e+05 1.934704705629669130e+06 5.597983272825168679e+05 6.598968755237861769e+05 3.396379752516826557e+04 -2.219270505738428910e+05
2.146233816914902534e+06 7.873889988833864918e+05 9.340403425688189454e+05 1.843760741855543572e+06 3.841135986762106768e+05 -1.637545113786079164e+05 1.747043844188801886e+05 1.418915219141526613e+05 9.695104684779420495e+03 6.251356699127362110e+06 5.370236214686387219e+06 2.389762256502468605e+06 5.357729163650220726e+05 4.641218735867511132e+05 -3.712553859775817255e+05 3.521036328316907748e+05 -2.117791641810758847e+03 2.620530469395552936e+05
3.646918159565850161e+06 7.819559795575352618e+05 -3.071405764044095413e+05 3.841135986762106768e+05 7.499835370258982293e+05 1.133365814517499712e+04 -5.093622970305725903e+04 -3.204317206510534743e+04 2.465519530166144614e+04 4.825752097346588038e+06 4.290474297148824669e+06 -1.565943374798346485e+05 -1.202952679072172468e+05 -6.004623710822187131e+05 -4.230051342494941782e+05 -1.732054289979393361e+05 -6.917261357263388345e+04 -3.333302896261990099e+04
1.116641598871127935e+06 -8.438217969661210373e+04 -5.888355389167717658e+05 -1.637545113786079164e+05 1.133365814517499712e+04 3.340150463786887703e+05 -5.909764005617438670e+04 -2.393159792983964508e+04 1.202084061885281335e+04 7.097690281834291527e+05 1.473298831380764721e+06 -2.236164547925972729e+05 2.074383995352105412e+05 -3.497963783998262370e+05 1.193435991704752232e+05 -2.943616866211564047e+05 3.991754483208577585e+04 6.232922581254106626e+04
7.630843906309724553e+05 5.241396755902061705e+05 1.842613660041961994e+05 1.747043844188801886e+05 -5.093622970305725903e+04 -5.909764005617438670e+04 2.983211461439654813e+05 7.101481771838045097e+04 -3.808999884221950924e+04 3.170560076000327710e+06 3.270329720176167903e+05 -3.365528674730603816e+05 1.971649990868329769e+05 2.662859497255727183e+05 -2.057408934505455181e+04 1.230914030086675193e+05 -1.374204785914433523e+04 1.984413573517623081e+04
-2.170501066013827221e+04 7.268765092353898799e+05 -4.253634805227142351e+04 1.418915219141526613e+05 -3.204317206510534743e+04 -2.393159792983964508e+04 7.101481771838045097e+04 2.077447507315705589e+05 6.150285556868781714e+04 2.783971980885617435e+06 1.101665111131794518e+06 3.935340678900383646e+05 -1.789643796392731310e+05 7.684386702868615976e+04 -4.494341599971485266e+04 2.521046657766340941e+05 1.514994192435644218e+05 3.479968924097094714e+04
1.095767703142235696e+05 -2.443366617194642895e+05 1.239663647509242728e+05 9.695104684779420495e+03 2.465519530166144614e+04 1.202084061885281335e+04 -3.808999884221950924e+04 6.150285556868781714e+04 1.277747599319682195e+05 9.044224499186591711e+05 -4.603029619932717178e+05 6.001665015571776312e+05 -1.579093074990755122e+05 -1.785188942534793459e+05 -2.158184797971968146e+04 2.806148643305830410e+04 1.033086239205114689e+05 7.018225398357612721e+04
3.007052320345347747e+07 4.924546729748577625e+07 8.667565995086312294e+06 6.251356699127362110e+06 4.825752097346588038e+06 7.097690281834291527e+05 3.170560076000327710e+06 2.783971980885617435e+06 9.044224499186591711e+05 2.629180166601166129e+08 1.267729464226132184e+08 3.186138291432650015e+07 -2.593072395334480330e+06 -3.411119262994757853e+06 -8.716144667671557516e+06 3.133824779223725200e+06 3.580115712337169331e+06 -3.115891016305873636e+06
1.390665268453866988e+07 3.972936263939345628e+07 -3.518503830975756049e+06 5.370236214686387219e+06 4.290474297148824669e+06 1.473298831380764721e+06 3.270329720176167903e+05 1.101665111131794518e+06 -4.603029619932717178e+05 1.267729464226132184e+08 1.682420745242097974e+08 -4.642741545665378362e+04 -5.430676019990942441e+06 -1.181776788635170320e+06 -4.018355329025947489e+06 3.139617830518299248e+06 4.509534657643268583e+05 -6.375862862094518496e+05
-8.772189866105325520e+06 2.124735166237819474e+06 1.071963993638807721e+07 2.389762256502468605e+06 -1.565943374798346485e+05 -2.236164547925972729e+05 -3.365528674730603816e+05 3.935340678900383646e+05 6.001665015571776312e+05 3.186138291432650015e+07 -4.642741545665378362e+04 3.391147426611527801e+07 2.996138923897159984e+05 3.441637554185216315e+06 2.370098036139666219e+05 6.885274875650940230e+05 7.333444306430137949e+05 -2.109532676770132966e+05
7.394992344560930505e+06 -2.743378066079629585e+06 3.889601369141232572e+05 5.357729163650220726e+05 -1.202952679072172468e+05 2.074383995352105412e+05 1.971649990868329769e+05 -1.789643796392731310e+05 -1.579093074990755122e+05 -2.593072395334480330e+06 -5.430676019990942441e+06 2.996138923897159984e+05 9.712118251695016399e+06 2.998115060085995123e+06 -1.474730772775983671e+06 -3.394523919611394522e+05 8.456787830065928574e+03 -5.660182501862307545e+05
-2.002134832873327890e+06 1.405027802252245834e+06 1.934704705629669130e+06 4.641218735867511132e+05 -6.004623710822187131e+05 -3.497963783998262370e+05 2.662859497255727183e+05 7.684386702868615976e+04 -1.785188942534793459e+05 -3.411119262994757853e+06 -1.181776788635170320e+06 3.441637554185216315e+06 2.998115060085995123e+06 6.879198278693397529e+06 9.981950018839657423e+04 9.487335974043470342e+05 6.320035585554127465e+04 -3.741698241615010193e+05
8.297424844268901506e+05 -1.704422047043032246e+06 5.597983272825168679e+05 -3.712553859775817255e+05 -4.230051342494941782e+05 1.193435991704752232e+05 -2.057408934505455181e+04 -4.494341599971485266e+04 -2.158184797971968146e+04 -8.716144667671557516e+06 -4.018355329025947489e+06 2.370098036139666219e+05 -1.474730772775983671e+06 9.981950018839657423e+04 3.121758861460804939e+06 1.598562801478319743e+05 2.901698997759331251e+05 4.104996407649442554e+05
-1.320250709172467235e+06 1.845073460373694077e+06 6.598968755237861769e+05 3.521036328316907748e+05 -1.732054289979393361e+05 -2.943616866211564047e+05 1.230914030086675193e+05 2.521046657766340941e+05 2.806148643305830410e+04 3.133824779223725200e+06 3.139617830518299248e+06 6.885274875650940230e+05 -3.394523919611394522e+05 9.487335974043470342e+05 1.598562801478319743e+05 1.113682553668591892e+06 2.933392892412315123e+05 -1.319305082050707133e+05
-5.459542769497077679e+05 5.602217338193847099e+05 3.396379752516826557e+04 -2.117791641810758847e+03 -6.917261357263388345e+04 3.991754483208577585e+04 -1.374204785914433523e+04 1.514994192435644218e+05 1.033086239205114689e+05 3.580115712337169331e+06 4.509534657643268583e+05 7.333444306430137949e+05 8.456787830065928574e+03 6.320035585554127465e+04 2.901698997759331251e+05 2.933392892412315123e+05 6.601912471947949380e+05 9.994660316945405793e+04
-5.586060181966522941e+05 -6.471008736840045312e+05 -2.219270505738428910e+05 2.620530469395552936e+05 -3.333302896261990099e+04 6.232922581254106626e+04 1.984413573517623081e+04 3.479968924097094714e+04 7.018225398357612721e+04 -3.115891016305873636e+06 -6.375862862094518496e+05 -2.109532676770132966e+05 -5.660182501862307545e+05 -3.741698241615010193e+05 4.104996407649442554e+05 -1.319305082050707133e+05 9.994660316945405793e+04 6.144746343477030750e+05
