3.604598683236275613e+07 3.866540288133411203e+06 4.149426536771978717e+06 1.825391111672905972e+06 1.283935252225823933e+06 1.317366913180621807e+06 1.298084317551608663e+06 -2.532855978770083166e+05 4.996851656617770786e+05 2.323533899981441721e+07 1.263110019050532207e+07 -3.814100452742295340e+06 6.393426754188025370e+05 6.457887587045229739e+05 3.462296309776502196e+06 5.604356720871401485e+05 -9.722349874630150152e+05 -1.041868355795814306e+06
3.866540288133411203e+06 9.384173548238998279e+06 2.385196426981330384e+06 3.797115637190205744e+05 7.252632573367872974e+05 4.037514403902368940e+04 5.288483812725194730e+05 1.054073886915208859e+05 4.743900337816726096e+04 8.009337769377712160e+06 6.566007839168393053e+06 -2.617419198765403125e+05 -4.355945952877094038e+06 -9.774623795067730825e+05 5.812323291721325368e+05 -1.561035950746600574e+05 -5.436142230300399242e+05 -5.439683181663758587e+05
4.149426536771978717e+06 2.385196426981330384e+06 6.301646333265123889e+06 1.149661862631384516e+06 9.240541896279095672e+05 7.403625738935138797e+05 8.046007935995628359e+05 9.400135913555139268e+04 1.140498165503595374e+05 -1.979036587957213400e+06 -2.815716785229227506e+06 3.460592529871081002e+06 9.377532787296742899e+05 -6.938657438497155672e+05 1.129720130480858730e+06 1.423755405028871610e+05 9.149880792821157956e+05 3.112129832824706100e+05
1.825391111672905972e+06 3.797115637190205744e+05 1.149661862631384516e+06 2.217484030262745451e+06 1.068596626940399583e+05 2.723234638246850227e+05 1.821329275828624959e+05 -2.866213071260015568e+04 5.714256624914525310e+04 -4.167725093159363139e+06 -3.308654733876329265e+05 -1.187315509120785864e+06 1.980991519205749268e+06 4.953315002404628322e+05 1.068951220772183500e+06 9.780266931079156348e+04 2.662076795939129661e+05 4.313283493941796223e+03
1.283935252225823933e+06 7.252632573367872974e+05 9.240541896279095672e+05 1.068596626940399583e+05 1.777520259865199449e+06 3.451564167536820751e+05 -2.607292496848600858e+05 5.325436593228884885e+04 1.311120140458804090e+05 -5.291069726514368318e+06 -1.706060350666922983e+06 -1.030291994567304151e+06 8.508543890550461365e+05 7.418939689745751675e+05 5.002575541517054080e+05 -2.538802907217725005e+05 4.913598389267704333e+05 -9.629152918382211647e+04
1.317366913180621807e+06 4.037514403902368940e+04 7.403625738935138797e+05 2.723234638246850227e+05 3.451564167536820751e+05 5.819973233384201303e+05 4.129650463406235940e+04 7.377401738304506580e+04 9.337259649945222191e+04 9.203466649540391518e+05 5.435699982004077174e+05 1.149697727826247923e+06 -4.011690562554859935e+04 -1.489894590447115188e+05 4.549248800028627738e+05 7.284688571847307321e+04 1.120197449109071931e+04 -2.238212897395732216e+04
1.298084317551608663e+06 5.288483812725194730e+05 8.046007935995628359e+05 1.821329275828624959e+05 -2.607292496848600858e+05 4.129650463406235940e+04 4.656971126623612945e+05 4.487787685415121814e+04 4.419259598836010264e+04 1.151224320939770900e+06 9.471220359296533279e+05 1.095246983459518757e+06 -1.191503652949759999e+05 -4.169588211441178573e+05 -1.683200576769360050e+05 1.201413784121402423e+05 -7.377887210846323796e+03 9.892261359403804818e+04
-2.532855978770083166e+05 1.054073886915208859e+05 9.400135913555139268e+04 -2.866213071260015568e+04 5.325436593228884885e+04 7.377401738304506580e+04 4.487787685415121814e+04 1.757485052276061615e+05 -1.122495960028879563e+04 -2.043061532760545146e+06 -6.220544775980390841e+05 -6.241004681730708107e+05 -4.105944919881800888e+05 -7.472830182633925870e+04 -1.137060522274083633e+05 7.105520754180689983e+04 5.304761578100768384e+04 8.710200772976712324e+04
4.996851656617770786e+05 4.743900337816726096e+04 1.140498165503595374e+05 5.714256624914525310e+04 1.311120140458804090e+05 9.337259649945222191e+04 4.419259598836010264e+04 -1.122495960028879563e+04 1.518300060603034799e+05 1.586483956575359916e+06 6.577987756876945787e+04 5.533370716808974976e+05 1.853583509111173043e+05 -2.022813371332814131e+04 1.527072699234676547e+05 7.605578357310044521e+04 -1.855873568497398082e+04 3.520176801456511748e+04
2.323533899981441721e+07 8.009337769377712160e+06 -1.979036587957213400e+06 -4.167725093159363139e+06 -5.291069726514368318e+06 9.203466649540391518e+05 1.151224320939770900e+06 -2.043061532760545146e+06 1.586483956575359916e+06 2.365380050163938999e+08 3.557985478418488801e+07 3.433308854945304245e+07 2.841653924806998577e+06 -5.446411753797947429e+06 1.316158434651686344e+06 1.512823380347296130e+06 -4.360469120457102545e+06 -3.470208630150974263e+06
1.263110019050532207e+07 6.566007839168393053e+06 -2.815716785229227506e+06 -3.308654733876329265e+05 -1.706060350666922983e+06 5.435699982004077174e+05 9.471220359296533279e+05 -6.220544775980390841e+05 6.577987756876945787e+04 3.557985478418488801e+07 6.870880519386108220e+07 1.355123619211799651e+07 -3.618429902455613483e+06 -1.198113206655837363e+06 3.008259877225040109e+05 2.882777030303863809e+06 -3.640113497282331344e+06 -6.141740065239982214e+05
-3.814100452742295340e+06 -2.617419198765403125e+05 3.460592529871081002e+06 -1.187315509120785864e+06 -1.030291994567304151e+06 1.149697727826247923e+06 1.095246983459518757e+06 -6.241004681730708107e+05 5.533370716808974976e+05 3.433308854945304245e+07 1.355123619211799651e+07 4.040191578504554927e+07 4.312898000173388980e+06 -2.271308763836970553e+06 2.240665461849602405e+06 2.519791883802443743e+06 3.779620732599872281e+05 7.484528200381451752e+05
6.393426754188025370e+05 -4.355945952877094038e+06 9.377532787296742899e+05 1.980991519205749268e+06 8.508543890550461365e+05 -4.011690562554859935e+04 -1.191503652949759999e+05 -4.105944919881800888e+05 1.853583509111173043e+05 2.841653924806998577e+06 -3.618429902455613483e+06 4.312898000173388980e+06 1.521224637360927090e+07 4.466550055985255167e+06 1.599554559529607417e+06 -5.445509016694607999e+04 1.800858481191030238e+06 1.403904797149444930e+06
6.457887587045229739e+05 -9.774623795067730825e+05 -6.938657438497155672e+05 4.953315002404628322e+05 7.418939689745751675e+05 -1.489894590447115188e+05 -4.169588211441178573e+05 -7.472830182633925870e+04 -2.022813371332814131e+04 -5.446411753797947429e+06 -1.198113206655837363e+06 -2.271308763836970553e+06 4.466550055985255167e+06 3.294320048121806700e+06 6.260996660090066725e+05 -3.652711311435010866e+05 2.711965907170831342e+05 2.699518873564812238e+05
3.462296309776502196e+06 5.812323291721325368e+05 1.129720130480858730e+06 1.068951220772183500e+06 5.002575541517054080e+05 4.549248800028627738e+05 -1.683200576769360050e+05 -1.137060522274083633e+05 1.527072699234676547e+05 1.316158434651686344e+06 3.008259877225040109e+05 2.240665461849602405e+06 1.599554559529607417e+06 6.260996660090066725e+05 1.997417619887126144e+06 2.693133671395211713e+05 9.913264608109669643e+04 -1.152121298081242712e+05
5.604356720871401485e+05 -1.561035950746600574e+05 1.423755405028871610e+05 9.780266931079156348e+04 -2.538802907217725005e+05 7.284688571847307321e+04 1.201413784121402423e+05 7.105520754180689983e+04 7.605578357310044521e+04 1.512823380347296130e+06 2.882777030303863809e+06 2.519791883802443743e+06 -5.445509016694607999e+04 -3.652711311435010866e+05 2.693133671395211713e+05 1.576284156972871162e+06 5.002637175895723631e+05 1.218668567462183128e+05
-9.722349874630150152e+05 -5.436142230300399242e+05 9.149880792821157956e+05 2.662076795939129661e+05 4.913598389267704333e+05 1.120197449109071931e+04 -7.377887210846323796e+03 5.304761578100768384e+04 -1.855873568497398082e+04 -4.360469120457102545e+06 -3.640113497282331344e+06 3.779620732599872281e+05 1.800858481191030238e+06 2.711965907170831342e+05 9.913264608109669643e+04 5.002637175895723631e+05 1.369979902910218807e+06 2.384975869280009065e+05
-1.041868355795814306e+06 -5.439683181663758587e+05 3.112129832824706100e+05 4.313283493941796223e+03 -9.629152918382211647e+04 -2.238212897395732216e+04 9.892261359403804818e+04 8.710200772976712324e+04 3.520176801456511748e+04 -3.470208630150974263e+06 -6.141740065239982214e+05 7.484528200381451752e+05 1.403904797149444930e+06 2.699518873564812238e+05 -1.152121298081242712e+05 1.218668567462183128e+05 2.384975869280009065e+05 6.145861641831931192e+05
