3.076391613177282363e+07 -6.951021544123592321e+05 -1.562163973994648317e+06 -2.958337600635427982e+06 -6.540658802766959416e+05 8.691378928545815870e+05 -1.731080651480081724e+05 -4.690140630687425146e+05 -3.165245595021096524e+05 1.870221618194217980e+07 5.227241030024111271e+06 2.352045907197013497e+06 -3.175449638122952078e+06 -7.887440012709376402e+06 -3.629239191588941030e+05 -6.340251192770878697e+04 5.137274822449592175e+05 1.839954064962110424e+05
-6.951021544123592321e+05 1.288741341979522072e+07 2.348647805013570469e+06 1.371672852516993880e+06 -5.248923009664571146e+04 -5.680923813905620482e+05 -8.007253180545269279e+05 -2.664819350464901072e+05 1.891839067205838801e+05 1.598012118502706103e+07 1.033782552901047096e+07 5.113315770394876599e+06 1.486805971501091029e+06 -9.056483361424459144e+04 -1.277889723963166216e+04 1.412938325471142540e+06 -2.005455660111211473e+05 -5.501231534405284765e+04
-1.562163973994648317e+06 2.348647805013570469e+06 5.224734531095575541e+06 1.556602401496299542e+06 3.863381917526955949e+05 2.669836956604706938e+05 -7.947500414562640071e+04 6.008662448264287377e+04 -4.197455917404463253e+04 3.634067628059178125e+06 -2.840829365004756488e+06 1.591571081692958018e+06 2.043179826683789259e+06 -8.971477961174773518e+05 1.176063498546598479e+06 2.205820682364241220e+05 2.193443105067596771e+05 -8.030919585746242665e+05
-2.958337600635427982e+06 1.371672852516993880e+06 1.556602401496299542e+06 2.015589339339166647e+06 -7.155292987413532683e+04 -4.817694668722776696e+05 -3.978827392159944429e+04 1.541606808987786935e+05 1.379338160712126410e+05 5.907277519792263396e+06 -4.091200513305677567e+06 4.240138890545980539e+05 2.182997225935572293e+06 4.759067900114308577e+05 1.891453229881252046e+05 2.047330497771013761e+05 3.996192998133575020e+04 -2.931283480632276624e+05
-6.540658802766959416e+05 -5.248923009664571146e+04 3.863381917526955949e+05 -7.155292987413532683e+04 7.254329977079235250e+05 2.239718086081012152e+05 6.674826139703653462e+04 6.113001373830990633e+04 3.696663498024582805e+04 2.091257036723503144e+06 1.047708293527716072e+06 1.537836057398207195e+05 3.805783160768252565e+05 -7.703603007592489012e+05 -5.687574560412432038e+04 2.121168932548133671e+04 4.733839620048303623e+05 1.173256628965009004e+05
8.691378928545815870e+05 -5.680923813905620482e+05 2.669836956604706938e+05 -4.817694668722776696e+05 2.239718086081012152e+05 7.813146958337735850e+05 1.072488532662669022e+05 8.096581871507590404e+04 -9.317082424726802856e+04 1.828019004697949626e+06 -8.135837894624663750e+05 5.240694350354548078e+04 -1.363230434062197339e+06 -6.580806964996226598e+05 5.576945108974365285e+05 -2.555745859294938564e+05 1.054064367251604126e+05 -5.396572733787780453e+04
-1.731080651480081724e+05 -8.007253180545269279e+05 -7.947500414562640071e+04 -3.978827392159944429e+04 6.674826139703653462e+04 1.072488532662669022e+05 2.735959658747196081e+05 2.378704360537638786e+04 -1.799332088612612324e+03 2.174668665097834542e+06 -1.236194287410347490e+06 -8.677029578873284627e+05 -2.438090348788545234e+05 2.297686426187311881e+05 1.991949060388620128e+05 -2.446164382307985506e+05 6.723434309967979789e+04 8.951851123596561956e+04
-4.690140630687425146e+05 -2.664819350464901072e+05 6.008662448264287377e+04 1.541606808987786935e+05 6.113001373830990633e+04 8.096581871507590404e+04 2.378704360537638786e+04 1.955559155972536537e+05 5.527207596280698635e+04 -1.619496507376827649e+05 -1.770697707687587477e+06 -1.072062998141801218e+05 3.007563483273037127e+05 5.162843418644993799e+05 1.086223326222428150e+05 -2.809317961626072793e+04 2.238398707570261904e+05 -5.803861002744919824e+04
-3.165245595021096524e+05 1.891839067205838801e+05 -4.197455917404463253e+04 1.379338160712126410e+05 3.696663498024582805e+04 -9.317082424726802856e+04 -1.799332088612612324e+03 5.527207596280698635e+04 1.010505110389582114e+05 2.266419717947806930e+05 -1.095335623946994776e+06 7.801134454038347758e+04 4.444903932603075518e+05 2.334024010789120803e+05 -5.130972595029623335e+04 -2.456672567304814584e+04 1.125061637011858693e+05 4.748782592656515772e+04
1.870221618194217980e+07 1.598012118502706103e+07 3.634067628059178125e+06 5.907277519792263396e+06 2.091257036723503144e+06 1.828019004697949626e+06 2.174668665097834542e+06 -1.619496507376827649e+05 2.266419717947806930e+05 2.650622541525884867e+08 1.822206940008773282e+07 1.734459002185223624e+07 4.524947168917511590e+06 -6.528421228867628612e+06 1.408417411968793953e+06 7.854535153482104652e+05 -1.222105098123985343e+06 -1.298844878107351251e+06
5.227241030024111271e+06 1.033782552901047096e+07 -2.840829365004756488e+06 -4.091200513305677567e+06 1.047708293527716072e+06 -8.135837894624663750e+05 -1.236194287410347490e+06 -1.770697707687587477e+06 -1.095335623946994776e+06 1.822206940008773282e+07 7.515471646441021562e+07 1.343674256789319031e+07 -4.204254608964684419e+06 -8.180835057087559253e+06 -6.253840466212701984e+06 -4.681793509865872329e+04 -2.319287998340554070e+06 1.528140650359462597e+05
2.352045907197013497e+06 5.113315770394876599e+06 1.591571081692958018e+06 4.240138890545980539e+05 1.537836057398207195e+05 5.240694350354548078e+04 -8.677029578873284627e+05 -1.072062998141801218e+05 7.801134454038347758e+04 1.734459002185223624e+07 1.343674256789319031e+07 3.061336881266497076e+07 3.010231787161234766e+06 -5.100862268077688292e+06 1.136908316952039022e+06 -1.042724621641750680e+06 -9.486380955965257017e+05 1.262868950854946859e+06
-3.175449638122952078e+06 1.486805971501091029e+06 2.043179826683789259e+06 2.182997225935572293e+06 3.805783160768252565e+05 -1.363230434062197339e+06 -2.438090348788545234e+05 3.007563483273037127e+05 4.444903932603075518e+05 4.524947168917511590e+06 -4.204254608964684419e+06 3.010231787161234766e+06 1.284577041573175415e+07 3.440402119696742389e+06 -1.575635996350064175e+06 5.515303960058169905e+05 1.461074009383264929e+06 -6.244652245228061220e+05
-7.887440012709376402e+06 -9.056483361424459144e+04 -8.971477961174773518e+05 4.759067900114308577e+05 -7.703603007592489012e+05 -6.580806964996226598e+05 2.297686426187311881e+05 5.162843418644993799e+05 2.334024010789120803e+05 -6.528421228867628612e+06 -8.180835057087559253e+06 -5.100862268077688292e+06 3.440402119696742389e+06 9.812585538223557174e+06 4.939705077091463027e+05 1.748546684391524643e+06 1.023311412913554232e+06 -3.570134165952218464e+05
-3.629239191588941030e+05 -1.277889723963166216e+04 1.176063498546598479e+06 1.891453229881252046e+05 -5.687574560412432038e+04 5.576945108974365285e+05 1.991949060388620128e+05 1.086223326222428150e+05 -5.130972595029623335e+04 1.408417411968793953e+06 -6.253840466212701984e+06 1.136908316952039022e+06 -1.575635996350064175e+06 4.939705077091463027e+05 2.309461557798306458e+06 2.094162539714869927e+05 -5.243361878432926460e+04 -8.910100938370972290e+04
-6.340251192770878697e+04 1.412938325471142540e+06 2.205820682364241220e+05 2.047330497771013761e+05 2.121168932548133671e+04 -2.555745859294938564e+05 -2.446164382307985506e+05 -2.809317961626072793e+04 -2.456672567304814584e+04 7.854535153482104652e+05 -4.681793509865872329e+04 -1.042724621641750680e+06 5.515303960058169905e+05 1.748546684391524643e+06 2.094162539714869927e+05 1.686828427474232158e+06 4.632231004913927172e+05 -1.937167475196714222e+05
5.137274822449592175e+05 -2.005455660111211473e+05 2.193443105067596771e+05 3.996192998133575020e+04 4.733839620048303623e+05 1.054064367251604126e+05 6.723434309967979789e+04 2.238398707570261904e+05 1.125061637011858693e+05 -1.222105098123985343e+06 -2.319287998340554070e+06 -9.486380955965257017e+05 1.461074009383264929e+06 1.023311412913554232e+06 -5.243361878432926460e+04 4.632231004913927172e+05 1.249283899513087235e+06 1.572879808255498938e+05
1.839954064962110424e+05 -5.501231534405284765e+04 -8.030919585746242665e+05 -2.931283480632276624e+05 1.173256628965009004e+05 -5.396572733787780453e+04 8.951851123596561956e+04 -5.803861002744919824e+04 4.748782592656515772e+04 -1.298844878107351251e+06 1.528140650359462597e+05 1.262868950854946859e+06 -6.244652245228061220e+05 -3.570134165952218464e+05 -8.910100938370972290e+04 -1.937167475196714222e+05 1.572879808255498938e+05 7.603354455777872354e+05
