5.970405702304153889e+07 1.010547306850408763e+07 -5.570345954987133155e+04 -1.540416617296491750e+06 -3.832501275636723731e+05 5.373641208729231730e+05 -6.464213122671210440e+05 6.637127035984781105e+05 -8.665787210160259565e+04 8.189829775216325186e+06 4.092803653813401237e+06 1.972385340598581824e+06 -4.095032466250913218e+06 2.329561488392472267e+06 1.959343843645677902e+06 -1.737962546683604829e+06 -6.906010846866206266e+05 -2.056155028755596373e+06
1.010547306850408763e+07 1.643659988889444619e+07 4.534742549789824523e+06 -1.419042029800994089e+06 1.720491246212880127e+06 1.535525920344364597e+06 -4.636300973123480799e+05 3.888438518706875766e+04 -7.106833446171098331e+04 1.979080074533949420e+07 4.225262784740455449e+06 -3.423695607465524226e+06 3.234509207946514711e+06 3.551385240525437985e+06 1.894409856289444491e+06 4.735262132470990764e+05 -5.388700729521738831e+05 -6.477205815917627187e+05
-5.570345954987133155e+04 4.534742549789824523e+06 4.871601543020484969e+06 -1.823806605712075834e+05 1.449058227638396202e+05 8.402675162628720282e+05 -3.125778974706066656e+05 1.355305390996214992e+05 8.076359397982862720e+04 -1.306544635100973537e+06 -1.682202705293177627e+06 -8.990671273984108120e+05 1.667761605145987123e+06 1.321468978508189088e+06 9.293534921852648258e+05 6.336636683178567328e+05 2.022874138227112126e+05 -5.834749065414874349e+05
-1.540416617296491750e+06 -1.419042029800994089e+06 -1.823806605712075834e+05 1.545305100582053186e+06 -2.087759872748421330e+05 -2.243267270525283038e+03 2.997416947592209908e+05 -9.560615677848980704e+04 -1.846559983357492456e+04 -3.585368996681883465e+06 2.151476482197646983e+06 1.742418020571605302e+06 -7.344629849866881268e+05 -1.310460866985191591e+06 8.445371187639229174e+04 2.982159626757524093e+05 -2.090271428574915335e+05 1.640793426848351955e+05
-3.832501275636723731e+05 1.720491246212880127e+06 1.449058227638396202e+05 -2.087759872748421330e+05 9.954249206097130664e+05 4.978137994343703031e+05 -1.393348466488368285e+05 -1.586686569121477369e+05 -4.223085239009055658e+04 2.749591261608275119e+06 3.128937376859022304e+06 -5.428121274477828993e+05 6.782658955641824286e+05 6.650929210553335724e+05 4.369796873061971273e+05 3.916274596057891176e+04 -1.851292379331459524e+05 3.206210243883904186e+05
5.373641208729231730e+05 1.535525920344364597e+06 8.402675162628720282e+05 -2.243267270525283038e+03 4.978137994343703031e+05 6.908233440632305574e+05 -1.132979131311584060e+05 -4.471731272409922531e+04 7.795169420328963497e+03 1.372685654019417241e+06 1.070283115165314404e+06 6.454823174598268233e+05 4.638481546944276779e+05 4.449044513975736918e+05 4.478262336764413049e+05 9.099563759475907136e+04 -2.176020592515541939e+05 1.756137643660891626e+05
-6.464213122671210440e+05 -4.636300973123480799e+05 -3.125778974706066656e+05 2.997416947592209908e+05 -1.393348466488368285e+05 -1.132979131311584060e+05 2.696056068385191611e+05 7.583441778532825992e+04 5.989520158480325335e+03 -3.067548848891906440e+06 1.650419315147383531e+04 5.156184659479365218e+05 3.744977416797747719e+05 -2.357124942404757894e+05 5.029506782279416802e+04 1.072130747528845968e+05 1.421172890235301747e+05 2.542552185669836763e+05
6.637127035984781105e+05 3.888438518706875766e+04 1.355305390996214992e+05 -9.560615677848980704e+04 -1.586686569121477369e+05 -4.471731272409922531e+04 7.583441778532825992e+04 1.566294078640863881e+05 2.367927397700422443e+04 -2.925700474188847933e+06 -1.878514032041630242e+06 -2.174626417961626430e+05 7.326972089854159276e+04 -9.168093412421423636e+03 -6.942119258924090536e+04 -2.004784455168263521e+05 1.888935393126758281e+05 5.856614255106671772e+04
-8.665787210160259565e+04 -7.106833446171098331e+04 8.076359397982862720e+04 -1.846559983357492456e+04 -4.223085239009055658e+04 7.795169420328963497e+03 5.989520158480325335e+03 2.367927397700422443e+04 1.664518227918790362e+05 -1.235778191594927106e+06 6.506378304028945277e+05 5.186847741877078079e+04 -2.283778585943775761e+04 -2.787292921623766306e+05 -2.886693121571471565e+05 5.523140032350471301e+04 1.144445797217267100e+05 1.084857455272912775e+05
8.189829775216325186e+06 1.979080074533949420e+07 -1.306544635100973537e+06 -3.585368996681883465e+06 2.749591261608275119e+06 1.372685654019417241e+06 -3.067548848891906440e+06 -2.925700474188847933e+06 -1.235778191594927106e+06 2.974379288751205802e+08 5.615362840243794024e+07 -9.384526453814703971e+06 8.118734299845980480e+06 2.054761510153128207e+07 5.206950966254195198e+06 5.563420522857354954e+05 -4.898781068526075251e+04 -2.576144959283370990e+05
4.092803653813401237e+06 4.225262784740455449e+06 -1.682202705293177627e+06 2.151476482197646983e+06 3.128937376859022304e+06 1.070283115165314404e+06 1.650419315147383531e+04 -1.878514032041630242e+06 6.506378304028945277e+05 5.615362840243794024e+07 1.160771604572972804e+08 1.584586691042299010e+07 1.388891749204244465e+07 5.366787932468820363e+06 3.426342244145047851e+06 2.873655556131583173e+06 -6.372947152360752225e+05 3.676727050790096167e+06
1.972385340598581824e+06 -3.423695607465524226e+06 -8.990671273984108120e+05 1.742418020571605302e+06 -5.428121274477828993e+05 6.454823174598268233e+05 5.156184659479365218e+05 -2.174626417961626430e+05 5.186847741877078079e+04 -9.384526453814703971e+06 1.584586691042299010e+07 2.023258768799137697e+07 3.017911787946721539e+06 -5.131263787689612247e+06 1.299522721460632281e+06 9.028134573725424707e+05 -1.668334262301748851e+06 -1.023354619064878789e+05
-4.095032466250913218e+06 3.234509207946514711e+06 1.667761605145987123e+06 -7.344629849866881268e+05 6.782658955641824286e+05 4.638481546944276779e+05 3.744977416797747719e+05 7.326972089854159276e+04 -2.283778585943775761e+04 8.118734299845980480e+06 1.388891749204244465e+07 3.017911787946721539e+06 8.852095599659740925e+06 2.995207834398351144e+06 1.456186091093895724e+06 1.181613335870262468e+06 5.895774465521727689e+05 1.193566089455468347e+06
2.329561488392472267e+06 3.551385240525437985e+06 1.321468978508189088e+06 -1.310460866985191591e+06 6.650929210553335724e+05 4.449044513975736918e+05 -2.357124942404757894e+05 -9.168093412421423636e+03 -2.787292921623766306e+05 2.054761510153128207e+07 5.366787932468820363e+06 -5.131263787689612247e+06 2.995207834398351144e+06 7.793366770467509516e+06 2.791402094922157936e+06 -4.104227046066297335e+05 1.183949152010262012e+06 9.971450802906465251e+05
1.959343843645677902e+06 1.894409856289444491e+06 9.293534921852648258e+05 8.445371187639229174e+04 4.369796873061971273e+05 4.478262336764413049e+05 5.029506782279416802e+04 -6.942119258924090536e+04 -2.886693121571471565e+05 5.206950966254195198e+06 3.426342244145047851e+06 1.299522721460632281e+06 1.456186091093895724e+06 2.791402094922157936e+06 3.206084623258467764e+06 4.210363548740351107e+05 6.691313733064847474e+04 2.865646871187953511e+05
-1.737962546683604829e+06 4.735262132470990764e+05 6.336636683178567328e+05 2.982159626757524093e+05 3.916274596057891176e+04 9.099563759475907136e+04 1.072130747528845968e+05 -2.004784455168263521e+05 5.523140032350471301e+04 5.563420522857354954e+05 2.873655556131583173e+06 9.028134573725424707e+05 1.181613335870262468e+06 -4.104227046066297335e+05 4.210363548740351107e+05 1.375119296280304668e+06 -2.225034692680047592e+05 -1.774712184669993003e+05
-6.906010846866206266e+05 -5.388700729521738831e+05 2.022874138227112126e+05 -2.090271428574915335e+05 -1.851292379331459524e+05 -2.176020592515541939e+05 1.421172890235301747e+05 1.888935393126758281e+05 1.144445797217267100e+05 -4.898781068526075251e+04 -6.372947152360752225e+05 -1.668334262301748851e+06 5.895774465521727689e+05 1.183949152010262012e+06 6.691313733064847474e+04 -2.225034692680047592e+05 1.139518481475517852e+06 5.639052656121846521e+05
-2.056155028755596373e+06 -6.477205815917627187e+05 -5.834749065414874349e+05 1.640793426848351955e+05 3.206210243883904186e+05 1.756137643660891626e+05 2.542552185669836763e+05 5.856614255106671772e+04 1.084857455272912775e+05 -2.576144959283370990e+05 3.676727050790096167e+06 -1.023354619064878789e+05 1.193566089455468347e+06 9.971450802906465251e+05 2.865646871187953511e+05 -1.774712184669993003e+05 5.639052656121846521e+05 1.103513775015859632e+06
