5.580167654839451611e+07 2.036152164990832796e+06 2.554390283420951571e+06 3.164774474791335873e+06 7.321233679637542227e+05 -9.093911331944999984e+04 -2.549177145897869195e+05 8.885606020894903922e+05 8.069761163407107815e+05 -6.150641797847916372e+06 1.731165025726551935e+07 6.482889690848739818e+06 3.561422664874915034e+06 8.913323807607385970e+04 5.194986360009875498e+05 2.955451939314859454e+06 1.903432995474034688e+06 7.526732021906622685e+05
2.036152164990832796e+06 1.723552816011271998e+07 4.324483190453113988e+06 -1.463950523739784723e+06 7.794545461376935418e+04 8.281411605116229039e+05 -1.040580105347239296e+06 -2.979791989622298861e+05 -5.419125998447377933e+05 -2.107236128060241044e+07 3.464980434899765532e+06 5.396891478705565445e+06 -5.562066807040339336e+06 -7.462835951069098664e+05 -9.383021632200097665e+05 -1.807298225713359192e+06 -2.419738464224304771e+05 -1.662974162281739060e+06
2.554390283420951571e+06 4.324483190453113988e+06 5.166013126701395959e+06 -1.005507073073055362e+05 1.500970002412105212e+06 7.565115019121734658e+05 -2.827878723914592410e+05 2.336161086992937999e+04 4.253300782057127799e+04 -1.015996650826130499e+05 6.779144837339569349e+05 2.634972894272183068e+06 6.827985359258082462e+05 2.497412498568755109e+06 2.231808904154604534e+05 -5.661320947905748617e+05 -1.130083766897865862e+05 -6.807583154851970030e+05
3.164774474791335873e+06 -1.463950523739784723e+06 -1.005507073073055362e+05 2.946929329719927162e+06 5.002825892106106039e+05 1.850612308894901071e+05 1.741723225462111877e+05 2.009303462455967519e+03 2.207940528522995883e+05 4.805276918833374046e+06 5.674412201400518417e+06 1.584794203670280694e+04 1.638411131088576280e+06 9.172831402284698561e+05 1.282760413008661941e+06 6.757651556436826941e+05 4.657349084783964208e+05 7.381624653547744674e+04
7.321233679637542227e+05 7.794545461376935418e+04 1.500970002412105212e+06 5.002825892106106039e+05 1.319380469161482994e+06 4.729136565468074987e+05 7.809140958650938410e+04 4.610524573739151674e+04 -3.695147631406007713e+04 -1.951746306849629618e+06 2.477800581863558618e+05 6.657741930982404156e+05 1.706068795339055359e+06 1.655805227056056261e+06 3.360155094263549108e+04 1.870291449520830065e+05 -2.707201776067946412e+04 -3.834049792714209761e+05
-9.093911331944999984e+04 8.281411605116229039e+05 7.565115019121734658e+05 1.850612308894901071e+05 4.729136565468074987e+05 5.873573315026768250e+05 8.785245589146378916e+04 4.312228802459064173e+04 -1.075387842205758170e+04 -9.015190677414234960e+05 1.904279961951318895e+06 -4.919378323042755364e+05 -9.229151577259000624e+05 7.686254410157152452e+05 4.635965053060901701e+05 -3.823339601898021647e+05 -5.125306519525990552e+03 -1.873877358343093074e+05
-2.549177145897869195e+05 -1.040580105347239296e+06 -2.827878723914592410e+05 1.741723225462111877e+05 7.809140958650938410e+04 8.785245589146378916e+04 4.201708795006445143e+05 1.017218345392886258e+05 6.644339941459507099e+04 -2.080714415456781629e+06 8.665854023388157366e+05 -4.797029996747586410e+05 1.561257846368255094e+06 4.398026207755707437e+05 2.596960470676595869e+05 -4.169718850421088973e+03 1.317199636816379207e+05 1.937838685386184952e+05
8.885606020894903922e+05 -2.979791989622298861e+05 2.336161086992937999e+04 2.009303462455967519e+03 4.610524573739151674e+04 4.312228802459064173e+04 1.017218345392886258e+05 2.261366212341987120e+05 8.224683137206654646e+04 -2.261947175973469391e+06 -1.412403141351704951e+06 -6.223044912110922160e+05 -2.923392960552150616e+05 1.180713847710792033e+05 5.287295496967586223e+05 1.516727126976406144e+05 3.179591763974031201e+05 8.209646363687117992e+04
8.069761163407107815e+05 -5.419125998447377933e+05 4.253300782057127799e+04 2.207940528522995883e+05 -3.695147631406007713e+04 -1.075387842205758170e+04 6.644339941459507099e+04 8.224683137206654646e+04 1.799771330117639736e+05 -2.224880072391883004e+05 -1.704060023480872915e+05 -2.749186273453883769e+04 -7.784190039196696307e+04 -1.410561308882881131e+05 3.198432226881778333e+05 9.756604817807293148e+04 1.365552845531589119e+05 1.376530508761421661e+05
-6.150641797847916372e+06 -2.107236128060241044e+07 -1.015996650826130499e+05 4.805276918833374046e+06 -1.951746306849629618e+06 -9.015190677414234960e+05 -2.080714415456781629e+06 -2.261947175973469391e+06 -2.224880072391883004e+05 2.234064278932517767e+08 1.503932763402655162e+07 7.075000667544424534e+06 -6.758104379955405369e+06 -2.119963066890504269e+05 1.219422942087241216e+06 2.734480580783326644e+06 -4.731288084745887667e+06 -1.663951823429698125e+05
1.731165025726551935e+07 3.464980434899765532e+06 6.779144837339569349e+05 5.674412201400518417e+06 2.477800581863558618e+05 1.904279961951318895e+06 8.665854023388157366e+05 -1.412403141351704951e+06 -1.704060023480872915e+05 1.503932763402655162e+07 9.552584147332003713e+07 -2.218797294557448011e+06 -1.022240208984738681e+06 5.694902781937666005e+05 -1.123262434151641326e+06 -1.643216920535441721e+06 -4.150937588428847026e+06 -1.233126622974901227e+06
6.482889690848739818e+06 5.396891478705565445e+06 2.634972894272183068e+06 1.584794203670280694e+04 6.657741930982404156e+05 -4.919378323042755364e+05 -4.797029996747586410e+05 -6.223044912110922160e+05 -2.749186273453883769e+04 7.075000667544424534e+06 -2.218797294557448011e+06 2.836172829077521712e+07 1.210683029356759414e+07 1.028028109430601704e+06 -2.062530567136680475e+06 -3.171573714878372848e+05 -4.596731414074423956e+05 -1.649553645297370618e+06
3.561422664874915034e+06 -5.562066807040339336e+06 6.827985359258082462e+05 1.638411131088576280e+06 1.706068795339055359e+06 -9.229151577259000624e+05 1.561257846368255094e+06 -2.923392960552150616e+05 -7.784190039196696307e+04 -6.758104379955405369e+06 -1.022240208984738681e+06 1.210683029356759414e+07 2.852792546147624403e+07 6.174663728028882295e+06 -1.735940778470928781e+06 1.101274342570886714e+06 -9.667040162596222945e+05 6.159935531270464417e+05
8.913323807607385970e+04 -7.462835951069098664e+05 2.497412498568755109e+06 9.172831402284698561e+05 1.655805227056056261e+06 7.686254410157152452e+05 4.398026207755707437e+05 1.180713847710792033e+05 -1.410561308882881131e+05 -2.119963066890504269e+05 5.694902781937666005e+05 1.028028109430601704e+06 6.174663728028882295e+06 6.485464039781241678e+06 3.673173645294265007e+05 8.535191584990392439e+05 -5.420250768943814328e+05 -1.708630066750420956e+05
5.194986360009875498e+05 -9.383021632200097665e+05 2.231808904154604534e+05 1.282760413008661941e+06 3.360155094263549108e+04 4.635965053060901701e+05 2.596960470676595869e+05 5.287295496967586223e+05 3.198432226881778333e+05 1.219422942087241216e+06 -1.123262434151641326e+06 -2.062530567136680475e+06 -1.735940778470928781e+06 3.673173645294265007e+05 3.484116573862945661e+06 6.626835700086206089e+03 7.286596724495959934e+05 2.953814238454709412e+05
2.955451939314859454e+06 -1.807298225713359192e+06 -5.661320947905748617e+05 6.757651556436826941e+05 1.870291449520830065e+05 -3.823339601898021647e+05 -4.169718850421088973e+03 1.516727126976406144e+05 9.756604817807293148e+04 2.734480580783326644e+06 -1.643216920535441721e+06 -3.171573714878372848e+05 1.101274342570886714e+06 8.535191584990392439e+05 6.626835700086206089e+03 1.584000096679993905e+06 -9.965197693589027040e+03 1.495931858727449144e+05
1.903432995474034688e+06 -2.419738464224304771e+05 -1.130083766897865862e+05 4.657349084783964208e+05 -2.707201776067946412e+04 -5.125306519525990552e+03 1.317199636816379207e+05 3.179591763974031201e+05 1.365552845531589119e+05 -4.731288084745887667e+06 -4.150937588428847026e+06 -4.596731414074423956e+05 -9.667040162596222945e+05 -5.420250768943814328e+05 7.286596724495959934e+05 -9.965197693589027040e+03 1.278049044316801010e+06 1.720739507525463123e+05
7.526732021906622685e+05 -1.662974162281739060e+06 -6.807583154851970030e+05 7.381624653547744674e+04 -3.834049792714209761e+05 -1.873877358343093074e+05 1.937838685386184952e+05 8.209646363687117992e+04 1.376530508761421661e+05 -1.663951823429698125e+05 -1.233126622974901227e+06 -1.649553645297370618e+06 6.159935531270464417e+05 -1.708630066750420956e+05 2.953814238454709412e+05 1.495931858727449144e+05 1.720739507525463123e+05 5.656716100788314361e+05
