2.927488074662787467e+07 1.177603136406826414e+07 7.922834996558852436e+04 -1.209194445790621452e+06 6.580588390396618051e+05 -1.805289048516022449e+05 -6.220085984833444236e+05 4.488745671629830613e+05 -1.438028171218848729e+05 8.963836442551542073e+06 2.269138494140592217e+07 -6.080196891449216753e+06 1.351859289995776024e+06 2.642127329688751139e+06 -1.571817219848713605e+06 -2.574774352011263371e+06 1.549257795892311260e+06 -4.374941150757607829e+04
1.177603136406826414e+07 4.410268832151351869e+07 5.220394598334249109e+06 1.451337628674148815e+06 2.168036464629235212e+06 4.127303503778178710e+05 -2.653996614589950768e+05 9.585677869658208219e+05 -3.450968567218185490e+04 1.705804782727392763e+07 4.515822372390652448e+07 -6.700878539078690112e+06 -1.213961957318754634e+06 6.506918145698502660e+06 6.499347087062542560e+05 -3.344548778514570091e+06 1.341613042903008871e+06 5.096373471493939287e+05
7.922834996558852436e+04 5.220394598334249109e+06 6.112592300007247366e+06 1.518269007101099938e+06 2.647688757746233023e+05 2.880123259502577712e+05 2.339310181603215169e+05 4.577385258650695905e+05 3.702207575636791880e+05 -2.334251356636384036e+06 4.669018889414659701e+06 -4.862065889069381519e+05 -4.405148672484211856e+05 6.126467368887002813e+05 8.280464289383337600e+05 -3.621205529556770343e+05 2.850298226149989641e+05 2.349095388547000184e+05
-1.209194445790621452e+06 1.451337628674148815e+06 1.518269007101099938e+06 2.805766676728454884e+06 6.427970165907654446e+05 3.506970615755755571e+05 -3.534727369441067567e+05 1.323328561099034050e+04 1.299251480202421080e+05 -2.915786443987794686e+06 2.946838439034577925e+06 1.154332640127055813e+06 4.957576483739506803e+05 -1.054362797570370603e+05 9.291658460546419956e+05 2.320255270140593057e+05 3.567725439416817972e+05 7.233849169985060580e+05
6.580588390396618051e+05 2.168036464629235212e+06 2.647688757746233023e+05 6.427970165907654446e+05 1.028422723202121328e+06 -1.158071069111805700e+05 -1.333096817731597403e+05 1.377578412295989401e+05 7.917002873631316470e+04 1.680686713278990006e+06 2.149817861068569589e+06 -1.450963168430113234e+06 -1.980942276367637305e+03 -3.878384787847528787e+04 4.133758598940134834e+04 1.616953823564177146e+05 4.321048882118099718e+05 2.193585114770556393e+05
-1.805289048516022449e+05 4.127303503778178710e+05 2.880123259502577712e+05 3.506970615755755571e+05 -1.158071069111805700e+05 8.046509787232512608e+05 -6.160134792286063748e+04 -5.415275612724589882e+04 1.483295631871854494e+04 -1.346645345442622056e+04 2.922328597038802691e+06 1.548965106403967366e+06 -8.845716258400138468e+05 -9.489361325537967496e+05 2.729840180188968079e+05 -1.319100033925508433e+04 3.678448414038213086e+05 -1.348150509954152803e+05
-6.220085984833444236e+05 -2.653996614589950768e+05 2.339310181603215169e+05 -3.534727369441067567e+05 -1.333096817731597403e+05 -6.160134792286063748e+04 3.659781160629147780e+05 1.592357999680855210e+04 6.741463526920307777e+04 -1.672045589616306825e+06 -1.990652799217197811e+06 -6.099286394094502321e+05 -6.593529879934132332e+05 3.155912592082542833e+05 -1.370996709390452306e+05 -2.290631081819423125e+05 -5.368028897747359588e+04 3.131549010001296483e+04
4.488745671629830613e+05 9.585677869658208219e+05 4.577385258650695905e+05 1.323328561099034050e+04 1.377578412295989401e+05 -5.415275612724589882e+04 1.592357999680855210e+04 2.009776724308327539e+05 7.028404223752021790e+04 5.105288015380044817e+04 5.490035634393423607e+03 -1.362726508151534013e+06 -2.797532193888130132e+05 8.867533904827707738e+04 6.654260141830604698e+04 1.037241040770667023e+05 1.757625355741541716e+05 1.502971860177931376e+05
-1.438028171218848729e+05 -3.450968567218185490e+04 3.702207575636791880e+05 1.299251480202421080e+05 7.917002873631316470e+04 1.483295631871854494e+04 6.741463526920307777e+04 7.028404223752021790e+04 1.677121747524596285e+05 -1.869045359902237775e+06 9.388572182203540578e+05 -3.580350848184278584e+05 -7.433491910743805347e+05 1.438455456073014939e+05 1.240421470414709765e+05 1.076904409966052626e+05 7.782057064960464777e+04 3.261265927425637710e+04
8.963836442551542073e+06 1.705804782727392763e+07 -2.334251356636384036e+06 -2.915786443987794686e+06 1.680686713278990006e+06 -1.346645345442622056e+04 -1.672045589616306825e+06 5.105288015380044817e+04 -1.869045359902237775e+06 1.406782775204521716e+08 5.411661550195667148e+07 -3.150572890418270603e+06 1.298335143955929577e+07 1.415843386307101930e+06 -4.165916301084125880e+06 -3.558510315823280253e+06 1.414544079033373157e+06 -2.891059495363424998e+06
2.269138494140592217e+07 4.515822372390652448e+07 4.669018889414659701e+06 2.946838439034577925e+06 2.149817861068569589e+06 2.922328597038802691e+06 -1.990652799217197811e+06 5.490035634393423607e+03 9.388572182203540578e+05 5.411661550195667148e+07 1.530866463798186481e+08 1.830447608058250323e+07 -4.916808845139113255e+06 3.588143058720705099e+06 7.621182739440510049e+05 -1.405467409849402495e+06 4.848020103560092859e+06 -1.445815614967204165e+06
-6.080196891449216753e+06 -6.700878539078690112e+06 -4.862065889069381519e+05 1.154332640127055813e+06 -1.450963168430113234e+06 1.548965106403967366e+06 -6.099286394094502321e+05 -1.362726508151534013e+06 -3.580350848184278584e+05 -3.150572890418270603e+06 1.830447608058250323e+07 3.159303401886430010e+07 4.255402612797778100e+06 -5.974942667661689222e+06 3.619216260733008385e+06 2.734708824630739167e+06 4.249464224785430706e+05 -1.817800190565175610e+06
1.351859289995776024e+06 -1.213961957318754634e+06 -4.405148672484211856e+05 4.957576483739506803e+05 -1.980942276367637305e+03 -8.845716258400138468e+05 -6.593529879934132332e+05 -2.797532193888130132e+05 -7.433491910743805347e+05 1.298335143955929577e+07 -4.916808845139113255e+06 4.255402612797778100e+06 9.392262713364891708e+06 -1.945882754953745916e+03 1.748404475497420062e+05 -2.856650604921770282e+05 -4.298907927246990730e+05 -4.250740496339721722e+05
2.642127329688751139e+06 6.506918145698502660e+06 6.126467368887002813e+05 -1.054362797570370603e+05 -3.878384787847528787e+04 -9.489361325537967496e+05 3.155912592082542833e+05 8.867533904827707738e+04 1.438455456073014939e+05 1.415843386307101930e+06 3.588143058720705099e+06 -5.974942667661689222e+06 -1.945882754953745916e+03 4.960375519004061818e+06 -5.628420335647604661e+05 -1.866056268091246253e+06 -7.482618968257218366e+05 3.086484675158120226e+05
-1.571817219848713605e+06 6.499347087062542560e+05 8.280464289383337600e+05 9.291658460546419956e+05 4.133758598940134834e+04 2.729840180188968079e+05 -1.370996709390452306e+05 6.654260141830604698e+04 1.240421470414709765e+05 -4.165916301084125880e+06 7.621182739440510049e+05 3.619216260733008385e+06 1.748404475497420062e+05 -5.628420335647604661e+05 2.504364548702388536e+06 5.651058792318433989e+05 3.591860118781687925e+05 -1.227159201975343058e+04
-2.574774352011263371e+06 -3.344548778514570091e+06 -3.621205529556770343e+05 2.320255270140593057e+05 1.616953823564177146e+05 -1.319100033925508433e+04 -2.290631081819423125e+05 1.037241040770667023e+05 1.076904409966052626e+05 -3.558510315823280253e+06 -1.405467409849402495e+06 2.734708824630739167e+06 -2.856650604921770282e+05 -1.866056268091246253e+06 5.651058792318433989e+05 2.715305280430487357e+06 8.560096304314474110e+05 3.250997391553448397e+05
1.549257795892311260e+06 1.341613042903008871e+06 2.850298226149989641e+05 3.567725439416817972e+05 4.321048882118099718e+05 3.678448414038213086e+05 -5.368028897747359588e+04 1.757625355741541716e+05 7.782057064960464777e+04 1.414544079033373157e+06 4.848020103560092859e+06 4.249464224785430706e+05 -4.298907927246990730e+05 -7.482618968257218366e+05 3.591860118781687925e+05 8.560096304314474110e+05 1.195881662093918771e+06 2.809648335874226759e+05
-4.374941150757607829e+04 5.096373471493939287e+05 2.349095388547000184e+05 7.233849169985060580e+05 2.193585114770556393e+05 -1.348150509954152803e+05 3.131549010001296483e+04 1.502971860177931376e+05 3.261265927425637710e+04 -2.891059495363424998e+06 -1.445815614967204165e+06 -1.817800190565175610e+06 -4.250740496339721722e+05 3.086484675158120226e+05 -1.227159201975343058e+04 3.250997391553448397e+05 2.809648335874226759e+05 8.748854837246672250e+05
