3.560650238447500765e+07 -2.410566933482957538e+06 -1.730968397195114754e+06 1.541270503185208887e+06 7.927139440596451750e+05 -2.227511096353368484e+05 2.294049565992625139e+05 1.058735727279843297e+06 5.836160698498863494e+05 -1.277881194805457490e+06 -1.421227226808388019e+06 -4.272977610990957357e+06 5.401074136487346143e+06 2.662245953447964974e+06 -5.447699344735234976e+06 -5.620342726742395898e+05 2.881343253652152140e+06 1.758095571213261923e+06
-2.410566933482957538e+06 1.537074615511748195e+07 4.183901458588887006e+06 1.671625166328871390e+06 -1.546922806259464123e+05 -3.795472785152674769e+05 8.709276332663948415e+04 1.624612033220969352e+04 3.060012216119513614e+05 -1.493094700525383465e+07 1.944288683991146460e+07 2.376421979200809728e+06 -3.236549955725061242e+06 1.875301870876830071e+06 8.404459992257949198e+05 -7.735361903830589727e+05 1.808203970590108365e+05 -1.497363471446104231e+05
-1.730968397195114754e+06 4.183901458588887006e+06 6.939150128975045867e+06 -3.109054294419281650e+05 -1.014358374569532025e+05 7.118728990219718544e+05 -6.130749418629648862e+05 -3.392159333642272395e+05 -1.184230097340850480e+05 -3.872017805560961366e+06 4.658975576636561193e+06 1.425769011493427679e+05 -7.369376248640158447e+05 1.604155350769563345e+06 2.217912786713779904e+06 -1.901163809174684109e+06 -3.437998125252334867e+05 -7.138627055769643048e+05
1.541270503185208887e+06 1.671625166328871390e+06 -3.109054294419281650e+05 1.562898299021505984e+06 3.625720118552260683e+05 1.214166081461486756e+05 3.156309909755757544e+05 2.790247319008655031e+05 2.762337595466807834e+05 -5.555613163707092404e+06 1.966686264292751672e+06 -2.480139151500840671e+05 1.386533719531754497e+06 1.402169117532974808e+06 4.288831085773188970e+05 2.548418786235076550e+05 7.631854123632101982e+04 3.799270489495239453e+05
7.927139440596451750e+05 -1.546922806259464123e+05 -1.014358374569532025e+05 3.625720118552260683e+05 6.870185474086717004e+05 4.680340484822575672e+04 7.037242694822170597e+04 1.005819085935494222e+05 2.052775470134279167e+05 -2.657689780439476017e+06 4.484834634366929531e+05 1.449258529810145497e+06 9.804904115188490832e+05 2.766069079431027058e+05 -4.661627833802854875e+05 -7.461773917184497986e+04 3.846180312951250817e+05 3.272531257910937420e+05
-2.227511096353368484e+05 -3.795472785152674769e+05 7.118728990219718544e+05 1.214166081461486756e+05 4.680340484822575672e+04 8.258797740566002904e+05 -7.071692269732207933e+04 4.943736412925093464e+04 -5.926751242225043825e+04 1.157133013969907304e+06 -2.237849951944198925e+06 -1.560297863301639678e+06 -1.108428339198789909e+05 4.214847930987803265e+05 1.072503955981059466e+06 -5.085786206749184057e+05 -8.662119295091734966e+04 -1.026157485658466430e+04
2.294049565992625139e+05 8.709276332663948415e+04 -6.130749418629648862e+05 3.156309909755757544e+05 7.037242694822170597e+04 -7.071692269732207933e+04 2.753939620775494259e+05 1.085927538866452669e+05 1.011151970017578424e+05 -1.265247950487608090e+06 -1.042575298888734833e+05 6.375723579481188790e+04 5.975733565364765236e+05 1.994625419330526493e+05 -1.183701124239665078e+05 3.822704188857891131e+05 -3.236712874281699987e+04 1.450476099278044785e+04
1.058735727279843297e+06 1.624612033220969352e+04 -3.392159333642272395e+05 2.790247319008655031e+05 1.005819085935494222e+05 4.943736412925093464e+04 1.085927538866452669e+05 1.471231367447694938e+05 9.505068339317885693e+04 -2.786832531169716967e+05 -2.095790313676074438e+05 -3.805514954004202154e+05 3.213403019381490303e+05 3.263350177185479552e+05 -1.132885038686346816e+05 1.893507432743946265e+05 2.095686460084618884e+05 1.111823232238332275e+05
5.836160698498863494e+05 3.060012216119513614e+05 -1.184230097340850480e+05 2.762337595466807834e+05 2.052775470134279167e+05 -5.926751242225043825e+04 1.011151970017578424e+05 9.505068339317885693e+04 2.028840393596552312e+05 -7.795857260534063680e+05 4.505422735832366161e+05 -9.721805529427429428e+04 3.911843009976781323e+05 2.717396040400736383e+05 -3.220661156909768470e+05 1.653607623391612142e+05 2.121355431311165157e+05 1.385524412396220723e+05
-1.277881194805457490e+06 -1.493094700525383465e+07 -3.872017805560961366e+06 -5.555613163707092404e+06 -2.657689780439476017e+06 1.157133013969907304e+06 -1.265247950487608090e+06 -2.786832531169716967e+05 -7.795857260534063680e+05 1.953430632916445732e+08 8.965711095039051026e+06 -1.476001935956278816e+07 -1.360240520061696647e+06 -4.998795934505454265e+06 -1.983208751732804812e+06 2.768447967403475195e+06 1.274881083013423486e+06 3.247055555820606649e+06
-1.421227226808388019e+06 1.944288683991146460e+07 4.658975576636561193e+06 1.966686264292751672e+06 4.484834634366929531e+05 -2.237849951944198925e+06 -1.042575298888734833e+05 -2.095790313676074438e+05 4.505422735832366161e+05 8.965711095039051026e+06 7.089227253015723825e+07 1.862329432357345149e+07 5.589111413824412739e+05 2.084566816722985124e+06 -2.332501116457154509e+06 8.986519082627128228e+04 1.679838042878174456e+06 8.955401469133187784e+05
-4.272977610990957357e+06 2.376421979200809728e+06 1.425769011493427679e+05 -2.480139151500840671e+05 1.449258529810145497e+06 -1.560297863301639678e+06 6.375723579481188790e+04 -3.805514954004202154e+05 -9.721805529427429428e+04 -1.476001935956278816e+07 1.862329432357345149e+07 3.457281440235214680e+07 1.397828861749944976e+06 -2.750831600875504315e+06 -1.147849428320624633e+06 2.831615229430668056e+06 1.915376594819580903e+06 -1.170458989994551754e+06
5.401074136487346143e+06 -3.236549955725061242e+06 -7.369376248640158447e+05 1.386533719531754497e+06 9.804904115188490832e+05 -1.108428339198789909e+05 5.975733565364765236e+05 3.213403019381490303e+05 3.911843009976781323e+05 -1.360240520061696647e+06 5.589111413824412739e+05 1.397828861749944976e+06 8.241750833913638256e+06 1.748000455979623832e+06 7.550657103291279054e+04 3.609888526943761390e+05 -3.098614440963634406e+05 6.644232899560579099e+05
2.662245953447964974e+06 1.875301870876830071e+06 1.604155350769563345e+06 1.402169117532974808e+06 2.766069079431027058e+05 4.214847930987803265e+05 1.994625419330526493e+05 3.263350177185479552e+05 2.717396040400736383e+05 -4.998795934505454265e+06 2.084566816722985124e+06 -2.750831600875504315e+06 1.748000455979623832e+06 4.060710622466366272e+06 1.035570179696378531e+06 -2.356857874371155631e+05 1.355821487619305844e+04 7.523155388631592505e+05
-5.447699344735234976e+06 8.404459992257949198e+05 2.217912786713779904e+06 4.288831085773188970e+05 -4.661627833802854875e+05 1.072503955981059466e+06 -1.183701124239665078e+05 -1.132885038686346816e+05 -3.220661156909768470e+05 -1.983208751732804812e+06 -2.332501116457154509e+06 -1.147849428320624633e+06 7.550657103291279054e+04 1.035570179696378531e+06 4.495279302152846009e+06 -5.636528038675396238e+05 -1.281892425674875267e+06 -4.414024712271048920e+05
-5.620342726742395898e+05 -7.735361903830589727e+05 -1.901163809174684109e+06 2.548418786235076550e+05 -7.461773917184497986e+04 -5.085786206749184057e+05 3.822704188857891131e+05 1.893507432743946265e+05 1.653607623391612142e+05 2.768447967403475195e+06 8.986519082627128228e+04 2.831615229430668056e+06 3.609888526943761390e+05 -2.356857874371155631e+05 -5.636528038675396238e+05 2.015924043444657000e+06 3.413636025368702831e+05 -2.314784157082792080e+04
2.881343253652152140e+06 1.808203970590108365e+05 -3.437998125252334867e+05 7.631854123632101982e+04 3.846180312951250817e+05 -8.662119295091734966e+04 -3.236712874281699987e+04 2.095686460084618884e+05 2.121355431311165157e+05 1.274881083013423486e+06 1.679838042878174456e+06 1.915376594819580903e+06 -3.098614440963634406e+05 1.355821487619305844e+04 -1.281892425674875267e+06 3.413636025368702831e+05 1.106767358453549678e+06 1.813949467786381138e+05
1.758095571213261923e+06 -1.497363471446104231e+05 -7.138627055769643048e+05 3.799270489495239453e+05 3.272531257910937420e+05 -1.026157485658466430e+04 1.450476099278044785e+04 1.111823232238332275e+05 1.385524412396220723e+05 3.247055555820606649e+06 8.955401469133187784e+05 -1.170458989994551754e+06 6.644232899560579099e+05 7.523155388631592505e+05 -4.414024712271048920e+05 -2.314784157082792080e+04 1.813949467786381138e+05 9.101430962790180929e+05
