2.617606399005145952e+07 5.298866588025580859e+05 -7.202630920124268159e+05 3.138011265659732278e+06 1.304481396521865623e+06 7.593049547321000136e+05 -1.940534349377545761e+06 2.602271444057418557e+04 3.668553812345449842e+04 4.102951151508309878e+06 1.661716152140484750e+07 1.266218209493124671e+07 1.159117716147836670e+07 2.455849348450438585e+06 -2.294368905459470581e+06 -1.855031077634710819e+06 8.785315572984565515e+05 1.657401697868037969e+06
5.298866588025580859e+05 1.560318113581706583e+07 1.709454975490011275e+06 2.586414854653821792e+06 1.662796376577335177e+05 -3.845613288125877734e+05 -2.770538677468324313e+05 1.423212275697804580e+05 4.998778386876877630e+04 -1.824877347240434960e+07 -4.289121965404042043e+06 1.174606227198716486e+06 1.460896593087430578e+06 -1.602056297364065191e+06 -4.541179127915083431e+06 -1.118823703961879713e+06 6.348061732497836056e+04 -1.368231825982978917e+05
-7.202630920124268159e+05 1.709454975490011275e+06 6.930648455018185079e+06 9.796104648188001011e+05 1.847468431838125107e+05 1.769912891017201473e+05 -5.936728216273559956e+05 2.800259995538581861e+05 9.462019397388225480e+04 -1.477132197876687348e+07 2.160450293118929258e+05 9.676211174264298752e+06 2.358896737589829136e+06 -1.137024147843899904e+06 -1.479045842283098958e+06 -4.728800170480755623e+05 1.813594471667985781e+05 -2.973442793252381380e+05
3.138011265659732278e+06 2.586414854653821792e+06 9.796104648188001011e+05 2.154018600351242814e+06 1.027379837098850257e+05 1.590414661041245563e+05 -3.260199450889052823e+05 2.050226189467387157e+05 1.904022283263972495e+05 -2.120383274156517349e+06 3.637091794520765543e+06 2.509296678614226170e+06 2.710657247674077284e+06 2.772597682434165617e+05 -1.391364835992014501e+06 -2.239729784314063145e+05 2.239397973847942485e+05 2.712678562105416495e+04
1.304481396521865623e+06 1.662796376577335177e+05 1.847468431838125107e+05 1.027379837098850257e+05 6.370308492307952838e+05 2.137902353832578810e+05 -2.631469550575697795e+05 1.411217585158042493e+05 4.995215817840142699e+04 -4.729174916086374782e+06 -2.201833144418477081e+06 1.011184497968158335e+06 1.449224264051003556e+05 3.981250947038433515e+05 -5.634130232668211829e+04 -3.588593333121475735e+04 -6.723350808496863465e+04 1.091118371253818623e+04
7.593049547321000136e+05 -3.845613288125877734e+05 1.769912891017201473e+05 1.590414661041245563e+05 2.137902353832578810e+05 4.582788286102516577e+05 1.272117204125590215e+05 1.223147692977162660e+05 9.214495874053795706e+04 -1.720094160029743798e+06 -3.851504114894439117e+05 6.647657423444740707e+05 6.592868089672867209e+05 5.683046748671286041e+05 2.324929152249290782e+05 2.851912164683930459e+05 4.358732343773603498e+04 3.992668482349875558e+04
-1.940534349377545761e+06 -2.770538677468324313e+05 -5.936728216273559956e+05 -3.260199450889052823e+05 -2.631469550575697795e+05 1.272117204125590215e+05 5.667071746643307852e+05 -9.383133331089284184e+03 2.867232661811156959e+03 1.778463376657575835e+06 -3.635255901631533634e+05 -2.312704543363111094e+06 -5.092216056625566562e+05 1.352692548893345811e+05 1.526055899060061784e+05 2.678794160363445408e+05 -7.640624357370864891e+04 -2.242382596184367139e+04
2.602271444057418557e+04 1.423212275697804580e+05 2.800259995538581861e+05 2.050226189467387157e+05 1.411217585158042493e+05 1.223147692977162660e+05 -9.383133331089284184e+03 1.723520234224197920e+05 8.213414119505272538e+04 -1.622300163938145852e+06 -5.823678937362644356e+05 8.956901218997850083e+05 1.766563133253182750e+05 -1.768632410801680526e+05 -2.425417150387767470e+04 1.416133950748371135e+05 1.820488325005006118e+04 -4.350816384288290465e+03
3.668553812345449842e+04 4.998778386876877630e+04 9.462019397388225480e+04 1.904022283263972495e+05 4.995215817840142699e+04 9.214495874053795706e+04 2.867232661811156959e+03 8.213414119505272538e+04 8.357034451869304758e+04 3.095512325819642865e+05 1.381324571405194583e+05 9.624648237095265649e+05 2.998937153744078241e+05 8.003461972721992061e+04 1.459657167714915413e+05 1.535825951152814087e+05 4.400214681574911810e+04 2.734177398443505353e+03
4.102951151508309878e+06 -1.824877347240434960e+07 -1.477132197876687348e+07 -2.120383274156517349e+06 -4.729174916086374782e+06 -1.720094160029743798e+06 1.778463376657575835e+06 -1.622300163938145852e+06 3.095512325819642865e+05 2.437194225152934790e+08 1.197117782885732688e+07 -3.498316427438477054e+06 -3.805732606600413099e+06 9.892899772453987971e+06 9.193981003848852590e+06 1.721102431505357614e+06 -9.181451250434084795e+05 4.603544733710893779e+05
1.661716152140484750e+07 -4.289121965404042043e+06 2.160450293118929258e+05 3.637091794520765543e+06 -2.201833144418477081e+06 -3.851504114894439117e+05 -3.635255901631533634e+05 -5.823678937362644356e+05 1.381324571405194583e+05 1.197117782885732688e+07 8.132392817840586603e+07 2.526765557590354979e+07 1.312486396737115271e+07 1.487176513533552410e+06 -2.612278003859937191e+06 1.759577958242311142e+05 2.240649350637131371e+06 5.086415964776265901e+05
1.266218209493124671e+07 1.174606227198716486e+06 9.676211174264298752e+06 2.509296678614226170e+06 1.011184497968158335e+06 6.647657423444740707e+05 -2.312704543363111094e+06 8.956901218997850083e+05 9.624648237095265649e+05 -3.498316427438477054e+06 2.526765557590354979e+07 4.472336624489233643e+07 1.324536173545571417e+07 1.022260996225599665e+06 7.992189052308164537e+05 7.236487241734106792e+05 2.178923666788476054e+06 4.481852885185334162e+04
1.159117716147836670e+07 1.460896593087430578e+06 2.358896737589829136e+06 2.710657247674077284e+06 1.449224264051003556e+05 6.592868089672867209e+05 -5.092216056625566562e+05 1.766563133253182750e+05 2.998937153744078241e+05 -3.805732606600413099e+06 1.312486396737115271e+07 1.324536173545571417e+07 1.605704071206412092e+07 4.939031998026342131e+06 -2.118081454739294481e+06 -9.492336106546784868e+04 1.410991755607855506e+06 1.113777040450691711e+06
2.455849348450438585e+06 -1.602056297364065191e+06 -1.137024147843899904e+06 2.772597682434165617e+05 3.981250947038433515e+05 5.683046748671286041e+05 1.352692548893345811e+05 -1.768632410801680526e+05 8.003461972721992061e+04 9.892899772453987971e+06 1.487176513533552410e+06 1.022260996225599665e+06 4.939031998026342131e+06 6.070267703456440940e+06 3.493746709296433255e+05 3.876055394893801422e+05 6.976527132486829069e+05 4.558779080792975146e+05
-2.294368905459470581e+06 -4.541179127915083431e+06 -1.479045842283098958e+06 -1.391364835992014501e+06 -5.634130232668211829e+04 2.324929152249290782e+05 1.526055899060061784e+05 -2.425417150387767470e+04 1.459657167714915413e+05 9.193981003848852590e+06 -2.612278003859937191e+06 7.992189052308164537e+05 -2.118081454739294481e+06 3.493746709296433255e+05 4.614800853567941114e+06 1.118798673541633179e+06 -3.164940907444763070e+04 7.831601478761027101e+04
-1.855031077634710819e+06 -1.118823703961879713e+06 -4.728800170480755623e+05 -2.239729784314063145e+05 -3.588593333121475735e+04 2.851912164683930459e+05 2.678794160363445408e+05 1.416133950748371135e+05 1.535825951152814087e+05 1.721102431505357614e+06 1.759577958242311142e+05 7.236487241734106792e+05 -9.492336106546784868e+04 3.876055394893801422e+05 1.118798673541633179e+06 8.968193489946449408e+05 6.316312018945934688e+04 -1.717722319831546920e+05
8.785315572984565515e+05 6.348061732497836056e+04 1.813594471667985781e+05 2.239397973847942485e+05 -6.723350808496863465e+04 4.358732343773603498e+04 -7.640624357370864891e+04 1.820488325005006118e+04 4.400214681574911810e+04 -9.181451250434084795e+05 2.240649350637131371e+06 2.178923666788476054e+06 1.410991755607855506e+06 6.976527132486829069e+05 -3.164940907444763070e+04 6.316312018945934688e+04 7.087150913837153930e+05 2.258974664208392205e+05
1.657401697868037969e+06 -1.368231825982978917e+05 -2.973442793252381380e+05 2.712678562105416495e+04 1.091118371253818623e+04 3.992668482349875558e+04 -2.242382596184367139e+04 -4.350816384288290465e+03 2.734177398443505353e+03 4.603544733710893779e+05 5.086415964776265901e+05 4.481852885185334162e+04 1.113777040450691711e+06 4.558779080792975146e+05 7.831601478761027101e+04 -1.717722319831546920e+05 2.258974664208392205e+05 6.067881463915598579e+05
