1.953151400872679055e+07 -1.581940112828274257e+06 -1.051241819938433822e+06 1.148112969898491865e+06 -1.677799867649479304e+06 2.404746142286452523e+05 3.484469227099267882e+05 -7.161560033048108453e+05 -7.003406728318917158e+04 8.524304338329514489e+06 -2.835766914150978439e+06 -5.259057080716576427e+06 6.064075064595048316e+05 8.586393012305003358e+05 -1.580043801601422019e+06 -8.416724374409299344e+05 2.071952540795872919e+05 -1.280845016828131862e+06
-1.581940112828274257e+06 1.192851582532637566e+07 2.499983921225571539e+06 -8.487997736173901940e+05 -3.291625103559556883e+05 3.589733771406245069e+05 6.241416940452264389e+05 5.240031981124353479e+04 -1.124018779338156455e+05 2.468924997069987655e+07 8.818627030035806820e+06 6.177497638478089124e+06 -1.821219233905277215e+05 -1.077935639511261834e+06 2.046036374277006136e+06 7.204492814710653620e+05 -8.270951089069832815e+05 -8.390354013713449240e+05
-1.051241819938433822e+06 2.499983921225571539e+06 4.184919297874298878e+06 2.607716715231824783e+05 -2.832156313941813423e+05 -2.096806108935294906e+05 -3.864882434090175957e+04 2.626645054969000630e+05 -4.947391189484057395e+04 -7.281219513140302151e+05 -5.235340921889668680e+05 4.203718898064787500e+06 -4.190463052233190392e+05 -2.475623576933921780e+06 3.430576065512782661e+05 7.104027589190716390e+05 6.506444717950065387e+05 8.759316422662127297e+04
1.148112969898491865e+06 -8.487997736173901940e+05 2.607716715231824783e+05 2.176291014565916266e+06 4.647553426840303582e+05 -2.523750608642918523e+05 -2.177865603594543936e+05 -1.609367109139823588e+05 -7.886860288517331355e+04 2.278027250274479389e+06 6.871855066404084209e+05 -7.152071301887329901e+05 -5.394186418143210467e+05 5.365275990522983484e+05 2.539882077021644000e+04 -3.989923451807648235e+04 -1.478325029473754985e+05 1.377965188376106962e+05
-1.677799867649479304e+06 -3.291625103559556883e+05 -2.832156313941813423e+05 4.647553426840303582e+05 1.151058216534859268e+06 -1.075909733985965140e+05 -7.038061671930835291e+04 2.449737714202807183e+04 5.273456014216854783e+03 -4.065221562211934477e+06 -1.320365045563649910e+05 -4.063284229795615538e+05 1.229806722579250345e+05 8.282407899535604520e+05 -1.447788380091295403e+05 -1.453980795883091378e+04 -3.034551997588388040e+05 -5.099444865345527433e+03
2.404746142286452523e+05 3.589733771406245069e+05 -2.096806108935294906e+05 -2.523750608642918523e+05 -1.075909733985965140e+05 6.140858028340403689e+05 1.479268073590156564e+05 -7.393076416142994276e+03 4.640094210884726635e+04 1.775093227472905535e+06 6.497713109524187166e+05 -4.023898574211667874e+05 3.981587605327162892e+05 3.000466956085485290e+05 3.881275004095748300e+05 1.923872966222721152e+05 1.677046169952430064e+05 -1.006039423665535433e+05
3.484469227099267882e+05 6.241416940452264389e+05 -3.864882434090175957e+04 -2.177865603594543936e+05 -7.038061671930835291e+04 1.479268073590156564e+05 2.535320522995571373e+05 1.704183488246566048e+04 -1.116664729284622445e+04 1.692051952911098721e+06 3.684769251658350113e+05 -2.238901865693363943e+05 6.250910978109291755e+05 -1.331245129041398468e+05 9.827218251092755236e+04 1.784392072330513620e+05 -7.443623527709425252e+04 -8.830936490282387240e+04
-7.161560033048108453e+05 5.240031981124353479e+04 2.626645054969000630e+05 -1.609367109139823588e+05 2.449737714202807183e+04 -7.393076416142994276e+03 1.704183488246566048e+04 2.684884137224803562e+05 1.475294953296483254e+04 -8.466510642619463615e+05 -2.619833472261857241e+05 -3.077247569326523226e+05 2.110390060365431127e+05 -1.446424011895169679e+05 9.707247486320447933e+04 1.764841496587340080e+05 3.425436158462198800e+05 1.895573221961788950e+05
-7.003406728318917158e+04 -1.124018779338156455e+05 -4.947391189484057395e+04 -7.886860288517331355e+04 5.273456014216854783e+03 4.640094210884726635e+04 -1.116664729284622445e+04 1.475294953296483254e+04 4.939253482836731564e+04 -2.605580646417975076e+05 -9.417762118097578059e+04 4.198850685390202561e+05 -5.060691096004119026e+04 1.964335157904853695e+05 1.695011584574939916e+05 1.941394736847906825e+04 2.858287766832333364e+04 -1.254051710670157081e+04
8.524304338329514489e+06 2.468924997069987655e+07 -7.281219513140302151e+05 2.278027250274479389e+06 -4.065221562211934477e+06 1.775093227472905535e+06 1.692051952911098721e+06 -8.466510642619463615e+05 -2.605580646417975076e+05 1.551221647403311729e+08 1.847129264699089900e+07 6.170802085156270768e+05 5.950477385020356625e+06 5.446703810671579093e+06 1.027055555657307431e+07 9.840386645930730738e+05 -3.543663831467212178e+06 -2.481204099692395423e+06
-2.835766914150978439e+06 8.818627030035806820e+06 -5.235340921889668680e+05 6.871855066404084209e+05 -1.320365045563649910e+05 6.497713109524187166e+05 3.684769251658350113e+05 -2.619833472261857241e+05 -9.417762118097578059e+04 1.847129264699089900e+07 4.234667425425259024e+07 5.476226280382458121e+06 -7.054640692575307563e+06 -1.505503478691262659e+06 4.054772788675724063e+06 -8.134436363030280918e+05 -5.162548055562094785e+06 -1.242328386022899300e+06
-5.259057080716576427e+06 6.177497638478089124e+06 4.203718898064787500e+06 -7.152071301887329901e+05 -4.063284229795615538e+05 -4.023898574211667874e+05 -2.238901865693363943e+05 -3.077247569326523226e+05 4.198850685390202561e+05 6.170802085156270768e+05 5.476226280382458121e+06 2.941007826016372442e+07 -6.394344196019802243e+06 5.519939638643380022e+05 4.430834429674786516e+06 -4.723749495086137322e+05 -1.332547709404629422e+06 -1.676585407488879282e+06
6.064075064595048316e+05 -1.821219233905277215e+05 -4.190463052233190392e+05 -5.394186418143210467e+05 1.229806722579250345e+05 3.981587605327162892e+05 6.250910978109291755e+05 2.110390060365431127e+05 -5.060691096004119026e+04 5.950477385020356625e+06 -7.054640692575307563e+06 -6.394344196019802243e+06 5.542673987974037416e+06 2.312074296429795868e+04 -5.755171939271885203e+05 1.022093468149809400e+06 8.093349219646072015e+05 5.734506192007007776e+05
8.586393012305003358e+05 -1.077935639511261834e+06 -2.475623576933921780e+06 5.365275990522983484e+05 8.282407899535604520e+05 3.000466956085485290e+05 -1.331245129041398468e+05 -1.446424011895169679e+05 1.964335157904853695e+05 5.446703810671579093e+06 -1.505503478691262659e+06 5.519939638643380022e+05 2.312074296429795868e+04 4.166884840210604947e+06 1.161853815036740154e+06 -3.060001081652396242e+05 -3.454256305506830104e+05 -4.032279986629763152e+05
-1.580043801601422019e+06 2.046036374277006136e+06 3.430576065512782661e+05 2.539882077021644000e+04 -1.447788380091295403e+05 3.881275004095748300e+05 9.827218251092755236e+04 9.707247486320447933e+04 1.695011584574939916e+05 1.027055555657307431e+07 4.054772788675724063e+06 4.430834429674786516e+06 -5.755171939271885203e+05 1.161853815036740154e+06 3.230997309948836919e+06 4.477109549736275803e+05 -1.261986721438266104e+05 8.320423964747058926e+04
-8.416724374409299344e+05 7.204492814710653620e+05 7.104027589190716390e+05 -3.989923451807648235e+04 -1.453980795883091378e+04 1.923872966222721152e+05 1.784392072330513620e+05 1.764841496587340080e+05 1.941394736847906825e+04 9.840386645930730738e+05 -8.134436363030280918e+05 -4.723749495086137322e+05 1.022093468149809400e+06 -3.060001081652396242e+05 4.477109549736275803e+05 7.488652251085853204e+05 5.426809667088583810e+05 3.550776162562716636e+05
2.071952540795872919e+05 -8.270951089069832815e+05 6.506444717950065387e+05 -1.478325029473754985e+05 -3.034551997588388040e+05 1.677046169952430064e+05 -7.443623527709425252e+04 3.425436158462198800e+05 2.858287766832333364e+04 -3.543663831467212178e+06 -5.162548055562094785e+06 -1.332547709404629422e+06 8.093349219646072015e+05 -3.454256305506830104e+05 -1.261986721438266104e+05 5.426809667088583810e+05 1.673124648140633479e+06 5.867262365423266310e+05
-1.280845016828131862e+06 -8.390354013713449240e+05 8.759316422662127297e+04 1.377965188376106962e+05 -5.099444865345527433e+03 -1.006039423665535433e+05 -8.830936490282387240e+04 1.895573221961788950e+05 -1.254051710670157081e+04 -2.481204099692395423e+06 -1.242328386022899300e+06 -1.676585407488879282e+06 5.734506192007007776e+05 -4.032279986629763152e+05 8.320423964747058926e+04 3.550776162562716636e+05 5.867262365423266310e+05 6.967440029839670751e+05
