6.537875420979801565e+07 4.407710281110364012e+06 -1.336640179842036217e+06 1.173690188809942047e+05 -2.936841240162961185e+06 -1.285001874742537038e+06 -1.389560756324958988e+06 1.062155776296216063e+06 -4.655555801039916696e+05 3.647943831078588497e+06 -1.387880635726203024e+07 1.894275262510420009e+07 3.243045805646658991e+05 1.475474340007031336e+06 3.197140188991801915e+04 -1.548052042295119027e+06 -2.904747414461368229e+06 1.339772801275478676e+06
4.407710281110364012e+06 1.962521739521907642e+07 -2.095016472735485295e+05 -4.868406866410588264e+05 3.273696381339123473e+05 -3.640639808847787208e+05 -3.148922097116288496e+05 -2.964129546406540903e+05 -4.685261417516766232e+05 1.895419555460604024e+05 8.054110252667011693e+06 5.756093198160805739e+06 -1.828581739608907141e+06 2.490996069993975107e+06 2.033640345086087473e+06 6.112264744399980409e+05 9.272967825740054832e+04 -5.311697415619881358e+05
-1.336640179842036217e+06 -2.095016472735485295e+05 4.101333469370278064e+06 2.859473765418549301e+05 1.733706889215832343e+05 2.845825229092726950e+05 2.398508765194579028e+05 -2.740137570645780652e+05 9.377736525081125728e+04 -1.238548667624480836e+07 -2.453085895688950550e+06 1.115286641999298474e+06 -3.437477550465136301e+05 5.366450848361832323e+05 6.032147434485056438e+05 3.184873232686084229e+05 8.110845384435728192e+05 1.398862041773517267e+05
1.173690188809942047e+05 -4.868406866410588264e+05 2.859473765418549301e+05 2.156083597981457133e+06 6.154794017317062244e+05 2.493825787065515469e+05 -2.553736712449196784e+04 2.917656196536619245e+04 2.368621794224445766e+05 5.265732853264634497e+06 2.882302380642885342e+06 1.521893078909334727e+06 2.152954138811339624e+06 1.389759020807133988e+06 1.985882648399365426e+05 -3.581841921947585652e+05 -2.549087148287757300e+05 4.868165964320119820e+05
-2.936841240162961185e+06 3.273696381339123473e+05 1.733706889215832343e+05 6.154794017317062244e+05 1.023917166849578382e+06 2.869808517723526456e+05 -5.115748201811453328e+04 1.858190083211055025e+04 7.394433727807072864e+04 1.344679223105363082e+06 6.716360966301648878e+05 -1.204394105056293774e+06 6.602524221913032234e+05 5.531056039120149799e+05 -2.137362682137961674e+05 -1.017387130334630347e+05 8.553639708362586680e+04 -3.213191833978739451e+05
-1.285001874742537038e+06 -3.640639808847787208e+05 2.845825229092726950e+05 2.493825787065515469e+05 2.869808517723526456e+05 6.453079044430768117e+05 3.976132727490806428e+04 9.299295273368072230e+04 1.485343786455015361e+05 -1.698756341078452766e+06 -2.730049222147169057e+05 -1.885834522268239409e+06 1.201993813027453143e+05 4.617920905894300085e+05 2.154629071323054959e+05 3.531689798634613398e+05 6.015532135423646832e+04 -4.291541754924191628e+04
-1.389560756324958988e+06 -3.148922097116288496e+05 2.398508765194579028e+05 -2.553736712449196784e+04 -5.115748201811453328e+04 3.976132727490806428e+04 4.031983687827722169e+05 2.087124992211166682e+04 4.298855338665714953e+04 -3.498083574257060536e+05 8.908394709088717354e+05 -3.702961363011314534e+05 6.956421421272832667e+05 4.373565622015651315e+05 3.162621762665709248e+05 6.025691281511260895e+05 8.352514072082890198e+04 2.772663420120138326e+05
1.062155776296216063e+06 -2.964129546406540903e+05 -2.740137570645780652e+05 2.917656196536619245e+04 1.858190083211055025e+04 9.299295273368072230e+04 2.087124992211166682e+04 1.556423792332552257e+05 8.620046154086054230e+03 1.135109654891211307e+06 -5.009207936823809869e+05 -3.632811724965187022e+05 1.607195714116745803e+05 5.806940347700487473e+04 -5.938326052400713525e+04 2.598409060024544669e+04 -1.436832404241163458e+05 -7.332548367008503192e+02
-4.655555801039916696e+05 -4.685261417516766232e+05 9.377736525081125728e+04 2.368621794224445766e+05 7.394433727807072864e+04 1.485343786455015361e+05 4.298855338665714953e+04 8.620046154086054230e+03 1.155646546513645444e+05 -4.747515879042312736e+05 -4.309555653656620998e+05 -4.049363389973153244e+05 -7.853171344357680937e+04 -5.613305259759817272e+04 -2.509591559143393897e+04 1.436852287962047558e+05 5.422614733380292455e+04 1.307331191790516750e+05
3.647943831078588497e+06 1.895419555460604024e+05 -1.238548667624480836e+07 5.265732853264634497e+06 1.344679223105363082e+06 -1.698756341078452766e+06 -3.498083574257060536e+05 1.135109654891211307e+06 -4.747515879042312736e+05 2.063883409799558520e+08 3.581859569906073064e+07 8.626868679376497865e+06 1.363709212201542594e+07 -1.334687313679384824e+05 -1.804583803187743993e+06 -5.824987940963956527e+06 -6.572258854467715137e+06 6.060977723287038971e+05
-1.387880635726203024e+07 8.054110252667011693e+06 -2.453085895688950550e+06 2.882302380642885342e+06 6.716360966301648878e+05 -2.730049222147169057e+05 8.908394709088717354e+05 -5.009207936823809869e+05 -4.309555653656620998e+05 3.581859569906073064e+07 3.850838056045764685e+07 3.169164960003694519e+06 1.370527596069697477e+07 6.564946076285010204e+06 3.964493614778401330e+06 -9.092135343244981486e+05 -1.135127404085672228e+06 -2.849749661928238929e+05
1.894275262510420009e+07 5.756093198160805739e+06 1.115286641999298474e+06 1.521893078909334727e+06 -1.204394105056293774e+06 -1.885834522268239409e+06 -3.702961363011314534e+05 -3.632811724965187022e+05 -4.049363389973153244e+05 8.626868679376497865e+06 3.169164960003694519e+06 2.367873287958289683e+07 6.669147219165167771e+05 -1.063296501789348440e+04 -4.978661240512848017e+05 -2.318458612645340152e+06 -1.432619214138007723e+06 1.365224494199287146e+06
3.243045805646658991e+05 -1.828581739608907141e+06 -3.437477550465136301e+05 2.152954138811339624e+06 6.602524221913032234e+05 1.201993813027453143e+05 6.956421421272832667e+05 1.607195714116745803e+05 -7.853171344357680937e+04 1.363709212201542594e+07 1.370527596069697477e+07 6.669147219165167771e+05 1.485130458245314099e+07 4.864456169345978647e+06 3.947109143708971533e+04 -1.155068341266629577e+05 -1.110856533284268109e+06 1.249388962860767788e+05
1.475474340007031336e+06 2.490996069993975107e+06 5.366450848361832323e+05 1.389759020807133988e+06 5.531056039120149799e+05 4.617920905894300085e+05 4.373565622015651315e+05 5.806940347700487473e+04 -5.613305259759817272e+04 -1.334687313679384824e+05 6.564946076285010204e+06 -1.063296501789348440e+04 4.864456169345978647e+06 6.810391522419722751e+06 4.254440126056689187e+05 2.831087435420167458e+04 -3.276656473377726506e+05 -2.509434321259301214e+05
3.197140188991801915e+04 2.033640345086087473e+06 6.032147434485056438e+05 1.985882648399365426e+05 -2.137362682137961674e+05 2.154629071323054959e+05 3.162621762665709248e+05 -5.938326052400713525e+04 -2.509591559143393897e+04 -1.804583803187743993e+06 3.964493614778401330e+06 -4.978661240512848017e+05 3.947109143708971533e+04 4.254440126056689187e+05 2.791324443495362531e+06 9.717928359910302097e+05 5.232757596467141993e+05 3.841544244720284478e+05
-1.548052042295119027e+06 6.112264744399980409e+05 3.184873232686084229e+05 -3.581841921947585652e+05 -1.017387130334630347e+05 3.531689798634613398e+05 6.025691281511260895e+05 2.598409060024544669e+04 1.436852287962047558e+05 -5.824987940963956527e+06 -9.092135343244981486e+05 -2.318458612645340152e+06 -1.155068341266629577e+05 2.831087435420167458e+04 9.717928359910302097e+05 2.304915831882625353e+06 5.641714068265106762e+05 4.722351338983283495e+05
-2.904747414461368229e+06 9.272967825740054832e+04 8.110845384435728192e+05 -2.549087148287757300e+05 8.553639708362586680e+04 6.015532135423646832e+04 8.352514072082890198e+04 -1.436832404241163458e+05 5.422614733380292455e+04 -6.572258854467715137e+06 -1.135127404085672228e+06 -1.432619214138007723e+06 -1.110856533284268109e+06 -3.276656473377726506e+05 5.232757596467141993e+05 5.641714068265106762e+05 8.529468585381702287e+05 2.695246986075867608e+04
1.339772801275478676e+06 -5.311697415619881358e+05 1.398862041773517267e+05 4.868165964320119820e+05 -3.213191833978739451e+05 -4.291541754924191628e+04 2.772663420120138326e+05 -7.332548367008503192e+02 1.307331191790516750e+05 6.060977723287038971e+05 -2.849749661928238929e+05 1.365224494199287146e+06 1.249388962860767788e+05 -2.509434321259301214e+05 3.841544244720284478e+05 4.722351338983283495e+05 2.695246986075867608e+04 1.002585003334415727e+06
