4.717510604846739769e+07 1.461306968061245233e+07 8.246430034081423655e+05 -1.729662410942753078e+06 4.033739783033070154e+06 3.583546630478581646e+05 1.194580517665893771e+06 5.466297165447135922e+05 2.226738382089244260e+05 4.504419641846889257e+07 1.469367918167062849e+07 -9.625007549825865775e+06 -3.156089459753013682e+06 -3.351772541388265789e+06 1.089988560836750316e+06 1.477454391938270768e+06 2.354393764501301572e+06 -2.728160666717511602e+06
1.461306968061245233e+07 1.499680876114461571e+07 4.903790494677130482e+05 -1.834072447244590614e+06 7.823521018498088233e+05 -3.793167562530281139e+05 1.048066659646709013e+05 4.081491029411760392e+05 2.068299603871518921e+05 1.155791819693943858e+07 1.120475216676135734e+07 -7.163959955323588103e+06 -3.618872950812825002e+06 -1.458288877233722480e+06 -9.382185563990059309e+05 1.098386801572680124e+05 6.374853704494535923e+05 -6.759434612784576602e+05
8.246430034081423655e+05 4.903790494677130482e+05 5.763673000164343044e+06 -5.708160337017725687e+05 -3.531319471146357246e+05 -4.119843403078670963e+05 -4.718035179686412448e+05 1.304670856283276662e+05 -8.467839085099578369e+04 -5.718211792964052409e+06 3.196638530935673043e+06 1.451842229686555918e+06 7.335365448773358366e+03 4.108183995052330429e+05 1.031121018990053999e+05 -2.939303403780728113e+05 -1.895819207682195120e+05 4.283153277336384781e+04
-1.729662410942753078e+06 -1.834072447244590614e+06 -5.708160337017725687e+05 1.762253129345911089e+06 -3.072381382460548775e+05 -1.384813710229302233e+05 1.405436777976501908e+05 7.383711023701717204e+04 1.104754318210320162e+04 -9.037833073329096660e+06 -2.693944936730179936e+06 2.176787779572869185e+06 2.422074304896312300e+06 3.746086174950186396e+05 6.494498562801484950e+05 -2.422825849476348230e+04 -6.470074103053654544e+05 -1.007754577068547951e+05
4.033739783033070154e+06 7.823521018498088233e+05 -3.531319471146357246e+05 -3.072381382460548775e+05 2.237615065520930570e+06 4.448965085937826079e+05 3.350638154894477921e+05 -1.691836692070377467e+05 1.066619232073755993e+05 1.012633517499366030e+07 1.765192756446977379e+06 1.649072171132383402e+06 -2.450102505894679634e+05 -6.521808493738434045e+05 -1.669616818613575888e+05 -3.691822874532098649e+05 1.457878074954709737e+05 -1.001864441321957856e+05
3.583546630478581646e+05 -3.793167562530281139e+05 -4.119843403078670963e+05 -1.384813710229302233e+05 4.448965085937826079e+05 4.331115183929544291e+05 3.886073262808803702e+04 -9.278886451685482461e+04 1.866666473025148662e+04 2.714726276667762548e+06 -1.085036140185162192e+06 -5.536720130204020534e+05 -9.134244653178659792e+04 2.029355240151912440e+05 3.366112764079051558e+05 -2.675900381760725868e+05 1.811043121161284798e+05 4.582279412529024739e+03
1.194580517665893771e+06 1.048066659646709013e+05 -4.718035179686412448e+05 1.405436777976501908e+05 3.350638154894477921e+05 3.886073262808803702e+04 2.692644464972413261e+05 -5.727023688316938888e+02 4.754182655720305047e+04 9.019152376225980697e+05 -6.248769096258332720e+05 5.474116126954515930e+05 1.689653714369734807e+05 -5.692593746895708609e+05 3.110339404314633066e+04 2.230253242965082754e+05 -3.487272267809449841e+04 -2.067477960054839496e+05
5.466297165447135922e+05 4.081491029411760392e+05 1.304670856283276662e+05 7.383711023701717204e+04 -1.691836692070377467e+05 -9.278886451685482461e+04 -5.727023688316938888e+02 2.289724498916111188e+05 3.207779213104814698e+04 -1.939106763046015985e+06 -2.515401188111745869e+05 -3.599227609369626734e+05 2.976647372994621037e+04 2.209676527481871308e+05 2.628960635530188447e+05 8.770546879671677016e+04 1.050417680053617223e+05 1.938334652864661984e+04
2.226738382089244260e+05 2.068299603871518921e+05 -8.467839085099578369e+04 1.104754318210320162e+04 1.066619232073755993e+05 1.866666473025148662e+04 4.754182655720305047e+04 3.207779213104814698e+04 1.257539575179533567e+05 4.657266719973430154e+05 -8.799928881403594278e+05 -3.312372949071305920e+05 -1.215473843812057603e+05 -2.387927805769885017e+05 -5.525434315269280341e+04 -8.478613489852054045e+04 -4.122242809668629889e+03 6.542568620195233234e+04
4.504419641846889257e+07 1.155791819693943858e+07 -5.718211792964052409e+06 -9.037833073329096660e+06 1.012633517499366030e+07 2.714726276667762548e+06 9.019152376225980697e+05 -1.939106763046015985e+06 4.657266719973430154e+05 2.546677646503143013e+08 7.572042077139340341e+07 -2.028075061579150707e+07 -1.154917511668617465e+07 -9.672980903283782303e+06 -1.363334836252425797e+06 -1.595949405551906675e+06 7.314699583949336782e+06 1.935215291749651777e+06
1.469367918167062849e+07 1.120475216676135734e+07 3.196638530935673043e+06 -2.693944936730179936e+06 1.765192756446977379e+06 -1.085036140185162192e+06 -6.248769096258332720e+05 -2.515401188111745869e+05 -8.799928881403594278e+05 7.572042077139340341e+07 8.939437987817661464e+07 3.449256039381267969e+06 -2.567005593046198599e+06 -1.399813332913837628e+06 -5.054266586272842251e+06 1.488525903849110473e+06 1.015097700263560284e+06 2.461211257211040240e+06
-9.625007549825865775e+06 -7.163959955323588103e+06 1.451842229686555918e+06 2.176787779572869185e+06 1.649072171132383402e+06 -5.536720130204020534e+05 5.474116126954515930e+05 -3.599227609369626734e+05 -3.312372949071305920e+05 -2.028075061579150707e+07 3.449256039381267969e+06 2.851146102475308254e+07 4.515939228559183888e+06 1.526593638639042852e+06 -2.296772752151050139e+06 9.637342469243188680e+04 -2.331432116028768942e+06 -4.663512921082440298e+05
-3.156089459753013682e+06 -3.618872950812825002e+06 7.335365448773358366e+03 2.422074304896312300e+06 -2.450102505894679634e+05 -9.134244653178659792e+04 1.689653714369734807e+05 2.976647372994621037e+04 -1.215473843812057603e+05 -1.154917511668617465e+07 -2.567005593046198599e+06 4.515939228559183888e+06 7.940931040317554027e+06 2.034756612480150536e+06 9.121303780146973440e+05 2.405602798165119311e+05 -1.222183056081398623e+06 -5.090603272763881832e+05
-3.351772541388265789e+06 -1.458288877233722480e+06 4.108183995052330429e+05 3.746086174950186396e+05 -6.521808493738434045e+05 2.029355240151912440e+05 -5.692593746895708609e+05 2.209676527481871308e+05 -2.387927805769885017e+05 -9.672980903283782303e+06 -1.399813332913837628e+06 1.526593638639042852e+06 2.034756612480150536e+06 3.810595203477528878e+06 1.251434707725009648e+06 -9.129225043747041127e+03 8.033190879450051580e+04 3.869672490332982270e+05
1.089988560836750316e+06 -9.382185563990059309e+05 1.031121018990053999e+05 6.494498562801484950e+05 -1.669616818613575888e+05 3.366112764079051558e+05 3.110339404314633066e+04 2.628960635530188447e+05 -5.525434315269280341e+04 -1.363334836252425797e+06 -5.054266586272842251e+06 -2.296772752151050139e+06 9.121303780146973440e+05 1.251434707725009648e+06 3.266391294642179739e+06 5.967398453308703611e+05 7.097682514498260571e+05 1.723439473529558163e+05
1.477454391938270768e+06 1.098386801572680124e+05 -2.939303403780728113e+05 -2.422825849476348230e+04 -3.691822874532098649e+05 -2.675900381760725868e+05 2.230253242965082754e+05 8.770546879671677016e+04 -8.478613489852054045e+04 -1.595949405551906675e+06 1.488525903849110473e+06 9.637342469243188680e+04 2.405602798165119311e+05 -9.129225043747041127e+03 5.967398453308703611e+05 1.722918520696833031e+06 1.137542142135812173e+04 -1.459571323288710846e+05
2.354393764501301572e+06 6.374853704494535923e+05 -1.895819207682195120e+05 -6.470074103053654544e+05 1.457878074954709737e+05 1.811043121161284798e+05 -3.487272267809449841e+04 1.050417680053617223e+05 -4.122242809668629889e+03 7.314699583949336782e+06 1.015097700263560284e+06 -2.331432116028768942e+06 -1.222183056081398623e+06 8.033190879450051580e+04 7.097682514498260571e+05 1.137542142135812173e+04 1.451377225246218964e+06 4.347322147803402622e+05
-2.728160666717511602e+06 -6.759434612784576602e+05 4.283153277336384781e+04 -1.007754577068547951e+05 -1.001864441321957856e+05 4.582279412529024739e+03 -2.067477960054839496e+05 1.938334652864661984e+04 6.542568620195233234e+04 1.935215291749651777e+06 2.461211257211040240e+06 -4.663512921082440298e+05 -5.090603272763881832e+05 3.869672490332982270e+05 1.723439473529558163e+05 -1.459571323288710846e+05 4.347322147803402622e+05 8.697152169015663676e+05
