5.349786254550908506e+07 5.032437766621323302e+06 -1.530758191514352569e+06 4.601133314238863386e+04 2.889306326287002303e+06 1.209774990278454032e+06 1.259946995510631707e+06 6.207513717860762263e+05 2.716732181574578281e+05 3.060393136216878891e+07 -1.923797234383606701e+05 -1.173870553826357424e+07 -1.172867601500927238e+06 5.367052306971881539e+06 -1.323918053507521749e+06 -2.409077635446720815e+05 2.442637371999124065e+06 2.516121506676516961e+06
5.032437766621323302e+06 6.674693012281868607e+06 1.601822975967950420e+06 1.922728050758882600e+05 -3.472863259662130149e+05 4.921265080785956234e+05 1.859002801281941647e+05 -1.172681295230279502e+05 -1.560601088465866997e+04 8.472651341280690394e+05 4.804663949826286407e+05 4.321362099111004733e+06 9.158523371195398504e+05 -3.998623116309428588e+05 -1.530542183047583421e+04 1.134007340908648039e+05 8.039809063430661336e+05 1.326268997772487637e+05
-1.530758191514352569e+06 1.601822975967950420e+06 4.550326766262802295e+06 1.231946149895420065e+06 -2.120372793891446199e+05 -1.069353571389074204e+05 2.562176031675232807e+05 -8.589969010897968838e+04 -7.079153715947440651e+04 4.470337867376538343e+05 -2.859354589338080958e+06 3.067086058944902383e+06 1.003629947158064460e+05 -1.208497287558182608e+06 7.958461808018828742e+04 -6.420888537772231502e+05 -8.874247674092287198e+05 -1.716046123540713161e+05
4.601133314238863386e+04 1.922728050758882600e+05 1.231946149895420065e+06 2.074330514889866114e+06 5.158344368258284521e+05 2.861749099761666148e+05 2.285327071835050592e+05 -2.193038905892797266e+04 1.053986768085478107e+05 7.136273215600427240e+06 5.612840375859889900e+05 -2.868180573880260345e+05 1.102471331755017629e+06 5.348382478062219889e+04 -1.380968787705982104e+05 6.553358105273598630e+04 -5.986289431939857313e+05 1.335455210546800809e+05
2.889306326287002303e+06 -3.472863259662130149e+05 -2.120372793891446199e+05 5.158344368258284521e+05 1.625733161609567702e+06 3.388353825172641082e+05 2.398650150351842167e+05 2.976898019541153644e+03 1.591908807878236985e+05 8.067659908227743581e+06 1.424257996627906337e+06 -2.135642183397408575e+06 3.541462548894049251e+05 1.737845734665470663e+06 2.754246062188071082e+05 4.888296987569050398e+05 -2.988731989387696958e+05 3.243159937380988849e+05
1.209774990278454032e+06 4.921265080785956234e+05 -1.069353571389074204e+05 2.861749099761666148e+05 3.388353825172641082e+05 6.469437923107065726e+05 6.731620046514140267e+04 -2.192759469007872667e+03 6.741429862483868783e+04 2.248132680234493222e+06 1.531166900871613063e+06 1.993811904694818368e+05 7.215688239104092354e+05 2.021744264057549590e+05 2.628033932513773907e+05 6.419631434213321336e+04 -6.840279196094637155e+04 1.251025144795860979e+05
1.259946995510631707e+06 1.859002801281941647e+05 2.562176031675232807e+05 2.285327071835050592e+05 2.398650150351842167e+05 6.731620046514140267e+04 1.651626202092708554e+05 1.282507676069964691e+04 -6.911557107465491754e+03 1.405394653799267486e+06 -8.941276377371418057e+05 -2.276261838080357993e+05 2.567201739007225260e+05 5.110010204254444689e+05 3.501305479153246415e+04 -4.566959486319761709e+03 -1.435384453878967324e+05 7.021023817648011027e+04
6.207513717860762263e+05 -1.172681295230279502e+05 -8.589969010897968838e+04 -2.193038905892797266e+04 2.976898019541153644e+03 -2.192759469007872667e+03 1.282507676069964691e+04 2.014468886930338922e+05 -2.764535728122327782e+03 -1.812448653503985843e+06 -1.275515437782171415e+06 -6.024690309679110069e+05 -3.037649905749944155e+05 7.371050625217254856e+04 9.316229605413491663e+04 1.515034207316444663e+05 2.054225102296768164e+05 7.572894529101012449e+04
2.716732181574578281e+05 -1.560601088465866997e+04 -7.079153715947440651e+04 1.053986768085478107e+05 1.591908807878236985e+05 6.741429862483868783e+04 -6.911557107465491754e+03 -2.764535728122327782e+03 8.127535327202774351e+04 2.678278796450638911e+05 5.205683292690403759e+05 -2.135824980736846628e+05 -7.862831716099263576e+04 1.367246062309260305e+05 3.715461440445975313e+04 -5.761389899003941537e+04 -9.281277959885481687e+04 2.724314721847684268e+04
3.060393136216878891e+07 8.472651341280690394e+05 4.470337867376538343e+05 7.136273215600427240e+06 8.067659908227743581e+06 2.248132680234493222e+06 1.405394653799267486e+06 -1.812448653503985843e+06 2.678278796450638911e+05 2.129918052910813391e+08 4.202495660360854864e+07 -5.208427103478785604e+06 -3.782135676973629743e+06 1.792648083820310654e+06 1.624314129332348239e+06 -8.913826249416293576e+05 -1.613833466982464073e+06 8.295819805673266528e+05
-1.923797234383606701e+05 4.804663949826286407e+05 -2.859354589338080958e+06 5.612840375859889900e+05 1.424257996627906337e+06 1.531166900871613063e+06 -8.941276377371418057e+05 -1.275515437782171415e+06 5.205683292690403759e+05 4.202495660360854864e+07 4.610135803026117384e+07 6.671391162194882520e+06 9.207896265875779791e+05 7.747122121931668371e+05 2.617380257064279635e+06 1.017945619921063306e+06 -7.974875386662498349e+05 2.754085101917169522e+05
-1.173870553826357424e+07 4.321362099111004733e+06 3.067086058944902383e+06 -2.868180573880260345e+05 -2.135642183397408575e+06 1.993811904694818368e+05 -2.276261838080357993e+05 -6.024690309679110069e+05 -2.135824980736846628e+05 -5.208427103478785604e+06 6.671391162194882520e+06 1.459272314377296343e+07 1.278804445024543442e+06 -1.277002716381864855e+06 9.639365670636184514e+05 -5.700805945843738737e+05 -1.032296035394160077e+06 -8.402690328992209397e+05
-1.172867601500927238e+06 9.158523371195398504e+05 1.003629947158064460e+05 1.102471331755017629e+06 3.541462548894049251e+05 7.215688239104092354e+05 2.567201739007225260e+05 -3.037649905749944155e+05 -7.862831716099263576e+04 -3.782135676973629743e+06 9.207896265875779791e+05 1.278804445024543442e+06 1.075607038132943027e+07 1.437089933680088434e+05 -2.534510564591782633e+06 4.418995679497994715e+05 -7.629411548526349943e+05 1.639727144943567691e+05
5.367052306971881539e+06 -3.998623116309428588e+05 -1.208497287558182608e+06 5.348382478062219889e+04 1.737845734665470663e+06 2.021744264057549590e+05 5.110010204254444689e+05 7.371050625217254856e+04 1.367246062309260305e+05 1.792648083820310654e+06 7.747122121931668371e+05 -1.277002716381864855e+06 1.437089933680088434e+05 5.325089533169344068e+06 6.348733912489436334e+05 5.962057846087024081e+05 -6.934335492745960364e+05 5.246846007916182280e+05
-1.323918053507521749e+06 -1.530542183047583421e+04 7.958461808018828742e+04 -1.380968787705982104e+05 2.754246062188071082e+05 2.628033932513773907e+05 3.501305479153246415e+04 9.316229605413491663e+04 3.715461440445975313e+04 1.624314129332348239e+06 2.617380257064279635e+06 9.639365670636184514e+05 -2.534510564591782633e+06 6.348733912489436334e+05 2.103800297473302111e+06 2.913590129399372381e+05 7.390914378099235182e+04 -9.467035783528031607e+04
-2.409077635446720815e+05 1.134007340908648039e+05 -6.420888537772231502e+05 6.553358105273598630e+04 4.888296987569050398e+05 6.419631434213321336e+04 -4.566959486319761709e+03 1.515034207316444663e+05 -5.761389899003941537e+04 -8.913826249416293576e+05 1.017945619921063306e+06 -5.700805945843738737e+05 4.418995679497994715e+05 5.962057846087024081e+05 2.913590129399372381e+05 1.153421350771840429e+06 4.686840638228885946e+05 1.073668998035180848e+05
2.442637371999124065e+06 8.039809063430661336e+05 -8.874247674092287198e+05 -5.986289431939857313e+05 -2.988731989387696958e+05 -6.840279196094637155e+04 -1.435384453878967324e+05 2.054225102296768164e+05 -9.281277959885481687e+04 -1.613833466982464073e+06 -7.974875386662498349e+05 -1.032296035394160077e+06 -7.629411548526349943e+05 -6.934335492745960364e+05 7.390914378099235182e+04 4.686840638228885946e+05 1.233477167859953362e+06 1.009095980254859896e+05
2.516121506676516961e+06 1.326268997772487637e+05 -1.716046123540713161e+05 1.335455210546800809e+05 3.243159937380988849e+05 1.251025144795860979e+05 7.021023817648011027e+04 7.572894529101012449e+04 2.724314721847684268e+04 8.295819805673266528e+05 2.754085101917169522e+05 -8.402690328992209397e+05 1.639727144943567691e+05 5.246846007916182280e+05 -9.467035783528031607e+04 1.073668998035180848e+05 1.009095980254859896e+05 4.071571593977089506e+05
