4.966282403107756376e+07 -1.090853247259482276e+06 -1.771740846003850223e+06 -1.947736516596337315e+05 -3.592928009350390057e+05 1.157850361342725577e+06 -6.516554287531643640e+05 -1.344410275007007585e+05 7.302251409243590897e+05 1.132921114301860891e+07 -1.431223969725497440e+07 1.157149509517139290e+06 -3.424741474840916693e+06 -5.020344582772633294e+05 -1.904571974827332189e+06 -2.656840705820542760e+06 2.093865368836385431e+06 -1.349972723281019134e+05
-1.090853247259482276e+06 9.272307931391030550e+06 8.575226023732448230e+05 -8.804515487994718133e+05 2.127441260410622635e+04 -3.309067825852561509e+05 3.613325741305987467e+05 8.839408499409662909e+03 -2.369253844334449695e+03 -5.436529199765415862e+06 -6.230218353656839579e+06 -5.499940010520908982e+06 -6.126170294517369621e+04 5.207294426306685637e+04 1.228237592606074177e+06 6.602199020292061614e+05 -1.571780551100008597e+05 -1.057112592734872364e+06
-1.771740846003850223e+06 8.575226023732448230e+05 2.631559543847996742e+06 5.192316404484542436e+05 1.704850093485292746e+03 -2.260410821952998231e+05 1.727850033130972879e+05 9.339365477417125658e+04 -8.072967465266294312e+04 2.178215566202191170e+06 -3.584376768833594397e+06 2.506110415123505052e+06 -1.330144834518649150e+06 6.638731548152044415e+05 3.418193887289339327e+05 -2.750155194225797895e+05 -3.154035425426962320e+05 -3.046672076252562329e+04
-1.947736516596337315e+05 -8.804515487994718133e+05 5.192316404484542436e+05 2.921388864193893969e+06 2.965560513086956344e+05 1.818405998787432909e+05 1.482244602298111131e+05 1.834441510200538614e+05 9.287127194379424327e+04 5.462879249879735289e+05 2.491068838475740980e+06 2.447584087551140226e+06 2.378866692617564462e+06 -4.612194879902921966e+05 -8.216879534277805942e+04 1.933222731646898901e+05 -6.546789389417626808e+03 5.692871929325912060e+04
-3.592928009350390057e+05 2.127441260410622635e+04 1.704850093485292746e+03 2.965560513086956344e+05 1.129682654330594698e+06 1.285128461936715757e+05 8.058048273625201546e+04 1.434244360086107627e+05 6.704310524529215763e+04 2.947164286842253059e+05 -2.141834385402658489e+06 6.112609600789803080e+05 3.472619270040046831e+04 5.080138336760399980e+05 4.853283057329552248e+05 1.459104575053754088e+05 9.850842965972304228e+03 1.296745921273647946e+04
1.157850361342725577e+06 -3.309067825852561509e+05 -2.260410821952998231e+05 1.818405998787432909e+05 1.285128461936715757e+05 5.798394069782266160e+05 5.555145158364756935e+04 1.479374123260168999e+05 8.229070486251758120e+04 -5.550853513701678021e+05 -3.407597332114373334e+06 -1.990625006657613558e+05 5.101560516955069616e+05 -1.249038152356661340e+04 6.388102348026377149e+04 1.633186639637748012e+05 2.485746299333303468e+05 5.306198202211660100e+04
-6.516554287531643640e+05 3.613325741305987467e+05 1.727850033130972879e+05 1.482244602298111131e+05 8.058048273625201546e+04 5.555145158364756935e+04 6.776517667812734144e+05 3.094918073797811521e+05 1.603034287579248194e+05 -2.141949230330135324e+05 -1.518237336185127497e+06 1.641292869598897232e+05 1.677182314276380057e+05 3.709204287396796281e+04 4.184093177272572648e+05 2.020600830690372386e+05 4.496524139414635720e+05 1.106115841369635746e+04
-1.344410275007007585e+05 8.839408499409662909e+03 9.339365477417125658e+04 1.834441510200538614e+05 1.434244360086107627e+05 1.479374123260168999e+05 3.094918073797811521e+05 3.150784062108746148e+05 1.468322146690183436e+05 5.951008340505012311e+05 -4.337602679074293119e+05 -1.642520860864445567e+05 9.965277937691469560e+04 1.209899097207129089e+05 1.208725587924552237e+05 1.151447347475368588e+05 5.052611670623830869e+05 -2.643366802911896684e+03
7.302251409243590897e+05 -2.369253844334449695e+03 -8.072967465266294312e+04 9.287127194379424327e+04 6.704310524529215763e+04 8.229070486251758120e+04 1.603034287579248194e+05 1.468322146690183436e+05 1.616551979930209636e+05 1.561022243982746266e+06 2.756884980783818755e+05 7.508328290197404567e+05 4.968239311202483368e+05 1.630529726874383050e+05 1.378210507115678338e+05 4.140703760607994627e+04 1.856084708241445769e+05 1.703751084786886713e+04
1.132921114301860891e+07 -5.436529199765415862e+06 2.178215566202191170e+06 5.462879249879735289e+05 2.947164286842253059e+05 -5.550853513701678021e+05 -2.141949230330135324e+05 5.951008340505012311e+05 1.561022243982746266e+06 2.162439065430109203e+08 3.837584972334035486e+07 2.322538346192449331e+07 1.237657523754243925e+07 1.002672214606913179e+07 -1.423212883879630826e+06 -3.784797447642128915e+06 3.989102194147474598e+06 1.498262449509855825e+06
-1.431223969725497440e+07 -6.230218353656839579e+06 -3.584376768833594397e+06 2.491068838475740980e+06 -2.141834385402658489e+06 -3.407597332114373334e+06 -1.518237336185127497e+06 -4.337602679074293119e+05 2.756884980783818755e+05 3.837584972334035486e+07 1.075827634885869622e+08 1.596799917916571349e+07 4.694782586080892943e+06 2.890257529754005838e+06 -1.871667386750490637e+06 3.199063207293294370e+06 3.018211012236054521e+06 1.347561304228153313e+06
1.157149509517139290e+06 -5.499940010520908982e+06 2.506110415123505052e+06 2.447584087551140226e+06 6.112609600789803080e+05 -1.990625006657613558e+05 1.641292869598897232e+05 -1.642520860864445567e+05 7.508328290197404567e+05 2.322538346192449331e+07 1.596799917916571349e+07 4.145957284905421734e+07 5.245147154472784139e+06 5.235761053317654878e+06 -1.120030211844010046e+06 -1.766165389306390716e+05 -6.961043641105457209e+05 8.702648431495623663e+05
-3.424741474840916693e+06 -6.126170294517369621e+04 -1.330144834518649150e+06 2.378866692617564462e+06 3.472619270040046831e+04 5.101560516955069616e+05 1.677182314276380057e+05 9.965277937691469560e+04 4.968239311202483368e+05 1.237657523754243925e+07 4.694782586080892943e+06 5.245147154472784139e+06 1.257588228706959076e+07 8.450190247555489186e+05 -7.322268171252227621e+05 1.136019890787553042e+06 -5.191779358358910540e+05 5.206691031500876416e+05
-5.020344582772633294e+05 5.207294426306685637e+04 6.638731548152044415e+05 -4.612194879902921966e+05 5.080138336760399980e+05 -1.249038152356661340e+04 3.709204287396796281e+04 1.209899097207129089e+05 1.630529726874383050e+05 1.002672214606913179e+07 2.890257529754005838e+06 5.235761053317654878e+06 8.450190247555489186e+05 2.994518001058926806e+06 3.773351946460721083e+05 8.627943756409897469e+05 3.950406697065277258e+05 4.773577523803422228e+05
-1.904571974827332189e+06 1.228237592606074177e+06 3.418193887289339327e+05 -8.216879534277805942e+04 4.853283057329552248e+05 6.388102348026377149e+04 4.184093177272572648e+05 1.208725587924552237e+05 1.378210507115678338e+05 -1.423212883879630826e+06 -1.871667386750490637e+06 -1.120030211844010046e+06 -7.322268171252227621e+05 3.773351946460721083e+05 2.529549349366988987e+06 4.041052616637080791e+05 -3.019076374685898772e+05 5.845774473106056685e+05
-2.656840705820542760e+06 6.602199020292061614e+05 -2.750155194225797895e+05 1.933222731646898901e+05 1.459104575053754088e+05 1.633186639637748012e+05 2.020600830690372386e+05 1.151447347475368588e+05 4.140703760607994627e+04 -3.784797447642128915e+06 3.199063207293294370e+06 -1.766165389306390716e+05 1.136019890787553042e+06 8.627943756409897469e+05 4.041052616637080791e+05 1.648255113906968618e+06 3.459387451534180436e+05 2.466995597184165381e+05
2.093865368836385431e+06 -1.571780551100008597e+05 -3.154035425426962320e+05 -6.546789389417626808e+03 9.850842965972304228e+03 2.485746299333303468e+05 4.496524139414635720e+05 5.052611670623830869e+05 1.856084708241445769e+05 3.989102194147474598e+06 3.018211012236054521e+06 -6.961043641105457209e+05 -5.191779358358910540e+05 3.950406697065277258e+05 -3.019076374685898772e+05 3.459387451534180436e+05 1.878870522860588506e+06 1.828069098327538086e+04
-1.349972723281019134e+05 -1.057112592734872364e+06 -3.046672076252562329e+04 5.692871929325912060e+04 1.296745921273647946e+04 5.306198202211660100e+04 1.106115841369635746e+04 -2.643366802911896684e+03 1.703751084786886713e+04 1.498262449509855825e+06 1.347561304228153313e+06 8.702648431495623663e+05 5.206691031500876416e+05 4.773577523803422228e+05 5.845774473106056685e+05 2.466995597184165381e+05 1.828069098327538086e+04 6.515924894829186378e+05
