5.025661080072176456e+07 -8.118929468936499208e+06 2.072745646727673477e+06 -2.634684048701807391e+06 1.632880248439772055e+06 -1.863586588009118859e+05 -4.070774653466875316e+05 -1.088565393482412444e+06 -1.250669528992911364e+05 6.452478452183690853e+06 -7.344204607855418697e+06 8.995140932732511312e+06 4.407267289591186272e+04 -3.577767325545662083e+06 2.064039716147835366e+06 1.693171514191110618e+06 -1.436675097642939072e+06 -1.969008171776837669e+06
-8.118929468936499208e+06 2.626073681929808110e+07 -4.567748302585524507e+06 -3.290096564086839557e+06 -7.988865191188843455e+05 -7.699712008052220335e+04 8.019359304813264171e+05 3.387474385282080038e+05 2.041224038860192522e+05 1.035213061136535369e+07 2.688376228675504401e+07 -1.027627744783159229e+06 1.865957376865403028e+06 -2.180425945759044960e+06 1.086377492182682363e+04 -8.032752830168965738e+05 -1.740729929988235235e+06 -1.670103121479576803e+05
2.072745646727673477e+06 -4.567748302585524507e+06 4.514818952898018993e+06 9.897939061398054473e+05 2.565284301729006256e+04 1.528566221870731970e+05 -1.083838858260196430e+05 1.242758771267207339e+05 -5.022053603537072922e+04 2.722617425427379087e+06 -5.206215095069200033e+05 3.493400195654878393e+06 -1.972631307889158372e+06 -3.198366750870435499e+04 8.329374176310881739e+05 2.543562986945749726e+05 7.839839196933739586e+05 -1.555341425444803099e+04
-2.634684048701807391e+06 -3.290096564086839557e+06 9.897939061398054473e+05 2.178647174710718449e+06 -4.533355176802056667e+04 -1.972947515917574347e+05 -4.891045556020441581e+05 -9.575758252519233793e+03 7.759488347597506072e+04 -8.901721327210514573e+05 -6.036245269996453077e+06 -1.795889433360099094e+06 -1.208662794803116238e+06 7.133542315197889693e+05 1.633749737399095902e+05 -2.941977156127422350e+05 3.856805574361065374e+04 -8.520669083265209338e+04
1.632880248439772055e+06 -7.988865191188843455e+05 2.565284301729006256e+04 -4.533355176802056667e+04 8.242552844869302353e+05 -1.049434221989885264e+05 3.112919714918038517e+04 3.825918254932283890e+04 6.510986432241839793e+04 -3.836966342675727792e+06 -1.478811097608650569e+06 -8.291015802978612483e+05 8.318233167770892032e+04 3.876113718348310795e+05 -6.714668523820674454e+04 -1.924266900328511838e+05 1.064367549464172043e+05 -1.367886765026382927e+05
-1.863586588009118859e+05 -7.699712008052220335e+04 1.528566221870731970e+05 -1.972947515917574347e+05 -1.049434221989885264e+05 4.603270258298571571e+05 8.028147657620567770e+04 8.830180836076017295e+04 -7.945220031567616388e+04 4.271381656402167282e+05 1.281430418421468232e+06 4.749569411889753537e+05 -1.125117662235657917e+05 -1.672008578530685336e+05 -1.272122464805055206e+05 4.191685300017650206e+02 6.007561502470177402e+03 -4.754569097344823240e+04
-4.070774653466875316e+05 8.019359304813264171e+05 -1.083838858260196430e+05 -4.891045556020441581e+05 3.112919714918038517e+04 8.028147657620567770e+04 3.062144585132765933e+05 9.049333394166652579e+04 -2.244707776186016781e+04 2.040487508971752366e+06 1.312482748141838936e+06 6.078210333033541683e+05 2.031065454569222638e+05 -2.375451288853916049e+05 -1.234134461624669930e+05 3.266132413192754611e+05 7.401129254512795887e+04 -1.009118884554228680e+04
-1.088565393482412444e+06 3.387474385282080038e+05 1.242758771267207339e+05 -9.575758252519233793e+03 3.825918254932283890e+04 8.830180836076017295e+04 9.049333394166652579e+04 1.934396310451627069e+05 4.346482768965029391e+04 3.410341872438112659e+03 9.594956889042602852e+05 -2.913069219127928955e+04 -8.032026497151004151e+04 2.407136845714946976e+05 -1.192684313369836309e+05 3.204225475737376473e+04 1.660343687050764274e+05 7.106582267065082851e+04
-1.250669528992911364e+05 2.041224038860192522e+05 -5.022053603537072922e+04 7.759488347597506072e+04 6.510986432241839793e+04 -7.945220031567616388e+04 -2.244707776186016781e+04 4.346482768965029391e+04 8.398904775663002511e+04 8.536959829122364754e+05 -2.740221915055935387e+05 -8.093410228213223163e+05 6.224775883934224839e+04 2.918802990776459919e+05 2.210508970898730331e+05 -2.385294546738206554e+04 -3.486757615134564548e+04 8.054895482665247982e+04
6.452478452183690853e+06 1.035213061136535369e+07 2.722617425427379087e+06 -8.901721327210514573e+05 -3.836966342675727792e+06 4.271381656402167282e+05 2.040487508971752366e+06 3.410341872438112659e+03 8.536959829122364754e+05 1.932956114524827003e+08 1.024950069445164502e+07 6.205706934988077730e+06 -4.348095584616786800e+06 -7.620296562827906571e+06 9.217002923069885001e+06 4.696691750386449508e+06 -9.244797273762044497e+05 -1.305877977110191481e+06
-7.344204607855418697e+06 2.688376228675504401e+07 -5.206215095069200033e+05 -6.036245269996453077e+06 -1.478811097608650569e+06 1.281430418421468232e+06 1.312482748141838936e+06 9.594956889042602852e+05 -2.740221915055935387e+05 1.024950069445164502e+07 8.202984234860986471e+07 1.327385806275726855e+07 7.450398887462704442e+06 -4.797032095950972289e+05 -1.056604161370480200e+06 2.839364687045797473e+05 -9.042669330024032388e+05 3.592835764456624747e+04
8.995140932732511312e+06 -1.027627744783159229e+06 3.493400195654878393e+06 -1.795889433360099094e+06 -8.291015802978612483e+05 4.749569411889753537e+05 6.078210333033541683e+05 -2.913069219127928955e+04 -8.093410228213223163e+05 6.205706934988077730e+06 1.327385806275726855e+07 2.939496772977623343e+07 -4.586352941422610544e+06 -3.600854791313862894e+06 -3.030039390119544696e+06 5.822107213912764564e+05 1.633123471966671059e+06 -1.915378156104780734e+06
4.407267289591186272e+04 1.865957376865403028e+06 -1.972631307889158372e+06 -1.208662794803116238e+06 8.318233167770892032e+04 -1.125117662235657917e+05 2.031065454569222638e+05 -8.032026497151004151e+04 6.224775883934224839e+04 -4.348095584616786800e+06 7.450398887462704442e+06 -4.586352941422610544e+06 7.884709530062647536e+06 2.136554069593213171e+03 -5.489527961917679058e+05 3.714803849144330597e+05 -5.995996954605088104e+05 1.299637099849230435e+05
-3.577767325545662083e+06 -2.180425945759044960e+06 -3.198366750870435499e+04 7.133542315197889693e+05 3.876113718348310795e+05 -1.672008578530685336e+05 -2.375451288853916049e+05 2.407136845714946976e+05 2.918802990776459919e+05 -7.620296562827906571e+06 -4.797032095950972289e+05 -3.600854791313862894e+06 2.136554069593213171e+03 4.014664751178392209e+06 5.719229427709298907e+05 2.404155168663824443e+05 2.959227014171659830e+05 8.035057673941035755e+05
2.064039716147835366e+06 1.086377492182682363e+04 8.329374176310881739e+05 1.633749737399095902e+05 -6.714668523820674454e+04 -1.272122464805055206e+05 -1.234134461624669930e+05 -1.192684313369836309e+05 2.210508970898730331e+05 9.217002923069885001e+06 -1.056604161370480200e+06 -3.030039390119544696e+06 -5.489527961917679058e+05 5.719229427709298907e+05 2.856376543007461354e+06 3.764715699826017953e+05 -2.831280939032502647e+04 4.121878589944921550e+05
1.693171514191110618e+06 -8.032752830168965738e+05 2.543562986945749726e+05 -2.941977156127422350e+05 -1.924266900328511838e+05 4.191685300017650206e+02 3.266132413192754611e+05 3.204225475737376473e+04 -2.385294546738206554e+04 4.696691750386449508e+06 2.839364687045797473e+05 5.822107213912764564e+05 3.714803849144330597e+05 2.404155168663824443e+05 3.764715699826017953e+05 1.662846513567057205e+06 7.844347704779628839e+04 9.214219305604432884e+04
-1.436675097642939072e+06 -1.740729929988235235e+06 7.839839196933739586e+05 3.856805574361065374e+04 1.064367549464172043e+05 6.007561502470177402e+03 7.401129254512795887e+04 1.660343687050764274e+05 -3.486757615134564548e+04 -9.244797273762044497e+05 -9.042669330024032388e+05 1.633123471966671059e+06 -5.995996954605088104e+05 2.959227014171659830e+05 -2.831280939032502647e+04 7.844347704779628839e+04 9.896037581494167680e+05 2.551649092040260439e+05
-1.969008171776837669e+06 -1.670103121479576803e+05 -1.555341425444803099e+04 -8.520669083265209338e+04 -1.367886765026382927e+05 -4.754569097344823240e+04 -1.009118884554228680e+04 7.106582267065082851e+04 8.054895482665247982e+04 -1.305877977110191481e+06 3.592835764456624747e+04 -1.915378156104780734e+06 1.299637099849230435e+05 8.035057673941035755e+05 4.121878589944921550e+05 9.214219305604432884e+04 2.551649092040260439e+05 7.405081816251460696e+05
