3.674240549567209929e+07 -2.836858238668645732e+06 -2.023064219583978178e+06 -5.378005065568460850e+05 -1.651429427529934095e+06 5.383801869202720700e+05 -6.771164508613348880e+04 -4.993777285037385300e+05 -4.560998631176188937e+05 2.027449924730638042e+07 -1.058349924559061043e+07 7.072545820119876415e+06 -6.065223802098407410e+06 5.628508831267624628e+05 4.599274768828289816e+05 -1.168683207610562444e+06 -1.201954837012334960e+06 -1.312426332327134674e+06
-2.836858238668645732e+06 1.510257431768535823e+07 2.091398065059962217e+06 -1.399509937218972016e+06 1.508602348638167314e+05 4.697313603458503494e+05 -1.723883795079056872e+05 -3.030616319986019516e+05 -1.141329273936473764e+05 9.578273115997398272e+06 9.860730750925187021e+06 1.310872550869435770e+06 -1.634901130355380708e+06 -2.283260598588651628e+05 -8.150928061634622281e+05 -2.591390989693875599e+05 1.865576024602501187e+06 4.881958967316143680e+05
-2.023064219583978178e+06 2.091398065059962217e+06 5.344180758534809574e+06 2.242860741129247472e+05 -3.968458604266789625e+05 6.915943715280276956e+04 -1.812049535511043796e+05 3.146316422955182497e+05 6.142285716389166191e+04 4.973217475977622904e+06 1.694709600878301775e+06 2.180604108713809401e+06 2.944215192506288644e+06 6.370291765603940003e+05 1.077281827188767493e+05 -1.036548425632577164e+04 1.129698348387058126e+06 -7.563515362885098439e+05
-5.378005065568460850e+05 -1.399509937218972016e+06 2.242860741129247472e+05 2.135868002491756342e+06 9.306439881451777183e+05 1.080911123419659998e+05 -1.368932064903422433e+05 3.554307416203425382e+05 8.415169751084684685e+04 4.915266242627034895e+06 3.262787665437830612e+06 -6.740058713180711493e+05 2.446336222096371930e+06 2.604598819060706068e+06 7.359426236560608959e+05 -5.383712502202995820e+05 3.859596545656163944e+05 7.804510033286240650e+04
-1.651429427529934095e+06 1.508602348638167314e+05 -3.968458604266789625e+05 9.306439881451777183e+05 1.431177614348520059e+06 2.539247768739186286e+05 7.554847003877484894e+03 1.995911077976141241e+05 1.926968156652424950e+05 1.205624700035168556e+06 1.754037549998845207e+06 -7.128940917939124629e+05 -4.284051372194620781e+05 8.342331661017234437e+05 5.787631139442174463e+05 -7.164788246644638712e+05 5.213315084263107856e+05 3.750293308105422766e+05
5.383801869202720700e+05 4.697313603458503494e+05 6.915943715280276956e+04 1.080911123419659998e+05 2.539247768739186286e+05 4.251699144456306822e+05 8.756119829225874855e+04 1.899929082162777486e+05 4.630545311438402678e+03 2.517164932845739168e+04 -9.225887338034412824e+05 -9.975354069414031692e+05 -6.259481349902803777e+05 -1.872144996755112079e+05 -3.140151859290047432e+05 -5.518417615399387432e+04 3.032223084140374558e+05 7.880554279034898173e+03
-6.771164508613348880e+04 -1.723883795079056872e+05 -1.812049535511043796e+05 -1.368932064903422433e+05 7.554847003877484894e+03 8.756119829225874855e+04 3.804857209604909294e+05 1.241417791191306897e+05 -1.739500298432364434e+04 -4.525926479823581176e+05 -9.029996093399331439e+05 -7.938048127286732197e+05 -3.469536592955517117e+05 8.334578339595245779e+04 -1.806882709648279706e+05 3.538370734962890856e+05 -1.094498505904904450e+05 -7.229051363948982907e+04
-4.993777285037385300e+05 -3.030616319986019516e+05 3.146316422955182497e+05 3.554307416203425382e+05 1.995911077976141241e+05 1.899929082162777486e+05 1.241417791191306897e+05 3.527518769599171355e+05 5.077056024301539583e+04 1.472623794711527880e+05 4.472188262522279401e+05 -6.924204346490963362e+05 3.407349824550440535e+05 3.860135774258838501e+05 1.579079719182848930e+05 -1.532465819633762294e+05 3.032391660289488500e+05 -2.666722093471156313e+03
-4.560998631176188937e+05 -1.141329273936473764e+05 6.142285716389166191e+04 8.415169751084684685e+04 1.926968156652424950e+05 4.630545311438402678e+03 -1.739500298432364434e+04 5.077056024301539583e+04 1.658401514327270852e+05 -3.364701528448422323e+05 9.129034979104227386e+05 -7.367881334239641728e+04 2.891815819778975565e+05 1.699925468760065560e+05 1.997310098825979221e+05 -1.537224711133493984e+05 1.660219576561810973e+05 1.658346926049091853e+05
2.027449924730638042e+07 9.578273115997398272e+06 4.973217475977622904e+06 4.915266242627034895e+06 1.205624700035168556e+06 2.517164932845739168e+04 -4.525926479823581176e+05 1.472623794711527880e+05 -3.364701528448422323e+05 2.400533884483550787e+08 2.186799043694551568e+06 8.432556885639054701e+06 -2.679096134333953727e+06 2.745290372788377106e+07 4.261357892903533764e+06 3.040077655064454768e+06 2.464769788240190595e+06 1.387020457922780421e+06
-1.058349924559061043e+07 9.860730750925187021e+06 1.694709600878301775e+06 3.262787665437830612e+06 1.754037549998845207e+06 -9.225887338034412824e+05 -9.029996093399331439e+05 4.472188262522279401e+05 9.129034979104227386e+05 2.186799043694551568e+06 5.110352192564299703e+07 -9.544412532223918242e+05 6.906241703405034728e+06 6.760059190286044963e+06 4.193076373169962317e+06 -7.004906979399453849e+05 1.579932568017190322e+06 3.357338795967777260e+05
7.072545820119876415e+06 1.310872550869435770e+06 2.180604108713809401e+06 -6.740058713180711493e+05 -7.128940917939124629e+05 -9.975354069414031692e+05 -7.938048127286732197e+05 -6.924204346490963362e+05 -7.367881334239641728e+04 8.432556885639054701e+06 -9.544412532223918242e+05 1.466221422873345390e+07 3.056108476286131423e+06 9.104735240001655184e+05 1.860491377079793252e+06 -1.558652247334114276e+06 3.317651171335628023e+05 -6.566490882311085006e+05
-6.065223802098407410e+06 -1.634901130355380708e+06 2.944215192506288644e+06 2.446336222096371930e+06 -4.284051372194620781e+05 -6.259481349902803777e+05 -3.469536592955517117e+05 3.407349824550440535e+05 2.891815819778975565e+05 -2.679096134333953727e+06 6.906241703405034728e+06 3.056108476286131423e+06 1.648214557451043464e+07 4.355474155248531140e+06 2.081031756720580626e+06 1.194438784171938431e+06 7.818856074183648452e+05 2.418648896004298294e+05
5.628508831267624628e+05 -2.283260598588651628e+05 6.370291765603940003e+05 2.604598819060706068e+06 8.342331661017234437e+05 -1.872144996755112079e+05 8.334578339595245779e+04 3.860135774258838501e+05 1.699925468760065560e+05 2.745290372788377106e+07 6.760059190286044963e+06 9.104735240001655184e+05 4.355474155248531140e+06 1.009547850921704620e+07 3.220579936438844074e+06 -8.296421931976718770e+04 4.001214105449326453e+05 7.271500798395103775e+05
4.599274768828289816e+05 -8.150928061634622281e+05 1.077281827188767493e+05 7.359426236560608959e+05 5.787631139442174463e+05 -3.140151859290047432e+05 -1.806882709648279706e+05 1.579079719182848930e+05 1.997310098825979221e+05 4.261357892903533764e+06 4.193076373169962317e+06 1.860491377079793252e+06 2.081031756720580626e+06 3.220579936438844074e+06 2.569052648749247193e+06 -5.993588625796189299e+05 3.810336230369390687e+05 5.821933990868444089e+05
-1.168683207610562444e+06 -2.591390989693875599e+05 -1.036548425632577164e+04 -5.383712502202995820e+05 -7.164788246644638712e+05 -5.518417615399387432e+04 3.538370734962890856e+05 -1.532465819633762294e+05 -1.537224711133493984e+05 3.040077655064454768e+06 -7.004906979399453849e+05 -1.558652247334114276e+06 1.194438784171938431e+06 -8.296421931976718770e+04 -5.993588625796189299e+05 2.069469099316477077e+06 -4.110224374115508981e+05 -1.686179969293185568e+05
-1.201954837012334960e+06 1.865576024602501187e+06 1.129698348387058126e+06 3.859596545656163944e+05 5.213315084263107856e+05 3.032223084140374558e+05 -1.094498505904904450e+05 3.032391660289488500e+05 1.660219576561810973e+05 2.464769788240190595e+06 1.579932568017190322e+06 3.317651171335628023e+05 7.818856074183648452e+05 4.001214105449326453e+05 3.810336230369390687e+05 -4.110224374115508981e+05 1.307114463574198540e+06 2.677134378373292275e+05
-1.312426332327134674e+06 4.881958967316143680e+05 -7.563515362885098439e+05 7.804510033286240650e+04 3.750293308105422766e+05 7.880554279034898173e+03 -7.229051363948982907e+04 -2.666722093471156313e+03 1.658346926049091853e+05 1.387020457922780421e+06 3.357338795967777260e+05 -6.566490882311085006e+05 2.418648896004298294e+05 7.271500798395103775e+05 5.821933990868444089e+05 -1.686179969293185568e+05 2.677134378373292275e+05 7.324827341182226082e+05
