4.032270001073131710e+07 -3.136521925403160043e+06 1.215608701425017323e+06 -1.611343395337827504e+06 7.081840532625942433e+04 -7.154388394684391096e+05 1.827526916893309914e+06 1.888248937472946418e+05 2.852618070971366978e+04 1.823111677441068366e+07 6.147459600740311434e+05 -1.206305026051118970e+06 -2.502480155551364180e+06 -1.963846984742998029e+05 1.085942714858552907e+06 2.120966744102038443e+06 -2.350706828686320689e+06 -1.226111628447173396e+06
-3.136521925403160043e+06 1.695892105008349568e+07 3.627068586707987823e+06 8.317214597513265908e+05 -4.053615399210117757e+05 4.768644794747894048e+05 -4.400147700913373847e+05 -1.967560943259928317e+05 -1.518940884940894321e+05 -1.340858026245037466e+07 1.816286526061971113e+07 6.596703320080165286e+05 4.547714121040324681e+06 1.293355925545331324e+06 -9.368861550241811201e+05 2.320511853399857064e+05 5.254213258285354823e+05 2.126604973650094762e+05
1.215608701425017323e+06 3.627068586707987823e+06 6.764390865663646720e+06 1.149618447399807861e+06 -4.926462071395852399e+04 6.653781465339742135e+05 -2.211013501177338185e+05 3.093651504023418238e+04 2.374992497041336028e+05 9.448649562692536041e+06 2.816035312208365649e+06 2.320745837748994585e+06 1.113216652397664497e+06 2.594981336269587744e+06 1.226504245157965459e+06 8.225060649030630011e+05 -2.536019464570360433e+05 1.177232217181418309e+04
-1.611343395337827504e+06 8.317214597513265908e+05 1.149618447399807861e+06 1.435963481900337618e+06 6.463837486642850854e+04 1.016632042416656623e+05 -3.192874498766977558e+04 -1.029442515569151510e+04 5.581735513894085307e+04 -5.467686663420286030e+06 2.435754594320590608e+06 9.062625525607618038e+05 -1.180599831167231605e+05 5.053623385940411245e+05 -7.267783430041775573e+05 -3.299867876492126961e+05 -1.841318185438032961e+05 -6.382711199145835417e+04
7.081840532625942433e+04 -4.053615399210117757e+05 -4.926462071395852399e+04 6.463837486642850854e+04 8.398981031352997525e+05 -1.767766270180002030e+05 1.406622670666581544e+05 -7.652169811990333255e+04 5.196639864904916612e+04 4.752002685085837147e+05 -1.782870504622785142e+06 -1.847605748939546756e+05 2.377264951030821248e+05 4.463499523643197608e+05 -4.075848750904647168e+05 2.188995485334960449e+03 -3.516749244164247066e+05 3.364617496615679702e+05
-7.154388394684391096e+05 4.768644794747894048e+05 6.653781465339742135e+05 1.016632042416656623e+05 -1.767766270180002030e+05 3.252983396956989891e+05 -8.014477936251400388e+04 -9.066049985689573805e+04 -3.039879630586695930e+04 8.482549519343888387e+05 1.338306946561712772e+06 4.389180790482256562e+05 -2.887743998741439427e+05 4.070492247775895521e+05 2.931731175692977267e+05 3.052920792709998786e+05 -2.096386029196005620e+04 -1.143344095684517670e+05
1.827526916893309914e+06 -4.400147700913373847e+05 -2.211013501177338185e+05 -3.192874498766977558e+04 1.406622670666581544e+05 -8.014477936251400388e+04 3.229959837693595327e+05 6.406956471263537424e+03 -3.445901028904722625e+04 1.011456104763167794e+06 -7.086882823216859251e+05 -3.539534393292673049e+05 -2.460848222855473182e+02 2.264540162885880563e+05 1.351356954978223075e+04 8.148019834304088727e+04 -1.916918561472681176e+05 9.602379976526281098e+04
1.888248937472946418e+05 -1.967560943259928317e+05 3.093651504023418238e+04 -1.029442515569151510e+04 -7.652169811990333255e+04 -9.066049985689573805e+04 6.406956471263537424e+03 1.929011886023174739e+05 1.471272243128708396e+03 5.520791923252855195e+05 -2.505705394636330311e+05 -2.437588224597602675e+04 -1.211150917084155371e+05 -3.520041869151938008e+05 7.301750534798814624e+04 -1.164181397818128607e+05 1.278379223448662669e+05 -8.394233957885304699e+04
2.852618070971366978e+04 -1.518940884940894321e+05 2.374992497041336028e+05 5.581735513894085307e+04 5.196639864904916612e+04 -3.039879630586695930e+04 -3.445901028904722625e+04 1.471272243128708396e+03 1.292007454094459390e+05 6.441591388709791936e+05 1.477812981161638745e+05 -7.910544728723188746e+04 -2.639559099395469530e+05 8.628528530646477884e+04 -1.353804173135543351e+04 2.789049413206717873e+04 -3.822754864338001789e+04 2.870040333444057251e+04
1.823111677441068366e+07 -1.340858026245037466e+07 9.448649562692536041e+06 -5.467686663420286030e+06 4.752002685085837147e+05 8.482549519343888387e+05 1.011456104763167794e+06 5.520791923252855195e+05 6.441591388709791936e+05 2.678892668460954726e+08 -3.349319729337346181e+07 1.408215851390577853e+07 -1.977010750241304189e+07 7.386736372614318505e+06 3.970167059634923935e+06 3.827171169315425796e+05 4.380585601451133378e+06 -1.601166387492868307e+04
6.147459600740311434e+05 1.816286526061971113e+07 2.816035312208365649e+06 2.435754594320590608e+06 -1.782870504622785142e+06 1.338306946561712772e+06 -7.086882823216859251e+05 -2.505705394636330311e+05 1.477812981161638745e+05 -3.349319729337346181e+07 6.407500842080476880e+07 5.151739449387606233e+06 -1.478141642298866995e+06 -5.179244156692503951e+06 -1.189719682719635079e+06 7.467666617649039254e+05 -3.330598100524332840e+05 -1.658141268568234984e+06
-1.206305026051118970e+06 6.596703320080165286e+05 2.320745837748994585e+06 9.062625525607618038e+05 -1.847605748939546756e+05 4.389180790482256562e+05 -3.539534393292673049e+05 -2.437588224597602675e+04 -7.910544728723188746e+04 1.408215851390577853e+07 5.151739449387606233e+06 7.177109131479172967e+06 -3.985258969757239800e+06 5.088879719832616393e+05 7.326289101527938619e+05 -5.217951586874810164e+04 1.054732359446870862e+06 -5.335832431926028803e+05
-2.502480155551364180e+06 4.547714121040324681e+06 1.113216652397664497e+06 -1.180599831167231605e+05 2.377264951030821248e+05 -2.887743998741439427e+05 -2.460848222855473182e+02 -1.211150917084155371e+05 -2.639559099395469530e+05 -1.977010750241304189e+07 -1.478141642298866995e+06 -3.985258969757239800e+06 8.876554396635718644e+06 3.012111645134283754e+04 -3.664474227765823016e+05 -7.378795218613832258e+05 -7.510238127857607324e+05 8.742452299135344801e+05
-1.963846984742998029e+05 1.293355925545331324e+06 2.594981336269587744e+06 5.053623385940411245e+05 4.463499523643197608e+05 4.070492247775895521e+05 2.264540162885880563e+05 -3.520041869151938008e+05 8.628528530646477884e+04 7.386736372614318505e+06 -5.179244156692503951e+06 5.088879719832616393e+05 3.012111645134283754e+04 5.549128826108977199e+06 6.847976055840858025e+05 8.700121245444158558e+05 1.889311731139243639e+05 2.848513008464343729e+05
1.085942714858552907e+06 -9.368861550241811201e+05 1.226504245157965459e+06 -7.267783430041775573e+05 -4.075848750904647168e+05 2.931731175692977267e+05 1.351356954978223075e+04 7.301750534798814624e+04 -1.353804173135543351e+04 3.970167059634923935e+06 -1.189719682719635079e+06 7.326289101527938619e+05 -3.664474227765823016e+05 6.847976055840858025e+05 2.316898540537529159e+06 9.328984364464083919e+05 2.399926532853871176e+05 -1.854933445887599373e+05
2.120966744102038443e+06 2.320511853399857064e+05 8.225060649030630011e+05 -3.299867876492126961e+05 2.188995485334960449e+03 3.052920792709998786e+05 8.148019834304088727e+04 -1.164181397818128607e+05 2.789049413206717873e+04 3.827171169315425796e+05 7.467666617649039254e+05 -5.217951586874810164e+04 -7.378795218613832258e+05 8.700121245444158558e+05 9.328984364464083919e+05 1.156387228802112630e+06 -1.926755381854194275e+05 5.736723925610374863e+03
-2.350706828686320689e+06 5.254213258285354823e+05 -2.536019464570360433e+05 -1.841318185438032961e+05 -3.516749244164247066e+05 -2.096386029196005620e+04 -1.916918561472681176e+05 1.278379223448662669e+05 -3.822754864338001789e+04 4.380585601451133378e+06 -3.330598100524332840e+05 1.054732359446870862e+06 -7.510238127857607324e+05 1.889311731139243639e+05 2.399926532853871176e+05 -1.926755381854194275e+05 9.874926381470920751e+05 9.533364844910122338e+04
-1.226111628447173396e+06 2.126604973650094762e+05 1.177232217181418309e+04 -6.382711199145835417e+04 3.364617496615679702e+05 -1.143344095684517670e+05 9.602379976526281098e+04 -8.394233957885304699e+04 2.870040333444057251e+04 -1.601166387492868307e+04 -1.658141268568234984e+06 -5.335832431926028803e+05 8.742452299135344801e+05 2.848513008464343729e+05 -1.854933445887599373e+05 5.736723925610374863e+03 9.533364844910122338e+04 6.824247822493985295e+05
