3.402493980191215128e+07 -1.009178402671382646e+06 9.984193446450112388e+05 2.351184886444857810e+06 9.598457289487129310e+05 1.906936626009330794e+05 -1.624366189252976037e+05 8.037480935084183002e+05 4.360853090829476714e+05 1.756525882576591894e+07 2.020744270971487463e+07 1.353641435537259094e+06 2.923260815176950302e+06 4.529384286772740074e+06 5.410850796588823432e+05 2.725825509748509154e+06 8.113191387283853255e+05 -1.520717872709751828e+04
-1.009178402671382646e+06 1.223906189782319590e+07 -1.450498550016696798e+06 -1.522584610152953537e+06 -3.610726862683299696e+05 1.657639917907152325e+06 6.039012865396726411e+05 -6.620925512864967459e+04 -8.938634492041615886e+04 -2.091843626961061731e+07 1.075035730315671116e+07 5.581322666179633699e+06 6.501030327296148986e+06 1.827458453182765516e+06 2.955877284130407497e+06 -7.011245303846873576e+05 -4.664733596230850089e+05 -1.332453117383405101e+06
9.984193446450112388e+05 -1.450498550016696798e+06 4.421097382650814019e+06 1.021902708614843898e+06 2.509888098947521357e+05 -5.285659917147067608e+05 -3.071685174689047271e+05 2.785908309391873772e+05 2.368755962387052132e+05 7.587887443590210751e+06 -1.200310149647289945e+05 1.485475247650222154e+06 -2.455852647938709240e+06 -1.329909850262055872e+06 1.259566192188772140e+06 -4.452590513496659114e+05 1.528588074720213481e+05 7.894095470594785875e+05
2.351184886444857810e+06 -1.522584610152953537e+06 1.021902708614843898e+06 2.438060964508770499e+06 4.718196596670918516e+05 4.159667856660408142e+04 -1.438276752427230895e+04 9.939129488224281522e+04 1.075593803620743347e+04 -4.720984143361329334e+05 -1.890533574791331310e+06 2.910085588157619350e+05 -7.523774693981936434e+05 6.867112387637000065e+05 -7.007564462652016664e+04 8.961938984531439201e+04 1.854347591875091603e+05 4.906400378365685465e+05
9.598457289487129310e+05 -3.610726862683299696e+05 2.509888098947521357e+05 4.718196596670918516e+05 8.314664948001267621e+05 -9.374455597677087644e+04 -2.134879674396914488e+05 5.678964334825566766e+03 5.394977447253374521e+03 2.373113985818862566e+05 1.455733808942987118e+06 -2.274934457161327009e+05 -2.428709308229532617e+05 8.047793274160579313e+05 4.240106412941605086e+05 1.699956849246642378e+05 -1.324634008808231738e+05 3.114703868734826101e+05
1.906936626009330794e+05 1.657639917907152325e+06 -5.285659917147067608e+05 4.159667856660408142e+04 -9.374455597677087644e+04 6.055610089164593956e+05 1.522470085822628462e+05 -7.673544896012474055e+03 2.078174550114895828e+04 4.391430761555933859e+05 7.100682077044853941e+04 -5.285531922487910197e+04 5.364652510892632417e+05 2.806706861247695633e+04 2.317479325660598115e+05 5.904371377896703780e+04 6.296734699370913586e+04 -2.036949916002993996e+04
-1.624366189252976037e+05 6.039012865396726411e+05 -3.071685174689047271e+05 -1.438276752427230895e+04 -2.134879674396914488e+05 1.522470085822628462e+05 3.878880111266567255e+05 1.844528951874133054e+04 5.662079568295552599e+04 -2.137505675509041641e+06 -3.617927404520379496e+05 1.399864828299325600e+05 6.526362813244306017e+05 -1.780685239278232038e+05 -1.703985065181328901e+04 2.080078329593495873e+05 3.198285228957897052e+05 -6.446432793545175809e+04
8.037480935084183002e+05 -6.620925512864967459e+04 2.785908309391873772e+05 9.939129488224281522e+04 5.678964334825566766e+03 -7.673544896012474055e+03 1.844528951874133054e+04 1.422932861096121196e+05 7.575499143071791332e+04 -2.393374200506482448e+05 9.608394635141410399e+05 1.996932587834378937e+05 4.633271892641906743e+04 -1.110964652131551520e+04 -2.889022834443244574e+04 3.768878860545940825e+03 -1.311598548267502047e+05 2.482452140112922643e+04
4.360853090829476714e+05 -8.938634492041615886e+04 2.368755962387052132e+05 1.075593803620743347e+04 5.394977447253374521e+03 2.078174550114895828e+04 5.662079568295552599e+04 7.575499143071791332e+04 1.297904615185825678e+05 -5.512096105928131146e+05 -1.614522964204651944e+05 -1.254185343002341542e+05 -2.544884480311864754e+05 -1.307188610856995801e+05 4.825746224304947827e+04 -1.045763741421039304e+05 6.357204090292510227e+04 1.490681833675178932e+05
1.756525882576591894e+07 -2.091843626961061731e+07 7.587887443590210751e+06 -4.720984143361329334e+05 2.373113985818862566e+05 4.391430761555933859e+05 -2.137505675509041641e+06 -2.393374200506482448e+05 -5.512096105928131146e+05 2.656249170097082853e+08 -2.037490402370908111e+07 -2.362871547908261418e+07 -1.907088841559223086e+07 -1.121482733155920357e+07 2.784975240831467323e+06 6.404456059204866178e+06 -1.013677636953562906e+05 1.093353413422246929e+06
2.020744270971487463e+07 1.075035730315671116e+07 -1.200310149647289945e+05 -1.890533574791331310e+06 1.455733808942987118e+06 7.100682077044853941e+04 -3.617927404520379496e+05 9.608394635141410399e+05 -1.614522964204651944e+05 -2.037490402370908111e+07 6.710378021585747600e+07 1.753929313174226508e+07 3.447717863729127683e+06 6.496552009789279662e+06 2.501567780935045332e+06 3.482976310845675413e+06 -2.118783730203384534e+06 -1.921035961766658816e+06
1.353641435537259094e+06 5.581322666179633699e+06 1.485475247650222154e+06 2.910085588157619350e+05 -2.274934457161327009e+05 -5.285531922487910197e+04 1.399864828299325600e+05 1.996932587834378937e+05 -1.254185343002341542e+05 -2.362871547908261418e+07 1.753929313174226508e+07 2.058098127367815375e+07 6.977303574155969545e+05 3.481755101321771741e+06 3.352512523032609373e+06 1.246577770677051274e+06 1.617515843284962466e+05 -1.816229033630634192e+06
2.923260815176950302e+06 6.501030327296148986e+06 -2.455852647938709240e+06 -7.523774693981936434e+05 -2.428709308229532617e+05 5.364652510892632417e+05 6.526362813244306017e+05 4.633271892641906743e+04 -2.544884480311864754e+05 -1.907088841559223086e+07 3.447717863729127683e+06 6.977303574155969545e+05 1.273476860736583918e+07 4.179777297081013210e+06 -6.830552050766362809e+05 -3.779007086963228649e+05 -3.209198367858923157e+05 -1.260080028076837072e+06
4.529384286772740074e+06 1.827458453182765516e+06 -1.329909850262055872e+06 6.867112387637000065e+05 8.047793274160579313e+05 2.806706861247695633e+04 -1.780685239278232038e+05 -1.110964652131551520e+04 -1.307188610856995801e+05 -1.121482733155920357e+07 6.496552009789279662e+06 3.481755101321771741e+06 4.179777297081013210e+06 6.389681631613789126e+06 1.250540233098307508e+05 1.905850411444616038e+05 1.743132174869080773e+05 -5.939823247258653864e+05
5.410850796588823432e+05 2.955877284130407497e+06 1.259566192188772140e+06 -7.007564462652016664e+04 4.240106412941605086e+05 2.317479325660598115e+05 -1.703985065181328901e+04 -2.889022834443244574e+04 4.825746224304947827e+04 2.784975240831467323e+06 2.501567780935045332e+06 3.352512523032609373e+06 -6.830552050766362809e+05 1.250540233098307508e+05 4.560456120018064044e+06 7.348728143332224863e+04 4.940833085687588900e+05 -3.645299677576032118e+05
2.725825509748509154e+06 -7.011245303846873576e+05 -4.452590513496659114e+05 8.961938984531439201e+04 1.699956849246642378e+05 5.904371377896703780e+04 2.080078329593495873e+05 3.768878860545940825e+03 -1.045763741421039304e+05 6.404456059204866178e+06 3.482976310845675413e+06 1.246577770677051274e+06 -3.779007086963228649e+05 1.905850411444616038e+05 7.348728143332224863e+04 1.809851198846745538e+06 5.272642298178150086e+05 -1.804234906683270819e+05
8.113191387283853255e+05 -4.664733596230850089e+05 1.528588074720213481e+05 1.854347591875091603e+05 -1.324634008808231738e+05 6.296734699370913586e+04 3.198285228957897052e+05 -1.311598548267502047e+05 6.357204090292510227e+04 -1.013677636953562906e+05 -2.118783730203384534e+06 1.617515843284962466e+05 -3.209198367858923157e+05 1.743132174869080773e+05 4.940833085687588900e+05 5.272642298178150086e+05 1.447119439345743274e+06 2.965721409146309597e+05
-1.520717872709751828e+04 -1.332453117383405101e+06 7.894095470594785875e+05 4.906400378365685465e+05 3.114703868734826101e+05 -2.036949916002993996e+04 -6.446432793545175809e+04 2.482452140112922643e+04 1.490681833675178932e+05 1.093353413422246929e+06 -1.921035961766658816e+06 -1.816229033630634192e+06 -1.260080028076837072e+06 -5.939823247258653864e+05 -3.645299677576032118e+05 -1.804234906683270819e+05 2.965721409146309597e+05 8.454658650387289235e+05
