1.304476904096688777e+08 1.932192615252552181e+07 3.656165597364588175e+05 -3.650607921512966277e+05 1.602223551108657615e+06 1.068478295749636833e+06 -3.553607252203103155e+06 -1.222701494968516519e+06 7.063045943523945753e+05 6.709335331346464157e+07 2.970658569225099310e+07 3.112677829656827077e+07 -1.160304053930799104e+07 8.130351786944558844e+05 -6.251571898864661343e+06 -3.840490248069588095e+06 -1.727477190925309435e+06 -1.052072175749631366e+06
1.932192615252552181e+07 1.552007205122015253e+07 2.043748805712722708e+06 3.110549062776337960e+05 5.833957968354001641e+05 -5.610982834835837275e+04 -9.792382512289567385e+05 -2.686690589027375681e+05 -1.680973360965044412e+05 -6.662455133297316730e+06 4.969329474209846929e+06 -9.710412943510207115e+05 -1.262533690906498581e+06 -8.500612628792148316e+05 -4.911880114243926946e+05 -1.663700914677122375e+06 -5.235155306959317531e+05 -2.114816173034936364e+05
3.656165597364588175e+05 2.043748805712722708e+06 4.074754209613188636e+06 -3.836020806033216650e+05 -2.032861039073072607e+05 3.237690587816627158e+03 1.548250386564232176e+05 -2.077575288961258775e+05 -7.482433407393992820e+04 6.745237696679451037e+05 3.501239141698869389e+03 4.385855118612539954e+06 5.254408278872970259e+05 -1.241022159985982580e+06 1.047930460791252204e+06 -4.671248627530939993e+05 3.785256002340140403e+05 8.580913304107265139e+04
-3.650607921512966277e+05 3.110549062776337960e+05 -3.836020806033216650e+05 1.788811414623779245e+06 2.022610936195581162e+05 -1.863015416179145104e+05 -4.875464043088297331e+04 4.557682406096670456e+04 -1.976417846611870482e+04 5.974607251479887404e+06 -1.417209177817036165e+06 -1.043915918526543188e+06 -1.763213218186137055e+03 -5.608626140722482523e+04 9.632537806526563145e+03 6.263824208396062022e+05 7.181815619946163497e+04 5.917535708626461565e+04
1.602223551108657615e+06 5.833957968354001641e+05 -2.032861039073072607e+05 2.022610936195581162e+05 1.131278300494292052e+06 3.772135548529115040e+05 -4.422624543450186320e+04 9.917693681414297316e+04 6.686481799920729827e+04 -1.965968366705592023e+06 -2.348582423241326120e+06 -1.451362723212923389e+06 9.303432304800741840e+05 8.083317591131501831e+05 -1.225540937416167289e+05 -3.083060146227978403e+05 2.526873714587892173e+05 1.368366913720770099e+05
1.068478295749636833e+06 -5.610982834835837275e+04 3.237690587816627158e+03 -1.863015416179145104e+05 3.772135548529115040e+05 4.787962823408344993e+05 7.846176932901288092e+04 9.109913486658337933e+04 1.011851088639272202e+05 3.571027886634548195e+06 7.026950549474782310e+05 -1.268669073706817871e+05 6.187978652795673115e+05 2.940666200806211564e+05 -1.427958204231554118e+05 -1.167461053072257782e+05 1.134004746749460755e+05 1.802238001332402055e+05
-3.553607252203103155e+06 -9.792382512289567385e+05 1.548250386564232176e+05 -4.875464043088297331e+04 -4.422624543450186320e+04 7.846176932901288092e+04 3.028520653365461039e+05 9.692134406369115459e+04 1.865578181462963039e+04 -9.852723663581172004e+05 8.602125015107911313e+05 2.240443215142062400e+05 7.843803590963935712e+05 -8.187911161803975119e+04 3.402991302820876590e+05 1.625862681675920030e+05 5.841739445561734465e+04 6.490631782363745151e+04
-1.222701494968516519e+06 -2.686690589027375681e+05 -2.077575288961258775e+05 4.557682406096670456e+04 9.917693681414297316e+04 9.109913486658337933e+04 9.692134406369115459e+04 1.833737215134043072e+05 4.002767139454076823e+04 2.256961344177158549e+06 -1.181102842853027978e+05 -2.828697916418843088e+05 3.570773005439482513e+05 -8.530857349491643254e+04 -1.045051535033227265e+05 1.435621028134401131e+05 2.351941576065347181e+05 6.812951781543515972e+04
7.063045943523945753e+05 -1.680973360965044412e+05 -7.482433407393992820e+04 -1.976417846611870482e+04 6.686481799920729827e+04 1.011851088639272202e+05 1.865578181462963039e+04 4.002767139454076823e+04 1.701411415015259117e+05 2.140040118239453528e+06 3.403305156992328120e+05 4.707053445878645871e+05 -6.217964023362670559e+04 -1.561543844218867016e+05 -5.396922956456585234e+04 -2.497103689776175452e+04 1.091746683882724028e+05 1.199917117069017404e+05
6.709335331346464157e+07 -6.662455133297316730e+06 6.745237696679451037e+05 5.974607251479887404e+06 -1.965968366705592023e+06 3.571027886634548195e+06 -9.852723663581172004e+05 2.256961344177158549e+06 2.140040118239453528e+06 3.337844898250593543e+08 -9.677110349378427491e+06 4.547111101669309288e+07 -2.576264612232821062e+06 -7.118344445341183804e+06 -5.918490538280716166e+06 6.214277016566265374e+06 5.951588162528064102e+06 3.419826185640420765e+06
2.970658569225099310e+07 4.969329474209846929e+06 3.501239141698869389e+03 -1.417209177817036165e+06 -2.348582423241326120e+06 7.026950549474782310e+05 8.602125015107911313e+05 -1.181102842853027978e+05 3.403305156992328120e+05 -9.677110349378427491e+06 7.120251167386621237e+07 1.140346183383295126e+07 3.041200553955068812e+06 2.124586097284636926e+06 -1.282655578215600224e+06 -8.925245243482631631e+05 -2.664679883480804041e+06 8.359818296574724372e+05
3.112677829656827077e+07 -9.710412943510207115e+05 4.385855118612539954e+06 -1.043915918526543188e+06 -1.451362723212923389e+06 -1.268669073706817871e+05 2.240443215142062400e+05 -2.828697916418843088e+05 4.707053445878645871e+05 4.547111101669309288e+07 1.140346183383295126e+07 2.708088335596191883e+07 -3.365123126272516325e+06 -2.589310337134412490e+06 4.219711641013108310e+05 -6.622716149482014589e+05 4.905112065583311487e+05 -2.812783538893872756e+05
-1.160304053930799104e+07 -1.262533690906498581e+06 5.254408278872970259e+05 -1.763213218186137055e+03 9.303432304800741840e+05 6.187978652795673115e+05 7.843803590963935712e+05 3.570773005439482513e+05 -6.217964023362670559e+04 -2.576264612232821062e+06 3.041200553955068812e+06 -3.365123126272516325e+06 6.893953191799227148e+06 1.273550785302147502e+06 -7.644139918048486288e+04 -4.546364845030767028e+05 3.227885526647978695e+05 9.000532834458085708e+05
8.130351786944558844e+05 -8.500612628792148316e+05 -1.241022159985982580e+06 -5.608626140722482523e+04 8.083317591131501831e+05 2.940666200806211564e+05 -8.187911161803975119e+04 -8.530857349491643254e+04 -1.561543844218867016e+05 -7.118344445341183804e+06 2.124586097284636926e+06 -2.589310337134412490e+06 1.273550785302147502e+06 3.676972035787595436e+06 -4.896729270708228578e+05 7.751795653442513139e+04 -9.640947774324056227e+05 -3.350214465437496547e+05
-6.251571898864661343e+06 -4.911880114243926946e+05 1.047930460791252204e+06 9.632537806526563145e+03 -1.225540937416167289e+05 -1.427958204231554118e+05 3.402991302820876590e+05 -1.045051535033227265e+05 -5.396922956456585234e+04 -5.918490538280716166e+06 -1.282655578215600224e+06 4.219711641013108310e+05 -7.644139918048486288e+04 -4.896729270708228578e+05 1.802932334787736181e+06 6.322891397686298005e+05 -8.810515648320451146e+04 -3.939748259861444967e+04
-3.840490248069588095e+06 -1.663700914677122375e+06 -4.671248627530939993e+05 6.263824208396062022e+05 -3.083060146227978403e+05 -1.167461053072257782e+05 1.625862681675920030e+05 1.435621028134401131e+05 -2.497103689776175452e+04 6.214277016566265374e+06 -8.925245243482631631e+05 -6.622716149482014589e+05 -4.546364845030767028e+05 7.751795653442513139e+04 6.322891397686298005e+05 1.508748348263810156e+06 -1.103352369127618731e+05 -7.836084649100863317e+04
-1.727477190925309435e+06 -5.235155306959317531e+05 3.785256002340140403e+05 7.181815619946163497e+04 2.526873714587892173e+05 1.134004746749460755e+05 5.841739445561734465e+04 2.351941576065347181e+05 1.091746683882724028e+05 5.951588162528064102e+06 -2.664679883480804041e+06 4.905112065583311487e+05 3.227885526647978695e+05 -9.640947774324056227e+05 -8.810515648320451146e+04 -1.103352369127618731e+05 9.609476318204243435e+05 2.113717756523517601e+05
-1.052072175749631366e+06 -2.114816173034936364e+05 8.580913304107265139e+04 5.917535708626461565e+04 1.368366913720770099e+05 1.802238001332402055e+05 6.490631782363745151e+04 6.812951781543515972e+04 1.199917117069017404e+05 3.419826185640420765e+06 8.359818296574724372e+05 -2.812783538893872756e+05 9.000532834458085708e+05 -3.350214465437496547e+05 -3.939748259861444967e+04 -7.836084649100863317e+04 2.113717756523517601e+05 5.214778300610457663e+05
