4.190655752683047950e+07 -1.237790760575246532e+06 5.432915017173200846e+06 9.650440392524991184e+05 -8.670051829127144301e+05 5.154835312419831753e+05 -2.084751307660882594e+04 -3.113454873310086259e+04 -2.918949197312122560e+05 -4.860501289240767248e+06 -1.359114588264878839e+07 -6.671274513685020618e+06 -4.829915301067564636e+06 -2.377243318327333778e+06 2.295299392598745879e+06 1.455373033979305765e+06 2.597975201298197790e+05 7.637112632392586675e+05
-1.237790760575246532e+06 1.763798356916677579e+07 -1.395587863887448097e+06 -9.837832791942276526e+05 1.002547301097258227e+06 8.800673771235671593e+05 -4.479305066216988489e+05 1.124851155590231247e+04 2.085810437777889892e+05 9.084964276158627123e+06 2.831935172252785042e+07 1.401486646268318640e+06 -1.142375183199663414e+06 2.638728774387519807e+06 1.133093644187873724e+05 3.580955473212646757e+04 -8.528666639739354141e+05 -4.932060644249101169e+05
5.432915017173200846e+06 -1.395587863887448097e+06 8.385584809164840728e+06 4.029399669055620325e+05 -4.561000543314160313e+05 3.719644817007676465e+05 -4.109290519406301901e+05 -1.077248704148704201e+04 3.608490583208092721e+05 -8.607718492686627433e+06 -1.649934831980855577e+07 -1.552919481378531549e+06 -1.008879034736214817e+05 1.299605759831603849e+06 1.803753524127905956e+06 5.984529974372055149e+05 2.167986580518643023e+05 5.753713801806754200e+05
9.650440392524991184e+05 -9.837832791942276526e+05 4.029399669055620325e+05 1.557288296626574593e+06 3.997772712238090753e+04 -1.276414018591475906e+05 4.082522548876397195e+04 -1.063841542778050643e+05 2.683277470135274925e+05 -3.966325061364110559e+06 -3.179392057070737705e+06 -3.480419106151992455e+05 5.400451861501284875e+05 -1.320192532681108452e+06 -2.517884456973894266e+05 -4.654644916535385710e+04 -5.148603818072254944e+04 -2.071776985318711086e+05
-8.670051829127144301e+05 1.002547301097258227e+06 -4.561000543314160313e+05 3.997772712238090753e+04 1.633787314593345858e+06 1.723338976489175693e+05 -9.723471773648419185e+04 1.067682402376218524e+05 2.800362174444239645e+04 2.932400738716934808e+06 -9.309192588313535089e+04 -1.491044189013662050e+06 -7.642626046340104658e+05 9.105906760367703391e+05 4.769009715112420963e+05 3.406180004555261257e+04 2.195083499506596709e+05 -3.476738961694495520e+05
5.154835312419831753e+05 8.800673771235671593e+05 3.719644817007676465e+05 -1.276414018591475906e+05 1.723338976489175693e+05 5.912441092240255093e+05 8.333756636938927113e+04 2.132045465376758330e+03 3.702193545933796122e+04 2.121644793002790771e+06 1.767743537374190986e+06 -9.980165413221424678e+05 -1.510845177301363728e+05 5.366120184260704555e+05 2.205741758667422691e+05 8.782071842905294034e+04 6.534636027538112830e+04 1.639507464007129311e+05
-2.084751307660882594e+04 -4.479305066216988489e+05 -4.109290519406301901e+05 4.082522548876397195e+04 -9.723471773648419185e+04 8.333756636938927113e+04 3.233765260398567771e+05 3.066820243801299512e+04 -7.314034492897674681e+03 1.518501054057336412e+06 5.576985885999838356e+05 -3.882630412681254093e+05 5.137798916683526477e+04 -1.240129449524926749e+05 -1.998428230145888811e+05 -1.540004270429865865e+05 1.513333018387837001e+04 1.047374557355456054e+05
-3.113454873310086259e+04 1.124851155590231247e+04 -1.077248704148704201e+04 -1.063841542778050643e+05 1.067682402376218524e+05 2.132045465376758330e+03 3.066820243801299512e+04 1.749065940877548419e+05 1.979903777377649749e+04 1.153418136011955794e+06 4.150909441440723604e+05 -1.369063033286232094e+05 2.550142554376594944e+03 -1.688704319781057347e+04 3.049900346844844898e+04 -1.355342133184147242e+05 -1.248851836438684259e+05 -1.809477867927205807e+04
-2.918949197312122560e+05 2.085810437777889892e+05 3.608490583208092721e+05 2.683277470135274925e+05 2.800362174444239645e+04 3.702193545933796122e+04 -7.314034492897674681e+03 1.979903777377649749e+04 1.283838482078746019e+05 -7.585444928934577620e+05 1.168323135897383909e+05 4.995553459330084152e+05 3.170833595101479441e+05 4.540536207608762197e+04 1.555079695735172718e+05 -2.965128217956229491e+04 -1.786889449209561008e+03 -3.055026226085385133e+04
-4.860501289240767248e+06 9.084964276158627123e+06 -8.607718492686627433e+06 -3.966325061364110559e+06 2.932400738716934808e+06 2.121644793002790771e+06 1.518501054057336412e+06 1.153418136011955794e+06 -7.585444928934577620e+05 1.411367993042588532e+08 4.141061563020450622e+07 -1.730133587178189680e+07 -1.765147812022663280e+07 1.809015127683184808e+06 -3.188418752964676358e+06 -1.450368272816894751e+05 3.153313662378029898e+06 -1.698727271314813290e+06
-1.359114588264878839e+07 2.831935172252785042e+07 -1.649934831980855577e+07 -3.179392057070737705e+06 -9.309192588313535089e+04 1.767743537374190986e+06 5.576985885999838356e+05 4.150909441440723604e+05 1.168323135897383909e+05 4.141061563020450622e+07 9.817252090348210931e+07 1.415613948855050281e+07 5.302499892446859740e+06 1.488519568066006294e+06 -2.930106566253824160e+06 -6.636283035453369375e+05 -8.554324771570357261e+05 -1.514911774462198839e+06
-6.671274513685020618e+06 1.401486646268318640e+06 -1.552919481378531549e+06 -3.480419106151992455e+05 -1.491044189013662050e+06 -9.980165413221424678e+05 -3.882630412681254093e+05 -1.369063033286232094e+05 4.995553459330084152e+05 -1.730133587178189680e+07 1.415613948855050281e+07 3.100736742442461848e+07 7.269699252774429508e+06 4.226777923800382763e+06 6.970441835177080939e+05 -1.768821808386911871e+06 -1.013074500021483400e+05 6.585924421279923990e+05
-4.829915301067564636e+06 -1.142375183199663414e+06 -1.008879034736214817e+05 5.400451861501284875e+05 -7.642626046340104658e+05 -1.510845177301363728e+05 5.137798916683526477e+04 2.550142554376594944e+03 3.170833595101479441e+05 -1.765147812022663280e+07 5.302499892446859740e+06 7.269699252774429508e+06 8.398594547098932788e+06 -4.450206887513768161e+05 -7.659997946551645873e+05 2.062919255092122767e+05 6.080552417691172013e+04 9.970138223064685008e+03
-2.377243318327333778e+06 2.638728774387519807e+06 1.299605759831603849e+06 -1.320192532681108452e+06 9.105906760367703391e+05 5.366120184260704555e+05 -1.240129449524926749e+05 -1.688704319781057347e+04 4.540536207608762197e+04 1.809015127683184808e+06 1.488519568066006294e+06 4.226777923800382763e+06 -4.450206887513768161e+05 5.965829043829824775e+06 1.583706663308876334e+06 1.243809193311824492e+05 1.952432189296711003e+05 3.413359591845117975e+05
2.295299392598745879e+06 1.133093644187873724e+05 1.803753524127905956e+06 -2.517884456973894266e+05 4.769009715112420963e+05 2.205741758667422691e+05 -1.998428230145888811e+05 3.049900346844844898e+04 1.555079695735172718e+05 -3.188418752964676358e+06 -2.930106566253824160e+06 6.970441835177080939e+05 -7.659997946551645873e+05 1.583706663308876334e+06 3.085033865200957749e+06 2.909933241509498912e+05 1.672877027885610005e+05 3.097742508839438669e+05
1.455373033979305765e+06 3.580955473212646757e+04 5.984529974372055149e+05 -4.654644916535385710e+04 3.406180004555261257e+04 8.782071842905294034e+04 -1.540004270429865865e+05 -1.355342133184147242e+05 -2.965128217956229491e+04 -1.450368272816894751e+05 -6.636283035453369375e+05 -1.768821808386911871e+06 2.062919255092122767e+05 1.243809193311824492e+05 2.909933241509498912e+05 1.056274116868675454e+06 6.997874650198812596e+05 -5.506799113195300015e+04
2.597975201298197790e+05 -8.528666639739354141e+05 2.167986580518643023e+05 -5.148603818072254944e+04 2.195083499506596709e+05 6.534636027538112830e+04 1.513333018387837001e+04 -1.248851836438684259e+05 -1.786889449209561008e+03 3.153313662378029898e+06 -8.554324771570357261e+05 -1.013074500021483400e+05 6.080552417691172013e+04 1.952432189296711003e+05 1.672877027885610005e+05 6.997874650198812596e+05 1.433647889051914681e+06 3.327393157740928000e+05
7.637112632392586675e+05 -4.932060644249101169e+05 5.753713801806754200e+05 -2.071776985318711086e+05 -3.476738961694495520e+05 1.639507464007129311e+05 1.047374557355456054e+05 -1.809477867927205807e+04 -3.055026226085385133e+04 -1.698727271314813290e+06 -1.514911774462198839e+06 6.585924421279923990e+05 9.970138223064685008e+03 3.413359591845117975e+05 3.097742508839438669e+05 -5.506799113195300015e+04 3.327393157740928000e+05 7.261754629440137651e+05
