6.701670087231481075e+07 1.528456942989973538e+07 8.169566525523972698e+06 4.931896908429542556e+06 -8.688064741081814282e+04 3.917418661328579765e+05 2.975594747970324825e+05 4.064450620759680169e+05 -4.762860348416685592e+05 7.184767755532705784e+07 3.698909402614220232e+07 6.655307347219700925e+06 1.331213400098363124e+07 -1.420015856883616885e+06 -2.188768460980892705e+05 1.427644260045017116e+06 2.496380991666171758e+05 -1.613539855611823034e+06
1.528456942989973538e+07 1.982078595628570020e+07 3.645185162492477335e+06 -9.234729294685265049e+05 -3.899453572247843258e+05 8.303058623997299001e+05 3.842713997687967494e+05 4.930951964979231707e+05 2.090859610285818053e+05 2.762874812224707007e+07 1.732457289054374397e+07 -1.528779774988031480e+06 7.939269925324415090e+05 8.322522311381279724e+05 3.186048588895021006e+06 1.522887298703970620e+06 1.862972898619644344e+06 1.361421285156375729e+06
8.169566525523972698e+06 3.645185162492477335e+06 5.133975423421043903e+06 5.911168498219937319e+05 -3.180326681121927686e+05 -2.545456586536383838e+05 2.296277018946030876e+05 -1.239369164067084494e+05 4.355877771458405186e+04 1.252819435017203540e+07 1.011810110333167389e+07 4.167925142105713021e+06 6.018675873702306999e+05 -1.867578531984688016e+06 -1.337032185603228863e+06 3.800467045926689170e+05 -3.482482562687778845e+05 3.125881632487238676e+04
4.931896908429542556e+06 -9.234729294685265049e+05 5.911168498219937319e+05 3.377877366457507946e+06 -1.497949035524188075e+05 -5.491000550272188848e+05 -1.535911932659274316e+04 -2.151307569535705843e+05 -3.660231396091735223e+05 -6.273171882132335566e+06 -1.507592051633912837e+06 -1.541268898958950769e+06 2.831195388889291324e+06 6.216402416834719479e+05 -1.007388243168148445e+06 6.053349122167206951e+04 -6.550545489936323138e+05 -2.573985070965932682e+05
-8.688064741081814282e+04 -3.899453572247843258e+05 -3.180326681121927686e+05 -1.497949035524188075e+05 5.360498747606867692e+05 1.225268187199211097e+05 -6.894268344176981191e+04 -2.871505745245224898e+04 4.274640747156363796e+04 -1.494222887168314308e+06 3.963642614636677317e+05 -9.284705749325221404e+05 -3.730923010338634049e+04 2.656454282476439839e+05 2.913261730957637774e+05 1.785608837506282725e+05 4.228039489278659457e+05 1.676705590873426627e+04
3.917418661328579765e+05 8.303058623997299001e+05 -2.545456586536383838e+05 -5.491000550272188848e+05 1.225268187199211097e+05 6.725331692216942320e+05 8.032244694170437288e+04 1.044294610663640051e+05 9.196306846479821252e+04 3.137384958985792473e+06 -3.002440090337928268e+05 8.383673839065419452e+04 -2.980722820291949320e+05 -1.593679464175559697e+05 8.904822960476250155e+05 3.398005422528676572e+05 4.208357524544012849e+05 1.524145876023531891e+05
2.975594747970324825e+05 3.842713997687967494e+05 2.296277018946030876e+05 -1.535911932659274316e+04 -6.894268344176981191e+04 8.032244694170437288e+04 4.429133626801625942e+05 1.406708674046903980e+04 -2.180229025169261149e+04 3.896740407582553569e+06 -4.589601107066782424e+05 1.455872074516505236e+06 3.214118777907338881e+04 -4.787397871049182722e+05 1.132600908895100001e+05 2.917853900342282723e+05 3.141517066974964109e+04 2.432682177191872597e+03
4.064450620759680169e+05 4.930951964979231707e+05 -1.239369164067084494e+05 -2.151307569535705843e+05 -2.871505745245224898e+04 1.044294610663640051e+05 1.406708674046903980e+04 1.760338814075293485e+05 3.930624498312270589e+04 3.059628370407922659e+06 2.330666926507553726e+05 3.526173026819530060e+05 -9.232118701560993213e+04 1.901821447932187948e+04 -4.148399109121901711e+04 -2.260071606979322678e+05 7.083497792728655622e+04 7.595809867460867099e+04
-4.762860348416685592e+05 2.090859610285818053e+05 4.355877771458405186e+04 -3.660231396091735223e+05 4.274640747156363796e+04 9.196306846479821252e+04 -2.180229025169261149e+04 3.930624498312270589e+04 1.088280150373429788e+05 9.459100839962314058e+04 9.393278837617103818e+02 2.059949048631130718e+05 -3.709367415227848687e+05 -2.497068413196750043e+05 5.713511791106766759e+04 -7.036242168890986068e+04 6.225665070892588119e+04 1.246011971538061043e+05
7.184767755532705784e+07 2.762874812224707007e+07 1.252819435017203540e+07 -6.273171882132335566e+06 -1.494222887168314308e+06 3.137384958985792473e+06 3.896740407582553569e+06 3.059628370407922659e+06 9.459100839962314058e+04 3.279134147638461590e+08 9.410521015006631613e+07 2.426490703751631081e+07 2.290564308898140490e+07 -9.570770356552299112e+06 8.652260651726782322e+06 -6.484509619208887452e+05 3.950804237808497623e+06 2.344988893477713864e+05
3.698909402614220232e+07 1.732457289054374397e+07 1.011810110333167389e+07 -1.507592051633912837e+06 3.963642614636677317e+05 -3.002440090337928268e+05 -4.589601107066782424e+05 2.330666926507553726e+05 9.393278837617103818e+02 9.410521015006631613e+07 1.019117012499466240e+08 1.986498082147360966e+07 1.355151527985378914e+07 -6.316119508536580950e+06 -5.176838956073367153e+05 -5.617046097456685966e+05 1.789707687436630018e+06 1.044752467258663150e+06
6.655307347219700925e+06 -1.528779774988031480e+06 4.167925142105713021e+06 -1.541268898958950769e+06 -9.284705749325221404e+05 8.383673839065419452e+04 1.455872074516505236e+06 3.526173026819530060e+05 2.059949048631130718e+05 2.426490703751631081e+07 1.986498082147360966e+07 3.351880067949799448e+07 1.900229578353440855e+06 -8.018882690164265223e+06 -1.509159605221830541e+06 -1.507985171001797135e+05 -9.578449148098434089e+05 2.762347980698519386e+05
1.331213400098363124e+07 7.939269925324415090e+05 6.018675873702306999e+05 2.831195388889291324e+06 -3.730923010338634049e+04 -2.980722820291949320e+05 3.214118777907338881e+04 -9.232118701560993213e+04 -3.709367415227848687e+05 2.290564308898140490e+07 1.355151527985378914e+07 1.900229578353440855e+06 9.594255955480992794e+06 7.325328865398583002e+05 7.466522211721637286e+05 6.187135280176455854e+05 -6.300934299411808606e+05 -2.070163616087917471e+05
-1.420015856883616885e+06 8.322522311381279724e+05 -1.867578531984688016e+06 6.216402416834719479e+05 2.656454282476439839e+05 -1.593679464175559697e+05 -4.787397871049182722e+05 1.901821447932187948e+04 -2.497068413196750043e+05 -9.570770356552299112e+06 -6.316119508536580950e+06 -8.018882690164265223e+06 7.325328865398583002e+05 3.911886879691902082e+06 6.919474623260963708e+05 3.062038548359857523e+05 1.722188818034694414e+05 -2.534992295632510504e+05
-2.188768460980892705e+05 3.186048588895021006e+06 -1.337032185603228863e+06 -1.007388243168148445e+06 2.913261730957637774e+05 8.904822960476250155e+05 1.132600908895100001e+05 -4.148399109121901711e+04 5.713511791106766759e+04 8.652260651726782322e+06 -5.176838956073367153e+05 -1.509159605221830541e+06 7.466522211721637286e+05 6.919474623260963708e+05 4.060500613971108571e+06 1.501097370923782233e+06 1.319903671357491519e+06 4.535159958075701725e+05
1.427644260045017116e+06 1.522887298703970620e+06 3.800467045926689170e+05 6.053349122167206951e+04 1.785608837506282725e+05 3.398005422528676572e+05 2.917853900342282723e+05 -2.260071606979322678e+05 -7.036242168890986068e+04 -6.484509619208887452e+05 -5.617046097456685966e+05 -1.507985171001797135e+05 6.187135280176455854e+05 3.062038548359857523e+05 1.501097370923782233e+06 1.617627686437371187e+06 3.302643716536544962e+05 -9.356500228746353241e+04
2.496380991666171758e+05 1.862972898619644344e+06 -3.482482562687778845e+05 -6.550545489936323138e+05 4.228039489278659457e+05 4.208357524544012849e+05 3.141517066974964109e+04 7.083497792728655622e+04 6.225665070892588119e+04 3.950804237808497623e+06 1.789707687436630018e+06 -9.578449148098434089e+05 -6.300934299411808606e+05 1.722188818034694414e+05 1.319903671357491519e+06 3.302643716536544962e+05 1.074391514962242451e+06 4.157992573937976267e+05
-1.613539855611823034e+06 1.361421285156375729e+06 3.125881632487238676e+04 -2.573985070965932682e+05 1.676705590873426627e+04 1.524145876023531891e+05 2.432682177191872597e+03 7.595809867460867099e+04 1.246011971538061043e+05 2.344988893477713864e+05 1.044752467258663150e+06 2.762347980698519386e+05 -2.070163616087917471e+05 -2.534992295632510504e+05 4.535159958075701725e+05 -9.356500228746353241e+04 4.157992573937976267e+05 8.161158157648839988e+05
