4.396995923149106652e+07 -6.077261181137823500e+06 -1.738210494125175523e+06 7.818622856888968963e+05 5.706324239363662200e+05 6.732498985345895926e+04 -3.870318499674429186e+05 1.553012486277694697e+05 5.740311116748764180e+05 6.027652245453410596e+07 -8.151175149853382260e+06 -6.164506660935439169e+06 -8.420522292248037411e+04 1.387303146182420023e+05 -1.477034492962445831e+06 1.018392141421938897e+06 2.149592445489758393e+05 7.599715011316838209e+05
-6.077261181137823500e+06 1.937231876707307622e+07 2.267397124882625649e+05 -1.595210505712016951e+06 5.531102120828981278e+05 -7.033529773886062903e+05 5.291233284511656966e+05 5.231329700306675513e+05 -5.151111970819815178e+05 8.523545928379302844e+06 7.612428069862297736e+06 -3.127983520501136314e+06 -6.121677656011196785e+06 -6.012331606505482458e+06 -2.482013267215670552e+06 5.168339669091402902e+05 -1.029205478979925858e+06 -1.913587566853311379e+06
-1.738210494125175523e+06 2.267397124882625649e+05 3.801041141801990103e+06 9.054102014760794118e+05 7.322101649157931097e+05 -4.864399785130235832e+05 2.396774037924541335e+05 -1.471052230499770667e+05 -4.414821724416282814e+04 -6.214402488258083351e+06 1.284021205890294164e+06 1.438844048153934069e+06 2.271605966296065599e+06 6.467536358557683416e+05 -1.978165660151396412e+06 -7.346333378553797957e+04 -1.346639131445135899e+04 -3.962777828984352527e+05
7.818622856888968963e+05 -1.595210505712016951e+06 9.054102014760794118e+05 2.284566173117171507e+06 9.889180248559158645e+04 -4.601279867391848529e+04 1.614409446177141508e+05 -1.897919820431347180e+05 1.218692698127413460e+05 -7.893668238920833915e+06 -2.689907405151899904e+06 5.757481567145602312e+05 1.906219979747479782e+06 1.789567768760792096e+05 -2.756294880590701359e+05 1.564332095340555534e+05 -2.007681281183371902e+04 3.175689504434666014e+05
5.706324239363662200e+05 5.531102120828981278e+05 7.322101649157931097e+05 9.889180248559158645e+04 9.155934591951158363e+05 -8.960756217192398617e+04 5.247949610829495941e+04 -1.473531118116553262e+04 2.798913187589547306e+04 6.640238758360404754e+05 -2.933104668994953856e+06 -2.353609905557097401e+06 1.194379539563741535e+06 5.181570269590302487e+05 1.342886132196211838e+04 -1.587397023597728112e+05 2.439347631480177515e+05 9.954169482371081540e+04
6.732498985345895926e+04 -7.033529773886062903e+05 -4.864399785130235832e+05 -4.601279867391848529e+04 -8.960756217192398617e+04 6.717403736166968010e+05 -1.283675700380576200e+04 -1.257591140425398771e+04 3.364363203432191949e+04 -8.238407045268154470e+05 2.279580904021227034e+05 1.097655974834802328e+06 6.697946729258631822e+05 5.752271336415079422e+05 1.097295853216719814e+06 -1.725983576156094787e+05 -1.131196219059970317e+05 -5.902230120558999624e+04
-3.870318499674429186e+05 5.291233284511656966e+05 2.396774037924541335e+05 1.614409446177141508e+05 5.247949610829495941e+04 -1.283675700380576200e+04 2.941223939188236254e+05 3.514230558236540674e+04 2.506664485923654865e+04 -3.151880163186825812e+06 -1.196728180779670831e+06 -3.524641941569128539e+05 -4.964365250342106447e+04 1.570248245097857143e+05 -2.293709243152659037e+05 1.919613104252309713e+05 -5.121494328637931903e+04 -1.188369056326645077e+05
1.553012486277694697e+05 5.231329700306675513e+05 -1.471052230499770667e+05 -1.897919820431347180e+05 -1.473531118116553262e+04 -1.257591140425398771e+04 3.514230558236540674e+04 1.046763649988613615e+05 -3.913255806511579431e+04 8.550271526683460979e+04 -1.369760584412560565e+05 -5.043280298981189117e+04 -4.892931761207329109e+05 -1.784467673074653139e+05 -7.879480896422949445e+04 1.454305493354847749e+04 -6.290513550413125631e+04 -1.595021043860477221e+05
5.740311116748764180e+05 -5.151111970819815178e+05 -4.414821724416282814e+04 1.218692698127413460e+05 2.798913187589547306e+04 3.364363203432191949e+04 2.506664485923654865e+04 -3.913255806511579431e+04 1.327886504086451896e+05 -1.726865385945478221e+06 -1.324525072495321510e+06 -2.553197911714107031e+05 3.631559793241490843e+05 3.488391799472644343e+05 1.433436574047099857e+05 -9.609566244973987341e+04 2.859099132101193027e+04 9.118927842845204577e+04
6.027652245453410596e+07 8.523545928379302844e+06 -6.214402488258083351e+06 -7.893668238920833915e+06 6.640238758360404754e+05 -8.238407045268154470e+05 -3.151880163186825812e+06 8.550271526683460979e+04 -1.726865385945478221e+06 2.983108118916077018e+08 3.407198710490911454e+07 -1.181049976118753292e+07 -6.741410769849792123e+06 -1.091189528647579253e+07 4.142448192494804971e+04 -6.580276512522997800e+05 1.644919003724608105e+06 1.984703474871222395e+06
-8.151175149853382260e+06 7.612428069862297736e+06 1.284021205890294164e+06 -2.689907405151899904e+06 -2.933104668994953856e+06 2.279580904021227034e+05 -1.196728180779670831e+06 -1.369760584412560565e+05 -1.324525072495321510e+06 3.407198710490911454e+07 4.701862566958165169e+07 1.349129919911335409e+07 -6.400304817016806453e+06 -9.784822611182844266e+06 -1.876405434662112966e+06 -1.585281523066291818e+06 -3.556262843254901003e+06 -1.971267491081426386e+06
-6.164506660935439169e+06 -3.127983520501136314e+06 1.438844048153934069e+06 5.757481567145602312e+05 -2.353609905557097401e+06 1.097655974834802328e+06 -3.524641941569128539e+05 -5.043280298981189117e+04 -2.553197911714107031e+05 -1.181049976118753292e+07 1.349129919911335409e+07 3.002153313245125115e+07 6.724592345576723106e+06 -2.174389485752358742e+05 2.728700393442916684e+06 -1.939451950657522073e+06 -1.570562925246878061e+06 6.569918582881310431e+04
-8.420522292248037411e+04 -6.121677656011196785e+06 2.271605966296065599e+06 1.906219979747479782e+06 1.194379539563741535e+06 6.697946729258631822e+05 -4.964365250342106447e+04 -4.892931761207329109e+05 3.631559793241490843e+05 -6.741410769849792123e+06 -6.400304817016806453e+06 6.724592345576723106e+06 1.598771962645257451e+07 2.457070855726543814e+06 1.758714355723182205e+06 -2.142981129967009183e+06 8.115915915383464016e+04 5.385218159185666591e+05
1.387303146182420023e+05 -6.012331606505482458e+06 6.467536358557683416e+05 1.789567768760792096e+05 5.181570269590302487e+05 5.752271336415079422e+05 1.570248245097857143e+05 -1.784467673074653139e+05 3.488391799472644343e+05 -1.091189528647579253e+07 -9.784822611182844266e+06 -2.174389485752358742e+05 2.457070855726543814e+06 6.784740920195365325e+06 2.417204490687993821e+06 4.515890780804692768e+05 1.274822569405819755e+06 6.346170348366987891e+05
-1.477034492962445831e+06 -2.482013267215670552e+06 -1.978165660151396412e+06 -2.756294880590701359e+05 1.342886132196211838e+04 1.097295853216719814e+06 -2.293709243152659037e+05 -7.879480896422949445e+04 1.433436574047099857e+05 4.142448192494804971e+04 -1.876405434662112966e+06 2.728700393442916684e+06 1.758714355723182205e+06 2.417204490687993821e+06 6.030858974076238461e+06 -8.947364034403646365e+05 3.586448781608847785e+05 8.816140654195555253e+05
1.018392141421938897e+06 5.168339669091402902e+05 -7.346333378553797957e+04 1.564332095340555534e+05 -1.587397023597728112e+05 -1.725983576156094787e+05 1.919613104252309713e+05 1.454305493354847749e+04 -9.609566244973987341e+04 -6.580276512522997800e+05 -1.585281523066291818e+06 -1.939451950657522073e+06 -2.142981129967009183e+06 4.515890780804692768e+05 -8.947364034403646365e+05 2.307026466634381562e+06 6.895217239883670118e+05 -2.606691631589181488e+05
2.149592445489758393e+05 -1.029205478979925858e+06 -1.346639131445135899e+04 -2.007681281183371902e+04 2.439347631480177515e+05 -1.131196219059970317e+05 -5.121494328637931903e+04 -6.290513550413125631e+04 2.859099132101193027e+04 1.644919003724608105e+06 -3.556262843254901003e+06 -1.570562925246878061e+06 8.115915915383464016e+04 1.274822569405819755e+06 3.586448781608847785e+05 6.895217239883670118e+05 1.033447258772452362e+06 3.139820812943428755e+05
7.599715011316838209e+05 -1.913587566853311379e+06 -3.962777828984352527e+05 3.175689504434666014e+05 9.954169482371081540e+04 -5.902230120558999624e+04 -1.188369056326645077e+05 -1.595021043860477221e+05 9.118927842845204577e+04 1.984703474871222395e+06 -1.971267491081426386e+06 6.569918582881310431e+04 5.385218159185666591e+05 6.346170348366987891e+05 8.816140654195555253e+05 -2.606691631589181488e+05 3.139820812943428755e+05 9.308478217738241656e+05
