3.726159736972369999e+07 -2.657097426873382181e+06 1.982152122558078554e+04 -6.176945853079336230e+05 1.866018278256120626e+06 -1.376118788827489130e+06 1.787639942673256737e+05 2.910742166321925470e+04 8.520890459958546562e+05 5.156727172192866355e+07 6.723360412739949301e+06 5.722769608538982458e+06 -2.070345561420219601e+05 -1.315195923456701217e+06 -8.170503556369361468e+05 -9.312066862919754349e+05 9.962108147802222520e+05 -1.624245512860596355e+05
-2.657097426873382181e+06 1.919306643350186944e+07 5.437360761904384941e+06 1.181830796514221933e+06 -5.367302843298204243e+05 5.514029114815451903e+05 8.207254844851234229e+05 -4.915875139468090492e+04 -2.721372389330487567e+04 -3.479919840213591605e+07 1.003842811732725985e+07 4.612425859990135767e+06 -2.767401494075470138e+06 1.506199487487056991e+06 5.288523253889044281e+04 3.992139851806052029e+05 -7.048721945993035333e+05 -8.422754981554995175e+04
1.982152122558078554e+04 5.437360761904384941e+06 4.973711019024628215e+06 1.088698597121560713e+06 1.619756098484075665e+04 2.313297444230826222e+05 4.937408221776590217e+05 2.486087713463464461e+05 3.919271672611193935e+04 -1.034603562696362473e+07 5.381121889398219995e+06 1.733984903532173950e+06 2.670853066340260208e+06 -8.505805866619540611e+05 -1.305790838792472205e+05 -8.500652921416364552e+04 -1.819273184618030500e+05 5.577580879523548065e+05
-6.176945853079336230e+05 1.181830796514221933e+06 1.088698597121560713e+06 1.288413835941597819e+06 2.220610511757613276e+05 1.556280581041883852e+05 3.021394018210446811e+05 1.007082906647061900e+05 2.698357112146549298e+03 -8.267106040845736861e+06 1.306197411268404452e+06 1.409415496403166559e+06 2.697362057955249213e+06 -1.703372629286382871e+05 -3.585992843808369362e+05 7.169103022663526644e+04 4.576799139579792609e+03 2.978629209248942789e+05
1.866018278256120626e+06 -5.367302843298204243e+05 1.619756098484075665e+04 2.220610511757613276e+05 9.536801887418093393e+05 8.853616612683505809e+04 1.751861136825818103e+05 1.236672351416147576e+05 1.497608797383004276e+05 5.125208899528919719e+05 -1.652271020591915352e+06 3.050651969210824464e+05 -9.673196218223794131e+04 6.502229416920854710e+05 -2.471766794384492096e+05 1.130170187566974055e+05 -9.984665571659237321e+04 -5.871382185852572002e+04
-1.376118788827489130e+06 5.514029114815451903e+05 2.313297444230826222e+05 1.556280581041883852e+05 8.853616612683505809e+04 2.768334011974102468e+05 1.383764838915258297e+05 1.931942038018065887e+03 -7.108032731030964351e+04 -3.328463582295810804e+06 -9.798733057116201380e+05 -3.076630382663646014e+05 1.056928267900122592e+05 2.612277825807135087e+05 3.297003642262290814e+05 1.062814176625482505e+05 -6.733819687755241466e+04 2.757679891968141965e+04
1.787639942673256737e+05 8.207254844851234229e+05 4.937408221776590217e+05 3.021394018210446811e+05 1.751861136825818103e+05 1.383764838915258297e+05 5.533190581340795616e+05 1.220646118371384073e+05 -4.671796843615933176e+04 -3.993458030503049493e+06 2.523267686111719813e+05 -3.147507999573021661e+05 -4.397384503237348981e+05 3.308716576041367371e+05 1.049528797443434596e+05 1.572906083526891052e+04 4.276096608808492419e+03 9.898997673554554058e+04
2.910742166321925470e+04 -4.915875139468090492e+04 2.486087713463464461e+05 1.007082906647061900e+05 1.236672351416147576e+05 1.931942038018065887e+03 1.220646118371384073e+05 2.293985632648615283e+05 4.845482166226745176e+04 1.202406843219046714e+06 8.208167857898850343e+04 1.306816379233058542e+05 8.061623565699410392e+04 8.060496352916750766e+04 1.824023811698472127e+05 8.097821160185993358e+04 1.455882061381321109e+05 2.884976584718413651e+05
8.520890459958546562e+05 -2.721372389330487567e+04 3.919271672611193935e+04 2.698357112146549298e+03 1.497608797383004276e+05 -7.108032731030964351e+04 -4.671796843615933176e+04 4.845482166226745176e+04 1.171495899827331159e+05 2.023089045230306685e+06 3.494668152554974658e+05 4.459365905130491010e+05 6.494804800048491597e+04 2.108748848949173116e+05 -7.949442234330806241e+04 1.488669278187197924e+05 1.103576442065243900e+05 8.025400989989998925e+04
5.156727172192866355e+07 -3.479919840213591605e+07 -1.034603562696362473e+07 -8.267106040845736861e+06 5.125208899528919719e+05 -3.328463582295810804e+06 -3.993458030503049493e+06 1.202406843219046714e+06 2.023089045230306685e+06 3.735903884395920038e+08 3.755892851828103513e+07 2.167586398327570874e+06 -3.630094937220072839e+06 1.197645720299231075e+07 8.974903583426604047e+06 6.478252247409231961e+06 4.449891464822382666e+06 3.777085264460375998e+06
6.723360412739949301e+06 1.003842811732725985e+07 5.381121889398219995e+06 1.306197411268404452e+06 -1.652271020591915352e+06 -9.798733057116201380e+05 2.523267686111719813e+05 8.208167857898850343e+04 3.494668152554974658e+05 3.755892851828103513e+07 6.519974107860481739e+07 2.388768694697761536e+07 2.052692276492650155e+06 5.790799604010693729e+06 3.125478203642976936e+06 6.268675931138967862e+05 -1.223448634279706748e+06 3.820536861317536095e+05
5.722769608538982458e+06 4.612425859990135767e+06 1.733984903532173950e+06 1.409415496403166559e+06 3.050651969210824464e+05 -3.076630382663646014e+05 -3.147507999573021661e+05 1.306816379233058542e+05 4.459365905130491010e+05 2.167586398327570874e+06 2.388768694697761536e+07 1.821721381793163344e+07 1.122383293787855655e+06 2.143586698836440686e+06 1.522702349198686890e+06 1.000999455511741922e+06 -4.086573306832660455e+05 9.464690650018735323e+04
-2.070345561420219601e+05 -2.767401494075470138e+06 2.670853066340260208e+06 2.697362057955249213e+06 -9.673196218223794131e+04 1.056928267900122592e+05 -4.397384503237348981e+05 8.061623565699410392e+04 6.494804800048491597e+04 -3.630094937220072839e+06 2.052692276492650155e+06 1.122383293787855655e+06 2.039534139766491950e+07 -3.429356848950230516e+06 1.806772290795303343e+04 6.467284110968650784e+05 3.396012414312970359e+05 8.073236737197535113e+05
-1.315195923456701217e+06 1.506199487487056991e+06 -8.505805866619540611e+05 -1.703372629286382871e+05 6.502229416920854710e+05 2.612277825807135087e+05 3.308716576041367371e+05 8.060496352916750766e+04 2.108748848949173116e+05 1.197645720299231075e+07 5.790799604010693729e+06 2.143586698836440686e+06 -3.429356848950230516e+06 6.423307739002178423e+06 1.788842141485206550e+06 1.793741143578551477e+06 -1.697501999542855192e+05 -6.501189122818509350e+04
-8.170503556369361468e+05 5.288523253889044281e+04 -1.305790838792472205e+05 -3.585992843808369362e+05 -2.471766794384492096e+05 3.297003642262290814e+05 1.049528797443434596e+05 1.824023811698472127e+05 -7.949442234330806241e+04 8.974903583426604047e+06 3.125478203642976936e+06 1.522702349198686890e+06 1.806772290795303343e+04 1.788842141485206550e+06 3.148237100938866381e+06 1.275974174889538670e+06 2.082192588015481597e+05 5.621880593597043771e+05
-9.312066862919754349e+05 3.992139851806052029e+05 -8.500652921416364552e+04 7.169103022663526644e+04 1.130170187566974055e+05 1.062814176625482505e+05 1.572906083526891052e+04 8.097821160185993358e+04 1.488669278187197924e+05 6.478252247409231961e+06 6.268675931138967862e+05 1.000999455511741922e+06 6.467284110968650784e+05 1.793741143578551477e+06 1.275974174889538670e+06 1.954978347396161407e+06 2.519401296722870320e+05 3.850122636866157409e+05
9.962108147802222520e+05 -7.048721945993035333e+05 -1.819273184618030500e+05 4.576799139579792609e+03 -9.984665571659237321e+04 -6.733819687755241466e+04 4.276096608808492419e+03 1.455882061381321109e+05 1.103576442065243900e+05 4.449891464822382666e+06 -1.223448634279706748e+06 -4.086573306832660455e+05 3.396012414312970359e+05 -1.697501999542855192e+05 2.082192588015481597e+05 2.519401296722870320e+05 5.531680827557571465e+05 4.698544114524734323e+05
-1.624245512860596355e+05 -8.422754981554995175e+04 5.577580879523548065e+05 2.978629209248942789e+05 -5.871382185852572002e+04 2.757679891968141965e+04 9.898997673554554058e+04 2.884976584718413651e+05 8.025400989989998925e+04 3.777085264460375998e+06 3.820536861317536095e+05 9.464690650018735323e+04 8.073236737197535113e+05 -6.501189122818509350e+04 5.621880593597043771e+05 3.850122636866157409e+05 4.698544114524734323e+05 7.746594051520671928e+05
