3.547945575143556297e+07 5.877366980532226153e+05 1.097917882044871338e+06 1.477339837967425119e+06 1.020767950044279802e+06 -2.197807258845505770e+06 8.709707705813050270e+05 6.728296943939987104e+05 -2.328734624126765120e+05 -1.366086782582081854e+06 1.683952536148238555e+07 4.188095516393887345e+06 1.890981772352533881e+06 3.192043349160267040e+06 -2.026498778245485388e+06 1.754416150564712705e+06 2.163165719597913790e+06 8.349079042503004894e+05
5.877366980532226153e+05 1.044086167589289322e+07 1.523016330436569173e+06 2.604729117999639828e+06 -8.990074211889510043e+05 -1.406003636999128386e+06 5.637761298516619718e+04 -4.305312299573157215e+05 1.639432766010318592e+05 7.514498974773651920e+06 4.009654165312608704e+06 -1.003069588368004188e+05 3.462976984862725716e+06 -1.924676796075802064e+06 -2.805733788311810698e+06 -2.204492736412782688e+06 7.096293530851026298e+05 9.461402085218819557e+05
1.097917882044871338e+06 1.523016330436569173e+06 2.234099675488385372e+06 1.323074280870404094e+06 2.374525851020741175e+04 -5.667178657889661845e+05 -9.550690684685058659e+04 -1.670603572192203719e+05 -1.068178580732866540e+05 8.086497829449344426e+06 3.609982472322945483e+06 1.975271100818402367e+06 4.620056748617471385e+03 7.278767005934547633e+05 -1.622871907755284046e+05 -1.694788745210617781e+05 5.929511976605878444e+05 3.426337869568508468e+05
1.477339837967425119e+06 2.604729117999639828e+06 1.323074280870404094e+06 3.375396725142184645e+06 3.408843343326254399e+05 3.966766025710558461e+04 1.887638626345505472e+05 -3.479043351421816042e+05 3.723436640060404898e+04 6.893041271865761839e+06 3.984245868744754232e+06 1.704652147959273309e+06 2.716185957418401726e+06 9.068986169789485866e+05 3.386668051143649500e+05 1.008667808092228370e+06 2.868837648084836546e+05 7.422742279333514161e+05
1.020767950044279802e+06 -8.990074211889510043e+05 2.374525851020741175e+04 3.408843343326254399e+05 7.033415615812987089e+05 2.312213627153397247e+05 2.624663550770983566e+05 1.164237746420323965e+05 6.571185458746425866e+04 -2.152651672254215460e+06 -9.373633247483967571e+05 -5.455590855463760672e+05 -2.395133087149627972e+05 5.345096142447743332e+05 8.691423663749140687e+05 5.353988933917718241e+05 7.553179576346096292e+04 4.188562096811917581e+04
-2.197807258845505770e+06 -1.406003636999128386e+06 -5.667178657889661845e+05 3.966766025710558461e+04 2.312213627153397247e+05 1.160762977861342719e+06 4.913748327063138277e+04 1.858039568901180173e+05 8.001657235537661472e+04 -2.823687607615077402e+06 -2.492802392504792195e+06 -2.456642085869882721e+06 8.460379297028564615e+05 -1.294332059792925720e+05 1.306008971506779082e+06 9.480316519771654857e+05 -2.037479070387495158e+05 7.170030589978590433e+04
8.709707705813050270e+05 5.637761298516619718e+04 -9.550690684685058659e+04 1.887638626345505472e+05 2.624663550770983566e+05 4.913748327063138277e+04 3.488375039840146201e+05 1.137948771695594332e+05 4.638746429702777095e+04 -3.789992421057572588e+06 -4.357790785514929448e+05 -7.093839214126591105e+05 -1.821869686209070496e+05 -7.404932372780037986e+04 2.450744605129053816e+05 3.049773238658820628e+05 2.100409431234894437e+05 6.203824312999748508e+04
6.728296943939987104e+05 -4.305312299573157215e+05 -1.670603572192203719e+05 -3.479043351421816042e+05 1.164237746420323965e+05 1.858039568901180173e+05 1.137948771695594332e+05 2.212987854765655065e+05 2.383196557395124182e+04 -1.529248208472497296e+06 -7.091936461748905713e+05 -1.225288527279110393e+06 -3.093224314619734650e+05 -2.876393695961320191e+05 2.443907156324188400e+05 2.657184344959706650e+05 3.943531217720464338e+04 -6.893532936913585581e+04
-2.328734624126765120e+05 1.639432766010318592e+05 -1.068178580732866540e+05 3.723436640060404898e+04 6.571185458746425866e+04 8.001657235537661472e+04 4.638746429702777095e+04 2.383196557395124182e+04 8.430337515091063688e+04 -1.433641734786859481e+06 -3.074511125318731065e+05 -4.350611488622081815e+05 3.346120434616092243e+05 -3.039773638521977118e+05 1.173973141285770835e+05 -7.985461280030668422e+04 -2.786770250185474288e+04 -2.914390935955962505e+03
-1.366086782582081854e+06 7.514498974773651920e+06 8.086497829449344426e+06 6.893041271865761839e+06 -2.152651672254215460e+06 -2.823687607615077402e+06 -3.789992421057572588e+06 -1.529248208472497296e+06 -1.433641734786859481e+06 1.766362281159574986e+08 3.378112803603800386e+07 2.673890882291915268e+07 9.475464826072962955e+06 7.543584638580878265e+06 5.754028801851755707e+05 3.082255646172025241e+06 -1.209865764622552786e+06 -1.524437350833583856e+06
1.683952536148238555e+07 4.009654165312608704e+06 3.609982472322945483e+06 3.984245868744754232e+06 -9.373633247483967571e+05 -2.492802392504792195e+06 -4.357790785514929448e+05 -7.091936461748905713e+05 -3.074511125318731065e+05 3.378112803603800386e+07 1.226338604398815632e+08 2.265203636385808885e+07 1.008889258395538293e+07 1.309106070720814168e+07 6.089115230654062703e+06 -6.223814277842798037e+04 -1.851872151666853344e+06 -1.967559095447646105e+05
4.188095516393887345e+06 -1.003069588368004188e+05 1.975271100818402367e+06 1.704652147959273309e+06 -5.455590855463760672e+05 -2.456642085869882721e+06 -7.093839214126591105e+05 -1.225288527279110393e+06 -4.350611488622081815e+05 2.673890882291915268e+07 2.265203636385808885e+07 3.111521670766092092e+07 7.887590431920855306e+06 1.564085024408073863e+06 -2.100468722701442894e+06 -1.713746898096679244e+06 -3.497285781950985984e+04 4.893736073403661139e+05
1.890981772352533881e+06 3.462976984862725716e+06 4.620056748617471385e+03 2.716185957418401726e+06 -2.395133087149627972e+05 8.460379297028564615e+05 -1.821869686209070496e+05 -3.093224314619734650e+05 3.346120434616092243e+05 9.475464826072962955e+06 1.008889258395538293e+07 7.887590431920855306e+06 1.452288773950271681e+07 -1.517859039409792458e+05 8.573795744977782015e+05 3.010983001622830634e+05 7.363752709607918514e+05 1.751295031841053162e+06
3.192043349160267040e+06 -1.924676796075802064e+06 7.278767005934547633e+05 9.068986169789485866e+05 5.345096142447743332e+05 -1.294332059792925720e+05 -7.404932372780037986e+04 -2.876393695961320191e+05 -3.039773638521977118e+05 7.543584638580878265e+06 1.309106070720814168e+07 1.564085024408073863e+06 -1.517859039409792458e+05 6.362083648141124286e+06 2.834174618138181046e+06 1.854390584037524648e+06 6.803332621580017731e+05 7.777526068221804453e+05
-2.026498778245485388e+06 -2.805733788311810698e+06 -1.622871907755284046e+05 3.386668051143649500e+05 8.691423663749140687e+05 1.306008971506779082e+06 2.450744605129053816e+05 2.443907156324188400e+05 1.173973141285770835e+05 5.754028801851755707e+05 6.089115230654062703e+06 -2.100468722701442894e+06 8.573795744977782015e+05 2.834174618138181046e+06 4.301010489937796257e+06 1.970111861341630807e+06 3.263995873619813938e+04 2.622630680874285172e+05
1.754416150564712705e+06 -2.204492736412782688e+06 -1.694788745210617781e+05 1.008667808092228370e+06 5.353988933917718241e+05 9.480316519771654857e+05 3.049773238658820628e+05 2.657184344959706650e+05 -7.985461280030668422e+04 3.082255646172025241e+06 -6.223814277842798037e+04 -1.713746898096679244e+06 3.010983001622830634e+05 1.854390584037524648e+06 1.970111861341630807e+06 3.171298070610177703e+06 1.278063997702378110e+05 4.372721629420081154e+05
2.163165719597913790e+06 7.096293530851026298e+05 5.929511976605878444e+05 2.868837648084836546e+05 7.553179576346096292e+04 -2.037479070387495158e+05 2.100409431234894437e+05 3.943531217720464338e+04 -2.786770250185474288e+04 -1.209865764622552786e+06 -1.851872151666853344e+06 -3.497285781950985984e+04 7.363752709607918514e+05 6.803332621580017731e+05 3.263995873619813938e+04 1.278063997702378110e+05 1.126101807414831128e+06 6.035068198393358616e+05
8.349079042503004894e+05 9.461402085218819557e+05 3.426337869568508468e+05 7.422742279333514161e+05 4.188562096811917581e+04 7.170030589978590433e+04 6.203824312999748508e+04 -6.893532936913585581e+04 -2.914390935955962505e+03 -1.524437350833583856e+06 -1.967559095447646105e+05 4.893736073403661139e+05 1.751295031841053162e+06 7.777526068221804453e+05 2.622630680874285172e+05 4.372721629420081154e+05 6.035068198393358616e+05 8.771412480270676315e+05
