4.904932839233697206e+07 1.129871744077483937e+07 1.101503701087206369e+06 1.738246831947935512e+06 2.019052374484777392e+05 -4.785058726177986246e+05 1.012319277016234235e+06 -9.294889574290963355e+04 5.442504662923173746e+05 -1.581304925567124598e+07 1.431452496262986772e+07 3.302676848748328630e+06 2.877946748993277433e+05 -7.663107027435637079e+06 -2.283376204615973984e+05 2.762746290504336823e+06 1.878099124101727502e+06 -4.379159183197398088e+05
1.129871744077483937e+07 1.132974471603921801e+07 1.607996968579291832e+06 1.026699207702642772e+06 4.868589436758889351e+05 4.421417204222121509e+05 6.593525182680413127e+05 6.354254067993225763e+05 6.236057928853492485e+05 -4.584011798018416390e+06 9.642048567837126553e+06 2.368932637160314247e+06 -2.470624403692451306e+06 1.787489079685891047e+05 5.234923346376087866e+05 1.309531044853956439e+06 5.386905027388252784e+05 -1.117818229766136064e+05
1.101503701087206369e+06 1.607996968579291832e+06 4.846608068141481839e+06 8.781684372750284383e+05 -6.011939058903222030e+04 5.380186037208396010e+04 4.999733225248863455e+05 3.132850091992608577e+04 1.202808981656535179e+05 1.291044697384493425e+07 6.557264874676987529e+06 5.328034896570265293e+06 3.178556591738066054e+05 -9.849196765941597987e+05 -7.838076325090788305e+05 -3.999352360839433386e+05 -4.295257004654722405e+05 1.249759414155893755e+05
1.738246831947935512e+06 1.026699207702642772e+06 8.781684372750284383e+05 1.511818810774224345e+06 3.305085294079065206e+05 1.371574997215480253e+05 9.991383706553847878e+04 3.997807883258623042e+04 9.086313392186052806e+04 5.464804471136922017e+06 4.353718429669444449e+06 6.693997658214810072e+05 1.268292397077081027e+06 3.750690240512227174e+05 3.625744245163496234e+05 4.304916063928651856e+05 -1.592754117900540878e+05 2.091902872347499069e+05
2.019052374484777392e+05 4.868589436758889351e+05 -6.011939058903222030e+04 3.305085294079065206e+05 9.283930695500012953e+05 2.552260385567008634e+05 -1.083380185678418056e+05 -4.112016616955913923e+04 4.621433466425660299e+04 -1.463134378884814680e+06 7.316890104817005340e+05 -1.431686508964667155e+05 -5.636977076252164552e+05 9.472344555358764483e+05 -4.547528143239114434e+04 -4.078131366191032575e+05 1.566474239078603860e+05 3.004886307535438100e+05
-4.785058726177986246e+05 4.421417204222121509e+05 5.380186037208396010e+04 1.371574997215480253e+05 2.552260385567008634e+05 6.863438352007295471e+05 1.214314552771355375e+04 -2.248765930181513249e+04 2.989905883056116363e+04 4.885474541312020272e+06 3.531488233975466341e+06 -7.381647316304958658e+05 -6.285276734008601634e+05 1.679773225157296110e+05 5.182253126511903829e+05 9.255672379794978769e+04 -2.914066481882384978e+05 -8.824235285555530572e+04
1.012319277016234235e+06 6.593525182680413127e+05 4.999733225248863455e+05 9.991383706553847878e+04 -1.083380185678418056e+05 1.214314552771355375e+04 2.901441049869338167e+05 1.266389297142319701e+05 2.474857334785013154e+04 7.387674511844163062e+05 2.830069363565914682e+05 9.855818273196683731e+04 -8.252221236267779022e+04 -1.668313318627440312e+05 -1.970035961195566633e+05 2.283698474440690770e+05 1.163014979180364026e+05 -4.021834695791361810e+03
-9.294889574290963355e+04 6.354254067993225763e+05 3.132850091992608577e+04 3.997807883258623042e+04 -4.112016616955913923e+04 -2.248765930181513249e+04 1.266389297142319701e+05 2.305077401961631840e+05 8.816902724804787431e+04 -1.816772667524269491e+05 -5.670870846061108168e+05 8.012062491539856419e+05 4.966822946097305976e+04 3.943119587663945858e+05 2.372147004084020955e+04 3.336033236766242771e+05 2.155927879358037608e+05 -4.103398069554490939e+04
5.442504662923173746e+05 6.236057928853492485e+05 1.202808981656535179e+05 9.086313392186052806e+04 4.621433466425660299e+04 2.989905883056116363e+04 2.474857334785013154e+04 8.816902724804787431e+04 9.979048618336528307e+04 5.369045051710809348e+05 8.689160915325339010e+04 8.439366499124816619e+05 -2.528827077656592010e+05 1.511944133376544632e+05 1.322682085061085818e+05 1.792853985424832499e+05 4.748015660203746666e+04 -4.146559972042791924e+04
-1.581304925567124598e+07 -4.584011798018416390e+06 1.291044697384493425e+07 5.464804471136922017e+06 -1.463134378884814680e+06 4.885474541312020272e+06 7.387674511844163062e+05 -1.816772667524269491e+05 5.369045051710809348e+05 1.999431219288823903e+08 6.043171230742952973e+07 4.626959823976763524e+06 -1.787908822482419899e+06 -1.061966201876510866e+07 3.661571519709724467e+06 -9.742111324118869379e+05 -6.712557671395969577e+06 -2.073638250024352223e+06
1.431452496262986772e+07 9.642048567837126553e+06 6.557264874676987529e+06 4.353718429669444449e+06 7.316890104817005340e+05 3.531488233975466341e+06 2.830069363565914682e+05 -5.670870846061108168e+05 8.689160915325339010e+04 6.043171230742952973e+07 8.895010697150550783e+07 -1.512736647101722099e+07 -2.254699280196649022e+06 -2.781965327560165897e+06 4.110576467373505235e+06 3.694767011951079592e+06 -1.644924496939246543e+06 -1.474995033405996161e+06
3.302676848748328630e+06 2.368932637160314247e+06 5.328034896570265293e+06 6.693997658214810072e+05 -1.431686508964667155e+05 -7.381647316304958658e+05 9.855818273196683731e+04 8.012062491539856419e+05 8.439366499124816619e+05 4.626959823976763524e+06 -1.512736647101722099e+07 3.645677493196283281e+07 1.023145739762899932e+06 -2.375407377891075797e+06 -4.254939024160190020e+05 2.012421381816273322e+06 1.594874692290426232e+06 1.129237041845951229e+06
2.877946748993277433e+05 -2.470624403692451306e+06 3.178556591738066054e+05 1.268292397077081027e+06 -5.636977076252164552e+05 -6.285276734008601634e+05 -8.252221236267779022e+04 4.966822946097305976e+04 -2.528827077656592010e+05 -1.787908822482419899e+06 -2.254699280196649022e+06 1.023145739762899932e+06 1.271759316869504377e+07 2.690791363637724891e+06 -1.033821731017475831e+05 9.286543720258688554e+05 5.519846070631041657e+05 1.506882594976751134e+06
-7.663107027435637079e+06 1.787489079685891047e+05 -9.849196765941597987e+05 3.750690240512227174e+05 9.472344555358764483e+05 1.679773225157296110e+05 -1.668313318627440312e+05 3.943119587663945858e+05 1.511944133376544632e+05 -1.061966201876510866e+07 -2.781965327560165897e+06 -2.375407377891075797e+06 2.690791363637724891e+06 6.580648463470464572e+06 1.687562626382234157e+05 1.621826658371929952e+05 5.043556646421214682e+05 7.128841620294731110e+05
-2.283376204615973984e+05 5.234923346376087866e+05 -7.838076325090788305e+05 3.625744245163496234e+05 -4.547528143239114434e+04 5.182253126511903829e+05 -1.970035961195566633e+05 2.372147004084020955e+04 1.322682085061085818e+05 3.661571519709724467e+06 4.110576467373505235e+06 -4.254939024160190020e+05 -1.033821731017475831e+05 1.687562626382234157e+05 2.024416212460830109e+06 1.210561471845660591e+06 1.805233950658646354e+05 -3.536259138960134442e+04
2.762746290504336823e+06 1.309531044853956439e+06 -3.999352360839433386e+05 4.304916063928651856e+05 -4.078131366191032575e+05 9.255672379794978769e+04 2.283698474440690770e+05 3.336033236766242771e+05 1.792853985424832499e+05 -9.742111324118869379e+05 3.694767011951079592e+06 2.012421381816273322e+06 9.286543720258688554e+05 1.621826658371929952e+05 1.210561471845660591e+06 2.252848480417849030e+06 7.989232004007418873e+05 6.881204994193131279e+04
1.878099124101727502e+06 5.386905027388252784e+05 -4.295257004654722405e+05 -1.592754117900540878e+05 1.566474239078603860e+05 -2.914066481882384978e+05 1.163014979180364026e+05 2.155927879358037608e+05 4.748015660203746666e+04 -6.712557671395969577e+06 -1.644924496939246543e+06 1.594874692290426232e+06 5.519846070631041657e+05 5.043556646421214682e+05 1.805233950658646354e+05 7.989232004007418873e+05 1.292522023878578097e+06 4.490709727363112615e+05
-4.379159183197398088e+05 -1.117818229766136064e+05 1.249759414155893755e+05 2.091902872347499069e+05 3.004886307535438100e+05 -8.824235285555530572e+04 -4.021834695791361810e+03 -4.103398069554490939e+04 -4.146559972042791924e+04 -2.073638250024352223e+06 -1.474995033405996161e+06 1.129237041845951229e+06 1.506882594976751134e+06 7.128841620294731110e+05 -3.536259138960134442e+04 6.881204994193131279e+04 4.490709727363112615e+05 8.993192746595354984e+05
