6.421802621867964417e+07 7.857630075509487651e+06 1.957250999371576821e+06 4.464727130828915164e+06 2.663507242765197530e+06 2.264458627621813677e+06 1.044297127969203517e+06 1.421220465551847592e+06 3.228812287219448481e+05 5.755912979566917568e+07 2.226507632296205685e+07 4.183174249032020103e+06 -4.132582663392490940e+04 -2.724483114036526531e+06 -2.400167019811484963e+06 4.584034252436610870e+06 1.433715723104465753e+06 -8.911315287447018782e+05
7.857630075509487651e+06 1.572999745609851554e+07 3.648720550471885595e+06 8.767944066672634799e+05 -7.798757692789109424e+05 -3.715997631486497121e+05 2.631669235727169435e+05 2.596449303310297546e+05 4.602541432731300010e+05 2.378708990683501959e+07 8.273648623545784503e+06 8.432059321042247117e+06 5.340743183685829863e+06 -4.768330641301472788e+05 2.171491507972195745e+06 -2.553358761618703720e+05 -1.572949503750473668e+05 7.857942332419508602e+05
1.957250999371576821e+06 3.648720550471885595e+06 4.435276496383234859e+06 5.227474757920366246e+05 -1.492797104357073258e+05 2.471139873299649043e+05 2.282568402103738626e+05 -9.871298738696645887e+04 -3.936404983517050277e+04 1.220581868564112112e+07 2.767566321340041235e+06 5.373030392584688962e+06 1.799224878269542474e+06 -7.829672166833207011e+05 -4.155403586194814998e+05 -7.511698353704405017e+05 -3.132555981875282669e+04 -4.398350991243376484e+03
4.464727130828915164e+06 8.767944066672634799e+05 5.227474757920366246e+05 1.715222710351526039e+06 9.551625597606369411e+04 2.509142509671733715e+05 1.334878180443760648e+05 -1.181400171068499549e+04 1.195845121705767233e+05 3.984846963275656104e+06 5.890508995577663183e+06 1.113440299758715089e+06 7.274027903200307628e+04 1.439197714910500508e+05 1.770348742019999190e+05 5.734011311930886004e+05 2.418613106714981259e+05 -1.514887902558053611e+05
2.663507242765197530e+06 -7.798757692789109424e+05 -1.492797104357073258e+05 9.551625597606369411e+04 1.044016429592750501e+06 4.543610361543125473e+05 -1.222924619394162619e+04 9.617885338852187851e+04 -3.313970951005468919e+02 4.737780964266633615e+06 1.253245627020431450e+06 -3.422814483214764041e+05 6.219276742467128206e+05 1.177063229630245361e+06 4.050258920738628367e+05 2.064408174362347927e+05 -1.147597848168060882e+05 3.701002174869144255e+03
2.264458627621813677e+06 -3.715997631486497121e+05 2.471139873299649043e+05 2.509142509671733715e+05 4.543610361543125473e+05 7.715340741246998077e+05 3.129301854010429233e+05 9.256814254366292153e+04 -5.111852180820324429e+04 5.112333154323010705e+06 9.989164815968696494e+05 -8.971504959924998693e+05 8.126895027665916132e+05 4.733102904863689328e+05 4.385324584303356241e+05 6.253878104547243856e+04 2.464417983766625548e+04 -3.472937192449836584e+04
1.044297127969203517e+06 2.631669235727169435e+05 2.282568402103738626e+05 1.334878180443760648e+05 -1.222924619394162619e+04 3.129301854010429233e+05 5.040849528926958446e+05 1.099688688758519711e+05 -4.369778248546346003e+04 6.053749133422185667e+06 1.075155716208738973e+06 4.824679374475098448e+05 1.267639615499924985e+05 6.855078464262560010e+05 5.696217687442468014e+05 1.589364692863465752e+05 1.201024750675200776e+05 -7.810529701363095955e+04
1.421220465551847592e+06 2.596449303310297546e+05 -9.871298738696645887e+04 -1.181400171068499549e+04 9.617885338852187851e+04 9.256814254366292153e+04 1.099688688758519711e+05 2.054436577056307578e+05 3.234901366584564676e+04 9.640259257167624310e+05 -8.234719425295144320e+05 -1.036959053389750625e+05 7.991627453459025128e+04 3.538107934149354696e+05 2.066188525134171359e+05 1.499291470022485883e+05 1.911869279058297980e+05 3.989653632392297004e+04
3.228812287219448481e+05 4.602541432731300010e+05 -3.936404983517050277e+04 1.195845121705767233e+05 -3.313970951005468919e+02 -5.111852180820324429e+04 -4.369778248546346003e+04 3.234901366584564676e+04 7.954112688875457388e+04 1.220983150732563576e+06 3.432089728503540391e+05 1.386223779456115153e+05 2.494491245460543360e+04 -1.326509400470738765e+05 -6.776715112733680871e+04 -5.602263599811296444e+04 1.629805803783170268e+04 4.313262380278926139e+04
5.755912979566917568e+07 2.378708990683501959e+07 1.220581868564112112e+07 3.984846963275656104e+06 4.737780964266633615e+06 5.112333154323010705e+06 6.053749133422185667e+06 9.640259257167624310e+05 1.220983150732563576e+06 3.013228035061177611e+08 4.893694803609297425e+07 2.370598989182230830e+07 5.892065692708959803e+06 -3.616779960868442431e+05 2.032823886243944755e+06 -2.539521335435257934e+05 -1.338599527793533343e+05 4.108150264608265716e+05
2.226507632296205685e+07 8.273648623545784503e+06 2.767566321340041235e+06 5.890508995577663183e+06 1.253245627020431450e+06 9.989164815968696494e+05 1.075155716208738973e+06 -8.234719425295144320e+05 3.432089728503540391e+05 4.893694803609297425e+07 6.861598642663764954e+07 1.408556520932518318e+07 6.890654323920338415e+06 1.429718039399369620e+06 2.458196782618111465e+06 3.398100056820774917e+06 -2.306732997651269194e+06 -1.191974480524874292e+06
4.183174249032020103e+06 8.432059321042247117e+06 5.373030392584688962e+06 1.113440299758715089e+06 -3.422814483214764041e+05 -8.971504959924998693e+05 4.824679374475098448e+05 -1.036959053389750625e+05 1.386223779456115153e+05 2.370598989182230830e+07 1.408556520932518318e+07 4.541812082222141325e+07 1.326559362163844891e+07 -6.094995094393108739e+05 1.664615921070988290e+06 -3.176007943899482052e+04 -6.968098996426379308e+05 1.022505144682999235e+06
-4.132582663392490940e+04 5.340743183685829863e+06 1.799224878269542474e+06 7.274027903200307628e+04 6.219276742467128206e+05 8.126895027665916132e+05 1.267639615499924985e+05 7.991627453459025128e+04 2.494491245460543360e+04 5.892065692708959803e+06 6.890654323920338415e+06 1.326559362163844891e+07 1.033246218029257841e+07 8.402843810436800122e+05 2.351932214539217297e+06 -2.006684499877264898e+05 -4.712692159240251640e+05 9.921904181095572421e+05
-2.724483114036526531e+06 -4.768330641301472788e+05 -7.829672166833207011e+05 1.439197714910500508e+05 1.177063229630245361e+06 4.733102904863689328e+05 6.855078464262560010e+05 3.538107934149354696e+05 -1.326509400470738765e+05 -3.616779960868442431e+05 1.429718039399369620e+06 -6.094995094393108739e+05 8.402843810436800122e+05 6.935229820414621383e+06 4.256992702633799985e+06 5.057108128095801221e+05 5.821004134074889589e+04 9.279240497160481755e+04
-2.400167019811484963e+06 2.171491507972195745e+06 -4.155403586194814998e+05 1.770348742019999190e+05 4.050258920738628367e+05 4.385324584303356241e+05 5.696217687442468014e+05 2.066188525134171359e+05 -6.776715112733680871e+04 2.032823886243944755e+06 2.458196782618111465e+06 1.664615921070988290e+06 2.351932214539217297e+06 4.256992702633799985e+06 4.247333322848832235e+06 6.893544199432448950e+05 -2.092219624483609805e+05 1.423948710801830457e+05
4.584034252436610870e+06 -2.553358761618703720e+05 -7.511698353704405017e+05 5.734011311930886004e+05 2.064408174362347927e+05 6.253878104547243856e+04 1.589364692863465752e+05 1.499291470022485883e+05 -5.602263599811296444e+04 -2.539521335435257934e+05 3.398100056820774917e+06 -3.176007943899482052e+04 -2.006684499877264898e+05 5.057108128095801221e+05 6.893544199432448950e+05 1.786190227269235300e+06 1.581092026116759516e+05 -3.035463169541232637e+05
1.433715723104465753e+06 -1.572949503750473668e+05 -3.132555981875282669e+04 2.418613106714981259e+05 -1.147597848168060882e+05 2.464417983766625548e+04 1.201024750675200776e+05 1.911869279058297980e+05 1.629805803783170268e+04 -1.338599527793533343e+05 -2.306732997651269194e+06 -6.968098996426379308e+05 -4.712692159240251640e+05 5.821004134074889589e+04 -2.092219624483609805e+05 1.581092026116759516e+05 5.581329624026829842e+05 2.620492400425189044e+04
-8.911315287447018782e+05 7.857942332419508602e+05 -4.398350991243376484e+03 -1.514887902558053611e+05 3.701002174869144255e+03 -3.472937192449836584e+04 -7.810529701363095955e+04 3.989653632392297004e+04 4.313262380278926139e+04 4.108150264608265716e+05 -1.191974480524874292e+06 1.022505144682999235e+06 9.921904181095572421e+05 9.279240497160481755e+04 1.423948710801830457e+05 -3.035463169541232637e+05 2.620492400425189044e+04 5.018366407439022441e+05
