2.917363092668457702e+07 -9.410702730953306891e+05 -2.623328031949322904e+05 -2.604751418928513885e+05 1.829058236624640122e+05 -1.388360458101582946e+06 -2.926563477735121851e+05 -5.691035803399288561e+05 -2.489707628194227582e+05 4.838837425850479864e+06 -2.495201024566788599e+07 8.597804917084764689e+06 1.142087876818340272e+06 2.315423395771149546e+06 -5.397780399429480545e+06 -4.391013910805213265e+06 -2.605394459569416009e+06 8.911750614364072680e+05
-9.410702730953306891e+05 1.630450465953869373e+07 -2.158499587349811627e+05 -3.017585299151720479e+06 3.950724671240826719e+05 1.880045346781551198e+05 3.954977221109504462e+05 -4.447368826580611058e+05 2.246018131097284204e+05 5.666332254783499986e+06 6.510726015040940605e+06 -4.509583480780475773e+06 -2.207946668209429830e+06 -1.399465702730097808e+06 -1.198319998277365230e+06 -6.874191430545913754e+05 -1.267201583175378852e+06 -1.035282983143206220e+05
-2.623328031949322904e+05 -2.158499587349811627e+05 3.451354685106250923e+06 1.805044777128737420e+06 7.838138649539409380e+04 1.810172626265687577e+05 1.561827708172460261e+05 1.451602629460165190e+04 2.204522184306989948e+05 -4.853854351510853507e+06 -2.171166422284317669e+06 5.931042927372852340e+06 5.182504129961088765e+05 1.071754186812737258e+06 8.051644542898979853e+04 -1.617673817261373915e+05 1.360553877316873404e+05 -2.438861717789896065e+05
-2.604751418928513885e+05 -3.017585299151720479e+06 1.805044777128737420e+06 3.117809360295421444e+06 1.387988376311404572e+05 -3.357051900267389719e+05 -1.098199905339936086e+05 1.308044528636447649e+05 1.541789713407709496e+05 2.401742394513861742e+06 8.848073080393164419e+05 5.042368467976816930e+06 1.449623560007122345e+06 6.339761907708938234e+05 -2.352035142473304295e+05 6.440927114581107162e+04 1.925347476863472548e+05 -3.820944988591288052e+02
1.829058236624640122e+05 3.950724671240826719e+05 7.838138649539409380e+04 1.387988376311404572e+05 4.830988695135065354e+05 1.590614007544567576e+05 -7.312230575410094752e+04 5.362044826702876162e+04 1.781124236419242807e+05 1.695826309598202817e+06 -1.058647098650723696e+06 -1.503960400363728113e+05 -1.166691901465965202e+06 4.443149380440840032e+05 -5.054819976462976192e+05 1.145042661508238671e+05 2.013880286307452479e+05 9.782685127977703814e+04
-1.388360458101582946e+06 1.880045346781551198e+05 1.810172626265687577e+05 -3.357051900267389719e+05 1.590614007544567576e+05 5.841781710391094675e+05 -6.088545228227761254e+04 3.575252961057450193e+03 4.773050748677433148e+04 -2.880443847228695638e+06 -1.553719407538949512e+06 -6.710433324223163072e+05 -4.816064631418241188e+05 5.772306349484280217e+05 5.642651879195825895e+05 4.575982861687926925e+05 4.407470767421717755e+05 -7.749795270130419522e+04
-2.926563477735121851e+05 3.954977221109504462e+05 1.561827708172460261e+05 -1.098199905339936086e+05 -7.312230575410094752e+04 -6.088545228227761254e+04 2.264468169854651205e+05 -3.528833146617471357e+04 -3.294932734114280902e+04 -8.131179698433059966e+05 1.121547754064148990e+06 2.160569345589751611e+05 -1.829288003425304851e+04 -1.981464875399290177e+05 -3.919491930703329126e+04 9.967823699149135791e+04 -5.143057946768382681e+04 -8.828924010782010737e+04
-5.691035803399288561e+05 -4.447368826580611058e+05 1.451602629460165190e+04 1.308044528636447649e+05 5.362044826702876162e+04 3.575252961057450193e+03 -3.528833146617471357e+04 1.281419773528828082e+05 2.264628883092591786e+04 -5.776536370851153042e+05 2.044764902742926497e+05 -4.375851666646057274e+05 -5.207669495919726323e+05 -2.525965133899397915e+05 7.230360220955147815e+04 8.976307309709658148e+04 1.063047297319595964e+05 -1.032987351922311973e+04
-2.489707628194227582e+05 2.246018131097284204e+05 2.204522184306989948e+05 1.541789713407709496e+05 1.781124236419242807e+05 4.773050748677433148e+04 -3.294932734114280902e+04 2.264628883092591786e+04 1.620048112180595053e+05 4.789770555102275684e+05 -6.013339205107458401e+05 2.766695676922285347e+05 -4.892741866401447332e+05 3.777862984581784694e+05 -1.631968465730110183e+05 -2.422664068311442315e+04 1.868517309617340507e+05 4.591853701047228242e+04
4.838837425850479864e+06 5.666332254783499986e+06 -4.853854351510853507e+06 2.401742394513861742e+06 1.695826309598202817e+06 -2.880443847228695638e+06 -8.131179698433059966e+05 -5.776536370851153042e+05 4.789770555102275684e+05 1.749257121260016263e+08 1.833325801241448149e+07 -1.676195258301475644e+07 -7.206187139967137948e+06 -1.202971726660504006e+07 -1.293947667598940060e+07 -2.346569265031517018e+06 -3.962928414905696642e+06 -2.262519244926244719e+05
-2.495201024566788599e+07 6.510726015040940605e+06 -2.171166422284317669e+06 8.848073080393164419e+05 -1.058647098650723696e+06 -1.553719407538949512e+06 1.121547754064148990e+06 2.044764902742926497e+05 -6.013339205107458401e+05 1.833325801241448149e+07 7.442392404117983580e+07 -2.514249772091031075e+06 4.816885343878927641e+06 -1.100179813598986715e+07 2.778252109972785693e+06 4.323469808792862110e+06 -3.536106743985071080e+05 -6.036259545767239761e+05
8.597804917084764689e+06 -4.509583480780475773e+06 5.931042927372852340e+06 5.042368467976816930e+06 -1.503960400363728113e+05 -6.710433324223163072e+05 2.160569345589751611e+05 -4.375851666646057274e+05 2.766695676922285347e+05 -1.676195258301475644e+07 -2.514249772091031075e+06 2.736513402824058011e+07 6.238514844436356798e+06 5.844725077579982579e+06 -1.795365015153110959e+06 -1.551449129166043829e+06 -3.496576940740589052e+05 1.255511127987916843e+05
1.142087876818340272e+06 -2.207946668209429830e+06 5.182504129961088765e+05 1.449623560007122345e+06 -1.166691901465965202e+06 -4.816064631418241188e+05 -1.829288003425304851e+04 -5.207669495919726323e+05 -4.892741866401447332e+05 -7.206187139967137948e+06 4.816885343878927641e+06 6.238514844436356798e+06 1.186915047303842753e+07 3.242025929306887090e+06 2.060380874684699811e+06 -7.187776651435184758e+05 -2.195472697668237670e+05 5.021886097080392065e+05
2.315423395771149546e+06 -1.399465702730097808e+06 1.071754186812737258e+06 6.339761907708938234e+05 4.443149380440840032e+05 5.772306349484280217e+05 -1.981464875399290177e+05 -2.525965133899397915e+05 3.777862984581784694e+05 -1.202971726660504006e+07 -1.100179813598986715e+07 5.844725077579982579e+06 3.242025929306887090e+06 7.786586675399360247e+06 1.186153823641572380e+05 -1.624763462093472772e+05 1.013714948935272754e+06 6.672364343435094634e+04
-5.397780399429480545e+06 -1.198319998277365230e+06 8.051644542898979853e+04 -2.352035142473304295e+05 -5.054819976462976192e+05 5.642651879195825895e+05 -3.919491930703329126e+04 7.230360220955147815e+04 -1.631968465730110183e+05 -1.293947667598940060e+07 2.778252109972785693e+06 -1.795365015153110959e+06 2.060380874684699811e+06 1.186153823641572380e+05 3.335159712004341185e+06 1.089320638809781289e+06 8.563651075046493206e+05 -1.997360882917057825e+04
-4.391013910805213265e+06 -6.874191430545913754e+05 -1.617673817261373915e+05 6.440927114581107162e+04 1.145042661508238671e+05 4.575982861687926925e+05 9.967823699149135791e+04 8.976307309709658148e+04 -2.422664068311442315e+04 -2.346569265031517018e+06 4.323469808792862110e+06 -1.551449129166043829e+06 -7.187776651435184758e+05 -1.624763462093472772e+05 1.089320638809781289e+06 1.695805120813225396e+06 6.604124152029972756e+05 -3.080225921634068363e+05
-2.605394459569416009e+06 -1.267201583175378852e+06 1.360553877316873404e+05 1.925347476863472548e+05 2.013880286307452479e+05 4.407470767421717755e+05 -5.143057946768382681e+04 1.063047297319595964e+05 1.868517309617340507e+05 -3.962928414905696642e+06 -3.536106743985071080e+05 -3.496576940740589052e+05 -2.195472697668237670e+05 1.013714948935272754e+06 8.563651075046493206e+05 6.604124152029972756e+05 9.247632457562100608e+05 8.370144346659397706e+04
8.911750614364072680e+05 -1.035282983143206220e+05 -2.438861717789896065e+05 -3.820944988591288052e+02 9.782685127977703814e+04 -7.749795270130419522e+04 -8.828924010782010737e+04 -1.032987351922311973e+04 4.591853701047228242e+04 -2.262519244926244719e+05 -6.036259545767239761e+05 1.255511127987916843e+05 5.021886097080392065e+05 6.672364343435094634e+04 -1.997360882917057825e+04 -3.080225921634068363e+05 8.370144346659397706e+04 5.509640262646779884e+05
