3.590986048228224367e+07 2.020109493619963294e+06 -9.152191019304846413e+05 1.412525354303289903e+06 -2.762120256788939703e+06 6.266397529257421847e+05 1.163656262512531597e+06 8.717137717812719056e+05 4.880710353524725069e+05 1.364350753188671544e+06 9.845163825974997133e+06 -3.615733938356671133e+05 6.141244789483314380e+06 -8.376404884687939193e+05 4.581717761188611388e+06 -4.452758004608928459e+05 1.184822120729183778e+06 2.016298159980151395e+05
2.020109493619963294e+06 2.013969496750273556e+07 3.687445241416475270e+06 2.207937334583420306e+06 3.146723005179492175e+05 6.650968260286839213e+05 2.319931819014840003e+05 -1.732186697086112108e+05 1.270080387286701734e+05 1.227209795016064867e+07 2.644058191757200286e+07 3.070047820781806484e+06 3.310281369816254359e+06 2.054179016282276483e+06 -2.023781039656577399e+06 -2.511935656521874480e+06 3.122366670502435300e+05 -2.756123098421623581e+05
-9.152191019304846413e+05 3.687445241416475270e+06 4.466491473438760266e+06 3.604106882285180036e+05 8.948334431353618857e+04 -3.117704008535465109e+05 -2.054442075351891108e+05 -1.798064540335992933e+05 -3.792536112643340311e+04 -4.720906368228207342e+06 9.810552097476939671e+05 4.287966249708971940e+06 1.236246040359046543e+06 4.590242512385972077e+05 -1.037614375786239514e+06 -2.086037264209100977e+05 -1.904282246925907966e+05 2.582121571605846984e+05
1.412525354303289903e+06 2.207937334583420306e+06 3.604106882285180036e+05 1.389052179431401426e+06 1.658901782378728385e+05 2.303762976546548307e+05 8.346691835322743282e+04 1.476403637903028903e+04 1.887173721159622946e+05 -1.096350690940670669e+06 2.384088965893839486e+06 -4.135351404513776070e+05 1.186975860449124593e+06 -5.343309760484716389e+05 -6.179179688422241015e+05 -2.716172654792284011e+05 2.319913467090261402e+05 1.001210474257728929e+05
-2.762120256788939703e+06 3.146723005179492175e+05 8.948334431353618857e+04 1.658901782378728385e+05 9.987305626557531068e+05 1.123843143716676714e+05 -1.600017665889201453e+05 -1.284174831111805106e+05 5.201815404307423705e+03 1.011162837638066703e+05 3.948445065295826178e+06 -1.037150339125646278e+06 -5.075978968918917817e+05 3.596629624427650124e+05 -3.748229384530963143e+05 -8.241330025934746664e+04 -1.931151232862410325e+04 7.707758690520748496e+04
6.266397529257421847e+05 6.650968260286839213e+05 -3.117704008535465109e+05 2.303762976546548307e+05 1.123843143716676714e+05 3.226007901394576184e+05 1.140962749473122676e+05 2.069544970192803157e+04 7.783786847565867356e+04 -1.723820711868105223e+06 1.005049723999650800e+06 -3.430726186517472379e+05 6.227011916228187038e+05 3.589832012914414518e+05 -8.838252604982863704e+04 -1.698409117953853274e+05 1.215023943519295426e+05 9.488471087115898627e+03
1.163656262512531597e+06 2.319931819014840003e+05 -2.054442075351891108e+05 8.346691835322743282e+04 -1.600017665889201453e+05 1.140962749473122676e+05 3.050158751889699488e+05 5.515205983651764836e+04 3.583408669043934060e+04 -5.272879978044111049e+05 -1.919526343249744270e+06 -7.689825450223637745e+05 4.131940324466755264e+05 3.465942200980923953e+05 3.163677588757087360e+05 -3.575268889416103775e+03 1.312343837845961098e+05 -3.703068828194350499e+04
8.717137717812719056e+05 -1.732186697086112108e+05 -1.798064540335992933e+05 1.476403637903028903e+04 -1.284174831111805106e+05 2.069544970192803157e+04 5.515205983651764836e+04 1.124846289354866167e+05 3.559748626297892042e+04 -7.742735559511177707e+05 -8.695775235722709913e+05 4.936972476699609542e+05 1.083270361922754237e+05 1.475381504405721498e+05 3.275085689667153638e+05 -6.245725312934766407e+04 6.440965655571600655e+04 -2.951664931444907779e+04
4.880710353524725069e+05 1.270080387286701734e+05 -3.792536112643340311e+04 1.887173721159622946e+05 5.201815404307423705e+03 7.783786847565867356e+04 3.583408669043934060e+04 3.559748626297892042e+04 1.393409471850420523e+05 -5.265552338447539369e+05 2.705214363859775476e+05 3.281378380005596409e+04 3.687345949346130365e+05 5.139567231049024849e+04 -3.399644556841093436e+04 3.187618155265273163e+04 1.670947817820331838e+05 5.985127089734171022e+04
1.364350753188671544e+06 1.227209795016064867e+07 -4.720906368228207342e+06 -1.096350690940670669e+06 1.011162837638066703e+05 -1.723820711868105223e+06 -5.272879978044111049e+05 -7.742735559511177707e+05 -5.265552338447539369e+05 1.295517689029899687e+08 7.470468219113329053e+07 -1.404609046836609952e+07 -3.722941594063312747e+06 -8.179911575051568449e+06 2.453425242617675569e+06 -2.183212420672416221e+06 -1.720968314388953149e+06 1.372904986836028052e+06
9.845163825974997133e+06 2.644058191757200286e+07 9.810552097476939671e+05 2.384088965893839486e+06 3.948445065295826178e+06 1.005049723999650800e+06 -1.919526343249744270e+06 -8.695775235722709913e+05 2.705214363859775476e+05 7.470468219113329053e+07 1.383440600835230350e+08 -5.816586646221065894e+06 -1.279734662867141189e+06 -1.890012146301897243e+06 -2.600414687800036278e+06 -5.361833718678726815e+06 4.669717441285117529e+05 1.617316926353665069e+06
-3.615733938356671133e+05 3.070047820781806484e+06 4.287966249708971940e+06 -4.135351404513776070e+05 -1.037150339125646278e+06 -3.430726186517472379e+05 -7.689825450223637745e+05 4.936972476699609542e+05 3.281378380005596409e+04 -1.404609046836609952e+07 -5.816586646221065894e+06 2.126685019466292858e+07 -2.040009650806845399e+06 8.794597759980595438e+05 4.215133307535051717e+05 -2.611582216451713815e+06 -1.050493091734302230e+06 -9.052418546342525224e+04
6.141244789483314380e+06 3.310281369816254359e+06 1.236246040359046543e+06 1.186975860449124593e+06 -5.075978968918917817e+05 6.227011916228187038e+05 4.131940324466755264e+05 1.083270361922754237e+05 3.687345949346130365e+05 -3.722941594063312747e+06 -1.279734662867141189e+06 -2.040009650806845399e+06 9.936626900322666392e+06 2.082393715930850478e+06 -8.611617014880933566e+05 8.529515868467036635e+05 1.611598648479164578e+06 7.400988992613861337e+05
-8.376404884687939193e+05 2.054179016282276483e+06 4.590242512385972077e+05 -5.343309760484716389e+05 3.596629624427650124e+05 3.589832012914414518e+05 3.465942200980923953e+05 1.475381504405721498e+05 5.139567231049024849e+04 -8.179911575051568449e+06 -1.890012146301897243e+06 8.794597759980595438e+05 2.082393715930850478e+06 4.292677459764818661e+06 5.779186837735431036e+05 -2.263310940450448252e+05 5.483952913781718817e+05 4.920388043146706332e+04
4.581717761188611388e+06 -2.023781039656577399e+06 -1.037614375786239514e+06 -6.179179688422241015e+05 -3.748229384530963143e+05 -8.838252604982863704e+04 3.163677588757087360e+05 3.275085689667153638e+05 -3.399644556841093436e+04 2.453425242617675569e+06 -2.600414687800036278e+06 4.215133307535051717e+05 -8.611617014880933566e+05 5.779186837735431036e+05 2.525959119219796266e+06 -2.906681022723302012e+05 -1.821532616976029240e+05 7.629285819459683262e+04
-4.452758004608928459e+05 -2.511935656521874480e+06 -2.086037264209100977e+05 -2.716172654792284011e+05 -8.241330025934746664e+04 -1.698409117953853274e+05 -3.575268889416103775e+03 -6.245725312934766407e+04 3.187618155265273163e+04 -2.183212420672416221e+06 -5.361833718678726815e+06 -2.611582216451713815e+06 8.529515868467036635e+05 -2.263310940450448252e+05 -2.906681022723302012e+05 1.643168754341357155e+06 2.271093586296864378e+05 8.328621839248783363e+04
1.184822120729183778e+06 3.122366670502435300e+05 -1.904282246925907966e+05 2.319913467090261402e+05 -1.931151232862410325e+04 1.215023943519295426e+05 1.312343837845961098e+05 6.440965655571600655e+04 1.670947817820331838e+05 -1.720968314388953149e+06 4.669717441285117529e+05 -1.050493091734302230e+06 1.611598648479164578e+06 5.483952913781718817e+05 -1.821532616976029240e+05 2.271093586296864378e+05 9.117097942020690534e+05 1.110110038349086972e+05
2.016298159980151395e+05 -2.756123098421623581e+05 2.582121571605846984e+05 1.001210474257728929e+05 7.707758690520748496e+04 9.488471087115898627e+03 -3.703068828194350499e+04 -2.951664931444907779e+04 5.985127089734171022e+04 1.372904986836028052e+06 1.617316926353665069e+06 -9.052418546342525224e+04 7.400988992613861337e+05 4.920388043146706332e+04 7.629285819459683262e+04 8.328621839248783363e+04 1.110110038349086972e+05 5.292444813953012927e+05
