5.737663377796862274e+07 6.015445586997116916e+06 8.521850988923262805e+06 1.519011440514026210e+06 1.025076791821449879e+06 1.228929400369340554e+06 1.059519179552905727e+06 1.576890373728271807e+06 -2.218255332527255814e+05 3.932029773625438660e+07 -7.470419360737815499e+06 -3.186776019704388455e+06 6.888513785203635693e+06 7.744932083851723932e+06 -7.350927518209550180e+04 -2.983684766281556338e+06 2.624525715973725077e+06 -3.571072405692528933e+06
6.015445586997116916e+06 1.501074437576257065e+07 4.216981623749427497e+06 1.837254191086408915e+06 8.154874881415056298e+05 3.442426728869457729e+05 5.431352575912582688e+05 1.218695681015868759e+05 -1.837148431470461655e+05 2.834377510490674525e+07 3.951698772325839847e+06 5.463995407286521047e+06 -1.648642233990500681e+06 -1.182828012866717763e+06 2.692290480758060236e+06 -5.872717453487940365e+05 -5.533851610435878392e+05 -1.025885187089154148e+06
8.521850988923262805e+06 4.216981623749427497e+06 8.268122837163120508e+06 1.567528549293603282e+06 -4.209371916301057354e+04 9.623657147343710531e+05 1.929010096743316681e+05 3.631637958054036135e+05 -1.915690698802661791e+04 1.182466621178342775e+07 -3.017215782223856542e+06 2.169159811266317498e+06 -2.347994880822419655e+06 1.816989670621413039e+06 3.217094286553491838e+05 -2.885536863421620219e+05 7.225639076506341808e+05 -1.134657534327566391e+06
1.519011440514026210e+06 1.837254191086408915e+06 1.567528549293603282e+06 2.809948825643392280e+06 4.859717650219096104e+05 -1.295039565064090420e+05 -7.641087993855700188e+04 1.821649750517873326e+05 3.741392940105149319e+04 6.762436487246017903e+06 2.958946022306663799e+05 2.165220477779741865e+06 -8.643065230412714300e+03 2.019113412971322425e+06 2.664799258077886770e+05 -7.452057511413672473e+05 -1.468389848113075823e+04 5.821902701521085692e+04
1.025076791821449879e+06 8.154874881415056298e+05 -4.209371916301057354e+04 4.859717650219096104e+05 1.028289262321420014e+06 1.327835658569078369e+05 1.116267957754113304e+05 6.869462797088462685e+04 2.387278162682453694e+05 3.042983289147924632e+06 2.864678421596081927e+06 3.318850432452437817e+05 -7.406150226454639342e+05 8.360829153491726611e+05 7.226568675671673845e+05 1.313150987673428317e+05 -5.852877841364915366e+04 1.646627959939531574e+05
1.228929400369340554e+06 3.442426728869457729e+05 9.623657147343710531e+05 -1.295039565064090420e+05 1.327835658569078369e+05 5.363006078635259764e+05 1.648934602077120217e+05 8.630923556046634621e+04 2.694983936063276633e+04 2.756312564436058979e+06 -1.172758044579809764e+06 -2.702196608465205645e+05 -7.382251116313986713e+05 2.439192498244120507e+05 3.988640084505868144e+05 -5.696447184142943297e+04 9.074555963266745675e+04 -2.576300176013139135e+05
1.059519179552905727e+06 5.431352575912582688e+05 1.929010096743316681e+05 -7.641087993855700188e+04 1.116267957754113304e+05 1.648934602077120217e+05 2.667025280410509440e+05 7.127168687278144353e+04 7.669330991087626899e+04 1.701176631558398250e+06 -1.753272584311442217e+06 2.909484367337154108e+05 -1.025768694879744289e+05 1.026928333725014818e+05 1.111554747277068236e+05 -7.921273688656621380e+04 5.894971735016248431e+02 8.442764766579505522e+04
1.576890373728271807e+06 1.218695681015868759e+05 3.631637958054036135e+05 1.821649750517873326e+05 6.869462797088462685e+04 8.630923556046634621e+04 7.127168687278144353e+04 2.111244174929258879e+05 -7.349007980862948898e+03 1.553789483102765866e+06 3.533069580871526341e+03 -3.800795220461154531e+04 2.142868896740424098e+05 6.895419968704940984e+05 -1.392844654737754354e+04 -1.067170935309184570e+05 1.274801280719670031e+05 -4.275319687142137991e+04
-2.218255332527255814e+05 -1.837148431470461655e+05 -1.915690698802661791e+04 3.741392940105149319e+04 2.387278162682453694e+05 2.694983936063276633e+04 7.669330991087626899e+04 -7.349007980862948898e+03 1.760962345273190876e+05 -3.415272141338721849e+05 -4.308025278522162698e+05 2.094054419036770705e+05 -6.971695444250221772e+04 2.050622517335866578e+05 1.054080928589823889e+05 1.513356108952450450e+05 -7.833993565195491828e+04 1.864108903134954162e+05
3.932029773625438660e+07 2.834377510490674525e+07 1.182466621178342775e+07 6.762436487246017903e+06 3.042983289147924632e+06 2.756312564436058979e+06 1.701176631558398250e+06 1.553789483102765866e+06 -3.415272141338721849e+05 1.262163514132558405e+08 -9.787114073889276013e+06 1.979811986104508489e+07 -1.385417931024771882e+06 5.439877168283075094e+06 5.155538736484556459e+06 -4.964274339491829276e+06 -5.039944404371358687e+05 -3.764639363316038623e+06
-7.470419360737815499e+06 3.951698772325839847e+06 -3.017215782223856542e+06 2.958946022306663799e+05 2.864678421596081927e+06 -1.172758044579809764e+06 -1.753272584311442217e+06 3.533069580871526341e+03 -4.308025278522162698e+05 -9.787114073889276013e+06 1.019196995425443947e+08 1.029416208835413307e+07 -7.983961194112407975e+04 -1.834062637604263844e+06 7.318888847501493990e+06 4.025560732109214645e+06 5.155015944483842701e+06 1.330061371312028205e+05
-3.186776019704388455e+06 5.463995407286521047e+06 2.169159811266317498e+06 2.165220477779741865e+06 3.318850432452437817e+05 -2.702196608465205645e+05 2.909484367337154108e+05 -3.800795220461154531e+04 2.094054419036770705e+05 1.979811986104508489e+07 1.029416208835413307e+07 1.893921976964890957e+07 1.944102816278777318e+05 -3.828381666920674033e+05 9.700780898384271422e+05 1.085811473251084797e+06 3.027318877304056077e+05 8.921112376328718383e+05
6.888513785203635693e+06 -1.648642233990500681e+06 -2.347994880822419655e+06 -8.643065230412714300e+03 -7.406150226454639342e+05 -7.382251116313986713e+05 -1.025768694879744289e+05 2.142868896740424098e+05 -6.971695444250221772e+04 -1.385417931024771882e+06 -7.983961194112407975e+04 1.944102816278777318e+05 7.049792218510601670e+06 2.008097613785807509e+06 -7.746700902904511895e+05 4.789753317048395547e+04 8.065124443080641795e+05 2.800820112546602613e+05
7.744932083851723932e+06 -1.182828012866717763e+06 1.816989670621413039e+06 2.019113412971322425e+06 8.360829153491726611e+05 2.439192498244120507e+05 1.026928333725014818e+05 6.895419968704940984e+05 2.050622517335866578e+05 5.439877168283075094e+06 -1.834062637604263844e+06 -3.828381666920674033e+05 2.008097613785807509e+06 7.957100069006051868e+06 4.226689481963319122e+04 1.339172832732308307e+05 6.833926155811880017e+05 1.725137469091496896e+05
-7.350927518209550180e+04 2.692290480758060236e+06 3.217094286553491838e+05 2.664799258077886770e+05 7.226568675671673845e+05 3.988640084505868144e+05 1.111554747277068236e+05 -1.392844654737754354e+04 1.054080928589823889e+05 5.155538736484556459e+06 7.318888847501493990e+06 9.700780898384271422e+05 -7.746700902904511895e+05 4.226689481963319122e+04 2.704075245676509105e+06 2.709001091977990582e+05 4.874377254284734372e+05 1.027850069907468278e+05
-2.983684766281556338e+06 -5.872717453487940365e+05 -2.885536863421620219e+05 -7.452057511413672473e+05 1.313150987673428317e+05 -5.696447184142943297e+04 -7.921273688656621380e+04 -1.067170935309184570e+05 1.513356108952450450e+05 -4.964274339491829276e+06 4.025560732109214645e+06 1.085811473251084797e+06 4.789753317048395547e+04 1.339172832732308307e+05 2.709001091977990582e+05 1.240813269358368358e+06 1.932891289741701039e+05 4.303971383235572139e+05
2.624525715973725077e+06 -5.533851610435878392e+05 7.225639076506341808e+05 -1.468389848113075823e+04 -5.852877841364915366e+04 9.074555963266745675e+04 5.894971735016248431e+02 1.274801280719670031e+05 -7.833993565195491828e+04 -5.039944404371358687e+05 5.155015944483842701e+06 3.027318877304056077e+05 8.065124443080641795e+05 6.833926155811880017e+05 4.874377254284734372e+05 1.932891289741701039e+05 1.073903366034083767e+06 -1.281053983835667605e+05
-3.571072405692528933e+06 -1.025885187089154148e+06 -1.134657534327566391e+06 5.821902701521085692e+04 1.646627959939531574e+05 -2.576300176013139135e+05 8.442764766579505522e+04 -4.275319687142137991e+04 1.864108903134954162e+05 -3.764639363316038623e+06 1.330061371312028205e+05 8.921112376328718383e+05 2.800820112546602613e+05 1.725137469091496896e+05 1.027850069907468278e+05 4.303971383235572139e+05 -1.281053983835667605e+05 1.095086955445968080e+06
