4.764121212952511013e+07 1.496672402848946862e+07 -7.155291158890924416e+05 4.530838278137639165e+06 -4.375590083019707818e+05 -8.329551513984920457e+05 -1.346904153364374768e+06 -6.257984353584306082e+05 -1.068913518608964747e+06 1.352923278324066848e+07 6.347096586989271455e+06 2.175860533026042860e+06 -5.780875786316579208e+06 -9.673043293912971858e+05 2.223275889091177087e+05 4.005200984406209318e+05 -9.486003865645349724e+05 -3.696302618196723633e+05
1.496672402848946862e+07 1.945815654026583955e+07 1.031082927109557088e+06 3.848689689450427890e+06 1.237189339118982200e+06 -8.809440461254923139e+05 -8.861979000430461019e+05 -3.150203282021282939e+05 -3.503378362308593933e+05 -1.226892731410215795e+07 -1.076940552732013399e+06 1.302964159241938498e+06 -2.409041626094243024e+06 -2.142652454056556337e+06 1.838180874373319093e+06 -8.302276758771187160e+05 -4.969543014833285706e+05 7.937297961493349867e+05
-7.155291158890924416e+05 1.031082927109557088e+06 5.442183338211433962e+06 7.687923960257554427e+05 -4.972688100616156589e+05 -1.719088934575784951e+05 -3.504083685573269613e+05 1.372978306247109722e+05 1.736496951566310599e+05 6.267354157463866286e+06 4.878185736799581908e+06 5.269630022167741321e+06 9.275228460349759553e+05 -1.518617216542763868e+06 7.885503784204823896e+05 -4.520650547200220171e+05 1.133730000850424694e+05 1.728436652026739903e+05
4.530838278137639165e+06 3.848689689450427890e+06 7.687923960257554427e+05 1.909626740489933407e+06 1.230061053076243843e+05 -1.975179640463215765e+04 -3.601601138052116585e+04 4.619303353510180386e+03 1.171176778411803534e+05 -2.166853135804770980e+06 6.719932280634610215e+05 1.404224827808664879e+06 -8.595965451621888205e+05 -9.738501720714984694e+05 4.279178856069518370e+05 -4.398331008790349006e+04 2.777742316124500358e+05 2.707935164767905953e+05
-4.375590083019707818e+05 1.237189339118982200e+06 -4.972688100616156589e+05 1.230061053076243843e+05 8.278181534810308367e+05 1.327468113556464377e+05 1.650192299922007369e+05 7.761630843065146473e+04 1.853033999810609384e+04 1.957306782339583384e+06 -2.682870391723364592e+06 2.294429439876673277e+05 -3.997797780953144538e+05 3.074511578551831190e+05 3.357303671764907194e+05 2.817589370634598890e+05 1.222330546093908488e+05 -1.294918451001431822e+05
-8.329551513984920457e+05 -8.809440461254923139e+05 -1.719088934575784951e+05 -1.975179640463215765e+04 1.327468113556464377e+05 7.395689330035313033e+05 1.148567253301502496e+05 2.206827249816671538e+05 5.734726323212953866e+04 -9.474087792575849453e+05 4.853591185436222004e+05 3.867173256955193356e+05 1.134653424030184397e+05 2.096681885080076463e+05 -2.000499381185351813e+05 1.523981551746469922e+05 2.903884870261680917e+05 -2.432906161440197029e+05
-1.346904153364374768e+06 -8.861979000430461019e+05 -3.504083685573269613e+05 -3.601601138052116585e+04 1.650192299922007369e+05 1.148567253301502496e+05 4.187777920812280499e+05 1.561274055991885252e+05 1.180960966328034992e+05 3.629466174083269667e+06 -8.465903578465976752e+05 -2.845012655364828533e+05 4.564307802230441303e+04 2.136305216413279122e+05 5.712262023403450439e+04 9.162461597270952188e+04 1.878121116619547829e+05 -2.359168341809811318e+04
-6.257984353584306082e+05 -3.150203282021282939e+05 1.372978306247109722e+05 4.619303353510180386e+03 7.761630843065146473e+04 2.206827249816671538e+05 1.561274055991885252e+05 2.638890793023519800e+05 2.249957151377456466e+04 1.120375901639614021e+06 5.380696185188689560e+04 -2.244148412036636000e+04 2.630412829754406121e+05 -1.535048745162335399e+05 9.966835607502890343e+04 -4.247591540191262902e+04 6.340556035701523069e+04 -5.845871089517953806e+04
-1.068913518608964747e+06 -3.503378362308593933e+05 1.736496951566310599e+05 1.171176778411803534e+05 1.853033999810609384e+04 5.734726323212953866e+04 1.180960966328034992e+05 2.249957151377456466e+04 1.802534569814286951e+05 2.411791491189137159e+05 9.034398680342552252e+05 -3.025126812459653011e+05 -3.917250548525738413e+05 -2.223188359019189375e+05 2.386695560777064384e+04 2.090114325902781566e+05 1.676722565726197208e+05 6.002815415564493742e+04
1.352923278324066848e+07 -1.226892731410215795e+07 6.267354157463866286e+06 -2.166853135804770980e+06 1.957306782339583384e+06 -9.474087792575849453e+05 3.629466174083269667e+06 1.120375901639614021e+06 2.411791491189137159e+05 3.420228078680178523e+08 3.628214233169475198e+07 8.945438989439455792e+06 -5.330781358703072183e+06 1.755413997250203416e+07 3.842604690877786372e+06 1.258938762198375538e+06 4.798437931464734487e+06 3.191510463410505326e+05
6.347096586989271455e+06 -1.076940552732013399e+06 4.878185736799581908e+06 6.719932280634610215e+05 -2.682870391723364592e+06 4.853591185436222004e+05 -8.465903578465976752e+05 5.380696185188689560e+04 9.034398680342552252e+05 3.628214233169475198e+07 4.849666020517845452e+07 6.487643847299456596e+06 -8.640117265790296718e+06 -4.817269383494728245e+06 -2.851369257158354856e+06 6.322930584499854594e+05 4.343905247886410216e+05 1.175582035617876099e+06
2.175860533026042860e+06 1.302964159241938498e+06 5.269630022167741321e+06 1.404224827808664879e+06 2.294429439876673277e+05 3.867173256955193356e+05 -2.845012655364828533e+05 -2.244148412036636000e+04 -3.025126812459653011e+05 8.945438989439455792e+06 6.487643847299456596e+06 2.765559461692444980e+07 2.858010859570741304e+05 -1.068868796368201962e+06 3.114051947659430443e+05 -3.986558240354061709e+05 7.863449812801746884e+05 1.286735304085490527e+06
-5.780875786316579208e+06 -2.409041626094243024e+06 9.275228460349759553e+05 -8.595965451621888205e+05 -3.997797780953144538e+05 1.134653424030184397e+05 4.564307802230441303e+04 2.630412829754406121e+05 -3.917250548525738413e+05 -5.330781358703072183e+06 -8.640117265790296718e+06 2.858010859570741304e+05 6.252686525774888694e+06 1.318516394205952529e+06 1.126599068819231121e+06 -1.321108393420970067e+06 -5.872480805512623629e+05 -1.828678878655381850e+05
-9.673043293912971858e+05 -2.142652454056556337e+06 -1.518617216542763868e+06 -9.738501720714984694e+05 3.074511578551831190e+05 2.096681885080076463e+05 2.136305216413279122e+05 -1.535048745162335399e+05 -2.223188359019189375e+05 1.755413997250203416e+07 -4.817269383494728245e+06 -1.068868796368201962e+06 1.318516394205952529e+06 3.560093731485925615e+06 3.217862098718092893e+05 9.577072500261419918e+04 4.167406377495800843e+05 -1.065010566561685700e+05
2.223275889091177087e+05 1.838180874373319093e+06 7.885503784204823896e+05 4.279178856069518370e+05 3.357303671764907194e+05 -2.000499381185351813e+05 5.712262023403450439e+04 9.966835607502890343e+04 2.386695560777064384e+04 3.842604690877786372e+06 -2.851369257158354856e+06 3.114051947659430443e+05 1.126599068819231121e+06 3.217862098718092893e+05 1.578499327333019814e+06 7.805684502480624360e+04 9.366188423008483369e+04 1.377500223004209693e+05
4.005200984406209318e+05 -8.302276758771187160e+05 -4.520650547200220171e+05 -4.398331008790349006e+04 2.817589370634598890e+05 1.523981551746469922e+05 9.162461597270952188e+04 -4.247591540191262902e+04 2.090114325902781566e+05 1.258938762198375538e+06 6.322930584499854594e+05 -3.986558240354061709e+05 -1.321108393420970067e+06 9.577072500261419918e+04 7.805684502480624360e+04 1.396773329140244517e+06 5.178304594386373064e+05 -3.969592417898530402e+04
-9.486003865645349724e+05 -4.969543014833285706e+05 1.133730000850424694e+05 2.777742316124500358e+05 1.222330546093908488e+05 2.903884870261680917e+05 1.878121116619547829e+05 6.340556035701523069e+04 1.676722565726197208e+05 4.798437931464734487e+06 4.343905247886410216e+05 7.863449812801746884e+05 -5.872480805512623629e+05 4.167406377495800843e+05 9.366188423008483369e+04 5.178304594386373064e+05 9.221993346635688795e+05 2.844639935462246067e+05
-3.696302618196723633e+05 7.937297961493349867e+05 1.728436652026739903e+05 2.707935164767905953e+05 -1.294918451001431822e+05 -2.432906161440197029e+05 -2.359168341809811318e+04 -5.845871089517953806e+04 6.002815415564493742e+04 3.191510463410505326e+05 1.175582035617876099e+06 1.286735304085490527e+06 -1.828678878655381850e+05 -1.065010566561685700e+05 1.377500223004209693e+05 -3.969592417898530402e+04 2.844639935462246067e+05 6.690240866698382888e+05
