4.674588271273889393e+07 3.690782112366359215e+06 -1.461567484913288383e+06 1.712923304760009050e+06 1.011031067356195184e+06 -2.270485185939515941e+05 9.169261971097333590e+05 -3.275452148748100153e+05 7.044290601847681683e+05 5.884995648472417891e+07 1.282965299695469439e+07 -1.682520666405821685e+06 -6.459993704723604023e+06 -3.501178428802560549e+06 -5.454714049935362302e+06 -2.987354414719182067e+06 3.023693117624891456e+06 3.574162003270048881e+05
3.690782112366359215e+06 1.938545130517709255e+07 2.544743736622934695e+06 2.877772264492412563e+06 2.390600532473144121e+05 1.018211062169995159e+06 -3.319034768787165522e+05 -2.669129460832457989e+05 9.261997854220672161e+04 -1.778084382818527147e+07 5.884738486265835352e+06 -5.971321185183342546e+06 2.231229399516008794e+06 2.454384933310081717e+06 5.478195268930493621e+05 7.087313537633595988e+05 2.258472026588597801e+05 -1.270579244657744421e+06
-1.461567484913288383e+06 2.544743736622934695e+06 2.352762001977979671e+06 1.201883134366581915e+06 9.245850316167064011e+05 4.337073355334753287e+05 9.492546600557450438e+04 2.172701795842651336e+05 2.657901490179591929e+04 -8.426787010590201244e+06 5.579137997434007702e+05 2.255820122386468574e+06 1.997372652307453100e+06 1.708404109832650051e+06 1.487812045253796678e+05 7.331987399439314613e+05 3.710805807689967332e+05 -3.794434107587756589e+05
1.712923304760009050e+06 2.877772264492412563e+06 1.201883134366581915e+06 2.536507948148525320e+06 7.768483802226441912e+05 3.152010935794402030e+05 1.188756995912409911e+05 1.779546856676405296e+05 1.808955002024284331e+05 -2.380559289981243666e+06 2.589299454298177268e+06 1.987065134206879186e+06 2.470553080705640372e+06 1.779230007157242857e+06 -8.458737221878616838e+05 -4.018294260078748339e+05 4.333666866481550969e+05 -1.175347872697514831e+05
1.011031067356195184e+06 2.390600532473144121e+05 9.245850316167064011e+05 7.768483802226441912e+05 9.165990650534958113e+05 3.416684091392550035e+05 1.749970387916478794e+05 6.873570984178349318e+04 -1.597589376298117941e+03 6.585279351453381823e+05 -2.688806012816204457e+05 2.139144045414831024e+06 1.172612010177822318e+06 7.996642349818057846e+05 -4.342728855535528855e+05 7.904683004307429655e+04 4.561838664685511030e+05 -2.455715336014995119e+05
-2.270485185939515941e+05 1.018211062169995159e+06 4.337073355334753287e+05 3.152010935794402030e+05 3.416684091392550035e+05 5.137374729180142749e+05 9.409691812671702064e+04 -1.657245463724673755e+04 -5.409665128546091728e+04 9.080811456688947146e+03 1.123298297949003172e+05 1.835651354629933834e+06 8.455619028366331477e+05 5.204606398577422369e+05 1.535310619656658382e+05 1.501416937234550132e+05 1.914313850536051905e+05 -5.702341582374801510e+04
9.169261971097333590e+05 -3.319034768787165522e+05 9.492546600557450438e+04 1.188756995912409911e+05 1.749970387916478794e+05 9.409691812671702064e+04 2.294736261654862319e+05 1.217684014826918065e+04 1.314491297050940193e+04 2.042292525218271883e+06 4.277734798526320810e+04 6.776009180575313512e+05 -6.032903820801447146e+05 8.227154192795215931e+04 -5.930258883254458487e+04 1.491838626739827305e+04 -6.894657570701700024e+03 -8.466898625513087609e+04
-3.275452148748100153e+05 -2.669129460832457989e+05 2.172701795842651336e+05 1.779546856676405296e+05 6.873570984178349318e+04 -1.657245463724673755e+04 1.217684014826918065e+04 1.300831666834357020e+05 -7.912673280155852808e+03 -2.105403029062736314e+06 -1.777707378729123157e+05 2.278621366888556222e+05 7.217157388915099727e+04 8.371248583313227573e+04 2.875119194324011914e+04 -6.831320775411913928e+04 4.460962207908576966e+04 -2.443064480988969808e+04
7.044290601847681683e+05 9.261997854220672161e+04 2.657901490179591929e+04 1.808955002024284331e+05 -1.597589376298117941e+03 -5.409665128546091728e+04 1.314491297050940193e+04 -7.912673280155852808e+03 1.155276612387599016e+05 1.918391967883662554e+06 7.954604481589208590e+05 3.745348589357817546e+05 -4.066647774536488578e+05 -2.556496334244344780e+03 1.536402821356775894e+04 2.308735693166956025e+03 6.277396016209907975e+04 1.446330404558538285e+05
5.884995648472417891e+07 -1.778084382818527147e+07 -8.426787010590201244e+06 -2.380559289981243666e+06 6.585279351453381823e+05 9.080811456688947146e+03 2.042292525218271883e+06 -2.105403029062736314e+06 1.918391967883662554e+06 3.111820633334552646e+08 1.125857701817955077e+07 8.460070454277593642e+06 -2.443699634852725267e+07 -1.408058702104946412e+07 -1.506104942242975906e+07 -5.867693029103202745e+06 4.464564156633201055e+06 6.044930398917913437e+06
1.282965299695469439e+07 5.884738486265835352e+06 5.579137997434007702e+05 2.589299454298177268e+06 -2.688806012816204457e+05 1.123298297949003172e+05 4.277734798526320810e+04 -1.777707378729123157e+05 7.954604481589208590e+05 1.125857701817955077e+07 5.297369160085587949e+07 -1.308603951491694711e+07 -5.226986282256658189e+06 -2.710916584418061189e+06 2.934779419011660852e+06 7.375862008402918000e+05 3.981642380210634321e+06 2.575880737236220855e+06
-1.682520666405821685e+06 -5.971321185183342546e+06 2.255820122386468574e+06 1.987065134206879186e+06 2.139144045414831024e+06 1.835651354629933834e+06 6.776009180575313512e+05 2.278621366888556222e+05 3.745348589357817546e+05 8.460070454277593642e+06 -1.308603951491694711e+07 3.385899096144132316e+07 8.318117502106658183e+06 3.990190834026664030e+06 -1.078759562670158921e+06 1.384147497652967460e+06 -1.239094322037198435e+05 3.085034976909364923e+05
-6.459993704723604023e+06 2.231229399516008794e+06 1.997372652307453100e+06 2.470553080705640372e+06 1.172612010177822318e+06 8.455619028366331477e+05 -6.032903820801447146e+05 7.217157388915099727e+04 -4.066647774536488578e+05 -2.443699634852725267e+07 -5.226986282256658189e+06 8.318117502106658183e+06 1.465311875684505515e+07 5.106391702698357403e+06 -2.253356285167089663e+06 -4.600422856552782468e+04 1.722274481022562250e+05 -7.752193645912413485e+05
-3.501178428802560549e+06 2.454384933310081717e+06 1.708404109832650051e+06 1.779230007157242857e+06 7.996642349818057846e+05 5.204606398577422369e+05 8.227154192795215931e+04 8.371248583313227573e+04 -2.556496334244344780e+03 -1.408058702104946412e+07 -2.710916584418061189e+06 3.990190834026664030e+06 5.106391702698357403e+06 4.901923103310691193e+06 1.009994732563178695e+04 3.797282750587890041e+05 2.498814032439158473e+05 8.558371192882148898e+04
-5.454714049935362302e+06 5.478195268930493621e+05 1.487812045253796678e+05 -8.458737221878616838e+05 -4.342728855535528855e+05 1.535310619656658382e+05 -5.930258883254458487e+04 2.875119194324011914e+04 1.536402821356775894e+04 -1.506104942242975906e+07 2.934779419011660852e+06 -1.078759562670158921e+06 -2.253356285167089663e+06 1.009994732563178695e+04 3.535398694537781179e+06 1.205562625130065018e+06 -1.889653496953885769e+05 2.181838472897877509e+05
-2.987354414719182067e+06 7.087313537633595988e+05 7.331987399439314613e+05 -4.018294260078748339e+05 7.904683004307429655e+04 1.501416937234550132e+05 1.491838626739827305e+04 -6.831320775411913928e+04 2.308735693166956025e+03 -5.867693029103202745e+06 7.375862008402918000e+05 1.384147497652967460e+06 -4.600422856552782468e+04 3.797282750587890041e+05 1.205562625130065018e+06 1.148591439660476521e+06 -1.194019524360701762e+05 -1.266809385706375469e+05
3.023693117624891456e+06 2.258472026588597801e+05 3.710805807689967332e+05 4.333666866481550969e+05 4.561838664685511030e+05 1.914313850536051905e+05 -6.894657570701700024e+03 4.460962207908576966e+04 6.277396016209907975e+04 4.464564156633201055e+06 3.981642380210634321e+06 -1.239094322037198435e+05 1.722274481022562250e+05 2.498814032439158473e+05 -1.889653496953885769e+05 -1.194019524360701762e+05 1.011852944235868636e+06 3.603810501344098011e+05
3.574162003270048881e+05 -1.270579244657744421e+06 -3.794434107587756589e+05 -1.175347872697514831e+05 -2.455715336014995119e+05 -5.702341582374801510e+04 -8.466898625513087609e+04 -2.443064480988969808e+04 1.446330404558538285e+05 6.044930398917913437e+06 2.575880737236220855e+06 3.085034976909364923e+05 -7.752193645912413485e+05 8.558371192882148898e+04 2.181838472897877509e+05 -1.266809385706375469e+05 3.603810501344098011e+05 8.644762696401382564e+05
