5.267338648647203296e+07 8.500402186445033178e+06 -3.953794074018606916e+06 2.151199328386568930e+06 2.626789144027013332e+06 -1.673936439570755698e+06 -1.475686771488209488e+06 5.065180919799469411e+05 1.335598285803014413e+06 7.243248064751148224e+06 6.237759873549719341e+06 -3.675358598709729500e+06 -3.188614297043575440e+06 -2.484284731546806142e+04 -9.891871281579269562e+05 -2.273245683608103078e+06 4.268403979475960368e+05 2.723365086481703445e+06
8.500402186445033178e+06 1.641107979582645744e+07 4.114401532409347594e+06 -1.116420550902898976e+05 9.563846661621163366e+05 -1.276693771204260876e+06 -3.968228852543839457e+04 2.917573681382483919e+05 -8.017998457405735098e+04 1.339759569048149884e+07 2.450230076742557809e+07 2.713716254623722285e+06 -2.517420137387216091e+06 -1.488005839480252936e+06 -3.990526079256325494e+06 -7.306167270606308011e+05 -5.715613015093960566e+05 4.588228845383384760e+04
-3.953794074018606916e+06 4.114401532409347594e+06 6.551087475085791200e+06 6.373667929446175694e+05 8.878511514239365933e+05 1.113576081110523664e+05 2.695543486097220448e+05 1.034394166433658684e+05 -1.398242154585093376e+05 1.002736002996173874e+07 1.475377055004997924e+07 3.847250593346555717e+06 1.345358760740603553e+06 3.994726522703689989e+05 -2.074249436223230441e+05 4.036876082712953212e+05 5.479725581966147729e+03 -5.136830597148640081e+05
2.151199328386568930e+06 -1.116420550902898976e+05 6.373667929446175694e+05 2.456749797197953798e+06 5.036797746144591365e+05 3.797978111577773234e+04 6.788850506761687575e+04 1.966510847458774879e+04 -2.504861025385885569e+03 -1.335257490186532494e+06 1.925514276126461104e+06 4.587395043833825039e+05 1.392061819542425219e+06 -5.868439599171142327e+05 3.046041296631864971e+05 8.010801219865656458e+05 4.257969470820834977e+05 -1.318582340839211247e+05
2.626789144027013332e+06 9.563846661621163366e+05 8.878511514239365933e+05 5.036797746144591365e+05 1.479624566381629789e+06 1.958908236940900970e+05 1.526677800600836636e+05 2.550364882018823409e+05 1.348152496766279510e+05 2.354692371848730370e+06 3.275465679421402980e+06 -5.705292654818055453e+05 2.618631646941346844e+04 7.705605407837542007e+05 5.564068950768471695e+05 5.761916817371177021e+05 1.649194180768152000e+05 7.218259725782922760e+04
-1.673936439570755698e+06 -1.276693771204260876e+06 1.113576081110523664e+05 3.797978111577773234e+04 1.958908236940900970e+05 6.560400460605894914e+05 6.141924525935107522e+04 9.484900297397145187e+04 8.185854305140007637e+04 -2.995935670229112264e+06 -1.661731218851394719e+06 8.452208673827594612e+05 4.033328566438201815e+05 9.192345258342838497e+04 8.469875815878943540e+05 2.085414056898672134e+05 8.259742779430450173e+04 1.769110284618785372e+05
-1.475686771488209488e+06 -3.968228852543839457e+04 2.695543486097220448e+05 6.788850506761687575e+04 1.526677800600836636e+05 6.141924525935107522e+04 3.707092196169078816e+05 9.524940545090180240e+04 2.113344196211390590e+04 -3.999751792963861953e+05 -3.303775965088873636e+05 -1.677308844450028613e+06 7.317580468576341809e+04 -1.565413707538951712e+05 -8.068902649112243671e+04 2.553528235645341920e+05 -6.724545350426019286e+04 -6.467316748143770383e+04
5.065180919799469411e+05 2.917573681382483919e+05 1.034394166433658684e+05 1.966510847458774879e+04 2.550364882018823409e+05 9.484900297397145187e+04 9.524940545090180240e+04 1.548108140136417642e+05 6.595234120700183848e+04 -1.712657161710174987e+05 1.307938406131622469e+05 -5.707718893067854879e+03 1.427650790686223772e+05 8.492572058769440628e+04 7.274502327746320225e+04 1.340745455062897236e+05 -2.288495866417058278e+04 7.788648134741118702e+04
1.335598285803014413e+06 -8.017998457405735098e+04 -1.398242154585093376e+05 -2.504861025385885569e+03 1.348152496766279510e+05 8.185854305140007637e+04 2.113344196211390590e+04 6.595234120700183848e+04 1.008126833855587756e+05 -3.051634306564988219e+05 -5.642656981668658555e+05 -4.998498190189679153e+05 -6.806288124741672073e+04 8.620156281462330298e+03 1.206644211181873106e+05 1.209019509248170652e+04 -1.610733670457214794e+04 1.581468199785473989e+05
7.243248064751148224e+06 1.339759569048149884e+07 1.002736002996173874e+07 -1.335257490186532494e+06 2.354692371848730370e+06 -2.995935670229112264e+06 -3.999751792963861953e+05 -1.712657161710174987e+05 -3.051634306564988219e+05 1.938992959138923287e+08 3.902911159542438388e+07 7.956494596304877661e+06 4.149858591631658375e+06 5.518338689480832545e+05 1.008471765295420075e+06 -4.989448028142123483e+06 -5.786371557247222401e+06 -1.505423404049545061e+06
6.237759873549719341e+06 2.450230076742557809e+07 1.475377055004997924e+07 1.925514276126461104e+06 3.275465679421402980e+06 -1.661731218851394719e+06 -3.303775965088873636e+05 1.307938406131622469e+05 -5.642656981668658555e+05 3.902911159542438388e+07 7.188151707880893350e+07 2.228297086735145748e+07 -1.117511844327575527e+06 1.501033925935850479e+06 -6.366954010364893824e+06 -6.368011241303291172e+05 -2.135329195579285268e+06 -1.155908849627896212e+06
-3.675358598709729500e+06 2.713716254623722285e+06 3.847250593346555717e+06 4.587395043833825039e+05 -5.705292654818055453e+05 8.452208673827594612e+05 -1.677308844450028613e+06 -5.707718893067854879e+03 -4.998498190189679153e+05 7.956494596304877661e+06 2.228297086735145748e+07 4.439236708338058740e+07 4.953449629605103284e+06 2.564307718005696370e+05 -1.772873370532439323e+06 -1.324863329153083265e+06 -1.234381634822431719e+06 -1.567697943900708924e+05
-3.188614297043575440e+06 -2.517420137387216091e+06 1.345358760740603553e+06 1.392061819542425219e+06 2.618631646941346844e+04 4.033328566438201815e+05 7.317580468576341809e+04 1.427650790686223772e+05 -6.806288124741672073e+04 4.149858591631658375e+06 -1.117511844327575527e+06 4.953449629605103284e+06 7.351232649156942032e+06 9.683574312971010804e+05 8.120713650384917855e+05 9.121962851227391511e+05 6.931495124347604578e+05 -5.586945821474383119e+05
-2.484284731546806142e+04 -1.488005839480252936e+06 3.994726522703689989e+05 -5.868439599171142327e+05 7.705605407837542007e+05 9.192345258342838497e+04 -1.565413707538951712e+05 8.492572058769440628e+04 8.620156281462330298e+03 5.518338689480832545e+05 1.501033925935850479e+06 2.564307718005696370e+05 9.683574312971010804e+05 2.713005063139262609e+06 6.726910957352640107e+05 3.003359837661208003e+05 -8.051660865053720772e+04 -3.485214307024431182e+05
-9.891871281579269562e+05 -3.990526079256325494e+06 -2.074249436223230441e+05 3.046041296631864971e+05 5.564068950768471695e+05 8.469875815878943540e+05 -8.068902649112243671e+04 7.274502327746320225e+04 1.206644211181873106e+05 1.008471765295420075e+06 -6.366954010364893824e+06 -1.772873370532439323e+06 8.120713650384917855e+05 6.726910957352640107e+05 4.710406661148272455e+06 1.115275203984532971e+06 6.900512847065615933e+05 2.430192529642818263e+05
-2.273245683608103078e+06 -7.306167270606308011e+05 4.036876082712953212e+05 8.010801219865656458e+05 5.761916817371177021e+05 2.085414056898672134e+05 2.553528235645341920e+05 1.340745455062897236e+05 1.209019509248170652e+04 -4.989448028142123483e+06 -6.368011241303291172e+05 -1.324863329153083265e+06 9.121962851227391511e+05 3.003359837661208003e+05 1.115275203984532971e+06 1.522089201741374331e+06 4.325598541044425219e+05 1.136040561002955110e+04
4.268403979475960368e+05 -5.715613015093960566e+05 5.479725581966147729e+03 4.257969470820834977e+05 1.649194180768152000e+05 8.259742779430450173e+04 -6.724545350426019286e+04 -2.288495866417058278e+04 -1.610733670457214794e+04 -5.786371557247222401e+06 -2.135329195579285268e+06 -1.234381634822431719e+06 6.931495124347604578e+05 -8.051660865053720772e+04 6.900512847065615933e+05 4.325598541044425219e+05 9.718133544189280365e+05 3.921439129691958806e+04
2.723365086481703445e+06 4.588228845383384760e+04 -5.136830597148640081e+05 -1.318582340839211247e+05 7.218259725782922760e+04 1.769110284618785372e+05 -6.467316748143770383e+04 7.788648134741118702e+04 1.581468199785473989e+05 -1.505423404049545061e+06 -1.155908849627896212e+06 -1.567697943900708924e+05 -5.586945821474383119e+05 -3.485214307024431182e+05 2.430192529642818263e+05 1.136040561002955110e+04 3.921439129691958806e+04 6.606921521464962279e+05
