4.969395170458364487e+07 -5.522787309518505819e+06 -3.359492605647974648e+06 -9.167003592286373023e+05 8.306978967623861972e+05 -2.353613150156503543e+05 -6.248056698309076019e+05 3.730193970654237783e+05 -1.535837258720528334e+05 5.619017483562201262e+07 -5.844661023979043821e+05 -1.633421282838237658e+07 -5.549967470686704852e+06 -5.674880297844495624e+06 -1.554248924548623472e+04 3.682591487997737713e+06 -3.182898547125251964e+06 -2.077819673941821791e+06
-5.522787309518505819e+06 1.545807368940019980e+07 2.635299146537628490e+06 -1.463853732198622776e+06 -6.422211974678887054e+05 8.861711170614248840e+05 2.477384501457223669e+05 -5.569551376377168344e+05 -1.883505517694355221e+05 4.812418916736464947e+06 -5.434704729443955235e+06 3.472692666327314451e+06 -3.006778251643345575e+05 1.951479341505945777e+05 1.690217536845291965e+06 3.422115665636629798e+06 1.027887605029489147e+06 4.763157863043684047e+05
-3.359492605647974648e+06 2.635299146537628490e+06 5.561757365856767632e+06 1.902166630690686405e+06 5.889883150916640880e+05 5.149540653853605036e+05 2.047965978286400205e+05 3.260365785663085990e+05 1.863371336623367388e+05 7.400868863525734050e+05 -1.915237617910634726e+06 7.632490204625745304e+06 2.141807274830813985e+06 1.458138036467425292e+06 4.986306246902875137e+05 7.504740094485164445e+04 5.433135330142319435e+05 3.930594225380972493e+05
-9.167003592286373023e+05 -1.463853732198622776e+06 1.902166630690686405e+06 2.394457461522627156e+06 4.697074822198562324e+05 -2.280626348661928496e+05 -3.171790294003292365e+04 2.789499484867727733e+05 6.560554461510175315e+04 1.390014808388368925e+06 1.925357171709724236e+06 2.818593651408408768e+06 2.333612462320237886e+06 9.917518212992753834e+05 2.976416788609406794e+05 -8.957992873653660063e+05 3.914456686453130533e+04 -1.425805681705342431e+05
8.306978967623861972e+05 -6.422211974678887054e+05 5.889883150916640880e+05 4.697074822198562324e+05 1.401386038001846056e+06 -5.691290686478622956e+04 7.820712735820714443e+04 6.651607107845997962e+04 -2.593235764674160964e+04 -2.666791203531293198e+06 1.137708212796784006e+06 -2.388723133450783789e+05 -1.155079892675766489e+06 1.486417476718116319e+06 -2.412646500380795624e+05 -7.659237415211849147e+05 1.930334608724964783e+05 1.680847081220374384e+05
-2.353613150156503543e+05 8.861711170614248840e+05 5.149540653853605036e+05 -2.280626348661928496e+05 -5.691290686478622956e+04 4.881675392435419490e+05 1.220863447308522009e+05 1.024358337049009860e+05 1.385247252382365987e+05 4.928676685656395857e+05 -2.390992168141275179e+06 2.571134968840310466e+05 1.287122047127137193e+05 -5.346118759937066352e+05 2.937370905949992011e+05 3.195284930946996901e+05 -5.398585070357890800e+04 3.174386236121273396e+04
-6.248056698309076019e+05 2.477384501457223669e+05 2.047965978286400205e+05 -3.171790294003292365e+04 7.820712735820714443e+04 1.220863447308522009e+05 2.673670834143740358e+05 7.243158182311478595e+04 1.975007925700389023e+04 -2.146413478977077175e+06 -1.555533266500498168e+06 -1.441481986503703985e+06 5.561106606784188189e+05 3.364179486690541380e+05 -2.865060667880244728e+04 -1.115891008953123237e+05 -2.804480906998887076e+04 1.084853818129986757e+05
3.730193970654237783e+05 -5.569551376377168344e+05 3.260365785663085990e+05 2.789499484867727733e+05 6.651607107845997962e+04 1.024358337049009860e+05 7.243158182311478595e+04 1.841113796736781660e+05 8.818795029425539542e+04 9.066960036001498811e+05 -5.154992053501651972e+05 3.188027946521494887e+05 2.873999344022466685e+05 -2.039477219906430691e+05 3.219535049207635457e+05 -7.329653988262767962e+04 -7.403236431550547422e+04 1.235684834550677624e+04
-1.535837258720528334e+05 -1.883505517694355221e+05 1.863371336623367388e+05 6.560554461510175315e+04 -2.593235764674160964e+04 1.385247252382365987e+05 1.975007925700389023e+04 8.818795029425539542e+04 1.192972095306250849e+05 4.105920217281992082e+05 -1.932711274176885781e+05 1.756383641978962987e+05 -1.012456311903788883e+05 -3.606478508639426436e+05 1.690173398573317099e+05 1.236208641339204332e+05 -2.451032613854869453e+02 2.788700162866856772e+04
5.619017483562201262e+07 4.812418916736464947e+06 7.400868863525734050e+05 1.390014808388368925e+06 -2.666791203531293198e+06 4.928676685656395857e+05 -2.146413478977077175e+06 9.066960036001498811e+05 4.105920217281992082e+05 2.821997209742984176e+08 -8.611106549577569589e+06 -1.326052063799932972e+07 -1.215501298753839545e+07 -6.127188872581033967e+06 6.501431656901843846e+06 8.786050715638754889e+06 2.476845474662129302e+06 -4.294033776992010884e+06
-5.844661023979043821e+05 -5.434704729443955235e+06 -1.915237617910634726e+06 1.925357171709724236e+06 1.137708212796784006e+06 -2.390992168141275179e+06 -1.555533266500498168e+06 -5.154992053501651972e+05 -1.932711274176885781e+05 -8.611106549577569589e+06 5.465520038703314215e+07 1.968681819552254863e+06 -4.842643123840364628e+06 1.520163697436535964e+06 -3.201273484393727267e+05 4.591704186550555169e+05 8.356763463616314402e+04 -8.510018898303470341e+05
-1.633421282838237658e+07 3.472692666327314451e+06 7.632490204625745304e+06 2.818593651408408768e+06 -2.388723133450783789e+05 2.571134968840310466e+05 -1.441481986503703985e+06 3.188027946521494887e+05 1.756383641978962987e+05 -1.326052063799932972e+07 1.968681819552254863e+06 5.028324886389654130e+07 3.552741449192304164e+06 -4.508950126558814198e+06 1.450850242111685686e+06 -5.670746319024130935e+04 9.010091891444684006e+05 6.518414598666233942e+05
-5.549967470686704852e+06 -3.006778251643345575e+05 2.141807274830813985e+06 2.333612462320237886e+06 -1.155079892675766489e+06 1.287122047127137193e+05 5.561106606784188189e+05 2.873999344022466685e+05 -1.012456311903788883e+05 -1.215501298753839545e+07 -4.842643123840364628e+06 3.552741449192304164e+06 9.519277270132759586e+06 -5.175659529734191892e+04 1.143424033604999771e+06 -5.684627490430176258e+05 -7.534713031134542543e+05 -1.350032763360259996e+05
-5.674880297844495624e+06 1.951479341505945777e+05 1.458138036467425292e+06 9.917518212992753834e+05 1.486417476718116319e+06 -5.346118759937066352e+05 3.364179486690541380e+05 -2.039477219906430691e+05 -3.606478508639426436e+05 -6.127188872581033967e+06 1.520163697436535964e+06 -4.508950126558814198e+06 -5.175659529734191892e+04 8.170282780781817622e+06 4.071727733284535352e+05 -1.659262454475172795e+06 8.519445708079100586e+05 3.447742308711599326e+05
-1.554248924548623472e+04 1.690217536845291965e+06 4.986306246902875137e+05 2.976416788609406794e+05 -2.412646500380795624e+05 2.937370905949992011e+05 -2.865060667880244728e+04 3.219535049207635457e+05 1.690173398573317099e+05 6.501431656901843846e+06 -3.201273484393727267e+05 1.450850242111685686e+06 1.143424033604999771e+06 4.071727733284535352e+05 3.954987966307620984e+06 1.458294601694401354e+06 -8.346548230161369429e+04 1.522677205658611492e+05
3.682591487997737713e+06 3.422115665636629798e+06 7.504740094485164445e+04 -8.957992873653660063e+05 -7.659237415211849147e+05 3.195284930946996901e+05 -1.115891008953123237e+05 -7.329653988262767962e+04 1.236208641339204332e+05 8.786050715638754889e+06 4.591704186550555169e+05 -5.670746319024130935e+04 -5.684627490430176258e+05 -1.659262454475172795e+06 1.458294601694401354e+06 2.831431090990170836e+06 -3.664593018106159434e+04 -5.534973127354585449e+04
-3.182898547125251964e+06 1.027887605029489147e+06 5.433135330142319435e+05 3.914456686453130533e+04 1.930334608724964783e+05 -5.398585070357890800e+04 -2.804480906998887076e+04 -7.403236431550547422e+04 -2.451032613854869453e+02 2.476845474662129302e+06 8.356763463616314402e+04 9.010091891444684006e+05 -7.534713031134542543e+05 8.519445708079100586e+05 -8.346548230161369429e+04 -3.664593018106159434e+04 9.451247024771011202e+05 3.680030583738187561e+05
-2.077819673941821791e+06 4.763157863043684047e+05 3.930594225380972493e+05 -1.425805681705342431e+05 1.680847081220374384e+05 3.174386236121273396e+04 1.084853818129986757e+05 1.235684834550677624e+04 2.788700162866856772e+04 -4.294033776992010884e+06 -8.510018898303470341e+05 6.518414598666233942e+05 -1.350032763360259996e+05 3.447742308711599326e+05 1.522677205658611492e+05 -5.534973127354585449e+04 3.680030583738187561e+05 4.004430378633853979e+05
