5.110788383497613668e+07 6.504122527185651474e+06 2.063732545135841239e+06 1.586555744492450496e+06 1.600677801310663053e+05 -1.176118534995873226e+06 2.321125187411883380e+06 9.048936624729199684e+04 2.251902325619467301e+05 4.228267107655602694e+07 -1.926332910992418602e+07 3.532425821394024417e+06 1.300371711006053723e+06 5.621173675503229722e+06 4.689790976602654904e+06 2.941791800715181511e+06 3.293280634014448151e+06 7.190471020116929139e+04
6.504122527185651474e+06 1.665364865616356209e+07 2.606105794914266560e+06 1.253085999067330034e+06 4.555405938740086858e+05 -1.058533104509202996e+06 1.467938572353036143e+05 8.016464542675175471e+04 -2.441782146044426190e+05 5.263694531090306118e+06 1.472450206379421428e+07 3.665218219494726043e+06 7.472179239968736656e+05 7.307865325890528038e+05 9.023880666091410676e+05 2.778516838932739571e+06 -2.346991083387982217e+05 -6.376297478799800156e+05
2.063732545135841239e+06 2.606105794914266560e+06 3.760386194688139483e+06 8.602412612125719897e+05 -4.357975376693981816e+05 -6.220163835632224800e+05 -4.327760521571960271e+04 8.808210006882337620e+04 8.431524227979620264e+03 -4.612822245684863999e+06 -1.165009221342736419e+05 2.080970014719290426e+06 -2.291800028996496985e+05 -9.714392768758165184e+05 -2.696942394616003730e+05 6.793855943691356515e+03 4.504046309054091107e+05 1.821193186101470783e+05
1.586555744492450496e+06 1.253085999067330034e+06 8.602412612125719897e+05 2.829922026118434500e+06 7.760819478730232222e+05 -1.091627351318385772e+05 3.358844558380038943e+05 8.092973629143225480e+02 9.552098473287558591e+04 -2.271695917042871471e+06 4.565666903975357418e+05 -1.918185298090719152e+06 -1.431680742660199525e+06 3.568057937119693961e+05 3.240715849181702361e+05 -7.616686191717283800e+05 -2.095676599759664896e+04 2.778479980796285672e+05
1.600677801310663053e+05 4.555405938740086858e+05 -4.357975376693981816e+05 7.760819478730232222e+05 1.174669555041260552e+06 1.505153704108262173e+04 2.320000269103373867e+05 -1.183920840923740252e+04 7.296731528497194813e+04 2.784810640354036354e+06 3.479441097025019117e+06 -2.330801818449661660e+05 -4.520790821610270068e+05 3.279144506387034780e+05 5.971896939288486028e+05 4.510509178455520887e+05 -3.642063616459064651e+05 1.215006857746324968e+05
-1.176118534995873226e+06 -1.058533104509202996e+06 -6.220163835632224800e+05 -1.091627351318385772e+05 1.505153704108262173e+04 5.345625352121309843e+05 -7.179623379806947196e+04 4.296429274285532301e+04 2.259935020010018343e+04 -2.984147142710828688e+06 -1.201859381944551365e+06 -1.114258773285821779e+06 1.921757651902435464e+05 -1.529610150967484806e+05 1.067594950930815248e+05 -1.863861788065774817e+04 2.195266474051360565e+05 3.389250553463636152e+03
2.321125187411883380e+06 1.467938572353036143e+05 -4.327760521571960271e+04 3.358844558380038943e+05 2.320000269103373867e+05 -7.179623379806947196e+04 4.018702686260534101e+05 5.704365183788619470e+04 4.524453021062290645e+04 3.117920654903294984e+06 -7.729243452549761860e+05 4.368820001740436419e+05 1.668009060222246917e+05 5.836581302035063272e+05 3.008201084861062118e+05 2.797094815399373765e+05 2.693184022927959177e+03 1.308198134396698588e+05
9.048936624729199684e+04 8.016464542675175471e+04 8.808210006882337620e+04 8.092973629143225480e+02 -1.183920840923740252e+04 4.296429274285532301e+04 5.704365183788619470e+04 1.498876190477557248e+05 7.007808474181068595e+04 1.145118654768664623e+06 -3.177113452156596759e+04 5.686954127886466449e+05 4.958534725112339947e+05 5.532322969346615719e+04 8.777871278521870408e+03 6.906427708164445357e+04 6.484199505089165177e+04 2.470943547455550288e+04
2.251902325619467301e+05 -2.441782146044426190e+05 8.431524227979620264e+03 9.552098473287558591e+04 7.296731528497194813e+04 2.259935020010018343e+04 4.524453021062290645e+04 7.007808474181068595e+04 1.796187836352532031e+05 6.127171535559886834e+05 -7.344146578687513247e+05 -6.694171254243197618e+05 -1.213489273432526970e+05 6.744594054665949079e+04 2.491099013020223938e+05 6.430962589769662009e+04 4.084550149295922893e+03 9.150158201931486838e+04
4.228267107655602694e+07 5.263694531090306118e+06 -4.612822245684863999e+06 -2.271695917042871471e+06 2.784810640354036354e+06 -2.984147142710828688e+06 3.117920654903294984e+06 1.145118654768664623e+06 6.127171535559886834e+05 2.401748683812533021e+08 4.396358226025390625e+07 -4.814105886986667290e+06 -3.416385583640809637e+05 8.858556259279392660e+06 -3.937582255812908988e+06 4.266004420793581754e+06 5.156876833278420381e+06 4.908501052158117294e+06
-1.926332910992418602e+07 1.472450206379421428e+07 -1.165009221342736419e+05 4.565666903975357418e+05 3.479441097025019117e+06 -1.201859381944551365e+06 -7.729243452549761860e+05 -3.177113452156596759e+04 -7.344146578687513247e+05 4.396358226025390625e+07 7.267323037677523494e+07 -1.672008334113084478e+06 -5.234486965360149741e+06 -3.988168016192843206e+06 -2.561627075056038797e+06 2.708579716127349064e+06 -1.431774580220958684e+06 -1.825463139936345688e+05
3.532425821394024417e+06 3.665218219494726043e+06 2.080970014719290426e+06 -1.918185298090719152e+06 -2.330801818449661660e+05 -1.114258773285821779e+06 4.368820001740436419e+05 5.686954127886466449e+05 -6.694171254243197618e+05 -4.814105886986667290e+06 -1.672008334113084478e+06 3.005226852058814839e+07 6.573787833734463900e+06 7.857074167436598800e+05 7.763524210598024074e+05 2.797181170156257227e+06 -7.612122112479101634e+05 -2.673533940344317234e+05
1.300371711006053723e+06 7.472179239968736656e+05 -2.291800028996496985e+05 -1.431680742660199525e+06 -4.520790821610270068e+05 1.921757651902435464e+05 1.668009060222246917e+05 4.958534725112339947e+05 -1.213489273432526970e+05 -3.416385583640809637e+05 -5.234486965360149741e+06 6.573787833734463900e+06 9.545372017490765080e+06 1.431400542689108290e+06 -9.643934501394715626e+05 2.111991600349669810e+06 7.930193978569442406e+05 -5.444098192541054450e+05
5.621173675503229722e+06 7.307865325890528038e+05 -9.714392768758165184e+05 3.568057937119693961e+05 3.279144506387034780e+05 -1.529610150967484806e+05 5.836581302035063272e+05 5.532322969346615719e+04 6.744594054665949079e+04 8.858556259279392660e+06 -3.988168016192843206e+06 7.857074167436598800e+05 1.431400542689108290e+06 3.503816922400641721e+06 6.893951763896336779e+05 9.129314731508864788e+05 5.906167961806873791e+05 -9.001069688667298760e+04
4.689790976602654904e+06 9.023880666091410676e+05 -2.696942394616003730e+05 3.240715849181702361e+05 5.971896939288486028e+05 1.067594950930815248e+05 3.008201084861062118e+05 8.777871278521870408e+03 2.491099013020223938e+05 -3.937582255812908988e+06 -2.561627075056038797e+06 7.763524210598024074e+05 -9.643934501394715626e+05 6.893951763896336779e+05 2.358939465385166463e+06 4.090164911592144636e+05 -3.297149090611338615e+05 -1.852301761680115014e+05
2.941791800715181511e+06 2.778516838932739571e+06 6.793855943691356515e+03 -7.616686191717283800e+05 4.510509178455520887e+05 -1.863861788065774817e+04 2.797094815399373765e+05 6.906427708164445357e+04 6.430962589769662009e+04 4.266004420793581754e+06 2.708579716127349064e+06 2.797181170156257227e+06 2.111991600349669810e+06 9.129314731508864788e+05 4.090164911592144636e+05 3.167922370735058095e+06 6.014345588789248141e+05 -1.151884862061329768e+05
3.293280634014448151e+06 -2.346991083387982217e+05 4.504046309054091107e+05 -2.095676599759664896e+04 -3.642063616459064651e+05 2.195266474051360565e+05 2.693184022927959177e+03 6.484199505089165177e+04 4.084550149295922893e+03 5.156876833278420381e+06 -1.431774580220958684e+06 -7.612122112479101634e+05 7.930193978569442406e+05 5.906167961806873791e+05 -3.297149090611338615e+05 6.014345588789248141e+05 1.454987454127843259e+06 1.603837501749749063e+05
7.190471020116929139e+04 -6.376297478799800156e+05 1.821193186101470783e+05 2.778479980796285672e+05 1.215006857746324968e+05 3.389250553463636152e+03 1.308198134396698588e+05 2.470943547455550288e+04 9.150158201931486838e+04 4.908501052158117294e+06 -1.825463139936345688e+05 -2.673533940344317234e+05 -5.444098192541054450e+05 -9.001069688667298760e+04 -1.852301761680115014e+05 -1.151884862061329768e+05 1.603837501749749063e+05 5.613610628668520367e+05
