7.309838450990433991e+07 1.592378698299097270e+07 1.080469957754761679e+06 2.025194108943303872e+05 5.479573519305441296e+05 3.366899695928010042e+05 2.448816351186198881e+05 -8.278180849998422200e+05 1.327878566755909007e+06 7.611325859012083709e+07 1.024535434295551106e+07 -1.036469776194124715e+06 9.073115686889080331e+06 -5.151632279327095486e+06 1.204232813852733700e+06 -7.912577907824647846e+05 -9.861306382117187604e+05 -5.355339142588888062e+05
1.592378698299097270e+07 1.526318017874690890e+07 7.608656425758567639e+05 -6.836031361126014963e+05 -1.797498490269467875e+05 4.962182128701594193e+05 -1.902543862969954498e+05 -1.282633840523318213e+05 4.059463479992375360e+05 2.250561941336028650e+07 8.997715889070447534e+06 2.705561163039249368e+06 5.179749772475266829e+06 -8.097679344341633841e+05 2.051203114452139474e+06 1.405434408542410471e+06 -1.338561607362199109e+06 4.436775540670463815e+05
1.080469957754761679e+06 7.608656425758567639e+05 6.486768085537016392e+06 7.528413985416477080e+05 6.543800163135986077e+05 7.228592577787196497e+05 2.005007418544373650e+04 1.773238409520247951e+05 1.600362721232572512e+05 -7.479395439048655331e+06 4.055214076002407819e+05 4.443618531332198530e+06 9.433640250436861534e+05 1.233213444205714390e+06 -1.398874048474698502e+05 -7.187821676195390755e+05 5.238822056641418749e+04 1.555234800366940035e+05
2.025194108943303872e+05 -6.836031361126014963e+05 7.528413985416477080e+05 1.300994366933984915e+06 3.235258433098408932e+04 6.656103870876015571e+04 8.888441812023165403e+04 -1.318457714048441558e+05 1.762017765039058213e+04 3.290630867744848598e+06 1.286482304897937691e+06 1.237996005419557216e+06 8.145138163330237148e+05 1.901990171803197591e+05 -1.664713299573486147e+05 3.857652269217855064e+05 2.216078782571580377e+05 3.719911131600600202e+05
5.479573519305441296e+05 -1.797498490269467875e+05 6.543800163135986077e+05 3.235258433098408932e+04 5.520691876673618099e+05 -1.166342432047247275e+05 -8.430124124599595962e+04 3.109557039385155076e+04 -5.713849645288852480e+04 -5.773731892626377521e+05 -6.845340868181290571e+05 1.272339329261977109e+05 5.497065813116380014e+05 7.102879490649523214e+05 6.754095631036233681e+04 -2.948530859497622005e+05 1.999025909680500918e+05 7.360860958334270981e+04
3.366899695928010042e+05 4.962182128701594193e+05 7.228592577787196497e+05 6.656103870876015571e+04 -1.166342432047247275e+05 6.565125874345486518e+05 1.759733061317807369e+04 -3.521179683564040897e+04 1.190407450681440241e+04 -2.977670363953984343e+06 9.392767562596028438e+04 9.692550223995824344e+05 2.083701466926134017e+05 8.900292146130942274e+04 4.913718929602945573e+05 3.285005030991976964e+05 7.452081883836814086e+04 7.267082322988148917e+03
2.448816351186198881e+05 -1.902543862969954498e+05 2.005007418544373650e+04 8.888441812023165403e+04 -8.430124124599595962e+04 1.759733061317807369e+04 1.834579594637770206e+05 8.743779097464283404e+04 1.746453351587401994e+04 -3.123380037353811204e+05 3.711996111211343668e+05 -9.566866331812029239e+04 -4.624058860133038834e+05 -3.715849327455225866e+05 -2.164714782801557885e+04 7.628297859788766073e+04 -1.779912674268103365e+04 -2.659398261437252222e+04
-8.278180849998422200e+05 -1.282633840523318213e+05 1.773238409520247951e+05 -1.318457714048441558e+05 3.109557039385155076e+04 -3.521179683564040897e+04 8.743779097464283404e+04 2.063563778306486784e+05 6.681241846096213521e+03 -1.937203768656881293e+06 7.512852721320624696e+05 -3.724028353413291625e+05 -9.269791865487867035e+05 2.946715619403067976e+05 1.001062541457277462e+03 -5.103315536893278477e+04 4.798973120564809506e+04 4.303077421207053703e+04
1.327878566755909007e+06 4.059463479992375360e+05 1.600362721232572512e+05 1.762017765039058213e+04 -5.713849645288852480e+04 1.190407450681440241e+04 1.746453351587401994e+04 6.681241846096213521e+03 8.758459657861164305e+04 1.829139038334977813e+06 1.550540654441828374e+06 6.343561549537757855e+03 1.501430496135889261e+05 -6.275048655947446241e+04 -2.983159851670823991e+04 7.690212358924395812e+04 2.184689789578362979e+04 -9.071754596912809575e+03
7.611325859012083709e+07 2.250561941336028650e+07 -7.479395439048655331e+06 3.290630867744848598e+06 -5.773731892626377521e+05 -2.977670363953984343e+06 -3.123380037353811204e+05 -1.937203768656881293e+06 1.829139038334977813e+06 2.290622915958371162e+08 4.913031918625744991e+06 -2.622402947053745389e+07 8.976861434916948900e+06 -2.519724045357704628e+06 3.510328336191590410e+06 7.513817076565995812e+06 -3.338338027084635571e+06 1.175784248774275882e+06
1.024535434295551106e+07 8.997715889070447534e+06 4.055214076002407819e+05 1.286482304897937691e+06 -6.845340868181290571e+05 9.392767562596028438e+04 3.711996111211343668e+05 7.512852721320624696e+05 1.550540654441828374e+06 4.913031918625744991e+06 8.286030192124122381e+07 2.260257292811911181e+07 3.476680227826761547e+06 7.760543462598902406e+05 1.318053924581062049e+06 4.021037848807028960e+06 3.801872469478557352e+06 3.774690840424668277e+05
-1.036469776194124715e+06 2.705561163039249368e+06 4.443618531332198530e+06 1.237996005419557216e+06 1.272339329261977109e+05 9.692550223995824344e+05 -9.566866331812029239e+04 -3.724028353413291625e+05 6.343561549537757855e+03 -2.622402947053745389e+07 2.260257292811911181e+07 2.612777351130521297e+07 5.288633269408896565e+06 5.843977117626633262e+05 -9.355626752408797620e+05 -1.429454734940198017e+06 8.284893931889398955e+05 -2.549258640517064487e+05
9.073115686889080331e+06 5.179749772475266829e+06 9.433640250436861534e+05 8.145138163330237148e+05 5.497065813116380014e+05 2.083701466926134017e+05 -4.624058860133038834e+05 -9.269791865487867035e+05 1.501430496135889261e+05 8.976861434916948900e+06 3.476680227826761547e+06 5.288633269408896565e+06 1.086080504918891937e+07 4.938332217940805713e+05 1.023047456004879670e+06 -3.061555265772349085e+05 2.534637960660322278e+05 1.015403182750915294e+05
-5.151632279327095486e+06 -8.097679344341633841e+05 1.233213444205714390e+06 1.901990171803197591e+05 7.102879490649523214e+05 8.900292146130942274e+04 -3.715849327455225866e+05 2.946715619403067976e+05 -6.275048655947446241e+04 -2.519724045357704628e+06 7.760543462598902406e+05 5.843977117626633262e+05 4.938332217940805713e+05 7.667730882542334497e+06 4.227486504397017998e+05 8.799217430953927396e+04 3.011746193385676015e+05 9.645075739911910205e+04
1.204232813852733700e+06 2.051203114452139474e+06 -1.398874048474698502e+05 -1.664713299573486147e+05 6.754095631036233681e+04 4.913718929602945573e+05 -2.164714782801557885e+04 1.001062541457277462e+03 -2.983159851670823991e+04 3.510328336191590410e+06 1.318053924581062049e+06 -9.355626752408797620e+05 1.023047456004879670e+06 4.227486504397017998e+05 2.295865233073739335e+06 1.165343283927134937e+06 -1.270334431673162180e+05 1.948504452897914452e+05
-7.912577907824647846e+05 1.405434408542410471e+06 -7.187821676195390755e+05 3.857652269217855064e+05 -2.948530859497622005e+05 3.285005030991976964e+05 7.628297859788766073e+04 -5.103315536893278477e+04 7.690212358924395812e+04 7.513817076565995812e+06 4.021037848807028960e+06 -1.429454734940198017e+06 -3.061555265772349085e+05 8.799217430953927396e+04 1.165343283927134937e+06 2.374076768471593503e+06 1.749390682451998582e+05 3.613316780360534322e+05
-9.861306382117187604e+05 -1.338561607362199109e+06 5.238822056641418749e+04 2.216078782571580377e+05 1.999025909680500918e+05 7.452081883836814086e+04 -1.779912674268103365e+04 4.798973120564809506e+04 2.184689789578362979e+04 -3.338338027084635571e+06 3.801872469478557352e+06 8.284893931889398955e+05 2.534637960660322278e+05 3.011746193385676015e+05 -1.270334431673162180e+05 1.749390682451998582e+05 8.496654264168704394e+05 1.465176190308039368e+05
-5.355339142588888062e+05 4.436775540670463815e+05 1.555234800366940035e+05 3.719911131600600202e+05 7.360860958334270981e+04 7.267082322988148917e+03 -2.659398261437252222e+04 4.303077421207053703e+04 -9.071754596912809575e+03 1.175784248774275882e+06 3.774690840424668277e+05 -2.549258640517064487e+05 1.015403182750915294e+05 9.645075739911910205e+04 1.948504452897914452e+05 3.613316780360534322e+05 1.465176190308039368e+05 5.410588580174465897e+05
