2.400868149911747873e+07 1.560471763875980629e+06 1.623629555420435034e+06 1.148048071504807333e+06 5.577807102592111332e+05 9.209444564359118522e+04 1.119426071351678576e+06 -2.502654779583501222e+05 -3.000404631586173855e+04 -7.820606045936163515e+06 1.786575419239978492e+07 5.881166712220394984e+06 4.443961207088994794e+06 2.885383953805593774e+06 1.109382569969368167e+06 1.171855282570196781e+06 3.483795007651607157e+05 -3.039874128833559225e+05
1.560471763875980629e+06 1.194823026571846753e+07 7.556607039343777578e+05 3.790498241380648687e+05 1.420494349001998315e+06 8.382654611524393549e+05 6.279180825782932807e+05 -2.096659472675687575e+05 -8.599110701890836935e+04 1.525470936450647190e+07 1.119380815182177536e+07 1.773322120897200890e+06 -5.417534224990905932e+04 3.037891726030926220e+06 -1.588587809862158494e+06 1.186142999121712055e+06 7.435849220023408998e+05 -3.387933221384391072e+05
1.623629555420435034e+06 7.556607039343777578e+05 6.583320384339203127e+06 2.285932750904041342e+06 8.607166681526463944e+05 6.243407392451716587e+05 1.789766362663081381e+05 1.507606036210733873e+05 7.356545461834488378e+04 9.835521242553396150e+06 2.594945983969071880e+06 8.578977605247896165e+06 2.811396208112088963e+06 1.435470737578842381e+05 6.193637745165061206e+05 -8.545009115610370645e+05 5.268713769828233635e+05 6.774653125122260535e+05
1.148048071504807333e+06 3.790498241380648687e+05 2.285932750904041342e+06 3.295475397421751171e+06 8.760827994338279823e+05 1.578187016837591946e+05 -2.592168429898488466e+04 -1.889065925167301975e+04 -2.855959763582317100e+04 -4.621543090701499023e+06 3.118510347483707592e+06 4.145000667723579332e+06 3.554103915452013258e+06 2.643224498575141188e+05 1.083962410667204313e+04 1.676345297258023857e+04 -1.979386102284773660e+05 1.316146670882675098e+05
5.577807102592111332e+05 1.420494349001998315e+06 8.607166681526463944e+05 8.760827994338279823e+05 1.520143181708971970e+06 4.070464541707981844e+05 1.907088546610954218e+05 -8.568351002769131446e+04 1.434448249802162754e+05 2.319283610376036726e+06 -9.294125608290378004e+05 3.235425842309009284e+06 1.077714985159087693e+06 9.321202567686102120e+05 -3.059718409039794351e+05 6.789003415892358171e+05 5.339698300297553651e+05 3.086986812245189212e+05
9.209444564359118522e+04 8.382654611524393549e+05 6.243407392451716587e+05 1.578187016837591946e+05 4.070464541707981844e+05 5.515766240296296310e+05 1.245654816244440735e+05 3.747136831337000331e+03 1.799746447403818092e+04 4.326808924849533476e+06 1.719443687202761881e+06 1.746927015023827553e+06 -5.222646737352489727e+05 1.229892075726048788e+05 1.199470649096919515e+05 1.129482014014137967e+05 3.806607610539352027e+04 1.818062135518946452e+05
1.119426071351678576e+06 6.279180825782932807e+05 1.789766362663081381e+05 -2.592168429898488466e+04 1.907088546610954218e+05 1.245654816244440735e+05 3.144605496334904456e+05 -1.955954115585356703e+04 -7.010476621049416281e+03 1.453062463584236801e+06 1.006072445096074371e+05 1.174141934136039345e+06 1.041689908905583434e+05 1.856755994815863669e+05 1.844039082456289616e+05 1.873315109660629532e+05 1.574134705667645612e+05 4.389503103261078650e+04
-2.502654779583501222e+05 -2.096659472675687575e+05 1.507606036210733873e+05 -1.889065925167301975e+04 -8.568351002769131446e+04 3.747136831337000331e+03 -1.955954115585356703e+04 1.219250330707096145e+05 2.753259908166664172e+04 -1.442234179098194931e+06 -4.131983905668641673e+05 5.869135320732877881e+04 -6.102491979519729648e+04 1.347450507119192916e+05 -2.289240799578611332e+05 -5.100367895339280221e+04 2.567837960614247550e+03 2.358015136291706585e+04
-3.000404631586173855e+04 -8.599110701890836935e+04 7.356545461834488378e+04 -2.855959763582317100e+04 1.434448249802162754e+05 1.799746447403818092e+04 -7.010476621049416281e+03 2.753259908166664172e+04 7.140101869306273875e+04 3.128174495099752094e+05 -8.294867144382330589e+05 7.665960626661583956e+04 3.592656751438349602e+04 2.016730292762159079e+05 -8.108008298925618874e+04 -4.016692033440680098e+04 7.506667626778820704e+04 5.525969137413331191e+04
-7.820606045936163515e+06 1.525470936450647190e+07 9.835521242553396150e+06 -4.621543090701499023e+06 2.319283610376036726e+06 4.326808924849533476e+06 1.453062463584236801e+06 -1.442234179098194931e+06 3.128174495099752094e+05 2.320615695004490018e+08 1.751706446289233491e+07 1.941111986084386334e+07 -1.734950524876578152e+07 -6.397796352868314832e+06 1.192601464687573537e+07 -1.718536179173454409e+06 2.687021918966283556e+06 1.575722320283015724e+05
1.786575419239978492e+07 1.119380815182177536e+07 2.594945983969071880e+06 3.118510347483707592e+06 -9.294125608290378004e+05 1.719443687202761881e+06 1.006072445096074371e+05 -4.131983905668641673e+05 -8.294867144382330589e+05 1.751706446289233491e+07 8.416904009809672832e+07 1.496915962066421844e+07 -2.173062578537072521e+06 4.095446471771925222e+06 -1.183451779851597967e+06 -2.383769740479369182e+06 -1.842440716896877624e+06 -8.246484588203364983e+05
5.881166712220394984e+06 1.773322120897200890e+06 8.578977605247896165e+06 4.145000667723579332e+06 3.235425842309009284e+06 1.746927015023827553e+06 1.174141934136039345e+06 5.869135320732877881e+04 7.665960626661583956e+04 1.941111986084386334e+07 1.496915962066421844e+07 3.665285877445966005e+07 1.935199181172406767e+06 2.873582267726222053e+06 -4.678905585965032224e+05 -1.783809694560997305e+05 4.888595743962284178e+05 2.454734085538824555e+06
4.443961207088994794e+06 -5.417534224990905932e+04 2.811396208112088963e+06 3.554103915452013258e+06 1.077714985159087693e+06 -5.222646737352489727e+05 1.041689908905583434e+05 -6.102491979519729648e+04 3.592656751438349602e+04 -1.734950524876578152e+07 -2.173062578537072521e+06 1.935199181172406767e+06 1.368197925063276663e+07 1.720626491237325361e+06 -5.031224231444413308e+05 1.313368876876232447e+06 1.581290721155909821e+06 6.168385233041596366e+05
2.885383953805593774e+06 3.037891726030926220e+06 1.435470737578842381e+05 2.643224498575141188e+05 9.321202567686102120e+05 1.229892075726048788e+05 1.856755994815863669e+05 1.347450507119192916e+05 2.016730292762159079e+05 -6.397796352868314832e+06 4.095446471771925222e+06 2.873582267726222053e+06 1.720626491237325361e+06 4.187641598026131280e+06 -1.971805246505308663e+06 3.040435466747782193e+05 7.793097478775180643e+05 5.792265847139408579e+05
1.109382569969368167e+06 -1.588587809862158494e+06 6.193637745165061206e+05 1.083962410667204313e+04 -3.059718409039794351e+05 1.199470649096919515e+05 1.844039082456289616e+05 -2.289240799578611332e+05 -8.108008298925618874e+04 1.192601464687573537e+07 -1.183451779851597967e+06 -4.678905585965032224e+05 -5.031224231444413308e+05 -1.971805246505308663e+06 2.792258480592206120e+06 -9.047421082179594669e+04 2.431280130214676683e+04 -3.264156873426537495e+05
1.171855282570196781e+06 1.186142999121712055e+06 -8.545009115610370645e+05 1.676345297258023857e+04 6.789003415892358171e+05 1.129482014014137967e+05 1.873315109660629532e+05 -5.100367895339280221e+04 -4.016692033440680098e+04 -1.718536179173454409e+06 -2.383769740479369182e+06 -1.783809694560997305e+05 1.313368876876232447e+06 3.040435466747782193e+05 -9.047421082179594669e+04 2.079366353693121113e+06 5.562494972394218203e+05 1.185446121298074577e+05
3.483795007651607157e+05 7.435849220023408998e+05 5.268713769828233635e+05 -1.979386102284773660e+05 5.339698300297553651e+05 3.806607610539352027e+04 1.574134705667645612e+05 2.567837960614247550e+03 7.506667626778820704e+04 2.687021918966283556e+06 -1.842440716896877624e+06 4.888595743962284178e+05 1.581290721155909821e+06 7.793097478775180643e+05 2.431280130214676683e+04 5.562494972394218203e+05 1.021457019576430554e+06 2.526370926365566556e+05
-3.039874128833559225e+05 -3.387933221384391072e+05 6.774653125122260535e+05 1.316146670882675098e+05 3.086986812245189212e+05 1.818062135518946452e+05 4.389503103261078650e+04 2.358015136291706585e+04 5.525969137413331191e+04 1.575722320283015724e+05 -8.246484588203364983e+05 2.454734085538824555e+06 6.168385233041596366e+05 5.792265847139408579e+05 -3.264156873426537495e+05 1.185446121298074577e+05 2.526370926365566556e+05 6.178066051500275498e+05
