3.668851238887443393e+07 7.114629735484561883e+06 -1.581409447074073600e+06 -3.880722933547926368e+05 1.039188597150825430e+06 4.913415848249494447e+05 6.600270287691298872e+05 6.691444113861112855e+05 1.100885843517511385e+06 -2.268022893579648808e+07 -1.544840493080219440e+07 -3.431075389528913889e+06 2.985073252275330015e+06 3.830898825686588418e+06 3.237845670024715364e+06 3.301123981202038471e+06 3.561401325706127100e+05 7.373062203807374462e+05
7.114629735484561883e+06 9.124075055801315233e+06 6.818628393783178180e+05 -3.983492270431115758e+05 -1.196270088732227916e+06 -2.667496905249505289e+04 7.307036165443111677e+05 3.609921250812444487e+05 -1.146050824907517381e+05 -1.235398846751194075e+07 -4.511803378863685764e+06 1.318118322763925651e+06 -7.181799353043251904e+05 -8.673261107415835140e+05 -1.077020405047531531e+05 5.382827756257686997e+05 -2.445250697996787785e+05 2.130739879884858674e+05
-1.581409447074073600e+06 6.818628393783178180e+05 6.271688195227020420e+06 2.532382007621458324e+05 -7.648453552193758078e+05 2.628573430514786160e+05 6.947652415308492491e+05 -3.200194639648897573e+05 -2.926820741980586317e+05 -5.641210178084080108e+06 9.500915758590808138e+06 7.127794005714341998e+06 7.711250953155452153e+05 -1.888693380602891557e+05 1.036060638683905709e+06 -8.298793289558351971e+05 -2.542914346883317630e+05 2.920343244739419606e+04
-3.880722933547926368e+05 -3.983492270431115758e+05 2.532382007621458324e+05 1.271516212008277886e+06 1.880361937375189736e+05 -9.196519931143957365e+03 -3.545345194262891891e+04 6.292044903334087576e+04 -9.054129409111222776e+04 -1.025553537926034257e+07 3.134526017715795431e+06 4.219823266168816015e+06 9.214849522960033501e+05 7.646312396184048848e+05 4.501799505645625759e+05 -1.484007726892629944e+04 -3.216607723875295778e+04 -1.576883568189382495e+05
1.039188597150825430e+06 -1.196270088732227916e+06 -7.648453552193758078e+05 1.880361937375189736e+05 9.805638509911297588e+05 -8.743900734173451201e+04 4.854404469865951251e+04 -7.409136783454308897e+03 2.083104403909344983e+05 1.294126268528847024e+06 -8.757375040693744086e+05 -1.064620561408775247e+05 1.189684446982658934e+06 1.356460109656874090e+06 3.514236614291089354e+05 5.670743150884998031e+05 4.122385028909037355e+05 -2.453007601549476021e+04
4.913415848249494447e+05 -2.667496905249505289e+04 2.628573430514786160e+05 -9.196519931143957365e+03 -8.743900734173451201e+04 3.694724114177860320e+05 2.106082784498653837e+03 -3.227712019633832097e+04 6.139419060367150814e+04 -2.231314334381781518e+06 2.872618375330448616e+05 8.476383495135861449e+05 4.259143637868586229e+05 1.520970661879512190e+05 1.453274013286455920e+04 -1.910251728546075901e+04 -1.907338883954588164e+04 5.086693205754720111e+04
6.600270287691298872e+05 7.307036165443111677e+05 6.947652415308492491e+05 -3.545345194262891891e+04 4.854404469865951251e+04 2.106082784498653837e+03 4.814053375837279018e+05 3.810656550095527928e+04 -2.220583347200345088e+04 -1.911515193606872112e+06 1.272740246519903420e+06 1.446338422047961503e+06 1.004615458996484871e+06 8.395559131707377965e+05 1.149217011977383954e+05 2.704414581841446343e+05 1.136757068186422694e+05 1.849567902807052014e+05
6.691444113861112855e+05 3.609921250812444487e+05 -3.200194639648897573e+05 6.292044903334087576e+04 -7.409136783454308897e+03 -3.227712019633832097e+04 3.810656550095527928e+04 1.996817520239289152e+05 7.519307246166186815e+04 -1.768220659470791928e+06 -7.629725672114115441e+05 5.867143755638684379e+05 -2.018968404598752968e+05 -5.033535215000466269e+04 -2.159252869338981400e+05 5.161206620648410171e+04 5.918825694582701544e+04 1.364820255963829695e+05
1.100885843517511385e+06 -1.146050824907517381e+05 -2.926820741980586317e+05 -9.054129409111222776e+04 2.083104403909344983e+05 6.139419060367150814e+04 -2.220583347200345088e+04 7.519307246166186815e+04 1.969333970237865578e+05 3.594996354167358950e+05 -5.383531138060606318e+05 -6.443495068824529153e+04 9.691233233982713136e+04 1.486956173233778100e+05 -6.119712231596104539e+04 6.584119263756251894e+04 1.244895782864274515e+05 1.235570571809351532e+05
-2.268022893579648808e+07 -1.235398846751194075e+07 -5.641210178084080108e+06 -1.025553537926034257e+07 1.294126268528847024e+06 -2.231314334381781518e+06 -1.911515193606872112e+06 -1.768220659470791928e+06 3.594996354167358950e+05 3.111802822543619275e+08 1.013275084090474434e+07 -5.259912085735186934e+07 -1.158046089711391553e+07 -9.819698648158118129e+06 -1.730826921391261858e+05 -1.800602082631088560e+05 -9.866356147950495360e+05 -8.526560421726485947e+05
-1.544840493080219440e+07 -4.511803378863685764e+06 9.500915758590808138e+06 3.134526017715795431e+06 -8.757375040693744086e+05 2.872618375330448616e+05 1.272740246519903420e+06 -7.629725672114115441e+05 -5.383531138060606318e+05 1.013275084090474434e+07 6.198451916773535311e+07 1.124023040088880248e+07 8.608820413211360574e+06 3.546493187816102058e+06 1.223614207162986277e+06 -5.154333572289065458e+06 -3.752553602291680872e+06 2.482915385721443454e+05
-3.431075389528913889e+06 1.318118322763925651e+06 7.127794005714341998e+06 4.219823266168816015e+06 -1.064620561408775247e+05 8.476383495135861449e+05 1.446338422047961503e+06 5.867143755638684379e+05 -6.443495068824529153e+04 -5.259912085735186934e+07 1.124023040088880248e+07 5.706812370783632994e+07 1.044458371830028109e+07 1.761493260974184610e+06 1.884318774689517682e+06 5.572038568058182718e+05 2.824085542048458010e+06 4.463278383784753387e+05
2.985073252275330015e+06 -7.181799353043251904e+05 7.711250953155452153e+05 9.214849522960033501e+05 1.189684446982658934e+06 4.259143637868586229e+05 1.004615458996484871e+06 -2.018968404598752968e+05 9.691233233982713136e+04 -1.158046089711391553e+07 8.608820413211360574e+06 1.044458371830028109e+07 1.059741962935160100e+07 4.202408443532749079e+06 8.969726237164408667e+05 7.809550512018817244e+05 4.167533855754178949e+05 4.540777736826604232e+05
3.830898825686588418e+06 -8.673261107415835140e+05 -1.888693380602891557e+05 7.646312396184048848e+05 1.356460109656874090e+06 1.520970661879512190e+05 8.395559131707377965e+05 -5.033535215000466269e+04 1.486956173233778100e+05 -9.819698648158118129e+06 3.546493187816102058e+06 1.761493260974184610e+06 4.202408443532749079e+06 7.009496972588484176e+06 1.814000058288648725e+06 7.679991604822054505e+05 6.447554048678395338e+05 -6.315061306915170280e+04
3.237845670024715364e+06 -1.077020405047531531e+05 1.036060638683905709e+06 4.501799505645625759e+05 3.514236614291089354e+05 1.453274013286455920e+04 1.149217011977383954e+05 -2.159252869338981400e+05 -6.119712231596104539e+04 -1.730826921391261858e+05 1.223614207162986277e+06 1.884318774689517682e+06 8.969726237164408667e+05 1.814000058288648725e+06 3.880960960772607010e+06 3.932499851174653741e+05 4.908135761500365334e+04 -2.473254951899223088e+05
3.301123981202038471e+06 5.382827756257686997e+05 -8.298793289558351971e+05 -1.484007726892629944e+04 5.670743150884998031e+05 -1.910251728546075901e+04 2.704414581841446343e+05 5.161206620648410171e+04 6.584119263756251894e+04 -1.800602082631088560e+05 -5.154333572289065458e+06 5.572038568058182718e+05 7.809550512018817244e+05 7.679991604822054505e+05 3.932499851174653741e+05 1.615254302572046872e+06 5.575644540429031476e+05 -8.406421553773368942e+04
3.561401325706127100e+05 -2.445250697996787785e+05 -2.542914346883317630e+05 -3.216607723875295778e+04 4.122385028909037355e+05 -1.907338883954588164e+04 1.136757068186422694e+05 5.918825694582701544e+04 1.244895782864274515e+05 -9.866356147950495360e+05 -3.752553602291680872e+06 2.824085542048458010e+06 4.167533855754178949e+05 6.447554048678395338e+05 4.908135761500365334e+04 5.575644540429031476e+05 9.029605585917130811e+05 2.196888351911168720e+05
7.373062203807374462e+05 2.130739879884858674e+05 2.920343244739419606e+04 -1.576883568189382495e+05 -2.453007601549476021e+04 5.086693205754720111e+04 1.849567902807052014e+05 1.364820255963829695e+05 1.235570571809351532e+05 -8.526560421726485947e+05 2.482915385721443454e+05 4.463278383784753387e+05 4.540777736826604232e+05 -6.315061306915170280e+04 -2.473254951899223088e+05 -8.406421553773368942e+04 2.196888351911168720e+05 5.958461741422092309e+05
