6.432991229965708405e+07 5.924427316708580591e+06 9.540779340974282240e+04 4.143508734431874938e+06 4.014161664806734771e+06 1.201075048670929624e+06 1.615795751448197756e+06 5.102249403205201961e+05 -2.392464291769254196e+05 2.864332913232037053e+07 2.930830280505244806e+07 9.495982482054427965e+05 4.516779851949493401e+06 5.146249827254657634e+06 2.139669597405406646e+06 3.786511252851747908e+06 -7.181383033780205296e+05 -2.892333073672883678e+06
5.924427316708580591e+06 1.490722760631469823e+07 5.069615447606168687e+06 1.859566147359437309e+06 1.910814049399870448e+06 6.744809239629432559e+05 2.988322570821451372e+05 5.701812829904174432e+05 4.412452173411642434e+05 1.050746288642232865e+07 2.510167530227856338e+07 6.814616703798392788e+06 -1.281100227169927530e+05 9.789017579769665608e+05 2.364596539169174212e+05 2.125943396573083941e+06 -1.828755033850995096e+04 -1.281719043172930600e+06
9.540779340974282240e+04 5.069615447606168687e+06 8.361093555059049278e+06 8.485837612046186114e+05 8.726536411988951731e+05 5.716031714790960541e+05 1.821016648554987041e+05 -5.504986724929664342e+04 6.060533980674230406e+04 1.509123709307591431e+06 9.811389734272243455e+06 6.152550163563188165e+06 5.109210395391741185e+05 -1.860517990513687022e+06 1.368614949920584681e+06 1.655776567878577625e+06 3.950918335432696622e+05 1.277565730388802476e+05
4.143508734431874938e+06 1.859566147359437309e+06 8.485837612046186114e+05 1.587826726895533968e+06 1.751338612985044892e+05 1.770250363872379530e+05 1.321408526736354106e+05 -7.431013213887068559e+04 -3.260638853974084486e+04 4.127621097743270802e+05 6.964404660652581602e+06 1.431855999936843989e+06 1.459877137770311907e+06 -6.976524958171945764e+05 -5.111433889382223133e+05 1.810488431999987224e+05 -2.042087667219886207e+05 -3.215289868160071201e+05
4.014161664806734771e+06 1.910814049399870448e+06 8.726536411988951731e+05 1.751338612985044892e+05 9.891995820884536952e+05 2.859663139034874039e+05 2.626475170202653972e+05 2.663021582913113525e+05 1.101152726451001363e+05 1.805530216330545954e+06 4.399399140191475861e+06 1.701102718813427491e+05 7.023161001795064658e+05 2.500734928997797542e+05 2.705725588652090519e+05 4.377022814181496506e+05 -1.406718647750677774e+05 -1.818826816940889694e+05
1.201075048670929624e+06 6.744809239629432559e+05 5.716031714790960541e+05 1.770250363872379530e+05 2.859663139034874039e+05 4.798686947940489626e+05 1.285385087394873262e+05 2.790115548493655660e+04 5.777035143649983365e+04 -4.332940356930293092e+03 1.851927567523994017e+06 4.007134936620696099e+05 5.843304053581467597e+05 -9.504187003914186789e+04 1.015544283106185612e+05 2.457238951770946442e+05 -2.388076667156792246e+05 -1.107623380114288375e+04
1.615795751448197756e+06 2.988322570821451372e+05 1.821016648554987041e+05 1.321408526736354106e+05 2.626475170202653972e+05 1.285385087394873262e+05 2.737106167181347846e+05 3.570107220491406042e+04 3.458654346270436508e+04 1.027446973077621195e+06 2.345312720320689492e+06 6.741264223221110879e+05 3.584919345335714752e+05 2.163657072438619216e+05 3.321449100781478919e+05 5.017875555283567519e+04 -1.620854829286733366e+04 7.548212911951800925e+04
5.102249403205201961e+05 5.701812829904174432e+05 -5.504986724929664342e+04 -7.431013213887068559e+04 2.663021582913113525e+05 2.790115548493655660e+04 3.570107220491406042e+04 2.266154950879871612e+05 5.692308078531231149e+04 -7.705719105735332705e+05 5.801302007696531946e+05 -8.263554032281214313e+04 5.351813766904904041e+05 5.098722289598228526e+05 1.903588139812865411e+05 4.214343702127124561e+04 -1.031645195655143471e+04 -1.055097404643318441e+05
-2.392464291769254196e+05 4.412452173411642434e+05 6.060533980674230406e+04 -3.260638853974084486e+04 1.101152726451001363e+05 5.777035143649983365e+04 3.458654346270436508e+04 5.692308078531231149e+04 1.053304124030905077e+05 1.828683416882653546e+05 1.581494633920629509e+06 6.251229152851527324e+05 3.015658136205764022e+05 -5.124686081624566577e+04 1.669928499011623717e+04 2.130437490704228694e+05 5.353412402868459139e+03 8.527290043955847796e+04
2.864332913232037053e+07 1.050746288642232865e+07 1.509123709307591431e+06 4.127621097743270802e+05 1.805530216330545954e+06 -4.332940356930293092e+03 1.027446973077621195e+06 -7.705719105735332705e+05 1.828683416882653546e+05 2.326922280328199565e+08 6.543423033553440869e+07 1.617194550459423475e+07 -1.469461641657380015e+07 8.870700010623700917e+06 5.484091762484084815e+06 3.711185518289247528e+06 2.613143067969845142e+05 -4.011380035407725256e+06
2.930830280505244806e+07 2.510167530227856338e+07 9.811389734272243455e+06 6.964404660652581602e+06 4.399399140191475861e+06 1.851927567523994017e+06 2.345312720320689492e+06 5.801302007696531946e+05 1.581494633920629509e+06 6.543423033553440869e+07 1.140839280237829685e+08 2.099054294387175143e+07 1.390303615096506663e+06 3.250221519984576385e+06 3.568193443795517087e+06 7.428196151641901582e+06 2.046437734817514662e+06 -7.786534378225501860e+05
9.495982482054427965e+05 6.814616703798392788e+06 6.152550163563188165e+06 1.431855999936843989e+06 1.701102718813427491e+05 4.007134936620696099e+05 6.741264223221110879e+05 -8.263554032281214313e+04 6.251229152851527324e+05 1.617194550459423475e+07 2.099054294387175143e+07 3.745199340940531343e+07 -5.371290013988979161e+06 9.025301402502885321e+05 4.242229687237933278e+06 5.399624472128165886e+06 2.108835439989143517e+06 1.317189846245177090e+06
4.516779851949493401e+06 -1.281100227169927530e+05 5.109210395391741185e+05 1.459877137770311907e+06 7.023161001795064658e+05 5.843304053581467597e+05 3.584919345335714752e+05 5.351813766904904041e+05 3.015658136205764022e+05 -1.469461641657380015e+07 1.390303615096506663e+06 -5.371290013988979161e+06 1.602684006184922904e+07 -1.266720167399872094e+06 -2.138522980959568638e+06 -6.064443667813481297e+05 -1.265340774936499074e+06 -1.783275036770065490e+05
5.146249827254657634e+06 9.789017579769665608e+05 -1.860517990513687022e+06 -6.976524958171945764e+05 2.500734928997797542e+05 -9.504187003914186789e+04 2.163657072438619216e+05 5.098722289598228526e+05 -5.124686081624566577e+04 8.870700010623700917e+06 3.250221519984576385e+06 9.025301402502885321e+05 -1.266720167399872094e+06 5.131648580242788419e+06 1.265299814434868284e+06 1.541774234719865199e+05 3.876442524167709635e+05 -7.310101680469255662e+05
2.139669597405406646e+06 2.364596539169174212e+05 1.368614949920584681e+06 -5.111433889382223133e+05 2.705725588652090519e+05 1.015544283106185612e+05 3.321449100781478919e+05 1.903588139812865411e+05 1.669928499011623717e+04 5.484091762484084815e+06 3.568193443795517087e+06 4.242229687237933278e+06 -2.138522980959568638e+06 1.265299814434868284e+06 3.092408311994661577e+06 1.154472070567386225e+06 8.804572345504424302e+05 2.733546634920554352e+05
3.786511252851747908e+06 2.125943396573083941e+06 1.655776567878577625e+06 1.810488431999987224e+05 4.377022814181496506e+05 2.457238951770946442e+05 5.017875555283567519e+04 4.214343702127124561e+04 2.130437490704228694e+05 3.711185518289247528e+06 7.428196151641901582e+06 5.399624472128165886e+06 -6.064443667813481297e+05 1.541774234719865199e+05 1.154472070567386225e+06 2.560125231512094848e+06 5.368194122824482620e+05 -1.882039137645209557e+05
-7.181383033780205296e+05 -1.828755033850995096e+04 3.950918335432696622e+05 -2.042087667219886207e+05 -1.406718647750677774e+05 -2.388076667156792246e+05 -1.620854829286733366e+04 -1.031645195655143471e+04 5.353412402868459139e+03 2.613143067969845142e+05 2.046437734817514662e+06 2.108835439989143517e+06 -1.265340774936499074e+06 3.876442524167709635e+05 8.804572345504424302e+05 5.368194122824482620e+05 6.524297799466637662e+05 2.162360721955100598e+05
-2.892333073672883678e+06 -1.281719043172930600e+06 1.277565730388802476e+05 -3.215289868160071201e+05 -1.818826816940889694e+05 -1.107623380114288375e+04 7.548212911951800925e+04 -1.055097404643318441e+05 8.527290043955847796e+04 -4.011380035407725256e+06 -7.786534378225501860e+05 1.317189846245177090e+06 -1.783275036770065490e+05 -7.310101680469255662e+05 2.733546634920554352e+05 -1.882039137645209557e+05 2.162360721955100598e+05 8.345428410967638483e+05
