6.540445101476562023e+07 -4.860512385704799555e+06 2.505224088285869453e+06 -1.128655883624644717e+06 -1.035630979306990863e+06 4.528337949074640055e+05 -7.509718211563493824e+05 -9.046469484615930123e+05 -3.548567333123119897e+04 3.300386718471013382e+07 -1.149307566557667404e+07 1.153507977065703599e+06 -5.568209571459774859e+06 -1.907027719528996386e+06 2.141687359814106021e+06 5.526712949338600039e+06 1.871290265495117754e+06 8.428153346859914018e+05
-4.860512385704799555e+06 1.862426107082169503e+07 2.884173325116318185e+06 -8.463499153124409495e+05 5.102267921304722549e+05 5.109579434201401455e+04 2.700282402851697407e+05 4.814099630934771994e+04 -1.857206806120557885e+05 -1.595298936433743872e+07 1.549421245992033184e+07 9.887113875780135393e+06 6.982754865628477419e+05 -1.826334057030107593e+06 3.477693784266271978e+05 7.111306735343034379e+05 6.541291016401238739e+05 8.593885620383280329e+05
2.505224088285869453e+06 2.884173325116318185e+06 4.657409070001461543e+06 -5.256423209086371353e+05 4.349836548327803612e+05 -4.956275095292673795e+05 3.312675361091828090e+05 3.271395356972953305e+05 -1.039012404484417348e+05 4.152076019673547242e+06 1.151073574842168950e+06 7.490936526153888553e+06 2.317940353453828953e+06 -1.467416778112770990e+05 -2.495984207885718497e+05 5.957310604112141300e+05 4.670630481026523048e+05 3.933372947118556567e+03
-1.128655883624644717e+06 -8.463499153124409495e+05 -5.256423209086371353e+05 1.634731607222131221e+06 6.220894318946459098e+05 3.921127605739288847e+05 4.589409747088190488e+04 1.246608549803853821e+05 9.937387336310942192e+04 -4.082060152379675303e+06 -5.226048655782241840e+05 1.347512449209696788e+05 2.646459144769959152e+06 -4.287273100039502606e+05 -1.832199327431803686e+05 1.689200146521599090e+05 -9.330999418881325983e+04 1.199031185027870670e+05
-1.035630979306990863e+06 5.102267921304722549e+05 4.349836548327803612e+05 6.220894318946459098e+05 9.138503904907467077e+05 1.552417458988697035e+05 1.914989011050198678e+04 1.455152399316311057e+05 9.013510325187093986e+04 1.014992027631616220e+06 -1.245068276042171987e+06 3.215984956328533008e+04 1.302300847918082494e+06 1.234977602293492382e+05 -2.321067795025263331e+04 2.410050033887267346e+05 -2.551614802288111605e+04 1.484350885737110548e+04
4.528337949074640055e+05 5.109579434201401455e+04 -4.956275095292673795e+05 3.921127605739288847e+05 1.552417458988697035e+05 4.361846833960796939e+05 -9.980871746255447215e+04 -9.607863009815498663e+04 4.130162549789324839e+04 1.371534561445256462e+06 -2.004289489108463167e+05 -1.208172714250249323e+06 -6.500487958746602817e+04 -6.812529992319100711e+04 2.384714974214162794e+05 1.088477746791709214e+05 -1.322515811235977162e+05 1.051451995087468385e+05
-7.509718211563493824e+05 2.700282402851697407e+05 3.312675361091828090e+05 4.589409747088190488e+04 1.914989011050198678e+04 -9.980871746255447215e+04 1.507607495162543491e+05 9.186193264679065032e+04 -2.489520024947509228e+04 -9.545639111871569185e+05 -1.643767480082162365e+05 1.334333539417769993e+06 3.701274504151155706e+05 -1.897108042750606546e+05 -1.184475228638988920e+05 1.227141606846144350e+04 1.951849427056889908e+04 -1.384679637893303006e+05
-9.046469484615930123e+05 4.814099630934771994e+04 3.271395356972953305e+05 1.246608549803853821e+05 1.455152399316311057e+05 -9.607863009815498663e+04 9.186193264679065032e+04 2.062919303228271892e+05 2.378934181794765755e+04 6.018066036944746156e+04 -1.016645705224512029e+06 7.178406587885002373e+05 7.493184898967200425e+05 1.291107082405078690e+05 -2.536716864199300762e+05 7.495297198947273137e+04 1.118077942628234159e+05 -2.008953616879736001e+04
-3.548567333123119897e+04 -1.857206806120557885e+05 -1.039012404484417348e+05 9.937387336310942192e+04 9.013510325187093986e+04 4.130162549789324839e+04 -2.489520024947509228e+04 2.378934181794765755e+04 7.121479556963211508e+04 -6.500332930646080058e+04 5.459084576988301706e+05 -5.783687237839015434e+05 1.077918007928410407e+04 3.813998454321667668e+04 -2.262287758280793787e+05 7.872166741642326815e+04 4.018341137050156249e+04 -4.965972124272549991e+04
3.300386718471013382e+07 -1.595298936433743872e+07 4.152076019673547242e+06 -4.082060152379675303e+06 1.014992027631616220e+06 1.371534561445256462e+06 -9.545639111871569185e+05 6.018066036944746156e+04 -6.500332930646080058e+04 2.514370078436235487e+08 -2.722001621113462001e+07 -1.440749959811241366e+07 -1.672717644804661348e+07 1.369381790675202152e+06 7.070038241719044745e+06 -4.483896804831913672e+06 -3.269859032298464328e+06 -2.397125648181403521e+06
-1.149307566557667404e+07 1.549421245992033184e+07 1.151073574842168950e+06 -5.226048655782241840e+05 -1.245068276042171987e+06 -2.004289489108463167e+05 -1.643767480082162365e+05 -1.016645705224512029e+06 5.459084576988301706e+05 -2.722001621113462001e+07 5.848807309454084933e+07 3.310465387504851446e+06 -1.977250890676632989e+06 -4.587127496045397595e+06 -2.254143848879137542e+06 -6.092387959976188140e+05 9.851902664600755088e+05 -7.292962490733017912e+05
1.153507977065703599e+06 9.887113875780135393e+06 7.490936526153888553e+06 1.347512449209696788e+05 3.215984956328533008e+04 -1.208172714250249323e+06 1.334333539417769993e+06 7.178406587885002373e+05 -5.783687237839015434e+05 -1.440749959811241366e+07 3.310465387504851446e+06 4.304164461860066652e+07 6.141629700256079435e+06 -4.959629970651942305e+06 2.663386990079599782e+05 1.162525042784870369e+06 2.822185014191860682e+05 2.325785048135407851e+05
-5.568209571459774859e+06 6.982754865628477419e+05 2.317940353453828953e+06 2.646459144769959152e+06 1.302300847918082494e+06 -6.500487958746602817e+04 3.701274504151155706e+05 7.493184898967200425e+05 1.077918007928410407e+04 -1.672717644804661348e+07 -1.977250890676632989e+06 6.141629700256079435e+06 1.325137832682745904e+07 1.070010352321231971e+06 -5.737943611144464230e+05 8.502366219659167109e+05 1.417880043454015162e+06 9.653665505561716855e+05
-1.907027719528996386e+06 -1.826334057030107593e+06 -1.467416778112770990e+05 -4.287273100039502606e+05 1.234977602293492382e+05 -6.812529992319100711e+04 -1.897108042750606546e+05 1.291107082405078690e+05 3.813998454321667668e+04 1.369381790675202152e+06 -4.587127496045397595e+06 -4.959629970651942305e+06 1.070010352321231971e+06 3.868720721420510206e+06 1.731349707378020103e+05 -1.137459469835257041e+05 5.241866183389667422e+05 3.413836573704620823e+05
2.141687359814106021e+06 3.477693784266271978e+05 -2.495984207885718497e+05 -1.832199327431803686e+05 -2.321067795025263331e+04 2.384714974214162794e+05 -1.184475228638988920e+05 -2.536716864199300762e+05 -2.262287758280793787e+05 7.070038241719044745e+06 -2.254143848879137542e+06 2.663386990079599782e+05 -5.737943611144464230e+05 1.731349707378020103e+05 2.672170697794776410e+06 6.559059085891501745e+05 -2.150798632645818579e+05 3.133760045793607715e+05
5.526712949338600039e+06 7.111306735343034379e+05 5.957310604112141300e+05 1.689200146521599090e+05 2.410050033887267346e+05 1.088477746791709214e+05 1.227141606846144350e+04 7.495297198947273137e+04 7.872166741642326815e+04 -4.483896804831913672e+06 -6.092387959976188140e+05 1.162525042784870369e+06 8.502366219659167109e+05 -1.137459469835257041e+05 6.559059085891501745e+05 2.541940582067547366e+06 6.387710233466058271e+05 2.121560394627421338e+05
1.871290265495117754e+06 6.541291016401238739e+05 4.670630481026523048e+05 -9.330999418881325983e+04 -2.551614802288111605e+04 -1.322515811235977162e+05 1.951849427056889908e+04 1.118077942628234159e+05 4.018341137050156249e+04 -3.269859032298464328e+06 9.851902664600755088e+05 2.822185014191860682e+05 1.417880043454015162e+06 5.241866183389667422e+05 -2.150798632645818579e+05 6.387710233466058271e+05 8.966951312868932728e+05 1.394344654442416795e+05
8.428153346859914018e+05 8.593885620383280329e+05 3.933372947118556567e+03 1.199031185027870670e+05 1.484350885737110548e+04 1.051451995087468385e+05 -1.384679637893303006e+05 -2.008953616879736001e+04 -4.965972124272549991e+04 -2.397125648181403521e+06 -7.292962490733017912e+05 2.325785048135407851e+05 9.653665505561716855e+05 3.413836573704620823e+05 3.133760045793607715e+05 2.121560394627421338e+05 1.394344654442416795e+05 6.445710717386064352e+05
