5.412721193744585663e+07 9.577755826969498768e+06 -9.943199896268697921e+05 -1.250828671182824532e+06 -2.227805610406916123e+06 9.260087881703331368e+04 7.266969134408850223e+05 5.387090705847762292e+05 -1.233895986433673650e+06 2.073032951753470674e+07 2.912258140484911203e+07 -1.675512117587167956e+07 -1.845981669057718012e+06 -1.086615672750307806e+07 -4.128758814459508285e+06 1.121423595397057012e+06 -4.804548282819722081e+05 -7.006896579606742598e+05
9.577755826969498768e+06 9.657160326615978032e+06 1.931299407258050982e+06 3.636615883186986321e+05 -5.236252540491545806e+05 -7.411308788728185464e+05 1.749538501844146813e+05 2.765339572122092941e+05 2.175117267706409166e+03 2.709143282941209036e+05 1.846463521698907763e+07 2.918341345328977797e+06 9.534852928004540736e+05 -1.754665282361706719e+06 -2.440483058301945217e+06 -9.299913088576206937e+05 -5.752256401897327742e+05 9.099425569345899858e+05
-9.943199896268697921e+05 1.931299407258050982e+06 4.742035935344221070e+06 -2.256727623017207952e+05 2.414965086308478203e+04 -4.925661217632176704e+05 1.575477181105547934e+05 1.751406355135046761e+05 -1.550256803016126505e+05 -1.834042837158802198e+06 8.116945000561565161e+06 6.143601628659669310e+06 -9.132082366248322651e+05 -2.464361839223899005e+05 -4.920696909960169578e+05 5.902411654265645193e+05 3.087393219846186112e+05 -6.999909429255891882e+04
-1.250828671182824532e+06 3.636615883186986321e+05 -2.256727623017207952e+05 1.626841560130027123e+06 6.769280559667535126e+05 4.565995844367330428e+05 -1.770157482399336877e+05 -1.303447177646739510e+04 1.094243945441974211e+05 1.588475868151770905e+06 -8.689234906989784213e+04 4.515140570450105006e+05 1.667500696367738303e+06 -4.121453711239729309e+05 9.651764104039802623e+04 -4.884754619855775964e+05 -3.569149495489532128e+05 1.629287301474704291e+05
-2.227805610406916123e+06 -5.236252540491545806e+05 2.414965086308478203e+04 6.769280559667535126e+05 1.139131907020612620e+06 4.263068100752210594e+05 8.183798272471349628e+04 -6.566319501493146527e+04 1.658074926039844577e+05 -3.659984764059641398e+06 -3.606055810179374646e+06 -7.743482904750588350e+05 1.785851998472997919e+06 9.948985835490650497e+05 7.117692115730569931e+05 2.136208966894081095e+05 5.112856679585045640e+04 8.824081295327354746e+04
9.260087881703331368e+04 -7.411308788728185464e+05 -4.925661217632176704e+05 4.565995844367330428e+05 4.263068100752210594e+05 7.976640488218629034e+05 1.087057355503030121e+05 -1.136671978892973275e+05 -8.615100921098969411e+04 -9.194931615817560814e+05 -3.293734402259394992e+06 -2.193128113291854039e+06 1.162557803810005309e+06 4.222082885268313112e+05 8.129443478433425771e+05 2.908301443580142222e+04 7.027682250934744661e+04 -1.718662444525635801e+05
7.266969134408850223e+05 1.749538501844146813e+05 1.575477181105547934e+05 -1.770157482399336877e+05 8.183798272471349628e+04 1.087057355503030121e+05 2.817780617868826957e+05 -1.854247780508764208e+03 -4.947153915485577454e+04 -3.508540679011682514e+06 3.961059301556661376e+05 -3.445943480920874281e+05 -1.302334019671839487e+05 -7.800009235250063648e+04 -1.079564970270681224e+05 2.457031567572726635e+05 1.231725942525881110e+05 -4.049495704319049764e+03
5.387090705847762292e+05 2.765339572122092941e+05 1.751406355135046761e+05 -1.303447177646739510e+04 -6.566319501493146527e+04 -1.136671978892973275e+05 -1.854247780508764208e+03 1.666693449252792634e+05 6.127126175360060734e+04 -1.581195143896490335e+06 2.135626028256270103e+06 9.664470219634212554e+05 -5.805802833997739071e+04 -4.563043706954220543e+05 -4.130542369945531827e+05 -8.030898580020612826e+03 2.098077991100827930e+05 3.687878834533444024e+04
-1.233895986433673650e+06 2.175117267706409166e+03 -1.550256803016126505e+05 1.094243945441974211e+05 1.658074926039844577e+05 -8.615100921098969411e+04 -4.947153915485577454e+04 6.127126175360060734e+04 2.351638218251236831e+05 -1.738897815655769780e+06 -3.813263484085930395e+05 9.608171703930278309e+05 2.295610976272989647e+05 3.182370450685339165e+05 -4.097218287545251223e+04 -2.150758873961712816e+05 8.401029927135394246e+03 -4.616123224789300821e+02
2.073032951753470674e+07 2.709143282941209036e+05 -1.834042837158802198e+06 1.588475868151770905e+06 -3.659984764059641398e+06 -9.194931615817560814e+05 -3.508540679011682514e+06 -1.581195143896490335e+06 -1.738897815655769780e+06 2.076176241529426873e+08 -1.487286683206846565e+07 -1.751130254231067002e+07 -1.176665404480591044e+07 1.276325131879491732e+06 -8.942472454464609036e+05 -4.569079281500501675e+05 4.375977943888208829e+05 -9.573940761411857093e+05
2.912258140484911203e+07 1.846463521698907763e+07 8.116945000561565161e+06 -8.689234906989784213e+04 -3.606055810179374646e+06 -3.293734402259394992e+06 3.961059301556661376e+05 2.135626028256270103e+06 -3.813263484085930395e+05 -1.487286683206846565e+07 9.107258334523843229e+07 2.933061915867507085e+07 5.705983529848020524e+06 -9.201204169010067359e+06 -8.438226582093006000e+06 -6.150166472822037758e+05 5.480301443715209607e+05 6.840885760225141421e+05
-1.675512117587167956e+07 2.918341345328977797e+06 6.143601628659669310e+06 4.515140570450105006e+05 -7.743482904750588350e+05 -2.193128113291854039e+06 -3.445943480920874281e+05 9.664470219634212554e+05 9.608171703930278309e+05 -1.751130254231067002e+07 2.933061915867507085e+07 3.778216893109003454e+07 4.914236826659388840e+06 5.199166282869082876e+06 -1.354785026629659580e+06 -2.573655395869500935e+05 1.769108510884381598e+06 7.152679489246791927e+05
-1.845981669057718012e+06 9.534852928004540736e+05 -9.132082366248322651e+05 1.667500696367738303e+06 1.785851998472997919e+06 1.162557803810005309e+06 -1.302334019671839487e+05 -5.805802833997739071e+04 2.295610976272989647e+05 -1.176665404480591044e+07 5.705983529848020524e+06 4.914236826659388840e+06 1.200151577814386040e+07 4.560335661847400479e+06 3.346068359419448767e+06 -4.292872115137685323e+05 4.735504565785494051e+05 6.234087079331800342e+05
-1.086615672750307806e+07 -1.754665282361706719e+06 -2.464361839223899005e+05 -4.121453711239729309e+05 9.948985835490650497e+05 4.222082885268313112e+05 -7.800009235250063648e+04 -4.563043706954220543e+05 3.182370450685339165e+05 1.276325131879491732e+06 -9.201204169010067359e+06 5.199166282869082876e+06 4.560335661847400479e+06 8.626998040903795511e+06 3.590923473358308896e+06 5.490971148841651157e+05 1.023282736550958361e+06 6.085141505209566094e+04
-4.128758814459508285e+06 -2.440483058301945217e+06 -4.920696909960169578e+05 9.651764104039802623e+04 7.117692115730569931e+05 8.129443478433425771e+05 -1.079564970270681224e+05 -4.130542369945531827e+05 -4.097218287545251223e+04 -8.942472454464609036e+05 -8.438226582093006000e+06 -1.354785026629659580e+06 3.346068359419448767e+06 3.590923473358308896e+06 4.593901030880916864e+06 6.787655009230045835e+03 9.355534489082981599e+04 -3.802635980083754403e+05
1.121423595397057012e+06 -9.299913088576206937e+05 5.902411654265645193e+05 -4.884754619855775964e+05 2.136208966894081095e+05 2.908301443580142222e+04 2.457031567572726635e+05 -8.030898580020612826e+03 -2.150758873961712816e+05 -4.569079281500501675e+05 -6.150166472822037758e+05 -2.573655395869500935e+05 -4.292872115137685323e+05 5.490971148841651157e+05 6.787655009230045835e+03 1.767184128001616569e+06 3.715280999340976123e+05 -4.154254557154551003e+04
-4.804548282819722081e+05 -5.752256401897327742e+05 3.087393219846186112e+05 -3.569149495489532128e+05 5.112856679585045640e+04 7.027682250934744661e+04 1.231725942525881110e+05 2.098077991100827930e+05 8.401029927135394246e+03 4.375977943888208829e+05 5.480301443715209607e+05 1.769108510884381598e+06 4.735504565785494051e+05 1.023282736550958361e+06 9.355534489082981599e+04 3.715280999340976123e+05 1.284647980407494120e+06 1.632486236128103337e+05
-7.006896579606742598e+05 9.099425569345899858e+05 -6.999909429255891882e+04 1.629287301474704291e+05 8.824081295327354746e+04 -1.718662444525635801e+05 -4.049495704319049764e+03 3.687878834533444024e+04 -4.616123224789300821e+02 -9.573940761411857093e+05 6.840885760225141421e+05 7.152679489246791927e+05 6.234087079331800342e+05 6.085141505209566094e+04 -3.802635980083754403e+05 -4.154254557154551003e+04 1.632486236128103337e+05 5.790540843544680392e+05
