7.382990638724373281e+07 2.735152353070734069e+06 -1.729840757645465434e+06 1.433658292079400504e+06 -1.296778699234508211e+06 -1.129515682242314797e+06 1.046990765900797443e+06 5.415335112733216956e+05 -2.651859929338195361e+05 -2.130302427939730883e+07 -1.156870189240373671e+07 -9.672372516791142523e+06 -1.385850801524405181e+07 -9.748084201550526544e+06 -3.273853255872360431e+06 -6.018435525658208877e+06 -5.364015428029996110e+05 -1.519286466928634327e+06
2.735152353070734069e+06 6.568064794591245241e+06 3.009249610392589122e+06 1.877578192865432939e+06 7.483456960953107337e+05 -5.690270132402345771e+05 -3.985386077679332229e+05 2.303486705246049678e+05 4.172578999178145314e+05 -1.118014100747239590e+07 3.931743763499992434e+06 -1.923703514770978130e+06 4.026617097111075651e+06 -3.619175006132154260e+06 -7.727825846996111795e+05 -3.687170073287291452e+05 3.783144665916399681e+05 4.372181091379174031e+05
-1.729840757645465434e+06 3.009249610392589122e+06 5.705557336945341900e+06 5.837141379482013872e+05 1.675480440342200454e+05 -2.426504466264300281e+05 7.573449039311123488e+04 2.936064918443268398e+05 1.906021743175015727e+05 -3.935241300455036107e+05 7.630845259330540895e+06 4.298063605169149116e+06 1.804393332106661983e+06 -4.135058594168335199e+06 -1.285420231786384480e+06 -4.168054280788352480e+05 4.691636391462340252e+05 5.161287844746588962e+05
1.433658292079400504e+06 1.877578192865432939e+06 5.837141379482013872e+05 1.366143655755972955e+06 5.431349126937532565e+05 -1.257630662963516661e+05 -2.818285722550339997e+05 1.631310884855877375e+05 1.579832042738473392e+05 -7.222897427176751196e+06 3.185411763960758224e+06 -7.121188176957207033e+05 1.464944500923813786e+06 2.034701758637888124e+05 -2.491533215453131124e+05 -2.905259446170993033e+05 1.751316109748944873e+05 2.247258009469433746e+05
-1.296778699234508211e+06 7.483456960953107337e+05 1.675480440342200454e+05 5.431349126937532565e+05 1.249284203632048098e+06 -1.215633896998506389e+05 -2.294938556649506208e+05 3.984773187042726204e+04 1.259249966294280312e+05 -3.423217572564298753e+06 6.774140845156104770e+05 -4.840128952396834502e+05 1.556500567844390636e+06 9.468581186833786778e+05 -4.943650155190085061e+05 -2.931556002711484325e+05 -4.686604977974600843e+03 2.291257326837029541e+05
-1.129515682242314797e+06 -5.690270132402345771e+05 -2.426504466264300281e+05 -1.257630662963516661e+05 -1.215633896998506389e+05 8.249474026205968112e+05 -5.382346316762632341e+04 -8.093619797890645714e+03 -9.917444663214522006e+04 5.734456895003975369e+05 8.855000114868148230e+05 -1.248673313925566850e+06 4.207006013454501517e+05 1.081072496780975955e+06 3.320566290125455707e+05 3.812716496201184927e+05 -3.220270656818829229e+04 -1.590654438753769791e+05
1.046990765900797443e+06 -3.985386077679332229e+05 7.573449039311123488e+04 -2.818285722550339997e+05 -2.294938556649506208e+05 -5.382346316762632341e+04 2.747638722947290516e+05 9.108756101243967350e+03 -4.209235247253044508e+04 2.345630050233688671e+06 -1.924683261028472043e+05 1.070019301787777804e+06 -7.439124761445841286e+05 -8.266202647969874088e+05 -8.648857406150845054e+04 -1.332081545868559442e+04 2.008115534921922081e+05 4.868671417946700967e+04
5.415335112733216956e+05 2.303486705246049678e+05 2.936064918443268398e+05 1.631310884855877375e+05 3.984773187042726204e+04 -8.093619797890645714e+03 9.108756101243967350e+03 9.520970560691007995e+04 7.075749315503019898e+04 -1.312865932850370649e+06 2.043284590028446983e+05 6.113504097951796139e+05 2.892944882348561350e+03 -1.007690917408150854e+05 7.780072795421357114e+03 -6.915437340848095482e+04 1.635998282370985544e+05 3.892221826593430160e+04
-2.651859929338195361e+05 4.172578999178145314e+05 1.906021743175015727e+05 1.579832042738473392e+05 1.259249966294280312e+05 -9.917444663214522006e+04 -4.209235247253044508e+04 7.075749315503019898e+04 1.624824882255179982e+05 -1.258395911627377849e+06 7.322655328368176706e+05 5.595765342835442862e+05 2.023659360757739632e+05 -1.129619141667521908e+05 1.340717827128689678e+05 -6.531775247677213338e+04 1.216976928322796593e+05 2.342373796663078974e+04
-2.130302427939730883e+07 -1.118014100747239590e+07 -3.935241300455036107e+05 -7.222897427176751196e+06 -3.423217572564298753e+06 5.734456895003975369e+05 2.345630050233688671e+06 -1.312865932850370649e+06 -1.258395911627377849e+06 1.881495624642329216e+08 5.309696216916862875e+06 1.942487897673125193e+07 -6.370730149611260742e+06 -3.037728667006880045e+06 1.291016170760679990e+06 -2.805294860436080024e+06 -2.024873987802580465e+06 2.088647885438140074e+05
-1.156870189240373671e+07 3.931743763499992434e+06 7.630845259330540895e+06 3.185411763960758224e+06 6.774140845156104770e+05 8.855000114868148230e+05 -1.924683261028472043e+05 2.043284590028446983e+05 7.322655328368176706e+05 5.309696216916862875e+06 6.926991497923605144e+07 9.902499175874381326e+05 4.536296356362306513e+06 -3.989172056804819498e+06 2.217642470732946531e+05 2.568547832112086006e+06 4.441508946847825428e+05 4.449510860525712487e+05
-9.672372516791142523e+06 -1.923703514770978130e+06 4.298063605169149116e+06 -7.121188176957207033e+05 -4.840128952396834502e+05 -1.248673313925566850e+06 1.070019301787777804e+06 6.113504097951796139e+05 5.595765342835442862e+05 1.942487897673125193e+07 9.902499175874381326e+05 3.918225654300074279e+07 1.498757247065843781e+06 1.455274462272472680e+06 2.111061301402635407e+06 8.424019816709215520e+05 3.058947358336951118e+06 6.053529519726802828e+05
-1.385850801524405181e+07 4.026617097111075651e+06 1.804393332106661983e+06 1.464944500923813786e+06 1.556500567844390636e+06 4.207006013454501517e+05 -7.439124761445841286e+05 2.892944882348561350e+03 2.023659360757739632e+05 -6.370730149611260742e+06 4.536296356362306513e+06 1.498757247065843781e+06 9.301078621943660080e+06 2.395433298823802732e+06 -2.364004200665424578e+05 1.389869019304423127e+06 2.077766277361226912e+03 -3.397777501885556558e+04
-9.748084201550526544e+06 -3.619175006132154260e+06 -4.135058594168335199e+06 2.034701758637888124e+05 9.468581186833786778e+05 1.081072496780975955e+06 -8.266202647969874088e+05 -1.007690917408150854e+05 -1.129619141667521908e+05 -3.037728667006880045e+06 -3.989172056804819498e+06 1.455274462272472680e+06 2.395433298823802732e+06 1.008222523765886016e+07 2.107928554006358143e+06 1.741366279945024522e+06 -3.622744112278083921e+05 -5.251720723917715950e+05
-3.273853255872360431e+06 -7.727825846996111795e+05 -1.285420231786384480e+06 -2.491533215453131124e+05 -4.943650155190085061e+05 3.320566290125455707e+05 -8.648857406150845054e+04 7.780072795421357114e+03 1.340717827128689678e+05 1.291016170760679990e+06 2.217642470732946531e+05 2.111061301402635407e+06 -2.364004200665424578e+05 2.107928554006358143e+06 2.017973675728783943e+06 9.562034703722998966e+05 3.118352284587428439e+05 -2.132064383180965378e+05
-6.018435525658208877e+06 -3.687170073287291452e+05 -4.168054280788352480e+05 -2.905259446170993033e+05 -2.931556002711484325e+05 3.812716496201184927e+05 -1.332081545868559442e+04 -6.915437340848095482e+04 -6.531775247677213338e+04 -2.805294860436080024e+06 2.568547832112086006e+06 8.424019816709215520e+05 1.389869019304423127e+06 1.741366279945024522e+06 9.562034703722998966e+05 2.484894005160245579e+06 6.338031782746298704e+05 -1.498409082655842940e+05
-5.364015428029996110e+05 3.783144665916399681e+05 4.691636391462340252e+05 1.751316109748944873e+05 -4.686604977974600843e+03 -3.220270656818829229e+04 2.008115534921922081e+05 1.635998282370985544e+05 1.216976928322796593e+05 -2.024873987802580465e+06 4.441508946847825428e+05 3.058947358336951118e+06 2.077766277361226912e+03 -3.622744112278083921e+05 3.118352284587428439e+05 6.338031782746298704e+05 1.100861539074289380e+06 3.009440939345558290e+05
-1.519286466928634327e+06 4.372181091379174031e+05 5.161287844746588962e+05 2.247258009469433746e+05 2.291257326837029541e+05 -1.590654438753769791e+05 4.868671417946700967e+04 3.892221826593430160e+04 2.342373796663078974e+04 2.088647885438140074e+05 4.449510860525712487e+05 6.053529519726802828e+05 -3.397777501885556558e+04 -5.251720723917715950e+05 -2.132064383180965378e+05 -1.498409082655842940e+05 3.009440939345558290e+05 6.028949833003928652e+05
