3.758593365008401126e+07 -7.033074438173826784e+05 -3.578082870077423751e+06 5.012042601577531896e+05 6.917793751066531986e+05 -1.190089418320715195e+05 1.933058960189233185e+05 3.837704644198142341e+04 6.558366936311335849e+03 2.379590122276867181e+07 1.645958710662565567e+07 -4.764715374165502377e+06 -7.443141395315285772e+06 -2.874689408692076337e+06 -2.100941197574221529e+06 -2.112906813873158768e+06 -8.048820222672196105e+05 -2.526282014590580482e+06
-7.033074438173826784e+05 1.148825868456515484e+07 2.202373904263538774e+06 -9.006531008646117989e+05 1.262053300623707939e+06 1.025415726625188690e+05 9.924002345065778354e+04 3.060620269182405318e+05 2.544773247588508530e+05 1.156218101584152505e+07 4.172585022776516620e+06 7.453312581463456154e+05 -7.818736837570052594e+05 3.484192289201492094e+05 -1.830118999082625378e+05 4.267426344804527471e+05 7.880725789922350086e+05 -6.020307706179565284e+05
-3.578082870077423751e+06 2.202373904263538774e+06 4.599894630067613907e+06 -3.686664071741221705e+05 2.565024704340023454e+05 4.783750498180739814e+05 3.588486509992223000e+05 -1.112985327877441305e+05 -2.503613382314787304e+04 -5.028151960670292377e+06 -9.742797821966570336e+04 4.521488834682938643e+06 1.935160835318062920e+06 1.251397415936567588e+06 1.268267148997100070e+06 5.581160473314713454e+05 2.763518209578892565e+05 1.091587031904135656e+05
5.012042601577531896e+05 -9.006531008646117989e+05 -3.686664071741221705e+05 2.073611911538410699e+06 3.601006825489609037e+05 1.120155079038954136e+05 -3.220140059837988520e+04 -4.424402723002304811e+03 2.287555486824242107e+05 3.808419754510368686e+06 2.451370739046181086e+06 3.948585914995450294e+05 1.533367877664686646e+06 -8.465487157790719066e+05 -6.485086610625522444e+05 -3.201055115794373560e+05 -3.236719181336600450e+05 3.865014222459308221e+05
6.917793751066531986e+05 1.262053300623707939e+06 2.565024704340023454e+05 3.601006825489609037e+05 8.894291356497316156e+05 1.711145437719707552e+05 7.358768653752989485e+04 9.136240744472353254e+04 8.108924779291803134e+04 1.711835854468578473e+06 5.429034453171439236e+05 2.083092654418530583e+05 2.249995540598303196e+05 -4.218293863565853098e+04 1.676783066933119844e+05 -2.297841663221736671e+05 2.160924397114968451e+05 -8.708913330999680329e+04
-1.190089418320715195e+05 1.025415726625188690e+05 4.783750498180739814e+05 1.120155079038954136e+05 1.711145437719707552e+05 3.020127386888473411e+05 7.619147426606781664e+04 -5.674406663711978035e+04 4.380219418744677387e+04 -8.294827183453933103e+05 -1.494686405032576062e+06 4.878608696071325103e+05 3.258351450369553640e+05 -3.896925737329886178e+05 2.328515646008937329e+05 1.946031391686933057e+04 1.084339263460121001e+05 1.147103067036323482e+05
1.933058960189233185e+05 9.924002345065778354e+04 3.588486509992223000e+05 -3.220140059837988520e+04 7.358768653752989485e+04 7.619147426606781664e+04 4.027319985600409564e+05 7.541917783588901511e+04 9.051671255740524430e+03 -3.183149957264116034e+06 2.077341667952815071e+06 6.833890470085369889e+05 -3.668158619511727011e+05 -4.701085176341843326e+05 -1.805038809886623640e+05 3.697776851826473721e+05 8.826616298896258741e+03 1.572115879262781818e+05
3.837704644198142341e+04 3.060620269182405318e+05 -1.112985327877441305e+05 -4.424402723002304811e+03 9.136240744472353254e+04 -5.674406663711978035e+04 7.541917783588901511e+04 1.455003507375940681e+05 -1.886104937564553256e+04 -8.340484676003233762e+05 -3.178379449422177277e+05 -2.595404552780541126e+05 -3.633899950799595099e+05 3.272802981689280132e+05 -2.217886137386219343e+04 1.107826452919466537e+05 -8.550562585530307842e+04 -1.515102565321281727e+05
6.558366936311335849e+03 2.544773247588508530e+05 -2.503613382314787304e+04 2.287555486824242107e+05 8.108924779291803134e+04 4.380219418744677387e+04 9.051671255740524430e+03 -1.886104937564553256e+04 1.010345125974326511e+05 8.162519688234045170e+05 1.010761991894690553e+06 4.453251232993675512e+05 1.626324908333506028e+05 -4.458707863242273452e+05 -1.773908417394251155e+05 -1.284700644886298396e+05 -2.965573708906439788e+04 1.087983797359036107e+05
2.379590122276867181e+07 1.156218101584152505e+07 -5.028151960670292377e+06 3.808419754510368686e+06 1.711835854468578473e+06 -8.294827183453933103e+05 -3.183149957264116034e+06 -8.340484676003233762e+05 8.162519688234045170e+05 2.127350153011088371e+08 1.988924300973977149e+07 -2.035530384453148767e+07 1.877871852871079682e+03 -1.267379896594499983e+07 -2.475339228058573790e+06 -6.557807727604009211e+06 7.674667586856405251e+05 -1.034486864964630455e+06
1.645958710662565567e+07 4.172585022776516620e+06 -9.742797821966570336e+04 2.451370739046181086e+06 5.429034453171439236e+05 -1.494686405032576062e+06 2.077341667952815071e+06 -3.178379449422177277e+05 1.010761991894690553e+06 1.988924300973977149e+07 7.506193553583405912e+07 3.805826977937249932e+06 -6.370790082455590600e+05 -9.700561068563550711e+06 -6.571273856578621082e+06 -1.198306059713365510e+06 -1.503382815280135721e+06 3.068138326129349414e+06
-4.764715374165502377e+06 7.453312581463456154e+05 4.521488834682938643e+06 3.948585914995450294e+05 2.083092654418530583e+05 4.878608696071325103e+05 6.833890470085369889e+05 -2.595404552780541126e+05 4.453251232993675512e+05 -2.035530384453148767e+07 3.805826977937249932e+06 1.899154697611021996e+07 5.211580942848421633e+06 1.414649939807836432e+06 6.017598509352356195e+05 1.108019074754222995e+06 1.343363780433339532e+06 2.778344783720496926e+05
-7.443141395315285772e+06 -7.818736837570052594e+05 1.935160835318062920e+06 1.533367877664686646e+06 2.249995540598303196e+05 3.258351450369553640e+05 -3.668158619511727011e+05 -3.633899950799595099e+05 1.626324908333506028e+05 1.877871852871079682e+03 -6.370790082455590600e+05 5.211580942848421633e+06 1.062291671996544302e+07 -9.975735535784724925e+04 -3.958285882025184401e+04 2.671793769789626240e+05 5.068019558697424945e+05 8.947073706745669479e+05
-2.874689408692076337e+06 3.484192289201492094e+05 1.251397415936567588e+06 -8.465487157790719066e+05 -4.218293863565853098e+04 -3.896925737329886178e+05 -4.701085176341843326e+05 3.272802981689280132e+05 -4.458707863242273452e+05 -1.267379896594499983e+07 -9.700561068563550711e+06 1.414649939807836432e+06 -9.975735535784724925e+04 5.916013838843829930e+06 2.129117698359447531e+06 7.086493095322240843e+05 9.063566906915519212e+04 -1.241468977558180457e+06
-2.100941197574221529e+06 -1.830118999082625378e+05 1.268267148997100070e+06 -6.485086610625522444e+05 1.676783066933119844e+05 2.328515646008937329e+05 -1.805038809886623640e+05 -2.217886137386219343e+04 -1.773908417394251155e+05 -2.475339228058573790e+06 -6.571273856578621082e+06 6.017598509352356195e+05 -3.958285882025184401e+04 2.129117698359447531e+06 2.281385835371317342e+06 3.894001319668933284e+05 1.879496064580391394e+05 -2.341153909176546149e+05
-2.112906813873158768e+06 4.267426344804527471e+05 5.581160473314713454e+05 -3.201055115794373560e+05 -2.297841663221736671e+05 1.946031391686933057e+04 3.697776851826473721e+05 1.107826452919466537e+05 -1.284700644886298396e+05 -6.557807727604009211e+06 -1.198306059713365510e+06 1.108019074754222995e+06 2.671793769789626240e+05 7.086493095322240843e+05 3.894001319668933284e+05 2.766492047157418448e+06 4.851803496289044851e+05 3.979192602441569306e+03
-8.048820222672196105e+05 7.880725789922350086e+05 2.763518209578892565e+05 -3.236719181336600450e+05 2.160924397114968451e+05 1.084339263460121001e+05 8.826616298896258741e+03 -8.550562585530307842e+04 -2.965573708906439788e+04 7.674667586856405251e+05 -1.503382815280135721e+06 1.343363780433339532e+06 5.068019558697424945e+05 9.063566906915519212e+04 1.879496064580391394e+05 4.851803496289044851e+05 7.239823644264759496e+05 2.166555221138372144e+04
-2.526282014590580482e+06 -6.020307706179565284e+05 1.091587031904135656e+05 3.865014222459308221e+05 -8.708913330999680329e+04 1.147103067036323482e+05 1.572115879262781818e+05 -1.515102565321281727e+05 1.087983797359036107e+05 -1.034486864964630455e+06 3.068138326129349414e+06 2.778344783720496926e+05 8.947073706745669479e+05 -1.241468977558180457e+06 -2.341153909176546149e+05 3.979192602441569306e+03 2.166555221138372144e+04 9.366718157383237267e+05
