3.224616776146940142e+07 -4.980344689043837599e+06 1.575549644033339340e+06 3.705809423074494582e+06 1.475174931394223822e+06 -1.022557861335089896e+06 -4.625538346927651437e+05 -8.139344708475056104e+05 1.990017964310054667e+05 5.558785935202137567e+06 -6.741160070987369865e+06 -3.929210135184511542e+06 2.525918838462333661e+06 7.475394260908508673e+06 1.681655003065865487e+06 2.503344375404106919e+06 -7.227788598831988638e+05 1.340907272705421085e+06
-4.980344689043837599e+06 2.550271693383583799e+07 3.677364682421272737e+05 -1.499485065404309134e+05 -7.729829983332781121e+05 -7.523738353493250906e+05 4.580224571956362925e+05 3.391787703601827961e+05 -1.588392123432855878e+05 1.905641245169433579e+07 2.858149210191243514e+07 6.211276571375232190e+06 6.468431546952854842e+06 -1.270813667021201691e+06 3.697695615679715760e+06 2.415330171610393561e+06 1.920432610140559496e+06 7.059147996242158115e+05
1.575549644033339340e+06 3.677364682421272737e+05 4.444708429442792200e+06 1.156797388358343858e+06 -5.365958601520817028e+05 3.237521256145391380e+05 -6.291923783631160040e+04 -1.743298457627405878e+05 -5.809122235722686310e+04 4.649725753775253892e+06 -6.107437359836576506e+05 2.699573636132035870e+06 3.860568760680512059e+05 -1.695225398487536702e+06 -2.014865852791251382e+05 -6.050092536915650126e+05 -3.163742919098023558e+05 -3.766738833227792202e+04
3.705809423074494582e+06 -1.499485065404309134e+05 1.156797388358343858e+06 3.557488033327421173e+06 4.725356647020264645e+05 1.383876154024067800e+05 -1.036182496805986884e+05 -1.794705332656879909e+05 1.271166224687933718e+05 -3.221381062236537226e+06 -2.721338679562092759e+06 -2.239164658561319113e+06 3.998855653539938852e+06 1.412490448211289477e+06 9.134475090509569272e+05 1.372157353144244291e+06 4.963883706293348223e+04 7.095913907563366229e+05
1.475174931394223822e+06 -7.729829983332781121e+05 -5.365958601520817028e+05 4.725356647020264645e+05 9.388465905987861333e+05 4.702828694285311212e+04 -1.253743959952185978e+05 5.126471346694484964e+04 -4.311606865389179438e+04 2.659075578421960585e+06 4.156739514427389076e+04 -5.611168347550174221e+05 1.587967328648492112e+05 1.448569096778022125e+06 2.391286961078621680e+05 -3.911073274576721451e+04 2.301430178313783836e+04 2.579235094891284243e+05
-1.022557861335089896e+06 -7.523738353493250906e+05 3.237521256145391380e+05 1.383876154024067800e+05 4.702828694285311212e+04 7.087307649412825704e+05 4.949080592239663383e+04 -3.922608822965334184e+03 -2.277680058970085884e+04 -3.119954001888778061e+06 -3.795448514522067853e+05 9.452305163980280049e+05 -2.227133168568991823e+04 -2.594349087508686061e+05 -6.262706654103618348e+05 -1.066889787282646721e+05 1.591039660246938292e+05 -3.801998571589689618e+03
-4.625538346927651437e+05 4.580224571956362925e+05 -6.291923783631160040e+04 -1.036182496805986884e+05 -1.253743959952185978e+05 4.949080592239663383e+04 1.492180645836516342e+05 1.528299501303516263e+04 3.897622679090844031e+04 1.508037863610725384e+06 -4.797297948414175771e+05 -4.273406617402544362e+05 -9.336891973745533323e+04 -9.726569812886072032e+04 3.196168737378469814e+04 4.443863465545031067e+04 9.612876331415434834e+04 3.992040956015029224e+04
-8.139344708475056104e+05 3.391787703601827961e+05 -1.743298457627405878e+05 -1.794705332656879909e+05 5.126471346694484964e+04 -3.922608822965334184e+03 1.528299501303516263e+04 1.510338354674153961e+05 1.603295625319313876e+04 1.145031856334449491e+06 9.193355947834419785e+05 6.389625554589698004e+04 -6.491550688117653044e+04 -3.699001459882253548e+05 1.777053803308949573e+05 -2.235490342348261038e+05 1.744477334956297273e+04 -2.842916964986382663e+04
1.990017964310054667e+05 -1.588392123432855878e+05 -5.809122235722686310e+04 1.271166224687933718e+05 -4.311606865389179438e+04 -2.277680058970085884e+04 3.897622679090844031e+04 1.603295625319313876e+04 6.290143008244878729e+04 8.919054769820554648e+05 -1.022737168883972801e+06 -5.922427220306711970e+05 1.787362305967591819e+05 1.382172217106254539e+05 5.104704173198808712e+04 1.289814992032136252e+04 -8.342292713562255085e+04 5.553272637514364760e+03
5.558785935202137567e+06 1.905641245169433579e+07 4.649725753775253892e+06 -3.221381062236537226e+06 2.659075578421960585e+06 -3.119954001888778061e+06 1.508037863610725384e+06 1.145031856334449491e+06 8.919054769820554648e+05 2.535762426326834857e+08 2.603600241687270999e+07 -1.888824098662067577e+07 -1.478152889300142182e+06 1.125604985309079289e+07 2.116682735813274514e+06 -3.915896569808969740e+06 -1.143346666086831596e+06 -3.426864511825046502e+05
-6.741160070987369865e+06 2.858149210191243514e+07 -6.107437359836576506e+05 -2.721338679562092759e+06 4.156739514427389076e+04 -3.795448514522067853e+05 -4.797297948414175771e+05 9.193355947834419785e+05 -1.022737168883972801e+06 2.603600241687270999e+07 1.247844353402664661e+08 3.407734907085421681e+07 -4.784887574369823560e+06 -9.604172194818234071e+06 2.590724314001658466e+06 -1.617147168759140186e+06 2.006395563521635253e+06 1.397203467752065044e+06
-3.929210135184511542e+06 6.211276571375232190e+06 2.699573636132035870e+06 -2.239164658561319113e+06 -5.611168347550174221e+05 9.452305163980280049e+05 -4.273406617402544362e+05 6.389625554589698004e+04 -5.922427220306711970e+05 -1.888824098662067577e+07 3.407734907085421681e+07 3.960823460956917703e+07 -1.233887196067373967e+06 -4.903766343059540726e+06 -3.516908715280321485e+04 -3.039604642542617396e+06 5.984098256402234547e+05 1.941131093857705360e+06
2.525918838462333661e+06 6.468431546952854842e+06 3.860568760680512059e+05 3.998855653539938852e+06 1.587967328648492112e+05 -2.227133168568991823e+04 -9.336891973745533323e+04 -6.491550688117653044e+04 1.787362305967591819e+05 -1.478152889300142182e+06 -4.784887574369823560e+06 -1.233887196067373967e+06 1.257946713506561704e+07 2.787022326953154057e+06 1.883924498943244806e+06 2.461104934975235723e+06 1.193793699755291687e+06 6.396592600828874856e+05
7.475394260908508673e+06 -1.270813667021201691e+06 -1.695225398487536702e+06 1.412490448211289477e+06 1.448569096778022125e+06 -2.594349087508686061e+05 -9.726569812886072032e+04 -3.699001459882253548e+05 1.382172217106254539e+05 1.125604985309079289e+07 -9.604172194818234071e+06 -4.903766343059540726e+06 2.787022326953154057e+06 9.866481432196561247e+06 9.780944279353602324e+05 1.472838948316089809e+06 -4.320554008517597103e+05 4.236034578815662535e+05
1.681655003065865487e+06 3.697695615679715760e+06 -2.014865852791251382e+05 9.134475090509569272e+05 2.391286961078621680e+05 -6.262706654103618348e+05 3.196168737378469814e+04 1.777053803308949573e+05 5.104704173198808712e+04 2.116682735813274514e+06 2.590724314001658466e+06 -3.516908715280321485e+04 1.883924498943244806e+06 9.780944279353602324e+05 2.446869352648918051e+06 7.605890474497152027e+05 2.334594838059290778e+05 5.392611670389448991e+05
2.503344375404106919e+06 2.415330171610393561e+06 -6.050092536915650126e+05 1.372157353144244291e+06 -3.911073274576721451e+04 -1.066889787282646721e+05 4.443863465545031067e+04 -2.235490342348261038e+05 1.289814992032136252e+04 -3.915896569808969740e+06 -1.617147168759140186e+06 -3.039604642542617396e+06 2.461104934975235723e+06 1.472838948316089809e+06 7.605890474497152027e+05 2.414782201642740052e+06 5.270410335792121477e+05 4.116086485906096641e+05
-7.227788598831988638e+05 1.920432610140559496e+06 -3.163742919098023558e+05 4.963883706293348223e+04 2.301430178313783836e+04 1.591039660246938292e+05 9.612876331415434834e+04 1.744477334956297273e+04 -8.342292713562255085e+04 -1.143346666086831596e+06 2.006395563521635253e+06 5.984098256402234547e+05 1.193793699755291687e+06 -4.320554008517597103e+05 2.334594838059290778e+05 5.270410335792121477e+05 8.331938768534782575e+05 3.090720352059578290e+05
1.340907272705421085e+06 7.059147996242158115e+05 -3.766738833227792202e+04 7.095913907563366229e+05 2.579235094891284243e+05 -3.801998571589689618e+03 3.992040956015029224e+04 -2.842916964986382663e+04 5.553272637514364760e+03 -3.426864511825046502e+05 1.397203467752065044e+06 1.941131093857705360e+06 6.396592600828874856e+05 4.236034578815662535e+05 5.392611670389448991e+05 4.116086485906096641e+05 3.090720352059578290e+05 7.005256901168162003e+05
