5.385105027220550179e+07 6.942013306063398486e+05 1.118403740490718745e+06 9.152600197803225601e+05 2.681990004221798852e+06 1.728045716221264564e+06 1.059911500364823965e+06 -5.294401973383692093e+05 -3.658517660092980950e+05 -1.704286532626905665e+07 8.446045839773726184e+05 -1.930983264245142229e+06 -5.350620407587356865e+06 3.374944217503752094e+06 1.326583816078759730e+06 1.595474672244203743e+06 -1.589981326955633413e+05 7.566822493167406647e+05
6.942013306063398486e+05 1.500264008344275132e+07 -2.265652851089583710e+05 1.891603109609267674e+06 6.760891577859534882e+05 1.788611402118307538e+06 8.491867339463206008e+04 3.679116353897984955e+05 -7.108528909898243000e+03 -4.938375140808154829e+06 5.596908135313227773e+06 -6.919423107461642474e+06 7.911083234184284811e+04 4.408460784928144887e+06 -1.816020621346813859e+05 1.499563181991015561e+06 -5.325725523359765066e+05 2.734123945366965490e+05
1.118403740490718745e+06 -2.265652851089583710e+05 4.904245695327331312e+06 -1.862595947606826376e+05 -7.147494695011908188e+05 3.532290777568714693e+05 -3.736859751581298187e+05 -1.673258145025798513e+04 7.665882910202282073e+04 7.610438792054344900e+06 -5.888096144244830357e+05 4.774998949723205529e+06 1.182565323344285833e+06 1.056950017237938475e+06 7.080494580577481538e+05 6.725545883325813338e+05 -2.429416942782854894e+05 8.390288335639056750e+05
9.152600197803225601e+05 1.891603109609267674e+06 -1.862595947606826376e+05 1.024697830086677801e+06 2.900397317427967209e+05 1.342954521863193659e+05 4.849395202362692362e+04 2.210046709649496479e+05 4.453597274258910329e+04 -1.674605676728684455e+06 -3.127671560431403341e+05 -2.537051035877662245e+06 -5.697460028140757931e+05 2.062513844769804564e+05 3.733080534497354529e+05 3.558972425707824877e+05 -1.407230352797690139e+05 -1.026372284107279847e+05
2.681990004221798852e+06 6.760891577859534882e+05 -7.147494695011908188e+05 2.900397317427967209e+05 1.020577855985714938e+06 1.116599031585046905e+05 2.079755503301254939e+05 1.106306832475394476e+05 -7.862278133379503561e+04 -2.233691862887409981e+06 1.134676598711700644e+06 -1.657589905452803068e+05 -9.294140676621452440e+05 -2.367915727396392322e+05 1.656256712215328589e+05 2.287642795735871186e+05 -6.190901472907318384e+04 -1.493740703708070505e+05
1.728045716221264564e+06 1.788611402118307538e+06 3.532290777568714693e+05 1.342954521863193659e+05 1.116599031585046905e+05 6.555994749206283595e+05 2.626136140132750370e+04 1.916479932311656739e+04 1.723424865493666402e+03 1.252379975795621751e+06 1.485966414818979800e+06 4.372809416689476930e+05 -2.649809945076447329e+05 5.834457172073975671e+05 -9.200535607193586475e+04 -6.930080510444079118e+04 -2.123850728726135276e+05 -2.182908060930260399e+04
1.059911500364823965e+06 8.491867339463206008e+04 -3.736859751581298187e+05 4.849395202362692362e+04 2.079755503301254939e+05 2.626136140132750370e+04 1.659877437031693989e+05 3.613178442906006239e+04 -4.300283107035480498e+03 -2.222344586661640089e+06 -3.422031236580086406e+05 -1.515732978988792820e+04 -1.770857268306242768e+05 2.758100253284606151e+05 2.799975896116117365e+05 1.828455679483293789e+05 1.102979829241245170e+05 -6.577309143609552120e+04
-5.294401973383692093e+05 3.679116353897984955e+05 -1.673258145025798513e+04 2.210046709649496479e+05 1.106306832475394476e+05 1.916479932311656739e+04 3.613178442906006239e+04 1.778872732938846166e+05 2.095023351724731037e+04 5.239946288863125374e+05 -7.222953581290479051e+05 -6.928123665308278287e+05 -4.483544976812051609e+05 -1.068410079756566411e+05 3.181330671639319626e+05 5.274858211536786985e+04 1.036518499283162382e+05 -8.009827266688026612e+03
-3.658517660092980950e+05 -7.108528909898243000e+03 7.665882910202282073e+04 4.453597274258910329e+04 -7.862278133379503561e+04 1.723424865493666402e+03 -4.300283107035480498e+03 2.095023351724731037e+04 5.736388503088316793e+04 2.533715231957301730e+05 -1.812769961593672633e+05 -1.975637929108194367e+05 -1.760141614838352834e+05 2.505997311725473555e+05 1.318646166833655443e+05 1.968474618853465290e+04 4.229447627893894605e+03 -3.834149330286648183e+04
-1.704286532626905665e+07 -4.938375140808154829e+06 7.610438792054344900e+06 -1.674605676728684455e+06 -2.233691862887409981e+06 1.252379975795621751e+06 -2.222344586661640089e+06 5.239946288863125374e+05 2.533715231957301730e+05 2.778059518858883381e+08 -1.484015334998628497e+07 6.306898865654722787e+06 -1.240646626082184352e+07 -1.120262588551199809e+07 -8.858472687975071603e+05 -1.420511712628835347e+06 -2.988200526033318602e+06 2.668108195080481819e+05
8.446045839773726184e+05 5.596908135313227773e+06 -5.888096144244830357e+05 -3.127671560431403341e+05 1.134676598711700644e+06 1.485966414818979800e+06 -3.422031236580086406e+05 -7.222953581290479051e+05 -1.812769961593672633e+05 -1.484015334998628497e+07 4.904253723376253247e+07 3.095032860299244523e+06 1.472503361342324875e+06 -3.689739101036867942e+05 -5.649943366076672450e+06 -1.001197291688860860e+06 -3.246885773256008048e+06 -7.078736690971649950e+05
-1.930983264245142229e+06 -6.919423107461642474e+06 4.774998949723205529e+06 -2.537051035877662245e+06 -1.657589905452803068e+05 4.372809416689476930e+05 -1.515732978988792820e+04 -6.928123665308278287e+05 -1.975637929108194367e+05 6.306898865654722787e+06 3.095032860299244523e+06 3.302242713882481679e+07 8.455248070843547583e+06 -3.927069440474861301e+06 -2.069952076549931662e+06 -1.432267597299489425e+06 -1.458462651438943343e+06 -4.577514716760854353e+05
-5.350620407587356865e+06 7.911083234184284811e+04 1.182565323344285833e+06 -5.697460028140757931e+05 -9.294140676621452440e+05 -2.649809945076447329e+05 -1.770857268306242768e+05 -4.483544976812051609e+05 -1.760141614838352834e+05 -1.240646626082184352e+07 1.472503361342324875e+06 8.455248070843547583e+06 9.683693834995627403e+06 1.120291790763086174e+06 -8.999787234175173799e+05 2.787946684503063443e+05 -3.660154722617944353e+05 3.619748884904264705e+05
3.374944217503752094e+06 4.408460784928144887e+06 1.056950017237938475e+06 2.062513844769804564e+05 -2.367915727396392322e+05 5.834457172073975671e+05 2.758100253284606151e+05 -1.068410079756566411e+05 2.505997311725473555e+05 -1.120262588551199809e+07 -3.689739101036867942e+05 -3.927069440474861301e+06 1.120291790763086174e+06 6.610124141977025196e+06 2.067367785848796368e+06 1.822886635242244229e+06 3.856172150373920449e+05 4.779262349014617503e+05
1.326583816078759730e+06 -1.816020621346813859e+05 7.080494580577481538e+05 3.733080534497354529e+05 1.656256712215328589e+05 -9.200535607193586475e+04 2.799975896116117365e+05 3.181330671639319626e+05 1.318646166833655443e+05 -8.858472687975071603e+05 -5.649943366076672450e+06 -2.069952076549931662e+06 -8.999787234175173799e+05 2.067367785848796368e+06 2.517509522732568905e+06 1.190856772127036704e+06 6.455842197405031184e+05 2.654422678055002471e+05
1.595474672244203743e+06 1.499563181991015561e+06 6.725545883325813338e+05 3.558972425707824877e+05 2.287642795735871186e+05 -6.930080510444079118e+04 1.828455679483293789e+05 5.274858211536786985e+04 1.968474618853465290e+04 -1.420511712628835347e+06 -1.001197291688860860e+06 -1.432267597299489425e+06 2.787946684503063443e+05 1.822886635242244229e+06 1.190856772127036704e+06 1.514293663237404078e+06 2.515425481432748202e+05 2.368749708935408562e+05
-1.589981326955633413e+05 -5.325725523359765066e+05 -2.429416942782854894e+05 -1.407230352797690139e+05 -6.190901472907318384e+04 -2.123850728726135276e+05 1.102979829241245170e+05 1.036518499283162382e+05 4.229447627893894605e+03 -2.988200526033318602e+06 -3.246885773256008048e+06 -1.458462651438943343e+06 -3.660154722617944353e+05 3.856172150373920449e+05 6.455842197405031184e+05 2.515425481432748202e+05 7.494205593785651727e+05 1.219474877000584529e+05
7.566822493167406647e+05 2.734123945366965490e+05 8.390288335639056750e+05 -1.026372284107279847e+05 -1.493740703708070505e+05 -2.182908060930260399e+04 -6.577309143609552120e+04 -8.009827266688026612e+03 -3.834149330286648183e+04 2.668108195080481819e+05 -7.078736690971649950e+05 -4.577514716760854353e+05 3.619748884904264705e+05 4.779262349014617503e+05 2.654422678055002471e+05 2.368749708935408562e+05 1.219474877000584529e+05 5.408824605729962932e+05
