4.258877159550708532e+07 3.505075109829534777e+06 -9.874858380565814674e+06 -4.258280121677597985e+06 5.169795596261383034e+05 1.235006774665408302e+05 4.069351859530232614e+05 -1.170669973955697147e+06 1.682085838986499293e+05 5.420066486917030066e+07 1.213164279925139248e+07 3.822519772803308442e+05 -1.281589313771660440e+06 -1.141843074977862416e+05 -5.831978702066968195e+06 3.156032100274494849e+06 -2.085902870784600091e+05 1.295394848371064523e+06
3.505075109829534777e+06 2.957808071184012294e+07 1.557576894944158616e+06 -9.173571945922792656e+04 2.066305427294522990e+06 1.079374758784230566e+06 -4.833649601340962690e+05 4.652627420389056206e+05 2.748592492066618870e+05 7.053921614062095061e+06 2.899399962912463769e+07 1.267287206144628301e+07 3.198405096278348356e+05 3.004716639042240568e+06 2.550666949004113674e+06 1.875752230186683591e+05 -8.800377316625626991e+05 3.689757482098491164e+04
-9.874858380565814674e+06 1.557576894944158616e+06 9.239990888914136216e+06 2.311776890103243757e+06 3.494430764167650486e+05 -1.597370406650113873e+05 4.328576039093377767e+04 7.499791659424030222e+05 -1.414016499740069266e+05 -4.110567086122671142e+06 -1.669780782327165827e+06 6.449298795721434057e+06 -2.011169174861034844e+06 1.608210093195533555e+05 1.219187260496609611e+06 -6.617543346645009005e+05 -6.121521429383851355e+05 -1.054599147031396395e+06
-4.258280121677597985e+06 -9.173571945922792656e+04 2.311776890103243757e+06 1.881483537037912058e+06 -6.802946323359348753e+04 -1.225564058651867817e+05 -7.371422115229371411e+04 3.358670192540003336e+04 -8.739252261451478989e+04 -5.915242713720764033e+06 -2.027121040170313558e+06 1.609959254418521887e+06 -1.726927660785213520e+05 4.419313081643728074e+05 5.933499081686420832e+05 8.763180270148186537e+03 -8.749025394593839883e+04 -1.423709983516317734e+05
5.169795596261383034e+05 2.066305427294522990e+06 3.494430764167650486e+05 -6.802946323359348753e+04 7.644772506425108295e+05 3.145000648919804371e+05 -2.967332014909208283e+03 6.267844481417854695e+03 1.057822802433143079e+04 2.409311610780315008e+06 4.040550184243306518e+06 1.832185433736189967e+06 -3.383175651596051175e+05 -1.557892299428673869e+05 -1.534048148165192397e+05 -1.454118288199460658e+05 -1.285157662798202364e+05 -9.587818335831035802e+04
1.235006774665408302e+05 1.079374758784230566e+06 -1.597370406650113873e+05 -1.225564058651867817e+05 3.145000648919804371e+05 4.415310885009655030e+05 7.761572874927076919e+04 -4.279957743474323797e+04 5.254970195779446658e+04 3.218635580776258139e+05 3.594816694581357762e+06 8.549842504631832708e+05 1.237806522186941293e+05 -2.084543454988766462e+05 1.804279117130842351e+05 -2.417806858104323037e+05 -5.858694236322181496e+03 5.019132791427183110e+04
4.069351859530232614e+05 -4.833649601340962690e+05 4.328576039093377767e+04 -7.371422115229371411e+04 -2.967332014909208283e+03 7.761572874927076919e+04 2.712029542857657652e+05 -2.287936260687347385e+04 2.676951642255747720e+04 -1.298641975639362587e+06 1.433399611371480627e+06 7.346897706694435328e+04 -3.528751597827318474e+05 -3.137731005063212942e+05 3.080255376184057677e+05 2.013689081142114010e+05 1.042139494801522778e+04 2.209790052229697267e+03
-1.170669973955697147e+06 4.652627420389056206e+05 7.499791659424030222e+05 3.358670192540003336e+04 6.267844481417854695e+03 -4.279957743474323797e+04 -2.287936260687347385e+04 2.825017428256057319e+05 -1.140752560776357132e+04 -7.557275577532447642e+05 3.488052882504159788e+04 -1.157534616025426658e+04 -2.828032750795571483e+05 1.302173430890197924e+05 1.049704763552559889e+05 -2.329310767066112021e+05 1.883394604819509186e+04 -3.953006368122404092e+04
1.682085838986499293e+05 2.748592492066618870e+05 -1.414016499740069266e+05 -8.739252261451478989e+04 1.057822802433143079e+04 5.254970195779446658e+04 2.676951642255747720e+04 -1.140752560776357132e+04 8.339710879602376372e+04 -7.246317373442481039e+05 3.966776690405865083e+05 5.416203488299626624e+05 6.564945592258382021e+03 -1.447291461733439646e+05 9.803865554339541995e+04 -2.568517050816322080e+04 -4.270956690696770238e+04 8.912009886746466509e+04
5.420066486917030066e+07 7.053921614062095061e+06 -4.110567086122671142e+06 -5.915242713720764033e+06 2.409311610780315008e+06 3.218635580776258139e+05 -1.298641975639362587e+06 -7.557275577532447642e+05 -7.246317373442481039e+05 2.168031183908981085e+08 1.689228925780373812e+07 1.694734700239616260e+07 -3.841296842087812722e+06 1.978757573801170103e+06 -1.147472919878243282e+07 1.910417942495643394e+06 -1.261508411951330258e+06 9.690267590029495768e+05
1.213164279925139248e+07 2.899399962912463769e+07 -1.669780782327165827e+06 -2.027121040170313558e+06 4.040550184243306518e+06 3.594816694581357762e+06 1.433399611371480627e+06 3.488052882504159788e+04 3.966776690405865083e+05 1.689228925780373812e+07 1.093914387181690484e+08 1.469562305377472751e+07 2.483616248441035568e+05 3.363654804245419800e+05 3.646760805212333798e+06 2.013511018903617281e+06 9.299691915388385532e+05 7.540092394236151595e+05
3.822519772803308442e+05 1.267287206144628301e+07 6.449298795721434057e+06 1.609959254418521887e+06 1.832185433736189967e+06 8.549842504631832708e+05 7.346897706694435328e+04 -1.157534616025426658e+04 5.416203488299626624e+05 1.694734700239616260e+07 1.469562305377472751e+07 2.785836037472455204e+07 -1.437839257405220997e+06 1.524897461291863350e+06 1.849905082861507835e+05 2.837908799246562412e+05 -2.101897358896601945e+06 -1.822644831874116790e+04
-1.281589313771660440e+06 3.198405096278348356e+05 -2.011169174861034844e+06 -1.726927660785213520e+05 -3.383175651596051175e+05 1.237806522186941293e+05 -3.528751597827318474e+05 -2.828032750795571483e+05 6.564945592258382021e+03 -3.841296842087812722e+06 2.483616248441035568e+05 -1.437839257405220997e+06 5.681560967559595592e+06 1.128579974955651211e+06 -1.127103522650342202e+05 -1.591742281767285895e+05 -4.876614245036686043e+04 5.808439495647716103e+05
-1.141843074977862416e+05 3.004716639042240568e+06 1.608210093195533555e+05 4.419313081643728074e+05 -1.557892299428673869e+05 -2.084543454988766462e+05 -3.137731005063212942e+05 1.302173430890197924e+05 -1.447291461733439646e+05 1.978757573801170103e+06 3.363654804245419800e+05 1.524897461291863350e+06 1.128579974955651211e+06 2.617082117280821316e+06 3.072737165529101039e+05 2.836170381257305271e+05 -2.422522531234513008e+04 2.028578711393259582e+05
-5.831978702066968195e+06 2.550666949004113674e+06 1.219187260496609611e+06 5.933499081686420832e+05 -1.534048148165192397e+05 1.804279117130842351e+05 3.080255376184057677e+05 1.049704763552559889e+05 9.803865554339541995e+04 -1.147472919878243282e+07 3.646760805212333798e+06 1.849905082861507835e+05 -1.127103522650342202e+05 3.072737165529101039e+05 2.609520012965088710e+06 -1.104101487398623576e+05 1.512707882942267170e+05 1.194356709084389295e+05
3.156032100274494849e+06 1.875752230186683591e+05 -6.617543346645009005e+05 8.763180270148186537e+03 -1.454118288199460658e+05 -2.417806858104323037e+05 2.013689081142114010e+05 -2.329310767066112021e+05 -2.568517050816322080e+04 1.910417942495643394e+06 2.013511018903617281e+06 2.837908799246562412e+05 -1.591742281767285895e+05 2.836170381257305271e+05 -1.104101487398623576e+05 1.518237535183026455e+06 1.756605471821999818e+05 8.342821372053356026e+04
-2.085902870784600091e+05 -8.800377316625626991e+05 -6.121521429383851355e+05 -8.749025394593839883e+04 -1.285157662798202364e+05 -5.858694236322181496e+03 1.042139494801522778e+04 1.883394604819509186e+04 -4.270956690696770238e+04 -1.261508411951330258e+06 9.299691915388385532e+05 -2.101897358896601945e+06 -4.876614245036686043e+04 -2.422522531234513008e+04 1.512707882942267170e+05 1.756605471821999818e+05 6.930920921314994339e+05 3.023199947016076767e+05
1.295394848371064523e+06 3.689757482098491164e+04 -1.054599147031396395e+06 -1.423709983516317734e+05 -9.587818335831035802e+04 5.019132791427183110e+04 2.209790052229697267e+03 -3.953006368122404092e+04 8.912009886746466509e+04 9.690267590029495768e+05 7.540092394236151595e+05 -1.822644831874116790e+04 5.808439495647716103e+05 2.028578711393259582e+05 1.194356709084389295e+05 8.342821372053356026e+04 3.023199947016076767e+05 7.158818417352983961e+05
