4.317269018081294000e+07 1.077507773526165402e+06 9.004364852006491274e+05 1.156082143314236542e+06 1.055939261577369412e+06 1.232001397743038600e+06 -6.094978139102740679e+05 -5.024365032032667077e+05 3.181364721683323151e+05 3.807450266997804493e+07 1.377663129409403540e+07 -4.967651738192527555e+06 -6.141126601331283018e+04 3.597567944040520117e+06 -2.029531965787635883e+06 2.838111980344394105e+05 -3.435795747494622483e+05 6.281930345791690052e+05
1.077507773526165402e+06 9.444993312783038244e+06 2.372067993185420521e+06 -4.631941964493030355e+03 -1.399154269904922694e+05 -9.221795216675596021e+04 -5.305078919821659802e+05 5.351911856843725545e+05 1.181170882906369225e+05 1.217677867051061802e+07 8.063063062652138062e+06 -2.188661830532531720e+06 -1.798118958950903267e+06 -5.702424429623664357e+06 2.476672226515416987e+06 -4.358394225221917150e+05 4.302340043970854022e+05 7.350492847146792337e+05
9.004364852006491274e+05 2.372067993185420521e+06 4.005894385205926839e+06 -2.310073032348606794e+05 8.309050394324280787e+05 1.057204214473146130e+05 2.965808322020717242e+03 2.249597043410591432e+05 2.414226022664020420e+05 9.299005967789298156e+05 2.795403601213548682e+05 2.093321117658244446e+06 -1.331371026182108559e+06 -5.699726885993651813e+05 8.687263597552698338e+05 5.040769661204293370e+05 2.489921451206778875e+05 3.658865536458322895e+05
1.156082143314236542e+06 -4.631941964493030355e+03 -2.310073032348606794e+05 1.217734997607411351e+06 -1.580568400950679788e+05 3.469503491306544747e+05 -4.516618691279746417e+04 2.177369704084057230e+04 7.315176670024164196e+04 2.548446803190598730e+06 -1.607846637571534608e+06 -4.167241511242748820e+05 6.505185428162668832e+05 3.511699913118553231e+05 2.605021527268153732e+05 6.117052113217378792e+04 7.204358978046589764e+05 6.853441011288117152e+05
1.055939261577369412e+06 -1.399154269904922694e+05 8.309050394324280787e+05 -1.580568400950679788e+05 1.396511846072554588e+06 1.486985346187256218e+05 1.536224115300401754e+05 -1.717411586445579596e+05 -1.497386848900990444e+05 -5.378807492542502470e+06 -2.737032649549520575e+05 2.396323572140505072e+06 -2.319302999140539323e+05 1.208607694512192858e+06 7.776915061452675145e+05 1.712723073526661392e+04 -4.595518073916875292e+05 -2.024058411493498716e+05
1.232001397743038600e+06 -9.221795216675596021e+04 1.057204214473146130e+05 3.469503491306544747e+05 1.486985346187256218e+05 5.870065516947534634e+05 9.700569347801728873e+04 -1.296753723312059037e+03 9.788345371509502002e+04 -4.292915029326229705e+05 5.053681367420994793e+05 -6.312747561191082932e+05 -1.108596299910601811e+05 7.242050018843564612e+04 5.098482960946457461e+05 -1.975466054640731309e+05 1.184822323019879695e+04 1.098168731742621749e+05
-6.094978139102740679e+05 -5.305078919821659802e+05 2.965808322020717242e+03 -4.516618691279746417e+04 1.536224115300401754e+05 9.700569347801728873e+04 1.697313453737373929e+05 1.225854725534800309e+04 -1.038264353637713793e+04 -4.919784260002933443e+06 -1.374820570971678477e+06 4.531600727351807291e+05 3.917959537324567646e+04 1.666248743940732966e+05 2.032567316686293343e+05 -1.206321375945521504e+04 -5.684467757853343210e+04 -1.170298420326909109e+05
-5.024365032032667077e+05 5.351911856843725545e+05 2.249597043410591432e+05 2.177369704084057230e+04 -1.717411586445579596e+05 -1.296753723312059037e+03 1.225854725534800309e+04 2.076541024404567725e+05 8.628081860018578300e+04 4.462214225030322559e+05 3.105016033663621056e+05 -3.759640308491846081e+05 1.752152134614144743e+05 -5.237073723532542936e+05 4.711014196069267928e+05 -1.113570386504475755e+05 1.243988804943987052e+05 1.554811541599649645e+05
3.181364721683323151e+05 1.181170882906369225e+05 2.414226022664020420e+05 7.315176670024164196e+04 -1.497386848900990444e+05 9.788345371509502002e+04 -1.038264353637713793e+04 8.628081860018578300e+04 1.912815605870659056e+05 3.409917954686609097e+06 6.197894164857130963e+05 2.936405493541566539e+05 3.729694853250595625e+05 -3.092672419824861572e+04 1.257904420953844528e+05 3.459004938031933852e+04 -1.069381790677652862e+04 1.644028981791987026e+05
3.807450266997804493e+07 1.217677867051061802e+07 9.299005967789298156e+05 2.548446803190598730e+06 -5.378807492542502470e+06 -4.292915029326229705e+05 -4.919784260002933443e+06 4.462214225030322559e+05 3.409917954686609097e+06 2.444555670936221778e+08 6.379293125818616152e+07 1.498800182682296634e+07 1.084719797471128777e+07 -2.407341314705993980e+06 -4.892952758764191531e+06 -1.209475556110002799e+06 -5.146734791252695868e+04 5.386805163392951712e+06
1.377663129409403540e+07 8.063063062652138062e+06 2.795403601213548682e+05 -1.607846637571534608e+06 -2.737032649549520575e+05 5.053681367420994793e+05 -1.374820570971678477e+06 3.105016033663621056e+05 6.197894164857130963e+05 6.379293125818616152e+07 5.052727526180663705e+07 6.074397571732986253e+05 -2.829450379199309100e+04 -2.708002004405901534e+05 7.161839216907756636e+05 -1.379609708539444022e+06 -9.510105113512421958e+05 -3.006153480297448114e+05
-4.967651738192527555e+06 -2.188661830532531720e+06 2.093321117658244446e+06 -4.167241511242748820e+05 2.396323572140505072e+06 -6.312747561191082932e+05 4.531600727351807291e+05 -3.759640308491846081e+05 2.936405493541566539e+05 1.498800182682296634e+07 6.074397571732986253e+05 3.761764698674225807e+07 4.925427750270111486e+06 2.769349154308646917e+06 -8.458205329567136941e+05 2.541976760970632313e+05 -1.365513006316537037e+06 2.688574010095446720e+05
-6.141126601331283018e+04 -1.798118958950903267e+06 -1.331371026182108559e+06 6.505185428162668832e+05 -2.319302999140539323e+05 -1.108596299910601811e+05 3.917959537324567646e+04 1.752152134614144743e+05 3.729694853250595625e+05 1.084719797471128777e+07 -2.829450379199309100e+04 4.925427750270111486e+06 6.906155065005160868e+06 1.318506393402605085e+06 2.519421088164048851e+05 -4.566533404818586423e+05 2.902664726569243940e+05 7.463334870878572110e+05
3.597567944040520117e+06 -5.702424429623664357e+06 -5.699726885993651813e+05 3.511699913118553231e+05 1.208607694512192858e+06 7.242050018843564612e+04 1.666248743940732966e+05 -5.237073723532542936e+05 -3.092672419824861572e+04 -2.407341314705993980e+06 -2.708002004405901534e+05 2.769349154308646917e+06 1.318506393402605085e+06 7.767491902822352014e+06 -1.246730317229544045e+06 6.524556346544642001e+05 -7.990855059837992303e+05 -8.158226903116167523e+04
-2.029531965787635883e+06 2.476672226515416987e+06 8.687263597552698338e+05 2.605021527268153732e+05 7.776915061452675145e+05 5.098482960946457461e+05 2.032567316686293343e+05 4.711014196069267928e+05 1.257904420953844528e+05 -4.892952758764191531e+06 7.161839216907756636e+05 -8.458205329567136941e+05 2.519421088164048851e+05 -1.246730317229544045e+06 4.380729853560409509e+06 -4.810937642420195043e+05 -3.902563726558936760e+05 1.111867797865536122e+05
2.838111980344394105e+05 -4.358394225221917150e+05 5.040769661204293370e+05 6.117052113217378792e+04 1.712723073526661392e+04 -1.975466054640731309e+05 -1.206321375945521504e+04 -1.113570386504475755e+05 3.459004938031933852e+04 -1.209475556110002799e+06 -1.379609708539444022e+06 2.541976760970632313e+05 -4.566533404818586423e+05 6.524556346544642001e+05 -4.810937642420195043e+05 9.118650616430918453e+05 2.665583745660264976e+05 -5.824242974197382864e+04
-3.435795747494622483e+05 4.302340043970854022e+05 2.489921451206778875e+05 7.204358978046589764e+05 -4.595518073916875292e+05 1.184822323019879695e+04 -5.684467757853343210e+04 1.243988804943987052e+05 -1.069381790677652862e+04 -5.146734791252695868e+04 -9.510105113512421958e+05 -1.365513006316537037e+06 2.902664726569243940e+05 -7.990855059837992303e+05 -3.902563726558936760e+05 2.665583745660264976e+05 1.709102491175512783e+06 6.052703920531076146e+05
6.281930345791690052e+05 7.350492847146792337e+05 3.658865536458322895e+05 6.853441011288117152e+05 -2.024058411493498716e+05 1.098168731742621749e+05 -1.170298420326909109e+05 1.554811541599649645e+05 1.644028981791987026e+05 5.386805163392951712e+06 -3.006153480297448114e+05 2.688574010095446720e+05 7.463334870878572110e+05 -8.158226903116167523e+04 1.111867797865536122e+05 -5.824242974197382864e+04 6.052703920531076146e+05 9.103764241095721954e+05
