3.803585552545800060e+07 1.353046668240065454e+06 4.263775471465316950e+05 3.351361872339728288e+05 -5.297335999509925023e+04 5.170282579284564708e+05 1.273016708421877847e+05 4.320728330421954524e+03 -2.652587250043473905e+05 3.489980869600322843e+07 1.788623323152942210e+07 -8.459630010970324278e+06 1.154880855335155502e+07 4.409751486341427080e+06 -1.025311687789004878e+06 -1.198821335868346039e+06 4.475317685396841262e+05 5.205927271417316515e+05
1.353046668240065454e+06 1.668001078467153758e+07 1.152542171115815407e+06 1.161945944057262037e+06 1.847517610078087819e+04 4.194315527135743177e+05 4.144641708561583655e+05 1.708139316099852440e+05 -1.798233597784414887e+05 -2.135274485482040793e+06 1.317528512920259684e+07 -4.433846580320731737e+06 -3.351467196794183925e+06 1.026062296714025084e+06 1.478101703514641384e+06 -1.340926754886853276e+06 -4.936756600260198466e+05 -7.282319695280744927e+05
4.263775471465316950e+05 1.152542171115815407e+06 3.955394604299176019e+06 3.638856968737247516e+05 -4.634929155647484004e+05 -4.484113174976982409e+05 -1.321922059933991695e+05 1.402145361846487212e+05 -1.387105757248047448e+05 -7.636001116845313460e+06 3.308769947391129564e+06 -5.597723669216706185e+05 -1.902331011024542153e+06 -3.344404894143161946e+05 4.072807920129327103e+05 -4.159935255139679794e+04 -3.952928004107407760e+05 -2.558249734284787555e+05
3.351361872339728288e+05 1.161945944057262037e+06 3.638856968737247516e+05 1.608683360949282534e+06 -1.448753056487132562e+05 2.490717733969800756e+05 -4.219925498428606079e+04 2.521039432704347564e+04 1.205128227490142672e+04 -3.615428505462200381e+06 4.570000846427744254e+05 -7.754520882371354382e+05 -5.756360909029168542e+05 1.841501886747110984e+05 5.034877221100148163e+05 3.416115082748662680e+05 -8.819612013681435201e+04 -2.481709953687498637e+04
-5.297335999509925023e+04 1.847517610078087819e+04 -4.634929155647484004e+05 -1.448753056487132562e+05 5.565382070281581255e+05 -7.740618300164493849e+04 -6.298342390328319743e+04 -3.151618070784769588e+04 3.920811781388778036e+04 3.833944106595292687e+06 -1.083505043250581482e+06 -1.705369430448277271e+05 -3.040523715321071213e+05 -6.948399807076314464e+05 -6.434318570571513847e+05 -2.354305323749473318e+05 -4.703978918311716370e+03 -1.121796030043194878e+04
5.170282579284564708e+05 4.194315527135743177e+05 -4.484113174976982409e+05 2.490717733969800756e+05 -7.740618300164493849e+04 4.888660977368213353e+05 1.368294716782589676e+05 5.406147267813753569e+04 6.592960257667339465e+04 -1.598753235642026411e+06 7.708252325087782228e+05 -8.985485402422468178e+05 6.342726581518404419e+05 4.712573806741337758e+05 4.058292350156600587e+05 1.002914786611706659e+05 1.547330996883728658e+05 4.992427358931163326e+04
1.273016708421877847e+05 4.144641708561583655e+05 -1.321922059933991695e+05 -4.219925498428606079e+04 -6.298342390328319743e+04 1.368294716782589676e+05 2.955954590808908106e+05 4.384058904048210388e+04 -3.933906560351538792e+04 -1.469447117869976675e+06 -2.604934480730391224e+05 -6.188391427292985609e+05 1.748182700622029006e+04 1.790866924680525844e+05 1.587629067841386423e+05 9.717773108743206831e+04 -2.998321521519508792e+02 1.703987916211260599e+05
4.320728330421954524e+03 1.708139316099852440e+05 1.402145361846487212e+05 2.521039432704347564e+04 -3.151618070784769588e+04 5.406147267813753569e+04 4.384058904048210388e+04 1.681459733048240305e+05 2.050621114615358965e+04 1.026207463885164121e+06 -3.458494557901353110e+05 -5.914318698910436360e+05 -2.652027010464540799e+05 1.048024073034797475e+05 2.197417478398376843e+05 -1.670590480944268711e+04 4.733964313233813300e+04 7.424798439290696115e+04
-2.652587250043473905e+05 -1.798233597784414887e+05 -1.387105757248047448e+05 1.205128227490142672e+04 3.920811781388778036e+04 6.592960257667339465e+04 -3.933906560351538792e+04 2.050621114615358965e+04 9.752054644090855436e+04 3.962147005489556614e+04 -8.555479513544560177e+05 -1.248164344455538667e+05 -6.353034864807140548e+04 -1.657215162846476014e+05 -1.843928470323039437e+04 -1.979599621682730794e+05 5.854136807085580949e+04 3.008384099286578203e+04
3.489980869600322843e+07 -2.135274485482040793e+06 -7.636001116845313460e+06 -3.615428505462200381e+06 3.833944106595292687e+06 -1.598753235642026411e+06 -1.469447117869976675e+06 1.026207463885164121e+06 3.962147005489556614e+04 2.556633469811864495e+08 3.085597217407640815e+07 3.820759283997162711e+06 2.416239414825524390e+07 -1.081892034094638750e+07 3.040771415597426821e+05 -1.268839955258705420e+06 8.375367792129099835e+05 4.744413392812482081e+06
1.788623323152942210e+07 1.317528512920259684e+07 3.308769947391129564e+06 4.570000846427744254e+05 -1.083505043250581482e+06 7.708252325087782228e+05 -2.604934480730391224e+05 -3.458494557901353110e+05 -8.555479513544560177e+05 3.085597217407640815e+07 6.336914516915006936e+07 -4.123155691245073453e+06 1.334760506122763455e+07 4.267629215769523755e+06 4.021874161104116589e+06 1.793467845985688036e+06 1.741566238015311770e+06 -5.183497486978812376e+05
-8.459630010970324278e+06 -4.433846580320731737e+06 -5.597723669216706185e+05 -7.754520882371354382e+05 -1.705369430448277271e+05 -8.985485402422468178e+05 -6.188391427292985609e+05 -5.914318698910436360e+05 -1.248164344455538667e+05 3.820759283997162711e+06 -4.123155691245073453e+06 2.590769382306407019e+07 7.217220300262417644e+06 7.609322859584281687e+05 3.259613029903451446e+06 9.482991977568649454e+05 -1.358581729395175353e+06 1.096900016203781357e+06
1.154880855335155502e+07 -3.351467196794183925e+06 -1.902331011024542153e+06 -5.756360909029168542e+05 -3.040523715321071213e+05 6.342726581518404419e+05 1.748182700622029006e+04 -2.652027010464540799e+05 -6.353034864807140548e+04 2.416239414825524390e+07 1.334760506122763455e+07 7.217220300262417644e+06 1.323839775342295505e+07 2.761007075087266974e+06 2.322167058486265596e+06 3.973262901495811529e+05 8.052698401084489888e+05 1.276789235813566018e+06
4.409751486341427080e+06 1.026062296714025084e+06 -3.344404894143161946e+05 1.841501886747110984e+05 -6.948399807076314464e+05 4.712573806741337758e+05 1.790866924680525844e+05 1.048024073034797475e+05 -1.657215162846476014e+05 -1.081892034094638750e+07 4.267629215769523755e+06 7.609322859584281687e+05 2.761007075087266974e+06 5.023409640030761249e+06 2.066306343369791750e+06 5.565722193054888630e+05 1.369659247163770196e+05 -2.767285742559162318e+05
-1.025311687789004878e+06 1.478101703514641384e+06 4.072807920129327103e+05 5.034877221100148163e+05 -6.434318570571513847e+05 4.058292350156600587e+05 1.587629067841386423e+05 2.197417478398376843e+05 -1.843928470323039437e+04 3.040771415597426821e+05 4.021874161104116589e+06 3.259613029903451446e+06 2.322167058486265596e+06 2.066306343369791750e+06 3.890005658377543092e+06 4.163991272331909859e+05 -2.062371988569325767e+05 1.947159234996245941e+05
-1.198821335868346039e+06 -1.340926754886853276e+06 -4.159935255139679794e+04 3.416115082748662680e+05 -2.354305323749473318e+05 1.002914786611706659e+05 9.717773108743206831e+04 -1.670590480944268711e+04 -1.979599621682730794e+05 -1.268839955258705420e+06 1.793467845985688036e+06 9.482991977568649454e+05 3.973262901495811529e+05 5.565722193054888630e+05 4.163991272331909859e+05 1.643681470213323133e+06 1.779202825384570751e+05 -2.627261714225511605e+04
4.475317685396841262e+05 -4.936756600260198466e+05 -3.952928004107407760e+05 -8.819612013681435201e+04 -4.703978918311716370e+03 1.547330996883728658e+05 -2.998321521519508792e+02 4.733964313233813300e+04 5.854136807085580949e+04 8.375367792129099835e+05 1.741566238015311770e+06 -1.358581729395175353e+06 8.052698401084489888e+05 1.369659247163770196e+05 -2.062371988569325767e+05 1.779202825384570751e+05 8.482452665572575061e+05 1.083986478967841103e+05
5.205927271417316515e+05 -7.282319695280744927e+05 -2.558249734284787555e+05 -2.481709953687498637e+04 -1.121796030043194878e+04 4.992427358931163326e+04 1.703987916211260599e+05 7.424798439290696115e+04 3.008384099286578203e+04 4.744413392812482081e+06 -5.183497486978812376e+05 1.096900016203781357e+06 1.276789235813566018e+06 -2.767285742559162318e+05 1.947159234996245941e+05 -2.627261714225511605e+04 1.083986478967841103e+05 5.712941073437283048e+05
