6.049659659649796784e+07 3.377766016460051760e+06 -3.486627009503008798e+06 2.728663209642515052e+06 9.041488748873351142e+05 3.004467865454772837e+05 -9.922386757911067689e+05 5.332507705430247588e+05 -1.235539000692411559e+06 2.296994484693673253e+07 1.040036422933195531e+07 -6.365613633314196020e+06 -2.959175227463487536e+06 -2.160364424272711854e+06 2.936995098721682094e+06 -1.124876335348970955e+06 2.041318406942104630e+05 2.274677194862192962e+06
3.377766016460051760e+06 1.988647572621148452e+07 3.784240655724957585e+06 1.717403573956244625e+06 1.229904123303550063e+06 -8.950938897292439360e+05 -3.571292737651872449e+05 2.538300737545891898e+05 -3.320232196390819736e+05 2.089220913352836668e+07 1.592790903395539522e+07 -3.869754277498319745e+06 2.280267395671817067e+05 -5.220330765036660159e+04 5.230592417914125253e+05 9.131322523807507241e+05 8.259853804337589827e+04 -3.483215339883246343e+05
-3.486627009503008798e+06 3.784240655724957585e+06 6.435262699108109809e+06 6.260625647868368542e+05 -1.678170602478762157e+05 -1.140415010076476028e+06 3.294764124903586926e+05 -6.826527776833601820e+04 2.217140449259779125e+05 1.035876897170662507e+07 7.215086296226366423e+06 1.401913973398449016e+05 -1.130204002070370479e+05 3.326543043642229168e+05 -6.666266346335153794e+05 -2.668309529407319496e+04 4.400482611669765902e+05 1.112466603601782845e+04
2.728663209642515052e+06 1.717403573956244625e+06 6.260625647868368542e+05 2.601464922110224608e+06 2.656332199666808010e+05 1.667315615272686991e+05 1.492076030405036581e+05 1.106245133581209848e+04 3.073080461227614069e+04 4.156909353966964409e+06 1.750285478317313828e+06 -3.061255309651029529e+05 7.764897470749917557e+04 -8.308665452237905702e+05 -4.062584815010288730e+05 -4.616294332332798513e+05 -5.120922935310555476e+04 1.852330843544849195e+05
9.041488748873351142e+05 1.229904123303550063e+06 -1.678170602478762157e+05 2.656332199666808010e+05 9.036489517891366268e+05 2.045883210188573576e+05 1.246414998963279941e+05 -4.400885882004011364e+04 -1.320006867958762450e+05 2.462425741721366066e+06 -2.322117084232870955e+06 1.218170037564775557e+05 2.502643177350940823e+05 8.630397659981430043e+05 7.654590794491504494e+04 -1.963709182884384936e+05 -2.075698280741380950e+04 1.324417332890171383e+05
3.004467865454772837e+05 -8.950938897292439360e+05 -1.140415010076476028e+06 1.667315615272686991e+05 2.045883210188573576e+05 6.505000377055009594e+05 1.975535552243706843e+04 -6.368186813345990959e+04 -6.763845963450652198e+04 1.195551684688807232e+06 -2.838121765918223187e+06 -1.239953770351585699e+05 -1.153100089450669766e+05 4.717487447511803475e+04 2.439063228278003226e+05 -1.904056900762244768e+05 -5.150556195179760107e+04 7.776242469523458567e+04
-9.922386757911067689e+05 -3.571292737651872449e+05 3.294764124903586926e+05 1.492076030405036581e+05 1.246414998963279941e+05 1.975535552243706843e+04 4.070527944870197098e+05 -7.371243900052532263e+04 6.472600501468298171e+04 -7.565484959792322479e+05 -5.108996189314280637e+05 -5.019578389415419078e+05 5.822298533282814315e+05 3.015748266649695579e+05 -2.118410970463126141e+05 2.672216357281461824e+05 -5.008282865472737467e+04 5.600522661494973727e+04
5.332507705430247588e+05 2.538300737545891898e+05 -6.826527776833601820e+04 1.106245133581209848e+04 -4.400885882004011364e+04 -6.368186813345990959e+04 -7.371243900052532263e+04 7.224052288473803492e+04 -3.017205334639997091e+03 -7.598049898397305515e+05 1.018397183978277841e+06 -2.236977727885995992e+05 -9.339524790491833119e+04 -1.346157549466431083e+05 4.783894871980377502e+04 -8.739765604505342708e+03 8.577377381706564847e+03 -1.058576599000604074e+04
-1.235539000692411559e+06 -3.320232196390819736e+05 2.217140449259779125e+05 3.073080461227614069e+04 -1.320006867958762450e+05 -6.763845963450652198e+04 6.472600501468298171e+04 -3.017205334639997091e+03 1.164744584492169088e+05 -1.059911277162382612e+06 2.154410831957331393e+05 1.245532280903038627e+05 2.729028921606010408e+05 7.382252182104278472e+04 -4.168179569863318466e+04 6.084899023202458920e+04 1.115215899808643735e+04 6.013058691263935907e+04
2.296994484693673253e+07 2.089220913352836668e+07 1.035876897170662507e+07 4.156909353966964409e+06 2.462425741721366066e+06 1.195551684688807232e+06 -7.565484959792322479e+05 -7.598049898397305515e+05 -1.059911277162382612e+06 1.657882295355391502e+08 1.823964486800537445e+06 7.699349894638510421e+06 4.712733731184848584e+06 1.592467335768397897e+06 1.618716621666210936e+06 -2.973299561456580414e+05 4.488877747730952688e+05 4.364591813589891419e+06
1.040036422933195531e+07 1.592790903395539522e+07 7.215086296226366423e+06 1.750285478317313828e+06 -2.322117084232870955e+06 -2.838121765918223187e+06 -5.108996189314280637e+05 1.018397183978277841e+06 2.154410831957331393e+05 1.823964486800537445e+06 6.287567752065782994e+07 -1.517733352712812275e+07 -1.400905717133813910e+07 -1.442490518118513748e+06 5.585729587243670831e+05 -8.007066816213275306e+05 -5.503677739267494762e+05 -2.513273458675512113e+06
-6.365613633314196020e+06 -3.869754277498319745e+06 1.401913973398449016e+05 -3.061255309651029529e+05 1.218170037564775557e+05 -1.239953770351585699e+05 -5.019578389415419078e+05 -2.236977727885995992e+05 1.245532280903038627e+05 7.699349894638510421e+06 -1.517733352712812275e+07 1.480857697011483461e+07 4.015982541350753978e+06 4.968536399579029530e+05 -1.826221657337322133e+06 5.736626975496163359e+05 -3.629786007069918924e+03 4.227135321939559071e+05
-2.959175227463487536e+06 2.280267395671817067e+05 -1.130204002070370479e+05 7.764897470749917557e+04 2.502643177350940823e+05 -1.153100089450669766e+05 5.822298533282814315e+05 -9.339524790491833119e+04 2.729028921606010408e+05 4.712733731184848584e+06 -1.400905717133813910e+07 4.015982541350753978e+06 1.101554571605367213e+07 -1.107307690447792877e+06 -3.367207474501594552e+05 1.866561326215312351e+06 -6.723060836148497765e+04 1.687403457717708312e+06
-2.160364424272711854e+06 -5.220330765036660159e+04 3.326543043642229168e+05 -8.308665452237905702e+05 8.630397659981430043e+05 4.717487447511803475e+04 3.015748266649695579e+05 -1.346157549466431083e+05 7.382252182104278472e+04 1.592467335768397897e+06 -1.442490518118513748e+06 4.968536399579029530e+05 -1.107307690447792877e+06 3.544168431410639081e+06 2.831899834315736662e+05 -8.587389815942324640e+04 -1.677124224943847803e+05 2.087019848355442082e+04
2.936995098721682094e+06 5.230592417914125253e+05 -6.666266346335153794e+05 -4.062584815010288730e+05 7.654590794491504494e+04 2.439063228278003226e+05 -2.118410970463126141e+05 4.783894871980377502e+04 -4.168179569863318466e+04 1.618716621666210936e+06 5.585729587243670831e+05 -1.826221657337322133e+06 -3.367207474501594552e+05 2.831899834315736662e+05 1.468314536567382282e+06 -2.545743163900730724e+05 9.021005709977813240e+04 2.438538114419736667e+05
-1.124876335348970955e+06 9.131322523807507241e+05 -2.668309529407319496e+04 -4.616294332332798513e+05 -1.963709182884384936e+05 -1.904056900762244768e+05 2.672216357281461824e+05 -8.739765604505342708e+03 6.084899023202458920e+04 -2.973299561456580414e+05 -8.007066816213275306e+05 5.736626975496163359e+05 1.866561326215312351e+06 -8.587389815942324640e+04 -2.545743163900730724e+05 1.386017405201792484e+06 -1.903552160900922900e+05 1.500620860394914635e+05
2.041318406942104630e+05 8.259853804337589827e+04 4.400482611669765902e+05 -5.120922935310555476e+04 -2.075698280741380950e+04 -5.150556195179760107e+04 -5.008282865472737467e+04 8.577377381706564847e+03 1.115215899808643735e+04 4.488877747730952688e+05 -5.503677739267494762e+05 -3.629786007069918924e+03 -6.723060836148497765e+04 -1.677124224943847803e+05 9.021005709977813240e+04 -1.903552160900922900e+05 3.361445598286527093e+05 3.058439316682533536e+04
2.274677194862192962e+06 -3.483215339883246343e+05 1.112466603601782845e+04 1.852330843544849195e+05 1.324417332890171383e+05 7.776242469523458567e+04 5.600522661494973727e+04 -1.058576599000604074e+04 6.013058691263935907e+04 4.364591813589891419e+06 -2.513273458675512113e+06 4.227135321939559071e+05 1.687403457717708312e+06 2.087019848355442082e+04 2.438538114419736667e+05 1.500620860394914635e+05 3.058439316682533536e+04 7.634243977494015126e+05
