3.577201377293070406e+07 -1.111959382738415152e+06 -1.962721878263564780e+06 7.148136764636342414e+05 -1.212185466183694080e+06 -8.989988620000290684e+05 8.833221972420988604e+05 4.310117910187052912e+05 4.921845708343305159e+05 1.174384585900018737e+07 7.055682334909539670e+06 -8.050935806771159172e+06 5.924539710204862989e+06 -1.450224650742484257e+06 -1.262350807595828548e+06 3.451446766730529256e+06 2.981873665097628254e+06 1.446956678158350987e+06
-1.111959382738415152e+06 1.196119670570570976e+07 2.336637825054792687e+06 -6.410192723247177491e+04 7.372318430517615052e+05 3.232569030991828768e+05 -1.600725104018439924e+04 4.972772848837777274e+05 -1.254369697948155954e+05 6.594631782920692116e+06 -8.052250852642160608e+05 9.547114866358576342e+06 1.300676115878673503e+06 1.262113267075224547e+06 1.150112162858444965e+06 -4.627897741010788013e+04 1.109708212418527110e+06 8.050389209963134490e+05
-1.962721878263564780e+06 2.336637825054792687e+06 5.323225144291931763e+06 3.753624719223909779e+05 -1.337770214647744433e+05 5.707369777002645424e+05 3.036669546887304168e+05 3.351106661897369195e+05 1.251162011074451129e+03 -9.727600039498642087e+06 3.761282092282377183e+06 4.699934046717613004e+06 -5.551111176525418414e+05 3.636609162823276129e+05 -3.287005467840651982e+05 -7.719779054378835717e+05 4.378716607804124214e+04 7.663632360616148217e+05
7.148136764636342414e+05 -6.410192723247177491e+04 3.753624719223909779e+05 1.841748938587071374e+06 -2.117698611218368751e+05 6.755389917647500988e+04 9.305614705198015145e+04 -1.219528609982893686e+05 1.402503216656426957e+05 4.032684578024082002e+05 7.891852416326281382e+05 -1.077089046275404049e+06 1.969462605577961076e+06 -4.095132295866042841e+04 -4.774559359300608048e+05 -9.955711841102036124e+04 -9.904323583420488285e+04 3.988076784151613247e+05
-1.212185466183694080e+06 7.372318430517615052e+05 -1.337770214647744433e+05 -2.117698611218368751e+05 1.195701447191635147e+06 2.514600803819736757e+04 -2.564806006921920052e+05 5.509317632100111223e+04 -1.031223563984274660e+05 2.293988917023195885e+06 3.365984445372313261e+06 3.362229720598906279e+06 -9.962430640673962189e+05 1.040036604037582409e+06 1.516812681642965879e+06 7.088546485187896760e+05 1.477778086206083244e+05 1.311671412935414810e+04
-8.989988620000290684e+05 3.232569030991828768e+05 5.707369777002645424e+05 6.755389917647500988e+04 2.514600803819736757e+04 4.060463293725589174e+05 4.050612462137173134e+04 -7.666435879140021825e+01 -2.042807491556501191e+04 -1.290751809342871653e+06 9.308540526735079475e+05 3.775345979352521244e+05 -1.997777276981682808e+05 -1.981806235067274829e+05 3.885382343950364739e+05 -1.924337204454414314e+05 -1.381247378004342609e+05 2.611587544887389231e+04
8.833221972420988604e+05 -1.600725104018439924e+04 3.036669546887304168e+05 9.305614705198015145e+04 -2.564806006921920052e+05 4.050612462137173134e+04 4.480611507943904144e+05 1.200743398559497728e+05 -1.630644952672588806e+04 1.279774038027416682e+06 -1.304077575260500191e+06 1.399389330008149409e+04 3.749653778612705646e+05 -3.196691670771769714e+05 -1.454295854392586043e+05 3.980957236128804652e+04 -2.876187079724108571e+03 1.217458995137175079e+05
4.310117910187052912e+05 4.972772848837777274e+05 3.351106661897369195e+05 -1.219528609982893686e+05 5.509317632100111223e+04 -7.666435879140021825e+01 1.200743398559497728e+05 3.446055912625181954e+05 4.784678668723484589e+04 -1.160836519845829607e+05 -1.270506020708141848e+06 1.866830337332328490e+05 4.986551925485628890e+05 1.669630011891264585e+05 2.864967735671603004e+05 2.086935335920381476e+05 1.632412786101648235e+05 1.359197370316645538e+05
4.921845708343305159e+05 -1.254369697948155954e+05 1.251162011074451129e+03 1.402503216656426957e+05 -1.031223563984274660e+05 -2.042807491556501191e+04 -1.630644952672588806e+04 4.784678668723484589e+04 1.263202936998422520e+05 -1.156758500867073890e+06 -9.234045124935719286e+03 -1.068236381224194542e+06 5.240239466380056110e+05 -2.367897278705049539e+05 -3.080840813282986346e+04 8.732585959422320593e+04 9.093543500744901394e+03 1.445165087660063291e+05
1.174384585900018737e+07 6.594631782920692116e+06 -9.727600039498642087e+06 4.032684578024082002e+05 2.293988917023195885e+06 -1.290751809342871653e+06 1.279774038027416682e+06 -1.160836519845829607e+05 -1.156758500867073890e+06 9.297703851505482197e+07 5.686566605268091662e+05 1.505808922956440784e+07 2.524817486653648317e+06 -3.982590237445347011e+06 3.498168949920399580e+06 1.184784259994745953e+06 2.843725349045852199e+06 3.050402137181589496e+05
7.055682334909539670e+06 -8.052250852642160608e+05 3.761282092282377183e+06 7.891852416326281382e+05 3.365984445372313261e+06 9.308540526735079475e+05 -1.304077575260500191e+06 -1.270506020708141848e+06 -9.234045124935719286e+03 5.686566605268091662e+05 7.092732715238516033e+07 2.142772910893467441e+07 -1.776627337218406028e+05 7.537540035710078664e+05 6.423467971684473567e+06 5.380189218008960597e+06 1.128935532574771903e+06 3.428922229163947981e+06
-8.050935806771159172e+06 9.547114866358576342e+06 4.699934046717613004e+06 -1.077089046275404049e+06 3.362229720598906279e+06 3.775345979352521244e+05 1.399389330008149409e+04 1.866830337332328490e+05 -1.068236381224194542e+06 1.505808922956440784e+07 2.142772910893467441e+07 4.184134955335194618e+07 -1.417157924938213080e+06 2.470900469897749368e+06 4.178519869678265881e+06 3.019676163696337957e+06 1.659250960481351707e+06 1.097571242387565551e+06
5.924539710204862989e+06 1.300676115878673503e+06 -5.551111176525418414e+05 1.969462605577961076e+06 -9.962430640673962189e+05 -1.997777276981682808e+05 3.749653778612705646e+05 4.986551925485628890e+05 5.240239466380056110e+05 2.524817486653648317e+06 -1.776627337218406028e+05 -1.417157924938213080e+06 1.292875392740951292e+07 1.499267249896399677e+06 -1.870680848186343792e+05 1.034488589072083938e+06 4.997150284239340108e+05 1.963245830648467410e+06
-1.450224650742484257e+06 1.262113267075224547e+06 3.636609162823276129e+05 -4.095132295866042841e+04 1.040036604037582409e+06 -1.981806235067274829e+05 -3.196691670771769714e+05 1.669630011891264585e+05 -2.367897278705049539e+05 -3.982590237445347011e+06 7.537540035710078664e+05 2.470900469897749368e+06 1.499267249896399677e+06 5.311684605711096898e+06 1.267135293740265537e+06 6.327419595359972445e+05 1.865089572827408847e+05 -4.866767860692403701e+03
-1.262350807595828548e+06 1.150112162858444965e+06 -3.287005467840651982e+05 -4.774559359300608048e+05 1.516812681642965879e+06 3.885382343950364739e+05 -1.454295854392586043e+05 2.864967735671603004e+05 -3.080840813282986346e+04 3.498168949920399580e+06 6.423467971684473567e+06 4.178519869678265881e+06 -1.870680848186343792e+05 1.267135293740265537e+06 4.002838233518179040e+06 1.608534476439421996e+06 3.552133657382081728e+05 1.639200637763397826e+05
3.451446766730529256e+06 -4.627897741010788013e+04 -7.719779054378835717e+05 -9.955711841102036124e+04 7.088546485187896760e+05 -1.924337204454414314e+05 3.980957236128804652e+04 2.086935335920381476e+05 8.732585959422320593e+04 1.184784259994745953e+06 5.380189218008960597e+06 3.019676163696337957e+06 1.034488589072083938e+06 6.327419595359972445e+05 1.608534476439421996e+06 2.312812393917384092e+06 5.938515629842289491e+05 3.979799466369396541e+05
2.981873665097628254e+06 1.109708212418527110e+06 4.378716607804124214e+04 -9.904323583420488285e+04 1.477778086206083244e+05 -1.381247378004342609e+05 -2.876187079724108571e+03 1.632412786101648235e+05 9.093543500744901394e+03 2.843725349045852199e+06 1.128935532574771903e+06 1.659250960481351707e+06 4.997150284239340108e+05 1.865089572827408847e+05 3.552133657382081728e+05 5.938515629842289491e+05 6.732228842149197590e+05 3.060116408412924502e+05
1.446956678158350987e+06 8.050389209963134490e+05 7.663632360616148217e+05 3.988076784151613247e+05 1.311671412935414810e+04 2.611587544887389231e+04 1.217458995137175079e+05 1.359197370316645538e+05 1.445165087660063291e+05 3.050402137181589496e+05 3.428922229163947981e+06 1.097571242387565551e+06 1.963245830648467410e+06 -4.866767860692403701e+03 1.639200637763397826e+05 3.979799466369396541e+05 3.060116408412924502e+05 8.656390170433484018e+05
