6.172188729355448484e+07 5.310161828354732133e+05 -8.131514717366755009e+06 -8.274962774052922614e+05 4.292339955690077506e+06 -1.985079484133034013e+06 5.609865313278028043e+05 -2.804922874799774727e+05 -5.182561922067828709e+05 6.234655180487616360e+07 2.595601294642878231e+06 -1.061654213910230203e+06 -2.414341740324411076e+06 4.541198765569915995e+06 -1.452710420148000121e+06 -2.223013402554291766e+06 -9.056693875287640840e+05 -1.579575229470167309e+06
5.310161828354732133e+05 9.881779124186685309e+06 7.103699234550530091e+05 -5.673028206215675455e+05 4.402053021119805053e+05 -6.634232070699728501e+04 4.339887325195112498e+04 3.954850426924838684e+05 6.386938611109385238e+04 5.466458133757238276e+06 1.019003561186400428e+07 1.927760500858585583e+06 -5.081894296614823863e+06 7.463786833007654641e+05 1.107736217733813915e+06 1.854813430367374967e+05 3.812931137482853374e+05 -4.195941105171278468e+04
-8.131514717366755009e+06 7.103699234550530091e+05 4.894833406107408926e+06 1.482934692195252283e+06 -6.027553417026490206e+04 7.600174347532690736e+05 -3.866890170766692609e+05 -1.288696390577008242e+04 -7.780594603914623440e+04 -4.795288614923541434e+06 1.752175301746596815e+05 3.033083209039667156e+06 -2.251605616436543642e+05 -4.813354840087896446e+05 2.448633520787465095e+05 4.978447496796278283e+05 -7.680807652233114641e+04 2.714343392515743617e+05
-8.274962774052922614e+05 -5.673028206215675455e+05 1.482934692195252283e+06 1.976013678905861918e+06 9.190920992663962534e+04 -2.177820949029356707e+05 -2.916069662628990482e+05 -2.693884071476770332e+05 5.103836154657464795e+04 6.226954973518603947e+05 -6.298744837659766199e+05 8.074390276035857387e+05 -9.830404402157785371e+05 -8.564327520483334083e+05 1.276872654008674435e+05 -1.312166621203173127e+05 -4.957503046320050489e+05 -2.723390763810009230e+05
4.292339955690077506e+06 4.402053021119805053e+05 -6.027553417026490206e+04 9.190920992663962534e+04 8.758619077497185208e+05 -1.635614470883509784e+04 -4.623617830087136099e+04 -4.180501677260964061e+04 -6.992006494412840402e+04 3.130340586499986239e+06 4.205062271926254034e+06 -9.717613460989817395e+04 5.909607532920863014e+05 8.684833633648880059e+05 2.782316881909968215e+05 3.827887053562620713e+04 -2.558036427510463400e+05 -4.546451192521744088e+04
-1.985079484133034013e+06 -6.634232070699728501e+04 7.600174347532690736e+05 -2.177820949029356707e+05 -1.635614470883509784e+04 8.758967441454613581e+05 -2.065047762325356962e+04 2.162443621521777532e+05 -2.660577026725043834e+04 -5.597577226826604456e+06 -1.221732660466100788e+05 3.572713526625517989e+05 -5.651010160963708768e+05 -5.111822651874360163e+05 2.063337119170430233e+05 3.110742365850395436e+04 2.304437787946590688e+05 1.833760524533388088e+05
5.609865313278028043e+05 4.339887325195112498e+04 -3.866890170766692609e+05 -2.916069662628990482e+05 -4.623617830087136099e+04 -2.065047762325356962e+04 3.509418902615960687e+05 1.403103465000318538e+05 3.105903638668378699e+04 3.628026114912370103e+05 -2.221308361021135061e+05 2.202085876496654237e+05 1.933586627060006140e+05 2.748608571536160307e+05 1.065381772752949473e+04 2.956578036458297865e+05 3.499251703844188199e+01 -1.280068600169361162e+04
-2.804922874799774727e+05 3.954850426924838684e+05 -1.288696390577008242e+04 -2.693884071476770332e+05 -4.180501677260964061e+04 2.162443621521777532e+05 1.403103465000318538e+05 2.052379084427798516e+05 2.615348143316136702e+04 -8.579640030390620232e+05 5.701247961143222637e+05 5.494403024979924085e+05 -1.903884790743259655e+05 1.317683244501909940e+05 3.848366061946823902e+04 2.124095508408420719e+05 1.710033042874178791e+05 6.873244607926686876e+04
-5.182561922067828709e+05 6.386938611109385238e+04 -7.780594603914623440e+04 5.103836154657464795e+04 -6.992006494412840402e+04 -2.660577026725043834e+04 3.105903638668378699e+04 2.615348143316136702e+04 8.449300124810503621e+04 -8.753769790876419283e+05 -2.915696617169866222e+05 -3.544069269108735025e+05 -6.630367231201542018e+04 -1.689992268046212484e+04 6.105735375056398334e+04 6.142738027271824103e+04 -1.290783739480867735e+04 3.842995001150424741e+03
6.234655180487616360e+07 5.466458133757238276e+06 -4.795288614923541434e+06 6.226954973518603947e+05 3.130340586499986239e+06 -5.597577226826604456e+06 3.628026114912370103e+05 -8.579640030390620232e+05 -8.753769790876419283e+05 2.254449488722681105e+08 2.449459050740903616e+07 -3.342604885625948198e+06 4.444081118333615363e+06 4.650751897346279584e+06 4.790341875701822573e+05 -7.013569724972905824e+05 -4.043501825086276978e+06 -2.724280632954893168e+06
2.595601294642878231e+06 1.019003561186400428e+07 1.752175301746596815e+05 -6.298744837659766199e+05 4.205062271926254034e+06 -1.221732660466100788e+05 -2.221308361021135061e+05 5.701247961143222637e+05 -2.915696617169866222e+05 2.449459050740903616e+07 7.662577837307812274e+07 -1.338213005186269293e+05 1.039320301308237761e+07 7.133207697239425033e+06 3.227256203552756459e+06 3.722612824867036194e+06 -2.848159635242084973e+06 4.700973562127605546e+05
-1.061654213910230203e+06 1.927760500858585583e+06 3.033083209039667156e+06 8.074390276035857387e+05 -9.717613460989817395e+04 3.572713526625517989e+05 2.202085876496654237e+05 5.494403024979924085e+05 -3.544069269108735025e+05 -3.342604885625948198e+06 -1.338213005186269293e+05 2.782740999117429554e+07 2.661289106418564916e+06 1.213695310523130698e+06 -2.690151322251999751e+06 5.970280079141968163e+05 1.794028443414108595e+06 4.531647694000344927e+04
-2.414341740324411076e+06 -5.081894296614823863e+06 -2.251605616436543642e+05 -9.830404402157785371e+05 5.909607532920863014e+05 -5.651010160963708768e+05 1.933586627060006140e+05 -1.903884790743259655e+05 -6.630367231201542018e+04 4.444081118333615363e+06 1.039320301308237761e+07 2.661289106418564916e+06 1.447653749710125662e+07 3.161896950173385441e+06 -7.546249793013117742e+05 1.796714442739887163e+06 -1.495320170162273571e+06 4.007070097917818930e+05
4.541198765569915995e+06 7.463786833007654641e+05 -4.813354840087896446e+05 -8.564327520483334083e+05 8.684833633648880059e+05 -5.111822651874360163e+05 2.748608571536160307e+05 1.317683244501909940e+05 -1.689992268046212484e+04 4.650751897346279584e+06 7.133207697239425033e+06 1.213695310523130698e+06 3.161896950173385441e+06 3.720801096925644204e+06 -2.485817492105422134e+05 5.962191151857092045e+05 2.004017003249124391e+05 2.858403898590690806e+05
-1.452710420148000121e+06 1.107736217733813915e+06 2.448633520787465095e+05 1.276872654008674435e+05 2.782316881909968215e+05 2.063337119170430233e+05 1.065381772752949473e+04 3.848366061946823902e+04 6.105735375056398334e+04 4.790341875701822573e+05 3.227256203552756459e+06 -2.690151322251999751e+06 -7.546249793013117742e+05 -2.485817492105422134e+05 1.343060567690707045e+06 9.120058703917724779e+04 -2.549849662134636310e+05 2.018028678723925259e+05
-2.223013402554291766e+06 1.854813430367374967e+05 4.978447496796278283e+05 -1.312166621203173127e+05 3.827887053562620713e+04 3.110742365850395436e+04 2.956578036458297865e+05 2.124095508408420719e+05 6.142738027271824103e+04 -7.013569724972905824e+05 3.722612824867036194e+06 5.970280079141968163e+05 1.796714442739887163e+06 5.962191151857092045e+05 9.120058703917724779e+04 1.283172687935831491e+06 -6.559271039578202181e+05 1.116427287707003416e+05
-9.056693875287640840e+05 3.812931137482853374e+05 -7.680807652233114641e+04 -4.957503046320050489e+05 -2.558036427510463400e+05 2.304437787946590688e+05 3.499251703844188199e+01 1.710033042874178791e+05 -1.290783739480867735e+04 -4.043501825086276978e+06 -2.848159635242084973e+06 1.794028443414108595e+06 -1.495320170162273571e+06 2.004017003249124391e+05 -2.549849662134636310e+05 -6.559271039578202181e+05 1.318779801564502064e+06 2.729081511381287710e+05
-1.579575229470167309e+06 -4.195941105171278468e+04 2.714343392515743617e+05 -2.723390763810009230e+05 -4.546451192521744088e+04 1.833760524533388088e+05 -1.280068600169361162e+04 6.873244607926686876e+04 3.842995001150424741e+03 -2.724280632954893168e+06 4.700973562127605546e+05 4.531647694000344927e+04 4.007070097917818930e+05 2.858403898590690806e+05 2.018028678723925259e+05 1.116427287707003416e+05 2.729081511381287710e+05 5.912486409102651523e+05
