5.766090698893737048e+07 1.031847151217880473e+07 7.781413928339167032e+05 -3.120462787511977367e+05 -3.077561646909475676e+05 4.831675745342820301e+05 9.898877905236081278e+04 -8.424102348760538734e+05 -2.772453149320200901e+05 -1.235201946457515843e+07 -2.285896960479112808e+06 6.896375846601880156e+06 -3.800676053575765342e+06 2.380363193937606178e+06 7.432517959900295828e+05 -4.138911001785471570e+06 1.654221339994118549e+06 -5.651125269126964267e+05
1.031847151217880473e+07 1.941322335830485076e+07 3.253673919133123476e+06 -1.225800403926317347e+06 -6.403351029622359201e+05 4.565934581793653197e+05 -5.312617357724343892e+05 1.454727978727741720e+04 1.042907536307716327e+04 1.522269686490557157e+06 2.980827210743814334e+07 4.889063090009274893e+06 -7.910279287242854480e+04 4.365301075532787479e+06 1.667443524823854677e+06 -1.934688598923565121e+06 -1.555424009916193609e+05 -8.098866251315817935e+05
7.781413928339167032e+05 3.253673919133123476e+06 4.922417932983232662e+06 4.907738100517389830e+05 2.177764882272383838e+05 5.196020548779416131e+05 -5.854817463881044387e+04 1.277045779575916822e+05 7.662202188903068600e+04 -1.005352911269101128e+07 6.022992239510151558e+06 4.109272254967507906e+06 2.849840664868361200e+05 2.235731096451800317e+06 1.715358549829745665e+06 -3.303460028475841973e+05 -1.396219491091536765e+05 -2.275555472357260296e+05
-3.120462787511977367e+05 -1.225800403926317347e+06 4.907738100517389830e+05 1.156531520571136847e+06 1.843604422125794226e+05 1.416140134558039717e+05 7.675956585838047613e+04 -1.194801029531223321e+05 -1.024731747977967025e+05 -1.092174277492562775e+06 -2.504776948167075461e+05 1.662854404026978300e+05 1.373497705514922738e+06 -1.119543619120535295e+05 -3.063166800797909382e+05 3.293215057571991347e+05 -1.843518880521083775e+05 2.470362011415032612e+04
-3.077561646909475676e+05 -6.403351029622359201e+05 2.177764882272383838e+05 1.843604422125794226e+05 4.880242724623779068e+05 -8.046172002110135509e+04 4.276091829330253677e+04 4.643221190948292497e+04 -2.754608276649831896e+04 1.786467813856936060e+06 5.380031511827495415e+05 1.095211974509479041e+05 -2.383864410745480272e+05 8.358622362819053233e+05 2.957020874295410467e+05 5.857930151406881632e+05 2.691374828831548220e+05 3.514088073933523265e+04
4.831675745342820301e+05 4.565934581793653197e+05 5.196020548779416131e+05 1.416140134558039717e+05 -8.046172002110135509e+04 2.792695241301744827e+05 3.175664542490657914e+04 2.317861454941659758e+04 1.710232110428456963e+03 5.931623653632170754e+05 4.691861880417651846e+05 5.244699717459798558e+05 -4.958758948635762790e+05 5.517547912305354112e+04 1.819396994296667981e+05 -6.177963627300725784e+04 -1.254624687276882469e+05 1.485215154414633580e+05
9.898877905236081278e+04 -5.312617357724343892e+05 -5.854817463881044387e+04 7.675956585838047613e+04 4.276091829330253677e+04 3.175664542490657914e+04 1.895959599135039316e+05 3.571618465195405588e+04 3.859913086307217600e+04 9.155285331786209717e+05 -9.993255367105551995e+05 2.005500579787747993e+05 3.730152921592482744e+04 1.064643756934296107e+05 -1.560413256549540383e+05 3.247742521076663979e+05 8.380894487283909984e+04 1.693124245592126390e+05
-8.424102348760538734e+05 1.454727978727741720e+04 1.277045779575916822e+05 -1.194801029531223321e+05 4.643221190948292497e+04 2.317861454941659758e+04 3.571618465195405588e+04 1.134636149938758317e+05 2.831095323468976494e+04 9.916158252498155925e+05 -2.886275369817618630e+05 1.356232004521043855e+05 -1.274692896842659102e+05 1.333632403651749191e+05 2.783824276323830127e+05 2.254639056356930232e+05 9.749023421827828861e+04 7.916745699779156712e+04
-2.772453149320200901e+05 1.042907536307716327e+04 7.662202188903068600e+04 -1.024731747977967025e+05 -2.754608276649831896e+04 1.710232110428456963e+03 3.859913086307217600e+04 2.831095323468976494e+04 6.831009453323540220e+04 -1.249565924240954773e+05 8.058506486302637495e+05 3.657936371847926057e+05 2.276557935423326271e+05 1.584035987767722690e+05 6.125070760256524954e+04 -9.018824350793060773e+01 -1.513882257505007874e+04 7.027087005044674152e+04
-1.235201946457515843e+07 1.522269686490557157e+06 -1.005352911269101128e+07 -1.092174277492562775e+06 1.786467813856936060e+06 5.931623653632170754e+05 9.155285331786209717e+05 9.916158252498155925e+05 -1.249565924240954773e+05 2.303374108181525767e+08 5.016531874491331726e+07 1.359618613947343081e+07 -1.217663646039775945e+07 -2.304305200479119085e+06 -1.968099975356352516e+06 5.914439568221297115e+06 2.947108739770170301e+06 4.245983586502912454e+06
-2.285896960479112808e+06 2.980827210743814334e+07 6.022992239510151558e+06 -2.504776948167075461e+05 5.380031511827495415e+05 4.691861880417651846e+05 -9.993255367105551995e+05 -2.886275369817618630e+05 8.058506486302637495e+05 5.016531874491331726e+07 1.451150530694307089e+08 3.566982699475765973e+07 1.092923294685141556e+07 1.364984726366447285e+07 2.671564697042658459e+06 -4.758777316185690463e+06 -1.979274614759373479e+06 1.310702859676107997e+06
6.896375846601880156e+06 4.889063090009274893e+06 4.109272254967507906e+06 1.662854404026978300e+05 1.095211974509479041e+05 5.244699717459798558e+05 2.005500579787747993e+05 1.356232004521043855e+05 3.657936371847926057e+05 1.359618613947343081e+07 3.566982699475765973e+07 3.328041383433662355e+07 1.038037529267921299e+07 6.710312323326885700e+06 1.864267921058213105e+06 -1.839863842313506175e+06 7.763846496643706923e+05 2.609978341432659887e+06
-3.800676053575765342e+06 -7.910279287242854480e+04 2.849840664868361200e+05 1.373497705514922738e+06 -2.383864410745480272e+05 -4.958758948635762790e+05 3.730152921592482744e+04 -1.274692896842659102e+05 2.276557935423326271e+05 -1.217663646039775945e+07 1.092923294685141556e+07 1.038037529267921299e+07 1.754350170937652513e+07 3.814891910317711066e+06 -4.631078126719659485e+04 -8.573766845428077504e+05 -8.218803102254299447e+05 6.890437503579882905e+05
2.380363193937606178e+06 4.365301075532787479e+06 2.235731096451800317e+06 -1.119543619120535295e+05 8.358622362819053233e+05 5.517547912305354112e+04 1.064643756934296107e+05 1.333632403651749191e+05 1.584035987767722690e+05 -2.304305200479119085e+06 1.364984726366447285e+07 6.710312323326885700e+06 3.814891910317711066e+06 7.640574738674568012e+06 2.657326187318982091e+06 6.230219244205231080e+05 1.232947829927866696e+05 8.163393033606162062e+05
7.432517959900295828e+05 1.667443524823854677e+06 1.715358549829745665e+06 -3.063166800797909382e+05 2.957020874295410467e+05 1.819396994296667981e+05 -1.560413256549540383e+05 2.783824276323830127e+05 6.125070760256524954e+04 -1.968099975356352516e+06 2.671564697042658459e+06 1.864267921058213105e+06 -4.631078126719659485e+04 2.657326187318982091e+06 3.642639651687372476e+06 6.783876633098558523e+05 9.683274776561901672e+04 1.646842179674301296e+05
-4.138911001785471570e+06 -1.934688598923565121e+06 -3.303460028475841973e+05 3.293215057571991347e+05 5.857930151406881632e+05 -6.177963627300725784e+04 3.247742521076663979e+05 2.254639056356930232e+05 -9.018824350793060773e+01 5.914439568221297115e+06 -4.758777316185690463e+06 -1.839863842313506175e+06 -8.573766845428077504e+05 6.230219244205231080e+05 6.783876633098558523e+05 2.356520337294183206e+06 7.424930831748006167e+05 3.536719785501072183e+05
1.654221339994118549e+06 -1.555424009916193609e+05 -1.396219491091536765e+05 -1.843518880521083775e+05 2.691374828831548220e+05 -1.254624687276882469e+05 8.380894487283909984e+04 9.749023421827828861e+04 -1.513882257505007874e+04 2.947108739770170301e+06 -1.979274614759373479e+06 7.763846496643706923e+05 -8.218803102254299447e+05 1.232947829927866696e+05 9.683274776561901672e+04 7.424930831748006167e+05 1.148655184333403595e+06 1.339163888787571050e+05
-5.651125269126964267e+05 -8.098866251315817935e+05 -2.275555472357260296e+05 2.470362011415032612e+04 3.514088073933523265e+04 1.485215154414633580e+05 1.693124245592126390e+05 7.916745699779156712e+04 7.027087005044674152e+04 4.245983586502912454e+06 1.310702859676107997e+06 2.609978341432659887e+06 6.890437503579882905e+05 8.163393033606162062e+05 1.646842179674301296e+05 3.536719785501072183e+05 1.339163888787571050e+05 6.478162788563768845e+05
