4.072195711460011452e+07 3.006034731778513175e+06 7.555694462068786379e+05 -1.171432223823975539e+06 -4.243191034654775867e+05 3.971789628323989455e+05 -5.874796047229404794e+05 -6.360158235799237154e+05 -1.592647004602062807e+05 -2.219272668102291645e+05 1.817345423628251627e+07 -1.236615578736105934e+07 -2.503210808873358183e+06 -7.736668112759790383e+05 9.619531343663508305e+05 9.136666081247968832e+05 -5.416588866718833015e+04 -1.278603309892621124e+06
3.006034731778513175e+06 1.059382093762283772e+07 5.338922072534285253e+05 -2.387037905147944693e+05 3.635616511810470838e+05 1.211187894868430449e+06 4.642888767996656243e+05 2.580982191303818254e+05 2.510569237923285691e+05 -6.675387176493419334e+06 1.776220157263466157e+06 -2.145093819336739369e+06 4.353883913389302325e+05 -2.072898175015155284e+05 2.018569912566540763e+06 2.244339657673104666e+06 3.227698444916175213e+05 -5.449060415149896871e+05
7.555694462068786379e+05 5.338922072534285253e+05 4.337610660943652503e+06 1.388585147630900145e+06 3.758936571760719526e+05 -7.697663770927657606e+04 3.202131496103518293e+05 1.640977454781840788e+05 -2.435759511253849996e+04 -2.797915553322593216e+06 -1.740008475533439312e+06 5.065312974036450032e+05 2.434028782052246854e+06 4.418392372664726572e+05 9.209648560980455950e+05 6.207339106762259034e+05 3.235744586274986505e+05 2.716881609543020604e+05
-1.171432223823975539e+06 -2.387037905147944693e+05 1.388585147630900145e+06 1.314939603708018782e+06 2.250570709779467434e+05 3.802819420629975502e+05 3.625039832654245547e+05 1.136031198865210463e+05 5.508263247323140968e+04 -2.253153764445538633e+06 -1.140226299638233148e+06 2.160612659251689445e+06 1.384885182074650656e+06 2.121215563215615693e+05 8.536887453500779811e+05 4.120884254793901928e+05 9.270401433577465650e+04 1.088958884779200343e+04
-4.243191034654775867e+05 3.635616511810470838e+05 3.758936571760719526e+05 2.250570709779467434e+05 6.739886527105649002e+05 2.241454920903801103e+05 5.697844290595252824e+04 8.063804903580757673e+04 2.818846305667424531e+04 1.452651705475152936e+06 -6.809681796276906971e+05 1.999001737736680661e+05 -3.054114948532082490e+05 5.470750023254574044e+05 2.003553755323981459e+05 4.720565473738012952e+05 1.838386333844437322e+05 -2.575908239731036301e+05
3.971789628323989455e+05 1.211187894868430449e+06 -7.697663770927657606e+04 3.802819420629975502e+05 2.241454920903801103e+05 7.289899521670609247e+05 1.928722635447189095e+05 1.191964945079605095e+05 4.419339111699472414e+04 -3.249798207050845958e+05 -5.783695862315925770e+05 1.048091620844142744e+06 1.863728240222851746e+05 3.248067109258669079e+05 7.856449557189187035e+05 7.720002029508936685e+05 -1.101887213254815433e+05 -2.344432617701219860e+05
-5.874796047229404794e+05 4.642888767996656243e+05 3.202131496103518293e+05 3.625039832654245547e+05 5.697844290595252824e+04 1.928722635447189095e+05 2.888401654223651276e+05 4.215532823006800027e+04 2.449322220854209445e+04 1.221089399516219739e+06 -6.094604542914681369e+05 1.128970290914146462e+06 4.608520683775009820e+05 1.593813508473205729e+04 3.272900505203729845e+05 1.659108068071535381e+05 3.998981864576943190e+04 -5.336931348235507176e+04
-6.360158235799237154e+05 2.580982191303818254e+05 1.640977454781840788e+05 1.136031198865210463e+05 8.063804903580757673e+04 1.191964945079605095e+05 4.215532823006800027e+04 1.340722849512714602e+05 5.745258645021131088e+04 4.093757534022748587e+05 -5.961364202533178031e+05 1.495445944627180288e+05 -2.682453444495450822e+05 -4.700967741635398124e+04 1.255802904945006449e+05 1.520033534624310851e+05 -4.149014595559185182e+03 5.869239384990371036e+04
-1.592647004602062807e+05 2.510569237923285691e+05 -2.435759511253849996e+04 5.508263247323140968e+04 2.818846305667424531e+04 4.419339111699472414e+04 2.449322220854209445e+04 5.745258645021131088e+04 9.728226264336984605e+04 1.445150780292254640e+05 3.171473600588909176e+04 -6.281653934450166998e+05 -3.644265712183450814e+05 -3.454252183017756906e+05 -3.292979632595679141e+04 2.529727656442104853e+04 -2.423577900428359135e+04 4.333132088706935974e+03
-2.219272668102291645e+05 -6.675387176493419334e+06 -2.797915553322593216e+06 -2.253153764445538633e+06 1.452651705475152936e+06 -3.249798207050845958e+05 1.221089399516219739e+06 4.093757534022748587e+05 1.445150780292254640e+05 1.803129978130382299e+08 -7.930467968543021940e+06 -5.645307818208215758e+06 -1.076185215063997172e+07 -4.736261567249421030e+06 3.340930116010756698e+06 -2.278454938692166936e+06 -2.731135083254470490e+06 2.658182657381047029e+06
1.817345423628251627e+07 1.776220157263466157e+06 -1.740008475533439312e+06 -1.140226299638233148e+06 -6.809681796276906971e+05 -5.783695862315925770e+05 -6.094604542914681369e+05 -5.961364202533178031e+05 3.171473600588909176e+04 -7.930467968543021940e+06 2.319254384550495073e+07 -6.837879677639890462e+06 1.424223205732916249e+06 -9.040444102194432635e+05 2.676948511505841452e+04 5.376383921549640363e+05 1.005200873592097312e+06 -9.103675891512217931e+05
-1.236615578736105934e+07 -2.145093819336739369e+06 5.065312974036450032e+05 2.160612659251689445e+06 1.999001737736680661e+05 1.048091620844142744e+06 1.128970290914146462e+06 1.495445944627180288e+05 -6.281653934450166998e+05 -5.645307818208215758e+06 -6.837879677639890462e+06 2.857344832310658693e+07 6.436752804048560560e+06 6.679918133526504971e+06 2.300801535501187202e+06 1.695740174988697516e+06 5.652588511982670752e+05 1.765415848201841873e+05
-2.503210808873358183e+06 4.353883913389302325e+05 2.434028782052246854e+06 1.384885182074650656e+06 -3.054114948532082490e+05 1.863728240222851746e+05 4.608520683775009820e+05 -2.682453444495450822e+05 -3.644265712183450814e+05 -1.076185215063997172e+07 1.424223205732916249e+06 6.436752804048560560e+06 1.402805793736623041e+07 2.175286925652178004e+06 -8.763833586118310632e+04 5.887850568101748358e+05 -9.306940314448981371e+04 5.258323536570870783e+05
-7.736668112759790383e+05 -2.072898175015155284e+05 4.418392372664726572e+05 2.121215563215615693e+05 5.470750023254574044e+05 3.248067109258669079e+05 1.593813508473205729e+04 -4.700967741635398124e+04 -3.454252183017756906e+05 -4.736261567249421030e+06 -9.040444102194432635e+05 6.679918133526504971e+06 2.175286925652178004e+06 4.612305997049835511e+06 1.138662633001927985e+06 5.928575770435724407e+05 -2.684729832793555106e+05 -5.594972408219873905e+05
9.619531343663508305e+05 2.018569912566540763e+06 9.209648560980455950e+05 8.536887453500779811e+05 2.003553755323981459e+05 7.856449557189187035e+05 3.272900505203729845e+05 1.255802904945006449e+05 -3.292979632595679141e+04 3.340930116010756698e+06 2.676948511505841452e+04 2.300801535501187202e+06 -8.763833586118310632e+04 1.138662633001927985e+06 3.561627549493301660e+06 1.229413191948265303e+06 -2.500072205658779712e+05 -4.016911054046390927e+05
9.136666081247968832e+05 2.244339657673104666e+06 6.207339106762259034e+05 4.120884254793901928e+05 4.720565473738012952e+05 7.720002029508936685e+05 1.659108068071535381e+05 1.520033534624310851e+05 2.529727656442104853e+04 -2.278454938692166936e+06 5.376383921549640363e+05 1.695740174988697516e+06 5.887850568101748358e+05 5.928575770435724407e+05 1.229413191948265303e+06 1.618786995034574531e+06 9.676917920449626399e+04 -2.585173581888071494e+05
-5.416588866718833015e+04 3.227698444916175213e+05 3.235744586274986505e+05 9.270401433577465650e+04 1.838386333844437322e+05 -1.101887213254815433e+05 3.998981864576943190e+04 -4.149014595559185182e+03 -2.423577900428359135e+04 -2.731135083254470490e+06 1.005200873592097312e+06 5.652588511982670752e+05 -9.306940314448981371e+04 -2.684729832793555106e+05 -2.500072205658779712e+05 9.676917920449626399e+04 8.906630835389276035e+05 1.797256094887077052e+05
-1.278603309892621124e+06 -5.449060415149896871e+05 2.716881609543020604e+05 1.088958884779200343e+04 -2.575908239731036301e+05 -2.344432617701219860e+05 -5.336931348235507176e+04 5.869239384990371036e+04 4.333132088706935974e+03 2.658182657381047029e+06 -9.103675891512217931e+05 1.765415848201841873e+05 5.258323536570870783e+05 -5.594972408219873905e+05 -4.016911054046390927e+05 -2.585173581888071494e+05 1.797256094887077052e+05 9.843641957742393715e+05
