7.791198558752031624e+07 7.797211466231784783e+06 5.102398688676710241e+06 -9.109923513153886888e+05 -5.069535895935339795e+04 8.752979083231436089e+05 1.141776712461710675e+06 1.033795964519536938e+06 3.129535627178377472e+05 -6.222672289626762271e+06 -9.924183336284777150e+06 7.886996931382412091e+06 5.452501313031619415e+06 1.173706478942272998e+07 -4.811181677615439519e+06 -1.900643034421300283e+06 9.334329114136877470e+05 -1.302244391698945314e+06
7.797211466231784783e+06 7.998531995966848917e+06 -1.218218430326758651e+06 5.962194558874559589e+05 -3.553190924468704616e+05 -8.583113009892585978e+04 -1.484052441131351516e+05 8.111105817059523542e+04 2.601428511303306732e+04 1.223749348041472398e+07 8.893098454145810101e+05 -4.372849771349851973e+06 1.033897134587109904e+06 4.150453610902607325e+05 -1.026380500838724198e+06 5.410898288192788605e+05 -1.173111529467058863e+05 1.177752228076197207e+06
5.102398688676710241e+06 -1.218218430326758651e+06 3.886942194929439109e+06 2.913126230604316806e+05 -3.155241339771950152e+05 1.659950900201451732e+05 2.827123935071883607e+05 4.211919841453647241e+05 1.696883922054478317e+05 1.364269239304455929e+06 9.925513861840550089e+05 4.165976318998819217e+06 -1.103654149616251234e+06 5.170206810133799445e+05 -2.858731207460279693e+05 -7.109056412467828486e+05 4.545994255586466752e+05 -2.786692853260294651e+05
-9.109923513153886888e+05 5.962194558874559589e+05 2.913126230604316806e+05 1.976226683151051868e+06 3.402170663546773721e+05 2.908232227329708403e+05 2.940445880305275205e+04 5.982874294514351641e+04 -2.474453786018388928e+04 9.853506840726343216e+04 -3.819593166847500484e+06 -8.540595311799454503e+05 -8.494211089048956055e+05 3.551825630888322485e+05 1.080134770084474003e+06 5.108655386430557701e+04 8.441019187589295325e+04 -3.893255507559120306e+05
-5.069535895935339795e+04 -3.553190924468704616e+05 -3.155241339771950152e+05 3.402170663546773721e+05 7.878715879421771970e+05 1.820883286469643281e+03 -7.545132997587384307e+04 -2.198343864797923379e+04 -1.199296266172898322e+05 -4.790749621728452039e+05 -3.090171067178206053e+06 1.822237100635057141e+05 -3.787326065319879854e+04 2.994196915191055159e+05 2.063901416993242165e+05 -3.260512723244985100e+05 -2.285426903911430854e+05 -3.367220005830981536e+05
8.752979083231436089e+05 -8.583113009892585978e+04 1.659950900201451732e+05 2.908232227329708403e+05 1.820883286469643281e+03 4.719284113319095341e+05 1.675958145910328021e+05 6.607776997798467346e+04 7.930197333518226515e+04 -2.512855926216467284e+06 -4.139179391061082133e+05 4.924919420913775684e+05 -2.739639969652972068e+05 7.442300844296477735e+05 4.500465179363840725e+05 2.542315165621375781e+05 1.264367973858641926e+05 -2.048885380191750883e+05
1.141776712461710675e+06 -1.484052441131351516e+05 2.827123935071883607e+05 2.940445880305275205e+04 -7.545132997587384307e+04 1.675958145910328021e+05 4.209647355557975825e+05 7.376842868359565909e+04 8.692571569837332936e+04 -3.340568190485231578e+06 7.790608465350088663e+05 1.130444113394037413e+04 1.857475986055479734e+05 6.574718529859129339e+05 2.500906224846506084e+05 2.562397511208510259e+05 9.598031390463835851e+04 -1.333458666191914526e+05
1.033795964519536938e+06 8.111105817059523542e+04 4.211919841453647241e+05 5.982874294514351641e+04 -2.198343864797923379e+04 6.607776997798467346e+04 7.376842868359565909e+04 1.697708135939861240e+05 7.147658988327304542e+04 1.718181255850365385e+06 5.074178701976338634e+05 5.173667923311162740e+05 3.606788917304163333e+05 9.136257330908690346e+04 -1.445742027193244430e+05 1.426371248696936891e+04 1.266314358995612711e+05 9.308925594314425780e+02
3.129535627178377472e+05 2.601428511303306732e+04 1.696883922054478317e+05 -2.474453786018388928e+04 -1.199296266172898322e+05 7.930197333518226515e+04 8.692571569837332936e+04 7.147658988327304542e+04 1.378478318242956011e+05 -9.082165216700213496e+05 -3.618770504458938376e+05 1.888289750504975673e+05 2.964032079163357848e+05 -2.386914958668259205e+05 -1.614630536610731797e+05 6.923554366663232213e+04 1.631676878576405579e+05 5.857712035147284041e+04
-6.222672289626762271e+06 1.223749348041472398e+07 1.364269239304455929e+06 9.853506840726343216e+04 -4.790749621728452039e+05 -2.512855926216467284e+06 -3.340568190485231578e+06 1.718181255850365385e+06 -9.082165216700213496e+05 2.228641423356598616e+08 -5.560822853085002862e+06 1.710599648808658123e+06 -5.727262608561660163e+06 6.572676205146992579e+05 -7.778538482080562972e+06 -5.610959349915724248e+06 -4.492665112233850174e+06 2.706191044139598962e+05
-9.924183336284777150e+06 8.893098454145810101e+05 9.925513861840550089e+05 -3.819593166847500484e+06 -3.090171067178206053e+06 -4.139179391061082133e+05 7.790608465350088663e+05 5.074178701976338634e+05 -3.618770504458938376e+05 -5.560822853085002862e+06 6.400322507845681161e+07 -2.087601472025222844e+06 2.617577601183619350e+06 -1.736170901944458485e+06 2.686789697241334245e+06 3.517275789786558598e+06 -1.964773534089268185e+06 3.157471674444851931e+06
7.886996931382412091e+06 -4.372849771349851973e+06 4.165976318998819217e+06 -8.540595311799454503e+05 1.822237100635057141e+05 4.924919420913775684e+05 1.130444113394037413e+04 5.173667923311162740e+05 1.888289750504975673e+05 1.710599648808658123e+06 -2.087601472025222844e+06 1.401825940739894658e+07 -2.036392545047503896e+06 5.639572606995668029e+05 -2.117114630076964851e+06 -6.959596357090077363e+05 1.258715230167792761e+05 -8.594584888884123648e+05
5.452501313031619415e+06 1.033897134587109904e+06 -1.103654149616251234e+06 -8.494211089048956055e+05 -3.787326065319879854e+04 -2.739639969652972068e+05 1.857475986055479734e+05 3.606788917304163333e+05 2.964032079163357848e+05 -5.727262608561660163e+06 2.617577601183619350e+06 -2.036392545047503896e+06 7.066733368571529165e+06 1.836889371637825388e+05 -2.744006800434496719e+06 7.827926625142180128e+05 4.763009410479360376e+05 2.456718102555800288e+05
1.173706478942272998e+07 4.150453610902607325e+05 5.170206810133799445e+05 3.551825630888322485e+05 2.994196915191055159e+05 7.442300844296477735e+05 6.574718529859129339e+05 9.136257330908690346e+04 -2.386914958668259205e+05 6.572676205146992579e+05 -1.736170901944458485e+06 5.639572606995668029e+05 1.836889371637825388e+05 5.663532661574084312e+06 6.826889942790837958e+05 1.288626905821987311e+05 -1.647519805345559143e+05 -1.224341591214379994e+06
-4.811181677615439519e+06 -1.026380500838724198e+06 -2.858731207460279693e+05 1.080134770084474003e+06 2.063901416993242165e+05 4.500465179363840725e+05 2.500906224846506084e+05 -1.445742027193244430e+05 -1.614630536610731797e+05 -7.778538482080562972e+06 2.686789697241334245e+06 -2.117114630076964851e+06 -2.744006800434496719e+06 6.826889942790837958e+05 4.315714477313624695e+06 5.027067294346968993e+05 -9.220002574728472973e+04 -3.691793652982353233e+05
-1.900643034421300283e+06 5.410898288192788605e+05 -7.109056412467828486e+05 5.108655386430557701e+04 -3.260512723244985100e+05 2.542315165621375781e+05 2.562397511208510259e+05 1.426371248696936891e+04 6.923554366663232213e+04 -5.610959349915724248e+06 3.517275789786558598e+06 -6.959596357090077363e+05 7.827926625142180128e+05 1.288626905821987311e+05 5.027067294346968993e+05 1.272499377937408863e+06 1.407257617687394668e+05 1.509621908418732928e+05
9.334329114136877470e+05 -1.173111529467058863e+05 4.545994255586466752e+05 8.441019187589295325e+04 -2.285426903911430854e+05 1.264367973858641926e+05 9.598031390463835851e+04 1.266314358995612711e+05 1.631676878576405579e+05 -4.492665112233850174e+06 -1.964773534089268185e+06 1.258715230167792761e+05 4.763009410479360376e+05 -1.647519805345559143e+05 -9.220002574728472973e+04 1.407257617687394668e+05 9.555655932483044453e+05 4.808050976356622414e+04
-1.302244391698945314e+06 1.177752228076197207e+06 -2.786692853260294651e+05 -3.893255507559120306e+05 -3.367220005830981536e+05 -2.048885380191750883e+05 -1.333458666191914526e+05 9.308925594314425780e+02 5.857712035147284041e+04 2.706191044139598962e+05 3.157471674444851931e+06 -8.594584888884123648e+05 2.456718102555800288e+05 -1.224341591214379994e+06 -3.691793652982353233e+05 1.509621908418732928e+05 4.808050976356622414e+04 7.887389948944947682e+05
