8.611518801341086626e+07 1.769545274439001083e+07 -2.432979994948009495e+06 -2.210929827110293787e+06 2.684158108493111562e+06 -3.025341901824854314e+06 5.225899971346984967e+05 -6.000608415870176941e+03 -1.687168845655105310e+06 6.607137464489802718e+07 1.454923342266202345e+07 6.433296315440662205e+06 -5.000418123861321248e+06 2.100816290833876934e+06 3.093056125519135967e+06 8.680697715396181447e+05 -7.484335042014409555e+05 -1.605615405713501154e+06
1.769545274439001083e+07 2.360404880504180118e+07 -6.444213397585173880e+03 -7.547940445170107996e+05 7.133684374848981388e+05 1.522151328590638936e+06 8.053818875569734955e+05 1.019280975750937941e+05 -4.837479735599878768e+04 1.357358846664981544e+07 2.762113334213284403e+07 6.478003294944085181e+06 -1.089058544170726556e+06 2.557211500224079937e+06 2.946695757029323373e+06 6.140562773443652550e+05 -6.580386709990743548e+05 3.221547333069228334e+05
-2.432979994948009495e+06 -6.444213397585173880e+03 4.457709000704657286e+06 1.390528431921494892e+06 -7.423910351671293611e+05 -4.681725079597911099e+05 3.573419993794139009e+05 1.738523600047087821e+05 1.702486719164957176e+05 -6.221165214346904308e+06 -3.059655047178837936e+06 -7.411925578472767957e+05 -1.288710928874236532e+06 6.546832899758504936e+05 -1.179955093650641618e+06 -1.228128352466725279e+06 -2.324614045747960045e+05 -3.791061621817888808e+05
-2.210929827110293787e+06 -7.547940445170107996e+05 1.390528431921494892e+06 1.738843191784775350e+06 3.542102613465811737e+04 -6.983026611162498011e+04 2.447381533377331798e+05 1.007787569449274888e+05 1.354681295655378781e+05 1.297416674894427648e+06 -3.747686933654650580e+06 -8.519856626713157166e+05 -3.201658799191440921e+05 1.266294791333539906e+05 -2.110613048075925617e+05 -2.997143506544612464e+05 -3.918761974148276495e+05 -1.756076433280752099e+05
2.684158108493111562e+06 7.133684374848981388e+05 -7.423910351671293611e+05 3.542102613465811737e+04 1.328519270738144638e+06 4.551815156739255763e+05 1.340649365760709916e+05 5.253136243016398657e+04 6.505255030889293994e+04 2.241153578379744664e+06 4.323063359743588953e+05 -4.739880213011404849e+05 -1.758244640330740949e+06 -1.156660339769646293e+06 -8.462769368563932949e+04 7.359073924026664827e+03 2.411448611504304281e+05 2.746730630104092052e+04
-3.025341901824854314e+06 1.522151328590638936e+06 -4.681725079597911099e+05 -6.983026611162498011e+04 4.551815156739255763e+05 1.000669047908529523e+06 1.607031533962964604e+05 8.629098856225046620e+04 1.276796846511495096e+05 -1.870682700869328575e+06 2.486438989143753424e+06 -1.030751127310268581e+06 -8.220556855208593188e+05 -7.695381285619061673e+05 4.507463047788122203e+05 2.400973953232673011e+04 -9.569223443175246939e+04 1.948089314456323918e+05
5.225899971346984967e+05 8.053818875569734955e+05 3.573419993794139009e+05 2.447381533377331798e+05 1.340649365760709916e+05 1.607031533962964604e+05 3.593475787687160773e+05 1.251730978087360854e+05 6.684906405730667757e+04 2.992583015337633435e+06 1.488571016981870169e+06 5.518909366419740254e+05 -2.037130715095257328e+05 3.063023323923706193e+05 9.457894872202085389e+04 1.050686660752975149e+05 -7.263396887951493227e+03 3.487659220793999702e+04
-6.000608415870176941e+03 1.019280975750937941e+05 1.738523600047087821e+05 1.007787569449274888e+05 5.253136243016398657e+04 8.629098856225046620e+04 1.251730978087360854e+05 1.528003511440395087e+05 9.662195358123298502e+04 1.124318747219160898e+06 1.199843945833710488e+06 2.563837909868679708e+05 -2.024787149012924929e+05 -3.494189376607888698e+04 -1.732634026512317359e+05 -8.990890465184694040e+04 -2.958622234668840247e+04 8.768578434895827377e+04
-1.687168845655105310e+06 -4.837479735599878768e+04 1.702486719164957176e+05 1.354681295655378781e+05 6.505255030889293994e+04 1.276796846511495096e+05 6.684906405730667757e+04 9.662195358123298502e+04 1.332194109958163754e+05 -1.116057502225320553e+06 7.815878393179511186e+05 8.329183878296895273e+03 -2.211108493063260394e+05 -1.116951855512114998e+05 -2.035650709887057310e+05 -6.019072452522508684e+04 1.494401109412136429e+04 9.664757798065120005e+04
6.607137464489802718e+07 1.357358846664981544e+07 -6.221165214346904308e+06 1.297416674894427648e+06 2.241153578379744664e+06 -1.870682700869328575e+06 2.992583015337633435e+06 1.124318747219160898e+06 -1.116057502225320553e+06 2.358257585949860215e+08 2.461257928188176081e+07 3.185651074177882820e+07 7.335582883870906197e+06 -5.572871988161253743e+06 1.345170459429029562e+07 4.115773904193557799e+06 -4.782514963726812275e+05 8.990521961878577713e+05
1.454923342266202345e+07 2.762113334213284403e+07 -3.059655047178837936e+06 -3.747686933654650580e+06 4.323063359743588953e+05 2.486438989143753424e+06 1.488571016981870169e+06 1.199843945833710488e+06 7.815878393179511186e+05 2.461257928188176081e+07 5.818567481854517758e+07 8.085364221722967923e+06 6.783230506505109952e+04 2.783048816354773007e+06 1.143675022946034325e+06 1.550495611821405124e+06 -2.288892760745561391e+05 1.738510016802920494e+06
6.433296315440662205e+06 6.478003294944085181e+06 -7.411925578472767957e+05 -8.519856626713157166e+05 -4.739880213011404849e+05 -1.030751127310268581e+06 5.518909366419740254e+05 2.563837909868679708e+05 8.329183878296895273e+03 3.185651074177882820e+07 8.085364221722967923e+06 2.478629829214849696e+07 6.773034682305094786e+06 3.138908539145178627e+06 2.146970405456140172e+06 1.586831586758294376e+06 8.818294497566014761e+05 1.720505890974240843e+06
-5.000418123861321248e+06 -1.089058544170726556e+06 -1.288710928874236532e+06 -3.201658799191440921e+05 -1.758244640330740949e+06 -8.220556855208593188e+05 -2.037130715095257328e+05 -2.024787149012924929e+05 -2.211108493063260394e+05 7.335582883870906197e+06 6.783230506505109952e+04 6.773034682305094786e+06 2.021128418688244000e+07 5.874063119615457952e+06 8.264990089187548729e+05 7.132861565919024870e+05 -5.520998205549971899e+05 1.588165541509122588e+06
2.100816290833876934e+06 2.557211500224079937e+06 6.546832899758504936e+05 1.266294791333539906e+05 -1.156660339769646293e+06 -7.695381285619061673e+05 3.063023323923706193e+05 -3.494189376607888698e+04 -1.116951855512114998e+05 -5.572871988161253743e+06 2.783048816354773007e+06 3.138908539145178627e+06 5.874063119615457952e+06 8.082856152729321271e+06 -1.072011016680877190e+06 2.123570035565768369e+06 2.032483345709156420e+05 2.328388325197931554e+05
3.093056125519135967e+06 2.946695757029323373e+06 -1.179955093650641618e+06 -2.110613048075925617e+05 -8.462769368563932949e+04 4.507463047788122203e+05 9.457894872202085389e+04 -1.732634026512317359e+05 -2.035650709887057310e+05 1.345170459429029562e+07 1.143675022946034325e+06 2.146970405456140172e+06 8.264990089187548729e+05 -1.072011016680877190e+06 3.908301360222090967e+06 1.852605574890837670e+04 -3.845295455885824631e+05 -2.853869416672202642e+05
8.680697715396181447e+05 6.140562773443652550e+05 -1.228128352466725279e+06 -2.997143506544612464e+05 7.359073924026664827e+03 2.400973953232673011e+04 1.050686660752975149e+05 -8.990890465184694040e+04 -6.019072452522508684e+04 4.115773904193557799e+06 1.550495611821405124e+06 1.586831586758294376e+06 7.132861565919024870e+05 2.123570035565768369e+06 1.852605574890837670e+04 2.257333704593883362e+06 4.180259138961393037e+05 2.511482118378461455e+05
-7.484335042014409555e+05 -6.580386709990743548e+05 -2.324614045747960045e+05 -3.918761974148276495e+05 2.411448611504304281e+05 -9.569223443175246939e+04 -7.263396887951493227e+03 -2.958622234668840247e+04 1.494401109412136429e+04 -4.782514963726812275e+05 -2.288892760745561391e+05 8.818294497566014761e+05 -5.520998205549971899e+05 2.032483345709156420e+05 -3.845295455885824631e+05 4.180259138961393037e+05 6.181925448005861836e+05 7.575734773871135258e+04
-1.605615405713501154e+06 3.221547333069228334e+05 -3.791061621817888808e+05 -1.756076433280752099e+05 2.746730630104092052e+04 1.948089314456323918e+05 3.487659220793999702e+04 8.768578434895827377e+04 9.664757798065120005e+04 8.990521961878577713e+05 1.738510016802920494e+06 1.720505890974240843e+06 1.588165541509122588e+06 2.328388325197931554e+05 -2.853869416672202642e+05 2.511482118378461455e+05 7.575734773871135258e+04 5.511221674609519541e+05
