7.677072156930755079e+07 1.540679297146879509e+07 4.495029353146029636e+06 -1.712958648441422032e+06 6.193375086390677607e+05 -1.491714025111678930e+05 1.263995038537191460e+06 2.287845338353512343e+06 6.227628768287206767e+05 5.842348225458730757e+07 4.467976619199528359e+06 2.553550325544625055e+06 3.145908452442405280e+06 6.138710120342295617e+06 -3.532262423045448959e+05 8.541082437129544560e+05 -5.815359542643672321e+05 3.501449562613345217e+06
1.540679297146879509e+07 2.718039815866594017e+07 3.681208379379596561e+06 1.013509655569737079e+06 -1.191177184168933425e+06 -2.015277072885121917e+06 3.205178895891839638e+05 1.060915156802175799e+06 2.701182265367190703e+05 3.015328239536638558e+07 1.366334371272992902e+07 -9.131870870319502428e+06 6.079040993553091772e+06 -1.069508438405668829e+06 -1.332403892932931012e+04 -1.294981951047381619e+06 -4.792494652123630513e+05 8.764180243499977514e+05
4.495029353146029636e+06 3.681208379379596561e+06 6.041477430908111855e+06 5.990978828437456395e+05 1.066339628644626820e+06 1.539945195522636641e+05 -9.573312358896274236e+04 6.054285866740809288e+05 1.411845160959940986e+05 6.812879388157043606e+06 9.127751923943152651e+05 2.611392764102711808e+05 -1.895059410189541057e+06 3.623091180185598205e+05 -6.640047555684360850e+04 2.308958728255359456e+05 -7.835348613307875348e+05 1.073080055076826247e+05
-1.712958648441422032e+06 1.013509655569737079e+06 5.990978828437456395e+05 1.862707861485201167e+06 5.876989260558160022e+05 5.538514105432142969e+04 9.026939067335637810e+04 1.450446903372540255e+05 -1.362242938666683622e+05 4.923069696140516549e+06 1.674682307081841864e+05 -4.699141099752616137e+05 1.112512622255077353e+06 1.303299267507814569e+06 8.329381453849414829e+05 -1.189878909191852727e+05 1.720431297330470697e+05 -1.854837974112628435e+05
6.193375086390677607e+05 -1.191177184168933425e+06 1.066339628644626820e+06 5.876989260558160022e+05 1.732810790627424605e+06 4.249358636909209308e+05 1.696084722714491654e+05 8.874900244066845335e+04 6.298979547418402944e+04 2.886178544746120926e+06 -1.319586607156352373e+06 1.783916450690143276e+06 -1.334918670992677566e+06 8.877107578927519498e+05 9.619931559004512383e+05 2.394525589863923960e+05 1.093639259483416390e+05 2.431735836744800908e+05
-1.491714025111678930e+05 -2.015277072885121917e+06 1.539945195522636641e+05 5.538514105432142969e+04 4.249358636909209308e+05 5.878035776471266290e+05 -3.818435424803043134e+04 2.777918417835832952e+04 9.887017204658206902e+04 9.561467494247598806e+05 -2.170767811454763170e+06 1.386112248858687701e+06 -9.027973782149390317e+05 7.482910380550434347e+05 4.481318424224744667e+05 3.442261896320256369e+02 8.275452788047156355e+04 7.094342160524635983e+04
1.263995038537191460e+06 3.205178895891839638e+05 -9.573312358896274236e+04 9.026939067335637810e+04 1.696084722714491654e+05 -3.818435424803043134e+04 3.480098063474005903e+05 -3.688127023628078314e+04 -4.189153762132246629e+04 4.336141691656357725e+05 -9.252293921095184487e+03 8.494387112613542704e+05 4.311510489542314899e+05 1.455928892227364850e+04 6.675549027424800443e+04 9.825652646587017807e+04 2.030277321857456409e+05 3.840712847368233633e+04
2.287845338353512343e+06 1.060915156802175799e+06 6.054285866740809288e+05 1.450446903372540255e+05 8.874900244066845335e+04 2.777918417835832952e+04 -3.688127023628078314e+04 2.879500035256044357e+05 8.713038527429525857e+04 3.098885333344500512e+06 -6.421775237570920726e+05 -2.516089095374629778e+03 2.196376846837642370e+05 4.915973380686722812e+05 -1.177718314498966647e+05 2.214330511463887233e+05 4.502061711195744283e+04 2.178294051195625798e+05
6.227628768287206767e+05 2.701182265367190703e+05 1.411845160959940986e+05 -1.362242938666683622e+05 6.298979547418402944e+04 9.887017204658206902e+04 -4.189153762132246629e+04 8.713038527429525857e+04 1.152582518978429580e+05 1.126179255467350362e+06 -3.361057024147192715e+05 -2.275226992959996278e+04 -1.500527358546120522e+05 3.765995959169878624e+05 -2.123592251238198514e+04 7.437919756317893916e+04 3.241929765934451279e+04 1.363094575179149688e+05
5.842348225458730757e+07 3.015328239536638558e+07 6.812879388157043606e+06 4.923069696140516549e+06 2.886178544746120926e+06 9.561467494247598806e+05 4.336141691656357725e+05 3.098885333344500512e+06 1.126179255467350362e+06 2.854256681575447917e+08 4.630605308004057966e+06 -2.744729714523192123e+07 1.304978899808902852e+07 5.531454589197087334e+05 -1.391930997855118185e+05 1.235199256378100486e+06 3.047678208100503311e+06 -4.860961580086299218e+05
4.467976619199528359e+06 1.366334371272992902e+07 9.127751923943152651e+05 1.674682307081841864e+05 -1.319586607156352373e+06 -2.170767811454763170e+06 -9.252293921095184487e+03 -6.421775237570920726e+05 -3.361057024147192715e+05 4.630605308004057966e+06 4.929669568061337620e+07 -1.044545384031519108e+07 -4.191312339450340252e+06 -1.906058861649910454e+06 -4.935847404208931141e+06 -1.124420611334226327e+06 -7.351297827131028753e+05 -3.383279089981406578e+05
2.553550325544625055e+06 -9.131870870319502428e+06 2.611392764102711808e+05 -4.699141099752616137e+05 1.783916450690143276e+06 1.386112248858687701e+06 8.494387112613542704e+05 -2.516089095374629778e+03 -2.275226992959996278e+04 -2.744729714523192123e+07 -1.044545384031519108e+07 1.818856349563233927e+07 -1.177870639707938302e+06 2.141644712033224292e+06 1.621413473610511748e+06 2.151973104548562318e+06 1.302624026748329052e+05 4.007344819058632711e+05
3.145908452442405280e+06 6.079040993553091772e+06 -1.895059410189541057e+06 1.112512622255077353e+06 -1.334918670992677566e+06 -9.027973782149390317e+05 4.311510489542314899e+05 2.196376846837642370e+05 -1.500527358546120522e+05 1.304978899808902852e+07 -4.191312339450340252e+06 -1.177870639707938302e+06 8.311057916404037736e+06 1.041262386025328771e+06 1.015337139009840670e+06 3.154588610968405264e+05 4.918692107302714139e+05 -1.731075257612337591e+05
6.138710120342295617e+06 -1.069508438405668829e+06 3.623091180185598205e+05 1.303299267507814569e+06 8.877107578927519498e+05 7.482910380550434347e+05 1.455928892227364850e+04 4.915973380686722812e+05 3.765995959169878624e+05 5.531454589197087334e+05 -1.906058861649910454e+06 2.141644712033224292e+06 1.041262386025328771e+06 6.492599985011708923e+06 1.408175841681009624e+06 4.622187348952699685e+05 3.846161198979510809e+05 6.530178857584143989e+05
-3.532262423045448959e+05 -1.332403892932931012e+04 -6.640047555684360850e+04 8.329381453849414829e+05 9.619931559004512383e+05 4.481318424224744667e+05 6.675549027424800443e+04 -1.177718314498966647e+05 -2.123592251238198514e+04 -1.391930997855118185e+05 -4.935847404208931141e+06 1.621413473610511748e+06 1.015337139009840670e+06 1.408175841681009624e+06 3.444916982543137856e+06 -4.992198302753538010e+05 -1.889365247166321933e+04 4.844252960043695930e+04
8.541082437129544560e+05 -1.294981951047381619e+06 2.308958728255359456e+05 -1.189878909191852727e+05 2.394525589863923960e+05 3.442261896320256369e+02 9.825652646587017807e+04 2.214330511463887233e+05 7.437919756317893916e+04 1.235199256378100486e+06 -1.124420611334226327e+06 2.151973104548562318e+06 3.154588610968405264e+05 4.622187348952699685e+05 -4.992198302753538010e+05 1.931341412790117553e+06 5.192891639458148857e+05 2.325896510140588216e+05
-5.815359542643672321e+05 -4.792494652123630513e+05 -7.835348613307875348e+05 1.720431297330470697e+05 1.093639259483416390e+05 8.275452788047156355e+04 2.030277321857456409e+05 4.502061711195744283e+04 3.241929765934451279e+04 3.047678208100503311e+06 -7.351297827131028753e+05 1.302624026748329052e+05 4.918692107302714139e+05 3.846161198979510809e+05 -1.889365247166321933e+04 5.192891639458148857e+05 7.058456755389119498e+05 5.981553952668642160e+04
3.501449562613345217e+06 8.764180243499977514e+05 1.073080055076826247e+05 -1.854837974112628435e+05 2.431735836744800908e+05 7.094342160524635983e+04 3.840712847368233633e+04 2.178294051195625798e+05 1.363094575179149688e+05 -4.860961580086299218e+05 -3.383279089981406578e+05 4.007344819058632711e+05 -1.731075257612337591e+05 6.530178857584143989e+05 4.844252960043695930e+04 2.325896510140588216e+05 5.981553952668642160e+04 5.588346013540721033e+05
