4.189616707347071916e+07 -7.082449588501715334e+05 9.726292868010955863e+05 2.256955628856040072e+06 2.020098709755116841e+06 5.380203359323506011e+05 -3.259263330001878785e+05 9.691136214533575112e+05 -9.610070943586628709e+04 -1.347457323760280386e+07 -5.620386054103717208e+06 1.878355425804693019e+06 2.393655733675993513e+06 2.653848842141846195e+06 2.463675367842359934e+06 2.146770618219635508e+05 8.199878898210907355e+05 -1.585078330264032120e+06
-7.082449588501715334e+05 1.565325261625337414e+07 5.415741557457269169e+06 1.679619277133117663e+06 -5.569175848458471010e+05 1.609885791196494247e+05 3.293988177812151844e+05 7.790307346001124242e+05 2.944244726568763144e+05 1.398890324848284014e+06 2.859486556557500735e+06 2.888080759496970568e+06 -9.109689476216028197e+03 -1.611136437000180595e+06 3.097215288586222567e+06 -4.177366553445738391e+05 1.855334191105014179e+06 1.806841235360474559e+06
9.726292868010955863e+05 5.415741557457269169e+06 5.719016160589052364e+06 1.052560472600412788e+06 1.554491533415332378e+04 -4.165271255576992407e+05 3.005876824950114824e+05 2.151375973453406914e+04 -1.620325736885330989e+05 1.443973858640624024e+07 6.032689983320855536e+05 4.624245853267732076e+06 1.480816453025053255e+06 -3.025762397855414747e+03 1.831332917173607275e+05 -6.575753171222885139e+05 3.335116527795727015e+05 6.589531688623107038e+05
2.256955628856040072e+06 1.679619277133117663e+06 1.052560472600412788e+06 1.753401744005299173e+06 5.702422807310789358e+05 -1.939540482383085691e+04 2.781989074469523621e+05 2.498495409632820156e+04 1.095298736017580813e+04 -3.977061524978173897e+06 -3.650843426828251686e+05 3.214254959198508877e+06 3.464414259464975330e+05 -5.539094016536568233e+03 3.589784847791215871e+05 -3.532318106332921889e+05 -1.720332970725473933e+04 -1.256047575921648968e+04
2.020098709755116841e+06 -5.569175848458471010e+05 1.554491533415332378e+04 5.702422807310789358e+05 7.884490168148977682e+05 -1.088519427232102607e+05 -2.525015805617452861e+04 -1.805080886771891674e+05 -3.362048127176540584e+04 -1.568306917418569559e+06 -1.171162663525538053e+06 -5.093104439170305850e+05 3.803711831160173169e+05 8.847600198275470175e+05 -1.927935021589809039e+05 -2.878392255179186468e+05 -1.497796508843678457e+05 -2.884819472867559525e+05
5.380203359323506011e+05 1.609885791196494247e+05 -4.165271255576992407e+05 -1.939540482383085691e+04 -1.088519427232102607e+05 6.700351268472207012e+05 1.438163483360032260e+05 2.065811314046969055e+05 5.384683552670883364e+04 -6.989387069049944403e+05 -2.784778460316363489e+05 6.564780216526159784e+05 -4.373737877857596031e+05 -1.075563730894174194e+06 3.003769336980998632e+05 2.926443850319461781e+05 -1.303632508361971486e+04 -1.120307009767899872e+05
-3.259263330001878785e+05 3.293988177812151844e+05 3.005876824950114824e+05 2.781989074469523621e+05 -2.525015805617452861e+04 1.438163483360032260e+05 2.752946772437848849e+05 3.641046811390509538e+04 -1.093288308375416818e+04 -2.435754045759965200e+06 6.458015666310880333e+05 1.592697938996287994e+06 -7.071200354309867835e+05 -5.352078883343562484e+05 -9.259222869382546924e+04 -3.667771341056183246e+03 -1.588478119006817869e+05 -4.508290392590718693e+04
9.691136214533575112e+05 7.790307346001124242e+05 2.151375973453406914e+04 2.498495409632820156e+04 -1.805080886771891674e+05 2.065811314046969055e+05 3.641046811390509538e+04 3.841104416546034627e+05 1.368034164101399947e+05 -1.387781345833600964e+06 4.643631470745833940e+04 -9.411200894137985597e+04 5.417777969592227601e+05 2.296882504468204570e+04 5.185733042742926773e+04 1.335561450745187758e+05 5.616144072419784497e+05 1.368962865427160868e+05
-9.610070943586628709e+04 2.944244726568763144e+05 -1.620325736885330989e+05 1.095298736017580813e+04 -3.362048127176540584e+04 5.384683552670883364e+04 -1.093288308375416818e+04 1.368034164101399947e+05 1.751273653839802137e+05 -3.687000576677123317e+05 -1.712085791037172385e+04 -2.777068776466230047e+05 1.455597274801973836e+05 3.164326498187478282e+05 1.274510184172979352e+05 1.094893899241481704e+05 1.183880032402830693e+05 1.170086724418464000e+05
-1.347457323760280386e+07 1.398890324848284014e+06 1.443973858640624024e+07 -3.977061524978173897e+06 -1.568306917418569559e+06 -6.989387069049944403e+05 -2.435754045759965200e+06 -1.387781345833600964e+06 -3.687000576677123317e+05 2.730703172344648242e+08 2.172655073160305247e+07 -1.825453994207439199e+07 1.900089297398742288e+07 2.460347683089463040e+06 -8.707476859072676161e+05 -2.661276681451151147e+06 -3.195181530012758449e+06 2.322873444568644743e+06
-5.620386054103717208e+06 2.859486556557500735e+06 6.032689983320855536e+05 -3.650843426828251686e+05 -1.171162663525538053e+06 -2.784778460316363489e+05 6.458015666310880333e+05 4.643631470745833940e+04 -1.712085791037172385e+04 2.172655073160305247e+07 3.988805157060842216e+07 -5.409569302876215661e+05 -8.866961515079513192e+06 5.828175735839791596e+05 2.188276768234079238e+06 4.053512431197454571e+05 -3.991629494769310113e+05 -3.493699297469324665e+04
1.878355425804693019e+06 2.888080759496970568e+06 4.624245853267732076e+06 3.214254959198508877e+06 -5.093104439170305850e+05 6.564780216526159784e+05 1.592697938996287994e+06 -9.411200894137985597e+04 -2.777068776466230047e+05 -1.825453994207439199e+07 -5.409569302876215661e+05 3.162117006013128161e+07 -1.748663662230608054e+06 -4.105200274750375189e+06 2.965539567509209737e+06 7.313768944333478576e+05 -1.696739006163985701e+06 1.656880822781126481e+06
2.393655733675993513e+06 -9.109689476216028197e+03 1.480816453025053255e+06 3.464414259464975330e+05 3.803711831160173169e+05 -4.373737877857596031e+05 -7.071200354309867835e+05 5.417777969592227601e+05 1.455597274801973836e+05 1.900089297398742288e+07 -8.866961515079513192e+06 -1.748663662230608054e+06 9.646147255130212754e+06 2.952164012057599612e+06 -7.725496583563234890e+05 -8.664267938072553370e+05 1.331954456349665532e+06 7.518284450970512116e+05
2.653848842141846195e+06 -1.611136437000180595e+06 -3.025762397855414747e+03 -5.539094016536568233e+03 8.847600198275470175e+05 -1.075563730894174194e+06 -5.352078883343562484e+05 2.296882504468204570e+04 3.164326498187478282e+05 2.460347683089463040e+06 5.828175735839791596e+05 -4.105200274750375189e+06 2.952164012057599612e+06 6.257280565499635413e+06 -4.204441231697903131e+05 -2.725244021686373744e+05 7.461620462830829201e+05 3.560226209185388871e+05
2.463675367842359934e+06 3.097215288586222567e+06 1.831332917173607275e+05 3.589784847791215871e+05 -1.927935021589809039e+05 3.003769336980998632e+05 -9.259222869382546924e+04 5.185733042742926773e+04 1.274510184172979352e+05 -8.707476859072676161e+05 2.188276768234079238e+06 2.965539567509209737e+06 -7.725496583563234890e+05 -4.204441231697903131e+05 2.816153979011676740e+06 2.323484746534859878e+05 -2.242446232747170725e+05 4.140263469808588270e+05
2.146770618219635508e+05 -4.177366553445738391e+05 -6.575753171222885139e+05 -3.532318106332921889e+05 -2.878392255179186468e+05 2.926443850319461781e+05 -3.667771341056183246e+03 1.335561450745187758e+05 1.094893899241481704e+05 -2.661276681451151147e+06 4.053512431197454571e+05 7.313768944333478576e+05 -8.664267938072553370e+05 -2.725244021686373744e+05 2.323484746534859878e+05 7.948157146511449246e+05 -7.181779751948661578e+04 1.015403209553717461e+05
8.199878898210907355e+05 1.855334191105014179e+06 3.335116527795727015e+05 -1.720332970725473933e+04 -1.497796508843678457e+05 -1.303632508361971486e+04 -1.588478119006817869e+05 5.616144072419784497e+05 1.183880032402830693e+05 -3.195181530012758449e+06 -3.991629494769310113e+05 -1.696739006163985701e+06 1.331954456349665532e+06 7.461620462830829201e+05 -2.242446232747170725e+05 -7.181779751948661578e+04 1.764198646380670136e+06 4.859947815626678057e+05
-1.585078330264032120e+06 1.806841235360474559e+06 6.589531688623107038e+05 -1.256047575921648968e+04 -2.884819472867559525e+05 -1.120307009767899872e+05 -4.508290392590718693e+04 1.368962865427160868e+05 1.170086724418464000e+05 2.322873444568644743e+06 -3.493699297469324665e+04 1.656880822781126481e+06 7.518284450970512116e+05 3.560226209185388871e+05 4.140263469808588270e+05 1.015403209553717461e+05 4.859947815626678057e+05 7.838838814791487530e+05
