3.362342897860615700e+07 4.479768685702284798e+06 -1.278512768671740079e+06 1.162288972932354780e+06 -2.327498876983156893e+06 -2.847370305229434744e+05 1.676101970937524224e+06 -9.323692224534532288e+05 -6.025578875984721817e+05 5.531605174299164116e+07 3.220310223948714789e+06 -1.081840056134989281e+05 5.261654757932241773e+04 -6.476898742012572475e+05 -2.442552442680639215e+06 9.932582750026052818e+05 -5.619860767522393726e+05 -3.442167535781605402e+05
4.479768685702284798e+06 1.211936374878404289e+07 1.413860803536402294e+06 2.198683077997131739e+06 6.043234863255906384e+05 -2.234956191811515018e+05 6.131110920723596355e+05 3.373557299037523917e+05 3.003575988994120271e+05 1.136311803635978699e+07 1.035536266251080483e+07 -2.890788884280807339e+06 2.215918335795251187e+06 7.560001379483330529e+05 -1.778680145020651165e+06 8.421452017050087452e+05 1.614567004272232996e+06 9.350622956477924017e+05
-1.278512768671740079e+06 1.413860803536402294e+06 3.019823637524740770e+06 5.181994676530633587e+05 6.715815856757271104e+05 9.187191563244983263e+04 1.797172404826206548e+04 9.351545606774557382e+04 8.292842991446872475e+04 2.317171242132852785e+06 -9.337220694423965178e+05 3.140994727427603677e+06 2.420538859693912789e+06 -3.451241449480484589e+05 -1.467903785494372714e+05 -2.652623577489310410e+05 1.426951376619496150e+05 2.055464384148746321e+05
1.162288972932354780e+06 2.198683077997131739e+06 5.181994676530633587e+05 2.969800385323633906e+06 8.022431044188919477e+05 2.154266624595803441e+05 -9.545754611380334245e+04 -1.620402360548700381e+05 2.605370561823660973e+05 -5.275184333784336224e+06 -1.927790423535563517e+06 -1.425516685905574413e+05 -6.805009460742534429e+04 2.208695385874410276e+05 5.810476613518269733e+04 1.478712615842806699e+05 -7.140531508793898684e+04 2.594402374705901893e+05
-2.327498876983156893e+06 6.043234863255906384e+05 6.715815856757271104e+05 8.022431044188919477e+05 1.488833394282960799e+06 -4.552278647969895974e+04 -1.518643969450092991e+05 5.138097871494651918e+04 1.975843792457002564e+05 -4.760740158643283881e+06 -1.839443667843104573e+06 -5.348257307146374369e+05 -5.237471285172500648e+05 3.926351463335715234e+05 1.024452479790680576e+06 1.314042061599235749e+05 -1.031814953216634894e+05 1.531896004158697615e+05
-2.847370305229434744e+05 -2.234956191811515018e+05 9.187191563244983263e+04 2.154266624595803441e+05 -4.552278647969895974e+04 3.272025944260189426e+05 7.454398027767094027e+04 -2.968630114947797847e+04 -4.159009419210569467e+04 -4.090334387782348203e+05 1.223142793367206614e+05 1.100116100415029330e+06 3.442226666773692705e+05 -2.129015341444771038e+05 -2.418828420010477930e+04 1.383464687068952771e+05 -5.009579179049176309e+04 3.395756028266182693e+04
1.676101970937524224e+06 6.131110920723596355e+05 1.797172404826206548e+04 -9.545754611380334245e+04 -1.518643969450092991e+05 7.454398027767094027e+04 4.123425120981954387e+05 -1.160489220959563099e+05 -1.400694497639558103e+05 4.029652842362701427e+06 5.421444745378594380e+05 4.237788154282604810e+05 7.278022509103454649e+05 1.272721297785064526e+05 1.643882698102657450e+05 3.018163154562019627e+05 4.541626862131321104e+03 -3.167949528852677395e+04
-9.323692224534532288e+05 3.373557299037523917e+05 9.351545606774557382e+04 -1.620402360548700381e+05 5.138097871494651918e+04 -2.968630114947797847e+04 -1.160489220959563099e+05 2.018728971906038641e+05 2.518301706555438795e+04 -1.645990868988472037e+06 2.616997103447387053e+05 -3.829132229367124382e+05 -1.394965934413057403e+05 -1.587413494765992509e+05 -6.083875702487153467e+04 -9.608862692431698088e+04 2.449420382639184827e+05 4.165483882719950634e+04
-6.025578875984721817e+05 3.003575988994120271e+05 8.292842991446872475e+04 2.605370561823660973e+05 1.975843792457002564e+05 -4.159009419210569467e+04 -1.400694497639558103e+05 2.518301706555438795e+04 1.694918353586731828e+05 -1.827338493666514754e+06 -1.333646381273147883e+06 -4.636581726503097452e+05 -1.669206053211967810e+05 3.263792740154046915e+05 3.397899719178227315e+03 1.173430187174350722e+05 -2.996959434654609140e+04 8.081621438877403853e+04
5.531605174299164116e+07 1.136311803635978699e+07 2.317171242132852785e+06 -5.275184333784336224e+06 -4.760740158643283881e+06 -4.090334387782348203e+05 4.029652842362701427e+06 -1.645990868988472037e+06 -1.827338493666514754e+06 2.119515273368627131e+08 2.649848367181504890e+07 1.831120410064366180e+06 -9.350052556092906743e+05 -8.892678192407097667e+06 -1.088356422968968190e+07 -2.303628784275872167e+06 -3.655797356506136246e+06 -7.450931981351345312e+05
3.220310223948714789e+06 1.035536266251080483e+07 -9.337220694423965178e+05 -1.927790423535563517e+06 -1.839443667843104573e+06 1.223142793367206614e+05 5.421444745378594380e+05 2.616997103447387053e+05 -1.333646381273147883e+06 2.649848367181504890e+07 9.806980581377796829e+07 2.374234594791022688e+07 2.200829034106174018e+06 -4.362571353116286919e+06 -2.825268533772811759e+06 2.381672036088832654e+06 2.610872150437155273e+06 2.060971964563426562e+06
-1.081840056134989281e+05 -2.890788884280807339e+06 3.140994727427603677e+06 -1.425516685905574413e+05 -5.348257307146374369e+05 1.100116100415029330e+06 4.237788154282604810e+05 -3.829132229367124382e+05 -4.636581726503097452e+05 1.831120410064366180e+06 2.374234594791022688e+07 2.485212109705144539e+07 4.155217718444945756e+06 -1.744216105834072456e+06 1.773209035693618702e+06 1.808455324153489433e+06 1.510249283256787749e+05 6.261868999334167456e+05
5.261654757932241773e+04 2.215918335795251187e+06 2.420538859693912789e+06 -6.805009460742534429e+04 -5.237471285172500648e+05 3.442226666773692705e+05 7.278022509103454649e+05 -1.394965934413057403e+05 -1.669206053211967810e+05 -9.350052556092906743e+05 2.200829034106174018e+06 4.155217718444945756e+06 8.268935980758068152e+06 1.231665405299070058e+06 -4.486158475212836056e+05 3.941501040247145575e+05 1.409456150300967056e+04 1.295099906391610275e+05
-6.476898742012572475e+05 7.560001379483330529e+05 -3.451241449480484589e+05 2.208695385874410276e+05 3.926351463335715234e+05 -2.129015341444771038e+05 1.272721297785064526e+05 -1.587413494765992509e+05 3.263792740154046915e+05 -8.892678192407097667e+06 -4.362571353116286919e+06 -1.744216105834072456e+06 1.231665405299070058e+06 3.765930261624913197e+06 2.509771785806013795e+05 3.962169413664414315e+05 -2.466613829241266940e+05 6.263455403356205352e+04
-2.442552442680639215e+06 -1.778680145020651165e+06 -1.467903785494372714e+05 5.810476613518269733e+04 1.024452479790680576e+06 -2.418828420010477930e+04 1.643882698102657450e+05 -6.083875702487153467e+04 3.397899719178227315e+03 -1.088356422968968190e+07 -2.825268533772811759e+06 1.773209035693618702e+06 -4.486158475212836056e+05 2.509771785806013795e+05 4.228303190182865597e+06 9.041903416467264760e+05 2.026543689395801048e+05 5.097158548740990227e+03
9.932582750026052818e+05 8.421452017050087452e+05 -2.652623577489310410e+05 1.478712615842806699e+05 1.314042061599235749e+05 1.383464687068952771e+05 3.018163154562019627e+05 -9.608862692431698088e+04 1.173430187174350722e+05 -2.303628784275872167e+06 2.381672036088832654e+06 1.808455324153489433e+06 3.941501040247145575e+05 3.962169413664414315e+05 9.041903416467264760e+05 2.364652666638888884e+06 3.479051894982008380e+05 4.203660349118831800e+05
-5.619860767522393726e+05 1.614567004272232996e+06 1.426951376619496150e+05 -7.140531508793898684e+04 -1.031814953216634894e+05 -5.009579179049176309e+04 4.541626862131321104e+03 2.449420382639184827e+05 -2.996959434654609140e+04 -3.655797356506136246e+06 2.610872150437155273e+06 1.510249283256787749e+05 1.409456150300967056e+04 -2.466613829241266940e+05 2.026543689395801048e+05 3.479051894982008380e+05 9.251253939216968138e+05 2.334294915721240977e+05
-3.442167535781605402e+05 9.350622956477924017e+05 2.055464384148746321e+05 2.594402374705901893e+05 1.531896004158697615e+05 3.395756028266182693e+04 -3.167949528852677395e+04 4.165483882719950634e+04 8.081621438877403853e+04 -7.450931981351345312e+05 2.060971964563426562e+06 6.261868999334167456e+05 1.295099906391610275e+05 6.263455403356205352e+04 5.097158548740990227e+03 4.203660349118831800e+05 2.334294915721240977e+05 2.974254209000246483e+05
