5.473588434079004824e+07 6.367064907269292511e+06 1.295436141436393140e+06 -8.264563781943967333e+05 5.443762833269486437e+05 5.959833047084349673e+05 3.356187948147109710e+05 3.782980522371712141e+05 -1.355376841521441529e+05 -3.644588297157514840e+06 -6.618676587540709414e+06 -2.945258675600891933e+06 -5.505614428672158392e+05 -3.314937632573129609e+06 -2.434560247016625013e+06 1.355344690129111055e+06 -9.245058738191102166e+05 -2.707354616728501860e+06
6.367064907269292511e+06 1.778656162636353076e+07 1.507828790496750502e+06 9.703978213361362577e+04 -1.286542028567923466e+06 -7.937515096912166337e+04 -4.404718276545165572e+05 1.765561829814930434e+03 2.548580010686187597e+05 -2.110030160661734641e+07 -1.207196658287219703e+06 4.549714115217935294e+06 -6.422997381424908526e+05 -1.069852272008256754e+06 5.938848759458487621e+05 1.254788189524396788e+06 1.574353801076978911e+06 -1.190486694243822014e+06
1.295436141436393140e+06 1.507828790496750502e+06 3.005825754823459312e+06 2.173309253413759870e+05 3.821275978495104355e+05 1.398559547261869011e+05 -3.741537195387499378e+04 9.474446934229378530e+04 4.677604954934951093e+04 -5.700156669350896962e+06 1.499128832740196260e+06 2.428094797953602858e+06 -1.008050555532305967e+06 1.238254352058475924e+05 4.785848921508513740e+05 1.099323819758359459e+05 1.765618321053547843e+05 1.148381053116674157e+05
-8.264563781943967333e+05 9.703978213361362577e+04 2.173309253413759870e+05 1.553102028649806045e+06 4.386154087395266979e+05 -9.481697202537843623e+03 -1.251835304445754737e+05 -1.075416743799233809e+05 -2.284298521882225396e+04 -2.108390950491900556e+06 -1.430530045469176956e+06 -1.898124028449763719e+05 1.465103323850615881e+06 6.101442363474791637e+05 9.854714334160154685e+05 -2.951665350447607925e+05 -8.323858172634892981e+04 2.484359175845303689e+05
5.443762833269486437e+05 -1.286542028567923466e+06 3.821275978495104355e+05 4.386154087395266979e+05 5.878961047121169977e+05 5.589498983756752568e+04 7.916040205455532123e+04 4.698844695870913711e+03 -5.908516519564871123e+04 1.140981817228850443e+06 -2.869887261842053267e+05 -1.885748450129892735e+05 6.371050393754041288e+05 5.704103165359398117e+05 1.933286777523906203e+05 -5.420220224658289226e+04 -2.071329060861032340e+05 8.998830839677141921e+04
5.959833047084349673e+05 -7.937515096912166337e+04 1.398559547261869011e+05 -9.481697202537843623e+03 5.589498983756752568e+04 4.753960101040956797e+05 6.335412282940729347e+04 3.890825452173798112e+04 -1.422606808422941867e+04 -1.884161148920676205e+06 -2.787123309652745724e+06 9.789792687756989617e+05 5.634901336848841747e+05 6.196138148698782607e+04 2.307902361529555637e+05 1.125896063273566106e+05 1.276368143310395099e+05 1.334054715304616548e+04
3.356187948147109710e+05 -4.404718276545165572e+05 -3.741537195387499378e+04 -1.251835304445754737e+05 7.916040205455532123e+04 6.335412282940729347e+04 2.607136978827877610e+05 -5.471361304276958435e+03 -4.193177767288644827e+04 1.357009837982228026e+06 -1.266544219831677154e+06 -1.463471033460338076e+05 -3.690994386746169039e+04 -5.414684474365264759e+04 1.221199417349098512e+05 2.011314621857970487e+05 7.465326945899018028e+04 5.077494332306126125e+03
3.782980522371712141e+05 1.765561829814930434e+03 9.474446934229378530e+04 -1.075416743799233809e+05 4.698844695870913711e+03 3.890825452173798112e+04 -5.471361304276958435e+03 1.186220925531240500e+05 -5.954959643313512061e+03 7.003177919289511628e+05 7.590990791203791741e+04 1.094241272769834904e+05 -3.403989544064235524e+05 -1.110095497340550646e+05 -9.869999198057432659e+04 7.852634384500357555e+04 2.371795633555816312e+04 -9.982763166672566149e+04
-1.355376841521441529e+05 2.548580010686187597e+05 4.677604954934951093e+04 -2.284298521882225396e+04 -5.908516519564871123e+04 -1.422606808422941867e+04 -4.193177767288644827e+04 -5.954959643313512061e+03 8.041747726370672171e+04 6.588669920365719590e+05 6.231481723815179430e+05 -1.795067054469792856e+04 1.239282769398144956e+04 -1.567515777556984103e+05 6.397794722239107796e+04 4.611245903228694260e+03 1.420053520829990448e+05 1.754574009015850970e+04
-3.644588297157514840e+06 -2.110030160661734641e+07 -5.700156669350896962e+06 -2.108390950491900556e+06 1.140981817228850443e+06 -1.884161148920676205e+06 1.357009837982228026e+06 7.003177919289511628e+05 6.588669920365719590e+05 1.641505203314381838e+08 1.265701556302239746e+07 -5.602900793804857880e+06 -3.294944905901280232e+06 -3.903461893930479418e+06 6.089281708481400274e+06 1.035074370874350425e+06 2.319996822319995146e+06 -3.724273495717409533e+06
-6.618676587540709414e+06 -1.207196658287219703e+06 1.499128832740196260e+06 -1.430530045469176956e+06 -2.869887261842053267e+05 -2.787123309652745724e+06 -1.266544219831677154e+06 7.590990791203791741e+04 6.231481723815179430e+05 1.265701556302239746e+07 6.056803811402478814e+07 -6.432064833084493876e+06 -7.134912583706929348e+06 4.921984639715764672e+06 -1.094326367887573870e+05 1.393801937644055579e+05 5.912102789846382802e+05 7.608352557520987466e+05
-2.945258675600891933e+06 4.549714115217935294e+06 2.428094797953602858e+06 -1.898124028449763719e+05 -1.885748450129892735e+05 9.789792687756989617e+05 -1.463471033460338076e+05 1.094241272769834904e+05 -1.795067054469792856e+04 -5.602900793804857880e+06 -6.432064833084493876e+06 2.361054944317575172e+07 -6.022471982633284060e+05 -1.305305755271510716e+05 3.049932898874904495e+06 1.113967697449028958e+06 2.025577179956462001e+06 1.674892814822117507e+05
-5.505614428672158392e+05 -6.422997381424908526e+05 -1.008050555532305967e+06 1.465103323850615881e+06 6.371050393754041288e+05 5.634901336848841747e+05 -3.690994386746169039e+04 -3.403989544064235524e+05 1.239282769398144956e+04 -3.294944905901280232e+06 -7.134912583706929348e+06 -6.022471982633284060e+05 5.918731041198858060e+06 1.405904475635240553e+06 1.471875468418057077e+06 -7.873246549458795926e+04 2.508375559471600864e+05 3.408446843979771947e+05
-3.314937632573129609e+06 -1.069852272008256754e+06 1.238254352058475924e+05 6.101442363474791637e+05 5.704103165359398117e+05 6.196138148698782607e+04 -5.414684474365264759e+04 -1.110095497340550646e+05 -1.567515777556984103e+05 -3.903461893930479418e+06 4.921984639715764672e+06 -1.305305755271510716e+05 1.405904475635240553e+06 3.085970998343218584e+06 1.033317151966264471e+06 -1.804616912878894436e+04 -3.724324525137407472e+05 3.119716285312478431e+05
-2.434560247016625013e+06 5.938848759458487621e+05 4.785848921508513740e+05 9.854714334160154685e+05 1.933286777523906203e+05 2.307902361529555637e+05 1.221199417349098512e+05 -9.869999198057432659e+04 6.397794722239107796e+04 6.089281708481400274e+06 -1.094326367887573870e+05 3.049932898874904495e+06 1.471875468418057077e+06 1.033317151966264471e+06 3.205571261713407934e+06 4.914228107081076596e+05 1.280943438548724167e+06 1.010385810391383857e+05
1.355344690129111055e+06 1.254788189524396788e+06 1.099323819758359459e+05 -2.951665350447607925e+05 -5.420220224658289226e+04 1.125896063273566106e+05 2.011314621857970487e+05 7.852634384500357555e+04 4.611245903228694260e+03 1.035074370874350425e+06 1.393801937644055579e+05 1.113967697449028958e+06 -7.873246549458795926e+04 -1.804616912878894436e+04 4.914228107081076596e+05 6.889130249218654353e+05 5.973733120043724775e+05 -2.335664548407854163e+05
-9.245058738191102166e+05 1.574353801076978911e+06 1.765618321053547843e+05 -8.323858172634892981e+04 -2.071329060861032340e+05 1.276368143310395099e+05 7.465326945899018028e+04 2.371795633555816312e+04 1.420053520829990448e+05 2.319996822319995146e+06 5.912102789846382802e+05 2.025577179956462001e+06 2.508375559471600864e+05 -3.724324525137407472e+05 1.280943438548724167e+06 5.973733120043724775e+05 1.544768853354719235e+06 2.310301391817198601e+05
-2.707354616728501860e+06 -1.190486694243822014e+06 1.148381053116674157e+05 2.484359175845303689e+05 8.998830839677141921e+04 1.334054715304616548e+04 5.077494332306126125e+03 -9.982763166672566149e+04 1.754574009015850970e+04 -3.724273495717409533e+06 7.608352557520987466e+05 1.674892814822117507e+05 3.408446843979771947e+05 3.119716285312478431e+05 1.010385810391383857e+05 -2.335664548407854163e+05 2.310301391817198601e+05 8.722737212935960852e+05
