3.648814651119960099e+07 -4.768724140630243346e+06 -8.723393248920325423e+05 7.346540683810914634e+05 5.475023486741721863e+05 -4.665511398321948946e+04 6.399594181307775434e+05 7.318149845399635378e+05 -2.636775344331904198e+05 8.587215062586979941e+06 -5.370262173510037363e+06 -5.378994725843543420e+05 -2.959556530251193792e+06 3.325188695426283404e+06 2.571377226489087101e+06 2.625512887132274336e+05 9.300386216396167874e+05 9.889088095195646165e+05
-4.768724140630243346e+06 1.572144432339885086e+07 3.350720826870059595e+06 -3.578291197958806879e+04 7.432394881633362966e+05 9.237562451343135908e+05 3.455164394589313888e+05 -2.898064536913213669e+05 3.480963601555271889e+05 2.067366300181157514e+07 3.685300691956933588e+06 2.427809927028177306e+06 2.477951102748647798e+06 3.719545433650010265e+06 -1.422220116859928705e+06 -5.944394589301473461e+05 -5.024961614593650447e+05 -3.127739336193635827e+05
-8.723393248920325423e+05 3.350720826870059595e+06 6.227984089743786491e+06 1.371694101135649718e+06 7.989959482158794999e+05 2.137367045512899058e+05 -7.896133349548943806e+04 -1.693149989392128482e+05 7.048195945547423617e+04 1.232222920906707458e+07 7.216257669614391634e+05 2.344801725104606885e+05 1.782643331207984826e+06 2.347437345969384070e+06 9.730606042808532948e+05 -1.224165234873424517e+06 -6.104793810119389091e+05 1.489033782236183179e+05
7.346540683810914634e+05 -3.578291197958806879e+04 1.371694101135649718e+06 2.610180227512357756e+06 -8.133771750360842270e+04 -1.070836073740038555e+05 1.737018735070997791e+05 -3.631986259056126000e+05 -4.269896484591715853e+04 1.821532853526640683e+06 -1.309562607332841493e+06 -2.114825034944250714e+06 2.943258406769260182e+05 6.597373686696267687e+05 7.173325178062720224e+05 6.508628106737771304e+05 -5.177528189523710171e+05 -1.377626911206155492e+05
5.475023486741721863e+05 7.432394881633362966e+05 7.989959482158794999e+05 -8.133771750360842270e+04 1.303554404065917246e+06 2.457789795370402280e+05 2.628239788067735499e+05 2.129128152366675495e+05 2.520969944447416347e+05 3.718587570100909099e+06 -2.340864564604580868e+06 -1.937799783135314938e+05 4.094782560662710457e+05 1.269619794725411572e+06 -3.541727236008673208e+05 -2.902348364845069591e+05 1.838682292946528469e+05 5.032571557421130128e+05
-4.665511398321948946e+04 9.237562451343135908e+05 2.137367045512899058e+05 -1.070836073740038555e+05 2.457789795370402280e+05 2.503355286342860782e+05 8.959113786187705409e+04 -4.184201298738928926e+03 5.677403720004591742e+04 1.965939693599455059e+06 -5.944789938382006949e+05 -4.955544531931299134e+05 -3.665036466998813557e+04 1.265928139333495492e+05 -1.901531049850219861e+05 -1.665635672952274617e+05 -5.992072729557880666e+04 1.879027263503779295e+03
6.399594181307775434e+05 3.455164394589313888e+05 -7.896133349548943806e+04 1.737018735070997791e+05 2.628239788067735499e+05 8.959113786187705409e+04 3.707546546279981267e+05 1.044157277729066554e+05 1.259263526708931313e+05 1.693695908687957097e+06 -1.824674411151448032e+06 -9.246896658791811205e+04 -3.713397539988764765e+04 6.266351045495652361e+05 -9.882227418238767132e+04 4.611128162799621932e+05 -1.906186293119343873e+03 4.329400668780148408e+04
7.318149845399635378e+05 -2.898064536913213669e+05 -1.693149989392128482e+05 -3.631986259056126000e+05 2.129128152366675495e+05 -4.184201298738928926e+03 1.044157277729066554e+05 2.649237716304651112e+05 1.026508431153403944e+05 2.649355580852763727e+06 -5.711474031124998583e+05 2.419894317016426066e+05 1.604697682102419094e+03 3.567896463381388457e+05 -2.137964237727171712e+04 1.491093199568141717e+05 1.826463245533375302e+05 1.897449488702567469e+05
-2.636775344331904198e+05 3.480963601555271889e+05 7.048195945547423617e+04 -4.269896484591715853e+04 2.520969944447416347e+05 5.677403720004591742e+04 1.259263526708931313e+05 1.026508431153403944e+05 1.285239587139920914e+05 1.021166081601366051e+06 -4.151946009028069675e+05 3.701092335115040769e+05 4.802296021643510321e+05 2.508743500225699681e+05 -1.520529048722627049e+05 6.896337680718621414e+04 5.387647396853235841e+04 1.984251317582194461e+05
8.587215062586979941e+06 2.067366300181157514e+07 1.232222920906707458e+07 1.821532853526640683e+06 3.718587570100909099e+06 1.965939693599455059e+06 1.693695908687957097e+06 2.649355580852763727e+06 1.021166081601366051e+06 2.749899121960234046e+08 1.893153715340641141e+07 2.079263842329274863e+07 1.657748912897643866e+06 9.552099301097417250e+06 3.782150569160644081e+05 2.758158311139347032e+06 -3.778479518300332129e+05 -1.968856050175940254e+04
-5.370262173510037363e+06 3.685300691956933588e+06 7.216257669614391634e+05 -1.309562607332841493e+06 -2.340864564604580868e+06 -5.944789938382006949e+05 -1.824674411151448032e+06 -5.711474031124998583e+05 -4.151946009028069675e+05 1.893153715340641141e+07 8.651118620239673555e+07 9.057433577245710418e+06 1.033171467300760746e+07 4.114959171427702531e+05 4.874417276651252178e+05 1.304355109380172100e+06 4.805343994616905227e+06 1.365738459622377763e+06
-5.378994725843543420e+05 2.427809927028177306e+06 2.344801725104606885e+05 -2.114825034944250714e+06 -1.937799783135314938e+05 -4.955544531931299134e+05 -9.246896658791811205e+04 2.419894317016426066e+05 3.701092335115040769e+05 2.079263842329274863e+07 9.057433577245710418e+06 2.499893164234256744e+07 9.384471465768642724e+06 -2.054841803372368217e+06 -3.373558719253622927e+06 -1.923740259263035841e+05 3.767581709180136095e+05 2.323818578437760007e+06
-2.959556530251193792e+06 2.477951102748647798e+06 1.782643331207984826e+06 2.943258406769260182e+05 4.094782560662710457e+05 -3.665036466998813557e+04 -3.713397539988764765e+04 1.604697682102419094e+03 4.802296021643510321e+05 1.657748912897643866e+06 1.033171467300760746e+07 9.384471465768642724e+06 9.345115583523528650e+06 1.684642988863289356e+05 -1.420065968664187938e+06 -5.713056898348478135e+05 8.001011163838107605e+05 1.894043880785912275e+06
3.325188695426283404e+06 3.719545433650010265e+06 2.347437345969384070e+06 6.597373686696267687e+05 1.269619794725411572e+06 1.265928139333495492e+05 6.266351045495652361e+05 3.567896463381388457e+05 2.508743500225699681e+05 9.552099301097417250e+06 4.114959171427702531e+05 -2.054841803372368217e+06 1.684642988863289356e+05 5.484568086196746677e+06 1.120671210894576274e+06 4.533716694955213461e+05 4.609406423986359732e+05 2.278996425597839989e+05
2.571377226489087101e+06 -1.422220116859928705e+06 9.730606042808532948e+05 7.173325178062720224e+05 -3.541727236008673208e+05 -1.901531049850219861e+05 -9.882227418238767132e+04 -2.137964237727171712e+04 -1.520529048722627049e+05 3.782150569160644081e+05 4.874417276651252178e+05 -3.373558719253622927e+06 -1.420065968664187938e+06 1.120671210894576274e+06 1.974530087306321133e+06 2.056834064053449256e+05 -1.179204492673058121e+05 -3.759328848024592153e+05
2.625512887132274336e+05 -5.944394589301473461e+05 -1.224165234873424517e+06 6.508628106737771304e+05 -2.902348364845069591e+05 -1.665635672952274617e+05 4.611128162799621932e+05 1.491093199568141717e+05 6.896337680718621414e+04 2.758158311139347032e+06 1.304355109380172100e+06 -1.923740259263035841e+05 -5.713056898348478135e+05 4.533716694955213461e+05 2.056834064053449256e+05 2.500640539513470139e+06 7.973054147548240144e+04 3.674412537087414530e+05
9.300386216396167874e+05 -5.024961614593650447e+05 -6.104793810119389091e+05 -5.177528189523710171e+05 1.838682292946528469e+05 -5.992072729557880666e+04 -1.906186293119343873e+03 1.826463245533375302e+05 5.387647396853235841e+04 -3.778479518300332129e+05 4.805343994616905227e+06 3.767581709180136095e+05 8.001011163838107605e+05 4.609406423986359732e+05 -1.179204492673058121e+05 7.973054147548240144e+04 9.752638579626316205e+05 3.450630673418042716e+05
9.889088095195646165e+05 -3.127739336193635827e+05 1.489033782236183179e+05 -1.377626911206155492e+05 5.032571557421130128e+05 1.879027263503779295e+03 4.329400668780148408e+04 1.897449488702567469e+05 1.984251317582194461e+05 -1.968856050175940254e+04 1.365738459622377763e+06 2.323818578437760007e+06 1.894043880785912275e+06 2.278996425597839989e+05 -3.759328848024592153e+05 3.674412537087414530e+05 3.450630673418042716e+05 1.234093985101443017e+06
