5.639655523112270236e+07 4.219570647206333466e+06 2.685125493191603571e+06 4.307165380494186655e+06 2.658971012144290842e+06 3.496715996289387695e+05 -9.986362799789686687e+04 1.204162765225154115e+06 1.001175477791947487e+05 7.056968571278057992e+07 3.682822596386345103e+06 5.007263365300549194e+06 9.917195967779717175e+05 1.991931301658497425e+06 2.920980148691957816e+06 2.111475668682924937e+06 -3.241438018954643630e+05 -1.537213121813345468e+06
4.219570647206333466e+06 1.619579545718460530e+07 3.189774885170369525e+05 4.763975325433097314e+05 1.643669310797141399e+06 -2.951507134995229426e+05 -3.725955639400936780e+05 -5.403888815013674321e+05 2.224404862258711073e+05 -4.657805283362827264e+06 1.604107528478619456e+07 6.141108499104863033e+06 1.670982263155574910e+06 -7.528969046852630563e+05 -2.230991751467667520e+06 -2.913249314867819659e+06 -1.349051376981811132e+06 -6.321910496130428510e+05
2.685125493191603571e+06 3.189774885170369525e+05 6.375012737176713534e+06 1.573334086897779489e+06 -5.701439621389354579e+05 5.707979280554259894e+05 4.227629457745236577e+05 1.842790802738807106e+05 -3.409729928462800453e+05 6.130231045372765511e+06 5.897901329259578139e+06 6.843098968907777220e+06 2.456701502996826079e+06 -9.745618004678950456e+03 2.691042923152581207e+05 1.283277928914505319e+05 5.093086322724197998e+02 7.960177136277360842e+05
4.307165380494186655e+06 4.763975325433097314e+05 1.573334086897779489e+06 1.613317041503629647e+06 -6.206873480066285993e+04 5.878762094255309785e+04 1.182983494702546450e+05 1.082748429327965569e+05 -7.132532008572909399e+04 -2.598555620608482510e+06 1.316997624447745504e+06 1.507266755006209016e+06 1.107904001350017264e+06 -7.694400154300411232e+05 3.517857254475223017e+05 -2.455381842652994383e+05 2.012209052127597388e+05 1.853852408053274266e+05
2.658971012144290842e+06 1.643669310797141399e+06 -5.701439621389354579e+05 -6.206873480066285993e+04 1.065819584078225307e+06 -1.311747376786036766e+05 -1.477758010939602718e+04 5.104808108695566625e+04 6.712838398177806812e+04 2.720711816230610944e+06 3.445140564764883369e+06 2.500734483180047479e+06 -3.707659587875970756e+05 1.502611643696136773e+06 -3.132337424663389174e+04 -3.714057760293373722e+05 -1.788765289576919749e+05 -2.777240048659045133e+05
3.496715996289387695e+05 -2.951507134995229426e+05 5.707979280554259894e+05 5.878762094255309785e+04 -1.311747376786036766e+05 7.168950613754927181e+05 1.438526099171509850e+05 6.483292754668516864e+04 -1.094404996805012779e+05 -6.919453849555753404e+05 -3.340722061548783677e+05 3.831084639179390506e+05 5.749483099541737465e+05 -1.158271181239124271e+05 7.349347487542508170e+05 3.225096548097373452e+05 5.679711125633501797e+04 -5.563440453630971024e+04
-9.986362799789686687e+04 -3.725955639400936780e+05 4.227629457745236577e+05 1.182983494702546450e+05 -1.477758010939602718e+04 1.438526099171509850e+05 3.841900763519525062e+05 -3.527975991091957258e+04 -7.607575664507708279e+04 -4.393237804185328423e+04 7.817765902007110417e+05 1.373391440768225817e+06 1.228297228653057828e+05 -2.986362319630832644e+05 -1.078343582698277314e+05 1.071304722721351573e+05 7.945781701622589026e+04 1.061138729709659819e+05
1.204162765225154115e+06 -5.403888815013674321e+05 1.842790802738807106e+05 1.082748429327965569e+05 5.104808108695566625e+04 6.483292754668516864e+04 -3.527975991091957258e+04 2.948734860896500759e+05 1.018099826678377576e+05 2.476224173444500193e+06 -5.864521930682273814e+05 -6.513645090730249649e+05 -2.354832621222368834e+04 1.633506654563060147e+05 3.641022627293887199e+05 7.056747922145044140e+04 1.275235489764147933e+05 9.379742796993303637e+04
1.001175477791947487e+05 2.224404862258711073e+05 -3.409729928462800453e+05 -7.132532008572909399e+04 6.712838398177806812e+04 -1.094404996805012779e+05 -7.607575664507708279e+04 1.018099826678377576e+05 1.294272609208225767e+05 1.249422274347254075e+06 -4.559685525004408555e+05 -8.597952116104465676e+05 -1.794465647300251876e+05 -9.454344647939513379e+04 6.351495851615978609e+04 -8.396878919671388576e+04 5.222722539330497966e+04 2.515823533470471739e+04
7.056968571278057992e+07 -4.657805283362827264e+06 6.130231045372765511e+06 -2.598555620608482510e+06 2.720711816230610944e+06 -6.919453849555753404e+05 -4.393237804185328423e+04 2.476224173444500193e+06 1.249422274347254075e+06 4.144120708402048945e+08 3.733584476401584223e+06 2.422464068963551521e+07 1.149344565752940951e+06 -1.036681923097230378e+06 -6.694543744276279584e+06 -5.046346974950422533e+06 -4.790428127597560175e+06 3.372956349607373122e+06
3.682822596386345103e+06 1.604107528478619456e+07 5.897901329259578139e+06 1.316997624447745504e+06 3.445140564764883369e+06 -3.340722061548783677e+05 7.817765902007110417e+05 -5.864521930682273814e+05 -4.559685525004408555e+05 3.733584476401584223e+06 6.639927240077552944e+07 3.507589035782121867e+07 4.160393514696399216e+06 3.804297276323505677e+06 -8.211061898212226108e+06 -7.841117475778921507e+06 -1.403453739973644726e+06 -1.117040084590793122e+06
5.007263365300549194e+06 6.141108499104863033e+06 6.843098968907777220e+06 1.507266755006209016e+06 2.500734483180047479e+06 3.831084639179390506e+05 1.373391440768225817e+06 -6.513645090730249649e+05 -8.597952116104465676e+05 2.422464068963551521e+07 3.507589035782121867e+07 3.794633094486384839e+07 6.319523064837094396e+06 4.633617655781972222e+06 -3.616558839555855840e+06 -1.990498018586605554e+06 -4.443960999080037000e+05 1.424711457617392880e+05
9.917195967779717175e+05 1.670982263155574910e+06 2.456701502996826079e+06 1.107904001350017264e+06 -3.707659587875970756e+05 5.749483099541737465e+05 1.228297228653057828e+05 -2.354832621222368834e+04 -1.794465647300251876e+05 1.149344565752940951e+06 4.160393514696399216e+06 6.319523064837094396e+06 4.667596728428184055e+06 -3.663362036956764641e+05 3.593361555583541485e+04 4.203923072414181661e+05 -1.564453860865519091e+05 6.439532925841450196e+04
1.991931301658497425e+06 -7.528969046852630563e+05 -9.745618004678950456e+03 -7.694400154300411232e+05 1.502611643696136773e+06 -1.158271181239124271e+05 -2.986362319630832644e+05 1.633506654563060147e+05 -9.454344647939513379e+04 -1.036681923097230378e+06 3.804297276323505677e+06 4.633617655781972222e+06 -3.663362036956764641e+05 7.760649566273260862e+06 1.493368008107094560e+06 1.160172195252794772e+06 2.267843056709544908e+05 -8.163832934496352682e+05
2.920980148691957816e+06 -2.230991751467667520e+06 2.691042923152581207e+05 3.517857254475223017e+05 -3.132337424663389174e+04 7.349347487542508170e+05 -1.078343582698277314e+05 3.641022627293887199e+05 6.351495851615978609e+04 -6.694543744276279584e+06 -8.211061898212226108e+06 -3.616558839555855840e+06 3.593361555583541485e+04 1.493368008107094560e+06 4.479328618506236933e+06 1.933295732867551269e+06 3.746737259640062111e+05 -2.568012868814313842e+05
2.111475668682924937e+06 -2.913249314867819659e+06 1.283277928914505319e+05 -2.455381842652994383e+05 -3.714057760293373722e+05 3.225096548097373452e+05 1.071304722721351573e+05 7.056747922145044140e+04 -8.396878919671388576e+04 -5.046346974950422533e+06 -7.841117475778921507e+06 -1.990498018586605554e+06 4.203923072414181661e+05 1.160172195252794772e+06 1.933295732867551269e+06 3.418692403562474996e+06 2.050410901917638257e+05 -3.784786151465803268e+05
-3.241438018954643630e+05 -1.349051376981811132e+06 5.093086322724197998e+02 2.012209052127597388e+05 -1.788765289576919749e+05 5.679711125633501797e+04 7.945781701622589026e+04 1.275235489764147933e+05 5.222722539330497966e+04 -4.790428127597560175e+06 -1.403453739973644726e+06 -4.443960999080037000e+05 -1.564453860865519091e+05 2.267843056709544908e+05 3.746737259640062111e+05 2.050410901917638257e+05 9.348307764072871068e+05 2.806854008756295661e+05
-1.537213121813345468e+06 -6.321910496130428510e+05 7.960177136277360842e+05 1.853852408053274266e+05 -2.777240048659045133e+05 -5.563440453630971024e+04 1.061138729709659819e+05 9.379742796993303637e+04 2.515823533470471739e+04 3.372956349607373122e+06 -1.117040084590793122e+06 1.424711457617392880e+05 6.439532925841450196e+04 -8.163832934496352682e+05 -2.568012868814313842e+05 -3.784786151465803268e+05 2.806854008756295661e+05 6.969181701470137341e+05
