3.702305403573199362e+07 6.230077992457250133e+06 -1.311511227191766724e+06 1.151530993756520096e+06 3.732126037678704597e+05 6.307954134392987471e+05 9.977643721866801206e+04 7.719547224083154288e+04 7.544801192418481223e+05 2.868865598180155456e+07 -5.245455603659473360e+06 -7.623110683563591912e+06 -8.029950199445810169e+06 3.335591723016772885e+05 2.908083712261350825e+06 -9.085427917913023848e+05 3.910459749357763212e+05 -3.736440216044287808e+04
6.230077992457250133e+06 1.617756789853591099e+07 3.294430879828121513e+06 1.028500140685106860e+06 1.018115322598536382e+06 -5.650936316955785733e+05 -1.076563942500023404e+05 2.298133885033722036e+05 2.878502489786350052e+05 1.768410332688122615e+07 6.969145313451038674e+06 -1.513153008756257826e+06 -1.350662642327555455e+06 4.053673325558478828e+05 -6.453714379857146414e+05 5.060783959625622374e+05 5.584243325132502941e+05 6.371538297489781398e+05
-1.311511227191766724e+06 3.294430879828121513e+06 3.410534196294269059e+06 5.203690893128281459e+05 4.659307597860881360e+05 -4.922876921912932303e+05 -5.931155359218691592e+04 1.135579901463916613e+05 1.426504646047714050e+04 -2.483858867371652741e+06 -7.136644664290772052e+05 2.034521705599710345e+06 2.903408511163169169e+05 3.946536913143802085e+05 -4.524285172747565666e+05 1.130163588976182509e+05 -1.148169867269459210e+05 5.800455106634361437e+04
1.151530993756520096e+06 1.028500140685106860e+06 5.203690893128281459e+05 2.244556866240784992e+06 1.628884767894321121e+05 -6.145365719167063071e+04 -2.665036374608463375e+05 -1.352702763622493658e+05 -4.653217507384576311e+04 -4.099685860147997737e+06 1.120760546203940874e+06 -2.036142856428178493e+06 -3.762291310582822189e+05 2.790629848609983455e+05 -5.851783923234281829e+05 -6.035605289496842306e+05 -3.999328633762217942e+05 -6.025911516702335794e+05
3.732126037678704597e+05 1.018115322598536382e+06 4.659307597860881360e+05 1.628884767894321121e+05 6.689339273283786606e+05 4.888471286846569274e+04 9.584885451001922775e+03 -2.589608441834492623e+03 7.622720127435213362e+04 5.859195471952128224e+06 -1.252096559639276937e+06 7.100630592471197015e+05 3.523886642356912489e+05 5.131350665096692974e+05 1.721808637076455925e+05 3.290429734608061699e+04 2.322337209240118100e+05 2.078532590613370121e+05
6.307954134392987471e+05 -5.650936316955785733e+05 -4.922876921912932303e+05 -6.145365719167063071e+04 4.888471286846569274e+04 3.225682078908453695e+05 2.987857037091113307e+04 -8.721000202937261201e+04 6.665330925386380113e+04 3.073774782675080001e+06 -1.726870854043403408e+06 6.361579531926946947e+05 -5.344012536725008395e+05 -1.239931538715766510e+05 -1.658668832331043086e+04 -6.982183301956065407e+04 7.206174186555777851e+04 -1.369820580278316629e+05
9.977643721866801206e+04 -1.076563942500023404e+05 -5.931155359218691592e+04 -2.665036374608463375e+05 9.584885451001922775e+03 2.987857037091113307e+04 2.685900269432396162e+05 3.549387913432588539e+04 6.326581207741771505e+04 1.363620050729639363e+06 -2.649427378560537007e+06 -3.197463829170404933e+05 -2.672290086094388607e+04 4.040851085005557397e+05 1.979628320443694829e+05 2.360783122867553029e+05 2.974068180669923313e+05 -2.569849784388907938e+04
7.719547224083154288e+04 2.298133885033722036e+05 1.135579901463916613e+05 -1.352702763622493658e+05 -2.589608441834492623e+03 -8.721000202937261201e+04 3.549387913432588539e+04 2.017762473087819526e+05 5.352645907297192025e+04 -6.642033803075657925e+05 1.906558499489557929e+06 6.164327445946082007e+05 3.550836091437535360e+05 -1.396370342175728292e+05 -8.371129808099643560e+04 3.142243049722856085e+04 2.177914647709394339e+05 2.458122853877085727e+05
7.544801192418481223e+05 2.878502489786350052e+05 1.426504646047714050e+04 -4.653217507384576311e+04 7.622720127435213362e+04 6.665330925386380113e+04 6.326581207741771505e+04 5.352645907297192025e+04 1.190273151562207495e+05 2.102466429444717709e+06 -4.821710758577017114e+05 9.812944930893357377e+04 -2.262932605724138266e+05 -2.035778246464114927e+05 -1.152694973398014554e+04 6.730800969708392222e+04 1.244203387470674934e+05 6.087175384233800287e+04
2.868865598180155456e+07 1.768410332688122615e+07 -2.483858867371652741e+06 -4.099685860147997737e+06 5.859195471952128224e+06 3.073774782675080001e+06 1.363620050729639363e+06 -6.642033803075657925e+05 2.102466429444717709e+06 4.158310652447993755e+08 -2.103551026096967980e+07 1.628882507467553392e+07 -1.226506369601761177e+07 -1.187801219032662176e+07 1.037483493235793430e+05 7.385121910343687981e+06 5.714652840801717713e+06 -1.308650457232804736e+06
-5.245455603659473360e+06 6.969145313451038674e+06 -7.136644664290772052e+05 1.120760546203940874e+06 -1.252096559639276937e+06 -1.726870854043403408e+06 -2.649427378560537007e+06 1.906558499489557929e+06 -4.821710758577017114e+05 -2.103551026096967980e+07 9.824950106909695268e+07 8.143482639213766903e+06 1.066781936273780651e+07 -5.464487605387211777e+06 -8.357882416079572402e+06 -2.726005901722671464e+06 2.008842554050635314e+06 4.632382550945776515e+06
-7.623110683563591912e+06 -1.513153008756257826e+06 2.034521705599710345e+06 -2.036142856428178493e+06 7.100630592471197015e+05 6.361579531926946947e+05 -3.197463829170404933e+05 6.164327445946082007e+05 9.812944930893357377e+04 1.628882507467553392e+07 8.143482639213766903e+06 2.969309620263595134e+07 1.008441215331505984e+06 -1.927665170634552604e+06 -2.488852875131546520e+06 9.545251388522736961e+05 1.837757035489947535e+06 1.966972506304246373e+06
-8.029950199445810169e+06 -1.350662642327555455e+06 2.903408511163169169e+05 -3.762291310582822189e+05 3.523886642356912489e+05 -5.344012536725008395e+05 -2.672290086094388607e+04 3.550836091437535360e+05 -2.262932605724138266e+05 -1.226506369601761177e+07 1.066781936273780651e+07 1.008441215331505984e+06 1.042596590205493197e+07 2.151616079438209068e+06 -4.951290193049957161e+05 -8.416722253568336600e+05 5.387298050684349146e+05 9.165968143207438989e+05
3.335591723016772885e+05 4.053673325558478828e+05 3.946536913143802085e+05 2.790629848609983455e+05 5.131350665096692974e+05 -1.239931538715766510e+05 4.040851085005557397e+05 -1.396370342175728292e+05 -2.035778246464114927e+05 -1.187801219032662176e+07 -5.464487605387211777e+06 -1.927665170634552604e+06 2.151616079438209068e+06 5.976769989868250675e+06 4.658597330401183572e+05 -7.028355411503503565e+05 3.052354229829217657e+05 -3.136772312998177367e+05
2.908083712261350825e+06 -6.453714379857146414e+05 -4.524285172747565666e+05 -5.851783923234281829e+05 1.721808637076455925e+05 -1.658668832331043086e+04 1.979628320443694829e+05 -8.371129808099643560e+04 -1.152694973398014554e+04 1.037483493235793430e+05 -8.357882416079572402e+06 -2.488852875131546520e+06 -4.951290193049957161e+05 4.658597330401183572e+05 3.094131899808331393e+06 3.088254571851970977e+05 -1.647520345118026598e+05 4.476081198246803251e+04
-9.085427917913023848e+05 5.060783959625622374e+05 1.130163588976182509e+05 -6.035605289496842306e+05 3.290429734608061699e+04 -6.982183301956065407e+04 2.360783122867553029e+05 3.142243049722856085e+04 6.730800969708392222e+04 7.385121910343687981e+06 -2.726005901722671464e+06 9.545251388522736961e+05 -8.416722253568336600e+05 -7.028355411503503565e+05 3.088254571851970977e+05 1.034629973673673812e+06 3.221373963921845425e+05 2.911809847873108229e+05
3.910459749357763212e+05 5.584243325132502941e+05 -1.148169867269459210e+05 -3.999328633762217942e+05 2.322337209240118100e+05 7.206174186555777851e+04 2.974068180669923313e+05 2.177914647709394339e+05 1.244203387470674934e+05 5.714652840801717713e+06 2.008842554050635314e+06 1.837757035489947535e+06 5.387298050684349146e+05 3.052354229829217657e+05 -1.647520345118026598e+05 3.221373963921845425e+05 1.156784376002080040e+06 5.257816729686255567e+05
-3.736440216044287808e+04 6.371538297489781398e+05 5.800455106634361437e+04 -6.025911516702335794e+05 2.078532590613370121e+05 -1.369820580278316629e+05 -2.569849784388907938e+04 2.458122853877085727e+05 6.087175384233800287e+04 -1.308650457232804736e+06 4.632382550945776515e+06 1.966972506304246373e+06 9.165968143207438989e+05 -3.136772312998177367e+05 4.476081198246803251e+04 2.911809847873108229e+05 5.257816729686255567e+05 9.624008568127974868e+05
