2.646102495342351869e+07 4.803717948021669872e+06 -8.158519509948329069e+05 -1.876697663296835963e+06 1.013677698531582602e+06 -2.904564234815149102e+05 4.138073525487851293e+04 8.466939153111632913e+05 3.517839558745683462e+04 3.568488159583031386e+07 4.621827823199539445e+06 -8.492299681199042127e+06 -1.103317352618214674e+06 4.051146057712974492e+06 -1.691260774839505320e+06 2.210090096714673098e+06 1.283307931465091882e+06 1.141602341266441857e+06
4.803717948021669872e+06 1.268546282422566041e+07 5.494636664078492671e+06 -3.804868317901468836e+05 8.808131247597056208e+05 1.577188397152358666e+05 -1.633761520403260365e+05 3.734526916550737224e+05 1.773227051610262133e+05 8.060485389599952847e+06 8.502875619084080681e+06 4.084763985222300980e+06 1.345305063218042487e+06 -4.334367696538489545e+05 -2.548969699006815208e+05 -1.266123538284550887e+06 -4.217338697042244603e+05 2.481846599203731457e+05
-8.158519509948329069e+05 5.494636664078492671e+06 7.164450084775595926e+06 1.269480358457296621e+06 -2.597721820305796864e+05 -4.160155647972121951e+05 -2.212913980672030884e+05 6.616850511089575593e+04 4.053067012480956037e+05 -3.737225547106698155e+06 1.546536597668707371e+06 4.986281671518592164e+06 1.003038733616445214e+06 7.292651891108495183e+05 -1.282704273417083314e+06 -7.775611981598932762e+05 -7.551823140888750786e+05 1.960945643741007370e+04
-1.876697663296835963e+06 -3.804868317901468836e+05 1.269480358457296621e+06 2.677729430112340022e+06 3.273496394514066633e+05 -3.177545023988056346e+05 -4.992131236478875508e+04 9.671328174231888624e+03 9.578967641738752718e+04 -4.655814200588753447e+06 4.534427106349927373e+06 2.113040492082369048e+06 -1.187659132137879729e+06 1.452822073678123998e+06 9.634613273528186255e+04 6.738999504198011709e+04 -8.477480206454657018e+05 -5.095028647320296150e+05
1.013677698531582602e+06 8.808131247597056208e+05 -2.597721820305796864e+05 3.273496394514066633e+05 8.921638775387899950e+05 1.213939696152192337e+05 1.123650442923725932e+05 7.644071720839901536e+04 3.046667502151451481e+04 1.596401180276964325e+06 2.404433196295553353e+06 -4.435797594943747390e+05 3.925332627816124004e+05 1.087145310468409909e+06 7.798986014439642895e+05 5.453031766759161837e+05 2.923104492172799655e+05 3.907866172088789881e+03
-2.904564234815149102e+05 1.577188397152358666e+05 -4.160155647972121951e+05 -3.177545023988056346e+05 1.213939696152192337e+05 4.839246682457202114e+05 1.189243433751183184e+05 9.645552088995120357e+03 7.192931473425042896e+03 -6.385118085647083353e+05 1.344278247179156460e+04 1.819592952433663886e+05 3.120988078279804322e+05 3.838807751834719966e+04 1.177084661432113353e+05 2.060171669828580052e+05 3.011847526004756219e+05 1.873672304703222180e+05
4.138073525487851293e+04 -1.633761520403260365e+05 -2.212913980672030884e+05 -4.992131236478875508e+04 1.123650442923725932e+05 1.189243433751183184e+05 3.984726410924274824e+05 -5.080594237492912362e+04 -5.022746215283747915e+03 4.210326998048668029e+05 3.500348826260526665e+06 -2.517909811751779635e+05 -1.392884352666180930e+05 -6.580511772516355268e+04 3.737038440932961530e+05 2.327688034259787528e+05 3.571318831061816309e+05 3.359591690155319520e+04
8.466939153111632913e+05 3.734526916550737224e+05 6.616850511089575593e+04 9.671328174231888624e+03 7.644071720839901536e+04 9.645552088995120357e+03 -5.080594237492912362e+04 1.641815389278910588e+05 5.601998465111679980e+04 2.328493510785467457e+06 1.354377394401957979e+06 1.122124983270004013e+05 -4.307912292331470962e+04 1.124069776053075766e+05 -1.541422667789956031e+05 1.652071224673599354e+05 -3.845921044791105669e+04 4.363443718614250429e+03
3.517839558745683462e+04 1.773227051610262133e+05 4.053067012480956037e+05 9.578967641738752718e+04 3.046667502151451481e+04 7.192931473425042896e+03 -5.022746215283747915e+03 5.601998465111679980e+04 1.012497929624101962e+05 1.571507244296362391e+06 5.052778001592911314e+05 -1.434515958608559158e+05 -4.041087353946265648e+04 3.564014712494937703e+05 -1.341569918718705594e+05 4.931360026565362932e+04 2.357804374231111069e+04 2.555756626684067669e+04
3.568488159583031386e+07 8.060485389599952847e+06 -3.737225547106698155e+06 -4.655814200588753447e+06 1.596401180276964325e+06 -6.385118085647083353e+05 4.210326998048668029e+05 2.328493510785467457e+06 1.571507244296362391e+06 1.591187877393248081e+08 1.104899794169188291e+07 -2.479940189697795734e+07 -4.743770068511607125e+06 2.751059009177922737e+06 -6.813600313384805806e+06 2.509193191027869936e+06 1.123503055000041611e+06 1.916222981047450798e+06
4.621827823199539445e+06 8.502875619084080681e+06 1.546536597668707371e+06 4.534427106349927373e+06 2.404433196295553353e+06 1.344278247179156460e+04 3.500348826260526665e+06 1.354377394401957979e+06 5.052778001592911314e+05 1.104899794169188291e+07 9.143860667109878361e+07 8.749734110750036314e+06 -8.300568845460999757e+06 -1.666487127132602502e+06 2.443403620379095897e+06 1.957245049136736430e+06 2.069457410527211847e+06 -1.299955349978979444e+06
-8.492299681199042127e+06 4.084763985222300980e+06 4.986281671518592164e+06 2.113040492082369048e+06 -4.435797594943747390e+05 1.819592952433663886e+05 -2.517909811751779635e+05 1.122124983270004013e+05 -1.434515958608559158e+05 -2.479940189697795734e+07 8.749734110750036314e+06 2.246046462087168172e+07 7.767475263832991011e+06 -1.716199935200265842e+06 -1.748645647259358317e+06 -2.432226736712393817e+06 -1.573537709201190388e+06 -6.538235056620254181e+05
-1.103317352618214674e+06 1.345305063218042487e+06 1.003038733616445214e+06 -1.187659132137879729e+06 3.925332627816124004e+05 3.120988078279804322e+05 -1.392884352666180930e+05 -4.307912292331470962e+04 -4.041087353946265648e+04 -4.743770068511607125e+06 -8.300568845460999757e+06 7.767475263832991011e+06 1.387954040645687655e+07 -1.037824425033793668e+06 -3.317332925492281211e+05 -1.663568160727919312e+06 -2.398408168552561838e+05 -1.302357228228066379e+05
4.051146057712974492e+06 -4.334367696538489545e+05 7.292651891108495183e+05 1.452822073678123998e+06 1.087145310468409909e+06 3.838807751834719966e+04 -6.580511772516355268e+04 1.124069776053075766e+05 3.564014712494937703e+05 2.751059009177922737e+06 -1.666487127132602502e+06 -1.716199935200265842e+06 -1.037824425033793668e+06 8.049720501755281352e+06 1.030262390209111269e+06 1.040768818676657858e+06 7.095204476446136832e+05 2.815583536983081722e+05
-1.691260774839505320e+06 -2.548969699006815208e+05 -1.282704273417083314e+06 9.634613273528186255e+04 7.798986014439642895e+05 1.177084661432113353e+05 3.737038440932961530e+05 -1.541422667789956031e+05 -1.341569918718705594e+05 -6.813600313384805806e+06 2.443403620379095897e+06 -1.748645647259358317e+06 -3.317332925492281211e+05 1.030262390209111269e+06 3.002953182037681341e+06 9.453991563143347157e+05 6.829058552457646001e+05 -1.993918641840304772e+05
2.210090096714673098e+06 -1.266123538284550887e+06 -7.775611981598932762e+05 6.738999504198011709e+04 5.453031766759161837e+05 2.060171669828580052e+05 2.327688034259787528e+05 1.652071224673599354e+05 4.931360026565362932e+04 2.509193191027869936e+06 1.957245049136736430e+06 -2.432226736712393817e+06 -1.663568160727919312e+06 1.040768818676657858e+06 9.453991563143347157e+05 3.158597141132425517e+06 1.245989566457629204e+06 2.059187764056851738e+05
1.283307931465091882e+06 -4.217338697042244603e+05 -7.551823140888750786e+05 -8.477480206454657018e+05 2.923104492172799655e+05 3.011847526004756219e+05 3.571318831061816309e+05 -3.845921044791105669e+04 2.357804374231111069e+04 1.123503055000041611e+06 2.069457410527211847e+06 -1.573537709201190388e+06 -2.398408168552561838e+05 7.095204476446136832e+05 6.829058552457646001e+05 1.245989566457629204e+06 1.805804632075080415e+06 5.268329405632038834e+05
1.141602341266441857e+06 2.481846599203731457e+05 1.960945643741007370e+04 -5.095028647320296150e+05 3.907866172088789881e+03 1.873672304703222180e+05 3.359591690155319520e+04 4.363443718614250429e+03 2.555756626684067669e+04 1.916222981047450798e+06 -1.299955349978979444e+06 -6.538235056620254181e+05 -1.302357228228066379e+05 2.815583536983081722e+05 -1.993918641840304772e+05 2.059187764056851738e+05 5.268329405632038834e+05 3.926625991873664316e+05
