5.014652085785177350e+07 8.897655058396972716e+06 -1.912118394614914141e+05 -4.594731040330126416e+05 3.785676477594718337e+06 -1.024723911175152287e+06 1.079677908250780078e+06 -1.209666912065278302e+05 1.085859777671197196e+06 1.066445109145431221e+07 1.536451275840020180e+07 -1.880128818602592219e+06 1.100816164107941790e+06 1.821510789725017967e+06 2.883574268658613320e+06 2.860897897789621260e+06 9.353653073780216509e+05 1.667794340749498457e+06
8.897655058396972716e+06 5.922250143416446634e+06 2.015179096775721526e+06 3.406072464107068954e+05 1.433243186509791296e+06 5.907901795617699390e+05 2.031982762527471641e+05 -1.023350525054094614e+05 5.671495148344390327e+05 6.731524608933371492e+06 2.137030529322011396e+06 1.568957268118305597e+06 2.069777618423898937e+06 6.713257109905185644e+05 1.410112970932517666e+06 8.059237979805880459e+05 9.055908398561151989e+04 3.733431461409475305e+05
-1.912118394614914141e+05 2.015179096775721526e+06 5.042918270191396587e+06 4.328137243316998938e+05 1.204692362172905123e+06 5.227078524720573332e+05 5.508382413870444725e+04 -1.228068344106392760e+05 2.393546649768756761e+05 1.249971076276112348e+07 -4.939595034004470333e+06 2.453120878007864580e+06 1.889660023943438195e+06 -4.410084951076658908e+05 1.053351224128183443e+06 -3.109566143778620244e+04 -6.848224902194663882e+05 1.663299696515189426e+05
-4.594731040330126416e+05 3.406072464107068954e+05 4.328137243316998938e+05 1.106091640185887692e+06 6.983220070886047324e+04 7.581932626642564719e+04 1.977488707812633074e+05 9.093265186919554253e+04 2.964733798092092184e+04 2.796116136970755178e+06 -2.033875100613308372e+06 4.534113643096885644e+05 1.310464032245622715e+06 -6.516887584295622073e+05 -8.735668739347258816e+04 1.248208202519891347e+05 -3.485511738691405044e+05 2.784961717720742854e+03
3.785676477594718337e+06 1.433243186509791296e+06 1.204692362172905123e+06 6.983220070886047324e+04 1.621946020207479596e+06 1.141793300392547681e+05 1.407653925028896192e+05 7.842655348629105720e+04 3.022698113256747820e+04 5.219973961525377817e+05 -1.167088761415408226e+06 2.217457825698173838e+05 5.150122460094986018e+05 8.145583912490296643e+05 6.958772412237636745e+05 -1.064895062825347995e+05 -1.841631396226573270e+05 -1.400962071378444089e+05
-1.024723911175152287e+06 5.907901795617699390e+05 5.227078524720573332e+05 7.581932626642564719e+04 1.141793300392547681e+05 4.944999660871447995e+05 1.389702654076609469e+05 1.901050939325540821e+04 2.951551165148925065e+04 2.583097174091383815e+06 -1.882486092121703317e+06 3.695167081212550402e+05 3.366405573526070220e+05 -1.774892936971433228e+05 5.540455352768464945e+04 1.082272869342750637e+05 -1.610569244526345283e+05 -1.486288955914119724e+05
1.079677908250780078e+06 2.031982762527471641e+05 5.508382413870444725e+04 1.977488707812633074e+05 1.407653925028896192e+05 1.389702654076609469e+05 3.459246064562968677e+05 1.122057381165362021e+05 9.017410926526563708e+04 2.338511937628834043e+06 -9.062415096309925430e+05 -4.397839548459884827e+05 6.539838488584551960e+05 -9.181310484662029194e+04 -1.343768755244018685e+05 3.317813076083945343e+05 -4.327371472726249522e+02 2.170562883682337633e+04
-1.209666912065278302e+05 -1.023350525054094614e+05 -1.228068344106392760e+05 9.093265186919554253e+04 7.842655348629105720e+04 1.901050939325540821e+04 1.122057381165362021e+05 1.569856519379743841e+05 -8.427113711152873293e+03 7.698740757312495261e+05 -4.570692607427322655e+05 -6.360064851964957779e+05 -2.490681260288241028e+05 -3.298752666408820078e+05 -5.411072178119525051e+04 1.195468906306958379e+05 8.070056947535095969e+04 -3.428095013563134125e+04
1.085859777671197196e+06 5.671495148344390327e+05 2.393546649768756761e+05 2.964733798092092184e+04 3.022698113256747820e+04 2.951551165148925065e+04 9.017410926526563708e+04 -8.427113711152873293e+03 2.052861245878103946e+05 -1.828285725251989788e+05 1.742625814254221041e+05 -6.360281275978493504e+05 4.468386196239942219e+05 8.024305667929541960e+04 8.246693794449721463e+04 3.579024038233669125e+05 8.473681200286754756e+04 1.211045591078617872e+05
1.066445109145431221e+07 6.731524608933371492e+06 1.249971076276112348e+07 2.796116136970755178e+06 5.219973961525377817e+05 2.583097174091383815e+06 2.338511937628834043e+06 7.698740757312495261e+05 -1.828285725251989788e+05 2.278861602865316868e+08 5.082057504524561018e+07 3.358928778785949200e+07 1.472304464555050805e+07 -8.698800860560432076e+06 9.169332098429393023e+06 3.596591140726396814e+06 -2.748509980362366769e+05 -9.615264213016196154e+05
1.536451275840020180e+07 2.137030529322011396e+06 -4.939595034004470333e+06 -2.033875100613308372e+06 -1.167088761415408226e+06 -1.882486092121703317e+06 -9.062415096309925430e+05 -4.570692607427322655e+05 1.742625814254221041e+05 5.082057504524561018e+07 8.006854208478781581e+07 2.688369922374987602e+07 -7.623126684864579001e+05 3.897248464016500860e+06 5.821456989825192839e+06 2.519603010452806018e+06 4.575040009966306388e+06 3.844597444816511124e+05
-1.880128818602592219e+06 1.568957268118305597e+06 2.453120878007864580e+06 4.534113643096885644e+05 2.217457825698173838e+05 3.695167081212550402e+05 -4.397839548459884827e+05 -6.360064851964957779e+05 -6.360281275978493504e+05 3.358928778785949200e+07 2.688369922374987602e+07 3.594567130900723487e+07 2.477119140839907341e+06 2.471560820507220458e+06 3.015582231195059605e+06 5.575679333709779894e+05 2.165132197517629713e+06 7.717661209230878158e+05
1.100816164107941790e+06 2.069777618423898937e+06 1.889660023943438195e+06 1.310464032245622715e+06 5.150122460094986018e+05 3.366405573526070220e+05 6.539838488584551960e+05 -2.490681260288241028e+05 4.468386196239942219e+05 1.472304464555050805e+07 -7.623126684864579001e+05 2.477119140839907341e+06 8.934446488909538835e+06 1.953376184815803310e+06 1.310366057131257607e+06 1.853680892452681728e+05 -1.072014302232516697e+06 1.208094340908724407e+05
1.821510789725017967e+06 6.713257109905185644e+05 -4.410084951076658908e+05 -6.516887584295622073e+05 8.145583912490296643e+05 -1.774892936971433228e+05 -9.181310484662029194e+04 -3.298752666408820078e+05 8.024305667929541960e+04 -8.698800860560432076e+06 3.897248464016500860e+06 2.471560820507220458e+06 1.953376184815803310e+06 4.306259291575892828e+06 9.971655731473459164e+05 -9.114531438856652239e+05 3.912862925694228034e+05 5.983942816557639890e+04
2.883574268658613320e+06 1.410112970932517666e+06 1.053351224128183443e+06 -8.735668739347258816e+04 6.958772412237636745e+05 5.540455352768464945e+04 -1.343768755244018685e+05 -5.411072178119525051e+04 8.246693794449721463e+04 9.169332098429393023e+06 5.821456989825192839e+06 3.015582231195059605e+06 1.310366057131257607e+06 9.971655731473459164e+05 3.108350544493803754e+06 -4.014768438715624507e+04 1.215960894588195079e+05 2.506118806690095225e+05
2.860897897789621260e+06 8.059237979805880459e+05 -3.109566143778620244e+04 1.248208202519891347e+05 -1.064895062825347995e+05 1.082272869342750637e+05 3.317813076083945343e+05 1.195468906306958379e+05 3.579024038233669125e+05 3.596591140726396814e+06 2.519603010452806018e+06 5.575679333709779894e+05 1.853680892452681728e+05 -9.114531438856652239e+05 -4.014768438715624507e+04 1.705469042029212927e+06 3.799768113349039340e+05 3.295055550367897376e+05
9.353653073780216509e+05 9.055908398561151989e+04 -6.848224902194663882e+05 -3.485511738691405044e+05 -1.841631396226573270e+05 -1.610569244526345283e+05 -4.327371472726249522e+02 8.070056947535095969e+04 8.473681200286754756e+04 -2.748509980362366769e+05 4.575040009966306388e+06 2.165132197517629713e+06 -1.072014302232516697e+06 3.912862925694228034e+05 1.215960894588195079e+05 3.799768113349039340e+05 1.183816862360754050e+06 3.094606631885805982e+05
1.667794340749498457e+06 3.733431461409475305e+05 1.663299696515189426e+05 2.784961717720742854e+03 -1.400962071378444089e+05 -1.486288955914119724e+05 2.170562883682337633e+04 -3.428095013563134125e+04 1.211045591078617872e+05 -9.615264213016196154e+05 3.844597444816511124e+05 7.717661209230878158e+05 1.208094340908724407e+05 5.983942816557639890e+04 2.506118806690095225e+05 3.295055550367897376e+05 3.094606631885805982e+05 5.816686991837749956e+05
