5.246152404030266404e+07 1.915556365017950302e+05 -1.330402698982714443e+06 9.450157635420311708e+05 -1.650363196243275655e+06 2.081338004253940424e+06 -3.220722922479591216e+04 1.041056685865831678e+05 -6.877984372618366033e+05 -1.094975578525365144e+07 1.786621954121406889e+06 1.018355551061296719e+06 -5.203508936873146333e+06 -6.790382838324647397e+06 2.956421992472824641e+06 9.278729289848821645e+04 -2.227143471032183152e+06 -1.413965356513231061e+06
1.915556365017950302e+05 9.129612933622574434e+06 5.318008781237043440e+05 -7.760528454992813058e+05 -9.133548539690469624e+04 -7.481825110334301135e+05 4.011195537966246484e+05 -1.336139328076719248e+05 1.430456516950461955e+05 7.049851107080466114e+06 5.661452894733937457e+06 1.074624752481459407e+06 3.357094451825556345e+06 3.282395804849404958e+05 -1.086171103315762477e+06 1.189348781759026228e+06 -1.573721349882146344e+06 -8.438104695361875201e+03
-1.330402698982714443e+06 5.318008781237043440e+05 4.050950675598168746e+06 1.112357477636558702e+06 1.505622119256952719e+05 3.337902156843296252e+05 3.933518234286236111e+05 2.467207942136715283e+05 2.209229246368259774e+05 2.174606189990924206e+06 1.382357278405473800e+06 3.008227961288139690e+06 -1.139233866907185002e+05 -2.628887750938810059e+05 -2.539877931763998931e+05 1.296764186931905802e+06 2.354184715827177861e+05 3.517323769103412051e+05
9.450157635420311708e+05 -7.760528454992813058e+05 1.112357477636558702e+06 2.708579419658896979e+06 2.505345479188948520e+05 4.813971129432437010e+05 3.274610913262033719e+05 3.434478744786751922e+05 1.622947342892156739e+05 -2.038679752214331180e+06 2.298452790155814728e+05 1.346620503328212537e+06 -3.071749822977284202e+05 -4.856614034062149003e+05 -2.211348847744552768e+04 9.287634380768033443e+05 3.048235375625171218e+04 5.636519494949738728e+05
-1.650363196243275655e+06 -9.133548539690469624e+04 1.505622119256952719e+05 2.505345479188948520e+05 1.074204611337709473e+06 -3.522594028934732196e+05 -3.478478473853834294e+04 8.068329234179209743e+04 -1.637803732086055788e+04 -2.390425153158320580e+06 2.514984035320189316e+06 7.297425604256340303e+05 4.576656829125594813e+05 1.391273883714286378e+06 -4.768066990665526828e+04 -3.665348873817996355e+05 2.291897590375522850e+05 -2.254596086664908216e+04
2.081338004253940424e+06 -7.481825110334301135e+05 3.337902156843296252e+05 4.813971129432437010e+05 -3.522594028934732196e+05 7.581497345346539514e+05 1.439337459449954040e+05 -1.306927072962715465e+04 -2.528417622481105809e+03 7.337774307318552746e+04 3.829751059637116123e+04 9.992789639960308559e+05 -5.739351408122065477e+05 -3.272177283607578720e+05 5.425265860841545509e+05 5.846563401118330657e+05 -1.284840008891688485e+05 5.039214713176439545e+04
-3.220722922479591216e+04 4.011195537966246484e+05 3.933518234286236111e+05 3.274610913262033719e+05 -3.478478473853834294e+04 1.439337459449954040e+05 3.616943984970055753e+05 1.299548642919574486e+05 6.023587858839150431e+04 -1.769452968579023378e+06 -2.696198359875975293e+05 1.003127928904700326e+06 -1.817664977164324955e+05 3.752275390809611417e+05 -2.021889291540758277e+05 4.814698870660755201e+05 -9.520677938136179000e+04 -1.096270524282027691e+04
1.041056685865831678e+05 -1.336139328076719248e+05 2.467207942136715283e+05 3.434478744786751922e+05 8.068329234179209743e+04 -1.306927072962715465e+04 1.299548642919574486e+05 2.533245920116838242e+05 6.640005948581201665e+04 -2.409514644671413582e+06 -1.517647673064701259e+06 5.424623219852935290e+05 -3.399341222987044021e+05 1.965593555593927158e+05 -1.592193112098776328e+05 3.567391572620923980e+05 6.838485915080441919e+04 -5.572580992519407300e+04
-6.877984372618366033e+05 1.430456516950461955e+05 2.209229246368259774e+05 1.622947342892156739e+05 -1.637803732086055788e+04 -2.528417622481105809e+03 6.023587858839150431e+04 6.640005948581201665e+04 1.322740579342214041e+05 -8.952871005511999829e+05 -2.058813878237098688e+05 4.666986625823861104e+05 -6.174223790958418977e+04 -1.469365709171305352e+05 -3.195377727765749441e+05 2.699392447182165342e+05 2.464828024670471495e+04 9.091075434607948409e+04
-1.094975578525365144e+07 7.049851107080466114e+06 2.174606189990924206e+06 -2.038679752214331180e+06 -2.390425153158320580e+06 7.337774307318552746e+04 -1.769452968579023378e+06 -2.409514644671413582e+06 -8.952871005511999829e+05 1.059711003123181015e+08 1.843939120047602057e+07 -8.142155850260764360e+06 2.017160418686527759e+06 -4.675442726414030418e+06 5.995327905672005378e+06 -4.445694618425478227e+06 -4.722495810874439776e+05 1.401245579819303006e+06
1.786621954121406889e+06 5.661452894733937457e+06 1.382357278405473800e+06 2.298452790155814728e+05 2.514984035320189316e+06 3.829751059637116123e+04 -2.696198359875975293e+05 -1.517647673064701259e+06 -2.058813878237098688e+05 1.843939120047602057e+07 6.292612049935582280e+07 1.122510386942087300e+07 -6.031837643528728513e+05 3.084272017854436766e+06 8.053165533765277360e+05 3.057372396911786636e+05 -9.746426414998123655e+05 1.824403629863295471e+06
1.018355551061296719e+06 1.074624752481459407e+06 3.008227961288139690e+06 1.346620503328212537e+06 7.297425604256340303e+05 9.992789639960308559e+05 1.003127928904700326e+06 5.424623219852935290e+05 4.666986625823861104e+05 -8.142155850260764360e+06 1.122510386942087300e+07 2.220228839332996309e+07 -2.818778813367560506e+06 -2.039390901286805165e+05 -4.565410902817822061e+05 2.592268016337363515e+06 2.176629327502399217e+06 7.963178492953928653e+05
-5.203508936873146333e+06 3.357094451825556345e+06 -1.139233866907185002e+05 -3.071749822977284202e+05 4.576656829125594813e+05 -5.739351408122065477e+05 -1.817664977164324955e+05 -3.399341222987044021e+05 -6.174223790958418977e+04 2.017160418686527759e+06 -6.031837643528728513e+05 -2.818778813367560506e+06 8.798731684445416555e+06 2.264698371250976343e+06 -3.636354945790928905e+05 -3.926441659817739273e+05 -7.094367808239948936e+05 1.648547049007776368e+05
-6.790382838324647397e+06 3.282395804849404958e+05 -2.628887750938810059e+05 -4.856614034062149003e+05 1.391273883714286378e+06 -3.272177283607578720e+05 3.752275390809611417e+05 1.965593555593927158e+05 -1.469365709171305352e+05 -4.675442726414030418e+06 3.084272017854436766e+06 -2.039390901286805165e+05 2.264698371250976343e+06 6.209256085411330685e+06 4.179644239855031483e+05 -2.994332920680865645e+05 -9.682516676244400442e+05 -5.976376446757785743e+05
2.956421992472824641e+06 -1.086171103315762477e+06 -2.539877931763998931e+05 -2.211348847744552768e+04 -4.768066990665526828e+04 5.425265860841545509e+05 -2.021889291540758277e+05 -1.592193112098776328e+05 -3.195377727765749441e+05 5.995327905672005378e+06 8.053165533765277360e+05 -4.565410902817822061e+05 -3.636354945790928905e+05 4.179644239855031483e+05 2.150170119214119390e+06 -7.158477802407873096e+05 -3.667813083167564473e+05 -3.132545948566141888e+05
9.278729289848821645e+04 1.189348781759026228e+06 1.296764186931905802e+06 9.287634380768033443e+05 -3.665348873817996355e+05 5.846563401118330657e+05 4.814698870660755201e+05 3.567391572620923980e+05 2.699392447182165342e+05 -4.445694618425478227e+06 3.057372396911786636e+05 2.592268016337363515e+06 -3.926441659817739273e+05 -2.994332920680865645e+05 -7.158477802407873096e+05 2.534172245499746408e+06 -2.207564401502800756e+05 2.533053864400366438e+05
-2.227143471032183152e+06 -1.573721349882146344e+06 2.354184715827177861e+05 3.048235375625171218e+04 2.291897590375522850e+05 -1.284840008891688485e+05 -9.520677938136179000e+04 6.838485915080441919e+04 2.464828024670471495e+04 -4.722495810874439776e+05 -9.746426414998123655e+05 2.176629327502399217e+06 -7.094367808239948936e+05 -9.682516676244400442e+05 -3.667813083167564473e+05 -2.207564401502800756e+05 1.505222594535261625e+06 3.248036071958930697e+05
-1.413965356513231061e+06 -8.438104695361875201e+03 3.517323769103412051e+05 5.636519494949738728e+05 -2.254596086664908216e+04 5.039214713176439545e+04 -1.096270524282027691e+04 -5.572580992519407300e+04 9.091075434607948409e+04 1.401245579819303006e+06 1.824403629863295471e+06 7.963178492953928653e+05 1.648547049007776368e+05 -5.976376446757785743e+05 -3.132545948566141888e+05 2.533053864400366438e+05 3.248036071958930697e+05 5.390905836332610343e+05
