4.988932734521067888e+07 9.012210797742223367e+06 -9.700699776859711856e+05 1.224620924793304643e+06 -1.384558177469082642e+06 6.918652339224477764e+05 8.668607610152838752e+05 -5.181279055109759793e+05 -1.980001557880759065e+05 7.470123279433785938e+06 2.102601955705720931e+07 1.044369092888287455e+07 1.779365671856734669e+06 -3.441218770930538885e+05 -2.049054926880581304e+06 -5.469361403360634722e+04 1.590923373362883460e+06 -1.586194706725849072e+06
9.012210797742223367e+06 2.299482752970770001e+07 1.324783155365161132e+06 -8.217593358765197918e+05 1.114642144728701795e+06 -3.443976935630099033e+05 3.431550508995501441e+05 3.313611844740310335e+05 3.432620899542640545e+05 -4.074705191255437676e+06 4.201359055313299410e+06 8.835696635901082307e+06 -3.165818674140943214e+06 -3.862904950892524794e+05 -2.929320790781913791e+06 8.336220925697502680e+05 8.900378974334406666e+05 2.845089106647083099e+04
-9.700699776859711856e+05 1.324783155365161132e+06 3.989713489331895486e+06 1.444831725136878900e+06 2.121208180178616894e+05 -4.998949100137897040e+04 8.469951206616059062e+04 3.891975597189426480e+04 -1.721908244312131428e+05 5.556679033779472811e+05 -3.566132315719700418e+05 1.021640333871356677e+06 3.522646847898315173e+06 1.813529464922072133e+06 9.448066470863287104e+05 3.138691625298652798e+05 -3.006597672360438155e+05 2.902708332555929082e+05
1.224620924793304643e+06 -8.217593358765197918e+05 1.444831725136878900e+06 2.093563928980907891e+06 4.304043896077410318e+05 -1.109134525045284099e+05 -3.083017670673610701e+04 -1.703346997058992274e+05 -2.582031638185026241e+05 -1.026783206666110549e+06 -3.038259577763211564e+05 -2.484537649681738112e+05 1.212405333438188070e+06 1.702681452196206665e+06 1.339246983723559882e+06 -6.088539666759496322e+05 -8.578192822058259044e+05 -2.671241006109477603e+05
-1.384558177469082642e+06 1.114642144728701795e+06 2.121208180178616894e+05 4.304043896077410318e+05 8.950112270679461071e+05 4.389688958106205246e+04 -1.078474736273251328e+05 -4.768929980205532775e+04 -1.238260339842349094e+04 -9.022966940516828327e+05 8.890837592799752019e+05 -2.898472977226210060e+05 5.401049376432957361e+05 7.188232744809120195e+05 2.140150498988496838e+05 -3.744002766198193422e+05 -2.188104606450606370e+05 1.353557621774789586e+05
6.918652339224477764e+05 -3.443976935630099033e+05 -4.998949100137897040e+04 -1.109134525045284099e+05 4.389688958106205246e+04 3.498993383573602187e+05 -3.995446085550040038e+01 6.442643091985047795e+04 -1.680216512083300404e+04 -2.133748640034576412e+06 1.785397438498643460e+06 -1.265152584109505638e+06 9.860050391177838901e+04 -5.050116734801836719e+04 3.180501917173037073e+05 -5.007820045157482673e+04 3.647096642452453380e+05 8.267952166782556742e+04
8.668607610152838752e+05 3.431550508995501441e+05 8.469951206616059062e+04 -3.083017670673610701e+04 -1.078474736273251328e+05 -3.995446085550040038e+01 2.586416293193742749e+05 -4.383807544470459106e+04 5.520180321028009348e+04 -8.468906469556430820e+05 -1.117543446169222938e+06 -8.358127298032158287e+05 2.422598096362892247e+05 1.966065038839639601e+04 -2.007642321900605748e+04 7.985855370414118806e+04 -8.199323703983379528e+04 -2.774937539760881918e+04
-5.181279055109759793e+05 3.313611844740310335e+05 3.891975597189426480e+04 -1.703346997058992274e+05 -4.768929980205532775e+04 6.442643091985047795e+04 -4.383807544470459106e+04 2.580049815818909265e+05 9.023982089991477551e+04 -2.373756744735894259e+06 1.177336919649255229e+06 3.889897350696316571e+05 -3.079580184671007446e+05 2.040855262404019595e+04 -7.886473668442165945e+04 3.066104229725535333e+04 2.796478744848789647e+05 1.159328935634709924e+05
-1.980001557880759065e+05 3.432620899542640545e+05 -1.721908244312131428e+05 -2.582031638185026241e+05 -1.238260339842349094e+04 -1.680216512083300404e+04 5.520180321028009348e+04 9.023982089991477551e+04 1.238227935259334627e+05 -1.470777646708647255e+06 -5.907462570098297874e+04 -5.268307244489798904e+04 -5.336702782751642371e+04 -5.501854923264726676e+04 -2.436999647854927462e+05 -2.174542599094166872e+04 1.060078137464704487e+05 7.718888669101188134e+04
7.470123279433785938e+06 -4.074705191255437676e+06 5.556679033779472811e+05 -1.026783206666110549e+06 -9.022966940516828327e+05 -2.133748640034576412e+06 -8.468906469556430820e+05 -2.373756744735894259e+06 -1.470777646708647255e+06 1.889536839660552740e+08 -2.940593718695497513e+07 9.862379330605281517e+06 2.531895056318686984e+05 -5.961500588050579652e+06 -1.213891795242374390e+07 9.015391987887224182e+06 -3.085240452154307626e+06 -1.233812490145083750e+06
2.102601955705720931e+07 4.201359055313299410e+06 -3.566132315719700418e+05 -3.038259577763211564e+05 8.890837592799752019e+05 1.785397438498643460e+06 -1.117543446169222938e+06 1.177336919649255229e+06 -5.907462570098297874e+04 -2.940593718695497513e+07 6.731466735567490757e+07 1.928381030402412638e+07 -4.955077536390210502e+06 1.090391741899576271e+06 7.492220956474239938e+05 -2.628122825148927979e+06 2.596608465868826956e+06 1.739573684056545841e+06
1.044369092888287455e+07 8.835696635901082307e+06 1.021640333871356677e+06 -2.484537649681738112e+05 -2.898472977226210060e+05 -1.265152584109505638e+06 -8.358127298032158287e+05 3.889897350696316571e+05 -5.268307244489798904e+04 9.862379330605281517e+06 1.928381030402412638e+07 2.935715147682483867e+07 -2.819895580833051354e+06 8.154857322584034409e+04 -3.555685078234150540e+06 8.884723211595537141e+05 3.665551136697744369e+05 1.277141492986681988e+05
1.779365671856734669e+06 -3.165818674140943214e+06 3.522646847898315173e+06 1.212405333438188070e+06 5.401049376432957361e+05 9.860050391177838901e+04 2.422598096362892247e+05 -3.079580184671007446e+05 -5.336702782751642371e+04 2.531895056318686984e+05 -4.955077536390210502e+06 -2.819895580833051354e+06 1.386852128589142859e+07 4.260271573622326367e+06 2.045905187170916470e+06 -9.026520739790855441e+04 3.436713630492474767e+05 2.179377629060245235e+05
-3.441218770930538885e+05 -3.862904950892524794e+05 1.813529464922072133e+06 1.702681452196206665e+06 7.188232744809120195e+05 -5.050116734801836719e+04 1.966065038839639601e+04 2.040855262404019595e+04 -5.501854923264726676e+04 -5.961500588050579652e+06 1.090391741899576271e+06 8.154857322584034409e+04 4.260271573622326367e+06 4.906161495415491052e+06 2.013131578855467029e+06 -9.085892741565291071e+05 -4.706839331499227555e+05 -4.603632730297488160e+05
-2.049054926880581304e+06 -2.929320790781913791e+06 9.448066470863287104e+05 1.339246983723559882e+06 2.140150498988496838e+05 3.180501917173037073e+05 -2.007642321900605748e+04 -7.886473668442165945e+04 -2.436999647854927462e+05 -1.213891795242374390e+07 7.492220956474239938e+05 -3.555685078234150540e+06 2.045905187170916470e+06 2.013131578855467029e+06 3.243703679826248903e+06 -4.743077894506937009e+05 -5.083744008241679985e+05 -2.036372187998125737e+05
-5.469361403360634722e+04 8.336220925697502680e+05 3.138691625298652798e+05 -6.088539666759496322e+05 -3.744002766198193422e+05 -5.007820045157482673e+04 7.985855370414118806e+04 3.066104229725535333e+04 -2.174542599094166872e+04 9.015391987887224182e+06 -2.628122825148927979e+06 8.884723211595537141e+05 -9.026520739790855441e+04 -9.085892741565291071e+05 -4.743077894506937009e+05 1.534106142790340353e+06 1.283107213460089260e+05 -5.205490123840696469e+04
1.590923373362883460e+06 8.900378974334406666e+05 -3.006597672360438155e+05 -8.578192822058259044e+05 -2.188104606450606370e+05 3.647096642452453380e+05 -8.199323703983379528e+04 2.796478744848789647e+05 1.060078137464704487e+05 -3.085240452154307626e+06 2.596608465868826956e+06 3.665551136697744369e+05 3.436713630492474767e+05 -4.706839331499227555e+05 -5.083744008241679985e+05 1.283107213460089260e+05 1.284496752813826548e+06 1.410721982607127575e+05
-1.586194706725849072e+06 2.845089106647083099e+04 2.902708332555929082e+05 -2.671241006109477603e+05 1.353557621774789586e+05 8.267952166782556742e+04 -2.774937539760881918e+04 1.159328935634709924e+05 7.718888669101188134e+04 -1.233812490145083750e+06 1.739573684056545841e+06 1.277141492986681988e+05 2.179377629060245235e+05 -4.603632730297488160e+05 -2.036372187998125737e+05 -5.205490123840696469e+04 1.410721982607127575e+05 4.814817781794813927e+05
