5.259699819951506704e+07 1.422559898969884496e+06 -1.958588871112478664e+06 1.753183998537933920e+06 2.370832433648862643e+05 -2.395553859863350808e+05 3.306312917763345176e+05 3.644667925056347158e+05 7.796391177583427634e+05 1.828837097097529098e+07 1.218829393932280689e+07 1.047846411566170864e+07 -3.468148829582266044e+05 -1.568726365134232678e+06 1.629796711482099490e+06 3.314293757878040895e+06 -9.967084443027258385e+05 4.223963051205408992e+05
1.422559898969884496e+06 1.568071506473929435e+07 1.220145483633142896e+06 8.617181977901567006e+05 4.692286974742235616e+05 -2.940203975215850514e+05 -5.191586956034355098e+05 -4.666277763967201463e+05 -1.277488822151698259e+05 -3.173965786352677736e+06 6.971916988598085009e+06 5.579123632208046503e+06 2.144467875132332556e+06 -6.467215548981832108e+05 -3.875311792666761903e+04 1.524565204106420046e+06 5.439957109345290810e+05 -8.006205054672756232e+05
-1.958588871112478664e+06 1.220145483633142896e+06 3.687269766782355495e+06 -3.785118670662663062e+05 -2.443046755627635866e+05 2.801067545449136014e+04 -2.331351522041619464e+05 1.849156685710713791e+05 2.298561568041990686e+05 -1.467620790292618424e+07 -4.884689637035910040e+06 4.269507425779306330e+06 -1.528864227055487223e+06 -1.786305423564189347e+06 6.212477771446939005e+04 -2.599378659164754790e+05 -8.194803324855689425e+05 -4.468147958246406051e+04
1.753183998537933920e+06 8.617181977901567006e+05 -3.785118670662663062e+05 1.879472121008303948e+06 1.742997383601645415e+05 1.247538292898822401e+05 1.673182032015698787e+05 8.291723019060342631e+04 1.038288886448200792e+05 -2.096181202132835286e+06 -1.534551710659864766e+05 -9.033700057675741846e+05 -4.963394459260744043e+05 -6.595937188933768775e+05 -5.593153101296458626e+05 -6.121664307293087768e+04 3.047005828000458496e+04 -2.933896249356279150e+05
2.370832433648862643e+05 4.692286974742235616e+05 -2.443046755627635866e+05 1.742997383601645415e+05 5.637277866767756641e+05 1.396932142723567958e+05 1.042747717591922556e+05 -5.870378271949771442e+04 4.981736939338570664e+04 3.992955590022309218e+06 8.599033133336617611e+05 -1.306551218956090976e+06 -7.825396193659315759e+04 2.479196724246613448e+05 3.650767746721541043e+05 -8.216493443315027980e+04 -1.102035213724543573e+05 -8.319327675997535698e+04
-2.395553859863350808e+05 -2.940203975215850514e+05 2.801067545449136014e+04 1.247538292898822401e+05 1.396932142723567958e+05 5.933873840946783312e+05 9.347527085924375569e+04 1.523436441027015462e+04 7.626758160243376915e+04 -2.364738093186359853e+06 1.154370167792605003e+06 -1.782449897826691857e+06 -9.715012920041410252e+05 -6.620628796146032400e+05 2.078502180078068923e+05 -2.673626075477590784e+05 -2.208330193636250333e+05 1.204163641393463331e+04
3.306312917763345176e+05 -5.191586956034355098e+05 -2.331351522041619464e+05 1.673182032015698787e+05 1.042747717591922556e+05 9.347527085924375569e+04 2.040316344219302991e+05 -9.534326778963133620e+03 5.210980291476313869e+04 -6.004495935014510178e+04 -9.593711942549161613e+05 -5.691744551136405207e+05 -1.666068131233803579e+05 -1.318777903464733390e+05 -1.093695314372604334e+05 -5.955311500552442158e+04 -4.260549820518062916e+04 6.276332109511373710e+04
3.644667925056347158e+05 -4.666277763967201463e+05 1.849156685710713791e+05 8.291723019060342631e+04 -5.870378271949771442e+04 1.523436441027015462e+04 -9.534326778963133620e+03 2.153611953943462286e+05 1.920658977629066067e+04 8.829564302476076409e+05 4.703303201972814277e+05 5.558464211016935296e+05 -4.176606660074815154e+05 -1.080171368450862210e+05 9.283327432729452266e+04 -1.124253335800541099e+05 -2.752868248279397449e+04 -2.999221151029088287e+04
7.796391177583427634e+05 -1.277488822151698259e+05 2.298561568041990686e+05 1.038288886448200792e+05 4.981736939338570664e+04 7.626758160243376915e+04 5.210980291476313869e+04 1.920658977629066067e+04 1.466475070483585587e+05 -7.759456031626504846e+05 -6.631270710296441102e+05 4.829592093739362899e+05 -1.406268587847960298e+05 -3.245516236213189550e+05 -2.063456775691036819e+04 -2.101280181417240819e+05 -1.687331324345004105e+05 5.655826306027707324e+04
1.828837097097529098e+07 -3.173965786352677736e+06 -1.467620790292618424e+07 -2.096181202132835286e+06 3.992955590022309218e+06 -2.364738093186359853e+06 -6.004495935014510178e+04 8.829564302476076409e+05 -7.759456031626504846e+05 2.579609742877026796e+08 7.541530463494785130e+07 -1.642011712529313006e+07 1.011867139818014763e+07 2.138981708285209537e+07 7.882101953254376538e+06 -5.441851365331866546e+05 4.339821342455479316e+05 5.055431474302713759e+05
1.218829393932280689e+07 6.971916988598085009e+06 -4.884689637035910040e+06 -1.534551710659864766e+05 8.599033133336617611e+05 1.154370167792605003e+06 -9.593711942549161613e+05 4.703303201972814277e+05 -6.631270710296441102e+05 7.541530463494785130e+07 6.875072560373036563e+07 -7.613856102579440922e+06 -9.753412566644132603e+05 2.404063826206229161e+06 2.351796135845573153e+06 1.506652573843232356e+06 7.375009591775783338e+04 -8.510306093647391535e+05
1.047846411566170864e+07 5.579123632208046503e+06 4.269507425779306330e+06 -9.033700057675741846e+05 -1.306551218956090976e+06 -1.782449897826691857e+06 -5.691744551136405207e+05 5.558464211016935296e+05 4.829592093739362899e+05 -1.642011712529313006e+07 -7.613856102579440922e+06 2.635284492561818287e+07 1.514447240861858474e+06 -9.945427380427755415e+05 -2.016345894286496565e+06 -8.938771530209733464e+04 -1.191410331663297722e+06 4.430397511169741047e+05
-3.468148829582266044e+05 2.144467875132332556e+06 -1.528864227055487223e+06 -4.963394459260744043e+05 -7.825396193659315759e+04 -9.715012920041410252e+05 -1.666068131233803579e+05 -4.176606660074815154e+05 -1.406268587847960298e+05 1.011867139818014763e+07 -9.753412566644132603e+05 1.514447240861858474e+06 4.960618016431286000e+06 2.966558499254267663e+06 -5.760155697713479167e+05 1.344676865534059471e+05 1.116282172322562663e+06 1.920310435794425430e+05
-1.568726365134232678e+06 -6.467215548981832108e+05 -1.786305423564189347e+06 -6.595937188933768775e+05 2.479196724246613448e+05 -6.620628796146032400e+05 -1.318777903464733390e+05 -1.080171368450862210e+05 -3.245516236213189550e+05 2.138981708285209537e+07 2.404063826206229161e+06 -9.945427380427755415e+05 2.966558499254267663e+06 5.449555675049162470e+06 1.024902690453956486e+06 -3.727851957764064427e+05 1.213972394925628556e+06 3.128451275457579759e+05
1.629796711482099490e+06 -3.875311792666761903e+04 6.212477771446939005e+04 -5.593153101296458626e+05 3.650767746721541043e+05 2.078502180078068923e+05 -1.093695314372604334e+05 9.283327432729452266e+04 -2.063456775691036819e+04 7.882101953254376538e+06 2.351796135845573153e+06 -2.016345894286496565e+06 -5.760155697713479167e+05 1.024902690453956486e+06 3.343695076882639434e+06 2.759440971188353142e+05 2.888888652401241707e+05 4.815183278137313318e+05
3.314293757878040895e+06 1.524565204106420046e+06 -2.599378659164754790e+05 -6.121664307293087768e+04 -8.216493443315027980e+04 -2.673626075477590784e+05 -5.955311500552442158e+04 -1.124253335800541099e+05 -2.101280181417240819e+05 -5.441851365331866546e+05 1.506652573843232356e+06 -8.938771530209733464e+04 1.344676865534059471e+05 -3.727851957764064427e+05 2.759440971188353142e+05 1.551329346620691707e+06 2.107300828159516677e+05 -2.872016287210888113e+05
-9.967084443027258385e+05 5.439957109345290810e+05 -8.194803324855689425e+05 3.047005828000458496e+04 -1.102035213724543573e+05 -2.208330193636250333e+05 -4.260549820518062916e+04 -2.752868248279397449e+04 -1.687331324345004105e+05 4.339821342455479316e+05 7.375009591775783338e+04 -1.191410331663297722e+06 1.116282172322562663e+06 1.213972394925628556e+06 2.888888652401241707e+05 2.107300828159516677e+05 1.266728224662355380e+06 8.067411577195408427e+03
4.223963051205408992e+05 -8.006205054672756232e+05 -4.468147958246406051e+04 -2.933896249356279150e+05 -8.319327675997535698e+04 1.204163641393463331e+04 6.276332109511373710e+04 -2.999221151029088287e+04 5.655826306027707324e+04 5.055431474302713759e+05 -8.510306093647391535e+05 4.430397511169741047e+05 1.920310435794425430e+05 3.128451275457579759e+05 4.815183278137313318e+05 -2.872016287210888113e+05 8.067411577195408427e+03 4.385652567865944584e+05
