6.865542388633428514e+07 1.301394746216057241e+07 1.492111588264263992e+04 1.491455501115890220e+06 -8.023434878104990348e+05 1.800620266179589555e+06 1.732907967158775544e+06 1.017499310750344448e+05 5.480470446526780725e+05 2.085183435868556798e+07 -1.880956558567144442e+06 -1.047056055610911921e+07 1.102075303301577456e+07 5.949913025838888250e+06 1.050310979975282244e+05 3.215546258069852367e+06 2.286920209726621979e+05 -1.854780722868985729e+06
1.301394746216057241e+07 1.099314592609240115e+07 4.075608036381753162e+06 1.362809924122150755e+06 3.127183632505824789e+04 5.451294694625874981e+05 1.580289351505570812e+06 -5.551226617880630511e+04 4.094704213103106595e+05 1.683696420498283580e+06 5.167626753856511787e+05 1.766983399828864029e+06 2.158751335228047334e+06 1.610608640063365921e+06 -1.257336837316462334e+05 5.523598333288845606e+05 -9.386465356637313380e+04 5.767851530649520282e+04
1.492111588264263992e+04 4.075608036381753162e+06 7.189200535071968101e+06 8.269787754308657022e+05 3.277959050077495049e+05 3.509447905542572844e+05 7.970415089030830422e+05 6.248170797399916046e+04 3.318620937810958276e+04 -1.949633315933519742e+06 1.709101948016122042e+05 7.591073738838607445e+06 2.954843730484375730e+06 3.457597702144134091e+05 2.948071896710726433e+05 -5.648569580086838687e+05 1.134754106869552983e+06 3.158509231703015394e+05
1.491455501115890220e+06 1.362809924122150755e+06 8.269787754308657022e+05 1.438440541057983413e+06 -3.745154817892007995e+05 -7.290984098209360673e+04 1.134203610602936096e+05 -8.631621542762831086e+04 -3.014193052666181757e+04 -9.557647401562384330e+05 1.007327892667929176e+06 1.563047661661094055e+06 4.410918835742154624e+05 -1.045637501581207180e+05 1.119639222507021914e+05 -4.312864347639300977e+05 -3.463013039624211378e+05 -1.482114157442282012e+05
-8.023434878104990348e+05 3.127183632505824789e+04 3.277959050077495049e+05 -3.745154817892007995e+05 1.077353707465731073e+06 3.689854713648944162e+05 6.692263542687466725e+03 5.241189075360929564e+03 -3.774944411272600701e+04 -6.040271988562046317e+05 2.057696039780832361e+05 -2.944028497514230548e+05 -2.703370626174248173e+05 6.732257341637063655e+04 -8.556748644692107337e+04 -2.620774745946988987e+05 -3.164713244578693993e+05 1.911227069545599516e+05
1.800620266179589555e+06 5.451294694625874981e+05 3.509447905542572844e+05 -7.290984098209360673e+04 3.689854713648944162e+05 8.231949655950351153e+05 1.466040937746430573e+05 1.020450279217488278e+05 2.992953485211814041e+04 -3.506146886031579226e+06 7.692006601301784394e+05 -4.954772176055482705e+05 1.231532960321533261e+06 -3.232287026854383876e+05 4.779182738767425762e+05 -2.743489496347917593e+05 7.349714722607597650e+04 -1.267188726962970686e+05
1.732907967158775544e+06 1.580289351505570812e+06 7.970415089030830422e+05 1.134203610602936096e+05 6.692263542687466725e+03 1.466040937746430573e+05 5.427852193860571133e+05 4.538949960164965159e+04 9.288136596163333161e+04 1.851357488995567430e+06 -3.588970646695823525e+05 -9.411020844391682476e+04 1.154987749277871335e+06 2.034164893342761789e+05 -1.112840790560196911e+05 1.333218666139193811e+05 2.130622712759831629e+05 5.524217950902172015e+04
1.017499310750344448e+05 -5.551226617880630511e+04 6.248170797399916046e+04 -8.631621542762831086e+04 5.241189075360929564e+03 1.020450279217488278e+05 4.538949960164965159e+04 2.331861860845692572e+05 2.846851323504454558e+04 1.067092016451515956e+05 9.446731275839662412e+05 -1.143484477188834571e+05 -1.772718284812631318e+05 -2.546328793753116042e+05 4.946740900990807131e+04 1.193290903566729103e+05 2.688871483980815392e+05 1.321148532254163874e+05
5.480470446526780725e+05 4.094704213103106595e+05 3.318620937810958276e+04 -3.014193052666181757e+04 -3.774944411272600701e+04 2.992953485211814041e+04 9.288136596163333161e+04 2.846851323504454558e+04 8.476717018735581951e+04 -3.371030119793636259e+05 3.730212578344371286e+05 -2.252592730272334302e+05 1.885291125033113931e+05 5.708564860006678828e+03 -1.359703381228763319e+05 4.531599511255804828e+04 5.755301350312688737e+04 1.531566078575924075e+04
2.085183435868556798e+07 1.683696420498283580e+06 -1.949633315933519742e+06 -9.557647401562384330e+05 -6.040271988562046317e+05 -3.506146886031579226e+06 1.851357488995567430e+06 1.067092016451515956e+05 -3.371030119793636259e+05 1.062063592597768903e+08 -1.287749067451945506e+06 -3.699065048064883798e+06 1.524224795600111596e+06 4.291163132254673168e+06 -9.148031452338282252e+05 1.896424045716093853e+06 1.645658575216772500e+06 1.060281025426798966e+06
-1.880956558567144442e+06 5.167626753856511787e+05 1.709101948016122042e+05 1.007327892667929176e+06 2.057696039780832361e+05 7.692006601301784394e+05 -3.588970646695823525e+05 9.446731275839662412e+05 3.730212578344371286e+05 -1.287749067451945506e+06 4.450396941264016181e+07 1.122528260851262882e+07 -4.563686293730085716e+06 -8.784574971253442345e+05 -2.935683216901179869e+06 2.645884877762828488e+06 2.750837634304175153e+06 1.503194225739166606e+06
-1.047056055610911921e+07 1.766983399828864029e+06 7.591073738838607445e+06 1.563047661661094055e+06 -2.944028497514230548e+05 -4.954772176055482705e+05 -9.411020844391682476e+04 -1.143484477188834571e+05 -2.252592730272334302e+05 -3.699065048064883798e+06 1.122528260851262882e+07 3.008179878388878331e+07 3.720968219256941229e+06 -4.006470712511221645e+05 -1.788848093352010939e+06 -1.511984228445005603e+06 2.448532341180124786e+06 1.067255997708427487e+06
1.102075303301577456e+07 2.158751335228047334e+06 2.954843730484375730e+06 4.410918835742154624e+05 -2.703370626174248173e+05 1.231532960321533261e+06 1.154987749277871335e+06 -1.772718284812631318e+05 1.885291125033113931e+05 1.524224795600111596e+06 -4.563686293730085716e+06 3.720968219256941229e+06 1.461305199105821364e+07 9.241129789705025032e+05 1.787832304028498009e+06 -3.162482054423838272e+05 1.094879027963041561e+06 -4.202119529529334977e+05
5.949913025838888250e+06 1.610608640063365921e+06 3.457597702144134091e+05 -1.045637501581207180e+05 6.732257341637063655e+04 -3.232287026854383876e+05 2.034164893342761789e+05 -2.546328793753116042e+05 5.708564860006678828e+03 4.291163132254673168e+06 -8.784574971253442345e+05 -4.006470712511221645e+05 9.241129789705025032e+05 3.741949798244199250e+06 -2.796535277156303055e+05 3.017244512764140964e+05 -6.686607888434664346e+05 -4.113819451249375707e+05
1.050310979975282244e+05 -1.257336837316462334e+05 2.948071896710726433e+05 1.119639222507021914e+05 -8.556748644692107337e+04 4.779182738767425762e+05 -1.112840790560196911e+05 4.946740900990807131e+04 -1.359703381228763319e+05 -9.148031452338282252e+05 -2.935683216901179869e+06 -1.788848093352010939e+06 1.787832304028498009e+06 -2.796535277156303055e+05 3.027626107090078760e+06 -1.060383444970775017e+05 -1.197564240493887628e+05 -2.093846827325989725e+05
3.215546258069852367e+06 5.523598333288845606e+05 -5.648569580086838687e+05 -4.312864347639300977e+05 -2.620774745946988987e+05 -2.743489496347917593e+05 1.333218666139193811e+05 1.193290903566729103e+05 4.531599511255804828e+04 1.896424045716093853e+06 2.645884877762828488e+06 -1.511984228445005603e+06 -3.162482054423838272e+05 3.017244512764140964e+05 -1.060383444970775017e+05 2.428635013670769054e+06 6.311408417502181837e+05 1.694411415284501272e+05
2.286920209726621979e+05 -9.386465356637313380e+04 1.134754106869552983e+06 -3.463013039624211378e+05 -3.164713244578693993e+05 7.349714722607597650e+04 2.130622712759831629e+05 2.688871483980815392e+05 5.755301350312688737e+04 1.645658575216772500e+06 2.750837634304175153e+06 2.448532341180124786e+06 1.094879027963041561e+06 -6.686607888434664346e+05 -1.197564240493887628e+05 6.311408417502181837e+05 1.534908847117569065e+06 4.413379323371288483e+05
-1.854780722868985729e+06 5.767851530649520282e+04 3.158509231703015394e+05 -1.482114157442282012e+05 1.911227069545599516e+05 -1.267188726962970686e+05 5.524217950902172015e+04 1.321148532254163874e+05 1.531566078575924075e+04 1.060281025426798966e+06 1.503194225739166606e+06 1.067255997708427487e+06 -4.202119529529334977e+05 -4.113819451249375707e+05 -2.093846827325989725e+05 1.694411415284501272e+05 4.413379323371288483e+05 5.121109982244564453e+05
