7.340433979364088178e+07 3.420070068278909661e+06 -3.961950141546266619e+06 3.508624605749845039e+06 -1.600756016196878161e+06 4.914995915033795871e+06 -5.785111038944144093e+04 -1.336445012375777587e+06 -9.700615832852537278e+04 9.011309810539360344e+07 2.117101747613305598e+07 2.008895549778425321e+07 4.242460811422828585e+06 4.246819864363736473e+06 4.629621206317109987e+06 2.444867638302126434e+06 2.469378039173031226e+06 -2.590218842727180570e+06
3.420070068278909661e+06 1.853047769266918674e+07 1.143279853602100629e+06 9.791768360282253707e+05 1.411992478870298248e+06 3.994740255089310231e+05 -3.099015515097139287e+05 -5.892271570622408763e+05 -3.621480525312632089e+05 1.007371280036279932e+07 -1.111304546213139780e+07 -2.128641516654824372e+05 4.717680657342934282e+05 1.855943606948756613e+06 1.972912538680339698e+06 1.060610205156144453e+06 -1.649461769707689062e+06 -8.177810831811138196e+05
-3.961950141546266619e+06 1.143279853602100629e+06 9.144699333757251501e+06 7.707763221632542263e+04 1.145277434436778305e+06 6.425692249286314473e+05 -1.928728716526100470e+05 -8.178060614669667848e+04 -1.558404052780595084e+05 5.292964464603296481e+06 -4.856302198241858743e+06 3.239729174076134805e+06 -3.609610719442571979e+06 7.961927862888465170e+05 -5.959749187240536558e+05 1.247238106030859853e+04 -3.465209038424081518e+05 -5.595395097337705083e+05
3.508624605749845039e+06 9.791768360282253707e+05 7.707763221632542263e+04 2.062604188627080759e+06 2.766310415677028941e+05 4.576252049033711082e+05 -7.357670177009097824e+04 -9.557816596301732352e+04 3.292106551762838353e+04 1.038173793230118044e+07 -1.044591315627560019e+06 3.836633792056024075e+06 1.474389740165740717e+06 1.038096325777406339e+06 5.825717165581135778e+05 3.135000868491141009e+05 3.293706355034229346e+05 -2.089534113105195574e+05
-1.600756016196878161e+06 1.411992478870298248e+06 1.145277434436778305e+06 2.766310415677028941e+05 9.455867622325338889e+05 1.662543722902600421e+05 -1.875710637219448108e+05 -1.168013725611988775e+05 1.118554878685775975e+03 2.418045791769154370e+06 -3.645994828814301640e+06 9.164027790947469184e+05 -6.337882979737976566e+05 1.500175760519870673e+05 -4.304938942261708871e+04 -1.747990550336651504e+05 -2.831820840424938942e+05 -7.015903554800442362e+04
4.914995915033795871e+06 3.994740255089310231e+05 6.425692249286314473e+05 4.576252049033711082e+05 1.662543722902600421e+05 8.199947542144343024e+05 5.974213636602944462e+04 -1.740437377688629495e+05 3.845391427654595464e+04 8.704502194842843339e+06 1.084792613669615937e+06 2.330718350426279008e+06 7.150942309832699830e+05 9.341023188813800225e+05 8.793105629045155365e+05 3.360656660501732258e+05 2.888589380131132202e+05 -3.459631349766420317e+05
-5.785111038944144093e+04 -3.099015515097139287e+05 -1.928728716526100470e+05 -7.357670177009097824e+04 -1.875710637219448108e+05 5.974213636602944462e+04 4.268329290628257440e+05 8.313248231525975280e+04 1.960177024673265114e+05 -2.113516252176252659e+06 -8.274851823941180483e+05 -6.475523205149989808e+05 3.645793122037639841e+05 1.056882243383110763e+05 1.547884502324637433e+05 1.731654678054490360e+05 2.421419517703970196e+05 1.309032516919311165e+05
-1.336445012375777587e+06 -5.892271570622408763e+05 -8.178060614669667848e+04 -9.557816596301732352e+04 -1.168013725611988775e+05 -1.740437377688629495e+05 8.313248231525975280e+04 3.102875142103916733e+05 6.705990251539181918e+04 -2.054192213585104095e+06 -1.227916435895317234e+06 -1.777294037341406511e+05 2.158302912446933042e+05 -1.646880534194343491e+05 -1.467088339891298383e+05 -3.929937061489992775e+05 2.620005097146529879e+05 1.528335639203820319e+05
-9.700615832852537278e+04 -3.621480525312632089e+05 -1.558404052780595084e+05 3.292106551762838353e+04 1.118554878685775975e+03 3.845391427654595464e+04 1.960177024673265114e+05 6.705990251539181918e+04 1.943270220098580467e+05 -7.357248182417202042e+05 -3.206016625639944687e+05 -5.796152334566728678e+05 -1.278339504295288643e+05 9.515028057124413317e+04 4.518290510497332434e+04 1.339062121557973733e+05 2.017893916084255034e+05 7.124222259586602740e+04
9.011309810539360344e+07 1.007371280036279932e+07 5.292964464603296481e+06 1.038173793230118044e+07 2.418045791769154370e+06 8.704502194842843339e+06 -2.113516252176252659e+06 -2.054192213585104095e+06 -7.357248182417202042e+05 2.487641582122657299e+08 2.489184029718765616e+07 3.986373976587433368e+07 4.897617407235785387e+06 9.243408782915538177e+06 1.479818332378868759e+07 -2.639061701026065275e+06 9.624007748027067864e+05 -7.578991525138568133e+06
2.117101747613305598e+07 -1.111304546213139780e+07 -4.856302198241858743e+06 -1.044591315627560019e+06 -3.645994828814301640e+06 1.084792613669615937e+06 -8.274851823941180483e+05 -1.227916435895317234e+06 -3.206016625639944687e+05 2.489184029718765616e+07 7.181717525121140480e+07 7.786143269109316170e+06 -4.463799692078370601e+06 3.413341056074989960e+06 7.708809869387877407e+05 7.400831591485845856e+05 1.825290742979413364e+06 -7.012690544963191496e+05
2.008895549778425321e+07 -2.128641516654824372e+05 3.239729174076134805e+06 3.836633792056024075e+06 9.164027790947469184e+05 2.330718350426279008e+06 -6.475523205149989808e+05 -1.777294037341406511e+05 -5.796152334566728678e+05 3.986373976587433368e+07 7.786143269109316170e+06 2.328407126149002090e+07 4.664175767393162474e+06 4.156275416337093804e+06 7.289772356348637259e+05 -1.313088207351289457e+06 1.613374222906271694e+06 -8.813401709751843009e+05
4.242460811422828585e+06 4.717680657342934282e+05 -3.609610719442571979e+06 1.474389740165740717e+06 -6.337882979737976566e+05 7.150942309832699830e+05 3.645793122037639841e+05 2.158302912446933042e+05 -1.278339504295288643e+05 4.897617407235785387e+06 -4.463799692078370601e+06 4.664175767393162474e+06 1.110431319283384271e+07 1.436249434801222989e+06 1.869602317643517395e+06 1.599923176086130552e+05 1.038306430183685618e+06 6.769799410033378517e+05
4.246819864363736473e+06 1.855943606948756613e+06 7.961927862888465170e+05 1.038096325777406339e+06 1.500175760519870673e+05 9.341023188813800225e+05 1.056882243383110763e+05 -1.646880534194343491e+05 9.515028057124413317e+04 9.243408782915538177e+06 3.413341056074989960e+06 4.156275416337093804e+06 1.436249434801222989e+06 3.015321412521883380e+06 9.609532477647452615e+05 2.471475712484661562e+04 2.099211235619489162e+05 -1.254506760861785442e+05
4.629621206317109987e+06 1.972912538680339698e+06 -5.959749187240536558e+05 5.825717165581135778e+05 -4.304938942261708871e+04 8.793105629045155365e+05 1.547884502324637433e+05 -1.467088339891298383e+05 4.518290510497332434e+04 1.479818332378868759e+07 7.708809869387877407e+05 7.289772356348637259e+05 1.869602317643517395e+06 9.609532477647452615e+05 3.565127284760521725e+06 1.160205299346959451e+06 5.852032395901988493e+05 -7.259542993656611070e+05
2.444867638302126434e+06 1.060610205156144453e+06 1.247238106030859853e+04 3.135000868491141009e+05 -1.747990550336651504e+05 3.360656660501732258e+05 1.731654678054490360e+05 -3.929937061489992775e+05 1.339062121557973733e+05 -2.639061701026065275e+06 7.400831591485845856e+05 -1.313088207351289457e+06 1.599923176086130552e+05 2.471475712484661562e+04 1.160205299346959451e+06 2.316778623595353216e+06 5.104398163105066051e+05 -2.120553740191129036e+05
2.469378039173031226e+06 -1.649461769707689062e+06 -3.465209038424081518e+05 3.293706355034229346e+05 -2.831820840424938942e+05 2.888589380131132202e+05 2.421419517703970196e+05 2.620005097146529879e+05 2.017893916084255034e+05 9.624007748027067864e+05 1.825290742979413364e+06 1.613374222906271694e+06 1.038306430183685618e+06 2.099211235619489162e+05 5.852032395901988493e+05 5.104398163105066051e+05 1.243478243463097839e+06 1.914267303425910068e+05
-2.590218842727180570e+06 -8.177810831811138196e+05 -5.595395097337705083e+05 -2.089534113105195574e+05 -7.015903554800442362e+04 -3.459631349766420317e+05 1.309032516919311165e+05 1.528335639203820319e+05 7.124222259586602740e+04 -7.578991525138568133e+06 -7.012690544963191496e+05 -8.813401709751843009e+05 6.769799410033378517e+05 -1.254506760861785442e+05 -7.259542993656611070e+05 -2.120553740191129036e+05 1.914267303425910068e+05 8.637856943516817410e+05
