6.471872152778779715e+07 2.119325337309341412e+06 -2.666193387324153446e+06 3.700861772182130255e+06 -7.524676687983552692e+05 1.453314991873780964e+06 -2.205684955103498942e+05 3.697793617218813597e+04 -4.052269508653123630e+05 2.253110524543129280e+07 2.429582749237360060e+07 4.578635683243255131e+06 1.647393641942130402e+06 3.946931670871899463e+06 2.425914894508374389e+06 -2.136565397812993266e+06 -1.182751915414408548e+06 -2.452710041503215209e+06
2.119325337309341412e+06 2.084483919380448014e+07 -7.142086011570580304e+05 -2.408172329124662559e+06 -1.946019639731526840e+06 -1.956247058789652365e+05 -4.550708858908788534e+05 1.126472380936463014e+05 -2.071588565791482324e+04 2.372063756442763656e+07 1.797218499924104288e+07 6.433485832329532132e+05 -2.771188925402130932e+06 -5.636115687983845128e+05 -1.210145807213024003e+06 1.432912226174555835e+05 -2.002307995576959103e+06 -7.226138895816139411e+05
-2.666193387324153446e+06 -7.142086011570580304e+05 2.879421645764242858e+06 3.096201187003227533e+05 6.889548789478418184e+05 3.218119434271883219e+05 7.652726899960705487e+04 -2.511499878783075474e+04 4.671157976457026052e+03 -2.281501459859395400e+06 -3.313483214937417069e+05 2.413769733074525837e+06 3.004299320529908291e+05 -7.996517369437385350e+05 5.126715511739680078e+05 -1.131278109224169602e+05 2.261771511982152879e+04 1.255840762279271003e+05
3.700861772182130255e+06 -2.408172329124662559e+06 3.096201187003227533e+05 3.494314817875403911e+06 4.268339665802852251e+05 -2.054232701814936263e+03 2.697771026083707693e+05 -3.960855417462435435e+04 -1.376221505878843891e+04 3.014306361368521117e+06 -3.647968672429123893e+06 3.049570894556649029e+06 2.597221559897594154e+06 -7.582379116277274443e+05 7.142741364588806173e+05 -1.388955726567927923e+05 -1.646970961013832421e+05 -1.978472261512544355e+04
-7.524676687983552692e+05 -1.946019639731526840e+06 6.889548789478418184e+05 4.268339665802852251e+05 1.346717915993326344e+06 3.551561425964171067e+05 9.419905478972244600e+04 -6.719071134865919885e+04 5.057416677165046713e+04 5.667302578573122621e+06 1.525555532944405917e+06 -8.268402409238778055e+05 2.572250244163258467e+05 3.492385481489929371e+05 8.438794552378728986e+05 -1.011351254252001527e+05 7.937522387017974688e+04 -1.414399848636926326e+05
1.453314991873780964e+06 -1.956247058789652365e+05 3.218119434271883219e+05 -2.054232701814936263e+03 3.551561425964171067e+05 5.951487215387499891e+05 2.195809304545739724e+04 3.359101322870767035e+04 4.202870492837490747e+04 3.194210232502280734e+06 3.826997581493134145e+06 -4.633971962048783898e+05 3.331258360450500622e+05 -6.725982179783683387e+04 7.597349923663922818e+05 1.944999995351819380e+05 1.457217769830756006e+05 -1.663327587948281434e+05
-2.205684955103498942e+05 -4.550708858908788534e+05 7.652726899960705487e+04 2.697771026083707693e+05 9.419905478972244600e+04 2.195809304545739724e+04 3.319600378116783104e+05 3.915123689053636917e+04 -1.062150161549068798e+04 -2.441282503600019962e+06 -1.553303848386643222e+05 -2.273534417886375377e+04 -1.229698095504475059e+05 -1.073551143192334857e+05 3.703993862855254556e+05 1.786706153301610175e+04 7.588510558849664812e+04 -1.733285872210351226e+05
3.697793617218813597e+04 1.126472380936463014e+05 -2.511499878783075474e+04 -3.960855417462435435e+04 -6.719071134865919885e+04 3.359101322870767035e+04 3.915123689053636917e+04 1.329307365759532840e+05 3.512558236832173861e+04 -5.717681606386171188e+04 -1.212057237674461911e+06 -7.775954168126151490e+04 1.699537282073228271e+05 -2.106944687486464682e+05 -1.349880152782415098e+05 7.907640225843497319e+04 1.537985956892928516e+05 5.656865957648941503e+02
-4.052269508653123630e+05 -2.071588565791482324e+04 4.671157976457026052e+03 -1.376221505878843891e+04 5.057416677165046713e+04 4.202870492837490747e+04 -1.062150161549068798e+04 3.512558236832173861e+04 8.574345386075215356e+04 2.857636522281539510e+05 -3.390824732021935051e+04 -2.859040822656421806e+05 8.558937341159902280e+04 -1.258786367228871968e+05 -5.067972250133239140e+04 5.437868489979701553e+04 2.880657508360093925e+04 6.577078012985651731e+04
2.253110524543129280e+07 2.372063756442763656e+07 -2.281501459859395400e+06 3.014306361368521117e+06 5.667302578573122621e+06 3.194210232502280734e+06 -2.441282503600019962e+06 -5.717681606386171188e+04 2.857636522281539510e+05 2.322506497781678438e+08 6.939992345192439854e+07 -2.928596241127384827e+06 5.290347318718184717e+06 2.672275644014617428e+06 7.445226574668012559e+06 -2.175515676539547276e+06 3.171188695690110326e+05 -1.003849981031213189e+06
2.429582749237360060e+07 1.797218499924104288e+07 -3.313483214937417069e+05 -3.647968672429123893e+06 1.525555532944405917e+06 3.826997581493134145e+06 -1.553303848386643222e+05 -1.212057237674461911e+06 -3.390824732021935051e+04 6.939992345192439854e+07 1.097769138710063994e+08 2.522277209581302479e+06 -8.795090686093591154e+06 -2.332486490047214087e+06 1.026862677167208120e+07 3.644146445998016861e+05 -2.037925767283117399e+06 -2.561917608620444778e+06
4.578635683243255131e+06 6.433485832329532132e+05 2.413769733074525837e+06 3.049570894556649029e+06 -8.268402409238778055e+05 -4.633971962048783898e+05 -2.273534417886375377e+04 -7.775954168126151490e+04 -2.859040822656421806e+05 -2.928596241127384827e+06 2.522277209581302479e+06 1.722240243729636073e+07 1.899322529267805628e+06 -4.521485116755052470e+06 1.987395236283582868e+06 -1.125773517971595051e+06 -8.906722569804905215e+05 8.936971335949470813e+04
1.647393641942130402e+06 -2.771188925402130932e+06 3.004299320529908291e+05 2.597221559897594154e+06 2.572250244163258467e+05 3.331258360450500622e+05 -1.229698095504475059e+05 1.699537282073228271e+05 8.558937341159902280e+04 5.290347318718184717e+06 -8.795090686093591154e+06 1.899322529267805628e+06 1.442867179702919722e+07 8.460045988640096039e+05 -1.956125336577858776e+06 -3.942424428919116035e+05 2.014993515622894512e+06 1.138479870059077861e+06
3.946931670871899463e+06 -5.636115687983845128e+05 -7.996517369437385350e+05 -7.582379116277274443e+05 3.492385481489929371e+05 -6.725982179783683387e+04 -1.073551143192334857e+05 -2.106944687486464682e+05 -1.258786367228871968e+05 2.672275644014617428e+06 -2.332486490047214087e+06 -4.521485116755052470e+06 8.460045988640096039e+05 4.079190055957570672e+06 9.952414794111772790e+04 -2.983105132711389451e+05 2.153148862985633023e+05 2.028388850891972834e+04
2.425914894508374389e+06 -1.210145807213024003e+06 5.126715511739680078e+05 7.142741364588806173e+05 8.438794552378728986e+05 7.597349923663922818e+05 3.703993862855254556e+05 -1.349880152782415098e+05 -5.067972250133239140e+04 7.445226574668012559e+06 1.026862677167208120e+07 1.987395236283582868e+06 -1.956125336577858776e+06 9.952414794111772790e+04 4.783745422927561216e+06 8.669631562604743522e+04 -5.774044919965988083e+04 -4.440688164356688503e+05
-2.136565397812993266e+06 1.432912226174555835e+05 -1.131278109224169602e+05 -1.388955726567927923e+05 -1.011351254252001527e+05 1.944999995351819380e+05 1.786706153301610175e+04 7.907640225843497319e+04 5.437868489979701553e+04 -2.175515676539547276e+06 3.644146445998016861e+05 -1.125773517971595051e+06 -3.942424428919116035e+05 -2.983105132711389451e+05 8.669631562604743522e+04 9.457996032451055944e+05 9.458176890666580221e+03 1.435269681692089216e+04
-1.182751915414408548e+06 -2.002307995576959103e+06 2.261771511982152879e+04 -1.646970961013832421e+05 7.937522387017974688e+04 1.457217769830756006e+05 7.588510558849664812e+04 1.537985956892928516e+05 2.880657508360093925e+04 3.171188695690110326e+05 -2.037925767283117399e+06 -8.906722569804905215e+05 2.014993515622894512e+06 2.153148862985633023e+05 -5.774044919965988083e+04 9.458176890666580221e+03 1.047472212451579864e+06 2.925172274933056906e+05
-2.452710041503215209e+06 -7.226138895816139411e+05 1.255840762279271003e+05 -1.978472261512544355e+04 -1.414399848636926326e+05 -1.663327587948281434e+05 -1.733285872210351226e+05 5.656865957648941503e+02 6.577078012985651731e+04 -1.003849981031213189e+06 -2.561917608620444778e+06 8.936971335949470813e+04 1.138479870059077861e+06 2.028388850891972834e+04 -4.440688164356688503e+05 1.435269681692089216e+04 2.925172274933056906e+05 4.619321713529261760e+05
