4.902474270009090006e+07 -1.588094979580228450e+06 -5.080842733784891665e+06 -1.490184710438828915e+06 7.836251206947492901e+05 1.344925911700878525e+06 -1.612131850255670259e+06 3.408205685943308054e+05 8.573069032592767326e+04 1.451374682684509270e+07 -2.770583219960886985e+07 -6.485392696020954289e+06 -6.759025311089505441e+06 1.389490196191590279e+06 3.489434268934575841e+06 1.805167251011040062e+06 3.566757893570906017e+06 -2.766072001290579210e+05
-1.588094979580228450e+06 1.744896632658181712e+07 9.879585391933834180e+05 1.682509502758282237e+06 -1.237505235335117904e+05 -5.155428820850080228e+05 -1.189504659521217691e+05 -6.747437062523512577e+04 3.841055921515403315e+05 1.322660334719465114e+07 1.161466202063671127e+07 2.937386807307879440e+06 2.956083319249052554e+06 1.172504557300733868e+06 -8.503439774450715631e+05 -1.070259371990329819e+06 -7.594252326000577305e+05 7.982720416297446936e+05
-5.080842733784891665e+06 9.879585391933834180e+05 5.986084615856220014e+06 1.378990648821203271e+06 1.374823204426188313e+05 -1.242336885122018721e+05 7.910673522419811343e+04 1.017133167516704270e+05 2.123292309360453510e+05 -1.223386894290520437e+07 7.245769309158312157e+06 3.798115719779511914e+06 1.067451714859338244e+06 1.921944205476602074e+05 4.733150842456757091e+05 -4.361992780703739263e+05 -1.385408093401309568e+06 5.728457655887250439e+04
-1.490184710438828915e+06 1.682509502758282237e+06 1.378990648821203271e+06 2.633847098567550071e+06 -3.598422108567445539e+05 -2.985460387139202430e+04 7.107259565652061428e+04 1.338654072700956312e+05 -5.946180673845879937e+04 -6.749369735643058084e+06 4.413588724659423344e+06 2.078789034699293843e+05 2.956379567309341393e+06 5.534757911687097512e+05 -1.227386155113515706e+05 -2.667234870177587145e+05 1.989080341855635925e+05 1.668889134369232925e+05
7.836251206947492901e+05 -1.237505235335117904e+05 1.374823204426188313e+05 -3.598422108567445539e+05 1.048864574231043691e+06 1.774550420118919865e+05 4.622371236596255039e+04 -6.180181797207850468e+04 7.838700103446284629e+03 9.017911775117766811e+05 -1.332572317407084862e+06 -5.836669822750793537e+05 -7.495251907809650293e+05 9.233993666970521444e+05 2.587744273304767557e+04 5.506953355380769353e+05 2.274319758633181918e+05 -1.653863294126145774e+05
1.344925911700878525e+06 -5.155428820850080228e+05 -1.242336885122018721e+05 -2.985460387139202430e+04 1.774550420118919865e+05 7.875682154091459233e+05 1.596653326357982587e+05 -9.202486663504265016e+04 -5.967052570065949112e+04 -2.576028914377640933e+06 -1.780298688225238584e+06 -1.015985741612716229e+06 -1.126622762223313097e+06 -2.311180145165293943e+05 4.545097315126978210e+05 3.231648387497785152e+05 -1.099176887318781664e+05 -2.032527000259318156e+05
-1.612131850255670259e+06 -1.189504659521217691e+05 7.910673522419811343e+04 7.107259565652061428e+04 4.622371236596255039e+04 1.596653326357982587e+05 2.257011600454428699e+05 -6.370585852936840820e+04 -3.562388528629994107e+04 -2.956427542916152626e+06 5.093681101043998497e+05 -3.406908570088373963e+05 -3.217755586487688124e+05 -4.905363331524727982e+05 -3.349520415507919097e+04 -4.126300687474278675e+04 -1.350338550335917971e+05 -2.464820253965973097e+04
3.408205685943308054e+05 -6.747437062523512577e+04 1.017133167516704270e+05 1.338654072700956312e+05 -6.180181797207850468e+04 -9.202486663504265016e+04 -6.370585852936840820e+04 9.416549906712434313e+04 1.473922748139675969e+04 -5.172405650148666464e+05 4.467888833077828749e+05 8.520742369599450612e+05 4.049782290009231656e+05 2.980769824658292346e+05 -1.035596201092453412e+05 -7.500814808633054781e+04 -7.904545986108494162e+02 8.956405805040750420e+04
8.573069032592767326e+04 3.841055921515403315e+05 2.123292309360453510e+05 -5.946180673845879937e+04 7.838700103446284629e+03 -5.967052570065949112e+04 -3.562388528629994107e+04 1.473922748139675969e+04 1.032992295057924784e+05 4.160604781034087064e+05 7.302250588885848410e+05 6.096701850200668559e+04 3.842835716181069438e+04 5.399533959222204430e+04 5.831903929050091392e+04 -5.586800878552240465e+04 -8.190990784371810150e+04 9.400245345908112358e+04
1.451374682684509270e+07 1.322660334719465114e+07 -1.223386894290520437e+07 -6.749369735643058084e+06 9.017911775117766811e+05 -2.576028914377640933e+06 -2.956427542916152626e+06 -5.172405650148666464e+05 4.160604781034087064e+05 1.967521529881041944e+08 -2.871640783715318516e+07 -2.285175552484689280e+07 7.204200515273955651e+06 2.907762106244657189e+06 -3.798912327559309080e+06 3.925569458048787899e+06 4.421031107094597071e+06 1.693791307922011707e+06
-2.770583219960886985e+07 1.161466202063671127e+07 7.245769309158312157e+06 4.413588724659423344e+06 -1.332572317407084862e+06 -1.780298688225238584e+06 5.093681101043998497e+05 4.467888833077828749e+05 7.302250588885848410e+05 -2.871640783715318516e+07 6.988904905219267309e+07 1.872923141247214749e+07 6.322980806571337394e+06 1.634187111800092272e+06 -3.011244950080150738e+06 -3.287477006615085993e+06 -5.332090049234258011e+06 2.524862100364767946e+06
-6.485392696020954289e+06 2.937386807307879440e+06 3.798115719779511914e+06 2.078789034699293843e+05 -5.836669822750793537e+05 -1.015985741612716229e+06 -3.406908570088373963e+05 8.520742369599450612e+05 6.096701850200668559e+04 -2.285175552484689280e+07 1.872923141247214749e+07 3.004517826087458804e+07 4.117265501713762060e+05 1.660897411787873367e+06 -7.142658816216378473e+05 -1.609561564012071118e+06 -3.418406768600894604e+06 1.103342466660700506e+06
-6.759025311089505441e+06 2.956083319249052554e+06 1.067451714859338244e+06 2.956379567309341393e+06 -7.495251907809650293e+05 -1.126622762223313097e+06 -3.217755586487688124e+05 4.049782290009231656e+05 3.842835716181069438e+04 7.204200515273955651e+06 6.322980806571337394e+06 4.117265501713762060e+05 1.542910267163352109e+07 2.510878031266422942e+06 -1.732170532631163718e+06 -1.297725206341273384e+06 6.295977915322668850e+05 4.538023547389198211e+05
1.389490196191590279e+06 1.172504557300733868e+06 1.921944205476602074e+05 5.534757911687097512e+05 9.233993666970521444e+05 -2.311180145165293943e+05 -4.905363331524727982e+05 2.980769824658292346e+05 5.399533959222204430e+04 2.907762106244657189e+06 1.634187111800092272e+06 1.660897411787873367e+06 2.510878031266422942e+06 4.939459237167621963e+06 -2.777166888311041403e+05 3.748288807844631956e+05 1.138653012891885592e+06 -1.917589737620095184e+04
3.489434268934575841e+06 -8.503439774450715631e+05 4.733150842456757091e+05 -1.227386155113515706e+05 2.587744273304767557e+04 4.545097315126978210e+05 -3.349520415507919097e+04 -1.035596201092453412e+05 5.831903929050091392e+04 -3.798912327559309080e+06 -3.011244950080150738e+06 -7.142658816216378473e+05 -1.732170532631163718e+06 -2.777166888311041403e+05 2.120993014126813039e+06 2.509045915385413973e+05 1.812026856887240501e+04 -5.843250242768872995e+05
1.805167251011040062e+06 -1.070259371990329819e+06 -4.361992780703739263e+05 -2.667234870177587145e+05 5.506953355380769353e+05 3.231648387497785152e+05 -4.126300687474278675e+04 -7.500814808633054781e+04 -5.586800878552240465e+04 3.925569458048787899e+06 -3.287477006615085993e+06 -1.609561564012071118e+06 -1.297725206341273384e+06 3.748288807844631956e+05 2.509045915385413973e+05 8.189997058523055166e+05 3.937469354681642726e+05 -2.933387240101197385e+05
3.566757893570906017e+06 -7.594252326000577305e+05 -1.385408093401309568e+06 1.989080341855635925e+05 2.274319758633181918e+05 -1.099176887318781664e+05 -1.350338550335917971e+05 -7.904545986108494162e+02 -8.190990784371810150e+04 4.421031107094597071e+06 -5.332090049234258011e+06 -3.418406768600894604e+06 6.295977915322668850e+05 1.138653012891885592e+06 1.812026856887240501e+04 3.937469354681642726e+05 1.540834468628791161e+06 -2.112877245150865638e+05
-2.766072001290579210e+05 7.982720416297446936e+05 5.728457655887250439e+04 1.668889134369232925e+05 -1.653863294126145774e+05 -2.032527000259318156e+05 -2.464820253965973097e+04 8.956405805040750420e+04 9.400245345908112358e+04 1.693791307922011707e+06 2.524862100364767946e+06 1.103342466660700506e+06 4.538023547389198211e+05 -1.917589737620095184e+04 -5.843250242768872995e+05 -2.933387240101197385e+05 -2.112877245150865638e+05 7.306701378447352909e+05
