3.714162131359492987e+07 1.499844240977713838e+07 2.866135732030940242e+06 -1.793696348076003604e+06 1.520242739153721370e+06 -9.501003803616319783e+04 -2.024051504914693069e+05 3.588965188167041197e+04 -1.659984521323087101e+05 3.992855659178062528e+07 1.771031211551237479e+07 -7.744526090316364542e+06 6.105530680538726738e+05 1.246983277983284555e+06 -1.045370495155186276e+06 2.643796172517639934e+05 1.399940817721987609e+06 -6.230481437896630960e+05
1.499844240977713838e+07 2.275125912429940328e+07 4.852067166937564034e+05 -1.986325709307953017e+06 9.827630698232166469e+04 -3.725890564157035551e+05 -4.902591470620817854e+05 -4.352900761837940663e+05 -1.844603013327874651e+05 1.534002001971019804e+07 7.571274488568081520e+06 -2.038862156717353500e+06 3.539334089016418438e+06 -1.832566565135404235e+06 -3.049274773176431656e+06 -8.789398752902838169e+05 -3.951063419487261563e+05 -2.326083877380403283e+05
2.866135732030940242e+06 4.852067166937564034e+05 5.131778204831648618e+06 9.688817290047723800e+05 4.433282331645379309e+05 3.737278082294060150e+05 3.124638229437343762e+04 4.057041684945889865e+05 -1.853666455312290636e+05 8.658717167658314109e+06 -4.599479370013399050e+06 -2.026272970242390176e+06 3.648361533319179434e+05 2.197433331170489546e+06 3.296736943450728431e+05 5.512133357116353000e+04 5.041862901839488186e+05 2.030612818518322092e+04
-1.793696348076003604e+06 -1.986325709307953017e+06 9.688817290047723800e+05 2.626761563903919887e+06 8.256285070091558155e+05 2.434170780125082238e+05 3.556417341349062044e+05 3.537880763448841753e+05 1.023183352991754655e+05 -1.093550706865600077e+06 -6.614607874587855302e+06 1.168469283302281750e+06 2.807887677690028213e+06 2.242258738047695253e+06 1.065545037334289169e+06 8.539260983997589210e+05 2.237142733184819226e+05 6.736618115986585326e+04
1.520242739153721370e+06 9.827630698232166469e+04 4.433282331645379309e+05 8.256285070091558155e+05 9.309048751680281712e+05 1.722950189167861245e+05 3.163978980397785199e+05 1.584462459151693620e+05 6.981744784325426735e+04 3.301886214864682406e+06 -1.076775784247307340e+06 1.054801652974463068e+06 1.296350846670860192e+06 1.692818128691165941e+06 9.072087991714999080e+05 3.152618709488154855e+05 -3.651231932788872200e+03 1.007916475816250168e+05
-9.501003803616319783e+04 -3.725890564157035551e+05 3.737278082294060150e+05 2.434170780125082238e+05 1.722950189167861245e+05 4.297959677152622608e+05 2.019639646868325071e+05 -3.676637402259578812e+04 1.009597339228586934e+05 5.180607296506350394e+05 6.927190090478073398e+04 7.421393306247847795e+04 5.494212734062319214e+04 2.142851379149384957e+04 2.873518351977748680e+05 3.078113266469699447e+05 -6.650869770698109642e+04 2.069283234672640683e+05
-2.024051504914693069e+05 -4.902591470620817854e+05 3.124638229437343762e+04 3.556417341349062044e+05 3.163978980397785199e+05 2.019639646868325071e+05 6.043571713518536417e+05 1.758271496790498495e+05 7.532946079778809508e+04 -2.732101499709547032e+06 -1.217289937688660808e+06 7.931773597577838227e+05 5.281868939928684849e+05 5.906661794301591581e+05 7.098674798692958429e+05 5.573944022007611347e+05 5.307070888120836025e+04 6.638493543387249520e+04
3.588965188167041197e+04 -4.352900761837940663e+05 4.057041684945889865e+05 3.537880763448841753e+05 1.584462459151693620e+05 -3.676637402259578812e+04 1.758271496790498495e+05 3.171286444679223932e+05 -7.255879553489623504e+03 -1.495434405177246314e+06 -5.675910550002610544e+05 -1.386916694745609711e+05 7.232160170692867832e+05 5.788966645393995568e+05 3.944140256687906221e+05 1.047463734833438066e+05 8.013596665353103890e+04 -9.391146885587077122e+04
-1.659984521323087101e+05 -1.844603013327874651e+05 -1.853666455312290636e+05 1.023183352991754655e+05 6.981744784325426735e+04 1.009597339228586934e+05 7.532946079778809508e+04 -7.255879553489623504e+03 6.319521019219874870e+04 -9.498470667216386646e+05 -3.208034814961823940e+04 -1.312544231591579155e+05 1.397087366818538576e+05 7.502218345086307636e+03 2.362790853139575338e+05 1.348886924193231098e+05 -2.133876781846981612e+04 7.808208113858258002e+04
3.992855659178062528e+07 1.534002001971019804e+07 8.658717167658314109e+06 -1.093550706865600077e+06 3.301886214864682406e+06 5.180607296506350394e+05 -2.732101499709547032e+06 -1.495434405177246314e+06 -9.498470667216386646e+05 2.724910472822191119e+08 -2.748821846170694381e+07 -2.356464359238181636e+07 -8.622541628837304190e+06 2.217190601471164729e+06 -1.126966676566980965e+07 -3.177848364094983786e+06 -2.389037991576778702e+06 2.841276304766739719e+06
1.771031211551237479e+07 7.571274488568081520e+06 -4.599479370013399050e+06 -6.614607874587855302e+06 -1.076775784247307340e+06 6.927190090478073398e+04 -1.217289937688660808e+06 -5.675910550002610544e+05 -3.208034814961823940e+04 -2.748821846170694381e+07 9.228475232427798212e+07 5.895845932562462054e+06 5.294375622561383061e+06 -3.492588316510069417e+05 -7.245056448085943703e+05 -1.151127157076980453e+06 1.501467878172109136e+06 -1.925588795783599140e+06
-7.744526090316364542e+06 -2.038862156717353500e+06 -2.026272970242390176e+06 1.168469283302281750e+06 1.054801652974463068e+06 7.421393306247847795e+04 7.931773597577838227e+05 -1.386916694745609711e+05 -1.312544231591579155e+05 -2.356464359238181636e+07 5.895845932562462054e+06 2.485235726525373384e+07 2.371478257340209559e+06 2.565919247146453708e+06 1.509054295823760331e+05 9.867875324037051760e+05 -3.346796880579619901e+05 -1.236504533480473328e+06
6.105530680538726738e+05 3.539334089016418438e+06 3.648361533319179434e+05 2.807887677690028213e+06 1.296350846670860192e+06 5.494212734062319214e+04 5.281868939928684849e+05 7.232160170692867832e+05 1.397087366818538576e+05 -8.622541628837304190e+06 5.294375622561383061e+06 2.371478257340209559e+06 1.276361644469006360e+07 4.633085535209694877e+06 2.091978991891968995e+06 1.363548491552863503e+06 2.314251768156149192e+05 3.025608268749320996e+05
1.246983277983284555e+06 -1.832566565135404235e+06 2.197433331170489546e+06 2.242258738047695253e+06 1.692818128691165941e+06 2.142851379149384957e+04 5.906661794301591581e+05 5.788966645393995568e+05 7.502218345086307636e+03 2.217190601471164729e+06 -3.492588316510069417e+05 2.565919247146453708e+06 4.633085535209694877e+06 7.470170939376239665e+06 3.636392553420880809e+06 1.869241920685571618e+06 8.092338681729645468e+05 -6.326804285573527886e+04
-1.045370495155186276e+06 -3.049274773176431656e+06 3.296736943450728431e+05 1.065545037334289169e+06 9.072087991714999080e+05 2.873518351977748680e+05 7.098674798692958429e+05 3.944140256687906221e+05 2.362790853139575338e+05 -1.126966676566980965e+07 -7.245056448085943703e+05 1.509054295823760331e+05 2.091978991891968995e+06 3.636392553420880809e+06 5.231451639890977181e+06 1.860104212876492413e+06 4.473999676608197624e+05 -9.688332258256729983e+04
2.643796172517639934e+05 -8.789398752902838169e+05 5.512133357116353000e+04 8.539260983997589210e+05 3.152618709488154855e+05 3.078113266469699447e+05 5.573944022007611347e+05 1.047463734833438066e+05 1.348886924193231098e+05 -3.177848364094983786e+06 -1.151127157076980453e+06 9.867875324037051760e+05 1.363548491552863503e+06 1.869241920685571618e+06 1.860104212876492413e+06 1.838325407247425057e+06 3.816540751788991038e+05 8.277926713205649867e+04
1.399940817721987609e+06 -3.951063419487261563e+05 5.041862901839488186e+05 2.237142733184819226e+05 -3.651231932788872200e+03 -6.650869770698109642e+04 5.307070888120836025e+04 8.013596665353103890e+04 -2.133876781846981612e+04 -2.389037991576778702e+06 1.501467878172109136e+06 -3.346796880579619901e+05 2.314251768156149192e+05 8.092338681729645468e+05 4.473999676608197624e+05 3.816540751788991038e+05 9.674697014955473132e+05 -2.104763804507100940e+04
-6.230481437896630960e+05 -2.326083877380403283e+05 2.030612818518322092e+04 6.736618115986585326e+04 1.007916475816250168e+05 2.069283234672640683e+05 6.638493543387249520e+04 -9.391146885587077122e+04 7.808208113858258002e+04 2.841276304766739719e+06 -1.925588795783599140e+06 -1.236504533480473328e+06 3.025608268749320996e+05 -6.326804285573527886e+04 -9.688332258256729983e+04 8.277926713205649867e+04 -2.104763804507100940e+04 4.853203321147855604e+05
