3.112884113433599100e+07 1.256045222200086154e+07 -2.002994567354297033e+05 -2.422631007324829698e+06 -5.802998692971521523e+05 -8.435958362560780952e+05 2.999670735496318084e+05 1.558353196243644634e+05 -1.315783085039224825e+05 1.562439488864930114e+06 -6.833737603933482431e+06 -9.945467138162849471e+06 -3.023805793654844165e+06 5.700898487672200426e+05 -3.554663969922861550e+06 -2.767847390738386457e+04 5.444154803941439604e+05 -1.353206165738741984e+05
1.256045222200086154e+07 1.402130145367907733e+07 1.269400662742755376e+06 5.587402607858589618e+05 -4.156780950970412232e+05 -8.806045036070773494e+04 6.557591906839996227e+04 3.683780219667544006e+05 -1.974848493773991941e+05 2.768987749117152300e+06 2.762457229760775808e+05 -1.766480260268201819e+06 3.257829625839553773e+05 3.709119457947904710e+06 -2.874082824655796867e+06 1.632125427267729305e+06 3.560891409157094313e+05 -3.312713991642509791e+04
-2.002994567354297033e+05 1.269400662742755376e+06 4.238466123659741133e+06 2.858476158430510666e+06 1.233034115508069284e+06 -2.286489906017630128e+05 -2.408804835129947460e+05 -6.444258542638143263e+04 1.610956260340592416e+05 -1.041094475592697039e+07 5.367336776217614301e+06 1.315263088941759430e+06 1.212051223655739566e+06 1.240097681652663974e+06 3.226464642526148236e+05 -1.927358003573529422e+05 1.682677886684038676e+05 2.977111480021983152e+05
-2.422631007324829698e+06 5.587402607858589618e+05 2.858476158430510666e+06 3.755833483583447523e+06 1.310919025674832286e+06 2.449258708278043778e+05 -4.624149256022817281e+04 2.774204352044198895e+05 1.338623954992932795e+03 -1.637087482091078768e+06 5.885866144470911473e+06 3.054339027922527865e+06 8.348156517755030654e+05 1.540708274311342277e+06 7.191811748821062502e+05 9.897940906730842544e+05 2.967868615149304605e+04 1.055318553570613731e+05
-5.802998692971521523e+05 -4.156780950970412232e+05 1.233034115508069284e+06 1.310919025674832286e+06 1.809385488819255726e+06 3.013037041889344691e+05 3.572502422150102211e+04 -5.828303971747137984e+04 4.767877825482178014e+04 -9.445082057851039572e+05 1.266402420449169585e+06 2.841719758615184575e+06 6.522762951259075198e+05 9.154243679979635635e+05 4.186948183554973220e+05 4.410427974521800061e+05 5.765737858470194624e+04 8.181658533799633005e+03
-8.435958362560780952e+05 -8.806045036070773494e+04 -2.286489906017630128e+05 2.449258708278043778e+05 3.013037041889344691e+05 5.307875540484456578e+05 1.365856617147306097e+05 -1.500604163522157614e+04 6.186041626036093476e+03 3.525563483587253839e+06 -1.127677448662769748e+06 9.575566307280177716e+05 -2.015382585028340109e+05 1.879023272511978284e+05 3.761138688724201638e+05 6.829672402798547409e+05 -6.290609406349793426e+04 -1.126502443462160300e+05
2.999670735496318084e+05 6.557591906839996227e+04 -2.408804835129947460e+05 -4.624149256022817281e+04 3.572502422150102211e+04 1.365856617147306097e+05 3.580127570110700326e+05 1.885577074812686478e+05 4.266662986342754448e+04 6.079909491340796230e+05 9.230663800541093806e+05 1.176012417518002912e+06 9.045636697280849330e+04 3.241481996358882170e+05 1.015124802129402378e+05 2.807479608203012613e+05 2.595358394306894916e+05 1.052109190887773912e+04
1.558353196243644634e+05 3.683780219667544006e+05 -6.444258542638143263e+04 2.774204352044198895e+05 -5.828303971747137984e+04 -1.500604163522157614e+04 1.885577074812686478e+05 3.131755676712800632e+05 7.366825980513351169e+03 3.837242990785097936e+05 3.500347799384772079e+05 9.292673343391072704e+05 -1.195061319796442549e+05 5.009273215389740471e+03 -4.224928317423304543e+04 8.928624837496195687e+04 3.478552444650463294e+05 3.461064267041545099e+04
-1.315783085039224825e+05 -1.974848493773991941e+05 1.610956260340592416e+05 1.338623954992932795e+03 4.767877825482178014e+04 6.186041626036093476e+03 4.266662986342754448e+04 7.366825980513351169e+03 8.396658668206936272e+04 -9.476654446461627958e+05 9.137616764703040826e+04 2.915306737953533302e+05 -5.948356897442873014e+04 1.032704473581620368e+04 -6.372407409200028633e+04 -2.002814763449007296e+04 1.270184161110815476e+05 7.532164806219957245e+04
1.562439488864930114e+06 2.768987749117152300e+06 -1.041094475592697039e+07 -1.637087482091078768e+06 -9.445082057851039572e+05 3.525563483587253839e+06 6.079909491340796230e+05 3.837242990785097936e+05 -9.476654446461627958e+05 1.224894534515282512e+08 -1.777310538362234831e+07 -9.646629550850973465e+05 -6.450157682044377550e+06 4.205451437291385606e+06 4.079704999607854523e+06 8.405677616090221331e+06 -3.323832893209567992e+05 6.898557233684203820e+05
-6.833737603933482431e+06 2.762457229760775808e+05 5.367336776217614301e+06 5.885866144470911473e+06 1.266402420449169585e+06 -1.127677448662769748e+06 9.230663800541093806e+05 3.500347799384772079e+05 9.137616764703040826e+04 -1.777310538362234831e+07 6.557702497397849709e+07 1.555862996583274379e+07 1.203985249450058490e+07 9.366602193435519934e+06 1.738063777658237144e+06 1.804455753799421713e+06 1.225991105454890756e+06 1.066260241953054443e+06
-9.945467138162849471e+06 -1.766480260268201819e+06 1.315263088941759430e+06 3.054339027922527865e+06 2.841719758615184575e+06 9.575566307280177716e+05 1.176012417518002912e+06 9.292673343391072704e+05 2.915306737953533302e+05 -9.646629550850973465e+05 1.555862996583274379e+07 3.196575782633456215e+07 4.810623876730307937e+06 5.406426425803057849e+06 1.239266798720104154e+06 2.383001974083909299e+06 2.040993586863393895e+06 -1.954970114014379506e+05
-3.023805793654844165e+06 3.257829625839553773e+05 1.212051223655739566e+06 8.348156517755030654e+05 6.522762951259075198e+05 -2.015382585028340109e+05 9.045636697280849330e+04 -1.195061319796442549e+05 -5.948356897442873014e+04 -6.450157682044377550e+06 1.203985249450058490e+07 4.810623876730307937e+06 7.208636488545328379e+06 1.805089125452328939e+06 3.014287611002037302e+05 -5.402708561591315083e+05 -9.835378062438881025e+05 7.915025508326858107e+04
5.700898487672200426e+05 3.709119457947904710e+06 1.240097681652663974e+06 1.540708274311342277e+06 9.154243679979635635e+05 1.879023272511978284e+05 3.241481996358882170e+05 5.009273215389740471e+03 1.032704473581620368e+04 4.205451437291385606e+06 9.366602193435519934e+06 5.406426425803057849e+06 1.805089125452328939e+06 4.673518894086088054e+06 2.299957439775256207e+05 1.827988003401334397e+06 1.847691694520011079e+05 3.653500693443308119e+05
-3.554663969922861550e+06 -2.874082824655796867e+06 3.226464642526148236e+05 7.191811748821062502e+05 4.186948183554973220e+05 3.761138688724201638e+05 1.015124802129402378e+05 -4.224928317423304543e+04 -6.372407409200028633e+04 4.079704999607854523e+06 1.738063777658237144e+06 1.239266798720104154e+06 3.014287611002037302e+05 2.299957439775256207e+05 2.760847710562201217e+06 2.969807369022555067e+05 1.300261501711017045e+05 7.308519975840322149e+04
-2.767847390738386457e+04 1.632125427267729305e+06 -1.927358003573529422e+05 9.897940906730842544e+05 4.410427974521800061e+05 6.829672402798547409e+05 2.807479608203012613e+05 8.928624837496195687e+04 -2.002814763449007296e+04 8.405677616090221331e+06 1.804455753799421713e+06 2.383001974083909299e+06 -5.402708561591315083e+05 1.827988003401334397e+06 2.969807369022555067e+05 2.352465288546518423e+06 4.440817679251605296e+04 -7.036417450886311417e+04
5.444154803941439604e+05 3.560891409157094313e+05 1.682677886684038676e+05 2.967868615149304605e+04 5.765737858470194624e+04 -6.290609406349793426e+04 2.595358394306894916e+05 3.478552444650463294e+05 1.270184161110815476e+05 -3.323832893209567992e+05 1.225991105454890756e+06 2.040993586863393895e+06 -9.835378062438881025e+05 1.847691694520011079e+05 1.300261501711017045e+05 4.440817679251605296e+04 1.220856826919755666e+06 1.925625046488008229e+05
-1.353206165738741984e+05 -3.312713991642509791e+04 2.977111480021983152e+05 1.055318553570613731e+05 8.181658533799633005e+03 -1.126502443462160300e+05 1.052109190887773912e+04 3.461064267041545099e+04 7.532164806219957245e+04 6.898557233684203820e+05 1.066260241953054443e+06 -1.954970114014379506e+05 7.915025508326858107e+04 3.653500693443308119e+05 7.308519975840322149e+04 -7.036417450886311417e+04 1.925625046488008229e+05 3.224198665020273183e+05
