8.650276201232619584e+07 2.039532223012004048e+06 5.943602594441154972e+06 1.507787506374240620e+06 -3.599164164518770849e+04 -4.100409548012367450e+05 -3.746045032236010302e+05 -7.882206549328194233e+05 -2.255528533880319155e+05 4.901583084858326614e+07 7.221293463549338048e+05 7.520550741132278927e+06 5.340529176569210365e+06 3.062027035283445381e+06 -1.121565246100728633e+06 -4.074740220454469323e+06 -1.544581366970849223e+06 1.108638243574974185e+05
2.039532223012004048e+06 1.056692262964616157e+07 1.599748777744316496e+06 2.657244189142874093e+05 -3.000878511364129372e+05 -4.220392021630115341e+05 4.201262834387128532e+04 3.121476860144101083e+05 -7.243561919567135919e+04 2.390964150596498977e+06 -6.830185097403793596e+06 5.137698300924371928e+06 4.459573121484428644e+06 1.176330240774012404e+06 -5.937890152964411536e+05 -5.986258715212141396e+04 4.628470932735593524e+05 -3.503938544958087150e+05
5.943602594441154972e+06 1.599748777744316496e+06 4.048287345044764224e+06 1.155576714821973583e+06 -2.705526030683947029e+05 -2.940606986508838600e+05 -8.801779726371483412e+04 -1.385863377866907394e+05 2.133534513575941965e+05 9.978772817636825144e+06 8.043647517479156144e+06 2.375083880373790395e+06 -2.180902432696290780e+06 -1.090892352753638988e+06 -8.865539588137833634e+05 -3.046891986245507142e+05 2.376946588228303590e+05 -4.700132886425352190e+05
1.507787506374240620e+06 2.657244189142874093e+05 1.155576714821973583e+06 2.299834093850214500e+06 5.327963604105421109e+05 1.987245301930633141e+05 1.899126239597412059e+05 -8.079838197549998586e+04 1.836712631000322290e+05 6.137484786102980375e+06 3.191068239971591625e+06 3.602685927435297053e+06 -2.797238927542262900e+04 8.910140160437939921e+05 -3.370842777731419774e+05 2.289167560399243375e+05 3.674505458386585233e+05 -4.763611726169441827e+05
-3.599164164518770849e+04 -3.000878511364129372e+05 -2.705526030683947029e+05 5.327963604105421109e+05 8.750606791723202914e+05 -1.776402877254485502e+05 1.849458455576515698e+05 1.109942994347267813e+04 9.396341675863362616e+04 5.181922343454024754e+06 -1.224097116695408709e+06 2.508030774020577781e+06 5.489732959472441580e+05 -2.859174092812925228e+05 -3.718493371069853310e+05 2.214345087618498364e+05 -6.220410385159127327e+04 -2.164084770375741355e+05
-4.100409548012367450e+05 -4.220392021630115341e+05 -2.940606986508838600e+05 1.987245301930633141e+05 -1.776402877254485502e+05 3.827994863830829272e+05 4.725747505625397753e+04 -2.572235471829180096e+04 -3.457981657647111206e+03 -4.129116496472549625e+06 7.181045539692372549e+05 -1.026226047427294659e+06 -2.332683894070064416e+05 3.153020807262856397e+05 2.748898066192464321e+05 -7.218772352173402032e+04 -1.400489707974249723e+04 -6.392790774542322652e+03
-3.746045032236010302e+05 4.201262834387128532e+04 -8.801779726371483412e+04 1.899126239597412059e+05 1.849458455576515698e+05 4.725747505625397753e+04 4.738089955756494892e+05 1.428081456423019990e+05 6.256150957266362821e+04 -6.176519768827791559e+05 -1.349071318129198917e+05 1.133858104975976748e+06 -3.662181050710229320e+05 -2.169538757958110946e+05 -4.123442992128320038e+05 1.248340092373118823e+05 -2.312709067087676085e+05 -3.284491678339114878e+04
-7.882206549328194233e+05 3.121476860144101083e+05 -1.385863377866907394e+05 -8.079838197549998586e+04 1.109942994347267813e+04 -2.572235471829180096e+04 1.428081456423019990e+05 2.278636523011340760e+05 3.151458858607367802e+04 4.163019010061966255e+05 -1.279871094025740400e+06 1.557908849382500630e+05 -7.534889841957035969e+03 3.333248893751226569e+04 3.620064932860839326e+04 1.547024195563608082e+05 -1.405894734502688225e+05 -2.953744740876137257e+03
-2.255528533880319155e+05 -7.243561919567135919e+04 2.133534513575941965e+05 1.836712631000322290e+05 9.396341675863362616e+04 -3.457981657647111206e+03 6.256150957266362821e+04 3.151458858607367802e+04 1.454027555735678470e+05 2.180944523222555406e+06 4.748453516599978320e+05 5.586010796624900540e+05 -4.549037028741319082e+05 -1.882430584605504991e+05 -9.745226912784604065e+04 1.221839480396171566e+05 -7.067931791275196883e+04 -1.510212787156697050e+04
4.901583084858326614e+07 2.390964150596498977e+06 9.978772817636825144e+06 6.137484786102980375e+06 5.181922343454024754e+06 -4.129116496472549625e+06 -6.176519768827791559e+05 4.163019010061966255e+05 2.180944523222555406e+06 2.062589488987742364e+08 2.185506283490332961e+07 3.088046512463489175e+07 2.428945553130568005e+06 -2.602394483674971387e+06 -5.070547325838507153e+06 -2.701743670638566255e+05 8.699546464646926615e+05 -2.447839840101495851e+06
7.221293463549338048e+05 -6.830185097403793596e+06 8.043647517479156144e+06 3.191068239971591625e+06 -1.224097116695408709e+06 7.181045539692372549e+05 -1.349071318129198917e+05 -1.279871094025740400e+06 4.748453516599978320e+05 2.185506283490332961e+07 7.547633233817468584e+07 1.075124896421236172e+07 -9.681490461585806683e+06 -1.364632141939128051e+06 -1.943428981666307664e+06 6.095142659087908687e+05 3.193283819401678047e+05 1.131064985029508127e+06
7.520550741132278927e+06 5.137698300924371928e+06 2.375083880373790395e+06 3.602685927435297053e+06 2.508030774020577781e+06 -1.026226047427294659e+06 1.133858104975976748e+06 1.557908849382500630e+05 5.586010796624900540e+05 3.088046512463489175e+07 1.075124896421236172e+07 2.664871966062768549e+07 5.196923685093911365e+06 -4.696233579519691411e+05 -3.764667641994690523e+06 3.108684974235768896e+05 -2.786864850874213153e+04 -1.137919529358427739e+06
5.340529176569210365e+06 4.459573121484428644e+06 -2.180902432696290780e+06 -2.797238927542262900e+04 5.489732959472441580e+05 -2.332683894070064416e+05 -3.662181050710229320e+05 -7.534889841957035969e+03 -4.549037028741319082e+05 2.428945553130568005e+06 -9.681490461585806683e+06 5.196923685093911365e+06 9.000330463757252321e+06 3.066345084443971049e+06 -1.908978138125002442e+05 -1.422640704025610350e+06 -2.160572120882514864e+05 -2.478069423034542706e+05
3.062027035283445381e+06 1.176330240774012404e+06 -1.090892352753638988e+06 8.910140160437939921e+05 -2.859174092812925228e+05 3.153020807262856397e+05 -2.169538757958110946e+05 3.333248893751226569e+04 -1.882430584605504991e+05 -2.602394483674971387e+06 -1.364632141939128051e+06 -4.696233579519691411e+05 3.066345084443971049e+06 6.133840311453800648e+06 1.736084358866346767e+06 3.143908822262609610e+05 -4.446939673380140448e+05 6.992440328544266522e+05
-1.121565246100728633e+06 -5.937890152964411536e+05 -8.865539588137833634e+05 -3.370842777731419774e+05 -3.718493371069853310e+05 2.748898066192464321e+05 -4.123442992128320038e+05 3.620064932860839326e+04 -9.745226912784604065e+04 -5.070547325838507153e+06 -1.943428981666307664e+06 -3.764667641994690523e+06 -1.908978138125002442e+05 1.736084358866346767e+06 3.176441224133121315e+06 4.915974200824006693e+05 -4.442473240334954462e+05 3.984585877318119165e+05
-4.074740220454469323e+06 -5.986258715212141396e+04 -3.046891986245507142e+05 2.289167560399243375e+05 2.214345087618498364e+05 -7.218772352173402032e+04 1.248340092373118823e+05 1.547024195563608082e+05 1.221839480396171566e+05 -2.701743670638566255e+05 6.095142659087908687e+05 3.108684974235768896e+05 -1.422640704025610350e+06 3.143908822262609610e+05 4.915974200824006693e+05 1.629255292716070544e+06 4.129561726938392967e+05 3.506109283691304736e+05
-1.544581366970849223e+06 4.628470932735593524e+05 2.376946588228303590e+05 3.674505458386585233e+05 -6.220410385159127327e+04 -1.400489707974249723e+04 -2.312709067087676085e+05 -1.405894734502688225e+05 -7.067931791275196883e+04 8.699546464646926615e+05 3.193283819401678047e+05 -2.786864850874213153e+04 -2.160572120882514864e+05 -4.446939673380140448e+05 -4.442473240334954462e+05 4.129561726938392967e+05 1.188552886211547302e+06 -1.638234168377218593e+05
1.108638243574974185e+05 -3.503938544958087150e+05 -4.700132886425352190e+05 -4.763611726169441827e+05 -2.164084770375741355e+05 -6.392790774542322652e+03 -3.284491678339114878e+04 -2.953744740876137257e+03 -1.510212787156697050e+04 -2.447839840101495851e+06 1.131064985029508127e+06 -1.137919529358427739e+06 -2.478069423034542706e+05 6.992440328544266522e+05 3.984585877318119165e+05 3.506109283691304736e+05 -1.638234168377218593e+05 8.406410524934050627e+05
