6.168017477162728459e+07 1.060226718834991381e+07 2.779686810280228499e+06 9.335668275989163667e+05 1.263443872487250948e+06 6.188018592255151598e+05 -2.429153643833958078e+06 -8.277578989569218829e+05 -3.391911340803019993e+04 2.692517703566808254e+07 2.878955623385614902e+07 1.841372514908387884e+07 -2.990643262775189243e+06 -2.591177406159004197e+06 3.579005508004333824e+06 4.373101685827844194e+05 -2.198801967827728076e+05 -7.115898177474972326e+05
1.060226718834991381e+07 2.124314008987472951e+07 2.265123658195156138e+06 1.794624790730593726e+06 2.085259074935271405e+06 1.669198881073322846e+06 6.528019652361152694e+05 2.179905666434929881e+05 -1.975262343520375434e+05 -2.175690978437523544e+07 2.368077780532353371e+07 -1.019385139602649608e+06 -1.325137677029249491e+06 1.327745811649927869e+06 3.141675502763233613e+06 1.766841231140707619e+06 -5.459700566669877153e+05 -1.561004310400102695e+05
2.779686810280228499e+06 2.265123658195156138e+06 7.399067789796032012e+06 1.031923586417377228e+06 1.811870351113284705e+05 5.659458319177192170e+05 -3.655160091443340643e+05 3.179326121954862028e+05 2.176271576161594712e+05 -1.177566729251216166e+07 -3.487040181205644738e+06 1.885759538962984225e+06 2.712757985080248909e+05 -6.423831993830932770e+05 2.232668663407853805e+06 1.232899414459654363e+06 -2.084621640720951837e+05 1.723134075796246470e+05
9.335668275989163667e+05 1.794624790730593726e+06 1.031923586417377228e+06 1.564929587894285796e+06 2.588139381244807737e+05 2.986092554811992450e+05 1.449981174387878309e+04 -4.414247547614188807e+04 5.529877279132051626e+04 -5.455982861051692627e+06 8.576896980170034803e+05 3.233489208298564772e+05 -2.202641760111737312e+04 6.577430633746138774e+05 8.092669693269075360e+05 -9.386566259425078169e+04 -3.712381624273227644e+05 -1.301037654478687546e+04
1.263443872487250948e+06 2.085259074935271405e+06 1.811870351113284705e+05 2.588139381244807737e+05 8.286809692637816770e+05 6.582686260591007886e+04 3.096075122106810522e+04 7.277282128326155362e+04 -4.903550309450260829e+04 6.245715182817083551e+05 7.919213030213845195e+05 -1.966087752100782935e+06 -1.047479639596804278e+06 -4.415515184327239695e+04 9.480123211720091058e+04 -4.172161046501135570e+05 -1.006819902893313847e+05 -1.382976697860033310e+05
6.188018592255151598e+05 1.669198881073322846e+06 5.659458319177192170e+05 2.986092554811992450e+05 6.582686260591007886e+04 5.324449385504607344e+05 6.982698422589314578e+04 2.693613115306071995e+04 3.419155233975346346e+04 -2.352905383153751027e+06 6.541398022702829912e+05 5.245642067218635930e+05 -2.520770511614243151e+05 2.548431297331524547e+05 9.391917652516504750e+05 5.029268878243244253e+05 2.461193309543120995e+04 6.404889159772141284e+04
-2.429153643833958078e+06 6.528019652361152694e+05 -3.655160091443340643e+05 1.449981174387878309e+04 3.096075122106810522e+04 6.982698422589314578e+04 5.680630168853122741e+05 8.325714589639789483e+04 4.475657004111906281e+04 -1.415684914929847931e+06 1.464071275042500347e+06 -3.312923042451533489e+06 -2.840924404580879491e+05 -7.802683288082299987e+04 -1.139444106094248709e+05 4.448710175071730628e+05 2.876567933735153056e+05 6.036494102944491169e+04
-8.277578989569218829e+05 2.179905666434929881e+05 3.179326121954862028e+05 -4.414247547614188807e+04 7.277282128326155362e+04 2.693613115306071995e+04 8.325714589639789483e+04 2.494626621141318756e+05 3.032126054247330831e+04 -9.778457459017971996e+05 -1.200089589119620156e+06 -1.236531204156583408e+06 -4.099542689420669340e+05 4.393100294489858243e+03 5.805437097392036958e+04 -1.555169354490819387e+03 4.873904331638468284e+04 -3.373558656874789449e+04
-3.391911340803019993e+04 -1.975262343520375434e+05 2.176271576161594712e+05 5.529877279132051626e+04 -4.903550309450260829e+04 3.419155233975346346e+04 4.475657004111906281e+04 3.032126054247330831e+04 8.479414409273830825e+04 -1.815970045260037528e+06 -3.419125281445773435e+05 -9.088134042843737916e+03 -4.859831201616450562e+04 -3.130322276353166671e+04 7.380609100362571553e+03 4.815841622089024168e+04 7.972125745964325324e+04 -9.003129318637640608e+03
2.692517703566808254e+07 -2.175690978437523544e+07 -1.177566729251216166e+07 -5.455982861051692627e+06 6.245715182817083551e+05 -2.352905383153751027e+06 -1.415684914929847931e+06 -9.778457459017971996e+05 -1.815970045260037528e+06 4.050658261356627941e+08 3.978980149728065729e+07 -7.845517750849835575e+06 -6.524247106007438153e+06 4.665213163608622854e+05 -1.440675553372857720e+07 -5.261456104827119038e+06 -1.107313794644889655e+06 5.229389043095784262e+06
2.878955623385614902e+07 2.368077780532353371e+07 -3.487040181205644738e+06 8.576896980170034803e+05 7.919213030213845195e+05 6.541398022702829912e+05 1.464071275042500347e+06 -1.200089589119620156e+06 -3.419125281445773435e+05 3.978980149728065729e+07 9.983560142728722095e+07 5.413065243350821547e+06 -2.211419937994856387e+06 2.768857582218720578e+06 2.363687990016833879e+06 3.345848367820572108e+06 -1.569875025006629294e+06 1.845159345589497825e+06
1.841372514908387884e+07 -1.019385139602649608e+06 1.885759538962984225e+06 3.233489208298564772e+05 -1.966087752100782935e+06 5.245642067218635930e+05 -3.312923042451533489e+06 -1.236531204156583408e+06 -9.088134042843737916e+03 -7.845517750849835575e+06 5.413065243350821547e+06 4.507615994926279783e+07 -4.879437535676355474e+06 2.371233655251888093e+06 1.179528068116590148e+06 -3.748908853721752763e+06 -4.328866308974178508e+06 -7.665859190780902281e+05
-2.990643262775189243e+06 -1.325137677029249491e+06 2.712757985080248909e+05 -2.202641760111737312e+04 -1.047479639596804278e+06 -2.520770511614243151e+05 -2.840924404580879491e+05 -4.099542689420669340e+05 -4.859831201616450562e+04 -6.524247106007438153e+06 -2.211419937994856387e+06 -4.879437535676355474e+06 1.449444245411364734e+07 1.977615895866885781e+06 1.743967514675877756e+06 3.054029769985655323e+06 1.226817162759746192e+06 1.219885705104377819e+06
-2.591177406159004197e+06 1.327745811649927869e+06 -6.423831993830932770e+05 6.577430633746138774e+05 -4.415515184327239695e+04 2.548431297331524547e+05 -7.802683288082299987e+04 4.393100294489858243e+03 -3.130322276353166671e+04 4.665213163608622854e+05 2.768857582218720578e+06 2.371233655251888093e+06 1.977615895866885781e+06 3.521314485595494043e+06 1.070009487033976009e+06 2.436155626508860441e+05 -6.793268999223117717e+05 4.916681507081415039e+05
3.579005508004333824e+06 3.141675502763233613e+06 2.232668663407853805e+06 8.092669693269075360e+05 9.480123211720091058e+04 9.391917652516504750e+05 -1.139444106094248709e+05 5.805437097392036958e+04 7.380609100362571553e+03 -1.440675553372857720e+07 2.363687990016833879e+06 1.179528068116590148e+06 1.743967514675877756e+06 1.070009487033976009e+06 4.405787311231935397e+06 1.573745164499453269e+06 -2.224170632874377188e+05 -1.184419184658084414e+05
4.373101685827844194e+05 1.766841231140707619e+06 1.232899414459654363e+06 -9.386566259425078169e+04 -4.172161046501135570e+05 5.029268878243244253e+05 4.448710175071730628e+05 -1.555169354490819387e+03 4.815841622089024168e+04 -5.261456104827119038e+06 3.345848367820572108e+06 -3.748908853721752763e+06 3.054029769985655323e+06 2.436155626508860441e+05 1.573745164499453269e+06 2.945496673184850719e+06 9.092959851449131966e+05 4.893205499009817140e+05
-2.198801967827728076e+05 -5.459700566669877153e+05 -2.084621640720951837e+05 -3.712381624273227644e+05 -1.006819902893313847e+05 2.461193309543120995e+04 2.876567933735153056e+05 4.873904331638468284e+04 7.972125745964325324e+04 -1.107313794644889655e+06 -1.569875025006629294e+06 -4.328866308974178508e+06 1.226817162759746192e+06 -6.793268999223117717e+05 -2.224170632874377188e+05 9.092959851449131966e+05 1.265135792596684769e+06 -9.634260552886171354e+03
-7.115898177474972326e+05 -1.561004310400102695e+05 1.723134075796246470e+05 -1.301037654478687546e+04 -1.382976697860033310e+05 6.404889159772141284e+04 6.036494102944491169e+04 -3.373558656874789449e+04 -9.003129318637640608e+03 5.229389043095784262e+06 1.845159345589497825e+06 -7.665859190780902281e+05 1.219885705104377819e+06 4.916681507081415039e+05 -1.184419184658084414e+05 4.893205499009817140e+05 -9.634260552886171354e+03 6.970468741359487176e+05
