4.338554137442129850e+07 3.976592983140342869e+06 -4.957886333723314106e+06 -3.967514640458501410e+06 2.330591400497440773e+05 1.377054062443304283e+05 -8.990614239810861181e+04 -3.968679331405066187e+05 -4.263478545507241506e+04 1.068397307900428539e+06 8.589949864582553506e+06 -6.358829147548147477e+06 8.586221082024514675e+06 -3.909941502217514790e+05 4.160979357812026981e+06 -1.454161832645139657e+05 3.101766329750176519e+06 5.894006317303841934e+05
3.976592983140342869e+06 1.340844414193008840e+07 -7.027698393178846454e+05 5.896565864378778497e+05 3.919300319137416664e+05 -3.827447227201901260e+05 4.152359797217148007e+05 -3.774130118192075752e+05 2.424819749537069583e+05 -1.280030898164647073e+07 -1.217594271068592643e+05 -5.090951580430762842e+06 3.919571280680105556e+05 -2.206659353565873171e+05 -1.334536245992798358e+06 -2.577974929749614676e+05 3.858912153370565502e+05 8.554495228202496655e+05
-4.957886333723314106e+06 -7.027698393178846454e+05 3.939992044040410314e+06 6.137822795369176893e+05 -6.289955921432087780e+04 -4.363529893976816093e+05 -8.639078217018458236e+04 -2.383641556705031544e+05 2.894190614748914595e+04 -4.615600759301857091e+06 -7.665388236264104024e+06 1.935576312374572270e+06 2.484557943278708495e+06 -6.350044643548089080e+05 -8.313064677835755283e+05 4.873551035371762700e+05 -7.457685806590218272e+04 -2.209010101996725425e+05
-3.967514640458501410e+06 5.896565864378778497e+05 6.137822795369176893e+05 2.971204604605190456e+06 6.585148939762053487e+04 5.980060667730167188e+04 -3.088689071246634121e+05 -1.658476781200525875e+05 2.213796330813941604e+05 -3.831481728005113546e+06 4.903277715675710700e+06 2.809166520933941007e+06 2.004202140646685846e+06 2.893823678226112970e+05 -6.836443803056466859e+05 -4.246175628969375393e+05 -4.946415527683994151e+05 -4.663392203367030015e+04
2.330591400497440773e+05 3.919300319137416664e+05 -6.289955921432087780e+04 6.585148939762053487e+04 9.926510011636586860e+05 1.609436724005201540e+05 2.231052610045316396e+05 1.650153720898344318e+03 3.541590816863887449e+04 -5.920058212339464575e+06 1.187478621447456768e+06 7.575873031118033396e+04 -6.064830461258611176e+05 7.364399190643879119e+05 1.637497455439092300e+05 1.025181332352717436e+04 7.452624095254309941e+04 -3.044330907849631622e+05
1.377054062443304283e+05 -3.827447227201901260e+05 -4.363529893976816093e+05 5.980060667730167188e+04 1.609436724005201540e+05 6.179517628365912242e+05 2.644891468160826480e+05 1.447909197279289074e+05 -4.741207854187066550e+04 1.783470364684762433e+06 1.558474752052503638e+06 7.155060293527380563e+05 -6.415024842924238183e+05 4.134903818693929934e+05 4.162077245789300650e+05 3.366738156812665693e+04 2.019421244095439324e+05 2.208956975088432664e+05
-8.990614239810861181e+04 4.152359797217148007e+05 -8.639078217018458236e+04 -3.088689071246634121e+05 2.231052610045316396e+05 2.644891468160826480e+05 3.896910538114774972e+05 1.341928525416383636e+05 -4.705015743008721620e+04 -1.265533254589299904e+05 2.204379629138703167e+05 -6.249427200951089617e+05 -2.892273071510790032e+05 3.766974353055376559e+05 2.793313409699315089e+05 2.931094161708033062e+05 6.075459965483672568e+04 1.569092271126933629e+05
-3.968679331405066187e+05 -3.774130118192075752e+05 -2.383641556705031544e+05 -1.658476781200525875e+05 1.650153720898344318e+03 1.447909197279289074e+05 1.341928525416383636e+05 2.319595492154628155e+05 3.028437080087813229e+04 1.227336095542292809e+06 1.278541089959012112e+06 -2.681603680884520872e+05 -6.486324139609476551e+05 -1.356581679862317105e+05 -1.539409382580866804e+04 2.138972173110242584e+05 -1.564775091659952722e+01 1.127778535359339439e+05
-4.263478545507241506e+04 2.424819749537069583e+05 2.894190614748914595e+04 2.213796330813941604e+05 3.541590816863887449e+04 -4.741207854187066550e+04 -4.705015743008721620e+04 3.028437080087813229e+04 1.127958855323872413e+05 1.784947455053929007e+05 1.169936737108115805e+06 3.321724590722608846e+05 1.733201541811617790e+05 -2.507899665490457555e+05 -2.207605387558200455e+05 -3.572480420924550708e+04 -2.674256167798249635e+02 2.891882197152464869e+04
1.068397307900428539e+06 -1.280030898164647073e+07 -4.615600759301857091e+06 -3.831481728005113546e+06 -5.920058212339464575e+06 1.783470364684762433e+06 -1.265533254589299904e+05 1.227336095542292809e+06 1.784947455053929007e+05 2.726885025768315196e+08 -3.420084659648656845e+07 -1.247391212692200206e+06 1.769804762118929252e+07 -2.643766827912414446e+06 1.224725963236054033e+07 -2.409274640380389523e+06 -2.549583909815536346e+06 5.495942283345202915e+06
8.589949864582553506e+06 -1.217594271068592643e+05 -7.665388236264104024e+06 4.903277715675710700e+06 1.187478621447456768e+06 1.558474752052503638e+06 2.204379629138703167e+05 1.278541089959012112e+06 1.169936737108115805e+06 -3.420084659648656845e+07 8.651179886444750428e+07 1.364921524480990320e+07 -1.677622992468496552e+06 -7.027387516733168159e+05 -1.457876602620307123e+06 -1.344047344079388306e+06 1.098047162897542352e+06 -1.652674753212270443e+05
-6.358829147548147477e+06 -5.090951580430762842e+06 1.935576312374572270e+06 2.809166520933941007e+06 7.575873031118033396e+04 7.155060293527380563e+05 -6.249427200951089617e+05 -2.681603680884520872e+05 3.321724590722608846e+05 -1.247391212692200206e+06 1.364921524480990320e+07 2.444687645881027356e+07 4.165703507230978459e+06 4.980832946916369256e+05 -6.018172965051383944e+05 3.023250698020214622e+04 3.269852130315938848e+05 4.958833781204748084e+05
8.586221082024514675e+06 3.919571280680105556e+05 2.484557943278708495e+06 2.004202140646685846e+06 -6.064830461258611176e+05 -6.415024842924238183e+05 -2.892273071510790032e+05 -6.486324139609476551e+05 1.733201541811617790e+05 1.769804762118929252e+07 -1.677622992468496552e+06 4.165703507230978459e+06 1.595001864849340171e+07 1.508160488213067001e+05 2.227746359444926959e+06 1.021502654142800602e+06 4.126928149757124484e+05 6.320561113322423771e+05
-3.909941502217514790e+05 -2.206659353565873171e+05 -6.350044643548089080e+05 2.893823678226112970e+05 7.364399190643879119e+05 4.134903818693929934e+05 3.766974353055376559e+05 -1.356581679862317105e+05 -2.507899665490457555e+05 -2.643766827912414446e+06 -7.027387516733168159e+05 4.980832946916369256e+05 1.508160488213067001e+05 3.429359515653439797e+06 1.024694597705029533e+06 -5.443848604158230592e+05 -5.363207350492834812e+05 -3.124645026591145433e+05
4.160979357812026981e+06 -1.334536245992798358e+06 -8.313064677835755283e+05 -6.836443803056466859e+05 1.637497455439092300e+05 4.162077245789300650e+05 2.793313409699315089e+05 -1.539409382580866804e+04 -2.207605387558200455e+05 1.224725963236054033e+07 -1.457876602620307123e+06 -6.018172965051383944e+05 2.227746359444926959e+06 1.024694597705029533e+06 3.029281891020683572e+06 1.398373287634386506e+05 5.414859146751336521e+05 8.225545475799574342e+04
-1.454161832645139657e+05 -2.577974929749614676e+05 4.873551035371762700e+05 -4.246175628969375393e+05 1.025181332352717436e+04 3.366738156812665693e+04 2.931094161708033062e+05 2.138972173110242584e+05 -3.572480420924550708e+04 -2.409274640380389523e+06 -1.344047344079388306e+06 3.023250698020214622e+04 1.021502654142800602e+06 -5.443848604158230592e+05 1.398373287634386506e+05 1.725002584546161816e+06 2.878724167742477148e+05 2.427520162213418225e+05
3.101766329750176519e+06 3.858912153370565502e+05 -7.457685806590218272e+04 -4.946415527683994151e+05 7.452624095254309941e+04 2.019421244095439324e+05 6.075459965483672568e+04 -1.564775091659952722e+01 -2.674256167798249635e+02 -2.549583909815536346e+06 1.098047162897542352e+06 3.269852130315938848e+05 4.126928149757124484e+05 -5.363207350492834812e+05 5.414859146751336521e+05 2.878724167742477148e+05 8.615154740770567441e+05 7.678328752161524608e+04
5.894006317303841934e+05 8.554495228202496655e+05 -2.209010101996725425e+05 -4.663392203367030015e+04 -3.044330907849631622e+05 2.208956975088432664e+05 1.569092271126933629e+05 1.127778535359339439e+05 2.891882197152464869e+04 5.495942283345202915e+06 -1.652674753212270443e+05 4.958833781204748084e+05 6.320561113322423771e+05 -3.124645026591145433e+05 8.225545475799574342e+04 2.427520162213418225e+05 7.678328752161524608e+04 5.690598118866657605e+05
