6.347453194634001702e+07 -1.958514205249450868e+06 3.598952623085879721e+06 5.488145302093600621e+05 2.109672514015800785e+06 -1.705696563178520300e+05 -8.121393146475858521e+05 2.185209823754505487e+05 2.703206370242578560e+05 -1.358826773033940047e+07 5.108730627266656607e+06 -7.238068731143494137e+06 -8.046310505889454857e+06 -1.366306364026457071e+06 4.611380897577174474e+05 -2.219606404401228298e+06 -1.379779792592241894e+06 3.121638770402986556e+06
-1.958514205249450868e+06 2.637483956309143454e+07 4.574038421604358591e+06 -2.000115764393149293e+05 1.592766527922398178e+06 4.020151567843357334e+05 4.415006163375651813e+05 6.233873304236595286e+05 -2.257733746953262598e+05 5.571082355201685801e+06 3.661326350917472690e+07 1.098672511126563698e+07 -2.178478904871695209e+06 4.989204112435552292e+06 -3.519194436167751555e+05 1.457360964040416526e+06 -3.765193687478321954e+05 -7.978348605576419504e+05
3.598952623085879721e+06 4.574038421604358591e+06 6.727573000927641056e+06 2.200940950769869378e+05 3.544681036505311495e+05 2.971457907550986274e+05 3.769906593661967236e+03 4.977657122605414042e+04 1.971853410020626616e+05 -1.831582568014623225e+07 2.307935442202740349e+06 7.014931374164374545e+06 -3.009670928783924785e+06 1.527106759839216014e+06 -2.115464807755992806e+05 -1.835453027002199087e+05 -4.344488550236064475e+05 -3.886355691904432024e+05
5.488145302093600621e+05 -2.000115764393149293e+05 2.200940950769869378e+05 2.504571971503989305e+06 4.297253508716167416e+05 4.541581010545088211e+05 -1.468258575189905532e+05 2.526461593157581228e+05 -1.920644987895196755e+04 -2.406221366947561037e+06 -3.674000243819673546e+06 -3.130409330773093970e+05 9.542923244867329486e+05 1.377862706392945722e+06 -5.756096409336933866e+05 -3.176057415997613571e+05 4.395083929988671443e+05 2.568655817288163234e+05
2.109672514015800785e+06 1.592766527922398178e+06 3.544681036505311495e+05 4.297253508716167416e+05 2.342642795622517820e+06 4.156375319288051687e+05 1.251936952273132338e+05 3.163805607048345846e+05 4.622909153148903715e+04 2.583883336033609696e+06 7.388740521517598536e+05 -2.038070503033226822e+06 9.568767228961462388e+05 1.556120499913874315e+06 5.422942629594376776e+05 3.521945686765132123e+05 5.412351008741072146e+05 1.004195171743428218e+05
-1.705696563178520300e+05 4.020151567843357334e+05 2.971457907550986274e+05 4.541581010545088211e+05 4.156375319288051687e+05 4.678410659361066646e+05 -1.342981693351234571e+04 1.029393661005682079e+05 7.931866853369155433e+04 -4.842957180084201507e+06 -1.929429354637897573e+06 9.427616880377657071e+04 -1.273685650743397855e+04 4.050832566233908874e+05 -1.910391394919600316e+03 -1.290512522105270182e+05 -1.182675850091048915e+03 -5.887079246509492805e+03
-8.121393146475858521e+05 4.415006163375651813e+05 3.769906593661967236e+03 -1.468258575189905532e+05 1.251936952273132338e+05 -1.342981693351234571e+04 2.810184153262538603e+05 9.317014445978500589e+04 -6.559133126924859425e+03 -3.543820029466784094e+06 1.676885175892614061e+06 -2.007297331292953750e+05 -2.997400320813879953e+05 -2.697899974659355939e+05 3.498837589167738770e+04 -9.033842609296506271e+04 7.036323981202938012e+04 3.345058054693725717e+04
2.185209823754505487e+05 6.233873304236595286e+05 4.977657122605414042e+04 2.526461593157581228e+05 3.163805607048345846e+05 1.029393661005682079e+05 9.317014445978500589e+04 2.077985726750012254e+05 9.640911493804305792e+03 -2.774340527645495604e+05 2.820329932533471147e+05 -1.964127800331202161e+05 1.289876103204956744e+05 1.389564412960263144e+05 -1.670367178539175657e+05 -1.669754972385282963e+04 6.246227693115104194e+04 1.778843344936648209e+05
2.703206370242578560e+05 -2.257733746953262598e+05 1.971853410020626616e+05 -1.920644987895196755e+04 4.622909153148903715e+04 7.931866853369155433e+04 -6.559133126924859425e+03 9.640911493804305792e+03 7.754973414516533376e+04 -2.591519234244706109e+06 -9.311914086774863536e+05 1.401018443896129902e+05 -1.558287083139242714e+04 7.129108577804565721e+04 1.049304716788290352e+04 -7.438846539961795497e+04 4.152230476176296361e+04 7.694244293828526861e+04
-1.358826773033940047e+07 5.571082355201685801e+06 -1.831582568014623225e+07 -2.406221366947561037e+06 2.583883336033609696e+06 -4.842957180084201507e+06 -3.543820029466784094e+06 -2.774340527645495604e+05 -2.591519234244706109e+06 4.714811395692640543e+08 6.821512450522832572e+07 -1.379503438734384812e+07 3.484550129718575627e+07 1.181515203896035627e+07 -7.002634344442768488e+05 1.167708764562041685e+07 -1.166224532458920963e+06 -5.260915030794119462e+06
5.108730627266656607e+06 3.661326350917472690e+07 2.307935442202740349e+06 -3.674000243819673546e+06 7.388740521517598536e+05 -1.929429354637897573e+06 1.676885175892614061e+06 2.820329932533471147e+05 -9.311914086774863536e+05 6.821512450522832572e+07 1.396731706807942986e+08 2.225456400482185185e+07 -4.799363356550947763e+06 1.014980080758176628e+06 1.021843318654177943e+06 2.690695526162515394e+06 -5.181573155893215444e+05 -1.891876182380969869e+06
-7.238068731143494137e+06 1.098672511126563698e+07 7.014931374164374545e+06 -3.130409330773093970e+05 -2.038070503033226822e+06 9.427616880377657071e+04 -2.007297331292953750e+05 -1.964127800331202161e+05 1.401018443896129902e+05 -1.379503438734384812e+07 2.225456400482185185e+07 2.337861828843925521e+07 -2.853022939720692113e+06 4.206190059383070329e+05 -2.255296571554397698e+06 4.559813488012943417e+05 -3.094319548752382398e+05 -9.249430488788975636e+05
-8.046310505889454857e+06 -2.178478904871695209e+06 -3.009670928783924785e+06 9.542923244867329486e+05 9.568767228961462388e+05 -1.273685650743397855e+04 -2.997400320813879953e+05 1.289876103204956744e+05 -1.558287083139242714e+04 3.484550129718575627e+07 -4.799363356550947763e+06 -2.853022939720692113e+06 9.485074924513202161e+06 3.330296231479139999e+06 7.236527081012614071e+05 2.044349406465751352e+06 1.978288215566798812e+06 -4.574661545960551302e+04
-1.366306364026457071e+06 4.989204112435552292e+06 1.527106759839216014e+06 1.377862706392945722e+06 1.556120499913874315e+06 4.050832566233908874e+05 -2.697899974659355939e+05 1.389564412960263144e+05 7.129108577804565721e+04 1.181515203896035627e+07 1.014980080758176628e+06 4.206190059383070329e+05 3.330296231479139999e+06 6.208832996551981196e+06 1.089004890501270769e+06 9.680489663945534267e+05 6.640835337401574943e+05 -3.734553179470218602e+05
4.611380897577174474e+05 -3.519194436167751555e+05 -2.115464807755992806e+05 -5.756096409336933866e+05 5.422942629594376776e+05 -1.910391394919600316e+03 3.498837589167738770e+04 -1.670367178539175657e+05 1.049304716788290352e+04 -7.002634344442768488e+05 1.021843318654177943e+06 -2.255296571554397698e+06 7.236527081012614071e+05 1.089004890501270769e+06 3.417494577560471836e+06 2.230886863317260286e+05 6.114303976851622574e+05 1.432362688705613255e+05
-2.219606404401228298e+06 1.457360964040416526e+06 -1.835453027002199087e+05 -3.176057415997613571e+05 3.521945686765132123e+05 -1.290512522105270182e+05 -9.033842609296506271e+04 -1.669754972385282963e+04 -7.438846539961795497e+04 1.167708764562041685e+07 2.690695526162515394e+06 4.559813488012943417e+05 2.044349406465751352e+06 9.680489663945534267e+05 2.230886863317260286e+05 1.107099757386104204e+06 5.237220412826961256e+05 -2.771013847309591365e+05
-1.379779792592241894e+06 -3.765193687478321954e+05 -4.344488550236064475e+05 4.395083929988671443e+05 5.412351008741072146e+05 -1.182675850091048915e+03 7.036323981202938012e+04 6.246227693115104194e+04 4.152230476176296361e+04 -1.166224532458920963e+06 -5.181573155893215444e+05 -3.094319548752382398e+05 1.978288215566798812e+06 6.640835337401574943e+05 6.114303976851622574e+05 5.237220412826961256e+05 1.134604435579072684e+06 3.051746190438784542e+05
3.121638770402986556e+06 -7.978348605576419504e+05 -3.886355691904432024e+05 2.568655817288163234e+05 1.004195171743428218e+05 -5.887079246509492805e+03 3.345058054693725717e+04 1.778843344936648209e+05 7.694244293828526861e+04 -5.260915030794119462e+06 -1.891876182380969869e+06 -9.249430488788975636e+05 -4.574661545960551302e+04 -3.734553179470218602e+05 1.432362688705613255e+05 -2.771013847309591365e+05 3.051746190438784542e+05 7.318248418691407423e+05
