1.040452250101425052e+08 1.906903488068805635e+07 -1.412435382108909776e+06 -1.682921897920336050e+05 -1.406442074195220135e+06 1.766587528320895974e+06 5.808248240393492160e+05 -1.329018146239459515e+06 9.706011363489717478e+05 4.741278620650434494e+07 2.361143407068059593e+07 3.047188412150252610e+06 5.855099843817108311e+06 9.130829889400560409e+06 -8.475141364158522629e+04 -9.032323993708295748e+05 -3.497255355214944575e+05 -3.671815704542618478e+05
1.906903488068805635e+07 2.217414394449574128e+07 -2.094172087652693735e+06 -3.203840447865163907e+06 -1.324178802777877310e+06 1.989924253264631261e+05 -6.882794110001473455e+05 -6.934256281283404678e+05 3.632759799098032527e+05 9.548487450149446726e+06 1.415859645414084196e+07 5.135960443468574435e+06 3.922098247992536053e+05 -2.298615916902694153e+05 -1.777055749946129741e+06 -1.607753443604038330e+06 -8.021998841086059110e+05 -4.600966505963293021e+05
-1.412435382108909776e+06 -2.094172087652693735e+06 5.700342345744471997e+06 9.410184560541091487e+05 3.857454247570683365e+05 5.296960428760354489e+02 9.565735764576411384e+03 -1.588190269206608937e+05 -7.251998501381402093e+03 4.161090762747908477e+06 -5.089995514210789464e+06 1.056997334504537983e+06 -2.606881301616444252e+05 1.396221649702883791e+06 6.290715805185987847e+05 -7.888258754322372261e+04 1.718455661980038349e+04 -6.273870371983030345e+05
-1.682921897920336050e+05 -3.203840447865163907e+06 9.410184560541091487e+05 2.794139741431799252e+06 9.394468629040282685e+05 2.373809500260947389e+05 1.657010088587027567e+05 1.207254597592439095e+05 -7.394658903109228413e+04 -3.472341471941408701e+06 -5.418138266581855714e+06 2.771330705097608268e+06 1.198194925078200875e+06 4.853847803457504779e+04 -4.948227903860038496e+05 -7.182474362221705087e+04 -1.545482674287366171e+04 2.314436523794099921e+05
-1.406442074195220135e+06 -1.324178802777877310e+06 3.857454247570683365e+05 9.394468629040282685e+05 9.678986631672369549e+05 5.615292341568291158e+04 -6.776790779090410797e+04 3.506881366312506725e+04 -6.775238645250369700e+03 -3.265997332797974348e+06 -1.918510527190198482e+05 8.762025985731971450e+05 2.256657876636748260e+05 8.195163160823227372e+05 -2.372531453234499786e+05 -1.088907826613754733e+05 -1.557642135180552141e+05 2.782168983572349534e+05
1.766587528320895974e+06 1.989924253264631261e+05 5.296960428760354489e+02 2.373809500260947389e+05 5.615292341568291158e+04 3.175464693059273995e+05 1.308801760548683378e+05 2.133350109100082409e+04 5.514749745962265479e+03 -5.551919558331345906e+05 1.627253671977127204e+06 1.062789879092578311e+06 9.346927762554646470e+05 2.689779621424892684e+05 9.957921834575645335e+04 2.047473749563487363e+05 1.163189259258526436e+05 8.022962275140456040e+04
5.808248240393492160e+05 -6.882794110001473455e+05 9.565735764576411384e+03 1.657010088587027567e+05 -6.776790779090410797e+04 1.308801760548683378e+05 3.599211429473455064e+05 1.698910984623386757e+05 4.666934842419486085e+04 -1.056739779353399063e+06 2.145752558365662117e+05 8.051620964942362625e+05 1.144895448007041123e+05 -7.613009631821372022e+04 2.343779511908034328e+05 5.743222246828891803e+05 2.478951693279389001e+05 9.465820278264768422e+04
-1.329018146239459515e+06 -6.934256281283404678e+05 -1.588190269206608937e+05 1.207254597592439095e+05 3.506881366312506725e+04 2.133350109100082409e+04 1.698910984623386757e+05 1.886346628872453875e+05 2.290897819736012025e+04 -4.236851695665413863e+05 1.160596007608861430e+06 9.759156265402118443e+05 2.093068634838254657e+05 5.431949246463754207e+03 3.144315349639345659e+05 4.376216846901850076e+05 1.512979760097406397e+05 1.107221456520205684e+05
9.706011363489717478e+05 3.632759799098032527e+05 -7.251998501381402093e+03 -7.394658903109228413e+04 -6.775238645250369700e+03 5.514749745962265479e+03 4.666934842419486085e+04 2.290897819736012025e+04 6.709942859957147448e+04 -9.186324032655327755e+04 1.080343876095726853e+06 1.491687688741177553e+05 2.291274402130859962e+05 1.202526463589453633e+05 9.194001387222284393e+04 1.269192733040387975e+05 -1.890092641679479857e+04 3.463085527719582751e+04
4.741278620650434494e+07 9.548487450149446726e+06 4.161090762747908477e+06 -3.472341471941408701e+06 -3.265997332797974348e+06 -5.551919558331345906e+05 -1.056739779353399063e+06 -4.236851695665413863e+05 -9.186324032655327755e+04 1.614068937895281315e+08 1.464957641151794791e+07 2.028769300465831906e+07 2.047906831411851337e+06 6.774836916140602902e+06 -1.396637072269616881e+06 4.547390238033382222e+06 -4.683503119621681399e+05 -2.231625731616816018e+06
2.361143407068059593e+07 1.415859645414084196e+07 -5.089995514210789464e+06 -5.418138266581855714e+06 -1.918510527190198482e+05 1.627253671977127204e+06 2.145752558365662117e+05 1.160596007608861430e+06 1.080343876095726853e+06 1.464957641151794791e+07 1.054896531098243296e+08 1.064387327167614363e+07 8.109276355362378061e+06 4.394758915457523428e+06 5.224101737598543987e+06 2.396220625077378005e+06 2.087405322755506495e+05 1.525061968741420656e+06
3.047188412150252610e+06 5.135960443468574435e+06 1.056997334504537983e+06 2.771330705097608268e+06 8.762025985731971450e+05 1.062789879092578311e+06 8.051620964942362625e+05 9.759156265402118443e+05 1.491687688741177553e+05 2.028769300465831906e+07 1.064387327167614363e+07 4.438691931996912509e+07 1.324010646193305217e+07 4.426304473634012043e+06 1.716207186291438062e+06 3.605852771342336666e+06 3.069963842493144912e+05 2.318025897711411817e+05
5.855099843817108311e+06 3.922098247992536053e+05 -2.606881301616444252e+05 1.198194925078200875e+06 2.256657876636748260e+05 9.346927762554646470e+05 1.144895448007041123e+05 2.093068634838254657e+05 2.291274402130859962e+05 2.047906831411851337e+06 8.109276355362378061e+06 1.324010646193305217e+07 1.638222445539451018e+07 2.033028885398253798e+06 2.207098057377825957e+06 7.678132686491680797e+05 -1.428601980805271305e+05 6.703446638590359362e+05
9.130829889400560409e+06 -2.298615916902694153e+05 1.396221649702883791e+06 4.853847803457504779e+04 8.195163160823227372e+05 2.689779621424892684e+05 -7.613009631821372022e+04 5.431949246463754207e+03 1.202526463589453633e+05 6.774836916140602902e+06 4.394758915457523428e+06 4.426304473634012043e+06 2.033028885398253798e+06 6.088682064819696359e+06 2.658550913777947426e+06 4.868041392655859236e+05 4.538142374673768063e+05 -4.192403709847099526e+04
-8.475141364158522629e+04 -1.777055749946129741e+06 6.290715805185987847e+05 -4.948227903860038496e+05 -2.372531453234499786e+05 9.957921834575645335e+04 2.343779511908034328e+05 3.144315349639345659e+05 9.194001387222284393e+04 -1.396637072269616881e+06 5.224101737598543987e+06 1.716207186291438062e+06 2.207098057377825957e+06 2.658550913777947426e+06 3.253926333954162430e+06 8.408432703811180545e+05 8.492480747634530999e+05 8.622045191106354469e+04
-9.032323993708295748e+05 -1.607753443604038330e+06 -7.888258754322372261e+04 -7.182474362221705087e+04 -1.088907826613754733e+05 2.047473749563487363e+05 5.743222246828891803e+05 4.376216846901850076e+05 1.269192733040387975e+05 4.547390238033382222e+06 2.396220625077378005e+06 3.605852771342336666e+06 7.678132686491680797e+05 4.868041392655859236e+05 8.408432703811180545e+05 2.411331029370147269e+06 5.031358277061452391e+05 9.461218468117460725e+04
-3.497255355214944575e+05 -8.021998841086059110e+05 1.718455661980038349e+04 -1.545482674287366171e+04 -1.557642135180552141e+05 1.163189259258526436e+05 2.478951693279389001e+05 1.512979760097406397e+05 -1.890092641679479857e+04 -4.683503119621681399e+05 2.087405322755506495e+05 3.069963842493144912e+05 -1.428601980805271305e+05 4.538142374673768063e+05 8.492480747634530999e+05 5.031358277061452391e+05 6.332001848219939275e+05 6.796859389648999786e+04
-3.671815704542618478e+05 -4.600966505963293021e+05 -6.273870371983030345e+05 2.314436523794099921e+05 2.782168983572349534e+05 8.022962275140456040e+04 9.465820278264768422e+04 1.107221456520205684e+05 3.463085527719582751e+04 -2.231625731616816018e+06 1.525061968741420656e+06 2.318025897711411817e+05 6.703446638590359362e+05 -4.192403709847099526e+04 8.622045191106354469e+04 9.461218468117460725e+04 6.796859389648999786e+04 5.483528987931188894e+05
