5.278396472542598099e+07 1.602945869806281989e+06 3.110901997881604824e+06 -3.377233695183281787e+06 -2.849847956048402935e+06 -6.211510748870387906e+05 7.170321414106711745e+05 -1.716471523800326977e+05 1.016622488725985284e+06 7.158112206907629967e+06 2.910133092116536200e+07 -6.546075269852317870e+06 -4.444812120710360818e+06 -7.498262907564405352e+06 -2.589193262806694955e+06 -2.333392312595029827e+06 1.584361177231801674e+06 2.104970779075533617e+06
1.602945869806281989e+06 1.124705611344972812e+07 1.432575431306364946e+06 -1.793291682594273239e+06 8.879633825162897119e+05 2.081784943153687054e+05 1.921433712054690986e+05 6.609379320766052697e+05 2.523085390284086752e+05 1.827628297014951240e+05 9.169573250451296568e+06 -2.024382353967203759e+06 1.656520463363208401e+05 -1.028849151272629621e+06 -2.531124860962162260e+06 -2.585198892852669815e+04 5.405565730011145351e+05 -4.095168460073583992e+05
3.110901997881604824e+06 1.432575431306364946e+06 5.324290080245546997e+06 -2.902173184774809051e+05 -4.201095482951938175e+05 8.769546219151769765e+04 -4.326395072496461944e+04 2.913042392739175120e+05 1.503679569132944453e+05 -3.162845338706179988e+06 -5.391521715375571512e+06 8.758371583796738414e+05 9.269629308566311374e+05 -7.672932559475270100e+05 -8.740970709485020489e+05 1.201578821838805743e+05 8.928669674623868195e+05 7.360148901864633663e+05
-3.377233695183281787e+06 -1.793291682594273239e+06 -2.902173184774809051e+05 2.103342482610566076e+06 3.608142374531712849e+05 1.303490812555860612e+05 2.962914300920280511e+05 -1.941375387637614767e+04 -1.698889030199201370e+05 3.394494840381755028e+06 -6.705090224121257663e+06 1.127266698435679777e+06 4.118121364725602907e+05 9.769060178338030528e+04 1.456962666185875132e+05 2.420492128686604265e+05 -1.337880896688723296e+05 -7.378148714563825633e+05
-2.849847956048402935e+06 8.879633825162897119e+05 -4.201095482951938175e+05 3.608142374531712849e+05 1.179498583387268707e+06 2.632063154633310041e+05 -3.757938532105750346e+04 1.436624220336783619e+05 -9.060101486775261583e+04 -2.061812914103090530e+06 -2.870402843069667462e+06 1.504560644589591306e+06 6.564207775687430985e+05 5.263343836386742769e+05 -2.471064989037338091e+04 2.869836770692231948e+05 1.922637584806280211e+05 -4.588727306350145955e+05
-6.211510748870387906e+05 2.081784943153687054e+05 8.769546219151769765e+04 1.303490812555860612e+05 2.632063154633310041e+05 5.614888054236262105e+05 -7.738053372827656858e+04 3.275689651832761592e+04 -9.298200815684449481e+03 2.523274520938585512e+06 -1.462161966373684816e+06 1.319402269309076481e+06 5.477973988023793936e+04 4.623047674770051963e+05 5.077444679403617047e+05 2.499979424705588899e+05 2.028504022193443961e+05 -2.215423417199931573e+05
7.170321414106711745e+05 1.921433712054690986e+05 -4.326395072496461944e+04 2.962914300920280511e+05 -3.757938532105750346e+04 -7.738053372827656858e+04 2.821334295402005664e+05 4.080163287899893476e+04 -4.700392074792932362e+03 2.470602742071884684e+06 -3.294470342972672079e+05 -1.178364357049510581e+06 -4.358092793735405430e+05 -5.126419772478188388e+05 -1.685580965551929257e+05 -2.247075503258552635e+04 -4.993856240501917637e+04 -1.628674369147923717e+05
-1.716471523800326977e+05 6.609379320766052697e+05 2.913042392739175120e+05 -1.941375387637614767e+04 1.436624220336783619e+05 3.275689651832761592e+04 4.080163287899893476e+04 2.081982140784519142e+05 1.763376323438853069e+04 -1.230538635108982708e+05 -2.048805446025962941e+06 9.099592277913251892e+05 -2.427042751569987740e+04 5.480855964182122261e+04 -1.544303969713922124e+05 1.900475602385956736e+05 1.947226007013783965e+05 -1.892136836887758909e+04
1.016622488725985284e+06 2.523085390284086752e+05 1.503679569132944453e+05 -1.698889030199201370e+05 -9.060101486775261583e+04 -9.298200815684449481e+03 -4.700392074792932362e+03 1.763376323438853069e+04 9.503220286920445506e+04 5.529855769048789516e+05 7.927737682109094749e+04 -3.654965100207889336e+05 -1.180536805536367319e+05 -2.794985849400480511e+05 1.091085957887794393e+03 -3.616090490731945465e+04 6.999363854594224904e+03 1.116727465508617461e+05
7.158112206907629967e+06 1.827628297014951240e+05 -3.162845338706179988e+06 3.394494840381755028e+06 -2.061812914103090530e+06 2.523274520938585512e+06 2.470602742071884684e+06 -1.230538635108982708e+05 5.529855769048789516e+05 1.590789531229093969e+08 -1.922253221698574722e+06 -2.072029655808454007e+07 -8.830095300704156980e+06 -1.658685574518875033e+07 5.326317964198318310e+06 -1.791565772386794211e+06 -8.570803029084196896e+04 -2.262540510707721580e+06
2.910133092116536200e+07 9.169573250451296568e+06 -5.391521715375571512e+06 -6.705090224121257663e+06 -2.870402843069667462e+06 -1.462161966373684816e+06 -3.294470342972672079e+05 -2.048805446025962941e+06 7.927737682109094749e+04 -1.922253221698574722e+06 1.498050197947644293e+08 -1.265432981417793594e+07 2.981010291070932988e+06 -1.300875453993267380e+07 -6.060464394580114633e+06 -3.926648520425942726e+06 -4.872564152597037144e+06 -5.557046349991067545e+05
-6.546075269852317870e+06 -2.024382353967203759e+06 8.758371583796738414e+05 1.127266698435679777e+06 1.504560644589591306e+06 1.319402269309076481e+06 -1.178364357049510581e+06 9.099592277913251892e+05 -3.654965100207889336e+05 -2.072029655808454007e+07 -1.265432981417793594e+07 3.240348479906298220e+07 2.477742744225717615e+06 5.614531949333152734e+06 2.055650527878425200e+05 1.869260125879525207e+06 1.798624934831765015e+06 3.477268537954954081e+04
-4.444812120710360818e+06 1.656520463363208401e+05 9.269629308566311374e+05 4.118121364725602907e+05 6.564207775687430985e+05 5.477973988023793936e+04 -4.358092793735405430e+05 -2.427042751569987740e+04 -1.180536805536367319e+05 -8.830095300704156980e+06 2.981010291070932988e+06 2.477742744225717615e+06 3.929402794351335615e+06 1.223100527277266607e+06 -7.017366157369253051e+04 2.572498532698439085e+05 -5.207332089818597306e+05 -1.611962902289867634e+05
-7.498262907564405352e+06 -1.028849151272629621e+06 -7.672932559475270100e+05 9.769060178338030528e+04 5.263343836386742769e+05 4.623047674770051963e+05 -5.126419772478188388e+05 5.480855964182122261e+04 -2.794985849400480511e+05 -1.658685574518875033e+07 -1.300875453993267380e+07 5.614531949333152734e+06 1.223100527277266607e+06 7.323512133189667016e+06 8.799173979965221370e+05 7.367745541331429267e+05 8.197066783948682132e+04 -1.001336728583838267e+05
-2.589193262806694955e+06 -2.531124860962162260e+06 -8.740970709485020489e+05 1.456962666185875132e+05 -2.471064989037338091e+04 5.077444679403617047e+05 -1.685580965551929257e+05 -1.544303969713922124e+05 1.091085957887794393e+03 5.326317964198318310e+06 -6.060464394580114633e+06 2.055650527878425200e+05 -7.017366157369253051e+04 8.799173979965221370e+05 3.426523337022888940e+06 7.357475088149020448e+05 -1.557648059461576340e+05 4.747586099744612875e+04
-2.333392312595029827e+06 -2.585198892852669815e+04 1.201578821838805743e+05 2.420492128686604265e+05 2.869836770692231948e+05 2.499979424705588899e+05 -2.247075503258552635e+04 1.900475602385956736e+05 -3.616090490731945465e+04 -1.791565772386794211e+06 -3.926648520425942726e+06 1.869260125879525207e+06 2.572498532698439085e+05 7.367745541331429267e+05 7.357475088149020448e+05 7.365708563073619734e+05 1.696146060175211460e+05 -1.639047238366951933e+05
1.584361177231801674e+06 5.405565730011145351e+05 8.928669674623868195e+05 -1.337880896688723296e+05 1.922637584806280211e+05 2.028504022193443961e+05 -4.993856240501917637e+04 1.947226007013783965e+05 6.999363854594224904e+03 -8.570803029084196896e+04 -4.872564152597037144e+06 1.798624934831765015e+06 -5.207332089818597306e+05 8.197066783948682132e+04 -1.557648059461576340e+05 1.696146060175211460e+05 8.441722738638939336e+05 1.443286672498339030e+05
2.104970779075533617e+06 -4.095168460073583992e+05 7.360148901864633663e+05 -7.378148714563825633e+05 -4.588727306350145955e+05 -2.215423417199931573e+05 -1.628674369147923717e+05 -1.892136836887758909e+04 1.116727465508617461e+05 -2.262540510707721580e+06 -5.557046349991067545e+05 3.477268537954954081e+04 -1.611962902289867634e+05 -1.001336728583838267e+05 4.747586099744612875e+04 -1.639047238366951933e+05 1.443286672498339030e+05 8.447817762489131419e+05
