5.163065574718527496e+07 3.754155373856293503e+06 -7.073497407859854866e+04 1.763612094000227051e+06 1.969680024973349646e+05 -3.985085155677738949e+05 -2.144151550058986759e+05 1.313175155847014626e+06 -5.514702224791625049e+05 3.412283157260524482e+07 -1.700408307351162657e+07 -7.624488194027015939e+06 5.838980830628880067e+05 -1.243052045553585514e+06 2.119656954922023870e+05 -5.928994732956483494e+05 2.562886788492378779e+06 9.468509730084788753e+05
3.754155373856293503e+06 1.445642574624089710e+07 2.134246024234978016e+06 5.288284587224362185e+05 1.895228895186346956e+06 -3.038946762016969733e+05 8.287297476966370596e+04 -3.527307843965702341e+05 -6.664587187721607916e+04 1.053235661941304058e+07 6.302841774897180498e+06 8.663977387067450909e+05 5.166086043819508515e+06 7.788877050730749033e+05 -4.320151639434391836e+04 -2.259771789212016156e+05 4.249592120422135340e+05 4.960831836273767985e+05
-7.073497407859854866e+04 2.134246024234978016e+06 3.641385206122894771e+06 9.266860434491406195e+05 7.443502173990639858e+05 -1.301068625065638771e+05 -1.367928636988534709e+05 -4.652542602280723077e+04 -1.035249929059685746e+04 5.246568126681855880e+06 9.137934201728550717e+06 2.628635303056230769e+06 1.533195494568177033e+06 5.691141679857368581e+05 6.932884101183215389e+05 -2.206541302633421728e+05 -3.352489792200678494e+05 -3.004674936644073750e+04
1.763612094000227051e+06 5.288284587224362185e+05 9.266860434491406195e+05 1.844278507829848677e+06 7.458278854705682024e+05 3.134017100597040262e+05 1.056492316011386574e+05 -1.474031760221442164e+04 -1.744446193856543687e+04 -4.587431093535158783e+06 -1.986795744577977573e+06 1.703036805468101986e+06 1.758921848378959345e+06 5.347361390937796095e+05 2.810703024240141967e+05 -2.420378487928285322e+05 9.617898371257650433e+04 4.942762148762907600e+03
1.969680024973349646e+05 1.895228895186346956e+06 7.443502173990639858e+05 7.458278854705682024e+05 1.327998235044489382e+06 4.285581745141689898e+05 5.763798886289582879e+04 -6.445542742802844441e+04 7.175141197384078987e+04 2.437903594510479365e+06 5.441112181519444566e+05 1.935619059159314260e+06 1.857604370216690004e+06 3.111756470028791227e+05 -3.975284564740028582e+05 -5.409718001686816569e+05 4.990100483466123114e+04 1.807897147994858678e+05
-3.985085155677738949e+05 -3.038946762016969733e+05 -1.301068625065638771e+05 3.134017100597040262e+05 4.285581745141689898e+05 6.426687420631092973e+05 1.329852138521627348e+05 1.595107341033417651e+04 7.143626163712677953e+04 -3.958279904986338690e+06 -3.069093019605252892e+06 1.830740866254456108e+06 1.131728021039866871e+05 -8.116122515110696258e+04 2.697054124866046550e+04 -2.275099457219463075e+05 -1.378173338419347710e+05 2.965008518485259847e+05
-2.144151550058986759e+05 8.287297476966370596e+04 -1.367928636988534709e+05 1.056492316011386574e+05 5.763798886289582879e+04 1.329852138521627348e+05 2.193634755037885334e+05 4.868444292740266246e+04 6.181618976976545673e+04 9.803724169535440160e+05 -1.335991586992133874e+06 -2.448652894922139239e+04 -1.334148411635784141e+05 -9.609535576802385913e+04 2.582867196146037895e+05 9.754868875269516138e+04 -4.633243118003960262e+04 1.444214727291468080e+03
1.313175155847014626e+06 -3.527307843965702341e+05 -4.652542602280723077e+04 -1.474031760221442164e+04 -6.445542742802844441e+04 1.595107341033417651e+04 4.868444292740266246e+04 1.260462562419612077e+05 -3.732235026386780646e+03 2.007825722600641195e+06 -8.738341809255179251e+05 -5.760232865906580118e+05 -1.846280250370083668e+05 -2.856957393803445302e+04 2.821372091041908716e+05 6.484882288588191295e+04 4.157437441829749878e+04 -4.552657436037753359e+04
-5.514702224791625049e+05 -6.664587187721607916e+04 -1.035249929059685746e+04 -1.744446193856543687e+04 7.175141197384078987e+04 7.143626163712677953e+04 6.181618976976545673e+04 -3.732235026386780646e+03 9.203100090509893198e+04 -7.205969643855005270e+05 -5.801197776362946024e+05 -2.356997154115178546e+03 -2.804346820158952614e+05 -3.392779951240053633e+05 8.931568118314900494e+04 1.469997532391246350e+05 -8.264528182321456552e+04 4.381097358404008992e+04
3.412283157260524482e+07 1.053235661941304058e+07 5.246568126681855880e+06 -4.587431093535158783e+06 2.437903594510479365e+06 -3.958279904986338690e+06 9.803724169535440160e+05 2.007825722600641195e+06 -7.205969643855005270e+05 2.769660549347145557e+08 6.182079942932313681e+07 -1.865899957932252809e+07 3.442219066798169661e+04 -1.402091652351480676e+06 2.161020596387724392e+06 -9.781937935248237103e+06 1.586763035451862728e+06 -3.275465907686033752e+06
-1.700408307351162657e+07 6.302841774897180498e+06 9.137934201728550717e+06 -1.986795744577977573e+06 5.441112181519444566e+05 -3.069093019605252892e+06 -1.335991586992133874e+06 -8.738341809255179251e+05 -5.801197776362946024e+05 6.182079942932313681e+07 8.640827388140311837e+07 3.702698156254741829e+06 2.912010782301245257e+06 -6.748446731686487328e+05 4.796547597080853884e+05 -1.156475462695610477e+06 -9.097294989915494807e+05 -2.811486729221144691e+06
-7.624488194027015939e+06 8.663977387067450909e+05 2.628635303056230769e+06 1.703036805468101986e+06 1.935619059159314260e+06 1.830740866254456108e+06 -2.448652894922139239e+04 -5.760232865906580118e+05 -2.356997154115178546e+03 -1.865899957932252809e+07 3.702698156254741829e+06 2.618646765536484867e+07 6.718886573631054722e+06 5.439069518950793892e+06 1.100706693744987948e+06 1.277140469471378485e+06 -6.823851902846508892e+05 2.004409104935972951e+06
5.838980830628880067e+05 5.166086043819508515e+06 1.533195494568177033e+06 1.758921848378959345e+06 1.857604370216690004e+06 1.131728021039866871e+05 -1.334148411635784141e+05 -1.846280250370083668e+05 -2.804346820158952614e+05 3.442219066798169661e+04 2.912010782301245257e+06 6.718886573631054722e+06 1.317223468574307114e+07 1.526899922847135924e+06 -7.181903290313147008e+05 -3.845709679957186454e+05 5.696275103073514038e+04 -2.425703123398255557e+05
-1.243052045553585514e+06 7.788877050730749033e+05 5.691141679857368581e+05 5.347361390937796095e+05 3.111756470028791227e+05 -8.116122515110696258e+04 -9.609535576802385913e+04 -2.856957393803445302e+04 -3.392779951240053633e+05 -1.402091652351480676e+06 -6.748446731686487328e+05 5.439069518950793892e+06 1.526899922847135924e+06 5.969174980252890848e+06 6.151955610706693260e+05 2.654352059614608879e+05 2.335304823996578052e+05 5.084107974922310095e+05
2.119656954922023870e+05 -4.320151639434391836e+04 6.932884101183215389e+05 2.810703024240141967e+05 -3.975284564740028582e+05 2.697054124866046550e+04 2.582867196146037895e+05 2.821372091041908716e+05 8.931568118314900494e+04 2.161020596387724392e+06 4.796547597080853884e+05 1.100706693744987948e+06 -7.181903290313147008e+05 6.151955610706693260e+05 2.488213442418087739e+06 1.331748964951511472e+06 -2.319209176654581679e+05 -1.330931356047637018e+04
-5.928994732956483494e+05 -2.259771789212016156e+05 -2.206541302633421728e+05 -2.420378487928285322e+05 -5.409718001686816569e+05 -2.275099457219463075e+05 9.754868875269516138e+04 6.484882288588191295e+04 1.469997532391246350e+05 -9.781937935248237103e+06 -1.156475462695610477e+06 1.277140469471378485e+06 -3.845709679957186454e+05 2.654352059614608879e+05 1.331748964951511472e+06 3.248463369212128222e+06 2.977539443205617135e+05 2.761461239523843979e+05
2.562886788492378779e+06 4.249592120422135340e+05 -3.352489792200678494e+05 9.617898371257650433e+04 4.990100483466123114e+04 -1.378173338419347710e+05 -4.633243118003960262e+04 4.157437441829749878e+04 -8.264528182321456552e+04 1.586763035451862728e+06 -9.097294989915494807e+05 -6.823851902846508892e+05 5.696275103073514038e+04 2.335304823996578052e+05 -2.319209176654581679e+05 2.977539443205617135e+05 4.875353659876413876e+05 5.443995701082981395e+04
9.468509730084788753e+05 4.960831836273767985e+05 -3.004674936644073750e+04 4.942762148762907600e+03 1.807897147994858678e+05 2.965008518485259847e+05 1.444214727291468080e+03 -4.552657436037753359e+04 4.381097358404008992e+04 -3.275465907686033752e+06 -2.811486729221144691e+06 2.004409104935972951e+06 -2.425703123398255557e+05 5.084107974922310095e+05 -1.330931356047637018e+04 2.761461239523843979e+05 5.443995701082981395e+04 5.814140997922180686e+05
