5.945592328309948742e+07 5.190547186382352374e+06 -6.395215853964559734e+06 1.655904802617102396e+06 1.057671265416369773e+06 -3.675413778732123901e+05 -4.765788012259564712e+05 1.183166032015424920e+06 -3.052379029611116275e+05 2.552314888053646684e+07 1.057647982730956189e+07 -8.311116068430358544e+06 4.143629339348831127e+04 -9.850842645829343237e+05 -2.888585420162071474e+06 -2.029864227027702145e+06 -5.850519038030062802e+05 -7.745950549904389773e+05
5.190547186382352374e+06 1.425486042318997532e+07 2.529797777112305630e+06 1.226274691403309349e+06 -5.449024913331520656e+04 -2.141299377151364461e+05 4.823433857876709662e+05 2.273000559502461692e+05 -1.685284005006423686e+05 1.279828911714851484e+07 1.473110225432712585e+07 5.628140382645741105e+06 -3.444750773309317417e+06 4.246081280208152020e+05 -1.431322839087420842e+06 -1.597208130475667305e+06 -2.309480680339291226e+06 2.259036140531993588e+05
-6.395215853964559734e+06 2.529797777112305630e+06 6.199443271444405429e+06 6.114317394407851389e+05 -3.373275697218673304e+05 3.859591155490953242e+05 8.030262315749860136e+04 -1.186872999339786620e+05 -5.998328787897434466e+01 1.788865851128426613e+06 1.804683443594695302e+06 4.944850419598520733e+06 -4.994166078274875181e+05 -2.755439904552521650e+06 -1.015873285536870244e+05 4.045174750463070231e+05 -4.124622785980278859e+05 -6.975984522379096597e+05
1.655904802617102396e+06 1.226274691403309349e+06 6.114317394407851389e+05 2.855312624154015910e+06 9.415409359901236603e+05 5.271300337790604681e+05 5.987423421456157666e+04 9.391680254067934584e+04 2.549292133435238065e+04 7.465835575467461720e+06 5.991709730504668318e+06 -1.000532634676143411e+06 2.441304132149119861e+06 2.170835355547908228e+06 2.436996867462380324e+05 1.005291065776273492e+06 2.194865836360056419e+05 -3.660243805332432967e+05
1.057671265416369773e+06 -5.449024913331520656e+04 -3.373275697218673304e+05 9.415409359901236603e+05 1.022189976902674884e+06 1.376145067937089771e+05 -9.351322419215478294e+04 3.309175563630255056e+04 -4.805149178355919867e+04 1.238566883868386503e+06 3.273715923001766205e+06 1.274478319618643960e+06 1.883722940083711408e+06 1.306780517109698616e+06 3.859444197990516550e+05 3.001208997042507399e+05 1.531648901617059892e+05 -3.411610578178339638e+05
-3.675413778732123901e+05 -2.141299377151364461e+05 3.859591155490953242e+05 5.271300337790604681e+05 1.376145067937089771e+05 5.292945797557748156e+05 1.295933858898493600e+04 -6.899292177890065432e+03 -3.581110266599593888e+04 4.328329350746273063e+06 -1.742386981903592241e+05 5.633347812502196757e+05 7.060444379785475321e+05 4.627607559926640533e+04 8.189343116458859186e+03 3.268561049142476404e+05 4.453826785415390041e+05 -6.550964234282528196e+04
-4.765788012259564712e+05 4.823433857876709662e+05 8.030262315749860136e+04 5.987423421456157666e+04 -9.351322419215478294e+04 1.295933858898493600e+04 2.782562224397202372e+05 1.785876571035415327e+04 -1.253254383092245007e+04 -6.797490594660944771e+05 -9.261120019179331139e+05 2.896672062167680706e+05 -2.404812232198483543e+05 -2.237608061073393328e+05 5.416690009316450596e+04 1.350022774127763405e+05 2.617972023352115139e+04 2.516225746373215807e+05
1.183166032015424920e+06 2.273000559502461692e+05 -1.186872999339786620e+05 9.391680254067934584e+04 3.309175563630255056e+04 -6.899292177890065432e+03 1.785876571035415327e+04 1.400179532597319921e+05 -1.320422360264430381e+03 2.161511462541398651e+05 2.963720230923168128e+05 -1.075441564900693484e+05 -2.568529116561304836e+05 -1.662089206985623168e+05 -3.190762516856873481e+04 2.410643066589174487e+04 8.602947199719182390e+04 5.819642893029956758e+04
-3.052379029611116275e+05 -1.685284005006423686e+05 -5.998328787897434466e+01 2.549292133435238065e+04 -4.805149178355919867e+04 -3.581110266599593888e+04 -1.253254383092245007e+04 -1.320422360264430381e+03 7.119100610042191693e+04 1.883807651718670095e+05 2.392899360479188326e+05 -3.022705087532001198e+05 -8.334883680440684839e+04 1.397054204762371774e+04 1.269471522031410714e+05 4.260251689473298029e+04 6.303852953236717440e+03 4.716691709136453574e+04
2.552314888053646684e+07 1.279828911714851484e+07 1.788865851128426613e+06 7.465835575467461720e+06 1.238566883868386503e+06 4.328329350746273063e+06 -6.797490594660944771e+05 2.161511462541398651e+05 1.883807651718670095e+05 2.365285778569113910e+08 3.749338908297790587e+07 -7.996313125457479618e+06 -5.172188690490234643e+06 -3.822246857409611344e+06 1.533161885964248795e+06 8.796973642829293385e+05 6.669793353304740041e+06 3.166925858488910832e+06
1.057647982730956189e+07 1.473110225432712585e+07 1.804683443594695302e+06 5.991709730504668318e+06 3.273715923001766205e+06 -1.742386981903592241e+05 -9.261120019179331139e+05 2.963720230923168128e+05 2.392899360479188326e+05 3.749338908297790587e+07 5.842414139506466687e+07 1.169881148971637338e+07 -2.159188119854295626e+06 3.599559324889911339e+06 -2.247713088918700349e+06 -2.050164726419572253e+06 -1.154871166375723900e+06 -3.177601000409243279e+05
-8.311116068430358544e+06 5.628140382645741105e+06 4.944850419598520733e+06 -1.000532634676143411e+06 1.274478319618643960e+06 5.633347812502196757e+05 2.896672062167680706e+05 -1.075441564900693484e+05 -3.022705087532001198e+05 -7.996313125457479618e+06 1.169881148971637338e+07 3.693663989754413813e+07 3.182908091257975437e+06 -8.954938718625917099e+05 2.457087057877772022e+05 -1.308856629241708666e+06 1.330002427050237748e+04 -4.425106331170668127e+05
4.143629339348831127e+04 -3.444750773309317417e+06 -4.994166078274875181e+05 2.441304132149119861e+06 1.883722940083711408e+06 7.060444379785475321e+05 -2.404812232198483543e+05 -2.568529116561304836e+05 -8.334883680440684839e+04 -5.172188690490234643e+06 -2.159188119854295626e+06 3.182908091257975437e+06 1.067053864049342275e+07 4.755319726977744140e+06 7.221934958964867983e+05 1.870755995940847322e+06 5.076340470080904779e+05 -1.257179447709238157e+06
-9.850842645829343237e+05 4.246081280208152020e+05 -2.755439904552521650e+06 2.170835355547908228e+06 1.306780517109698616e+06 4.627607559926640533e+04 -2.237608061073393328e+05 -1.662089206985623168e+05 1.397054204762371774e+04 -3.822246857409611344e+06 3.599559324889911339e+06 -8.954938718625917099e+05 4.755319726977744140e+06 9.098492980006970465e+06 1.118254740781639470e+06 8.706092977543505840e+05 -3.426272090559501667e+05 -6.185616601250326494e+05
-2.888585420162071474e+06 -1.431322839087420842e+06 -1.015873285536870244e+05 2.436996867462380324e+05 3.859444197990516550e+05 8.189343116458859186e+03 5.416690009316450596e+04 -3.190762516856873481e+04 1.269471522031410714e+05 1.533161885964248795e+06 -2.247713088918700349e+06 2.457087057877772022e+05 7.221934958964867983e+05 1.118254740781639470e+06 2.838478027725411579e+06 1.067061065476805903e+06 5.304013435823656619e+05 2.423242946215789416e+05
-2.029864227027702145e+06 -1.597208130475667305e+06 4.045174750463070231e+05 1.005291065776273492e+06 3.001208997042507399e+05 3.268561049142476404e+05 1.350022774127763405e+05 2.410643066589174487e+04 4.260251689473298029e+04 8.796973642829293385e+05 -2.050164726419572253e+06 -1.308856629241708666e+06 1.870755995940847322e+06 8.706092977543505840e+05 1.067061065476805903e+06 1.473998052086663665e+06 7.494743734502643347e+05 -5.956573680408769724e+04
-5.850519038030062802e+05 -2.309480680339291226e+06 -4.124622785980278859e+05 2.194865836360056419e+05 1.531648901617059892e+05 4.453826785415390041e+05 2.617972023352115139e+04 8.602947199719182390e+04 6.303852953236717440e+03 6.669793353304740041e+06 -1.154871166375723900e+06 1.330002427050237748e+04 5.076340470080904779e+05 -3.426272090559501667e+05 5.304013435823656619e+05 7.494743734502643347e+05 1.582776459483937593e+06 3.080031081350997556e+05
-7.745950549904389773e+05 2.259036140531993588e+05 -6.975984522379096597e+05 -3.660243805332432967e+05 -3.411610578178339638e+05 -6.550964234282528196e+04 2.516225746373215807e+05 5.819642893029956758e+04 4.716691709136453574e+04 3.166925858488910832e+06 -3.177601000409243279e+05 -4.425106331170668127e+05 -1.257179447709238157e+06 -6.185616601250326494e+05 2.423242946215789416e+05 -5.956573680408769724e+04 3.080031081350997556e+05 7.753670355624663644e+05
