4.824844304063141346e+07 1.044816821773420833e+07 -3.747309663472077344e+06 1.253545807999488665e+06 5.751277238777345046e+05 4.134304855796057964e+05 1.927911030024550622e+06 5.612345085637706798e+05 6.512512038487670943e+05 2.279873359880831093e+07 1.727691318842956796e+06 -2.226646060731223598e+07 -1.402951348394390941e+07 -8.873140704793691635e+06 1.926776048452272778e+06 3.732286986394791165e+05 -1.736563851326161603e+04 -1.411388143063610885e+06
1.044816821773420833e+07 1.359429835609674267e+07 6.397547059146941174e+05 -4.073425487985634827e+05 -4.330190214781960822e+05 1.691065165823050484e+05 6.181485649656573078e+05 3.499838024177637417e+05 -3.778446762515655719e+05 1.728869879467829689e+07 7.260194768932445906e+06 -3.356702430294960272e+06 -4.758873093152643181e+06 -3.364228024029045831e+06 5.450517083947217325e+05 9.059859468640029663e+05 1.156285591096312506e+06 -3.643275304543054663e+05
-3.747309663472077344e+06 6.397547059146941174e+05 5.355260400498123839e+06 1.365254799751774117e+05 -2.653464834365737042e+05 3.462501086539841490e+05 1.668252485780637653e+05 3.128842090153910249e+04 -6.448422472052782541e+04 7.657021212879023515e+06 1.828748692106047645e+06 3.491917971407365054e+06 8.073584147004809929e+05 -1.742872352652442714e+04 -1.078381928362058010e+06 1.094600227253206103e+05 1.048298606140500779e+05 3.695941647078460664e+05
1.253545807999488665e+06 -4.073425487985634827e+05 1.365254799751774117e+05 2.043700559216234135e+06 5.848132098341577221e+05 4.058546765448713559e+05 2.051023376374732470e+05 3.710902901470994402e+04 1.555804777296675602e+05 2.448200264736247715e+06 -1.231446260663735215e+06 -3.410690057271003257e+06 4.369746405576765537e+05 -8.086509173423186876e+05 -2.846144242690369138e+05 9.926038288081818609e+04 -2.870596789352390915e+05 -1.069505508989679947e+04
5.751277238777345046e+05 -4.330190214781960822e+05 -2.653464834365737042e+05 5.848132098341577221e+05 1.315661460517698899e+06 1.899658287363644049e+05 1.090289743844647892e+05 1.113681902256483299e+05 2.072595827157516032e+05 -2.036523998503905255e+06 -2.108486806223798078e+06 -1.132203043578100624e+06 -1.660985741424353095e+06 4.477581587206710246e+05 -2.135169535435815051e+05 -2.335399678684501559e+05 -3.606432845693132840e+05 -8.068785254377371166e+04
4.134304855796057964e+05 1.691065165823050484e+05 3.462501086539841490e+05 4.058546765448713559e+05 1.899658287363644049e+05 6.244091510294032050e+05 3.333920966740827425e+05 6.814433149372375919e+04 6.436901771497454320e+04 1.804905504457284696e+06 4.903237968616764410e+05 -1.676774618188124150e+06 -3.699009629393012729e+05 -4.252248250213710708e+05 3.520396179463710869e+05 2.986275490151229897e+05 7.075497702530212700e+04 -1.597190795358602190e+05
1.927911030024550622e+06 6.181485649656573078e+05 1.668252485780637653e+05 2.051023376374732470e+05 1.090289743844647892e+05 3.333920966740827425e+05 4.858056915501976619e+05 7.597761250038321305e+04 4.175984659894817014e+04 2.865885077563645784e+06 1.861790885216198862e+06 -2.212297162667387165e+06 -4.813193209272659733e+05 -6.926435253758270992e+05 2.301016546525373124e+05 3.358045894955534604e+05 -8.378182385958281520e+04 -1.871976697952109389e+05
5.612345085637706798e+05 3.499838024177637417e+05 3.128842090153910249e+04 3.710902901470994402e+04 1.113681902256483299e+05 6.814433149372375919e+04 7.597761250038321305e+04 1.872105439304630272e+05 9.095838202898549207e+04 2.752974220485078637e+06 1.561870846765834838e+06 -4.956603853100837441e+05 -4.554705163144773542e+04 -9.037001136180390313e+04 1.134473635301483155e+05 -1.074655908860899035e+04 5.583770125690066925e+04 -4.370883394423740538e+04
6.512512038487670943e+05 -3.778446762515655719e+05 -6.448422472052782541e+04 1.555804777296675602e+05 2.072595827157516032e+05 6.436901771497454320e+04 4.175984659894817014e+04 9.095838202898549207e+04 1.889503171179922065e+05 1.881199246342170285e+06 1.355977093323911540e+05 -6.154519283512417460e+05 -7.344005919881036971e+04 -3.019246461315149791e+05 -6.759673507401715324e+04 -7.497916791324857331e+04 -9.838340141028449580e+03 -5.114275203482202778e+04
2.279873359880831093e+07 1.728869879467829689e+07 7.657021212879023515e+06 2.448200264736247715e+06 -2.036523998503905255e+06 1.804905504457284696e+06 2.865885077563645784e+06 2.752974220485078637e+06 1.881199246342170285e+06 2.133887288728150129e+08 5.029276695717301965e+07 -1.900234224875837564e+07 -1.554239118447922915e+07 -1.564349965229139477e+07 4.798338465824583545e+06 4.332661927744197659e+06 -4.854892985131605528e+05 -4.130463116378804669e+06
1.727691318842956796e+06 7.260194768932445906e+06 1.828748692106047645e+06 -1.231446260663735215e+06 -2.108486806223798078e+06 4.903237968616764410e+05 1.861790885216198862e+06 1.561870846765834838e+06 1.355977093323911540e+05 5.029276695717301965e+07 6.347814683626507968e+07 1.637698859206252499e+06 6.161070769136208110e+06 -5.126057580241306685e+06 3.326875154241736513e+06 1.738539487447472289e+06 2.016280899682780495e+06 1.088308565244432248e+04
-2.226646060731223598e+07 -3.356702430294960272e+06 3.491917971407365054e+06 -3.410690057271003257e+06 -1.132203043578100624e+06 -1.676774618188124150e+06 -2.212297162667387165e+06 -4.956603853100837441e+05 -6.154519283512417460e+05 -1.900234224875837564e+07 1.637698859206252499e+06 3.267208295354607701e+07 6.993300269910871051e+06 6.489925018694796599e+06 -2.321126095964297419e+05 -3.180735748356273398e+06 9.990750628021324519e+05 8.769267059347588802e+05
-1.402951348394390941e+07 -4.758873093152643181e+06 8.073584147004809929e+05 4.369746405576765537e+05 -1.660985741424353095e+06 -3.699009629393012729e+05 -4.813193209272659733e+05 -4.554705163144773542e+04 -7.344005919881036971e+04 -1.554239118447922915e+07 6.161070769136208110e+06 6.993300269910871051e+06 1.905103717303002998e+07 3.121732828322418034e+06 -2.803560820472119842e+06 -9.915221835441783769e+05 1.468027598088845378e+06 9.504735723817363614e+05
-8.873140704793691635e+06 -3.364228024029045831e+06 -1.742872352652442714e+04 -8.086509173423186876e+05 4.477581587206710246e+05 -4.252248250213710708e+05 -6.926435253758270992e+05 -9.037001136180390313e+04 -3.019246461315149791e+05 -1.564349965229139477e+07 -5.126057580241306685e+06 6.489925018694796599e+06 3.121732828322418034e+06 4.655230115475491621e+06 -5.042730315331698512e+05 -8.527122840478972066e+05 -3.630473938704385073e+05 2.966043586608156911e+05
1.926776048452272778e+06 5.450517083947217325e+05 -1.078381928362058010e+06 -2.846144242690369138e+05 -2.135169535435815051e+05 3.520396179463710869e+05 2.301016546525373124e+05 1.134473635301483155e+05 -6.759673507401715324e+04 4.798338465824583545e+06 3.326875154241736513e+06 -2.321126095964297419e+05 -2.803560820472119842e+06 -5.042730315331698512e+05 2.503357244016451295e+06 6.075326891994070029e+05 1.222232893103827373e+05 -4.223304986804458313e+05
3.732286986394791165e+05 9.059859468640029663e+05 1.094600227253206103e+05 9.926038288081818609e+04 -2.335399678684501559e+05 2.986275490151229897e+05 3.358045894955534604e+05 -1.074655908860899035e+04 -7.497916791324857331e+04 4.332661927744197659e+06 1.738539487447472289e+06 -3.180735748356273398e+06 -9.915221835441783769e+05 -8.527122840478972066e+05 6.075326891994070029e+05 9.285351465815162519e+05 3.023210072041145759e+04 -6.701688727422271040e+04
-1.736563851326161603e+04 1.156285591096312506e+06 1.048298606140500779e+05 -2.870596789352390915e+05 -3.606432845693132840e+05 7.075497702530212700e+04 -8.378182385958281520e+04 5.583770125690066925e+04 -9.838340141028449580e+03 -4.854892985131605528e+05 2.016280899682780495e+06 9.990750628021324519e+05 1.468027598088845378e+06 -3.630473938704385073e+05 1.222232893103827373e+05 3.023210072041145759e+04 8.125933531143191503e+05 1.414200580091515149e+05
-1.411388143063610885e+06 -3.643275304543054663e+05 3.695941647078460664e+05 -1.069505508989679947e+04 -8.068785254377371166e+04 -1.597190795358602190e+05 -1.871976697952109389e+05 -4.370883394423740538e+04 -5.114275203482202778e+04 -4.130463116378804669e+06 1.088308565244432248e+04 8.769267059347588802e+05 9.504735723817363614e+05 2.966043586608156911e+05 -4.223304986804458313e+05 -6.701688727422271040e+04 1.414200580091515149e+05 4.097213802445582114e+05
