9.702994362852564454e+07 4.728205882371651009e+06 2.383986985094351228e+06 -1.338219583477272827e+05 -4.228459775376544567e+05 1.851217701712802984e+06 1.468079839675027411e+06 1.033580669942263747e+06 3.446302397986065625e+04 9.993697527474444360e+06 -1.022116648960869946e+07 -2.397156440038420260e+07 1.089526001215951145e+07 6.133541801303118467e+06 3.859535829715424916e+05 -5.884677936184281716e+05 -1.071815199030937265e+03 2.020253161477088695e+06
4.728205882371651009e+06 7.399655673517368734e+06 -4.722030208395200316e+05 1.634486696707522962e+06 8.364265370214409195e+05 1.484757470901498455e+05 1.260608082256422495e+05 3.149180023245618213e+05 -8.667910406778418110e+04 -1.532773280657205358e+07 1.029745117454349250e+07 -1.711572706667020218e+06 -7.858696329956820700e+05 1.927004388115831185e+06 1.701218271004707552e+06 4.281496059865762945e+05 3.158361045317282551e+05 4.934363971907445230e+05
2.383986985094351228e+06 -4.722030208395200316e+05 6.276618483674850315e+06 2.326898544031921308e+06 8.296161657649717527e+05 -4.635430974021530128e+05 -8.395733830404994660e+04 -4.071584400662044063e+05 1.805904319181614555e+05 1.744170614930534735e+07 -1.690538359166816343e+06 7.202499633516627364e+05 1.093389057889722753e+06 1.587781252741596894e+06 -5.736510974213721929e+05 -6.476139264976913109e+05 3.690608726903201896e+05 5.754347957930046832e+05
-1.338219583477272827e+05 1.634486696707522962e+06 2.326898544031921308e+06 2.309959766336031258e+06 5.517565580802360782e+05 -4.060771758898358676e+05 -4.583789453996522207e+04 -7.905274378474210971e+04 1.884766618762304133e+05 -4.744417342556961812e+06 1.838053187169274781e+06 3.364903058128497214e+05 1.535540541102641029e+06 1.596658998487966601e+05 1.564618014937638072e+05 -6.817935893297952134e+04 7.081187439957509050e+05 4.006817760842656717e+05
-4.228459775376544567e+05 8.364265370214409195e+05 8.296161657649717527e+05 5.517565580802360782e+05 9.182394554864660604e+05 -1.583387073945574521e+05 -1.962324547841664171e+05 1.360114071904126613e+05 8.717582477471680613e+04 9.157453965962275863e+06 1.312055952853967436e+06 -1.159490381734849419e+06 -5.414812370471762260e+05 -8.743771072634175653e+04 5.527661943009281531e+05 -2.549174541948428378e+05 -1.358916869147666148e+05 1.488157542520178831e+05
1.851217701712802984e+06 1.484757470901498455e+05 -4.635430974021530128e+05 -4.060771758898358676e+05 -1.583387073945574521e+05 4.977296652749399072e+05 5.239082609506902372e+04 3.265359187663627381e+04 -6.125453569324758428e+04 -1.687248752563699847e+06 -7.077593052243250422e+05 -8.836958870310223429e+05 -3.109464622262202320e+05 -7.527741154684207868e+04 -1.800566360315568745e+05 -2.878022801695847302e+05 -1.975821001941137656e+05 -1.308341895931082108e+05
1.468079839675027411e+06 1.260608082256422495e+05 -8.395733830404994660e+04 -4.583789453996522207e+04 -1.962324547841664171e+05 5.239082609506902372e+04 4.023179026686445577e+05 -1.306003114253660897e+03 -4.688894996097625699e+04 -4.161787057979318779e+06 6.135188577749611577e+05 6.990964940850726562e+05 1.649917874638527865e+05 4.350764240547707304e+05 3.876170445335324621e+04 7.945852972074212448e+04 9.713323372283694334e+04 -2.420700672609920002e+04
1.033580669942263747e+06 3.149180023245618213e+05 -4.071584400662044063e+05 -7.905274378474210971e+04 1.360114071904126613e+05 3.265359187663627381e+04 -1.306003114253660897e+03 1.627908545814667596e+05 2.797169719336977141e+04 2.388770103780628648e+06 1.613041502142817480e+05 -8.549478011666063685e+05 1.299557249298876559e+04 -1.118978836789438792e+05 2.385878256078892446e+05 3.557314284440717529e+03 2.608335693821157292e+03 -5.562614660981319503e+03
3.446302397986065625e+04 -8.667910406778418110e+04 1.805904319181614555e+05 1.884766618762304133e+05 8.717582477471680613e+04 -6.125453569324758428e+04 -4.688894996097625699e+04 2.797169719336977141e+04 1.496769890716804366e+05 1.745256421514165588e+06 -1.153677812950884458e+06 2.806891073625644785e+05 5.710930970808593556e+05 -3.276354873312337440e+05 2.424801654049742210e+05 1.522876915819474962e+05 6.034881810763238900e+04 5.645926478479053185e+04
9.993697527474444360e+06 -1.532773280657205358e+07 1.744170614930534735e+07 -4.744417342556961812e+06 9.157453965962275863e+06 -1.687248752563699847e+06 -4.161787057979318779e+06 2.388770103780628648e+06 1.745256421514165588e+06 4.553193986561485529e+08 -1.933768665742380545e+07 -8.129695914045616984e+06 7.898513950589008629e+06 1.111298136361292750e+07 2.254252547278741549e+05 -5.270489926488574594e+06 -6.199629111941074021e+06 2.066009135107987793e+06
-1.022116648960869946e+07 1.029745117454349250e+07 -1.690538359166816343e+06 1.838053187169274781e+06 1.312055952853967436e+06 -7.077593052243250422e+05 6.135188577749611577e+05 1.613041502142817480e+05 -1.153677812950884458e+06 -1.933768665742380545e+07 6.205417445513031632e+07 1.058540499860599451e+07 -7.707119909768791869e+06 4.115683702232317999e+06 -5.161028116403702879e+05 -3.837876943053533323e+06 -1.552335498285652138e+06 -7.078804328026091680e+05
-2.397156440038420260e+07 -1.711572706667020218e+06 7.202499633516627364e+05 3.364903058128497214e+05 -1.159490381734849419e+06 -8.836958870310223429e+05 6.990964940850726562e+05 -8.549478011666063685e+05 2.806891073625644785e+05 -8.129695914045616984e+06 1.058540499860599451e+07 2.045507669837088510e+07 1.468966934571772814e+06 8.488814011583942920e+04 -6.582552509198661028e+03 1.166865172076173825e+06 -9.103744877036928665e+04 -4.323909491513546091e+05
1.089526001215951145e+07 -7.858696329956820700e+05 1.093389057889722753e+06 1.535540541102641029e+06 -5.414812370471762260e+05 -3.109464622262202320e+05 1.649917874638527865e+05 1.299557249298876559e+04 5.710930970808593556e+05 7.898513950589008629e+06 -7.707119909768791869e+06 1.468966934571772814e+06 1.167348078898520395e+07 1.000481218419949058e+06 6.559212900963951834e+05 2.048316119713553460e+06 1.688072977050114889e+06 1.131380215837643947e+06
6.133541801303118467e+06 1.927004388115831185e+06 1.587781252741596894e+06 1.596658998487966601e+05 -8.743771072634175653e+04 -7.527741154684207868e+04 4.350764240547707304e+05 -1.118978836789438792e+05 -3.276354873312337440e+05 1.111298136361292750e+07 4.115683702232317999e+06 8.488814011583942920e+04 1.000481218419949058e+06 7.268316313724961132e+06 2.536214569800781610e+05 -2.290563923688733194e+05 1.792694837434652727e+05 5.080682111576214666e+05
3.859535829715424916e+05 1.701218271004707552e+06 -5.736510974213721929e+05 1.564618014937638072e+05 5.527661943009281531e+05 -1.800566360315568745e+05 3.876170445335324621e+04 2.385878256078892446e+05 2.424801654049742210e+05 2.254252547278741549e+05 -5.161028116403702879e+05 -6.582552509198661028e+03 6.559212900963951834e+05 2.536214569800781610e+05 2.917336398031739052e+06 9.262021124381087720e+05 1.246402114638791245e+05 3.353748032813538448e+05
-5.884677936184281716e+05 4.281496059865762945e+05 -6.476139264976913109e+05 -6.817935893297952134e+04 -2.549174541948428378e+05 -2.878022801695847302e+05 7.945852972074212448e+04 3.557314284440717529e+03 1.522876915819474962e+05 -5.270489926488574594e+06 -3.837876943053533323e+06 1.166865172076173825e+06 2.048316119713553460e+06 -2.290563923688733194e+05 9.262021124381087720e+05 2.596406815163100138e+06 1.220048515006670263e+06 7.157195954652605578e+05
-1.071815199030937265e+03 3.158361045317282551e+05 3.690608726903201896e+05 7.081187439957509050e+05 -1.358916869147666148e+05 -1.975821001941137656e+05 9.713323372283694334e+04 2.608335693821157292e+03 6.034881810763238900e+04 -6.199629111941074021e+06 -1.552335498285652138e+06 -9.103744877036928665e+04 1.688072977050114889e+06 1.792694837434652727e+05 1.246402114638791245e+05 1.220048515006670263e+06 1.451459552284860285e+06 5.727141679808486952e+05
2.020253161477088695e+06 4.934363971907445230e+05 5.754347957930046832e+05 4.006817760842656717e+05 1.488157542520178831e+05 -1.308341895931082108e+05 -2.420700672609920002e+04 -5.562614660981319503e+03 5.645926478479053185e+04 2.066009135107987793e+06 -7.078804328026091680e+05 -4.323909491513546091e+05 1.131380215837643947e+06 5.080682111576214666e+05 3.353748032813538448e+05 7.157195954652605578e+05 5.727141679808486952e+05 6.210233575614861911e+05
