6.433035110627843440e+07 3.945001345253715757e+06 -4.380632856278491206e+06 -1.293717091286032926e+06 1.536813672459555091e+06 8.179925704750507139e+05 7.496875922493799590e+05 -3.947668526101701427e+05 1.589211408554699447e+05 1.536289504397011735e+07 7.360232060929630883e+06 7.718798021474969573e+05 1.367606204595384933e+07 -3.017307816900076810e+06 -3.435192749543107348e+05 1.729989803113889415e+06 -8.196174235698945122e+05 -5.441171794509295141e+05
3.945001345253715757e+06 3.190703388770509511e+07 7.150619033217746764e+06 1.135270789174098987e+06 -1.335858571942288429e+06 -5.185789178255232982e+05 -4.010589841215661181e+03 -5.639108161554479739e+05 -3.391705733215739019e+05 4.280684090991912037e+07 2.246929852387374267e+07 2.061721117891854420e+07 4.525499699148983695e+06 -1.629813214561785571e+06 -1.131307442058657063e+06 2.069895180362823419e+06 -4.216816827026021201e+05 1.423154286032458476e+05
-4.380632856278491206e+06 7.150619033217746764e+06 6.872328391331696883e+06 1.730207591254070867e+06 1.564789208845883550e+05 -4.145669143975182669e+04 1.568592768645998731e+05 8.295750850825138332e+04 -1.905108157900538354e+05 4.992253727319223806e+06 1.286666648611383885e+07 6.025654006616156548e+06 2.699055830718608922e+05 3.682399233497621608e+05 -1.191659999336566107e+05 2.445547025803015567e+05 -2.023884360924788925e+05 -4.725891526735798689e+05
-1.293717091286032926e+06 1.135270789174098987e+06 1.730207591254070867e+06 2.085550240679619834e+06 2.731395169054899598e+05 -3.133939086861198884e+05 4.621112422161974973e+04 1.554031274337696668e+05 -1.547264150947222079e+05 1.358252476645505812e+05 2.991531385788297746e+06 1.104853333193095634e+06 1.853647989325127797e+06 1.571248805961671053e+06 2.737253247569663217e+05 6.989410854629527603e+04 2.339636382813612581e+05 1.051443458719211485e+05
1.536813672459555091e+06 -1.335858571942288429e+06 1.564789208845883550e+05 2.731395169054899598e+05 9.212135031570201972e+05 7.982803547724694363e+04 -4.029907242030467023e+04 -6.761047128705725481e+04 -2.946679907896835357e+04 -5.068737268444775604e+06 -2.939301725189851713e+05 -8.509290044963263208e+05 6.759959324280875444e+04 1.084661247045228025e+06 5.681512318663707701e+05 -4.500785037602850352e+05 -3.061451760099990061e+05 -1.227359909423182107e+05
8.179925704750507139e+05 -5.185789178255232982e+05 -4.145669143975182669e+04 -3.133939086861198884e+05 7.982803547724694363e+04 4.530685455304565839e+05 1.746555273151480360e+05 6.844524663917599537e+04 6.010418007455796760e+04 1.181883574850986479e+06 3.487341645133472048e+05 -1.394557995241958648e+06 -1.056122270510057453e+06 2.688825168682569056e+05 5.215445901012127288e+05 -2.473012390417063216e+04 2.003130590387138363e+04 2.476111180964886444e+04
7.496875922493799590e+05 -4.010589841215661181e+03 1.568592768645998731e+05 4.621112422161974973e+04 -4.029907242030467023e+04 1.746555273151480360e+05 3.680400856017238111e+05 3.619090128881661076e+04 -4.152124362773671237e+03 1.571936968388382811e+06 4.325200735660453793e+05 -3.304809453538173111e+05 -2.032879041018714488e+05 1.115128286582343862e+05 5.075380974842565483e+05 2.037057864899465058e+05 -4.058826732822161284e+04 5.226494975372215413e+04
-3.947668526101701427e+05 -5.639108161554479739e+05 8.295750850825138332e+04 1.554031274337696668e+05 -6.761047128705725481e+04 6.844524663917599537e+04 3.619090128881661076e+04 1.580083616077169427e+05 5.618029842402597569e+04 5.259188076945224311e+05 1.088594168875544565e+06 -8.447715123316297540e+05 -3.456606459296044195e+05 1.698566909491003025e+05 1.206294930241748953e+05 2.224198117482076050e+05 1.458174198860135220e+05 -4.579478251257038210e+04
1.589211408554699447e+05 -3.391705733215739019e+05 -1.905108157900538354e+05 -1.547264150947222079e+05 -2.946679907896835357e+04 6.010418007455796760e+04 -4.152124362773671237e+03 5.618029842402597569e+04 9.954577150671467825e+04 -7.024008754818374291e+04 7.144753499382447626e+04 -6.287815905304698972e+05 -6.247179862999782199e+05 5.179861619468701974e+04 -1.898543700185623675e+04 5.948700109811199582e+03 4.055215380055343849e+04 -7.208641472779196420e+02
1.536289504397011735e+07 4.280684090991912037e+07 4.992253727319223806e+06 1.358252476645505812e+05 -5.068737268444775604e+06 1.181883574850986479e+06 1.571936968388382811e+06 5.259188076945224311e+05 -7.024008754818374291e+04 4.039114716347818971e+08 3.954627827340631932e+07 2.848532968991678674e+06 2.568536214321061224e+07 8.459711362542794086e+05 1.832157141541721299e+07 9.477391518309803680e+06 1.152265316596075892e+06 2.322954425966714974e+06
7.360232060929630883e+06 2.246929852387374267e+07 1.286666648611383885e+07 2.991531385788297746e+06 -2.939301725189851713e+05 3.487341645133472048e+05 4.325200735660453793e+05 1.088594168875544565e+06 7.144753499382447626e+04 3.954627827340631932e+07 6.318666981040648371e+07 7.480771378005523235e+06 1.398870832470869832e+07 5.148671290775836445e+06 2.656084490784547757e+06 3.362108451239498332e+06 1.614711887217902578e+06 -4.520685888101745513e+05
7.718798021474969573e+05 2.061721117891854420e+07 6.025654006616156548e+06 1.104853333193095634e+06 -8.509290044963263208e+05 -1.394557995241958648e+06 -3.304809453538173111e+05 -8.447715123316297540e+05 -6.287815905304698972e+05 2.848532968991678674e+06 7.480771378005523235e+06 2.614410954607775807e+07 1.412412925966438837e+06 -5.093759661910554394e+06 -5.546025118708740920e+06 1.289022065587819634e+04 -1.156375238013378112e+06 -7.454800152959690895e+05
1.367606204595384933e+07 4.525499699148983695e+06 2.699055830718608922e+05 1.853647989325127797e+06 6.759959324280875444e+04 -1.056122270510057453e+06 -2.032879041018714488e+05 -3.456606459296044195e+05 -6.247179862999782199e+05 2.568536214321061224e+07 1.398870832470869832e+07 1.412412925966438837e+06 2.266226986673106998e+07 3.019235775021065027e+06 -8.007994778783345828e+04 7.990401870001993375e+05 2.045669817549460800e+06 1.663019490698646288e+06
-3.017307816900076810e+06 -1.629813214561785571e+06 3.682399233497621608e+05 1.571248805961671053e+06 1.084661247045228025e+06 2.688825168682569056e+05 1.115128286582343862e+05 1.698566909491003025e+05 5.179861619468701974e+04 8.459711362542794086e+05 5.148671290775836445e+06 -5.093759661910554394e+06 3.019235775021065027e+06 6.346751451202759519e+06 2.547490027335941326e+06 -8.550825265927609289e+05 1.748797244172898936e+05 8.836898698985790834e+05
-3.435192749543107348e+05 -1.131307442058657063e+06 -1.191659999336566107e+05 2.737253247569663217e+05 5.681512318663707701e+05 5.215445901012127288e+05 5.075380974842565483e+05 1.206294930241748953e+05 -1.898543700185623675e+04 1.832157141541721299e+07 2.656084490784547757e+06 -5.546025118708740920e+06 -8.007994778783345828e+04 2.547490027335941326e+06 5.551517905232676305e+06 6.405346422064718790e+05 -4.173821118025672622e+05 2.688876059219836025e+05
1.729989803113889415e+06 2.069895180362823419e+06 2.445547025803015567e+05 6.989410854629527603e+04 -4.500785037602850352e+05 -2.473012390417063216e+04 2.037057864899465058e+05 2.224198117482076050e+05 5.948700109811199582e+03 9.477391518309803680e+06 3.362108451239498332e+06 1.289022065587819634e+04 7.990401870001993375e+05 -8.550825265927609289e+05 6.405346422064718790e+05 1.686957947054514429e+06 2.379377369218325766e+05 -1.155164250842338952e+05
-8.196174235698945122e+05 -4.216816827026021201e+05 -2.023884360924788925e+05 2.339636382813612581e+05 -3.061451760099990061e+05 2.003130590387138363e+04 -4.058826732822161284e+04 1.458174198860135220e+05 4.055215380055343849e+04 1.152265316596075892e+06 1.614711887217902578e+06 -1.156375238013378112e+06 2.045669817549460800e+06 1.748797244172898936e+05 -4.173821118025672622e+05 2.379377369218325766e+05 1.302176350692936219e+06 4.297972177804732928e+05
-5.441171794509295141e+05 1.423154286032458476e+05 -4.725891526735798689e+05 1.051443458719211485e+05 -1.227359909423182107e+05 2.476111180964886444e+04 5.226494975372215413e+04 -4.579478251257038210e+04 -7.208641472779196420e+02 2.322954425966714974e+06 -4.520685888101745513e+05 -7.454800152959690895e+05 1.663019490698646288e+06 8.836898698985790834e+05 2.688876059219836025e+05 -1.155164250842338952e+05 4.297972177804732928e+05 6.324741700137275038e+05
