2.698765253195424750e+07 8.218043729630494490e+06 -7.711725126014375128e+05 -1.433452855178298661e+06 -1.870523279713615077e+06 -9.419604598992404062e+05 -1.242675899855970172e+06 6.482444631122108549e+05 -5.148462078106545960e+05 3.577805164674375951e+07 2.547068333488911390e+06 -9.743986222594629973e+06 -2.642844544892797247e+06 4.567802393024836201e+05 9.470326476178246085e+05 -1.725767181137748412e+04 -6.050013970359634841e+05 6.906674511654330418e+05
8.218043729630494490e+06 3.114770013201445341e+07 2.913502580525685567e+06 4.209402799258540384e+06 -1.108288027865584299e+05 1.211527764612297527e+06 -9.335989905289910967e+05 5.952684701274618274e+05 1.805770068937304604e+05 1.669701547231472432e+04 1.652405889247924089e+06 -1.019435892866641842e+07 8.071038478971404023e+06 3.269361083642757032e+06 6.758039260483402759e+05 -3.256263794763951562e+06 3.631652816620671656e+05 -3.007241279222161975e+05
-7.711725126014375128e+05 2.913502580525685567e+06 3.725851132496479899e+06 -1.812476599493508547e+04 -6.507129267795622582e+05 -1.338797479757661640e+05 -4.436770351312494022e+05 -2.808539717473992496e+05 1.439665630453584163e+04 4.468133073476295918e+06 4.627200773978408426e+06 3.532306961709474213e+06 3.249237947860240936e+06 1.886817631092280615e+06 -7.135503667567810044e+05 1.563650821491018578e+05 6.177817873868648894e+05 3.998908362475924660e+05
-1.433452855178298661e+06 4.209402799258540384e+06 -1.812476599493508547e+04 3.723665038547225296e+06 4.765137210438476177e+05 5.949295151669331826e+05 2.359524092693080893e+05 2.505578400452721980e+05 1.022391455732001923e+05 -9.086589556050051004e+06 -3.713142936299202032e+06 1.241778323627023958e+06 3.978923621382076293e+06 1.171439921724377200e+06 1.226634775295148371e+06 -2.413828361092686246e+05 4.679547727159842034e+05 -4.709918545906514046e+05
-1.870523279713615077e+06 -1.108288027865584299e+05 -6.507129267795622582e+05 4.765137210438476177e+05 1.255737043561970349e+06 4.652224751424196293e+05 1.863213918658465263e+04 -1.508475857478715188e+05 -1.390072347946001719e+04 -9.386409900490676984e+06 1.511682903362256940e+06 -1.417874334471241804e+06 -2.108951179733730387e+05 -3.269234294809264247e+05 -1.645891780838068807e+05 -5.240560486843493709e+04 -9.440891183815243494e+03 -2.817570760633915197e+05
-9.419604598992404062e+05 1.211527764612297527e+06 -1.338797479757661640e+05 5.949295151669331826e+05 4.652224751424196293e+05 4.957760460499078035e+05 5.594498781520809280e+04 4.331815369527303119e+04 6.746360129484084609e+04 -5.619505634156856686e+06 -1.130747091874477221e+06 -4.740090378162411507e+05 1.880488904253455694e+05 6.002678304155685473e+05 4.859642612285408541e+05 -1.092340868097067578e+05 1.688198446135310223e+05 -9.764618280246922222e+04
-1.242675899855970172e+06 -9.335989905289910967e+05 -4.436770351312494022e+05 2.359524092693080893e+05 1.863213918658465263e+04 5.594498781520809280e+04 4.104777790299190674e+05 4.234816989821966854e+04 6.307571614605403738e+04 -1.424236965326087549e+06 -3.201350098281599581e+06 1.074561969266781671e+05 6.006585031648072181e+05 -1.027588986629868159e+05 1.940737139249416068e+05 1.967765667266790115e+04 6.266708480434231751e+04 4.341879328219712625e+04
6.482444631122108549e+05 5.952684701274618274e+05 -2.808539717473992496e+05 2.505578400452721980e+05 -1.508475857478715188e+05 4.331815369527303119e+04 4.234816989821966854e+04 2.025174418877904245e+05 -1.202738906312253448e+03 -7.716989971419398207e+05 -1.606711399721010588e+06 -2.493157762271779648e+05 -2.523663586071622558e+05 1.648335953799411654e+05 2.897033653584382846e+05 -4.673061616375084668e+03 -2.298138258731071983e+04 -3.230304614603012669e+04
-5.148462078106545960e+05 1.805770068937304604e+05 1.439665630453584163e+04 1.022391455732001923e+05 -1.390072347946001719e+04 6.746360129484084609e+04 6.307571614605403738e+04 -1.202738906312253448e+03 7.691213814371968328e+04 2.909093949795792578e+05 -7.687254002231196500e+05 1.587950834136427147e+05 -6.749639681068867503e+04 1.505938833845336630e+05 1.690816257142201939e+05 -2.590433963950767065e+04 4.036420441266684065e+04 3.734126996072695329e+04
3.577805164674375951e+07 1.669701547231472432e+04 4.468133073476295918e+06 -9.086589556050051004e+06 -9.386409900490676984e+06 -5.619505634156856686e+06 -1.424236965326087549e+06 -7.716989971419398207e+05 2.909093949795792578e+05 3.433683574040733576e+08 7.269741541524647176e+07 -9.897820950886923820e+06 -8.436624907359322533e+06 -1.937506905096284812e+06 -2.607588522248897236e+06 -2.100618724845858524e+05 -2.268041643022563774e+06 6.068260537813086994e+06
2.547068333488911390e+06 1.652405889247924089e+06 4.627200773978408426e+06 -3.713142936299202032e+06 1.511682903362256940e+06 -1.130747091874477221e+06 -3.201350098281599581e+06 -1.606711399721010588e+06 -7.687254002231196500e+05 7.269741541524647176e+07 9.321176053778511286e+07 -1.081290011698072962e+07 -7.354548394187283702e+05 8.613307557873153128e+05 -8.673405177293587476e+06 -5.785668973515916150e+04 -2.277998359830173198e+06 -2.243866339646863053e+05
-9.743986222594629973e+06 -1.019435892866641842e+07 3.532306961709474213e+06 1.241778323627023958e+06 -1.417874334471241804e+06 -4.740090378162411507e+05 1.074561969266781671e+05 -2.493157762271779648e+05 1.587950834136427147e+05 -9.897820950886923820e+06 -1.081290011698072962e+07 2.564537737726392969e+07 8.762821887306774734e+05 -5.521312096462245245e+04 1.822373118459692225e+06 8.391273589370017871e+05 1.603985721130671678e+06 -4.712093273470565910e+05
-2.642844544892797247e+06 8.071038478971404023e+06 3.249237947860240936e+06 3.978923621382076293e+06 -2.108951179733730387e+05 1.880488904253455694e+05 6.006585031648072181e+05 -2.523663586071622558e+05 -6.749639681068867503e+04 -8.436624907359322533e+06 -7.354548394187283702e+05 8.762821887306774734e+05 1.587893935990284197e+07 1.934419738902791403e+06 -1.024486652130126604e+06 -1.301868927006521262e+06 1.241563527522484539e+06 7.458156062251845142e+05
4.567802393024836201e+05 3.269361083642757032e+06 1.886817631092280615e+06 1.171439921724377200e+06 -3.269234294809264247e+05 6.002678304155685473e+05 -1.027588986629868159e+05 1.648335953799411654e+05 1.505938833845336630e+05 -1.937506905096284812e+06 8.613307557873153128e+05 -5.521312096462245245e+04 1.934419738902791403e+06 4.773072584668039344e+06 1.521496204841089435e+06 3.587445529375455808e+05 6.277780354448043508e+05 4.391305517957657576e+05
9.470326476178246085e+05 6.758039260483402759e+05 -7.135503667567810044e+05 1.226634775295148371e+06 -1.645891780838068807e+05 4.859642612285408541e+05 1.940737139249416068e+05 2.897033653584382846e+05 1.690816257142201939e+05 -2.607588522248897236e+06 -8.673405177293587476e+06 1.822373118459692225e+06 -1.024486652130126604e+06 1.521496204841089435e+06 2.953295709225582890e+06 2.069963269231441373e+05 5.117124676102495869e+05 -1.844669948116204177e+05
-1.725767181137748412e+04 -3.256263794763951562e+06 1.563650821491018578e+05 -2.413828361092686246e+05 -5.240560486843493709e+04 -1.092340868097067578e+05 1.967765667266790115e+04 -4.673061616375084668e+03 -2.590433963950767065e+04 -2.100618724845858524e+05 -5.785668973515916150e+04 8.391273589370017871e+05 -1.301868927006521262e+06 3.587445529375455808e+05 2.069963269231441373e+05 2.015421141175345518e+06 5.704251531857175287e+05 2.768828954287864617e+05
-6.050013970359634841e+05 3.631652816620671656e+05 6.177817873868648894e+05 4.679547727159842034e+05 -9.440891183815243494e+03 1.688198446135310223e+05 6.266708480434231751e+04 -2.298138258731071983e+04 4.036420441266684065e+04 -2.268041643022563774e+06 -2.277998359830173198e+06 1.603985721130671678e+06 1.241563527522484539e+06 6.277780354448043508e+05 5.117124676102495869e+05 5.704251531857175287e+05 9.130559068031680072e+05 3.266435276371508007e+04
6.906674511654330418e+05 -3.007241279222161975e+05 3.998908362475924660e+05 -4.709918545906514046e+05 -2.817570760633915197e+05 -9.764618280246922222e+04 4.341879328219712625e+04 -3.230304614603012669e+04 3.734126996072695329e+04 6.068260537813086994e+06 -2.243866339646863053e+05 -4.712093273470565910e+05 7.458156062251845142e+05 4.391305517957657576e+05 -1.844669948116204177e+05 2.768828954287864617e+05 3.266435276371508007e+04 9.382215636144499294e+05
