7.026405008487920463e+07 1.632145434252045816e+06 1.690568589609288611e+06 9.436507876339657232e+05 1.918739502582052024e+06 1.527238142518535256e+06 2.796427735863665584e+05 4.226807235511085019e+05 3.052839453866670374e+05 -2.693293462017423939e+06 -7.774926508296057582e+06 -1.741478184839030495e+06 1.422569822315745405e+05 5.041638729596010409e+06 -4.364517574868476950e+06 -2.896665330186083447e+06 7.129652260992758675e+05 -2.536223722248412203e+06
1.632145434252045816e+06 1.530738503633836843e+07 3.089400592061889824e+06 1.590088113023206126e+06 3.089103332272953703e+05 1.635500544430234295e+05 -3.506264528535818681e+05 -7.681620817759673810e+04 3.369702364020973910e+05 -1.024162504008371569e+07 1.533205326813698746e+07 3.083816143386577256e+06 -2.626523536601925269e+06 -1.125541219449718337e+05 -6.949948246261714958e+05 1.470676808450504672e+06 1.214727237907470902e+06 3.270499918191166944e+05
1.690568589609288611e+06 3.089400592061889824e+06 3.763601522275481373e+06 -3.195200845921121654e+05 3.694404618663171423e+05 3.238087785037335707e+05 1.366446431953243155e+05 -2.255027046696445905e+05 4.181868595281647686e+03 -3.114623213011724409e+06 5.907352722145792097e+06 -1.236964377725377679e+06 -2.135227576567930169e+06 1.980999178101487923e+05 4.118863962885860819e+05 3.023045410301323282e+05 -5.425109526939864736e+04 -3.768251963975164108e+05
9.436507876339657232e+05 1.590088113023206126e+06 -3.195200845921121654e+05 1.674342647107342258e+06 -1.936725526413698972e+05 -1.585072394110839814e+05 -1.877209314822907327e+05 1.456496356468162267e+05 -8.906773305336362682e+03 -1.462427431148499018e+06 2.069561771176978946e+06 4.200586933626192040e+05 6.737114148014903767e+05 -4.394168871674543334e+04 -3.108835293651359461e+04 5.895703160938894143e+05 -1.657984287182574917e+04 2.160694763021071558e+05
1.918739502582052024e+06 3.089103332272953703e+05 3.694404618663171423e+05 -1.936725526413698972e+05 7.915267564270695439e+05 3.910150686026546173e+05 2.625189893415555707e+04 -9.846204128696309635e+04 1.258228587004826259e+05 2.053055163020282751e+06 -2.848524121537310071e+06 -3.485435407363514969e+04 -1.118311807164229249e+05 4.193705182821852504e+05 3.112175624221879989e+05 1.344726784594886412e+05 -2.860019645029428066e+05 -3.715102685010082496e+04
1.527238142518535256e+06 1.635500544430234295e+05 3.238087785037335707e+05 -1.585072394110839814e+05 3.910150686026546173e+05 4.782020721218408435e+05 8.586259812540869461e+04 -8.996753076874617545e+04 4.114982724440301536e+04 1.762129693537051789e+06 -6.281996018538005883e+05 6.165802052651378326e+05 -2.235227867156256980e+05 5.380375517085434694e+04 2.204261593852773949e+05 4.012504101125984016e+04 -1.600752901535895362e+05 -1.393382902564847318e+05
2.796427735863665584e+05 -3.506264528535818681e+05 1.366446431953243155e+05 -1.877209314822907327e+05 2.625189893415555707e+04 8.586259812540869461e+04 3.135118219702958013e+05 5.344310314288917289e+04 2.073774597869044374e+04 -8.610519709356445819e+05 -8.946363670625225641e+05 -5.682313890710697742e+05 1.456130733194791246e+05 2.930334849597515131e+04 3.506254472892492777e+05 3.050675499556602517e+03 8.608034685931300919e+04 5.585725181321005948e+04
4.226807235511085019e+05 -7.681620817759673810e+04 -2.255027046696445905e+05 1.456496356468162267e+05 -9.846204128696309635e+04 -8.996753076874617545e+04 5.344310314288917289e+04 1.466673474959182495e+05 1.722227980156718695e+04 -2.093590273075404111e+06 -6.290826419205466518e+05 -2.885944288960184203e+05 -1.225372121487922559e+05 7.472337685777584556e+04 -3.136936288594852158e+04 -4.096197997283362201e+04 7.219875840418478765e+04 4.844953617060583201e+04
3.052839453866670374e+05 3.369702364020973910e+05 4.181868595281647686e+03 -8.906773305336362682e+03 1.258228587004826259e+05 4.114982724440301536e+04 2.073774597869044374e+04 1.722227980156718695e+04 1.106517607259757351e+05 -1.223704824313928140e+06 -1.205352458107032115e+06 5.755956372766554123e+05 -6.193394193636764976e+04 1.676729224076312967e+05 6.138506238915029098e+04 2.642928851486245094e+03 -8.091097205538803246e+04 1.138095918981790892e+05
-2.693293462017423939e+06 -1.024162504008371569e+07 -3.114623213011724409e+06 -1.462427431148499018e+06 2.053055163020282751e+06 1.762129693537051789e+06 -8.610519709356445819e+05 -2.093590273075404111e+06 -1.223704824313928140e+06 2.937049080229215026e+08 4.241617185009153187e+07 1.555719416902339831e+07 -7.117710660108599812e+06 -6.229102276250973810e+05 3.381768382089911494e+06 -1.176205966813862789e+06 -2.355000858330547926e+05 -8.373472324144663289e+05
-7.774926508296057582e+06 1.533205326813698746e+07 5.907352722145792097e+06 2.069561771176978946e+06 -2.848524121537310071e+06 -6.281996018538005883e+05 -8.946363670625225641e+05 -6.290826419205466518e+05 -1.205352458107032115e+06 4.241617185009153187e+07 9.500161301995700598e+07 9.016548664292203262e+06 -6.083205558931820095e+06 -4.353124008049059659e+06 1.892623930014133221e+06 8.341531045984633965e+04 4.992217453617646359e+06 -2.036765198036125803e+05
-1.741478184839030495e+06 3.083816143386577256e+06 -1.236964377725377679e+06 4.200586933626192040e+05 -3.485435407363514969e+04 6.165802052651378326e+05 -5.682313890710697742e+05 -2.885944288960184203e+05 5.755956372766554123e+05 1.555719416902339831e+07 9.016548664292203262e+06 2.315999587422334403e+07 -2.064401521610127063e+06 -2.642380558120386209e+06 -5.370179513488805387e+05 -9.196871000644899905e+05 -1.350815070396351628e+06 -6.413639942208091088e+04
1.422569822315745405e+05 -2.626523536601925269e+06 -2.135227576567930169e+06 6.737114148014903767e+05 -1.118311807164229249e+05 -2.235227867156256980e+05 1.456130733194791246e+05 -1.225372121487922559e+05 -6.193394193636764976e+04 -7.117710660108599812e+06 -6.083205558931820095e+06 -2.064401521610127063e+06 9.521715092943681404e+06 2.338480410959617700e+06 1.059218763362406520e+06 6.471936590277074138e+05 2.905808548206978594e+05 7.222714212851118064e+05
5.041638729596010409e+06 -1.125541219449718337e+05 1.980999178101487923e+05 -4.394168871674543334e+04 4.193705182821852504e+05 5.380375517085434694e+04 2.930334849597515131e+04 7.472337685777584556e+04 1.676729224076312967e+05 -6.229102276250973810e+05 -4.353124008049059659e+06 -2.642380558120386209e+06 2.338480410959617700e+06 3.524828359061148018e+06 5.180837613945157500e+05 4.410224452654147171e+04 7.106187370260363678e+05 6.483520896179963893e+04
-4.364517574868476950e+06 -6.949948246261714958e+05 4.118863962885860819e+05 -3.108835293651359461e+04 3.112175624221879989e+05 2.204261593852773949e+05 3.506254472892492777e+05 -3.136936288594852158e+04 6.138506238915029098e+04 3.381768382089911494e+06 1.892623930014133221e+06 -5.370179513488805387e+05 1.059218763362406520e+06 5.180837613945157500e+05 2.358187110446289647e+06 7.133977965217969904e+04 2.274437413895881036e+05 6.001716763212041697e+05
-2.896665330186083447e+06 1.470676808450504672e+06 3.023045410301323282e+05 5.895703160938894143e+05 1.344726784594886412e+05 4.012504101125984016e+04 3.050675499556602517e+03 -4.096197997283362201e+04 2.642928851486245094e+03 -1.176205966813862789e+06 8.341531045984633965e+04 -9.196871000644899905e+05 6.471936590277074138e+05 4.410224452654147171e+04 7.133977965217969904e+04 1.267379041256583994e+06 -8.639642623205781274e+04 1.428578376695869665e+05
7.129652260992758675e+05 1.214727237907470902e+06 -5.425109526939864736e+04 -1.657984287182574917e+04 -2.860019645029428066e+05 -1.600752901535895362e+05 8.608034685931300919e+04 7.219875840418478765e+04 -8.091097205538803246e+04 -2.355000858330547926e+05 4.992217453617646359e+06 -1.350815070396351628e+06 2.905808548206978594e+05 7.106187370260363678e+05 2.274437413895881036e+05 -8.639642623205781274e+04 1.231022560069055995e+06 8.223000952693201543e+04
-2.536223722248412203e+06 3.270499918191166944e+05 -3.768251963975164108e+05 2.160694763021071558e+05 -3.715102685010082496e+04 -1.393382902564847318e+05 5.585725181321005948e+04 4.844953617060583201e+04 1.138095918981790892e+05 -8.373472324144663289e+05 -2.036765198036125803e+05 -6.413639942208091088e+04 7.222714212851118064e+05 6.483520896179963893e+04 6.001716763212041697e+05 1.428578376695869665e+05 8.223000952693201543e+04 5.949665988688566722e+05
